# OPACITY Project tables
-2.61515e+00 4.42e+01
-2.27341e+00 1.50e+01
-2.07433e+00 8.04e+00
-1.93351e+00 5.16e+00
-1.82455e+00 3.67e+00
-1.73574e+00 2.78e+00
-1.66078e+00 2.20e+00
-1.59603e+00 1.79e+00
-1.53898e+00 1.50e+00
-1.48802e+00 1.28e+00
-1.44198e+00 1.11e+00
-1.40003e+00 9.72e-01
-1.36148e+00 8.62e-01
-1.32584e+00 7.72e-01
-1.29269e+00 6.96e-01
-1.26174e+00 6.32e-01
-1.23268e+00 5.77e-01
-1.20531e+00 5.30e-01
-1.17944e+00 4.89e-01
-1.15493e+00 4.53e-01
-1.13165e+00 4.22e-01
-1.10945e+00 3.94e-01
-1.08827e+00 3.69e-01
-1.06799e+00 3.46e-01
-1.04857e+00 3.26e-01
-1.02994e+00 3.07e-01
-1.01200e+00 2.91e-01
-9.94739e-01 2.76e-01
-9.78086e-01 2.62e-01
-9.62021e-01 2.49e-01
-9.46492e-01 2.37e-01
-9.31455e-01 2.27e-01
-9.16916e-01 2.17e-01
-9.02807e-01 2.07e-01
-8.89113e-01 1.99e-01
-8.75797e-01 1.91e-01
-8.62868e-01 1.83e-01
-8.50292e-01 1.76e-01
-8.38057e-01 1.70e-01
-8.26130e-01 1.63e-01
-8.14502e-01 1.58e-01
-8.03185e-01 1.52e-01
-7.92106e-01 1.47e-01
-7.81301e-01 1.42e-01
-7.70741e-01 1.38e-01
-7.60420e-01 1.33e-01
-7.50331e-01 1.29e-01
-7.40469e-01 1.25e-01
-7.30787e-01 1.22e-01
-7.21320e-01 1.18e-01
-7.12045e-01 1.15e-01
-7.02955e-01 1.16e-01
-6.94048e-01 1.13e-01
-6.85298e-01 1.10e-01
-6.76723e-01 1.07e-01
-6.68298e-01 1.05e-01
-6.60041e-01 1.02e-01
-6.51909e-01 9.94e-02
-6.43938e-01 9.70e-02
-6.28390e-01 9.25e-02
-6.13357e-01 8.83e-02
-5.98801e-01 8.44e-02
-5.84687e-01 8.08e-02
-5.71018e-01 7.75e-02
-5.57725e-01 7.44e-02
-5.44831e-01 7.15e-02
-5.32288e-01 6.88e-02
-5.20085e-01 6.63e-02
-5.08196e-01 6.39e-02
-4.96610e-01 6.16e-02
-4.85320e-01 5.95e-02
-4.74301e-01 5.75e-02
-4.63545e-01 5.57e-02
-4.53044e-01 5.39e-02
-4.42778e-01 5.22e-02
-4.32739e-01 5.06e-02
-4.22922e-01 4.91e-02
-4.13321e-01 4.77e-02
-4.03901e-01 4.63e-02
-3.94688e-01 4.50e-02
-3.85662e-01 4.38e-02
-3.76819e-01 4.26e-02
-3.68126e-01 4.14e-02
-3.59622e-01 4.04e-02
-3.51261e-01 3.93e-02
-3.43054e-01 3.84e-02
-3.34997e-01 3.74e-02
-3.27088e-01 3.65e-02
-3.19310e-01 3.56e-02
-3.11661e-01 3.48e-02
-3.04150e-01 3.40e-02
-2.96750e-01 3.32e-02
-2.89484e-01 3.25e-02
-2.82323e-01 3.18e-02
-2.75279e-01 3.11e-02
-2.68350e-01 3.04e-02
-2.61521e-01 2.98e-02
-2.54802e-01 2.92e-02
-2.48167e-01 2.86e-02
-2.41639e-01 2.80e-02
-2.35203e-01 2.74e-02
-2.28860e-01 2.69e-02
-2.22606e-01 2.64e-02
-2.16441e-01 2.59e-02
-2.10363e-01 2.54e-02
-2.04359e-01 2.49e-02
-1.98439e-01 2.45e-02
-1.92590e-01 2.40e-02
-1.86824e-01 2.36e-02
-1.81126e-01 2.32e-02
-1.75509e-01 2.28e-02
-1.69958e-01 2.24e-02
-1.64474e-01 2.20e-02
-1.59054e-01 2.16e-02
-1.53699e-01 2.13e-02
-1.48407e-01 2.09e-02
-1.43189e-01 2.06e-02
-1.38021e-01 2.03e-02
-1.32914e-01 2.00e-02
-1.27867e-01 1.96e-02
-1.22868e-01 1.93e-02
-1.17928e-01 1.91e-02
-1.13057e-01 1.88e-02
-1.08220e-01 1.85e-02
-1.03440e-01 1.82e-02
-9.87160e-02 1.79e-02
-9.40360e-02 1.77e-02
-8.94106e-02 1.74e-02
-8.48283e-02 1.72e-02
-8.02994e-02 1.70e-02
-7.58125e-02 1.67e-02
-7.13671e-02 1.65e-02
-6.69735e-02 1.63e-02
-6.26097e-02 1.60e-02
-5.82967e-02 1.58e-02
-5.40233e-02 1.56e-02
-4.97997e-02 1.54e-02
-4.56042e-02 1.52e-02
-4.14576e-02 1.50e-02
-3.73385e-02 1.48e-02
-3.32673e-02 1.47e-02
-2.92229e-02 1.45e-02
-2.52255e-02 1.43e-02
-2.12543e-02 1.41e-02
-1.73293e-02 1.40e-02
-1.34298e-02 1.38e-02
-9.56560e-03 1.36e-02
-5.73642e-03 1.35e-02
-1.94188e-03 1.33e-02
1.79838e-03 1.32e-02
5.58438e-03 1.30e-02
9.25702e-03 1.29e-02
1.29162e-02 1.27e-02
1.65621e-02 1.26e-02
2.01947e-02 1.24e-02
2.38142e-02 1.23e-02
2.73233e-02 1.22e-02
3.08201e-02 1.20e-02
3.43048e-02 1.19e-02
3.77774e-02 1.18e-02
4.12379e-02 1.17e-02
4.46865e-02 1.16e-02
4.80280e-02 1.14e-02
5.14533e-02 1.13e-02
5.47722e-02 1.12e-02
5.80802e-02 1.11e-02
6.13773e-02 1.10e-02
6.46635e-02 1.09e-02
6.78455e-02 1.08e-02
7.11106e-02 1.07e-02
7.42722e-02 1.06e-02
7.74239e-02 1.05e-02
8.06579e-02 1.04e-02
8.37895e-02 1.03e-02
8.68197e-02 1.02e-02
8.99321e-02 1.01e-02
9.30349e-02 1.00e-02
9.60372e-02 9.93e-03
9.90305e-02 9.85e-03
1.02015e-01 9.76e-03
1.05080e-01 9.68e-03
1.07957e-01 9.60e-03
1.10915e-01 9.52e-03
1.13864e-01 9.44e-03
1.16805e-01 9.37e-03
1.19648e-01 9.29e-03
1.22483e-01 9.22e-03
1.25398e-01 9.15e-03
1.28217e-01 9.08e-03
1.31028e-01 9.01e-03
1.33831e-01 8.94e-03
1.36539e-01 8.88e-03
1.39327e-01 8.81e-03
1.42107e-01 8.75e-03
1.44793e-01 8.69e-03
1.47471e-01 8.62e-03
1.50229e-01 8.57e-03
1.52893e-01 8.51e-03
1.55550e-01 8.45e-03
1.58200e-01 8.40e-03
1.60757e-01 8.34e-03
1.63394e-01 8.29e-03
1.66023e-01 8.24e-03
1.68561e-01 8.19e-03
1.71176e-01 8.14e-03
1.73701e-01 8.09e-03
1.76220e-01 8.05e-03
1.78732e-01 8.00e-03
1.81321e-01 7.96e-03
1.83737e-01 7.92e-03
1.86231e-01 7.88e-03
1.88718e-01 7.84e-03
1.91199e-01 7.80e-03
1.93591e-01 7.76e-03
1.96060e-01 7.72e-03
1.98441e-01 7.69e-03
2.00898e-01 7.66e-03
2.03267e-01 7.62e-03
2.05631e-01 7.59e-03
2.07989e-01 7.56e-03
2.10342e-01 7.54e-03
2.12689e-01 7.51e-03
2.15031e-01 7.49e-03
2.17286e-01 7.46e-03
2.19617e-01 7.44e-03
2.21943e-01 7.42e-03
2.24183e-01 7.40e-03
2.34281e-01 7.34e-03
2.42005e-01 7.32e-03
2.49591e-01 7.32e-03
2.53867e-01 7.34e-03
2.55959e-01 7.35e-03
2.58047e-01 7.36e-03
2.60208e-01 7.38e-03
2.62287e-01 7.40e-03
2.64362e-01 7.42e-03
2.66433e-01 7.45e-03
2.68499e-01 7.48e-03
2.70561e-01 7.51e-03
2.72619e-01 7.55e-03
2.74597e-01 7.59e-03
2.76646e-01 7.64e-03
2.78692e-01 7.69e-03
2.80657e-01 7.74e-03
2.82695e-01 7.80e-03
2.84652e-01 7.87e-03
2.86606e-01 7.94e-03
2.88632e-01 8.02e-03
2.90578e-01 8.10e-03
2.92520e-01 8.19e-03
2.94459e-01 8.29e-03
2.96394e-01 8.40e-03
2.98325e-01 8.51e-03
3.00253e-01 8.63e-03
3.02177e-01 8.77e-03
3.04097e-01 8.91e-03
3.05939e-01 9.07e-03
3.07852e-01 9.24e-03
3.09762e-01 9.42e-03
3.11594e-01 9.61e-03
3.13496e-01 9.83e-03
3.15322e-01 1.01e-02
3.17144e-01 1.03e-02
3.19035e-01 1.06e-02
3.20851e-01 1.09e-02
3.22663e-01 1.12e-02
3.24472e-01 1.15e-02
3.26278e-01 1.19e-02
3.28080e-01 1.23e-02
3.29879e-01 1.28e-02
3.30813e-01 1.30e-02
3.32608e-01 1.36e-02
3.34399e-01 1.41e-02
3.35257e-01 1.44e-02
3.36115e-01 1.48e-02
3.37044e-01 1.51e-02
3.37900e-01 1.55e-02
3.38827e-01 1.59e-02
3.39681e-01 1.63e-02
3.40535e-01 1.67e-02
3.41389e-01 1.71e-02
3.42312e-01 1.76e-02
3.43164e-01 1.81e-02
3.44015e-01 1.87e-02
3.44936e-01 1.93e-02
3.45786e-01 1.99e-02
3.46635e-01 2.05e-02
3.47483e-01 2.12e-02
3.48330e-01 2.20e-02
3.49247e-01 2.28e-02
3.50093e-01 2.37e-02
3.50939e-01 2.46e-02
3.51783e-01 2.57e-02
3.52627e-01 2.68e-02
3.53470e-01 2.80e-02
3.54382e-01 2.93e-02
3.55224e-01 3.08e-02
3.56065e-01 3.24e-02
3.56905e-01 3.42e-02
3.57744e-01 3.62e-02
3.58583e-01 3.84e-02
3.59421e-01 4.09e-02
3.60259e-01 4.38e-02
3.61095e-01 4.69e-02
3.61931e-01 5.06e-02
3.62766e-01 5.48e-02
3.63601e-01 5.94e-02
3.64435e-01 6.48e-02
3.65268e-01 7.08e-02
3.66100e-01 7.73e-02
3.66932e-01 8.42e-02
3.67763e-01 9.17e-02
3.68594e-01 9.89e-02
3.69354e-01 1.06e-01
3.70183e-01 1.13e-01
3.71012e-01 1.19e-01
3.71839e-01 1.25e-01
3.72666e-01 1.29e-01
3.73493e-01 1.34e-01
3.74318e-01 1.37e-01
3.75075e-01 1.40e-01
3.75899e-01 1.43e-01
3.76723e-01 1.46e-01
3.78299e-01 1.50e-01
3.79942e-01 1.55e-01
3.81514e-01 1.59e-01
3.83151e-01 1.63e-01
3.83969e-01 1.66e-01
3.84718e-01 1.69e-01
3.85534e-01 1.73e-01
3.86282e-01 1.77e-01
3.87097e-01 1.82e-01
3.87912e-01 1.87e-01
3.88658e-01 1.92e-01
3.89471e-01 1.99e-01
3.90284e-01 2.06e-01
3.91028e-01 2.13e-01
3.91839e-01 2.21e-01
3.92582e-01 2.30e-01
3.94134e-01 2.47e-01
3.94943e-01 2.55e-01
3.95684e-01 2.63e-01
3.96492e-01 2.69e-01
3.97231e-01 2.75e-01
3.98038e-01 2.79e-01
3.98776e-01 2.82e-01
3.99581e-01 7.29e-02
4.00319e-01 7.27e-02
4.01122e-01 7.24e-02
4.01859e-01 7.19e-02
4.03396e-01 7.04e-02
4.04131e-01 6.95e-02
4.05665e-01 6.75e-02
4.06465e-01 6.65e-02
4.07929e-01 6.47e-02
4.08726e-01 6.39e-02
4.09457e-01 6.31e-02
4.10187e-01 6.24e-02
4.10983e-01 6.18e-02
4.11712e-01 6.12e-02
4.13169e-01 6.03e-02
4.14689e-01 5.95e-02
4.16141e-01 5.90e-02
4.17657e-01 5.85e-02
4.19105e-01 5.80e-02
4.20616e-01 5.75e-02
4.22060e-01 5.70e-02
4.23501e-01 5.63e-02
4.24221e-01 5.59e-02
4.25725e-01 5.48e-02
4.26444e-01 5.42e-02
4.27161e-01 5.35e-02
4.27879e-01 5.27e-02
4.28596e-01 5.18e-02
4.30028e-01 5.00e-02
4.30743e-01 4.90e-02
4.31458e-01 4.81e-02
4.32886e-01 4.65e-02
4.33599e-01 4.58e-02
4.34312e-01 4.52e-02
4.35024e-01 4.46e-02
4.35736e-01 4.41e-02
4.37158e-01 4.32e-02
4.37868e-01 4.28e-02
4.39287e-01 4.22e-02
4.40704e-01 4.16e-02
4.42118e-01 4.12e-02
4.43467e-01 4.08e-02
4.44878e-01 4.04e-02
4.46287e-01 4.01e-02
4.47630e-01 3.98e-02
4.49035e-01 3.95e-02
4.50438e-01 3.93e-02
4.51776e-01 3.90e-02
4.53175e-01 3.88e-02
4.54509e-01 3.86e-02
4.55841e-01 3.84e-02
4.57235e-01 3.83e-02
4.58563e-01 3.81e-02
4.59953e-01 3.79e-02
4.61278e-01 3.78e-02
4.62601e-01 3.76e-02
4.63923e-01 3.74e-02
4.65305e-01 3.73e-02
4.66623e-01 3.72e-02
4.67939e-01 3.70e-02
4.69253e-01 3.69e-02
4.70566e-01 3.67e-02
4.71877e-01 3.66e-02
4.73186e-01 3.65e-02
4.74494e-01 3.64e-02
4.75799e-01 3.62e-02
4.77103e-01 3.61e-02
4.78406e-01 3.60e-02
4.79706e-01 3.59e-02
4.80944e-01 3.58e-02
4.82241e-01 3.56e-02
4.83537e-01 3.55e-02
4.84831e-01 3.54e-02
4.86062e-01 3.53e-02
4.87352e-01 3.52e-02
4.88641e-01 3.51e-02
4.89868e-01 3.50e-02
4.91153e-01 3.49e-02
4.92376e-01 3.47e-02
4.93659e-01 3.46e-02
4.94879e-01 3.45e-02
4.96159e-01 3.44e-02
4.97376e-01 3.43e-02
4.98591e-01 3.42e-02
4.99866e-01 3.41e-02
5.01078e-01 3.40e-02
5.02289e-01 3.39e-02
5.03559e-01 3.38e-02
5.04767e-01 3.37e-02
5.05974e-01 3.36e-02
5.07179e-01 3.35e-02
5.08383e-01 3.34e-02
5.09645e-01 3.33e-02
5.10846e-01 3.32e-02
5.12045e-01 3.31e-02
5.12644e-01 3.34e-02
5.13841e-01 3.33e-02
5.15037e-01 3.32e-02
5.16231e-01 3.31e-02
5.17424e-01 3.30e-02
5.18615e-01 3.29e-02
5.19746e-01 3.27e-02
5.20934e-01 3.26e-02
5.22122e-01 3.25e-02
5.23307e-01 3.24e-02
5.24492e-01 3.23e-02
5.25616e-01 3.22e-02
5.26797e-01 3.21e-02
5.27978e-01 3.20e-02
5.29157e-01 3.19e-02
5.30275e-01 3.18e-02
5.31451e-01 3.17e-02
5.32568e-01 3.16e-02
5.33741e-01 3.15e-02
5.34855e-01 3.14e-02
5.36025e-01 3.13e-02
5.37136e-01 3.12e-02
5.38305e-01 3.11e-02
5.39413e-01 3.10e-02
5.40579e-01 3.09e-02
5.41685e-01 3.08e-02
5.42789e-01 3.07e-02
5.43951e-01 3.06e-02
5.45053e-01 3.05e-02
5.46154e-01 3.04e-02
5.47312e-01 3.03e-02
5.48410e-01 3.02e-02
5.49508e-01 3.02e-02
5.50604e-01 3.01e-02
5.51699e-01 3.00e-02
5.52850e-01 2.99e-02
5.53943e-01 2.98e-02
5.55034e-01 2.97e-02
5.56124e-01 2.96e-02
5.57213e-01 2.95e-02
5.58301e-01 2.94e-02
5.59387e-01 2.94e-02
5.60473e-01 2.93e-02
5.61557e-01 2.92e-02
5.62640e-01 2.91e-02
5.63722e-01 2.90e-02
5.64745e-01 2.89e-02
5.65825e-01 2.88e-02
5.66903e-01 2.88e-02
5.67981e-01 2.87e-02
5.69057e-01 2.86e-02
5.70075e-01 2.85e-02
5.71149e-01 2.84e-02
5.72222e-01 2.83e-02
5.73293e-01 2.83e-02
5.74307e-01 2.82e-02
5.75377e-01 2.81e-02
5.76445e-01 2.80e-02
5.77456e-01 2.79e-02
5.78522e-01 2.79e-02
5.79530e-01 2.78e-02
5.80594e-01 2.77e-02
5.81601e-01 2.76e-02
5.82662e-01 2.76e-02
5.83667e-01 2.75e-02
5.84726e-01 2.74e-02
5.85729e-01 2.73e-02
5.86786e-01 2.72e-02
5.87787e-01 2.72e-02
5.88786e-01 2.71e-02
5.89840e-01 2.70e-02
5.90838e-01 2.69e-02
5.91834e-01 2.69e-02
5.92885e-01 2.68e-02
5.93879e-01 2.67e-02
5.94873e-01 2.67e-02
5.95865e-01 2.66e-02
5.96857e-01 2.65e-02
5.97902e-01 2.64e-02
5.98891e-01 2.64e-02
5.99880e-01 2.63e-02
6.00867e-01 2.62e-02
6.01854e-01 2.62e-02
6.02839e-01 2.61e-02
6.03824e-01 2.60e-02
6.04808e-01 2.59e-02
6.05790e-01 2.59e-02
6.06772e-01 2.58e-02
6.07753e-01 2.57e-02
6.08732e-01 2.57e-02
6.09711e-01 2.56e-02
6.10689e-01 2.55e-02
6.11666e-01 2.55e-02
6.12642e-01 2.54e-02
6.13617e-01 2.53e-02
6.14591e-01 2.53e-02
6.15510e-01 2.52e-02
6.16482e-01 2.51e-02
6.17453e-01 2.51e-02
6.18424e-01 2.50e-02
6.19339e-01 2.49e-02
6.20308e-01 2.49e-02
6.21275e-01 2.48e-02
6.22242e-01 2.48e-02
6.23154e-01 2.47e-02
6.24119e-01 2.46e-02
6.25082e-01 2.46e-02
6.25992e-01 2.45e-02
6.26954e-01 2.44e-02
6.27862e-01 2.44e-02
6.28822e-01 2.43e-02
6.29728e-01 2.43e-02
6.30686e-01 2.42e-02
6.31591e-01 2.41e-02
6.32548e-01 2.41e-02
6.33450e-01 2.40e-02
6.34405e-01 2.39e-02
6.35306e-01 2.39e-02
6.36259e-01 2.38e-02
6.37159e-01 2.38e-02
6.38110e-01 2.37e-02
6.39008e-01 2.37e-02
6.39905e-01 2.36e-02
6.40853e-01 2.35e-02
6.41749e-01 2.35e-02
6.42643e-01 2.34e-02
6.43537e-01 2.34e-02
6.44482e-01 2.33e-02
6.45374e-01 2.33e-02
6.46265e-01 2.32e-02
6.47156e-01 2.31e-02
6.48098e-01 2.31e-02
6.48986e-01 2.30e-02
6.49874e-01 2.30e-02
6.50761e-01 2.29e-02
6.51648e-01 2.29e-02
6.52533e-01 2.28e-02
6.53418e-01 2.27e-02
6.54302e-01 2.27e-02
6.55186e-01 2.26e-02
6.56120e-01 2.26e-02
6.57002e-01 2.25e-02
6.57883e-01 2.25e-02
6.58763e-01 2.24e-02
6.59642e-01 2.24e-02
6.60469e-01 2.23e-02
6.61347e-01 2.23e-02
6.62224e-01 2.22e-02
6.63100e-01 2.22e-02
6.63976e-01 2.21e-02
6.64851e-01 2.21e-02
6.65725e-01 2.20e-02
6.66598e-01 2.20e-02
6.67470e-01 2.19e-02
6.68291e-01 2.19e-02
6.69162e-01 2.18e-02
6.70032e-01 2.17e-02
6.70902e-01 2.17e-02
6.71719e-01 2.16e-02
6.72587e-01 2.16e-02
6.73455e-01 2.15e-02
6.74321e-01 2.15e-02
6.75136e-01 2.14e-02
6.76001e-01 2.14e-02
6.76865e-01 2.14e-02
6.77678e-01 2.13e-02
6.78541e-01 2.13e-02
6.79403e-01 2.12e-02
6.80214e-01 2.12e-02
6.81075e-01 2.11e-02
6.81884e-01 2.11e-02
6.82743e-01 2.10e-02
6.83551e-01 2.10e-02
6.84409e-01 2.09e-02
6.85266e-01 2.09e-02
6.86072e-01 2.08e-02
6.86878e-01 2.08e-02
6.87733e-01 2.07e-02
6.88537e-01 2.07e-02
6.89390e-01 2.06e-02
6.90193e-01 2.06e-02
6.91045e-01 2.05e-02
6.91846e-01 2.05e-02
6.92647e-01 2.05e-02
6.93497e-01 2.04e-02
6.94297e-01 2.04e-02
6.95145e-01 2.03e-02
6.95943e-01 2.03e-02
6.96741e-01 2.02e-02
6.97538e-01 2.02e-02
6.98383e-01 2.01e-02
6.99179e-01 2.01e-02
6.99974e-01 2.01e-02
7.00818e-01 2.00e-02
7.01611e-01 2.00e-02
7.02404e-01 1.99e-02
7.03197e-01 1.99e-02
7.03988e-01 1.98e-02
7.04829e-01 1.98e-02
7.05619e-01 1.98e-02
7.06409e-01 1.97e-02
7.07198e-01 1.97e-02
7.07987e-01 1.96e-02
7.08774e-01 1.96e-02
7.09562e-01 1.95e-02
7.10348e-01 1.95e-02
7.11134e-01 1.95e-02
7.11920e-01 1.94e-02
7.12754e-01 1.94e-02
7.13538e-01 1.93e-02
7.14321e-01 1.93e-02
7.15104e-01 1.92e-02
7.15887e-01 1.92e-02
7.16668e-01 1.92e-02
7.17401e-01 1.91e-02
7.18181e-01 1.91e-02
7.18961e-01 1.90e-02
7.19740e-01 1.90e-02
7.20519e-01 1.90e-02
7.21297e-01 1.89e-02
7.22075e-01 1.89e-02
7.22852e-01 1.88e-02
7.23628e-01 1.88e-02
7.24404e-01 1.88e-02
7.25130e-01 1.87e-02
7.25905e-01 1.87e-02
7.26679e-01 1.87e-02
7.27452e-01 1.86e-02
7.28225e-01 1.86e-02
7.28949e-01 1.85e-02
7.29720e-01 1.85e-02
7.30491e-01 1.85e-02
7.31262e-01 1.84e-02
7.31983e-01 1.84e-02
7.32752e-01 1.83e-02
7.33521e-01 1.83e-02
7.34241e-01 1.83e-02
7.35009e-01 1.82e-02
7.35776e-01 1.82e-02
7.36494e-01 1.82e-02
7.37260e-01 1.81e-02
7.38025e-01 1.81e-02
7.38742e-01 1.81e-02
7.39506e-01 1.80e-02
7.40222e-01 1.80e-02
7.40985e-01 1.79e-02
7.41747e-01 1.79e-02
7.42461e-01 1.79e-02
7.60292e-01 1.70e-02
7.78177e-01 1.62e-02
7.96110e-01 1.54e-02
8.14036e-01 1.47e-02
8.32039e-01 1.40e-02
8.50023e-01 1.33e-02
8.67940e-01 1.27e-02
8.85873e-01 1.21e-02
9.03773e-01 1.15e-02
9.21597e-01 1.10e-02
9.39382e-01 1.04e-02
9.57586e-01 9.93e-03
9.75729e-01 9.44e-03
9.93733e-01 8.98e-03
1.01167e+00 8.55e-03
1.02998e+00 8.13e-03
1.04813e+00 7.73e-03
1.06657e+00 7.34e-03
1.08492e+00 6.98e-03
1.10310e+00 6.63e-03
1.12158e+00 6.30e-03
1.13991e+00 5.98e-03
1.15852e+00 5.68e-03
1.17730e+00 5.39e-03
1.19598e+00 5.12e-03
1.21485e+00 4.85e-03
1.23364e+00 4.60e-03
1.25262e+00 4.36e-03
1.27178e+00 4.13e-03
1.29086e+00 3.92e-03
1.31014e+00 3.71e-03
1.32964e+00 3.51e-03
1.34909e+00 3.32e-03
1.36874e+00 3.14e-03
1.38864e+00 2.97e-03
1.40876e+00 2.80e-03
1.42890e+00 2.65e-03
1.44929e+00 2.50e-03
1.46999e+00 2.36e-03
1.49074e+00 2.22e-03
1.51185e+00 2.09e-03
1.53308e+00 1.97e-03
1.55471e+00 1.85e-03
1.57650e+00 1.74e-03
1.59882e+00 1.63e-03
1.62141e+00 1.53e-03
1.64432e+00 1.43e-03
1.66790e+00 1.33e-03
1.69196e+00 1.24e-03
1.71657e+00 1.16e-03
1.74183e+00 1.08e-03
1.76789e+00 9.99e-04
1.79514e+00 9.23e-04
1.82348e+00 8.50e-04
1.85317e+00 7.80e-04
1.88479e+00 7.12e-04
1.91914e+00 6.44e-04
1.95763e+00 5.76e-04
2.00437e+00 5.02e-04
2.14161e+00 3.37e-04
2.15537e+00 3.23e-04
2.16449e+00 3.15e-04
2.17053e+00 3.09e-04
2.17325e+00 3.07e-04
2.17393e+00 3.06e-04
2.17463e+00 3.06e-04
2.17531e+00 3.05e-04
2.17600e+00 3.04e-04
2.17669e+00 3.04e-04
2.17740e+00 3.03e-04
2.17809e+00 3.03e-04
2.17879e+00 3.02e-04
2.17949e+00 3.01e-04
2.18019e+00 3.01e-04
2.18089e+00 3.00e-04
2.18160e+00 2.99e-04
2.18231e+00 2.99e-04
2.18302e+00 2.98e-04
2.18373e+00 2.98e-04
2.18444e+00 2.97e-04
2.18516e+00 2.96e-04
2.18588e+00 2.96e-04
2.18660e+00 2.95e-04
2.18732e+00 2.94e-04
2.18805e+00 2.94e-04
2.18878e+00 2.93e-04
2.18951e+00 2.93e-04
2.19023e+00 2.92e-04
2.19096e+00 2.91e-04
2.19170e+00 2.91e-04
2.19244e+00 2.90e-04
2.19317e+00 2.89e-04
2.19392e+00 2.89e-04
2.19465e+00 2.88e-04
2.19540e+00 2.88e-04
2.19615e+00 2.87e-04
2.19690e+00 2.86e-04
2.19766e+00 2.86e-04
2.19841e+00 2.85e-04
2.19917e+00 2.84e-04
2.19992e+00 2.84e-04
2.20069e+00 2.83e-04
2.20145e+00 2.83e-04
2.20221e+00 2.82e-04
2.20299e+00 2.81e-04
2.20376e+00 2.81e-04
2.20453e+00 2.80e-04
2.20530e+00 2.79e-04
2.20609e+00 2.79e-04
2.20687e+00 2.78e-04
2.20765e+00 2.77e-04
2.20843e+00 2.77e-04
2.20922e+00 2.76e-04
2.21001e+00 2.76e-04
2.21081e+00 2.75e-04
2.21160e+00 2.74e-04
2.21240e+00 2.74e-04
2.21320e+00 2.73e-04
2.21401e+00 2.72e-04
2.21481e+00 2.72e-04
2.21562e+00 2.71e-04
2.21643e+00 2.70e-04
2.21725e+00 2.70e-04
2.21806e+00 2.69e-04
2.21889e+00 2.69e-04
2.21971e+00 2.68e-04
2.22054e+00 2.67e-04
2.22136e+00 2.67e-04
2.22220e+00 2.66e-04
2.22303e+00 2.65e-04
2.22387e+00 2.65e-04
2.22471e+00 2.64e-04
2.22555e+00 2.63e-04
2.22641e+00 2.63e-04
2.22725e+00 2.62e-04
2.22811e+00 2.61e-04
2.22896e+00 2.61e-04
2.22982e+00 2.60e-04
2.23068e+00 2.59e-04
2.23155e+00 2.59e-04
2.23242e+00 2.58e-04
2.23329e+00 2.57e-04
2.23417e+00 2.57e-04
2.23504e+00 2.56e-04
2.23593e+00 2.56e-04
2.23681e+00 2.55e-04
2.23771e+00 2.54e-04
2.23859e+00 2.54e-04
2.23950e+00 2.53e-04
2.24039e+00 2.52e-04
2.24129e+00 2.52e-04
2.24220e+00 2.51e-04
2.24311e+00 2.50e-04
2.24402e+00 2.50e-04
2.24495e+00 2.49e-04
2.24587e+00 2.48e-04
2.24679e+00 2.48e-04
2.24772e+00 2.47e-04
2.24866e+00 2.46e-04
2.24960e+00 2.46e-04
2.25053e+00 2.45e-04
2.25148e+00 2.44e-04
2.25243e+00 2.44e-04
2.25338e+00 2.43e-04
2.25434e+00 2.42e-04
2.25529e+00 2.41e-04
2.25627e+00 2.41e-04
2.25723e+00 2.40e-04
2.25820e+00 2.39e-04
2.25919e+00 2.39e-04
2.26017e+00 2.38e-04
2.26116e+00 2.37e-04
2.26215e+00 2.37e-04
2.26315e+00 2.36e-04
2.26415e+00 2.35e-04
2.26515e+00 2.35e-04
2.26616e+00 2.34e-04
2.26718e+00 2.33e-04
2.26820e+00 2.33e-04
2.26922e+00 2.32e-04
2.27026e+00 2.31e-04
2.27129e+00 2.30e-04
2.27233e+00 2.30e-04
2.27337e+00 2.29e-04
2.27442e+00 2.28e-04
2.27548e+00 2.28e-04
2.27654e+00 2.27e-04
2.27761e+00 2.26e-04
2.27868e+00 2.26e-04
2.27976e+00 2.25e-04
2.28084e+00 2.24e-04
2.28193e+00 2.23e-04
2.28303e+00 2.23e-04
2.28413e+00 2.22e-04
2.28523e+00 2.21e-04
2.28634e+00 2.21e-04
2.28746e+00 2.20e-04
2.28858e+00 2.19e-04
2.28971e+00 2.18e-04
2.29085e+00 2.18e-04
2.29199e+00 2.17e-04
2.29314e+00 2.16e-04
2.29429e+00 2.16e-04
2.29546e+00 2.15e-04
2.29663e+00 2.14e-04
2.29780e+00 2.13e-04
2.29898e+00 2.13e-04
2.30017e+00 2.12e-04
2.30136e+00 2.11e-04
2.30258e+00 2.10e-04
2.30378e+00 2.10e-04
2.30498e+00 2.09e-04
2.30618e+00 2.08e-04
2.30747e+00 2.07e-04
2.30867e+00 2.07e-04
2.30996e+00 2.06e-04
2.31125e+00 2.05e-04
2.31244e+00 2.04e-04
2.31372e+00 2.04e-04
2.31501e+00 2.03e-04
2.31629e+00 2.02e-04
2.31757e+00 2.01e-04
2.31895e+00 2.01e-04
2.32023e+00 2.00e-04
2.32160e+00 1.99e-04
2.32288e+00 1.98e-04
2.32425e+00 1.98e-04
2.32562e+00 1.97e-04
2.32698e+00 1.96e-04
2.32835e+00 1.95e-04
2.32971e+00 1.94e-04
2.33108e+00 1.94e-04
2.33253e+00 1.93e-04
2.33389e+00 1.92e-04
2.33534e+00 1.91e-04
2.33679e+00 1.90e-04
2.33824e+00 1.90e-04
2.33969e+00 1.89e-04
2.34113e+00 1.88e-04
2.34267e+00 1.87e-04
2.34411e+00 1.86e-04
2.34564e+00 1.86e-04
2.34718e+00 1.85e-04
2.34871e+00 1.84e-04
2.35023e+00 1.83e-04
2.35176e+00 1.82e-04
2.35337e+00 1.81e-04
2.35499e+00 1.81e-04
2.35650e+00 1.80e-04
2.35811e+00 1.79e-04
2.35982e+00 1.78e-04
2.36142e+00 1.77e-04
2.36312e+00 1.76e-04
2.36471e+00 1.76e-04
2.36640e+00 1.75e-04
2.36819e+00 1.74e-04
2.36987e+00 1.73e-04
2.37164e+00 1.72e-04
2.37332e+00 1.71e-04
2.37518e+00 1.70e-04
2.37695e+00 1.69e-04
2.37871e+00 1.69e-04
2.38056e+00 1.68e-04
2.38241e+00 1.67e-04
2.38426e+00 1.66e-04
2.38619e+00 1.65e-04
2.38812e+00 1.64e-04
2.39005e+00 1.63e-04
2.39197e+00 1.62e-04
2.39398e+00 1.61e-04
2.39598e+00 1.60e-04
2.39799e+00 1.59e-04
2.40007e+00 1.58e-04
2.40216e+00 1.57e-04
2.40424e+00 1.57e-04
2.40640e+00 1.56e-04
2.40848e+00 1.55e-04
2.41072e+00 1.54e-04
2.41296e+00 1.53e-04
2.41520e+00 1.52e-04
2.41743e+00 1.51e-04
2.41975e+00 1.50e-04
2.42214e+00 1.49e-04
2.42454e+00 1.48e-04
2.42692e+00 1.47e-04
2.42939e+00 1.46e-04
2.43186e+00 1.44e-04
2.43440e+00 1.43e-04
2.43694e+00 1.42e-04
2.43956e+00 1.41e-04
2.44226e+00 1.40e-04
2.44495e+00 1.39e-04
2.44772e+00 1.38e-04
2.45057e+00 1.37e-04
2.45342e+00 1.36e-04
2.45634e+00 1.35e-04
2.45933e+00 1.33e-04
2.46241e+00 1.32e-04
2.46547e+00 1.31e-04
2.46861e+00 1.30e-04
2.47191e+00 1.29e-04
2.47519e+00 1.27e-04
2.47855e+00 1.26e-04
2.48207e+00 1.25e-04
2.48566e+00 1.24e-04
2.48923e+00 1.22e-04
2.49304e+00 1.21e-04
2.49684e+00 1.20e-04
2.50078e+00 1.18e-04
2.50487e+00 1.17e-04
2.50911e+00 1.16e-04
2.51341e+00 1.14e-04
2.51786e+00 1.13e-04
2.52252e+00 1.11e-04
2.52733e+00 1.10e-04
2.53227e+00 1.08e-04
2.53742e+00 1.06e-04
2.54286e+00 1.05e-04
2.54843e+00 1.03e-04
2.55428e+00 1.01e-04
2.56048e+00 9.97e-05
2.56695e+00 9.78e-05
2.57376e+00 9.59e-05
2.58097e+00 9.40e-05
2.58867e+00 9.19e-05
2.59682e+00 8.98e-05
2.60565e+00 8.75e-05
2.61513e+00 8.52e-05
2.62554e+00 8.27e-05
2.63698e+00 8.00e-05
2.64971e+00 7.72e-05
2.66410e+00 7.41e-05
2.67215e+00 7.24e-05
2.68082e+00 7.07e-05
2.69029e+00 6.88e-05
2.70069e+00 6.68e-05
2.71231e+00 6.46e-05
2.72543e+00 6.23e-05
2.74065e+00 5.97e-05
2.75874e+00 5.67e-05
2.78130e+00 5.32e-05
2.81151e+00 4.89e-05
2.85859e+00 4.30e-05
2.99573e+00 2.95e-05
