# OPACITY Project tables
-2.61515e+00 5.82e+01
-2.27341e+00 2.01e+01
-2.07433e+00 1.09e+01
-1.93351e+00 7.03e+00
-1.82455e+00 5.03e+00
-1.73574e+00 3.82e+00
-1.66078e+00 3.04e+00
-1.59603e+00 2.49e+00
-1.53898e+00 2.10e+00
-1.48802e+00 1.80e+00
-1.44198e+00 1.57e+00
-1.40003e+00 1.38e+00
-1.36148e+00 1.24e+00
-1.32584e+00 1.12e+00
-1.29269e+00 1.02e+00
-1.26174e+00 9.44e-01
-1.23268e+00 8.79e-01
-1.20531e+00 8.25e-01
-1.17944e+00 7.81e-01
-1.15493e+00 7.43e-01
-1.13165e+00 7.11e-01
-1.10945e+00 6.80e-01
-1.08827e+00 6.51e-01
-1.06799e+00 6.26e-01
-1.04857e+00 6.03e-01
-1.02994e+00 5.84e-01
-1.01200e+00 5.67e-01
-9.94739e-01 5.53e-01
-9.78086e-01 5.39e-01
-9.62021e-01 5.27e-01
-9.46492e-01 5.18e-01
-9.31455e-01 5.11e-01
-9.16916e-01 5.05e-01
-9.02807e-01 5.01e-01
-8.89113e-01 4.97e-01
-8.75797e-01 4.93e-01
-8.62868e-01 4.86e-01
-8.50292e-01 4.76e-01
-8.38057e-01 4.64e-01
-8.14502e-01 4.40e-01
-8.03185e-01 4.28e-01
-7.92106e-01 4.16e-01
-7.81301e-01 4.04e-01
-7.60420e-01 3.82e-01
-7.50331e-01 3.71e-01
-7.40469e-01 3.60e-01
-7.30787e-01 3.51e-01
-7.21320e-01 3.41e-01
-7.12045e-01 3.33e-01
-7.02955e-01 3.26e-01
-6.94048e-01 3.19e-01
-6.85298e-01 3.14e-01
-6.76723e-01 3.10e-01
-6.68298e-01 3.06e-01
-6.51909e-01 3.00e-01
-6.43938e-01 2.96e-01
-6.28390e-01 2.87e-01
-6.20808e-01 2.84e-01
-6.13357e-01 2.80e-01
-6.06016e-01 2.77e-01
-5.98801e-01 2.74e-01
-5.91692e-01 2.71e-01
-5.77803e-01 2.65e-01
-5.71018e-01 2.63e-01
-5.64314e-01 2.61e-01
-5.57725e-01 2.60e-01
-5.51231e-01 2.60e-01
-5.44831e-01 2.61e-01
-5.38505e-01 2.62e-01
-5.26142e-01 2.65e-01
-5.20085e-01 2.67e-01
-5.14098e-01 2.70e-01
-5.02362e-01 2.75e-01
-4.96610e-01 2.77e-01
-4.90925e-01 2.78e-01
-4.85320e-01 2.76e-01
-4.79779e-01 2.72e-01
-4.74301e-01 2.66e-01
-4.63545e-01 2.53e-01
-4.58265e-01 2.46e-01
-4.53044e-01 2.41e-01
-4.47882e-01 2.34e-01
-4.42778e-01 2.27e-01
-4.37730e-01 2.21e-01
-4.32739e-01 2.16e-01
-4.27803e-01 2.12e-01
-4.22922e-01 2.10e-01
-4.18095e-01 2.08e-01
-4.13321e-01 2.05e-01
-4.08585e-01 2.02e-01
-4.03901e-01 1.97e-01
-3.99284e-01 1.92e-01
-3.94688e-01 1.85e-01
-3.90158e-01 1.80e-01
-3.85662e-01 1.74e-01
-3.81216e-01 1.69e-01
-3.76819e-01 1.62e-01
-3.72456e-01 1.55e-01
-3.68126e-01 1.49e-01
-3.63858e-01 1.44e-01
-3.59622e-01 1.41e-01
-3.55419e-01 1.35e-01
-3.51261e-01 1.29e-01
-3.43054e-01 1.21e-01
-3.39003e-01 1.17e-01
-3.34997e-01 1.13e-01
-3.31021e-01 1.16e-01
-3.27088e-01 1.13e-01
-3.23185e-01 1.10e-01
-3.19310e-01 1.08e-01
-3.15464e-01 1.06e-01
-3.11661e-01 1.04e-01
-3.07885e-01 1.04e-01
-3.04150e-01 1.02e-01
-3.00430e-01 1.00e-01
-2.96750e-01 9.92e-02
-2.93097e-01 9.74e-02
-2.85884e-01 9.26e-02
-2.82323e-01 9.05e-02
-2.78788e-01 8.88e-02
-2.75279e-01 8.72e-02
-2.71796e-01 9.47e-02
-2.68350e-01 9.33e-02
-2.64917e-01 9.20e-02
-2.61521e-01 9.08e-02
-2.54802e-01 8.85e-02
-2.48167e-01 8.63e-02
-2.41639e-01 8.42e-02
-2.38409e-01 8.33e-02
-2.32020e-01 8.14e-02
-2.25722e-01 7.96e-02
-2.19513e-01 7.80e-02
-2.16441e-01 7.71e-02
-2.13391e-01 8.04e-02
-2.07344e-01 7.88e-02
-2.01382e-01 7.73e-02
-1.95504e-01 7.59e-02
-1.89697e-01 7.46e-02
-1.83971e-01 7.33e-02
-1.78314e-01 7.20e-02
-1.72724e-01 7.08e-02
-1.67200e-01 6.97e-02
-1.61755e-01 6.86e-02
-1.56373e-01 6.75e-02
-1.51044e-01 6.65e-02
-1.45789e-01 6.55e-02
-1.40596e-01 6.45e-02
-1.35453e-01 6.36e-02
-1.32914e-01 6.31e-02
-1.27867e-01 6.22e-02
-1.22868e-01 6.13e-02
-1.17928e-01 6.04e-02
-1.13057e-01 5.96e-02
-1.08220e-01 5.88e-02
-1.03440e-01 5.80e-02
-9.87160e-02 5.72e-02
-9.40360e-02 5.64e-02
-8.94106e-02 5.57e-02
-8.48283e-02 5.49e-02
-8.02994e-02 5.42e-02
-7.58125e-02 5.35e-02
-7.13671e-02 5.28e-02
-6.69735e-02 5.21e-02
-6.26097e-02 5.15e-02
-5.82967e-02 5.08e-02
-5.40233e-02 5.02e-02
-4.97997e-02 4.95e-02
-4.56042e-02 4.89e-02
-4.14576e-02 4.84e-02
-3.73385e-02 4.78e-02
-3.32673e-02 4.73e-02
-2.92229e-02 4.69e-02
-2.52255e-02 4.65e-02
-2.12543e-02 4.61e-02
-1.73293e-02 4.57e-02
-1.34298e-02 4.54e-02
-9.56560e-03 4.50e-02
-5.73642e-03 4.47e-02
-1.94188e-03 4.42e-02
1.79838e-03 4.38e-02
5.58438e-03 4.34e-02
9.25702e-03 4.30e-02
1.29162e-02 4.27e-02
1.47901e-02 4.26e-02
1.65621e-02 4.25e-02
1.84291e-02 4.24e-02
2.01947e-02 4.23e-02
2.38142e-02 4.21e-02
2.73233e-02 4.19e-02
3.08201e-02 4.18e-02
3.43048e-02 4.16e-02
3.60426e-02 4.16e-02
3.77774e-02 4.16e-02
3.95091e-02 4.16e-02
4.12379e-02 4.16e-02
4.29637e-02 4.17e-02
4.80280e-02 4.18e-02
4.97421e-02 4.18e-02
5.14533e-02 4.18e-02
5.47722e-02 4.16e-02
5.97772e-02 4.15e-02
6.13773e-02 4.15e-02
6.29748e-02 4.13e-02
6.46635e-02 4.12e-02
6.78455e-02 4.08e-02
6.95261e-02 4.06e-02
7.26927e-02 4.03e-02
7.58493e-02 4.00e-02
7.74239e-02 3.98e-02
8.06579e-02 3.94e-02
8.37895e-02 3.90e-02
8.52598e-02 3.88e-02
8.68197e-02 3.87e-02
8.83771e-02 3.86e-02
9.14847e-02 3.85e-02
9.30349e-02 3.84e-02
9.44917e-02 3.83e-02
9.60372e-02 3.82e-02
9.75803e-02 3.80e-02
9.90305e-02 3.78e-02
1.02015e-01 3.72e-02
1.03549e-01 3.70e-02
1.05080e-01 3.69e-02
1.06520e-01 3.67e-02
1.09482e-01 3.66e-02
1.10915e-01 3.64e-02
1.12435e-01 3.61e-02
1.15291e-01 3.54e-02
1.16805e-01 3.51e-02
1.18227e-01 3.48e-02
1.19648e-01 3.46e-02
1.21067e-01 3.44e-02
1.22483e-01 3.42e-02
1.23898e-01 3.51e-02
1.26809e-01 3.47e-02
1.29624e-01 3.44e-02
1.32431e-01 3.40e-02
1.35143e-01 3.37e-02
1.37934e-01 3.32e-02
1.40718e-01 3.28e-02
1.43407e-01 3.24e-02
1.46176e-01 3.20e-02
1.47471e-01 3.18e-02
1.48851e-01 3.20e-02
1.51519e-01 3.16e-02
1.54179e-01 3.13e-02
1.56833e-01 3.10e-02
1.59479e-01 3.07e-02
1.62119e-01 3.04e-02
1.64751e-01 3.02e-02
1.66023e-01 3.01e-02
1.67293e-01 3.00e-02
1.68561e-01 3.20e-02
1.71176e-01 3.19e-02
1.73701e-01 3.18e-02
1.76220e-01 3.17e-02
1.78732e-01 3.15e-02
1.81321e-01 3.14e-02
1.82572e-01 3.14e-02
1.87475e-01 3.13e-02
1.88718e-01 3.13e-02
1.91199e-01 3.11e-02
1.92437e-01 3.10e-02
1.93591e-01 3.10e-02
1.94826e-01 3.09e-02
1.96060e-01 3.09e-02
1.97292e-01 3.08e-02
2.00898e-01 3.08e-02
2.04409e-01 3.08e-02
2.09126e-01 3.08e-02
2.11476e-01 3.08e-02
2.13820e-01 3.07e-02
2.16159e-01 3.06e-02
2.18493e-01 3.05e-02
2.20741e-01 3.03e-02
2.23064e-01 3.00e-02
2.25301e-01 2.98e-02
2.26418e-01 2.96e-02
2.27614e-01 2.94e-02
2.28728e-01 2.93e-02
2.29841e-01 2.92e-02
2.30953e-01 2.90e-02
2.32064e-01 2.88e-02
2.33173e-01 2.87e-02
2.35388e-01 2.83e-02
2.37599e-01 2.80e-02
2.39804e-01 2.77e-02
2.40905e-01 2.76e-02
2.42005e-01 2.82e-02
2.44200e-01 2.79e-02
2.46313e-01 2.77e-02
2.48499e-01 2.74e-02
2.50681e-01 2.72e-02
2.52780e-01 2.70e-02
2.54875e-01 2.68e-02
2.57042e-01 2.66e-02
2.58047e-01 2.65e-02
2.60208e-01 2.63e-02
2.62287e-01 2.61e-02
2.64362e-01 2.59e-02
2.66433e-01 2.57e-02
2.68499e-01 2.56e-02
2.70561e-01 2.54e-02
2.72619e-01 2.52e-02
2.74597e-01 2.50e-02
2.76646e-01 2.49e-02
2.78692e-01 2.47e-02
2.80657e-01 2.45e-02
2.82695e-01 2.44e-02
2.84652e-01 2.42e-02
2.86606e-01 2.41e-02
2.88632e-01 2.39e-02
2.90578e-01 2.38e-02
2.92520e-01 2.37e-02
2.94459e-01 2.35e-02
2.96394e-01 2.34e-02
2.98325e-01 2.33e-02
3.00253e-01 2.32e-02
3.02177e-01 2.31e-02
3.04097e-01 2.30e-02
3.05939e-01 2.28e-02
3.07852e-01 2.27e-02
3.09762e-01 2.26e-02
3.11594e-01 2.25e-02
3.13496e-01 2.25e-02
3.15322e-01 2.24e-02
3.17144e-01 2.23e-02
3.18090e-01 2.22e-02
3.19907e-01 2.22e-02
3.21794e-01 2.21e-02
3.23604e-01 2.20e-02
3.25411e-01 2.19e-02
3.27215e-01 2.19e-02
3.29016e-01 2.18e-02
3.30813e-01 2.17e-02
3.32608e-01 2.17e-02
3.35257e-01 2.16e-02
3.36115e-01 2.16e-02
3.37044e-01 2.16e-02
3.38827e-01 2.15e-02
3.40535e-01 2.15e-02
3.42312e-01 2.14e-02
3.44015e-01 2.14e-02
3.45786e-01 2.13e-02
3.47483e-01 2.13e-02
3.50939e-01 2.12e-02
3.52627e-01 2.11e-02
3.54382e-01 2.11e-02
3.56065e-01 2.10e-02
3.57744e-01 2.10e-02
3.59421e-01 2.09e-02
3.61095e-01 2.08e-02
3.62766e-01 2.07e-02
3.64435e-01 2.07e-02
3.66100e-01 2.06e-02
3.66932e-01 2.06e-02
3.67763e-01 2.05e-02
3.68594e-01 2.05e-02
3.70183e-01 2.04e-02
3.71839e-01 2.03e-02
3.73493e-01 2.03e-02
3.75075e-01 2.02e-02
3.76723e-01 2.01e-02
3.78299e-01 2.00e-02
3.79942e-01 2.00e-02
3.81514e-01 1.99e-02
3.83151e-01 1.98e-02
3.84718e-01 1.98e-02
3.86282e-01 1.97e-02
3.87912e-01 1.96e-02
3.89471e-01 1.96e-02
3.91028e-01 1.95e-02
3.92582e-01 1.95e-02
3.93393e-01 1.94e-02
3.94943e-01 1.94e-02
3.96492e-01 1.93e-02
3.98038e-01 1.93e-02
3.99581e-01 1.92e-02
4.01122e-01 1.92e-02
4.02661e-01 1.91e-02
4.03396e-01 1.92e-02
4.04131e-01 1.91e-02
4.05665e-01 1.91e-02
4.07197e-01 1.90e-02
4.08726e-01 1.90e-02
4.10187e-01 1.89e-02
4.11712e-01 1.89e-02
4.13169e-01 1.89e-02
4.14689e-01 1.88e-02
4.16141e-01 1.88e-02
4.17657e-01 1.88e-02
4.19105e-01 1.88e-02
4.20616e-01 1.87e-02
4.21338e-01 1.87e-02
4.22060e-01 1.87e-02
4.22781e-01 1.87e-02
4.24221e-01 1.87e-02
4.25725e-01 1.87e-02
4.32172e-01 1.86e-02
4.32886e-01 1.86e-02
4.33599e-01 1.86e-02
4.36447e-01 1.85e-02
4.39287e-01 1.85e-02
4.42118e-01 1.84e-02
4.42761e-01 1.84e-02
4.43467e-01 1.84e-02
4.44878e-01 1.84e-02
4.46287e-01 1.83e-02
4.47630e-01 1.83e-02
4.48333e-01 1.83e-02
4.49035e-01 1.82e-02
4.50438e-01 1.82e-02
4.51776e-01 1.81e-02
4.53175e-01 1.81e-02
4.54509e-01 1.80e-02
4.55841e-01 1.80e-02
4.57235e-01 1.79e-02
4.58563e-01 1.78e-02
4.59953e-01 1.78e-02
4.60584e-01 1.77e-02
4.61278e-01 1.77e-02
4.61971e-01 1.78e-02
4.62601e-01 1.77e-02
4.63294e-01 1.76e-02
4.64614e-01 1.75e-02
4.65933e-01 1.75e-02
4.67250e-01 1.74e-02
4.69941e-01 1.72e-02
4.71253e-01 1.72e-02
4.72563e-01 1.71e-02
4.73871e-01 1.70e-02
4.75178e-01 1.69e-02
4.75799e-01 1.69e-02
4.76420e-01 1.69e-02
4.77103e-01 1.68e-02
4.78406e-01 1.67e-02
4.79706e-01 1.66e-02
4.80944e-01 1.66e-02
4.82241e-01 1.65e-02
4.83537e-01 1.64e-02
4.84831e-01 1.63e-02
4.86062e-01 1.62e-02
4.87352e-01 1.62e-02
4.88641e-01 1.61e-02
4.89255e-01 1.60e-02
4.89868e-01 1.60e-02
4.91153e-01 1.59e-02
4.92376e-01 1.59e-02
4.93659e-01 1.58e-02
4.94879e-01 1.57e-02
4.96159e-01 1.56e-02
4.97376e-01 1.56e-02
4.98591e-01 1.55e-02
4.99259e-01 1.55e-02
4.99866e-01 1.55e-02
5.00472e-01 1.54e-02
5.01078e-01 1.53e-02
5.02289e-01 1.53e-02
5.03559e-01 1.52e-02
5.04767e-01 1.51e-02
5.05974e-01 1.51e-02
5.07179e-01 1.50e-02
5.08383e-01 1.49e-02
5.09645e-01 1.48e-02
5.10846e-01 1.48e-02
5.12045e-01 1.47e-02
5.13243e-01 1.46e-02
5.13841e-01 1.46e-02
5.14439e-01 1.46e-02
5.15037e-01 1.45e-02
5.16231e-01 1.45e-02
5.17424e-01 1.44e-02
5.18615e-01 1.44e-02
5.19746e-01 1.43e-02
5.20934e-01 1.43e-02
5.22122e-01 1.42e-02
5.23307e-01 1.42e-02
5.24492e-01 1.41e-02
5.25616e-01 1.41e-02
5.26797e-01 1.40e-02
5.27978e-01 1.40e-02
5.29157e-01 1.39e-02
5.30275e-01 1.39e-02
5.31451e-01 1.38e-02
5.32568e-01 1.38e-02
5.33741e-01 1.37e-02
5.34855e-01 1.37e-02
5.36025e-01 1.37e-02
5.37136e-01 1.36e-02
5.37721e-01 1.36e-02
5.38305e-01 1.36e-02
5.39413e-01 1.36e-02
5.40579e-01 1.35e-02
5.41685e-01 1.35e-02
5.42266e-01 1.35e-02
5.43370e-01 1.34e-02
5.44473e-01 1.34e-02
5.45633e-01 1.33e-02
5.46733e-01 1.33e-02
5.47832e-01 1.32e-02
5.48930e-01 1.32e-02
5.50085e-01 1.32e-02
5.51180e-01 1.31e-02
5.52275e-01 1.31e-02
5.53368e-01 1.30e-02
5.54460e-01 1.30e-02
5.55550e-01 1.29e-02
5.56640e-01 1.29e-02
5.57728e-01 1.29e-02
5.58815e-01 1.28e-02
5.59901e-01 1.28e-02
5.60986e-01 1.27e-02
5.62070e-01 1.27e-02
5.63152e-01 1.27e-02
5.64234e-01 1.26e-02
5.65314e-01 1.26e-02
5.66393e-01 1.25e-02
5.67471e-01 1.25e-02
5.68491e-01 1.25e-02
5.69566e-01 1.24e-02
5.70641e-01 1.24e-02
5.71714e-01 1.24e-02
5.72729e-01 1.23e-02
5.73800e-01 1.23e-02
5.74870e-01 1.22e-02
5.75883e-01 1.22e-02
5.76950e-01 1.22e-02
5.77961e-01 1.22e-02
5.79026e-01 1.21e-02
5.80090e-01 1.21e-02
5.81098e-01 1.21e-02
5.82160e-01 1.20e-02
5.83165e-01 1.20e-02
5.84225e-01 1.20e-02
5.85228e-01 1.19e-02
5.85729e-01 1.20e-02
5.86786e-01 1.20e-02
5.87787e-01 1.19e-02
5.88786e-01 1.19e-02
5.89840e-01 1.19e-02
5.90838e-01 1.19e-02
5.91834e-01 1.18e-02
5.92885e-01 1.18e-02
5.93879e-01 1.18e-02
5.94873e-01 1.18e-02
5.95865e-01 1.17e-02
5.96857e-01 1.17e-02
5.97902e-01 1.17e-02
5.98891e-01 1.17e-02
5.99880e-01 1.16e-02
6.00867e-01 1.16e-02
6.01854e-01 1.16e-02
6.02839e-01 1.15e-02
6.03824e-01 1.15e-02
6.04808e-01 1.15e-02
6.05790e-01 1.15e-02
6.06772e-01 1.14e-02
6.07262e-01 1.15e-02
6.07753e-01 1.15e-02
6.08243e-01 1.14e-02
6.08732e-01 1.14e-02
6.09711e-01 1.13e-02
6.10689e-01 1.13e-02
6.11666e-01 1.13e-02
6.12642e-01 1.13e-02
6.13617e-01 1.12e-02
6.14104e-01 1.12e-02
6.14591e-01 1.12e-02
6.15510e-01 1.12e-02
6.16482e-01 1.11e-02
6.17453e-01 1.11e-02
6.18424e-01 1.11e-02
6.19339e-01 1.10e-02
6.20308e-01 1.10e-02
6.21275e-01 1.10e-02
6.22242e-01 1.10e-02
6.23154e-01 1.09e-02
6.24119e-01 1.09e-02
6.25082e-01 1.09e-02
6.25992e-01 1.08e-02
6.26954e-01 1.08e-02
6.27862e-01 1.08e-02
6.28822e-01 1.08e-02
6.29728e-01 1.07e-02
6.30686e-01 1.07e-02
6.31591e-01 1.07e-02
6.33026e-01 1.06e-02
6.33450e-01 1.06e-02
6.34405e-01 1.06e-02
6.35306e-01 1.06e-02
6.36259e-01 1.05e-02
6.37159e-01 1.05e-02
6.38110e-01 1.05e-02
6.39008e-01 1.05e-02
6.39905e-01 1.04e-02
6.40853e-01 1.04e-02
6.41749e-01 1.04e-02
6.42643e-01 1.04e-02
6.43537e-01 1.03e-02
6.44482e-01 1.03e-02
6.45374e-01 1.03e-02
6.46265e-01 1.03e-02
6.47156e-01 1.03e-02
6.48098e-01 1.02e-02
6.48986e-01 1.02e-02
6.49874e-01 1.02e-02
6.50761e-01 1.02e-02
6.51648e-01 1.01e-02
6.52533e-01 1.01e-02
6.53418e-01 1.01e-02
6.54302e-01 1.01e-02
6.55186e-01 1.00e-02
6.56120e-01 1.00e-02
6.57002e-01 1.00e-02
6.57883e-01 9.98e-03
6.58763e-01 9.96e-03
6.59642e-01 9.94e-03
6.60469e-01 9.92e-03
6.61347e-01 9.90e-03
6.62224e-01 9.88e-03
6.63100e-01 9.86e-03
6.63976e-01 9.84e-03
6.64851e-01 9.82e-03
6.65725e-01 9.80e-03
6.66598e-01 9.78e-03
6.67470e-01 9.76e-03
6.68291e-01 9.74e-03
6.69162e-01 9.72e-03
6.70032e-01 9.70e-03
6.70902e-01 9.68e-03
6.71719e-01 9.66e-03
6.72587e-01 9.64e-03
6.73455e-01 9.62e-03
6.74321e-01 9.60e-03
6.75136e-01 9.58e-03
6.76001e-01 9.56e-03
6.76865e-01 9.54e-03
6.77678e-01 9.52e-03
6.78541e-01 9.50e-03
6.79403e-01 9.49e-03
6.80214e-01 9.47e-03
6.81075e-01 9.45e-03
6.81884e-01 9.43e-03
6.82743e-01 9.41e-03
6.83551e-01 9.39e-03
6.84409e-01 9.37e-03
6.85266e-01 9.36e-03
6.86072e-01 9.34e-03
6.86878e-01 9.32e-03
6.87733e-01 9.30e-03
6.88537e-01 9.28e-03
6.89390e-01 9.27e-03
6.90193e-01 9.25e-03
6.91045e-01 9.23e-03
6.91846e-01 9.21e-03
6.92647e-01 9.20e-03
6.93497e-01 9.18e-03
6.94297e-01 9.16e-03
6.95145e-01 9.14e-03
6.95943e-01 9.13e-03
6.96741e-01 9.11e-03
6.97538e-01 9.09e-03
6.98383e-01 9.08e-03
6.99179e-01 9.06e-03
6.99974e-01 9.04e-03
7.00818e-01 9.03e-03
7.01611e-01 9.01e-03
7.02404e-01 9.00e-03
7.03197e-01 8.98e-03
7.03988e-01 8.96e-03
7.04829e-01 8.95e-03
7.05619e-01 8.93e-03
7.06409e-01 8.92e-03
7.07198e-01 8.90e-03
7.07987e-01 8.89e-03
7.08774e-01 8.87e-03
7.09562e-01 8.85e-03
7.10348e-01 8.84e-03
7.11134e-01 8.82e-03
7.11920e-01 8.81e-03
7.12754e-01 8.79e-03
7.13538e-01 8.78e-03
7.14321e-01 8.76e-03
7.15104e-01 8.75e-03
7.15887e-01 8.73e-03
7.16668e-01 8.72e-03
7.17401e-01 8.70e-03
7.18181e-01 8.69e-03
7.18961e-01 8.67e-03
7.19740e-01 8.66e-03
7.20519e-01 8.65e-03
7.21297e-01 8.63e-03
7.22075e-01 8.62e-03
7.22852e-01 8.60e-03
7.23628e-01 8.59e-03
7.24404e-01 8.58e-03
7.25130e-01 8.56e-03
7.25905e-01 8.55e-03
7.26679e-01 8.54e-03
7.28225e-01 8.52e-03
7.28949e-01 8.50e-03
7.34625e-01 8.40e-03
7.35392e-01 8.38e-03
7.36159e-01 8.37e-03
7.36877e-01 8.36e-03
7.37642e-01 8.34e-03
7.38360e-01 8.33e-03
7.39124e-01 8.32e-03
7.39888e-01 8.31e-03
7.40603e-01 8.29e-03
7.41366e-01 8.28e-03
7.42080e-01 8.27e-03
7.42842e-01 8.26e-03
7.43603e-01 8.24e-03
7.44315e-01 8.23e-03
7.45075e-01 8.22e-03
7.45787e-01 8.21e-03
7.46546e-01 8.20e-03
7.47257e-01 8.18e-03
7.47967e-01 8.17e-03
7.48724e-01 8.16e-03
7.49433e-01 8.15e-03
7.50189e-01 8.14e-03
7.50897e-01 8.13e-03
7.51652e-01 8.12e-03
7.52359e-01 8.10e-03
7.53066e-01 8.09e-03
7.53819e-01 8.08e-03
7.55981e-01 8.05e-03
7.56685e-01 8.04e-03
7.57436e-01 8.02e-03
7.58139e-01 8.01e-03
7.58841e-01 8.00e-03
7.59543e-01 7.99e-03
7.60292e-01 7.98e-03
7.60993e-01 7.97e-03
7.61693e-01 7.96e-03
7.62393e-01 7.95e-03
7.63140e-01 7.94e-03
7.63839e-01 7.93e-03
7.64537e-01 7.92e-03
7.65979e-01 7.90e-03
7.66676e-01 7.89e-03
7.67373e-01 7.88e-03
7.68069e-01 7.88e-03
7.68765e-01 7.87e-03
7.69830e-01 7.86e-03
7.71589e-01 7.85e-03
7.72282e-01 7.84e-03
7.72974e-01 7.82e-03
7.74681e-01 7.80e-03
7.80563e-01 7.75e-03
7.84997e-01 7.72e-03
7.88730e-01 7.72e-03
7.92087e-01 7.73e-03
7.96110e-01 7.74e-03
7.96741e-01 7.77e-03
7.97102e-01 7.78e-03
7.97417e-01 7.76e-03
7.97732e-01 7.75e-03
7.99757e-01 7.74e-03
8.01059e-01 7.73e-03
8.02360e-01 7.72e-03
8.03346e-01 7.71e-03
8.04017e-01 7.70e-03
8.04644e-01 7.69e-03
8.05314e-01 7.68e-03
8.06610e-01 7.67e-03
8.08260e-01 7.65e-03
8.11463e-01 7.64e-03
8.14391e-01 7.61e-03
8.16603e-01 7.60e-03
8.17575e-01 7.60e-03
8.17884e-01 7.63e-03
8.18193e-01 7.68e-03
8.18546e-01 7.66e-03
8.18854e-01 7.60e-03
8.19163e-01 7.59e-03
8.20749e-01 7.58e-03
8.21364e-01 7.57e-03
8.24219e-01 7.55e-03
8.25490e-01 7.55e-03
8.26103e-01 7.54e-03
8.26716e-01 7.53e-03
8.27678e-01 7.51e-03
8.31081e-01 7.49e-03
8.34517e-01 7.49e-03
8.35124e-01 7.49e-03
8.35428e-01 7.49e-03
8.36338e-01 7.49e-03
8.39712e-01 7.49e-03
8.42170e-01 7.47e-03
8.42773e-01 7.47e-03
8.43376e-01 7.46e-03
8.43978e-01 7.45e-03
8.44580e-01 7.44e-03
8.45181e-01 7.43e-03
8.45782e-01 7.41e-03
8.46383e-01 7.40e-03
8.46984e-01 7.38e-03
8.47584e-01 7.36e-03
8.48226e-01 7.34e-03
8.48825e-01 7.33e-03
8.49424e-01 7.31e-03
8.50322e-01 7.29e-03
8.50621e-01 7.31e-03
8.50920e-01 7.27e-03
8.51219e-01 7.25e-03
8.51816e-01 7.22e-03
8.52413e-01 7.20e-03
8.53010e-01 7.18e-03
8.53606e-01 7.15e-03
8.54160e-01 7.13e-03
8.54756e-01 7.11e-03
8.55351e-01 7.09e-03
8.55946e-01 7.07e-03
8.56541e-01 7.05e-03
8.57135e-01 7.03e-03
8.57729e-01 7.01e-03
8.58323e-01 6.99e-03
8.58916e-01 6.97e-03
8.59509e-01 6.95e-03
8.60101e-01 6.93e-03
8.60693e-01 6.92e-03
8.61243e-01 6.90e-03
8.61835e-01 6.88e-03
8.62426e-01 6.87e-03
8.63017e-01 6.85e-03
8.63607e-01 6.83e-03
8.64197e-01 6.82e-03
8.64745e-01 6.80e-03
8.65334e-01 6.79e-03
8.65923e-01 6.77e-03
8.66512e-01 6.76e-03
8.67100e-01 6.74e-03
8.67689e-01 6.73e-03
8.68234e-01 6.71e-03
8.68822e-01 6.70e-03
8.69409e-01 6.69e-03
8.69995e-01 6.67e-03
8.70540e-01 6.66e-03
8.71126e-01 6.65e-03
8.71419e-01 6.64e-03
8.71712e-01 6.66e-03
8.72004e-01 6.70e-03
8.72297e-01 6.66e-03
8.72548e-01 6.62e-03
8.73133e-01 6.61e-03
8.73717e-01 6.59e-03
8.75427e-01 6.57e-03
8.76010e-01 6.56e-03
8.79710e-01 6.50e-03
8.81368e-01 6.48e-03
8.81948e-01 6.47e-03
8.82527e-01 6.46e-03
8.83933e-01 6.45e-03
8.85048e-01 6.44e-03
8.85584e-01 6.43e-03
8.88673e-01 6.39e-03
8.92817e-01 6.36e-03
8.93677e-01 6.36e-03
8.94209e-01 6.39e-03
8.94781e-01 6.43e-03
8.95312e-01 6.46e-03
8.95598e-01 6.46e-03
8.96129e-01 6.40e-03
8.96700e-01 6.35e-03
8.96945e-01 6.33e-03
8.97516e-01 6.32e-03
8.98045e-01 6.31e-03
8.98615e-01 6.31e-03
9.02395e-01 6.27e-03
9.04582e-01 6.24e-03
9.05108e-01 6.24e-03
9.05917e-01 6.23e-03
9.06483e-01 6.22e-03
9.07008e-01 6.21e-03
9.07532e-01 6.21e-03
9.09145e-01 6.19e-03
9.09669e-01 6.18e-03
9.10232e-01 6.17e-03
9.10755e-01 6.16e-03
9.11278e-01 6.16e-03
9.11841e-01 6.15e-03
9.12363e-01 6.14e-03
9.12885e-01 6.13e-03
9.13407e-01 6.13e-03
9.13968e-01 6.12e-03
9.14489e-01 6.11e-03
9.15010e-01 6.10e-03
9.15530e-01 6.10e-03
9.16091e-01 6.09e-03
9.17130e-01 6.07e-03
9.17650e-01 6.07e-03
9.18169e-01 6.06e-03
9.18728e-01 6.05e-03
9.19246e-01 6.04e-03
9.19765e-01 6.03e-03
9.20283e-01 6.02e-03
9.20801e-01 6.02e-03
9.21358e-01 6.01e-03
9.21875e-01 6.00e-03
9.22392e-01 5.99e-03
9.22909e-01 5.98e-03
9.23425e-01 5.98e-03
9.23941e-01 5.97e-03
9.24457e-01 5.96e-03
9.25013e-01 5.95e-03
9.25528e-01 5.95e-03
9.26043e-01 5.94e-03
9.26558e-01 5.93e-03
9.27072e-01 5.92e-03
9.27587e-01 5.92e-03
9.28101e-01 5.91e-03
9.28614e-01 5.90e-03
9.29128e-01 5.90e-03
9.29681e-01 5.89e-03
9.30194e-01 5.88e-03
9.30706e-01 5.87e-03
9.31219e-01 5.87e-03
9.31731e-01 5.86e-03
9.32243e-01 5.86e-03
9.32754e-01 5.85e-03
9.33266e-01 5.84e-03
9.33777e-01 5.84e-03
9.34288e-01 5.83e-03
9.34798e-01 5.82e-03
9.38130e-01 5.79e-03
9.43439e-01 5.74e-03
9.44956e-01 5.73e-03
9.48680e-01 5.70e-03
9.52160e-01 5.68e-03
9.53394e-01 5.67e-03
9.59082e-01 5.65e-03
9.64204e-01 5.64e-03
9.69983e-01 5.64e-03
9.75955e-01 5.65e-03
9.76671e-01 5.65e-03
9.83052e-01 5.65e-03
9.85406e-01 5.64e-03
9.89355e-01 5.62e-03
9.90507e-01 5.63e-03
9.91435e-01 5.63e-03
9.91658e-01 5.66e-03
9.92140e-01 5.73e-03
9.92844e-01 5.80e-03
9.93289e-01 5.73e-03
9.93511e-01 5.69e-03
9.93733e-01 5.66e-03
9.94214e-01 5.62e-03
9.94658e-01 5.57e-03
9.94917e-01 5.56e-03
9.95582e-01 5.54e-03
9.96063e-01 5.53e-03
9.96284e-01 5.53e-03
9.96727e-01 5.51e-03
9.97207e-01 5.49e-03
9.97649e-01 5.48e-03
9.98129e-01 5.47e-03
9.98571e-01 5.45e-03
9.99013e-01 5.44e-03
9.99492e-01 5.43e-03
9.99933e-01 5.42e-03
1.00041e+00 5.41e-03
1.00085e+00 5.40e-03
1.00129e+00 5.39e-03
1.00177e+00 5.38e-03
1.00221e+00 5.38e-03
1.00269e+00 5.36e-03
1.00313e+00 5.35e-03
1.00357e+00 5.33e-03
1.00405e+00 5.32e-03
1.00448e+00 5.31e-03
1.00492e+00 5.30e-03
1.00540e+00 5.29e-03
1.00584e+00 5.28e-03
1.00628e+00 5.27e-03
1.00675e+00 5.25e-03
1.00719e+00 5.24e-03
1.00763e+00 5.23e-03
1.00810e+00 5.22e-03
1.00854e+00 5.21e-03
1.00898e+00 5.20e-03
1.00945e+00 5.19e-03
1.00989e+00 5.18e-03
1.01033e+00 5.18e-03
1.01080e+00 5.17e-03
1.01124e+00 5.16e-03
1.01167e+00 5.16e-03
1.01236e+00 5.15e-03
1.01280e+00 5.18e-03
1.01302e+00 5.19e-03
1.01324e+00 5.20e-03
1.01371e+00 5.16e-03
1.01414e+00 5.12e-03
1.01458e+00 5.10e-03
1.01480e+00 5.09e-03
1.01527e+00 5.08e-03
1.01570e+00 5.07e-03
1.01614e+00 5.06e-03
1.01657e+00 5.05e-03
1.01704e+00 5.04e-03
1.01747e+00 5.03e-03
1.01791e+00 5.03e-03
1.01834e+00 5.02e-03
1.01881e+00 5.01e-03
1.01924e+00 5.00e-03
1.02011e+00 4.99e-03
1.02054e+00 4.98e-03
1.02101e+00 4.97e-03
1.02123e+00 4.96e-03
1.02166e+00 4.95e-03
1.02209e+00 4.94e-03
1.02252e+00 4.93e-03
1.02299e+00 4.92e-03
1.02342e+00 4.91e-03
1.02385e+00 4.90e-03
1.02428e+00 4.89e-03
1.02471e+00 4.88e-03
1.02518e+00 4.87e-03
1.02561e+00 4.86e-03
1.02604e+00 4.85e-03
1.02647e+00 4.85e-03
1.02690e+00 4.84e-03
1.02737e+00 4.83e-03
1.02780e+00 4.82e-03
1.02887e+00 4.81e-03
1.02930e+00 4.80e-03
1.02951e+00 4.80e-03
1.02998e+00 4.79e-03
1.03040e+00 4.78e-03
1.03083e+00 4.77e-03
1.03126e+00 4.76e-03
1.03169e+00 4.75e-03
1.03212e+00 4.75e-03
1.03254e+00 4.74e-03
1.03343e+00 4.73e-03
1.03386e+00 4.72e-03
1.03429e+00 4.71e-03
1.03471e+00 4.71e-03
1.03514e+00 4.70e-03
1.03557e+00 4.70e-03
1.03599e+00 4.69e-03
1.03794e+00 4.67e-03
1.03900e+00 4.68e-03
1.03922e+00 4.70e-03
1.03964e+00 4.82e-03
1.03985e+00 4.88e-03
1.04006e+00 4.95e-03
1.04049e+00 5.10e-03
1.04070e+00 5.17e-03
1.04112e+00 5.06e-03
1.04134e+00 5.00e-03
1.04176e+00 4.82e-03
1.04197e+00 4.72e-03
1.04218e+00 4.69e-03
1.04261e+00 4.63e-03
1.04282e+00 4.62e-03
1.04324e+00 4.61e-03
1.04391e+00 4.60e-03
1.04433e+00 4.59e-03
1.04475e+00 4.57e-03
1.04623e+00 4.55e-03
1.04813e+00 4.54e-03
1.04897e+00 4.54e-03
1.04918e+00 4.55e-03
1.04960e+00 4.59e-03
1.04981e+00 4.62e-03
1.05002e+00 4.64e-03
1.05023e+00 4.66e-03
1.05065e+00 4.61e-03
1.05107e+00 4.56e-03
1.05149e+00 4.54e-03
1.05190e+00 4.51e-03
1.05211e+00 4.50e-03
1.05232e+00 4.49e-03
1.05274e+00 4.48e-03
1.05316e+00 4.47e-03
1.05358e+00 4.47e-03
1.05400e+00 4.46e-03
1.05442e+00 4.45e-03
1.05483e+00 4.45e-03
1.05522e+00 4.44e-03
1.05564e+00 4.44e-03
1.05605e+00 4.43e-03
1.05772e+00 4.41e-03
1.06164e+00 4.38e-03
1.06226e+00 4.37e-03
1.06247e+00 4.38e-03
1.06288e+00 4.42e-03
1.06309e+00 4.44e-03
1.06330e+00 4.41e-03
1.06350e+00 4.40e-03
1.06371e+00 4.37e-03
1.06392e+00 4.36e-03
1.06454e+00 4.35e-03
1.06595e+00 4.33e-03
1.06636e+00 4.33e-03
1.06657e+00 4.34e-03
1.06698e+00 4.54e-03
1.06719e+00 4.64e-03
1.06740e+00 4.50e-03
1.06760e+00 4.35e-03
1.06781e+00 4.33e-03
1.06802e+00 4.32e-03
1.06942e+00 4.30e-03
1.07247e+00 4.28e-03
1.07429e+00 4.28e-03
1.07490e+00 4.28e-03
1.07510e+00 4.30e-03
1.07531e+00 4.33e-03
1.07551e+00 4.35e-03
1.07592e+00 4.38e-03
1.07609e+00 4.37e-03
1.07650e+00 4.30e-03
1.07671e+00 4.27e-03
1.07712e+00 4.26e-03
1.07732e+00 4.26e-03
1.07773e+00 4.25e-03
1.07831e+00 4.27e-03
1.07872e+00 4.26e-03
1.07912e+00 4.24e-03
1.07933e+00 4.24e-03
1.08031e+00 4.23e-03
1.08092e+00 4.23e-03
1.08133e+00 4.24e-03
1.08153e+00 4.25e-03
1.08170e+00 4.25e-03
1.08211e+00 4.22e-03
1.08231e+00 4.22e-03
1.08333e+00 4.21e-03
1.08370e+00 4.21e-03
1.08630e+00 4.19e-03
1.08748e+00 4.19e-03
1.08846e+00 4.18e-03
1.09102e+00 4.18e-03
1.09122e+00 4.18e-03
1.09162e+00 4.18e-03
1.09182e+00 4.18e-03
1.09788e+00 4.17e-03
1.09961e+00 4.17e-03
1.10041e+00 4.16e-03
1.10078e+00 4.16e-03
1.10118e+00 4.15e-03
1.10503e+00 4.11e-03
1.10542e+00 4.10e-03
1.10582e+00 4.10e-03
1.10618e+00 4.10e-03
1.10658e+00 4.09e-03
1.10754e+00 4.08e-03
1.10774e+00 4.08e-03
1.10794e+00 4.07e-03
1.10810e+00 4.09e-03
1.10830e+00 4.16e-03
1.10869e+00 4.07e-03
1.10889e+00 4.06e-03
1.10926e+00 4.06e-03
1.10965e+00 4.05e-03
1.11001e+00 4.04e-03
1.11041e+00 4.04e-03
1.11080e+00 4.03e-03
1.11097e+00 4.03e-03
1.11117e+00 4.04e-03
1.11136e+00 4.03e-03
1.11232e+00 4.02e-03
1.11268e+00 4.01e-03
1.11307e+00 4.01e-03
1.11347e+00 4.00e-03
1.11383e+00 4.00e-03
1.11553e+00 3.98e-03
1.11612e+00 3.98e-03
1.11629e+00 4.02e-03
1.11648e+00 4.07e-03
1.11668e+00 4.13e-03
1.11688e+00 4.13e-03
1.11724e+00 4.02e-03
1.11743e+00 3.99e-03
1.11763e+00 3.98e-03
1.11799e+00 3.97e-03
1.11819e+00 3.98e-03
1.11858e+00 3.99e-03
1.11874e+00 3.97e-03
1.11894e+00 3.96e-03
1.11933e+00 3.95e-03
1.12103e+00 3.93e-03
1.12272e+00 3.92e-03
1.12363e+00 3.92e-03
1.12383e+00 3.92e-03
1.12402e+00 3.93e-03
1.12422e+00 3.95e-03
1.12438e+00 3.98e-03
1.12457e+00 4.02e-03
1.12477e+00 4.05e-03
1.12512e+00 3.93e-03
1.12532e+00 3.92e-03
1.12587e+00 3.91e-03
1.12720e+00 3.90e-03
1.12775e+00 3.90e-03
1.12794e+00 3.90e-03
1.12811e+00 3.91e-03
1.12849e+00 3.94e-03
1.12885e+00 3.97e-03
1.12904e+00 3.98e-03
1.12943e+00 3.93e-03
1.12959e+00 3.90e-03
1.12979e+00 3.90e-03
1.13018e+00 3.89e-03
1.13108e+00 3.88e-03
1.13350e+00 3.86e-03
1.13385e+00 3.86e-03
1.13424e+00 3.87e-03
1.13443e+00 3.88e-03
1.13459e+00 3.87e-03
1.13478e+00 3.87e-03
1.13498e+00 3.88e-03
1.13514e+00 3.86e-03
1.13533e+00 3.86e-03
1.13700e+00 3.85e-03
1.13902e+00 3.84e-03
1.13918e+00 3.84e-03
1.13956e+00 3.85e-03
1.14011e+00 3.84e-03
1.14119e+00 3.84e-03
1.14174e+00 3.84e-03
1.14212e+00 3.85e-03
1.14228e+00 3.86e-03
1.14247e+00 3.88e-03
1.14266e+00 3.93e-03
1.14285e+00 4.00e-03
1.14320e+00 4.13e-03
1.14339e+00 4.17e-03
1.14355e+00 4.10e-03
1.14394e+00 3.93e-03
1.14413e+00 3.90e-03
1.14429e+00 3.88e-03
1.14448e+00 3.87e-03
1.14467e+00 3.86e-03
1.14483e+00 3.88e-03
1.14502e+00 3.89e-03
1.14521e+00 3.85e-03
1.14537e+00 3.84e-03
1.14594e+00 3.84e-03
1.14629e+00 3.84e-03
1.14702e+00 3.84e-03
1.14737e+00 3.84e-03
1.14829e+00 3.83e-03
1.14991e+00 3.83e-03
1.15026e+00 3.83e-03
1.15045e+00 3.84e-03
1.15064e+00 3.84e-03
1.15098e+00 3.86e-03
1.15152e+00 3.83e-03
1.15297e+00 3.83e-03
1.15313e+00 3.84e-03
1.15332e+00 3.85e-03
1.15351e+00 3.84e-03
1.15458e+00 3.85e-03
1.15493e+00 3.85e-03
1.15528e+00 3.85e-03
1.15547e+00 3.86e-03
1.15565e+00 3.88e-03
1.15581e+00 3.94e-03
1.15600e+00 4.00e-03
1.15619e+00 3.97e-03
1.15638e+00 3.87e-03
1.15654e+00 3.86e-03
1.15691e+00 3.86e-03
1.15798e+00 3.87e-03
1.15939e+00 3.88e-03
1.16046e+00 3.89e-03
1.16152e+00 3.90e-03
1.16187e+00 3.90e-03
1.16224e+00 3.91e-03
1.16259e+00 3.91e-03
1.16293e+00 3.91e-03
1.16312e+00 3.92e-03
1.16331e+00 3.92e-03
1.16346e+00 3.92e-03
1.16612e+00 3.95e-03
1.16683e+00 3.95e-03
1.16717e+00 3.96e-03
1.16736e+00 3.97e-03
1.16752e+00 3.99e-03
1.16770e+00 4.02e-03
1.16789e+00 4.02e-03
1.16805e+00 4.01e-03
1.16842e+00 3.98e-03
1.16857e+00 3.97e-03
1.16876e+00 3.97e-03
1.16892e+00 3.97e-03
1.16997e+00 3.98e-03
1.17103e+00 3.99e-03
1.17140e+00 3.99e-03
1.17174e+00 4.00e-03
1.17208e+00 4.00e-03
1.17227e+00 4.00e-03
1.17242e+00 4.01e-03
1.17261e+00 4.02e-03
1.17279e+00 4.01e-03
1.17332e+00 4.01e-03
1.17366e+00 4.03e-03
1.17381e+00 4.07e-03
1.17400e+00 4.09e-03
1.17418e+00 4.03e-03
1.17434e+00 4.03e-03
1.17452e+00 4.03e-03
1.17486e+00 4.07e-03
1.17505e+00 4.09e-03
1.17523e+00 4.12e-03
1.17539e+00 4.12e-03
1.17557e+00 4.08e-03
1.17573e+00 4.05e-03
1.17625e+00 4.05e-03
1.17662e+00 4.05e-03
1.17696e+00 4.06e-03
1.17715e+00 4.07e-03
1.17730e+00 4.17e-03
1.17749e+00 4.26e-03
1.17764e+00 4.08e-03
1.17782e+00 4.07e-03
1.17835e+00 4.06e-03
1.17973e+00 4.06e-03
1.18216e+00 4.07e-03
1.18231e+00 4.08e-03
1.18473e+00 4.08e-03
1.18610e+00 4.08e-03
1.18800e+00 4.06e-03
1.18918e+00 4.07e-03
1.18952e+00 4.06e-03
1.18985e+00 4.05e-03
1.19022e+00 4.04e-03
1.19037e+00 4.04e-03
1.19055e+00 4.05e-03
1.19071e+00 4.03e-03
1.19192e+00 4.01e-03
1.19225e+00 4.00e-03
1.19259e+00 4.00e-03
1.19292e+00 3.99e-03
1.19326e+00 3.99e-03
1.19362e+00 3.98e-03
1.19395e+00 3.98e-03
1.19429e+00 3.97e-03
1.19480e+00 3.96e-03
1.19495e+00 3.96e-03
1.19532e+00 3.95e-03
1.19565e+00 3.94e-03
1.19598e+00 3.94e-03
1.19631e+00 3.93e-03
1.19665e+00 3.92e-03
1.19698e+00 3.91e-03
1.19734e+00 3.91e-03
1.19767e+00 3.90e-03
1.19782e+00 3.90e-03
1.19834e+00 3.89e-03
1.19852e+00 3.89e-03
1.19885e+00 3.88e-03
1.19903e+00 3.87e-03
1.19918e+00 3.98e-03
1.19936e+00 4.14e-03
1.19951e+00 4.20e-03
1.19969e+00 4.10e-03
1.19987e+00 4.00e-03
1.20003e+00 3.91e-03
1.20021e+00 4.04e-03
1.20036e+00 4.10e-03
1.20054e+00 4.07e-03
1.20069e+00 4.00e-03
1.20087e+00 3.95e-03
1.20105e+00 3.92e-03
1.20120e+00 3.88e-03
1.20138e+00 3.85e-03
1.20171e+00 3.83e-03
1.20204e+00 3.82e-03
1.20237e+00 3.81e-03
1.20270e+00 3.80e-03
1.20306e+00 3.80e-03
1.20339e+00 3.79e-03
1.20372e+00 3.79e-03
1.20405e+00 3.78e-03
1.20456e+00 3.77e-03
1.20471e+00 3.79e-03
1.20489e+00 3.83e-03
1.20507e+00 3.87e-03
1.20522e+00 3.82e-03
1.20540e+00 3.76e-03
1.20555e+00 3.75e-03
1.20591e+00 3.74e-03
1.20624e+00 3.74e-03
1.20657e+00 3.73e-03
1.20690e+00 3.72e-03
1.20723e+00 3.71e-03
1.20756e+00 3.71e-03
1.20789e+00 3.70e-03
1.20824e+00 3.69e-03
1.20857e+00 3.69e-03
1.20890e+00 3.68e-03
1.20923e+00 3.67e-03
1.20956e+00 3.67e-03
1.20989e+00 3.66e-03
1.21021e+00 3.65e-03
1.21057e+00 3.65e-03
1.21090e+00 3.64e-03
1.21123e+00 3.63e-03
1.21155e+00 3.63e-03
1.21188e+00 3.62e-03
1.21221e+00 3.61e-03
1.21254e+00 3.61e-03
1.21289e+00 3.60e-03
1.21322e+00 3.59e-03
1.21355e+00 3.58e-03
1.21387e+00 3.58e-03
1.21420e+00 3.57e-03
1.21453e+00 3.56e-03
1.21485e+00 3.55e-03
1.21521e+00 3.55e-03
1.21554e+00 3.54e-03
1.21586e+00 3.53e-03
1.21619e+00 3.52e-03
1.21651e+00 3.52e-03
1.21684e+00 3.51e-03
1.21717e+00 3.50e-03
1.21749e+00 3.49e-03
1.21782e+00 3.49e-03
1.21817e+00 3.48e-03
1.21850e+00 3.47e-03
1.21882e+00 3.46e-03
1.21915e+00 3.46e-03
1.21947e+00 3.45e-03
1.21980e+00 3.44e-03
1.22012e+00 3.44e-03
1.22045e+00 3.43e-03
1.22080e+00 3.42e-03
1.22112e+00 3.42e-03
1.22145e+00 3.41e-03
1.22160e+00 3.41e-03
1.22177e+00 3.41e-03
1.22192e+00 3.41e-03
1.22210e+00 3.54e-03
1.22227e+00 3.44e-03
1.22242e+00 3.39e-03
1.22260e+00 3.39e-03
1.22292e+00 3.38e-03
1.22325e+00 3.37e-03
1.22357e+00 3.37e-03
1.22389e+00 3.36e-03
1.22439e+00 3.35e-03
1.22454e+00 3.35e-03
1.22504e+00 3.35e-03
1.22519e+00 3.35e-03
1.22536e+00 3.44e-03
1.22554e+00 3.47e-03
1.22569e+00 3.37e-03
1.22586e+00 3.36e-03
1.22618e+00 3.35e-03
1.22633e+00 3.34e-03
1.22651e+00 3.34e-03
1.22683e+00 3.34e-03
1.22715e+00 3.33e-03
1.22747e+00 3.32e-03
1.22780e+00 3.32e-03
1.22812e+00 3.31e-03
1.22844e+00 3.31e-03
1.22876e+00 3.30e-03
1.22911e+00 3.30e-03
1.22944e+00 3.29e-03
1.22976e+00 3.29e-03
1.23008e+00 3.28e-03
1.23040e+00 3.28e-03
1.23072e+00 3.27e-03
1.23104e+00 3.27e-03
1.23136e+00 3.27e-03
1.23169e+00 3.26e-03
1.23201e+00 3.26e-03
1.23233e+00 3.25e-03
1.23265e+00 3.25e-03
1.23314e+00 3.24e-03
1.23460e+00 3.24e-03
1.23524e+00 3.23e-03
1.23541e+00 3.46e-03
1.23556e+00 4.41e-03
1.23573e+00 5.36e-03
1.23588e+00 3.57e-03
1.23605e+00 3.29e-03
1.23620e+00 3.35e-03
1.23637e+00 3.35e-03
1.23652e+00 3.28e-03
1.23669e+00 3.23e-03
1.23684e+00 3.22e-03
1.23719e+00 3.22e-03
1.23750e+00 3.21e-03
1.23861e+00 3.20e-03
1.23991e+00 3.20e-03
1.24055e+00 3.19e-03
1.24086e+00 3.19e-03
1.24118e+00 3.18e-03
1.24150e+00 3.18e-03
1.24182e+00 3.17e-03
1.24214e+00 3.17e-03
1.24245e+00 3.16e-03
1.24277e+00 3.16e-03
1.24421e+00 3.14e-03
1.24660e+00 3.13e-03
1.25182e+00 3.10e-03
1.25262e+00 3.10e-03
1.25276e+00 3.10e-03
1.25293e+00 3.10e-03
1.25308e+00 3.10e-03
1.25356e+00 3.09e-03
1.25402e+00 3.09e-03
1.25559e+00 3.08e-03
1.25621e+00 3.07e-03
1.25684e+00 3.07e-03
1.25764e+00 3.06e-03
1.25843e+00 3.06e-03
1.25889e+00 3.06e-03
1.25906e+00 3.07e-03
1.25920e+00 3.13e-03
1.25937e+00 3.07e-03
1.25951e+00 3.06e-03
1.25968e+00 3.08e-03
1.25982e+00 3.23e-03
1.25999e+00 3.24e-03
1.26014e+00 3.07e-03
1.26031e+00 3.05e-03
1.26045e+00 3.05e-03
1.26124e+00 3.04e-03
1.26449e+00 3.01e-03
1.26607e+00 3.00e-03
1.26621e+00 3.02e-03
1.26807e+00 3.01e-03
1.26824e+00 3.03e-03
1.27055e+00 3.01e-03
1.27164e+00 3.01e-03
1.27287e+00 3.01e-03
1.27363e+00 3.01e-03
1.27380e+00 3.01e-03
1.27411e+00 2.99e-03
1.27441e+00 2.98e-03
1.27472e+00 2.96e-03
1.27486e+00 2.96e-03
1.27533e+00 2.96e-03
1.27547e+00 2.96e-03
1.27564e+00 2.96e-03
1.27595e+00 2.97e-03
1.27609e+00 2.97e-03
1.27626e+00 2.98e-03
1.27640e+00 2.97e-03
1.27670e+00 2.97e-03
1.27701e+00 2.98e-03
1.27779e+00 2.98e-03
1.27793e+00 2.98e-03
1.27824e+00 2.98e-03
1.27854e+00 2.97e-03
1.28238e+00 2.93e-03
1.28617e+00 2.90e-03
1.28995e+00 2.88e-03
1.29267e+00 2.87e-03
1.29283e+00 2.87e-03
1.29297e+00 2.92e-03
1.29388e+00 2.92e-03
1.29538e+00 2.91e-03
1.29569e+00 2.91e-03
1.29629e+00 2.90e-03
1.29673e+00 2.90e-03
1.29703e+00 2.91e-03
1.29719e+00 2.91e-03
1.29749e+00 2.91e-03
1.29839e+00 2.90e-03
1.29869e+00 2.88e-03
1.29899e+00 2.87e-03
1.29929e+00 2.85e-03
1.29943e+00 2.84e-03
1.29973e+00 2.85e-03
1.30003e+00 2.86e-03
1.30033e+00 2.87e-03
1.30079e+00 2.87e-03
1.30465e+00 2.85e-03
1.30690e+00 2.83e-03
1.30882e+00 2.82e-03
1.31222e+00 2.82e-03
1.31267e+00 2.82e-03
1.31560e+00 2.82e-03
1.31767e+00 2.81e-03
1.31914e+00 2.80e-03
1.32090e+00 2.79e-03
1.32149e+00 2.79e-03
1.32192e+00 2.78e-03
1.32221e+00 2.78e-03
1.32660e+00 2.75e-03
1.32676e+00 2.76e-03
1.32689e+00 2.77e-03
1.32705e+00 2.77e-03
1.32734e+00 2.75e-03
1.32747e+00 2.75e-03
1.32776e+00 2.76e-03
1.32790e+00 2.76e-03
1.32806e+00 2.75e-03
1.32819e+00 2.74e-03
1.33126e+00 2.72e-03
1.33213e+00 2.72e-03
1.33226e+00 2.78e-03
1.33271e+00 2.77e-03
1.33284e+00 2.77e-03
1.33313e+00 2.79e-03
1.33342e+00 2.80e-03
1.33358e+00 2.81e-03
1.33371e+00 2.80e-03
1.33400e+00 2.78e-03
1.33445e+00 2.76e-03
1.33574e+00 2.75e-03
1.33587e+00 2.76e-03
1.33632e+00 2.76e-03
1.33645e+00 2.76e-03
1.33674e+00 2.76e-03
1.33703e+00 2.75e-03
1.33805e+00 2.75e-03
1.33847e+00 2.75e-03
1.33863e+00 2.75e-03
1.33891e+00 2.76e-03
1.33920e+00 2.77e-03
1.33933e+00 2.76e-03
1.33949e+00 2.76e-03
1.33962e+00 2.76e-03
1.33978e+00 2.76e-03
1.33991e+00 2.75e-03
1.34007e+00 2.75e-03
1.34151e+00 2.75e-03
1.34192e+00 2.74e-03
1.34221e+00 2.75e-03
1.34438e+00 2.74e-03
1.34651e+00 2.74e-03
1.34909e+00 2.74e-03
1.34950e+00 2.74e-03
1.34979e+00 2.75e-03
1.35023e+00 2.75e-03
1.35336e+00 2.75e-03
1.35393e+00 2.76e-03
1.35406e+00 2.76e-03
1.35421e+00 2.76e-03
1.35449e+00 2.77e-03
1.35491e+00 2.78e-03
1.35535e+00 2.77e-03
1.35547e+00 2.79e-03
1.35576e+00 2.84e-03
1.35604e+00 2.89e-03
1.35620e+00 2.86e-03
1.35648e+00 2.78e-03
1.35661e+00 2.75e-03
1.35705e+00 2.76e-03
1.35761e+00 2.77e-03
1.35789e+00 2.77e-03
1.35818e+00 2.77e-03
1.35846e+00 2.78e-03
1.35859e+00 2.78e-03
1.35874e+00 2.88e-03
1.35887e+00 3.04e-03
1.35903e+00 3.04e-03
1.35915e+00 2.79e-03
1.35944e+00 2.79e-03
1.35959e+00 2.80e-03
1.35972e+00 2.80e-03
1.36016e+00 2.80e-03
1.36044e+00 2.81e-03
1.36072e+00 2.82e-03
1.36100e+00 2.82e-03
1.36128e+00 2.83e-03
1.36157e+00 2.83e-03
1.36185e+00 2.84e-03
1.36213e+00 2.84e-03
1.36241e+00 2.85e-03
1.36269e+00 2.85e-03
1.36297e+00 2.86e-03
1.36326e+00 2.86e-03
1.36354e+00 2.87e-03
1.36369e+00 2.87e-03
1.36382e+00 2.89e-03
1.36453e+00 2.90e-03
1.36522e+00 2.90e-03
1.36579e+00 2.89e-03
1.36635e+00 2.89e-03
1.36663e+00 2.89e-03
1.36678e+00 2.90e-03
1.36691e+00 2.91e-03
1.36706e+00 2.89e-03
1.36734e+00 2.87e-03
1.36762e+00 2.86e-03
1.36790e+00 2.84e-03
1.36803e+00 2.83e-03
1.36831e+00 2.83e-03
1.36859e+00 2.82e-03
1.36887e+00 2.81e-03
1.36915e+00 2.80e-03
1.36945e+00 2.79e-03
1.36973e+00 2.79e-03
1.37001e+00 2.78e-03
1.37029e+00 2.77e-03
1.37057e+00 2.76e-03
1.37085e+00 2.75e-03
1.37113e+00 2.75e-03
1.37141e+00 2.74e-03
1.37169e+00 2.73e-03
1.37197e+00 2.73e-03
1.37225e+00 2.72e-03
1.37252e+00 2.71e-03
1.37280e+00 2.71e-03
1.37308e+00 2.70e-03
1.37349e+00 2.70e-03
1.37377e+00 2.69e-03
1.37404e+00 2.68e-03
1.37435e+00 2.68e-03
1.37463e+00 2.67e-03
1.37490e+00 2.67e-03
1.37518e+00 2.66e-03
1.37546e+00 2.66e-03
1.37574e+00 2.65e-03
1.37602e+00 2.65e-03
1.37629e+00 2.64e-03
1.37657e+00 2.64e-03
1.37685e+00 2.63e-03
1.37713e+00 2.63e-03
1.37740e+00 2.62e-03
1.37768e+00 2.62e-03
1.37796e+00 2.62e-03
1.37824e+00 2.61e-03
1.37851e+00 2.61e-03
1.37867e+00 2.61e-03
1.37894e+00 2.59e-03
1.37922e+00 2.58e-03
1.37935e+00 2.58e-03
1.37950e+00 2.58e-03
1.37962e+00 2.59e-03
1.37977e+00 2.60e-03
1.37990e+00 2.59e-03
1.38060e+00 2.58e-03
1.38088e+00 2.58e-03
1.38103e+00 2.57e-03
1.38116e+00 2.58e-03
1.38143e+00 2.57e-03
1.38352e+00 2.56e-03
1.38489e+00 2.55e-03
1.38517e+00 2.55e-03
1.38532e+00 2.56e-03
1.38544e+00 2.58e-03
1.38559e+00 2.56e-03
1.38602e+00 2.55e-03
1.38712e+00 2.55e-03
1.38739e+00 2.55e-03
1.38767e+00 2.54e-03
1.38794e+00 2.54e-03
1.38809e+00 2.54e-03
1.38822e+00 2.70e-03
1.38849e+00 2.70e-03
1.38892e+00 2.69e-03
1.38919e+00 2.70e-03
1.38946e+00 2.69e-03
1.38959e+00 2.68e-03
1.39016e+00 2.68e-03
1.39153e+00 2.67e-03
1.39387e+00 2.65e-03
1.39429e+00 2.65e-03
1.39456e+00 2.66e-03
1.39483e+00 2.66e-03
1.39511e+00 2.67e-03
1.39538e+00 2.68e-03
1.39565e+00 2.68e-03
1.39580e+00 2.68e-03
1.39647e+00 2.68e-03
1.39704e+00 2.68e-03
1.39825e+00 2.67e-03
1.39921e+00 2.66e-03
1.39936e+00 2.66e-03
1.39948e+00 2.67e-03
1.39963e+00 2.67e-03
1.39975e+00 2.67e-03
1.40005e+00 2.66e-03
1.40059e+00 2.66e-03
1.40099e+00 2.66e-03
1.40128e+00 2.66e-03
1.40140e+00 2.67e-03
1.40155e+00 2.67e-03
1.40168e+00 2.73e-03
1.40195e+00 3.35e-03
1.40209e+00 3.66e-03
1.40222e+00 3.36e-03
1.40236e+00 2.88e-03
1.40251e+00 2.64e-03
1.40278e+00 2.64e-03
1.40318e+00 2.64e-03
1.40467e+00 2.64e-03
1.40837e+00 2.64e-03
1.40903e+00 2.64e-03
1.41108e+00 2.64e-03
1.41284e+00 2.64e-03
1.41311e+00 2.64e-03
1.41325e+00 2.64e-03
1.41340e+00 2.64e-03
1.41367e+00 2.67e-03
1.41393e+00 2.63e-03
1.41406e+00 2.63e-03
1.41447e+00 2.63e-03
1.41757e+00 2.63e-03
1.41784e+00 2.64e-03
1.41799e+00 2.64e-03
1.41813e+00 2.64e-03
1.41852e+00 2.63e-03
1.41893e+00 2.63e-03
1.42299e+00 2.62e-03
1.42325e+00 2.61e-03
1.42337e+00 2.62e-03
1.42352e+00 2.73e-03
1.42366e+00 2.84e-03
1.42378e+00 2.83e-03
1.42393e+00 2.76e-03
1.42405e+00 2.68e-03
1.42419e+00 2.63e-03
1.42434e+00 2.61e-03
1.42446e+00 2.58e-03
1.42472e+00 2.61e-03
1.42487e+00 2.62e-03
1.42554e+00 2.62e-03
1.42580e+00 2.62e-03
1.42607e+00 2.63e-03
1.42621e+00 2.64e-03
1.42648e+00 2.62e-03
1.42662e+00 2.62e-03
1.42674e+00 2.61e-03
1.42796e+00 2.61e-03
1.42808e+00 2.61e-03
1.42835e+00 2.66e-03
1.42864e+00 2.70e-03
1.42876e+00 2.70e-03
1.42902e+00 2.65e-03
1.42916e+00 2.63e-03
1.42931e+00 2.61e-03
1.43050e+00 2.61e-03
1.43077e+00 2.61e-03
1.43091e+00 2.62e-03
1.43105e+00 2.62e-03
1.43132e+00 2.61e-03
1.43144e+00 2.67e-03
1.43158e+00 2.83e-03
1.43172e+00 2.93e-03
1.43198e+00 2.60e-03
1.43210e+00 2.59e-03
1.43306e+00 2.59e-03
1.43799e+00 2.58e-03
1.43813e+00 2.58e-03
1.43827e+00 2.58e-03
1.43867e+00 2.58e-03
1.44092e+00 2.58e-03
1.44173e+00 2.58e-03
1.44187e+00 2.58e-03
1.44213e+00 2.59e-03
1.44225e+00 2.60e-03
1.44253e+00 2.61e-03
1.44293e+00 2.63e-03
1.44319e+00 2.60e-03
1.44345e+00 2.56e-03
1.44360e+00 2.56e-03
1.44386e+00 2.56e-03
1.44426e+00 2.56e-03
1.44452e+00 2.56e-03
1.44466e+00 2.56e-03
1.44506e+00 2.57e-03
1.44518e+00 2.58e-03
1.44532e+00 2.58e-03
1.44546e+00 2.56e-03
1.44558e+00 2.57e-03
1.44586e+00 2.56e-03
1.44598e+00 2.57e-03
1.44612e+00 2.57e-03
1.44626e+00 2.56e-03
1.44809e+00 2.57e-03
1.44943e+00 2.57e-03
1.44983e+00 2.57e-03
1.45023e+00 2.57e-03
1.45037e+00 2.57e-03
1.45049e+00 2.58e-03
1.45063e+00 2.58e-03
1.45075e+00 2.59e-03
1.45089e+00 2.58e-03
1.45103e+00 2.57e-03
1.45115e+00 2.56e-03
1.45154e+00 2.56e-03
1.45222e+00 2.57e-03
1.45248e+00 2.57e-03
1.45262e+00 3.44e-03
1.45274e+00 4.44e-03
1.45288e+00 3.47e-03
1.45302e+00 2.56e-03
1.45393e+00 2.57e-03
1.45631e+00 2.58e-03
1.45922e+00 2.59e-03
1.46001e+00 2.59e-03
1.46026e+00 2.59e-03
1.46040e+00 2.60e-03
1.46054e+00 2.60e-03
1.46066e+00 2.59e-03
1.46080e+00 2.59e-03
1.46105e+00 2.60e-03
1.46119e+00 2.62e-03
1.46133e+00 2.68e-03
1.46145e+00 2.71e-03
1.46184e+00 2.60e-03
1.46395e+00 2.61e-03
1.46409e+00 2.61e-03
1.46423e+00 2.62e-03
1.46434e+00 2.63e-03
1.46448e+00 2.62e-03
1.46619e+00 2.63e-03
1.46644e+00 2.63e-03
1.46672e+00 2.64e-03
1.46686e+00 2.64e-03
1.46698e+00 2.63e-03
1.46999e+00 2.64e-03
1.47130e+00 2.64e-03
1.47158e+00 2.64e-03
1.47171e+00 2.71e-03
1.47183e+00 2.65e-03
1.47197e+00 2.63e-03
1.47222e+00 2.64e-03
1.47236e+00 2.64e-03
1.47249e+00 2.64e-03
1.47288e+00 2.64e-03
1.47602e+00 2.64e-03
1.47693e+00 2.63e-03
1.47851e+00 2.63e-03
1.48085e+00 2.64e-03
1.48099e+00 2.64e-03
1.48113e+00 2.65e-03
1.48124e+00 2.66e-03
1.48138e+00 2.67e-03
1.48176e+00 2.64e-03
1.48204e+00 2.64e-03
1.48242e+00 2.65e-03
1.48269e+00 2.64e-03
1.48372e+00 2.65e-03
1.48451e+00 2.65e-03
1.48476e+00 2.65e-03
1.48489e+00 2.66e-03
1.48503e+00 2.65e-03
1.48517e+00 2.66e-03
1.48528e+00 2.67e-03
1.48555e+00 2.69e-03
1.48569e+00 2.69e-03
1.48582e+00 2.70e-03
1.48594e+00 2.69e-03
1.48607e+00 2.67e-03
1.48621e+00 2.65e-03
1.48646e+00 2.65e-03
1.48673e+00 2.66e-03
1.48711e+00 2.66e-03
1.48867e+00 2.68e-03
1.48908e+00 2.68e-03
1.48919e+00 2.69e-03
1.48932e+00 2.72e-03
1.48971e+00 2.69e-03
1.49101e+00 2.70e-03
1.49128e+00 2.70e-03
1.49167e+00 2.71e-03
1.49218e+00 2.71e-03
1.49466e+00 2.73e-03
1.49634e+00 2.74e-03
1.49855e+00 2.74e-03
1.50190e+00 2.75e-03
1.50230e+00 2.75e-03
1.50257e+00 2.75e-03
1.50268e+00 2.75e-03
1.50281e+00 2.76e-03
1.50294e+00 2.75e-03
1.50308e+00 2.75e-03
1.50463e+00 2.76e-03
1.50565e+00 2.76e-03
1.50643e+00 2.77e-03
1.50670e+00 2.78e-03
1.50694e+00 2.77e-03
1.50721e+00 2.78e-03
1.50760e+00 2.78e-03
1.50785e+00 2.78e-03
1.50811e+00 2.78e-03
1.50838e+00 2.79e-03
1.50862e+00 2.79e-03
1.50889e+00 2.79e-03
1.50915e+00 2.80e-03
1.50940e+00 2.80e-03
1.50966e+00 2.80e-03
1.50993e+00 2.81e-03
1.51017e+00 2.81e-03
1.51043e+00 2.82e-03
1.51147e+00 2.83e-03
1.51174e+00 2.83e-03
1.51198e+00 2.84e-03
1.51224e+00 2.84e-03
1.51238e+00 2.85e-03
1.51251e+00 2.85e-03
1.51264e+00 2.86e-03
1.51275e+00 2.87e-03
1.51288e+00 2.88e-03
1.51302e+00 2.86e-03
1.51315e+00 2.84e-03
1.51328e+00 2.84e-03
1.51352e+00 2.85e-03
1.51418e+00 2.86e-03
1.51535e+00 2.87e-03
1.51675e+00 2.87e-03
1.51702e+00 2.87e-03
1.51715e+00 2.87e-03
1.51752e+00 2.87e-03
1.51908e+00 2.88e-03
1.52010e+00 2.88e-03
1.52048e+00 2.89e-03
1.52126e+00 2.89e-03
1.52152e+00 2.90e-03
1.52176e+00 2.90e-03
1.52203e+00 2.90e-03
1.52229e+00 2.91e-03
1.52255e+00 2.91e-03
1.52281e+00 2.91e-03
1.52305e+00 2.92e-03
1.52331e+00 2.92e-03
1.52357e+00 2.92e-03
1.52384e+00 2.93e-03
1.52408e+00 2.93e-03
1.52434e+00 2.94e-03
1.52460e+00 2.94e-03
1.52486e+00 2.95e-03
1.52512e+00 2.95e-03
1.52538e+00 2.95e-03
1.52562e+00 2.96e-03
1.52588e+00 2.96e-03
1.52614e+00 2.97e-03
1.52640e+00 2.97e-03
1.52653e+00 2.98e-03
1.52666e+00 3.00e-03
1.52680e+00 3.00e-03
1.52690e+00 2.98e-03
1.52769e+00 2.99e-03
1.52782e+00 3.17e-03
1.53063e+00 3.19e-03
1.53076e+00 3.19e-03
1.53089e+00 3.20e-03
1.53102e+00 3.20e-03
1.53115e+00 3.18e-03
1.53128e+00 3.17e-03
1.53167e+00 3.18e-03
1.53308e+00 3.17e-03
1.53359e+00 3.18e-03
1.53461e+00 3.18e-03
1.53616e+00 3.19e-03
1.53629e+00 3.20e-03
1.53781e+00 3.22e-03
1.53807e+00 3.22e-03
1.53833e+00 3.22e-03
1.53859e+00 3.23e-03
1.53884e+00 3.23e-03
1.53910e+00 3.23e-03
1.53936e+00 3.24e-03
1.53962e+00 3.24e-03
1.53987e+00 3.25e-03
1.54013e+00 3.25e-03
1.54037e+00 3.26e-03
1.54050e+00 3.26e-03
1.54062e+00 3.26e-03
1.54075e+00 3.26e-03
1.54101e+00 3.27e-03
1.54127e+00 3.28e-03
1.54139e+00 3.28e-03
1.54152e+00 3.29e-03
1.54178e+00 3.34e-03
1.54204e+00 3.38e-03
1.54229e+00 3.43e-03
1.54242e+00 3.45e-03
1.54255e+00 3.44e-03
1.54281e+00 3.38e-03
1.54306e+00 3.33e-03
1.54319e+00 3.30e-03
1.54332e+00 3.29e-03
1.54345e+00 3.30e-03
1.54358e+00 3.31e-03
1.54370e+00 3.32e-03
1.54383e+00 3.29e-03
1.54409e+00 3.30e-03
1.54434e+00 3.31e-03
1.54460e+00 3.32e-03
1.54486e+00 3.33e-03
1.54511e+00 3.33e-03
1.54537e+00 3.34e-03
1.54562e+00 3.35e-03
1.54588e+00 3.35e-03
1.54614e+00 3.36e-03
1.54639e+00 3.36e-03
1.54665e+00 3.37e-03
1.54690e+00 3.37e-03
1.54716e+00 3.38e-03
1.54741e+00 3.39e-03
1.54767e+00 3.39e-03
1.54792e+00 3.40e-03
1.54818e+00 3.40e-03
1.54843e+00 3.41e-03
1.54869e+00 3.41e-03
1.54894e+00 3.42e-03
1.54920e+00 3.43e-03
1.54945e+00 3.43e-03
1.54971e+00 3.44e-03
1.54996e+00 3.44e-03
1.55022e+00 3.45e-03
1.55047e+00 3.46e-03
1.55073e+00 3.46e-03
1.55098e+00 3.47e-03
1.55126e+00 3.48e-03
1.55151e+00 3.48e-03
1.55177e+00 3.49e-03
1.55202e+00 3.50e-03
1.55227e+00 3.50e-03
1.55253e+00 3.51e-03
1.55278e+00 3.52e-03
1.55304e+00 3.52e-03
1.55329e+00 3.53e-03
1.55354e+00 3.54e-03
1.55380e+00 3.54e-03
1.55405e+00 3.55e-03
1.55431e+00 3.56e-03
1.55456e+00 3.57e-03
1.55483e+00 3.57e-03
1.55509e+00 3.58e-03
1.55534e+00 3.59e-03
1.55559e+00 3.60e-03
1.55585e+00 3.60e-03
1.55610e+00 3.61e-03
1.55635e+00 3.62e-03
1.55661e+00 3.63e-03
1.55686e+00 3.63e-03
1.55713e+00 3.64e-03
1.55739e+00 3.65e-03
1.55764e+00 3.66e-03
1.55789e+00 3.67e-03
1.55814e+00 3.68e-03
1.55840e+00 3.68e-03
1.55865e+00 3.69e-03
1.55890e+00 3.70e-03
1.55918e+00 3.71e-03
1.55943e+00 3.72e-03
1.55968e+00 3.73e-03
1.55993e+00 3.74e-03
1.56018e+00 3.74e-03
1.56044e+00 3.75e-03
1.56069e+00 3.76e-03
1.56096e+00 3.77e-03
1.56121e+00 3.78e-03
1.56147e+00 3.79e-03
1.56172e+00 3.80e-03
1.56197e+00 3.81e-03
1.56222e+00 3.82e-03
1.56249e+00 3.83e-03
1.56274e+00 3.84e-03
1.56300e+00 3.85e-03
1.56325e+00 3.86e-03
1.56350e+00 3.87e-03
1.56375e+00 3.88e-03
1.56402e+00 3.89e-03
1.56427e+00 3.90e-03
1.56452e+00 3.91e-03
1.56478e+00 3.92e-03
1.56503e+00 3.93e-03
1.56530e+00 3.94e-03
1.56555e+00 3.95e-03
1.56580e+00 3.96e-03
1.56605e+00 3.97e-03
1.56630e+00 3.98e-03
1.56657e+00 3.99e-03
1.56682e+00 4.00e-03
1.56707e+00 4.01e-03
1.56732e+00 4.02e-03
1.56759e+00 4.04e-03
1.56784e+00 4.05e-03
1.56809e+00 4.06e-03
1.56835e+00 4.07e-03
1.56862e+00 4.08e-03
1.56887e+00 4.09e-03
1.56912e+00 4.11e-03
1.56937e+00 4.12e-03
1.56964e+00 4.13e-03
1.56989e+00 4.14e-03
1.57014e+00 4.16e-03
1.57039e+00 4.17e-03
1.57066e+00 4.18e-03
1.57090e+00 4.20e-03
1.57115e+00 4.21e-03
1.57140e+00 4.22e-03
1.57167e+00 4.24e-03
1.57192e+00 4.25e-03
1.57217e+00 4.26e-03
1.57244e+00 4.28e-03
1.57269e+00 4.29e-03
1.57294e+00 4.31e-03
1.57319e+00 4.32e-03
1.57346e+00 4.33e-03
1.57371e+00 4.35e-03
1.57396e+00 4.36e-03
1.57423e+00 4.38e-03
1.57447e+00 4.39e-03
1.57472e+00 4.41e-03
1.57499e+00 4.42e-03
1.57524e+00 4.44e-03
1.57549e+00 4.46e-03
1.57574e+00 4.47e-03
1.57601e+00 4.49e-03
1.57625e+00 4.50e-03
1.57650e+00 4.52e-03
1.57677e+00 4.54e-03
1.57702e+00 4.56e-03
1.57727e+00 4.58e-03
1.57753e+00 4.60e-03
1.57778e+00 4.62e-03
1.57805e+00 4.63e-03
1.57830e+00 4.65e-03
1.57855e+00 4.66e-03
1.57881e+00 4.68e-03
1.57906e+00 4.69e-03
1.57931e+00 4.71e-03
1.57958e+00 4.73e-03
1.57982e+00 4.75e-03
1.58007e+00 4.76e-03
1.58034e+00 4.78e-03
1.58059e+00 4.80e-03
1.58085e+00 4.82e-03
1.58110e+00 4.84e-03
1.58135e+00 4.86e-03
1.58161e+00 4.88e-03
1.58186e+00 4.90e-03
1.58213e+00 4.92e-03
1.58237e+00 4.94e-03
1.58262e+00 4.96e-03
1.58289e+00 4.98e-03
1.58314e+00 5.00e-03
1.58340e+00 5.02e-03
1.58365e+00 5.04e-03
1.58389e+00 5.07e-03
1.58416e+00 5.09e-03
1.58441e+00 5.11e-03
1.58467e+00 5.13e-03
1.58492e+00 5.16e-03
1.58519e+00 5.18e-03
1.58543e+00 5.20e-03
1.58568e+00 5.23e-03
1.58594e+00 5.25e-03
1.58619e+00 5.27e-03
1.58646e+00 5.30e-03
1.58670e+00 5.32e-03
1.58697e+00 5.35e-03
1.58721e+00 5.37e-03
1.58748e+00 5.40e-03
1.58772e+00 5.42e-03
1.58799e+00 5.45e-03
1.58823e+00 5.47e-03
1.58848e+00 5.50e-03
1.58875e+00 5.53e-03
1.58899e+00 5.56e-03
1.58926e+00 5.58e-03
1.58950e+00 5.61e-03
1.58977e+00 5.64e-03
1.59001e+00 5.67e-03
1.59028e+00 5.70e-03
1.59052e+00 5.73e-03
1.59079e+00 5.76e-03
1.59103e+00 5.79e-03
1.59129e+00 5.82e-03
1.59154e+00 5.85e-03
1.59180e+00 5.88e-03
1.59207e+00 5.91e-03
1.59231e+00 5.94e-03
1.59258e+00 5.97e-03
1.59282e+00 6.01e-03
1.59308e+00 6.04e-03
1.59333e+00 6.08e-03
1.59345e+00 6.09e-03
1.59371e+00 6.14e-03
1.59398e+00 6.18e-03
1.59422e+00 6.22e-03
1.59449e+00 6.25e-03
1.59473e+00 6.27e-03
1.59499e+00 6.30e-03
1.59524e+00 6.34e-03
1.59550e+00 6.37e-03
1.59574e+00 6.41e-03
1.59601e+00 6.45e-03
1.59627e+00 6.49e-03
1.59651e+00 6.53e-03
1.59678e+00 6.57e-03
1.59702e+00 6.61e-03
1.59728e+00 6.65e-03
1.59755e+00 6.69e-03
1.59779e+00 6.73e-03
1.59805e+00 6.77e-03
1.59830e+00 6.82e-03
1.59856e+00 6.86e-03
1.59882e+00 6.91e-03
1.59906e+00 6.95e-03
1.59933e+00 7.00e-03
1.59957e+00 7.04e-03
1.59983e+00 7.09e-03
1.60009e+00 7.14e-03
1.60034e+00 7.19e-03
1.60060e+00 7.24e-03
1.60086e+00 7.29e-03
1.60110e+00 7.34e-03
1.60137e+00 7.39e-03
1.60161e+00 7.44e-03
1.60187e+00 7.49e-03
1.60213e+00 7.55e-03
1.60237e+00 7.60e-03
1.60263e+00 7.66e-03
1.60290e+00 7.71e-03
1.60314e+00 7.77e-03
1.60340e+00 7.83e-03
1.60366e+00 7.89e-03
1.60390e+00 7.95e-03
1.60416e+00 8.01e-03
1.60443e+00 8.07e-03
1.60469e+00 8.13e-03
1.60493e+00 8.20e-03
1.60519e+00 8.27e-03
1.60531e+00 8.31e-03
1.60545e+00 8.36e-03
1.60569e+00 8.47e-03
1.60583e+00 8.53e-03
1.60595e+00 8.54e-03
1.60621e+00 8.53e-03
1.60633e+00 8.55e-03
1.60659e+00 8.62e-03
1.60685e+00 8.69e-03
1.60710e+00 8.76e-03
1.60736e+00 8.83e-03
1.60762e+00 8.91e-03
1.60786e+00 8.98e-03
1.60812e+00 9.06e-03
1.60838e+00 9.14e-03
1.60864e+00 9.22e-03
1.60888e+00 9.30e-03
1.60914e+00 9.38e-03
1.60940e+00 9.46e-03
1.60966e+00 9.55e-03
1.60990e+00 9.64e-03
1.61016e+00 9.73e-03
1.61042e+00 9.81e-03
1.61068e+00 9.91e-03
1.61094e+00 1.00e-02
1.61118e+00 1.01e-02
1.61144e+00 1.02e-02
1.61170e+00 1.03e-02
1.61195e+00 1.04e-02
1.61219e+00 1.05e-02
1.61245e+00 1.06e-02
1.61271e+00 1.07e-02
1.61297e+00 1.08e-02
1.61323e+00 1.09e-02
1.61347e+00 1.10e-02
1.61373e+00 1.11e-02
1.61399e+00 1.12e-02
1.61425e+00 1.14e-02
1.61451e+00 1.15e-02
1.61476e+00 1.16e-02
1.61500e+00 1.17e-02
1.61526e+00 1.19e-02
1.61552e+00 1.20e-02
1.61578e+00 1.21e-02
1.61604e+00 1.23e-02
1.61629e+00 1.24e-02
1.61655e+00 1.25e-02
1.61679e+00 1.27e-02
1.61705e+00 1.28e-02
1.61731e+00 1.30e-02
1.61756e+00 1.31e-02
1.61782e+00 1.33e-02
1.61808e+00 1.34e-02
1.61834e+00 1.36e-02
1.61860e+00 1.38e-02
1.61883e+00 1.39e-02
1.61909e+00 1.41e-02
1.61935e+00 1.43e-02
1.61961e+00 1.45e-02
1.61986e+00 1.46e-02
1.62012e+00 1.48e-02
1.62038e+00 1.50e-02
1.62063e+00 1.52e-02
1.62089e+00 1.54e-02
1.62115e+00 1.56e-02
1.62141e+00 1.58e-02
1.62164e+00 1.61e-02
1.62190e+00 1.63e-02
1.62216e+00 1.65e-02
1.62241e+00 1.67e-02
1.62267e+00 1.70e-02
1.62293e+00 1.72e-02
1.62318e+00 1.75e-02
1.62344e+00 1.77e-02
1.62370e+00 1.80e-02
1.62395e+00 1.83e-02
1.62421e+00 1.85e-02
1.62446e+00 1.88e-02
1.62472e+00 1.91e-02
1.62498e+00 1.94e-02
1.62523e+00 1.97e-02
1.62549e+00 2.00e-02
1.62574e+00 2.03e-02
1.62600e+00 2.07e-02
1.62626e+00 2.10e-02
1.62651e+00 2.13e-02
1.62677e+00 2.17e-02
1.62702e+00 2.21e-02
1.62728e+00 2.25e-02
1.62753e+00 2.28e-02
1.62779e+00 2.32e-02
1.62804e+00 2.37e-02
1.62830e+00 2.41e-02
1.62855e+00 2.45e-02
1.62881e+00 2.50e-02
1.62906e+00 2.54e-02
1.62932e+00 2.59e-02
1.62957e+00 2.64e-02
1.62983e+00 2.69e-02
1.63008e+00 2.74e-02
1.63034e+00 2.80e-02
1.63061e+00 2.85e-02
1.63087e+00 2.91e-02
1.63112e+00 2.97e-02
1.63138e+00 3.03e-02
1.63163e+00 3.09e-02
1.63188e+00 3.16e-02
1.63214e+00 3.23e-02
1.63239e+00 3.30e-02
1.63265e+00 3.37e-02
1.63290e+00 3.45e-02
1.63315e+00 3.52e-02
1.63343e+00 3.61e-02
1.63368e+00 3.69e-02
1.63394e+00 3.78e-02
1.63419e+00 3.87e-02
1.63444e+00 3.96e-02
1.63470e+00 4.06e-02
1.63495e+00 4.16e-02
1.63520e+00 4.26e-02
1.63548e+00 4.37e-02
1.63573e+00 4.49e-02
1.63598e+00 4.61e-02
1.63624e+00 4.73e-02
1.63649e+00 4.86e-02
1.63674e+00 4.99e-02
1.63701e+00 5.13e-02
1.63727e+00 5.28e-02
1.63752e+00 5.43e-02
1.63777e+00 5.59e-02
1.63803e+00 5.76e-02
1.63830e+00 5.93e-02
1.63855e+00 6.12e-02
1.63880e+00 6.31e-02
1.63905e+00 6.51e-02
1.63931e+00 6.72e-02
1.63958e+00 6.95e-02
1.63983e+00 7.18e-02
1.64008e+00 7.43e-02
1.64034e+00 7.69e-02
1.64059e+00 7.96e-02
1.64086e+00 8.25e-02
1.64098e+00 8.40e-02
1.64111e+00 8.55e-02
1.64136e+00 8.88e-02
1.64150e+00 9.04e-02
1.64161e+00 9.22e-02
1.64175e+00 9.40e-02
1.64189e+00 9.58e-02
1.64200e+00 9.77e-02
1.64214e+00 9.97e-02
1.64239e+00 1.04e-01
1.64252e+00 1.06e-01
1.64264e+00 1.08e-01
1.64278e+00 1.10e-01
1.64291e+00 1.13e-01
1.64303e+00 1.15e-01
1.64316e+00 1.18e-01
1.64330e+00 1.20e-01
1.64341e+00 1.23e-01
1.64355e+00 1.26e-01
1.64368e+00 1.28e-01
1.64380e+00 1.31e-01
1.64394e+00 1.34e-01
1.64405e+00 1.38e-01
1.64419e+00 1.41e-01
1.64432e+00 1.44e-01
1.64444e+00 1.48e-01
1.64457e+00 1.51e-01
1.64471e+00 1.55e-01
1.64482e+00 1.59e-01
1.64496e+00 1.63e-01
1.64509e+00 1.67e-01
1.64521e+00 1.72e-01
1.64535e+00 1.76e-01
1.64548e+00 1.81e-01
1.64560e+00 1.86e-01
1.64573e+00 1.91e-01
1.64587e+00 1.96e-01
1.64598e+00 2.02e-01
1.64612e+00 2.08e-01
1.64625e+00 2.14e-01
1.64637e+00 2.20e-01
1.64650e+00 2.27e-01
1.64664e+00 2.34e-01
1.64675e+00 2.41e-01
1.64689e+00 2.48e-01
1.64702e+00 2.56e-01
1.64714e+00 2.64e-01
1.64727e+00 2.73e-01
1.64741e+00 2.82e-01
1.64752e+00 2.92e-01
1.64766e+00 3.02e-01
1.64779e+00 3.12e-01
1.64791e+00 3.23e-01
1.64804e+00 3.35e-01
1.64818e+00 3.47e-01
1.64829e+00 3.60e-01
1.64843e+00 3.73e-01
1.64856e+00 3.88e-01
1.64868e+00 4.03e-01
1.64881e+00 4.19e-01
1.64895e+00 4.36e-01
1.64906e+00 4.54e-01
1.64920e+00 4.73e-01
1.64933e+00 4.93e-01
1.64947e+00 5.14e-01
1.64958e+00 5.37e-01
1.64972e+00 5.61e-01
1.64985e+00 5.86e-01
1.64997e+00 6.14e-01
1.65010e+00 6.43e-01
1.65023e+00 6.74e-01
1.65035e+00 7.07e-01
1.65048e+00 7.42e-01
1.65062e+00 7.80e-01
1.65075e+00 8.21e-01
1.65087e+00 8.64e-01
1.65100e+00 9.11e-01
1.65114e+00 9.60e-01
1.65125e+00 1.01e+00
1.65139e+00 1.07e+00
1.65152e+00 1.13e+00
1.65163e+00 1.20e+00
1.65177e+00 1.27e+00
1.65190e+00 1.34e+00
1.65204e+00 1.43e+00
1.65215e+00 1.51e+00
1.65229e+00 1.60e+00
1.65242e+00 1.70e+00
1.65254e+00 1.81e+00
1.65267e+00 1.92e+00
1.65280e+00 2.03e+00
1.65294e+00 2.15e+00
1.65305e+00 2.28e+00
1.65319e+00 2.40e+00
1.65345e+00 2.66e+00
1.65357e+00 2.79e+00
1.65370e+00 2.91e+00
1.65384e+00 3.02e+00
1.65395e+00 3.12e+00
1.65409e+00 3.21e+00
1.65422e+00 3.28e+00
1.65435e+00 3.33e+00
1.65447e+00 3.35e+00
1.65460e+00 3.36e+00
1.65474e+00 3.34e+00
1.65487e+00 3.29e+00
1.65498e+00 3.23e+00
1.65512e+00 3.14e+00
1.65525e+00 3.05e+00
1.65539e+00 2.94e+00
1.65550e+00 2.82e+00
1.65563e+00 2.69e+00
1.65590e+00 2.43e+00
1.65602e+00 2.31e+00
1.65615e+00 2.18e+00
1.65628e+00 2.06e+00
1.65642e+00 1.94e+00
1.65653e+00 1.83e+00
1.65666e+00 1.73e+00
1.65680e+00 1.63e+00
1.65693e+00 1.54e+00
1.65705e+00 1.45e+00
1.65718e+00 1.37e+00
1.65731e+00 1.29e+00
1.65745e+00 1.22e+00
1.65756e+00 1.15e+00
1.65769e+00 1.09e+00
1.65783e+00 1.03e+00
1.65796e+00 9.76e-01
1.65808e+00 9.25e-01
1.65821e+00 8.78e-01
1.65834e+00 8.34e-01
1.65848e+00 7.93e-01
1.65859e+00 7.54e-01
1.65872e+00 7.18e-01
1.65886e+00 6.85e-01
1.65899e+00 6.53e-01
1.65912e+00 6.23e-01
1.65924e+00 5.96e-01
1.65937e+00 5.70e-01
1.65950e+00 5.45e-01
1.65964e+00 5.22e-01
1.65975e+00 5.01e-01
1.65988e+00 4.80e-01
1.66002e+00 4.61e-01
1.66015e+00 4.43e-01
1.66028e+00 4.26e-01
1.66040e+00 4.09e-01
1.66053e+00 3.94e-01
1.66066e+00 3.80e-01
1.66080e+00 3.66e-01
1.66093e+00 3.53e-01
1.66104e+00 3.40e-01
1.66118e+00 3.29e-01
1.66131e+00 3.17e-01
1.66144e+00 3.07e-01
1.66157e+00 2.97e-01
1.66169e+00 2.87e-01
1.66182e+00 2.78e-01
1.66195e+00 2.69e-01
1.66209e+00 2.61e-01
1.66222e+00 2.53e-01
1.66233e+00 2.45e-01
1.66247e+00 2.38e-01
1.66260e+00 2.31e-01
1.66273e+00 2.24e-01
1.66286e+00 2.18e-01
1.66298e+00 2.12e-01
1.66311e+00 2.06e-01
1.66324e+00 2.00e-01
1.66338e+00 1.95e-01
1.66351e+00 1.89e-01
1.66362e+00 1.85e-01
1.66376e+00 1.80e-01
1.66389e+00 1.75e-01
1.66402e+00 1.71e-01
1.66415e+00 1.66e-01
1.66429e+00 1.62e-01
1.66440e+00 1.58e-01
1.66453e+00 1.55e-01
1.66466e+00 1.51e-01
1.66480e+00 1.47e-01
1.66493e+00 1.44e-01
1.66506e+00 1.41e-01
1.66518e+00 1.37e-01
1.66531e+00 1.34e-01
1.66544e+00 1.31e-01
1.66557e+00 1.28e-01
1.66570e+00 1.26e-01
1.66584e+00 1.23e-01
1.66595e+00 1.20e-01
1.66608e+00 1.18e-01
1.66622e+00 1.15e-01
1.66635e+00 1.13e-01
1.66648e+00 1.11e-01
1.66661e+00 1.08e-01
1.66673e+00 1.06e-01
1.66686e+00 1.04e-01
1.66699e+00 1.02e-01
1.66712e+00 1.00e-01
1.66725e+00 9.83e-02
1.66739e+00 9.65e-02
1.66752e+00 9.47e-02
1.66763e+00 9.29e-02
1.66776e+00 9.12e-02
1.66790e+00 8.96e-02
1.66816e+00 8.64e-02
1.66842e+00 8.34e-02
1.66867e+00 8.06e-02
1.66893e+00 7.79e-02
1.66920e+00 7.53e-02
1.66944e+00 7.29e-02
1.66970e+00 7.06e-02
1.66997e+00 6.84e-02
1.67023e+00 6.63e-02
1.67050e+00 6.43e-02
1.67074e+00 6.24e-02
1.67100e+00 6.06e-02
1.67127e+00 5.89e-02
1.67153e+00 5.73e-02
1.67177e+00 5.57e-02
1.67204e+00 5.42e-02
1.67230e+00 5.27e-02
1.67256e+00 5.14e-02
1.67283e+00 5.00e-02
1.67307e+00 4.88e-02
1.67333e+00 4.75e-02
1.67360e+00 4.64e-02
1.67386e+00 4.52e-02
1.67412e+00 4.42e-02
1.67438e+00 4.31e-02
1.67463e+00 4.21e-02
1.67489e+00 4.12e-02
1.67515e+00 4.03e-02
1.67541e+00 3.94e-02
1.67567e+00 3.85e-02
1.67594e+00 3.77e-02
1.67620e+00 3.69e-02
1.67644e+00 3.61e-02
1.67670e+00 3.54e-02
1.67697e+00 3.47e-02
1.67723e+00 3.40e-02
1.67749e+00 3.33e-02
1.67775e+00 3.27e-02
1.67801e+00 3.20e-02
1.67827e+00 3.14e-02
1.67853e+00 3.09e-02
1.67880e+00 3.03e-02
1.67906e+00 2.97e-02
1.67930e+00 2.92e-02
1.67956e+00 2.87e-02
1.67982e+00 2.82e-02
1.68008e+00 2.77e-02
1.68034e+00 2.73e-02
1.68060e+00 2.68e-02
1.68073e+00 2.66e-02
1.68087e+00 2.64e-02
1.68100e+00 2.61e-02
1.68126e+00 2.57e-02
1.68152e+00 2.53e-02
1.68178e+00 2.49e-02
1.68204e+00 2.45e-02
1.68230e+00 2.42e-02
1.68256e+00 2.38e-02
1.68282e+00 2.35e-02
1.68308e+00 2.31e-02
1.68334e+00 2.28e-02
1.68360e+00 2.25e-02
1.68386e+00 2.21e-02
1.68412e+00 2.18e-02
1.68438e+00 2.15e-02
1.68464e+00 2.13e-02
1.68490e+00 2.10e-02
1.68516e+00 2.07e-02
1.68542e+00 2.04e-02
1.68570e+00 2.02e-02
1.68595e+00 1.99e-02
1.68621e+00 1.97e-02
1.68647e+00 1.94e-02
1.68673e+00 1.92e-02
1.68699e+00 1.90e-02
1.68725e+00 1.87e-02
1.68751e+00 1.85e-02
1.68777e+00 1.83e-02
1.68803e+00 1.81e-02
1.68829e+00 1.79e-02
1.68856e+00 1.77e-02
1.68882e+00 1.75e-02
1.68908e+00 1.73e-02
1.68934e+00 1.72e-02
1.68960e+00 1.70e-02
1.68986e+00 1.68e-02
1.69011e+00 1.66e-02
1.69039e+00 1.65e-02
1.69065e+00 1.63e-02
1.69091e+00 1.61e-02
1.69117e+00 1.60e-02
1.69142e+00 1.58e-02
1.69155e+00 1.58e-02
1.69170e+00 1.57e-02
1.69196e+00 1.55e-02
1.69222e+00 1.54e-02
1.69247e+00 1.53e-02
1.69273e+00 1.51e-02
1.69301e+00 1.50e-02
1.69326e+00 1.49e-02
1.69352e+00 1.48e-02
1.69378e+00 1.46e-02
1.69405e+00 1.45e-02
1.69431e+00 1.44e-02
1.69457e+00 1.43e-02
1.69483e+00 1.42e-02
1.69510e+00 1.41e-02
1.69536e+00 1.40e-02
1.69562e+00 1.39e-02
1.69587e+00 1.37e-02
1.69615e+00 1.37e-02
1.69640e+00 1.36e-02
1.69666e+00 1.35e-02
1.69694e+00 1.34e-02
1.69719e+00 1.33e-02
1.69745e+00 1.32e-02
1.69771e+00 1.31e-02
1.69798e+00 1.30e-02
1.69824e+00 1.29e-02
1.69849e+00 1.28e-02
1.69877e+00 1.28e-02
1.69902e+00 1.27e-02
1.69930e+00 1.26e-02
1.69955e+00 1.25e-02
1.69981e+00 1.25e-02
1.70008e+00 1.24e-02
1.70034e+00 1.23e-02
1.70059e+00 1.23e-02
1.70087e+00 1.22e-02
1.70112e+00 1.21e-02
1.70140e+00 1.21e-02
1.70165e+00 1.20e-02
1.70191e+00 1.19e-02
1.70218e+00 1.19e-02
1.70244e+00 1.18e-02
1.70271e+00 1.18e-02
1.70296e+00 1.17e-02
1.70324e+00 1.17e-02
1.70349e+00 1.16e-02
1.70375e+00 1.16e-02
1.70402e+00 1.15e-02
1.70428e+00 1.15e-02
1.70455e+00 1.14e-02
1.70480e+00 1.14e-02
1.70508e+00 1.13e-02
1.70533e+00 1.13e-02
1.70560e+00 1.12e-02
1.70586e+00 1.12e-02
1.70613e+00 1.12e-02
1.70638e+00 1.11e-02
1.70666e+00 1.11e-02
1.70691e+00 1.10e-02
1.70718e+00 1.10e-02
1.70744e+00 1.10e-02
1.70771e+00 1.09e-02
1.70798e+00 1.09e-02
1.70823e+00 1.09e-02
1.70850e+00 1.08e-02
1.70876e+00 1.08e-02
1.70903e+00 1.08e-02
1.70928e+00 1.07e-02
1.70955e+00 1.07e-02
1.70983e+00 1.07e-02
1.71008e+00 1.06e-02
1.71035e+00 1.06e-02
1.71060e+00 1.06e-02
1.71087e+00 1.06e-02
1.71115e+00 1.05e-02
1.71140e+00 1.05e-02
1.71167e+00 1.05e-02
1.71194e+00 1.05e-02
1.71219e+00 1.05e-02
1.71246e+00 1.04e-02
1.71273e+00 1.04e-02
1.71299e+00 1.04e-02
1.71326e+00 1.04e-02
1.71353e+00 1.04e-02
1.71378e+00 1.03e-02
1.71405e+00 1.03e-02
1.71432e+00 1.03e-02
1.71457e+00 1.03e-02
1.71484e+00 1.03e-02
1.71511e+00 1.03e-02
1.71538e+00 1.03e-02
1.71563e+00 1.02e-02
1.71590e+00 1.02e-02
1.71709e+00 1.02e-02
1.71856e+00 1.01e-02
1.72028e+00 1.01e-02
1.72187e+00 1.01e-02
1.72321e+00 1.01e-02
1.72428e+00 1.01e-02
1.72560e+00 1.02e-02
1.72587e+00 1.02e-02
1.72601e+00 1.02e-02
1.72614e+00 1.02e-02
1.72640e+00 1.02e-02
1.72667e+00 1.02e-02
1.72694e+00 1.02e-02
1.72720e+00 1.02e-02
1.72747e+00 1.02e-02
1.72774e+00 1.03e-02
1.72800e+00 1.03e-02
1.72829e+00 1.03e-02
1.72855e+00 1.03e-02
1.72882e+00 1.03e-02
1.72909e+00 1.03e-02
1.72935e+00 1.03e-02
1.72962e+00 1.04e-02
1.72988e+00 1.04e-02
1.73015e+00 1.04e-02
1.73042e+00 1.04e-02
1.73068e+00 1.04e-02
1.73095e+00 1.04e-02
1.73121e+00 1.05e-02
1.73150e+00 1.05e-02
1.73176e+00 1.05e-02
1.73203e+00 1.05e-02
1.73229e+00 1.05e-02
1.73256e+00 1.06e-02
1.73282e+00 1.06e-02
1.73309e+00 1.06e-02
1.73337e+00 1.06e-02
1.73364e+00 1.06e-02
1.73390e+00 1.07e-02
1.73417e+00 1.07e-02
1.73443e+00 1.07e-02
1.73471e+00 1.07e-02
1.73498e+00 1.08e-02
1.73524e+00 1.08e-02
1.73551e+00 1.08e-02
1.73579e+00 1.08e-02
1.73605e+00 1.09e-02
1.73632e+00 1.09e-02
1.73658e+00 1.09e-02
1.73686e+00 1.09e-02
1.73713e+00 1.10e-02
1.73739e+00 1.10e-02
1.73766e+00 1.10e-02
1.73794e+00 1.11e-02
1.73820e+00 1.11e-02
1.73846e+00 1.11e-02
1.73875e+00 1.12e-02
1.73901e+00 1.12e-02
1.73927e+00 1.12e-02
1.73955e+00 1.13e-02
1.73982e+00 1.13e-02
1.74008e+00 1.13e-02
1.74036e+00 1.14e-02
1.74062e+00 1.14e-02
1.74089e+00 1.14e-02
1.74117e+00 1.15e-02
1.74143e+00 1.15e-02
1.74171e+00 1.15e-02
1.74197e+00 1.16e-02
1.74224e+00 1.16e-02
1.74252e+00 1.16e-02
1.74278e+00 1.17e-02
1.74306e+00 1.17e-02
1.74332e+00 1.18e-02
1.74360e+00 1.18e-02
1.74386e+00 1.19e-02
1.74414e+00 1.19e-02
1.74441e+00 1.19e-02
1.74467e+00 1.20e-02
1.74495e+00 1.20e-02
1.74521e+00 1.21e-02
1.74549e+00 1.21e-02
1.74575e+00 1.22e-02
1.74603e+00 1.22e-02
1.74629e+00 1.23e-02
1.74657e+00 1.23e-02
1.74685e+00 1.23e-02
1.74711e+00 1.24e-02
1.74739e+00 1.24e-02
1.74765e+00 1.25e-02
1.74793e+00 1.25e-02
1.74819e+00 1.26e-02
1.74847e+00 1.26e-02
1.74875e+00 1.27e-02
1.74901e+00 1.28e-02
1.74929e+00 1.28e-02
1.74955e+00 1.29e-02
1.74983e+00 1.29e-02
1.75010e+00 1.30e-02
1.75036e+00 1.30e-02
1.75064e+00 1.31e-02
1.75092e+00 1.31e-02
1.75118e+00 1.32e-02
1.75146e+00 1.33e-02
1.75174e+00 1.33e-02
1.75200e+00 1.34e-02
1.75227e+00 1.34e-02
1.75255e+00 1.35e-02
1.75281e+00 1.36e-02
1.75309e+00 1.36e-02
1.75337e+00 1.37e-02
1.75362e+00 1.38e-02
1.75390e+00 1.38e-02
1.75418e+00 1.39e-02
1.75446e+00 1.40e-02
1.75472e+00 1.40e-02
1.75499e+00 1.41e-02
1.75527e+00 1.42e-02
1.75554e+00 1.42e-02
1.75582e+00 1.43e-02
1.75608e+00 1.44e-02
1.75636e+00 1.45e-02
1.75663e+00 1.45e-02
1.75691e+00 1.46e-02
1.75719e+00 1.47e-02
1.75746e+00 1.48e-02
1.75772e+00 1.48e-02
1.75800e+00 1.49e-02
1.75827e+00 1.50e-02
1.75855e+00 1.51e-02
1.75882e+00 1.52e-02
1.75910e+00 1.52e-02
1.75937e+00 1.53e-02
1.75965e+00 1.54e-02
1.75991e+00 1.55e-02
1.76018e+00 1.56e-02
1.76046e+00 1.57e-02
1.76073e+00 1.58e-02
1.76101e+00 1.58e-02
1.76128e+00 1.59e-02
1.76156e+00 1.60e-02
1.76183e+00 1.61e-02
1.76211e+00 1.62e-02
1.76238e+00 1.63e-02
1.76266e+00 1.64e-02
1.76293e+00 1.65e-02
1.76321e+00 1.66e-02
1.76348e+00 1.67e-02
1.76375e+00 1.68e-02
1.76403e+00 1.69e-02
1.76430e+00 1.70e-02
1.76458e+00 1.71e-02
1.76485e+00 1.72e-02
1.76512e+00 1.73e-02
1.76540e+00 1.74e-02
1.76569e+00 1.75e-02
1.76596e+00 1.77e-02
1.76624e+00 1.78e-02
1.76651e+00 1.79e-02
1.76678e+00 1.80e-02
1.76706e+00 1.81e-02
1.76733e+00 1.82e-02
1.76760e+00 1.83e-02
1.76789e+00 1.85e-02
1.76817e+00 1.86e-02
1.76844e+00 1.87e-02
1.76871e+00 1.88e-02
1.76899e+00 1.90e-02
1.76926e+00 1.91e-02
1.76955e+00 1.92e-02
1.76982e+00 1.94e-02
1.77009e+00 1.95e-02
1.77037e+00 1.96e-02
1.77065e+00 1.98e-02
1.77093e+00 1.99e-02
1.77120e+00 2.01e-02
1.77147e+00 2.02e-02
1.77176e+00 2.03e-02
1.77203e+00 2.05e-02
1.77230e+00 2.06e-02
1.77258e+00 2.08e-02
1.77287e+00 2.09e-02
1.77314e+00 2.11e-02
1.77341e+00 2.13e-02
1.77370e+00 2.14e-02
1.77397e+00 2.16e-02
1.77424e+00 2.17e-02
1.77453e+00 2.19e-02
1.77480e+00 2.21e-02
1.77509e+00 2.22e-02
1.77536e+00 2.24e-02
1.77563e+00 2.26e-02
1.77592e+00 2.27e-02
1.77619e+00 2.29e-02
1.77648e+00 2.31e-02
1.77675e+00 2.32e-02
1.77703e+00 2.34e-02
1.77731e+00 2.36e-02
1.77758e+00 2.38e-02
1.77786e+00 2.40e-02
1.77813e+00 2.42e-02
1.77842e+00 2.43e-02
1.77869e+00 2.45e-02
1.77898e+00 2.47e-02
1.77925e+00 2.49e-02
1.77954e+00 2.51e-02
1.77980e+00 2.53e-02
1.78009e+00 2.55e-02
1.78038e+00 2.57e-02
1.78065e+00 2.60e-02
1.78093e+00 2.62e-02
1.78120e+00 2.64e-02
1.78149e+00 2.66e-02
1.78176e+00 2.68e-02
1.78205e+00 2.71e-02
1.78233e+00 2.73e-02
1.78260e+00 2.75e-02
1.78289e+00 2.78e-02
1.78317e+00 2.80e-02
1.78344e+00 2.82e-02
1.78373e+00 2.85e-02
1.78401e+00 2.87e-02
1.78428e+00 2.90e-02
1.78457e+00 2.93e-02
1.78485e+00 2.95e-02
1.78512e+00 2.98e-02
1.78541e+00 3.01e-02
1.78569e+00 3.03e-02
1.78596e+00 3.06e-02
1.78624e+00 3.09e-02
1.78653e+00 3.12e-02
1.78681e+00 3.15e-02
1.78710e+00 3.18e-02
1.78737e+00 3.21e-02
1.78765e+00 3.24e-02
1.78794e+00 3.27e-02
1.78822e+00 3.30e-02
1.78850e+00 3.33e-02
1.78877e+00 3.37e-02
1.78906e+00 3.40e-02
1.78934e+00 3.43e-02
1.78962e+00 3.47e-02
1.78991e+00 3.50e-02
1.79019e+00 3.54e-02
1.79048e+00 3.57e-02
1.79074e+00 3.61e-02
1.79103e+00 3.64e-02
1.79131e+00 3.68e-02
1.79159e+00 3.72e-02
1.79188e+00 3.76e-02
1.79216e+00 3.80e-02
1.79244e+00 3.84e-02
1.79273e+00 3.88e-02
1.79301e+00 3.92e-02
1.79329e+00 3.96e-02
1.79357e+00 4.01e-02
1.79386e+00 4.05e-02
1.79414e+00 4.10e-02
1.79442e+00 4.14e-02
1.79471e+00 4.19e-02
1.79499e+00 4.23e-02
1.79527e+00 4.28e-02
1.79555e+00 4.33e-02
1.79583e+00 4.38e-02
1.79612e+00 4.43e-02
1.79642e+00 4.48e-02
1.79670e+00 4.54e-02
1.79698e+00 4.59e-02
1.79726e+00 4.65e-02
1.79754e+00 4.70e-02
1.79782e+00 4.76e-02
1.79811e+00 4.82e-02
1.79839e+00 4.88e-02
1.79869e+00 4.95e-02
1.79897e+00 5.02e-02
1.79910e+00 5.05e-02
1.79925e+00 5.09e-02
1.79940e+00 5.14e-02
1.79953e+00 5.21e-02
1.79981e+00 5.39e-02
1.79996e+00 5.45e-02
1.80024e+00 5.54e-02
1.80039e+00 5.52e-02
1.80054e+00 5.46e-02
1.80067e+00 5.45e-02
1.80095e+00 5.49e-02
1.80110e+00 5.52e-02
1.80138e+00 5.59e-02
1.80168e+00 5.66e-02
1.80196e+00 5.73e-02
1.80224e+00 5.81e-02
1.80253e+00 5.89e-02
1.80281e+00 5.97e-02
1.80309e+00 6.06e-02
1.80339e+00 6.14e-02
1.80367e+00 6.23e-02
1.80395e+00 6.32e-02
1.80425e+00 6.42e-02
1.80453e+00 6.51e-02
1.80482e+00 6.61e-02
1.80510e+00 6.71e-02
1.80538e+00 6.81e-02
1.80568e+00 6.91e-02
1.80596e+00 7.02e-02
1.80625e+00 7.13e-02
1.80639e+00 7.19e-02
1.80668e+00 7.29e-02
1.80696e+00 7.40e-02
1.80726e+00 7.52e-02
1.80753e+00 7.64e-02
1.80783e+00 7.76e-02
1.80811e+00 7.89e-02
1.80840e+00 8.02e-02
1.80868e+00 8.15e-02
1.80898e+00 8.29e-02
1.80927e+00 8.43e-02
1.80955e+00 8.58e-02
1.80984e+00 8.74e-02
1.81012e+00 8.89e-02
1.81042e+00 9.06e-02
1.81071e+00 9.23e-02
1.81099e+00 9.40e-02
1.81128e+00 9.58e-02
1.81158e+00 9.77e-02
1.81186e+00 9.96e-02
1.81215e+00 1.02e-01
1.81244e+00 1.04e-01
1.81272e+00 1.06e-01
1.81302e+00 1.08e-01
1.81331e+00 1.10e-01
1.81359e+00 1.13e-01
1.81388e+00 1.15e-01
1.81417e+00 1.18e-01
1.81447e+00 1.20e-01
1.81474e+00 1.23e-01
1.81504e+00 1.26e-01
1.81533e+00 1.29e-01
1.81562e+00 1.32e-01
1.81592e+00 1.35e-01
1.81619e+00 1.38e-01
1.81648e+00 1.41e-01
1.81678e+00 1.44e-01
1.81707e+00 1.48e-01
1.81736e+00 1.51e-01
1.81765e+00 1.55e-01
1.81795e+00 1.59e-01
1.81824e+00 1.63e-01
1.81853e+00 1.67e-01
1.81882e+00 1.71e-01
1.81910e+00 1.75e-01
1.81939e+00 1.80e-01
1.81968e+00 1.84e-01
1.81997e+00 1.89e-01
1.82027e+00 1.94e-01
1.82056e+00 1.99e-01
1.82085e+00 2.04e-01
1.82114e+00 2.10e-01
1.82143e+00 2.16e-01
1.82172e+00 2.22e-01
1.82203e+00 2.28e-01
1.82232e+00 2.34e-01
1.82261e+00 2.41e-01
1.82290e+00 2.47e-01
1.82319e+00 2.53e-01
1.82348e+00 2.59e-01
1.82377e+00 2.66e-01
1.82407e+00 2.72e-01
1.82436e+00 2.79e-01
1.82452e+00 2.82e-01
1.82481e+00 2.89e-01
1.82510e+00 2.95e-01
1.82539e+00 3.01e-01
1.82568e+00 3.08e-01
1.82598e+00 3.14e-01
1.82627e+00 3.21e-01
1.82656e+00 3.27e-01
1.82685e+00 3.34e-01
1.82716e+00 3.40e-01
1.82745e+00 3.47e-01
1.82774e+00 3.53e-01
1.82803e+00 3.59e-01
1.82833e+00 3.64e-01
1.82862e+00 3.69e-01
1.82891e+00 3.74e-01
1.82922e+00 3.78e-01
1.82950e+00 3.82e-01
1.82965e+00 3.83e-01
1.82995e+00 3.85e-01
1.83024e+00 3.87e-01
1.83084e+00 3.89e-01
1.83098e+00 3.90e-01
1.83112e+00 3.90e-01
1.83143e+00 3.90e-01
1.83157e+00 3.89e-01
1.83188e+00 3.87e-01
1.83202e+00 3.86e-01
1.83217e+00 3.84e-01
1.83247e+00 3.78e-01
1.83276e+00 3.70e-01
1.83306e+00 3.63e-01
1.83335e+00 3.54e-01
1.83365e+00 3.46e-01
1.83394e+00 3.38e-01
1.83424e+00 3.30e-01
1.83453e+00 3.21e-01
1.83483e+00 3.13e-01
1.83514e+00 3.05e-01
1.83543e+00 2.97e-01
1.83573e+00 2.90e-01
1.83602e+00 2.82e-01
1.83617e+00 2.78e-01
1.83646e+00 2.70e-01
1.83676e+00 2.62e-01
1.83707e+00 2.54e-01
1.83737e+00 2.47e-01
1.83751e+00 2.43e-01
1.83766e+00 2.39e-01
1.83782e+00 2.36e-01
1.83796e+00 2.33e-01
1.83826e+00 2.29e-01
1.83855e+00 2.25e-01
1.83885e+00 2.21e-01
1.83915e+00 2.18e-01
1.83929e+00 2.16e-01
1.83960e+00 2.07e-01
1.83990e+00 1.98e-01
1.84020e+00 1.90e-01
1.84034e+00 1.86e-01
1.84064e+00 1.81e-01
1.84095e+00 1.77e-01
1.84125e+00 1.72e-01
1.84155e+00 1.68e-01
1.84185e+00 1.64e-01
1.84215e+00 1.60e-01
1.84244e+00 1.57e-01
1.84274e+00 1.53e-01
1.84304e+00 1.50e-01
1.84334e+00 1.47e-01
1.84364e+00 1.44e-01
1.84394e+00 1.41e-01
1.84424e+00 1.38e-01
1.84454e+00 1.36e-01
1.84484e+00 1.33e-01
1.84514e+00 1.31e-01
1.84530e+00 1.30e-01
1.84560e+00 1.30e-01
1.84590e+00 1.29e-01
1.84620e+00 1.29e-01
1.84636e+00 1.28e-01
1.84666e+00 1.26e-01
1.84696e+00 1.23e-01
1.84726e+00 1.21e-01
1.84756e+00 1.19e-01
1.84786e+00 1.17e-01
1.84817e+00 1.15e-01
1.84831e+00 1.14e-01
1.84861e+00 1.13e-01
1.84893e+00 1.12e-01
1.84907e+00 1.12e-01
1.84923e+00 1.11e-01
1.84937e+00 1.11e-01
1.84953e+00 1.11e-01
1.84968e+00 1.11e-01
1.84982e+00 1.11e-01
1.84998e+00 1.11e-01
1.85014e+00 1.12e-01
1.85028e+00 1.12e-01
1.85044e+00 1.13e-01
1.85059e+00 1.14e-01
1.85074e+00 1.16e-01
1.85089e+00 1.19e-01
1.85105e+00 1.23e-01
1.85119e+00 1.29e-01
1.85135e+00 1.39e-01
1.85151e+00 1.55e-01
1.85165e+00 1.84e-01
1.85180e+00 2.45e-01
1.85196e+00 4.13e-01
1.85210e+00 1.20e+00
1.85226e+00 3.10e+01
1.85242e+00 1.88e+00
1.85256e+00 4.99e-01
1.85271e+00 2.69e-01
1.85287e+00 1.92e-01
1.85301e+00 1.57e-01
1.85317e+00 1.38e-01
1.85332e+00 1.27e-01
1.85348e+00 1.20e-01
1.85362e+00 1.14e-01
1.85378e+00 1.11e-01
1.85394e+00 1.08e-01
1.85408e+00 1.06e-01
1.85423e+00 1.04e-01
1.85439e+00 1.03e-01
1.85455e+00 1.02e-01
1.85469e+00 1.01e-01
1.85484e+00 1.00e-01
1.85500e+00 9.95e-02
1.85516e+00 9.89e-02
1.85530e+00 9.84e-02
1.85545e+00 9.80e-02
1.85561e+00 9.76e-02
1.85577e+00 9.73e-02
1.85592e+00 9.70e-02
1.85606e+00 9.68e-02
1.85622e+00 9.67e-02
1.85638e+00 9.67e-02
1.85653e+00 9.68e-02
1.85667e+00 9.75e-02
1.85683e+00 1.02e-01
1.85699e+00 7.63e-01
1.85714e+00 1.04e-01
1.85730e+00 9.75e-02
1.85744e+00 9.63e-02
1.85759e+00 9.59e-02
1.85775e+00 9.58e-02
1.85791e+00 9.57e-02
1.85822e+00 9.56e-02
1.85851e+00 9.57e-02
1.85883e+00 9.58e-02
1.85914e+00 9.60e-02
1.85943e+00 9.62e-02
1.85975e+00 9.65e-02
1.86006e+00 9.68e-02
1.86037e+00 9.72e-02
1.86066e+00 9.76e-02
1.86097e+00 9.80e-02
1.86129e+00 9.85e-02
1.86160e+00 9.90e-02
1.86191e+00 9.96e-02
1.86220e+00 1.00e-01
1.86251e+00 1.01e-01
1.86282e+00 1.02e-01
1.86313e+00 1.02e-01
1.86344e+00 1.03e-01
1.86375e+00 1.04e-01
1.86406e+00 1.05e-01
1.86437e+00 1.06e-01
1.86468e+00 1.06e-01
1.86499e+00 1.07e-01
1.86530e+00 1.08e-01
1.86561e+00 1.09e-01
1.86592e+00 1.10e-01
1.86623e+00 1.12e-01
1.86654e+00 1.13e-01
1.86685e+00 1.14e-01
1.86716e+00 1.15e-01
1.86747e+00 1.16e-01
1.86778e+00 1.18e-01
1.86809e+00 1.19e-01
1.86841e+00 1.20e-01
1.86872e+00 1.21e-01
1.86903e+00 1.23e-01
1.86934e+00 1.24e-01
1.86965e+00 1.26e-01
1.86997e+00 1.27e-01
1.87028e+00 1.28e-01
1.87059e+00 1.30e-01
1.87089e+00 1.31e-01
1.87122e+00 1.33e-01
1.87153e+00 1.34e-01
1.87183e+00 1.36e-01
1.87216e+00 1.37e-01
1.87246e+00 1.38e-01
1.87277e+00 1.40e-01
1.87309e+00 1.41e-01
1.87340e+00 1.43e-01
1.87372e+00 1.44e-01
1.87403e+00 1.45e-01
1.87435e+00 1.46e-01
1.87466e+00 1.48e-01
1.87498e+00 1.49e-01
1.87529e+00 1.50e-01
1.87561e+00 1.51e-01
1.87592e+00 1.52e-01
1.87624e+00 1.53e-01
1.87654e+00 1.54e-01
1.87687e+00 1.54e-01
1.87717e+00 1.55e-01
1.87749e+00 1.56e-01
1.87765e+00 1.56e-01
1.87797e+00 1.57e-01
1.87829e+00 1.57e-01
1.87844e+00 1.57e-01
1.87876e+00 1.57e-01
1.87924e+00 1.57e-01
1.87971e+00 1.57e-01
1.88003e+00 1.57e-01
1.88033e+00 1.57e-01
1.88066e+00 1.57e-01
1.88098e+00 1.56e-01
1.88130e+00 1.56e-01
1.88145e+00 1.56e-01
1.88177e+00 1.55e-01
1.88209e+00 1.55e-01
1.88241e+00 1.54e-01
1.88273e+00 1.53e-01
1.88305e+00 1.53e-01
1.88337e+00 1.52e-01
1.88369e+00 1.51e-01
1.88400e+00 1.51e-01
1.88432e+00 1.50e-01
1.88464e+00 1.49e-01
1.88496e+00 1.49e-01
1.88511e+00 1.48e-01
1.88528e+00 1.47e-01
1.88560e+00 1.47e-01
1.88592e+00 1.46e-01
1.88624e+00 1.45e-01
1.88655e+00 1.45e-01
1.88687e+00 1.44e-01
1.88719e+00 1.43e-01
1.88751e+00 1.43e-01
1.88784e+00 1.43e-01
1.88816e+00 1.42e-01
1.88848e+00 1.42e-01
1.88896e+00 1.42e-01
1.88945e+00 1.42e-01
1.88976e+00 1.42e-01
1.89008e+00 1.42e-01
1.89041e+00 1.42e-01
1.89073e+00 1.42e-01
1.89090e+00 1.43e-01
1.89121e+00 1.44e-01
1.89154e+00 1.45e-01
1.89186e+00 1.46e-01
1.89218e+00 1.47e-01
1.89251e+00 1.48e-01
1.89283e+00 1.49e-01
1.89316e+00 1.50e-01
1.89347e+00 1.52e-01
1.89380e+00 1.53e-01
1.89412e+00 1.55e-01
1.89445e+00 1.57e-01
1.89478e+00 1.60e-01
1.89510e+00 1.62e-01
1.89543e+00 1.64e-01
1.89574e+00 1.67e-01
1.89607e+00 1.70e-01
1.89640e+00 1.72e-01
1.89672e+00 1.75e-01
1.89705e+00 1.78e-01
1.89738e+00 1.81e-01
1.89771e+00 1.83e-01
1.89802e+00 1.86e-01
1.89835e+00 1.89e-01
1.89852e+00 1.89e-01
1.89885e+00 1.91e-01
1.89918e+00 1.93e-01
1.89951e+00 1.94e-01
1.89982e+00 1.95e-01
1.89999e+00 1.96e-01
1.90015e+00 1.96e-01
1.90064e+00 1.97e-01
1.90081e+00 1.97e-01
1.90114e+00 1.96e-01
1.90147e+00 1.95e-01
1.90179e+00 1.94e-01
1.90212e+00 1.93e-01
1.90245e+00 1.91e-01
1.90278e+00 1.89e-01
1.90311e+00 1.87e-01
1.90344e+00 1.85e-01
1.90378e+00 1.83e-01
1.90394e+00 1.82e-01
1.90411e+00 1.81e-01
1.90443e+00 1.80e-01
1.90476e+00 1.79e-01
1.90492e+00 1.78e-01
1.90509e+00 1.76e-01
1.90542e+00 1.74e-01
1.90576e+00 1.73e-01
1.90592e+00 1.73e-01
1.90608e+00 1.72e-01
1.90625e+00 1.72e-01
1.90641e+00 1.72e-01
1.90658e+00 1.72e-01
1.90674e+00 1.72e-01
1.90692e+00 1.72e-01
1.90708e+00 1.73e-01
1.90724e+00 1.73e-01
1.90741e+00 1.74e-01
1.90757e+00 1.74e-01
1.90773e+00 1.75e-01
1.90791e+00 1.76e-01
1.90807e+00 1.77e-01
1.90824e+00 1.79e-01
1.90840e+00 1.80e-01
1.90856e+00 1.82e-01
1.90874e+00 1.83e-01
1.90891e+00 1.85e-01
1.90907e+00 1.87e-01
1.90939e+00 1.91e-01
1.90974e+00 1.95e-01
1.91006e+00 2.00e-01
1.91040e+00 2.04e-01
1.91074e+00 2.08e-01
1.91090e+00 2.10e-01
1.91107e+00 2.12e-01
1.91123e+00 2.14e-01
1.91157e+00 2.16e-01
1.91173e+00 2.17e-01
1.91191e+00 2.18e-01
1.91207e+00 2.18e-01
1.91224e+00 2.18e-01
1.91241e+00 2.17e-01
1.91257e+00 2.16e-01
1.91274e+00 2.15e-01
1.91291e+00 2.14e-01
1.91308e+00 2.13e-01
1.91324e+00 2.11e-01
1.91342e+00 2.09e-01
1.91374e+00 2.05e-01
1.91408e+00 2.01e-01
1.91442e+00 1.97e-01
1.91458e+00 1.95e-01
1.91476e+00 1.94e-01
1.91492e+00 1.92e-01
1.91508e+00 1.91e-01
1.91526e+00 1.90e-01
1.91542e+00 1.90e-01
1.91560e+00 1.90e-01
1.91576e+00 1.89e-01
1.91594e+00 1.89e-01
1.91610e+00 1.90e-01
1.91628e+00 1.90e-01
1.91644e+00 1.91e-01
1.91660e+00 1.93e-01
1.91678e+00 1.95e-01
1.91694e+00 1.97e-01
1.91711e+00 2.00e-01
1.91728e+00 2.03e-01
1.91745e+00 2.07e-01
1.91779e+00 2.13e-01
1.91795e+00 2.17e-01
1.91813e+00 2.20e-01
1.91829e+00 2.23e-01
1.91847e+00 2.26e-01
1.91863e+00 2.28e-01
1.91880e+00 2.29e-01
1.91896e+00 2.30e-01
1.91914e+00 2.30e-01
1.91932e+00 2.29e-01
1.91948e+00 2.27e-01
1.91965e+00 2.24e-01
1.91982e+00 2.22e-01
1.91999e+00 2.18e-01
1.92033e+00 2.11e-01
1.92050e+00 2.08e-01
1.92067e+00 2.05e-01
1.92084e+00 2.02e-01
1.92100e+00 2.00e-01
1.92118e+00 1.99e-01
1.92135e+00 1.98e-01
1.92151e+00 1.98e-01
1.92169e+00 1.99e-01
1.92185e+00 2.02e-01
1.92203e+00 2.05e-01
1.92220e+00 2.08e-01
1.92236e+00 2.13e-01
1.92254e+00 2.18e-01
1.92271e+00 2.23e-01
1.92288e+00 2.28e-01
1.92305e+00 2.32e-01
1.92323e+00 2.35e-01
1.92339e+00 2.37e-01
1.92356e+00 2.37e-01
1.92374e+00 2.35e-01
1.92390e+00 2.32e-01
1.92407e+00 2.27e-01
1.92442e+00 2.16e-01
1.92458e+00 2.11e-01
1.92476e+00 2.07e-01
1.92493e+00 2.04e-01
1.92510e+00 2.03e-01
1.92527e+00 2.04e-01
1.92545e+00 2.06e-01
1.92562e+00 2.11e-01
1.92578e+00 2.17e-01
1.92596e+00 2.24e-01
1.92613e+00 2.31e-01
1.92630e+00 2.36e-01
1.92648e+00 2.39e-01
1.92664e+00 2.38e-01
1.92681e+00 2.33e-01
1.92699e+00 2.25e-01
1.92716e+00 2.17e-01
1.92734e+00 2.09e-01
1.92750e+00 2.03e-01
1.92767e+00 2.00e-01
1.92785e+00 2.00e-01
1.92802e+00 2.04e-01
1.92820e+00 2.10e-01
1.92837e+00 2.18e-01
1.92855e+00 2.23e-01
1.92871e+00 2.23e-01
1.92888e+00 2.14e-01
1.92905e+00 1.98e-01
1.92923e+00 1.79e-01
1.92940e+00 1.60e-01
1.92958e+00 1.42e-01
1.92975e+00 1.27e-01
1.92993e+00 1.15e-01
1.93009e+00 1.04e-01
1.93026e+00 9.59e-02
1.93043e+00 8.88e-02
1.93061e+00 8.29e-02
1.93078e+00 7.78e-02
1.93096e+00 7.35e-02
1.93113e+00 6.97e-02
1.93130e+00 6.65e-02
1.93148e+00 6.36e-02
1.93165e+00 6.10e-02
1.93183e+00 5.88e-02
1.93200e+00 5.67e-02
1.93217e+00 5.49e-02
1.93235e+00 5.32e-02
1.93252e+00 5.16e-02
1.93269e+00 5.02e-02
1.93287e+00 4.89e-02
1.93304e+00 4.76e-02
1.93322e+00 4.65e-02
1.93339e+00 4.54e-02
1.93356e+00 4.45e-02
1.93391e+00 4.27e-02
1.93408e+00 4.18e-02
1.93426e+00 4.11e-02
1.93443e+00 4.03e-02
1.93460e+00 3.96e-02
1.93478e+00 3.89e-02
1.93495e+00 3.83e-02
1.93514e+00 3.77e-02
1.93531e+00 3.71e-02
1.93566e+00 3.60e-02
1.93583e+00 3.55e-02
1.93600e+00 3.50e-02
1.93618e+00 3.46e-02
1.93635e+00 3.41e-02
1.93671e+00 3.32e-02
1.93706e+00 3.23e-02
1.93740e+00 3.15e-02
1.93776e+00 3.08e-02
1.93811e+00 3.01e-02
1.93828e+00 2.38e-01
1.93864e+00 2.37e-01
1.93899e+00 2.37e-01
1.93935e+00 2.36e-01
1.93969e+00 2.36e-01
1.94005e+00 2.36e-01
1.94039e+00 2.35e-01
1.94075e+00 2.35e-01
1.94110e+00 2.34e-01
1.94146e+00 2.34e-01
1.94182e+00 2.34e-01
1.94216e+00 2.33e-01
1.94252e+00 2.33e-01
1.94447e+00 2.31e-01
1.94715e+00 2.30e-01
1.95020e+00 2.29e-01
1.95290e+00 2.28e-01
1.95689e+00 2.27e-01
1.95854e+00 2.27e-01
1.96351e+00 2.26e-01
1.96834e+00 2.26e-01
1.97361e+00 2.26e-01
1.97721e+00 2.27e-01
1.97894e+00 2.27e-01
1.98667e+00 2.27e-01
1.99811e+00 2.29e-01
2.00866e+00 2.31e-01
2.00906e+00 2.31e-01
2.00927e+00 2.31e-01
2.00947e+00 2.31e-01
2.00968e+00 2.34e-01
2.00989e+00 2.65e-01
2.01009e+00 2.32e-01
2.01029e+00 2.31e-01
2.01051e+00 2.31e-01
2.01134e+00 2.31e-01
2.01465e+00 2.32e-01
2.01779e+00 2.32e-01
2.02456e+00 2.34e-01
2.03895e+00 2.37e-01
2.04702e+00 2.39e-01
2.05435e+00 2.41e-01
2.05902e+00 2.42e-01
2.06470e+00 2.44e-01
2.06901e+00 2.46e-01
2.06998e+00 2.46e-01
2.07339e+00 2.47e-01
2.07585e+00 2.48e-01
2.07783e+00 2.49e-01
2.07932e+00 2.50e-01
2.08032e+00 2.50e-01
2.08082e+00 2.51e-01
2.08131e+00 2.51e-01
2.08181e+00 2.51e-01
2.08231e+00 2.52e-01
2.08282e+00 2.52e-01
2.08332e+00 2.52e-01
2.08433e+00 2.53e-01
2.08484e+00 2.53e-01
2.08535e+00 2.53e-01
2.08586e+00 2.53e-01
2.08636e+00 2.54e-01
2.08686e+00 2.54e-01
2.08738e+00 2.54e-01
2.08789e+00 2.55e-01
2.08840e+00 2.55e-01
2.08891e+00 2.55e-01
2.08943e+00 2.56e-01
2.08994e+00 2.56e-01
2.09046e+00 2.57e-01
2.09097e+00 2.57e-01
2.09149e+00 2.57e-01
2.09201e+00 2.58e-01
2.09253e+00 2.58e-01
2.09305e+00 2.59e-01
2.09357e+00 2.59e-01
2.09408e+00 2.59e-01
2.09460e+00 2.60e-01
2.09513e+00 2.60e-01
2.09565e+00 2.61e-01
2.09618e+00 2.61e-01
2.09670e+00 2.62e-01
2.09723e+00 2.62e-01
2.09775e+00 2.63e-01
2.09828e+00 2.64e-01
2.09882e+00 2.64e-01
2.09934e+00 2.65e-01
2.09987e+00 2.66e-01
2.10040e+00 2.66e-01
2.10093e+00 2.67e-01
2.10146e+00 2.68e-01
2.10200e+00 2.68e-01
2.10254e+00 2.69e-01
2.10307e+00 2.70e-01
2.10361e+00 2.71e-01
2.10415e+00 2.72e-01
2.10468e+00 2.73e-01
2.10522e+00 2.74e-01
2.10577e+00 2.75e-01
2.10630e+00 2.76e-01
2.10685e+00 2.77e-01
2.10738e+00 2.78e-01
2.10793e+00 2.79e-01
2.10848e+00 2.81e-01
2.10902e+00 2.82e-01
2.10957e+00 2.84e-01
2.11012e+00 2.85e-01
2.11066e+00 2.87e-01
2.11122e+00 2.89e-01
2.11176e+00 2.91e-01
2.11232e+00 2.93e-01
2.11288e+00 2.95e-01
2.11343e+00 2.98e-01
2.11399e+00 3.00e-01
2.11454e+00 3.03e-01
2.11510e+00 3.06e-01
2.11565e+00 3.09e-01
2.11621e+00 3.13e-01
2.11677e+00 3.17e-01
2.11734e+00 3.21e-01
2.11789e+00 3.26e-01
2.11846e+00 3.31e-01
2.11902e+00 3.36e-01
2.11959e+00 3.42e-01
2.11988e+00 3.46e-01
2.12015e+00 3.49e-01
2.12044e+00 3.53e-01
2.12073e+00 3.57e-01
2.12100e+00 3.61e-01
2.12129e+00 3.65e-01
2.12158e+00 3.70e-01
2.12187e+00 3.75e-01
2.12214e+00 3.80e-01
2.12243e+00 3.86e-01
2.12272e+00 3.92e-01
2.12300e+00 3.99e-01
2.12329e+00 4.05e-01
2.12358e+00 4.13e-01
2.12387e+00 4.21e-01
2.12415e+00 4.29e-01
2.12444e+00 4.38e-01
2.12473e+00 4.48e-01
2.12501e+00 4.59e-01
2.12530e+00 4.70e-01
2.12559e+00 4.83e-01
2.12588e+00 4.96e-01
2.12617e+00 5.11e-01
2.12646e+00 5.28e-01
2.12674e+00 5.45e-01
2.12704e+00 5.65e-01
2.12733e+00 5.86e-01
2.12761e+00 6.10e-01
2.12791e+00 6.37e-01
2.12820e+00 6.66e-01
2.12849e+00 6.99e-01
2.12878e+00 7.36e-01
2.12908e+00 7.77e-01
2.12936e+00 8.24e-01
2.12966e+00 8.77e-01
2.12996e+00 9.37e-01
2.13024e+00 1.01e+00
2.13054e+00 1.09e+00
2.13084e+00 1.18e+00
2.13113e+00 1.29e+00
2.13142e+00 1.41e+00
2.13171e+00 1.56e+00
2.13201e+00 1.73e+00
2.13231e+00 1.94e+00
2.13260e+00 2.18e+00
2.13290e+00 2.48e+00
2.13320e+00 2.82e+00
2.13349e+00 3.22e+00
2.13379e+00 3.69e+00
2.13408e+00 4.20e+00
2.13438e+00 4.74e+00
2.13468e+00 5.26e+00
2.13497e+00 5.67e+00
2.13528e+00 5.91e+00
2.13557e+00 5.92e+00
2.13587e+00 5.69e+00
2.13618e+00 5.28e+00
2.13647e+00 4.76e+00
2.13677e+00 4.22e+00
2.13707e+00 3.70e+00
2.13737e+00 3.23e+00
2.13768e+00 2.82e+00
2.13797e+00 2.48e+00
2.13828e+00 2.18e+00
2.13857e+00 1.93e+00
2.13888e+00 1.73e+00
2.13918e+00 1.55e+00
2.13948e+00 1.40e+00
2.13978e+00 1.28e+00
2.14009e+00 1.17e+00
2.14040e+00 1.08e+00
2.14070e+00 9.97e-01
2.14101e+00 9.27e-01
2.14130e+00 8.67e-01
2.14161e+00 8.15e-01
2.14191e+00 7.68e-01
2.14222e+00 7.27e-01
2.14253e+00 6.91e-01
2.14284e+00 6.59e-01
2.14314e+00 6.30e-01
2.14345e+00 6.04e-01
2.14375e+00 5.80e-01
2.14406e+00 5.59e-01
2.14437e+00 5.40e-01
2.14468e+00 5.23e-01
2.14498e+00 5.07e-01
2.14530e+00 4.92e-01
2.14560e+00 4.79e-01
2.14592e+00 4.67e-01
2.14622e+00 4.56e-01
2.14654e+00 4.46e-01
2.14684e+00 4.36e-01
2.14716e+00 4.27e-01
2.14747e+00 4.19e-01
2.14778e+00 4.12e-01
2.14809e+00 4.05e-01
2.14841e+00 3.98e-01
2.14872e+00 3.92e-01
2.14903e+00 3.86e-01
2.14934e+00 3.81e-01
2.14966e+00 3.76e-01
2.14997e+00 3.71e-01
2.15028e+00 3.67e-01
2.15060e+00 3.63e-01
2.15091e+00 3.59e-01
2.15123e+00 3.56e-01
2.15155e+00 3.52e-01
2.15187e+00 3.49e-01
2.15249e+00 3.43e-01
2.15313e+00 3.38e-01
2.15377e+00 3.33e-01
2.15441e+00 3.29e-01
2.15505e+00 3.25e-01
2.15568e+00 3.21e-01
2.15633e+00 3.18e-01
2.15697e+00 3.15e-01
2.15762e+00 3.13e-01
2.15826e+00 3.10e-01
2.15891e+00 3.08e-01
2.15957e+00 3.06e-01
2.16021e+00 3.04e-01
2.16087e+00 3.02e-01
2.16153e+00 3.01e-01
2.16218e+00 2.99e-01
2.16284e+00 2.98e-01
2.16350e+00 2.96e-01
2.16416e+00 2.95e-01
2.16483e+00 2.94e-01
2.16548e+00 2.93e-01
2.16616e+00 2.93e-01
2.16682e+00 2.92e-01
2.16749e+00 2.91e-01
2.16816e+00 2.91e-01
2.16884e+00 2.90e-01
2.16951e+00 2.90e-01
2.17018e+00 2.89e-01
2.17257e+00 2.88e-01
2.17427e+00 2.88e-01
2.17566e+00 2.88e-01
2.17635e+00 2.89e-01
2.17704e+00 2.89e-01
2.17774e+00 2.89e-01
2.17844e+00 2.90e-01
2.17914e+00 2.90e-01
2.17984e+00 2.91e-01
2.18054e+00 2.92e-01
2.18125e+00 2.92e-01
2.18195e+00 2.93e-01
2.18266e+00 2.95e-01
2.18337e+00 2.96e-01
2.18408e+00 2.98e-01
2.18480e+00 2.99e-01
2.18552e+00 3.02e-01
2.18624e+00 3.04e-01
2.18660e+00 3.05e-01
2.18696e+00 3.07e-01
2.18732e+00 3.09e-01
2.18768e+00 3.11e-01
2.18805e+00 3.13e-01
2.18841e+00 3.17e-01
2.18878e+00 3.21e-01
2.18914e+00 3.31e-01
2.18951e+00 3.59e-01
2.18986e+00 3.95e-01
2.19023e+00 3.50e-01
2.19060e+00 3.39e-01
2.19096e+00 3.38e-01
2.19133e+00 3.40e-01
2.19170e+00 3.44e-01
2.19207e+00 3.48e-01
2.19244e+00 3.54e-01
2.19280e+00 3.60e-01
2.19317e+00 3.67e-01
2.19354e+00 3.75e-01
2.19392e+00 3.84e-01
2.19429e+00 3.95e-01
2.19465e+00 4.07e-01
2.19503e+00 4.21e-01
2.19540e+00 4.37e-01
2.19578e+00 4.57e-01
2.19615e+00 4.80e-01
2.19652e+00 5.07e-01
2.19690e+00 5.40e-01
2.19728e+00 5.81e-01
2.19766e+00 6.31e-01
2.19804e+00 6.93e-01
2.19841e+00 7.72e-01
2.19879e+00 8.73e-01
2.19917e+00 1.01e+00
2.19954e+00 1.18e+00
2.19992e+00 1.40e+00
2.20031e+00 1.69e+00
2.20069e+00 2.05e+00
2.20107e+00 2.45e+00
2.20145e+00 2.79e+00
2.20184e+00 2.94e+00
2.20221e+00 2.82e+00
2.20260e+00 2.49e+00
2.20299e+00 2.09e+00
2.20337e+00 1.72e+00
2.20376e+00 1.42e+00
2.20415e+00 1.19e+00
2.20453e+00 1.01e+00
2.20492e+00 8.79e-01
2.20530e+00 7.75e-01
2.20569e+00 6.94e-01
2.20609e+00 6.31e-01
2.20647e+00 5.80e-01
2.20687e+00 5.39e-01
2.20725e+00 5.06e-01
2.20765e+00 4.78e-01
2.20804e+00 4.56e-01
2.20843e+00 4.36e-01
2.20882e+00 4.20e-01
2.20922e+00 4.06e-01
2.20961e+00 3.94e-01
2.21001e+00 3.84e-01
2.21040e+00 3.75e-01
2.21081e+00 3.68e-01
2.21120e+00 3.61e-01
2.21160e+00 3.55e-01
2.21200e+00 3.50e-01
2.21240e+00 3.45e-01
2.21280e+00 3.41e-01
2.21320e+00 3.37e-01
2.21360e+00 3.34e-01
2.21401e+00 3.31e-01
2.21441e+00 3.29e-01
2.21481e+00 3.27e-01
2.21522e+00 3.25e-01
2.21562e+00 3.33e-01
2.21602e+00 3.22e-01
2.21643e+00 3.21e-01
2.21684e+00 3.20e-01
2.21725e+00 3.20e-01
2.21766e+00 3.19e-01
2.21806e+00 3.19e-01
2.21847e+00 3.19e-01
2.21889e+00 3.20e-01
2.21930e+00 3.21e-01
2.21971e+00 3.22e-01
2.22013e+00 3.23e-01
2.22054e+00 3.25e-01
2.22095e+00 3.27e-01
2.22136e+00 3.30e-01
2.22178e+00 3.34e-01
2.22220e+00 3.38e-01
2.22261e+00 3.44e-01
2.22303e+00 3.51e-01
2.22346e+00 3.60e-01
2.22387e+00 3.71e-01
2.22429e+00 3.86e-01
2.22471e+00 4.05e-01
2.22513e+00 4.31e-01
2.22555e+00 4.67e-01
2.22597e+00 5.20e-01
2.22641e+00 5.99e-01
2.22683e+00 7.28e-01
2.22725e+00 9.54e-01
2.22768e+00 1.40e+00
2.22811e+00 2.42e+00
2.22853e+00 5.12e+00
2.22896e+00 8.87e+00
2.22939e+00 5.36e+00
2.22982e+00 2.51e+00
2.23025e+00 1.43e+00
2.23068e+00 9.64e-01
2.23111e+00 7.30e-01
2.23155e+00 5.98e-01
2.23198e+00 5.16e-01
2.23242e+00 4.62e-01
2.23285e+00 4.25e-01
2.23329e+00 3.98e-01
2.23373e+00 3.78e-01
2.23417e+00 3.63e-01
2.23461e+00 3.51e-01
2.23504e+00 3.42e-01
2.23548e+00 3.34e-01
2.23593e+00 3.28e-01
2.23637e+00 3.23e-01
2.23681e+00 3.19e-01
2.23726e+00 3.15e-01
2.23771e+00 3.12e-01
2.23815e+00 3.09e-01
2.23859e+00 3.07e-01
2.23904e+00 3.05e-01
2.23950e+00 3.03e-01
2.23994e+00 3.02e-01
2.24039e+00 3.00e-01
2.24129e+00 2.98e-01
2.24220e+00 2.96e-01
2.24311e+00 2.95e-01
2.24402e+00 2.94e-01
2.24495e+00 2.93e-01
2.24587e+00 2.92e-01
2.24679e+00 2.91e-01
2.24772e+00 2.91e-01
2.25006e+00 2.90e-01
2.25338e+00 2.90e-01
2.25627e+00 2.90e-01
2.25919e+00 2.90e-01
2.26116e+00 2.91e-01
2.26215e+00 2.91e-01
2.26315e+00 2.91e-01
2.26415e+00 2.92e-01
2.26515e+00 2.92e-01
2.26616e+00 2.93e-01
2.26718e+00 2.93e-01
2.26820e+00 2.93e-01
2.26922e+00 2.94e-01
2.27026e+00 2.95e-01
2.27129e+00 2.95e-01
2.27233e+00 2.96e-01
2.27285e+00 2.96e-01
2.27337e+00 3.00e-01
2.27390e+00 2.97e-01
2.27496e+00 2.97e-01
2.27602e+00 2.98e-01
2.27707e+00 2.99e-01
2.27814e+00 3.00e-01
2.27921e+00 3.01e-01
2.28030e+00 3.02e-01
2.28138e+00 3.03e-01
2.28247e+00 3.04e-01
2.28358e+00 3.05e-01
2.28468e+00 3.06e-01
2.28578e+00 3.08e-01
2.28690e+00 3.09e-01
2.28802e+00 3.11e-01
2.28915e+00 3.13e-01
2.29028e+00 3.15e-01
2.29141e+00 3.17e-01
2.29257e+00 3.20e-01
2.29372e+00 3.22e-01
2.29488e+00 3.26e-01
2.29546e+00 3.27e-01
2.29604e+00 3.30e-01
2.29663e+00 3.32e-01
2.29721e+00 3.35e-01
2.29780e+00 3.38e-01
2.29839e+00 3.43e-01
2.29898e+00 3.48e-01
2.29958e+00 3.53e-01
2.30017e+00 3.58e-01
2.30077e+00 3.61e-01
2.30136e+00 3.64e-01
2.30197e+00 3.67e-01
2.30258e+00 3.72e-01
2.30318e+00 3.78e-01
2.30378e+00 3.86e-01
2.30438e+00 3.95e-01
2.30498e+00 4.06e-01
2.30558e+00 4.21e-01
2.30618e+00 4.39e-01
2.30688e+00 4.63e-01
2.30747e+00 4.95e-01
2.30807e+00 5.39e-01
2.30867e+00 6.01e-01
2.30936e+00 6.92e-01
2.30996e+00 8.32e-01
2.31055e+00 1.05e+00
2.31125e+00 1.41e+00
2.31184e+00 1.90e+00
2.31244e+00 2.28e+00
2.31313e+00 2.13e+00
2.31372e+00 1.63e+00
2.31441e+00 1.21e+00
2.31501e+00 9.35e-01
2.31570e+00 7.66e-01
2.31629e+00 6.61e-01
2.31698e+00 5.93e-01
2.31757e+00 5.48e-01
2.31826e+00 5.17e-01
2.31895e+00 4.96e-01
2.31954e+00 4.82e-01
2.32023e+00 4.73e-01
2.32092e+00 4.66e-01
2.32160e+00 4.62e-01
2.32219e+00 4.60e-01
2.32288e+00 4.60e-01
2.32356e+00 4.62e-01
2.32425e+00 4.65e-01
2.32493e+00 4.70e-01
2.32562e+00 4.76e-01
2.32630e+00 4.83e-01
2.32698e+00 4.92e-01
2.32767e+00 5.03e-01
2.32835e+00 5.15e-01
2.32903e+00 5.28e-01
2.32971e+00 5.44e-01
2.33039e+00 5.62e-01
2.33108e+00 5.83e-01
2.33185e+00 6.07e-01
2.33253e+00 6.35e-01
2.33321e+00 6.67e-01
2.33389e+00 7.05e-01
2.33466e+00 7.50e-01
2.33534e+00 8.03e-01
2.33612e+00 8.68e-01
2.33679e+00 9.46e-01
2.33747e+00 1.04e+00
2.33824e+00 1.16e+00
2.33901e+00 1.32e+00
2.33969e+00 1.51e+00
2.34046e+00 1.78e+00
2.34113e+00 2.14e+00
2.34190e+00 2.64e+00
2.34267e+00 3.35e+00
2.34344e+00 4.38e+00
2.34411e+00 5.86e+00
2.34488e+00 7.80e+00
2.34564e+00 9.72e+00
2.34641e+00 1.04e+01
2.34718e+00 9.31e+00
2.34794e+00 7.32e+00
2.34871e+00 5.53e+00
2.34947e+00 4.24e+00
2.35023e+00 3.38e+00
2.35099e+00 2.83e+00
2.35176e+00 2.50e+00
2.35261e+00 2.33e+00
2.35337e+00 2.29e+00
2.35413e+00 2.39e+00
2.35499e+00 2.64e+00
2.35575e+00 3.07e+00
2.35650e+00 3.73e+00
2.35736e+00 4.57e+00
2.35811e+00 5.30e+00
2.35897e+00 5.43e+00
2.35982e+00 4.80e+00
2.36057e+00 3.86e+00
2.36142e+00 3.00e+00
2.36227e+00 2.35e+00
2.36312e+00 1.89e+00
2.36396e+00 1.56e+00
2.36471e+00 1.32e+00
2.36556e+00 1.15e+00
2.36640e+00 1.03e+00
2.36734e+00 9.28e-01
2.36819e+00 8.54e-01
2.36903e+00 7.95e-01
2.36987e+00 7.50e-01
2.37071e+00 7.14e-01
2.37164e+00 6.86e-01
2.37248e+00 6.65e-01
2.37332e+00 6.50e-01
2.37425e+00 6.39e-01
2.37518e+00 6.34e-01
2.37602e+00 6.33e-01
2.37695e+00 6.36e-01
2.37788e+00 6.45e-01
2.37871e+00 6.57e-01
2.37964e+00 6.75e-01
2.38056e+00 6.96e-01
2.38149e+00 7.20e-01
2.38241e+00 7.45e-01
2.38334e+00 7.68e-01
2.38426e+00 7.86e-01
2.38527e+00 7.96e-01
2.38619e+00 7.86e-01
2.38711e+00 7.62e-01
2.38812e+00 7.37e-01
2.38904e+00 7.15e-01
2.39005e+00 6.97e-01
2.39096e+00 6.87e-01
2.39197e+00 6.86e-01
2.39297e+00 6.96e-01
2.39398e+00 7.21e-01
2.39498e+00 7.68e-01
2.39598e+00 8.50e-01
2.39699e+00 9.93e-01
2.39799e+00 1.25e+00
2.39899e+00 1.73e+00
2.40007e+00 2.52e+00
2.40107e+00 3.12e+00
2.40216e+00 2.59e+00
2.40315e+00 1.77e+00
2.40424e+00 1.27e+00
2.40532e+00 9.99e-01
2.40640e+00 8.48e-01
2.40740e+00 7.64e-01
2.40848e+00 7.18e-01
2.40964e+00 6.92e-01
2.41072e+00 6.73e-01
2.41180e+00 6.66e-01
2.41296e+00 6.70e-01
2.41404e+00 6.82e-01
2.41520e+00 7.03e-01
2.41627e+00 7.33e-01
2.41743e+00 7.74e-01
2.41859e+00 8.28e-01
2.41975e+00 8.99e-01
2.42090e+00 9.92e-01
2.42214e+00 1.11e+00
2.42330e+00 1.26e+00
2.42454e+00 1.42e+00
2.42569e+00 1.57e+00
2.42692e+00 1.65e+00
2.42816e+00 1.63e+00
2.42939e+00 1.54e+00
2.43063e+00 1.44e+00
2.43186e+00 1.36e+00
2.43317e+00 1.32e+00
2.43440e+00 1.33e+00
2.43572e+00 1.39e+00
2.43694e+00 1.52e+00
2.43825e+00 1.73e+00
2.43956e+00 2.04e+00
2.44095e+00 2.45e+00
2.44226e+00 2.88e+00
2.44365e+00 3.14e+00
2.44495e+00 3.03e+00
2.44634e+00 2.63e+00
2.44772e+00 2.18e+00
2.44911e+00 1.80e+00
2.45057e+00 1.51e+00
2.45195e+00 1.30e+00
2.45342e+00 1.15e+00
2.45488e+00 1.05e+00
2.45634e+00 9.73e-01
2.45779e+00 9.21e-01
2.45933e+00 8.89e-01
2.46087e+00 8.85e-01
2.46241e+00 8.78e-01
2.46394e+00 8.50e-01
2.46547e+00 8.34e-01
2.46708e+00 8.32e-01
2.46861e+00 8.35e-01
2.47022e+00 8.41e-01
2.47191e+00 8.50e-01
2.47351e+00 8.62e-01
2.47519e+00 8.80e-01
2.47687e+00 9.05e-01
2.47855e+00 9.43e-01
2.48031e+00 9.88e-01
2.48207e+00 9.96e-01
2.48382e+00 8.64e-01
2.48566e+00 9.09e-01
2.48740e+00 1.03e+00
2.49114e+00 1.20e+00
2.49304e+00 1.28e+00
2.49494e+00 1.43e+00
2.49684e+00 1.47e+00
2.49881e+00 1.60e+00
2.50078e+00 1.73e+00
2.50283e+00 1.61e+00
2.50487e+00 1.51e+00
2.50699e+00 1.41e+00
2.50911e+00 1.39e+00
2.51122e+00 1.45e+00
2.51341e+00 1.45e+00
2.51568e+00 1.35e+00
2.51786e+00 1.27e+00
2.52019e+00 1.18e+00
2.52252e+00 1.11e+00
2.52493e+00 1.11e+00
2.52733e+00 1.37e+00
2.52980e+00 9.71e-01
2.53227e+00 8.87e-01
2.53481e+00 8.35e-01
2.53742e+00 9.86e-01
2.54010e+00 1.39e+00
2.54286e+00 1.52e+00
2.54561e+00 1.48e+00
2.54843e+00 1.66e+00
2.55132e+00 1.41e+00
2.55428e+00 2.07e+00
2.55730e+00 1.11e+00
2.56048e+00 9.28e-01
2.56364e+00 1.52e+00
2.56695e+00 1.71e+00
2.57024e+00 1.63e+00
2.57376e+00 1.92e+00
2.57726e+00 1.75e+00
2.58097e+00 1.46e+00
2.58475e+00 6.75e-01
2.58867e+00 1.81e+00
2.59264e+00 1.45e+00
2.59682e+00 7.81e-01
2.60113e+00 1.44e+00
2.60565e+00 1.67e+00
2.61029e+00 1.69e+00
2.61513e+00 1.11e+00
2.62024e+00 1.07e+00
2.62554e+00 1.40e+00
2.63110e+00 1.26e+00
2.63698e+00 1.18e+00
2.64319e+00 1.09e+00
2.64971e+00 1.55e+00
2.65669e+00 1.12e+00
2.66410e+00 9.17e-01
2.67215e+00 1.00e+00
2.68082e+00 9.47e-01
2.69029e+00 9.70e-01
2.70069e+00 9.14e-01
2.71231e+00 8.63e-01
2.72543e+00 8.05e-01
2.74065e+00 7.32e-01
2.75874e+00 6.39e-01
2.78130e+00 5.52e-01
2.81151e+00 1.59e-01
2.85859e+00 1.32e-01
2.99573e+00 6.53e-02
