# OPACITY Project tables
-2.61515e+00 2.69e+00
-2.27341e+00 9.28e-01
-2.07433e+00 4.99e-01
-1.93351e+00 3.22e-01
-1.82455e+00 2.30e-01
-1.73574e+00 1.75e-01
-1.66078e+00 1.38e-01
-1.59603e+00 1.14e-01
-1.53898e+00 9.73e-02
-1.48802e+00 8.32e-02
-1.44198e+00 7.13e-02
-1.40003e+00 6.20e-02
-1.36148e+00 5.50e-02
-1.32584e+00 4.93e-02
-1.29269e+00 4.45e-02
-1.26174e+00 4.04e-02
-1.23268e+00 3.70e-02
-1.20531e+00 3.40e-02
-1.17944e+00 3.14e-02
-1.15493e+00 2.91e-02
-1.13165e+00 2.72e-02
-1.10945e+00 2.57e-02
-1.08827e+00 2.40e-02
-1.06799e+00 2.26e-02
-1.04857e+00 2.13e-02
-1.02994e+00 2.01e-02
-1.01200e+00 1.91e-02
-9.94739e-01 1.81e-02
-9.78086e-01 1.93e-02
-9.62021e-01 1.85e-02
-9.46492e-01 1.77e-02
-9.31455e-01 1.68e-02
-9.16916e-01 1.62e-02
-9.02807e-01 1.57e-02
-8.89113e-01 1.53e-02
-8.75797e-01 1.49e-02
-8.62868e-01 1.47e-02
-8.50292e-01 1.44e-02
-8.38057e-01 1.41e-02
-8.26130e-01 1.38e-02
-8.14502e-01 1.36e-02
-8.03185e-01 1.35e-02
-7.92106e-01 1.34e-02
-7.81301e-01 1.33e-02
-7.70741e-01 1.29e-02
-7.60420e-01 1.24e-02
-7.50331e-01 1.18e-02
-7.40469e-01 1.12e-02
-7.30787e-01 1.07e-02
-7.21320e-01 1.03e-02
-7.12045e-01 9.93e-03
-7.02955e-01 9.60e-03
-6.94048e-01 9.30e-03
-6.85298e-01 9.02e-03
-6.76723e-01 8.74e-03
-6.68298e-01 8.47e-03
-6.60041e-01 8.22e-03
-6.51909e-01 7.98e-03
-6.43938e-01 7.76e-03
-6.36087e-01 7.55e-03
-6.28390e-01 7.36e-03
-6.20808e-01 7.18e-03
-6.13357e-01 7.02e-03
-6.06016e-01 6.86e-03
-5.98801e-01 6.73e-03
-5.91692e-01 6.61e-03
-5.84687e-01 6.50e-03
-5.77803e-01 6.42e-03
-5.71018e-01 6.36e-03
-5.64314e-01 6.32e-03
-5.57725e-01 6.31e-03
-5.51231e-01 6.36e-03
-5.44831e-01 6.48e-03
-5.38505e-01 6.69e-03
-5.32288e-01 6.88e-03
-5.26142e-01 7.46e-03
-5.20085e-01 8.50e-03
-5.14098e-01 8.83e-03
-5.08196e-01 9.08e-03
-5.02362e-01 9.31e-03
-4.96610e-01 9.83e-03
-4.90925e-01 1.20e-02
-4.85320e-01 1.51e-02
-4.79779e-01 1.69e-02
-4.74301e-01 1.99e-02
-4.68884e-01 3.20e-02
-4.63545e-01 2.91e-02
-4.58265e-01 1.90e-02
-4.53044e-01 1.64e-02
-4.47882e-01 1.44e-02
-4.42778e-01 1.12e-02
-4.37730e-01 9.06e-03
-4.32739e-01 8.43e-03
-4.27803e-01 8.09e-03
-4.22922e-01 7.75e-03
-4.18095e-01 7.37e-03
-4.13321e-01 6.77e-03
-4.08585e-01 5.58e-03
-4.03901e-01 5.20e-03
-3.99284e-01 4.96e-03
-3.94688e-01 4.67e-03
-3.90158e-01 4.45e-03
-3.85662e-01 4.29e-03
-3.81216e-01 4.15e-03
-3.76819e-01 4.03e-03
-3.72456e-01 3.92e-03
-3.68126e-01 3.82e-03
-3.63858e-01 3.72e-03
-3.59622e-01 3.64e-03
-3.55419e-01 3.56e-03
-3.51261e-01 3.51e-03
-3.47135e-01 3.47e-03
-3.43054e-01 3.45e-03
-3.39003e-01 3.43e-03
-3.34997e-01 3.41e-03
-3.31021e-01 3.38e-03
-3.27088e-01 3.35e-03
-3.23185e-01 3.32e-03
-3.19310e-01 3.27e-03
-3.15464e-01 3.21e-03
-3.11661e-01 3.15e-03
-3.07885e-01 3.12e-03
-3.04150e-01 3.11e-03
-3.00430e-01 3.09e-03
-2.96750e-01 3.08e-03
-2.93097e-01 3.02e-03
-2.89484e-01 2.93e-03
-2.85884e-01 2.94e-03
-2.82323e-01 2.91e-03
-2.78788e-01 2.92e-03
-2.75279e-01 2.91e-03
-2.71796e-01 2.85e-03
-2.68350e-01 2.80e-03
-2.64917e-01 2.80e-03
-2.61521e-01 2.80e-03
-2.58149e-01 2.72e-03
-2.54802e-01 2.70e-03
-2.51466e-01 2.65e-03
-2.48167e-01 2.50e-03
-2.44891e-01 2.73e-03
-2.41639e-01 2.67e-03
-2.38409e-01 2.64e-03
-2.32020e-01 2.58e-03
-2.28860e-01 2.55e-03
-2.25722e-01 2.52e-03
-2.22606e-01 2.48e-03
-2.19513e-01 2.46e-03
-2.16441e-01 2.44e-03
-2.13391e-01 2.43e-03
-2.10363e-01 2.41e-03
-2.07344e-01 2.38e-03
-2.04359e-01 2.36e-03
-2.01382e-01 2.35e-03
-1.98439e-01 2.34e-03
-1.95504e-01 2.31e-03
-1.92590e-01 2.30e-03
-1.89697e-01 2.28e-03
-1.86824e-01 2.24e-03
-1.83971e-01 2.20e-03
-1.81126e-01 2.26e-03
-1.78314e-01 2.23e-03
-1.72724e-01 2.19e-03
-1.69958e-01 2.17e-03
-1.67200e-01 3.34e-03
-1.61755e-01 3.30e-03
-1.56373e-01 3.26e-03
-1.51044e-01 3.22e-03
-1.45789e-01 3.18e-03
-1.40596e-01 3.13e-03
-1.35453e-01 3.08e-03
-1.30382e-01 3.03e-03
-1.25359e-01 2.99e-03
-1.20395e-01 2.95e-03
-1.15489e-01 2.91e-03
-1.10630e-01 2.87e-03
-1.05827e-01 2.83e-03
-1.01070e-01 2.79e-03
-9.63788e-02 2.76e-03
-9.17206e-02 2.72e-03
-8.71168e-02 2.69e-03
-8.25559e-02 2.65e-03
-7.80480e-02 2.62e-03
-7.35820e-02 2.59e-03
-6.91679e-02 2.56e-03
-6.47839e-02 2.53e-03
-6.04509e-02 2.49e-03
-5.61577e-02 2.46e-03
-5.19040e-02 2.43e-03
-4.76998e-02 2.40e-03
-4.35236e-02 2.38e-03
-3.93959e-02 2.35e-03
-3.52956e-02 2.32e-03
-3.12430e-02 2.29e-03
-2.72170e-02 2.27e-03
-2.32379e-02 2.24e-03
-1.92848e-02 2.22e-03
-1.53675e-02 2.19e-03
-1.14958e-02 2.17e-03
-7.64918e-03 2.14e-03
-3.83735e-03 2.12e-03
-5.00013e-05 2.09e-03
3.69317e-03 2.07e-03
7.37275e-03 2.05e-03
1.11377e-02 2.03e-03
1.47901e-02 2.00e-03
1.84291e-02 1.98e-03
2.19572e-02 1.96e-03
2.55703e-02 1.94e-03
2.90732e-02 1.92e-03
3.25640e-02 1.90e-03
3.60426e-02 1.88e-03
3.95091e-02 1.86e-03
4.29637e-02 1.85e-03
4.64064e-02 1.83e-03
4.97421e-02 1.81e-03
5.30667e-02 1.79e-03
5.64748e-02 1.77e-03
5.97772e-02 1.76e-03
6.29748e-02 1.74e-03
6.62558e-02 1.72e-03
6.95261e-02 1.71e-03
7.26927e-02 1.69e-03
7.58493e-02 1.68e-03
7.90884e-02 1.66e-03
8.22249e-02 1.65e-03
8.52598e-02 1.63e-03
8.83771e-02 1.62e-03
9.14847e-02 1.60e-03
9.44917e-02 1.59e-03
9.75803e-02 1.57e-03
1.00569e-01 1.56e-03
1.03549e-01 1.55e-03
1.06520e-01 1.53e-03
1.09482e-01 1.52e-03
1.12435e-01 1.51e-03
1.15291e-01 1.49e-03
1.18227e-01 1.48e-03
1.21067e-01 1.47e-03
1.23898e-01 1.46e-03
1.26809e-01 1.45e-03
1.29624e-01 1.43e-03
1.32431e-01 1.42e-03
1.35143e-01 1.41e-03
1.37934e-01 1.40e-03
1.40718e-01 1.39e-03
1.43407e-01 1.38e-03
1.46176e-01 1.37e-03
1.48851e-01 1.36e-03
1.51519e-01 1.34e-03
1.54179e-01 1.33e-03
1.56833e-01 1.32e-03
1.59479e-01 1.31e-03
1.62119e-01 1.30e-03
1.64751e-01 1.29e-03
1.67293e-01 1.28e-03
1.69912e-01 1.28e-03
1.72440e-01 1.27e-03
1.74961e-01 1.26e-03
1.77477e-01 1.25e-03
1.80069e-01 1.24e-03
1.82572e-01 1.23e-03
1.84985e-01 1.22e-03
1.87475e-01 1.21e-03
1.89959e-01 1.20e-03
1.92437e-01 1.19e-03
1.94826e-01 1.19e-03
1.97292e-01 1.18e-03
1.99670e-01 1.17e-03
2.02042e-01 1.16e-03
2.04409e-01 1.15e-03
2.06770e-01 1.15e-03
2.09126e-01 1.14e-03
2.11476e-01 1.13e-03
2.13820e-01 1.12e-03
2.16159e-01 1.11e-03
2.18493e-01 1.11e-03
2.20741e-01 1.10e-03
2.23064e-01 1.09e-03
2.25301e-01 1.09e-03
2.27614e-01 1.08e-03
2.29841e-01 1.07e-03
2.32064e-01 1.06e-03
2.34281e-01 1.06e-03
2.36494e-01 1.05e-03
2.38702e-01 1.04e-03
2.39804e-01 1.05e-03
2.42005e-01 1.04e-03
2.44200e-01 1.03e-03
2.46313e-01 1.03e-03
2.48499e-01 1.02e-03
2.50681e-01 1.01e-03
2.52780e-01 1.01e-03
2.54875e-01 1.00e-03
2.57042e-01 9.95e-04
2.59128e-01 9.89e-04
2.61210e-01 9.83e-04
2.63287e-01 9.77e-04
2.65360e-01 9.71e-04
2.67428e-01 9.65e-04
2.69493e-01 9.59e-04
2.71553e-01 9.54e-04
2.73609e-01 9.48e-04
2.75660e-01 9.42e-04
2.77632e-01 9.37e-04
2.79675e-01 9.32e-04
2.81639e-01 9.26e-04
2.83674e-01 9.21e-04
2.85630e-01 9.16e-04
2.87582e-01 9.10e-04
2.89605e-01 9.05e-04
2.91550e-01 9.00e-04
2.93490e-01 8.95e-04
2.95427e-01 8.90e-04
2.97360e-01 8.85e-04
2.99289e-01 8.80e-04
3.01215e-01 8.75e-04
3.03137e-01 8.70e-04
3.04982e-01 8.66e-04
3.06896e-01 8.61e-04
3.08807e-01 8.56e-04
3.10641e-01 8.52e-04
3.12545e-01 8.47e-04
3.14373e-01 8.43e-04
3.16270e-01 8.38e-04
3.18090e-01 8.34e-04
3.19907e-01 8.29e-04
3.21794e-01 8.25e-04
3.23604e-01 8.21e-04
3.25411e-01 8.16e-04
3.27215e-01 8.12e-04
3.29016e-01 8.08e-04
3.30813e-01 8.04e-04
3.32608e-01 8.00e-04
3.34399e-01 7.95e-04
3.36115e-01 7.91e-04
3.37900e-01 7.87e-04
3.39681e-01 7.83e-04
3.41389e-01 7.79e-04
3.43164e-01 7.76e-04
3.44936e-01 7.72e-04
3.46635e-01 7.68e-04
3.48330e-01 7.64e-04
3.50093e-01 7.60e-04
3.51783e-01 7.56e-04
3.53470e-01 7.53e-04
3.55224e-01 7.49e-04
3.56905e-01 7.45e-04
3.58583e-01 7.42e-04
3.60259e-01 7.38e-04
3.61931e-01 7.35e-04
3.63601e-01 7.31e-04
3.65268e-01 7.28e-04
3.66932e-01 7.24e-04
3.68594e-01 7.21e-04
3.70183e-01 7.17e-04
3.71839e-01 7.14e-04
3.73493e-01 7.11e-04
3.75075e-01 7.07e-04
3.76723e-01 7.04e-04
3.78299e-01 7.01e-04
3.79942e-01 6.98e-04
3.81514e-01 6.94e-04
3.83151e-01 6.91e-04
3.84718e-01 6.88e-04
3.86282e-01 6.85e-04
3.87912e-01 6.82e-04
3.89471e-01 6.79e-04
3.91028e-01 6.76e-04
3.92582e-01 6.73e-04
3.94134e-01 6.70e-04
3.95684e-01 6.67e-04
3.97231e-01 6.64e-04
3.98776e-01 6.61e-04
4.00319e-01 6.58e-04
4.01859e-01 6.55e-04
4.03396e-01 6.52e-04
4.04932e-01 6.50e-04
4.06465e-01 6.47e-04
4.07929e-01 6.44e-04
4.09457e-01 6.41e-04
4.10983e-01 6.38e-04
4.12441e-01 6.36e-04
4.13962e-01 6.33e-04
4.15415e-01 6.30e-04
4.16932e-01 6.28e-04
4.18381e-01 6.25e-04
4.19828e-01 6.22e-04
4.21338e-01 6.20e-04
4.22781e-01 6.17e-04
4.24221e-01 6.15e-04
4.25725e-01 6.12e-04
4.27161e-01 6.09e-04
4.28596e-01 6.07e-04
4.30028e-01 6.04e-04
4.31458e-01 6.02e-04
4.32886e-01 5.99e-04
4.34312e-01 5.97e-04
4.35736e-01 5.95e-04
4.37158e-01 5.92e-04
4.38577e-01 5.90e-04
4.39995e-01 5.87e-04
4.41411e-01 5.85e-04
4.42761e-01 5.83e-04
4.44173e-01 5.80e-04
4.45583e-01 5.78e-04
4.46927e-01 5.76e-04
4.48333e-01 5.74e-04
4.49737e-01 5.71e-04
4.51076e-01 5.69e-04
4.52476e-01 5.67e-04
4.53811e-01 5.65e-04
4.55207e-01 5.62e-04
4.56538e-01 5.60e-04
4.57931e-01 5.58e-04
4.59259e-01 5.56e-04
4.60584e-01 5.54e-04
4.61971e-01 5.52e-04
4.63294e-01 5.50e-04
4.64614e-01 5.48e-04
4.65933e-01 5.45e-04
4.67250e-01 5.43e-04
4.68565e-01 5.41e-04
4.69941e-01 5.39e-04
4.71253e-01 5.37e-04
4.72563e-01 5.35e-04
4.73871e-01 5.33e-04
4.75178e-01 5.31e-04
4.76420e-01 5.29e-04
4.77724e-01 5.27e-04
4.79025e-01 5.26e-04
4.80325e-01 5.24e-04
4.81623e-01 5.22e-04
4.82920e-01 5.20e-04
4.84153e-01 5.18e-04
4.85446e-01 5.16e-04
4.86738e-01 5.14e-04
4.87966e-01 5.12e-04
4.89255e-01 5.10e-04
4.90480e-01 5.09e-04
4.91765e-01 5.07e-04
4.93049e-01 5.05e-04
4.94269e-01 5.03e-04
4.95489e-01 5.01e-04
4.96767e-01 5.00e-04
4.97984e-01 4.98e-04
4.99259e-01 4.96e-04
5.00472e-01 4.94e-04
5.01684e-01 4.93e-04
5.02955e-01 4.91e-04
5.04163e-01 4.89e-04
5.05371e-01 4.88e-04
5.06577e-01 4.86e-04
5.07781e-01 4.84e-04
5.09044e-01 4.83e-04
5.10245e-01 4.81e-04
5.11445e-01 4.79e-04
5.12644e-01 4.78e-04
5.13841e-01 4.76e-04
5.15037e-01 4.74e-04
5.16231e-01 4.73e-04
5.17424e-01 4.71e-04
5.18615e-01 4.70e-04
5.19746e-01 4.68e-04
5.20934e-01 4.67e-04
5.22122e-01 4.65e-04
5.23307e-01 4.63e-04
5.24492e-01 4.62e-04
5.25616e-01 4.60e-04
5.26797e-01 4.59e-04
5.27978e-01 4.57e-04
5.29157e-01 4.56e-04
5.30275e-01 4.54e-04
5.31451e-01 4.53e-04
5.32568e-01 4.51e-04
5.33741e-01 4.50e-04
5.34855e-01 4.48e-04
5.36025e-01 4.47e-04
5.37136e-01 4.46e-04
5.38305e-01 4.44e-04
5.39413e-01 4.43e-04
5.40579e-01 4.41e-04
5.41685e-01 4.40e-04
5.42789e-01 4.38e-04
5.43951e-01 4.37e-04
5.45053e-01 4.36e-04
5.46154e-01 4.34e-04
5.47312e-01 4.33e-04
5.48410e-01 4.32e-04
5.49508e-01 4.30e-04
5.50604e-01 4.29e-04
5.51699e-01 4.28e-04
5.52850e-01 4.26e-04
5.53943e-01 4.25e-04
5.55034e-01 4.24e-04
5.56124e-01 4.22e-04
5.57213e-01 4.21e-04
5.58301e-01 4.20e-04
5.59387e-01 4.18e-04
5.60473e-01 4.17e-04
5.61557e-01 4.16e-04
5.62640e-01 4.15e-04
5.63722e-01 4.13e-04
5.64745e-01 4.12e-04
5.65825e-01 4.11e-04
5.66903e-01 4.10e-04
5.67981e-01 4.08e-04
5.69057e-01 4.07e-04
5.70075e-01 4.06e-04
5.71149e-01 4.05e-04
5.72222e-01 4.04e-04
5.73293e-01 4.02e-04
5.74307e-01 4.01e-04
5.75377e-01 4.00e-04
5.76445e-01 3.99e-04
5.77456e-01 3.98e-04
5.78522e-01 3.96e-04
5.79530e-01 3.95e-04
5.80594e-01 3.94e-04
5.81601e-01 3.93e-04
5.82662e-01 3.92e-04
5.83667e-01 3.91e-04
5.84726e-01 3.90e-04
5.85729e-01 3.89e-04
5.86786e-01 3.87e-04
5.87787e-01 3.86e-04
5.88786e-01 3.85e-04
5.89840e-01 3.84e-04
5.90838e-01 3.83e-04
5.91834e-01 3.82e-04
5.92885e-01 3.81e-04
5.93879e-01 3.80e-04
5.94873e-01 3.79e-04
5.95865e-01 3.78e-04
5.96857e-01 3.77e-04
5.97902e-01 3.76e-04
5.98891e-01 3.75e-04
5.99880e-01 3.74e-04
6.00867e-01 3.73e-04
6.01854e-01 3.71e-04
6.02839e-01 3.70e-04
6.03824e-01 3.69e-04
6.04808e-01 3.68e-04
6.05790e-01 3.67e-04
6.06772e-01 3.66e-04
6.07753e-01 3.65e-04
6.08732e-01 3.64e-04
6.09711e-01 3.63e-04
6.10689e-01 3.62e-04
6.11666e-01 3.61e-04
6.12642e-01 3.61e-04
6.13617e-01 3.60e-04
6.14591e-01 3.59e-04
6.15510e-01 3.58e-04
6.16482e-01 3.57e-04
6.17453e-01 3.56e-04
6.18424e-01 3.55e-04
6.19339e-01 3.54e-04
6.20308e-01 3.53e-04
6.21275e-01 3.52e-04
6.22242e-01 3.51e-04
6.23154e-01 3.50e-04
6.24119e-01 3.49e-04
6.25082e-01 3.48e-04
6.25992e-01 3.47e-04
6.26954e-01 3.47e-04
6.27862e-01 3.46e-04
6.28822e-01 3.45e-04
6.29728e-01 3.44e-04
6.30686e-01 3.43e-04
6.31591e-01 3.42e-04
6.32548e-01 3.41e-04
6.33450e-01 3.40e-04
6.34405e-01 3.39e-04
6.35306e-01 3.39e-04
6.36259e-01 3.38e-04
6.37159e-01 3.37e-04
6.38110e-01 3.36e-04
6.39008e-01 3.35e-04
6.39905e-01 3.34e-04
6.40853e-01 3.34e-04
6.41749e-01 3.33e-04
6.42643e-01 3.32e-04
6.43537e-01 3.31e-04
6.44482e-01 3.30e-04
6.45374e-01 3.29e-04
6.46265e-01 3.29e-04
6.47156e-01 3.28e-04
6.48098e-01 3.27e-04
6.48986e-01 3.26e-04
6.49874e-01 3.25e-04
6.50761e-01 3.25e-04
6.51648e-01 3.24e-04
6.52533e-01 3.23e-04
6.53418e-01 3.22e-04
6.54302e-01 3.21e-04
6.55186e-01 3.21e-04
6.56120e-01 3.20e-04
6.57002e-01 3.19e-04
6.57883e-01 3.18e-04
6.58763e-01 3.18e-04
6.59642e-01 3.17e-04
6.60469e-01 3.16e-04
6.61347e-01 3.15e-04
6.62224e-01 3.14e-04
6.63100e-01 3.14e-04
6.63976e-01 3.13e-04
6.64851e-01 3.12e-04
6.65725e-01 3.12e-04
6.66598e-01 3.11e-04
6.67470e-01 3.10e-04
6.68291e-01 3.09e-04
6.69162e-01 3.09e-04
6.70032e-01 3.08e-04
6.70902e-01 3.07e-04
6.71719e-01 3.06e-04
6.72587e-01 3.06e-04
6.73455e-01 3.05e-04
6.74321e-01 3.04e-04
6.75136e-01 3.04e-04
6.76001e-01 3.03e-04
6.76865e-01 3.02e-04
6.77678e-01 3.02e-04
6.78541e-01 3.01e-04
6.79403e-01 3.00e-04
6.80214e-01 2.99e-04
6.81075e-01 2.99e-04
6.81884e-01 2.98e-04
6.82743e-01 2.97e-04
6.83551e-01 2.97e-04
6.84409e-01 2.96e-04
6.85266e-01 2.95e-04
6.86072e-01 2.95e-04
6.86878e-01 2.94e-04
6.87733e-01 2.93e-04
6.88537e-01 2.93e-04
6.89390e-01 2.92e-04
6.90193e-01 2.91e-04
6.91045e-01 2.91e-04
6.91846e-01 2.90e-04
6.92647e-01 2.90e-04
6.93497e-01 2.89e-04
6.94297e-01 2.88e-04
6.95145e-01 2.88e-04
6.95943e-01 2.87e-04
6.96741e-01 2.86e-04
6.97538e-01 2.86e-04
6.98383e-01 2.85e-04
6.99179e-01 2.84e-04
6.99974e-01 2.84e-04
7.00818e-01 2.83e-04
7.01611e-01 2.83e-04
7.02404e-01 2.82e-04
7.03197e-01 2.81e-04
7.03988e-01 2.81e-04
7.04829e-01 2.80e-04
7.05619e-01 2.80e-04
7.06409e-01 2.79e-04
7.07198e-01 2.78e-04
7.07987e-01 2.78e-04
7.08774e-01 2.77e-04
7.09562e-01 2.77e-04
7.10348e-01 2.76e-04
7.11134e-01 2.76e-04
7.11920e-01 2.75e-04
7.12754e-01 2.74e-04
7.13538e-01 2.74e-04
7.14321e-01 2.73e-04
7.15104e-01 2.73e-04
7.15887e-01 2.72e-04
7.16668e-01 2.72e-04
7.17401e-01 2.71e-04
7.17791e-01 2.71e-04
7.18571e-01 2.70e-04
7.19351e-01 2.69e-04
7.20130e-01 2.69e-04
7.20908e-01 2.68e-04
7.21686e-01 2.68e-04
7.22463e-01 2.67e-04
7.23240e-01 2.67e-04
7.24016e-01 2.66e-04
7.24743e-01 2.66e-04
7.25518e-01 2.65e-04
7.26292e-01 2.65e-04
7.27065e-01 2.64e-04
7.27838e-01 2.63e-04
7.28611e-01 2.63e-04
7.29334e-01 2.62e-04
7.30106e-01 2.62e-04
7.30876e-01 2.61e-04
7.31598e-01 2.61e-04
7.32368e-01 2.60e-04
7.33137e-01 2.60e-04
7.33905e-01 2.59e-04
7.34625e-01 2.59e-04
7.35392e-01 2.58e-04
7.36159e-01 2.58e-04
7.36877e-01 2.57e-04
7.37642e-01 2.57e-04
7.38360e-01 2.56e-04
7.39124e-01 2.56e-04
7.39888e-01 2.55e-04
7.40603e-01 2.55e-04
7.41366e-01 2.54e-04
7.42080e-01 2.54e-04
7.42842e-01 2.53e-04
7.43603e-01 2.53e-04
7.44315e-01 2.52e-04
7.45075e-01 2.52e-04
7.45787e-01 2.51e-04
7.46546e-01 2.51e-04
7.47257e-01 2.50e-04
7.47967e-01 2.50e-04
7.48724e-01 2.50e-04
7.49433e-01 2.49e-04
7.50189e-01 2.49e-04
7.50897e-01 2.48e-04
7.51652e-01 2.48e-04
7.52359e-01 2.47e-04
7.53066e-01 2.47e-04
7.53819e-01 2.46e-04
7.54524e-01 2.46e-04
7.55277e-01 2.45e-04
7.55981e-01 2.45e-04
7.56685e-01 2.44e-04
7.57436e-01 2.44e-04
7.58139e-01 2.44e-04
7.58841e-01 2.43e-04
7.59543e-01 2.43e-04
7.60292e-01 2.42e-04
7.60993e-01 2.42e-04
7.61693e-01 2.41e-04
7.62393e-01 2.41e-04
7.63140e-01 2.41e-04
7.63839e-01 2.40e-04
7.64537e-01 2.40e-04
7.65235e-01 2.39e-04
7.65979e-01 2.39e-04
7.66676e-01 2.38e-04
7.67373e-01 2.38e-04
7.68069e-01 2.38e-04
7.68765e-01 2.37e-04
7.69460e-01 2.37e-04
7.70155e-01 2.36e-04
7.70895e-01 2.36e-04
7.71589e-01 2.35e-04
7.72282e-01 2.35e-04
7.72974e-01 2.35e-04
7.73667e-01 2.34e-04
7.74358e-01 2.34e-04
7.75050e-01 2.33e-04
7.75740e-01 2.33e-04
7.76431e-01 2.33e-04
7.77121e-01 2.32e-04
7.77810e-01 2.32e-04
7.78499e-01 2.31e-04
7.79187e-01 2.31e-04
7.79875e-01 2.31e-04
7.80563e-01 2.30e-04
7.81250e-01 2.30e-04
7.81936e-01 2.30e-04
7.82622e-01 2.29e-04
7.83308e-01 2.29e-04
7.83993e-01 2.28e-04
7.84677e-01 2.28e-04
7.85362e-01 2.28e-04
7.86000e-01 2.27e-04
7.86683e-01 2.27e-04
7.87366e-01 2.26e-04
7.88048e-01 2.26e-04
7.88730e-01 2.26e-04
7.89411e-01 2.25e-04
7.90092e-01 2.25e-04
7.90728e-01 2.25e-04
7.91408e-01 2.24e-04
7.92087e-01 2.24e-04
7.92766e-01 2.24e-04
7.93445e-01 2.23e-04
7.94078e-01 2.23e-04
7.94756e-01 2.22e-04
7.95433e-01 2.22e-04
7.96110e-01 2.22e-04
7.96741e-01 2.21e-04
7.97417e-01 2.21e-04
7.98093e-01 2.21e-04
7.98768e-01 2.20e-04
7.99397e-01 2.20e-04
8.00071e-01 2.20e-04
8.00745e-01 2.19e-04
8.01374e-01 2.19e-04
8.02046e-01 2.19e-04
8.02719e-01 2.18e-04
8.03346e-01 2.18e-04
8.04017e-01 2.18e-04
8.04644e-01 2.17e-04
8.05314e-01 2.17e-04
8.05985e-01 2.17e-04
8.06610e-01 2.16e-04
8.07279e-01 2.16e-04
8.07903e-01 2.16e-04
8.08572e-01 2.15e-04
8.09240e-01 2.15e-04
8.09863e-01 2.15e-04
8.10530e-01 2.14e-04
8.11152e-01 2.14e-04
8.11819e-01 2.14e-04
8.12440e-01 2.13e-04
8.13106e-01 2.13e-04
8.13726e-01 2.13e-04
8.14391e-01 2.12e-04
8.15011e-01 2.12e-04
8.15674e-01 2.12e-04
8.16294e-01 2.11e-04
8.16956e-01 2.11e-04
8.17575e-01 2.11e-04
8.18193e-01 2.11e-04
8.18854e-01 2.10e-04
8.19471e-01 2.10e-04
8.20132e-01 2.10e-04
8.20749e-01 2.09e-04
8.21364e-01 2.09e-04
8.22024e-01 2.09e-04
8.22639e-01 2.08e-04
8.23298e-01 2.08e-04
8.23912e-01 2.08e-04
8.24526e-01 2.08e-04
8.25184e-01 2.07e-04
8.25797e-01 2.07e-04
8.26410e-01 2.07e-04
8.27066e-01 2.06e-04
8.27678e-01 2.06e-04
8.28290e-01 2.06e-04
8.28945e-01 2.06e-04
8.29556e-01 2.05e-04
8.30166e-01 2.05e-04
8.30776e-01 2.05e-04
8.31430e-01 2.04e-04
8.32039e-01 2.04e-04
8.32648e-01 2.04e-04
8.33257e-01 2.04e-04
8.33909e-01 2.03e-04
8.34517e-01 2.03e-04
8.35124e-01 2.03e-04
8.35731e-01 2.02e-04
8.36338e-01 2.02e-04
8.36988e-01 2.02e-04
8.37594e-01 2.02e-04
8.38199e-01 2.01e-04
8.38805e-01 2.01e-04
8.39410e-01 2.01e-04
8.40014e-01 2.01e-04
8.40618e-01 2.00e-04
8.41265e-01 2.00e-04
8.41869e-01 2.00e-04
8.42472e-01 2.00e-04
8.43075e-01 1.99e-04
8.43677e-01 1.99e-04
8.44279e-01 1.99e-04
8.44881e-01 1.99e-04
8.45482e-01 1.98e-04
8.46083e-01 1.98e-04
8.46683e-01 1.98e-04
8.47284e-01 1.98e-04
8.47883e-01 1.97e-04
8.48526e-01 1.97e-04
8.49125e-01 1.97e-04
8.49723e-01 1.97e-04
8.50322e-01 1.96e-04
8.50920e-01 1.96e-04
8.51518e-01 1.96e-04
8.52115e-01 1.96e-04
8.52712e-01 1.95e-04
8.53308e-01 1.95e-04
8.53862e-01 1.95e-04
8.54458e-01 1.95e-04
8.55053e-01 1.94e-04
8.55649e-01 1.94e-04
8.56243e-01 1.94e-04
8.56838e-01 1.94e-04
8.57432e-01 1.94e-04
8.58026e-01 1.93e-04
8.58619e-01 1.93e-04
8.59212e-01 1.93e-04
8.59805e-01 1.93e-04
8.60397e-01 1.92e-04
8.60947e-01 1.92e-04
8.61539e-01 1.92e-04
8.62130e-01 1.92e-04
8.62721e-01 1.92e-04
8.63312e-01 1.91e-04
8.63902e-01 1.91e-04
8.64492e-01 1.91e-04
8.65040e-01 1.91e-04
8.65629e-01 1.91e-04
8.66218e-01 1.90e-04
8.66806e-01 1.90e-04
8.67395e-01 1.90e-04
8.67940e-01 1.90e-04
8.68528e-01 1.90e-04
8.69115e-01 1.89e-04
8.69702e-01 1.89e-04
8.70289e-01 1.89e-04
8.70833e-01 1.89e-04
8.71419e-01 1.89e-04
8.72004e-01 1.88e-04
8.72548e-01 1.88e-04
8.73133e-01 1.88e-04
8.85873e-01 1.84e-04
8.94495e-01 1.82e-04
9.03489e-01 1.80e-04
9.11278e-01 1.78e-04
9.20562e-01 1.77e-04
9.28614e-01 1.76e-04
9.36093e-01 1.76e-04
9.41919e-01 1.76e-04
9.43945e-01 1.77e-04
9.45927e-01 1.77e-04
9.47441e-01 1.78e-04
9.47944e-01 1.78e-04
9.48448e-01 1.78e-04
9.48952e-01 1.78e-04
9.49455e-01 1.79e-04
9.49919e-01 1.79e-04
9.50422e-01 1.79e-04
9.50924e-01 1.80e-04
9.51426e-01 1.80e-04
9.51928e-01 1.81e-04
9.52430e-01 1.81e-04
9.52931e-01 1.82e-04
9.53394e-01 1.82e-04
9.53895e-01 1.82e-04
9.54395e-01 1.83e-04
9.54665e-01 1.83e-04
9.55627e-01 1.83e-04
9.56127e-01 1.82e-04
9.56626e-01 1.82e-04
9.58814e-01 1.81e-04
9.60040e-01 1.81e-04
9.61532e-01 1.82e-04
9.62983e-01 1.82e-04
9.63937e-01 1.82e-04
9.64433e-01 1.83e-04
9.64929e-01 1.83e-04
9.65386e-01 1.83e-04
9.65881e-01 1.83e-04
9.66375e-01 1.84e-04
9.66870e-01 1.84e-04
9.67326e-01 1.84e-04
9.67820e-01 1.84e-04
9.68314e-01 1.85e-04
9.68769e-01 1.85e-04
9.69263e-01 1.85e-04
9.69756e-01 1.86e-04
9.70211e-01 1.86e-04
9.70703e-01 1.86e-04
9.71195e-01 1.87e-04
9.71650e-01 1.87e-04
9.72142e-01 1.88e-04
9.72633e-01 1.88e-04
9.73087e-01 1.88e-04
9.73578e-01 1.89e-04
9.74069e-01 1.89e-04
9.74522e-01 1.90e-04
9.75012e-01 1.90e-04
9.75503e-01 1.91e-04
9.75955e-01 1.91e-04
9.76445e-01 1.92e-04
9.76897e-01 1.92e-04
9.77386e-01 1.93e-04
9.77875e-01 1.93e-04
9.78326e-01 1.94e-04
9.78815e-01 1.95e-04
9.79266e-01 1.95e-04
9.79754e-01 1.96e-04
9.80242e-01 1.97e-04
9.80692e-01 1.97e-04
9.81179e-01 1.98e-04
9.81629e-01 1.99e-04
9.82116e-01 1.99e-04
9.82565e-01 2.00e-04
9.83052e-01 2.01e-04
9.83501e-01 2.02e-04
9.83987e-01 2.03e-04
9.84473e-01 2.04e-04
9.84921e-01 2.04e-04
9.85406e-01 2.05e-04
9.85854e-01 2.06e-04
9.86339e-01 2.07e-04
9.86786e-01 2.08e-04
9.87271e-01 2.10e-04
9.87718e-01 2.11e-04
9.88202e-01 2.12e-04
9.88649e-01 2.13e-04
9.89132e-01 2.14e-04
9.89578e-01 2.16e-04
9.90062e-01 2.17e-04
9.90507e-01 2.18e-04
9.90990e-01 2.20e-04
9.91435e-01 2.21e-04
9.91918e-01 2.23e-04
9.92362e-01 2.25e-04
9.92844e-01 2.26e-04
9.93289e-01 2.28e-04
9.93733e-01 2.30e-04
9.94214e-01 2.32e-04
9.94658e-01 2.34e-04
9.95139e-01 2.36e-04
9.95582e-01 2.39e-04
9.96063e-01 2.41e-04
9.96506e-01 2.44e-04
9.96986e-01 2.46e-04
9.97428e-01 2.49e-04
9.97871e-01 2.52e-04
9.98350e-01 2.55e-04
9.98792e-01 2.59e-04
9.99271e-01 2.63e-04
9.99712e-01 2.66e-04
9.99933e-01 2.68e-04
1.00041e+00 2.73e-04
1.00085e+00 2.77e-04
1.00129e+00 2.82e-04
1.00177e+00 2.88e-04
1.00221e+00 2.94e-04
1.00269e+00 3.00e-04
1.00313e+00 3.07e-04
1.00335e+00 3.11e-04
1.00357e+00 3.15e-04
1.00379e+00 3.19e-04
1.00405e+00 3.23e-04
1.00426e+00 3.28e-04
1.00448e+00 3.32e-04
1.00470e+00 3.37e-04
1.00492e+00 3.43e-04
1.00518e+00 3.48e-04
1.00540e+00 3.54e-04
1.00562e+00 3.61e-04
1.00584e+00 3.67e-04
1.00606e+00 3.74e-04
1.00628e+00 3.82e-04
1.00653e+00 3.90e-04
1.00675e+00 3.98e-04
1.00697e+00 4.07e-04
1.00719e+00 4.17e-04
1.00741e+00 4.27e-04
1.00763e+00 4.38e-04
1.00788e+00 4.50e-04
1.00810e+00 4.62e-04
1.00832e+00 4.75e-04
1.00854e+00 4.89e-04
1.00876e+00 5.04e-04
1.00898e+00 5.19e-04
1.00923e+00 5.35e-04
1.00945e+00 5.52e-04
1.00967e+00 5.70e-04
1.00989e+00 5.88e-04
1.01033e+00 6.25e-04
1.01080e+00 6.63e-04
1.01102e+00 6.82e-04
1.01124e+00 7.00e-04
1.01146e+00 7.18e-04
1.01167e+00 7.35e-04
1.01189e+00 7.52e-04
1.01236e+00 7.84e-04
1.01280e+00 8.15e-04
1.01324e+00 8.47e-04
1.01371e+00 8.80e-04
1.01414e+00 9.12e-04
1.01436e+00 9.27e-04
1.01458e+00 9.41e-04
1.01480e+00 9.53e-04
1.01501e+00 9.63e-04
1.01527e+00 9.71e-04
1.01548e+00 9.76e-04
1.01570e+00 9.78e-04
1.01592e+00 9.79e-04
1.01614e+00 9.77e-04
1.01635e+00 9.73e-04
1.01657e+00 9.67e-04
1.01679e+00 9.60e-04
1.01704e+00 9.51e-04
1.01726e+00 9.40e-04
1.01747e+00 9.28e-04
1.01769e+00 9.15e-04
1.01791e+00 9.00e-04
1.01813e+00 8.85e-04
1.01834e+00 8.68e-04
1.01856e+00 8.50e-04
1.01903e+00 8.13e-04
1.01924e+00 7.95e-04
1.01946e+00 7.77e-04
1.01968e+00 7.59e-04
1.01989e+00 7.42e-04
1.02011e+00 7.26e-04
1.02033e+00 7.12e-04
1.02054e+00 6.98e-04
1.02079e+00 6.86e-04
1.02101e+00 6.74e-04
1.02123e+00 6.64e-04
1.02144e+00 6.55e-04
1.02166e+00 6.48e-04
1.02188e+00 6.41e-04
1.02209e+00 6.35e-04
1.02231e+00 6.30e-04
1.02252e+00 6.26e-04
1.02277e+00 6.23e-04
1.02299e+00 6.21e-04
1.02321e+00 6.20e-04
1.02342e+00 6.20e-04
1.02364e+00 6.20e-04
1.02385e+00 6.21e-04
1.02407e+00 6.22e-04
1.02428e+00 6.25e-04
1.02450e+00 6.28e-04
1.02471e+00 6.31e-04
1.02497e+00 6.35e-04
1.02518e+00 6.40e-04
1.02540e+00 6.46e-04
1.02561e+00 6.52e-04
1.02583e+00 6.58e-04
1.02604e+00 6.66e-04
1.02626e+00 6.74e-04
1.02647e+00 6.82e-04
1.02669e+00 6.91e-04
1.02690e+00 7.01e-04
1.02712e+00 7.12e-04
1.02737e+00 7.23e-04
1.02758e+00 7.35e-04
1.02780e+00 7.48e-04
1.02801e+00 7.62e-04
1.02823e+00 7.76e-04
1.02844e+00 7.91e-04
1.02865e+00 8.08e-04
1.02887e+00 8.25e-04
1.02908e+00 8.43e-04
1.02930e+00 8.62e-04
1.02951e+00 8.83e-04
1.02973e+00 9.04e-04
1.02998e+00 9.27e-04
1.03019e+00 9.51e-04
1.03040e+00 9.76e-04
1.03062e+00 1.00e-03
1.03083e+00 1.03e-03
1.03105e+00 1.06e-03
1.03126e+00 1.09e-03
1.03147e+00 1.13e-03
1.03169e+00 1.16e-03
1.03190e+00 1.20e-03
1.03212e+00 1.24e-03
1.03233e+00 1.28e-03
1.03254e+00 1.33e-03
1.03276e+00 1.38e-03
1.03297e+00 1.43e-03
1.03322e+00 1.48e-03
1.03343e+00 1.54e-03
1.03365e+00 1.61e-03
1.03386e+00 1.68e-03
1.03407e+00 1.76e-03
1.03429e+00 1.84e-03
1.03450e+00 1.93e-03
1.03471e+00 2.03e-03
1.03493e+00 2.13e-03
1.03514e+00 2.25e-03
1.03535e+00 2.38e-03
1.03557e+00 2.52e-03
1.03578e+00 2.68e-03
1.03599e+00 2.85e-03
1.03620e+00 3.05e-03
1.03642e+00 3.26e-03
1.03663e+00 3.51e-03
1.03684e+00 3.78e-03
1.03706e+00 4.10e-03
1.03730e+00 4.45e-03
1.03752e+00 4.86e-03
1.03773e+00 5.34e-03
1.03794e+00 5.88e-03
1.03815e+00 6.52e-03
1.03837e+00 7.26e-03
1.03858e+00 8.14e-03
1.03879e+00 9.18e-03
1.03900e+00 1.04e-02
1.03922e+00 1.19e-02
1.03943e+00 1.37e-02
1.03964e+00 1.59e-02
1.03985e+00 1.85e-02
1.04006e+00 2.16e-02
1.04028e+00 2.52e-02
1.04049e+00 2.94e-02
1.04070e+00 3.38e-02
1.04091e+00 3.80e-02
1.04112e+00 4.13e-02
1.04134e+00 4.31e-02
1.04155e+00 4.29e-02
1.04176e+00 4.08e-02
1.04197e+00 3.73e-02
1.04218e+00 3.30e-02
1.04239e+00 2.87e-02
1.04261e+00 2.46e-02
1.04282e+00 2.11e-02
1.04303e+00 1.81e-02
1.04324e+00 1.56e-02
1.04349e+00 1.35e-02
1.04370e+00 1.17e-02
1.04391e+00 1.03e-02
1.04412e+00 9.08e-03
1.04433e+00 8.06e-03
1.04454e+00 7.20e-03
1.04475e+00 6.47e-03
1.04497e+00 5.85e-03
1.04518e+00 5.31e-03
1.04539e+00 4.85e-03
1.04560e+00 4.44e-03
1.04581e+00 4.09e-03
1.04602e+00 3.78e-03
1.04623e+00 3.50e-03
1.04644e+00 3.26e-03
1.04665e+00 3.04e-03
1.04686e+00 2.84e-03
1.04707e+00 2.67e-03
1.04728e+00 2.51e-03
1.04749e+00 2.37e-03
1.04770e+00 2.24e-03
1.04792e+00 2.12e-03
1.04813e+00 2.01e-03
1.04834e+00 1.91e-03
1.04855e+00 1.82e-03
1.04876e+00 1.74e-03
1.04897e+00 1.66e-03
1.04918e+00 1.59e-03
1.04939e+00 1.53e-03
1.04960e+00 1.47e-03
1.04981e+00 1.41e-03
1.05002e+00 1.36e-03
1.05023e+00 1.31e-03
1.05044e+00 1.26e-03
1.05065e+00 1.22e-03
1.05086e+00 1.18e-03
1.05107e+00 1.14e-03
1.05128e+00 1.10e-03
1.05149e+00 1.07e-03
1.05170e+00 1.04e-03
1.05190e+00 1.01e-03
1.05211e+00 9.81e-04
1.05232e+00 9.54e-04
1.05253e+00 9.29e-04
1.05274e+00 9.05e-04
1.05295e+00 8.82e-04
1.05316e+00 8.60e-04
1.05337e+00 8.40e-04
1.05358e+00 8.20e-04
1.05379e+00 8.01e-04
1.05400e+00 7.83e-04
1.05421e+00 7.66e-04
1.05442e+00 7.50e-04
1.05463e+00 7.34e-04
1.05483e+00 7.20e-04
1.05504e+00 7.05e-04
1.05522e+00 6.92e-04
1.05543e+00 6.78e-04
1.05564e+00 6.66e-04
1.05584e+00 6.54e-04
1.05605e+00 6.42e-04
1.05626e+00 6.31e-04
1.05647e+00 6.20e-04
1.05668e+00 6.10e-04
1.05689e+00 6.00e-04
1.05710e+00 5.90e-04
1.05730e+00 5.81e-04
1.05751e+00 5.72e-04
1.05772e+00 5.63e-04
1.05793e+00 5.55e-04
1.05835e+00 5.39e-04
1.05876e+00 5.24e-04
1.05918e+00 5.10e-04
1.05939e+00 5.03e-04
1.05980e+00 4.91e-04
1.06022e+00 4.79e-04
1.06063e+00 4.68e-04
1.06105e+00 4.57e-04
1.06143e+00 4.47e-04
1.06184e+00 4.38e-04
1.06226e+00 4.29e-04
1.06267e+00 4.20e-04
1.06309e+00 4.12e-04
1.06350e+00 4.05e-04
1.06392e+00 3.98e-04
1.06433e+00 3.91e-04
1.06475e+00 3.85e-04
1.06516e+00 3.79e-04
1.06554e+00 3.73e-04
1.06595e+00 3.67e-04
1.06636e+00 3.62e-04
1.06678e+00 3.57e-04
1.06719e+00 3.52e-04
1.06760e+00 3.47e-04
1.06802e+00 3.43e-04
1.06843e+00 3.39e-04
1.06881e+00 3.35e-04
1.06922e+00 3.31e-04
1.06963e+00 3.28e-04
1.07004e+00 3.24e-04
1.07045e+00 3.21e-04
1.07086e+00 3.18e-04
1.07128e+00 3.15e-04
1.07165e+00 3.12e-04
1.07206e+00 3.09e-04
1.07247e+00 3.06e-04
1.07288e+00 3.04e-04
1.07329e+00 3.01e-04
1.07370e+00 2.99e-04
1.07408e+00 2.97e-04
1.07449e+00 2.95e-04
1.07490e+00 2.93e-04
1.07531e+00 2.91e-04
1.07572e+00 2.89e-04
1.07609e+00 2.87e-04
1.07650e+00 2.85e-04
1.07691e+00 2.84e-04
1.07732e+00 2.82e-04
1.07773e+00 2.80e-04
1.07810e+00 2.79e-04
1.07851e+00 2.78e-04
1.07892e+00 2.76e-04
1.07933e+00 2.75e-04
1.07974e+00 2.74e-04
1.08011e+00 2.73e-04
1.08052e+00 2.72e-04
1.08092e+00 2.71e-04
1.08133e+00 2.70e-04
1.08170e+00 2.69e-04
1.08211e+00 2.68e-04
1.08252e+00 2.67e-04
1.08292e+00 2.66e-04
1.08333e+00 2.65e-04
1.08370e+00 2.65e-04
1.08411e+00 2.64e-04
1.08451e+00 2.63e-04
1.08492e+00 2.63e-04
1.08529e+00 2.62e-04
1.08570e+00 2.62e-04
1.08610e+00 2.61e-04
1.08651e+00 2.61e-04
1.08688e+00 2.60e-04
1.08728e+00 2.60e-04
1.08769e+00 2.59e-04
1.08806e+00 2.59e-04
1.09024e+00 2.58e-04
1.09239e+00 2.57e-04
1.09477e+00 2.57e-04
1.09671e+00 2.58e-04
1.09788e+00 2.59e-04
1.09828e+00 2.59e-04
1.09865e+00 2.59e-04
1.09905e+00 2.60e-04
1.09945e+00 2.60e-04
1.09981e+00 2.60e-04
1.10021e+00 2.61e-04
1.10061e+00 2.61e-04
1.10098e+00 2.61e-04
1.10138e+00 2.62e-04
1.10177e+00 2.62e-04
1.10214e+00 2.63e-04
1.10254e+00 2.63e-04
1.10290e+00 2.64e-04
1.10330e+00 2.64e-04
1.10370e+00 2.65e-04
1.10406e+00 2.65e-04
1.10446e+00 2.66e-04
1.10486e+00 2.67e-04
1.10522e+00 2.67e-04
1.10562e+00 2.68e-04
1.10599e+00 2.68e-04
1.10638e+00 2.69e-04
1.10678e+00 2.70e-04
1.10714e+00 2.71e-04
1.10754e+00 2.71e-04
1.10794e+00 2.72e-04
1.10830e+00 2.73e-04
1.10869e+00 2.74e-04
1.10906e+00 2.74e-04
1.10945e+00 2.75e-04
1.10985e+00 2.76e-04
1.11021e+00 2.77e-04
1.11061e+00 2.78e-04
1.11097e+00 2.79e-04
1.11136e+00 2.79e-04
1.11176e+00 2.80e-04
1.11212e+00 2.81e-04
1.11252e+00 2.82e-04
1.11288e+00 2.83e-04
1.11327e+00 2.84e-04
1.11363e+00 2.85e-04
1.11403e+00 2.86e-04
1.11442e+00 2.87e-04
1.11478e+00 2.88e-04
1.11517e+00 2.89e-04
1.11553e+00 2.90e-04
1.11593e+00 2.92e-04
1.11629e+00 2.93e-04
1.11668e+00 2.94e-04
1.11704e+00 2.95e-04
1.11743e+00 2.96e-04
1.11783e+00 2.97e-04
1.11819e+00 2.99e-04
1.11858e+00 3.00e-04
1.11894e+00 3.01e-04
1.11933e+00 3.02e-04
1.11969e+00 3.03e-04
1.12008e+00 3.05e-04
1.12044e+00 3.06e-04
1.12083e+00 3.07e-04
1.12119e+00 3.08e-04
1.12158e+00 3.10e-04
1.12197e+00 3.11e-04
1.12233e+00 3.12e-04
1.12272e+00 3.14e-04
1.12308e+00 3.15e-04
1.12347e+00 3.16e-04
1.12383e+00 3.18e-04
1.12422e+00 3.19e-04
1.12457e+00 3.20e-04
1.12496e+00 3.22e-04
1.12532e+00 3.23e-04
1.12571e+00 3.25e-04
1.12607e+00 3.26e-04
1.12645e+00 3.27e-04
1.12681e+00 3.29e-04
1.12720e+00 3.30e-04
1.12756e+00 3.32e-04
1.12794e+00 3.33e-04
1.12830e+00 3.35e-04
1.12869e+00 3.36e-04
1.12904e+00 3.38e-04
1.12943e+00 3.39e-04
1.12979e+00 3.41e-04
1.13018e+00 3.42e-04
1.13053e+00 3.44e-04
1.13092e+00 3.45e-04
1.13127e+00 3.47e-04
1.13166e+00 3.48e-04
1.13201e+00 3.50e-04
1.13237e+00 3.51e-04
1.13276e+00 3.53e-04
1.13311e+00 3.54e-04
1.13350e+00 3.56e-04
1.13385e+00 3.58e-04
1.13424e+00 3.59e-04
1.13459e+00 3.61e-04
1.13498e+00 3.63e-04
1.13533e+00 3.64e-04
1.13572e+00 3.66e-04
1.13607e+00 3.68e-04
1.13645e+00 3.70e-04
1.13681e+00 3.72e-04
1.13716e+00 3.73e-04
1.13754e+00 3.75e-04
1.13790e+00 3.77e-04
1.13828e+00 3.79e-04
1.13863e+00 3.81e-04
1.13902e+00 3.83e-04
1.13937e+00 3.85e-04
1.13972e+00 3.87e-04
1.14011e+00 3.89e-04
1.14046e+00 3.91e-04
1.14084e+00 3.93e-04
1.14119e+00 3.95e-04
1.14158e+00 3.98e-04
1.14193e+00 4.00e-04
1.14228e+00 4.02e-04
1.14266e+00 4.04e-04
1.14301e+00 4.07e-04
1.14339e+00 4.09e-04
1.14374e+00 4.12e-04
1.14413e+00 4.14e-04
1.14448e+00 4.17e-04
1.14483e+00 4.19e-04
1.14521e+00 4.22e-04
1.14556e+00 4.24e-04
1.14594e+00 4.27e-04
1.14629e+00 4.30e-04
1.14664e+00 4.33e-04
1.14702e+00 4.35e-04
1.14737e+00 4.38e-04
1.14775e+00 4.41e-04
1.14810e+00 4.44e-04
1.14845e+00 4.47e-04
1.14883e+00 4.50e-04
1.14918e+00 4.54e-04
1.14956e+00 4.57e-04
1.14991e+00 4.60e-04
1.15026e+00 4.64e-04
1.15064e+00 4.67e-04
1.15098e+00 4.71e-04
1.15133e+00 4.74e-04
1.15171e+00 4.78e-04
1.15206e+00 4.81e-04
1.15244e+00 4.85e-04
1.15278e+00 4.89e-04
1.15313e+00 4.93e-04
1.15351e+00 4.97e-04
1.15386e+00 5.01e-04
1.15420e+00 5.05e-04
1.15458e+00 5.09e-04
1.15493e+00 5.14e-04
1.15528e+00 5.18e-04
1.15565e+00 5.23e-04
1.15600e+00 5.27e-04
1.15638e+00 5.32e-04
1.15672e+00 5.37e-04
1.15707e+00 5.42e-04
1.15745e+00 5.47e-04
1.15779e+00 5.52e-04
1.15814e+00 5.57e-04
1.15852e+00 5.63e-04
1.15886e+00 5.68e-04
1.15921e+00 5.74e-04
1.15958e+00 5.79e-04
1.15993e+00 5.85e-04
1.16027e+00 5.91e-04
1.16065e+00 5.98e-04
1.16099e+00 6.04e-04
1.16134e+00 6.10e-04
1.16171e+00 6.17e-04
1.16206e+00 6.24e-04
1.16240e+00 6.31e-04
1.16278e+00 6.38e-04
1.16312e+00 6.45e-04
1.16346e+00 6.52e-04
1.16384e+00 6.60e-04
1.16418e+00 6.68e-04
1.16452e+00 6.76e-04
1.16487e+00 6.84e-04
1.16524e+00 6.93e-04
1.16559e+00 7.02e-04
1.16593e+00 7.10e-04
1.16630e+00 7.20e-04
1.16664e+00 7.29e-04
1.16699e+00 7.39e-04
1.16736e+00 7.49e-04
1.16770e+00 7.59e-04
1.16805e+00 7.70e-04
1.16842e+00 7.81e-04
1.16876e+00 7.92e-04
1.16910e+00 8.04e-04
1.16944e+00 8.16e-04
1.16982e+00 8.29e-04
1.17016e+00 8.42e-04
1.17050e+00 8.55e-04
1.17087e+00 8.69e-04
1.17121e+00 8.83e-04
1.17155e+00 8.98e-04
1.17189e+00 9.14e-04
1.17227e+00 9.30e-04
1.17261e+00 9.46e-04
1.17295e+00 9.63e-04
1.17332e+00 9.81e-04
1.17366e+00 9.99e-04
1.17400e+00 1.02e-03
1.17434e+00 1.04e-03
1.17471e+00 1.06e-03
1.17505e+00 1.08e-03
1.17539e+00 1.10e-03
1.17573e+00 1.12e-03
1.17610e+00 1.15e-03
1.17644e+00 1.17e-03
1.17678e+00 1.19e-03
1.17715e+00 1.22e-03
1.17749e+00 1.24e-03
1.17782e+00 1.27e-03
1.17816e+00 1.29e-03
1.17853e+00 1.32e-03
1.17887e+00 1.34e-03
1.17921e+00 1.37e-03
1.17955e+00 1.39e-03
1.17992e+00 1.41e-03
1.18025e+00 1.44e-03
1.18059e+00 1.46e-03
1.18093e+00 1.48e-03
1.18130e+00 1.50e-03
1.18145e+00 1.51e-03
1.18179e+00 1.53e-03
1.18216e+00 1.55e-03
1.18249e+00 1.56e-03
1.18268e+00 1.57e-03
1.18301e+00 1.58e-03
1.18335e+00 1.59e-03
1.18354e+00 1.60e-03
1.18387e+00 1.61e-03
1.18421e+00 1.61e-03
1.18455e+00 1.62e-03
1.18491e+00 1.62e-03
1.18525e+00 1.63e-03
1.18558e+00 1.63e-03
1.18592e+00 1.63e-03
1.18626e+00 1.64e-03
1.18662e+00 1.64e-03
1.18696e+00 1.64e-03
1.18729e+00 1.65e-03
1.18763e+00 1.65e-03
1.18800e+00 1.66e-03
1.18833e+00 1.66e-03
1.18867e+00 1.67e-03
1.18900e+00 1.68e-03
1.18934e+00 1.69e-03
1.18970e+00 1.70e-03
1.19004e+00 1.72e-03
1.19037e+00 1.73e-03
1.19071e+00 1.75e-03
1.19089e+00 1.76e-03
1.19122e+00 1.78e-03
1.19156e+00 1.80e-03
1.19192e+00 1.83e-03
1.19225e+00 1.86e-03
1.19259e+00 1.89e-03
1.19292e+00 1.92e-03
1.19326e+00 1.95e-03
1.19362e+00 1.99e-03
1.19395e+00 2.03e-03
1.19429e+00 2.08e-03
1.19462e+00 2.12e-03
1.19495e+00 2.18e-03
1.19532e+00 2.23e-03
1.19565e+00 2.29e-03
1.19580e+00 2.32e-03
1.19598e+00 2.35e-03
1.19616e+00 2.39e-03
1.19631e+00 2.42e-03
1.19649e+00 2.46e-03
1.19665e+00 2.50e-03
1.19683e+00 2.54e-03
1.19698e+00 2.58e-03
1.19716e+00 2.62e-03
1.19734e+00 2.66e-03
1.19749e+00 2.71e-03
1.19767e+00 2.76e-03
1.19782e+00 2.81e-03
1.19801e+00 2.86e-03
1.19819e+00 2.91e-03
1.19834e+00 2.96e-03
1.19852e+00 3.02e-03
1.19867e+00 3.08e-03
1.19885e+00 3.14e-03
1.19903e+00 3.21e-03
1.19918e+00 3.27e-03
1.19936e+00 3.34e-03
1.19951e+00 3.40e-03
1.19987e+00 3.50e-03
1.20021e+00 3.61e-03
1.20054e+00 3.73e-03
1.20087e+00 3.85e-03
1.20120e+00 3.98e-03
1.20138e+00 4.05e-03
1.20153e+00 4.12e-03
1.20171e+00 4.19e-03
1.20189e+00 4.27e-03
1.20204e+00 4.34e-03
1.20222e+00 4.42e-03
1.20237e+00 4.50e-03
1.20255e+00 4.59e-03
1.20270e+00 4.68e-03
1.20288e+00 4.77e-03
1.20306e+00 4.86e-03
1.20321e+00 4.95e-03
1.20339e+00 5.05e-03
1.20354e+00 5.15e-03
1.20372e+00 5.26e-03
1.20390e+00 5.37e-03
1.20405e+00 5.48e-03
1.20423e+00 5.60e-03
1.20438e+00 5.72e-03
1.20456e+00 5.85e-03
1.20471e+00 5.98e-03
1.20489e+00 6.11e-03
1.20507e+00 6.25e-03
1.20522e+00 6.40e-03
1.20540e+00 6.55e-03
1.20555e+00 6.70e-03
1.20573e+00 6.86e-03
1.20591e+00 7.03e-03
1.20606e+00 7.21e-03
1.20624e+00 7.39e-03
1.20639e+00 7.58e-03
1.20657e+00 7.78e-03
1.20672e+00 7.98e-03
1.20690e+00 8.20e-03
1.20708e+00 8.42e-03
1.20723e+00 8.66e-03
1.20741e+00 8.90e-03
1.20756e+00 9.16e-03
1.20774e+00 9.42e-03
1.20789e+00 9.70e-03
1.20806e+00 1.00e-02
1.20824e+00 1.03e-02
1.20839e+00 1.06e-02
1.20857e+00 1.10e-02
1.20872e+00 1.13e-02
1.20890e+00 1.17e-02
1.20905e+00 1.21e-02
1.20923e+00 1.25e-02
1.20941e+00 1.29e-02
1.20956e+00 1.32e-02
1.20974e+00 1.36e-02
1.20989e+00 1.40e-02
1.21006e+00 1.43e-02
1.21021e+00 1.47e-02
1.21039e+00 1.51e-02
1.21057e+00 1.56e-02
1.21072e+00 1.60e-02
1.21090e+00 1.65e-02
1.21105e+00 1.70e-02
1.21123e+00 1.75e-02
1.21138e+00 1.81e-02
1.21155e+00 1.86e-02
1.21173e+00 1.92e-02
1.21188e+00 1.99e-02
1.21206e+00 2.06e-02
1.21221e+00 2.13e-02
1.21239e+00 2.21e-02
1.21254e+00 2.29e-02
1.21271e+00 2.38e-02
1.21289e+00 2.47e-02
1.21304e+00 2.57e-02
1.21322e+00 2.67e-02
1.21337e+00 2.79e-02
1.21355e+00 2.91e-02
1.21370e+00 3.04e-02
1.21387e+00 3.18e-02
1.21405e+00 3.34e-02
1.21420e+00 3.51e-02
1.21438e+00 3.67e-02
1.21453e+00 3.80e-02
1.21471e+00 3.87e-02
1.21485e+00 3.94e-02
1.21503e+00 3.99e-02
1.21521e+00 4.04e-02
1.21536e+00 4.08e-02
1.21554e+00 4.11e-02
1.21568e+00 4.13e-02
1.21586e+00 4.14e-02
1.21601e+00 4.14e-02
1.21619e+00 4.13e-02
1.21634e+00 4.12e-02
1.21669e+00 4.09e-02
1.21684e+00 4.09e-02
1.21702e+00 4.09e-02
1.21717e+00 4.10e-02
1.21734e+00 4.14e-02
1.21749e+00 4.21e-02
1.21767e+00 4.34e-02
1.21782e+00 4.54e-02
1.21799e+00 4.86e-02
1.21817e+00 5.33e-02
1.21832e+00 6.03e-02
1.21850e+00 7.08e-02
1.21864e+00 8.69e-02
1.21882e+00 1.12e-01
1.21897e+00 1.53e-01
1.21915e+00 2.23e-01
1.21932e+00 3.50e-01
1.21947e+00 5.69e-01
1.21965e+00 8.30e-01
1.21980e+00 8.94e-01
1.21997e+00 6.64e-01
1.22012e+00 4.09e-01
1.22030e+00 2.56e-01
1.22045e+00 1.71e-01
1.22062e+00 1.23e-01
1.22080e+00 9.34e-02
1.22095e+00 7.50e-02
1.22112e+00 6.29e-02
1.22127e+00 5.49e-02
1.22145e+00 4.95e-02
1.22160e+00 4.58e-02
1.22177e+00 4.34e-02
1.22192e+00 4.19e-02
1.22210e+00 4.10e-02
1.22227e+00 4.04e-02
1.22242e+00 4.02e-02
1.22260e+00 4.01e-02
1.22275e+00 4.01e-02
1.22307e+00 4.03e-02
1.22325e+00 4.04e-02
1.22339e+00 4.05e-02
1.22357e+00 4.04e-02
1.22372e+00 4.04e-02
1.22389e+00 4.02e-02
1.22407e+00 3.99e-02
1.22422e+00 3.95e-02
1.22439e+00 3.91e-02
1.22454e+00 3.85e-02
1.22472e+00 3.79e-02
1.22486e+00 3.72e-02
1.22504e+00 3.62e-02
1.22519e+00 3.46e-02
1.22536e+00 3.28e-02
1.22554e+00 3.13e-02
1.22569e+00 2.98e-02
1.22586e+00 2.84e-02
1.22601e+00 2.72e-02
1.22618e+00 2.60e-02
1.22633e+00 2.49e-02
1.22651e+00 2.39e-02
1.22665e+00 2.29e-02
1.22683e+00 2.20e-02
1.22698e+00 2.12e-02
1.22715e+00 2.04e-02
1.22733e+00 1.97e-02
1.22747e+00 1.90e-02
1.22765e+00 1.83e-02
1.22780e+00 1.77e-02
1.22797e+00 1.71e-02
1.22812e+00 1.66e-02
1.22829e+00 1.60e-02
1.22844e+00 1.55e-02
1.22862e+00 1.51e-02
1.22876e+00 1.46e-02
1.22894e+00 1.42e-02
1.22911e+00 1.38e-02
1.22926e+00 1.34e-02
1.22944e+00 1.30e-02
1.22958e+00 1.27e-02
1.22976e+00 1.23e-02
1.22990e+00 1.20e-02
1.23008e+00 1.17e-02
1.23023e+00 1.13e-02
1.23040e+00 1.09e-02
1.23055e+00 1.05e-02
1.23072e+00 1.02e-02
1.23090e+00 9.82e-03
1.23104e+00 9.51e-03
1.23122e+00 9.21e-03
1.23136e+00 8.92e-03
1.23154e+00 8.65e-03
1.23169e+00 8.39e-03
1.23186e+00 8.15e-03
1.23201e+00 7.91e-03
1.23218e+00 7.69e-03
1.23233e+00 7.47e-03
1.23250e+00 7.27e-03
1.23265e+00 7.07e-03
1.23282e+00 6.89e-03
1.23300e+00 6.71e-03
1.23314e+00 6.53e-03
1.23332e+00 6.37e-03
1.23346e+00 6.21e-03
1.23364e+00 6.06e-03
1.23378e+00 5.92e-03
1.23396e+00 5.78e-03
1.23410e+00 5.64e-03
1.23428e+00 5.51e-03
1.23442e+00 5.39e-03
1.23460e+00 5.27e-03
1.23474e+00 5.15e-03
1.23492e+00 5.04e-03
1.23509e+00 4.93e-03
1.23524e+00 4.83e-03
1.23541e+00 4.73e-03
1.23556e+00 4.64e-03
1.23573e+00 4.54e-03
1.23588e+00 4.45e-03
1.23605e+00 4.37e-03
1.23620e+00 4.28e-03
1.23637e+00 4.20e-03
1.23652e+00 4.12e-03
1.23669e+00 4.05e-03
1.23701e+00 3.91e-03
1.23719e+00 3.84e-03
1.23733e+00 3.77e-03
1.23750e+00 3.71e-03
1.23765e+00 3.64e-03
1.23782e+00 3.58e-03
1.23814e+00 3.47e-03
1.23846e+00 3.36e-03
1.23878e+00 3.25e-03
1.23910e+00 3.16e-03
1.23924e+00 3.11e-03
1.23959e+00 3.02e-03
1.23974e+00 2.97e-03
1.23991e+00 2.90e-03
1.24005e+00 2.84e-03
1.24023e+00 2.79e-03
1.24037e+00 2.73e-03
1.24055e+00 2.68e-03
1.24069e+00 2.63e-03
1.24086e+00 2.58e-03
1.24101e+00 2.53e-03
1.24118e+00 2.48e-03
1.24133e+00 2.44e-03
1.24150e+00 2.40e-03
1.24164e+00 2.35e-03
1.24182e+00 2.31e-03
1.24196e+00 2.28e-03
1.24214e+00 2.24e-03
1.24231e+00 2.20e-03
1.24245e+00 2.17e-03
1.24263e+00 2.14e-03
1.24277e+00 2.10e-03
1.24309e+00 2.04e-03
1.24341e+00 1.98e-03
1.24372e+00 1.93e-03
1.24404e+00 1.88e-03
1.24436e+00 1.83e-03
1.24453e+00 1.81e-03
1.24485e+00 1.77e-03
1.24516e+00 1.72e-03
1.24548e+00 1.69e-03
1.24580e+00 1.65e-03
1.24611e+00 1.61e-03
1.24643e+00 1.58e-03
1.24674e+00 1.55e-03
1.24706e+00 1.52e-03
1.24738e+00 1.49e-03
1.24769e+00 1.47e-03
1.24801e+00 1.44e-03
1.24832e+00 1.42e-03
1.24867e+00 1.40e-03
1.24898e+00 1.37e-03
1.24930e+00 1.35e-03
1.24962e+00 1.33e-03
1.24993e+00 1.31e-03
1.25025e+00 1.30e-03
1.25056e+00 1.28e-03
1.25088e+00 1.26e-03
1.25119e+00 1.25e-03
1.25151e+00 1.23e-03
1.25182e+00 1.22e-03
1.25213e+00 1.20e-03
1.25245e+00 1.19e-03
1.25276e+00 1.17e-03
1.25308e+00 1.16e-03
1.25339e+00 1.15e-03
1.25371e+00 1.14e-03
1.25402e+00 1.13e-03
1.25433e+00 1.12e-03
1.25465e+00 1.11e-03
1.25496e+00 1.10e-03
1.25527e+00 1.09e-03
1.25559e+00 1.08e-03
1.25590e+00 1.07e-03
1.25621e+00 1.06e-03
1.25653e+00 1.05e-03
1.25684e+00 1.04e-03
1.25715e+00 1.03e-03
1.25749e+00 1.03e-03
1.25781e+00 1.02e-03
1.25812e+00 1.01e-03
1.25843e+00 1.01e-03
1.25875e+00 1.00e-03
1.25906e+00 9.96e-04
1.25937e+00 9.91e-04
1.25968e+00 9.86e-04
1.25999e+00 9.81e-04
1.26031e+00 9.76e-04
1.26062e+00 9.71e-04
1.26093e+00 9.67e-04
1.26124e+00 9.62e-04
1.26155e+00 9.58e-04
1.26186e+00 9.53e-04
1.26218e+00 9.49e-04
1.26249e+00 9.45e-04
1.26280e+00 9.41e-04
1.26311e+00 9.37e-04
1.26342e+00 9.33e-04
1.26373e+00 9.29e-04
1.26404e+00 9.25e-04
1.26435e+00 9.21e-04
1.26466e+00 9.18e-04
1.26497e+00 9.14e-04
1.26528e+00 9.11e-04
1.26559e+00 9.07e-04
1.26590e+00 9.04e-04
1.26621e+00 9.01e-04
1.26652e+00 8.97e-04
1.26683e+00 8.94e-04
1.26714e+00 8.91e-04
1.26745e+00 8.88e-04
1.26776e+00 8.85e-04
1.26807e+00 8.82e-04
1.26838e+00 8.79e-04
1.26869e+00 8.76e-04
1.26900e+00 8.73e-04
1.26931e+00 8.71e-04
1.26962e+00 8.68e-04
1.26993e+00 8.65e-04
1.27024e+00 8.63e-04
1.27055e+00 8.60e-04
1.27086e+00 8.58e-04
1.27116e+00 8.55e-04
1.27147e+00 8.53e-04
1.27178e+00 8.51e-04
1.27209e+00 8.48e-04
1.27240e+00 8.46e-04
1.27271e+00 8.44e-04
1.27301e+00 8.41e-04
1.27332e+00 8.39e-04
1.27363e+00 8.37e-04
1.27394e+00 8.35e-04
1.27424e+00 8.33e-04
1.27455e+00 8.31e-04
1.27486e+00 8.29e-04
1.27517e+00 8.27e-04
1.27547e+00 8.25e-04
1.27578e+00 8.23e-04
1.27609e+00 8.22e-04
1.27640e+00 8.20e-04
1.27670e+00 8.18e-04
1.27701e+00 8.16e-04
1.27732e+00 8.15e-04
1.27762e+00 8.13e-04
1.27793e+00 8.11e-04
1.27824e+00 8.10e-04
1.27854e+00 8.08e-04
1.27885e+00 8.07e-04
1.27915e+00 8.05e-04
1.27946e+00 8.04e-04
1.27977e+00 8.02e-04
1.28007e+00 8.01e-04
1.28038e+00 7.99e-04
1.28068e+00 7.98e-04
1.28099e+00 7.96e-04
1.28129e+00 7.95e-04
1.28160e+00 7.94e-04
1.28191e+00 7.93e-04
1.28221e+00 7.91e-04
1.28252e+00 7.90e-04
1.28282e+00 7.89e-04
1.28313e+00 7.88e-04
1.28343e+00 7.87e-04
1.28374e+00 7.86e-04
1.28404e+00 7.85e-04
1.28434e+00 7.84e-04
1.28465e+00 7.83e-04
1.28495e+00 7.82e-04
1.28526e+00 7.81e-04
1.28556e+00 7.80e-04
1.28587e+00 7.79e-04
1.28617e+00 7.78e-04
1.28647e+00 7.77e-04
1.28678e+00 7.76e-04
1.29086e+00 7.67e-04
1.29283e+00 7.64e-04
1.29599e+00 7.60e-04
1.29793e+00 7.59e-04
1.30079e+00 7.59e-04
1.30286e+00 7.60e-04
1.30465e+00 7.62e-04
1.30614e+00 7.64e-04
1.30733e+00 7.67e-04
1.30793e+00 7.68e-04
1.30822e+00 7.69e-04
1.30852e+00 7.69e-04
1.30882e+00 7.70e-04
1.30912e+00 7.71e-04
1.30941e+00 7.72e-04
1.30971e+00 7.73e-04
1.31001e+00 7.74e-04
1.31030e+00 7.75e-04
1.31060e+00 7.76e-04
1.31090e+00 7.77e-04
1.31119e+00 7.78e-04
1.31149e+00 7.80e-04
1.31179e+00 7.81e-04
1.31208e+00 7.82e-04
1.31238e+00 7.83e-04
1.31267e+00 7.85e-04
1.31297e+00 7.86e-04
1.31327e+00 7.88e-04
1.31356e+00 7.89e-04
1.31386e+00 7.91e-04
1.31415e+00 7.93e-04
1.31445e+00 7.94e-04
1.31474e+00 7.96e-04
1.31504e+00 7.98e-04
1.31531e+00 8.00e-04
1.31560e+00 8.02e-04
1.31590e+00 8.04e-04
1.31619e+00 8.06e-04
1.31649e+00 8.08e-04
1.31678e+00 8.11e-04
1.31708e+00 8.13e-04
1.31737e+00 8.15e-04
1.31767e+00 8.18e-04
1.31796e+00 8.20e-04
1.31826e+00 8.23e-04
1.31855e+00 8.25e-04
1.31884e+00 8.28e-04
1.31914e+00 8.31e-04
1.31943e+00 8.34e-04
1.31973e+00 8.37e-04
1.32002e+00 8.39e-04
1.32031e+00 8.42e-04
1.32061e+00 8.45e-04
1.32090e+00 8.48e-04
1.32120e+00 8.52e-04
1.32149e+00 8.55e-04
1.32178e+00 8.58e-04
1.32208e+00 8.61e-04
1.32237e+00 8.64e-04
1.32266e+00 8.67e-04
1.32296e+00 8.70e-04
1.32325e+00 8.74e-04
1.32354e+00 8.77e-04
1.32383e+00 8.80e-04
1.32413e+00 8.83e-04
1.32442e+00 8.86e-04
1.32471e+00 8.89e-04
1.32500e+00 8.93e-04
1.32530e+00 8.96e-04
1.32559e+00 8.99e-04
1.32588e+00 9.03e-04
1.32617e+00 9.06e-04
1.32646e+00 9.09e-04
1.32676e+00 9.13e-04
1.32705e+00 9.16e-04
1.32734e+00 9.20e-04
1.32761e+00 9.24e-04
1.32790e+00 9.28e-04
1.32819e+00 9.32e-04
1.32848e+00 9.36e-04
1.32877e+00 9.40e-04
1.32906e+00 9.45e-04
1.32935e+00 9.49e-04
1.32964e+00 9.54e-04
1.32994e+00 9.59e-04
1.33023e+00 9.64e-04
1.33052e+00 9.69e-04
1.33081e+00 9.74e-04
1.33110e+00 9.80e-04
1.33139e+00 9.85e-04
1.33168e+00 9.90e-04
1.33197e+00 9.96e-04
1.33226e+00 1.00e-03
1.33255e+00 1.01e-03
1.33284e+00 1.01e-03
1.33313e+00 1.02e-03
1.33342e+00 1.02e-03
1.33371e+00 1.03e-03
1.33400e+00 1.03e-03
1.33429e+00 1.04e-03
1.33458e+00 1.05e-03
1.33487e+00 1.05e-03
1.33516e+00 1.05e-03
1.33545e+00 1.06e-03
1.33574e+00 1.06e-03
1.33603e+00 1.06e-03
1.33632e+00 1.07e-03
1.33661e+00 1.07e-03
1.33689e+00 1.07e-03
1.33718e+00 1.07e-03
1.33747e+00 1.07e-03
1.33818e+00 1.08e-03
1.33876e+00 1.07e-03
1.33905e+00 1.07e-03
1.33933e+00 1.07e-03
1.33962e+00 1.07e-03
1.33991e+00 1.07e-03
1.34020e+00 1.06e-03
1.34049e+00 1.06e-03
1.34077e+00 1.06e-03
1.34106e+00 1.06e-03
1.34135e+00 1.05e-03
1.34164e+00 1.05e-03
1.34192e+00 1.05e-03
1.34221e+00 1.04e-03
1.34250e+00 1.04e-03
1.34279e+00 1.04e-03
1.34307e+00 1.03e-03
1.34336e+00 1.03e-03
1.34365e+00 1.03e-03
1.34393e+00 1.02e-03
1.34422e+00 1.02e-03
1.34451e+00 1.02e-03
1.34480e+00 1.02e-03
1.34508e+00 1.02e-03
1.34537e+00 1.01e-03
1.34565e+00 1.01e-03
1.34594e+00 1.01e-03
1.34623e+00 1.01e-03
1.34750e+00 1.00e-03
1.34880e+00 1.00e-03
1.34966e+00 1.00e-03
1.35023e+00 1.01e-03
1.35051e+00 1.01e-03
1.35080e+00 1.01e-03
1.35108e+00 1.01e-03
1.35137e+00 1.01e-03
1.35165e+00 1.01e-03
1.35194e+00 1.01e-03
1.35222e+00 1.01e-03
1.35250e+00 1.02e-03
1.35279e+00 1.02e-03
1.35307e+00 1.02e-03
1.35336e+00 1.02e-03
1.35364e+00 1.02e-03
1.35393e+00 1.03e-03
1.35421e+00 1.03e-03
1.35449e+00 1.03e-03
1.35478e+00 1.04e-03
1.35506e+00 1.04e-03
1.35535e+00 1.04e-03
1.35563e+00 1.04e-03
1.35591e+00 1.05e-03
1.35620e+00 1.05e-03
1.35648e+00 1.06e-03
1.35676e+00 1.06e-03
1.35705e+00 1.06e-03
1.35733e+00 1.07e-03
1.35761e+00 1.07e-03
1.35789e+00 1.08e-03
1.35818e+00 1.08e-03
1.35846e+00 1.08e-03
1.35874e+00 1.09e-03
1.35903e+00 1.09e-03
1.35931e+00 1.10e-03
1.35959e+00 1.11e-03
1.35987e+00 1.11e-03
1.36016e+00 1.12e-03
1.36044e+00 1.12e-03
1.36072e+00 1.13e-03
1.36100e+00 1.14e-03
1.36128e+00 1.14e-03
1.36157e+00 1.15e-03
1.36185e+00 1.16e-03
1.36213e+00 1.16e-03
1.36241e+00 1.17e-03
1.36269e+00 1.18e-03
1.36297e+00 1.19e-03
1.36326e+00 1.20e-03
1.36354e+00 1.21e-03
1.36382e+00 1.22e-03
1.36410e+00 1.23e-03
1.36438e+00 1.24e-03
1.36466e+00 1.25e-03
1.36494e+00 1.27e-03
1.36522e+00 1.28e-03
1.36550e+00 1.29e-03
1.36579e+00 1.31e-03
1.36607e+00 1.32e-03
1.36635e+00 1.34e-03
1.36663e+00 1.36e-03
1.36691e+00 1.38e-03
1.36719e+00 1.40e-03
1.36747e+00 1.42e-03
1.36775e+00 1.45e-03
1.36790e+00 1.46e-03
1.36803e+00 1.47e-03
1.36831e+00 1.50e-03
1.36846e+00 1.52e-03
1.36859e+00 1.53e-03
1.36887e+00 1.57e-03
1.36902e+00 1.59e-03
1.36930e+00 1.63e-03
1.36945e+00 1.65e-03
1.36958e+00 1.67e-03
1.36973e+00 1.70e-03
1.36986e+00 1.72e-03
1.37001e+00 1.75e-03
1.37014e+00 1.78e-03
1.37029e+00 1.80e-03
1.37042e+00 1.83e-03
1.37057e+00 1.87e-03
1.37070e+00 1.90e-03
1.37098e+00 1.97e-03
1.37113e+00 2.00e-03
1.37141e+00 2.07e-03
1.37169e+00 2.15e-03
1.37197e+00 2.23e-03
1.37225e+00 2.30e-03
1.37252e+00 2.38e-03
1.37280e+00 2.46e-03
1.37308e+00 2.53e-03
1.37336e+00 2.60e-03
1.37364e+00 2.67e-03
1.37392e+00 2.74e-03
1.37420e+00 2.81e-03
1.37447e+00 2.87e-03
1.37475e+00 2.94e-03
1.37503e+00 3.00e-03
1.37531e+00 3.07e-03
1.37559e+00 3.13e-03
1.37587e+00 3.20e-03
1.37614e+00 3.27e-03
1.37642e+00 3.34e-03
1.37670e+00 3.42e-03
1.37698e+00 3.49e-03
1.37725e+00 3.58e-03
1.37740e+00 3.62e-03
1.37768e+00 3.71e-03
1.37783e+00 3.76e-03
1.37796e+00 3.81e-03
1.37824e+00 3.92e-03
1.37839e+00 3.98e-03
1.37851e+00 4.04e-03
1.37867e+00 4.10e-03
1.37879e+00 4.17e-03
1.37894e+00 4.24e-03
1.37907e+00 4.31e-03
1.37922e+00 4.39e-03
1.37935e+00 4.47e-03
1.37950e+00 4.55e-03
1.37962e+00 4.64e-03
1.37977e+00 4.74e-03
1.37990e+00 4.83e-03
1.38005e+00 4.93e-03
1.38033e+00 5.14e-03
1.38045e+00 5.25e-03
1.38073e+00 5.48e-03
1.38103e+00 5.70e-03
1.38116e+00 5.81e-03
1.38131e+00 5.92e-03
1.38158e+00 6.13e-03
1.38171e+00 6.23e-03
1.38186e+00 6.33e-03
1.38199e+00 6.42e-03
1.38214e+00 6.51e-03
1.38226e+00 6.59e-03
1.38241e+00 6.66e-03
1.38254e+00 6.73e-03
1.38269e+00 6.79e-03
1.38281e+00 6.84e-03
1.38296e+00 6.89e-03
1.38309e+00 6.93e-03
1.38324e+00 6.97e-03
1.38337e+00 6.99e-03
1.38352e+00 7.02e-03
1.38367e+00 7.03e-03
1.38379e+00 7.03e-03
1.38394e+00 7.03e-03
1.38407e+00 7.03e-03
1.38422e+00 7.01e-03
1.38434e+00 6.99e-03
1.38449e+00 6.97e-03
1.38462e+00 6.93e-03
1.38477e+00 6.89e-03
1.38489e+00 6.85e-03
1.38504e+00 6.80e-03
1.38517e+00 6.74e-03
1.38532e+00 6.68e-03
1.38544e+00 6.62e-03
1.38559e+00 6.54e-03
1.38587e+00 6.39e-03
1.38614e+00 6.22e-03
1.38642e+00 6.05e-03
1.38669e+00 5.86e-03
1.38697e+00 5.67e-03
1.38724e+00 5.49e-03
1.38752e+00 5.31e-03
1.38767e+00 5.22e-03
1.38794e+00 5.06e-03
1.38809e+00 4.99e-03
1.38822e+00 4.92e-03
1.38837e+00 4.85e-03
1.38849e+00 4.79e-03
1.38864e+00 4.74e-03
1.38877e+00 4.69e-03
1.38892e+00 4.65e-03
1.38904e+00 4.62e-03
1.38919e+00 4.59e-03
1.38931e+00 4.57e-03
1.38946e+00 4.56e-03
1.38959e+00 4.55e-03
1.38974e+00 4.56e-03
1.38986e+00 4.57e-03
1.39001e+00 4.59e-03
1.39016e+00 4.61e-03
1.39029e+00 4.64e-03
1.39044e+00 4.68e-03
1.39056e+00 4.73e-03
1.39071e+00 4.78e-03
1.39083e+00 4.84e-03
1.39098e+00 4.91e-03
1.39111e+00 4.98e-03
1.39126e+00 5.06e-03
1.39138e+00 5.14e-03
1.39165e+00 5.31e-03
1.39195e+00 5.49e-03
1.39223e+00 5.68e-03
1.39250e+00 5.88e-03
1.39277e+00 6.07e-03
1.39305e+00 6.26e-03
1.39332e+00 6.44e-03
1.39344e+00 6.53e-03
1.39374e+00 6.69e-03
1.39387e+00 6.76e-03
1.39401e+00 6.83e-03
1.39414e+00 6.89e-03
1.39429e+00 6.95e-03
1.39441e+00 7.00e-03
1.39456e+00 7.05e-03
1.39468e+00 7.09e-03
1.39483e+00 7.13e-03
1.39496e+00 7.15e-03
1.39511e+00 7.18e-03
1.39523e+00 7.19e-03
1.39538e+00 7.20e-03
1.39553e+00 7.20e-03
1.39565e+00 7.20e-03
1.39580e+00 7.19e-03
1.39592e+00 7.17e-03
1.39607e+00 7.14e-03
1.39620e+00 7.11e-03
1.39634e+00 7.07e-03
1.39647e+00 7.02e-03
1.39662e+00 6.97e-03
1.39674e+00 6.91e-03
1.39689e+00 6.84e-03
1.39704e+00 6.77e-03
1.39716e+00 6.69e-03
1.39731e+00 6.60e-03
1.39743e+00 6.52e-03
1.39758e+00 6.42e-03
1.39785e+00 6.22e-03
1.39798e+00 6.12e-03
1.39825e+00 5.90e-03
1.39854e+00 5.69e-03
1.39867e+00 5.58e-03
1.39882e+00 5.47e-03
1.39909e+00 5.26e-03
1.39921e+00 5.17e-03
1.39936e+00 5.07e-03
1.39948e+00 4.98e-03
1.39963e+00 4.89e-03
1.39975e+00 4.81e-03
1.39990e+00 4.73e-03
1.40005e+00 4.66e-03
1.40017e+00 4.58e-03
1.40032e+00 4.52e-03
1.40044e+00 4.45e-03
1.40059e+00 4.39e-03
1.40071e+00 4.33e-03
1.40086e+00 4.28e-03
1.40113e+00 4.18e-03
1.40128e+00 4.13e-03
1.40140e+00 4.08e-03
1.40168e+00 4.00e-03
1.40182e+00 3.96e-03
1.40209e+00 3.88e-03
1.40236e+00 3.81e-03
1.40264e+00 3.75e-03
1.40291e+00 3.68e-03
1.40318e+00 3.62e-03
1.40345e+00 3.56e-03
1.40374e+00 3.51e-03
1.40401e+00 3.45e-03
1.40428e+00 3.39e-03
1.40455e+00 3.34e-03
1.40482e+00 3.28e-03
1.40509e+00 3.22e-03
1.40536e+00 3.16e-03
1.40563e+00 3.10e-03
1.40590e+00 3.04e-03
1.40620e+00 2.98e-03
1.40646e+00 2.91e-03
1.40673e+00 2.84e-03
1.40700e+00 2.77e-03
1.40727e+00 2.71e-03
1.40754e+00 2.64e-03
1.40781e+00 2.57e-03
1.40808e+00 2.51e-03
1.40823e+00 2.48e-03
1.40850e+00 2.43e-03
1.40876e+00 2.38e-03
1.40891e+00 2.36e-03
1.40903e+00 2.34e-03
1.40930e+00 2.30e-03
1.40945e+00 2.28e-03
1.40960e+00 2.26e-03
1.40986e+00 2.23e-03
1.40999e+00 2.22e-03
1.41025e+00 2.19e-03
1.41055e+00 2.17e-03
1.41082e+00 2.15e-03
1.41108e+00 2.13e-03
1.41135e+00 2.12e-03
1.41162e+00 2.11e-03
1.41189e+00 2.09e-03
1.41216e+00 2.09e-03
1.41245e+00 2.08e-03
1.41272e+00 2.07e-03
1.41298e+00 2.07e-03
1.41325e+00 2.06e-03
1.41352e+00 2.06e-03
1.41379e+00 2.06e-03
1.41420e+00 2.05e-03
1.41500e+00 2.05e-03
1.41583e+00 2.05e-03
1.41610e+00 2.06e-03
1.41636e+00 2.06e-03
1.41663e+00 2.06e-03
1.41690e+00 2.06e-03
1.41719e+00 2.07e-03
1.41745e+00 2.07e-03
1.41772e+00 2.07e-03
1.41799e+00 2.08e-03
1.41825e+00 2.08e-03
1.41852e+00 2.09e-03
1.41881e+00 2.09e-03
1.41908e+00 2.10e-03
1.41934e+00 2.10e-03
1.41961e+00 2.11e-03
1.41987e+00 2.11e-03
1.42014e+00 2.12e-03
1.42043e+00 2.13e-03
1.42070e+00 2.13e-03
1.42096e+00 2.14e-03
1.42123e+00 2.15e-03
1.42149e+00 2.15e-03
1.42176e+00 2.16e-03
1.42205e+00 2.17e-03
1.42231e+00 2.17e-03
1.42258e+00 2.18e-03
1.42284e+00 2.19e-03
1.42311e+00 2.19e-03
1.42337e+00 2.20e-03
1.42366e+00 2.21e-03
1.42393e+00 2.22e-03
1.42419e+00 2.22e-03
1.42446e+00 2.23e-03
1.42472e+00 2.24e-03
1.42501e+00 2.25e-03
1.42527e+00 2.25e-03
1.42554e+00 2.26e-03
1.42580e+00 2.27e-03
1.42607e+00 2.28e-03
1.42636e+00 2.29e-03
1.42662e+00 2.29e-03
1.42688e+00 2.30e-03
1.42715e+00 2.31e-03
1.42741e+00 2.32e-03
1.42768e+00 2.33e-03
1.42796e+00 2.34e-03
1.42823e+00 2.34e-03
1.42849e+00 2.35e-03
1.42876e+00 2.36e-03
1.42902e+00 2.37e-03
1.42931e+00 2.38e-03
1.42957e+00 2.39e-03
1.42983e+00 2.39e-03
1.43010e+00 2.40e-03
1.43038e+00 2.41e-03
1.43065e+00 2.42e-03
1.43091e+00 2.43e-03
1.43117e+00 2.44e-03
1.43144e+00 2.45e-03
1.43172e+00 2.46e-03
1.43198e+00 2.46e-03
1.43225e+00 2.47e-03
1.43251e+00 2.48e-03
1.43277e+00 2.49e-03
1.43306e+00 2.50e-03
1.43332e+00 2.51e-03
1.43358e+00 2.52e-03
1.43385e+00 2.53e-03
1.43413e+00 2.53e-03
1.43439e+00 2.54e-03
1.43466e+00 2.55e-03
1.43492e+00 2.56e-03
1.43518e+00 2.57e-03
1.43547e+00 2.58e-03
1.43573e+00 2.59e-03
1.43599e+00 2.59e-03
1.43625e+00 2.60e-03
1.43654e+00 2.61e-03
1.43680e+00 2.62e-03
1.43706e+00 2.63e-03
1.43732e+00 2.64e-03
1.43761e+00 2.64e-03
1.43787e+00 2.65e-03
1.43813e+00 2.66e-03
1.43839e+00 2.67e-03
1.43867e+00 2.67e-03
1.43893e+00 2.68e-03
1.43920e+00 2.69e-03
1.43946e+00 2.70e-03
1.43974e+00 2.71e-03
1.44000e+00 2.71e-03
1.44026e+00 2.72e-03
1.44052e+00 2.73e-03
1.44081e+00 2.74e-03
1.44092e+00 2.74e-03
1.44118e+00 2.74e-03
1.44147e+00 2.75e-03
1.44173e+00 2.75e-03
1.44199e+00 2.76e-03
1.44225e+00 2.76e-03
1.44253e+00 2.77e-03
1.44279e+00 2.77e-03
1.44305e+00 2.77e-03
1.44331e+00 2.78e-03
1.44360e+00 2.78e-03
1.44386e+00 2.79e-03
1.44412e+00 2.79e-03
1.44440e+00 2.80e-03
1.44466e+00 2.80e-03
1.44638e+00 2.81e-03
1.44798e+00 2.82e-03
1.44809e+00 2.82e-03
1.45063e+00 2.82e-03
1.45222e+00 2.82e-03
1.45671e+00 2.80e-03
1.46066e+00 2.79e-03
1.46356e+00 2.78e-03
1.46672e+00 2.76e-03
1.47013e+00 2.74e-03
1.47366e+00 2.71e-03
1.47380e+00 2.71e-03
1.48829e+00 2.60e-03
1.50190e+00 2.51e-03
1.51675e+00 2.41e-03
1.53256e+00 2.31e-03
1.54601e+00 2.22e-03
1.56325e+00 2.12e-03
1.58071e+00 2.03e-03
1.59485e+00 1.95e-03
1.60966e+00 1.87e-03
1.60978e+00 1.87e-03
1.63520e+00 1.75e-03
1.65280e+00 1.67e-03
1.67256e+00 1.58e-03
1.68882e+00 1.51e-03
1.71207e+00 1.42e-03
1.73162e+00 1.35e-03
1.74901e+00 1.29e-03
1.77079e+00 1.21e-03
1.78850e+00 1.15e-03
1.81577e+00 1.07e-03
1.83587e+00 1.01e-03
1.86732e+00 9.31e-04
1.89121e+00 8.72e-04
1.92905e+00 7.85e-04
1.98048e+00 6.81e-04
1.98086e+00 6.80e-04
1.98125e+00 6.79e-04
1.98162e+00 6.79e-04
1.98201e+00 6.78e-04
1.98239e+00 6.77e-04
1.98278e+00 6.77e-04
1.98318e+00 6.76e-04
1.98356e+00 6.75e-04
1.98395e+00 6.74e-04
1.98433e+00 6.74e-04
1.98472e+00 6.73e-04
1.98510e+00 6.72e-04
1.98550e+00 6.72e-04
1.98589e+00 6.71e-04
1.98627e+00 6.70e-04
1.98667e+00 6.69e-04
1.98705e+00 6.69e-04
1.98745e+00 6.68e-04
1.98783e+00 6.67e-04
1.98823e+00 6.66e-04
1.98861e+00 6.66e-04
1.98901e+00 6.65e-04
1.98939e+00 6.64e-04
1.98979e+00 6.64e-04
1.99019e+00 6.63e-04
1.99058e+00 6.62e-04
1.99097e+00 6.61e-04
1.99136e+00 6.61e-04
1.99176e+00 6.60e-04
1.99215e+00 6.59e-04
1.99255e+00 6.59e-04
1.99294e+00 6.58e-04
1.99334e+00 6.57e-04
1.99373e+00 6.56e-04
1.99413e+00 6.56e-04
1.99452e+00 6.55e-04
1.99492e+00 6.54e-04
1.99533e+00 6.53e-04
1.99572e+00 6.53e-04
1.99611e+00 6.52e-04
1.99652e+00 6.51e-04
1.99692e+00 6.51e-04
1.99731e+00 6.50e-04
1.99772e+00 6.49e-04
1.99811e+00 6.48e-04
1.99852e+00 6.48e-04
1.99891e+00 6.47e-04
1.99932e+00 6.46e-04
1.99972e+00 6.45e-04
2.00011e+00 6.45e-04
2.00052e+00 6.44e-04
2.00093e+00 6.43e-04
2.00133e+00 6.43e-04
2.00174e+00 6.42e-04
2.00214e+00 6.41e-04
2.00253e+00 6.40e-04
2.00294e+00 6.40e-04
2.00334e+00 6.39e-04
2.00376e+00 6.38e-04
2.00417e+00 6.38e-04
2.00457e+00 6.37e-04
2.00497e+00 6.36e-04
2.00538e+00 6.35e-04
2.00580e+00 6.35e-04
2.00620e+00 6.34e-04
2.00660e+00 6.33e-04
2.00702e+00 6.32e-04
2.00742e+00 6.32e-04
2.00784e+00 6.31e-04
2.00824e+00 6.30e-04
2.00866e+00 6.30e-04
2.00906e+00 6.29e-04
2.00947e+00 6.28e-04
2.00989e+00 6.27e-04
2.01029e+00 6.27e-04
2.01071e+00 6.26e-04
2.01112e+00 6.25e-04
2.01154e+00 6.25e-04
2.01195e+00 6.24e-04
2.01237e+00 6.23e-04
2.01278e+00 6.22e-04
2.01319e+00 6.22e-04
2.01361e+00 6.21e-04
2.01402e+00 6.20e-04
2.01444e+00 6.20e-04
2.01486e+00 6.19e-04
2.01528e+00 6.18e-04
2.01569e+00 6.17e-04
2.01612e+00 6.17e-04
2.01653e+00 6.16e-04
2.01695e+00 6.15e-04
2.01737e+00 6.15e-04
2.01779e+00 6.14e-04
2.01820e+00 6.13e-04
2.01863e+00 6.12e-04
2.01905e+00 6.12e-04
2.01947e+00 6.11e-04
2.01989e+00 6.10e-04
2.02032e+00 6.10e-04
2.02074e+00 6.09e-04
2.02116e+00 6.08e-04
2.02159e+00 6.07e-04
2.02201e+00 6.07e-04
2.02243e+00 6.06e-04
2.02286e+00 6.05e-04
2.02328e+00 6.05e-04
2.02372e+00 6.04e-04
2.02414e+00 6.03e-04
2.02456e+00 6.02e-04
2.02500e+00 6.02e-04
2.02542e+00 6.01e-04
2.02586e+00 6.00e-04
2.02628e+00 6.00e-04
2.02671e+00 5.99e-04
2.02713e+00 5.98e-04
2.02757e+00 5.97e-04
2.02800e+00 5.97e-04
2.02844e+00 5.96e-04
2.02887e+00 5.95e-04
2.02929e+00 5.95e-04
2.02973e+00 5.94e-04
2.03016e+00 5.93e-04
2.03059e+00 5.92e-04
2.03104e+00 5.92e-04
2.03147e+00 5.91e-04
2.03190e+00 5.90e-04
2.03234e+00 5.90e-04
2.03278e+00 5.89e-04
2.03321e+00 5.88e-04
2.03365e+00 5.87e-04
2.03409e+00 5.87e-04
2.03452e+00 5.86e-04
2.03497e+00 5.85e-04
2.03541e+00 5.85e-04
2.03584e+00 5.84e-04
2.03629e+00 5.83e-04
2.03673e+00 5.82e-04
2.03717e+00 5.82e-04
2.03762e+00 5.81e-04
2.03806e+00 5.80e-04
2.03850e+00 5.79e-04
2.03895e+00 5.79e-04
2.03939e+00 5.78e-04
2.03983e+00 5.77e-04
2.04027e+00 5.77e-04
2.04071e+00 5.76e-04
2.04117e+00 5.75e-04
2.04161e+00 5.74e-04
2.04206e+00 5.74e-04
2.04251e+00 5.73e-04
2.04296e+00 5.72e-04
2.04340e+00 5.72e-04
2.04385e+00 5.71e-04
2.04431e+00 5.70e-04
2.04476e+00 5.69e-04
2.04521e+00 5.69e-04
2.04566e+00 5.68e-04
2.04612e+00 5.67e-04
2.04657e+00 5.67e-04
2.04702e+00 5.66e-04
2.04747e+00 5.65e-04
2.04793e+00 5.64e-04
2.04838e+00 5.64e-04
2.04884e+00 5.63e-04
2.04929e+00 5.62e-04
2.04976e+00 5.61e-04
2.05021e+00 5.61e-04
2.05067e+00 5.60e-04
2.05113e+00 5.59e-04
2.05158e+00 5.59e-04
2.05204e+00 5.58e-04
2.05251e+00 5.57e-04
2.05297e+00 5.56e-04
2.05343e+00 5.56e-04
2.05389e+00 5.55e-04
2.05435e+00 5.54e-04
2.05482e+00 5.54e-04
2.05528e+00 5.53e-04
2.05575e+00 5.52e-04
2.05621e+00 5.51e-04
2.05667e+00 5.51e-04
2.05714e+00 5.50e-04
2.05760e+00 5.49e-04
2.05808e+00 5.49e-04
2.05855e+00 5.48e-04
2.05902e+00 5.47e-04
2.05948e+00 5.46e-04
2.05995e+00 5.46e-04
2.06042e+00 5.45e-04
2.06090e+00 5.44e-04
2.06137e+00 5.44e-04
2.06184e+00 5.43e-04
2.06232e+00 5.42e-04
2.06279e+00 5.41e-04
2.06326e+00 5.41e-04
2.06374e+00 5.40e-04
2.06421e+00 5.39e-04
2.06470e+00 5.39e-04
2.06517e+00 5.38e-04
2.06565e+00 5.37e-04
2.06613e+00 5.36e-04
2.06661e+00 5.36e-04
2.06709e+00 5.35e-04
2.06757e+00 5.34e-04
2.06805e+00 5.34e-04
2.06853e+00 5.33e-04
2.06901e+00 5.32e-04
2.06949e+00 5.31e-04
2.06998e+00 5.31e-04
2.07046e+00 5.30e-04
2.07096e+00 5.29e-04
2.07143e+00 5.29e-04
2.07193e+00 5.28e-04
2.07242e+00 5.27e-04
2.07290e+00 5.26e-04
2.07339e+00 5.26e-04
2.07388e+00 5.25e-04
2.07437e+00 5.24e-04
2.07486e+00 5.23e-04
2.07536e+00 5.23e-04
2.07585e+00 5.22e-04
2.07634e+00 5.21e-04
2.07684e+00 5.21e-04
2.07733e+00 5.20e-04
2.07783e+00 5.19e-04
2.07832e+00 5.18e-04
2.07882e+00 5.18e-04
2.07932e+00 5.17e-04
2.07982e+00 5.16e-04
2.08032e+00 5.16e-04
2.08082e+00 5.15e-04
2.08131e+00 5.14e-04
2.08181e+00 5.13e-04
2.08231e+00 5.13e-04
2.08282e+00 5.12e-04
2.08332e+00 5.11e-04
2.08383e+00 5.11e-04
2.08433e+00 5.10e-04
2.08484e+00 5.09e-04
2.08535e+00 5.08e-04
2.08586e+00 5.08e-04
2.08636e+00 5.07e-04
2.08686e+00 5.06e-04
2.08738e+00 5.05e-04
2.08789e+00 5.05e-04
2.08840e+00 5.04e-04
2.08891e+00 5.03e-04
2.08943e+00 5.03e-04
2.08994e+00 5.02e-04
2.09046e+00 5.01e-04
2.09097e+00 5.00e-04
2.09149e+00 5.00e-04
2.09201e+00 4.99e-04
2.09253e+00 4.98e-04
2.09305e+00 4.97e-04
2.09357e+00 4.97e-04
2.09408e+00 4.96e-04
2.09460e+00 4.95e-04
2.09513e+00 4.95e-04
2.09565e+00 4.94e-04
2.09618e+00 4.93e-04
2.09670e+00 4.92e-04
2.09723e+00 4.92e-04
2.09775e+00 4.91e-04
2.09828e+00 4.90e-04
2.09882e+00 4.89e-04
2.09934e+00 4.89e-04
2.09987e+00 4.88e-04
2.10040e+00 4.87e-04
2.10093e+00 4.87e-04
2.10146e+00 4.86e-04
2.10200e+00 4.85e-04
2.10254e+00 4.84e-04
2.10307e+00 4.84e-04
2.10361e+00 4.83e-04
2.10415e+00 4.82e-04
2.10468e+00 4.81e-04
2.10522e+00 4.81e-04
2.10577e+00 4.80e-04
2.10630e+00 4.79e-04
2.10685e+00 4.79e-04
2.10738e+00 4.78e-04
2.10793e+00 4.77e-04
2.10848e+00 4.76e-04
2.10902e+00 4.76e-04
2.10957e+00 4.75e-04
2.11012e+00 4.74e-04
2.11066e+00 4.73e-04
2.11122e+00 4.73e-04
2.11176e+00 4.72e-04
2.11232e+00 4.71e-04
2.11288e+00 4.71e-04
2.11343e+00 4.70e-04
2.11399e+00 4.69e-04
2.11454e+00 4.68e-04
2.11510e+00 4.68e-04
2.11565e+00 4.67e-04
2.11621e+00 4.66e-04
2.11677e+00 4.65e-04
2.11734e+00 4.65e-04
2.11789e+00 4.64e-04
2.11846e+00 4.63e-04
2.11902e+00 4.63e-04
2.11959e+00 4.62e-04
2.12015e+00 4.61e-04
2.12073e+00 4.60e-04
2.12129e+00 4.60e-04
2.12187e+00 4.59e-04
2.12243e+00 4.58e-04
2.12300e+00 4.57e-04
2.12358e+00 4.57e-04
2.12415e+00 4.56e-04
2.12473e+00 4.55e-04
2.12530e+00 4.54e-04
2.12588e+00 4.54e-04
2.12646e+00 4.53e-04
2.12704e+00 4.52e-04
2.12761e+00 4.52e-04
2.12820e+00 4.51e-04
2.12878e+00 4.50e-04
2.12936e+00 4.49e-04
2.12996e+00 4.49e-04
2.13054e+00 4.48e-04
2.13113e+00 4.47e-04
2.13171e+00 4.46e-04
2.13231e+00 4.46e-04
2.13290e+00 4.45e-04
2.13349e+00 4.44e-04
2.13408e+00 4.43e-04
2.13468e+00 4.43e-04
2.13528e+00 4.42e-04
2.13587e+00 4.41e-04
2.13647e+00 4.40e-04
2.13707e+00 4.40e-04
2.13768e+00 4.39e-04
2.13828e+00 4.38e-04
2.13888e+00 4.37e-04
2.13948e+00 4.37e-04
2.14009e+00 4.36e-04
2.14070e+00 4.35e-04
2.14130e+00 4.34e-04
2.14191e+00 4.34e-04
2.14253e+00 4.33e-04
2.14314e+00 4.32e-04
2.14375e+00 4.31e-04
2.14437e+00 4.31e-04
2.14498e+00 4.30e-04
2.14560e+00 4.29e-04
2.14622e+00 4.28e-04
2.14684e+00 4.28e-04
2.14747e+00 4.27e-04
2.14809e+00 4.26e-04
2.14872e+00 4.25e-04
2.14934e+00 4.25e-04
2.14997e+00 4.24e-04
2.15060e+00 4.23e-04
2.15123e+00 4.22e-04
2.15187e+00 4.22e-04
2.15249e+00 4.21e-04
2.15313e+00 4.20e-04
2.15377e+00 4.19e-04
2.15441e+00 4.19e-04
2.15505e+00 4.18e-04
2.15568e+00 4.17e-04
2.15633e+00 4.16e-04
2.15697e+00 4.16e-04
2.15762e+00 4.15e-04
2.15826e+00 4.14e-04
2.15891e+00 4.13e-04
2.15957e+00 4.13e-04
2.16021e+00 4.12e-04
2.16087e+00 4.11e-04
2.16153e+00 4.10e-04
2.16218e+00 4.10e-04
2.16284e+00 4.09e-04
2.16350e+00 4.08e-04
2.16416e+00 4.07e-04
2.16483e+00 4.07e-04
2.16548e+00 4.06e-04
2.16616e+00 4.05e-04
2.16682e+00 4.04e-04
2.16749e+00 4.04e-04
2.16816e+00 4.03e-04
2.16884e+00 4.02e-04
2.16951e+00 4.01e-04
2.17018e+00 4.01e-04
2.17086e+00 4.00e-04
2.17154e+00 3.99e-04
2.17223e+00 3.98e-04
2.17291e+00 3.97e-04
2.17359e+00 3.97e-04
2.17427e+00 3.96e-04
2.17497e+00 3.95e-04
2.17566e+00 3.94e-04
2.17635e+00 3.94e-04
2.17704e+00 3.93e-04
2.17774e+00 3.92e-04
2.17844e+00 3.91e-04
2.17914e+00 3.91e-04
2.17984e+00 3.90e-04
2.18054e+00 3.89e-04
2.18125e+00 3.88e-04
2.18195e+00 3.87e-04
2.18266e+00 3.87e-04
2.18337e+00 3.86e-04
2.18408e+00 3.85e-04
2.18480e+00 3.84e-04
2.18552e+00 3.84e-04
2.18624e+00 3.83e-04
2.18696e+00 3.82e-04
2.18768e+00 3.81e-04
2.18841e+00 3.80e-04
2.18914e+00 3.80e-04
2.18986e+00 3.79e-04
2.19060e+00 3.78e-04
2.19133e+00 3.77e-04
2.19207e+00 3.76e-04
2.19280e+00 3.76e-04
2.19354e+00 3.75e-04
2.19429e+00 3.74e-04
2.19503e+00 3.73e-04
2.19578e+00 3.73e-04
2.19652e+00 3.72e-04
2.19728e+00 3.71e-04
2.19804e+00 3.70e-04
2.19879e+00 3.69e-04
2.19954e+00 3.69e-04
2.20031e+00 3.68e-04
2.20107e+00 3.67e-04
2.20184e+00 3.66e-04
2.20260e+00 3.65e-04
2.20337e+00 3.65e-04
2.20415e+00 3.64e-04
2.20492e+00 3.63e-04
2.20569e+00 3.62e-04
2.20647e+00 3.61e-04
2.20725e+00 3.61e-04
2.20804e+00 3.60e-04
2.20882e+00 3.59e-04
2.20961e+00 3.58e-04
2.21040e+00 3.57e-04
2.21120e+00 3.57e-04
2.21200e+00 3.56e-04
2.21280e+00 3.55e-04
2.21360e+00 3.54e-04
2.21441e+00 3.53e-04
2.21522e+00 3.53e-04
2.21602e+00 3.52e-04
2.21684e+00 3.51e-04
2.21766e+00 3.50e-04
2.21847e+00 3.49e-04
2.21930e+00 3.49e-04
2.22013e+00 3.48e-04
2.22095e+00 3.47e-04
2.22178e+00 3.46e-04
2.22261e+00 3.45e-04
2.22346e+00 3.45e-04
2.22429e+00 3.44e-04
2.22513e+00 3.43e-04
2.22597e+00 3.42e-04
2.22683e+00 3.41e-04
2.22768e+00 3.40e-04
2.22853e+00 3.40e-04
2.22939e+00 3.39e-04
2.23025e+00 3.38e-04
2.23111e+00 3.37e-04
2.23198e+00 3.36e-04
2.23285e+00 3.35e-04
2.23373e+00 3.35e-04
2.23461e+00 3.34e-04
2.23548e+00 3.33e-04
2.23637e+00 3.32e-04
2.23726e+00 3.31e-04
2.23815e+00 3.30e-04
2.23904e+00 3.30e-04
2.23994e+00 3.29e-04
2.24084e+00 3.28e-04
2.24175e+00 3.27e-04
2.24265e+00 3.26e-04
2.24357e+00 3.25e-04
2.24449e+00 3.25e-04
2.24540e+00 3.24e-04
2.24633e+00 3.23e-04
2.24725e+00 3.22e-04
2.24818e+00 3.21e-04
2.24912e+00 3.20e-04
2.25006e+00 3.19e-04
2.25101e+00 3.19e-04
2.25195e+00 3.18e-04
2.25290e+00 3.17e-04
2.25386e+00 3.16e-04
2.25482e+00 3.15e-04
2.25578e+00 3.14e-04
2.25675e+00 3.13e-04
2.25772e+00 3.13e-04
2.25870e+00 3.12e-04
2.25968e+00 3.11e-04
2.26067e+00 3.10e-04
2.26166e+00 3.09e-04
2.26265e+00 3.08e-04
2.26365e+00 3.07e-04
2.26465e+00 3.07e-04
2.26566e+00 3.06e-04
2.26667e+00 3.05e-04
2.26769e+00 3.04e-04
2.26871e+00 3.03e-04
2.26974e+00 3.02e-04
2.27077e+00 3.01e-04
2.27181e+00 3.00e-04
2.27285e+00 2.99e-04
2.27390e+00 2.99e-04
2.27496e+00 2.98e-04
2.27602e+00 2.97e-04
2.27707e+00 2.96e-04
2.27814e+00 2.95e-04
2.27921e+00 2.94e-04
2.28030e+00 2.93e-04
2.28138e+00 2.92e-04
2.28247e+00 2.91e-04
2.28358e+00 2.90e-04
2.28468e+00 2.90e-04
2.28578e+00 2.89e-04
2.28690e+00 2.88e-04
2.28802e+00 2.87e-04
2.28915e+00 2.86e-04
2.29028e+00 2.85e-04
2.29141e+00 2.84e-04
2.29257e+00 2.83e-04
2.29372e+00 2.82e-04
2.29488e+00 2.81e-04
2.29604e+00 2.80e-04
2.29721e+00 2.79e-04
2.29839e+00 2.78e-04
2.29958e+00 2.78e-04
2.30077e+00 2.77e-04
2.30197e+00 2.76e-04
2.30318e+00 2.75e-04
2.30438e+00 2.74e-04
2.30558e+00 2.73e-04
2.30688e+00 2.72e-04
2.30807e+00 2.71e-04
2.30936e+00 2.70e-04
2.31055e+00 2.69e-04
2.31184e+00 2.68e-04
2.31313e+00 2.67e-04
2.31441e+00 2.66e-04
2.31570e+00 2.65e-04
2.31698e+00 2.64e-04
2.31826e+00 2.63e-04
2.31954e+00 2.62e-04
2.32092e+00 2.61e-04
2.32219e+00 2.60e-04
2.32356e+00 2.59e-04
2.32493e+00 2.58e-04
2.32630e+00 2.57e-04
2.32767e+00 2.56e-04
2.32903e+00 2.55e-04
2.33039e+00 2.54e-04
2.33185e+00 2.53e-04
2.33321e+00 2.52e-04
2.33466e+00 2.51e-04
2.33534e+00 2.50e-04
2.33679e+00 2.49e-04
2.33824e+00 2.48e-04
2.33969e+00 2.47e-04
2.34113e+00 2.46e-04
2.34267e+00 2.44e-04
2.34411e+00 2.43e-04
2.34564e+00 2.42e-04
2.34718e+00 2.41e-04
2.34871e+00 2.40e-04
2.35023e+00 2.39e-04
2.35176e+00 2.38e-04
2.35337e+00 2.37e-04
2.35499e+00 2.36e-04
2.35650e+00 2.35e-04
2.35811e+00 2.34e-04
2.35982e+00 2.33e-04
2.36142e+00 2.32e-04
2.36312e+00 2.30e-04
2.36471e+00 2.29e-04
2.36640e+00 2.28e-04
2.36819e+00 2.27e-04
2.36987e+00 2.26e-04
2.37164e+00 2.25e-04
2.37332e+00 2.24e-04
2.37518e+00 2.23e-04
2.37695e+00 2.22e-04
2.37871e+00 2.20e-04
2.38056e+00 2.19e-04
2.38241e+00 2.18e-04
2.38426e+00 2.17e-04
2.38619e+00 2.16e-04
2.38812e+00 2.15e-04
2.39005e+00 2.13e-04
2.39197e+00 2.12e-04
2.39398e+00 2.11e-04
2.39598e+00 2.10e-04
2.39799e+00 2.09e-04
2.40007e+00 2.07e-04
2.40216e+00 2.06e-04
2.40424e+00 2.05e-04
2.40640e+00 2.04e-04
2.40848e+00 2.02e-04
2.41072e+00 2.01e-04
2.41296e+00 2.00e-04
2.41520e+00 1.99e-04
2.41743e+00 1.97e-04
2.41975e+00 1.96e-04
2.42214e+00 1.95e-04
2.42454e+00 1.93e-04
2.42692e+00 1.92e-04
2.42939e+00 1.91e-04
2.43186e+00 1.89e-04
2.43440e+00 1.88e-04
2.43694e+00 1.86e-04
2.43956e+00 1.85e-04
2.44226e+00 1.84e-04
2.44495e+00 1.82e-04
2.44772e+00 1.81e-04
2.45057e+00 1.79e-04
2.45342e+00 1.78e-04
2.45634e+00 1.76e-04
2.45933e+00 1.75e-04
2.46241e+00 1.73e-04
2.46547e+00 1.72e-04
2.46861e+00 1.70e-04
2.47191e+00 1.68e-04
2.47519e+00 1.67e-04
2.47855e+00 1.65e-04
2.48207e+00 1.63e-04
2.48566e+00 1.62e-04
2.48923e+00 1.60e-04
2.49304e+00 1.58e-04
2.49684e+00 1.56e-04
2.50078e+00 1.55e-04
2.50487e+00 1.53e-04
2.50911e+00 1.51e-04
2.51341e+00 1.49e-04
2.51786e+00 1.47e-04
2.52252e+00 1.45e-04
2.52733e+00 1.43e-04
2.53227e+00 1.41e-04
2.53742e+00 1.39e-04
2.54286e+00 1.37e-04
2.54843e+00 1.35e-04
2.55428e+00 1.32e-04
2.56048e+00 1.30e-04
2.56695e+00 1.28e-04
2.57376e+00 1.25e-04
2.58097e+00 1.22e-04
2.58867e+00 1.20e-04
2.59682e+00 1.17e-04
2.60565e+00 1.14e-04
2.61513e+00 1.11e-04
2.62554e+00 1.08e-04
2.63110e+00 1.06e-04
2.63698e+00 1.04e-04
2.64319e+00 1.02e-04
2.64971e+00 1.00e-04
2.66410e+00 9.60e-05
2.67215e+00 9.38e-05
2.68082e+00 9.15e-05
2.69029e+00 8.90e-05
2.70069e+00 8.63e-05
2.71231e+00 8.34e-05
2.72543e+00 8.03e-05
2.74065e+00 7.68e-05
2.75874e+00 7.29e-05
2.78130e+00 6.82e-05
2.81151e+00 6.24e-05
2.85859e+00 5.43e-05
2.99573e+00 3.61e-05
