# OPACITY Project tables
-2.61515e+00 2.26e+00
-2.27341e+00 7.82e-01
-2.07433e+00 4.22e-01
-1.93351e+00 2.74e-01
-1.82455e+00 1.96e-01
-1.73574e+00 1.50e-01
-1.66078e+00 1.18e-01
-1.59603e+00 9.69e-02
-1.53898e+00 8.14e-02
-1.48802e+00 6.99e-02
-1.44198e+00 6.09e-02
-1.40003e+00 5.40e-02
-1.36148e+00 4.94e-02
-1.32584e+00 4.68e-02
-1.29269e+00 4.95e-02
-1.26174e+00 4.22e-02
-1.23268e+00 3.68e-02
-1.20531e+00 3.33e-02
-1.17944e+00 3.04e-02
-1.15493e+00 2.79e-02
-1.13165e+00 2.60e-02
-1.10945e+00 2.41e-02
-1.08827e+00 2.26e-02
-1.06799e+00 2.14e-02
-1.04857e+00 2.05e-02
-1.02994e+00 2.02e-02
-1.01200e+00 1.95e-02
-9.94739e-01 2.20e-02
-9.78086e-01 2.39e-02
-9.62021e-01 2.08e-02
-9.46492e-01 1.71e-02
-9.31455e-01 1.61e-02
-9.16916e-01 1.50e-02
-9.02807e-01 1.41e-02
-8.89113e-01 1.33e-02
-8.75797e-01 1.27e-02
-8.62868e-01 1.22e-02
-8.50292e-01 1.18e-02
-8.38057e-01 1.13e-02
-8.26130e-01 1.08e-02
-8.14502e-01 1.04e-02
-8.03185e-01 1.00e-02
-7.92106e-01 9.70e-03
-7.81301e-01 9.39e-03
-7.70741e-01 9.11e-03
-7.60420e-01 8.86e-03
-7.50331e-01 8.64e-03
-7.40469e-01 8.44e-03
-7.30787e-01 8.29e-03
-7.21320e-01 8.15e-03
-7.12045e-01 8.08e-03
-7.02955e-01 7.73e-03
-6.94048e-01 7.44e-03
-6.85298e-01 7.17e-03
-6.76723e-01 6.98e-03
-6.68298e-01 6.85e-03
-6.60041e-01 6.69e-03
-6.43938e-01 6.47e-03
-6.36087e-01 6.34e-03
-6.20808e-01 6.02e-03
-6.13357e-01 5.89e-03
-6.06016e-01 5.77e-03
-5.98801e-01 5.70e-03
-5.91692e-01 5.64e-03
-5.84687e-01 5.53e-03
-5.77803e-01 5.39e-03
-5.71018e-01 5.27e-03
-5.64314e-01 5.19e-03
-5.57725e-01 5.13e-03
-5.51231e-01 5.50e-03
-5.44831e-01 5.34e-03
-5.38505e-01 5.26e-03
-5.32288e-01 5.61e-03
-5.26142e-01 5.41e-03
-5.20085e-01 5.21e-03
-5.14098e-01 5.05e-03
-5.08196e-01 4.93e-03
-5.02362e-01 4.84e-03
-4.96610e-01 4.76e-03
-4.90925e-01 4.68e-03
-4.85320e-01 4.59e-03
-4.79779e-01 4.51e-03
-4.74301e-01 4.46e-03
-4.68884e-01 4.48e-03
-4.63545e-01 4.39e-03
-4.58265e-01 4.31e-03
-4.53044e-01 4.23e-03
-4.47882e-01 4.17e-03
-4.42778e-01 4.12e-03
-4.32739e-01 4.02e-03
-4.22922e-01 3.91e-03
-4.13321e-01 3.82e-03
-4.08585e-01 3.77e-03
-4.03901e-01 3.71e-03
-3.99284e-01 3.66e-03
-3.94688e-01 3.62e-03
-3.90158e-01 3.58e-03
-3.85662e-01 3.56e-03
-3.81216e-01 3.55e-03
-3.76819e-01 3.55e-03
-3.72456e-01 3.55e-03
-3.68126e-01 3.53e-03
-3.63858e-01 3.52e-03
-3.55419e-01 3.54e-03
-3.51261e-01 3.53e-03
-3.47135e-01 3.46e-03
-3.43054e-01 3.38e-03
-3.39003e-01 3.30e-03
-3.34997e-01 3.23e-03
-3.31021e-01 3.16e-03
-3.27088e-01 3.14e-03
-3.23185e-01 3.14e-03
-3.19310e-01 3.07e-03
-3.15464e-01 3.06e-03
-3.11661e-01 3.06e-03
-3.07885e-01 3.07e-03
-3.04150e-01 3.11e-03
-3.00430e-01 3.15e-03
-2.96750e-01 3.15e-03
-2.93097e-01 3.14e-03
-2.89484e-01 3.09e-03
-2.85884e-01 3.05e-03
-2.82323e-01 3.02e-03
-2.78788e-01 3.01e-03
-2.75279e-01 3.03e-03
-2.71796e-01 3.08e-03
-2.68350e-01 3.12e-03
-2.64917e-01 3.22e-03
-2.61521e-01 3.37e-03
-2.58149e-01 3.60e-03
-2.54802e-01 3.86e-03
-2.51466e-01 4.16e-03
-2.48167e-01 4.37e-03
-2.44891e-01 4.63e-03
-2.41639e-01 5.00e-03
-2.38409e-01 5.22e-03
-2.35203e-01 5.18e-03
-2.32020e-01 4.26e-03
-2.28860e-01 4.17e-03
-2.25722e-01 4.33e-03
-2.22606e-01 4.64e-03
-2.19513e-01 5.18e-03
-2.16441e-01 5.23e-03
-2.13391e-01 5.76e-03
-2.10363e-01 6.36e-03
-2.07344e-01 7.30e-03
-2.04359e-01 8.66e-03
-2.01382e-01 1.08e-02
-1.98439e-01 1.41e-02
-1.95504e-01 1.91e-02
-1.92590e-01 2.62e-02
-1.89697e-01 3.57e-02
-1.86824e-01 4.35e-02
-1.83971e-01 4.24e-02
-1.81126e-01 3.40e-02
-1.78314e-01 2.50e-02
-1.75509e-01 1.83e-02
-1.72724e-01 1.38e-02
-1.69958e-01 1.08e-02
-1.67200e-01 8.71e-03
-1.64474e-01 7.28e-03
-1.61755e-01 6.25e-03
-1.59054e-01 5.49e-03
-1.56373e-01 4.90e-03
-1.53699e-01 4.42e-03
-1.51044e-01 4.06e-03
-1.48407e-01 3.78e-03
-1.43189e-01 3.32e-03
-1.40596e-01 3.15e-03
-1.38021e-01 3.04e-03
-1.35453e-01 2.91e-03
-1.32914e-01 2.78e-03
-1.30382e-01 2.68e-03
-1.27867e-01 2.60e-03
-1.25359e-01 2.54e-03
-1.22868e-01 2.46e-03
-1.20395e-01 2.40e-03
-1.17928e-01 2.36e-03
-1.13057e-01 2.30e-03
-1.10630e-01 2.24e-03
-1.08220e-01 2.26e-03
-1.05827e-01 2.43e-03
-1.03440e-01 2.30e-03
-1.01070e-01 2.11e-03
-9.87160e-02 2.11e-03
-9.63788e-02 2.13e-03
-9.40360e-02 2.21e-03
-9.17206e-02 2.23e-03
-8.94106e-02 2.11e-03
-8.71168e-02 2.09e-03
-8.48283e-02 2.23e-03
-8.25559e-02 2.19e-03
-8.02994e-02 2.11e-03
-7.80480e-02 2.13e-03
-7.58125e-02 2.13e-03
-7.35820e-02 2.15e-03
-7.13671e-02 2.20e-03
-6.91679e-02 2.27e-03
-6.69735e-02 2.34e-03
-6.47839e-02 2.46e-03
-6.26097e-02 2.68e-03
-6.04509e-02 2.81e-03
-5.82967e-02 3.06e-03
-5.61577e-02 3.34e-03
-5.40233e-02 3.77e-03
-5.19040e-02 4.30e-03
-4.97997e-02 4.93e-03
-4.76998e-02 5.56e-03
-4.56042e-02 6.08e-03
-4.35236e-02 6.27e-03
-4.14576e-02 5.99e-03
-3.93959e-02 5.45e-03
-3.73385e-02 4.82e-03
-3.52956e-02 4.25e-03
-3.32673e-02 3.84e-03
-3.12430e-02 3.29e-03
-2.92229e-02 2.96e-03
-2.72170e-02 2.70e-03
-2.52255e-02 2.50e-03
-2.32379e-02 2.34e-03
-2.12543e-02 2.28e-03
-1.92848e-02 2.11e-03
-1.73293e-02 2.03e-03
-1.53675e-02 1.95e-03
-1.34298e-02 1.90e-03
-1.14958e-02 1.87e-03
-9.56560e-03 2.00e-03
-7.64918e-03 1.77e-03
-5.73642e-03 1.74e-03
-3.83735e-03 1.70e-03
-1.94188e-03 1.68e-03
-5.00013e-05 1.67e-03
1.79838e-03 1.65e-03
3.69317e-03 1.63e-03
5.58438e-03 1.65e-03
7.37275e-03 1.62e-03
9.25702e-03 1.61e-03
1.11377e-02 1.62e-03
1.29162e-02 1.63e-03
1.47901e-02 1.68e-03
1.65621e-02 1.62e-03
1.84291e-02 1.66e-03
2.01947e-02 1.66e-03
2.19572e-02 1.62e-03
2.38142e-02 1.65e-03
2.55703e-02 1.66e-03
2.73233e-02 1.67e-03
2.90732e-02 1.82e-03
3.08201e-02 1.72e-03
3.25640e-02 1.75e-03
3.43048e-02 1.79e-03
3.60426e-02 1.90e-03
3.77774e-02 1.94e-03
3.95091e-02 1.98e-03
4.12379e-02 2.09e-03
4.29637e-02 2.22e-03
4.46865e-02 2.37e-03
4.64064e-02 2.62e-03
4.80280e-02 2.88e-03
4.97421e-02 3.33e-03
5.14533e-02 3.98e-03
5.30667e-02 4.88e-03
5.47722e-02 5.92e-03
5.64748e-02 6.63e-03
5.80802e-02 6.37e-03
5.97772e-02 5.47e-03
6.13773e-02 4.50e-03
6.29748e-02 3.78e-03
6.46635e-02 3.28e-03
6.62558e-02 3.11e-03
6.78455e-02 2.75e-03
6.95261e-02 2.62e-03
7.11106e-02 2.55e-03
7.26927e-02 2.54e-03
7.42722e-02 2.53e-03
7.58493e-02 2.57e-03
7.74239e-02 2.63e-03
7.90884e-02 2.69e-03
8.06579e-02 2.78e-03
8.22249e-02 2.79e-03
8.37895e-02 2.83e-03
8.52598e-02 2.81e-03
8.68197e-02 2.85e-03
8.83771e-02 2.91e-03
8.99321e-02 3.00e-03
9.14847e-02 3.10e-03
9.30349e-02 3.23e-03
9.44917e-02 3.39e-03
9.60372e-02 3.61e-03
9.75803e-02 3.84e-03
9.90305e-02 4.14e-03
1.00569e-01 4.51e-03
1.02015e-01 5.01e-03
1.03549e-01 5.70e-03
1.05080e-01 6.67e-03
1.06520e-01 8.17e-03
1.07957e-01 1.00e-02
1.09482e-01 1.27e-02
1.10915e-01 1.58e-02
1.12435e-01 1.80e-02
1.13864e-01 1.77e-02
1.15291e-01 1.50e-02
1.16805e-01 1.19e-02
1.18227e-01 9.42e-03
1.19648e-01 7.51e-03
1.21067e-01 6.12e-03
1.22483e-01 5.15e-03
1.23898e-01 4.51e-03
1.25398e-01 3.92e-03
1.26809e-01 3.53e-03
1.28217e-01 3.20e-03
1.29624e-01 2.95e-03
1.31028e-01 2.76e-03
1.32431e-01 2.59e-03
1.33831e-01 2.45e-03
1.35143e-01 2.36e-03
1.36539e-01 2.24e-03
1.37934e-01 2.16e-03
1.39327e-01 2.08e-03
1.40718e-01 2.03e-03
1.42107e-01 1.98e-03
1.43407e-01 1.95e-03
1.44793e-01 1.88e-03
1.46176e-01 1.97e-03
1.47471e-01 2.10e-03
1.48851e-01 1.80e-03
1.50229e-01 1.80e-03
1.51519e-01 1.79e-03
1.52893e-01 1.75e-03
1.54179e-01 1.73e-03
1.55550e-01 1.72e-03
1.56833e-01 1.74e-03
1.58200e-01 1.75e-03
1.59479e-01 1.76e-03
1.60757e-01 1.87e-03
1.62119e-01 1.82e-03
1.63394e-01 1.82e-03
1.64751e-01 1.87e-03
1.66023e-01 1.96e-03
1.67293e-01 2.03e-03
1.68561e-01 2.12e-03
1.69912e-01 2.27e-03
1.71176e-01 2.48e-03
1.72440e-01 2.93e-03
1.73701e-01 3.03e-03
1.74961e-01 3.26e-03
1.76220e-01 3.48e-03
1.77477e-01 3.57e-03
1.78732e-01 3.44e-03
1.80069e-01 3.22e-03
1.81321e-01 2.93e-03
1.82572e-01 2.67e-03
1.83737e-01 2.46e-03
1.84985e-01 2.28e-03
1.86231e-01 2.14e-03
1.87475e-01 2.04e-03
1.88718e-01 1.95e-03
1.89959e-01 1.89e-03
1.91199e-01 1.92e-03
1.92437e-01 1.79e-03
1.93591e-01 1.78e-03
1.94826e-01 1.75e-03
1.96060e-01 1.73e-03
1.97292e-01 1.72e-03
1.98441e-01 1.73e-03
1.99670e-01 1.76e-03
2.00898e-01 1.70e-03
2.02042e-01 1.71e-03
2.03267e-01 1.70e-03
2.04409e-01 1.72e-03
2.05631e-01 1.70e-03
2.06770e-01 1.72e-03
2.07989e-01 1.70e-03
2.09126e-01 1.71e-03
2.10342e-01 1.78e-03
2.11476e-01 1.74e-03
2.12689e-01 1.71e-03
2.13820e-01 1.69e-03
2.15031e-01 1.71e-03
2.16159e-01 1.67e-03
2.17286e-01 1.80e-03
2.18493e-01 1.68e-03
2.19617e-01 1.64e-03
2.20741e-01 1.63e-03
2.21943e-01 1.61e-03
2.23064e-01 1.62e-03
2.24183e-01 1.63e-03
2.25301e-01 1.58e-03
2.26418e-01 1.55e-03
2.27614e-01 1.63e-03
2.28728e-01 1.55e-03
2.29841e-01 1.51e-03
2.30953e-01 1.49e-03
2.32064e-01 1.48e-03
2.33173e-01 1.46e-03
2.34281e-01 1.47e-03
2.35388e-01 1.44e-03
2.36494e-01 1.43e-03
2.37599e-01 1.45e-03
2.38702e-01 1.42e-03
2.39804e-01 1.40e-03
2.40905e-01 1.39e-03
2.42005e-01 1.38e-03
2.43103e-01 1.38e-03
2.44200e-01 1.37e-03
2.45296e-01 1.37e-03
2.46313e-01 1.36e-03
2.47407e-01 1.40e-03
2.48499e-01 1.37e-03
2.49591e-01 1.37e-03
2.50681e-01 1.36e-03
2.52780e-01 1.37e-03
2.53867e-01 1.37e-03
2.54875e-01 1.38e-03
2.55959e-01 1.38e-03
2.57042e-01 1.41e-03
2.58047e-01 1.39e-03
2.59128e-01 1.39e-03
2.60208e-01 1.40e-03
2.61210e-01 1.41e-03
2.62287e-01 1.41e-03
2.63287e-01 1.40e-03
2.64362e-01 1.41e-03
2.65360e-01 1.40e-03
2.66433e-01 1.40e-03
2.68499e-01 1.39e-03
2.69493e-01 1.38e-03
2.70561e-01 1.37e-03
2.71553e-01 1.36e-03
2.72619e-01 1.35e-03
2.73609e-01 1.34e-03
2.75660e-01 1.31e-03
2.76646e-01 1.30e-03
2.77632e-01 1.29e-03
2.78692e-01 1.43e-03
2.79675e-01 1.28e-03
2.80657e-01 1.28e-03
2.81639e-01 1.27e-03
2.82695e-01 1.26e-03
2.83674e-01 1.26e-03
2.84652e-01 1.26e-03
2.86606e-01 1.27e-03
2.87582e-01 1.27e-03
2.88632e-01 1.28e-03
2.89605e-01 1.29e-03
2.90578e-01 1.31e-03
2.91550e-01 1.31e-03
2.92520e-01 1.33e-03
2.93490e-01 1.36e-03
2.94459e-01 1.35e-03
2.95427e-01 1.35e-03
2.96394e-01 1.36e-03
2.97360e-01 1.36e-03
2.98325e-01 1.36e-03
3.00253e-01 1.34e-03
3.01215e-01 1.33e-03
3.02177e-01 1.32e-03
3.03137e-01 1.32e-03
3.04097e-01 1.29e-03
3.04982e-01 1.29e-03
3.05939e-01 1.28e-03
3.06896e-01 1.27e-03
3.07852e-01 1.39e-03
3.08807e-01 1.27e-03
3.09762e-01 1.27e-03
3.10641e-01 1.28e-03
3.11594e-01 1.29e-03
3.12545e-01 1.34e-03
3.13496e-01 1.32e-03
3.14373e-01 1.34e-03
3.15322e-01 1.35e-03
3.16270e-01 1.36e-03
3.17144e-01 1.42e-03
3.18090e-01 1.42e-03
3.19035e-01 1.36e-03
3.19907e-01 1.34e-03
3.20851e-01 1.33e-03
3.21794e-01 1.31e-03
3.22663e-01 1.30e-03
3.23604e-01 1.29e-03
3.24472e-01 1.29e-03
3.25411e-01 1.31e-03
3.26278e-01 1.30e-03
3.27215e-01 1.33e-03
3.28080e-01 1.40e-03
3.29016e-01 1.39e-03
3.29879e-01 1.41e-03
3.30813e-01 1.43e-03
3.31675e-01 1.44e-03
3.32608e-01 1.43e-03
3.33468e-01 1.44e-03
3.34399e-01 1.48e-03
3.35257e-01 1.47e-03
3.36115e-01 1.49e-03
3.37044e-01 1.52e-03
3.37900e-01 1.71e-03
3.38827e-01 2.57e-03
3.39681e-01 1.99e-03
3.40535e-01 1.62e-03
3.41389e-01 2.02e-03
3.42312e-01 1.95e-03
3.43164e-01 1.86e-03
3.44015e-01 1.78e-03
3.44936e-01 1.71e-03
3.45786e-01 1.66e-03
3.46635e-01 1.62e-03
3.47483e-01 1.59e-03
3.48330e-01 1.56e-03
3.49247e-01 1.54e-03
3.50093e-01 1.52e-03
3.50939e-01 1.51e-03
3.51783e-01 1.50e-03
3.52627e-01 1.50e-03
3.53470e-01 1.50e-03
3.54382e-01 1.49e-03
3.56905e-01 1.50e-03
3.57744e-01 1.50e-03
3.59421e-01 1.50e-03
3.61095e-01 1.49e-03
3.62766e-01 1.48e-03
3.64435e-01 1.47e-03
3.65268e-01 1.47e-03
3.66932e-01 1.45e-03
3.68594e-01 1.43e-03
3.70183e-01 1.41e-03
3.71839e-01 1.40e-03
3.72666e-01 1.39e-03
3.74318e-01 1.38e-03
3.75075e-01 1.37e-03
3.75899e-01 1.37e-03
3.76723e-01 1.36e-03
3.77546e-01 1.36e-03
3.78299e-01 1.36e-03
3.79121e-01 1.36e-03
3.79942e-01 1.36e-03
3.80762e-01 1.36e-03
3.81514e-01 1.37e-03
3.82333e-01 1.37e-03
3.83969e-01 1.39e-03
3.85534e-01 1.40e-03
3.86282e-01 1.41e-03
3.87097e-01 1.42e-03
3.87912e-01 1.44e-03
3.89471e-01 1.48e-03
3.90284e-01 1.49e-03
3.91028e-01 1.51e-03
3.92582e-01 1.56e-03
3.94134e-01 1.60e-03
3.95684e-01 1.64e-03
3.96492e-01 1.66e-03
3.97231e-01 1.68e-03
3.98038e-01 1.70e-03
3.98776e-01 1.71e-03
3.99581e-01 1.72e-03
4.00319e-01 1.73e-03
4.01122e-01 1.74e-03
4.01859e-01 1.74e-03
4.02661e-01 1.74e-03
4.03396e-01 1.73e-03
4.04131e-01 1.72e-03
4.04932e-01 1.71e-03
4.05665e-01 1.69e-03
4.06465e-01 1.68e-03
4.07197e-01 1.66e-03
4.08726e-01 1.61e-03
4.10187e-01 1.57e-03
4.11712e-01 1.53e-03
4.13169e-01 1.48e-03
4.14689e-01 1.43e-03
4.16141e-01 1.38e-03
4.16932e-01 1.36e-03
4.17657e-01 1.34e-03
4.18381e-01 1.32e-03
4.19105e-01 1.30e-03
4.19828e-01 1.28e-03
4.20616e-01 1.27e-03
4.21338e-01 1.26e-03
4.22060e-01 1.25e-03
4.22781e-01 1.25e-03
4.24221e-01 1.24e-03
4.25006e-01 1.23e-03
4.25725e-01 1.22e-03
4.26444e-01 1.21e-03
4.27161e-01 1.20e-03
4.27879e-01 1.19e-03
4.28596e-01 1.17e-03
4.29312e-01 1.16e-03
4.30028e-01 1.15e-03
4.30743e-01 1.15e-03
4.31458e-01 1.14e-03
4.32886e-01 1.15e-03
4.33599e-01 1.14e-03
4.34312e-01 1.14e-03
4.35024e-01 1.28e-03
4.35736e-01 1.26e-03
4.37158e-01 1.23e-03
4.37868e-01 1.21e-03
4.38577e-01 1.20e-03
4.39287e-01 1.19e-03
4.39995e-01 1.18e-03
4.40704e-01 1.18e-03
4.41411e-01 1.17e-03
4.42118e-01 1.17e-03
4.42761e-01 1.16e-03
4.43467e-01 1.16e-03
4.44173e-01 1.16e-03
4.45583e-01 1.15e-03
4.46287e-01 1.15e-03
4.49737e-01 1.15e-03
4.53175e-01 1.16e-03
4.53811e-01 1.16e-03
4.55207e-01 1.15e-03
4.55841e-01 1.15e-03
4.56538e-01 1.15e-03
4.57931e-01 1.14e-03
4.59259e-01 1.13e-03
4.60584e-01 1.12e-03
4.61971e-01 1.11e-03
4.63294e-01 1.10e-03
4.64614e-01 1.09e-03
4.65933e-01 1.08e-03
4.67250e-01 1.07e-03
4.68565e-01 1.06e-03
4.69941e-01 1.05e-03
4.71253e-01 1.04e-03
4.72563e-01 1.03e-03
4.73871e-01 1.02e-03
4.75178e-01 1.02e-03
4.76420e-01 1.01e-03
4.77724e-01 1.00e-03
4.79025e-01 9.99e-04
4.80325e-01 9.94e-04
4.81623e-01 9.89e-04
4.82241e-01 9.86e-04
4.83537e-01 9.82e-04
4.84831e-01 9.79e-04
4.86062e-01 9.75e-04
4.87352e-01 9.72e-04
4.88641e-01 9.68e-04
4.89255e-01 9.66e-04
4.90480e-01 9.64e-04
4.91765e-01 9.61e-04
4.93049e-01 9.59e-04
4.94269e-01 9.57e-04
4.95489e-01 9.55e-04
4.96767e-01 9.53e-04
4.97376e-01 9.52e-04
4.97984e-01 9.50e-04
4.99259e-01 9.49e-04
5.00472e-01 9.48e-04
5.01684e-01 9.47e-04
5.02955e-01 9.45e-04
5.04163e-01 9.43e-04
5.05371e-01 9.42e-04
5.06577e-01 9.40e-04
5.07781e-01 9.39e-04
5.09044e-01 9.37e-04
5.10245e-01 9.35e-04
5.11445e-01 9.33e-04
5.12644e-01 9.31e-04
5.13841e-01 9.29e-04
5.15037e-01 9.26e-04
5.16231e-01 9.23e-04
5.17424e-01 9.20e-04
5.18615e-01 9.17e-04
5.19746e-01 9.14e-04
5.20934e-01 9.11e-04
5.22122e-01 9.08e-04
5.23307e-01 9.05e-04
5.24492e-01 9.02e-04
5.25616e-01 8.99e-04
5.26797e-01 8.96e-04
5.27978e-01 8.93e-04
5.29157e-01 8.90e-04
5.29687e-01 8.87e-04
5.30275e-01 8.85e-04
5.31451e-01 8.82e-04
5.32568e-01 8.79e-04
5.33741e-01 8.75e-04
5.34855e-01 8.72e-04
5.36025e-01 8.69e-04
5.37136e-01 8.67e-04
5.37721e-01 8.64e-04
5.38305e-01 8.61e-04
5.38888e-01 8.60e-04
5.39996e-01 8.57e-04
5.41103e-01 8.55e-04
5.42266e-01 8.52e-04
5.43370e-01 8.50e-04
5.44473e-01 8.48e-04
5.45633e-01 8.46e-04
5.46733e-01 8.44e-04
5.47832e-01 8.43e-04
5.49508e-01 8.42e-04
5.53368e-01 8.41e-04
5.54460e-01 8.41e-04
5.55034e-01 8.41e-04
5.56124e-01 8.42e-04
5.57213e-01 8.43e-04
5.58301e-01 8.44e-04
5.59387e-01 8.45e-04
5.60986e-01 8.46e-04
5.63722e-01 8.47e-04
5.64745e-01 8.47e-04
5.65825e-01 8.45e-04
5.66903e-01 8.43e-04
5.67981e-01 8.41e-04
5.69057e-01 8.38e-04
5.70075e-01 8.34e-04
5.71149e-01 8.29e-04
5.71714e-01 8.27e-04
5.72222e-01 8.25e-04
5.73293e-01 8.20e-04
5.74307e-01 8.15e-04
5.75377e-01 8.11e-04
5.76445e-01 8.06e-04
5.77456e-01 8.02e-04
5.78522e-01 7.98e-04
5.79026e-01 7.97e-04
5.80090e-01 7.92e-04
5.81098e-01 7.89e-04
5.81601e-01 7.87e-04
5.82160e-01 7.87e-04
5.82662e-01 7.85e-04
5.83667e-01 7.84e-04
5.84726e-01 7.82e-04
5.85729e-01 7.81e-04
5.86230e-01 7.79e-04
5.87287e-01 7.78e-04
5.88287e-01 7.77e-04
5.89286e-01 7.76e-04
5.90339e-01 7.75e-04
5.91336e-01 7.74e-04
5.91834e-01 7.74e-04
5.92885e-01 7.75e-04
5.93382e-01 7.74e-04
5.94376e-01 7.75e-04
5.95369e-01 7.77e-04
5.96361e-01 7.79e-04
5.97407e-01 7.81e-04
5.98397e-01 7.82e-04
5.98891e-01 7.82e-04
5.99880e-01 7.81e-04
6.00867e-01 7.79e-04
6.01854e-01 7.75e-04
6.02347e-01 7.72e-04
6.03332e-01 7.67e-04
6.04316e-01 7.62e-04
6.05299e-01 7.57e-04
6.06281e-01 7.53e-04
6.07262e-01 7.51e-04
6.08243e-01 7.49e-04
6.08732e-01 7.48e-04
6.09711e-01 7.47e-04
6.10200e-01 7.47e-04
6.11178e-01 7.44e-04
6.12154e-01 7.41e-04
6.13129e-01 7.38e-04
6.13617e-01 7.37e-04
6.14104e-01 7.36e-04
6.15996e-01 7.37e-04
6.16968e-01 7.38e-04
6.17453e-01 7.66e-04
6.18424e-01 7.66e-04
6.19339e-01 7.65e-04
6.19824e-01 7.64e-04
6.20792e-01 7.61e-04
6.21275e-01 7.58e-04
6.22242e-01 7.53e-04
6.23154e-01 7.47e-04
6.24119e-01 7.42e-04
6.24601e-01 7.40e-04
6.25082e-01 7.39e-04
6.25511e-01 7.35e-04
6.25992e-01 7.34e-04
6.26473e-01 7.32e-04
6.27435e-01 7.31e-04
6.27862e-01 7.31e-04
6.28822e-01 7.31e-04
6.29728e-01 7.33e-04
6.30686e-01 7.35e-04
6.31591e-01 7.37e-04
6.32548e-01 7.38e-04
6.33026e-01 7.37e-04
6.33928e-01 7.34e-04
6.34405e-01 7.31e-04
6.34882e-01 7.27e-04
6.35306e-01 7.23e-04
6.35783e-01 7.19e-04
6.36259e-01 7.15e-04
6.37159e-01 7.08e-04
6.37634e-01 7.05e-04
6.38533e-01 7.01e-04
6.39483e-01 7.02e-04
6.39905e-01 7.03e-04
6.40853e-01 7.07e-04
6.41749e-01 7.10e-04
6.42222e-01 7.12e-04
6.42643e-01 7.12e-04
6.43116e-01 7.11e-04
6.43537e-01 7.08e-04
6.44009e-01 7.04e-04
6.44482e-01 6.99e-04
6.45374e-01 6.86e-04
6.46265e-01 6.74e-04
6.47156e-01 6.62e-04
6.47627e-01 6.67e-04
6.48516e-01 6.58e-04
6.49404e-01 6.49e-04
6.49874e-01 7.43e-04
6.50761e-01 7.35e-04
6.51648e-01 7.28e-04
6.52533e-01 7.22e-04
6.53418e-01 7.16e-04
6.54302e-01 7.11e-04
6.55186e-01 7.06e-04
6.55653e-01 7.04e-04
6.56535e-01 7.00e-04
6.57416e-01 6.96e-04
6.58297e-01 6.93e-04
6.59177e-01 6.91e-04
6.60056e-01 6.88e-04
6.60934e-01 6.86e-04
6.61347e-01 6.85e-04
6.62224e-01 6.83e-04
6.63100e-01 6.81e-04
6.63976e-01 6.80e-04
6.64851e-01 6.77e-04
6.65725e-01 6.75e-04
6.66598e-01 6.72e-04
6.67470e-01 6.69e-04
6.68291e-01 6.65e-04
6.68752e-01 6.64e-04
6.69623e-01 6.60e-04
6.70441e-01 6.57e-04
6.71310e-01 6.54e-04
6.72179e-01 6.52e-04
6.73047e-01 6.50e-04
6.73862e-01 6.49e-04
6.74729e-01 6.48e-04
6.75594e-01 6.47e-04
6.76408e-01 6.47e-04
6.77272e-01 6.46e-04
6.78135e-01 6.45e-04
6.78541e-01 6.44e-04
6.79403e-01 6.41e-04
6.80214e-01 6.38e-04
6.81075e-01 6.35e-04
6.81884e-01 6.31e-04
6.82743e-01 6.29e-04
6.83551e-01 6.27e-04
6.84006e-01 6.26e-04
6.85266e-01 6.25e-04
6.86072e-01 6.25e-04
6.86475e-01 6.24e-04
6.86878e-01 6.24e-04
6.87330e-01 6.23e-04
6.87733e-01 6.22e-04
6.88135e-01 6.20e-04
6.88989e-01 6.16e-04
6.89792e-01 6.11e-04
6.90594e-01 6.06e-04
6.91446e-01 6.02e-04
6.92247e-01 5.98e-04
6.93097e-01 5.94e-04
6.93897e-01 5.91e-04
6.94297e-01 6.22e-04
6.95145e-01 6.19e-04
6.95943e-01 6.17e-04
6.96741e-01 6.14e-04
6.97538e-01 6.12e-04
6.98383e-01 6.10e-04
6.99179e-01 6.08e-04
6.99974e-01 6.06e-04
7.00818e-01 6.04e-04
7.01611e-01 6.03e-04
7.02404e-01 6.01e-04
7.03197e-01 5.99e-04
7.03988e-01 5.98e-04
7.04829e-01 5.96e-04
7.05619e-01 5.94e-04
7.06409e-01 5.93e-04
7.07198e-01 5.91e-04
7.07987e-01 5.90e-04
7.08774e-01 5.88e-04
7.09562e-01 5.87e-04
7.10348e-01 5.85e-04
7.10741e-01 5.84e-04
7.11527e-01 5.83e-04
7.12361e-01 5.82e-04
7.13146e-01 5.80e-04
7.13930e-01 5.79e-04
7.14713e-01 5.77e-04
7.15496e-01 5.76e-04
7.16278e-01 5.74e-04
7.17059e-01 5.73e-04
7.17791e-01 5.72e-04
7.18571e-01 5.70e-04
7.19351e-01 5.69e-04
7.20130e-01 5.68e-04
7.20908e-01 5.66e-04
7.21686e-01 5.65e-04
7.22463e-01 5.63e-04
7.23240e-01 5.62e-04
7.24016e-01 5.61e-04
7.24743e-01 5.60e-04
7.25518e-01 5.58e-04
7.26292e-01 5.57e-04
7.27065e-01 5.56e-04
7.27838e-01 5.55e-04
7.28611e-01 5.54e-04
7.29334e-01 5.52e-04
7.30106e-01 5.51e-04
7.30876e-01 5.50e-04
7.31598e-01 5.49e-04
7.32368e-01 5.48e-04
7.33137e-01 5.47e-04
7.33905e-01 5.46e-04
7.34625e-01 5.45e-04
7.35392e-01 5.43e-04
7.36159e-01 5.42e-04
7.36877e-01 5.41e-04
7.37642e-01 5.40e-04
7.38360e-01 5.39e-04
7.39124e-01 5.38e-04
7.39888e-01 5.37e-04
7.40603e-01 5.36e-04
7.41366e-01 5.35e-04
7.42080e-01 5.34e-04
7.42842e-01 5.33e-04
7.43603e-01 5.32e-04
7.44315e-01 5.31e-04
7.45075e-01 5.29e-04
7.45787e-01 5.28e-04
7.46546e-01 5.27e-04
7.47257e-01 5.26e-04
7.47967e-01 5.25e-04
7.48724e-01 5.24e-04
7.49433e-01 5.23e-04
7.50189e-01 5.22e-04
7.50897e-01 5.21e-04
7.51652e-01 5.20e-04
7.52359e-01 5.19e-04
7.53066e-01 5.18e-04
7.53819e-01 5.17e-04
7.54524e-01 5.16e-04
7.55277e-01 5.15e-04
7.55981e-01 5.14e-04
7.56685e-01 5.13e-04
7.57436e-01 5.11e-04
7.58139e-01 5.10e-04
7.58841e-01 5.09e-04
7.59543e-01 5.08e-04
7.60292e-01 5.07e-04
7.60993e-01 5.06e-04
7.61693e-01 5.05e-04
7.62393e-01 5.04e-04
7.63140e-01 5.03e-04
7.63839e-01 5.02e-04
7.64537e-01 5.01e-04
7.65235e-01 5.00e-04
7.65979e-01 4.99e-04
7.66676e-01 4.98e-04
7.67373e-01 4.97e-04
7.68069e-01 4.96e-04
7.68765e-01 4.95e-04
7.69460e-01 4.94e-04
7.70155e-01 4.93e-04
7.70895e-01 4.92e-04
7.71589e-01 4.91e-04
7.72282e-01 4.90e-04
7.72974e-01 4.89e-04
7.73667e-01 4.88e-04
7.74358e-01 4.87e-04
7.75050e-01 4.86e-04
7.75740e-01 4.85e-04
7.76431e-01 4.84e-04
7.77121e-01 4.83e-04
7.77810e-01 4.82e-04
7.78499e-01 4.81e-04
7.79187e-01 4.80e-04
7.79875e-01 4.79e-04
7.80563e-01 4.78e-04
7.81250e-01 4.77e-04
7.81936e-01 4.76e-04
7.82622e-01 4.75e-04
7.83308e-01 4.75e-04
7.83993e-01 4.74e-04
7.84677e-01 4.73e-04
7.85362e-01 4.72e-04
7.86000e-01 4.71e-04
7.86683e-01 4.70e-04
7.87366e-01 4.69e-04
7.88048e-01 4.68e-04
7.88730e-01 4.67e-04
7.89411e-01 4.66e-04
7.90092e-01 4.65e-04
7.90728e-01 4.65e-04
7.91408e-01 4.64e-04
7.92087e-01 4.63e-04
7.92766e-01 4.62e-04
7.93445e-01 4.61e-04
7.94078e-01 4.60e-04
7.94756e-01 4.59e-04
7.95433e-01 4.58e-04
7.96110e-01 4.57e-04
7.96741e-01 4.57e-04
7.97417e-01 4.56e-04
7.98093e-01 4.55e-04
7.98768e-01 4.54e-04
7.99397e-01 4.53e-04
8.00071e-01 4.52e-04
8.00745e-01 4.51e-04
8.01374e-01 4.50e-04
8.02046e-01 4.50e-04
8.02719e-01 4.49e-04
8.03346e-01 4.48e-04
8.04017e-01 4.47e-04
8.04644e-01 4.46e-04
8.05314e-01 4.45e-04
8.05985e-01 4.44e-04
8.06610e-01 4.44e-04
8.07279e-01 4.43e-04
8.07903e-01 4.42e-04
8.08572e-01 4.41e-04
8.09240e-01 4.40e-04
8.09863e-01 4.40e-04
8.10530e-01 4.39e-04
8.11152e-01 4.38e-04
8.11819e-01 4.37e-04
8.12440e-01 4.37e-04
8.13106e-01 4.36e-04
8.13726e-01 4.35e-04
8.14391e-01 4.34e-04
8.15011e-01 4.34e-04
8.15674e-01 4.33e-04
8.16294e-01 4.32e-04
8.16956e-01 4.31e-04
8.17575e-01 4.31e-04
8.18193e-01 4.30e-04
8.18854e-01 4.29e-04
8.19471e-01 4.28e-04
8.20132e-01 4.28e-04
8.20749e-01 4.27e-04
8.21364e-01 4.26e-04
8.22024e-01 4.25e-04
8.22639e-01 4.25e-04
8.23298e-01 4.24e-04
8.23912e-01 4.23e-04
8.24526e-01 4.22e-04
8.25184e-01 4.22e-04
8.25797e-01 4.21e-04
8.26410e-01 4.20e-04
8.27066e-01 4.19e-04
8.27678e-01 4.19e-04
8.28290e-01 4.18e-04
8.28945e-01 4.17e-04
8.29556e-01 4.17e-04
8.30166e-01 4.16e-04
8.30776e-01 4.15e-04
8.31430e-01 4.14e-04
8.32039e-01 4.14e-04
8.32648e-01 4.13e-04
8.33257e-01 4.12e-04
8.33909e-01 4.12e-04
8.34517e-01 4.11e-04
8.35124e-01 4.10e-04
8.35731e-01 4.09e-04
8.36338e-01 4.09e-04
8.36988e-01 4.08e-04
8.37594e-01 4.07e-04
8.38199e-01 4.07e-04
8.38805e-01 4.06e-04
8.39410e-01 4.05e-04
8.40014e-01 4.05e-04
8.40618e-01 4.04e-04
8.41265e-01 4.03e-04
8.41869e-01 4.03e-04
8.42472e-01 4.02e-04
8.43075e-01 4.01e-04
8.43677e-01 4.01e-04
8.44279e-01 4.00e-04
8.44881e-01 3.99e-04
8.45482e-01 3.99e-04
8.46083e-01 3.98e-04
8.46683e-01 3.97e-04
8.47284e-01 3.97e-04
8.47883e-01 3.96e-04
8.48526e-01 3.95e-04
8.49125e-01 3.95e-04
8.49723e-01 3.94e-04
8.50322e-01 3.93e-04
8.50920e-01 3.93e-04
8.51518e-01 3.92e-04
8.52115e-01 3.92e-04
8.52712e-01 3.91e-04
8.53308e-01 3.90e-04
8.53862e-01 3.90e-04
8.54458e-01 3.89e-04
8.55053e-01 3.88e-04
8.55649e-01 3.88e-04
8.56243e-01 3.87e-04
8.56838e-01 3.86e-04
8.57432e-01 3.86e-04
8.58026e-01 3.85e-04
8.58619e-01 3.85e-04
8.59212e-01 3.84e-04
8.59805e-01 3.83e-04
8.60397e-01 3.83e-04
8.60947e-01 3.82e-04
8.61539e-01 3.81e-04
8.62130e-01 3.81e-04
8.62721e-01 3.80e-04
8.63312e-01 3.80e-04
8.63902e-01 3.79e-04
8.64492e-01 3.78e-04
8.65040e-01 3.78e-04
8.65629e-01 3.77e-04
8.66218e-01 3.77e-04
8.66806e-01 3.76e-04
8.67395e-01 3.75e-04
8.67940e-01 3.75e-04
8.68528e-01 3.74e-04
8.69115e-01 3.74e-04
8.69702e-01 3.73e-04
8.70289e-01 3.72e-04
8.70833e-01 3.72e-04
8.71419e-01 3.71e-04
8.72004e-01 3.71e-04
8.72548e-01 3.70e-04
8.73133e-01 3.70e-04
8.73717e-01 3.69e-04
8.74301e-01 3.68e-04
8.74844e-01 3.68e-04
8.75427e-01 3.67e-04
8.76010e-01 3.67e-04
8.76551e-01 3.66e-04
8.77134e-01 3.65e-04
8.77716e-01 3.65e-04
8.78257e-01 3.64e-04
8.78838e-01 3.64e-04
8.79419e-01 3.63e-04
8.79959e-01 3.63e-04
8.80539e-01 3.62e-04
8.81119e-01 3.61e-04
8.81658e-01 3.61e-04
8.82237e-01 3.60e-04
8.82775e-01 3.60e-04
8.83354e-01 3.59e-04
8.83933e-01 3.59e-04
8.84470e-01 3.58e-04
8.85048e-01 3.57e-04
8.85584e-01 3.57e-04
8.86161e-01 3.56e-04
8.86738e-01 3.56e-04
8.87274e-01 3.55e-04
8.87850e-01 3.55e-04
8.88385e-01 3.54e-04
8.88961e-01 3.54e-04
8.89495e-01 3.53e-04
8.90070e-01 3.53e-04
8.90604e-01 3.52e-04
8.91178e-01 3.51e-04
8.91711e-01 3.51e-04
8.92285e-01 3.50e-04
8.92817e-01 3.50e-04
8.93391e-01 3.49e-04
8.93922e-01 3.49e-04
8.94495e-01 3.48e-04
8.95026e-01 3.48e-04
8.95598e-01 3.47e-04
8.96129e-01 3.47e-04
8.96700e-01 3.46e-04
8.97230e-01 3.46e-04
8.97760e-01 3.45e-04
8.98330e-01 3.45e-04
8.98860e-01 3.44e-04
8.99429e-01 3.44e-04
8.99958e-01 3.43e-04
9.00527e-01 3.42e-04
9.01055e-01 3.42e-04
9.01583e-01 3.41e-04
9.02151e-01 3.41e-04
9.02679e-01 3.40e-04
9.03205e-01 3.40e-04
9.03773e-01 3.39e-04
9.04299e-01 3.39e-04
9.04866e-01 3.38e-04
9.05392e-01 3.38e-04
9.05917e-01 3.37e-04
9.06483e-01 3.37e-04
9.07008e-01 3.36e-04
9.07532e-01 3.36e-04
9.08097e-01 3.35e-04
9.08621e-01 3.35e-04
9.09145e-01 3.34e-04
9.09669e-01 3.34e-04
9.10232e-01 3.33e-04
9.10755e-01 3.33e-04
9.11278e-01 3.32e-04
9.11841e-01 3.32e-04
9.12363e-01 3.31e-04
9.12885e-01 3.31e-04
9.13407e-01 3.30e-04
9.13968e-01 3.30e-04
9.14489e-01 3.29e-04
9.15010e-01 3.29e-04
9.15530e-01 3.28e-04
9.16091e-01 3.28e-04
9.16611e-01 3.27e-04
9.17130e-01 3.27e-04
9.17650e-01 3.26e-04
9.18169e-01 3.26e-04
9.18728e-01 3.25e-04
9.19246e-01 3.25e-04
9.19765e-01 3.24e-04
9.20283e-01 3.24e-04
9.20801e-01 3.23e-04
9.21358e-01 3.23e-04
9.21875e-01 3.23e-04
9.22392e-01 3.22e-04
9.22909e-01 3.22e-04
9.23425e-01 3.21e-04
9.23941e-01 3.21e-04
9.24457e-01 3.20e-04
9.25013e-01 3.20e-04
9.25528e-01 3.19e-04
9.26043e-01 3.19e-04
9.26558e-01 3.18e-04
9.27072e-01 3.18e-04
9.27587e-01 3.18e-04
9.28101e-01 3.17e-04
9.28614e-01 3.17e-04
9.29128e-01 3.16e-04
9.29681e-01 3.16e-04
9.30194e-01 3.15e-04
9.30706e-01 3.15e-04
9.31219e-01 3.14e-04
9.31731e-01 3.14e-04
9.32243e-01 3.14e-04
9.32754e-01 3.13e-04
9.33266e-01 3.13e-04
9.33777e-01 3.12e-04
9.34288e-01 3.12e-04
9.34798e-01 3.11e-04
9.35309e-01 3.11e-04
9.35819e-01 3.11e-04
9.36329e-01 3.10e-04
9.36838e-01 3.10e-04
9.37347e-01 3.09e-04
9.37857e-01 3.09e-04
9.38365e-01 3.08e-04
9.38874e-01 3.08e-04
9.39382e-01 3.07e-04
9.39890e-01 3.07e-04
9.40398e-01 3.07e-04
9.40905e-01 3.06e-04
9.41413e-01 3.06e-04
9.41919e-01 3.05e-04
9.42426e-01 3.05e-04
9.42933e-01 3.04e-04
9.43439e-01 3.04e-04
9.43945e-01 3.04e-04
9.44450e-01 3.03e-04
9.44956e-01 3.03e-04
9.45422e-01 3.02e-04
9.45927e-01 3.02e-04
9.46432e-01 3.01e-04
9.46936e-01 3.01e-04
9.47441e-01 3.01e-04
9.47944e-01 3.00e-04
9.48448e-01 3.00e-04
9.48952e-01 2.99e-04
9.49455e-01 2.99e-04
9.49919e-01 2.99e-04
9.50422e-01 2.98e-04
9.50924e-01 2.98e-04
9.51426e-01 2.97e-04
9.51928e-01 2.97e-04
9.52430e-01 2.97e-04
9.52931e-01 2.96e-04
9.53394e-01 2.96e-04
9.53895e-01 2.95e-04
9.54395e-01 2.95e-04
9.54896e-01 2.95e-04
9.55396e-01 2.94e-04
9.55896e-01 2.94e-04
9.56357e-01 2.93e-04
9.56857e-01 2.93e-04
9.57356e-01 2.93e-04
9.57855e-01 2.92e-04
9.58354e-01 2.92e-04
9.58814e-01 2.91e-04
9.59312e-01 2.91e-04
9.59810e-01 2.91e-04
9.60308e-01 2.90e-04
9.60767e-01 2.90e-04
9.61264e-01 2.89e-04
9.61761e-01 2.89e-04
9.62258e-01 2.89e-04
9.62716e-01 2.88e-04
9.63212e-01 2.88e-04
9.63709e-01 2.87e-04
9.64204e-01 2.87e-04
9.64662e-01 2.87e-04
9.65157e-01 2.86e-04
9.65652e-01 2.86e-04
9.66147e-01 2.86e-04
9.66604e-01 2.85e-04
9.67098e-01 2.85e-04
9.67592e-01 2.84e-04
9.68048e-01 2.84e-04
9.68542e-01 2.84e-04
9.69035e-01 2.83e-04
9.69490e-01 2.83e-04
9.69983e-01 2.83e-04
9.70476e-01 2.82e-04
9.70930e-01 2.82e-04
9.71423e-01 2.81e-04
9.71915e-01 2.81e-04
9.72369e-01 2.81e-04
9.72860e-01 2.80e-04
9.73351e-01 2.80e-04
9.73805e-01 2.80e-04
9.74295e-01 2.79e-04
9.74786e-01 2.79e-04
9.75239e-01 2.78e-04
9.75729e-01 2.78e-04
9.76181e-01 2.78e-04
9.76671e-01 2.77e-04
9.77160e-01 2.77e-04
9.77612e-01 2.77e-04
9.78101e-01 2.76e-04
9.78552e-01 2.76e-04
9.79040e-01 2.76e-04
9.79528e-01 2.75e-04
9.79979e-01 2.75e-04
9.80467e-01 2.75e-04
9.80917e-01 2.74e-04
9.81404e-01 2.74e-04
9.81891e-01 2.74e-04
9.82341e-01 2.73e-04
9.82827e-01 2.73e-04
9.83276e-01 2.72e-04
9.83762e-01 2.72e-04
9.84211e-01 2.72e-04
9.84697e-01 2.71e-04
9.85145e-01 2.71e-04
9.85630e-01 2.71e-04
9.86078e-01 2.70e-04
9.86563e-01 2.70e-04
9.87010e-01 2.70e-04
9.87494e-01 2.69e-04
9.87941e-01 2.69e-04
9.88425e-01 2.69e-04
9.88872e-01 2.68e-04
9.89355e-01 2.68e-04
9.89801e-01 2.68e-04
9.90284e-01 2.67e-04
9.90730e-01 2.67e-04
9.91213e-01 2.67e-04
9.91658e-01 2.66e-04
9.92140e-01 2.66e-04
9.92585e-01 2.66e-04
9.93067e-01 2.65e-04
9.93511e-01 2.65e-04
9.93992e-01 2.65e-04
9.94436e-01 2.64e-04
9.94917e-01 2.64e-04
9.95361e-01 2.64e-04
9.95804e-01 2.63e-04
9.96284e-01 2.63e-04
9.96727e-01 2.63e-04
9.97207e-01 2.62e-04
9.97649e-01 2.62e-04
9.98129e-01 2.62e-04
9.98571e-01 2.61e-04
9.99013e-01 2.61e-04
9.99492e-01 2.61e-04
9.99933e-01 2.60e-04
1.00041e+00 2.60e-04
1.00085e+00 2.60e-04
1.00129e+00 2.59e-04
1.00177e+00 2.59e-04
1.00221e+00 2.59e-04
1.00269e+00 2.58e-04
1.00313e+00 2.58e-04
1.00357e+00 2.58e-04
1.00405e+00 2.57e-04
1.00448e+00 2.57e-04
1.00492e+00 2.57e-04
1.00540e+00 2.56e-04
1.00584e+00 2.56e-04
1.00628e+00 2.56e-04
1.00675e+00 2.55e-04
1.00719e+00 2.55e-04
1.00763e+00 2.55e-04
1.00810e+00 2.54e-04
1.00854e+00 2.54e-04
1.00898e+00 2.54e-04
1.00945e+00 2.54e-04
1.00989e+00 2.53e-04
1.01033e+00 2.53e-04
1.01080e+00 2.53e-04
1.01124e+00 2.52e-04
1.01167e+00 2.52e-04
1.01215e+00 2.52e-04
1.01258e+00 2.51e-04
1.01302e+00 2.51e-04
1.01345e+00 2.51e-04
1.01393e+00 2.50e-04
1.01436e+00 2.50e-04
1.01480e+00 2.50e-04
1.01527e+00 2.50e-04
1.01570e+00 2.49e-04
1.01614e+00 2.49e-04
1.01657e+00 2.49e-04
1.01704e+00 2.48e-04
1.01747e+00 2.48e-04
1.01791e+00 2.48e-04
1.01834e+00 2.47e-04
1.01881e+00 2.47e-04
1.01924e+00 2.47e-04
1.01968e+00 2.47e-04
1.02011e+00 2.46e-04
1.02054e+00 2.46e-04
1.02101e+00 2.46e-04
1.02144e+00 2.45e-04
1.02188e+00 2.45e-04
1.02231e+00 2.45e-04
1.02277e+00 2.44e-04
1.02321e+00 2.44e-04
1.02364e+00 2.44e-04
1.02407e+00 2.44e-04
1.02450e+00 2.43e-04
1.02497e+00 2.43e-04
1.02540e+00 2.43e-04
1.02583e+00 2.42e-04
1.02626e+00 2.42e-04
1.02669e+00 2.42e-04
1.02712e+00 2.41e-04
1.02758e+00 2.41e-04
1.02801e+00 2.41e-04
1.02844e+00 2.41e-04
1.02887e+00 2.40e-04
1.02930e+00 2.40e-04
1.02973e+00 2.40e-04
1.03019e+00 2.39e-04
1.03062e+00 2.39e-04
1.03105e+00 2.39e-04
1.03147e+00 2.39e-04
1.03190e+00 2.38e-04
1.03233e+00 2.38e-04
1.03276e+00 2.38e-04
1.03322e+00 2.37e-04
1.03365e+00 2.37e-04
1.03407e+00 2.37e-04
1.03450e+00 2.37e-04
1.03493e+00 2.36e-04
1.03535e+00 2.36e-04
1.03578e+00 2.36e-04
1.03620e+00 2.36e-04
1.03663e+00 2.35e-04
1.03706e+00 2.35e-04
1.03752e+00 2.35e-04
1.03794e+00 2.34e-04
1.03837e+00 2.34e-04
1.03879e+00 2.34e-04
1.03922e+00 2.34e-04
1.03964e+00 2.33e-04
1.04006e+00 2.33e-04
1.04049e+00 2.33e-04
1.04091e+00 2.33e-04
1.04134e+00 2.32e-04
1.04176e+00 2.32e-04
1.04218e+00 2.32e-04
1.04261e+00 2.31e-04
1.04303e+00 2.31e-04
1.04349e+00 2.31e-04
1.04391e+00 2.31e-04
1.04433e+00 2.30e-04
1.04475e+00 2.30e-04
1.04518e+00 2.30e-04
1.04560e+00 2.30e-04
1.04602e+00 2.29e-04
1.04644e+00 2.29e-04
1.04686e+00 2.29e-04
1.04728e+00 2.29e-04
1.04770e+00 2.28e-04
1.04813e+00 2.28e-04
1.04855e+00 2.28e-04
1.04897e+00 2.28e-04
1.04939e+00 2.27e-04
1.04981e+00 2.27e-04
1.05023e+00 2.27e-04
1.05065e+00 2.26e-04
1.05107e+00 2.26e-04
1.05149e+00 2.26e-04
1.05170e+00 2.26e-04
1.05190e+00 2.25e-04
1.05232e+00 2.25e-04
1.05274e+00 2.25e-04
1.05316e+00 2.25e-04
1.05358e+00 2.24e-04
1.05400e+00 2.24e-04
1.05442e+00 2.24e-04
1.05483e+00 2.24e-04
1.05522e+00 2.23e-04
1.05564e+00 2.23e-04
1.05605e+00 2.23e-04
1.05647e+00 2.23e-04
1.05689e+00 2.22e-04
1.05730e+00 2.22e-04
1.05772e+00 2.22e-04
1.05814e+00 2.22e-04
1.05855e+00 2.21e-04
1.05897e+00 2.21e-04
1.05939e+00 2.21e-04
1.05980e+00 2.21e-04
1.06022e+00 2.20e-04
1.06063e+00 2.20e-04
1.06105e+00 2.20e-04
1.06143e+00 2.20e-04
1.06184e+00 2.19e-04
1.06226e+00 2.19e-04
1.06267e+00 2.19e-04
1.06309e+00 2.19e-04
1.06350e+00 2.18e-04
1.06392e+00 2.18e-04
1.06433e+00 2.18e-04
1.06475e+00 2.18e-04
1.06516e+00 2.18e-04
1.06554e+00 2.17e-04
1.06595e+00 2.17e-04
1.06636e+00 2.17e-04
1.06678e+00 2.17e-04
1.06719e+00 2.16e-04
1.06760e+00 2.16e-04
1.06802e+00 2.16e-04
1.06843e+00 2.16e-04
1.06881e+00 2.15e-04
1.06922e+00 2.15e-04
1.06963e+00 2.15e-04
1.07004e+00 2.15e-04
1.07045e+00 2.14e-04
1.07086e+00 2.14e-04
1.07128e+00 2.14e-04
1.07165e+00 2.14e-04
1.07206e+00 2.13e-04
1.07247e+00 2.13e-04
1.07288e+00 2.13e-04
1.07329e+00 2.13e-04
1.07370e+00 2.13e-04
1.07408e+00 2.12e-04
1.07449e+00 2.12e-04
1.07490e+00 2.12e-04
1.07531e+00 2.12e-04
1.07572e+00 2.11e-04
1.07609e+00 2.11e-04
1.07650e+00 2.11e-04
1.07691e+00 2.11e-04
1.07732e+00 2.10e-04
1.07773e+00 2.10e-04
1.07810e+00 2.10e-04
1.07851e+00 2.10e-04
1.07892e+00 2.10e-04
1.07933e+00 2.09e-04
1.07974e+00 2.09e-04
1.08011e+00 2.09e-04
1.08052e+00 2.09e-04
1.08092e+00 2.08e-04
1.08133e+00 2.08e-04
1.08170e+00 2.08e-04
1.08211e+00 2.08e-04
1.08252e+00 2.08e-04
1.08292e+00 2.07e-04
1.08333e+00 2.07e-04
1.08370e+00 2.07e-04
1.08411e+00 2.07e-04
1.08451e+00 2.06e-04
1.08492e+00 2.06e-04
1.08529e+00 2.06e-04
1.08570e+00 2.06e-04
1.08610e+00 2.06e-04
1.08651e+00 2.05e-04
1.08688e+00 2.05e-04
1.08728e+00 2.05e-04
1.08769e+00 2.05e-04
1.08806e+00 2.05e-04
1.08846e+00 2.04e-04
1.08886e+00 2.04e-04
1.08927e+00 2.04e-04
1.08964e+00 2.04e-04
1.09004e+00 2.03e-04
1.09045e+00 2.03e-04
1.09085e+00 2.03e-04
1.09122e+00 2.03e-04
1.09162e+00 2.03e-04
1.09202e+00 2.02e-04
1.09239e+00 2.02e-04
1.09280e+00 2.02e-04
1.09320e+00 2.02e-04
1.09357e+00 2.02e-04
1.09397e+00 2.01e-04
1.09437e+00 2.01e-04
1.09477e+00 2.01e-04
1.09514e+00 2.01e-04
1.09554e+00 2.01e-04
1.09594e+00 2.00e-04
1.09631e+00 2.00e-04
1.09671e+00 2.00e-04
1.09711e+00 2.00e-04
1.09748e+00 2.00e-04
1.09788e+00 1.99e-04
1.09828e+00 1.99e-04
1.09865e+00 1.99e-04
1.09905e+00 1.99e-04
1.09945e+00 1.98e-04
1.09981e+00 1.98e-04
1.10021e+00 1.98e-04
1.10061e+00 1.98e-04
1.10098e+00 1.98e-04
1.10138e+00 1.97e-04
1.10177e+00 1.97e-04
1.10214e+00 1.97e-04
1.10254e+00 1.97e-04
1.10290e+00 1.97e-04
1.10330e+00 1.96e-04
1.10370e+00 1.96e-04
1.10406e+00 1.96e-04
1.10446e+00 1.96e-04
1.10486e+00 1.96e-04
1.10522e+00 1.95e-04
1.10562e+00 1.95e-04
1.10599e+00 1.95e-04
1.10638e+00 1.95e-04
1.10678e+00 1.95e-04
1.10714e+00 1.94e-04
1.10754e+00 1.94e-04
1.10794e+00 1.94e-04
1.10830e+00 1.94e-04
1.10869e+00 1.94e-04
1.10906e+00 1.93e-04
1.10945e+00 1.93e-04
1.10985e+00 1.93e-04
1.11021e+00 1.93e-04
1.11061e+00 1.93e-04
1.11097e+00 1.92e-04
1.11136e+00 1.92e-04
1.11176e+00 1.92e-04
1.11212e+00 1.92e-04
1.11252e+00 1.92e-04
1.12959e+00 1.83e-04
1.15098e+00 1.73e-04
1.16683e+00 1.66e-04
1.17887e+00 1.60e-04
1.19480e+00 1.54e-04
1.20306e+00 1.50e-04
1.21980e+00 1.44e-04
1.23136e+00 1.40e-04
1.24534e+00 1.35e-04
1.26093e+00 1.29e-04
1.27748e+00 1.24e-04
1.29374e+00 1.19e-04
1.30375e+00 1.16e-04
1.31103e+00 1.13e-04
1.31119e+00 1.13e-04
1.33329e+00 1.07e-04
1.35263e+00 1.02e-04
1.36382e+00 9.90e-05
1.38602e+00 9.38e-05
1.39689e+00 9.14e-05
1.41583e+00 8.76e-05
1.43265e+00 8.42e-05
1.45566e+00 8.01e-05
1.46949e+00 7.78e-05
1.48347e+00 7.56e-05
1.50437e+00 7.26e-05
1.51739e+00 7.09e-05
1.53962e+00 6.83e-05
1.54511e+00 6.77e-05
1.56159e+00 6.61e-05
1.56172e+00 6.59e-05
1.57995e+00 6.45e-05
1.58568e+00 6.41e-05
1.59906e+00 6.34e-05
1.61068e+00 6.30e-05
1.62050e+00 6.27e-05
1.62204e+00 6.27e-05
1.62216e+00 6.26e-05
1.63495e+00 6.26e-05
1.64316e+00 6.27e-05
1.65190e+00 6.30e-05
1.65628e+00 6.32e-05
1.66376e+00 6.37e-05
1.66944e+00 6.41e-05
1.67541e+00 6.47e-05
1.68087e+00 6.53e-05
1.68477e+00 6.57e-05
1.68947e+00 6.64e-05
1.69314e+00 6.70e-05
1.69574e+00 6.74e-05
1.69889e+00 6.80e-05
1.70178e+00 6.86e-05
1.70415e+00 6.90e-05
1.70573e+00 6.94e-05
1.70783e+00 6.99e-05
1.70943e+00 7.03e-05
1.71100e+00 7.06e-05
1.71234e+00 7.10e-05
1.71338e+00 7.13e-05
1.71418e+00 7.15e-05
1.71472e+00 7.16e-05
1.71497e+00 7.17e-05
1.71524e+00 7.17e-05
1.71551e+00 7.18e-05
1.71578e+00 7.19e-05
1.71603e+00 7.20e-05
1.71630e+00 7.20e-05
1.71657e+00 7.21e-05
1.71684e+00 7.22e-05
1.71709e+00 7.23e-05
1.71736e+00 7.23e-05
1.71763e+00 7.24e-05
1.71790e+00 7.25e-05
1.71817e+00 7.26e-05
1.71842e+00 7.27e-05
1.71869e+00 7.27e-05
1.71896e+00 7.28e-05
1.71922e+00 7.29e-05
1.71949e+00 7.30e-05
1.71974e+00 7.31e-05
1.72001e+00 7.31e-05
1.72028e+00 7.32e-05
1.72055e+00 7.33e-05
1.72082e+00 7.34e-05
1.72109e+00 7.35e-05
1.72135e+00 7.36e-05
1.72161e+00 7.36e-05
1.72187e+00 7.37e-05
1.72214e+00 7.38e-05
1.72241e+00 7.39e-05
1.72268e+00 7.40e-05
1.72295e+00 7.41e-05
1.72321e+00 7.42e-05
1.72348e+00 7.43e-05
1.72375e+00 7.43e-05
1.72402e+00 7.44e-05
1.72428e+00 7.45e-05
1.72455e+00 7.46e-05
1.72480e+00 7.47e-05
1.72507e+00 7.48e-05
1.72533e+00 7.49e-05
1.72560e+00 7.50e-05
1.72587e+00 7.51e-05
1.72614e+00 7.52e-05
1.72640e+00 7.53e-05
1.72667e+00 7.54e-05
1.72694e+00 7.55e-05
1.72720e+00 7.56e-05
1.72747e+00 7.57e-05
1.72774e+00 7.58e-05
1.72800e+00 7.59e-05
1.72829e+00 7.60e-05
1.72855e+00 7.61e-05
1.72882e+00 7.62e-05
1.72909e+00 7.63e-05
1.72935e+00 7.64e-05
1.72962e+00 7.65e-05
1.72988e+00 7.66e-05
1.73015e+00 7.67e-05
1.73042e+00 7.68e-05
1.73068e+00 7.69e-05
1.73095e+00 7.70e-05
1.73121e+00 7.71e-05
1.73150e+00 7.72e-05
1.73176e+00 7.73e-05
1.73203e+00 7.74e-05
1.73229e+00 7.75e-05
1.73256e+00 7.77e-05
1.73282e+00 7.78e-05
1.73309e+00 7.79e-05
1.73337e+00 7.80e-05
1.73364e+00 7.81e-05
1.73390e+00 7.82e-05
1.73417e+00 7.83e-05
1.73443e+00 7.84e-05
1.73471e+00 7.86e-05
1.73498e+00 7.87e-05
1.73524e+00 7.88e-05
1.73551e+00 7.89e-05
1.73579e+00 7.90e-05
1.73605e+00 7.91e-05
1.73632e+00 7.93e-05
1.73658e+00 7.94e-05
1.73686e+00 7.95e-05
1.73713e+00 7.96e-05
1.73739e+00 7.98e-05
1.73766e+00 7.99e-05
1.73794e+00 8.00e-05
1.73820e+00 8.01e-05
1.73846e+00 8.03e-05
1.73875e+00 8.04e-05
1.73901e+00 8.05e-05
1.73927e+00 8.06e-05
1.73955e+00 8.08e-05
1.73982e+00 8.09e-05
1.74008e+00 8.10e-05
1.74036e+00 8.12e-05
1.74062e+00 8.13e-05
1.74089e+00 8.14e-05
1.74117e+00 8.16e-05
1.74143e+00 8.17e-05
1.74171e+00 8.18e-05
1.74197e+00 8.20e-05
1.74224e+00 8.21e-05
1.74252e+00 8.23e-05
1.74278e+00 8.24e-05
1.74306e+00 8.25e-05
1.74332e+00 8.27e-05
1.74360e+00 8.28e-05
1.74386e+00 8.30e-05
1.74414e+00 8.31e-05
1.74441e+00 8.32e-05
1.74467e+00 8.34e-05
1.74495e+00 8.35e-05
1.74521e+00 8.37e-05
1.74549e+00 8.38e-05
1.74575e+00 8.40e-05
1.74603e+00 8.41e-05
1.74629e+00 8.43e-05
1.74657e+00 8.44e-05
1.74685e+00 8.46e-05
1.74711e+00 8.48e-05
1.74739e+00 8.49e-05
1.74765e+00 8.51e-05
1.74793e+00 8.52e-05
1.74819e+00 8.54e-05
1.74847e+00 8.55e-05
1.74875e+00 8.57e-05
1.74901e+00 8.59e-05
1.74929e+00 8.60e-05
1.74955e+00 8.62e-05
1.74983e+00 8.64e-05
1.75010e+00 8.65e-05
1.75036e+00 8.67e-05
1.75064e+00 8.69e-05
1.75092e+00 8.70e-05
1.75118e+00 8.72e-05
1.75146e+00 8.74e-05
1.75174e+00 8.75e-05
1.75200e+00 8.77e-05
1.75227e+00 8.79e-05
1.75255e+00 8.81e-05
1.75281e+00 8.82e-05
1.75309e+00 8.84e-05
1.75337e+00 8.86e-05
1.75362e+00 8.88e-05
1.75390e+00 8.90e-05
1.75418e+00 8.91e-05
1.75446e+00 8.93e-05
1.75472e+00 8.95e-05
1.75499e+00 8.97e-05
1.75527e+00 8.99e-05
1.75554e+00 9.01e-05
1.75582e+00 9.03e-05
1.75608e+00 9.04e-05
1.75636e+00 9.06e-05
1.75663e+00 9.08e-05
1.75691e+00 9.10e-05
1.75719e+00 9.12e-05
1.75746e+00 9.14e-05
1.75772e+00 9.16e-05
1.75800e+00 9.18e-05
1.75827e+00 9.20e-05
1.75855e+00 9.22e-05
1.75882e+00 9.24e-05
1.75910e+00 9.27e-05
1.75937e+00 9.29e-05
1.75965e+00 9.31e-05
1.75991e+00 9.33e-05
1.76018e+00 9.35e-05
1.76046e+00 9.37e-05
1.76073e+00 9.39e-05
1.76101e+00 9.41e-05
1.76128e+00 9.44e-05
1.76156e+00 9.46e-05
1.76183e+00 9.48e-05
1.76211e+00 9.50e-05
1.76238e+00 9.52e-05
1.76266e+00 9.55e-05
1.76293e+00 9.57e-05
1.76321e+00 9.59e-05
1.76348e+00 9.62e-05
1.76375e+00 9.64e-05
1.76403e+00 9.66e-05
1.76430e+00 9.69e-05
1.76458e+00 9.71e-05
1.76485e+00 9.73e-05
1.76512e+00 9.76e-05
1.76540e+00 9.78e-05
1.76569e+00 9.81e-05
1.76596e+00 9.83e-05
1.76624e+00 9.86e-05
1.76651e+00 9.88e-05
1.76678e+00 9.91e-05
1.76706e+00 9.93e-05
1.76733e+00 9.96e-05
1.76760e+00 9.98e-05
1.76789e+00 1.00e-04
1.76817e+00 1.00e-04
1.76844e+00 1.01e-04
1.76871e+00 1.01e-04
1.76899e+00 1.01e-04
1.76926e+00 1.01e-04
1.76955e+00 1.02e-04
1.76982e+00 1.02e-04
1.77009e+00 1.02e-04
1.77037e+00 1.03e-04
1.77065e+00 1.03e-04
1.77093e+00 1.03e-04
1.77120e+00 1.03e-04
1.77147e+00 1.04e-04
1.77176e+00 1.04e-04
1.77203e+00 1.04e-04
1.77230e+00 1.05e-04
1.77258e+00 1.05e-04
1.77287e+00 1.05e-04
1.77314e+00 1.05e-04
1.77341e+00 1.06e-04
1.77370e+00 1.06e-04
1.77397e+00 1.06e-04
1.77424e+00 1.07e-04
1.77453e+00 1.07e-04
1.77480e+00 1.07e-04
1.77509e+00 1.08e-04
1.77536e+00 1.08e-04
1.77563e+00 1.08e-04
1.77592e+00 1.08e-04
1.77619e+00 1.09e-04
1.77648e+00 1.09e-04
1.77675e+00 1.09e-04
1.77703e+00 1.10e-04
1.77731e+00 1.10e-04
1.77758e+00 1.10e-04
1.77786e+00 1.11e-04
1.77813e+00 1.11e-04
1.77842e+00 1.11e-04
1.77869e+00 1.12e-04
1.77898e+00 1.12e-04
1.77925e+00 1.13e-04
1.77954e+00 1.13e-04
1.77980e+00 1.13e-04
1.78009e+00 1.14e-04
1.78038e+00 1.14e-04
1.78065e+00 1.14e-04
1.78093e+00 1.15e-04
1.78120e+00 1.15e-04
1.78149e+00 1.15e-04
1.78176e+00 1.16e-04
1.78205e+00 1.16e-04
1.78233e+00 1.17e-04
1.78260e+00 1.17e-04
1.78289e+00 1.17e-04
1.78317e+00 1.18e-04
1.78344e+00 1.18e-04
1.78373e+00 1.19e-04
1.78401e+00 1.19e-04
1.78428e+00 1.19e-04
1.78457e+00 1.20e-04
1.78485e+00 1.20e-04
1.78512e+00 1.21e-04
1.78541e+00 1.21e-04
1.78569e+00 1.21e-04
1.78596e+00 1.22e-04
1.78624e+00 1.22e-04
1.78653e+00 1.23e-04
1.78681e+00 1.23e-04
1.78710e+00 1.24e-04
1.78737e+00 1.24e-04
1.78765e+00 1.25e-04
1.78794e+00 1.25e-04
1.78822e+00 1.25e-04
1.78850e+00 1.26e-04
1.78877e+00 1.26e-04
1.78906e+00 1.27e-04
1.78934e+00 1.27e-04
1.78962e+00 1.28e-04
1.78991e+00 1.28e-04
1.79019e+00 1.29e-04
1.79048e+00 1.29e-04
1.79074e+00 1.30e-04
1.79103e+00 1.30e-04
1.79131e+00 1.31e-04
1.79159e+00 1.31e-04
1.79188e+00 1.32e-04
1.79216e+00 1.32e-04
1.79244e+00 1.33e-04
1.79273e+00 1.33e-04
1.79301e+00 1.34e-04
1.79329e+00 1.34e-04
1.79357e+00 1.35e-04
1.79386e+00 1.35e-04
1.79414e+00 1.36e-04
1.79442e+00 1.37e-04
1.79471e+00 1.37e-04
1.79499e+00 1.38e-04
1.79527e+00 1.38e-04
1.79555e+00 1.39e-04
1.79583e+00 1.39e-04
1.79612e+00 1.40e-04
1.79642e+00 1.41e-04
1.79655e+00 1.55e-04
1.79683e+00 1.56e-04
1.79711e+00 1.56e-04
1.79739e+00 1.57e-04
1.79769e+00 1.58e-04
1.79797e+00 1.58e-04
1.79825e+00 1.59e-04
1.79854e+00 1.60e-04
1.79882e+00 1.60e-04
1.79910e+00 1.61e-04
1.79940e+00 1.62e-04
1.79968e+00 1.62e-04
1.79996e+00 1.63e-04
1.80024e+00 1.64e-04
1.80054e+00 1.64e-04
1.80082e+00 1.65e-04
1.80110e+00 1.66e-04
1.80138e+00 1.67e-04
1.80168e+00 1.67e-04
1.80196e+00 1.68e-04
1.80224e+00 1.69e-04
1.80253e+00 1.69e-04
1.80281e+00 1.70e-04
1.80309e+00 1.71e-04
1.80339e+00 1.72e-04
1.80367e+00 1.72e-04
1.80395e+00 1.73e-04
1.80425e+00 1.74e-04
1.80453e+00 1.75e-04
1.80482e+00 1.76e-04
1.80510e+00 1.76e-04
1.80538e+00 1.77e-04
1.80568e+00 1.78e-04
1.80596e+00 1.79e-04
1.80625e+00 1.80e-04
1.80653e+00 1.81e-04
1.80683e+00 1.81e-04
1.80711e+00 1.82e-04
1.80740e+00 1.83e-04
1.80768e+00 1.84e-04
1.80798e+00 1.85e-04
1.80826e+00 1.86e-04
1.80855e+00 1.87e-04
1.80883e+00 1.88e-04
1.80912e+00 1.89e-04
1.80940e+00 1.90e-04
1.80970e+00 1.91e-04
1.80999e+00 1.91e-04
1.81027e+00 1.92e-04
1.81056e+00 1.93e-04
1.81084e+00 1.94e-04
1.81114e+00 1.95e-04
1.81143e+00 1.96e-04
1.81171e+00 1.97e-04
1.81200e+00 1.99e-04
1.81230e+00 2.00e-04
1.81257e+00 2.01e-04
1.81287e+00 2.02e-04
1.81316e+00 2.03e-04
1.81346e+00 2.04e-04
1.81373e+00 2.05e-04
1.81403e+00 2.06e-04
1.81432e+00 2.07e-04
1.81461e+00 2.08e-04
1.81489e+00 2.10e-04
1.81518e+00 2.11e-04
1.81548e+00 2.12e-04
1.81577e+00 2.13e-04
1.81606e+00 2.14e-04
1.81634e+00 2.16e-04
1.81663e+00 2.17e-04
1.81692e+00 2.18e-04
1.81722e+00 2.19e-04
1.81751e+00 2.21e-04
1.81780e+00 2.22e-04
1.81809e+00 2.23e-04
1.81839e+00 2.25e-04
1.81868e+00 2.26e-04
1.81895e+00 2.28e-04
1.81924e+00 2.29e-04
1.81954e+00 2.30e-04
1.81983e+00 2.32e-04
1.82012e+00 2.33e-04
1.82041e+00 2.35e-04
1.82070e+00 2.36e-04
1.82099e+00 2.38e-04
1.82129e+00 2.39e-04
1.82158e+00 2.41e-04
1.82188e+00 2.43e-04
1.82218e+00 2.44e-04
1.82247e+00 2.46e-04
1.82276e+00 2.48e-04
1.82305e+00 2.50e-04
1.82334e+00 2.52e-04
1.82363e+00 2.54e-04
1.82392e+00 2.56e-04
1.82421e+00 2.58e-04
1.82452e+00 2.60e-04
1.82481e+00 2.62e-04
1.82510e+00 2.65e-04
1.82539e+00 2.67e-04
1.82568e+00 2.70e-04
1.82598e+00 2.73e-04
1.82627e+00 2.77e-04
1.82656e+00 2.81e-04
1.82685e+00 2.85e-04
1.82700e+00 2.87e-04
1.82716e+00 2.90e-04
1.82730e+00 2.93e-04
1.82745e+00 2.96e-04
1.82759e+00 3.00e-04
1.82774e+00 3.04e-04
1.82788e+00 3.09e-04
1.82803e+00 3.15e-04
1.82819e+00 3.22e-04
1.82833e+00 3.31e-04
1.82848e+00 3.42e-04
1.82862e+00 3.56e-04
1.82877e+00 3.74e-04
1.82891e+00 3.99e-04
1.82907e+00 4.34e-04
1.82922e+00 4.83e-04
1.82936e+00 5.56e-04
1.82950e+00 6.63e-04
1.82965e+00 8.09e-04
1.82981e+00 9.66e-04
1.82995e+00 1.04e-03
1.83010e+00 9.58e-04
1.83024e+00 8.02e-04
1.83039e+00 6.60e-04
1.83055e+00 5.58e-04
1.83069e+00 4.89e-04
1.83084e+00 4.43e-04
1.83098e+00 4.11e-04
1.83112e+00 3.89e-04
1.83128e+00 3.73e-04
1.83143e+00 3.62e-04
1.83157e+00 3.53e-04
1.83172e+00 3.47e-04
1.83188e+00 3.42e-04
1.83202e+00 3.38e-04
1.83217e+00 3.35e-04
1.83231e+00 3.33e-04
1.83247e+00 3.32e-04
1.83261e+00 3.31e-04
1.83276e+00 3.30e-04
1.83290e+00 3.30e-04
1.83306e+00 3.29e-04
1.83335e+00 3.30e-04
1.83365e+00 3.30e-04
1.83394e+00 3.31e-04
1.83424e+00 3.33e-04
1.83453e+00 3.35e-04
1.83483e+00 3.36e-04
1.83514e+00 3.38e-04
1.83543e+00 3.40e-04
1.83573e+00 3.43e-04
1.83602e+00 3.45e-04
1.83632e+00 3.48e-04
1.83662e+00 3.51e-04
1.83691e+00 3.53e-04
1.83721e+00 3.56e-04
1.83751e+00 3.59e-04
1.83782e+00 3.62e-04
1.83810e+00 3.65e-04
1.83840e+00 3.68e-04
1.83871e+00 3.71e-04
1.83901e+00 3.74e-04
1.83929e+00 3.78e-04
1.83960e+00 3.81e-04
1.83990e+00 3.84e-04
1.84020e+00 3.88e-04
1.84050e+00 3.91e-04
1.84080e+00 3.95e-04
1.84109e+00 3.99e-04
1.84139e+00 4.03e-04
1.84169e+00 4.06e-04
1.84199e+00 4.10e-04
1.84229e+00 4.14e-04
1.84260e+00 4.18e-04
1.84290e+00 4.23e-04
1.84320e+00 4.27e-04
1.84350e+00 4.31e-04
1.84380e+00 4.36e-04
1.84410e+00 4.40e-04
1.84440e+00 4.45e-04
1.84470e+00 4.49e-04
1.84500e+00 4.54e-04
1.84530e+00 4.59e-04
1.84560e+00 4.64e-04
1.84590e+00 4.69e-04
1.84620e+00 4.74e-04
1.84650e+00 4.79e-04
1.84680e+00 4.85e-04
1.84712e+00 4.90e-04
1.84741e+00 4.96e-04
1.84771e+00 5.01e-04
1.84801e+00 5.07e-04
1.84831e+00 5.13e-04
1.84861e+00 5.19e-04
1.84893e+00 5.25e-04
1.84923e+00 5.31e-04
1.84953e+00 5.38e-04
1.84982e+00 5.44e-04
1.85014e+00 5.51e-04
1.85044e+00 5.57e-04
1.85074e+00 5.64e-04
1.85105e+00 5.71e-04
1.85135e+00 5.79e-04
1.85165e+00 5.86e-04
1.85196e+00 5.93e-04
1.85226e+00 6.01e-04
1.85256e+00 6.09e-04
1.85287e+00 6.17e-04
1.85317e+00 6.25e-04
1.85348e+00 6.34e-04
1.85378e+00 6.42e-04
1.85408e+00 6.51e-04
1.85439e+00 6.60e-04
1.85469e+00 6.70e-04
1.85500e+00 6.79e-04
1.85530e+00 6.89e-04
1.85561e+00 6.99e-04
1.85592e+00 7.09e-04
1.85622e+00 7.20e-04
1.85653e+00 7.31e-04
1.85683e+00 7.42e-04
1.85714e+00 7.53e-04
1.85744e+00 7.65e-04
1.85775e+00 7.78e-04
1.85806e+00 7.90e-04
1.85836e+00 8.03e-04
1.85867e+00 8.17e-04
1.85898e+00 8.31e-04
1.85928e+00 8.45e-04
1.85959e+00 8.60e-04
1.85990e+00 8.75e-04
1.86021e+00 8.91e-04
1.86051e+00 9.08e-04
1.86082e+00 9.25e-04
1.86113e+00 9.43e-04
1.86144e+00 9.61e-04
1.86175e+00 9.80e-04
1.86205e+00 1.00e-03
1.86236e+00 1.02e-03
1.86267e+00 1.04e-03
1.86298e+00 1.07e-03
1.86329e+00 1.09e-03
1.86360e+00 1.12e-03
1.86391e+00 1.14e-03
1.86422e+00 1.17e-03
1.86453e+00 1.20e-03
1.86484e+00 1.23e-03
1.86515e+00 1.27e-03
1.86546e+00 1.30e-03
1.86561e+00 1.32e-03
1.86577e+00 1.34e-03
1.86592e+00 1.36e-03
1.86608e+00 1.38e-03
1.86623e+00 1.40e-03
1.86639e+00 1.43e-03
1.86654e+00 1.45e-03
1.86670e+00 1.48e-03
1.86685e+00 1.50e-03
1.86701e+00 1.53e-03
1.86716e+00 1.56e-03
1.86732e+00 1.59e-03
1.86747e+00 1.62e-03
1.86762e+00 1.66e-03
1.86778e+00 1.69e-03
1.86793e+00 1.73e-03
1.86809e+00 1.77e-03
1.86824e+00 1.82e-03
1.86841e+00 1.87e-03
1.86857e+00 1.92e-03
1.86872e+00 1.98e-03
1.86887e+00 2.04e-03
1.86903e+00 2.10e-03
1.86918e+00 2.18e-03
1.86934e+00 2.26e-03
1.86949e+00 2.35e-03
1.86965e+00 2.46e-03
1.86980e+00 2.57e-03
1.86997e+00 2.71e-03
1.87012e+00 2.86e-03
1.87028e+00 3.04e-03
1.87043e+00 3.26e-03
1.87059e+00 3.52e-03
1.87074e+00 3.84e-03
1.87089e+00 4.24e-03
1.87106e+00 4.74e-03
1.87122e+00 5.40e-03
1.87137e+00 6.29e-03
1.87153e+00 7.51e-03
1.87168e+00 9.27e-03
1.87183e+00 1.19e-02
1.87199e+00 1.58e-02
1.87216e+00 2.17e-02
1.87231e+00 2.97e-02
1.87246e+00 3.66e-02
1.87262e+00 3.64e-02
1.87277e+00 2.94e-02
1.87294e+00 2.18e-02
1.87309e+00 1.63e-02
1.87325e+00 1.28e-02
1.87340e+00 1.06e-02
1.87355e+00 9.24e-03
1.87372e+00 8.46e-03
1.87388e+00 8.09e-03
1.87403e+00 8.04e-03
1.87418e+00 8.29e-03
1.87435e+00 8.86e-03
1.87451e+00 9.82e-03
1.87466e+00 1.13e-02
1.87481e+00 1.37e-02
1.87498e+00 1.74e-02
1.87514e+00 2.35e-02
1.87529e+00 3.38e-02
1.87544e+00 5.11e-02
1.87561e+00 7.35e-02
1.87576e+00 8.13e-02
1.87592e+00 6.34e-02
1.87607e+00 4.27e-02
1.87624e+00 2.93e-02
1.87639e+00 2.18e-02
1.87654e+00 1.76e-02
1.87671e+00 1.54e-02
1.87687e+00 1.46e-02
1.87702e+00 1.50e-02
1.87717e+00 1.69e-02
1.87734e+00 2.07e-02
1.87749e+00 2.78e-02
1.87765e+00 3.99e-02
1.87781e+00 5.48e-02
1.87797e+00 5.77e-02
1.87812e+00 4.41e-02
1.87829e+00 2.98e-02
1.87844e+00 2.07e-02
1.87859e+00 1.53e-02
1.87876e+00 1.20e-02
1.87892e+00 9.96e-03
1.87907e+00 8.58e-03
1.87924e+00 7.63e-03
1.87939e+00 6.95e-03
1.87956e+00 6.45e-03
1.87971e+00 6.08e-03
1.87986e+00 5.81e-03
1.88003e+00 5.60e-03
1.88018e+00 5.44e-03
1.88033e+00 5.32e-03
1.88050e+00 5.23e-03
1.88066e+00 5.17e-03
1.88082e+00 5.12e-03
1.88098e+00 5.09e-03
1.88113e+00 5.07e-03
1.88130e+00 5.06e-03
1.88145e+00 5.06e-03
1.88162e+00 5.07e-03
1.88177e+00 5.08e-03
1.88194e+00 5.10e-03
1.88209e+00 5.13e-03
1.88224e+00 5.17e-03
1.88241e+00 5.21e-03
1.88256e+00 5.26e-03
1.88273e+00 5.31e-03
1.88288e+00 5.38e-03
1.88305e+00 5.45e-03
1.88320e+00 5.53e-03
1.88337e+00 5.62e-03
1.88352e+00 5.71e-03
1.88369e+00 5.82e-03
1.88384e+00 5.93e-03
1.88400e+00 6.04e-03
1.88416e+00 6.17e-03
1.88432e+00 6.30e-03
1.88448e+00 6.44e-03
1.88464e+00 6.59e-03
1.88479e+00 6.75e-03
1.88496e+00 6.92e-03
1.88511e+00 7.10e-03
1.88528e+00 7.30e-03
1.88543e+00 7.51e-03
1.88560e+00 7.73e-03
1.88575e+00 7.99e-03
1.88592e+00 8.27e-03
1.88607e+00 8.58e-03
1.88624e+00 8.95e-03
1.88639e+00 9.39e-03
1.88655e+00 9.94e-03
1.88672e+00 1.07e-02
1.88687e+00 1.16e-02
1.88704e+00 1.30e-02
1.88719e+00 1.46e-02
1.88736e+00 1.56e-02
1.88751e+00 1.51e-02
1.88768e+00 1.41e-02
1.88784e+00 1.35e-02
1.88799e+00 1.33e-02
1.88816e+00 1.33e-02
1.88831e+00 1.35e-02
1.88848e+00 1.38e-02
1.88864e+00 1.42e-02
1.88880e+00 1.47e-02
1.88896e+00 1.54e-02
1.88913e+00 1.64e-02
1.88928e+00 1.80e-02
1.88945e+00 2.02e-02
1.88961e+00 2.30e-02
1.88976e+00 2.40e-02
1.88993e+00 2.28e-02
1.89008e+00 2.16e-02
1.89025e+00 2.12e-02
1.89041e+00 2.15e-02
1.89056e+00 2.21e-02
1.89073e+00 2.30e-02
1.89090e+00 2.42e-02
1.89106e+00 2.55e-02
1.89121e+00 2.71e-02
1.89138e+00 2.89e-02
1.89154e+00 3.09e-02
1.89170e+00 3.31e-02
1.89186e+00 3.56e-02
1.89203e+00 3.84e-02
1.89218e+00 4.16e-02
1.89234e+00 4.50e-02
1.89251e+00 4.90e-02
1.89268e+00 5.35e-02
1.89283e+00 5.88e-02
1.89299e+00 6.51e-02
1.89316e+00 7.31e-02
1.89332e+00 8.33e-02
1.89347e+00 9.71e-02
1.89364e+00 1.18e-01
1.89380e+00 1.48e-01
1.89397e+00 1.95e-01
1.89412e+00 2.78e-01
1.89429e+00 4.45e-01
1.89445e+00 8.61e-01
1.89462e+00 2.33e+00
1.89478e+00 6.13e+00
1.89493e+00 5.42e+00
1.89510e+00 1.85e+00
1.89526e+00 7.43e-01
1.89543e+00 4.06e-01
1.89559e+00 2.64e-01
1.89574e+00 1.91e-01
1.89591e+00 1.49e-01
1.89607e+00 1.22e-01
1.89624e+00 1.03e-01
1.89640e+00 9.06e-02
1.89657e+00 8.12e-02
1.89672e+00 7.38e-02
1.89688e+00 6.78e-02
1.89705e+00 6.29e-02
1.89721e+00 5.87e-02
1.89738e+00 5.50e-02
1.89754e+00 5.18e-02
1.89771e+00 4.88e-02
1.89787e+00 4.62e-02
1.89802e+00 4.37e-02
1.89819e+00 4.14e-02
1.89835e+00 3.93e-02
1.89852e+00 3.72e-02
1.89868e+00 3.53e-02
1.89885e+00 3.35e-02
1.89901e+00 3.18e-02
1.89918e+00 3.02e-02
1.89934e+00 2.87e-02
1.89951e+00 2.73e-02
1.89967e+00 2.60e-02
1.89982e+00 2.48e-02
1.89999e+00 2.37e-02
1.90015e+00 2.27e-02
1.90031e+00 2.17e-02
1.90048e+00 2.08e-02
1.90064e+00 2.00e-02
1.90081e+00 1.92e-02
1.90097e+00 1.84e-02
1.90114e+00 1.77e-02
1.90130e+00 1.70e-02
1.90147e+00 1.64e-02
1.90163e+00 1.58e-02
1.90179e+00 1.53e-02
1.90196e+00 1.47e-02
1.90212e+00 1.42e-02
1.90229e+00 1.37e-02
1.90245e+00 1.33e-02
1.90261e+00 1.28e-02
1.90278e+00 1.24e-02
1.90294e+00 1.20e-02
1.90311e+00 1.17e-02
1.90327e+00 1.13e-02
1.90344e+00 1.09e-02
1.90360e+00 1.06e-02
1.90378e+00 1.03e-02
1.90394e+00 1.00e-02
1.90411e+00 9.71e-03
1.90427e+00 9.43e-03
1.90443e+00 9.16e-03
1.90460e+00 8.91e-03
1.90476e+00 8.67e-03
1.90492e+00 8.43e-03
1.90509e+00 8.20e-03
1.90525e+00 7.99e-03
1.90542e+00 7.78e-03
1.90558e+00 7.58e-03
1.90576e+00 7.38e-03
1.90592e+00 7.20e-03
1.90608e+00 7.02e-03
1.90625e+00 6.85e-03
1.90641e+00 6.68e-03
1.90658e+00 6.52e-03
1.90674e+00 6.37e-03
1.90692e+00 6.22e-03
1.90708e+00 6.07e-03
1.90724e+00 5.93e-03
1.90741e+00 5.80e-03
1.90757e+00 5.67e-03
1.90773e+00 5.54e-03
1.90791e+00 5.42e-03
1.90807e+00 5.30e-03
1.90824e+00 5.19e-03
1.90840e+00 5.08e-03
1.90856e+00 4.97e-03
1.90874e+00 4.87e-03
1.90891e+00 4.77e-03
1.90907e+00 4.67e-03
1.90923e+00 4.57e-03
1.90939e+00 4.48e-03
1.90957e+00 4.39e-03
1.90974e+00 4.31e-03
1.90990e+00 4.22e-03
1.91006e+00 4.14e-03
1.91024e+00 4.06e-03
1.91040e+00 3.99e-03
1.91056e+00 3.91e-03
1.91074e+00 3.84e-03
1.91090e+00 3.77e-03
1.91107e+00 3.70e-03
1.91141e+00 3.57e-03
1.91173e+00 3.44e-03
1.91207e+00 3.32e-03
1.91241e+00 3.21e-03
1.91274e+00 3.10e-03
1.91308e+00 3.00e-03
1.91342e+00 2.91e-03
1.91374e+00 2.81e-03
1.91408e+00 2.73e-03
1.91442e+00 2.64e-03
1.91476e+00 2.56e-03
1.91508e+00 2.49e-03
1.91542e+00 2.41e-03
1.91576e+00 2.34e-03
1.91610e+00 2.28e-03
1.91644e+00 2.21e-03
1.91678e+00 2.15e-03
1.91711e+00 2.09e-03
1.91745e+00 2.04e-03
1.91779e+00 1.98e-03
1.91813e+00 1.93e-03
1.91847e+00 1.88e-03
1.91880e+00 1.83e-03
1.91914e+00 1.79e-03
1.91948e+00 1.74e-03
1.91982e+00 1.70e-03
1.92015e+00 1.66e-03
1.92050e+00 1.62e-03
1.92084e+00 1.58e-03
1.92118e+00 1.54e-03
1.92151e+00 1.51e-03
1.92185e+00 1.48e-03
1.92220e+00 1.44e-03
1.92254e+00 1.41e-03
1.92288e+00 1.38e-03
1.92323e+00 1.35e-03
1.92356e+00 1.32e-03
1.92390e+00 1.29e-03
1.92425e+00 1.27e-03
1.92458e+00 1.24e-03
1.92493e+00 1.22e-03
1.92527e+00 1.19e-03
1.92562e+00 1.17e-03
1.92596e+00 1.15e-03
1.92630e+00 1.12e-03
1.92664e+00 1.10e-03
1.92699e+00 1.08e-03
1.92734e+00 1.06e-03
1.92767e+00 1.04e-03
1.92802e+00 1.02e-03
1.92837e+00 1.00e-03
1.92871e+00 9.87e-04
1.92905e+00 9.70e-04
1.92940e+00 9.53e-04
1.92975e+00 9.37e-04
1.93009e+00 9.21e-04
1.93043e+00 9.06e-04
1.93078e+00 8.91e-04
1.93113e+00 8.76e-04
1.93148e+00 8.62e-04
1.93183e+00 8.49e-04
1.93217e+00 8.35e-04
1.93235e+00 8.33e-04
1.93269e+00 8.20e-04
1.93304e+00 8.07e-04
1.93339e+00 7.95e-04
1.93374e+00 7.84e-04
1.93408e+00 7.72e-04
1.93443e+00 7.61e-04
1.93478e+00 7.50e-04
1.93514e+00 7.40e-04
1.93548e+00 7.29e-04
1.93583e+00 7.19e-04
1.93618e+00 7.10e-04
1.93652e+00 7.00e-04
1.93688e+00 6.91e-04
1.93723e+00 6.82e-04
1.93758e+00 6.73e-04
1.93794e+00 6.65e-04
1.93828e+00 6.56e-04
1.93864e+00 6.48e-04
1.93899e+00 6.40e-04
1.93935e+00 6.32e-04
1.93969e+00 6.25e-04
1.94005e+00 6.18e-04
1.94039e+00 6.10e-04
1.94075e+00 6.03e-04
1.94093e+00 6.00e-04
1.94110e+00 5.96e-04
1.94129e+00 5.94e-04
1.94163e+00 5.88e-04
1.94199e+00 5.81e-04
1.94216e+00 5.79e-04
1.94252e+00 5.73e-04
1.94288e+00 5.67e-04
1.94322e+00 5.61e-04
1.94358e+00 5.56e-04
1.94394e+00 5.50e-04
1.94429e+00 5.45e-04
1.94465e+00 5.39e-04
1.94501e+00 5.34e-04
1.94537e+00 5.29e-04
1.94571e+00 5.24e-04
1.94607e+00 5.20e-04
1.94642e+00 5.15e-04
1.94678e+00 5.10e-04
1.94715e+00 5.06e-04
1.94751e+00 5.02e-04
1.94787e+00 4.97e-04
1.94822e+00 4.93e-04
1.94858e+00 4.89e-04
1.94893e+00 4.85e-04
1.94929e+00 4.82e-04
1.94966e+00 4.78e-04
1.95002e+00 4.74e-04
1.95037e+00 4.71e-04
1.95074e+00 4.67e-04
1.95110e+00 4.64e-04
1.95145e+00 4.61e-04
1.95182e+00 4.58e-04
1.95218e+00 4.55e-04
1.95255e+00 4.52e-04
1.95290e+00 4.49e-04
1.95327e+00 4.46e-04
1.95362e+00 4.43e-04
1.95399e+00 4.41e-04
1.95435e+00 4.38e-04
1.95471e+00 4.36e-04
1.95490e+00 4.34e-04
1.95508e+00 4.34e-04
1.95544e+00 4.31e-04
1.95580e+00 4.29e-04
1.95617e+00 4.27e-04
1.95654e+00 4.25e-04
1.95689e+00 4.23e-04
1.95726e+00 4.21e-04
1.95763e+00 4.19e-04
1.95799e+00 4.17e-04
1.95836e+00 4.15e-04
1.95873e+00 4.14e-04
1.95909e+00 4.12e-04
1.95946e+00 4.10e-04
1.95983e+00 4.09e-04
1.96019e+00 4.07e-04
1.96056e+00 4.06e-04
1.96093e+00 4.04e-04
1.96129e+00 4.03e-04
1.96167e+00 4.02e-04
1.96204e+00 4.01e-04
1.96240e+00 4.00e-04
1.96277e+00 3.99e-04
1.96315e+00 3.98e-04
1.96351e+00 3.97e-04
1.96388e+00 3.97e-04
1.96426e+00 3.96e-04
1.96462e+00 3.95e-04
1.96500e+00 3.95e-04
1.96630e+00 3.94e-04
1.96742e+00 3.95e-04
1.96778e+00 3.95e-04
1.96816e+00 3.96e-04
1.96854e+00 3.96e-04
1.96891e+00 3.97e-04
1.96928e+00 3.98e-04
1.96965e+00 3.99e-04
1.97003e+00 4.00e-04
1.97041e+00 4.01e-04
1.97078e+00 4.01e-04
1.97116e+00 4.02e-04
1.97154e+00 4.03e-04
1.97173e+00 4.03e-04
1.97361e+00 4.03e-04
1.97400e+00 4.04e-04
1.97437e+00 4.04e-04
1.97475e+00 4.05e-04
1.97514e+00 4.06e-04
1.97551e+00 4.08e-04
1.97588e+00 4.09e-04
1.97627e+00 4.10e-04
1.97665e+00 4.11e-04
1.97703e+00 4.12e-04
1.97741e+00 4.14e-04
1.97780e+00 4.15e-04
1.97817e+00 4.16e-04
1.97856e+00 4.18e-04
1.97894e+00 4.19e-04
1.97932e+00 4.21e-04
1.97970e+00 4.24e-04
1.98009e+00 4.26e-04
1.98048e+00 4.29e-04
1.98086e+00 4.32e-04
1.98125e+00 4.35e-04
1.98162e+00 4.39e-04
1.98201e+00 4.43e-04
1.98239e+00 4.47e-04
1.98278e+00 4.51e-04
1.98318e+00 4.55e-04
1.98356e+00 4.59e-04
1.98395e+00 4.63e-04
1.98433e+00 4.67e-04
1.98472e+00 4.71e-04
1.98510e+00 4.75e-04
1.98550e+00 4.80e-04
1.98589e+00 4.85e-04
1.98627e+00 4.90e-04
1.98667e+00 4.96e-04
1.98705e+00 5.01e-04
1.98745e+00 5.08e-04
1.98783e+00 5.15e-04
1.98823e+00 5.22e-04
1.98861e+00 5.30e-04
1.98901e+00 5.39e-04
1.98939e+00 5.49e-04
1.98979e+00 5.60e-04
1.99000e+00 5.66e-04
1.99019e+00 5.72e-04
1.99038e+00 5.78e-04
1.99058e+00 5.85e-04
1.99077e+00 5.92e-04
1.99097e+00 5.99e-04
1.99117e+00 6.07e-04
1.99136e+00 6.16e-04
1.99157e+00 6.25e-04
1.99176e+00 6.34e-04
1.99196e+00 6.44e-04
1.99215e+00 6.55e-04
1.99236e+00 6.67e-04
1.99255e+00 6.79e-04
1.99274e+00 6.93e-04
1.99294e+00 7.08e-04
1.99313e+00 7.24e-04
1.99334e+00 7.41e-04
1.99354e+00 7.60e-04
1.99373e+00 7.81e-04
1.99394e+00 8.04e-04
1.99413e+00 8.30e-04
1.99433e+00 8.59e-04
1.99452e+00 8.92e-04
1.99473e+00 9.28e-04
1.99492e+00 9.70e-04
1.99512e+00 1.02e-03
1.99533e+00 1.07e-03
1.99552e+00 1.13e-03
1.99572e+00 1.20e-03
1.99592e+00 1.28e-03
1.99611e+00 1.37e-03
1.99632e+00 1.47e-03
1.99671e+00 1.68e-03
1.99692e+00 1.77e-03
1.99712e+00 1.85e-03
1.99731e+00 1.90e-03
1.99751e+00 1.92e-03
1.99772e+00 1.93e-03
1.99811e+00 1.92e-03
1.99831e+00 1.91e-03
1.99852e+00 1.93e-03
1.99872e+00 1.97e-03
1.99891e+00 2.03e-03
1.99911e+00 2.12e-03
1.99932e+00 2.23e-03
1.99952e+00 2.38e-03
1.99972e+00 2.55e-03
1.99992e+00 2.73e-03
2.00011e+00 2.92e-03
2.00032e+00 3.10e-03
2.00052e+00 3.23e-03
2.00072e+00 3.31e-03
2.00093e+00 3.31e-03
2.00113e+00 3.24e-03
2.00133e+00 3.12e-03
2.00153e+00 2.98e-03
2.00174e+00 2.84e-03
2.00194e+00 2.71e-03
2.00214e+00 2.60e-03
2.00234e+00 2.51e-03
2.00253e+00 2.44e-03
2.00274e+00 2.38e-03
2.00314e+00 2.26e-03
2.00334e+00 2.20e-03
2.00356e+00 2.15e-03
2.00376e+00 2.10e-03
2.00396e+00 2.08e-03
2.00417e+00 2.07e-03
2.00437e+00 2.08e-03
2.00457e+00 2.12e-03
2.00477e+00 2.18e-03
2.00497e+00 2.26e-03
2.00518e+00 2.37e-03
2.00538e+00 2.49e-03
2.00558e+00 2.62e-03
2.00580e+00 2.74e-03
2.00600e+00 2.85e-03
2.00620e+00 2.94e-03
2.00640e+00 2.99e-03
2.00660e+00 3.02e-03
2.00680e+00 3.02e-03
2.00702e+00 3.00e-03
2.00722e+00 2.97e-03
2.00742e+00 2.90e-03
2.00762e+00 2.82e-03
2.00784e+00 2.71e-03
2.00804e+00 2.58e-03
2.00824e+00 2.45e-03
2.00844e+00 2.33e-03
2.00866e+00 2.21e-03
2.00886e+00 2.11e-03
2.00906e+00 2.02e-03
2.00927e+00 1.94e-03
2.00947e+00 1.88e-03
2.00968e+00 1.82e-03
2.00989e+00 1.76e-03
2.01009e+00 1.72e-03
2.01029e+00 1.67e-03
2.01051e+00 1.64e-03
2.01071e+00 1.61e-03
2.01092e+00 1.59e-03
2.01112e+00 1.57e-03
2.01134e+00 1.56e-03
2.01154e+00 1.56e-03
2.01174e+00 1.55e-03
2.01195e+00 1.55e-03
2.01215e+00 1.56e-03
2.01237e+00 1.57e-03
2.01257e+00 1.58e-03
2.01278e+00 1.60e-03
2.01298e+00 1.61e-03
2.01319e+00 1.64e-03
2.01341e+00 1.66e-03
2.01361e+00 1.69e-03
2.01382e+00 1.72e-03
2.01402e+00 1.75e-03
2.01424e+00 1.79e-03
2.01444e+00 1.84e-03
2.01465e+00 1.89e-03
2.01486e+00 1.94e-03
2.01506e+00 2.01e-03
2.01528e+00 2.08e-03
2.01549e+00 2.16e-03
2.01569e+00 2.24e-03
2.01612e+00 2.42e-03
2.01632e+00 2.51e-03
2.01674e+00 2.67e-03
2.01695e+00 2.76e-03
2.01715e+00 2.85e-03
2.01737e+00 2.95e-03
2.01779e+00 3.16e-03
2.01820e+00 3.37e-03
2.01842e+00 3.48e-03
2.01863e+00 3.60e-03
2.01884e+00 3.75e-03
2.01905e+00 3.93e-03
2.01927e+00 4.16e-03
2.01947e+00 4.42e-03
2.01968e+00 4.74e-03
2.01989e+00 5.10e-03
2.02010e+00 5.49e-03
2.02032e+00 5.88e-03
2.02053e+00 6.27e-03
2.02074e+00 6.65e-03
2.02095e+00 7.06e-03
2.02116e+00 7.54e-03
2.02138e+00 8.14e-03
2.02159e+00 8.84e-03
2.02180e+00 9.64e-03
2.02201e+00 1.05e-02
2.02222e+00 1.14e-02
2.02243e+00 1.23e-02
2.02265e+00 1.33e-02
2.02286e+00 1.46e-02
2.02307e+00 1.63e-02
2.02328e+00 1.88e-02
2.02351e+00 2.24e-02
2.02372e+00 2.78e-02
2.02393e+00 3.52e-02
2.02414e+00 4.14e-02
2.02435e+00 4.50e-02
2.02456e+00 4.99e-02
2.02479e+00 5.36e-02
2.02500e+00 5.93e-02
2.02521e+00 6.11e-01
2.02542e+00 1.65e+00
2.02563e+00 7.60e-02
2.02586e+00 5.08e-02
2.02607e+00 5.19e-02
2.02628e+00 4.58e-02
2.02650e+00 4.15e-02
2.02671e+00 3.70e-02
2.02692e+00 2.96e-02
2.02713e+00 2.28e-02
2.02736e+00 1.84e-02
2.02757e+00 1.55e-02
2.02779e+00 1.34e-02
2.02800e+00 1.19e-02
2.02821e+00 1.08e-02
2.02844e+00 9.92e-03
2.02865e+00 9.29e-03
2.02887e+00 8.81e-03
2.02908e+00 8.44e-03
2.02929e+00 8.13e-03
2.02952e+00 7.84e-03
2.02973e+00 7.57e-03
2.02995e+00 7.31e-03
2.03016e+00 7.10e-03
2.03038e+00 6.94e-03
2.03059e+00 6.85e-03
2.03082e+00 6.81e-03
2.03104e+00 6.83e-03
2.03125e+00 6.90e-03
2.03147e+00 7.00e-03
2.03190e+00 7.24e-03
2.03213e+00 7.35e-03
2.03234e+00 7.43e-03
2.03256e+00 7.51e-03
2.03278e+00 7.57e-03
2.03299e+00 7.61e-03
2.03321e+00 7.63e-03
2.03344e+00 7.62e-03
2.03387e+00 7.60e-03
2.03409e+00 7.59e-03
2.03431e+00 7.62e-03
2.03452e+00 7.70e-03
2.03474e+00 7.80e-03
2.03519e+00 8.03e-03
2.03541e+00 8.13e-03
2.03562e+00 8.21e-03
2.03584e+00 8.27e-03
2.03606e+00 8.32e-03
2.03629e+00 8.38e-03
2.03651e+00 8.46e-03
2.03673e+00 8.58e-03
2.03695e+00 8.74e-03
2.03717e+00 8.97e-03
2.03739e+00 9.25e-03
2.03762e+00 9.61e-03
2.03784e+00 1.00e-02
2.03806e+00 1.05e-02
2.03828e+00 1.11e-02
2.03850e+00 1.18e-02
2.03872e+00 1.26e-02
2.03895e+00 1.35e-02
2.03917e+00 1.46e-02
2.03939e+00 1.58e-02
2.03961e+00 1.72e-02
2.03983e+00 1.89e-02
2.04005e+00 2.09e-02
2.04027e+00 2.34e-02
2.04049e+00 2.65e-02
2.04071e+00 3.03e-02
2.04095e+00 3.52e-02
2.04117e+00 4.15e-02
2.04139e+00 4.98e-02
2.04161e+00 6.08e-02
2.04183e+00 7.57e-02
2.04206e+00 9.59e-02
2.04228e+00 1.23e-01
2.04251e+00 1.56e-01
2.04274e+00 1.89e-01
2.04296e+00 2.11e-01
2.04318e+00 2.10e-01
2.04340e+00 1.85e-01
2.04363e+00 1.51e-01
2.04385e+00 1.19e-01
2.04409e+00 9.25e-02
2.04431e+00 7.31e-02
2.04453e+00 5.87e-02
2.04476e+00 4.80e-02
2.04498e+00 3.99e-02
2.04521e+00 3.38e-02
2.04543e+00 2.89e-02
2.04566e+00 2.51e-02
2.04588e+00 2.21e-02
2.04612e+00 1.96e-02
2.04634e+00 1.75e-02
2.04657e+00 1.58e-02
2.04679e+00 1.44e-02
2.04702e+00 1.31e-02
2.04724e+00 1.21e-02
2.04747e+00 1.11e-02
2.04771e+00 1.03e-02
2.04793e+00 9.61e-03
2.04816e+00 8.99e-03
2.04838e+00 8.43e-03
2.04861e+00 7.93e-03
2.04884e+00 7.49e-03
2.04907e+00 7.08e-03
2.04929e+00 6.72e-03
2.04952e+00 6.40e-03
2.04976e+00 6.10e-03
2.04997e+00 5.83e-03
2.05021e+00 5.58e-03
2.05044e+00 5.36e-03
2.05067e+00 5.16e-03
2.05090e+00 4.97e-03
2.05113e+00 4.79e-03
2.05135e+00 4.63e-03
2.05158e+00 4.47e-03
2.05181e+00 4.33e-03
2.05204e+00 4.19e-03
2.05228e+00 4.06e-03
2.05251e+00 3.94e-03
2.05274e+00 3.83e-03
2.05297e+00 3.72e-03
2.05320e+00 3.62e-03
2.05343e+00 3.52e-03
2.05366e+00 3.44e-03
2.05389e+00 3.35e-03
2.05412e+00 3.28e-03
2.05435e+00 3.21e-03
2.05459e+00 3.14e-03
2.05482e+00 3.08e-03
2.05505e+00 3.02e-03
2.05528e+00 2.97e-03
2.05551e+00 2.92e-03
2.05575e+00 2.87e-03
2.05598e+00 2.82e-03
2.05621e+00 2.78e-03
2.05644e+00 2.74e-03
2.05667e+00 2.70e-03
2.05691e+00 2.67e-03
2.05714e+00 2.63e-03
2.05737e+00 2.60e-03
2.05760e+00 2.57e-03
2.05785e+00 2.54e-03
2.05808e+00 2.52e-03
2.05831e+00 2.49e-03
2.05855e+00 2.46e-03
2.05878e+00 2.44e-03
2.05902e+00 2.42e-03
2.05948e+00 2.38e-03
2.05995e+00 2.34e-03
2.06042e+00 2.31e-03
2.06090e+00 2.28e-03
2.06137e+00 2.26e-03
2.06184e+00 2.24e-03
2.06232e+00 2.23e-03
2.06255e+00 2.22e-03
2.06279e+00 2.22e-03
2.06326e+00 2.21e-03
2.06374e+00 2.20e-03
2.06399e+00 2.20e-03
2.06445e+00 2.20e-03
2.06494e+00 2.20e-03
2.06541e+00 2.21e-03
2.06589e+00 2.22e-03
2.06637e+00 2.23e-03
2.06685e+00 2.25e-03
2.06733e+00 2.27e-03
2.06781e+00 2.30e-03
2.06829e+00 2.33e-03
2.06877e+00 2.36e-03
2.06925e+00 2.40e-03
2.06974e+00 2.45e-03
2.06998e+00 2.47e-03
2.07046e+00 2.52e-03
2.07070e+00 2.55e-03
2.07096e+00 2.58e-03
2.07143e+00 2.65e-03
2.07169e+00 2.69e-03
2.07217e+00 2.76e-03
2.07266e+00 2.84e-03
2.07315e+00 2.92e-03
2.07364e+00 3.00e-03
2.07413e+00 3.08e-03
2.07462e+00 3.16e-03
2.07511e+00 3.23e-03
2.07560e+00 3.29e-03
2.07609e+00 3.35e-03
2.07659e+00 3.41e-03
2.07708e+00 3.46e-03
2.07758e+00 3.53e-03
2.07783e+00 3.56e-03
2.07807e+00 3.59e-03
2.07832e+00 3.63e-03
2.07857e+00 3.67e-03
2.07882e+00 3.72e-03
2.07907e+00 3.76e-03
2.07932e+00 3.81e-03
2.07957e+00 3.87e-03
2.07982e+00 3.93e-03
2.08007e+00 4.00e-03
2.08032e+00 4.07e-03
2.08057e+00 4.15e-03
2.08082e+00 4.24e-03
2.08107e+00 4.33e-03
2.08131e+00 4.43e-03
2.08156e+00 4.53e-03
2.08181e+00 4.65e-03
2.08206e+00 4.77e-03
2.08231e+00 4.91e-03
2.08256e+00 5.05e-03
2.08282e+00 5.21e-03
2.08307e+00 5.37e-03
2.08332e+00 5.55e-03
2.08357e+00 5.75e-03
2.08383e+00 5.96e-03
2.08408e+00 6.18e-03
2.08433e+00 6.42e-03
2.08459e+00 6.69e-03
2.08484e+00 6.97e-03
2.08509e+00 7.29e-03
2.08535e+00 7.63e-03
2.08560e+00 8.00e-03
2.08586e+00 8.41e-03
2.08611e+00 8.86e-03
2.08636e+00 9.36e-03
2.08662e+00 9.92e-03
2.08686e+00 1.05e-02
2.08712e+00 1.12e-02
2.08738e+00 1.20e-02
2.08763e+00 1.28e-02
2.08789e+00 1.37e-02
2.08814e+00 1.47e-02
2.08840e+00 1.57e-02
2.08866e+00 1.68e-02
2.08891e+00 1.79e-02
2.08917e+00 1.90e-02
2.08943e+00 2.00e-02
2.08969e+00 2.09e-02
2.08994e+00 2.15e-02
2.09020e+00 2.19e-02
2.09046e+00 2.19e-02
2.09072e+00 2.16e-02
2.09097e+00 2.10e-02
2.09123e+00 2.03e-02
2.09149e+00 1.93e-02
2.09175e+00 1.82e-02
2.09201e+00 1.72e-02
2.09227e+00 1.61e-02
2.09253e+00 1.51e-02
2.09279e+00 1.41e-02
2.09305e+00 1.32e-02
2.09331e+00 1.24e-02
2.09357e+00 1.17e-02
2.09383e+00 1.10e-02
2.09408e+00 1.04e-02
2.09434e+00 9.93e-03
2.09460e+00 9.47e-03
2.09487e+00 9.07e-03
2.09513e+00 8.72e-03
2.09539e+00 8.40e-03
2.09565e+00 8.12e-03
2.09592e+00 7.88e-03
2.09618e+00 7.66e-03
2.09643e+00 7.47e-03
2.09670e+00 7.30e-03
2.09696e+00 7.16e-03
2.09723e+00 7.03e-03
2.09749e+00 6.92e-03
2.09775e+00 6.82e-03
2.09802e+00 6.74e-03
2.09828e+00 6.66e-03
2.09855e+00 6.60e-03
2.09882e+00 6.55e-03
2.09907e+00 6.51e-03
2.09934e+00 6.48e-03
2.09960e+00 6.45e-03
2.09987e+00 6.43e-03
2.10014e+00 6.42e-03
2.10040e+00 6.41e-03
2.10066e+00 6.41e-03
2.10093e+00 6.41e-03
2.10120e+00 6.42e-03
2.10146e+00 6.43e-03
2.10173e+00 6.45e-03
2.10200e+00 6.47e-03
2.10227e+00 6.49e-03
2.10280e+00 6.55e-03
2.10334e+00 6.61e-03
2.10388e+00 6.69e-03
2.10441e+00 6.78e-03
2.10495e+00 6.88e-03
2.10549e+00 6.98e-03
2.10603e+00 7.09e-03
2.10657e+00 7.21e-03
2.10712e+00 7.32e-03
2.10766e+00 7.45e-03
2.10820e+00 7.57e-03
2.10875e+00 7.69e-03
2.10929e+00 7.80e-03
2.10985e+00 7.91e-03
2.11040e+00 8.02e-03
2.11094e+00 8.10e-03
2.11150e+00 8.18e-03
2.11204e+00 8.24e-03
2.11232e+00 8.26e-03
2.11288e+00 8.30e-03
2.11315e+00 8.32e-03
2.11343e+00 8.33e-03
2.11399e+00 8.34e-03
2.11427e+00 8.35e-03
2.11538e+00 8.34e-03
2.11593e+00 8.34e-03
2.11650e+00 8.33e-03
2.11705e+00 8.31e-03
2.11762e+00 8.30e-03
2.11818e+00 8.29e-03
2.11875e+00 8.27e-03
2.11931e+00 8.26e-03
2.11988e+00 8.25e-03
2.12044e+00 8.23e-03
2.12100e+00 8.22e-03
2.12158e+00 8.20e-03
2.12214e+00 8.19e-03
2.12272e+00 8.17e-03
2.12329e+00 8.15e-03
2.12387e+00 8.14e-03
2.12444e+00 8.12e-03
2.12501e+00 8.10e-03
2.12559e+00 8.08e-03
2.12617e+00 8.07e-03
2.12674e+00 8.05e-03
2.12733e+00 8.03e-03
2.12791e+00 8.01e-03
2.12849e+00 7.99e-03
2.12908e+00 7.97e-03
2.12966e+00 7.95e-03
2.13024e+00 7.94e-03
2.13084e+00 7.92e-03
2.13142e+00 7.90e-03
2.13201e+00 7.88e-03
2.13260e+00 7.87e-03
2.13320e+00 7.85e-03
2.13379e+00 7.83e-03
2.13438e+00 7.81e-03
2.13497e+00 7.79e-03
2.13557e+00 7.77e-03
2.13618e+00 7.76e-03
2.13677e+00 7.74e-03
2.13737e+00 7.72e-03
2.13797e+00 7.71e-03
2.13857e+00 7.69e-03
2.13918e+00 7.68e-03
2.13978e+00 7.66e-03
2.14040e+00 7.65e-03
2.14101e+00 7.63e-03
2.14161e+00 7.62e-03
2.14222e+00 7.61e-03
2.14437e+00 7.58e-03
2.14468e+00 7.58e-03
2.14498e+00 7.59e-03
2.14530e+00 7.60e-03
2.14560e+00 7.62e-03
2.14592e+00 7.65e-03
2.14622e+00 7.67e-03
2.14654e+00 7.66e-03
2.14684e+00 7.63e-03
2.14716e+00 7.60e-03
2.14747e+00 7.56e-03
2.14778e+00 7.54e-03
2.14809e+00 7.52e-03
2.14872e+00 7.49e-03
2.14934e+00 7.47e-03
2.14997e+00 7.47e-03
2.15028e+00 7.46e-03
2.15155e+00 7.47e-03
2.15187e+00 7.47e-03
2.15249e+00 7.46e-03
2.15282e+00 7.46e-03
2.15313e+00 7.46e-03
2.15345e+00 7.46e-03
2.15377e+00 7.48e-03
2.15409e+00 7.50e-03
2.15441e+00 7.53e-03
2.15472e+00 7.59e-03
2.15505e+00 7.67e-03
2.15537e+00 7.78e-03
2.15601e+00 8.08e-03
2.15633e+00 8.13e-03
2.15666e+00 8.05e-03
2.15697e+00 7.93e-03
2.15729e+00 7.83e-03
2.15762e+00 7.75e-03
2.15794e+00 7.68e-03
2.15826e+00 7.62e-03
2.15859e+00 7.58e-03
2.15891e+00 7.52e-03
2.15923e+00 7.45e-03
2.15957e+00 7.40e-03
2.15989e+00 7.35e-03
2.16021e+00 7.32e-03
2.16054e+00 7.30e-03
2.16119e+00 7.26e-03
2.16185e+00 7.23e-03
2.16251e+00 7.21e-03
2.16317e+00 7.19e-03
2.16383e+00 7.17e-03
2.16449e+00 7.16e-03
2.16516e+00 7.14e-03
2.16583e+00 7.13e-03
2.16649e+00 7.12e-03
2.16715e+00 7.11e-03
2.16783e+00 7.09e-03
2.16849e+00 7.08e-03
2.16917e+00 7.07e-03
2.16984e+00 7.06e-03
2.17053e+00 7.05e-03
2.17120e+00 7.04e-03
2.17188e+00 7.03e-03
2.17257e+00 7.02e-03
2.17325e+00 7.01e-03
2.17393e+00 7.00e-03
2.17774e+00 6.97e-03
2.18019e+00 6.96e-03
2.18125e+00 6.96e-03
2.18266e+00 6.97e-03
2.18337e+00 6.98e-03
2.18408e+00 7.00e-03
2.18444e+00 7.01e-03
2.18480e+00 7.03e-03
2.18516e+00 7.05e-03
2.18552e+00 7.07e-03
2.18588e+00 7.10e-03
2.18624e+00 7.14e-03
2.18660e+00 7.18e-03
2.18696e+00 7.23e-03
2.18732e+00 7.29e-03
2.18768e+00 7.37e-03
2.18805e+00 7.46e-03
2.18841e+00 7.57e-03
2.18878e+00 7.70e-03
2.18914e+00 7.85e-03
2.18951e+00 8.02e-03
2.18986e+00 8.24e-03
2.19023e+00 8.50e-03
2.19060e+00 8.83e-03
2.19096e+00 9.24e-03
2.19133e+00 9.75e-03
2.19170e+00 1.04e-02
2.19207e+00 1.12e-02
2.19244e+00 1.21e-02
2.19280e+00 1.33e-02
2.19317e+00 1.46e-02
2.19354e+00 1.60e-02
2.19392e+00 1.69e-02
2.19429e+00 1.65e-02
2.19465e+00 1.44e-02
2.19503e+00 1.22e-02
2.19540e+00 1.18e-02
2.19578e+00 1.36e-02
2.19615e+00 1.59e-02
2.19652e+00 1.67e-02
2.19690e+00 1.61e-02
2.19728e+00 1.46e-02
2.19766e+00 1.32e-02
2.19804e+00 1.20e-02
2.19841e+00 1.10e-02
2.19879e+00 1.02e-02
2.19917e+00 9.50e-03
2.19954e+00 8.98e-03
2.19992e+00 8.57e-03
2.20031e+00 8.24e-03
2.20069e+00 7.99e-03
2.20107e+00 7.78e-03
2.20145e+00 7.62e-03
2.20184e+00 7.47e-03
2.20221e+00 7.34e-03
2.20260e+00 7.22e-03
2.20299e+00 7.12e-03
2.20337e+00 7.03e-03
2.20376e+00 6.96e-03
2.20415e+00 6.89e-03
2.20453e+00 6.84e-03
2.20492e+00 6.79e-03
2.20530e+00 6.75e-03
2.20569e+00 6.71e-03
2.20609e+00 6.68e-03
2.20687e+00 6.63e-03
2.20765e+00 6.59e-03
2.20843e+00 6.55e-03
2.20922e+00 6.52e-03
2.21001e+00 6.49e-03
2.21081e+00 6.47e-03
2.21160e+00 6.45e-03
2.21240e+00 6.43e-03
2.21320e+00 6.41e-03
2.21401e+00 6.39e-03
2.21481e+00 6.37e-03
2.21562e+00 6.35e-03
2.21643e+00 6.34e-03
2.21725e+00 6.32e-03
2.21806e+00 6.31e-03
2.21889e+00 6.29e-03
2.21971e+00 6.28e-03
2.22054e+00 6.27e-03
2.22136e+00 6.26e-03
2.22220e+00 6.24e-03
2.22303e+00 6.23e-03
2.22387e+00 6.22e-03
2.22471e+00 6.21e-03
2.22555e+00 6.20e-03
2.22641e+00 6.19e-03
2.22725e+00 6.18e-03
2.22811e+00 6.17e-03
2.23111e+00 6.14e-03
2.23461e+00 6.13e-03
2.23548e+00 6.12e-03
2.23593e+00 6.12e-03
2.23726e+00 6.12e-03
2.23771e+00 6.12e-03
2.23815e+00 6.12e-03
2.23859e+00 6.14e-03
2.23904e+00 6.16e-03
2.23950e+00 6.18e-03
2.23994e+00 6.22e-03
2.24039e+00 6.25e-03
2.24084e+00 6.29e-03
2.24129e+00 6.34e-03
2.24175e+00 6.40e-03
2.24220e+00 6.49e-03
2.24265e+00 6.59e-03
2.24311e+00 6.69e-03
2.24357e+00 6.79e-03
2.24402e+00 6.89e-03
2.24449e+00 6.97e-03
2.24495e+00 7.05e-03
2.24587e+00 7.17e-03
2.24679e+00 7.26e-03
2.24725e+00 7.33e-03
2.24772e+00 7.46e-03
2.24818e+00 7.62e-03
2.24866e+00 7.65e-03
2.24912e+00 7.52e-03
2.24960e+00 7.36e-03
2.25006e+00 7.25e-03
2.25053e+00 7.19e-03
2.25101e+00 7.14e-03
2.25148e+00 7.08e-03
2.25243e+00 6.93e-03
2.25290e+00 6.84e-03
2.25338e+00 6.73e-03
2.25386e+00 6.62e-03
2.25434e+00 6.50e-03
2.25482e+00 6.38e-03
2.25529e+00 6.29e-03
2.25578e+00 6.22e-03
2.25627e+00 6.16e-03
2.25675e+00 6.11e-03
2.25723e+00 6.07e-03
2.25772e+00 6.03e-03
2.25820e+00 6.00e-03
2.25870e+00 5.97e-03
2.25919e+00 5.96e-03
2.25968e+00 5.94e-03
2.26067e+00 5.93e-03
2.26166e+00 5.92e-03
2.26215e+00 5.92e-03
2.26415e+00 5.92e-03
2.26515e+00 5.92e-03
2.26616e+00 5.93e-03
2.26667e+00 5.94e-03
2.26769e+00 5.96e-03
2.26871e+00 5.99e-03
2.26974e+00 6.02e-03
2.27077e+00 6.04e-03
2.27181e+00 6.05e-03
2.27233e+00 6.05e-03
2.27390e+00 6.05e-03
2.27496e+00 6.04e-03
2.27602e+00 6.02e-03
2.27707e+00 5.99e-03
2.27814e+00 5.98e-03
2.27921e+00 5.97e-03
2.28030e+00 5.96e-03
2.28138e+00 5.95e-03
2.28247e+00 5.94e-03
2.28358e+00 5.94e-03
2.28468e+00 5.93e-03
2.28578e+00 5.92e-03
2.28690e+00 5.90e-03
2.28802e+00 5.89e-03
2.28915e+00 5.87e-03
2.29028e+00 5.86e-03
2.29141e+00 5.84e-03
2.29257e+00 5.83e-03
2.29372e+00 5.81e-03
2.29488e+00 5.79e-03
2.29604e+00 5.78e-03
2.29721e+00 5.76e-03
2.29839e+00 5.75e-03
2.29958e+00 5.73e-03
2.30077e+00 5.71e-03
2.30197e+00 5.69e-03
2.30318e+00 5.68e-03
2.30438e+00 5.66e-03
2.30558e+00 5.64e-03
2.30688e+00 5.62e-03
2.30807e+00 5.61e-03
2.30936e+00 5.59e-03
2.31055e+00 5.57e-03
2.31184e+00 5.55e-03
2.31313e+00 5.53e-03
2.31441e+00 5.52e-03
2.31570e+00 5.50e-03
2.31698e+00 5.48e-03
2.31826e+00 5.46e-03
2.31954e+00 5.44e-03
2.32092e+00 5.42e-03
2.32219e+00 5.41e-03
2.32356e+00 5.39e-03
2.32493e+00 5.37e-03
2.32630e+00 5.35e-03
2.32767e+00 5.33e-03
2.32903e+00 5.31e-03
2.33039e+00 5.29e-03
2.33185e+00 5.27e-03
2.33321e+00 5.25e-03
2.33466e+00 5.23e-03
2.33612e+00 5.21e-03
2.33747e+00 5.19e-03
2.33901e+00 5.17e-03
2.34046e+00 5.15e-03
2.34190e+00 5.13e-03
2.34344e+00 5.11e-03
2.34488e+00 5.09e-03
2.34641e+00 5.07e-03
2.34794e+00 5.06e-03
2.34947e+00 5.04e-03
2.35099e+00 5.02e-03
2.35261e+00 5.00e-03
2.35413e+00 4.98e-03
2.35575e+00 4.96e-03
2.35736e+00 4.94e-03
2.35897e+00 4.92e-03
2.36057e+00 4.90e-03
2.36227e+00 4.88e-03
2.36396e+00 4.85e-03
2.36556e+00 4.83e-03
2.36734e+00 4.81e-03
2.36903e+00 4.79e-03
2.37071e+00 4.77e-03
2.37248e+00 4.75e-03
2.37425e+00 4.73e-03
2.37602e+00 4.70e-03
2.37788e+00 4.68e-03
2.37964e+00 4.66e-03
2.38149e+00 4.63e-03
2.38334e+00 4.61e-03
2.38527e+00 4.59e-03
2.38711e+00 4.56e-03
2.38904e+00 4.54e-03
2.39096e+00 4.52e-03
2.39297e+00 4.50e-03
2.39498e+00 4.48e-03
2.39699e+00 4.45e-03
2.39899e+00 4.43e-03
2.40107e+00 4.41e-03
2.40315e+00 4.39e-03
2.40532e+00 4.36e-03
2.40740e+00 4.34e-03
2.40964e+00 4.31e-03
2.41180e+00 4.29e-03
2.41404e+00 4.27e-03
2.41627e+00 4.24e-03
2.41859e+00 4.21e-03
2.42090e+00 4.19e-03
2.42330e+00 4.16e-03
2.42569e+00 4.14e-03
2.42816e+00 4.11e-03
2.43063e+00 4.08e-03
2.43317e+00 4.05e-03
2.43572e+00 4.02e-03
2.43825e+00 4.00e-03
2.44095e+00 3.97e-03
2.44365e+00 3.95e-03
2.44634e+00 3.92e-03
2.44911e+00 3.89e-03
2.45195e+00 3.86e-03
2.45488e+00 3.83e-03
2.45779e+00 3.81e-03
2.46087e+00 3.78e-03
2.46394e+00 3.75e-03
2.46708e+00 3.71e-03
2.47022e+00 3.68e-03
2.47351e+00 3.65e-03
2.47687e+00 3.62e-03
2.48031e+00 3.58e-03
2.48382e+00 3.55e-03
2.48740e+00 3.52e-03
2.49114e+00 3.49e-03
2.49494e+00 3.45e-03
2.49881e+00 3.42e-03
2.50283e+00 3.38e-03
2.50699e+00 3.35e-03
2.51122e+00 3.31e-03
2.51568e+00 3.27e-03
2.52019e+00 3.23e-03
2.52493e+00 3.19e-03
2.52980e+00 3.15e-03
2.53481e+00 3.11e-03
2.54010e+00 3.07e-03
2.54561e+00 3.02e-03
2.55132e+00 2.98e-03
2.55730e+00 2.93e-03
2.56364e+00 2.88e-03
2.57024e+00 2.83e-03
2.57726e+00 2.78e-03
2.58475e+00 2.73e-03
2.59264e+00 2.67e-03
2.60113e+00 2.61e-03
2.61029e+00 2.55e-03
2.61513e+00 2.51e-03
2.62554e+00 2.44e-03
2.63110e+00 2.41e-03
2.63698e+00 2.37e-03
2.64319e+00 2.34e-03
2.64971e+00 2.30e-03
2.65669e+00 2.25e-03
2.66410e+00 2.21e-03
2.68082e+00 2.11e-03
2.69029e+00 2.06e-03
2.70069e+00 2.00e-03
2.71231e+00 1.94e-03
2.72543e+00 1.87e-03
2.74065e+00 1.80e-03
2.75874e+00 1.71e-03
2.78130e+00 1.61e-03
2.81151e+00 1.48e-03
2.85859e+00 1.31e-03
2.99573e+00 8.95e-04
