# OPACITY Project tables
-2.61515e+00 5.91e+00
-2.27341e+00 2.04e+00
-2.07433e+00 1.10e+00
-1.93351e+00 7.07e-01
-1.82455e+00 5.04e-01
-1.73574e+00 3.82e-01
-1.66078e+00 3.03e-01
-1.59603e+00 2.48e-01
-1.53898e+00 2.08e-01
-1.48802e+00 1.77e-01
-1.44198e+00 1.54e-01
-1.40003e+00 1.35e-01
-1.36148e+00 1.20e-01
-1.32584e+00 1.07e-01
-1.29269e+00 9.66e-02
-1.26174e+00 8.78e-02
-1.23268e+00 8.03e-02
-1.20531e+00 7.38e-02
-1.17944e+00 6.81e-02
-1.15493e+00 6.32e-02
-1.13165e+00 5.88e-02
-1.10945e+00 5.50e-02
-1.08827e+00 5.16e-02
-1.06799e+00 4.87e-02
-1.04857e+00 4.60e-02
-1.02994e+00 4.34e-02
-1.01200e+00 4.12e-02
-9.94739e-01 3.91e-02
-9.78086e-01 3.73e-02
-9.62021e-01 3.56e-02
-9.46492e-01 3.41e-02
-9.31455e-01 3.28e-02
-9.16916e-01 3.15e-02
-9.02807e-01 3.03e-02
-8.89113e-01 2.92e-02
-8.75797e-01 2.84e-02
-8.62868e-01 2.76e-02
-8.50292e-01 2.67e-02
-8.38057e-01 2.59e-02
-8.26130e-01 2.52e-02
-8.14502e-01 2.45e-02
-7.92106e-01 2.34e-02
-7.81301e-01 2.28e-02
-7.70741e-01 2.23e-02
-7.60420e-01 2.21e-02
-7.50331e-01 2.23e-02
-7.40469e-01 2.17e-02
-7.30787e-01 2.09e-02
-7.21320e-01 2.04e-02
-7.12045e-01 1.98e-02
-7.02955e-01 1.93e-02
-6.94048e-01 1.90e-02
-6.76723e-01 1.83e-02
-6.68298e-01 1.82e-02
-6.60041e-01 1.78e-02
-6.51909e-01 1.73e-02
-6.43938e-01 1.71e-02
-6.36087e-01 1.67e-02
-6.28390e-01 1.65e-02
-6.20808e-01 1.62e-02
-6.13357e-01 1.60e-02
-5.98801e-01 1.57e-02
-5.84687e-01 1.53e-02
-5.77803e-01 1.52e-02
-5.71018e-01 1.50e-02
-5.57725e-01 1.47e-02
-5.51231e-01 1.45e-02
-5.44831e-01 1.44e-02
-5.38505e-01 1.40e-02
-5.32288e-01 1.38e-02
-5.26142e-01 1.35e-02
-5.20085e-01 1.33e-02
-5.14098e-01 1.32e-02
-5.08196e-01 1.28e-02
-5.02362e-01 1.27e-02
-4.96610e-01 1.24e-02
-4.90925e-01 1.22e-02
-4.85320e-01 1.20e-02
-4.79779e-01 1.18e-02
-4.74301e-01 1.20e-02
-4.68884e-01 1.15e-02
-4.63545e-01 1.14e-02
-4.58265e-01 1.11e-02
-4.53044e-01 1.10e-02
-4.47882e-01 1.09e-02
-4.42778e-01 1.08e-02
-4.37730e-01 1.08e-02
-4.32739e-01 1.07e-02
-4.27803e-01 1.06e-02
-4.22922e-01 1.06e-02
-4.18095e-01 1.08e-02
-4.13321e-01 1.04e-02
-4.08585e-01 1.00e-02
-4.03901e-01 9.86e-03
-3.99284e-01 9.69e-03
-3.94688e-01 9.44e-03
-3.90158e-01 9.21e-03
-3.85662e-01 9.07e-03
-3.81216e-01 8.92e-03
-3.76819e-01 8.78e-03
-3.72456e-01 8.67e-03
-3.68126e-01 8.56e-03
-3.63858e-01 8.70e-03
-3.59622e-01 8.40e-03
-3.55419e-01 8.19e-03
-3.51261e-01 8.12e-03
-3.47135e-01 8.04e-03
-3.43054e-01 7.99e-03
-3.39003e-01 7.85e-03
-3.34997e-01 7.78e-03
-3.31021e-01 7.81e-03
-3.27088e-01 7.69e-03
-3.23185e-01 7.78e-03
-3.19310e-01 7.59e-03
-3.15464e-01 7.54e-03
-3.11661e-01 7.52e-03
-3.07885e-01 7.55e-03
-3.04150e-01 7.41e-03
-3.00430e-01 7.29e-03
-2.96750e-01 7.29e-03
-2.93097e-01 7.18e-03
-2.89484e-01 7.12e-03
-2.85884e-01 7.03e-03
-2.82323e-01 6.98e-03
-2.78788e-01 6.98e-03
-2.75279e-01 6.95e-03
-2.71796e-01 6.93e-03
-2.68350e-01 6.90e-03
-2.64917e-01 6.95e-03
-2.58149e-01 6.80e-03
-2.54802e-01 6.73e-03
-2.51466e-01 6.64e-03
-2.48167e-01 6.56e-03
-2.44891e-01 6.47e-03
-2.41639e-01 6.41e-03
-2.38409e-01 6.36e-03
-2.35203e-01 6.34e-03
-2.32020e-01 6.29e-03
-2.28860e-01 6.31e-03
-2.25722e-01 6.24e-03
-2.22606e-01 6.10e-03
-2.19513e-01 6.02e-03
-2.16441e-01 5.98e-03
-2.13391e-01 5.96e-03
-2.10363e-01 5.96e-03
-2.07344e-01 5.92e-03
-2.04359e-01 5.83e-03
-2.01382e-01 5.74e-03
-1.98439e-01 5.71e-03
-1.95504e-01 5.71e-03
-1.92590e-01 6.12e-03
-1.89697e-01 6.01e-03
-1.86824e-01 6.00e-03
-1.83971e-01 5.96e-03
-1.81126e-01 5.77e-03
-1.78314e-01 5.64e-03
-1.75509e-01 5.56e-03
-1.72724e-01 5.50e-03
-1.69958e-01 5.44e-03
-1.67200e-01 5.39e-03
-1.64474e-01 5.34e-03
-1.61755e-01 5.30e-03
-1.59054e-01 5.28e-03
-1.56373e-01 5.26e-03
-1.53699e-01 5.22e-03
-1.48407e-01 5.12e-03
-1.45789e-01 5.09e-03
-1.43189e-01 5.22e-03
-1.40596e-01 5.17e-03
-1.38021e-01 5.11e-03
-1.35453e-01 5.06e-03
-1.32914e-01 5.03e-03
-1.30382e-01 4.96e-03
-1.27867e-01 4.88e-03
-1.25359e-01 4.82e-03
-1.22868e-01 4.77e-03
-1.20395e-01 4.73e-03
-1.17928e-01 4.85e-03
-1.15489e-01 4.83e-03
-1.13057e-01 4.80e-03
-1.10630e-01 4.75e-03
-1.08220e-01 4.71e-03
-1.05827e-01 4.68e-03
-1.03440e-01 4.65e-03
-1.01070e-01 4.63e-03
-9.87160e-02 4.61e-03
-9.63788e-02 4.59e-03
-9.17206e-02 4.57e-03
-8.94106e-02 4.54e-03
-8.71168e-02 4.48e-03
-8.48283e-02 4.43e-03
-8.25559e-02 4.39e-03
-7.80480e-02 4.31e-03
-7.58125e-02 4.27e-03
-7.35820e-02 4.24e-03
-7.13671e-02 4.22e-03
-6.91679e-02 4.20e-03
-6.47839e-02 4.19e-03
-6.26097e-02 4.19e-03
-6.04509e-02 4.18e-03
-5.82967e-02 4.15e-03
-5.61577e-02 4.11e-03
-5.40233e-02 4.05e-03
-5.19040e-02 4.00e-03
-4.97997e-02 3.97e-03
-4.76998e-02 3.95e-03
-4.35236e-02 3.92e-03
-4.14576e-02 3.91e-03
-3.93959e-02 3.91e-03
-3.73385e-02 3.90e-03
-3.52956e-02 3.86e-03
-3.32673e-02 3.79e-03
-3.12430e-02 3.74e-03
-2.92229e-02 3.71e-03
-2.72170e-02 3.80e-03
-2.52255e-02 3.79e-03
-2.32379e-02 3.74e-03
-2.12543e-02 3.68e-03
-1.92848e-02 3.64e-03
-1.73293e-02 3.64e-03
-1.53675e-02 3.64e-03
-1.34298e-02 3.58e-03
-1.14958e-02 3.48e-03
-9.56560e-03 3.43e-03
-7.64918e-03 3.68e-03
-5.73642e-03 3.62e-03
-3.83735e-03 3.59e-03
-1.94188e-03 3.56e-03
-5.00013e-05 3.54e-03
1.79838e-03 3.51e-03
5.58438e-03 3.45e-03
7.37275e-03 3.42e-03
9.25702e-03 3.41e-03
1.11377e-02 3.39e-03
1.29162e-02 3.35e-03
1.47901e-02 3.31e-03
1.65621e-02 3.27e-03
1.84291e-02 3.34e-03
2.01947e-02 3.31e-03
2.19572e-02 3.29e-03
2.55703e-02 3.25e-03
2.90732e-02 3.20e-03
3.25640e-02 3.17e-03
3.60426e-02 3.13e-03
3.95091e-02 3.09e-03
4.29637e-02 3.06e-03
4.64064e-02 3.02e-03
4.97421e-02 2.99e-03
5.30667e-02 2.96e-03
5.64748e-02 2.93e-03
5.80802e-02 2.91e-03
6.13773e-02 2.88e-03
6.29748e-02 2.87e-03
6.46635e-02 2.85e-03
6.62558e-02 2.83e-03
6.78455e-02 2.82e-03
7.11106e-02 2.79e-03
7.26927e-02 2.78e-03
7.42722e-02 2.76e-03
7.74239e-02 2.74e-03
8.06579e-02 2.71e-03
8.37895e-02 2.69e-03
8.68197e-02 2.66e-03
8.83771e-02 2.65e-03
8.99321e-02 2.63e-03
9.30349e-02 2.61e-03
9.60372e-02 2.59e-03
9.90305e-02 2.56e-03
1.02015e-01 2.54e-03
1.05080e-01 2.52e-03
1.07957e-01 2.49e-03
1.10915e-01 2.47e-03
1.12435e-01 2.46e-03
1.15291e-01 2.44e-03
1.18227e-01 2.41e-03
1.21067e-01 2.39e-03
1.22483e-01 2.38e-03
1.23898e-01 2.37e-03
1.26809e-01 2.35e-03
1.29624e-01 2.33e-03
1.32431e-01 2.31e-03
1.35143e-01 2.29e-03
1.37934e-01 2.28e-03
1.40718e-01 2.26e-03
1.43407e-01 2.24e-03
1.44793e-01 2.22e-03
1.46176e-01 2.22e-03
1.48851e-01 2.20e-03
1.51519e-01 2.18e-03
1.54179e-01 2.17e-03
1.56833e-01 2.15e-03
1.59479e-01 2.13e-03
1.62119e-01 2.12e-03
1.63394e-01 2.11e-03
1.66023e-01 2.09e-03
1.67293e-01 2.08e-03
1.68561e-01 2.07e-03
1.69912e-01 2.07e-03
1.71176e-01 2.06e-03
1.72440e-01 2.05e-03
1.74961e-01 2.03e-03
1.76220e-01 2.03e-03
1.78732e-01 2.01e-03
1.81321e-01 2.00e-03
1.83737e-01 1.98e-03
1.84985e-01 1.97e-03
1.86231e-01 1.96e-03
1.87475e-01 1.96e-03
1.89959e-01 1.95e-03
1.91199e-01 1.94e-03
1.92437e-01 1.95e-03
1.94826e-01 1.93e-03
1.97292e-01 1.92e-03
1.99670e-01 1.91e-03
2.02042e-01 1.89e-03
2.03267e-01 1.89e-03
2.05631e-01 1.87e-03
2.07989e-01 1.86e-03
2.10342e-01 1.85e-03
2.12689e-01 1.84e-03
2.15031e-01 1.82e-03
2.16159e-01 1.82e-03
2.17286e-01 1.81e-03
2.19617e-01 1.80e-03
2.21943e-01 1.79e-03
2.24183e-01 1.77e-03
2.26418e-01 1.76e-03
2.28728e-01 1.75e-03
2.30953e-01 1.74e-03
2.32064e-01 1.73e-03
2.34281e-01 1.72e-03
2.36494e-01 1.71e-03
2.38702e-01 1.70e-03
2.39804e-01 1.69e-03
2.40905e-01 1.69e-03
2.43103e-01 1.68e-03
2.45296e-01 1.67e-03
2.47407e-01 1.66e-03
2.49591e-01 1.65e-03
2.51692e-01 1.64e-03
2.53867e-01 1.63e-03
2.55959e-01 1.62e-03
2.58047e-01 1.61e-03
2.60208e-01 1.60e-03
2.62287e-01 1.59e-03
2.64362e-01 1.58e-03
2.66433e-01 1.57e-03
2.68499e-01 1.56e-03
2.70561e-01 1.55e-03
2.72619e-01 1.54e-03
2.74597e-01 1.53e-03
2.76646e-01 1.52e-03
2.78692e-01 1.51e-03
2.80657e-01 1.50e-03
2.82695e-01 1.50e-03
2.84652e-01 1.49e-03
2.86606e-01 1.48e-03
2.88632e-01 1.47e-03
2.90578e-01 1.46e-03
2.92520e-01 1.45e-03
2.94459e-01 1.44e-03
2.96394e-01 1.44e-03
2.98325e-01 1.43e-03
3.00253e-01 1.42e-03
3.02177e-01 1.41e-03
3.04097e-01 1.40e-03
3.05939e-01 1.40e-03
3.07852e-01 1.39e-03
3.09762e-01 1.38e-03
3.11594e-01 1.37e-03
3.13496e-01 1.37e-03
3.15322e-01 1.36e-03
3.17144e-01 1.35e-03
3.19035e-01 1.35e-03
3.20851e-01 1.34e-03
3.22663e-01 1.33e-03
3.24472e-01 1.32e-03
3.26278e-01 1.32e-03
3.28080e-01 1.31e-03
3.29879e-01 1.30e-03
3.31675e-01 1.30e-03
3.33468e-01 1.29e-03
3.35257e-01 1.28e-03
3.37044e-01 1.28e-03
3.38827e-01 1.27e-03
3.40535e-01 1.26e-03
3.42312e-01 1.26e-03
3.44015e-01 1.25e-03
3.45786e-01 1.25e-03
3.47483e-01 1.24e-03
3.49247e-01 1.23e-03
3.50939e-01 1.23e-03
3.52627e-01 1.22e-03
3.54382e-01 1.21e-03
3.56065e-01 1.21e-03
3.57744e-01 1.20e-03
3.59421e-01 1.20e-03
3.61095e-01 1.19e-03
3.62766e-01 1.19e-03
3.64435e-01 1.18e-03
3.66100e-01 1.17e-03
3.67763e-01 1.17e-03
3.69354e-01 1.16e-03
3.71012e-01 1.16e-03
3.72666e-01 1.15e-03
3.74318e-01 1.15e-03
3.75899e-01 1.14e-03
3.77546e-01 1.14e-03
3.79121e-01 1.13e-03
3.80762e-01 1.13e-03
3.82333e-01 1.12e-03
3.83969e-01 1.11e-03
3.85534e-01 1.11e-03
3.87097e-01 1.10e-03
3.88658e-01 1.10e-03
3.90284e-01 1.10e-03
3.91839e-01 1.09e-03
3.93393e-01 1.09e-03
3.94943e-01 1.08e-03
3.96492e-01 1.08e-03
3.98038e-01 1.07e-03
3.99581e-01 1.07e-03
4.01122e-01 1.06e-03
4.02661e-01 1.06e-03
4.04131e-01 1.05e-03
4.05665e-01 1.05e-03
4.07197e-01 1.04e-03
4.08726e-01 1.04e-03
4.10187e-01 1.03e-03
4.11712e-01 1.03e-03
4.13169e-01 1.03e-03
4.14689e-01 1.02e-03
4.16141e-01 1.02e-03
4.17657e-01 1.01e-03
4.19105e-01 1.01e-03
4.20616e-01 1.00e-03
4.22060e-01 1.00e-03
4.23501e-01 9.96e-04
4.25006e-01 9.92e-04
4.26444e-01 9.88e-04
4.27879e-01 9.84e-04
4.29312e-01 9.80e-04
4.30743e-01 9.76e-04
4.32172e-01 9.72e-04
4.33599e-01 9.68e-04
4.35024e-01 9.64e-04
4.36447e-01 9.60e-04
4.37868e-01 9.56e-04
4.39287e-01 9.53e-04
4.40704e-01 9.49e-04
4.42118e-01 9.45e-04
4.43467e-01 9.41e-04
4.44878e-01 9.37e-04
4.46287e-01 9.34e-04
4.47630e-01 9.30e-04
4.49035e-01 9.26e-04
4.50438e-01 9.23e-04
4.51776e-01 9.19e-04
4.53175e-01 9.16e-04
4.54509e-01 9.12e-04
4.55841e-01 9.08e-04
4.57235e-01 9.05e-04
4.58563e-01 9.01e-04
4.59953e-01 8.98e-04
4.61278e-01 8.95e-04
4.62601e-01 8.91e-04
4.63923e-01 8.88e-04
4.65305e-01 8.84e-04
4.66623e-01 8.81e-04
4.67939e-01 8.78e-04
4.69253e-01 8.75e-04
4.70566e-01 8.71e-04
4.71877e-01 8.68e-04
4.73186e-01 8.65e-04
4.74494e-01 8.62e-04
4.75799e-01 8.59e-04
4.77103e-01 8.55e-04
4.78406e-01 8.52e-04
4.79706e-01 8.49e-04
4.80944e-01 8.46e-04
4.82241e-01 8.43e-04
4.83537e-01 8.40e-04
4.84831e-01 8.37e-04
4.86062e-01 8.34e-04
4.87352e-01 8.31e-04
4.88641e-01 8.28e-04
4.89868e-01 8.25e-04
4.91153e-01 8.22e-04
4.92376e-01 8.20e-04
4.93659e-01 8.17e-04
4.94879e-01 8.14e-04
4.96159e-01 8.11e-04
4.97376e-01 8.08e-04
4.98591e-01 8.05e-04
4.99866e-01 8.03e-04
5.01078e-01 8.00e-04
5.02289e-01 7.97e-04
5.03559e-01 7.94e-04
5.04767e-01 7.92e-04
5.05974e-01 7.89e-04
5.07179e-01 7.86e-04
5.08383e-01 7.84e-04
5.09645e-01 7.81e-04
5.10846e-01 7.79e-04
5.12045e-01 7.76e-04
5.13243e-01 7.74e-04
5.14439e-01 7.71e-04
5.15634e-01 7.68e-04
5.16828e-01 7.66e-04
5.18020e-01 7.63e-04
5.19210e-01 7.61e-04
5.20340e-01 7.58e-04
5.21528e-01 7.56e-04
5.22715e-01 7.53e-04
5.23900e-01 7.51e-04
5.25083e-01 7.49e-04
5.26207e-01 7.46e-04
5.27388e-01 7.44e-04
5.28567e-01 7.41e-04
5.29687e-01 7.39e-04
5.30864e-01 7.37e-04
5.32039e-01 7.34e-04
5.33154e-01 7.32e-04
5.34327e-01 7.30e-04
5.35440e-01 7.27e-04
5.36610e-01 7.25e-04
5.37721e-01 7.23e-04
5.38888e-01 7.20e-04
5.39996e-01 7.18e-04
5.41103e-01 7.16e-04
5.42266e-01 7.14e-04
5.43370e-01 7.12e-04
5.44473e-01 7.09e-04
5.45633e-01 7.07e-04
5.46733e-01 7.05e-04
5.47832e-01 7.03e-04
5.48930e-01 7.01e-04
5.50085e-01 6.99e-04
5.51180e-01 6.97e-04
5.52275e-01 6.95e-04
5.53368e-01 6.92e-04
5.54460e-01 6.90e-04
5.55550e-01 6.88e-04
5.56640e-01 6.86e-04
5.57728e-01 6.84e-04
5.58815e-01 6.82e-04
5.59901e-01 6.80e-04
5.60986e-01 6.78e-04
5.62070e-01 6.76e-04
5.63152e-01 6.74e-04
5.64234e-01 6.72e-04
5.65314e-01 6.70e-04
5.66393e-01 6.68e-04
5.67471e-01 6.66e-04
5.68491e-01 6.64e-04
5.69566e-01 6.62e-04
5.70641e-01 6.60e-04
5.71714e-01 6.58e-04
5.72729e-01 6.57e-04
5.73800e-01 6.55e-04
5.74870e-01 6.53e-04
5.75883e-01 6.51e-04
5.76950e-01 6.49e-04
5.77961e-01 6.47e-04
5.79026e-01 6.45e-04
5.80090e-01 6.43e-04
5.81098e-01 6.42e-04
5.82160e-01 6.40e-04
5.83165e-01 6.38e-04
5.84225e-01 6.36e-04
5.85228e-01 6.35e-04
5.86230e-01 6.33e-04
5.87287e-01 6.31e-04
5.88287e-01 6.29e-04
5.89286e-01 6.28e-04
5.90339e-01 6.26e-04
5.91336e-01 6.24e-04
5.92332e-01 6.22e-04
5.93382e-01 6.21e-04
5.94376e-01 6.19e-04
5.95369e-01 6.17e-04
5.96361e-01 6.16e-04
5.97407e-01 6.14e-04
5.98397e-01 6.12e-04
5.99386e-01 6.11e-04
6.00374e-01 6.09e-04
6.01361e-01 6.07e-04
6.02347e-01 6.06e-04
6.03332e-01 6.04e-04
6.04316e-01 6.03e-04
6.05299e-01 6.01e-04
6.06281e-01 5.99e-04
6.07262e-01 5.98e-04
6.08243e-01 5.96e-04
6.09222e-01 5.95e-04
6.10200e-01 5.93e-04
6.11178e-01 5.92e-04
6.12154e-01 5.90e-04
6.13129e-01 5.88e-04
6.14104e-01 5.87e-04
6.15023e-01 5.85e-04
6.15996e-01 5.84e-04
6.16968e-01 5.82e-04
6.17939e-01 5.81e-04
6.18908e-01 5.80e-04
6.19824e-01 5.78e-04
6.20792e-01 5.77e-04
6.21759e-01 5.75e-04
6.22671e-01 5.74e-04
6.23636e-01 5.72e-04
6.24601e-01 5.71e-04
6.25511e-01 5.69e-04
6.26473e-01 5.68e-04
6.27435e-01 5.67e-04
6.28342e-01 5.65e-04
6.29302e-01 5.64e-04
6.30207e-01 5.62e-04
6.31165e-01 5.61e-04
6.32069e-01 5.60e-04
6.33026e-01 5.58e-04
6.33928e-01 5.57e-04
6.34882e-01 5.56e-04
6.35783e-01 5.54e-04
6.36683e-01 5.53e-04
6.37634e-01 5.52e-04
6.38533e-01 5.50e-04
6.39483e-01 5.49e-04
6.40379e-01 5.48e-04
6.41275e-01 5.46e-04
6.42222e-01 5.45e-04
6.43116e-01 5.44e-04
6.44009e-01 5.42e-04
6.44902e-01 5.41e-04
6.45846e-01 5.40e-04
6.46737e-01 5.38e-04
6.47627e-01 5.37e-04
6.48516e-01 5.36e-04
6.49404e-01 5.35e-04
6.50292e-01 5.33e-04
6.51231e-01 5.32e-04
6.52117e-01 5.31e-04
6.53002e-01 5.30e-04
6.53886e-01 5.28e-04
6.54770e-01 5.27e-04
6.55653e-01 5.26e-04
6.56535e-01 5.25e-04
6.57416e-01 5.23e-04
6.58297e-01 5.22e-04
6.59177e-01 5.21e-04
6.60056e-01 5.20e-04
6.60934e-01 5.19e-04
6.61811e-01 5.18e-04
6.62688e-01 5.16e-04
6.63564e-01 5.15e-04
6.64439e-01 5.14e-04
6.65262e-01 5.13e-04
6.66136e-01 5.12e-04
6.67009e-01 5.11e-04
6.67881e-01 5.10e-04
6.68752e-01 5.08e-04
6.69623e-01 5.07e-04
6.70441e-01 5.06e-04
6.71310e-01 5.05e-04
6.72179e-01 5.04e-04
6.73047e-01 5.03e-04
6.73862e-01 5.02e-04
6.74729e-01 5.01e-04
6.75594e-01 4.99e-04
6.76408e-01 4.98e-04
6.77272e-01 4.97e-04
6.78135e-01 4.96e-04
6.78947e-01 4.95e-04
6.79809e-01 4.94e-04
6.80619e-01 4.93e-04
6.81479e-01 4.92e-04
6.82339e-01 4.91e-04
6.83147e-01 4.90e-04
6.84006e-01 4.89e-04
6.84813e-01 4.88e-04
6.85669e-01 4.87e-04
6.86475e-01 4.86e-04
6.87330e-01 4.85e-04
6.88135e-01 4.84e-04
6.88989e-01 4.82e-04
6.89792e-01 4.81e-04
6.90594e-01 4.80e-04
6.91446e-01 4.79e-04
6.92247e-01 4.78e-04
6.93097e-01 4.77e-04
6.93897e-01 4.76e-04
6.94696e-01 4.75e-04
6.95544e-01 4.74e-04
6.96342e-01 4.74e-04
6.97139e-01 4.73e-04
6.97985e-01 4.72e-04
6.98781e-01 4.71e-04
6.99576e-01 4.70e-04
7.00371e-01 4.69e-04
7.01215e-01 4.68e-04
7.02008e-01 4.67e-04
7.02800e-01 4.66e-04
7.03592e-01 4.65e-04
7.04384e-01 4.64e-04
7.05224e-01 4.63e-04
7.06014e-01 4.62e-04
7.06804e-01 4.61e-04
7.07592e-01 4.60e-04
7.08381e-01 4.59e-04
7.09168e-01 4.58e-04
7.09955e-01 4.57e-04
7.10741e-01 4.57e-04
7.11527e-01 4.56e-04
7.12361e-01 4.55e-04
7.13146e-01 4.54e-04
7.13930e-01 4.53e-04
7.14713e-01 4.52e-04
7.15496e-01 4.51e-04
7.16278e-01 4.50e-04
7.17059e-01 4.49e-04
7.17791e-01 4.49e-04
7.18571e-01 4.48e-04
7.19351e-01 4.47e-04
7.20130e-01 4.46e-04
7.20908e-01 4.45e-04
7.21686e-01 4.44e-04
7.22463e-01 4.43e-04
7.23240e-01 4.43e-04
7.24016e-01 4.42e-04
7.24743e-01 4.41e-04
7.25518e-01 4.40e-04
7.26292e-01 4.39e-04
7.27065e-01 4.38e-04
7.27838e-01 4.38e-04
7.28611e-01 4.37e-04
7.29334e-01 4.36e-04
7.30106e-01 4.35e-04
7.30876e-01 4.34e-04
7.31598e-01 4.33e-04
7.32368e-01 4.33e-04
7.33137e-01 4.32e-04
7.33905e-01 4.31e-04
7.34625e-01 4.30e-04
7.35392e-01 4.30e-04
7.36159e-01 4.29e-04
7.36877e-01 4.28e-04
7.37642e-01 4.27e-04
7.38360e-01 4.26e-04
7.39124e-01 4.26e-04
7.39888e-01 4.25e-04
7.40603e-01 4.24e-04
7.41366e-01 4.23e-04
7.42080e-01 4.23e-04
7.42842e-01 4.22e-04
7.43603e-01 4.21e-04
7.44315e-01 4.20e-04
7.45075e-01 4.20e-04
7.45787e-01 4.19e-04
7.46546e-01 4.18e-04
7.47257e-01 4.17e-04
7.47967e-01 4.17e-04
7.48724e-01 4.16e-04
7.49433e-01 4.15e-04
7.50189e-01 4.14e-04
7.50897e-01 4.14e-04
7.51652e-01 4.13e-04
7.52359e-01 4.12e-04
7.53066e-01 4.11e-04
7.53819e-01 4.11e-04
7.54524e-01 4.10e-04
7.55277e-01 4.09e-04
7.55981e-01 4.09e-04
7.56685e-01 4.08e-04
7.57436e-01 4.07e-04
7.58139e-01 4.06e-04
7.58841e-01 4.06e-04
7.59543e-01 4.05e-04
7.60292e-01 4.04e-04
7.60993e-01 4.04e-04
7.61693e-01 4.03e-04
7.62393e-01 4.02e-04
7.63140e-01 4.02e-04
7.63839e-01 4.01e-04
7.64537e-01 4.00e-04
7.65235e-01 4.00e-04
7.65979e-01 3.99e-04
7.66676e-01 3.98e-04
7.67373e-01 3.98e-04
7.68069e-01 3.97e-04
7.68765e-01 3.96e-04
7.69460e-01 3.96e-04
7.70155e-01 3.95e-04
7.70895e-01 3.94e-04
7.71589e-01 3.94e-04
7.72282e-01 3.93e-04
7.72974e-01 3.93e-04
7.73667e-01 3.92e-04
7.74358e-01 3.91e-04
7.75050e-01 3.91e-04
7.75740e-01 3.90e-04
7.76431e-01 3.89e-04
7.77121e-01 3.89e-04
7.77810e-01 3.88e-04
7.78499e-01 3.88e-04
7.79187e-01 3.87e-04
7.79875e-01 3.86e-04
7.80563e-01 3.86e-04
7.81250e-01 3.85e-04
7.81936e-01 3.85e-04
7.82622e-01 3.84e-04
7.83308e-01 3.84e-04
7.83993e-01 3.83e-04
7.84677e-01 3.82e-04
7.85362e-01 3.82e-04
7.86000e-01 3.81e-04
7.86683e-01 3.81e-04
7.87366e-01 3.80e-04
7.88048e-01 3.80e-04
7.88730e-01 3.79e-04
7.89411e-01 3.78e-04
7.90092e-01 3.78e-04
7.90728e-01 3.77e-04
7.91408e-01 3.77e-04
7.92087e-01 3.76e-04
7.92766e-01 3.76e-04
7.93445e-01 3.75e-04
7.94078e-01 3.74e-04
7.94756e-01 3.74e-04
7.95433e-01 3.73e-04
7.96110e-01 3.73e-04
7.96741e-01 3.72e-04
7.97417e-01 3.72e-04
7.98093e-01 3.71e-04
7.98768e-01 3.71e-04
7.99397e-01 3.70e-04
8.00071e-01 3.70e-04
8.00745e-01 3.69e-04
8.01374e-01 3.69e-04
8.02046e-01 3.68e-04
8.02719e-01 3.67e-04
8.03346e-01 3.67e-04
8.04017e-01 3.66e-04
8.04644e-01 3.66e-04
8.05314e-01 3.65e-04
8.05985e-01 3.65e-04
8.06610e-01 3.64e-04
8.07279e-01 3.64e-04
8.07903e-01 3.63e-04
8.08572e-01 3.63e-04
8.09240e-01 3.62e-04
8.09863e-01 3.62e-04
8.10530e-01 3.61e-04
8.11152e-01 3.61e-04
8.11819e-01 3.60e-04
8.12440e-01 3.60e-04
8.13106e-01 3.59e-04
8.13726e-01 3.59e-04
8.14391e-01 3.59e-04
8.15011e-01 3.58e-04
8.15674e-01 3.58e-04
8.16294e-01 3.57e-04
8.16956e-01 3.57e-04
8.17575e-01 3.56e-04
8.18193e-01 3.56e-04
8.18854e-01 3.55e-04
8.19471e-01 3.55e-04
8.20132e-01 3.54e-04
8.20749e-01 3.54e-04
8.21364e-01 3.53e-04
8.22024e-01 3.53e-04
8.22639e-01 3.53e-04
8.23298e-01 3.52e-04
8.23912e-01 3.52e-04
8.24526e-01 3.51e-04
8.25184e-01 3.51e-04
8.25797e-01 3.50e-04
8.26410e-01 3.50e-04
8.27066e-01 3.49e-04
8.27678e-01 3.49e-04
8.28290e-01 3.49e-04
8.28945e-01 3.48e-04
8.29556e-01 3.48e-04
8.30166e-01 3.47e-04
8.30776e-01 3.47e-04
8.31430e-01 3.46e-04
8.32039e-01 3.46e-04
8.32648e-01 3.46e-04
8.33257e-01 3.45e-04
8.33909e-01 3.45e-04
8.34517e-01 3.44e-04
8.35124e-01 3.44e-04
8.35731e-01 3.43e-04
8.36338e-01 3.43e-04
8.36988e-01 3.43e-04
8.37594e-01 3.42e-04
8.38199e-01 3.42e-04
8.38805e-01 3.41e-04
8.39410e-01 3.41e-04
8.40014e-01 3.41e-04
8.40618e-01 3.40e-04
8.41265e-01 3.40e-04
8.41869e-01 3.39e-04
8.42472e-01 3.39e-04
8.43075e-01 3.39e-04
8.43677e-01 3.38e-04
8.44279e-01 3.38e-04
8.44881e-01 3.38e-04
8.45482e-01 3.37e-04
8.46083e-01 3.37e-04
8.46683e-01 3.36e-04
8.47284e-01 3.36e-04
8.47883e-01 3.36e-04
8.48526e-01 3.35e-04
8.49125e-01 3.35e-04
8.49723e-01 3.35e-04
8.50322e-01 3.34e-04
8.50920e-01 3.34e-04
8.51518e-01 3.34e-04
8.52115e-01 3.33e-04
8.52712e-01 3.33e-04
8.53308e-01 3.32e-04
8.53862e-01 3.32e-04
8.54458e-01 3.32e-04
8.55053e-01 3.31e-04
8.55649e-01 3.31e-04
8.56243e-01 3.31e-04
8.56838e-01 3.30e-04
8.57432e-01 3.30e-04
8.58026e-01 3.30e-04
8.58619e-01 3.29e-04
8.59212e-01 3.29e-04
8.76843e-01 3.20e-04
8.87850e-01 3.14e-04
9.00243e-01 3.09e-04
9.10232e-01 3.06e-04
9.22114e-01 3.02e-04
9.31219e-01 3.00e-04
9.40163e-01 2.98e-04
9.49919e-01 2.97e-04
9.58085e-01 2.96e-04
9.66870e-01 2.96e-04
9.73578e-01 2.97e-04
9.80692e-01 2.97e-04
9.87271e-01 2.99e-04
9.94658e-01 3.01e-04
9.97871e-01 3.02e-04
1.00335e+00 3.04e-04
1.00606e+00 3.06e-04
1.00967e+00 3.08e-04
1.01236e+00 3.09e-04
1.01458e+00 3.11e-04
1.01548e+00 3.11e-04
1.01592e+00 3.12e-04
1.01635e+00 3.12e-04
1.01679e+00 3.12e-04
1.01726e+00 3.13e-04
1.01769e+00 3.13e-04
1.01813e+00 3.13e-04
1.01856e+00 3.13e-04
1.01903e+00 3.14e-04
1.01946e+00 3.14e-04
1.01989e+00 3.14e-04
1.02033e+00 3.15e-04
1.02079e+00 3.15e-04
1.02123e+00 3.15e-04
1.02166e+00 3.16e-04
1.02209e+00 3.16e-04
1.02252e+00 3.17e-04
1.02299e+00 3.17e-04
1.02342e+00 3.17e-04
1.02385e+00 3.18e-04
1.02428e+00 3.18e-04
1.02471e+00 3.18e-04
1.02518e+00 3.19e-04
1.02561e+00 3.19e-04
1.02604e+00 3.19e-04
1.02647e+00 3.20e-04
1.02690e+00 3.20e-04
1.02737e+00 3.21e-04
1.02780e+00 3.21e-04
1.02823e+00 3.22e-04
1.02865e+00 3.22e-04
1.02908e+00 3.22e-04
1.02951e+00 3.23e-04
1.02998e+00 3.23e-04
1.03040e+00 3.24e-04
1.03083e+00 3.24e-04
1.03126e+00 3.25e-04
1.03169e+00 3.25e-04
1.03212e+00 3.25e-04
1.03254e+00 3.26e-04
1.03297e+00 3.26e-04
1.03343e+00 3.27e-04
1.03386e+00 3.27e-04
1.03429e+00 3.28e-04
1.03471e+00 3.28e-04
1.03514e+00 3.29e-04
1.03557e+00 3.29e-04
1.03599e+00 3.30e-04
1.03642e+00 3.30e-04
1.03684e+00 3.31e-04
1.03730e+00 3.31e-04
1.03773e+00 3.32e-04
1.03815e+00 3.32e-04
1.03858e+00 3.33e-04
1.03900e+00 3.33e-04
1.03943e+00 3.34e-04
1.03985e+00 3.34e-04
1.04028e+00 3.35e-04
1.04070e+00 3.36e-04
1.04112e+00 3.36e-04
1.04155e+00 3.37e-04
1.04197e+00 3.37e-04
1.04239e+00 3.38e-04
1.04282e+00 3.38e-04
1.04324e+00 3.39e-04
1.04370e+00 3.40e-04
1.04412e+00 3.40e-04
1.04454e+00 3.41e-04
1.04497e+00 3.41e-04
1.04539e+00 3.42e-04
1.04581e+00 3.43e-04
1.04623e+00 3.43e-04
1.04665e+00 3.44e-04
1.04707e+00 3.45e-04
1.04749e+00 3.45e-04
1.04792e+00 3.46e-04
1.04834e+00 3.47e-04
1.04876e+00 3.47e-04
1.04918e+00 3.48e-04
1.04960e+00 3.49e-04
1.05002e+00 3.49e-04
1.05044e+00 3.50e-04
1.05086e+00 3.51e-04
1.05128e+00 3.51e-04
1.05170e+00 3.52e-04
1.05211e+00 3.53e-04
1.05253e+00 3.54e-04
1.05295e+00 3.54e-04
1.05337e+00 3.55e-04
1.05379e+00 3.56e-04
1.05421e+00 3.57e-04
1.05463e+00 3.57e-04
1.05504e+00 3.58e-04
1.05543e+00 3.59e-04
1.05584e+00 3.60e-04
1.05626e+00 3.60e-04
1.05668e+00 3.61e-04
1.05710e+00 3.62e-04
1.05751e+00 3.63e-04
1.05793e+00 3.64e-04
1.05835e+00 3.65e-04
1.05876e+00 3.65e-04
1.05918e+00 3.66e-04
1.05959e+00 3.67e-04
1.06001e+00 3.68e-04
1.06043e+00 3.69e-04
1.06084e+00 3.70e-04
1.06126e+00 3.71e-04
1.06164e+00 3.72e-04
1.06205e+00 3.72e-04
1.06247e+00 3.73e-04
1.06288e+00 3.74e-04
1.06330e+00 3.75e-04
1.06371e+00 3.76e-04
1.06412e+00 3.77e-04
1.06454e+00 3.78e-04
1.06495e+00 3.79e-04
1.06537e+00 3.80e-04
1.06574e+00 3.81e-04
1.06616e+00 3.82e-04
1.06657e+00 3.83e-04
1.06698e+00 3.84e-04
1.06740e+00 3.85e-04
1.06781e+00 3.86e-04
1.06822e+00 3.87e-04
1.06860e+00 3.88e-04
1.06901e+00 3.89e-04
1.06942e+00 3.91e-04
1.06984e+00 3.92e-04
1.07025e+00 3.93e-04
1.07066e+00 3.94e-04
1.07107e+00 3.95e-04
1.07145e+00 3.96e-04
1.07186e+00 3.97e-04
1.07227e+00 3.99e-04
1.07268e+00 4.00e-04
1.07309e+00 4.01e-04
1.07350e+00 4.02e-04
1.07388e+00 4.03e-04
1.07429e+00 4.05e-04
1.07470e+00 4.06e-04
1.07510e+00 4.07e-04
1.07551e+00 4.08e-04
1.07592e+00 4.10e-04
1.07630e+00 4.11e-04
1.07671e+00 4.12e-04
1.07712e+00 4.14e-04
1.07752e+00 4.15e-04
1.07793e+00 4.16e-04
1.07831e+00 4.18e-04
1.07872e+00 4.19e-04
1.07912e+00 4.20e-04
1.07953e+00 4.22e-04
1.07991e+00 4.23e-04
1.08031e+00 4.25e-04
1.08072e+00 4.26e-04
1.08113e+00 4.28e-04
1.08153e+00 4.29e-04
1.08191e+00 4.30e-04
1.08231e+00 4.32e-04
1.08272e+00 4.34e-04
1.08313e+00 4.35e-04
1.08350e+00 4.37e-04
1.08390e+00 4.38e-04
1.08431e+00 4.40e-04
1.08472e+00 4.41e-04
1.08509e+00 4.43e-04
1.08549e+00 4.45e-04
1.08590e+00 4.46e-04
1.08630e+00 4.48e-04
1.08667e+00 4.50e-04
1.08708e+00 4.51e-04
1.08748e+00 4.53e-04
1.08789e+00 4.55e-04
1.08826e+00 4.57e-04
1.08866e+00 4.59e-04
1.08907e+00 4.60e-04
1.08947e+00 4.62e-04
1.08984e+00 4.64e-04
1.09024e+00 4.66e-04
1.09065e+00 4.68e-04
1.09102e+00 4.70e-04
1.09142e+00 4.72e-04
1.09182e+00 4.74e-04
1.09223e+00 4.76e-04
1.09259e+00 4.78e-04
1.09300e+00 4.80e-04
1.09340e+00 4.82e-04
1.09377e+00 4.84e-04
1.09417e+00 4.86e-04
1.09457e+00 4.88e-04
1.09494e+00 4.90e-04
1.09534e+00 4.92e-04
1.09574e+00 4.94e-04
1.09611e+00 4.97e-04
1.09651e+00 4.99e-04
1.09691e+00 5.01e-04
1.09728e+00 5.04e-04
1.09768e+00 5.06e-04
1.09808e+00 5.08e-04
1.09845e+00 5.11e-04
1.09885e+00 5.13e-04
1.09925e+00 5.15e-04
1.09961e+00 5.18e-04
1.10001e+00 5.20e-04
1.10041e+00 5.23e-04
1.10078e+00 5.25e-04
1.10118e+00 5.28e-04
1.10157e+00 5.31e-04
1.10194e+00 5.33e-04
1.10234e+00 5.36e-04
1.10274e+00 5.39e-04
1.10310e+00 5.42e-04
1.10350e+00 5.44e-04
1.10390e+00 5.47e-04
1.10426e+00 5.50e-04
1.10466e+00 5.53e-04
1.10503e+00 5.56e-04
1.10542e+00 5.59e-04
1.10582e+00 5.62e-04
1.10618e+00 5.65e-04
1.10658e+00 5.68e-04
1.10698e+00 5.71e-04
1.10734e+00 5.74e-04
1.10774e+00 5.77e-04
1.10810e+00 5.81e-04
1.10850e+00 5.84e-04
1.10889e+00 5.87e-04
1.10926e+00 5.91e-04
1.10965e+00 5.94e-04
1.11001e+00 5.97e-04
1.11041e+00 6.01e-04
1.11080e+00 6.04e-04
1.11117e+00 6.08e-04
1.11156e+00 6.11e-04
1.11192e+00 6.15e-04
1.11232e+00 6.19e-04
1.11268e+00 6.23e-04
1.11307e+00 6.26e-04
1.11347e+00 6.30e-04
1.11383e+00 6.34e-04
1.11422e+00 6.38e-04
1.11458e+00 6.42e-04
1.11498e+00 6.46e-04
1.11534e+00 6.50e-04
1.11573e+00 6.54e-04
1.11612e+00 6.59e-04
1.11648e+00 6.63e-04
1.11688e+00 6.67e-04
1.11724e+00 6.72e-04
1.11763e+00 6.76e-04
1.11799e+00 6.81e-04
1.11838e+00 6.85e-04
1.11874e+00 6.90e-04
1.11913e+00 6.95e-04
1.11953e+00 7.00e-04
1.11988e+00 7.05e-04
1.12028e+00 7.10e-04
1.12063e+00 7.15e-04
1.12103e+00 7.20e-04
1.12138e+00 7.25e-04
1.12178e+00 7.30e-04
1.12213e+00 7.36e-04
1.12252e+00 7.41e-04
1.12288e+00 7.47e-04
1.12327e+00 7.52e-04
1.12363e+00 7.58e-04
1.12402e+00 7.64e-04
1.12438e+00 7.70e-04
1.12477e+00 7.76e-04
1.12512e+00 7.82e-04
1.12551e+00 7.88e-04
1.12587e+00 7.95e-04
1.12626e+00 8.01e-04
1.12662e+00 8.08e-04
1.12701e+00 8.14e-04
1.12736e+00 8.21e-04
1.12775e+00 8.28e-04
1.12811e+00 8.35e-04
1.12849e+00 8.42e-04
1.12885e+00 8.49e-04
1.12924e+00 8.57e-04
1.12959e+00 8.64e-04
1.12998e+00 8.72e-04
1.13034e+00 8.80e-04
1.13072e+00 8.88e-04
1.13108e+00 8.96e-04
1.13147e+00 9.04e-04
1.13182e+00 9.13e-04
1.13221e+00 9.21e-04
1.13256e+00 9.30e-04
1.13295e+00 9.39e-04
1.13330e+00 9.48e-04
1.13369e+00 9.57e-04
1.13404e+00 9.67e-04
1.13443e+00 9.76e-04
1.13478e+00 9.86e-04
1.13514e+00 9.96e-04
1.13552e+00 1.01e-03
1.13588e+00 1.02e-03
1.13626e+00 1.03e-03
1.13661e+00 1.04e-03
1.13700e+00 1.05e-03
1.13735e+00 1.06e-03
1.13774e+00 1.07e-03
1.13809e+00 1.09e-03
1.13844e+00 1.10e-03
1.13883e+00 1.11e-03
1.13918e+00 1.12e-03
1.13956e+00 1.14e-03
1.13991e+00 1.15e-03
1.14030e+00 1.16e-03
1.14065e+00 1.18e-03
1.14100e+00 1.19e-03
1.14138e+00 1.21e-03
1.14174e+00 1.22e-03
1.14212e+00 1.24e-03
1.14247e+00 1.25e-03
1.14285e+00 1.27e-03
1.14320e+00 1.29e-03
1.14355e+00 1.30e-03
1.14394e+00 1.32e-03
1.14429e+00 1.34e-03
1.14467e+00 1.36e-03
1.14502e+00 1.38e-03
1.14537e+00 1.40e-03
1.14575e+00 1.42e-03
1.14610e+00 1.44e-03
1.14648e+00 1.46e-03
1.14683e+00 1.48e-03
1.14718e+00 1.50e-03
1.14756e+00 1.53e-03
1.14791e+00 1.55e-03
1.14829e+00 1.57e-03
1.14864e+00 1.60e-03
1.14899e+00 1.62e-03
1.14937e+00 1.65e-03
1.14972e+00 1.68e-03
1.15010e+00 1.70e-03
1.15045e+00 1.73e-03
1.15079e+00 1.76e-03
1.15117e+00 1.78e-03
1.15152e+00 1.81e-03
1.15187e+00 1.84e-03
1.15225e+00 1.87e-03
1.15260e+00 1.89e-03
1.15297e+00 1.92e-03
1.15332e+00 1.95e-03
1.15367e+00 1.98e-03
1.15405e+00 2.00e-03
1.15439e+00 2.03e-03
1.15474e+00 2.06e-03
1.15512e+00 2.08e-03
1.15547e+00 2.11e-03
1.15581e+00 2.14e-03
1.15619e+00 2.17e-03
1.15654e+00 2.20e-03
1.15691e+00 2.23e-03
1.15726e+00 2.26e-03
1.15760e+00 2.29e-03
1.15798e+00 2.33e-03
1.15833e+00 2.36e-03
1.15867e+00 2.40e-03
1.15905e+00 2.44e-03
1.15939e+00 2.47e-03
1.15974e+00 2.52e-03
1.16011e+00 2.56e-03
1.16046e+00 2.60e-03
1.16080e+00 2.65e-03
1.16118e+00 2.69e-03
1.16152e+00 2.74e-03
1.16187e+00 2.80e-03
1.16224e+00 2.85e-03
1.16259e+00 2.91e-03
1.16293e+00 2.97e-03
1.16312e+00 3.00e-03
1.16346e+00 3.06e-03
1.16384e+00 3.13e-03
1.16418e+00 3.20e-03
1.16452e+00 3.28e-03
1.16487e+00 3.35e-03
1.16524e+00 3.44e-03
1.16559e+00 3.52e-03
1.16593e+00 3.61e-03
1.16630e+00 3.71e-03
1.16664e+00 3.81e-03
1.16699e+00 3.92e-03
1.16736e+00 4.03e-03
1.16770e+00 4.15e-03
1.16805e+00 4.28e-03
1.16842e+00 4.41e-03
1.16857e+00 4.48e-03
1.16892e+00 4.63e-03
1.16929e+00 4.78e-03
1.16963e+00 4.95e-03
1.16997e+00 5.12e-03
1.17034e+00 5.31e-03
1.17050e+00 5.41e-03
1.17068e+00 5.51e-03
1.17087e+00 5.61e-03
1.17103e+00 5.72e-03
1.17121e+00 5.83e-03
1.17140e+00 5.94e-03
1.17155e+00 6.06e-03
1.17174e+00 6.18e-03
1.17189e+00 6.30e-03
1.17208e+00 6.43e-03
1.17227e+00 6.57e-03
1.17242e+00 6.70e-03
1.17261e+00 6.85e-03
1.17279e+00 6.99e-03
1.17295e+00 7.14e-03
1.17313e+00 7.30e-03
1.17332e+00 7.46e-03
1.17347e+00 7.63e-03
1.17366e+00 7.80e-03
1.17381e+00 7.98e-03
1.17400e+00 8.16e-03
1.17418e+00 8.35e-03
1.17434e+00 8.54e-03
1.17452e+00 8.74e-03
1.17471e+00 8.95e-03
1.17486e+00 9.16e-03
1.17505e+00 9.38e-03
1.17523e+00 9.60e-03
1.17539e+00 9.83e-03
1.17557e+00 1.01e-02
1.17573e+00 1.03e-02
1.17610e+00 1.08e-02
1.17644e+00 1.13e-02
1.17678e+00 1.18e-02
1.17715e+00 1.24e-02
1.17749e+00 1.29e-02
1.17782e+00 1.35e-02
1.17816e+00 1.41e-02
1.17853e+00 1.46e-02
1.17887e+00 1.52e-02
1.17921e+00 1.57e-02
1.17955e+00 1.62e-02
1.17973e+00 1.64e-02
1.17992e+00 1.66e-02
1.18007e+00 1.68e-02
1.18025e+00 1.70e-02
1.18041e+00 1.72e-02
1.18059e+00 1.74e-02
1.18078e+00 1.76e-02
1.18093e+00 1.77e-02
1.18111e+00 1.78e-02
1.18130e+00 1.80e-02
1.18145e+00 1.81e-02
1.18164e+00 1.82e-02
1.18179e+00 1.83e-02
1.18197e+00 1.84e-02
1.18216e+00 1.84e-02
1.18249e+00 1.85e-02
1.18283e+00 1.86e-02
1.18317e+00 1.87e-02
1.18354e+00 1.87e-02
1.18387e+00 1.88e-02
1.18421e+00 1.89e-02
1.18439e+00 1.89e-02
1.18455e+00 1.90e-02
1.18473e+00 1.91e-02
1.18491e+00 1.92e-02
1.18507e+00 1.93e-02
1.18525e+00 1.95e-02
1.18540e+00 1.96e-02
1.18558e+00 1.98e-02
1.18577e+00 2.01e-02
1.18592e+00 2.04e-02
1.18610e+00 2.07e-02
1.18626e+00 2.10e-02
1.18644e+00 2.14e-02
1.18662e+00 2.19e-02
1.18678e+00 2.24e-02
1.18696e+00 2.30e-02
1.18714e+00 2.37e-02
1.18729e+00 2.44e-02
1.18748e+00 2.52e-02
1.18763e+00 2.61e-02
1.18781e+00 2.72e-02
1.18800e+00 2.83e-02
1.18815e+00 2.95e-02
1.18833e+00 3.09e-02
1.18848e+00 3.24e-02
1.18867e+00 3.41e-02
1.18885e+00 3.59e-02
1.18900e+00 3.79e-02
1.18918e+00 4.01e-02
1.18934e+00 4.24e-02
1.18952e+00 4.49e-02
1.18970e+00 4.75e-02
1.18985e+00 5.02e-02
1.19022e+00 5.56e-02
1.19037e+00 5.82e-02
1.19055e+00 6.06e-02
1.19071e+00 6.27e-02
1.19089e+00 6.42e-02
1.19107e+00 6.53e-02
1.19122e+00 6.58e-02
1.19140e+00 6.57e-02
1.19156e+00 6.49e-02
1.19174e+00 6.36e-02
1.19192e+00 6.18e-02
1.19207e+00 5.96e-02
1.19225e+00 5.70e-02
1.19241e+00 5.42e-02
1.19277e+00 4.84e-02
1.19292e+00 4.55e-02
1.19310e+00 4.27e-02
1.19326e+00 4.00e-02
1.19344e+00 3.75e-02
1.19362e+00 3.52e-02
1.19377e+00 3.30e-02
1.19395e+00 3.09e-02
1.19410e+00 2.91e-02
1.19429e+00 2.73e-02
1.19447e+00 2.57e-02
1.19462e+00 2.43e-02
1.19480e+00 2.29e-02
1.19495e+00 2.17e-02
1.19513e+00 2.05e-02
1.19532e+00 1.95e-02
1.19547e+00 1.85e-02
1.19565e+00 1.76e-02
1.19580e+00 1.68e-02
1.19598e+00 1.60e-02
1.19616e+00 1.53e-02
1.19631e+00 1.47e-02
1.19649e+00 1.41e-02
1.19665e+00 1.35e-02
1.19683e+00 1.30e-02
1.19698e+00 1.25e-02
1.19716e+00 1.20e-02
1.19734e+00 1.16e-02
1.19749e+00 1.12e-02
1.19767e+00 1.08e-02
1.19782e+00 1.05e-02
1.19801e+00 1.01e-02
1.19819e+00 9.81e-03
1.19834e+00 9.52e-03
1.19852e+00 9.24e-03
1.19867e+00 8.97e-03
1.19885e+00 8.72e-03
1.19903e+00 8.49e-03
1.19918e+00 8.26e-03
1.19936e+00 8.05e-03
1.19951e+00 7.85e-03
1.19969e+00 7.66e-03
1.19987e+00 7.47e-03
1.20003e+00 7.30e-03
1.20021e+00 7.13e-03
1.20036e+00 6.97e-03
1.20054e+00 6.82e-03
1.20069e+00 6.68e-03
1.20087e+00 6.54e-03
1.20105e+00 6.41e-03
1.20120e+00 6.28e-03
1.20138e+00 6.16e-03
1.20153e+00 6.04e-03
1.20171e+00 5.93e-03
1.20189e+00 5.82e-03
1.20204e+00 5.72e-03
1.20222e+00 5.62e-03
1.20237e+00 5.52e-03
1.20255e+00 5.43e-03
1.20270e+00 5.34e-03
1.20288e+00 5.25e-03
1.20306e+00 5.17e-03
1.20321e+00 5.09e-03
1.20339e+00 5.01e-03
1.20354e+00 4.93e-03
1.20390e+00 4.79e-03
1.20423e+00 4.65e-03
1.20456e+00 4.53e-03
1.20489e+00 4.41e-03
1.20522e+00 4.29e-03
1.20555e+00 4.19e-03
1.20591e+00 4.09e-03
1.20624e+00 3.99e-03
1.20657e+00 3.90e-03
1.20690e+00 3.81e-03
1.20723e+00 3.73e-03
1.20756e+00 3.65e-03
1.20789e+00 3.58e-03
1.20824e+00 3.51e-03
1.20857e+00 3.44e-03
1.20890e+00 3.37e-03
1.20923e+00 3.31e-03
1.20956e+00 3.25e-03
1.20989e+00 3.19e-03
1.21021e+00 3.13e-03
1.21057e+00 3.08e-03
1.21090e+00 3.03e-03
1.21123e+00 2.98e-03
1.21155e+00 2.93e-03
1.21188e+00 2.88e-03
1.21221e+00 2.84e-03
1.21254e+00 2.80e-03
1.21289e+00 2.75e-03
1.21322e+00 2.71e-03
1.21355e+00 2.67e-03
1.21387e+00 2.64e-03
1.21420e+00 2.60e-03
1.21453e+00 2.56e-03
1.21485e+00 2.53e-03
1.21521e+00 2.49e-03
1.21554e+00 2.46e-03
1.21586e+00 2.43e-03
1.21619e+00 2.40e-03
1.21651e+00 2.37e-03
1.21684e+00 2.34e-03
1.21717e+00 2.31e-03
1.21749e+00 2.29e-03
1.21782e+00 2.26e-03
1.21817e+00 2.23e-03
1.21850e+00 2.21e-03
1.21882e+00 2.19e-03
1.21915e+00 2.16e-03
1.21947e+00 2.14e-03
1.21980e+00 2.12e-03
1.22012e+00 2.09e-03
1.22045e+00 2.07e-03
1.22080e+00 2.05e-03
1.22112e+00 2.03e-03
1.22145e+00 2.02e-03
1.22177e+00 2.00e-03
1.22210e+00 1.98e-03
1.22242e+00 1.96e-03
1.22275e+00 1.95e-03
1.22307e+00 1.93e-03
1.22339e+00 1.91e-03
1.22372e+00 1.90e-03
1.22407e+00 1.88e-03
1.22439e+00 1.87e-03
1.22472e+00 1.85e-03
1.22504e+00 1.84e-03
1.22536e+00 1.83e-03
1.22569e+00 1.82e-03
1.22601e+00 1.80e-03
1.22633e+00 1.79e-03
1.22665e+00 1.78e-03
1.22698e+00 1.77e-03
1.22733e+00 1.76e-03
1.22765e+00 1.75e-03
1.22797e+00 1.74e-03
1.22829e+00 1.73e-03
1.22862e+00 1.72e-03
1.22894e+00 1.71e-03
1.22926e+00 1.71e-03
1.22958e+00 1.70e-03
1.22990e+00 1.69e-03
1.23023e+00 1.69e-03
1.23055e+00 1.68e-03
1.23090e+00 1.67e-03
1.23122e+00 1.67e-03
1.23154e+00 1.66e-03
1.23186e+00 1.66e-03
1.23218e+00 1.65e-03
1.23250e+00 1.65e-03
1.23282e+00 1.65e-03
1.23314e+00 1.64e-03
1.23346e+00 1.64e-03
1.23460e+00 1.64e-03
1.23541e+00 1.64e-03
1.23605e+00 1.64e-03
1.23637e+00 1.64e-03
1.23669e+00 1.65e-03
1.23701e+00 1.65e-03
1.23733e+00 1.65e-03
1.23765e+00 1.66e-03
1.23797e+00 1.67e-03
1.23829e+00 1.67e-03
1.23861e+00 1.68e-03
1.23892e+00 1.69e-03
1.23924e+00 1.70e-03
1.23959e+00 1.71e-03
1.23991e+00 1.72e-03
1.24023e+00 1.73e-03
1.24055e+00 1.74e-03
1.24086e+00 1.76e-03
1.24118e+00 1.78e-03
1.24150e+00 1.79e-03
1.24182e+00 1.81e-03
1.24214e+00 1.83e-03
1.24245e+00 1.86e-03
1.24277e+00 1.88e-03
1.24309e+00 1.91e-03
1.24341e+00 1.94e-03
1.24358e+00 1.95e-03
1.24372e+00 1.97e-03
1.24404e+00 1.98e-03
1.24436e+00 2.00e-03
1.24467e+00 2.01e-03
1.24499e+00 2.03e-03
1.24534e+00 2.05e-03
1.24565e+00 2.07e-03
1.24597e+00 2.09e-03
1.24628e+00 2.11e-03
1.24660e+00 2.13e-03
1.24692e+00 2.16e-03
1.24723e+00 2.18e-03
1.24755e+00 2.21e-03
1.24787e+00 2.24e-03
1.24818e+00 2.26e-03
1.24850e+00 2.29e-03
1.24881e+00 2.33e-03
1.24913e+00 2.36e-03
1.24944e+00 2.39e-03
1.24976e+00 2.43e-03
1.25007e+00 2.47e-03
1.25039e+00 2.51e-03
1.25070e+00 2.55e-03
1.25102e+00 2.59e-03
1.25133e+00 2.64e-03
1.25165e+00 2.69e-03
1.25196e+00 2.74e-03
1.25228e+00 2.80e-03
1.25262e+00 2.85e-03
1.25293e+00 2.92e-03
1.25325e+00 2.98e-03
1.25356e+00 3.05e-03
1.25388e+00 3.13e-03
1.25419e+00 3.20e-03
1.25450e+00 3.29e-03
1.25482e+00 3.38e-03
1.25513e+00 3.48e-03
1.25527e+00 3.53e-03
1.25545e+00 3.58e-03
1.25576e+00 3.69e-03
1.25590e+00 3.71e-03
1.25621e+00 3.74e-03
1.25653e+00 3.76e-03
1.25684e+00 3.79e-03
1.25715e+00 3.82e-03
1.25749e+00 3.85e-03
1.25781e+00 3.88e-03
1.25812e+00 3.91e-03
1.25843e+00 3.94e-03
1.25875e+00 3.97e-03
1.25906e+00 4.00e-03
1.25937e+00 4.03e-03
1.25968e+00 4.07e-03
1.25999e+00 4.10e-03
1.26031e+00 4.14e-03
1.26062e+00 4.18e-03
1.26093e+00 4.22e-03
1.26124e+00 4.26e-03
1.26155e+00 4.30e-03
1.26186e+00 4.34e-03
1.26201e+00 4.36e-03
1.26218e+00 4.38e-03
1.26232e+00 4.38e-03
1.26263e+00 4.36e-03
1.26294e+00 4.33e-03
1.26325e+00 4.30e-03
1.26356e+00 4.27e-03
1.26387e+00 4.25e-03
1.26418e+00 4.22e-03
1.26435e+00 4.21e-03
1.26449e+00 4.20e-03
1.26466e+00 4.20e-03
1.26480e+00 4.20e-03
1.26497e+00 4.20e-03
1.26514e+00 4.21e-03
1.26528e+00 4.23e-03
1.26545e+00 4.26e-03
1.26559e+00 4.29e-03
1.26576e+00 4.34e-03
1.26590e+00 4.40e-03
1.26607e+00 4.48e-03
1.26621e+00 4.58e-03
1.26638e+00 4.70e-03
1.26652e+00 4.85e-03
1.26669e+00 5.04e-03
1.26683e+00 5.27e-03
1.26700e+00 5.55e-03
1.26714e+00 5.91e-03
1.26731e+00 6.34e-03
1.26745e+00 6.90e-03
1.26762e+00 7.60e-03
1.26776e+00 8.50e-03
1.26793e+00 9.67e-03
1.26807e+00 1.12e-02
1.26824e+00 1.34e-02
1.26838e+00 1.63e-02
1.26855e+00 2.05e-02
1.26869e+00 2.68e-02
1.26886e+00 3.62e-02
1.26900e+00 5.03e-02
1.26917e+00 6.98e-02
1.26931e+00 8.99e-02
1.26948e+00 9.74e-02
1.26962e+00 8.50e-02
1.26979e+00 6.37e-02
1.26993e+00 4.55e-02
1.27010e+00 3.29e-02
1.27024e+00 2.46e-02
1.27041e+00 1.91e-02
1.27055e+00 1.53e-02
1.27072e+00 1.27e-02
1.27086e+00 1.08e-02
1.27102e+00 9.32e-03
1.27116e+00 8.25e-03
1.27133e+00 7.42e-03
1.27147e+00 6.77e-03
1.27164e+00 6.26e-03
1.27178e+00 5.85e-03
1.27195e+00 5.52e-03
1.27209e+00 5.26e-03
1.27226e+00 5.04e-03
1.27240e+00 4.87e-03
1.27257e+00 4.73e-03
1.27271e+00 4.62e-03
1.27287e+00 4.53e-03
1.27301e+00 4.46e-03
1.27318e+00 4.40e-03
1.27332e+00 4.36e-03
1.27349e+00 4.33e-03
1.27363e+00 4.31e-03
1.27380e+00 4.29e-03
1.27394e+00 4.29e-03
1.27411e+00 4.28e-03
1.27424e+00 4.29e-03
1.27441e+00 4.29e-03
1.27455e+00 4.30e-03
1.27472e+00 4.32e-03
1.27503e+00 4.35e-03
1.27533e+00 4.38e-03
1.27564e+00 4.41e-03
1.27595e+00 4.44e-03
1.27626e+00 4.47e-03
1.27656e+00 4.49e-03
1.27670e+00 4.50e-03
1.27701e+00 4.46e-03
1.27732e+00 4.42e-03
1.27762e+00 4.38e-03
1.27793e+00 4.34e-03
1.27824e+00 4.31e-03
1.27854e+00 4.27e-03
1.27885e+00 4.24e-03
1.27915e+00 4.20e-03
1.27946e+00 4.17e-03
1.27977e+00 4.14e-03
1.28007e+00 4.11e-03
1.28038e+00 4.08e-03
1.28068e+00 4.05e-03
1.28099e+00 4.03e-03
1.28129e+00 4.00e-03
1.28160e+00 3.97e-03
1.28191e+00 3.95e-03
1.28221e+00 3.92e-03
1.28252e+00 3.90e-03
1.28282e+00 3.87e-03
1.28299e+00 3.85e-03
1.28313e+00 3.79e-03
1.28343e+00 3.69e-03
1.28374e+00 3.59e-03
1.28404e+00 3.50e-03
1.28434e+00 3.41e-03
1.28465e+00 3.33e-03
1.28495e+00 3.26e-03
1.28526e+00 3.19e-03
1.28556e+00 3.12e-03
1.28587e+00 3.06e-03
1.28617e+00 3.00e-03
1.28631e+00 2.97e-03
1.28661e+00 2.92e-03
1.28692e+00 2.86e-03
1.28722e+00 2.81e-03
1.28752e+00 2.77e-03
1.28783e+00 2.72e-03
1.28813e+00 2.68e-03
1.28830e+00 2.66e-03
1.28860e+00 2.62e-03
1.28890e+00 2.59e-03
1.28921e+00 2.55e-03
1.28951e+00 2.52e-03
1.28981e+00 2.49e-03
1.29011e+00 2.46e-03
1.29042e+00 2.43e-03
1.29072e+00 2.40e-03
1.29102e+00 2.37e-03
1.29132e+00 2.35e-03
1.29163e+00 2.32e-03
1.29193e+00 2.30e-03
1.29223e+00 2.28e-03
1.29253e+00 2.25e-03
1.29283e+00 2.23e-03
1.29314e+00 2.21e-03
1.29344e+00 2.19e-03
1.29374e+00 2.18e-03
1.29404e+00 2.16e-03
1.29434e+00 2.14e-03
1.29448e+00 2.13e-03
1.29464e+00 2.12e-03
1.29495e+00 2.09e-03
1.29525e+00 2.06e-03
1.29555e+00 2.03e-03
1.29582e+00 2.01e-03
1.29612e+00 1.98e-03
1.29642e+00 1.96e-03
1.29673e+00 1.94e-03
1.29703e+00 1.92e-03
1.29733e+00 1.91e-03
1.29763e+00 1.89e-03
1.29793e+00 1.88e-03
1.29823e+00 1.86e-03
1.29853e+00 1.85e-03
1.29883e+00 1.84e-03
1.29913e+00 1.83e-03
1.29943e+00 1.82e-03
1.29973e+00 1.81e-03
1.30003e+00 1.80e-03
1.30033e+00 1.79e-03
1.30063e+00 1.78e-03
1.30093e+00 1.78e-03
1.30123e+00 1.77e-03
1.30153e+00 1.76e-03
1.30183e+00 1.76e-03
1.30212e+00 1.75e-03
1.30242e+00 1.75e-03
1.30272e+00 1.75e-03
1.30302e+00 1.74e-03
1.30332e+00 1.74e-03
1.30362e+00 1.74e-03
1.30392e+00 1.74e-03
1.30422e+00 1.73e-03
1.30451e+00 1.73e-03
1.30481e+00 1.73e-03
1.30644e+00 1.73e-03
1.30763e+00 1.73e-03
1.30852e+00 1.73e-03
1.30882e+00 1.73e-03
1.30912e+00 1.74e-03
1.30941e+00 1.74e-03
1.30971e+00 1.74e-03
1.31001e+00 1.74e-03
1.31030e+00 1.74e-03
1.31060e+00 1.75e-03
1.31090e+00 1.75e-03
1.31119e+00 1.75e-03
1.31149e+00 1.76e-03
1.31179e+00 1.76e-03
1.31208e+00 1.76e-03
1.31238e+00 1.76e-03
1.31267e+00 1.77e-03
1.31297e+00 1.77e-03
1.31327e+00 1.78e-03
1.31356e+00 1.78e-03
1.31386e+00 1.78e-03
1.31415e+00 1.79e-03
1.31445e+00 1.79e-03
1.31474e+00 1.80e-03
1.31504e+00 1.80e-03
1.31531e+00 1.80e-03
1.31560e+00 1.81e-03
1.31590e+00 1.81e-03
1.31619e+00 1.82e-03
1.31649e+00 1.82e-03
1.31678e+00 1.83e-03
1.31708e+00 1.83e-03
1.31737e+00 1.84e-03
1.31767e+00 1.84e-03
1.31796e+00 1.85e-03
1.31826e+00 1.85e-03
1.31855e+00 1.86e-03
1.31884e+00 1.87e-03
1.31914e+00 1.87e-03
1.31943e+00 1.88e-03
1.31973e+00 1.88e-03
1.32002e+00 1.89e-03
1.32031e+00 1.89e-03
1.32061e+00 1.90e-03
1.32090e+00 1.91e-03
1.32120e+00 1.91e-03
1.32149e+00 1.92e-03
1.32178e+00 1.92e-03
1.32208e+00 1.93e-03
1.32237e+00 1.94e-03
1.32266e+00 1.94e-03
1.32296e+00 1.95e-03
1.32325e+00 1.96e-03
1.32354e+00 1.96e-03
1.32383e+00 1.97e-03
1.32413e+00 1.97e-03
1.32442e+00 1.98e-03
1.32471e+00 1.99e-03
1.32500e+00 2.00e-03
1.32530e+00 2.00e-03
1.32559e+00 2.01e-03
1.32588e+00 2.02e-03
1.32617e+00 2.02e-03
1.32646e+00 2.03e-03
1.32676e+00 2.04e-03
1.32705e+00 2.04e-03
1.32734e+00 2.05e-03
1.32761e+00 2.06e-03
1.32790e+00 2.07e-03
1.32819e+00 2.07e-03
1.32848e+00 2.08e-03
1.32877e+00 2.09e-03
1.32906e+00 2.10e-03
1.32935e+00 2.10e-03
1.32964e+00 2.11e-03
1.32994e+00 2.12e-03
1.33023e+00 2.13e-03
1.33052e+00 2.14e-03
1.33081e+00 2.14e-03
1.33110e+00 2.15e-03
1.33139e+00 2.16e-03
1.33168e+00 2.17e-03
1.33197e+00 2.18e-03
1.33226e+00 2.19e-03
1.33255e+00 2.19e-03
1.33284e+00 2.20e-03
1.33313e+00 2.21e-03
1.33342e+00 2.22e-03
1.33371e+00 2.23e-03
1.33400e+00 2.24e-03
1.33429e+00 2.25e-03
1.33458e+00 2.26e-03
1.33487e+00 2.27e-03
1.33516e+00 2.28e-03
1.33545e+00 2.29e-03
1.33574e+00 2.30e-03
1.33603e+00 2.31e-03
1.33632e+00 2.32e-03
1.33661e+00 2.33e-03
1.33689e+00 2.34e-03
1.33718e+00 2.35e-03
1.33747e+00 2.36e-03
1.33776e+00 2.37e-03
1.33805e+00 2.38e-03
1.33834e+00 2.39e-03
1.33863e+00 2.40e-03
1.33891e+00 2.41e-03
1.33920e+00 2.42e-03
1.33949e+00 2.43e-03
1.33978e+00 2.44e-03
1.34007e+00 2.45e-03
1.34036e+00 2.46e-03
1.34064e+00 2.47e-03
1.34093e+00 2.48e-03
1.34122e+00 2.49e-03
1.34151e+00 2.50e-03
1.34179e+00 2.51e-03
1.34208e+00 2.52e-03
1.34237e+00 2.52e-03
1.34266e+00 2.53e-03
1.34294e+00 2.54e-03
1.34323e+00 2.55e-03
1.34352e+00 2.56e-03
1.34380e+00 2.56e-03
1.34409e+00 2.57e-03
1.34438e+00 2.58e-03
1.34464e+00 2.58e-03
1.34493e+00 2.59e-03
1.34521e+00 2.59e-03
1.34550e+00 2.60e-03
1.34578e+00 2.60e-03
1.34607e+00 2.61e-03
1.34636e+00 2.61e-03
1.34664e+00 2.61e-03
1.34693e+00 2.62e-03
1.34737e+00 2.62e-03
1.34836e+00 2.62e-03
1.34950e+00 2.62e-03
1.35121e+00 2.61e-03
1.35150e+00 2.61e-03
1.35207e+00 2.60e-03
1.35235e+00 2.60e-03
1.35263e+00 2.60e-03
1.35292e+00 2.59e-03
1.35320e+00 2.59e-03
1.35349e+00 2.59e-03
1.35377e+00 2.58e-03
1.35406e+00 2.58e-03
1.35434e+00 2.57e-03
1.35462e+00 2.57e-03
1.35491e+00 2.56e-03
1.35519e+00 2.56e-03
1.35547e+00 2.55e-03
1.35576e+00 2.55e-03
1.35604e+00 2.54e-03
1.35632e+00 2.54e-03
1.35661e+00 2.53e-03
1.35689e+00 2.53e-03
1.35717e+00 2.52e-03
1.35746e+00 2.52e-03
1.35774e+00 2.51e-03
1.35802e+00 2.51e-03
1.35831e+00 2.50e-03
1.35859e+00 2.50e-03
1.35887e+00 2.49e-03
1.35915e+00 2.48e-03
1.35944e+00 2.48e-03
1.35972e+00 2.47e-03
1.36000e+00 2.47e-03
1.36028e+00 2.46e-03
1.36057e+00 2.46e-03
1.36085e+00 2.45e-03
1.36113e+00 2.45e-03
1.36141e+00 2.44e-03
1.36172e+00 2.44e-03
1.36200e+00 2.43e-03
1.36228e+00 2.43e-03
1.36257e+00 2.42e-03
1.36285e+00 2.42e-03
1.36313e+00 2.42e-03
1.36341e+00 2.41e-03
1.36354e+00 2.41e-03
1.36382e+00 2.41e-03
1.36410e+00 2.40e-03
1.36438e+00 2.40e-03
1.36466e+00 2.40e-03
1.36494e+00 2.39e-03
1.36522e+00 2.39e-03
1.36550e+00 2.38e-03
1.36579e+00 2.38e-03
1.36607e+00 2.38e-03
1.36635e+00 2.37e-03
1.36663e+00 2.37e-03
1.36691e+00 2.36e-03
1.36719e+00 2.36e-03
1.36747e+00 2.36e-03
1.36775e+00 2.35e-03
1.36803e+00 2.35e-03
1.36831e+00 2.35e-03
1.36915e+00 2.34e-03
1.36945e+00 2.34e-03
1.36973e+00 2.33e-03
1.37001e+00 2.33e-03
1.37029e+00 2.33e-03
1.37057e+00 2.33e-03
1.37085e+00 2.32e-03
1.37113e+00 2.32e-03
1.37141e+00 2.32e-03
1.37169e+00 2.31e-03
1.37197e+00 2.31e-03
1.37225e+00 2.31e-03
1.37252e+00 2.31e-03
1.37336e+00 2.30e-03
1.37364e+00 2.30e-03
1.37851e+00 2.26e-03
1.38337e+00 2.24e-03
1.38614e+00 2.22e-03
1.38629e+00 2.23e-03
1.38697e+00 2.23e-03
1.39441e+00 2.20e-03
1.39456e+00 2.21e-03
1.40128e+00 2.21e-03
1.40590e+00 2.21e-03
1.41406e+00 2.22e-03
1.41678e+00 2.23e-03
1.41893e+00 2.24e-03
1.41946e+00 2.24e-03
1.41975e+00 2.24e-03
1.42002e+00 2.25e-03
1.42029e+00 2.25e-03
1.42055e+00 2.25e-03
1.42082e+00 2.25e-03
1.42311e+00 2.27e-03
1.42487e+00 2.28e-03
1.42700e+00 2.28e-03
1.42756e+00 2.29e-03
1.42782e+00 2.29e-03
1.42808e+00 2.29e-03
1.42835e+00 2.30e-03
1.42864e+00 2.30e-03
1.42890e+00 2.31e-03
1.42916e+00 2.31e-03
1.42943e+00 2.32e-03
1.42969e+00 2.32e-03
1.42998e+00 2.33e-03
1.43024e+00 2.33e-03
1.43050e+00 2.34e-03
1.43077e+00 2.35e-03
1.43105e+00 2.35e-03
1.43132e+00 2.35e-03
1.43158e+00 2.36e-03
1.43184e+00 2.36e-03
1.43198e+00 2.36e-03
1.43265e+00 2.36e-03
1.43292e+00 2.36e-03
1.43318e+00 2.35e-03
1.43344e+00 2.35e-03
1.43373e+00 2.34e-03
1.43399e+00 2.34e-03
1.43425e+00 2.33e-03
1.43451e+00 2.32e-03
1.43480e+00 2.32e-03
1.43506e+00 2.31e-03
1.43532e+00 2.30e-03
1.43558e+00 2.29e-03
1.43587e+00 2.28e-03
1.43613e+00 2.28e-03
1.43639e+00 2.27e-03
1.43665e+00 2.26e-03
1.43692e+00 2.26e-03
1.43720e+00 2.25e-03
1.43746e+00 2.25e-03
1.43772e+00 2.24e-03
1.43799e+00 2.24e-03
1.43920e+00 2.22e-03
1.43986e+00 2.22e-03
1.44040e+00 2.23e-03
1.44066e+00 2.23e-03
1.44092e+00 2.23e-03
1.44118e+00 2.23e-03
1.44147e+00 2.24e-03
1.44173e+00 2.24e-03
1.44199e+00 2.25e-03
1.44225e+00 2.26e-03
1.44253e+00 2.26e-03
1.44279e+00 2.27e-03
1.44305e+00 2.28e-03
1.44331e+00 2.28e-03
1.44360e+00 2.29e-03
1.44386e+00 2.30e-03
1.44412e+00 2.30e-03
1.44440e+00 2.31e-03
1.44466e+00 2.32e-03
1.44492e+00 2.32e-03
1.44518e+00 2.33e-03
1.44612e+00 2.34e-03
1.44678e+00 2.34e-03
1.44704e+00 2.33e-03
1.44732e+00 2.33e-03
1.44758e+00 2.33e-03
1.44784e+00 2.32e-03
1.44809e+00 2.31e-03
1.44838e+00 2.31e-03
1.44864e+00 2.30e-03
1.44889e+00 2.29e-03
1.44918e+00 2.29e-03
1.44943e+00 2.28e-03
1.44969e+00 2.28e-03
1.44997e+00 2.27e-03
1.45023e+00 2.26e-03
1.45049e+00 2.26e-03
1.45075e+00 2.26e-03
1.45103e+00 2.25e-03
1.45222e+00 2.24e-03
1.45566e+00 2.22e-03
1.45591e+00 2.22e-03
1.45617e+00 2.22e-03
1.45645e+00 2.21e-03
1.45671e+00 2.21e-03
1.45696e+00 2.21e-03
1.45724e+00 2.20e-03
1.45750e+00 2.20e-03
1.45775e+00 2.20e-03
1.45803e+00 2.19e-03
1.45829e+00 2.19e-03
1.45855e+00 2.19e-03
1.46054e+00 2.17e-03
1.46330e+00 2.16e-03
1.46907e+00 2.15e-03
1.46921e+00 2.15e-03
1.47785e+00 2.13e-03
1.48360e+00 2.11e-03
1.48815e+00 2.09e-03
1.48829e+00 2.09e-03
1.49218e+00 2.07e-03
1.49607e+00 2.05e-03
1.49620e+00 2.05e-03
1.49661e+00 2.05e-03
1.49815e+00 2.04e-03
1.52176e+00 1.92e-03
1.54345e+00 1.80e-03
1.55890e+00 1.73e-03
1.56949e+00 1.68e-03
1.59589e+00 1.56e-03
1.61080e+00 1.50e-03
1.62063e+00 1.46e-03
1.64791e+00 1.35e-03
1.65988e+00 1.31e-03
1.69301e+00 1.20e-03
1.70811e+00 1.15e-03
1.74103e+00 1.05e-03
1.75472e+00 1.01e-03
1.79711e+00 9.04e-04
1.84274e+00 7.98e-04
1.86747e+00 7.46e-04
1.86762e+00 7.45e-04
1.89543e+00 6.91e-04
1.91056e+00 6.63e-04
1.93811e+00 6.14e-04
1.94376e+00 6.05e-04
1.94804e+00 5.98e-04
1.95199e+00 5.91e-04
1.95236e+00 5.91e-04
1.95272e+00 5.90e-04
1.95308e+00 5.89e-04
1.95344e+00 5.89e-04
1.95381e+00 5.88e-04
1.95418e+00 5.88e-04
1.95453e+00 5.87e-04
1.95490e+00 5.86e-04
1.95527e+00 5.86e-04
1.95562e+00 5.85e-04
1.95599e+00 5.85e-04
1.95636e+00 5.84e-04
1.95672e+00 5.83e-04
1.95708e+00 5.83e-04
1.95744e+00 5.82e-04
1.95781e+00 5.82e-04
1.95818e+00 5.81e-04
1.95854e+00 5.81e-04
1.95891e+00 5.80e-04
1.95928e+00 5.79e-04
1.95964e+00 5.79e-04
1.96001e+00 5.78e-04
1.96038e+00 5.78e-04
1.96074e+00 5.77e-04
1.96111e+00 5.76e-04
1.96149e+00 5.76e-04
1.96185e+00 5.75e-04
1.96222e+00 5.75e-04
1.96258e+00 5.74e-04
1.96296e+00 5.73e-04
1.96333e+00 5.73e-04
1.96369e+00 5.72e-04
1.96407e+00 5.72e-04
1.96444e+00 5.71e-04
1.96482e+00 5.70e-04
1.96518e+00 5.70e-04
1.96556e+00 5.69e-04
1.96592e+00 5.69e-04
1.96630e+00 5.68e-04
1.96666e+00 5.67e-04
1.96704e+00 5.67e-04
1.96742e+00 5.66e-04
1.96778e+00 5.66e-04
1.96816e+00 5.65e-04
1.96854e+00 5.64e-04
1.96891e+00 5.64e-04
1.96928e+00 5.63e-04
1.96965e+00 5.63e-04
1.97003e+00 5.62e-04
1.97041e+00 5.61e-04
1.97078e+00 5.61e-04
1.97116e+00 5.60e-04
1.97154e+00 5.60e-04
1.97191e+00 5.59e-04
1.97229e+00 5.59e-04
1.97266e+00 5.58e-04
1.97305e+00 5.57e-04
1.97343e+00 5.57e-04
1.97380e+00 5.56e-04
1.97418e+00 5.56e-04
1.97457e+00 5.55e-04
1.97494e+00 5.55e-04
1.97532e+00 5.54e-04
1.97570e+00 5.54e-04
1.97608e+00 5.53e-04
1.97645e+00 5.52e-04
1.97684e+00 5.52e-04
1.97721e+00 5.51e-04
1.97760e+00 5.51e-04
1.97799e+00 5.50e-04
1.97836e+00 5.50e-04
1.97875e+00 5.49e-04
1.97914e+00 5.48e-04
1.97951e+00 5.48e-04
1.97990e+00 5.47e-04
1.98028e+00 5.47e-04
1.98067e+00 5.46e-04
1.98106e+00 5.46e-04
1.98144e+00 5.45e-04
1.98181e+00 5.44e-04
1.98220e+00 5.44e-04
1.98259e+00 5.43e-04
1.98299e+00 5.43e-04
1.98337e+00 5.42e-04
1.98376e+00 5.42e-04
1.98414e+00 5.41e-04
1.98453e+00 5.40e-04
1.98491e+00 5.40e-04
1.98531e+00 5.39e-04
1.98569e+00 5.39e-04
1.98608e+00 5.38e-04
1.98648e+00 5.38e-04
1.98686e+00 5.37e-04
1.98724e+00 5.36e-04
1.98764e+00 5.36e-04
1.98803e+00 5.35e-04
1.98842e+00 5.34e-04
1.98882e+00 5.34e-04
1.98920e+00 5.33e-04
1.98960e+00 5.33e-04
1.99000e+00 5.32e-04
1.99038e+00 5.32e-04
1.99077e+00 5.31e-04
1.99117e+00 5.30e-04
1.99157e+00 5.30e-04
1.99196e+00 5.29e-04
1.99236e+00 5.29e-04
1.99274e+00 5.28e-04
1.99313e+00 5.28e-04
1.99354e+00 5.27e-04
1.99394e+00 5.26e-04
1.99433e+00 5.26e-04
1.99473e+00 5.25e-04
1.99512e+00 5.25e-04
1.99552e+00 5.24e-04
1.99592e+00 5.24e-04
1.99632e+00 5.23e-04
1.99671e+00 5.22e-04
1.99712e+00 5.22e-04
1.99751e+00 5.21e-04
1.99792e+00 5.21e-04
1.99831e+00 5.20e-04
1.99872e+00 5.19e-04
1.99911e+00 5.19e-04
1.99952e+00 5.18e-04
1.99992e+00 5.18e-04
2.00032e+00 5.17e-04
2.00072e+00 5.17e-04
2.00113e+00 5.16e-04
2.00153e+00 5.15e-04
2.00194e+00 5.15e-04
2.00234e+00 5.14e-04
2.00274e+00 5.14e-04
2.00314e+00 5.13e-04
2.00356e+00 5.13e-04
2.00396e+00 5.12e-04
2.00437e+00 5.11e-04
2.00477e+00 5.11e-04
2.00518e+00 5.10e-04
2.00558e+00 5.10e-04
2.00600e+00 5.09e-04
2.00640e+00 5.08e-04
2.00680e+00 5.08e-04
2.00722e+00 5.07e-04
2.00762e+00 5.07e-04
2.00804e+00 5.06e-04
2.00844e+00 5.06e-04
2.00886e+00 5.05e-04
2.00927e+00 5.04e-04
2.00968e+00 5.04e-04
2.01009e+00 5.03e-04
2.01051e+00 5.03e-04
2.01092e+00 5.02e-04
2.01134e+00 5.01e-04
2.01174e+00 5.01e-04
2.01215e+00 5.00e-04
2.01257e+00 5.00e-04
2.01298e+00 4.99e-04
2.01341e+00 4.98e-04
2.01382e+00 4.98e-04
2.01424e+00 4.97e-04
2.01465e+00 4.97e-04
2.01506e+00 4.96e-04
2.01549e+00 4.96e-04
2.01590e+00 4.95e-04
2.01632e+00 4.94e-04
2.01674e+00 4.94e-04
2.01715e+00 4.93e-04
2.01758e+00 4.93e-04
2.01800e+00 4.92e-04
2.01842e+00 4.92e-04
2.01884e+00 4.91e-04
2.01927e+00 4.91e-04
2.01968e+00 4.90e-04
2.02010e+00 4.89e-04
2.02053e+00 4.89e-04
2.02095e+00 4.88e-04
2.02138e+00 4.88e-04
2.02180e+00 4.87e-04
2.02222e+00 4.87e-04
2.02265e+00 4.86e-04
2.02307e+00 4.86e-04
2.02351e+00 4.85e-04
2.02393e+00 4.84e-04
2.02435e+00 4.84e-04
2.02479e+00 4.83e-04
2.02521e+00 4.83e-04
2.02563e+00 4.82e-04
2.02607e+00 4.82e-04
2.02650e+00 4.81e-04
2.02692e+00 4.80e-04
2.02736e+00 4.80e-04
2.02779e+00 4.79e-04
2.02821e+00 4.79e-04
2.02865e+00 4.78e-04
2.02908e+00 4.78e-04
2.02952e+00 4.77e-04
2.02995e+00 4.76e-04
2.03038e+00 4.76e-04
2.03082e+00 4.75e-04
2.03125e+00 4.75e-04
2.03168e+00 4.74e-04
2.03213e+00 4.74e-04
2.03256e+00 4.73e-04
2.03299e+00 4.72e-04
2.03344e+00 4.72e-04
2.03387e+00 4.71e-04
2.03431e+00 4.71e-04
2.03474e+00 4.70e-04
2.03519e+00 4.70e-04
2.03562e+00 4.69e-04
2.03606e+00 4.69e-04
2.03651e+00 4.68e-04
2.03695e+00 4.67e-04
2.03739e+00 4.67e-04
2.03784e+00 4.66e-04
2.03828e+00 4.66e-04
2.03872e+00 4.65e-04
2.03917e+00 4.65e-04
2.03961e+00 4.64e-04
2.04005e+00 4.63e-04
2.04049e+00 4.63e-04
2.04095e+00 4.62e-04
2.04139e+00 4.62e-04
2.04183e+00 4.61e-04
2.04228e+00 4.60e-04
2.04274e+00 4.60e-04
2.04318e+00 4.59e-04
2.04363e+00 4.59e-04
2.04409e+00 4.58e-04
2.04453e+00 4.58e-04
2.04498e+00 4.57e-04
2.04543e+00 4.56e-04
2.04588e+00 4.56e-04
2.04634e+00 4.55e-04
2.04679e+00 4.55e-04
2.04724e+00 4.54e-04
2.04771e+00 4.54e-04
2.04816e+00 4.53e-04
2.04861e+00 4.52e-04
2.04907e+00 4.52e-04
2.04952e+00 4.51e-04
2.04997e+00 4.51e-04
2.05044e+00 4.50e-04
2.05090e+00 4.49e-04
2.05135e+00 4.49e-04
2.05181e+00 4.48e-04
2.05228e+00 4.48e-04
2.05274e+00 4.47e-04
2.05320e+00 4.47e-04
2.05366e+00 4.46e-04
2.05412e+00 4.45e-04
2.05459e+00 4.45e-04
2.05505e+00 4.44e-04
2.05551e+00 4.44e-04
2.05598e+00 4.43e-04
2.05644e+00 4.42e-04
2.05691e+00 4.42e-04
2.05737e+00 4.41e-04
2.05785e+00 4.41e-04
2.05831e+00 4.40e-04
2.05878e+00 4.40e-04
2.05925e+00 4.39e-04
2.05972e+00 4.38e-04
2.06020e+00 4.38e-04
2.06067e+00 4.37e-04
2.06114e+00 4.37e-04
2.06161e+00 4.36e-04
2.06208e+00 4.36e-04
2.06255e+00 4.35e-04
2.06303e+00 4.35e-04
2.06350e+00 4.34e-04
2.06399e+00 4.33e-04
2.06445e+00 4.33e-04
2.06494e+00 4.32e-04
2.06541e+00 4.32e-04
2.06589e+00 4.31e-04
2.06637e+00 4.31e-04
2.06685e+00 4.30e-04
2.06733e+00 4.29e-04
2.06781e+00 4.29e-04
2.06829e+00 4.28e-04
2.06877e+00 4.28e-04
2.06925e+00 4.27e-04
2.06974e+00 4.27e-04
2.07022e+00 4.26e-04
2.07070e+00 4.25e-04
2.07120e+00 4.25e-04
2.07169e+00 4.24e-04
2.07217e+00 4.24e-04
2.07266e+00 4.23e-04
2.07315e+00 4.23e-04
2.07364e+00 4.22e-04
2.07413e+00 4.21e-04
2.07462e+00 4.21e-04
2.07511e+00 4.20e-04
2.07560e+00 4.20e-04
2.07609e+00 4.19e-04
2.07659e+00 4.19e-04
2.07708e+00 4.18e-04
2.07758e+00 4.17e-04
2.07807e+00 4.17e-04
2.07857e+00 4.16e-04
2.07907e+00 4.16e-04
2.07957e+00 4.15e-04
2.08007e+00 4.15e-04
2.08057e+00 4.14e-04
2.08107e+00 4.13e-04
2.08156e+00 4.13e-04
2.08206e+00 4.12e-04
2.08256e+00 4.12e-04
2.08307e+00 4.11e-04
2.08357e+00 4.10e-04
2.08408e+00 4.10e-04
2.08459e+00 4.09e-04
2.08509e+00 4.09e-04
2.08535e+00 4.08e-04
2.08586e+00 4.08e-04
2.08636e+00 4.07e-04
2.08686e+00 4.06e-04
2.08738e+00 4.06e-04
2.08789e+00 4.05e-04
2.08840e+00 4.05e-04
2.08891e+00 4.04e-04
2.08943e+00 4.03e-04
2.08994e+00 4.03e-04
2.09046e+00 4.02e-04
2.09097e+00 4.02e-04
2.09149e+00 4.01e-04
2.09201e+00 4.01e-04
2.09253e+00 4.00e-04
2.09305e+00 3.99e-04
2.09357e+00 3.99e-04
2.09408e+00 3.98e-04
2.09460e+00 3.98e-04
2.09513e+00 3.97e-04
2.09565e+00 3.96e-04
2.09618e+00 3.96e-04
2.09670e+00 3.95e-04
2.09723e+00 3.95e-04
2.09775e+00 3.94e-04
2.09828e+00 3.93e-04
2.09882e+00 3.93e-04
2.09934e+00 3.92e-04
2.09987e+00 3.92e-04
2.10040e+00 3.91e-04
2.10093e+00 3.90e-04
2.10146e+00 3.90e-04
2.10200e+00 3.89e-04
2.10254e+00 3.89e-04
2.10307e+00 3.88e-04
2.10361e+00 3.88e-04
2.10415e+00 3.87e-04
2.10468e+00 3.86e-04
2.10522e+00 3.86e-04
2.10577e+00 3.85e-04
2.10630e+00 3.85e-04
2.10685e+00 3.84e-04
2.10738e+00 3.84e-04
2.10793e+00 3.83e-04
2.10848e+00 3.82e-04
2.10902e+00 3.82e-04
2.10957e+00 3.81e-04
2.11012e+00 3.81e-04
2.11066e+00 3.80e-04
2.11122e+00 3.80e-04
2.11176e+00 3.79e-04
2.11232e+00 3.78e-04
2.11288e+00 3.78e-04
2.11343e+00 3.77e-04
2.11399e+00 3.77e-04
2.11454e+00 3.76e-04
2.11510e+00 3.76e-04
2.11565e+00 3.75e-04
2.11621e+00 3.74e-04
2.11677e+00 3.74e-04
2.11734e+00 3.73e-04
2.11789e+00 3.73e-04
2.11846e+00 3.72e-04
2.11902e+00 3.72e-04
2.11959e+00 3.71e-04
2.12015e+00 3.70e-04
2.12073e+00 3.70e-04
2.12129e+00 3.69e-04
2.12187e+00 3.69e-04
2.12243e+00 3.68e-04
2.12300e+00 3.67e-04
2.12358e+00 3.67e-04
2.12415e+00 3.66e-04
2.12473e+00 3.66e-04
2.12530e+00 3.65e-04
2.12588e+00 3.65e-04
2.12646e+00 3.64e-04
2.12704e+00 3.63e-04
2.12761e+00 3.63e-04
2.12820e+00 3.62e-04
2.12878e+00 3.62e-04
2.12936e+00 3.61e-04
2.12996e+00 3.60e-04
2.13054e+00 3.60e-04
2.13113e+00 3.59e-04
2.13171e+00 3.59e-04
2.13231e+00 3.58e-04
2.13290e+00 3.57e-04
2.13349e+00 3.57e-04
2.13408e+00 3.56e-04
2.13468e+00 3.56e-04
2.13528e+00 3.55e-04
2.13587e+00 3.54e-04
2.13647e+00 3.54e-04
2.13707e+00 3.53e-04
2.13768e+00 3.53e-04
2.13828e+00 3.52e-04
2.13888e+00 3.51e-04
2.13948e+00 3.51e-04
2.14009e+00 3.50e-04
2.14070e+00 3.50e-04
2.14130e+00 3.49e-04
2.14191e+00 3.48e-04
2.14253e+00 3.48e-04
2.14314e+00 3.47e-04
2.14375e+00 3.46e-04
2.14437e+00 3.46e-04
2.14498e+00 3.45e-04
2.14560e+00 3.45e-04
2.14622e+00 3.44e-04
2.14684e+00 3.44e-04
2.14747e+00 3.43e-04
2.14809e+00 3.42e-04
2.14872e+00 3.42e-04
2.14934e+00 3.41e-04
2.14997e+00 3.41e-04
2.15060e+00 3.40e-04
2.15123e+00 3.39e-04
2.15187e+00 3.39e-04
2.15249e+00 3.38e-04
2.15313e+00 3.38e-04
2.15377e+00 3.37e-04
2.15441e+00 3.37e-04
2.15505e+00 3.36e-04
2.15568e+00 3.35e-04
2.15633e+00 3.35e-04
2.15697e+00 3.34e-04
2.15762e+00 3.34e-04
2.15826e+00 3.33e-04
2.15891e+00 3.32e-04
2.15957e+00 3.32e-04
2.16021e+00 3.31e-04
2.16087e+00 3.31e-04
2.16153e+00 3.30e-04
2.16218e+00 3.29e-04
2.16284e+00 3.29e-04
2.16350e+00 3.28e-04
2.16416e+00 3.27e-04
2.16483e+00 3.27e-04
2.16548e+00 3.26e-04
2.16616e+00 3.26e-04
2.16682e+00 3.25e-04
2.16749e+00 3.24e-04
2.16816e+00 3.24e-04
2.16884e+00 3.23e-04
2.16951e+00 3.23e-04
2.17018e+00 3.22e-04
2.17086e+00 3.21e-04
2.17154e+00 3.21e-04
2.17223e+00 3.20e-04
2.17291e+00 3.20e-04
2.17359e+00 3.19e-04
2.17427e+00 3.18e-04
2.17497e+00 3.18e-04
2.17566e+00 3.17e-04
2.17635e+00 3.16e-04
2.17704e+00 3.16e-04
2.17774e+00 3.15e-04
2.17844e+00 3.15e-04
2.17914e+00 3.14e-04
2.17984e+00 3.13e-04
2.18054e+00 3.13e-04
2.18125e+00 3.12e-04
2.18195e+00 3.11e-04
2.18266e+00 3.11e-04
2.18337e+00 3.10e-04
2.18408e+00 3.09e-04
2.18480e+00 3.09e-04
2.18552e+00 3.08e-04
2.18624e+00 3.08e-04
2.18696e+00 3.07e-04
2.18768e+00 3.06e-04
2.18841e+00 3.06e-04
2.18914e+00 3.05e-04
2.18986e+00 3.05e-04
2.19060e+00 3.04e-04
2.19133e+00 3.03e-04
2.19207e+00 3.03e-04
2.19280e+00 3.02e-04
2.19354e+00 3.01e-04
2.19429e+00 3.01e-04
2.19503e+00 3.00e-04
2.19578e+00 3.00e-04
2.19652e+00 2.99e-04
2.19728e+00 2.98e-04
2.19804e+00 2.98e-04
2.19879e+00 2.97e-04
2.19954e+00 2.96e-04
2.20031e+00 2.96e-04
2.20107e+00 2.95e-04
2.20184e+00 2.95e-04
2.20260e+00 2.94e-04
2.20337e+00 2.93e-04
2.20415e+00 2.93e-04
2.20492e+00 2.92e-04
2.20569e+00 2.91e-04
2.20647e+00 2.91e-04
2.20725e+00 2.90e-04
2.20804e+00 2.90e-04
2.20882e+00 2.89e-04
2.20961e+00 2.88e-04
2.21040e+00 2.88e-04
2.21120e+00 2.87e-04
2.21200e+00 2.86e-04
2.21280e+00 2.86e-04
2.21360e+00 2.85e-04
2.21441e+00 2.84e-04
2.21522e+00 2.84e-04
2.21602e+00 2.83e-04
2.21684e+00 2.82e-04
2.21766e+00 2.82e-04
2.21847e+00 2.81e-04
2.21930e+00 2.80e-04
2.22013e+00 2.80e-04
2.22095e+00 2.79e-04
2.22178e+00 2.78e-04
2.22261e+00 2.78e-04
2.22346e+00 2.77e-04
2.22429e+00 2.76e-04
2.22513e+00 2.76e-04
2.22597e+00 2.75e-04
2.22683e+00 2.74e-04
2.22768e+00 2.74e-04
2.22853e+00 2.73e-04
2.22939e+00 2.72e-04
2.23025e+00 2.72e-04
2.23111e+00 2.71e-04
2.23198e+00 2.71e-04
2.23285e+00 2.70e-04
2.23373e+00 2.69e-04
2.23461e+00 2.69e-04
2.23548e+00 2.68e-04
2.23637e+00 2.67e-04
2.23726e+00 2.67e-04
2.23815e+00 2.66e-04
2.23904e+00 2.65e-04
2.23994e+00 2.65e-04
2.24084e+00 2.64e-04
2.24175e+00 2.63e-04
2.24265e+00 2.63e-04
2.24357e+00 2.62e-04
2.24449e+00 2.61e-04
2.24540e+00 2.61e-04
2.24633e+00 2.60e-04
2.24725e+00 2.59e-04
2.24818e+00 2.59e-04
2.24912e+00 2.58e-04
2.25006e+00 2.57e-04
2.25101e+00 2.57e-04
2.25195e+00 2.56e-04
2.25290e+00 2.55e-04
2.25386e+00 2.54e-04
2.25482e+00 2.54e-04
2.25578e+00 2.53e-04
2.25675e+00 2.52e-04
2.25772e+00 2.52e-04
2.25870e+00 2.51e-04
2.25968e+00 2.50e-04
2.26067e+00 2.50e-04
2.26166e+00 2.49e-04
2.26265e+00 2.48e-04
2.26365e+00 2.47e-04
2.26465e+00 2.47e-04
2.26566e+00 2.46e-04
2.26667e+00 2.45e-04
2.26769e+00 2.45e-04
2.26871e+00 2.44e-04
2.26974e+00 2.43e-04
2.27077e+00 2.42e-04
2.27181e+00 2.42e-04
2.27285e+00 2.41e-04
2.27390e+00 2.40e-04
2.27496e+00 2.40e-04
2.27602e+00 2.39e-04
2.27707e+00 2.38e-04
2.27814e+00 2.38e-04
2.27921e+00 2.37e-04
2.28030e+00 2.36e-04
2.28138e+00 2.35e-04
2.28247e+00 2.35e-04
2.28358e+00 2.34e-04
2.28468e+00 2.33e-04
2.28578e+00 2.33e-04
2.28690e+00 2.32e-04
2.28802e+00 2.31e-04
2.28915e+00 2.30e-04
2.29028e+00 2.30e-04
2.29141e+00 2.29e-04
2.29257e+00 2.28e-04
2.29372e+00 2.27e-04
2.29488e+00 2.27e-04
2.29604e+00 2.26e-04
2.29721e+00 2.25e-04
2.29839e+00 2.24e-04
2.29958e+00 2.24e-04
2.30077e+00 2.23e-04
2.30197e+00 2.22e-04
2.30318e+00 2.21e-04
2.30438e+00 2.21e-04
2.30558e+00 2.20e-04
2.30688e+00 2.19e-04
2.30807e+00 2.18e-04
2.30936e+00 2.17e-04
2.31055e+00 2.17e-04
2.31184e+00 2.16e-04
2.31313e+00 2.15e-04
2.31441e+00 2.14e-04
2.31570e+00 2.14e-04
2.31698e+00 2.13e-04
2.31826e+00 2.12e-04
2.31954e+00 2.11e-04
2.32092e+00 2.10e-04
2.32219e+00 2.10e-04
2.32356e+00 2.09e-04
2.32493e+00 2.08e-04
2.32630e+00 2.07e-04
2.32767e+00 2.07e-04
2.32903e+00 2.06e-04
2.33039e+00 2.05e-04
2.33185e+00 2.04e-04
2.33321e+00 2.03e-04
2.33466e+00 2.02e-04
2.33612e+00 2.02e-04
2.33747e+00 2.01e-04
2.33901e+00 2.00e-04
2.34046e+00 1.99e-04
2.34190e+00 1.98e-04
2.34344e+00 1.97e-04
2.34488e+00 1.97e-04
2.34641e+00 1.96e-04
2.34794e+00 1.95e-04
2.34947e+00 1.94e-04
2.35099e+00 1.93e-04
2.35261e+00 1.92e-04
2.35413e+00 1.91e-04
2.35575e+00 1.91e-04
2.35736e+00 1.90e-04
2.35897e+00 1.89e-04
2.36057e+00 1.88e-04
2.36227e+00 1.87e-04
2.36396e+00 1.86e-04
2.36556e+00 1.85e-04
2.36734e+00 1.84e-04
2.36903e+00 1.84e-04
2.37071e+00 1.83e-04
2.37248e+00 1.82e-04
2.37425e+00 1.81e-04
2.37602e+00 1.80e-04
2.37788e+00 1.79e-04
2.37964e+00 1.78e-04
2.38149e+00 1.77e-04
2.38334e+00 1.76e-04
2.38527e+00 1.75e-04
2.38711e+00 1.74e-04
2.38904e+00 1.73e-04
2.39096e+00 1.72e-04
2.39297e+00 1.71e-04
2.39498e+00 1.70e-04
2.39699e+00 1.69e-04
2.39899e+00 1.69e-04
2.40107e+00 1.68e-04
2.40315e+00 1.67e-04
2.40532e+00 1.66e-04
2.40740e+00 1.65e-04
2.40964e+00 1.64e-04
2.41180e+00 1.63e-04
2.41404e+00 1.62e-04
2.41627e+00 1.60e-04
2.41859e+00 1.59e-04
2.42090e+00 1.58e-04
2.42330e+00 1.57e-04
2.42569e+00 1.56e-04
2.42816e+00 1.55e-04
2.42939e+00 1.54e-04
2.43186e+00 1.53e-04
2.43440e+00 1.52e-04
2.43694e+00 1.51e-04
2.43956e+00 1.50e-04
2.44226e+00 1.49e-04
2.44495e+00 1.48e-04
2.44772e+00 1.47e-04
2.45057e+00 1.45e-04
2.45342e+00 1.44e-04
2.45634e+00 1.43e-04
2.45933e+00 1.42e-04
2.46241e+00 1.41e-04
2.46547e+00 1.39e-04
2.46861e+00 1.38e-04
2.47191e+00 1.37e-04
2.47519e+00 1.35e-04
2.47855e+00 1.34e-04
2.48207e+00 1.33e-04
2.48566e+00 1.31e-04
2.48923e+00 1.30e-04
2.49304e+00 1.29e-04
2.49684e+00 1.27e-04
2.50078e+00 1.26e-04
2.50487e+00 1.24e-04
2.50911e+00 1.23e-04
2.51341e+00 1.21e-04
2.51786e+00 1.20e-04
2.52252e+00 1.18e-04
2.52733e+00 1.17e-04
2.53227e+00 1.15e-04
2.53742e+00 1.13e-04
2.54286e+00 1.12e-04
2.54843e+00 1.10e-04
2.55428e+00 1.08e-04
2.56048e+00 1.06e-04
2.56695e+00 1.04e-04
2.57376e+00 1.02e-04
2.58097e+00 9.99e-05
2.58867e+00 9.77e-05
2.59682e+00 9.55e-05
2.60565e+00 9.31e-05
2.61513e+00 9.06e-05
2.62024e+00 8.92e-05
2.63110e+00 8.65e-05
2.63698e+00 8.50e-05
2.64319e+00 8.36e-05
2.64971e+00 8.20e-05
2.65669e+00 8.03e-05
2.66410e+00 7.86e-05
2.67215e+00 7.68e-05
2.68082e+00 7.49e-05
2.70069e+00 7.06e-05
2.71231e+00 6.83e-05
2.72543e+00 6.57e-05
2.74065e+00 6.29e-05
2.75874e+00 5.97e-05
2.78130e+00 5.59e-05
2.81151e+00 5.11e-05
2.85859e+00 4.46e-05
2.99573e+00 3.00e-05
