# OPACITY Project tables
-2.61515e+00 1.16e+01
-2.27341e+00 4.01e+00
-2.07433e+00 2.18e+00
-1.93351e+00 1.48e+00
-1.82455e+00 1.17e+00
-1.73574e+00 1.05e+00
-1.66078e+00 6.47e-01
-1.59603e+00 5.29e-01
-1.53898e+00 4.57e-01
-1.48802e+00 4.23e-01
-1.44198e+00 3.99e-01
-1.40003e+00 3.46e-01
-1.36148e+00 3.03e-01
-1.32584e+00 2.68e-01
-1.29269e+00 2.41e-01
-1.26174e+00 2.21e-01
-1.23268e+00 2.15e-01
-1.20531e+00 2.37e-01
-1.17944e+00 3.08e-01
-1.15493e+00 4.98e-01
-1.13165e+00 3.74e-01
-1.10945e+00 2.44e-01
-1.08827e+00 1.82e-01
-1.06799e+00 1.52e-01
-1.04857e+00 1.38e-01
-1.02994e+00 1.34e-01
-1.01200e+00 1.46e-01
-9.94739e-01 1.69e-01
-9.78086e-01 1.49e-01
-9.62021e-01 1.18e-01
-9.46492e-01 1.01e-01
-9.31455e-01 9.10e-02
-9.16916e-01 9.89e-02
-9.02807e-01 8.94e-02
-8.89113e-01 8.11e-02
-8.75797e-01 7.37e-02
-8.62868e-01 7.32e-02
-8.50292e-01 7.33e-02
-8.38057e-01 7.04e-02
-8.26130e-01 6.77e-02
-8.14502e-01 6.55e-02
-8.03185e-01 6.36e-02
-7.92106e-01 6.21e-02
-7.81301e-01 6.11e-02
-7.70741e-01 6.07e-02
-7.60420e-01 6.11e-02
-7.50331e-01 6.23e-02
-7.40469e-01 6.37e-02
-7.30787e-01 6.42e-02
-7.21320e-01 6.39e-02
-7.12045e-01 6.39e-02
-7.02955e-01 6.43e-02
-6.94048e-01 6.43e-02
-6.85298e-01 6.40e-02
-6.76723e-01 6.46e-02
-6.68298e-01 6.76e-02
-6.60041e-01 7.46e-02
-6.51909e-01 8.83e-02
-6.43938e-01 1.14e-01
-6.36087e-01 1.57e-01
-6.28390e-01 2.14e-01
-6.20808e-01 2.47e-01
-6.13357e-01 2.12e-01
-6.06016e-01 1.54e-01
-5.98801e-01 1.16e-01
-5.91692e-01 9.78e-02
-5.84687e-01 9.55e-02
-5.77803e-01 1.15e-01
-5.71018e-01 1.91e-01
-5.64314e-01 3.04e-01
-5.57725e-01 3.74e-01
-5.51231e-01 2.20e-01
-5.44831e-01 1.15e-01
-5.38505e-01 7.71e-02
-5.32288e-01 6.06e-02
-5.26142e-01 5.19e-02
-5.20085e-01 4.66e-02
-5.14098e-01 4.30e-02
-5.08196e-01 4.03e-02
-5.02362e-01 3.82e-02
-4.96610e-01 3.65e-02
-4.90925e-01 3.52e-02
-4.85320e-01 3.41e-02
-4.79779e-01 3.32e-02
-4.74301e-01 3.25e-02
-4.68884e-01 3.20e-02
-4.63545e-01 3.17e-02
-4.58265e-01 3.16e-02
-4.53044e-01 3.17e-02
-4.47882e-01 3.20e-02
-4.42778e-01 3.25e-02
-4.37730e-01 3.32e-02
-4.32739e-01 3.43e-02
-4.27803e-01 3.58e-02
-4.22922e-01 3.79e-02
-4.18095e-01 4.07e-02
-4.13321e-01 4.47e-02
-4.08585e-01 5.04e-02
-4.03901e-01 5.88e-02
-3.99284e-01 7.16e-02
-3.94688e-01 9.23e-02
-3.90158e-01 1.28e-01
-3.85662e-01 1.83e-01
-3.81216e-01 2.73e-01
-3.76819e-01 4.25e-01
-3.72456e-01 5.76e-01
-3.68126e-01 5.73e-01
-3.63858e-01 4.08e-01
-3.59622e-01 2.56e-01
-3.55419e-01 1.67e-01
-3.51261e-01 1.18e-01
-3.47135e-01 8.91e-02
-3.43054e-01 7.09e-02
-3.39003e-01 5.88e-02
-3.34997e-01 5.03e-02
-3.31021e-01 4.41e-02
-3.27088e-01 3.93e-02
-3.23185e-01 3.57e-02
-3.19310e-01 3.29e-02
-3.15464e-01 3.06e-02
-3.11661e-01 2.89e-02
-3.07885e-01 2.74e-02
-3.04150e-01 2.63e-02
-3.00430e-01 2.54e-02
-2.96750e-01 2.72e-02
-2.93097e-01 2.62e-02
-2.89484e-01 2.53e-02
-2.85884e-01 2.45e-02
-2.82323e-01 2.38e-02
-2.78788e-01 2.31e-02
-2.75279e-01 2.26e-02
-2.71796e-01 2.22e-02
-2.68350e-01 2.19e-02
-2.64917e-01 2.16e-02
-2.61521e-01 2.13e-02
-2.58149e-01 2.10e-02
-2.54802e-01 2.06e-02
-2.51466e-01 2.02e-02
-2.44891e-01 1.94e-02
-2.41639e-01 1.89e-02
-2.38409e-01 1.85e-02
-2.35203e-01 1.82e-02
-2.32020e-01 1.78e-02
-2.28860e-01 1.76e-02
-2.25722e-01 1.73e-02
-2.22606e-01 1.71e-02
-2.19513e-01 1.69e-02
-2.16441e-01 1.67e-02
-2.13391e-01 1.66e-02
-2.10363e-01 1.65e-02
-2.07344e-01 1.64e-02
-2.04359e-01 1.64e-02
-2.01382e-01 1.64e-02
-1.98439e-01 1.65e-02
-1.95504e-01 1.65e-02
-1.92590e-01 1.67e-02
-1.89697e-01 1.68e-02
-1.86824e-01 1.71e-02
-1.83971e-01 1.74e-02
-1.81126e-01 1.77e-02
-1.78314e-01 1.81e-02
-1.75509e-01 1.86e-02
-1.72724e-01 1.92e-02
-1.69958e-01 1.98e-02
-1.67200e-01 2.04e-02
-1.64474e-01 2.10e-02
-1.61755e-01 2.15e-02
-1.59054e-01 2.18e-02
-1.56373e-01 2.19e-02
-1.53699e-01 2.18e-02
-1.51044e-01 2.14e-02
-1.48407e-01 2.08e-02
-1.45789e-01 2.01e-02
-1.40596e-01 1.86e-02
-1.38021e-01 1.79e-02
-1.35453e-01 1.72e-02
-1.32914e-01 1.66e-02
-1.30382e-01 1.61e-02
-1.27867e-01 1.56e-02
-1.25359e-01 1.51e-02
-1.22868e-01 1.47e-02
-1.20395e-01 1.44e-02
-1.17928e-01 1.41e-02
-1.15489e-01 1.38e-02
-1.13057e-01 1.35e-02
-1.10630e-01 1.33e-02
-1.08220e-01 1.31e-02
-1.05827e-01 1.29e-02
-1.03440e-01 1.28e-02
-1.01070e-01 1.26e-02
-9.87160e-02 1.25e-02
-9.63788e-02 1.24e-02
-9.40360e-02 1.23e-02
-9.17206e-02 1.22e-02
-8.94106e-02 1.21e-02
-8.71168e-02 1.20e-02
-8.48283e-02 1.20e-02
-8.25559e-02 1.19e-02
-8.02994e-02 1.19e-02
-7.80480e-02 1.18e-02
-7.58125e-02 1.18e-02
-7.35820e-02 1.18e-02
-7.13671e-02 1.17e-02
-6.91679e-02 1.17e-02
-6.69735e-02 1.17e-02
-6.47839e-02 1.17e-02
-6.26097e-02 1.17e-02
-6.04509e-02 1.18e-02
-5.82967e-02 1.18e-02
-5.61577e-02 1.18e-02
-5.40233e-02 1.19e-02
-5.19040e-02 1.20e-02
-4.97997e-02 1.21e-02
-4.76998e-02 1.22e-02
-4.56042e-02 1.23e-02
-4.35236e-02 1.24e-02
-4.14576e-02 1.26e-02
-3.93959e-02 1.27e-02
-3.73385e-02 1.29e-02
-3.52956e-02 1.32e-02
-3.32673e-02 1.34e-02
-3.12430e-02 1.37e-02
-2.92229e-02 1.41e-02
-2.72170e-02 1.45e-02
-2.52255e-02 1.49e-02
-2.32379e-02 1.54e-02
-2.12543e-02 1.60e-02
-1.92848e-02 1.67e-02
-1.73293e-02 1.75e-02
-1.53675e-02 1.85e-02
-1.34298e-02 1.96e-02
-1.14958e-02 2.08e-02
-9.56560e-03 2.22e-02
-7.64918e-03 2.38e-02
-5.73642e-03 2.55e-02
-3.83735e-03 2.74e-02
-1.94188e-03 2.93e-02
-5.00013e-05 3.13e-02
1.79838e-03 3.30e-02
3.69317e-03 3.44e-02
5.58438e-03 3.53e-02
7.37275e-03 3.56e-02
9.25702e-03 3.51e-02
1.11377e-02 3.40e-02
1.29162e-02 3.25e-02
1.47901e-02 3.08e-02
1.65621e-02 2.89e-02
1.84291e-02 2.70e-02
2.01947e-02 2.53e-02
2.19572e-02 2.37e-02
2.38142e-02 2.22e-02
2.55703e-02 2.10e-02
2.73233e-02 1.99e-02
2.90732e-02 1.89e-02
3.08201e-02 1.80e-02
3.25640e-02 1.73e-02
3.43048e-02 1.66e-02
3.60426e-02 1.60e-02
3.77774e-02 1.55e-02
3.95091e-02 1.50e-02
4.12379e-02 1.47e-02
4.29637e-02 1.43e-02
4.46865e-02 1.40e-02
4.64064e-02 1.37e-02
4.80280e-02 1.35e-02
4.97421e-02 1.32e-02
5.14533e-02 1.31e-02
5.30667e-02 1.29e-02
5.47722e-02 1.27e-02
5.64748e-02 1.26e-02
5.80802e-02 1.25e-02
5.97772e-02 1.25e-02
6.13773e-02 1.24e-02
6.29748e-02 1.24e-02
6.46635e-02 1.24e-02
6.62558e-02 1.25e-02
6.78455e-02 1.25e-02
6.95261e-02 1.27e-02
7.11106e-02 1.28e-02
7.26927e-02 1.30e-02
7.42722e-02 1.33e-02
7.58493e-02 1.36e-02
7.74239e-02 1.40e-02
7.90884e-02 1.45e-02
8.06579e-02 1.52e-02
8.22249e-02 1.60e-02
8.37895e-02 1.70e-02
8.52598e-02 1.84e-02
8.68197e-02 2.01e-02
8.83771e-02 2.25e-02
8.99321e-02 2.57e-02
9.14847e-02 3.04e-02
9.30349e-02 3.72e-02
9.44917e-02 4.81e-02
9.60372e-02 6.64e-02
9.75803e-02 1.01e-01
9.90305e-02 1.74e-01
1.00569e-01 3.44e-01
1.02015e-01 5.64e-01
1.03549e-01 4.34e-01
1.05080e-01 3.28e-01
1.06520e-01 3.55e-01
1.07957e-01 2.50e-01
1.09482e-01 1.36e-01
1.10915e-01 8.24e-02
1.12435e-01 5.67e-02
1.13864e-01 4.27e-02
1.15291e-01 3.41e-02
1.16805e-01 2.86e-02
1.18227e-01 2.47e-02
1.19648e-01 2.20e-02
1.21067e-01 1.99e-02
1.22483e-01 1.84e-02
1.23898e-01 1.71e-02
1.25398e-01 1.62e-02
1.26809e-01 1.54e-02
1.28217e-01 1.48e-02
1.29624e-01 1.42e-02
1.31028e-01 1.38e-02
1.32431e-01 1.35e-02
1.33831e-01 1.32e-02
1.35143e-01 1.29e-02
1.36539e-01 1.27e-02
1.37934e-01 1.26e-02
1.39327e-01 1.24e-02
1.40718e-01 1.24e-02
1.42107e-01 1.23e-02
1.43407e-01 1.23e-02
1.44793e-01 1.23e-02
1.46176e-01 1.23e-02
1.47471e-01 1.24e-02
1.48851e-01 1.25e-02
1.50229e-01 1.27e-02
1.51519e-01 1.29e-02
1.52893e-01 1.31e-02
1.54179e-01 1.34e-02
1.55550e-01 1.38e-02
1.56833e-01 1.41e-02
1.58200e-01 1.44e-02
1.59479e-01 1.47e-02
1.60757e-01 1.49e-02
1.62119e-01 1.49e-02
1.63394e-01 1.49e-02
1.64751e-01 1.46e-02
1.66023e-01 1.43e-02
1.67293e-01 1.39e-02
1.68561e-01 1.35e-02
1.69912e-01 1.31e-02
1.71176e-01 1.27e-02
1.72440e-01 1.24e-02
1.73701e-01 1.21e-02
1.74961e-01 1.18e-02
1.76220e-01 1.16e-02
1.77477e-01 1.14e-02
1.78732e-01 1.12e-02
1.80069e-01 1.10e-02
1.81321e-01 1.08e-02
1.83737e-01 1.05e-02
1.86231e-01 1.02e-02
1.88718e-01 9.95e-03
1.91199e-01 9.69e-03
1.92437e-01 9.57e-03
1.93591e-01 9.45e-03
1.94826e-01 9.34e-03
1.96060e-01 9.23e-03
1.97292e-01 9.13e-03
1.98441e-01 9.04e-03
1.99670e-01 8.95e-03
2.00898e-01 8.87e-03
2.02042e-01 8.80e-03
2.03267e-01 8.74e-03
2.04409e-01 8.68e-03
2.05631e-01 8.63e-03
2.06770e-01 8.59e-03
2.07989e-01 8.55e-03
2.09126e-01 8.52e-03
2.10342e-01 8.50e-03
2.11476e-01 8.48e-03
2.13820e-01 8.46e-03
2.16159e-01 8.44e-03
2.18493e-01 8.42e-03
2.20741e-01 8.40e-03
2.23064e-01 8.35e-03
2.25301e-01 8.30e-03
2.27614e-01 8.25e-03
2.28728e-01 8.23e-03
2.29841e-01 8.22e-03
2.30953e-01 8.21e-03
2.32064e-01 8.21e-03
2.33173e-01 8.21e-03
2.34281e-01 8.22e-03
2.35388e-01 8.23e-03
2.36494e-01 8.25e-03
2.38702e-01 8.30e-03
2.40905e-01 8.36e-03
2.42005e-01 8.39e-03
2.43103e-01 8.41e-03
2.44200e-01 8.43e-03
2.45296e-01 8.43e-03
2.46313e-01 8.42e-03
2.47407e-01 9.63e-03
2.48499e-01 9.58e-03
2.49591e-01 9.51e-03
2.50681e-01 9.43e-03
2.51692e-01 9.34e-03
2.53867e-01 9.14e-03
2.55959e-01 8.95e-03
2.58047e-01 8.76e-03
2.60208e-01 8.58e-03
2.62287e-01 8.41e-03
2.64362e-01 8.25e-03
2.66433e-01 8.11e-03
2.67428e-01 8.05e-03
2.68499e-01 7.98e-03
2.69493e-01 7.93e-03
2.70561e-01 7.87e-03
2.71553e-01 7.82e-03
2.72619e-01 7.78e-03
2.73609e-01 7.74e-03
2.74597e-01 7.70e-03
2.75660e-01 7.67e-03
2.76646e-01 7.64e-03
2.77632e-01 7.62e-03
2.78692e-01 7.60e-03
2.79675e-01 7.58e-03
2.80657e-01 7.57e-03
2.81639e-01 7.57e-03
2.82695e-01 7.57e-03
2.83674e-01 7.57e-03
2.84652e-01 7.58e-03
2.86606e-01 7.60e-03
2.88632e-01 7.64e-03
2.90578e-01 7.69e-03
2.92520e-01 7.74e-03
2.94459e-01 7.78e-03
2.95427e-01 7.80e-03
2.96394e-01 7.81e-03
2.97360e-01 7.82e-03
2.98325e-01 7.82e-03
2.99289e-01 7.82e-03
3.00253e-01 7.81e-03
3.01215e-01 7.78e-03
3.02177e-01 7.75e-03
3.03137e-01 7.72e-03
3.04097e-01 7.67e-03
3.05939e-01 7.58e-03
3.07852e-01 7.48e-03
3.09762e-01 7.37e-03
3.11594e-01 7.27e-03
3.12545e-01 7.23e-03
3.13496e-01 7.18e-03
3.14373e-01 7.15e-03
3.15322e-01 7.12e-03
3.16270e-01 7.09e-03
3.17144e-01 7.07e-03
3.18090e-01 7.06e-03
3.19035e-01 7.05e-03
3.19907e-01 7.05e-03
3.20851e-01 7.06e-03
3.21794e-01 7.07e-03
3.22663e-01 7.09e-03
3.23604e-01 7.12e-03
3.24472e-01 7.15e-03
3.25411e-01 7.19e-03
3.27215e-01 7.28e-03
3.29016e-01 7.36e-03
3.29879e-01 7.40e-03
3.30813e-01 7.43e-03
3.31675e-01 7.46e-03
3.32608e-01 7.47e-03
3.33468e-01 7.48e-03
3.34399e-01 7.47e-03
3.35257e-01 7.45e-03
3.36115e-01 7.41e-03
3.37044e-01 7.37e-03
3.38827e-01 7.28e-03
3.40535e-01 7.18e-03
3.41389e-01 7.13e-03
3.42312e-01 7.09e-03
3.43164e-01 7.06e-03
3.44015e-01 7.03e-03
3.44936e-01 7.01e-03
3.45786e-01 7.01e-03
3.46635e-01 7.01e-03
3.47483e-01 7.02e-03
3.48330e-01 7.05e-03
3.49247e-01 7.09e-03
3.50093e-01 7.13e-03
3.50939e-01 7.19e-03
3.52627e-01 7.31e-03
3.53470e-01 7.38e-03
3.54382e-01 7.43e-03
3.55224e-01 7.48e-03
3.56065e-01 7.51e-03
3.56905e-01 1.00e-02
3.57744e-01 1.00e-02
3.58583e-01 9.98e-03
3.59421e-01 9.93e-03
3.60259e-01 9.86e-03
3.61931e-01 9.71e-03
3.63601e-01 9.56e-03
3.64435e-01 9.49e-03
3.65268e-01 9.44e-03
3.66100e-01 9.39e-03
3.66932e-01 9.35e-03
3.67763e-01 9.31e-03
3.68594e-01 9.29e-03
3.69354e-01 9.28e-03
3.70183e-01 9.27e-03
3.71012e-01 9.28e-03
3.71839e-01 9.29e-03
3.72666e-01 9.31e-03
3.73493e-01 9.34e-03
3.74318e-01 9.37e-03
3.75075e-01 9.41e-03
3.75899e-01 9.46e-03
3.76723e-01 9.51e-03
3.77546e-01 9.57e-03
3.78299e-01 9.64e-03
3.79121e-01 9.71e-03
3.79942e-01 9.79e-03
3.80762e-01 9.88e-03
3.81514e-01 9.97e-03
3.82333e-01 1.01e-02
3.83151e-01 1.02e-02
3.83969e-01 1.03e-02
3.84718e-01 1.04e-02
3.85534e-01 1.06e-02
3.86282e-01 1.07e-02
3.87097e-01 1.09e-02
3.87912e-01 1.10e-02
3.88658e-01 1.12e-02
3.89471e-01 1.14e-02
3.90284e-01 1.16e-02
3.91028e-01 1.18e-02
3.91839e-01 1.21e-02
3.92582e-01 1.24e-02
3.93393e-01 1.27e-02
3.94134e-01 1.30e-02
3.94943e-01 1.33e-02
3.95684e-01 1.37e-02
3.96492e-01 1.41e-02
3.97231e-01 1.45e-02
3.98038e-01 1.50e-02
3.98776e-01 1.55e-02
3.99581e-01 1.61e-02
4.00319e-01 1.68e-02
4.01122e-01 1.74e-02
4.01859e-01 1.82e-02
4.02661e-01 1.91e-02
4.03396e-01 2.00e-02
4.04131e-01 2.10e-02
4.04932e-01 2.22e-02
4.05665e-01 2.35e-02
4.06465e-01 2.49e-02
4.07197e-01 2.65e-02
4.07929e-01 2.84e-02
4.08726e-01 3.05e-02
4.09457e-01 3.29e-02
4.10187e-01 3.56e-02
4.10983e-01 3.88e-02
4.11712e-01 4.26e-02
4.12441e-01 4.70e-02
4.13169e-01 5.22e-02
4.13962e-01 5.85e-02
4.14689e-01 6.62e-02
4.15415e-01 7.58e-02
4.16141e-01 8.79e-02
4.16932e-01 1.04e-01
4.17657e-01 1.25e-01
4.18381e-01 1.54e-01
4.19105e-01 1.96e-01
4.19828e-01 2.63e-01
4.20616e-01 3.70e-01
4.21338e-01 5.27e-01
4.22060e-01 6.56e-01
4.22781e-01 7.47e-01
4.23501e-01 9.72e-01
4.24221e-01 1.44e+00
4.25006e-01 2.02e+00
4.25725e-01 2.23e+00
4.26444e-01 2.47e+00
4.27161e-01 2.88e+00
4.27879e-01 2.46e+00
4.28596e-01 1.57e+00
4.29312e-01 9.71e-01
4.30028e-01 6.34e-01
4.30743e-01 4.41e-01
4.31458e-01 3.23e-01
4.32172e-01 2.47e-01
4.32886e-01 1.96e-01
4.33599e-01 1.59e-01
4.34312e-01 1.32e-01
4.35024e-01 1.11e-01
4.35736e-01 9.54e-02
4.36447e-01 8.28e-02
4.37158e-01 7.27e-02
4.37868e-01 6.45e-02
4.38577e-01 5.76e-02
4.39287e-01 5.19e-02
4.39995e-01 4.71e-02
4.40704e-01 4.30e-02
4.41411e-01 3.94e-02
4.42118e-01 3.64e-02
4.42761e-01 3.37e-02
4.43467e-01 3.13e-02
4.44173e-01 2.92e-02
4.44878e-01 2.74e-02
4.45583e-01 2.58e-02
4.46287e-01 2.43e-02
4.46927e-01 2.30e-02
4.47630e-01 2.18e-02
4.48333e-01 2.07e-02
4.49035e-01 1.97e-02
4.49737e-01 1.88e-02
4.50438e-01 1.80e-02
4.51076e-01 1.72e-02
4.51776e-01 1.65e-02
4.52476e-01 1.59e-02
4.53175e-01 1.53e-02
4.53811e-01 1.48e-02
4.54509e-01 1.43e-02
4.55207e-01 1.38e-02
4.55841e-01 1.34e-02
4.56538e-01 1.30e-02
4.57235e-01 1.26e-02
4.57931e-01 1.22e-02
4.58563e-01 1.19e-02
4.59259e-01 1.16e-02
4.59953e-01 1.13e-02
4.60584e-01 1.10e-02
4.61278e-01 1.08e-02
4.61971e-01 1.05e-02
4.62601e-01 1.03e-02
4.63294e-01 1.01e-02
4.63923e-01 9.84e-03
4.64614e-01 9.65e-03
4.65305e-01 9.46e-03
4.65933e-01 9.28e-03
4.66623e-01 9.11e-03
4.67250e-01 8.95e-03
4.67939e-01 8.79e-03
4.68565e-01 8.64e-03
4.69253e-01 8.50e-03
4.69941e-01 8.37e-03
4.70566e-01 8.24e-03
4.71253e-01 8.12e-03
4.71877e-01 8.00e-03
4.72563e-01 7.88e-03
4.73186e-01 7.78e-03
4.73871e-01 7.67e-03
4.74494e-01 7.57e-03
4.75799e-01 7.38e-03
4.77103e-01 7.21e-03
4.78406e-01 7.04e-03
4.79706e-01 6.89e-03
4.80944e-01 6.75e-03
4.82241e-01 6.61e-03
4.83537e-01 6.49e-03
4.84831e-01 6.37e-03
4.86062e-01 6.26e-03
4.87352e-01 6.15e-03
4.88641e-01 6.05e-03
4.89868e-01 5.96e-03
4.91153e-01 5.87e-03
4.92376e-01 5.78e-03
4.93659e-01 5.70e-03
4.94879e-01 5.62e-03
4.96159e-01 5.55e-03
4.97376e-01 5.47e-03
4.98591e-01 5.41e-03
4.99866e-01 5.34e-03
5.01078e-01 5.28e-03
5.02289e-01 5.22e-03
5.03559e-01 5.16e-03
5.04767e-01 5.10e-03
5.05974e-01 5.05e-03
5.07179e-01 5.00e-03
5.08383e-01 4.95e-03
5.09645e-01 4.90e-03
5.10846e-01 4.85e-03
5.12045e-01 4.81e-03
5.13243e-01 4.76e-03
5.14439e-01 4.72e-03
5.15634e-01 4.68e-03
5.16828e-01 4.64e-03
5.18020e-01 4.60e-03
5.19210e-01 4.57e-03
5.20340e-01 4.53e-03
5.21528e-01 4.50e-03
5.22715e-01 4.46e-03
5.23900e-01 4.43e-03
5.25083e-01 4.40e-03
5.26207e-01 4.36e-03
5.27388e-01 4.33e-03
5.28567e-01 4.30e-03
5.29687e-01 4.27e-03
5.30864e-01 4.25e-03
5.32039e-01 4.22e-03
5.33154e-01 4.19e-03
5.34327e-01 4.16e-03
5.35440e-01 4.14e-03
5.36610e-01 4.11e-03
5.37721e-01 4.09e-03
5.38888e-01 4.07e-03
5.39996e-01 4.05e-03
5.41103e-01 4.02e-03
5.42266e-01 4.00e-03
5.43370e-01 3.98e-03
5.44473e-01 3.96e-03
5.45633e-01 3.94e-03
5.46733e-01 3.92e-03
5.47832e-01 3.90e-03
5.48930e-01 3.88e-03
5.50085e-01 3.86e-03
5.51180e-01 3.84e-03
5.52275e-01 3.82e-03
5.53368e-01 3.80e-03
5.54460e-01 3.78e-03
5.55550e-01 3.76e-03
5.56640e-01 3.75e-03
5.57728e-01 3.73e-03
5.58815e-01 3.71e-03
5.59901e-01 3.70e-03
5.60986e-01 3.68e-03
5.62070e-01 3.66e-03
5.63152e-01 3.65e-03
5.64234e-01 3.63e-03
5.65314e-01 3.62e-03
5.66393e-01 3.60e-03
5.67471e-01 3.59e-03
5.68491e-01 3.58e-03
5.69566e-01 3.56e-03
5.70641e-01 3.55e-03
5.71714e-01 3.54e-03
5.72729e-01 3.53e-03
5.73800e-01 3.51e-03
5.74870e-01 3.50e-03
5.75883e-01 3.49e-03
5.76950e-01 3.47e-03
5.77961e-01 3.46e-03
5.79026e-01 3.45e-03
5.80090e-01 3.43e-03
5.81098e-01 3.42e-03
5.82160e-01 3.41e-03
5.83165e-01 3.40e-03
5.84225e-01 3.38e-03
5.85228e-01 3.37e-03
5.86230e-01 3.36e-03
5.87287e-01 3.34e-03
5.88287e-01 3.33e-03
5.89286e-01 3.32e-03
5.90339e-01 3.31e-03
5.91336e-01 3.30e-03
5.92332e-01 3.29e-03
5.93382e-01 3.28e-03
5.94376e-01 3.27e-03
5.95369e-01 3.26e-03
5.96361e-01 3.25e-03
5.97407e-01 3.24e-03
5.98397e-01 3.23e-03
5.99386e-01 3.23e-03
6.00374e-01 3.22e-03
6.01361e-01 3.21e-03
6.02347e-01 3.20e-03
6.03332e-01 3.19e-03
6.04316e-01 3.18e-03
6.05299e-01 3.17e-03
6.06281e-01 3.16e-03
6.07262e-01 3.15e-03
6.08243e-01 3.13e-03
6.09222e-01 3.13e-03
6.10200e-01 3.12e-03
6.11178e-01 3.11e-03
6.12154e-01 3.10e-03
6.13129e-01 3.09e-03
6.14104e-01 3.08e-03
6.15023e-01 3.07e-03
6.15996e-01 3.07e-03
6.16482e-01 3.10e-03
6.17453e-01 3.10e-03
6.18424e-01 3.09e-03
6.19339e-01 3.09e-03
6.20308e-01 3.08e-03
6.21275e-01 3.07e-03
6.22242e-01 3.07e-03
6.23154e-01 3.07e-03
6.24119e-01 3.06e-03
6.25082e-01 3.06e-03
6.25992e-01 3.05e-03
6.26954e-01 3.05e-03
6.34882e-01 3.03e-03
6.40853e-01 3.02e-03
6.44902e-01 3.02e-03
6.48516e-01 3.03e-03
6.50292e-01 3.03e-03
6.51231e-01 3.04e-03
6.52117e-01 3.04e-03
6.53002e-01 3.04e-03
6.53886e-01 3.05e-03
6.54770e-01 3.05e-03
6.55653e-01 3.06e-03
6.56535e-01 3.06e-03
6.57416e-01 3.07e-03
6.58297e-01 3.07e-03
6.59177e-01 3.08e-03
6.60056e-01 3.09e-03
6.60934e-01 3.10e-03
6.61811e-01 3.10e-03
6.62688e-01 3.11e-03
6.63564e-01 3.12e-03
6.64439e-01 3.13e-03
6.65262e-01 3.14e-03
6.66136e-01 3.15e-03
6.67009e-01 3.17e-03
6.67881e-01 3.18e-03
6.68752e-01 3.19e-03
6.69623e-01 3.21e-03
6.70441e-01 3.22e-03
6.71310e-01 3.24e-03
6.72179e-01 3.25e-03
6.73047e-01 3.27e-03
6.73862e-01 3.29e-03
6.74729e-01 3.31e-03
6.75594e-01 3.33e-03
6.76408e-01 3.35e-03
6.77272e-01 3.37e-03
6.78135e-01 3.40e-03
6.78947e-01 3.42e-03
6.79809e-01 3.45e-03
6.80619e-01 3.48e-03
6.81479e-01 3.51e-03
6.82339e-01 3.54e-03
6.83147e-01 3.57e-03
6.84006e-01 3.61e-03
6.84813e-01 3.64e-03
6.85669e-01 3.68e-03
6.86475e-01 3.72e-03
6.87330e-01 3.77e-03
6.88135e-01 3.81e-03
6.88989e-01 3.86e-03
6.89792e-01 3.91e-03
6.90594e-01 3.97e-03
6.91446e-01 4.03e-03
6.92247e-01 4.09e-03
6.93097e-01 4.16e-03
6.93897e-01 4.23e-03
6.94696e-01 4.30e-03
6.95544e-01 4.38e-03
6.96342e-01 4.47e-03
6.97139e-01 4.56e-03
6.97985e-01 4.66e-03
6.98781e-01 4.77e-03
6.99576e-01 4.88e-03
6.99974e-01 4.95e-03
7.00371e-01 5.01e-03
7.00818e-01 5.08e-03
7.01215e-01 5.15e-03
7.01611e-01 5.22e-03
7.02008e-01 5.30e-03
7.02404e-01 5.38e-03
7.02800e-01 5.46e-03
7.03197e-01 5.55e-03
7.03592e-01 5.64e-03
7.03988e-01 5.74e-03
7.04384e-01 5.84e-03
7.04829e-01 5.95e-03
7.05224e-01 6.07e-03
7.05619e-01 6.19e-03
7.06014e-01 6.32e-03
7.06409e-01 6.46e-03
7.06804e-01 6.61e-03
7.07198e-01 6.77e-03
7.07592e-01 6.94e-03
7.07987e-01 7.13e-03
7.08381e-01 7.33e-03
7.08774e-01 7.54e-03
7.09168e-01 7.78e-03
7.09562e-01 8.04e-03
7.09955e-01 8.32e-03
7.10348e-01 8.63e-03
7.10741e-01 8.98e-03
7.11134e-01 9.37e-03
7.11527e-01 9.80e-03
7.11920e-01 1.03e-02
7.12361e-01 1.08e-02
7.12754e-01 1.14e-02
7.13146e-01 1.21e-02
7.13538e-01 1.30e-02
7.13930e-01 1.39e-02
7.14321e-01 1.49e-02
7.14713e-01 1.61e-02
7.15104e-01 1.75e-02
7.15496e-01 1.90e-02
7.15887e-01 2.07e-02
7.16668e-01 2.41e-02
7.17059e-01 2.57e-02
7.17401e-01 2.70e-02
7.17791e-01 2.80e-02
7.18181e-01 2.84e-02
7.18571e-01 2.85e-02
7.18961e-01 2.83e-02
7.19351e-01 2.78e-02
7.19740e-01 2.71e-02
7.20130e-01 2.63e-02
7.20519e-01 2.53e-02
7.20908e-01 2.42e-02
7.21297e-01 2.31e-02
7.21686e-01 2.20e-02
7.22075e-01 2.10e-02
7.22463e-01 2.00e-02
7.22852e-01 1.92e-02
7.23240e-01 1.86e-02
7.23628e-01 1.81e-02
7.24016e-01 1.77e-02
7.24404e-01 1.74e-02
7.24743e-01 1.72e-02
7.25130e-01 1.71e-02
7.25518e-01 1.71e-02
7.25905e-01 1.72e-02
7.26292e-01 1.73e-02
7.26679e-01 1.75e-02
7.27065e-01 1.78e-02
7.27452e-01 1.81e-02
7.27838e-01 1.84e-02
7.28225e-01 1.88e-02
7.28611e-01 1.93e-02
7.28949e-01 1.98e-02
7.29334e-01 2.04e-02
7.29720e-01 2.11e-02
7.30106e-01 2.18e-02
7.30491e-01 2.25e-02
7.30876e-01 2.34e-02
7.31262e-01 2.43e-02
7.31598e-01 2.52e-02
7.31983e-01 2.63e-02
7.32368e-01 2.75e-02
7.32752e-01 2.88e-02
7.33137e-01 3.01e-02
7.33521e-01 3.17e-02
7.33905e-01 3.33e-02
7.34241e-01 3.51e-02
7.34625e-01 3.71e-02
7.35009e-01 3.93e-02
7.35392e-01 4.17e-02
7.35776e-01 4.43e-02
7.36159e-01 4.73e-02
7.36494e-01 5.05e-02
7.36877e-01 5.42e-02
7.37260e-01 5.83e-02
7.37642e-01 6.29e-02
7.38025e-01 6.81e-02
7.38360e-01 7.40e-02
7.38742e-01 8.08e-02
7.39124e-01 8.87e-02
7.39506e-01 9.77e-02
7.39888e-01 1.08e-01
7.40222e-01 1.21e-01
7.40603e-01 1.36e-01
7.40985e-01 1.54e-01
7.41366e-01 1.76e-01
7.41747e-01 2.04e-01
7.42080e-01 2.39e-01
7.42461e-01 2.85e-01
7.42842e-01 3.46e-01
7.43222e-01 4.32e-01
7.43603e-01 5.57e-01
7.43935e-01 7.53e-01
7.44315e-01 1.09e+00
7.44695e-01 1.73e+00
7.45075e-01 3.18e+00
7.45408e-01 6.82e+00
7.45787e-01 1.03e+01
7.46166e-01 6.02e+00
7.46546e-01 3.64e+00
7.46878e-01 3.34e+00
7.47257e-01 4.55e+00
7.47635e-01 8.56e+00
7.47967e-01 1.77e+01
7.48345e-01 1.60e+01
7.48724e-01 7.27e+00
7.49102e-01 3.60e+00
7.49433e-01 2.08e+00
7.49811e-01 1.35e+00
7.50189e-01 9.49e-01
7.50567e-01 7.03e-01
7.50897e-01 5.44e-01
7.51275e-01 4.33e-01
7.51652e-01 3.54e-01
7.51982e-01 2.95e-01
7.52359e-01 2.50e-01
7.52736e-01 2.15e-01
7.53066e-01 1.87e-01
7.53442e-01 1.64e-01
7.53819e-01 1.45e-01
7.54148e-01 1.29e-01
7.54524e-01 1.16e-01
7.54901e-01 1.05e-01
7.55277e-01 9.55e-02
7.55605e-01 8.73e-02
7.55981e-01 8.00e-02
7.56357e-01 7.37e-02
7.56685e-01 6.82e-02
7.57061e-01 6.32e-02
7.57436e-01 5.89e-02
7.57764e-01 5.49e-02
7.58139e-01 5.14e-02
7.58467e-01 4.83e-02
7.58841e-01 4.54e-02
7.59216e-01 4.28e-02
7.59543e-01 4.04e-02
7.59918e-01 3.83e-02
7.60292e-01 3.63e-02
7.60619e-01 3.45e-02
7.60993e-01 3.29e-02
7.61366e-01 3.13e-02
7.61693e-01 2.99e-02
7.62067e-01 2.86e-02
7.62393e-01 2.74e-02
7.62767e-01 2.63e-02
7.63140e-01 2.52e-02
7.63466e-01 2.43e-02
7.63839e-01 2.34e-02
7.64211e-01 2.25e-02
7.64537e-01 2.17e-02
7.64910e-01 2.10e-02
7.65235e-01 2.03e-02
7.65607e-01 1.97e-02
7.65979e-01 1.90e-02
7.66305e-01 1.85e-02
7.66676e-01 1.79e-02
7.67002e-01 1.74e-02
7.67373e-01 1.70e-02
7.67698e-01 1.65e-02
7.68069e-01 1.61e-02
7.68440e-01 1.57e-02
7.68765e-01 1.53e-02
7.69136e-01 1.50e-02
7.69460e-01 1.47e-02
7.69830e-01 1.43e-02
7.70155e-01 1.41e-02
7.70525e-01 1.38e-02
7.70895e-01 1.35e-02
7.71219e-01 1.33e-02
7.71589e-01 1.31e-02
7.71912e-01 1.28e-02
7.72282e-01 1.26e-02
7.72605e-01 1.25e-02
7.72974e-01 1.23e-02
7.73298e-01 1.21e-02
7.73667e-01 1.20e-02
7.73990e-01 1.19e-02
7.74358e-01 1.17e-02
7.74681e-01 1.16e-02
7.75050e-01 1.15e-02
7.75418e-01 1.14e-02
7.75740e-01 1.14e-02
7.76109e-01 1.13e-02
7.76431e-01 1.12e-02
7.76799e-01 1.12e-02
7.77121e-01 1.12e-02
7.77488e-01 1.11e-02
7.77810e-01 1.11e-02
7.78177e-01 1.11e-02
7.78499e-01 1.11e-02
7.78866e-01 1.12e-02
7.79187e-01 1.12e-02
7.79554e-01 1.13e-02
7.79875e-01 1.13e-02
7.80242e-01 1.14e-02
7.80563e-01 1.15e-02
7.80929e-01 1.16e-02
7.81250e-01 1.18e-02
7.81570e-01 1.19e-02
7.81936e-01 1.21e-02
7.82256e-01 1.23e-02
7.82622e-01 1.25e-02
7.82942e-01 1.28e-02
7.83308e-01 1.31e-02
7.83628e-01 1.34e-02
7.83993e-01 1.37e-02
7.84312e-01 1.41e-02
7.84677e-01 1.45e-02
7.84997e-01 1.49e-02
7.85362e-01 1.54e-02
7.85681e-01 1.60e-02
7.86000e-01 1.66e-02
7.86364e-01 1.73e-02
7.86683e-01 1.81e-02
7.87047e-01 1.90e-02
7.87366e-01 1.99e-02
7.87730e-01 2.10e-02
7.88048e-01 2.22e-02
7.88366e-01 2.35e-02
7.88730e-01 2.50e-02
7.89048e-01 2.67e-02
7.89411e-01 2.86e-02
7.89729e-01 3.07e-02
7.90092e-01 3.31e-02
7.90410e-01 3.59e-02
7.90728e-01 3.90e-02
7.91090e-01 4.25e-02
7.91408e-01 4.64e-02
7.91770e-01 5.08e-02
7.92087e-01 5.57e-02
7.92404e-01 6.11e-02
7.92766e-01 6.69e-02
7.93083e-01 7.33e-02
7.93445e-01 8.02e-02
7.93761e-01 8.74e-02
7.94078e-01 9.51e-02
7.94756e-01 1.11e-01
7.95117e-01 1.18e-01
7.95433e-01 1.25e-01
7.95749e-01 1.31e-01
7.96110e-01 1.35e-01
7.96426e-01 1.37e-01
7.96741e-01 1.36e-01
7.97102e-01 1.34e-01
7.97417e-01 1.29e-01
7.97732e-01 1.22e-01
7.98093e-01 1.14e-01
7.98408e-01 1.05e-01
7.98768e-01 9.61e-02
7.99083e-01 8.72e-02
7.99397e-01 7.88e-02
7.99757e-01 7.11e-02
8.00071e-01 6.42e-02
8.00386e-01 5.80e-02
8.00745e-01 5.25e-02
8.01059e-01 4.77e-02
8.01374e-01 4.34e-02
8.01732e-01 3.97e-02
8.02046e-01 3.64e-02
8.02360e-01 3.34e-02
8.02719e-01 3.09e-02
8.03032e-01 2.86e-02
8.03346e-01 2.65e-02
8.03704e-01 2.47e-02
8.04017e-01 2.31e-02
8.04331e-01 2.16e-02
8.04644e-01 2.03e-02
8.05002e-01 1.92e-02
8.05314e-01 1.81e-02
8.05627e-01 1.71e-02
8.05985e-01 1.62e-02
8.06297e-01 1.54e-02
8.06610e-01 1.47e-02
8.06967e-01 1.40e-02
8.07279e-01 1.34e-02
8.07591e-01 1.28e-02
8.07903e-01 1.22e-02
8.08260e-01 1.17e-02
8.08572e-01 1.13e-02
8.08884e-01 1.09e-02
8.09240e-01 1.05e-02
8.09551e-01 1.01e-02
8.09863e-01 9.76e-03
8.10174e-01 9.43e-03
8.10530e-01 9.13e-03
8.10841e-01 8.85e-03
8.11152e-01 8.58e-03
8.11463e-01 8.33e-03
8.11819e-01 8.09e-03
8.12129e-01 7.87e-03
8.12440e-01 7.66e-03
8.12751e-01 7.46e-03
8.13106e-01 7.28e-03
8.13416e-01 7.10e-03
8.13726e-01 6.93e-03
8.14036e-01 6.77e-03
8.14391e-01 6.61e-03
8.14701e-01 6.47e-03
8.15011e-01 6.33e-03
8.15321e-01 6.20e-03
8.15674e-01 6.07e-03
8.15984e-01 5.95e-03
8.16294e-01 5.84e-03
8.16603e-01 5.73e-03
8.16956e-01 5.62e-03
8.17266e-01 5.52e-03
8.17575e-01 5.42e-03
8.17884e-01 5.33e-03
8.18193e-01 5.24e-03
8.18546e-01 5.16e-03
8.18854e-01 5.08e-03
8.19163e-01 5.00e-03
8.19471e-01 4.92e-03
8.19824e-01 4.85e-03
8.20132e-01 4.78e-03
8.20440e-01 4.71e-03
8.20749e-01 4.64e-03
8.21057e-01 4.58e-03
8.21716e-01 4.46e-03
8.22332e-01 4.35e-03
8.22947e-01 4.24e-03
8.23605e-01 4.14e-03
8.24219e-01 4.05e-03
8.24833e-01 3.97e-03
8.25490e-01 3.88e-03
8.26103e-01 3.81e-03
8.26716e-01 3.73e-03
8.27372e-01 3.67e-03
8.27984e-01 3.60e-03
8.28595e-01 3.54e-03
8.29250e-01 3.48e-03
8.29861e-01 3.43e-03
8.30471e-01 3.37e-03
8.31081e-01 3.32e-03
8.31735e-01 3.27e-03
8.32344e-01 3.23e-03
8.32953e-01 3.19e-03
8.33561e-01 3.14e-03
8.34213e-01 3.10e-03
8.34820e-01 3.07e-03
8.35428e-01 3.03e-03
8.36035e-01 2.99e-03
8.36641e-01 2.96e-03
8.37291e-01 2.93e-03
8.37897e-01 2.90e-03
8.38502e-01 2.87e-03
8.39107e-01 2.84e-03
8.39712e-01 2.81e-03
8.40316e-01 2.79e-03
8.40964e-01 2.76e-03
8.41567e-01 2.74e-03
8.42170e-01 2.72e-03
8.42773e-01 2.69e-03
8.43376e-01 2.67e-03
8.43978e-01 2.65e-03
8.44580e-01 2.63e-03
8.45181e-01 2.61e-03
8.45782e-01 2.60e-03
8.46383e-01 2.58e-03
8.46984e-01 2.56e-03
8.47584e-01 2.54e-03
8.48226e-01 2.53e-03
8.48825e-01 2.51e-03
8.49424e-01 2.50e-03
8.50023e-01 2.49e-03
8.50621e-01 2.47e-03
8.51219e-01 2.46e-03
8.51816e-01 2.45e-03
8.52413e-01 2.44e-03
8.53010e-01 2.42e-03
8.53606e-01 2.41e-03
8.54160e-01 2.40e-03
8.54756e-01 2.39e-03
8.55351e-01 2.38e-03
8.55946e-01 2.38e-03
8.56541e-01 2.37e-03
8.57135e-01 2.36e-03
8.57729e-01 2.35e-03
8.58323e-01 2.35e-03
8.58916e-01 2.34e-03
8.59509e-01 2.33e-03
8.60101e-01 2.33e-03
8.60693e-01 2.32e-03
8.61243e-01 2.32e-03
8.61835e-01 2.31e-03
8.62426e-01 2.31e-03
8.63017e-01 2.30e-03
8.63902e-01 2.30e-03
8.66512e-01 2.29e-03
8.68528e-01 2.29e-03
8.69702e-01 2.29e-03
8.70833e-01 2.30e-03
8.71419e-01 2.30e-03
8.72004e-01 2.30e-03
8.72548e-01 2.31e-03
8.73133e-01 2.31e-03
8.73717e-01 2.32e-03
8.74301e-01 2.33e-03
8.74844e-01 2.33e-03
8.75427e-01 2.34e-03
8.76010e-01 2.35e-03
8.76551e-01 2.36e-03
8.77134e-01 2.37e-03
8.77716e-01 2.38e-03
8.78257e-01 2.40e-03
8.78838e-01 2.41e-03
8.79419e-01 2.42e-03
8.79959e-01 2.44e-03
8.80539e-01 2.46e-03
8.81119e-01 2.48e-03
8.81658e-01 2.50e-03
8.82237e-01 2.53e-03
8.82775e-01 2.55e-03
8.83354e-01 2.58e-03
8.83933e-01 2.61e-03
8.84470e-01 2.65e-03
8.85048e-01 2.68e-03
8.85584e-01 2.73e-03
8.86161e-01 2.77e-03
8.86738e-01 2.82e-03
8.87274e-01 2.88e-03
8.87850e-01 2.94e-03
8.88097e-01 2.97e-03
8.88385e-01 3.00e-03
8.88673e-01 3.04e-03
8.88961e-01 3.08e-03
8.89248e-01 3.11e-03
8.89495e-01 3.16e-03
8.89782e-01 3.20e-03
8.90070e-01 3.24e-03
8.90357e-01 3.29e-03
8.90604e-01 3.34e-03
8.90891e-01 3.39e-03
8.91178e-01 3.45e-03
8.91465e-01 3.50e-03
8.91711e-01 3.56e-03
8.91998e-01 3.62e-03
8.92285e-01 3.68e-03
8.92817e-01 3.81e-03
8.93391e-01 3.95e-03
8.93922e-01 4.09e-03
8.94495e-01 4.23e-03
8.95026e-01 4.37e-03
8.95312e-01 4.43e-03
8.95598e-01 4.49e-03
8.95843e-01 4.55e-03
8.96129e-01 4.60e-03
8.96415e-01 4.65e-03
8.96700e-01 4.69e-03
8.96945e-01 4.72e-03
8.97230e-01 4.75e-03
8.97516e-01 4.77e-03
8.97760e-01 4.78e-03
8.98045e-01 4.78e-03
8.98330e-01 4.78e-03
8.98615e-01 4.77e-03
8.98860e-01 4.75e-03
8.99145e-01 4.73e-03
8.99429e-01 4.70e-03
8.99673e-01 4.67e-03
8.99958e-01 4.63e-03
9.00243e-01 4.59e-03
9.00771e-01 4.50e-03
9.01340e-01 4.40e-03
9.01867e-01 4.30e-03
9.02395e-01 4.21e-03
9.02962e-01 4.12e-03
9.03205e-01 4.08e-03
9.03489e-01 4.04e-03
9.03773e-01 4.00e-03
9.04056e-01 3.96e-03
9.04299e-01 3.93e-03
9.04582e-01 3.90e-03
9.04866e-01 3.87e-03
9.05108e-01 3.84e-03
9.05392e-01 3.82e-03
9.05675e-01 3.80e-03
9.05917e-01 3.78e-03
9.06200e-01 3.76e-03
9.06483e-01 3.75e-03
9.06725e-01 3.74e-03
9.07008e-01 3.73e-03
9.07290e-01 3.72e-03
9.07532e-01 3.71e-03
9.07815e-01 3.71e-03
9.08097e-01 3.71e-03
9.08339e-01 3.71e-03
9.08621e-01 3.71e-03
9.08904e-01 3.71e-03
9.09427e-01 3.73e-03
9.09951e-01 3.75e-03
9.10474e-01 3.78e-03
9.11037e-01 3.81e-03
9.11560e-01 3.85e-03
9.12082e-01 3.90e-03
9.12644e-01 3.96e-03
9.12885e-01 3.99e-03
9.13166e-01 4.03e-03
9.13407e-01 4.06e-03
9.13687e-01 4.10e-03
9.13968e-01 4.14e-03
9.14209e-01 4.18e-03
9.14489e-01 4.23e-03
9.14770e-01 4.28e-03
9.15010e-01 4.32e-03
9.15290e-01 4.38e-03
9.15530e-01 4.43e-03
9.15811e-01 4.49e-03
9.16091e-01 4.55e-03
9.16331e-01 4.61e-03
9.16611e-01 4.68e-03
9.16851e-01 4.75e-03
9.17130e-01 4.82e-03
9.17410e-01 4.90e-03
9.17650e-01 4.98e-03
9.17929e-01 5.06e-03
9.18169e-01 5.15e-03
9.18448e-01 5.25e-03
9.18728e-01 5.34e-03
9.18967e-01 5.44e-03
9.19246e-01 5.55e-03
9.19486e-01 5.66e-03
9.19765e-01 5.78e-03
9.20044e-01 5.90e-03
9.20283e-01 6.03e-03
9.20562e-01 6.16e-03
9.20801e-01 6.30e-03
9.21079e-01 6.45e-03
9.21358e-01 6.60e-03
9.21597e-01 6.76e-03
9.21875e-01 6.93e-03
9.22114e-01 7.10e-03
9.22392e-01 7.28e-03
9.22631e-01 7.47e-03
9.22909e-01 7.67e-03
9.23187e-01 7.87e-03
9.23425e-01 8.09e-03
9.23703e-01 8.31e-03
9.23941e-01 8.54e-03
9.24219e-01 8.77e-03
9.24457e-01 9.01e-03
9.24735e-01 9.26e-03
9.25013e-01 9.52e-03
9.25250e-01 9.78e-03
9.25766e-01 1.03e-02
9.26281e-01 1.09e-02
9.26835e-01 1.14e-02
9.27349e-01 1.20e-02
9.27587e-01 1.22e-02
9.27864e-01 1.25e-02
9.28101e-01 1.27e-02
9.28377e-01 1.29e-02
9.28614e-01 1.31e-02
9.28891e-01 1.33e-02
9.29128e-01 1.35e-02
9.29404e-01 1.36e-02
9.29681e-01 1.38e-02
9.29917e-01 1.39e-02
9.30194e-01 1.39e-02
9.30430e-01 1.40e-02
9.30706e-01 1.40e-02
9.30943e-01 1.39e-02
9.31219e-01 1.39e-02
9.31455e-01 1.38e-02
9.31731e-01 1.37e-02
9.31967e-01 1.35e-02
9.32243e-01 1.34e-02
9.32479e-01 1.32e-02
9.32754e-01 1.30e-02
9.32991e-01 1.27e-02
9.33266e-01 1.25e-02
9.33541e-01 1.23e-02
9.33777e-01 1.20e-02
9.34288e-01 1.15e-02
9.34798e-01 1.09e-02
9.35309e-01 1.04e-02
9.35819e-01 9.82e-03
9.36093e-01 9.56e-03
9.36329e-01 9.31e-03
9.36603e-01 9.06e-03
9.36838e-01 8.82e-03
9.37112e-01 8.58e-03
9.37347e-01 8.36e-03
9.37622e-01 8.14e-03
9.37857e-01 7.93e-03
9.38130e-01 7.72e-03
9.38365e-01 7.53e-03
9.38639e-01 7.34e-03
9.38874e-01 7.16e-03
9.39148e-01 6.99e-03
9.39382e-01 6.82e-03
9.39656e-01 6.66e-03
9.39890e-01 6.51e-03
9.40163e-01 6.36e-03
9.40398e-01 6.22e-03
9.40671e-01 6.09e-03
9.40905e-01 5.96e-03
9.41139e-01 5.83e-03
9.41413e-01 5.72e-03
9.41647e-01 5.60e-03
9.41919e-01 5.50e-03
9.42153e-01 5.39e-03
9.42426e-01 5.29e-03
9.42660e-01 5.20e-03
9.42933e-01 5.11e-03
9.43166e-01 5.02e-03
9.43439e-01 4.93e-03
9.43672e-01 4.85e-03
9.43945e-01 4.78e-03
9.44178e-01 4.70e-03
9.44450e-01 4.63e-03
9.44684e-01 4.56e-03
9.44956e-01 4.50e-03
9.45189e-01 4.43e-03
9.45422e-01 4.37e-03
9.45694e-01 4.31e-03
9.45927e-01 4.26e-03
9.46432e-01 4.15e-03
9.46936e-01 4.05e-03
9.47441e-01 3.96e-03
9.47944e-01 3.88e-03
9.48448e-01 3.80e-03
9.48952e-01 3.73e-03
9.49455e-01 3.66e-03
9.49919e-01 3.60e-03
9.50422e-01 3.54e-03
9.50924e-01 3.48e-03
9.51426e-01 3.43e-03
9.51928e-01 3.39e-03
9.52430e-01 3.34e-03
9.52931e-01 3.30e-03
9.53394e-01 3.26e-03
9.53895e-01 3.23e-03
9.54395e-01 3.19e-03
9.54896e-01 3.16e-03
9.55396e-01 3.13e-03
9.55896e-01 3.11e-03
9.56357e-01 3.08e-03
9.56857e-01 3.06e-03
9.57356e-01 3.04e-03
9.57855e-01 3.02e-03
9.58354e-01 3.00e-03
9.58814e-01 2.99e-03
9.59312e-01 2.97e-03
9.59810e-01 2.96e-03
9.60308e-01 2.95e-03
9.60767e-01 2.94e-03
9.61264e-01 2.93e-03
9.61761e-01 2.92e-03
9.62258e-01 2.92e-03
9.62716e-01 2.91e-03
9.64433e-01 2.90e-03
9.65386e-01 2.91e-03
9.66375e-01 2.91e-03
9.66870e-01 2.92e-03
9.67326e-01 2.92e-03
9.67820e-01 2.93e-03
9.68314e-01 2.94e-03
9.68769e-01 2.94e-03
9.69263e-01 2.95e-03
9.69756e-01 2.97e-03
9.70211e-01 2.98e-03
9.70703e-01 2.99e-03
9.71195e-01 3.00e-03
9.71650e-01 3.02e-03
9.72142e-01 3.03e-03
9.72633e-01 3.05e-03
9.73087e-01 3.07e-03
9.73578e-01 3.08e-03
9.74069e-01 3.10e-03
9.74522e-01 3.12e-03
9.75012e-01 3.14e-03
9.75503e-01 3.16e-03
9.75955e-01 3.18e-03
9.76445e-01 3.20e-03
9.76897e-01 3.22e-03
9.77386e-01 3.25e-03
9.77875e-01 3.27e-03
9.78326e-01 3.29e-03
9.78815e-01 3.31e-03
9.79266e-01 3.33e-03
9.79754e-01 3.36e-03
9.80242e-01 3.38e-03
9.80692e-01 3.40e-03
9.81179e-01 3.42e-03
9.81629e-01 3.45e-03
9.82116e-01 3.47e-03
9.82565e-01 3.49e-03
9.83052e-01 3.52e-03
9.83501e-01 3.54e-03
9.83987e-01 3.56e-03
9.84473e-01 3.59e-03
9.84921e-01 3.61e-03
9.85406e-01 3.64e-03
9.85854e-01 3.66e-03
9.86339e-01 3.69e-03
9.86786e-01 3.71e-03
9.87271e-01 3.74e-03
9.87718e-01 3.76e-03
9.88202e-01 3.79e-03
9.88649e-01 3.81e-03
9.89132e-01 3.84e-03
9.89578e-01 3.86e-03
9.90062e-01 3.89e-03
9.90507e-01 3.91e-03
9.90990e-01 3.93e-03
9.91435e-01 3.95e-03
9.91918e-01 3.97e-03
9.92362e-01 3.99e-03
9.92844e-01 4.01e-03
9.93289e-01 4.02e-03
9.93733e-01 4.04e-03
9.94214e-01 4.05e-03
9.94658e-01 4.06e-03
9.96284e-01 4.08e-03
9.96506e-01 4.08e-03
9.96986e-01 4.08e-03
9.97428e-01 4.07e-03
9.97871e-01 4.06e-03
9.98350e-01 4.05e-03
9.98792e-01 4.03e-03
9.99271e-01 4.02e-03
9.99712e-01 4.00e-03
1.00015e+00 3.98e-03
1.00063e+00 3.96e-03
1.00107e+00 3.94e-03
1.00155e+00 3.92e-03
1.00199e+00 3.89e-03
1.00243e+00 3.87e-03
1.00291e+00 3.84e-03
1.00335e+00 3.81e-03
1.00379e+00 3.79e-03
1.00426e+00 3.76e-03
1.00470e+00 3.73e-03
1.00518e+00 3.70e-03
1.00562e+00 3.67e-03
1.00606e+00 3.65e-03
1.00653e+00 3.62e-03
1.00697e+00 3.59e-03
1.00741e+00 3.57e-03
1.00788e+00 3.54e-03
1.00832e+00 3.51e-03
1.00876e+00 3.49e-03
1.00923e+00 3.47e-03
1.00967e+00 3.44e-03
1.01011e+00 3.42e-03
1.01058e+00 3.40e-03
1.01102e+00 3.38e-03
1.01146e+00 3.36e-03
1.01189e+00 3.35e-03
1.01236e+00 3.33e-03
1.01280e+00 3.31e-03
1.01324e+00 3.30e-03
1.01371e+00 3.29e-03
1.01414e+00 3.28e-03
1.01458e+00 3.27e-03
1.01501e+00 3.26e-03
1.01548e+00 3.25e-03
1.01592e+00 3.24e-03
1.01635e+00 3.24e-03
1.01791e+00 3.23e-03
1.01881e+00 3.23e-03
1.01924e+00 3.24e-03
1.01968e+00 3.24e-03
1.02011e+00 3.25e-03
1.02054e+00 3.25e-03
1.02101e+00 3.26e-03
1.02144e+00 3.27e-03
1.02188e+00 3.28e-03
1.02231e+00 3.29e-03
1.02277e+00 3.30e-03
1.02321e+00 3.32e-03
1.02364e+00 3.33e-03
1.02407e+00 3.35e-03
1.02450e+00 3.36e-03
1.02497e+00 3.38e-03
1.02540e+00 3.39e-03
1.02583e+00 3.41e-03
1.02626e+00 3.43e-03
1.02669e+00 3.44e-03
1.02712e+00 3.46e-03
1.02758e+00 3.48e-03
1.02801e+00 3.50e-03
1.02844e+00 3.51e-03
1.02887e+00 3.53e-03
1.02930e+00 3.55e-03
1.02973e+00 3.56e-03
1.03019e+00 3.58e-03
1.03062e+00 3.59e-03
1.03105e+00 3.60e-03
1.03147e+00 3.61e-03
1.03190e+00 3.62e-03
1.03343e+00 3.63e-03
1.03407e+00 3.63e-03
1.03450e+00 3.63e-03
1.03493e+00 3.62e-03
1.03535e+00 3.61e-03
1.03578e+00 3.60e-03
1.03620e+00 3.58e-03
1.03663e+00 3.57e-03
1.03706e+00 3.55e-03
1.03752e+00 3.53e-03
1.03794e+00 3.51e-03
1.03837e+00 3.49e-03
1.03879e+00 3.47e-03
1.03922e+00 3.45e-03
1.03964e+00 3.42e-03
1.04006e+00 3.40e-03
1.04049e+00 3.38e-03
1.04091e+00 3.36e-03
1.04134e+00 3.34e-03
1.04176e+00 3.31e-03
1.04218e+00 3.29e-03
1.04261e+00 3.28e-03
1.04303e+00 3.26e-03
1.04349e+00 3.24e-03
1.04391e+00 3.23e-03
1.04433e+00 3.22e-03
1.04475e+00 3.21e-03
1.04518e+00 3.20e-03
1.04560e+00 3.19e-03
1.04602e+00 3.19e-03
1.04623e+00 3.19e-03
1.04728e+00 3.19e-03
1.04770e+00 3.19e-03
1.04813e+00 3.20e-03
1.04855e+00 3.21e-03
1.04897e+00 3.22e-03
1.04939e+00 3.23e-03
1.04981e+00 3.24e-03
1.05023e+00 3.26e-03
1.05065e+00 3.28e-03
1.05107e+00 3.30e-03
1.05149e+00 3.32e-03
1.05190e+00 3.34e-03
1.05232e+00 3.36e-03
1.05274e+00 3.39e-03
1.05316e+00 3.41e-03
1.05358e+00 3.44e-03
1.05400e+00 3.46e-03
1.05442e+00 3.48e-03
1.05483e+00 3.50e-03
1.05522e+00 3.52e-03
1.05564e+00 3.54e-03
1.05605e+00 3.55e-03
1.05647e+00 3.56e-03
1.05689e+00 3.57e-03
1.05710e+00 3.57e-03
1.05793e+00 3.57e-03
1.05835e+00 3.56e-03
1.05876e+00 3.55e-03
1.05918e+00 3.53e-03
1.05959e+00 3.51e-03
1.06001e+00 3.48e-03
1.06043e+00 3.45e-03
1.06084e+00 3.42e-03
1.06126e+00 3.39e-03
1.06164e+00 3.36e-03
1.06205e+00 3.33e-03
1.06247e+00 3.30e-03
1.06288e+00 3.27e-03
1.06330e+00 3.24e-03
1.06371e+00 3.21e-03
1.06412e+00 3.19e-03
1.06454e+00 3.17e-03
1.06495e+00 3.15e-03
1.06537e+00 3.14e-03
1.06574e+00 3.13e-03
1.06616e+00 3.13e-03
1.06636e+00 3.12e-03
1.06678e+00 3.13e-03
1.06719e+00 3.13e-03
1.06760e+00 3.14e-03
1.06802e+00 3.16e-03
1.06843e+00 3.17e-03
1.06881e+00 3.19e-03
1.06922e+00 3.22e-03
1.06963e+00 3.24e-03
1.07004e+00 3.27e-03
1.07045e+00 3.30e-03
1.07086e+00 3.33e-03
1.07128e+00 3.36e-03
1.07165e+00 3.39e-03
1.07206e+00 3.41e-03
1.07247e+00 3.43e-03
1.07288e+00 3.44e-03
1.07309e+00 3.45e-03
1.07329e+00 3.45e-03
1.07350e+00 3.45e-03
1.07370e+00 3.45e-03
1.07388e+00 3.44e-03
1.07408e+00 3.44e-03
1.07429e+00 3.43e-03
1.07449e+00 3.42e-03
1.07470e+00 3.40e-03
1.07510e+00 3.37e-03
1.07551e+00 3.34e-03
1.07592e+00 3.29e-03
1.07630e+00 3.25e-03
1.07671e+00 3.20e-03
1.07712e+00 3.16e-03
1.07752e+00 3.11e-03
1.07793e+00 3.07e-03
1.07831e+00 3.04e-03
1.07851e+00 3.02e-03
1.07872e+00 3.01e-03
1.07892e+00 3.00e-03
1.07912e+00 2.99e-03
1.07933e+00 2.98e-03
1.07953e+00 2.97e-03
1.07974e+00 2.97e-03
1.07991e+00 2.96e-03
1.08011e+00 2.96e-03
1.08031e+00 2.96e-03
1.08052e+00 2.96e-03
1.08072e+00 2.97e-03
1.08092e+00 2.97e-03
1.08133e+00 2.99e-03
1.08170e+00 3.01e-03
1.08211e+00 3.03e-03
1.08252e+00 3.06e-03
1.08292e+00 3.08e-03
1.08333e+00 3.11e-03
1.08350e+00 3.12e-03
1.08370e+00 3.12e-03
1.08390e+00 3.13e-03
1.08411e+00 3.14e-03
1.08431e+00 3.14e-03
1.08451e+00 3.13e-03
1.08472e+00 3.13e-03
1.08492e+00 3.12e-03
1.08509e+00 3.10e-03
1.08529e+00 3.08e-03
1.08549e+00 5.56e-03
1.08570e+00 5.53e-03
1.08590e+00 5.49e-03
1.08610e+00 5.46e-03
1.08630e+00 5.41e-03
1.08667e+00 5.32e-03
1.08708e+00 5.22e-03
1.08748e+00 5.12e-03
1.08789e+00 5.01e-03
1.08826e+00 4.91e-03
1.08866e+00 4.80e-03
1.08907e+00 4.71e-03
1.08947e+00 4.61e-03
1.08984e+00 4.53e-03
1.09024e+00 4.44e-03
1.09065e+00 4.37e-03
1.09102e+00 4.30e-03
1.09142e+00 4.23e-03
1.09182e+00 4.17e-03
1.09223e+00 4.12e-03
1.09259e+00 4.07e-03
1.09300e+00 4.02e-03
1.09340e+00 3.98e-03
1.09377e+00 3.93e-03
1.09417e+00 3.90e-03
1.09457e+00 3.86e-03
1.09494e+00 3.82e-03
1.09534e+00 3.79e-03
1.09574e+00 3.76e-03
1.09611e+00 3.73e-03
1.09651e+00 3.71e-03
1.09691e+00 3.68e-03
1.09728e+00 3.66e-03
1.09768e+00 3.64e-03
1.09808e+00 3.61e-03
1.09845e+00 3.59e-03
1.09885e+00 3.57e-03
1.09925e+00 3.55e-03
1.09961e+00 3.54e-03
1.10001e+00 3.52e-03
1.10041e+00 3.50e-03
1.10078e+00 3.48e-03
1.10118e+00 3.47e-03
1.10157e+00 3.45e-03
1.10194e+00 3.44e-03
1.10234e+00 3.42e-03
1.10274e+00 3.41e-03
1.10310e+00 3.40e-03
1.10350e+00 3.38e-03
1.10390e+00 3.37e-03
1.10426e+00 3.36e-03
1.10466e+00 3.35e-03
1.10503e+00 3.33e-03
1.10542e+00 3.32e-03
1.10582e+00 3.31e-03
1.10618e+00 3.30e-03
1.10658e+00 3.29e-03
1.10698e+00 3.28e-03
1.10734e+00 3.27e-03
1.10774e+00 3.26e-03
1.10810e+00 3.25e-03
1.10850e+00 3.24e-03
1.10889e+00 3.23e-03
1.10926e+00 3.22e-03
1.10965e+00 3.21e-03
1.11001e+00 3.20e-03
1.11041e+00 3.19e-03
1.11080e+00 3.18e-03
1.11117e+00 3.17e-03
1.11156e+00 3.17e-03
1.11192e+00 3.16e-03
1.11232e+00 3.15e-03
1.11268e+00 3.14e-03
1.11307e+00 3.13e-03
1.11347e+00 3.12e-03
1.11383e+00 3.12e-03
1.11422e+00 3.11e-03
1.11458e+00 3.10e-03
1.11498e+00 3.09e-03
1.11534e+00 3.09e-03
1.11573e+00 3.08e-03
1.11612e+00 3.07e-03
1.11648e+00 3.06e-03
1.11688e+00 3.06e-03
1.11724e+00 3.05e-03
1.11763e+00 3.04e-03
1.11799e+00 3.03e-03
1.11838e+00 3.03e-03
1.11874e+00 3.02e-03
1.11913e+00 3.01e-03
1.11953e+00 3.01e-03
1.11988e+00 3.00e-03
1.12028e+00 2.99e-03
1.12063e+00 2.99e-03
1.12103e+00 2.98e-03
1.12138e+00 2.97e-03
1.12178e+00 2.97e-03
1.12213e+00 2.96e-03
1.12252e+00 2.96e-03
1.12288e+00 2.95e-03
1.12327e+00 2.94e-03
1.12363e+00 2.94e-03
1.12402e+00 2.93e-03
1.12438e+00 2.92e-03
1.12477e+00 2.92e-03
1.12512e+00 2.91e-03
1.12551e+00 2.91e-03
1.12587e+00 2.90e-03
1.12626e+00 2.90e-03
1.12662e+00 2.89e-03
1.12701e+00 2.88e-03
1.12736e+00 2.88e-03
1.12775e+00 2.87e-03
1.12811e+00 2.87e-03
1.12849e+00 2.86e-03
1.12885e+00 2.86e-03
1.12924e+00 2.85e-03
1.12959e+00 2.85e-03
1.12998e+00 2.84e-03
1.13034e+00 2.83e-03
1.13072e+00 2.83e-03
1.13108e+00 2.82e-03
1.13147e+00 2.82e-03
1.13182e+00 2.81e-03
1.13221e+00 2.81e-03
1.13256e+00 2.80e-03
1.13295e+00 2.80e-03
1.13330e+00 2.79e-03
1.13369e+00 2.79e-03
1.13404e+00 2.78e-03
1.13443e+00 2.78e-03
1.13478e+00 2.77e-03
1.13514e+00 2.77e-03
1.13552e+00 2.76e-03
1.13588e+00 2.76e-03
1.13626e+00 2.75e-03
1.13661e+00 2.75e-03
1.13700e+00 2.74e-03
1.13735e+00 2.74e-03
1.13774e+00 2.74e-03
1.13809e+00 2.73e-03
1.13844e+00 2.73e-03
1.13883e+00 2.72e-03
1.13918e+00 2.72e-03
1.13956e+00 2.71e-03
1.13991e+00 2.71e-03
1.14030e+00 2.70e-03
1.14065e+00 2.70e-03
1.14100e+00 2.69e-03
1.14138e+00 2.69e-03
1.14174e+00 2.69e-03
1.14212e+00 2.68e-03
1.14247e+00 2.68e-03
1.14285e+00 2.67e-03
1.14320e+00 2.67e-03
1.14355e+00 2.66e-03
1.14394e+00 2.66e-03
1.14429e+00 2.65e-03
1.14467e+00 2.65e-03
1.14502e+00 2.65e-03
1.14537e+00 2.64e-03
1.14575e+00 2.64e-03
1.14610e+00 2.63e-03
1.14648e+00 2.63e-03
1.14683e+00 2.62e-03
1.14718e+00 2.62e-03
1.14756e+00 2.62e-03
1.14791e+00 2.61e-03
1.14829e+00 2.61e-03
1.14864e+00 2.60e-03
1.14899e+00 2.60e-03
1.14937e+00 2.59e-03
1.14972e+00 2.59e-03
1.15010e+00 2.59e-03
1.15045e+00 2.58e-03
1.15079e+00 2.58e-03
1.15117e+00 2.57e-03
1.15152e+00 2.57e-03
1.15187e+00 2.56e-03
1.15225e+00 2.56e-03
1.15260e+00 2.56e-03
1.15297e+00 2.55e-03
1.15332e+00 2.55e-03
1.15367e+00 2.54e-03
1.15405e+00 2.54e-03
1.15439e+00 2.54e-03
1.15474e+00 2.53e-03
1.15512e+00 2.53e-03
1.15547e+00 2.52e-03
1.15581e+00 2.52e-03
1.15619e+00 2.52e-03
1.15654e+00 2.51e-03
1.15691e+00 2.51e-03
1.15726e+00 2.50e-03
1.15760e+00 2.50e-03
1.15798e+00 2.50e-03
1.15833e+00 2.49e-03
1.15867e+00 2.49e-03
1.15905e+00 2.48e-03
1.15939e+00 2.48e-03
1.15974e+00 2.48e-03
1.16011e+00 2.47e-03
1.16046e+00 2.47e-03
1.16080e+00 2.46e-03
1.16118e+00 2.46e-03
1.16152e+00 2.46e-03
1.16187e+00 2.45e-03
1.16224e+00 2.45e-03
1.16259e+00 2.44e-03
1.16293e+00 2.44e-03
1.16331e+00 2.44e-03
1.16365e+00 2.43e-03
1.16399e+00 2.43e-03
1.16437e+00 2.42e-03
1.16471e+00 2.42e-03
1.16506e+00 2.42e-03
1.16540e+00 2.41e-03
1.16577e+00 2.41e-03
1.16612e+00 2.41e-03
1.16646e+00 2.40e-03
1.16683e+00 2.40e-03
1.16717e+00 2.39e-03
1.16752e+00 2.39e-03
1.16789e+00 2.39e-03
1.16823e+00 2.38e-03
1.16857e+00 2.38e-03
1.16892e+00 2.37e-03
1.16929e+00 2.37e-03
1.16963e+00 2.37e-03
1.16997e+00 2.36e-03
1.17034e+00 2.36e-03
1.17068e+00 2.36e-03
1.17103e+00 2.35e-03
1.17140e+00 2.35e-03
1.17174e+00 2.34e-03
1.17208e+00 2.34e-03
1.17242e+00 2.34e-03
1.17279e+00 2.33e-03
1.17313e+00 2.33e-03
1.17347e+00 2.33e-03
1.17381e+00 2.32e-03
1.17418e+00 2.32e-03
1.17452e+00 2.31e-03
1.17486e+00 2.31e-03
1.17523e+00 2.31e-03
1.17557e+00 2.30e-03
1.17591e+00 2.30e-03
1.17625e+00 2.30e-03
1.17662e+00 2.29e-03
1.17696e+00 2.29e-03
1.17730e+00 2.29e-03
1.17764e+00 2.28e-03
1.17801e+00 2.28e-03
1.17835e+00 2.28e-03
1.17869e+00 2.27e-03
1.17902e+00 2.27e-03
1.17939e+00 2.27e-03
1.17973e+00 2.26e-03
1.18007e+00 2.26e-03
1.18041e+00 2.26e-03
1.18078e+00 2.25e-03
1.18111e+00 2.25e-03
1.18145e+00 2.25e-03
1.18179e+00 2.25e-03
1.18216e+00 2.24e-03
1.18249e+00 2.24e-03
1.18283e+00 2.24e-03
1.18317e+00 2.23e-03
1.18354e+00 2.23e-03
1.18387e+00 2.23e-03
1.18421e+00 2.22e-03
1.18455e+00 2.22e-03
1.18491e+00 2.22e-03
1.18525e+00 2.21e-03
1.18558e+00 2.21e-03
1.18592e+00 2.21e-03
1.18626e+00 2.21e-03
1.18662e+00 2.20e-03
1.18696e+00 2.20e-03
1.18729e+00 2.20e-03
1.18763e+00 2.19e-03
1.18800e+00 2.19e-03
1.18833e+00 2.19e-03
1.18867e+00 2.18e-03
1.18900e+00 2.18e-03
1.18934e+00 2.18e-03
1.18970e+00 2.17e-03
1.19004e+00 2.17e-03
1.19037e+00 2.17e-03
1.19071e+00 2.17e-03
1.19107e+00 2.16e-03
1.19140e+00 2.16e-03
1.19174e+00 2.16e-03
1.19207e+00 2.15e-03
1.19241e+00 2.15e-03
1.19277e+00 2.15e-03
1.19310e+00 2.14e-03
1.19344e+00 2.14e-03
1.19377e+00 2.14e-03
1.19410e+00 2.14e-03
1.19447e+00 2.13e-03
1.19480e+00 2.13e-03
1.19513e+00 2.13e-03
1.19547e+00 2.12e-03
1.19580e+00 2.12e-03
1.19616e+00 2.12e-03
1.19649e+00 2.11e-03
1.19683e+00 2.11e-03
1.19716e+00 2.11e-03
1.19749e+00 2.11e-03
1.19782e+00 2.10e-03
1.19819e+00 2.10e-03
1.19852e+00 2.10e-03
1.19885e+00 2.09e-03
1.19918e+00 2.09e-03
1.19951e+00 2.09e-03
1.19987e+00 2.08e-03
1.20021e+00 2.08e-03
1.20054e+00 2.08e-03
1.20087e+00 2.08e-03
1.20120e+00 2.07e-03
1.20153e+00 2.07e-03
1.20189e+00 2.07e-03
1.20222e+00 2.06e-03
1.20255e+00 2.06e-03
1.20288e+00 2.06e-03
1.20321e+00 2.05e-03
1.20354e+00 2.05e-03
1.20390e+00 2.05e-03
1.20423e+00 2.05e-03
1.20456e+00 2.04e-03
1.20489e+00 2.04e-03
1.20522e+00 2.04e-03
1.20555e+00 2.03e-03
1.20591e+00 2.03e-03
1.20624e+00 2.03e-03
1.20657e+00 2.03e-03
1.20690e+00 2.02e-03
1.20723e+00 2.02e-03
1.20756e+00 2.02e-03
1.20789e+00 2.01e-03
1.20824e+00 2.01e-03
1.20857e+00 2.01e-03
1.20890e+00 2.01e-03
1.20923e+00 2.00e-03
1.20956e+00 2.00e-03
1.20989e+00 2.00e-03
1.21021e+00 1.99e-03
1.21057e+00 1.99e-03
1.21090e+00 1.99e-03
1.21123e+00 1.99e-03
1.21155e+00 1.98e-03
1.21188e+00 1.98e-03
1.21221e+00 1.98e-03
1.21254e+00 1.97e-03
1.21289e+00 1.97e-03
1.21322e+00 1.97e-03
1.21355e+00 1.97e-03
1.21387e+00 1.96e-03
1.21420e+00 1.96e-03
1.21453e+00 1.96e-03
1.21485e+00 1.95e-03
1.21521e+00 1.95e-03
1.21554e+00 1.95e-03
1.21586e+00 1.95e-03
1.21619e+00 1.94e-03
1.21651e+00 1.94e-03
1.21684e+00 1.94e-03
1.21717e+00 1.93e-03
1.21749e+00 1.93e-03
1.21782e+00 1.93e-03
1.21817e+00 1.93e-03
1.21850e+00 1.92e-03
1.21882e+00 1.92e-03
1.21915e+00 1.92e-03
1.21947e+00 1.91e-03
1.21980e+00 1.91e-03
1.22012e+00 1.91e-03
1.22045e+00 1.91e-03
1.22080e+00 1.90e-03
1.22112e+00 1.90e-03
1.22145e+00 1.90e-03
1.22177e+00 1.90e-03
1.22210e+00 1.90e-03
1.22242e+00 1.89e-03
1.22275e+00 1.89e-03
1.22307e+00 1.89e-03
1.22339e+00 1.89e-03
1.22372e+00 1.88e-03
1.22407e+00 1.88e-03
1.22439e+00 1.88e-03
1.22472e+00 1.88e-03
1.22504e+00 1.87e-03
1.22536e+00 1.87e-03
1.22569e+00 1.87e-03
1.22601e+00 1.87e-03
1.22633e+00 1.86e-03
1.22665e+00 1.86e-03
1.22698e+00 1.86e-03
1.22733e+00 1.86e-03
1.22765e+00 1.85e-03
1.22797e+00 1.85e-03
1.22829e+00 1.85e-03
1.22862e+00 1.85e-03
1.22894e+00 1.85e-03
1.22926e+00 1.84e-03
1.22958e+00 1.84e-03
1.22990e+00 1.84e-03
1.23023e+00 1.84e-03
1.23055e+00 1.83e-03
1.23090e+00 1.83e-03
1.23122e+00 1.83e-03
1.23154e+00 1.83e-03
1.23186e+00 1.82e-03
1.23218e+00 1.82e-03
1.23250e+00 1.82e-03
1.23282e+00 1.82e-03
1.23314e+00 1.81e-03
1.23346e+00 1.81e-03
1.23378e+00 1.81e-03
1.23410e+00 1.81e-03
1.23442e+00 1.81e-03
1.23474e+00 1.80e-03
1.23509e+00 1.80e-03
1.23541e+00 1.80e-03
1.23573e+00 1.80e-03
1.23605e+00 1.79e-03
1.23637e+00 1.79e-03
1.23669e+00 1.79e-03
1.23701e+00 1.79e-03
1.23733e+00 1.78e-03
1.23765e+00 1.78e-03
1.23797e+00 1.78e-03
1.23829e+00 1.78e-03
1.23861e+00 1.77e-03
1.23892e+00 1.77e-03
1.23924e+00 1.77e-03
1.23959e+00 1.77e-03
1.23991e+00 1.77e-03
1.24023e+00 1.76e-03
1.24055e+00 1.76e-03
1.24086e+00 1.76e-03
1.24118e+00 1.76e-03
1.24150e+00 1.75e-03
1.24182e+00 1.75e-03
1.24214e+00 1.75e-03
1.24245e+00 1.75e-03
1.24277e+00 1.74e-03
1.24309e+00 1.74e-03
1.24341e+00 1.74e-03
1.24372e+00 1.74e-03
1.24404e+00 1.74e-03
1.24436e+00 1.73e-03
1.24467e+00 1.73e-03
1.24499e+00 1.73e-03
1.24534e+00 1.73e-03
1.24565e+00 1.72e-03
1.24597e+00 1.72e-03
1.24628e+00 1.72e-03
1.24660e+00 1.72e-03
1.24692e+00 1.72e-03
1.24723e+00 1.71e-03
1.24755e+00 1.71e-03
1.24787e+00 1.71e-03
1.24818e+00 1.71e-03
1.24850e+00 1.70e-03
1.24881e+00 1.70e-03
1.24913e+00 1.70e-03
1.24944e+00 1.70e-03
1.24976e+00 1.69e-03
1.25007e+00 1.69e-03
1.25039e+00 1.69e-03
1.25070e+00 1.69e-03
1.25102e+00 1.69e-03
1.25133e+00 1.68e-03
1.25165e+00 1.68e-03
1.25196e+00 1.68e-03
1.25228e+00 1.68e-03
1.25262e+00 1.67e-03
1.25293e+00 1.67e-03
1.25325e+00 1.67e-03
1.25356e+00 1.67e-03
1.25388e+00 1.67e-03
1.25419e+00 1.66e-03
1.25450e+00 1.66e-03
1.25482e+00 1.66e-03
1.25513e+00 1.66e-03
1.25545e+00 1.65e-03
1.25576e+00 1.65e-03
1.25607e+00 1.65e-03
1.25638e+00 1.65e-03
1.25670e+00 1.65e-03
1.25701e+00 1.64e-03
1.25732e+00 1.64e-03
1.25764e+00 1.64e-03
1.25795e+00 1.64e-03
1.25826e+00 1.63e-03
1.25857e+00 1.63e-03
1.25889e+00 1.63e-03
1.25920e+00 1.63e-03
1.25951e+00 1.63e-03
1.25982e+00 1.62e-03
1.26014e+00 1.62e-03
1.26045e+00 1.62e-03
1.26076e+00 1.62e-03
1.26107e+00 1.62e-03
1.26138e+00 1.61e-03
1.26169e+00 1.61e-03
1.26201e+00 1.61e-03
1.26232e+00 1.61e-03
1.26263e+00 1.61e-03
1.26294e+00 1.61e-03
1.26325e+00 1.60e-03
1.26356e+00 1.60e-03
1.26387e+00 1.60e-03
1.26418e+00 1.60e-03
1.26449e+00 1.60e-03
1.26480e+00 1.59e-03
1.26514e+00 1.59e-03
1.26545e+00 1.59e-03
1.26576e+00 1.59e-03
1.26607e+00 1.59e-03
1.26638e+00 1.59e-03
1.26669e+00 1.58e-03
1.26700e+00 1.58e-03
1.26731e+00 1.58e-03
1.26762e+00 1.58e-03
1.26793e+00 1.58e-03
1.26824e+00 1.57e-03
1.26855e+00 1.57e-03
1.26886e+00 1.57e-03
1.26917e+00 1.57e-03
1.26948e+00 1.57e-03
1.26979e+00 1.57e-03
1.27010e+00 1.56e-03
1.27041e+00 1.56e-03
1.27072e+00 1.56e-03
1.27102e+00 1.56e-03
1.27133e+00 1.56e-03
1.27164e+00 1.56e-03
1.27195e+00 1.55e-03
1.27226e+00 1.55e-03
1.27257e+00 1.55e-03
1.27287e+00 1.55e-03
1.27318e+00 1.55e-03
1.27349e+00 1.55e-03
1.27380e+00 1.54e-03
1.27411e+00 1.54e-03
1.27441e+00 1.54e-03
1.27472e+00 1.54e-03
1.27503e+00 1.54e-03
1.27533e+00 1.54e-03
1.27564e+00 1.53e-03
1.27595e+00 1.53e-03
1.27626e+00 1.53e-03
1.27656e+00 1.53e-03
1.27687e+00 1.53e-03
1.27718e+00 1.53e-03
1.27748e+00 1.52e-03
1.27779e+00 1.52e-03
1.27810e+00 1.52e-03
1.27840e+00 1.52e-03
1.27871e+00 1.52e-03
1.27902e+00 1.52e-03
1.27932e+00 1.51e-03
1.27963e+00 1.51e-03
1.27993e+00 1.51e-03
1.28024e+00 1.51e-03
1.28054e+00 1.51e-03
1.28085e+00 1.51e-03
1.28116e+00 1.50e-03
1.28146e+00 1.50e-03
1.28177e+00 1.50e-03
1.28207e+00 1.50e-03
1.28238e+00 1.50e-03
1.28268e+00 1.50e-03
1.28299e+00 1.50e-03
1.28329e+00 1.49e-03
1.29102e+00 1.46e-03
1.29538e+00 1.44e-03
1.29853e+00 1.43e-03
1.30019e+00 1.43e-03
1.30272e+00 1.43e-03
1.30422e+00 1.43e-03
1.30601e+00 1.44e-03
1.30720e+00 1.44e-03
1.30749e+00 1.44e-03
1.30809e+00 1.44e-03
1.30839e+00 1.45e-03
1.30868e+00 1.45e-03
1.30898e+00 1.45e-03
1.30925e+00 1.45e-03
1.30955e+00 1.45e-03
1.30985e+00 1.46e-03
1.31014e+00 1.46e-03
1.31044e+00 1.46e-03
1.31074e+00 1.46e-03
1.31103e+00 1.47e-03
1.31133e+00 1.47e-03
1.31162e+00 1.47e-03
1.31192e+00 1.48e-03
1.31222e+00 1.48e-03
1.31251e+00 1.48e-03
1.31281e+00 1.49e-03
1.31311e+00 1.49e-03
1.31340e+00 1.50e-03
1.31370e+00 1.50e-03
1.31399e+00 1.51e-03
1.31429e+00 1.51e-03
1.31458e+00 1.52e-03
1.31488e+00 1.53e-03
1.31517e+00 1.53e-03
1.31547e+00 1.54e-03
1.31576e+00 1.55e-03
1.31606e+00 1.56e-03
1.31635e+00 1.57e-03
1.31665e+00 1.58e-03
1.31694e+00 1.58e-03
1.31724e+00 1.60e-03
1.31753e+00 1.61e-03
1.31783e+00 1.62e-03
1.31812e+00 1.63e-03
1.31842e+00 1.65e-03
1.31871e+00 1.66e-03
1.31901e+00 1.68e-03
1.31930e+00 1.69e-03
1.31959e+00 1.71e-03
1.31989e+00 1.73e-03
1.32018e+00 1.75e-03
1.32048e+00 1.77e-03
1.32077e+00 1.80e-03
1.32106e+00 1.83e-03
1.32133e+00 1.85e-03
1.32162e+00 1.89e-03
1.32192e+00 1.92e-03
1.32221e+00 1.96e-03
1.32250e+00 2.00e-03
1.32280e+00 2.04e-03
1.32296e+00 2.06e-03
1.32309e+00 2.09e-03
1.32325e+00 2.11e-03
1.32338e+00 2.14e-03
1.32354e+00 2.17e-03
1.32367e+00 2.20e-03
1.32383e+00 2.23e-03
1.32397e+00 2.26e-03
1.32413e+00 2.30e-03
1.32426e+00 2.33e-03
1.32442e+00 2.37e-03
1.32455e+00 2.41e-03
1.32471e+00 2.45e-03
1.32484e+00 2.50e-03
1.32500e+00 2.55e-03
1.32514e+00 2.60e-03
1.32530e+00 2.65e-03
1.32543e+00 2.71e-03
1.32559e+00 2.77e-03
1.32572e+00 2.83e-03
1.32588e+00 2.90e-03
1.32601e+00 2.97e-03
1.32617e+00 3.05e-03
1.32631e+00 3.14e-03
1.32646e+00 3.23e-03
1.32660e+00 3.32e-03
1.32676e+00 3.42e-03
1.32689e+00 3.54e-03
1.32705e+00 3.66e-03
1.32718e+00 3.79e-03
1.32734e+00 3.93e-03
1.32747e+00 4.08e-03
1.32761e+00 4.24e-03
1.32776e+00 4.42e-03
1.32790e+00 4.62e-03
1.32806e+00 4.84e-03
1.32819e+00 5.07e-03
1.32835e+00 5.33e-03
1.32848e+00 5.62e-03
1.32864e+00 5.94e-03
1.32877e+00 6.30e-03
1.32893e+00 6.70e-03
1.32906e+00 7.15e-03
1.32922e+00 7.66e-03
1.32935e+00 8.23e-03
1.32951e+00 8.88e-03
1.32964e+00 9.63e-03
1.32980e+00 1.05e-02
1.32994e+00 1.15e-02
1.33009e+00 1.27e-02
1.33023e+00 1.40e-02
1.33039e+00 1.57e-02
1.33052e+00 1.76e-02
1.33068e+00 1.99e-02
1.33081e+00 2.27e-02
1.33097e+00 2.61e-02
1.33110e+00 3.02e-02
1.33126e+00 3.49e-02
1.33139e+00 4.04e-02
1.33155e+00 4.63e-02
1.33168e+00 5.22e-02
1.33184e+00 5.74e-02
1.33197e+00 6.12e-02
1.33213e+00 6.36e-02
1.33226e+00 6.52e-02
1.33242e+00 6.69e-02
1.33255e+00 6.96e-02
1.33271e+00 7.35e-02
1.33284e+00 7.85e-02
1.33300e+00 8.36e-02
1.33313e+00 8.71e-02
1.33329e+00 8.75e-02
1.33342e+00 8.40e-02
1.33358e+00 7.71e-02
1.33371e+00 6.83e-02
1.33387e+00 5.92e-02
1.33400e+00 5.06e-02
1.33416e+00 4.32e-02
1.33429e+00 3.69e-02
1.33445e+00 3.17e-02
1.33458e+00 2.74e-02
1.33471e+00 2.38e-02
1.33487e+00 2.09e-02
1.33500e+00 1.85e-02
1.33516e+00 1.65e-02
1.33529e+00 1.48e-02
1.33545e+00 1.33e-02
1.33558e+00 1.21e-02
1.33574e+00 1.11e-02
1.33587e+00 1.01e-02
1.33603e+00 9.35e-03
1.33616e+00 8.65e-03
1.33632e+00 8.04e-03
1.33645e+00 7.50e-03
1.33661e+00 7.02e-03
1.33674e+00 6.59e-03
1.33689e+00 6.21e-03
1.33703e+00 5.87e-03
1.33718e+00 5.56e-03
1.33731e+00 5.28e-03
1.33747e+00 5.02e-03
1.33760e+00 4.79e-03
1.33776e+00 4.58e-03
1.33789e+00 4.38e-03
1.33805e+00 4.21e-03
1.33818e+00 4.04e-03
1.33834e+00 3.89e-03
1.33847e+00 3.75e-03
1.33863e+00 3.62e-03
1.33876e+00 3.50e-03
1.33891e+00 3.39e-03
1.33905e+00 3.29e-03
1.33920e+00 3.19e-03
1.33933e+00 3.10e-03
1.33949e+00 3.02e-03
1.33962e+00 2.94e-03
1.33978e+00 2.86e-03
1.33991e+00 2.80e-03
1.34007e+00 2.73e-03
1.34020e+00 2.67e-03
1.34036e+00 2.61e-03
1.34049e+00 2.55e-03
1.34064e+00 2.50e-03
1.34077e+00 2.45e-03
1.34093e+00 2.41e-03
1.34106e+00 2.36e-03
1.34122e+00 2.32e-03
1.34135e+00 2.28e-03
1.34151e+00 2.24e-03
1.34164e+00 2.21e-03
1.34179e+00 2.17e-03
1.34192e+00 2.14e-03
1.34208e+00 2.11e-03
1.34221e+00 2.08e-03
1.34237e+00 2.05e-03
1.34250e+00 2.02e-03
1.34266e+00 2.00e-03
1.34279e+00 1.97e-03
1.34294e+00 1.95e-03
1.34323e+00 1.90e-03
1.34352e+00 1.86e-03
1.34380e+00 1.82e-03
1.34409e+00 1.79e-03
1.34438e+00 1.75e-03
1.34464e+00 1.72e-03
1.34493e+00 1.69e-03
1.34521e+00 1.67e-03
1.34550e+00 1.64e-03
1.34578e+00 1.62e-03
1.34607e+00 1.60e-03
1.34636e+00 1.58e-03
1.34664e+00 1.56e-03
1.34693e+00 1.54e-03
1.34722e+00 1.52e-03
1.34750e+00 1.50e-03
1.34779e+00 1.49e-03
1.34807e+00 1.47e-03
1.34836e+00 1.46e-03
1.34864e+00 1.45e-03
1.34893e+00 1.43e-03
1.34922e+00 1.42e-03
1.34950e+00 1.41e-03
1.34979e+00 1.40e-03
1.35007e+00 1.39e-03
1.35036e+00 1.38e-03
1.35064e+00 1.37e-03
1.35093e+00 1.36e-03
1.35121e+00 1.35e-03
1.35150e+00 1.34e-03
1.35178e+00 1.33e-03
1.35207e+00 1.33e-03
1.35235e+00 1.32e-03
1.35263e+00 1.31e-03
1.35292e+00 1.30e-03
1.35320e+00 1.30e-03
1.35349e+00 1.29e-03
1.35377e+00 1.28e-03
1.35406e+00 1.28e-03
1.35434e+00 1.27e-03
1.35462e+00 1.27e-03
1.35491e+00 1.26e-03
1.35519e+00 1.25e-03
1.35547e+00 1.25e-03
1.35576e+00 1.24e-03
1.35604e+00 1.24e-03
1.35632e+00 1.23e-03
1.35661e+00 1.23e-03
1.35689e+00 1.23e-03
1.35717e+00 1.22e-03
1.35746e+00 1.22e-03
1.35774e+00 1.21e-03
1.35802e+00 1.21e-03
1.35831e+00 1.20e-03
1.35859e+00 1.20e-03
1.35887e+00 1.20e-03
1.35915e+00 1.19e-03
1.35944e+00 1.19e-03
1.35972e+00 1.19e-03
1.36000e+00 1.18e-03
1.36028e+00 1.18e-03
1.36057e+00 1.17e-03
1.36085e+00 1.17e-03
1.36113e+00 1.17e-03
1.36141e+00 1.16e-03
1.36172e+00 1.16e-03
1.36200e+00 1.16e-03
1.36228e+00 1.16e-03
1.36257e+00 1.15e-03
1.36285e+00 1.15e-03
1.36313e+00 1.15e-03
1.36341e+00 1.14e-03
1.36369e+00 1.14e-03
1.36382e+00 1.14e-03
1.36410e+00 1.14e-03
1.36438e+00 1.13e-03
1.36466e+00 1.13e-03
1.36494e+00 1.13e-03
1.36522e+00 1.13e-03
1.36550e+00 1.12e-03
1.36579e+00 1.12e-03
1.36607e+00 1.12e-03
1.36635e+00 1.12e-03
1.36663e+00 1.11e-03
1.36691e+00 1.11e-03
1.36719e+00 1.11e-03
1.36747e+00 1.11e-03
1.36775e+00 1.10e-03
1.36803e+00 1.10e-03
1.36831e+00 1.10e-03
1.36859e+00 1.10e-03
1.36887e+00 1.09e-03
1.36915e+00 1.09e-03
1.36945e+00 1.09e-03
1.36973e+00 1.09e-03
1.37001e+00 1.09e-03
1.37029e+00 1.08e-03
1.37057e+00 1.08e-03
1.37085e+00 1.08e-03
1.37113e+00 1.08e-03
1.37141e+00 1.08e-03
1.37169e+00 1.07e-03
1.37197e+00 1.07e-03
1.37225e+00 1.07e-03
1.37252e+00 1.07e-03
1.37280e+00 1.07e-03
1.37308e+00 1.06e-03
1.37336e+00 1.06e-03
1.37364e+00 1.06e-03
1.37392e+00 1.06e-03
1.37420e+00 1.06e-03
1.37447e+00 1.06e-03
1.37475e+00 1.05e-03
1.37503e+00 1.05e-03
1.37531e+00 1.05e-03
1.37559e+00 1.05e-03
1.37587e+00 1.05e-03
1.37614e+00 1.05e-03
1.37642e+00 1.04e-03
1.37670e+00 1.04e-03
1.37698e+00 1.04e-03
1.37725e+00 1.04e-03
1.37753e+00 1.04e-03
1.37783e+00 1.04e-03
1.37811e+00 1.03e-03
1.37839e+00 1.03e-03
1.37867e+00 1.03e-03
1.37894e+00 1.03e-03
1.37922e+00 1.03e-03
1.37950e+00 1.03e-03
1.37977e+00 1.03e-03
1.38005e+00 1.02e-03
1.38033e+00 1.02e-03
1.38060e+00 1.02e-03
1.38088e+00 1.02e-03
1.38116e+00 1.02e-03
1.38143e+00 1.02e-03
1.38171e+00 1.02e-03
1.38199e+00 1.01e-03
1.38226e+00 1.01e-03
1.38254e+00 1.01e-03
1.38281e+00 1.01e-03
1.38309e+00 1.01e-03
1.38337e+00 1.01e-03
1.38367e+00 1.01e-03
1.38394e+00 1.00e-03
1.38422e+00 1.00e-03
1.38449e+00 1.00e-03
1.38477e+00 1.00e-03
1.38504e+00 9.99e-04
1.38532e+00 9.97e-04
1.38559e+00 9.96e-04
1.38587e+00 9.95e-04
1.38614e+00 9.93e-04
1.38642e+00 9.92e-04
1.38669e+00 9.91e-04
1.38697e+00 9.89e-04
1.38724e+00 9.88e-04
1.38752e+00 9.87e-04
1.38779e+00 9.85e-04
1.38809e+00 9.84e-04
1.38837e+00 9.83e-04
1.38864e+00 9.82e-04
1.38892e+00 9.80e-04
1.38919e+00 9.79e-04
1.38946e+00 9.78e-04
1.38974e+00 9.76e-04
1.39001e+00 9.75e-04
1.39029e+00 9.74e-04
1.39056e+00 9.73e-04
1.39083e+00 9.71e-04
1.39111e+00 9.70e-04
1.39138e+00 9.69e-04
1.39165e+00 9.67e-04
1.39195e+00 9.66e-04
1.39223e+00 9.65e-04
1.39250e+00 9.64e-04
1.39277e+00 9.62e-04
1.39305e+00 9.61e-04
1.39332e+00 9.60e-04
1.39359e+00 9.59e-04
1.39387e+00 9.57e-04
1.39414e+00 9.56e-04
1.39441e+00 9.55e-04
1.39468e+00 9.54e-04
1.39496e+00 9.53e-04
1.39523e+00 9.51e-04
1.39553e+00 9.50e-04
1.39580e+00 9.49e-04
1.39607e+00 9.48e-04
1.39634e+00 9.46e-04
1.39662e+00 9.45e-04
1.39689e+00 9.44e-04
1.39716e+00 9.43e-04
1.39743e+00 9.42e-04
1.39770e+00 9.40e-04
1.39798e+00 9.39e-04
1.39825e+00 9.38e-04
1.39854e+00 9.37e-04
1.39882e+00 9.36e-04
1.39909e+00 9.34e-04
1.39936e+00 9.33e-04
1.39963e+00 9.32e-04
1.39990e+00 9.31e-04
1.40017e+00 9.30e-04
1.40044e+00 9.29e-04
1.40071e+00 9.27e-04
1.40099e+00 9.26e-04
1.40128e+00 9.25e-04
1.40155e+00 9.24e-04
1.40182e+00 9.23e-04
1.40209e+00 9.22e-04
1.40236e+00 9.20e-04
1.40264e+00 9.19e-04
1.40291e+00 9.18e-04
1.40318e+00 9.17e-04
1.40345e+00 9.16e-04
1.40374e+00 9.15e-04
1.40401e+00 9.13e-04
1.40428e+00 9.12e-04
1.40455e+00 9.11e-04
1.40482e+00 9.10e-04
1.40509e+00 9.09e-04
1.40536e+00 9.08e-04
1.40563e+00 9.07e-04
1.40590e+00 9.05e-04
1.40620e+00 9.04e-04
1.40646e+00 9.03e-04
1.40673e+00 9.02e-04
1.40700e+00 9.01e-04
1.40727e+00 9.00e-04
1.40754e+00 8.99e-04
1.40781e+00 8.98e-04
1.40808e+00 8.97e-04
1.40837e+00 8.96e-04
1.40864e+00 8.95e-04
1.40891e+00 8.94e-04
1.40918e+00 8.93e-04
1.40945e+00 8.92e-04
1.40972e+00 8.91e-04
1.40999e+00 8.90e-04
1.41025e+00 8.89e-04
1.41055e+00 8.88e-04
1.41082e+00 8.87e-04
1.41108e+00 8.86e-04
1.41135e+00 8.85e-04
1.41162e+00 8.84e-04
1.41189e+00 8.83e-04
1.41216e+00 8.82e-04
1.41245e+00 8.81e-04
1.41272e+00 8.80e-04
1.41298e+00 8.79e-04
1.41325e+00 8.78e-04
1.41352e+00 8.77e-04
1.41379e+00 8.76e-04
1.41406e+00 8.75e-04
1.41435e+00 8.75e-04
1.41461e+00 8.74e-04
1.41488e+00 8.73e-04
1.41515e+00 8.72e-04
1.41542e+00 8.71e-04
1.41568e+00 8.70e-04
1.41595e+00 8.69e-04
1.41624e+00 8.68e-04
1.41651e+00 8.67e-04
1.41678e+00 8.66e-04
1.41704e+00 8.65e-04
1.41731e+00 8.64e-04
1.41757e+00 8.63e-04
1.41784e+00 8.62e-04
1.41813e+00 8.61e-04
1.41840e+00 8.60e-04
1.41866e+00 8.59e-04
1.41893e+00 8.58e-04
1.41920e+00 8.58e-04
1.41946e+00 8.57e-04
1.41975e+00 8.56e-04
1.42002e+00 8.55e-04
1.42029e+00 8.54e-04
1.42055e+00 8.53e-04
1.42082e+00 8.52e-04
1.42108e+00 8.51e-04
1.42137e+00 8.50e-04
1.42164e+00 8.49e-04
1.42190e+00 8.48e-04
1.42217e+00 8.47e-04
1.42243e+00 8.47e-04
1.42272e+00 8.46e-04
1.42299e+00 8.45e-04
1.42325e+00 8.44e-04
1.42352e+00 8.43e-04
1.42378e+00 8.42e-04
1.42405e+00 8.41e-04
1.42434e+00 8.40e-04
1.42460e+00 8.39e-04
1.42487e+00 8.38e-04
1.42513e+00 8.38e-04
1.42539e+00 8.37e-04
1.42568e+00 8.36e-04
1.42595e+00 8.35e-04
1.42621e+00 8.34e-04
1.42648e+00 8.33e-04
1.42674e+00 8.32e-04
1.42700e+00 8.31e-04
1.42729e+00 8.31e-04
1.42756e+00 8.30e-04
1.42782e+00 8.29e-04
1.42808e+00 8.28e-04
1.42835e+00 8.27e-04
1.42864e+00 8.26e-04
1.42890e+00 8.25e-04
1.42916e+00 8.24e-04
1.42943e+00 8.24e-04
1.42969e+00 8.23e-04
1.42998e+00 8.22e-04
1.43024e+00 8.21e-04
1.43050e+00 8.20e-04
1.43077e+00 8.19e-04
1.43105e+00 8.18e-04
1.43132e+00 8.18e-04
1.43158e+00 8.17e-04
1.43184e+00 8.16e-04
1.43210e+00 8.15e-04
1.43239e+00 8.14e-04
1.43265e+00 8.13e-04
1.43292e+00 8.13e-04
1.43318e+00 8.12e-04
1.43344e+00 8.11e-04
1.43373e+00 8.10e-04
1.43399e+00 8.09e-04
1.43425e+00 8.08e-04
1.43451e+00 8.08e-04
1.43480e+00 8.07e-04
1.44213e+00 7.86e-04
1.44546e+00 7.79e-04
1.44903e+00 7.73e-04
1.45208e+00 7.69e-04
1.45458e+00 7.68e-04
1.45657e+00 7.68e-04
1.45815e+00 7.69e-04
1.45948e+00 7.71e-04
1.46026e+00 7.73e-04
1.46080e+00 7.74e-04
1.46105e+00 7.75e-04
1.46133e+00 7.76e-04
1.46159e+00 7.77e-04
1.46184e+00 7.78e-04
1.46212e+00 7.79e-04
1.46238e+00 7.81e-04
1.46263e+00 7.82e-04
1.46291e+00 7.83e-04
1.46316e+00 7.85e-04
1.46344e+00 7.86e-04
1.46370e+00 7.88e-04
1.46395e+00 7.90e-04
1.46423e+00 7.92e-04
1.46448e+00 7.94e-04
1.46474e+00 7.96e-04
1.46501e+00 7.99e-04
1.46527e+00 8.01e-04
1.46554e+00 8.04e-04
1.46580e+00 8.07e-04
1.46605e+00 8.10e-04
1.46633e+00 8.13e-04
1.46658e+00 8.17e-04
1.46686e+00 8.20e-04
1.46711e+00 8.24e-04
1.46737e+00 8.29e-04
1.46764e+00 8.33e-04
1.46790e+00 8.38e-04
1.46817e+00 8.43e-04
1.46843e+00 8.49e-04
1.46868e+00 8.55e-04
1.46896e+00 8.62e-04
1.46921e+00 8.69e-04
1.46949e+00 8.76e-04
1.46974e+00 8.84e-04
1.46999e+00 8.93e-04
1.47027e+00 9.02e-04
1.47052e+00 9.13e-04
1.47080e+00 9.24e-04
1.47091e+00 9.29e-04
1.47119e+00 9.42e-04
1.47144e+00 9.55e-04
1.47171e+00 9.70e-04
1.47197e+00 9.86e-04
1.47222e+00 1.00e-03
1.47249e+00 1.02e-03
1.47275e+00 1.04e-03
1.47288e+00 1.06e-03
1.47302e+00 1.07e-03
1.47314e+00 1.08e-03
1.47327e+00 1.09e-03
1.47341e+00 1.11e-03
1.47353e+00 1.12e-03
1.47366e+00 1.14e-03
1.47380e+00 1.15e-03
1.47394e+00 1.17e-03
1.47405e+00 1.19e-03
1.47419e+00 1.20e-03
1.47433e+00 1.22e-03
1.47447e+00 1.25e-03
1.47458e+00 1.27e-03
1.47472e+00 1.29e-03
1.47485e+00 1.32e-03
1.47497e+00 1.34e-03
1.47511e+00 1.37e-03
1.47524e+00 1.40e-03
1.47538e+00 1.43e-03
1.47550e+00 1.47e-03
1.47563e+00 1.50e-03
1.47577e+00 1.54e-03
1.47588e+00 1.58e-03
1.47602e+00 1.62e-03
1.47616e+00 1.67e-03
1.47630e+00 1.72e-03
1.47641e+00 1.77e-03
1.47655e+00 1.83e-03
1.47668e+00 1.89e-03
1.47680e+00 1.96e-03
1.47693e+00 2.03e-03
1.47707e+00 2.11e-03
1.47721e+00 2.19e-03
1.47732e+00 2.28e-03
1.47746e+00 2.37e-03
1.47760e+00 2.47e-03
1.47773e+00 2.58e-03
1.47785e+00 2.70e-03
1.47798e+00 2.83e-03
1.47812e+00 2.96e-03
1.47824e+00 3.11e-03
1.47837e+00 3.26e-03
1.47851e+00 3.43e-03
1.47865e+00 3.60e-03
1.47876e+00 3.78e-03
1.47890e+00 3.97e-03
1.47903e+00 4.17e-03
1.47917e+00 4.37e-03
1.47942e+00 4.79e-03
1.47956e+00 4.99e-03
1.47969e+00 5.19e-03
1.47981e+00 5.38e-03
1.47994e+00 5.56e-03
1.48008e+00 5.73e-03
1.48019e+00 5.87e-03
1.48033e+00 6.00e-03
1.48047e+00 6.10e-03
1.48060e+00 6.17e-03
1.48072e+00 6.22e-03
1.48085e+00 6.23e-03
1.48099e+00 6.22e-03
1.48113e+00 6.17e-03
1.48124e+00 6.08e-03
1.48138e+00 5.96e-03
1.48151e+00 5.82e-03
1.48165e+00 5.65e-03
1.48176e+00 5.46e-03
1.48190e+00 5.26e-03
1.48204e+00 5.04e-03
1.48229e+00 4.60e-03
1.48242e+00 4.38e-03
1.48256e+00 4.17e-03
1.48269e+00 3.97e-03
1.48281e+00 3.77e-03
1.48294e+00 3.58e-03
1.48308e+00 3.41e-03
1.48322e+00 3.24e-03
1.48333e+00 3.08e-03
1.48347e+00 2.94e-03
1.48360e+00 2.80e-03
1.48372e+00 2.68e-03
1.48385e+00 2.56e-03
1.48399e+00 2.45e-03
1.48412e+00 2.35e-03
1.48424e+00 2.25e-03
1.48437e+00 2.17e-03
1.48451e+00 2.09e-03
1.48465e+00 2.01e-03
1.48476e+00 1.94e-03
1.48489e+00 1.87e-03
1.48503e+00 1.81e-03
1.48517e+00 1.76e-03
1.48528e+00 1.70e-03
1.48542e+00 1.65e-03
1.48555e+00 1.61e-03
1.48569e+00 1.56e-03
1.48582e+00 1.52e-03
1.48594e+00 1.48e-03
1.48607e+00 1.45e-03
1.48621e+00 1.41e-03
1.48634e+00 1.38e-03
1.48646e+00 1.35e-03
1.48659e+00 1.32e-03
1.48673e+00 1.29e-03
1.48686e+00 1.27e-03
1.48698e+00 1.25e-03
1.48711e+00 1.22e-03
1.48725e+00 1.20e-03
1.48738e+00 1.18e-03
1.48750e+00 1.16e-03
1.48763e+00 1.14e-03
1.48777e+00 1.13e-03
1.48790e+00 1.11e-03
1.48802e+00 1.09e-03
1.48815e+00 1.08e-03
1.48829e+00 1.06e-03
1.48842e+00 1.05e-03
1.48854e+00 1.04e-03
1.48867e+00 1.02e-03
1.48881e+00 1.01e-03
1.48908e+00 9.90e-04
1.48932e+00 9.70e-04
1.48960e+00 9.51e-04
1.48984e+00 9.33e-04
1.49011e+00 9.17e-04
1.49036e+00 9.02e-04
1.49063e+00 8.89e-04
1.49088e+00 8.76e-04
1.49115e+00 8.64e-04
1.49140e+00 8.53e-04
1.49167e+00 8.42e-04
1.49191e+00 8.32e-04
1.49218e+00 8.23e-04
1.49245e+00 8.15e-04
1.49270e+00 8.06e-04
1.49297e+00 7.99e-04
1.49322e+00 7.92e-04
1.49349e+00 7.85e-04
1.49374e+00 7.78e-04
1.49400e+00 7.72e-04
1.49425e+00 7.66e-04
1.49452e+00 7.61e-04
1.49479e+00 7.56e-04
1.49504e+00 7.51e-04
1.49531e+00 7.46e-04
1.49555e+00 7.41e-04
1.49582e+00 7.37e-04
1.49607e+00 7.33e-04
1.49634e+00 7.29e-04
1.49661e+00 7.25e-04
1.49685e+00 7.22e-04
1.49712e+00 7.18e-04
1.49737e+00 7.15e-04
1.49763e+00 7.12e-04
1.49790e+00 7.08e-04
1.49815e+00 7.05e-04
1.49842e+00 7.03e-04
1.49866e+00 7.00e-04
1.49893e+00 6.97e-04
1.49920e+00 6.95e-04
1.49944e+00 6.92e-04
1.49971e+00 6.90e-04
1.49996e+00 6.87e-04
1.50023e+00 6.85e-04
1.50049e+00 6.83e-04
1.50074e+00 6.81e-04
1.50101e+00 6.79e-04
1.50125e+00 6.77e-04
1.50152e+00 6.75e-04
1.50179e+00 6.73e-04
1.50203e+00 6.71e-04
1.50230e+00 6.70e-04
1.50257e+00 6.68e-04
1.50281e+00 6.66e-04
1.50308e+00 6.65e-04
1.50332e+00 6.63e-04
1.50359e+00 6.61e-04
1.50386e+00 6.60e-04
1.50410e+00 6.59e-04
1.50437e+00 6.57e-04
1.50463e+00 6.56e-04
1.50488e+00 6.54e-04
1.50514e+00 6.53e-04
1.50541e+00 6.52e-04
1.50565e+00 6.51e-04
1.50592e+00 6.49e-04
1.50619e+00 6.48e-04
1.50643e+00 6.47e-04
1.50670e+00 6.46e-04
1.50694e+00 6.45e-04
1.50721e+00 6.45e-04
1.50747e+00 6.44e-04
1.50772e+00 6.43e-04
1.50798e+00 6.42e-04
1.50825e+00 6.41e-04
1.50849e+00 6.40e-04
1.50876e+00 6.40e-04
1.50902e+00 6.39e-04
1.50929e+00 6.38e-04
1.51275e+00 6.31e-04
1.51522e+00 6.27e-04
1.51739e+00 6.25e-04
1.51958e+00 6.24e-04
1.52139e+00 6.25e-04
1.52318e+00 6.26e-04
1.52447e+00 6.28e-04
1.52525e+00 6.30e-04
1.52549e+00 6.30e-04
1.52601e+00 6.32e-04
1.52627e+00 6.32e-04
1.52653e+00 6.33e-04
1.52680e+00 6.34e-04
1.52703e+00 6.35e-04
1.52729e+00 6.35e-04
1.52756e+00 6.36e-04
1.52782e+00 6.37e-04
1.52808e+00 6.38e-04
1.52831e+00 6.39e-04
1.52857e+00 6.41e-04
1.52884e+00 6.42e-04
1.52910e+00 6.43e-04
1.52936e+00 6.44e-04
1.52962e+00 6.46e-04
1.52988e+00 6.47e-04
1.53011e+00 6.49e-04
1.53037e+00 6.50e-04
1.53063e+00 6.52e-04
1.53089e+00 6.54e-04
1.53115e+00 6.56e-04
1.53141e+00 6.58e-04
1.53167e+00 6.60e-04
1.53191e+00 6.62e-04
1.53217e+00 6.65e-04
1.53243e+00 6.67e-04
1.53269e+00 6.70e-04
1.53295e+00 6.73e-04
1.53320e+00 6.76e-04
1.53346e+00 6.79e-04
1.53372e+00 6.82e-04
1.53396e+00 6.86e-04
1.53422e+00 6.89e-04
1.53448e+00 6.93e-04
1.53474e+00 6.98e-04
1.53499e+00 7.02e-04
1.53525e+00 7.07e-04
1.53551e+00 7.12e-04
1.53577e+00 7.17e-04
1.53603e+00 7.23e-04
1.53629e+00 7.29e-04
1.53652e+00 7.36e-04
1.53678e+00 7.43e-04
1.53704e+00 7.50e-04
1.53730e+00 7.58e-04
1.53756e+00 7.66e-04
1.53781e+00 7.75e-04
1.53807e+00 7.85e-04
1.53833e+00 7.95e-04
1.53859e+00 8.05e-04
1.53884e+00 8.17e-04
1.53910e+00 8.29e-04
1.53936e+00 8.41e-04
1.53962e+00 8.55e-04
1.53987e+00 8.69e-04
1.54013e+00 8.83e-04
1.54037e+00 8.98e-04
1.54062e+00 9.14e-04
1.54088e+00 9.30e-04
1.54114e+00 9.46e-04
1.54139e+00 9.62e-04
1.54165e+00 9.78e-04
1.54191e+00 9.93e-04
1.54216e+00 1.01e-03
1.54242e+00 1.02e-03
1.54268e+00 1.03e-03
1.54293e+00 1.05e-03
1.54306e+00 1.05e-03
1.54319e+00 1.05e-03
1.54332e+00 1.06e-03
1.54345e+00 1.06e-03
1.54358e+00 1.06e-03
1.54370e+00 1.06e-03
1.54383e+00 1.07e-03
1.54396e+00 1.07e-03
1.54409e+00 1.06e-03
1.54422e+00 1.06e-03
1.54434e+00 1.06e-03
1.54447e+00 1.06e-03
1.54460e+00 1.06e-03
1.54473e+00 1.05e-03
1.54486e+00 1.05e-03
1.54511e+00 1.04e-03
1.54537e+00 1.03e-03
1.54562e+00 1.01e-03
1.54588e+00 9.97e-04
1.54614e+00 9.81e-04
1.54639e+00 9.64e-04
1.54665e+00 9.48e-04
1.54690e+00 9.31e-04
1.54716e+00 9.15e-04
1.54741e+00 8.98e-04
1.54767e+00 8.83e-04
1.54792e+00 8.67e-04
1.54818e+00 8.52e-04
1.54843e+00 8.38e-04
1.54869e+00 8.25e-04
1.54894e+00 8.12e-04
1.54920e+00 8.00e-04
1.54945e+00 7.89e-04
1.54971e+00 7.78e-04
1.54996e+00 7.67e-04
1.55022e+00 7.58e-04
1.55047e+00 7.49e-04
1.55073e+00 7.40e-04
1.55098e+00 7.32e-04
1.55126e+00 7.24e-04
1.55151e+00 7.17e-04
1.55177e+00 7.10e-04
1.55202e+00 7.04e-04
1.55227e+00 6.98e-04
1.55253e+00 6.92e-04
1.55278e+00 6.87e-04
1.55304e+00 6.82e-04
1.55329e+00 6.77e-04
1.55354e+00 6.72e-04
1.55380e+00 6.68e-04
1.55405e+00 6.64e-04
1.55431e+00 6.60e-04
1.55456e+00 6.56e-04
1.55483e+00 6.53e-04
1.55509e+00 6.50e-04
1.55534e+00 6.46e-04
1.55559e+00 6.43e-04
1.55585e+00 6.41e-04
1.55610e+00 6.38e-04
1.55635e+00 6.35e-04
1.55661e+00 6.33e-04
1.55686e+00 6.30e-04
1.55713e+00 6.28e-04
1.55739e+00 6.26e-04
1.55764e+00 6.24e-04
1.55789e+00 6.22e-04
1.55814e+00 6.20e-04
1.55840e+00 6.19e-04
1.55865e+00 6.17e-04
1.55890e+00 6.15e-04
1.55918e+00 6.14e-04
1.55943e+00 6.12e-04
1.55968e+00 6.11e-04
1.55993e+00 6.10e-04
1.56018e+00 6.09e-04
1.56044e+00 6.08e-04
1.56069e+00 6.07e-04
1.56096e+00 6.06e-04
1.56121e+00 6.05e-04
1.56147e+00 6.04e-04
1.56337e+00 6.00e-04
1.56478e+00 5.98e-04
1.56592e+00 5.98e-04
1.56605e+00 5.96e-04
1.56759e+00 5.98e-04
1.56835e+00 6.00e-04
1.56862e+00 6.00e-04
1.56887e+00 6.01e-04
1.56912e+00 6.02e-04
1.56937e+00 6.02e-04
1.56964e+00 6.03e-04
1.56989e+00 6.04e-04
1.57014e+00 6.05e-04
1.57039e+00 6.06e-04
1.57066e+00 6.06e-04
1.57090e+00 6.07e-04
1.57115e+00 6.08e-04
1.57140e+00 6.09e-04
1.57167e+00 6.10e-04
1.57192e+00 6.11e-04
1.57217e+00 6.12e-04
1.57244e+00 6.13e-04
1.57269e+00 6.13e-04
1.57294e+00 6.14e-04
1.57319e+00 6.15e-04
1.57512e+00 6.19e-04
1.57625e+00 6.20e-04
1.57702e+00 6.19e-04
1.57753e+00 6.19e-04
1.57778e+00 6.18e-04
1.57805e+00 6.17e-04
1.57830e+00 6.16e-04
1.57855e+00 6.15e-04
1.57881e+00 6.14e-04
1.57906e+00 6.13e-04
1.57931e+00 6.12e-04
1.57958e+00 6.11e-04
1.57982e+00 6.09e-04
1.58007e+00 6.08e-04
1.58034e+00 6.06e-04
1.58059e+00 6.05e-04
1.58085e+00 6.03e-04
1.58110e+00 6.02e-04
1.58135e+00 6.00e-04
1.58161e+00 5.98e-04
1.58186e+00 5.97e-04
1.58213e+00 5.95e-04
1.58237e+00 5.93e-04
1.58262e+00 5.92e-04
1.58289e+00 5.90e-04
1.58314e+00 5.88e-04
1.58340e+00 5.87e-04
1.58365e+00 5.85e-04
1.58389e+00 5.83e-04
1.58416e+00 5.82e-04
1.58441e+00 5.80e-04
1.58467e+00 5.79e-04
1.58492e+00 5.77e-04
1.58519e+00 5.76e-04
1.58543e+00 5.74e-04
1.58568e+00 5.73e-04
1.58594e+00 5.72e-04
1.58619e+00 5.70e-04
1.58646e+00 5.69e-04
1.58670e+00 5.68e-04
1.58697e+00 5.67e-04
1.58721e+00 5.66e-04
1.58748e+00 5.65e-04
1.58772e+00 5.65e-04
1.58913e+00 5.62e-04
1.59040e+00 5.61e-04
1.59117e+00 5.62e-04
1.59193e+00 5.63e-04
1.59219e+00 5.64e-04
1.59243e+00 5.64e-04
1.59270e+00 5.65e-04
1.59294e+00 5.65e-04
1.59321e+00 5.66e-04
1.59345e+00 5.67e-04
1.59371e+00 5.67e-04
1.59512e+00 5.70e-04
1.59613e+00 5.70e-04
1.59664e+00 5.70e-04
1.59690e+00 5.69e-04
1.59716e+00 5.69e-04
1.59741e+00 5.68e-04
1.59767e+00 5.66e-04
1.59791e+00 5.65e-04
1.59817e+00 5.64e-04
1.59844e+00 5.62e-04
1.59868e+00 5.61e-04
1.59894e+00 5.59e-04
1.59919e+00 5.57e-04
1.59945e+00 5.55e-04
1.59971e+00 5.53e-04
1.59995e+00 5.52e-04
1.60022e+00 5.50e-04
1.60048e+00 5.48e-04
1.60072e+00 5.46e-04
1.60098e+00 5.44e-04
1.60124e+00 5.42e-04
1.60149e+00 5.40e-04
1.60175e+00 5.38e-04
1.60199e+00 5.37e-04
1.60225e+00 5.35e-04
1.60251e+00 5.34e-04
1.60276e+00 5.33e-04
1.60302e+00 5.31e-04
1.60328e+00 5.30e-04
1.60352e+00 5.29e-04
1.60469e+00 5.28e-04
1.60531e+00 5.28e-04
1.60583e+00 5.29e-04
1.60607e+00 5.29e-04
1.60633e+00 5.30e-04
1.60659e+00 5.31e-04
1.60685e+00 5.32e-04
1.60710e+00 5.33e-04
1.60736e+00 5.34e-04
1.60762e+00 5.35e-04
1.60786e+00 5.36e-04
1.60902e+00 5.38e-04
1.60940e+00 5.38e-04
1.60966e+00 5.37e-04
1.60990e+00 5.36e-04
1.61016e+00 5.34e-04
1.61042e+00 5.33e-04
1.61068e+00 5.31e-04
1.61094e+00 5.29e-04
1.61118e+00 5.26e-04
1.61144e+00 5.24e-04
1.61170e+00 5.21e-04
1.61195e+00 5.19e-04
1.61219e+00 5.16e-04
1.61245e+00 5.14e-04
1.61271e+00 5.11e-04
1.61297e+00 5.09e-04
1.61323e+00 5.07e-04
1.61347e+00 5.05e-04
1.61373e+00 5.03e-04
1.61399e+00 5.02e-04
1.61425e+00 5.01e-04
1.61437e+00 5.00e-04
1.61500e+00 4.99e-04
1.61552e+00 4.99e-04
1.61578e+00 5.00e-04
1.61604e+00 5.00e-04
1.61629e+00 5.01e-04
1.61655e+00 5.02e-04
1.61679e+00 5.03e-04
1.61768e+00 5.05e-04
1.61782e+00 5.05e-04
1.61808e+00 5.05e-04
1.61834e+00 5.03e-04
1.61860e+00 5.01e-04
1.61883e+00 4.99e-04
1.61909e+00 4.95e-04
1.61935e+00 4.92e-04
1.61961e+00 4.87e-04
1.61986e+00 4.83e-04
1.62012e+00 4.78e-04
1.62038e+00 4.74e-04
1.62063e+00 4.69e-04
1.62089e+00 4.64e-04
1.62115e+00 4.60e-04
1.62141e+00 4.55e-04
1.62164e+00 4.51e-04
1.62190e+00 4.47e-04
1.62216e+00 4.43e-04
1.62241e+00 4.40e-04
1.62267e+00 4.37e-04
1.62293e+00 4.34e-04
1.62318e+00 4.31e-04
1.62344e+00 4.28e-04
1.62358e+00 4.26e-04
1.62370e+00 5.34e-04
1.62395e+00 5.31e-04
1.62421e+00 5.29e-04
1.62446e+00 5.26e-04
1.62472e+00 5.24e-04
1.62498e+00 5.21e-04
1.62523e+00 5.19e-04
1.62549e+00 5.17e-04
1.62574e+00 5.15e-04
1.62600e+00 5.13e-04
1.62626e+00 5.11e-04
1.62651e+00 5.09e-04
1.62677e+00 5.07e-04
1.62702e+00 5.06e-04
1.62728e+00 5.04e-04
1.62753e+00 5.02e-04
1.62779e+00 5.01e-04
1.62804e+00 4.99e-04
1.62830e+00 4.98e-04
1.62855e+00 4.96e-04
1.62881e+00 4.95e-04
1.62906e+00 4.93e-04
1.62932e+00 4.92e-04
1.62957e+00 4.91e-04
1.62983e+00 4.89e-04
1.63008e+00 4.88e-04
1.63034e+00 4.87e-04
1.63061e+00 4.86e-04
1.63087e+00 4.84e-04
1.63112e+00 4.83e-04
1.63138e+00 4.82e-04
1.63163e+00 4.81e-04
1.63188e+00 4.80e-04
1.63214e+00 4.78e-04
1.63239e+00 4.77e-04
1.63265e+00 4.76e-04
1.63290e+00 4.75e-04
1.63315e+00 4.74e-04
1.63343e+00 4.73e-04
1.63368e+00 4.72e-04
1.63394e+00 4.71e-04
1.63419e+00 4.70e-04
1.63444e+00 4.69e-04
1.63470e+00 4.68e-04
1.63495e+00 4.67e-04
1.63520e+00 4.66e-04
1.63548e+00 4.65e-04
1.63573e+00 4.64e-04
1.63598e+00 4.63e-04
1.63624e+00 4.62e-04
1.63649e+00 4.61e-04
1.63674e+00 4.60e-04
1.63701e+00 4.59e-04
1.63727e+00 4.58e-04
1.63752e+00 4.57e-04
1.63777e+00 4.56e-04
1.63803e+00 4.55e-04
1.63830e+00 4.54e-04
1.63855e+00 4.53e-04
1.63880e+00 4.52e-04
1.63905e+00 4.51e-04
1.63931e+00 4.50e-04
1.63958e+00 4.49e-04
1.63983e+00 4.48e-04
1.64008e+00 4.47e-04
1.64034e+00 4.47e-04
1.64059e+00 4.46e-04
1.64086e+00 4.45e-04
1.64111e+00 4.44e-04
1.64136e+00 4.43e-04
1.64161e+00 4.42e-04
1.64189e+00 4.41e-04
1.64214e+00 4.40e-04
1.64239e+00 4.39e-04
1.64264e+00 4.39e-04
1.64291e+00 4.38e-04
1.64316e+00 4.37e-04
1.64341e+00 4.36e-04
1.64368e+00 4.35e-04
1.64394e+00 4.34e-04
1.64419e+00 4.33e-04
1.64444e+00 4.32e-04
1.64471e+00 4.32e-04
1.64496e+00 4.31e-04
1.64521e+00 4.30e-04
1.64548e+00 4.29e-04
1.64573e+00 4.28e-04
1.64598e+00 4.27e-04
1.64625e+00 4.27e-04
1.64650e+00 4.26e-04
1.64675e+00 4.25e-04
1.64702e+00 4.24e-04
1.64727e+00 4.23e-04
1.64752e+00 4.22e-04
1.64779e+00 4.22e-04
1.64804e+00 4.21e-04
1.64829e+00 4.20e-04
1.64856e+00 4.19e-04
1.64881e+00 4.18e-04
1.64906e+00 4.18e-04
1.64933e+00 4.17e-04
1.64958e+00 4.16e-04
1.64985e+00 4.15e-04
1.65010e+00 4.14e-04
1.65035e+00 4.14e-04
1.65062e+00 4.13e-04
1.65087e+00 4.12e-04
1.65114e+00 4.11e-04
1.65139e+00 4.11e-04
1.65163e+00 4.10e-04
1.65190e+00 4.10e-04
1.65215e+00 4.09e-04
1.65242e+00 4.08e-04
1.65267e+00 4.08e-04
1.65294e+00 4.07e-04
1.65319e+00 4.07e-04
1.65345e+00 4.06e-04
1.65370e+00 4.06e-04
1.65395e+00 4.05e-04
1.65422e+00 4.04e-04
1.65447e+00 4.04e-04
1.65474e+00 4.03e-04
1.65498e+00 4.03e-04
1.65525e+00 4.02e-04
1.65550e+00 4.02e-04
1.65577e+00 4.01e-04
1.65602e+00 4.01e-04
1.65628e+00 4.00e-04
1.65653e+00 3.99e-04
1.65680e+00 3.99e-04
1.65705e+00 3.98e-04
1.65731e+00 3.98e-04
1.65756e+00 3.97e-04
1.65783e+00 3.97e-04
1.65808e+00 3.96e-04
1.65834e+00 3.96e-04
1.65859e+00 3.95e-04
1.65886e+00 3.95e-04
1.65912e+00 3.94e-04
1.65937e+00 3.93e-04
1.65964e+00 3.93e-04
1.65988e+00 3.92e-04
1.66015e+00 3.92e-04
1.66040e+00 3.91e-04
1.66066e+00 3.91e-04
1.66093e+00 3.90e-04
1.66118e+00 3.90e-04
1.66144e+00 3.89e-04
1.66169e+00 3.89e-04
1.66195e+00 3.88e-04
1.66222e+00 3.88e-04
1.66247e+00 3.87e-04
1.66273e+00 3.86e-04
1.66298e+00 3.86e-04
1.66324e+00 3.85e-04
1.66351e+00 3.85e-04
1.66376e+00 3.84e-04
1.66402e+00 3.84e-04
1.66429e+00 3.83e-04
1.66453e+00 3.83e-04
1.66480e+00 3.82e-04
1.66506e+00 3.82e-04
1.66531e+00 3.81e-04
1.66557e+00 3.81e-04
1.66584e+00 3.80e-04
1.66608e+00 3.80e-04
1.66635e+00 3.79e-04
1.66661e+00 3.78e-04
1.66686e+00 3.78e-04
1.66712e+00 3.77e-04
1.66739e+00 3.77e-04
1.66763e+00 3.76e-04
1.66790e+00 3.76e-04
1.66816e+00 3.75e-04
1.66842e+00 3.75e-04
1.66867e+00 3.74e-04
1.66893e+00 3.74e-04
1.66920e+00 3.73e-04
1.66944e+00 3.73e-04
1.66970e+00 3.72e-04
1.66997e+00 3.72e-04
1.67023e+00 3.71e-04
1.67050e+00 3.71e-04
1.67074e+00 3.70e-04
1.67100e+00 3.69e-04
1.67127e+00 3.69e-04
1.67153e+00 3.68e-04
1.67177e+00 3.68e-04
1.67204e+00 3.67e-04
1.67230e+00 3.67e-04
1.67256e+00 3.66e-04
1.67283e+00 3.66e-04
1.67307e+00 3.65e-04
1.67333e+00 3.65e-04
1.67360e+00 3.64e-04
1.67386e+00 3.64e-04
1.67412e+00 3.63e-04
1.67438e+00 3.63e-04
1.67463e+00 3.62e-04
1.67489e+00 3.62e-04
1.67515e+00 3.61e-04
1.67541e+00 3.61e-04
1.67567e+00 3.60e-04
1.67594e+00 3.60e-04
1.67620e+00 3.59e-04
1.67644e+00 3.58e-04
1.67670e+00 3.58e-04
1.67697e+00 3.57e-04
1.67723e+00 3.57e-04
1.67749e+00 3.56e-04
1.67775e+00 3.56e-04
1.67801e+00 3.55e-04
1.67827e+00 3.55e-04
1.67853e+00 3.54e-04
1.67880e+00 3.54e-04
1.67906e+00 3.54e-04
1.67930e+00 3.53e-04
1.67956e+00 3.53e-04
1.67982e+00 3.52e-04
1.68008e+00 3.52e-04
1.68034e+00 3.51e-04
1.68060e+00 3.51e-04
1.68087e+00 3.50e-04
1.68113e+00 3.50e-04
1.68139e+00 3.49e-04
1.68165e+00 3.49e-04
1.68191e+00 3.48e-04
1.68217e+00 3.48e-04
1.68243e+00 3.47e-04
1.68269e+00 3.47e-04
1.68295e+00 3.47e-04
1.68321e+00 3.46e-04
1.68347e+00 3.46e-04
1.68373e+00 3.45e-04
1.68399e+00 3.45e-04
1.68425e+00 3.44e-04
1.68451e+00 3.44e-04
1.68477e+00 3.43e-04
1.68503e+00 3.43e-04
1.68529e+00 3.42e-04
1.68555e+00 3.42e-04
1.68582e+00 3.41e-04
1.68608e+00 3.41e-04
1.68634e+00 3.41e-04
1.68660e+00 3.40e-04
1.68686e+00 3.40e-04
1.68712e+00 3.39e-04
1.68738e+00 3.39e-04
1.68764e+00 3.38e-04
1.68790e+00 3.38e-04
1.68816e+00 3.37e-04
1.68843e+00 3.37e-04
1.68869e+00 3.36e-04
1.68895e+00 3.36e-04
1.68921e+00 3.35e-04
1.68947e+00 3.35e-04
1.68973e+00 3.34e-04
1.68999e+00 3.34e-04
1.69026e+00 3.34e-04
1.69052e+00 3.33e-04
1.69078e+00 3.33e-04
1.69104e+00 3.32e-04
1.69129e+00 3.32e-04
1.69155e+00 3.31e-04
1.69183e+00 3.31e-04
1.69209e+00 3.30e-04
1.69234e+00 3.30e-04
1.69260e+00 3.29e-04
1.69286e+00 3.29e-04
1.69314e+00 3.28e-04
1.69339e+00 3.28e-04
1.69365e+00 3.28e-04
1.69391e+00 3.27e-04
1.69418e+00 3.27e-04
1.69444e+00 3.26e-04
1.69470e+00 3.26e-04
1.69495e+00 3.25e-04
1.69523e+00 3.25e-04
1.69549e+00 3.24e-04
1.69574e+00 3.24e-04
1.69600e+00 3.23e-04
1.69628e+00 3.23e-04
1.69653e+00 3.22e-04
1.69679e+00 3.22e-04
1.69706e+00 3.21e-04
1.69732e+00 3.21e-04
1.69758e+00 3.21e-04
1.69785e+00 3.20e-04
1.69811e+00 3.20e-04
1.69836e+00 3.19e-04
1.69864e+00 3.19e-04
1.69889e+00 3.18e-04
1.69915e+00 3.18e-04
1.69942e+00 3.17e-04
1.69968e+00 3.17e-04
1.69994e+00 3.16e-04
1.70021e+00 3.16e-04
1.70047e+00 3.15e-04
1.70074e+00 3.15e-04
1.70100e+00 3.15e-04
1.70125e+00 3.14e-04
1.70152e+00 3.14e-04
1.70178e+00 3.13e-04
1.70205e+00 3.13e-04
1.70231e+00 3.12e-04
1.70256e+00 3.12e-04
1.70284e+00 3.11e-04
1.70309e+00 3.11e-04
1.70337e+00 3.10e-04
1.70362e+00 3.10e-04
1.70389e+00 3.09e-04
1.70415e+00 3.09e-04
1.70442e+00 3.09e-04
1.70468e+00 3.08e-04
1.70495e+00 3.08e-04
1.70520e+00 3.07e-04
1.70548e+00 3.07e-04
1.70573e+00 3.07e-04
1.70600e+00 3.06e-04
1.70626e+00 3.06e-04
1.70653e+00 3.05e-04
1.70678e+00 3.05e-04
1.70705e+00 3.04e-04
1.70731e+00 3.04e-04
1.70758e+00 3.04e-04
1.70783e+00 3.03e-04
1.70811e+00 3.03e-04
1.70836e+00 3.02e-04
1.70863e+00 3.02e-04
1.70890e+00 3.02e-04
1.70916e+00 3.01e-04
1.70943e+00 3.01e-04
1.70968e+00 3.00e-04
1.70995e+00 3.00e-04
1.71022e+00 2.99e-04
1.71048e+00 2.99e-04
1.71075e+00 2.99e-04
1.71100e+00 2.98e-04
1.71127e+00 2.98e-04
1.71154e+00 2.97e-04
1.71180e+00 2.97e-04
1.71207e+00 2.96e-04
1.71234e+00 2.96e-04
1.71259e+00 2.96e-04
1.71286e+00 2.95e-04
1.71313e+00 2.95e-04
1.71338e+00 2.94e-04
1.71365e+00 2.94e-04
1.71392e+00 2.94e-04
1.71418e+00 2.93e-04
1.71445e+00 2.93e-04
1.71472e+00 2.92e-04
1.71497e+00 2.92e-04
1.71524e+00 2.91e-04
1.71551e+00 2.91e-04
1.71578e+00 2.91e-04
1.71603e+00 2.90e-04
1.71630e+00 2.90e-04
1.71657e+00 2.89e-04
1.71684e+00 2.89e-04
1.71709e+00 2.88e-04
1.71736e+00 2.88e-04
1.71763e+00 2.88e-04
1.71790e+00 2.87e-04
1.71817e+00 2.87e-04
1.71842e+00 2.86e-04
1.71869e+00 2.86e-04
1.71896e+00 2.86e-04
1.71922e+00 2.85e-04
1.71949e+00 2.85e-04
1.71974e+00 2.84e-04
1.72001e+00 2.84e-04
1.72028e+00 2.83e-04
1.72055e+00 2.83e-04
1.72082e+00 2.83e-04
1.72109e+00 2.82e-04
1.72135e+00 2.82e-04
1.72161e+00 2.81e-04
1.72187e+00 2.81e-04
1.72214e+00 2.80e-04
1.72241e+00 2.80e-04
1.72268e+00 2.80e-04
1.72295e+00 2.79e-04
1.72321e+00 2.79e-04
1.72348e+00 2.78e-04
1.72375e+00 2.78e-04
1.72402e+00 2.77e-04
1.72428e+00 2.77e-04
1.72455e+00 2.77e-04
1.72480e+00 2.76e-04
1.72507e+00 2.76e-04
1.72533e+00 2.75e-04
1.72560e+00 2.75e-04
1.72587e+00 2.75e-04
1.72614e+00 2.74e-04
1.72640e+00 2.74e-04
1.72667e+00 2.73e-04
1.72694e+00 2.73e-04
1.72720e+00 2.72e-04
1.72747e+00 2.72e-04
1.72774e+00 2.72e-04
1.72800e+00 2.71e-04
1.72829e+00 2.71e-04
1.72855e+00 2.70e-04
1.72882e+00 2.70e-04
1.72909e+00 2.69e-04
1.72935e+00 2.69e-04
1.72962e+00 2.69e-04
1.72988e+00 2.68e-04
1.73015e+00 2.68e-04
1.73042e+00 2.68e-04
1.73068e+00 2.67e-04
1.73095e+00 2.67e-04
1.73121e+00 2.66e-04
1.73150e+00 2.66e-04
1.73176e+00 2.66e-04
1.73203e+00 2.65e-04
1.73229e+00 2.65e-04
1.73256e+00 2.64e-04
1.73282e+00 2.64e-04
1.73309e+00 2.64e-04
1.73337e+00 2.63e-04
1.73364e+00 2.63e-04
1.73390e+00 2.63e-04
1.73417e+00 2.62e-04
1.73443e+00 2.62e-04
1.73471e+00 2.61e-04
1.73498e+00 2.61e-04
1.73524e+00 2.61e-04
1.73551e+00 2.60e-04
1.73579e+00 2.60e-04
1.73605e+00 2.59e-04
1.73632e+00 2.59e-04
1.73658e+00 2.59e-04
1.73686e+00 2.58e-04
1.73713e+00 2.58e-04
1.73739e+00 2.58e-04
1.73766e+00 2.57e-04
1.73794e+00 2.57e-04
1.73820e+00 2.56e-04
1.73846e+00 2.56e-04
1.73875e+00 2.56e-04
1.73901e+00 2.55e-04
1.73927e+00 2.55e-04
1.73955e+00 2.54e-04
1.73982e+00 2.54e-04
1.74008e+00 2.54e-04
1.74036e+00 2.53e-04
1.74062e+00 2.53e-04
1.74089e+00 2.53e-04
1.74117e+00 2.52e-04
1.74143e+00 2.52e-04
1.74171e+00 2.51e-04
1.74197e+00 2.51e-04
1.74224e+00 2.51e-04
1.74252e+00 2.50e-04
1.74278e+00 2.50e-04
1.74306e+00 2.49e-04
1.74332e+00 2.49e-04
1.74360e+00 2.49e-04
1.74386e+00 2.48e-04
1.74414e+00 2.48e-04
1.74441e+00 2.48e-04
1.74467e+00 2.47e-04
1.74495e+00 2.47e-04
1.74521e+00 2.46e-04
1.74549e+00 2.46e-04
1.74575e+00 2.46e-04
1.74603e+00 2.45e-04
1.74629e+00 2.45e-04
1.74657e+00 2.44e-04
1.74685e+00 2.44e-04
1.74711e+00 2.44e-04
1.74739e+00 2.43e-04
1.74765e+00 2.43e-04
1.74793e+00 2.42e-04
1.74819e+00 2.42e-04
1.74847e+00 2.42e-04
1.74875e+00 2.41e-04
1.74901e+00 2.41e-04
1.74929e+00 2.41e-04
1.74955e+00 2.40e-04
1.74983e+00 2.40e-04
1.75010e+00 2.39e-04
1.75036e+00 2.39e-04
1.75064e+00 2.39e-04
1.75092e+00 2.38e-04
1.75118e+00 2.38e-04
1.75146e+00 2.37e-04
1.75174e+00 2.37e-04
1.75200e+00 2.37e-04
1.75227e+00 2.36e-04
1.75255e+00 2.36e-04
1.75281e+00 2.35e-04
1.75309e+00 2.35e-04
1.75337e+00 2.35e-04
1.75362e+00 2.34e-04
1.75390e+00 2.34e-04
1.75418e+00 2.34e-04
1.75446e+00 2.33e-04
1.75472e+00 2.33e-04
1.75499e+00 2.33e-04
1.75527e+00 2.32e-04
1.75554e+00 2.32e-04
1.75582e+00 2.31e-04
1.75608e+00 2.31e-04
1.75636e+00 2.31e-04
1.75663e+00 2.30e-04
1.75691e+00 2.30e-04
1.75719e+00 2.30e-04
1.75746e+00 2.29e-04
1.75772e+00 2.29e-04
1.75800e+00 2.29e-04
1.75827e+00 2.28e-04
1.75855e+00 2.28e-04
1.75882e+00 2.28e-04
1.75910e+00 2.27e-04
1.75937e+00 2.27e-04
1.75965e+00 2.27e-04
1.75991e+00 2.26e-04
1.76018e+00 2.26e-04
1.76046e+00 2.25e-04
1.76073e+00 2.25e-04
1.76101e+00 2.25e-04
1.76128e+00 2.24e-04
1.76156e+00 2.24e-04
1.76183e+00 2.24e-04
1.76211e+00 2.23e-04
1.76238e+00 2.23e-04
1.76266e+00 2.23e-04
1.76293e+00 2.22e-04
1.76321e+00 2.22e-04
1.76348e+00 2.22e-04
1.76375e+00 2.21e-04
1.76403e+00 2.21e-04
1.76430e+00 2.21e-04
1.76458e+00 2.20e-04
1.76485e+00 2.20e-04
1.76512e+00 2.20e-04
1.76540e+00 2.19e-04
1.76569e+00 2.19e-04
1.76596e+00 2.19e-04
1.76624e+00 2.18e-04
1.76651e+00 2.18e-04
1.76678e+00 2.17e-04
1.76706e+00 2.17e-04
1.76733e+00 2.17e-04
1.76760e+00 2.16e-04
1.76789e+00 2.16e-04
1.76817e+00 2.16e-04
1.76844e+00 2.15e-04
1.76871e+00 2.15e-04
1.76899e+00 2.15e-04
1.76926e+00 2.14e-04
1.76955e+00 2.14e-04
1.76982e+00 2.14e-04
1.77009e+00 2.13e-04
1.77037e+00 2.13e-04
1.77065e+00 2.13e-04
1.77093e+00 2.12e-04
1.77120e+00 2.12e-04
1.77147e+00 2.11e-04
1.77176e+00 2.11e-04
1.77203e+00 2.11e-04
1.77230e+00 2.10e-04
1.77258e+00 2.10e-04
1.77287e+00 2.10e-04
1.77314e+00 2.09e-04
1.77341e+00 2.09e-04
1.77370e+00 2.09e-04
1.77397e+00 2.08e-04
1.77424e+00 2.08e-04
1.77453e+00 2.08e-04
1.77480e+00 2.07e-04
1.77509e+00 2.07e-04
1.77536e+00 2.07e-04
1.77563e+00 2.06e-04
1.77592e+00 2.06e-04
1.77619e+00 2.05e-04
1.77648e+00 2.05e-04
1.77675e+00 2.05e-04
1.77703e+00 2.04e-04
1.77731e+00 2.04e-04
1.77758e+00 2.04e-04
1.77786e+00 2.03e-04
1.77813e+00 2.03e-04
1.77842e+00 2.03e-04
1.77869e+00 2.03e-04
1.77898e+00 2.03e-04
1.77925e+00 2.02e-04
1.77954e+00 2.02e-04
1.77980e+00 2.02e-04
1.78009e+00 2.02e-04
1.78038e+00 2.01e-04
1.78065e+00 2.01e-04
1.78093e+00 2.01e-04
1.78120e+00 2.01e-04
1.78149e+00 2.01e-04
1.78176e+00 2.00e-04
1.78205e+00 2.00e-04
1.78233e+00 2.00e-04
1.78260e+00 2.00e-04
1.78289e+00 1.99e-04
1.78317e+00 1.99e-04
1.78344e+00 1.99e-04
1.78373e+00 1.99e-04
1.78401e+00 1.99e-04
1.78428e+00 1.98e-04
1.78457e+00 1.98e-04
1.78485e+00 1.98e-04
1.78512e+00 1.98e-04
1.78541e+00 1.98e-04
1.78569e+00 1.97e-04
1.78596e+00 1.97e-04
1.78624e+00 1.97e-04
1.78653e+00 1.97e-04
1.78681e+00 1.96e-04
1.78710e+00 1.96e-04
1.78737e+00 1.96e-04
1.78765e+00 1.96e-04
1.78794e+00 1.96e-04
1.78822e+00 1.95e-04
1.78850e+00 1.95e-04
1.78877e+00 1.95e-04
1.78906e+00 1.95e-04
1.78934e+00 1.94e-04
1.78962e+00 1.94e-04
1.78991e+00 1.94e-04
1.79019e+00 1.94e-04
1.79048e+00 1.94e-04
1.79074e+00 1.93e-04
1.79103e+00 1.93e-04
1.79131e+00 1.93e-04
1.79159e+00 1.93e-04
1.79188e+00 1.92e-04
1.79216e+00 1.92e-04
1.79244e+00 1.92e-04
1.79273e+00 1.92e-04
1.79301e+00 1.92e-04
1.79329e+00 1.91e-04
1.79357e+00 1.91e-04
1.79386e+00 1.91e-04
1.79414e+00 1.91e-04
1.79442e+00 1.90e-04
1.79471e+00 1.90e-04
1.79499e+00 1.90e-04
1.79527e+00 1.90e-04
1.79555e+00 1.90e-04
1.79583e+00 1.89e-04
1.79612e+00 1.89e-04
1.79642e+00 1.89e-04
1.79670e+00 1.89e-04
1.79698e+00 1.88e-04
1.79726e+00 1.88e-04
1.79754e+00 1.88e-04
1.79782e+00 1.88e-04
1.79811e+00 1.88e-04
1.79839e+00 1.87e-04
1.79869e+00 1.87e-04
1.79897e+00 1.87e-04
1.79925e+00 1.87e-04
1.79953e+00 1.86e-04
1.79981e+00 1.86e-04
1.80011e+00 1.86e-04
1.80039e+00 1.86e-04
1.80067e+00 1.86e-04
1.80095e+00 1.85e-04
1.80125e+00 1.85e-04
1.80153e+00 1.85e-04
1.80181e+00 1.85e-04
1.80211e+00 1.84e-04
1.80239e+00 1.84e-04
1.80267e+00 1.84e-04
1.80296e+00 1.84e-04
1.80324e+00 1.84e-04
1.80352e+00 1.83e-04
1.80382e+00 1.83e-04
1.80410e+00 1.83e-04
1.80438e+00 1.83e-04
1.80468e+00 1.83e-04
1.80496e+00 1.82e-04
1.80525e+00 1.82e-04
1.80553e+00 1.82e-04
1.80581e+00 1.82e-04
1.80611e+00 1.82e-04
1.80639e+00 1.81e-04
1.80668e+00 1.81e-04
1.80696e+00 1.81e-04
1.80726e+00 1.81e-04
1.80753e+00 1.81e-04
1.80783e+00 1.80e-04
1.80811e+00 1.80e-04
1.80840e+00 1.80e-04
1.80868e+00 1.80e-04
1.80898e+00 1.80e-04
1.80927e+00 1.79e-04
1.80955e+00 1.79e-04
1.80984e+00 1.79e-04
1.81012e+00 1.79e-04
1.81042e+00 1.79e-04
1.81071e+00 1.78e-04
1.81099e+00 1.78e-04
1.81128e+00 1.78e-04
1.81158e+00 1.78e-04
1.81186e+00 1.78e-04
1.81215e+00 1.77e-04
1.81244e+00 1.77e-04
1.81272e+00 1.77e-04
1.81302e+00 1.77e-04
1.81331e+00 1.77e-04
1.81359e+00 1.76e-04
1.81388e+00 1.76e-04
1.81417e+00 1.76e-04
1.81447e+00 1.76e-04
1.81474e+00 1.76e-04
1.81504e+00 1.75e-04
1.81533e+00 1.75e-04
1.81562e+00 1.75e-04
1.81592e+00 1.75e-04
1.81619e+00 1.74e-04
1.81648e+00 1.74e-04
1.81678e+00 1.74e-04
1.81707e+00 1.74e-04
1.81736e+00 1.74e-04
1.81765e+00 1.73e-04
1.81795e+00 1.73e-04
1.81824e+00 1.73e-04
1.81853e+00 1.73e-04
1.81882e+00 1.73e-04
1.81910e+00 1.72e-04
1.81939e+00 1.72e-04
1.81968e+00 1.72e-04
1.81997e+00 1.72e-04
1.82027e+00 1.72e-04
1.82056e+00 1.71e-04
1.82085e+00 1.71e-04
1.82114e+00 1.71e-04
1.82143e+00 1.71e-04
1.82172e+00 1.71e-04
1.82203e+00 1.70e-04
1.82232e+00 1.70e-04
1.82261e+00 1.70e-04
1.82290e+00 1.70e-04
1.82319e+00 1.70e-04
1.82348e+00 1.69e-04
1.82377e+00 1.69e-04
1.82407e+00 1.69e-04
1.82436e+00 1.69e-04
1.82466e+00 1.69e-04
1.82495e+00 1.68e-04
1.82524e+00 1.68e-04
1.82553e+00 1.68e-04
1.82582e+00 1.68e-04
1.82613e+00 1.68e-04
1.82642e+00 1.67e-04
1.82671e+00 1.67e-04
1.82700e+00 1.67e-04
1.82730e+00 1.67e-04
1.82759e+00 1.67e-04
1.82788e+00 1.66e-04
1.82819e+00 1.66e-04
1.82848e+00 1.66e-04
1.82877e+00 1.66e-04
1.82907e+00 1.66e-04
1.82936e+00 1.65e-04
1.82965e+00 1.65e-04
1.82995e+00 1.65e-04
1.83024e+00 1.65e-04
1.83055e+00 1.65e-04
1.83084e+00 1.65e-04
1.83112e+00 1.64e-04
1.83143e+00 1.64e-04
1.83172e+00 1.64e-04
1.83202e+00 1.64e-04
1.83231e+00 1.64e-04
1.83261e+00 1.63e-04
1.83290e+00 1.63e-04
1.83321e+00 1.63e-04
1.83349e+00 1.63e-04
1.83380e+00 1.63e-04
1.83410e+00 1.62e-04
1.83439e+00 1.62e-04
1.83469e+00 1.62e-04
1.83498e+00 1.62e-04
1.83528e+00 1.62e-04
1.83558e+00 1.61e-04
1.83587e+00 1.61e-04
1.83617e+00 1.61e-04
1.83646e+00 1.61e-04
1.83676e+00 1.61e-04
1.83707e+00 1.60e-04
1.83737e+00 1.60e-04
1.83766e+00 1.60e-04
1.83796e+00 1.60e-04
1.83826e+00 1.60e-04
1.83855e+00 1.60e-04
1.83885e+00 1.59e-04
1.83915e+00 1.59e-04
1.83945e+00 1.59e-04
1.83976e+00 1.59e-04
1.84004e+00 1.59e-04
1.84034e+00 1.58e-04
1.84064e+00 1.58e-04
1.84095e+00 1.58e-04
1.84125e+00 1.58e-04
1.84155e+00 1.58e-04
1.84185e+00 1.57e-04
1.84215e+00 1.57e-04
1.84244e+00 1.57e-04
1.84274e+00 1.57e-04
1.84304e+00 1.57e-04
1.84334e+00 1.56e-04
1.84364e+00 1.56e-04
1.84394e+00 1.56e-04
1.84424e+00 1.56e-04
1.84454e+00 1.56e-04
1.84484e+00 1.55e-04
1.84514e+00 1.55e-04
1.84544e+00 1.55e-04
1.84576e+00 1.55e-04
1.84606e+00 1.55e-04
1.84636e+00 1.54e-04
1.84666e+00 1.54e-04
1.84696e+00 1.54e-04
1.84726e+00 1.54e-04
1.84756e+00 1.54e-04
1.84786e+00 1.54e-04
1.84817e+00 1.53e-04
1.84847e+00 1.53e-04
1.84877e+00 1.53e-04
1.84907e+00 1.53e-04
1.84937e+00 1.53e-04
1.84968e+00 1.52e-04
1.84998e+00 1.52e-04
1.85028e+00 1.52e-04
1.85059e+00 1.52e-04
1.85089e+00 1.52e-04
1.85119e+00 1.52e-04
1.85151e+00 1.51e-04
1.85180e+00 1.51e-04
1.85210e+00 1.51e-04
1.85242e+00 1.51e-04
1.85271e+00 1.51e-04
1.85301e+00 1.51e-04
1.85332e+00 1.50e-04
1.85362e+00 1.50e-04
1.85394e+00 1.50e-04
1.85423e+00 1.50e-04
1.85455e+00 1.50e-04
1.85484e+00 1.49e-04
1.85516e+00 1.49e-04
1.85545e+00 1.49e-04
1.85577e+00 1.49e-04
1.85606e+00 1.49e-04
1.85638e+00 1.49e-04
1.85667e+00 1.48e-04
1.85699e+00 1.48e-04
1.85730e+00 1.48e-04
1.85759e+00 1.48e-04
1.85791e+00 1.48e-04
1.85822e+00 1.47e-04
1.85851e+00 1.47e-04
1.85883e+00 1.47e-04
1.85914e+00 1.47e-04
1.85943e+00 1.47e-04
1.85975e+00 1.47e-04
1.86006e+00 1.46e-04
1.86037e+00 1.46e-04
1.86066e+00 1.46e-04
1.86097e+00 1.46e-04
1.86129e+00 1.46e-04
1.86160e+00 1.45e-04
1.86191e+00 1.45e-04
1.86220e+00 1.45e-04
1.86251e+00 1.45e-04
1.86282e+00 1.45e-04
1.86313e+00 1.45e-04
1.86344e+00 1.44e-04
1.86375e+00 1.44e-04
1.86406e+00 1.44e-04
1.86437e+00 1.44e-04
1.86468e+00 1.44e-04
1.86499e+00 1.43e-04
1.86530e+00 1.43e-04
1.86561e+00 1.43e-04
1.86592e+00 1.43e-04
1.86623e+00 1.43e-04
1.86654e+00 1.43e-04
1.86685e+00 1.42e-04
1.86716e+00 1.42e-04
1.86747e+00 1.42e-04
1.86778e+00 1.42e-04
1.86809e+00 1.42e-04
1.86841e+00 1.41e-04
1.86872e+00 1.41e-04
1.86903e+00 1.41e-04
1.86934e+00 1.41e-04
1.86965e+00 1.41e-04
1.86997e+00 1.41e-04
1.87028e+00 1.40e-04
1.87059e+00 1.40e-04
1.87089e+00 1.40e-04
1.87122e+00 1.40e-04
1.87153e+00 1.40e-04
1.87183e+00 1.40e-04
1.87216e+00 1.39e-04
1.87246e+00 1.39e-04
1.87277e+00 1.39e-04
1.87309e+00 1.39e-04
1.87340e+00 1.39e-04
1.87372e+00 1.39e-04
1.87403e+00 1.38e-04
1.87435e+00 1.38e-04
1.87466e+00 1.38e-04
1.87498e+00 1.38e-04
1.87529e+00 1.38e-04
1.87561e+00 1.38e-04
1.87592e+00 1.37e-04
1.87624e+00 1.37e-04
1.87654e+00 1.37e-04
1.87687e+00 1.37e-04
1.87717e+00 1.37e-04
1.87749e+00 1.37e-04
1.87781e+00 1.36e-04
1.87812e+00 1.36e-04
1.87844e+00 1.36e-04
1.87876e+00 1.36e-04
1.87907e+00 1.36e-04
1.87939e+00 1.36e-04
1.87971e+00 1.35e-04
1.88003e+00 1.35e-04
1.88033e+00 1.35e-04
1.88066e+00 1.35e-04
1.88098e+00 1.35e-04
1.88130e+00 1.35e-04
1.88162e+00 1.34e-04
1.88194e+00 1.34e-04
1.88224e+00 1.34e-04
1.88256e+00 1.34e-04
1.88288e+00 1.34e-04
1.88320e+00 1.34e-04
1.88352e+00 1.33e-04
1.88384e+00 1.33e-04
1.88416e+00 1.33e-04
1.88448e+00 1.33e-04
1.88479e+00 1.33e-04
1.88511e+00 1.33e-04
1.88543e+00 1.32e-04
1.88575e+00 1.32e-04
1.88607e+00 1.32e-04
1.88639e+00 1.32e-04
1.88672e+00 1.32e-04
1.88704e+00 1.32e-04
1.88736e+00 1.31e-04
1.88768e+00 1.31e-04
1.88799e+00 1.31e-04
1.88831e+00 1.31e-04
1.88864e+00 1.31e-04
1.88896e+00 1.31e-04
1.88928e+00 1.30e-04
1.88961e+00 1.30e-04
1.88993e+00 1.30e-04
1.92716e+00 1.21e-04
1.93688e+00 1.19e-04
1.94822e+00 1.16e-04
1.97627e+00 1.10e-04
1.97645e+00 1.08e-04
1.99176e+00 1.05e-04
2.06733e+00 1.02e-04
2.08082e+00 1.01e-04
2.08560e+00 1.01e-04
2.11931e+00 1.02e-04
2.14161e+00 1.03e-04
2.15859e+00 1.04e-04
2.17393e+00 1.05e-04
2.19465e+00 1.06e-04
2.21081e+00 1.07e-04
2.22555e+00 1.08e-04
2.23068e+00 1.09e-04
2.23111e+00 1.07e-04
2.27181e+00 1.10e-04
2.27921e+00 1.10e-04
2.28802e+00 1.11e-04
2.29604e+00 1.12e-04
2.30318e+00 1.12e-04
2.30688e+00 1.13e-04
2.34794e+00 1.15e-04
2.35099e+00 1.16e-04
2.35575e+00 1.16e-04
2.35736e+00 1.16e-04
2.35897e+00 1.16e-04
2.36057e+00 1.16e-04
2.36227e+00 1.17e-04
2.36396e+00 1.17e-04
2.36556e+00 1.17e-04
2.36734e+00 1.17e-04
2.36903e+00 1.17e-04
2.37071e+00 1.17e-04
2.37248e+00 1.17e-04
2.37425e+00 1.17e-04
2.37602e+00 1.18e-04
2.37788e+00 1.18e-04
2.37964e+00 1.18e-04
2.38149e+00 1.18e-04
2.38334e+00 1.18e-04
2.38527e+00 1.18e-04
2.38711e+00 1.18e-04
2.38904e+00 1.18e-04
2.39096e+00 1.19e-04
2.39297e+00 1.19e-04
2.39498e+00 1.19e-04
2.39699e+00 1.19e-04
2.39899e+00 1.19e-04
2.40107e+00 1.19e-04
2.40315e+00 1.19e-04
2.40532e+00 1.19e-04
2.40740e+00 1.20e-04
2.40964e+00 1.20e-04
2.41180e+00 1.20e-04
2.41404e+00 1.20e-04
2.41627e+00 1.20e-04
2.41859e+00 1.20e-04
2.42090e+00 1.20e-04
2.42330e+00 1.20e-04
2.42569e+00 1.21e-04
2.42816e+00 1.21e-04
2.43063e+00 1.21e-04
2.43317e+00 1.21e-04
2.43572e+00 1.21e-04
2.43825e+00 1.21e-04
2.44095e+00 1.22e-04
2.44365e+00 1.22e-04
2.44634e+00 1.22e-04
2.44911e+00 1.22e-04
2.45195e+00 1.22e-04
2.45488e+00 1.22e-04
2.45779e+00 1.22e-04
2.46087e+00 1.23e-04
2.46394e+00 1.23e-04
2.46708e+00 1.23e-04
2.47022e+00 1.23e-04
2.47351e+00 1.23e-04
2.47687e+00 1.23e-04
2.48031e+00 1.23e-04
2.48382e+00 1.24e-04
2.48740e+00 1.24e-04
2.49114e+00 1.24e-04
2.49494e+00 1.24e-04
2.49881e+00 1.24e-04
2.50283e+00 1.25e-04
2.50699e+00 1.25e-04
2.51122e+00 1.25e-04
2.51568e+00 1.25e-04
2.52019e+00 1.25e-04
2.52493e+00 1.25e-04
2.52980e+00 1.26e-04
2.53481e+00 1.26e-04
2.54010e+00 1.26e-04
2.54561e+00 1.26e-04
2.55132e+00 1.26e-04
2.55730e+00 1.27e-04
2.56364e+00 1.27e-04
2.57024e+00 1.27e-04
2.57726e+00 1.27e-04
2.58475e+00 1.27e-04
2.59264e+00 1.27e-04
2.60113e+00 1.28e-04
2.61029e+00 1.28e-04
2.62024e+00 1.28e-04
2.63110e+00 1.28e-04
2.64319e+00 1.28e-04
2.65669e+00 1.28e-04
2.66410e+00 1.29e-04
2.71231e+00 1.29e-04
2.74065e+00 1.28e-04
2.75874e+00 1.28e-04
2.78130e+00 1.27e-04
2.81151e+00 1.27e-04
2.85859e+00 1.25e-04
2.99573e+00 1.16e-04
