# OPACITY Project tables
-2.61515e+00 1.16e+01
-2.27341e+00 3.99e+00
-2.07433e+00 2.14e+00
-1.93351e+00 1.38e+00
-1.82455e+00 9.84e-01
-1.73574e+00 7.46e-01
-1.66078e+00 5.90e-01
-1.59603e+00 4.82e-01
-1.53898e+00 4.03e-01
-1.48802e+00 3.44e-01
-1.44198e+00 2.98e-01
-1.40003e+00 2.62e-01
-1.36148e+00 2.32e-01
-1.32584e+00 2.08e-01
-1.29269e+00 1.88e-01
-1.26174e+00 1.71e-01
-1.23268e+00 1.57e-01
-1.20531e+00 1.44e-01
-1.17944e+00 1.33e-01
-1.15493e+00 1.24e-01
-1.13165e+00 1.16e-01
-1.10945e+00 1.09e-01
-1.08827e+00 1.02e-01
-1.06799e+00 9.64e-02
-1.04857e+00 9.11e-02
-1.02994e+00 8.62e-02
-1.01200e+00 8.18e-02
-9.94739e-01 7.79e-02
-9.78086e-01 7.41e-02
-9.62021e-01 7.09e-02
-9.46492e-01 6.79e-02
-9.31455e-01 6.55e-02
-9.16916e-01 6.26e-02
-9.02807e-01 6.03e-02
-8.89113e-01 5.83e-02
-8.75797e-01 5.64e-02
-8.62868e-01 5.48e-02
-8.50292e-01 5.32e-02
-8.38057e-01 5.20e-02
-8.26130e-01 5.02e-02
-8.14502e-01 4.89e-02
-7.92106e-01 4.59e-02
-7.81301e-01 4.45e-02
-7.70741e-01 4.33e-02
-7.60420e-01 4.39e-02
-7.50331e-01 4.08e-02
-7.40469e-01 3.97e-02
-7.30787e-01 3.87e-02
-7.12045e-01 3.67e-02
-6.94048e-01 3.48e-02
-6.85298e-01 3.38e-02
-6.68298e-01 3.22e-02
-6.60041e-01 3.15e-02
-6.51909e-01 3.08e-02
-6.43938e-01 3.01e-02
-6.36087e-01 2.95e-02
-6.28390e-01 2.89e-02
-6.20808e-01 2.84e-02
-6.13357e-01 2.77e-02
-6.06016e-01 2.74e-02
-5.98801e-01 2.69e-02
-5.91692e-01 2.66e-02
-5.84687e-01 2.61e-02
-5.77803e-01 2.62e-02
-5.71018e-01 2.54e-02
-5.64314e-01 2.48e-02
-5.57725e-01 2.44e-02
-5.51231e-01 2.39e-02
-5.44831e-01 2.35e-02
-5.38505e-01 2.31e-02
-5.32288e-01 2.28e-02
-5.26142e-01 2.24e-02
-5.20085e-01 2.20e-02
-5.14098e-01 2.16e-02
-5.08196e-01 2.12e-02
-5.02362e-01 2.08e-02
-4.96610e-01 2.05e-02
-4.90925e-01 2.01e-02
-4.85320e-01 1.99e-02
-4.79779e-01 1.95e-02
-4.74301e-01 1.91e-02
-4.68884e-01 1.88e-02
-4.63545e-01 1.85e-02
-4.58265e-01 1.82e-02
-4.47882e-01 1.77e-02
-4.37730e-01 1.72e-02
-4.32739e-01 1.70e-02
-4.22922e-01 1.66e-02
-4.18095e-01 1.64e-02
-4.08585e-01 1.61e-02
-3.99284e-01 1.56e-02
-3.94688e-01 1.54e-02
-3.90158e-01 1.51e-02
-3.81216e-01 1.47e-02
-3.76819e-01 1.45e-02
-3.72456e-01 1.43e-02
-3.68126e-01 1.42e-02
-3.63858e-01 1.42e-02
-3.59622e-01 1.41e-02
-3.55419e-01 1.40e-02
-3.51261e-01 1.38e-02
-3.47135e-01 1.36e-02
-3.43054e-01 1.33e-02
-3.39003e-01 1.31e-02
-3.34997e-01 1.30e-02
-3.31021e-01 1.28e-02
-3.27088e-01 1.28e-02
-3.23185e-01 1.28e-02
-3.19310e-01 1.26e-02
-3.15464e-01 1.23e-02
-3.11661e-01 1.22e-02
-3.07885e-01 1.20e-02
-3.04150e-01 1.19e-02
-3.00430e-01 1.21e-02
-2.96750e-01 1.18e-02
-2.93097e-01 1.16e-02
-2.89484e-01 1.16e-02
-2.85884e-01 1.14e-02
-2.82323e-01 1.23e-02
-2.78788e-01 1.23e-02
-2.75279e-01 1.19e-02
-2.71796e-01 1.15e-02
-2.68350e-01 1.22e-02
-2.64917e-01 1.20e-02
-2.61521e-01 1.19e-02
-2.58149e-01 1.17e-02
-2.54802e-01 1.16e-02
-2.51466e-01 1.14e-02
-2.48167e-01 1.13e-02
-2.44891e-01 1.12e-02
-2.41639e-01 1.11e-02
-2.38409e-01 1.09e-02
-2.35203e-01 1.08e-02
-2.32020e-01 1.07e-02
-2.28860e-01 1.05e-02
-2.25722e-01 1.06e-02
-2.22606e-01 1.05e-02
-2.16441e-01 1.03e-02
-2.13391e-01 1.02e-02
-2.10363e-01 1.01e-02
-2.07344e-01 9.97e-03
-2.01382e-01 9.78e-03
-1.95504e-01 9.60e-03
-1.89697e-01 9.43e-03
-1.83971e-01 9.26e-03
-1.78314e-01 9.10e-03
-1.72724e-01 8.95e-03
-1.67200e-01 8.79e-03
-1.61755e-01 8.65e-03
-1.56373e-01 8.51e-03
-1.51044e-01 8.37e-03
-1.45789e-01 8.24e-03
-1.40596e-01 8.11e-03
-1.35453e-01 7.98e-03
-1.30382e-01 7.86e-03
-1.25359e-01 7.74e-03
-1.20395e-01 7.63e-03
-1.15489e-01 7.51e-03
-1.10630e-01 7.40e-03
-1.05827e-01 7.30e-03
-1.01070e-01 7.20e-03
-9.63788e-02 7.10e-03
-9.17206e-02 7.00e-03
-8.71168e-02 6.90e-03
-8.25559e-02 6.81e-03
-7.80480e-02 6.72e-03
-7.35820e-02 6.63e-03
-6.91679e-02 6.54e-03
-6.47839e-02 6.46e-03
-6.04509e-02 6.38e-03
-5.61577e-02 6.29e-03
-5.19040e-02 6.22e-03
-4.76998e-02 6.14e-03
-4.35236e-02 6.06e-03
-3.93959e-02 5.99e-03
-3.52956e-02 5.92e-03
-3.12430e-02 5.85e-03
-2.72170e-02 5.78e-03
-2.32379e-02 5.71e-03
-1.92848e-02 5.64e-03
-1.53675e-02 5.58e-03
-1.14958e-02 5.51e-03
-7.64918e-03 5.45e-03
-3.83735e-03 5.39e-03
-5.00013e-05 5.33e-03
3.69317e-03 5.27e-03
7.37275e-03 5.22e-03
1.11377e-02 5.16e-03
1.47901e-02 5.11e-03
1.84291e-02 5.05e-03
2.19572e-02 5.00e-03
2.55703e-02 4.95e-03
2.90732e-02 4.90e-03
3.25640e-02 4.85e-03
3.60426e-02 4.80e-03
3.95091e-02 4.75e-03
4.29637e-02 4.70e-03
4.64064e-02 4.65e-03
4.97421e-02 4.61e-03
5.30667e-02 4.56e-03
5.64748e-02 4.52e-03
5.97772e-02 4.48e-03
6.29748e-02 4.43e-03
6.62558e-02 4.39e-03
6.95261e-02 4.35e-03
7.26927e-02 4.31e-03
7.58493e-02 4.27e-03
7.90884e-02 4.23e-03
8.22249e-02 4.19e-03
8.52598e-02 4.16e-03
8.83771e-02 4.12e-03
9.14847e-02 4.08e-03
9.44917e-02 4.05e-03
9.75803e-02 4.01e-03
1.00569e-01 3.98e-03
1.03549e-01 3.94e-03
1.06520e-01 3.91e-03
1.09482e-01 3.88e-03
1.12435e-01 3.84e-03
1.15291e-01 3.81e-03
1.18227e-01 3.78e-03
1.21067e-01 3.75e-03
1.23898e-01 3.72e-03
1.26809e-01 3.69e-03
1.29624e-01 3.66e-03
1.32431e-01 3.63e-03
1.35143e-01 3.60e-03
1.37934e-01 3.57e-03
1.40718e-01 3.54e-03
1.43407e-01 3.51e-03
1.46176e-01 3.49e-03
1.48851e-01 3.46e-03
1.51519e-01 3.43e-03
1.54179e-01 3.41e-03
1.56833e-01 3.38e-03
1.59479e-01 3.36e-03
1.62119e-01 3.33e-03
1.64751e-01 3.31e-03
1.67293e-01 3.28e-03
1.69912e-01 3.26e-03
1.72440e-01 3.24e-03
1.74961e-01 3.21e-03
1.77477e-01 3.19e-03
1.80069e-01 3.17e-03
1.82572e-01 3.14e-03
1.84985e-01 3.12e-03
1.87475e-01 3.10e-03
1.89959e-01 3.08e-03
1.92437e-01 3.06e-03
1.94826e-01 3.04e-03
1.97292e-01 3.01e-03
1.99670e-01 2.99e-03
2.02042e-01 2.97e-03
2.04409e-01 2.95e-03
2.06770e-01 2.93e-03
2.09126e-01 2.92e-03
2.11476e-01 2.90e-03
2.13820e-01 2.88e-03
2.16159e-01 2.86e-03
2.18493e-01 2.84e-03
2.20741e-01 2.82e-03
2.23064e-01 2.80e-03
2.25301e-01 2.79e-03
2.27614e-01 2.77e-03
2.29841e-01 2.75e-03
2.32064e-01 2.73e-03
2.34281e-01 2.72e-03
2.36494e-01 2.70e-03
2.38702e-01 2.68e-03
2.40905e-01 2.67e-03
2.43103e-01 2.65e-03
2.45296e-01 2.63e-03
2.47407e-01 2.62e-03
2.49591e-01 2.60e-03
2.51692e-01 2.59e-03
2.53867e-01 2.57e-03
2.55959e-01 2.56e-03
2.58047e-01 2.54e-03
2.60208e-01 2.53e-03
2.62287e-01 2.51e-03
2.64362e-01 2.50e-03
2.66433e-01 2.48e-03
2.68499e-01 2.47e-03
2.70561e-01 2.45e-03
2.72619e-01 2.44e-03
2.74597e-01 2.43e-03
2.76646e-01 2.41e-03
2.78692e-01 2.40e-03
2.80657e-01 2.39e-03
2.82695e-01 2.37e-03
2.84652e-01 2.36e-03
2.86606e-01 2.35e-03
2.88632e-01 2.34e-03
2.90578e-01 2.32e-03
2.92520e-01 2.31e-03
2.94459e-01 2.30e-03
2.96394e-01 2.29e-03
2.98325e-01 2.27e-03
3.00253e-01 2.26e-03
3.02177e-01 2.25e-03
3.04097e-01 2.24e-03
3.05939e-01 2.23e-03
3.07852e-01 2.21e-03
3.09762e-01 2.20e-03
3.11594e-01 2.19e-03
3.13496e-01 2.18e-03
3.15322e-01 2.17e-03
3.17144e-01 2.16e-03
3.19035e-01 2.15e-03
3.20851e-01 2.14e-03
3.22663e-01 2.13e-03
3.24472e-01 2.12e-03
3.26278e-01 2.11e-03
3.28080e-01 2.10e-03
3.29879e-01 2.09e-03
3.31675e-01 2.08e-03
3.33468e-01 2.07e-03
3.35257e-01 2.06e-03
3.37044e-01 2.05e-03
3.38827e-01 2.04e-03
3.40535e-01 2.03e-03
3.42312e-01 2.02e-03
3.44015e-01 2.01e-03
3.45786e-01 2.00e-03
3.47483e-01 1.99e-03
3.49247e-01 1.98e-03
3.50939e-01 1.97e-03
3.52627e-01 1.96e-03
3.54382e-01 1.95e-03
3.56065e-01 1.94e-03
3.57744e-01 1.93e-03
3.59421e-01 1.93e-03
3.61095e-01 1.92e-03
3.62766e-01 1.91e-03
3.64435e-01 1.90e-03
3.66100e-01 1.89e-03
3.67763e-01 1.88e-03
3.69354e-01 1.88e-03
3.71012e-01 1.87e-03
3.72666e-01 1.86e-03
3.74318e-01 1.85e-03
3.75899e-01 1.84e-03
3.77546e-01 1.84e-03
3.79121e-01 1.83e-03
3.80762e-01 1.82e-03
3.82333e-01 1.81e-03
3.83969e-01 1.80e-03
3.85534e-01 1.80e-03
3.87097e-01 1.79e-03
3.88658e-01 1.78e-03
3.90284e-01 1.78e-03
3.91839e-01 1.77e-03
3.93393e-01 1.76e-03
3.94943e-01 1.75e-03
3.96492e-01 1.75e-03
3.98038e-01 1.74e-03
3.99581e-01 1.73e-03
4.01122e-01 1.73e-03
4.02661e-01 1.72e-03
4.04131e-01 1.71e-03
4.05665e-01 1.71e-03
4.07197e-01 1.70e-03
4.08726e-01 1.69e-03
4.10187e-01 1.69e-03
4.11712e-01 1.68e-03
4.13169e-01 1.67e-03
4.14689e-01 1.67e-03
4.16141e-01 1.66e-03
4.17657e-01 1.65e-03
4.19105e-01 1.65e-03
4.20616e-01 1.64e-03
4.22060e-01 1.63e-03
4.23501e-01 1.63e-03
4.25006e-01 1.62e-03
4.26444e-01 1.62e-03
4.27879e-01 1.61e-03
4.29312e-01 1.60e-03
4.30743e-01 1.60e-03
4.32172e-01 1.59e-03
4.33599e-01 1.59e-03
4.35024e-01 1.58e-03
4.36447e-01 1.58e-03
4.37868e-01 1.57e-03
4.39287e-01 1.56e-03
4.40704e-01 1.56e-03
4.42118e-01 1.55e-03
4.43467e-01 1.55e-03
4.44878e-01 1.54e-03
4.46287e-01 1.54e-03
4.47630e-01 1.53e-03
4.49035e-01 1.53e-03
4.50438e-01 1.52e-03
4.51776e-01 1.52e-03
4.53175e-01 1.51e-03
4.54509e-01 1.51e-03
4.55841e-01 1.50e-03
4.57235e-01 1.50e-03
4.58563e-01 1.49e-03
4.59953e-01 1.49e-03
4.61278e-01 1.48e-03
4.62601e-01 1.48e-03
4.63923e-01 1.47e-03
4.65305e-01 1.47e-03
4.66623e-01 1.46e-03
4.67939e-01 1.46e-03
4.69253e-01 1.45e-03
4.70566e-01 1.45e-03
4.71877e-01 1.44e-03
4.73186e-01 1.44e-03
4.74494e-01 1.43e-03
4.75799e-01 1.43e-03
4.77103e-01 1.42e-03
4.78406e-01 1.42e-03
4.79706e-01 1.42e-03
4.80944e-01 1.41e-03
4.82241e-01 1.41e-03
4.83537e-01 1.40e-03
4.84831e-01 1.40e-03
4.86062e-01 1.39e-03
4.87352e-01 1.39e-03
4.88641e-01 1.39e-03
4.89868e-01 1.38e-03
4.91153e-01 1.38e-03
4.92376e-01 1.37e-03
4.93659e-01 1.37e-03
4.94879e-01 1.37e-03
4.96159e-01 1.36e-03
4.97376e-01 1.36e-03
4.98591e-01 1.35e-03
4.99866e-01 1.35e-03
5.01078e-01 1.35e-03
5.02289e-01 1.34e-03
5.03559e-01 1.34e-03
5.04767e-01 1.33e-03
5.05974e-01 1.33e-03
5.07179e-01 1.33e-03
5.08383e-01 1.32e-03
5.09645e-01 1.32e-03
5.10846e-01 1.32e-03
5.12045e-01 1.31e-03
5.13243e-01 1.31e-03
5.14439e-01 1.30e-03
5.15634e-01 1.30e-03
5.16828e-01 1.30e-03
5.18020e-01 1.29e-03
5.19210e-01 1.29e-03
5.20340e-01 1.29e-03
5.21528e-01 1.28e-03
5.22715e-01 1.28e-03
5.23900e-01 1.28e-03
5.25083e-01 1.27e-03
5.26207e-01 1.27e-03
5.27388e-01 1.27e-03
5.28567e-01 1.26e-03
5.29687e-01 1.26e-03
5.30864e-01 1.26e-03
5.32039e-01 1.25e-03
5.33154e-01 1.25e-03
5.34327e-01 1.25e-03
5.35440e-01 1.24e-03
5.36610e-01 1.24e-03
5.37721e-01 1.24e-03
5.38888e-01 1.23e-03
5.39996e-01 1.23e-03
5.41103e-01 1.23e-03
5.42266e-01 1.23e-03
5.43370e-01 1.22e-03
5.44473e-01 1.22e-03
5.45633e-01 1.22e-03
5.46733e-01 1.21e-03
5.47832e-01 1.21e-03
5.48930e-01 1.21e-03
5.50085e-01 1.21e-03
5.51180e-01 1.20e-03
5.52275e-01 1.20e-03
5.53368e-01 1.20e-03
5.54460e-01 1.19e-03
5.55550e-01 1.19e-03
5.56640e-01 1.19e-03
5.57728e-01 1.19e-03
5.58815e-01 1.18e-03
5.59901e-01 1.18e-03
5.60986e-01 1.18e-03
5.62070e-01 1.18e-03
5.63152e-01 1.17e-03
5.64234e-01 1.17e-03
5.65314e-01 1.17e-03
5.66393e-01 1.16e-03
5.67471e-01 1.16e-03
5.68491e-01 1.16e-03
5.69566e-01 1.16e-03
5.70641e-01 1.15e-03
5.71714e-01 1.15e-03
5.72729e-01 1.15e-03
5.73800e-01 1.15e-03
5.74870e-01 1.14e-03
5.75883e-01 1.14e-03
5.76950e-01 1.14e-03
5.77961e-01 1.14e-03
5.79026e-01 1.14e-03
5.80090e-01 1.13e-03
5.81098e-01 1.13e-03
5.82160e-01 1.13e-03
5.83165e-01 1.13e-03
5.84225e-01 1.12e-03
5.85228e-01 1.12e-03
5.86230e-01 1.12e-03
5.87287e-01 1.12e-03
5.88287e-01 1.11e-03
5.89286e-01 1.11e-03
5.90339e-01 1.11e-03
5.91336e-01 1.11e-03
5.92332e-01 1.11e-03
5.93382e-01 1.10e-03
5.94376e-01 1.10e-03
5.95369e-01 1.10e-03
5.96361e-01 1.10e-03
5.97407e-01 1.10e-03
5.98397e-01 1.09e-03
5.99386e-01 1.09e-03
6.00374e-01 1.09e-03
6.01361e-01 1.09e-03
6.02347e-01 1.09e-03
6.03332e-01 1.08e-03
6.04316e-01 1.08e-03
6.05299e-01 1.08e-03
6.06281e-01 1.08e-03
6.07262e-01 1.08e-03
6.08243e-01 1.07e-03
6.09222e-01 1.07e-03
6.10200e-01 1.07e-03
6.11178e-01 1.07e-03
6.12154e-01 1.07e-03
6.13129e-01 1.07e-03
6.14104e-01 1.06e-03
6.15023e-01 1.06e-03
6.15996e-01 1.06e-03
6.16968e-01 1.06e-03
6.17939e-01 1.06e-03
6.18908e-01 1.06e-03
6.19824e-01 1.05e-03
6.20792e-01 1.05e-03
6.21759e-01 1.05e-03
6.22671e-01 1.05e-03
6.23636e-01 1.05e-03
6.24601e-01 1.05e-03
6.25511e-01 1.04e-03
6.26473e-01 1.04e-03
6.27435e-01 1.04e-03
6.28342e-01 1.04e-03
6.29302e-01 1.04e-03
6.30207e-01 1.04e-03
6.31165e-01 1.03e-03
6.32069e-01 1.03e-03
6.33026e-01 1.03e-03
6.33928e-01 1.03e-03
6.34882e-01 1.03e-03
6.35783e-01 1.03e-03
6.36683e-01 1.03e-03
6.37634e-01 1.02e-03
6.38533e-01 1.02e-03
6.39483e-01 1.02e-03
6.40379e-01 1.02e-03
6.41275e-01 1.02e-03
6.42222e-01 1.02e-03
6.43116e-01 1.02e-03
6.44009e-01 1.01e-03
6.44902e-01 1.01e-03
6.45846e-01 1.01e-03
6.46737e-01 1.01e-03
6.47627e-01 1.01e-03
6.48516e-01 1.01e-03
6.49404e-01 1.01e-03
6.50292e-01 1.01e-03
6.51231e-01 1.00e-03
6.52117e-01 1.00e-03
6.53002e-01 1.00e-03
6.53886e-01 1.00e-03
6.54770e-01 1.00e-03
6.55653e-01 9.98e-04
6.56535e-01 9.97e-04
6.57416e-01 9.96e-04
6.58297e-01 9.95e-04
6.59177e-01 9.94e-04
6.60056e-01 9.93e-04
6.60934e-01 9.92e-04
6.61811e-01 9.91e-04
6.62688e-01 9.89e-04
6.63564e-01 9.88e-04
6.64439e-01 9.87e-04
6.81884e-01 9.69e-04
6.93897e-01 9.59e-04
7.03988e-01 9.52e-04
7.11527e-01 9.49e-04
7.21297e-01 9.46e-04
7.30876e-01 9.45e-04
7.40222e-01 9.46e-04
7.46166e-01 9.47e-04
7.53442e-01 9.51e-04
7.62067e-01 9.57e-04
7.69136e-01 9.64e-04
7.71912e-01 9.67e-04
7.75418e-01 9.72e-04
7.76109e-01 9.73e-04
7.77488e-01 9.75e-04
7.78177e-01 9.76e-04
7.78866e-01 9.77e-04
7.79554e-01 9.78e-04
7.80242e-01 9.79e-04
7.80929e-01 9.80e-04
7.81570e-01 9.81e-04
7.82256e-01 9.82e-04
7.82942e-01 9.83e-04
7.83628e-01 9.84e-04
7.84312e-01 9.86e-04
7.84997e-01 9.87e-04
7.85681e-01 9.88e-04
7.86364e-01 9.89e-04
7.87047e-01 9.91e-04
7.87730e-01 9.92e-04
7.88366e-01 9.93e-04
7.89048e-01 9.95e-04
7.89729e-01 9.96e-04
7.90410e-01 9.97e-04
7.91090e-01 9.99e-04
7.91770e-01 1.00e-03
7.92404e-01 1.00e-03
7.93083e-01 1.00e-03
7.93761e-01 1.00e-03
7.94439e-01 1.01e-03
7.95117e-01 1.01e-03
7.95749e-01 1.01e-03
7.96426e-01 1.01e-03
7.97102e-01 1.01e-03
7.97732e-01 1.01e-03
7.98408e-01 1.02e-03
7.99083e-01 1.02e-03
7.99757e-01 1.02e-03
8.00386e-01 1.02e-03
8.01059e-01 1.02e-03
8.01732e-01 1.02e-03
8.02360e-01 1.03e-03
8.03032e-01 1.03e-03
8.03704e-01 1.03e-03
8.04331e-01 1.03e-03
8.05002e-01 1.03e-03
8.05627e-01 1.04e-03
8.06297e-01 1.04e-03
8.06967e-01 1.04e-03
8.07591e-01 1.04e-03
8.08260e-01 1.04e-03
8.08884e-01 1.05e-03
8.09551e-01 1.05e-03
8.10174e-01 1.05e-03
8.10841e-01 1.05e-03
8.11463e-01 1.06e-03
8.12129e-01 1.06e-03
8.12751e-01 1.06e-03
8.13416e-01 1.06e-03
8.14036e-01 1.06e-03
8.14701e-01 1.07e-03
8.15321e-01 1.07e-03
8.15984e-01 1.07e-03
8.16603e-01 1.07e-03
8.17266e-01 1.08e-03
8.17884e-01 1.08e-03
8.18546e-01 1.08e-03
8.19163e-01 1.08e-03
8.19824e-01 1.09e-03
8.20440e-01 1.09e-03
8.21057e-01 1.09e-03
8.21716e-01 1.10e-03
8.22332e-01 1.10e-03
8.22947e-01 1.10e-03
8.23605e-01 1.10e-03
8.24219e-01 1.11e-03
8.24833e-01 1.11e-03
8.25490e-01 1.11e-03
8.26103e-01 1.12e-03
8.26716e-01 1.12e-03
8.27372e-01 1.12e-03
8.27984e-01 1.13e-03
8.28595e-01 1.13e-03
8.29250e-01 1.13e-03
8.29861e-01 1.14e-03
8.30471e-01 1.14e-03
8.31081e-01 1.14e-03
8.31735e-01 1.15e-03
8.32344e-01 1.15e-03
8.32953e-01 1.15e-03
8.33561e-01 1.16e-03
8.34213e-01 1.16e-03
8.34820e-01 1.16e-03
8.35428e-01 1.17e-03
8.36035e-01 1.17e-03
8.36641e-01 1.18e-03
8.37291e-01 1.18e-03
8.37897e-01 1.18e-03
8.38502e-01 1.19e-03
8.39107e-01 1.19e-03
8.39712e-01 1.20e-03
8.40316e-01 1.20e-03
8.40964e-01 1.20e-03
8.41567e-01 1.21e-03
8.42170e-01 1.21e-03
8.42773e-01 1.22e-03
8.43376e-01 1.22e-03
8.43978e-01 1.23e-03
8.44580e-01 1.23e-03
8.45181e-01 1.24e-03
8.45782e-01 1.24e-03
8.46383e-01 1.25e-03
8.46984e-01 1.25e-03
8.47584e-01 1.26e-03
8.48226e-01 1.26e-03
8.48825e-01 1.27e-03
8.49424e-01 1.27e-03
8.50023e-01 1.28e-03
8.50621e-01 1.28e-03
8.51219e-01 1.29e-03
8.51816e-01 1.29e-03
8.52413e-01 1.30e-03
8.53010e-01 1.30e-03
8.53606e-01 1.31e-03
8.54160e-01 1.32e-03
8.54756e-01 1.32e-03
8.55351e-01 1.33e-03
8.55946e-01 1.33e-03
8.56541e-01 1.34e-03
8.57135e-01 1.35e-03
8.57729e-01 1.35e-03
8.58323e-01 1.36e-03
8.58916e-01 1.37e-03
8.59509e-01 1.37e-03
8.60101e-01 1.38e-03
8.60693e-01 1.39e-03
8.61243e-01 1.39e-03
8.61835e-01 1.40e-03
8.62426e-01 1.41e-03
8.63017e-01 1.42e-03
8.63607e-01 1.42e-03
8.64197e-01 1.43e-03
8.64745e-01 1.44e-03
8.65334e-01 1.45e-03
8.65923e-01 1.45e-03
8.66512e-01 1.46e-03
8.67100e-01 1.47e-03
8.67689e-01 1.48e-03
8.68234e-01 1.49e-03
8.68822e-01 1.50e-03
8.69409e-01 1.50e-03
8.69995e-01 1.51e-03
8.70540e-01 1.52e-03
8.71126e-01 1.53e-03
8.71712e-01 1.54e-03
8.72297e-01 1.55e-03
8.72840e-01 1.56e-03
8.73425e-01 1.57e-03
8.74009e-01 1.58e-03
8.74552e-01 1.59e-03
8.75135e-01 1.60e-03
8.75719e-01 1.61e-03
8.76302e-01 1.62e-03
8.76843e-01 1.63e-03
8.77425e-01 1.64e-03
8.78007e-01 1.65e-03
8.78547e-01 1.67e-03
8.79129e-01 1.68e-03
8.79710e-01 1.69e-03
8.80249e-01 1.70e-03
8.80829e-01 1.71e-03
8.81368e-01 1.73e-03
8.81948e-01 1.74e-03
8.82527e-01 1.75e-03
8.83065e-01 1.76e-03
8.83644e-01 1.78e-03
8.84181e-01 1.79e-03
8.84759e-01 1.81e-03
8.85337e-01 1.82e-03
8.85873e-01 1.83e-03
8.86450e-01 1.85e-03
8.86985e-01 1.86e-03
8.87562e-01 1.88e-03
8.88097e-01 1.89e-03
8.88673e-01 1.91e-03
8.89248e-01 1.93e-03
8.89782e-01 1.94e-03
8.90357e-01 1.96e-03
8.90891e-01 1.98e-03
8.91465e-01 1.99e-03
8.91998e-01 2.01e-03
8.92572e-01 2.03e-03
8.93104e-01 2.05e-03
8.93677e-01 2.07e-03
8.94209e-01 2.08e-03
8.94781e-01 2.10e-03
8.95312e-01 2.12e-03
8.95843e-01 2.14e-03
8.96415e-01 2.16e-03
8.96945e-01 2.19e-03
8.97516e-01 2.21e-03
8.98045e-01 2.23e-03
8.98615e-01 2.25e-03
8.99145e-01 2.27e-03
8.99673e-01 2.30e-03
9.00243e-01 2.32e-03
9.00771e-01 2.34e-03
9.01340e-01 2.37e-03
9.01867e-01 2.39e-03
9.02395e-01 2.42e-03
9.02962e-01 2.45e-03
9.03489e-01 2.47e-03
9.04056e-01 2.50e-03
9.04582e-01 2.53e-03
9.05108e-01 2.56e-03
9.05675e-01 2.59e-03
9.06200e-01 2.62e-03
9.06725e-01 2.65e-03
9.07290e-01 2.68e-03
9.07815e-01 2.71e-03
9.08339e-01 2.74e-03
9.08904e-01 2.77e-03
9.09427e-01 2.81e-03
9.09951e-01 2.84e-03
9.10474e-01 2.88e-03
9.11037e-01 2.91e-03
9.11560e-01 2.95e-03
9.12082e-01 2.99e-03
9.12644e-01 3.03e-03
9.13166e-01 3.07e-03
9.13687e-01 3.11e-03
9.14209e-01 3.15e-03
9.14770e-01 3.19e-03
9.15290e-01 3.24e-03
9.15811e-01 3.28e-03
9.16331e-01 3.33e-03
9.16851e-01 3.38e-03
9.17410e-01 3.43e-03
9.17929e-01 3.48e-03
9.18448e-01 3.53e-03
9.18967e-01 3.58e-03
9.19486e-01 3.63e-03
9.20044e-01 3.69e-03
9.20562e-01 3.75e-03
9.21079e-01 3.81e-03
9.21597e-01 3.87e-03
9.22114e-01 3.93e-03
9.22631e-01 3.99e-03
9.23187e-01 4.06e-03
9.23703e-01 4.12e-03
9.24219e-01 4.19e-03
9.24735e-01 4.26e-03
9.25250e-01 4.34e-03
9.25766e-01 4.41e-03
9.26281e-01 4.49e-03
9.26835e-01 4.57e-03
9.27349e-01 4.65e-03
9.27864e-01 4.73e-03
9.28377e-01 4.82e-03
9.28891e-01 4.90e-03
9.29404e-01 4.99e-03
9.29917e-01 5.09e-03
9.30430e-01 5.18e-03
9.30943e-01 5.28e-03
9.31455e-01 5.38e-03
9.31967e-01 5.48e-03
9.32479e-01 5.59e-03
9.32991e-01 5.70e-03
9.33541e-01 5.81e-03
9.34052e-01 5.92e-03
9.34563e-01 6.04e-03
9.35073e-01 6.16e-03
9.35583e-01 6.28e-03
9.36093e-01 6.40e-03
9.36603e-01 6.53e-03
9.37112e-01 6.66e-03
9.37622e-01 6.79e-03
9.38130e-01 6.93e-03
9.38639e-01 7.07e-03
9.39148e-01 7.21e-03
9.39656e-01 7.35e-03
9.40163e-01 7.50e-03
9.40671e-01 7.65e-03
9.41139e-01 7.80e-03
9.41647e-01 7.95e-03
9.42153e-01 8.10e-03
9.42660e-01 8.26e-03
9.43166e-01 8.42e-03
9.43672e-01 8.58e-03
9.44178e-01 8.74e-03
9.44684e-01 8.90e-03
9.45189e-01 9.06e-03
9.45694e-01 9.23e-03
9.46199e-01 9.39e-03
9.46704e-01 9.56e-03
9.47208e-01 9.72e-03
9.47712e-01 9.89e-03
9.48177e-01 1.01e-02
9.48680e-01 1.02e-02
9.49184e-01 1.04e-02
9.49687e-01 1.06e-02
9.50190e-01 1.07e-02
9.50692e-01 1.09e-02
9.51194e-01 1.10e-02
9.51696e-01 1.12e-02
9.52160e-01 1.14e-02
9.52661e-01 1.15e-02
9.53163e-01 1.17e-02
9.53664e-01 1.19e-02
9.54164e-01 1.20e-02
9.54665e-01 1.22e-02
9.55127e-01 1.24e-02
9.55627e-01 1.26e-02
9.56127e-01 1.27e-02
9.56626e-01 1.29e-02
9.57126e-01 1.31e-02
9.57586e-01 1.33e-02
9.58085e-01 1.35e-02
9.58584e-01 1.38e-02
9.59082e-01 1.40e-02
9.59580e-01 1.42e-02
9.60040e-01 1.45e-02
9.60537e-01 1.48e-02
9.61035e-01 1.50e-02
9.61532e-01 1.54e-02
9.61990e-01 1.57e-02
9.62487e-01 1.60e-02
9.62983e-01 1.64e-02
9.63480e-01 1.68e-02
9.63937e-01 1.73e-02
9.64433e-01 1.78e-02
9.64929e-01 1.83e-02
9.65386e-01 1.88e-02
9.65881e-01 1.94e-02
9.66375e-01 2.00e-02
9.66870e-01 2.06e-02
9.67326e-01 2.13e-02
9.67820e-01 2.20e-02
9.68314e-01 2.27e-02
9.68769e-01 2.34e-02
9.69263e-01 2.41e-02
9.69756e-01 2.48e-02
9.70211e-01 2.55e-02
9.70703e-01 2.61e-02
9.70930e-01 2.65e-02
9.71195e-01 2.67e-02
9.71423e-01 2.70e-02
9.71650e-01 2.73e-02
9.71915e-01 2.75e-02
9.72142e-01 2.77e-02
9.72369e-01 2.79e-02
9.72633e-01 2.80e-02
9.72860e-01 2.81e-02
9.73087e-01 2.82e-02
9.73351e-01 2.83e-02
9.73578e-01 2.83e-02
9.73805e-01 2.83e-02
9.74069e-01 2.82e-02
9.74295e-01 2.81e-02
9.74522e-01 2.80e-02
9.74786e-01 2.79e-02
9.75012e-01 2.77e-02
9.75239e-01 2.75e-02
9.75503e-01 2.72e-02
9.75729e-01 2.69e-02
9.75955e-01 2.66e-02
9.76181e-01 2.63e-02
9.76445e-01 2.60e-02
9.76671e-01 2.56e-02
9.76897e-01 2.52e-02
9.77386e-01 2.45e-02
9.77875e-01 2.36e-02
9.78326e-01 2.28e-02
9.78815e-01 2.19e-02
9.79266e-01 2.10e-02
9.79754e-01 2.02e-02
9.80242e-01 1.94e-02
9.80692e-01 1.85e-02
9.81179e-01 1.78e-02
9.81629e-01 1.70e-02
9.81891e-01 1.66e-02
9.82116e-01 1.63e-02
9.82341e-01 1.59e-02
9.82565e-01 1.56e-02
9.82827e-01 1.53e-02
9.83052e-01 1.50e-02
9.83276e-01 1.47e-02
9.83501e-01 1.43e-02
9.83762e-01 1.41e-02
9.83987e-01 1.38e-02
9.84211e-01 1.35e-02
9.84473e-01 1.32e-02
9.84697e-01 1.30e-02
9.84921e-01 1.27e-02
9.85145e-01 1.25e-02
9.85406e-01 1.22e-02
9.85630e-01 1.20e-02
9.85854e-01 1.18e-02
9.86078e-01 1.15e-02
9.86339e-01 1.13e-02
9.86563e-01 1.11e-02
9.86786e-01 1.09e-02
9.87010e-01 1.07e-02
9.87271e-01 1.05e-02
9.87494e-01 1.03e-02
9.87718e-01 1.02e-02
9.88202e-01 9.83e-03
9.88649e-01 9.51e-03
9.89132e-01 9.21e-03
9.89578e-01 8.92e-03
9.90062e-01 8.65e-03
9.90507e-01 8.40e-03
9.90990e-01 8.15e-03
9.91435e-01 7.93e-03
9.91918e-01 7.71e-03
9.92362e-01 7.51e-03
9.92844e-01 7.31e-03
9.93289e-01 7.13e-03
9.93733e-01 6.95e-03
9.94214e-01 6.79e-03
9.94658e-01 6.63e-03
9.95139e-01 6.48e-03
9.95582e-01 6.33e-03
9.96063e-01 6.20e-03
9.96506e-01 6.07e-03
9.96986e-01 5.94e-03
9.97428e-01 5.83e-03
9.97871e-01 5.71e-03
9.98350e-01 5.60e-03
9.98792e-01 5.50e-03
9.99271e-01 5.40e-03
9.99712e-01 5.31e-03
1.00015e+00 5.22e-03
1.00041e+00 5.17e-03
1.00085e+00 5.09e-03
1.00129e+00 5.02e-03
1.00177e+00 4.94e-03
1.00221e+00 4.87e-03
1.00269e+00 4.80e-03
1.00313e+00 4.74e-03
1.00357e+00 4.67e-03
1.00405e+00 4.61e-03
1.00448e+00 4.55e-03
1.00492e+00 4.50e-03
1.00540e+00 4.45e-03
1.00584e+00 4.39e-03
1.00628e+00 4.34e-03
1.00675e+00 4.30e-03
1.00719e+00 4.25e-03
1.00763e+00 4.21e-03
1.00810e+00 4.17e-03
1.00854e+00 4.12e-03
1.00898e+00 4.09e-03
1.00945e+00 4.05e-03
1.00989e+00 4.01e-03
1.01033e+00 3.98e-03
1.01080e+00 3.95e-03
1.01124e+00 3.92e-03
1.01167e+00 3.89e-03
1.01215e+00 3.86e-03
1.01258e+00 3.84e-03
1.01302e+00 3.81e-03
1.01345e+00 3.79e-03
1.01393e+00 3.76e-03
1.01436e+00 3.74e-03
1.01480e+00 3.72e-03
1.01527e+00 3.70e-03
1.01570e+00 3.68e-03
1.01614e+00 3.66e-03
1.01657e+00 3.64e-03
1.01704e+00 3.62e-03
1.01747e+00 3.61e-03
1.01791e+00 3.59e-03
1.01834e+00 3.58e-03
1.01881e+00 3.56e-03
1.01924e+00 3.55e-03
1.01968e+00 3.53e-03
1.02011e+00 3.52e-03
1.02054e+00 3.51e-03
1.02101e+00 3.49e-03
1.02144e+00 3.48e-03
1.02188e+00 3.47e-03
1.02231e+00 3.46e-03
1.02277e+00 3.45e-03
1.02321e+00 3.44e-03
1.02364e+00 3.43e-03
1.02407e+00 3.42e-03
1.02450e+00 3.42e-03
1.02497e+00 3.41e-03
1.02540e+00 3.40e-03
1.02583e+00 3.40e-03
1.02626e+00 3.39e-03
1.02669e+00 3.38e-03
1.02712e+00 3.38e-03
1.02758e+00 3.37e-03
1.02801e+00 3.37e-03
1.02844e+00 3.36e-03
1.02887e+00 3.36e-03
1.02930e+00 3.35e-03
1.02973e+00 3.35e-03
1.03019e+00 3.35e-03
1.03062e+00 3.34e-03
1.03429e+00 3.32e-03
1.03794e+00 3.32e-03
1.04070e+00 3.32e-03
1.04324e+00 3.33e-03
1.04497e+00 3.34e-03
1.04707e+00 3.35e-03
1.04876e+00 3.36e-03
1.05002e+00 3.37e-03
1.05044e+00 3.37e-03
1.05086e+00 3.38e-03
1.05128e+00 3.38e-03
1.05170e+00 3.38e-03
1.05211e+00 3.39e-03
1.05253e+00 3.39e-03
1.05295e+00 3.40e-03
1.05337e+00 3.40e-03
1.05379e+00 3.40e-03
1.05421e+00 3.41e-03
1.05463e+00 3.41e-03
1.05504e+00 3.42e-03
1.05543e+00 3.42e-03
1.05584e+00 3.43e-03
1.05626e+00 3.43e-03
1.05668e+00 3.43e-03
1.05710e+00 3.44e-03
1.05751e+00 3.44e-03
1.05793e+00 3.45e-03
1.05835e+00 3.45e-03
1.05876e+00 3.46e-03
1.05918e+00 3.46e-03
1.05959e+00 3.47e-03
1.06001e+00 3.47e-03
1.06043e+00 3.48e-03
1.06084e+00 3.48e-03
1.06126e+00 3.49e-03
1.06164e+00 3.49e-03
1.06205e+00 3.50e-03
1.06247e+00 3.50e-03
1.06288e+00 3.51e-03
1.06330e+00 3.52e-03
1.06371e+00 3.52e-03
1.06412e+00 3.53e-03
1.06454e+00 3.53e-03
1.06495e+00 3.54e-03
1.06537e+00 3.55e-03
1.06574e+00 3.55e-03
1.06616e+00 3.56e-03
1.06657e+00 3.56e-03
1.06698e+00 3.57e-03
1.06740e+00 3.58e-03
1.06760e+00 3.58e-03
1.06781e+00 3.59e-03
1.06822e+00 3.60e-03
1.06860e+00 3.62e-03
1.06901e+00 3.63e-03
1.06942e+00 3.65e-03
1.06984e+00 3.67e-03
1.07025e+00 3.69e-03
1.07066e+00 3.72e-03
1.07107e+00 3.74e-03
1.07145e+00 3.77e-03
1.07186e+00 3.79e-03
1.07227e+00 3.83e-03
1.07268e+00 3.86e-03
1.07309e+00 3.90e-03
1.07350e+00 3.94e-03
1.07388e+00 3.98e-03
1.07429e+00 4.03e-03
1.07470e+00 4.08e-03
1.07510e+00 4.14e-03
1.07551e+00 4.20e-03
1.07592e+00 4.27e-03
1.07630e+00 4.35e-03
1.07671e+00 4.43e-03
1.07691e+00 4.48e-03
1.07712e+00 4.52e-03
1.07732e+00 4.57e-03
1.07752e+00 4.63e-03
1.07773e+00 4.68e-03
1.07793e+00 4.74e-03
1.07810e+00 4.81e-03
1.07831e+00 4.87e-03
1.07851e+00 4.94e-03
1.07872e+00 5.02e-03
1.07892e+00 5.09e-03
1.07912e+00 5.18e-03
1.07933e+00 5.26e-03
1.07953e+00 5.36e-03
1.07974e+00 5.45e-03
1.07991e+00 5.56e-03
1.08011e+00 5.67e-03
1.08031e+00 5.79e-03
1.08052e+00 5.91e-03
1.08072e+00 6.04e-03
1.08092e+00 6.18e-03
1.08113e+00 6.33e-03
1.08133e+00 6.49e-03
1.08153e+00 6.66e-03
1.08170e+00 6.84e-03
1.08191e+00 7.03e-03
1.08211e+00 7.24e-03
1.08231e+00 7.45e-03
1.08252e+00 7.69e-03
1.08272e+00 7.94e-03
1.08292e+00 8.20e-03
1.08313e+00 8.48e-03
1.08333e+00 8.67e-03
1.08370e+00 8.71e-03
1.08411e+00 8.75e-03
1.08431e+00 8.78e-03
1.08472e+00 8.82e-03
1.08509e+00 8.85e-03
1.08549e+00 8.87e-03
1.08590e+00 8.89e-03
1.08708e+00 8.91e-03
1.08748e+00 8.91e-03
1.08789e+00 8.90e-03
1.08826e+00 8.88e-03
1.08866e+00 8.86e-03
1.08907e+00 8.84e-03
1.08947e+00 8.81e-03
1.08984e+00 8.78e-03
1.09024e+00 8.74e-03
1.09065e+00 8.70e-03
1.09102e+00 8.66e-03
1.09142e+00 8.61e-03
1.09182e+00 8.57e-03
1.09223e+00 8.52e-03
1.09259e+00 8.48e-03
1.09300e+00 8.44e-03
1.09340e+00 8.40e-03
1.09377e+00 8.37e-03
1.09417e+00 8.34e-03
1.09437e+00 8.33e-03
1.09477e+00 8.32e-03
1.09494e+00 8.31e-03
1.09514e+00 8.31e-03
1.09534e+00 8.32e-03
1.09554e+00 8.33e-03
1.09574e+00 8.35e-03
1.09594e+00 8.37e-03
1.09611e+00 8.40e-03
1.09631e+00 8.44e-03
1.09651e+00 8.49e-03
1.09671e+00 8.54e-03
1.09691e+00 8.61e-03
1.09711e+00 8.69e-03
1.09728e+00 8.78e-03
1.09748e+00 8.88e-03
1.09768e+00 9.01e-03
1.09788e+00 9.14e-03
1.09808e+00 9.31e-03
1.09828e+00 9.49e-03
1.09845e+00 9.70e-03
1.09865e+00 9.93e-03
1.09885e+00 1.02e-02
1.09905e+00 1.05e-02
1.09925e+00 1.09e-02
1.09945e+00 1.12e-02
1.09961e+00 1.17e-02
1.09981e+00 1.22e-02
1.10001e+00 1.28e-02
1.10021e+00 1.35e-02
1.10041e+00 1.42e-02
1.10061e+00 1.51e-02
1.10078e+00 1.61e-02
1.10098e+00 1.73e-02
1.10118e+00 1.87e-02
1.10138e+00 2.03e-02
1.10157e+00 2.22e-02
1.10177e+00 2.44e-02
1.10194e+00 2.71e-02
1.10214e+00 3.03e-02
1.10234e+00 3.40e-02
1.10254e+00 3.86e-02
1.10274e+00 4.41e-02
1.10290e+00 5.06e-02
1.10310e+00 5.83e-02
1.10330e+00 6.72e-02
1.10350e+00 7.71e-02
1.10370e+00 8.75e-02
1.10390e+00 9.72e-02
1.10406e+00 1.05e-01
1.10426e+00 1.09e-01
1.10446e+00 1.08e-01
1.10466e+00 1.03e-01
1.10486e+00 9.47e-02
1.10503e+00 8.46e-02
1.10522e+00 7.43e-02
1.10542e+00 6.47e-02
1.10562e+00 5.62e-02
1.10582e+00 4.88e-02
1.10599e+00 4.26e-02
1.10618e+00 3.75e-02
1.10638e+00 3.32e-02
1.10658e+00 2.96e-02
1.10678e+00 2.66e-02
1.10698e+00 2.41e-02
1.10714e+00 2.20e-02
1.10734e+00 2.02e-02
1.10754e+00 1.86e-02
1.10774e+00 1.73e-02
1.10794e+00 1.62e-02
1.10810e+00 1.52e-02
1.10830e+00 1.43e-02
1.10850e+00 1.36e-02
1.10869e+00 1.30e-02
1.10889e+00 1.24e-02
1.10906e+00 1.19e-02
1.10926e+00 1.15e-02
1.10945e+00 1.11e-02
1.10965e+00 1.08e-02
1.10985e+00 1.05e-02
1.11001e+00 1.02e-02
1.11021e+00 9.97e-03
1.11041e+00 9.77e-03
1.11061e+00 9.59e-03
1.11080e+00 9.44e-03
1.11097e+00 9.31e-03
1.11117e+00 9.19e-03
1.11136e+00 9.09e-03
1.11156e+00 9.00e-03
1.11176e+00 8.93e-03
1.11192e+00 8.86e-03
1.11212e+00 8.81e-03
1.11232e+00 8.76e-03
1.11252e+00 8.73e-03
1.11268e+00 8.70e-03
1.11288e+00 8.68e-03
1.11307e+00 8.66e-03
1.11327e+00 8.65e-03
1.11347e+00 8.64e-03
1.11363e+00 8.64e-03
1.11403e+00 8.65e-03
1.11442e+00 8.67e-03
1.11478e+00 8.70e-03
1.11517e+00 8.74e-03
1.11553e+00 8.78e-03
1.11593e+00 8.82e-03
1.11629e+00 8.87e-03
1.11668e+00 8.91e-03
1.11704e+00 8.96e-03
1.11743e+00 9.00e-03
1.11783e+00 9.04e-03
1.11819e+00 9.09e-03
1.11858e+00 9.12e-03
1.11894e+00 9.16e-03
1.11933e+00 9.19e-03
1.11969e+00 9.21e-03
1.12008e+00 9.23e-03
1.12063e+00 9.26e-03
1.12158e+00 9.27e-03
1.12233e+00 9.26e-03
1.12272e+00 9.24e-03
1.12308e+00 9.23e-03
1.12347e+00 9.20e-03
1.12363e+00 9.19e-03
1.12383e+00 9.18e-03
1.12422e+00 9.16e-03
1.12457e+00 9.12e-03
1.12477e+00 9.10e-03
1.12496e+00 9.06e-03
1.12512e+00 8.87e-03
1.12532e+00 8.59e-03
1.12551e+00 8.33e-03
1.12571e+00 8.09e-03
1.12587e+00 7.87e-03
1.12607e+00 7.65e-03
1.12626e+00 7.46e-03
1.12645e+00 7.27e-03
1.12662e+00 7.10e-03
1.12681e+00 6.93e-03
1.12701e+00 6.78e-03
1.12720e+00 6.63e-03
1.12736e+00 6.49e-03
1.12756e+00 6.37e-03
1.12775e+00 6.24e-03
1.12794e+00 6.13e-03
1.12811e+00 6.02e-03
1.12830e+00 5.92e-03
1.12849e+00 5.82e-03
1.12869e+00 5.73e-03
1.12885e+00 5.65e-03
1.12904e+00 5.56e-03
1.12924e+00 5.49e-03
1.12943e+00 5.41e-03
1.12959e+00 5.35e-03
1.12979e+00 5.28e-03
1.12998e+00 5.22e-03
1.13018e+00 5.16e-03
1.13034e+00 5.11e-03
1.13053e+00 5.05e-03
1.13072e+00 5.00e-03
1.13108e+00 4.91e-03
1.13147e+00 4.83e-03
1.13182e+00 4.75e-03
1.13221e+00 4.68e-03
1.13256e+00 4.62e-03
1.13295e+00 4.56e-03
1.13330e+00 4.51e-03
1.13369e+00 4.47e-03
1.13404e+00 4.42e-03
1.13443e+00 4.39e-03
1.13478e+00 4.35e-03
1.13514e+00 4.32e-03
1.13552e+00 4.29e-03
1.13588e+00 4.26e-03
1.13626e+00 4.23e-03
1.13661e+00 4.21e-03
1.13700e+00 4.19e-03
1.13735e+00 4.17e-03
1.13774e+00 4.15e-03
1.13809e+00 4.14e-03
1.13844e+00 4.12e-03
1.13883e+00 4.11e-03
1.13918e+00 4.09e-03
1.13956e+00 4.08e-03
1.13972e+00 4.08e-03
1.14011e+00 4.07e-03
1.14046e+00 4.07e-03
1.14683e+00 4.01e-03
1.15171e+00 3.97e-03
1.15726e+00 3.94e-03
1.16206e+00 3.92e-03
1.16717e+00 3.91e-03
1.17189e+00 3.90e-03
1.18111e+00 3.90e-03
1.18662e+00 3.91e-03
1.19207e+00 3.93e-03
1.19716e+00 3.95e-03
1.20288e+00 3.97e-03
1.20824e+00 3.99e-03
1.21717e+00 4.04e-03
1.25196e+00 4.23e-03
1.26186e+00 4.30e-03
1.26201e+00 4.31e-03
1.26652e+00 4.32e-03
1.26855e+00 4.32e-03
1.27486e+00 4.31e-03
1.28146e+00 4.33e-03
1.28390e+00 4.32e-03
1.28631e+00 4.31e-03
1.28934e+00 4.28e-03
1.29418e+00 4.24e-03
1.29434e+00 4.25e-03
1.29599e+00 4.23e-03
1.29612e+00 4.23e-03
1.32221e+00 3.98e-03
1.35462e+00 3.65e-03
1.36522e+00 3.55e-03
1.37713e+00 3.43e-03
1.40017e+00 3.23e-03
1.41881e+00 3.07e-03
1.42943e+00 2.99e-03
1.45143e+00 2.82e-03
1.46921e+00 2.68e-03
1.48165e+00 2.60e-03
1.50257e+00 2.46e-03
1.51945e+00 2.35e-03
1.54907e+00 2.17e-03
1.56682e+00 2.07e-03
1.59702e+00 1.91e-03
1.61604e+00 1.81e-03
1.65125e+00 1.65e-03
1.66635e+00 1.59e-03
1.70112e+00 1.44e-03
1.71445e+00 1.39e-03
1.75160e+00 1.26e-03
1.76844e+00 1.21e-03
1.80224e+00 1.10e-03
1.84756e+00 9.73e-04
1.89688e+00 8.50e-04
1.93618e+00 7.64e-04
1.97136e+00 6.94e-04
1.97173e+00 6.93e-04
1.97211e+00 6.92e-04
1.97248e+00 6.92e-04
1.97286e+00 6.91e-04
1.97323e+00 6.90e-04
1.97361e+00 6.90e-04
1.97400e+00 6.89e-04
1.97437e+00 6.88e-04
1.97475e+00 6.87e-04
1.97514e+00 6.87e-04
1.97551e+00 6.86e-04
1.97588e+00 6.85e-04
1.97627e+00 6.84e-04
1.97665e+00 6.84e-04
1.97703e+00 6.83e-04
1.97741e+00 6.82e-04
1.97780e+00 6.82e-04
1.97817e+00 6.81e-04
1.97856e+00 6.80e-04
1.97894e+00 6.80e-04
1.97932e+00 6.79e-04
1.97970e+00 6.78e-04
1.98009e+00 6.78e-04
1.98048e+00 6.77e-04
1.98086e+00 6.76e-04
1.98125e+00 6.75e-04
1.98162e+00 6.75e-04
1.98201e+00 6.74e-04
1.98239e+00 6.73e-04
1.98278e+00 6.73e-04
1.98318e+00 6.72e-04
1.98356e+00 6.71e-04
1.98395e+00 6.71e-04
1.98433e+00 6.70e-04
1.98472e+00 6.69e-04
1.98510e+00 6.68e-04
1.98550e+00 6.68e-04
1.98589e+00 6.67e-04
1.98627e+00 6.66e-04
1.98667e+00 6.66e-04
1.98705e+00 6.65e-04
1.98745e+00 6.64e-04
1.98783e+00 6.64e-04
1.98823e+00 6.63e-04
1.98861e+00 6.62e-04
1.98901e+00 6.61e-04
1.98939e+00 6.61e-04
1.98979e+00 6.60e-04
1.99019e+00 6.59e-04
1.99058e+00 6.59e-04
1.99097e+00 6.58e-04
1.99136e+00 6.57e-04
1.99176e+00 6.57e-04
1.99215e+00 6.56e-04
1.99255e+00 6.55e-04
1.99294e+00 6.54e-04
1.99334e+00 6.54e-04
1.99373e+00 6.53e-04
1.99413e+00 6.52e-04
1.99452e+00 6.52e-04
1.99492e+00 6.51e-04
1.99533e+00 6.50e-04
1.99572e+00 6.50e-04
1.99611e+00 6.49e-04
1.99652e+00 6.48e-04
1.99692e+00 6.47e-04
1.99731e+00 6.47e-04
1.99772e+00 6.46e-04
1.99811e+00 6.45e-04
1.99852e+00 6.45e-04
1.99891e+00 6.44e-04
1.99932e+00 6.43e-04
1.99972e+00 6.42e-04
2.00011e+00 6.42e-04
2.00052e+00 6.41e-04
2.00093e+00 6.40e-04
2.00133e+00 6.40e-04
2.00174e+00 6.39e-04
2.00214e+00 6.38e-04
2.00253e+00 6.38e-04
2.00294e+00 6.37e-04
2.00334e+00 6.36e-04
2.00376e+00 6.35e-04
2.00417e+00 6.35e-04
2.00457e+00 6.34e-04
2.00497e+00 6.33e-04
2.00538e+00 6.33e-04
2.00580e+00 6.32e-04
2.00620e+00 6.31e-04
2.00660e+00 6.30e-04
2.00702e+00 6.30e-04
2.00742e+00 6.29e-04
2.00784e+00 6.28e-04
2.00824e+00 6.28e-04
2.00866e+00 6.27e-04
2.00906e+00 6.26e-04
2.00947e+00 6.25e-04
2.00989e+00 6.25e-04
2.01029e+00 6.24e-04
2.01071e+00 6.23e-04
2.01112e+00 6.23e-04
2.01154e+00 6.22e-04
2.01195e+00 6.21e-04
2.01237e+00 6.20e-04
2.01278e+00 6.20e-04
2.01319e+00 6.19e-04
2.01361e+00 6.18e-04
2.01402e+00 6.18e-04
2.01444e+00 6.17e-04
2.01486e+00 6.16e-04
2.01528e+00 6.15e-04
2.01569e+00 6.15e-04
2.01612e+00 6.14e-04
2.01653e+00 6.13e-04
2.01695e+00 6.13e-04
2.01737e+00 6.12e-04
2.01779e+00 6.11e-04
2.01820e+00 6.10e-04
2.01863e+00 6.10e-04
2.01905e+00 6.09e-04
2.01947e+00 6.08e-04
2.01989e+00 6.08e-04
2.02032e+00 6.07e-04
2.02074e+00 6.06e-04
2.02116e+00 6.05e-04
2.02159e+00 6.05e-04
2.02201e+00 6.04e-04
2.02243e+00 6.03e-04
2.02286e+00 6.03e-04
2.02328e+00 6.02e-04
2.02372e+00 6.01e-04
2.02414e+00 6.01e-04
2.02456e+00 6.00e-04
2.02500e+00 5.99e-04
2.02542e+00 5.98e-04
2.02586e+00 5.98e-04
2.02628e+00 5.97e-04
2.02671e+00 5.96e-04
2.02713e+00 5.96e-04
2.02757e+00 5.95e-04
2.02800e+00 5.94e-04
2.02844e+00 5.94e-04
2.02887e+00 5.93e-04
2.02929e+00 5.92e-04
2.02973e+00 5.92e-04
2.03016e+00 5.91e-04
2.03059e+00 5.90e-04
2.03104e+00 5.89e-04
2.03147e+00 5.89e-04
2.03190e+00 5.88e-04
2.03234e+00 5.87e-04
2.03278e+00 5.87e-04
2.03321e+00 5.86e-04
2.03365e+00 5.85e-04
2.03409e+00 5.85e-04
2.03452e+00 5.84e-04
2.03497e+00 5.83e-04
2.03541e+00 5.82e-04
2.03584e+00 5.82e-04
2.03629e+00 5.81e-04
2.03673e+00 5.80e-04
2.03717e+00 5.80e-04
2.03762e+00 5.79e-04
2.03806e+00 5.78e-04
2.03850e+00 5.78e-04
2.03895e+00 5.77e-04
2.03939e+00 5.76e-04
2.03983e+00 5.75e-04
2.04027e+00 5.75e-04
2.04071e+00 5.74e-04
2.04117e+00 5.73e-04
2.04161e+00 5.73e-04
2.04206e+00 5.72e-04
2.04251e+00 5.71e-04
2.04296e+00 5.71e-04
2.04340e+00 5.70e-04
2.04385e+00 5.69e-04
2.04431e+00 5.68e-04
2.04476e+00 5.68e-04
2.04521e+00 5.67e-04
2.04566e+00 5.66e-04
2.04612e+00 5.66e-04
2.04657e+00 5.65e-04
2.04702e+00 5.64e-04
2.04747e+00 5.63e-04
2.04793e+00 5.63e-04
2.04838e+00 5.62e-04
2.04884e+00 5.61e-04
2.04929e+00 5.61e-04
2.04976e+00 5.60e-04
2.05021e+00 5.59e-04
2.05067e+00 5.58e-04
2.05113e+00 5.58e-04
2.05158e+00 5.57e-04
2.05204e+00 5.56e-04
2.05251e+00 5.56e-04
2.05297e+00 5.55e-04
2.05343e+00 5.54e-04
2.05389e+00 5.54e-04
2.05435e+00 5.53e-04
2.05482e+00 5.52e-04
2.05528e+00 5.51e-04
2.05575e+00 5.51e-04
2.05621e+00 5.50e-04
2.05667e+00 5.49e-04
2.05714e+00 5.48e-04
2.05760e+00 5.48e-04
2.05808e+00 5.47e-04
2.05855e+00 5.46e-04
2.05902e+00 5.46e-04
2.05948e+00 5.45e-04
2.05995e+00 5.44e-04
2.06042e+00 5.43e-04
2.06090e+00 5.43e-04
2.06137e+00 5.42e-04
2.06184e+00 5.41e-04
2.06232e+00 5.41e-04
2.06279e+00 5.40e-04
2.06326e+00 5.39e-04
2.06374e+00 5.38e-04
2.06421e+00 5.38e-04
2.06470e+00 5.37e-04
2.06517e+00 5.36e-04
2.06565e+00 5.36e-04
2.06613e+00 5.35e-04
2.06661e+00 5.34e-04
2.06709e+00 5.33e-04
2.06757e+00 5.33e-04
2.06805e+00 5.32e-04
2.06853e+00 5.31e-04
2.06901e+00 5.31e-04
2.06949e+00 5.30e-04
2.06998e+00 5.29e-04
2.07046e+00 5.29e-04
2.07096e+00 5.28e-04
2.07143e+00 5.27e-04
2.07193e+00 5.27e-04
2.07242e+00 5.26e-04
2.07290e+00 5.25e-04
2.07339e+00 5.24e-04
2.07388e+00 5.24e-04
2.07437e+00 5.23e-04
2.07486e+00 5.22e-04
2.07536e+00 5.22e-04
2.07585e+00 5.21e-04
2.07634e+00 5.20e-04
2.07684e+00 5.20e-04
2.07733e+00 5.19e-04
2.07783e+00 5.18e-04
2.07832e+00 5.17e-04
2.07882e+00 5.17e-04
2.07932e+00 5.16e-04
2.07982e+00 5.15e-04
2.08032e+00 5.15e-04
2.08082e+00 5.14e-04
2.08131e+00 5.13e-04
2.08181e+00 5.13e-04
2.08231e+00 5.12e-04
2.08282e+00 5.11e-04
2.08332e+00 5.10e-04
2.08383e+00 5.10e-04
2.08433e+00 5.09e-04
2.08484e+00 5.08e-04
2.08535e+00 5.08e-04
2.08586e+00 5.07e-04
2.08636e+00 5.06e-04
2.08686e+00 5.06e-04
2.08738e+00 5.05e-04
2.08789e+00 5.04e-04
2.08840e+00 5.03e-04
2.08891e+00 5.03e-04
2.08943e+00 5.02e-04
2.08994e+00 5.01e-04
2.09046e+00 5.01e-04
2.09097e+00 5.00e-04
2.09149e+00 4.99e-04
2.09201e+00 4.98e-04
2.09253e+00 4.98e-04
2.09305e+00 4.97e-04
2.09357e+00 4.96e-04
2.09408e+00 4.96e-04
2.09460e+00 4.95e-04
2.09513e+00 4.94e-04
2.09565e+00 4.93e-04
2.09618e+00 4.93e-04
2.09670e+00 4.92e-04
2.09723e+00 4.91e-04
2.09775e+00 4.91e-04
2.09828e+00 4.90e-04
2.09882e+00 4.89e-04
2.09934e+00 4.88e-04
2.09987e+00 4.88e-04
2.10040e+00 4.87e-04
2.10093e+00 4.86e-04
2.10146e+00 4.85e-04
2.10200e+00 4.85e-04
2.10254e+00 4.84e-04
2.10307e+00 4.83e-04
2.10361e+00 4.83e-04
2.10415e+00 4.82e-04
2.10468e+00 4.81e-04
2.10522e+00 4.80e-04
2.10577e+00 4.80e-04
2.10630e+00 4.79e-04
2.10685e+00 4.78e-04
2.10738e+00 4.77e-04
2.10793e+00 4.77e-04
2.10848e+00 4.76e-04
2.10902e+00 4.75e-04
2.10957e+00 4.75e-04
2.11012e+00 4.74e-04
2.11066e+00 4.73e-04
2.11122e+00 4.72e-04
2.11176e+00 4.72e-04
2.11232e+00 4.71e-04
2.11288e+00 4.70e-04
2.11343e+00 4.70e-04
2.11399e+00 4.69e-04
2.11454e+00 4.68e-04
2.11510e+00 4.67e-04
2.11565e+00 4.67e-04
2.11621e+00 4.66e-04
2.11677e+00 4.65e-04
2.11734e+00 4.65e-04
2.11789e+00 4.64e-04
2.11846e+00 4.63e-04
2.11902e+00 4.63e-04
2.11959e+00 4.62e-04
2.12015e+00 4.61e-04
2.12073e+00 4.60e-04
2.12129e+00 4.60e-04
2.12187e+00 4.59e-04
2.12243e+00 4.58e-04
2.12300e+00 4.58e-04
2.12358e+00 4.57e-04
2.12415e+00 4.56e-04
2.12473e+00 4.55e-04
2.12530e+00 4.55e-04
2.12588e+00 4.54e-04
2.12646e+00 4.53e-04
2.12704e+00 4.53e-04
2.12761e+00 4.52e-04
2.12820e+00 4.51e-04
2.12878e+00 4.50e-04
2.12936e+00 4.50e-04
2.12996e+00 4.49e-04
2.13054e+00 4.48e-04
2.13113e+00 4.47e-04
2.13171e+00 4.47e-04
2.13231e+00 4.46e-04
2.13290e+00 4.45e-04
2.13349e+00 4.45e-04
2.13408e+00 4.44e-04
2.13468e+00 4.43e-04
2.13528e+00 4.42e-04
2.13587e+00 4.42e-04
2.13647e+00 4.41e-04
2.13707e+00 4.40e-04
2.13768e+00 4.39e-04
2.13828e+00 4.39e-04
2.13888e+00 4.38e-04
2.13948e+00 4.37e-04
2.14009e+00 4.36e-04
2.14070e+00 4.36e-04
2.14130e+00 4.35e-04
2.14191e+00 4.34e-04
2.14253e+00 4.33e-04
2.14314e+00 4.33e-04
2.14375e+00 4.32e-04
2.14437e+00 4.31e-04
2.14498e+00 4.30e-04
2.14560e+00 4.30e-04
2.14622e+00 4.29e-04
2.14684e+00 4.28e-04
2.14747e+00 4.27e-04
2.14809e+00 4.27e-04
2.14872e+00 4.26e-04
2.14934e+00 4.25e-04
2.14997e+00 4.24e-04
2.15060e+00 4.24e-04
2.15123e+00 4.23e-04
2.15187e+00 4.22e-04
2.15249e+00 4.21e-04
2.15313e+00 4.21e-04
2.15377e+00 4.20e-04
2.15441e+00 4.19e-04
2.15505e+00 4.18e-04
2.15568e+00 4.18e-04
2.15633e+00 4.17e-04
2.15697e+00 4.16e-04
2.15762e+00 4.16e-04
2.15826e+00 4.15e-04
2.15891e+00 4.14e-04
2.15957e+00 4.13e-04
2.16021e+00 4.13e-04
2.16087e+00 4.12e-04
2.16153e+00 4.11e-04
2.16218e+00 4.10e-04
2.16284e+00 4.10e-04
2.16350e+00 4.09e-04
2.16416e+00 4.08e-04
2.16483e+00 4.07e-04
2.16548e+00 4.07e-04
2.16616e+00 4.06e-04
2.16682e+00 4.05e-04
2.16749e+00 4.05e-04
2.16816e+00 4.04e-04
2.16884e+00 4.03e-04
2.16951e+00 4.02e-04
2.17018e+00 4.02e-04
2.17086e+00 4.01e-04
2.17154e+00 4.00e-04
2.17223e+00 3.99e-04
2.17291e+00 3.99e-04
2.17359e+00 3.98e-04
2.17427e+00 3.97e-04
2.17497e+00 3.96e-04
2.17566e+00 3.96e-04
2.17635e+00 3.95e-04
2.17704e+00 3.94e-04
2.17774e+00 3.93e-04
2.17844e+00 3.92e-04
2.17914e+00 3.92e-04
2.17984e+00 3.91e-04
2.18054e+00 3.90e-04
2.18125e+00 3.89e-04
2.18195e+00 3.89e-04
2.18266e+00 3.88e-04
2.18337e+00 3.87e-04
2.18408e+00 3.86e-04
2.18480e+00 3.86e-04
2.18552e+00 3.85e-04
2.18624e+00 3.84e-04
2.18696e+00 3.83e-04
2.18768e+00 3.82e-04
2.18841e+00 3.82e-04
2.18914e+00 3.81e-04
2.18986e+00 3.80e-04
2.19060e+00 3.79e-04
2.19133e+00 3.79e-04
2.19207e+00 3.78e-04
2.19280e+00 3.77e-04
2.19354e+00 3.76e-04
2.19429e+00 3.75e-04
2.19503e+00 3.75e-04
2.19578e+00 3.74e-04
2.19652e+00 3.73e-04
2.19728e+00 3.72e-04
2.19804e+00 3.71e-04
2.19879e+00 3.71e-04
2.19954e+00 3.70e-04
2.20031e+00 3.69e-04
2.20107e+00 3.68e-04
2.20184e+00 3.68e-04
2.20260e+00 3.67e-04
2.20337e+00 3.66e-04
2.20415e+00 3.65e-04
2.20492e+00 3.65e-04
2.20569e+00 3.64e-04
2.20647e+00 3.63e-04
2.20725e+00 3.62e-04
2.20804e+00 3.61e-04
2.20882e+00 3.61e-04
2.20961e+00 3.60e-04
2.21040e+00 3.59e-04
2.21120e+00 3.58e-04
2.21200e+00 3.58e-04
2.21280e+00 3.57e-04
2.21360e+00 3.56e-04
2.21441e+00 3.55e-04
2.21522e+00 3.54e-04
2.21602e+00 3.54e-04
2.21684e+00 3.53e-04
2.21766e+00 3.52e-04
2.21847e+00 3.51e-04
2.21930e+00 3.50e-04
2.22013e+00 3.50e-04
2.22095e+00 3.49e-04
2.22178e+00 3.48e-04
2.22261e+00 3.47e-04
2.22346e+00 3.46e-04
2.22429e+00 3.46e-04
2.22513e+00 3.45e-04
2.22597e+00 3.44e-04
2.22683e+00 3.43e-04
2.22768e+00 3.42e-04
2.22853e+00 3.41e-04
2.22939e+00 3.41e-04
2.23025e+00 3.40e-04
2.23111e+00 3.39e-04
2.23198e+00 3.38e-04
2.23285e+00 3.37e-04
2.23373e+00 3.37e-04
2.23461e+00 3.36e-04
2.23548e+00 3.35e-04
2.23637e+00 3.34e-04
2.23726e+00 3.33e-04
2.23815e+00 3.32e-04
2.23904e+00 3.31e-04
2.23994e+00 3.31e-04
2.24084e+00 3.30e-04
2.24175e+00 3.29e-04
2.24265e+00 3.28e-04
2.24357e+00 3.27e-04
2.24449e+00 3.27e-04
2.24540e+00 3.26e-04
2.24633e+00 3.25e-04
2.24725e+00 3.24e-04
2.24818e+00 3.23e-04
2.24912e+00 3.22e-04
2.25006e+00 3.22e-04
2.25101e+00 3.21e-04
2.25195e+00 3.20e-04
2.25290e+00 3.19e-04
2.25386e+00 3.18e-04
2.25482e+00 3.17e-04
2.25578e+00 3.17e-04
2.25675e+00 3.16e-04
2.25772e+00 3.15e-04
2.25870e+00 3.14e-04
2.25968e+00 3.13e-04
2.26067e+00 3.12e-04
2.26166e+00 3.11e-04
2.26265e+00 3.11e-04
2.26365e+00 3.10e-04
2.26465e+00 3.09e-04
2.26566e+00 3.08e-04
2.26667e+00 3.07e-04
2.26769e+00 3.06e-04
2.26871e+00 3.05e-04
2.26974e+00 3.04e-04
2.27077e+00 3.04e-04
2.27181e+00 3.03e-04
2.27285e+00 3.02e-04
2.27337e+00 3.01e-04
2.27442e+00 3.00e-04
2.27548e+00 2.99e-04
2.27654e+00 2.98e-04
2.27761e+00 2.97e-04
2.27868e+00 2.96e-04
2.27976e+00 2.95e-04
2.28084e+00 2.94e-04
2.28193e+00 2.93e-04
2.28303e+00 2.93e-04
2.28413e+00 2.92e-04
2.28523e+00 2.91e-04
2.28634e+00 2.90e-04
2.28746e+00 2.89e-04
2.28858e+00 2.88e-04
2.28971e+00 2.87e-04
2.29085e+00 2.86e-04
2.29199e+00 2.85e-04
2.29314e+00 2.84e-04
2.29429e+00 2.84e-04
2.29546e+00 2.83e-04
2.29663e+00 2.82e-04
2.29780e+00 2.81e-04
2.29898e+00 2.80e-04
2.30017e+00 2.79e-04
2.30136e+00 2.78e-04
2.30258e+00 2.77e-04
2.30378e+00 2.76e-04
2.30498e+00 2.75e-04
2.30618e+00 2.74e-04
2.30747e+00 2.73e-04
2.30867e+00 2.72e-04
2.30996e+00 2.71e-04
2.31125e+00 2.70e-04
2.31244e+00 2.70e-04
2.31372e+00 2.69e-04
2.31501e+00 2.68e-04
2.31629e+00 2.67e-04
2.31757e+00 2.66e-04
2.31895e+00 2.65e-04
2.32023e+00 2.64e-04
2.32160e+00 2.63e-04
2.32288e+00 2.62e-04
2.32425e+00 2.61e-04
2.32562e+00 2.60e-04
2.32698e+00 2.59e-04
2.32835e+00 2.58e-04
2.32971e+00 2.57e-04
2.33108e+00 2.56e-04
2.33253e+00 2.55e-04
2.33389e+00 2.54e-04
2.33534e+00 2.53e-04
2.33679e+00 2.52e-04
2.33824e+00 2.51e-04
2.33969e+00 2.50e-04
2.34113e+00 2.49e-04
2.34267e+00 2.48e-04
2.34411e+00 2.47e-04
2.34564e+00 2.46e-04
2.34718e+00 2.45e-04
2.34871e+00 2.44e-04
2.35023e+00 2.42e-04
2.35176e+00 2.41e-04
2.35337e+00 2.40e-04
2.35499e+00 2.39e-04
2.35650e+00 2.38e-04
2.35811e+00 2.37e-04
2.35982e+00 2.36e-04
2.36142e+00 2.35e-04
2.36312e+00 2.34e-04
2.36471e+00 2.33e-04
2.36640e+00 2.32e-04
2.36819e+00 2.30e-04
2.36987e+00 2.29e-04
2.37164e+00 2.28e-04
2.37332e+00 2.27e-04
2.37518e+00 2.26e-04
2.37695e+00 2.25e-04
2.37871e+00 2.24e-04
2.38056e+00 2.23e-04
2.38241e+00 2.21e-04
2.38426e+00 2.20e-04
2.38619e+00 2.19e-04
2.38812e+00 2.18e-04
2.39005e+00 2.17e-04
2.39197e+00 2.16e-04
2.39398e+00 2.14e-04
2.39598e+00 2.13e-04
2.39799e+00 2.12e-04
2.40007e+00 2.11e-04
2.40216e+00 2.09e-04
2.40424e+00 2.08e-04
2.40640e+00 2.07e-04
2.40848e+00 2.06e-04
2.41072e+00 2.04e-04
2.41296e+00 2.03e-04
2.41520e+00 2.02e-04
2.41743e+00 2.01e-04
2.41975e+00 1.99e-04
2.42214e+00 1.98e-04
2.42454e+00 1.97e-04
2.42692e+00 1.95e-04
2.42939e+00 1.94e-04
2.43063e+00 1.93e-04
2.43186e+00 1.93e-04
2.43440e+00 1.91e-04
2.43694e+00 1.90e-04
2.43956e+00 1.88e-04
2.44226e+00 1.87e-04
2.44495e+00 1.85e-04
2.44772e+00 1.84e-04
2.45057e+00 1.83e-04
2.45342e+00 1.81e-04
2.45634e+00 1.80e-04
2.45933e+00 1.78e-04
2.46241e+00 1.77e-04
2.46547e+00 1.75e-04
2.46861e+00 1.73e-04
2.47191e+00 1.72e-04
2.47519e+00 1.70e-04
2.47855e+00 1.69e-04
2.48207e+00 1.67e-04
2.48566e+00 1.65e-04
2.48923e+00 1.64e-04
2.49304e+00 1.62e-04
2.49684e+00 1.60e-04
2.50078e+00 1.58e-04
2.50487e+00 1.56e-04
2.50911e+00 1.55e-04
2.51341e+00 1.53e-04
2.51786e+00 1.51e-04
2.52252e+00 1.49e-04
2.52733e+00 1.47e-04
2.53227e+00 1.45e-04
2.53742e+00 1.43e-04
2.54286e+00 1.40e-04
2.54843e+00 1.38e-04
2.55428e+00 1.36e-04
2.56048e+00 1.34e-04
2.56695e+00 1.31e-04
2.57376e+00 1.29e-04
2.58097e+00 1.26e-04
2.58475e+00 1.25e-04
2.58867e+00 1.23e-04
2.59682e+00 1.20e-04
2.60565e+00 1.17e-04
2.61513e+00 1.14e-04
2.62554e+00 1.11e-04
2.63110e+00 1.09e-04
2.63698e+00 1.07e-04
2.64319e+00 1.05e-04
2.64971e+00 1.03e-04
2.65669e+00 1.01e-04
2.67215e+00 9.70e-05
2.68082e+00 9.46e-05
2.69029e+00 9.21e-05
2.70069e+00 8.94e-05
2.71231e+00 8.65e-05
2.72543e+00 8.34e-05
2.74065e+00 7.98e-05
2.75874e+00 7.58e-05
2.78130e+00 7.11e-05
2.81151e+00 6.52e-05
2.85859e+00 5.69e-05
2.99573e+00 3.84e-05
