# OPACITY Project tables
-2.61515e+00 6.82e-02
-2.27341e+00 2.28e-02
-2.07433e+00 1.21e-02
-1.93351e+00 7.68e-03
-1.82455e+00 5.41e-03
-1.73574e+00 4.07e-03
-1.66078e+00 3.20e-03
-1.59603e+00 2.60e-03
-1.53898e+00 2.16e-03
-1.48802e+00 1.84e-03
-1.44198e+00 1.58e-03
-1.40003e+00 1.38e-03
-1.36148e+00 1.22e-03
-1.32584e+00 1.09e-03
-1.29269e+00 9.79e-04
-1.26174e+00 8.86e-04
-1.23268e+00 8.07e-04
-1.20531e+00 7.38e-04
-1.17944e+00 6.79e-04
-1.15493e+00 6.28e-04
-1.13165e+00 5.82e-04
-1.10945e+00 5.42e-04
-1.08827e+00 5.06e-04
-1.06799e+00 4.74e-04
-1.04857e+00 4.46e-04
-1.02994e+00 4.20e-04
-1.01200e+00 3.96e-04
-9.94739e-01 3.74e-04
-9.78086e-01 3.55e-04
-9.62021e-01 3.37e-04
-9.46492e-01 3.20e-04
-9.31455e-01 3.05e-04
-9.16916e-01 2.91e-04
-9.02807e-01 2.78e-04
-8.89113e-01 2.66e-04
-8.75797e-01 2.55e-04
-8.62868e-01 2.45e-04
-8.50292e-01 2.35e-04
-8.38057e-01 2.26e-04
-8.26130e-01 2.17e-04
-8.14502e-01 2.09e-04
-8.03185e-01 2.02e-04
-7.92106e-01 1.95e-04
-7.81301e-01 1.88e-04
-7.70741e-01 1.82e-04
-7.60420e-01 1.76e-04
-7.50331e-01 1.70e-04
-7.40469e-01 1.65e-04
-7.30787e-01 1.60e-04
-7.21320e-01 1.55e-04
-7.12045e-01 1.50e-04
-7.02955e-01 1.46e-04
-6.94048e-01 1.42e-04
-6.85298e-01 1.38e-04
-6.76723e-01 1.34e-04
-6.68298e-01 1.30e-04
-6.60041e-01 1.27e-04
-6.51909e-01 1.24e-04
-6.43938e-01 1.21e-04
-6.36087e-01 1.18e-04
-6.28390e-01 1.15e-04
-6.13357e-01 1.09e-04
-5.98801e-01 1.04e-04
-5.84687e-01 9.95e-05
-5.71018e-01 9.52e-05
-5.57725e-01 9.12e-05
-5.44831e-01 8.75e-05
-5.32288e-01 8.40e-05
-5.20085e-01 8.08e-05
-5.08196e-01 7.77e-05
-4.96610e-01 7.49e-05
-4.85320e-01 7.22e-05
-4.74301e-01 6.96e-05
-4.63545e-01 6.73e-05
-4.53044e-01 6.50e-05
-4.42778e-01 6.29e-05
-4.32739e-01 6.09e-05
-4.22922e-01 5.90e-05
-4.13321e-01 5.72e-05
-4.03901e-01 5.54e-05
-3.94688e-01 5.38e-05
-3.85662e-01 5.23e-05
-3.76819e-01 5.08e-05
-3.68126e-01 4.94e-05
-3.59622e-01 4.80e-05
-3.51261e-01 4.67e-05
-3.43054e-01 4.55e-05
-3.34997e-01 4.43e-05
-3.27088e-01 4.32e-05
-3.19310e-01 4.21e-05
-3.11661e-01 4.11e-05
-3.04150e-01 4.01e-05
-2.96750e-01 3.92e-05
-2.89484e-01 3.83e-05
-2.82323e-01 3.74e-05
-2.75279e-01 3.65e-05
-2.68350e-01 3.57e-05
-2.61521e-01 3.49e-05
-2.54802e-01 3.42e-05
-2.48167e-01 3.35e-05
-2.41639e-01 3.28e-05
-2.35203e-01 3.21e-05
-2.28860e-01 3.14e-05
-2.22606e-01 3.08e-05
-2.16441e-01 3.02e-05
-2.10363e-01 2.96e-05
-2.04359e-01 2.90e-05
-1.98439e-01 2.85e-05
-1.92590e-01 2.79e-05
-1.86824e-01 2.74e-05
-1.81126e-01 2.69e-05
-1.75509e-01 2.64e-05
-1.69958e-01 2.60e-05
-1.64474e-01 2.55e-05
-1.59054e-01 2.51e-05
-1.53699e-01 2.46e-05
-1.48407e-01 2.42e-05
-1.43189e-01 2.38e-05
-1.38021e-01 2.34e-05
-1.32914e-01 2.30e-05
-1.27867e-01 2.26e-05
-1.22868e-01 2.23e-05
-1.17928e-01 2.19e-05
-1.13057e-01 2.16e-05
-1.08220e-01 2.12e-05
-1.03440e-01 2.09e-05
-9.87160e-02 2.06e-05
-9.40360e-02 2.03e-05
-8.94106e-02 2.00e-05
-8.48283e-02 1.97e-05
-8.02994e-02 1.94e-05
-7.58125e-02 1.91e-05
-7.13671e-02 1.89e-05
-6.69735e-02 1.86e-05
-6.26097e-02 1.83e-05
-5.82967e-02 1.81e-05
-5.40233e-02 1.78e-05
-4.97997e-02 1.76e-05
-4.56042e-02 1.73e-05
-4.14576e-02 1.71e-05
-3.73385e-02 1.69e-05
-3.32673e-02 1.67e-05
-2.92229e-02 1.64e-05
-2.52255e-02 1.62e-05
-2.12543e-02 1.60e-05
-1.73293e-02 1.58e-05
-1.34298e-02 1.56e-05
-9.56560e-03 1.54e-05
-5.73642e-03 1.52e-05
-1.94188e-03 1.50e-05
1.79838e-03 1.49e-05
5.58438e-03 1.47e-05
9.25702e-03 1.45e-05
1.29162e-02 1.43e-05
1.65621e-02 1.42e-05
2.01947e-02 1.40e-05
2.38142e-02 1.38e-05
2.73233e-02 1.37e-05
3.08201e-02 1.35e-05
3.43048e-02 1.34e-05
3.77774e-02 1.32e-05
4.12379e-02 1.31e-05
4.46865e-02 1.29e-05
4.80280e-02 1.28e-05
5.14533e-02 1.27e-05
5.47722e-02 1.25e-05
5.80802e-02 1.24e-05
6.13773e-02 1.23e-05
6.46635e-02 1.21e-05
6.78455e-02 1.20e-05
7.11106e-02 1.19e-05
7.42722e-02 1.17e-05
7.74239e-02 1.16e-05
8.06579e-02 1.15e-05
8.37895e-02 1.14e-05
8.68197e-02 1.13e-05
8.99321e-02 1.12e-05
9.30349e-02 1.11e-05
9.60372e-02 1.09e-05
9.90305e-02 1.08e-05
1.02015e-01 1.07e-05
1.05080e-01 1.06e-05
1.07957e-01 1.05e-05
1.10915e-01 1.04e-05
1.13864e-01 1.03e-05
1.16805e-01 1.02e-05
1.19648e-01 1.01e-05
1.22483e-01 1.00e-05
1.25398e-01 9.95e-06
1.28217e-01 9.86e-06
1.31028e-01 9.77e-06
1.33831e-01 9.68e-06
1.36539e-01 9.60e-06
1.39327e-01 9.51e-06
1.42107e-01 9.43e-06
1.44793e-01 9.34e-06
1.47471e-01 9.26e-06
1.50229e-01 9.18e-06
1.52893e-01 9.10e-06
1.55550e-01 9.02e-06
1.58200e-01 8.95e-06
1.60757e-01 8.87e-06
1.63394e-01 8.79e-06
1.66023e-01 8.72e-06
1.68561e-01 8.65e-06
1.71176e-01 8.58e-06
1.73701e-01 8.50e-06
1.76220e-01 8.43e-06
1.78732e-01 8.37e-06
1.81321e-01 8.30e-06
1.83737e-01 8.23e-06
1.86231e-01 8.16e-06
1.88718e-01 8.10e-06
1.91199e-01 8.04e-06
1.93591e-01 7.97e-06
1.96060e-01 7.91e-06
1.98441e-01 7.85e-06
2.00898e-01 7.79e-06
2.03267e-01 7.73e-06
2.05631e-01 7.67e-06
2.07989e-01 7.61e-06
2.10342e-01 7.55e-06
2.12689e-01 7.49e-06
2.15031e-01 7.44e-06
2.17286e-01 7.38e-06
2.19617e-01 7.33e-06
2.21943e-01 7.27e-06
2.24183e-01 7.22e-06
2.26418e-01 7.17e-06
2.28728e-01 7.11e-06
2.30953e-01 7.06e-06
2.33173e-01 7.01e-06
2.35388e-01 6.96e-06
2.37599e-01 6.91e-06
2.39804e-01 6.86e-06
2.42005e-01 6.81e-06
2.44200e-01 6.76e-06
2.46313e-01 6.72e-06
2.48499e-01 6.67e-06
2.50681e-01 6.62e-06
2.52780e-01 6.58e-06
2.54875e-01 6.53e-06
2.57042e-01 6.49e-06
2.59128e-01 6.44e-06
2.61210e-01 6.40e-06
2.63287e-01 6.36e-06
2.65360e-01 6.31e-06
2.67428e-01 6.27e-06
2.69493e-01 6.23e-06
2.71553e-01 6.19e-06
2.73609e-01 6.15e-06
2.75660e-01 6.11e-06
2.77632e-01 6.07e-06
2.79675e-01 6.03e-06
2.81639e-01 5.99e-06
2.83674e-01 5.95e-06
2.85630e-01 5.91e-06
2.87582e-01 5.87e-06
2.89605e-01 5.84e-06
2.91550e-01 5.80e-06
2.93490e-01 5.76e-06
2.95427e-01 5.73e-06
2.97360e-01 5.69e-06
2.99289e-01 5.65e-06
3.01215e-01 5.62e-06
3.03137e-01 5.58e-06
3.04982e-01 5.55e-06
3.06896e-01 5.52e-06
3.08807e-01 5.48e-06
3.10641e-01 5.45e-06
3.12545e-01 5.42e-06
3.14373e-01 5.38e-06
3.16270e-01 5.35e-06
3.18090e-01 5.32e-06
3.19907e-01 5.29e-06
3.21794e-01 5.26e-06
3.23604e-01 5.23e-06
3.25411e-01 5.19e-06
3.27215e-01 5.16e-06
3.29016e-01 5.13e-06
3.30813e-01 5.10e-06
3.32608e-01 5.07e-06
3.34399e-01 5.05e-06
3.36115e-01 5.02e-06
3.37900e-01 4.99e-06
3.39681e-01 4.96e-06
3.41389e-01 4.93e-06
3.43164e-01 4.90e-06
3.44936e-01 4.88e-06
3.46635e-01 4.85e-06
3.48330e-01 4.82e-06
3.50093e-01 4.79e-06
3.51783e-01 4.77e-06
3.53470e-01 4.74e-06
3.55224e-01 4.72e-06
3.56905e-01 4.69e-06
3.58583e-01 4.66e-06
3.60259e-01 4.64e-06
3.61931e-01 4.61e-06
3.63601e-01 4.59e-06
3.65268e-01 4.56e-06
3.66932e-01 4.54e-06
3.68594e-01 4.51e-06
3.70183e-01 4.49e-06
3.71839e-01 4.47e-06
3.73493e-01 4.44e-06
3.75075e-01 4.42e-06
3.76723e-01 4.40e-06
3.78299e-01 4.37e-06
3.79942e-01 4.35e-06
3.81514e-01 4.33e-06
3.83151e-01 4.31e-06
3.84718e-01 4.28e-06
3.86282e-01 4.26e-06
3.87912e-01 4.24e-06
3.89471e-01 4.22e-06
3.91028e-01 4.20e-06
3.92582e-01 4.18e-06
3.94134e-01 4.15e-06
3.95684e-01 4.13e-06
3.97231e-01 4.11e-06
3.98776e-01 4.09e-06
4.00319e-01 4.07e-06
4.01859e-01 4.05e-06
4.03396e-01 4.03e-06
4.04932e-01 4.01e-06
4.06465e-01 3.99e-06
4.07929e-01 3.97e-06
4.09457e-01 3.95e-06
4.10983e-01 3.93e-06
4.12441e-01 3.91e-06
4.13962e-01 3.90e-06
4.15415e-01 3.88e-06
4.16932e-01 3.86e-06
4.18381e-01 3.84e-06
4.19828e-01 3.82e-06
4.21338e-01 3.80e-06
4.22781e-01 3.79e-06
4.24221e-01 3.77e-06
4.25725e-01 3.75e-06
4.27161e-01 3.73e-06
4.28596e-01 3.72e-06
4.30028e-01 3.70e-06
4.31458e-01 3.68e-06
4.32886e-01 3.66e-06
4.34312e-01 3.65e-06
4.35736e-01 3.63e-06
4.37158e-01 3.61e-06
4.38577e-01 3.60e-06
4.39995e-01 3.58e-06
4.41411e-01 3.56e-06
4.42761e-01 3.55e-06
4.44173e-01 3.53e-06
4.45583e-01 3.52e-06
4.46927e-01 3.50e-06
4.48333e-01 3.48e-06
4.49737e-01 3.47e-06
4.51076e-01 3.45e-06
4.52476e-01 3.44e-06
4.53811e-01 3.42e-06
4.55207e-01 3.41e-06
4.56538e-01 3.39e-06
4.57931e-01 3.38e-06
4.59259e-01 3.36e-06
4.60584e-01 3.35e-06
4.61971e-01 3.33e-06
4.63294e-01 3.32e-06
4.64614e-01 3.31e-06
4.65933e-01 3.29e-06
4.67250e-01 3.28e-06
4.68565e-01 3.26e-06
4.69941e-01 3.25e-06
4.71253e-01 3.23e-06
4.72563e-01 3.22e-06
4.73871e-01 3.21e-06
4.75178e-01 3.19e-06
4.76420e-01 3.18e-06
4.77724e-01 3.17e-06
4.79025e-01 3.15e-06
4.80325e-01 3.14e-06
4.81623e-01 3.13e-06
4.82920e-01 3.11e-06
4.84153e-01 3.10e-06
4.85446e-01 3.09e-06
4.86738e-01 3.08e-06
4.87966e-01 3.06e-06
4.89255e-01 3.05e-06
4.90480e-01 3.04e-06
4.91765e-01 3.03e-06
4.93049e-01 3.01e-06
4.94269e-01 3.00e-06
4.95489e-01 2.99e-06
4.96767e-01 2.98e-06
4.97984e-01 2.97e-06
4.99259e-01 2.95e-06
5.00472e-01 2.94e-06
5.01684e-01 2.93e-06
5.02955e-01 2.92e-06
5.04163e-01 2.91e-06
5.05371e-01 2.90e-06
5.06577e-01 2.88e-06
5.07781e-01 2.87e-06
5.09044e-01 2.86e-06
5.10245e-01 2.85e-06
5.11445e-01 2.84e-06
5.12644e-01 2.83e-06
5.13841e-01 2.82e-06
5.15037e-01 2.81e-06
5.16231e-01 2.80e-06
5.17424e-01 2.78e-06
5.18615e-01 2.77e-06
5.19746e-01 2.76e-06
5.20934e-01 2.75e-06
5.22122e-01 2.74e-06
5.23307e-01 2.73e-06
5.24492e-01 2.72e-06
5.25616e-01 2.71e-06
5.26797e-01 2.70e-06
5.27978e-01 2.69e-06
5.29157e-01 2.68e-06
5.30275e-01 2.67e-06
5.31451e-01 2.66e-06
5.32568e-01 2.65e-06
5.33741e-01 2.64e-06
5.34855e-01 2.63e-06
5.36025e-01 2.62e-06
5.37136e-01 2.61e-06
5.38305e-01 2.60e-06
5.39413e-01 2.59e-06
5.40579e-01 2.58e-06
5.41685e-01 2.57e-06
5.42789e-01 2.56e-06
5.43951e-01 2.55e-06
5.45053e-01 2.55e-06
5.46154e-01 2.54e-06
5.47312e-01 2.53e-06
5.48410e-01 2.52e-06
5.49508e-01 2.51e-06
5.50604e-01 2.50e-06
5.51699e-01 2.49e-06
5.52850e-01 2.48e-06
5.53943e-01 2.47e-06
5.55034e-01 2.46e-06
5.56124e-01 2.46e-06
5.57213e-01 2.45e-06
5.58301e-01 2.44e-06
5.59387e-01 2.43e-06
5.60473e-01 2.42e-06
5.61557e-01 2.41e-06
5.62640e-01 2.40e-06
5.63722e-01 2.40e-06
5.64745e-01 2.39e-06
5.65825e-01 2.38e-06
5.66903e-01 2.37e-06
5.67981e-01 2.36e-06
5.69057e-01 2.36e-06
5.70075e-01 2.35e-06
5.71149e-01 2.34e-06
5.72222e-01 2.33e-06
5.73293e-01 2.32e-06
5.74307e-01 2.32e-06
5.75377e-01 2.31e-06
5.76445e-01 2.30e-06
5.77456e-01 2.29e-06
5.78522e-01 2.28e-06
5.79530e-01 2.28e-06
5.80594e-01 2.27e-06
5.81601e-01 2.26e-06
5.82662e-01 2.25e-06
5.83667e-01 2.25e-06
5.84726e-01 2.24e-06
5.85729e-01 2.23e-06
5.86786e-01 2.22e-06
5.87787e-01 2.22e-06
5.88786e-01 2.21e-06
5.89840e-01 2.20e-06
5.90838e-01 2.19e-06
5.91834e-01 2.19e-06
5.92885e-01 2.18e-06
5.93879e-01 2.17e-06
5.94873e-01 2.17e-06
5.95865e-01 2.16e-06
5.96857e-01 2.15e-06
5.97902e-01 2.15e-06
5.98891e-01 2.14e-06
5.99880e-01 2.13e-06
6.00867e-01 2.12e-06
6.01854e-01 2.12e-06
6.02839e-01 2.11e-06
6.03824e-01 2.10e-06
6.04808e-01 2.10e-06
6.05790e-01 2.09e-06
6.06772e-01 2.08e-06
6.07753e-01 2.08e-06
6.08732e-01 2.07e-06
6.09711e-01 2.06e-06
6.10689e-01 2.06e-06
6.11666e-01 2.05e-06
6.12642e-01 2.04e-06
6.13617e-01 2.04e-06
6.14591e-01 2.03e-06
6.15510e-01 2.03e-06
6.16482e-01 2.02e-06
6.17453e-01 2.01e-06
6.18424e-01 2.01e-06
6.19339e-01 2.00e-06
6.20308e-01 1.99e-06
6.21275e-01 1.99e-06
6.22242e-01 1.98e-06
6.23154e-01 1.98e-06
6.24119e-01 1.97e-06
6.25082e-01 1.96e-06
6.25992e-01 1.96e-06
6.26954e-01 1.95e-06
6.27862e-01 1.95e-06
6.28822e-01 1.94e-06
6.29728e-01 1.93e-06
6.30686e-01 1.93e-06
6.31591e-01 1.92e-06
6.32548e-01 1.92e-06
6.33450e-01 1.91e-06
6.34405e-01 1.91e-06
6.35306e-01 1.90e-06
6.36259e-01 1.89e-06
6.37159e-01 1.89e-06
6.38110e-01 1.88e-06
6.39008e-01 1.88e-06
6.39905e-01 1.87e-06
6.40853e-01 1.87e-06
6.41749e-01 1.86e-06
6.42643e-01 1.86e-06
6.43537e-01 1.85e-06
6.44482e-01 1.84e-06
6.45374e-01 1.84e-06
6.46265e-01 1.83e-06
6.47156e-01 1.83e-06
6.48098e-01 1.82e-06
6.48986e-01 1.82e-06
6.49874e-01 1.81e-06
6.50761e-01 1.81e-06
6.51648e-01 1.80e-06
6.52533e-01 1.80e-06
6.53418e-01 1.79e-06
6.54302e-01 1.79e-06
6.55186e-01 1.78e-06
6.56120e-01 1.78e-06
6.57002e-01 1.77e-06
6.57883e-01 1.77e-06
6.58763e-01 1.76e-06
6.59642e-01 1.76e-06
6.60469e-01 1.75e-06
6.61347e-01 1.75e-06
6.62224e-01 1.74e-06
6.63100e-01 1.74e-06
6.63976e-01 1.73e-06
6.64851e-01 1.73e-06
6.65725e-01 1.72e-06
6.66598e-01 1.72e-06
6.67470e-01 1.71e-06
6.68291e-01 1.71e-06
6.69162e-01 1.70e-06
6.70032e-01 1.70e-06
6.70902e-01 1.69e-06
6.71719e-01 1.69e-06
6.72587e-01 1.68e-06
6.73455e-01 1.68e-06
6.74321e-01 1.68e-06
6.75136e-01 1.67e-06
6.76001e-01 1.67e-06
6.76865e-01 1.66e-06
6.77678e-01 1.66e-06
6.78541e-01 1.65e-06
6.79403e-01 1.65e-06
6.80214e-01 1.64e-06
6.81075e-01 1.64e-06
6.81884e-01 1.63e-06
6.82743e-01 1.63e-06
6.83551e-01 1.63e-06
6.84409e-01 1.62e-06
6.85266e-01 1.62e-06
6.86072e-01 1.61e-06
6.86878e-01 1.61e-06
6.87733e-01 1.60e-06
6.88537e-01 1.60e-06
6.89390e-01 1.60e-06
6.90193e-01 1.59e-06
6.91045e-01 1.59e-06
6.91846e-01 1.58e-06
6.92647e-01 1.58e-06
6.93497e-01 1.57e-06
6.94297e-01 1.57e-06
6.95145e-01 1.57e-06
6.95943e-01 1.56e-06
6.96741e-01 1.56e-06
6.97538e-01 1.55e-06
6.98383e-01 1.55e-06
6.99179e-01 1.55e-06
6.99974e-01 1.54e-06
7.00818e-01 1.54e-06
7.01611e-01 1.53e-06
7.02404e-01 1.53e-06
7.03197e-01 1.53e-06
7.03988e-01 1.52e-06
7.04829e-01 1.52e-06
7.05619e-01 1.51e-06
7.06409e-01 1.51e-06
7.07198e-01 1.51e-06
7.07987e-01 1.50e-06
7.08774e-01 1.50e-06
7.09562e-01 1.49e-06
7.10348e-01 1.49e-06
7.11134e-01 1.49e-06
7.11920e-01 1.48e-06
7.12754e-01 1.48e-06
7.13538e-01 1.48e-06
7.14321e-01 1.47e-06
7.15104e-01 1.47e-06
7.15887e-01 1.46e-06
7.16668e-01 1.46e-06
7.17401e-01 1.46e-06
7.18181e-01 1.45e-06
7.18961e-01 1.45e-06
7.19740e-01 1.45e-06
7.20519e-01 1.44e-06
7.21297e-01 1.44e-06
7.22075e-01 1.44e-06
7.22852e-01 1.43e-06
7.23628e-01 1.43e-06
7.24404e-01 1.42e-06
7.25130e-01 1.42e-06
7.25905e-01 1.42e-06
7.26679e-01 1.41e-06
7.27452e-01 1.41e-06
7.28225e-01 1.41e-06
7.28949e-01 1.40e-06
7.29720e-01 1.40e-06
7.30491e-01 1.40e-06
7.31262e-01 1.39e-06
7.31983e-01 1.39e-06
7.32752e-01 1.39e-06
7.33521e-01 1.38e-06
7.34241e-01 1.38e-06
7.35009e-01 1.38e-06
7.35776e-01 1.37e-06
7.36494e-01 1.37e-06
7.37260e-01 1.37e-06
7.38025e-01 1.36e-06
7.38742e-01 1.36e-06
7.39506e-01 1.36e-06
7.40222e-01 1.35e-06
7.40985e-01 1.35e-06
7.41747e-01 1.35e-06
7.42461e-01 1.34e-06
7.43222e-01 1.34e-06
7.43935e-01 1.34e-06
7.44695e-01 1.33e-06
7.45408e-01 1.33e-06
7.46166e-01 1.33e-06
7.46878e-01 1.32e-06
7.47635e-01 1.32e-06
7.48345e-01 1.32e-06
7.49102e-01 1.32e-06
7.49811e-01 1.31e-06
7.50567e-01 1.31e-06
7.51275e-01 1.31e-06
7.51982e-01 1.30e-06
7.52736e-01 1.30e-06
7.53442e-01 1.30e-06
7.54148e-01 1.29e-06
7.54901e-01 1.29e-06
7.55605e-01 1.29e-06
7.56357e-01 1.29e-06
7.57061e-01 1.28e-06
7.57764e-01 1.28e-06
7.58467e-01 1.28e-06
7.59216e-01 1.27e-06
7.59918e-01 1.27e-06
7.60619e-01 1.27e-06
7.61366e-01 1.26e-06
7.62067e-01 1.26e-06
7.62767e-01 1.26e-06
7.63466e-01 1.26e-06
7.64211e-01 1.25e-06
7.64910e-01 1.25e-06
7.65607e-01 1.25e-06
7.66305e-01 1.24e-06
7.67002e-01 1.24e-06
7.67698e-01 1.24e-06
7.68440e-01 1.24e-06
7.69136e-01 1.23e-06
7.69830e-01 1.23e-06
7.70525e-01 1.23e-06
7.71219e-01 1.23e-06
7.71912e-01 1.22e-06
7.72605e-01 1.22e-06
7.73298e-01 1.22e-06
7.73990e-01 1.21e-06
7.74681e-01 1.21e-06
7.75418e-01 1.21e-06
7.76109e-01 1.21e-06
7.76799e-01 1.20e-06
7.77488e-01 1.20e-06
7.78177e-01 1.20e-06
7.78866e-01 1.20e-06
7.79554e-01 1.19e-06
7.80242e-01 1.19e-06
7.80929e-01 1.19e-06
7.81570e-01 1.18e-06
7.82256e-01 1.18e-06
7.82942e-01 1.18e-06
7.83628e-01 1.18e-06
7.84312e-01 1.17e-06
7.84997e-01 1.17e-06
7.85681e-01 1.17e-06
7.86364e-01 1.17e-06
7.87047e-01 1.16e-06
7.87730e-01 1.16e-06
7.88366e-01 1.16e-06
7.89048e-01 1.16e-06
7.89729e-01 1.15e-06
7.90410e-01 1.15e-06
7.91090e-01 1.15e-06
7.91770e-01 1.15e-06
7.92404e-01 1.14e-06
7.93083e-01 1.14e-06
7.93761e-01 1.14e-06
7.94439e-01 1.14e-06
7.95117e-01 1.13e-06
7.95749e-01 1.13e-06
7.96426e-01 1.13e-06
7.97102e-01 1.13e-06
7.97732e-01 1.12e-06
7.98408e-01 1.12e-06
7.99083e-01 1.12e-06
7.99757e-01 1.12e-06
8.00386e-01 1.12e-06
8.01059e-01 1.11e-06
8.01732e-01 1.11e-06
8.02360e-01 1.11e-06
8.03032e-01 1.11e-06
8.03704e-01 1.10e-06
8.04331e-01 1.10e-06
8.05002e-01 1.10e-06
8.05627e-01 1.10e-06
8.06297e-01 1.09e-06
8.06967e-01 1.09e-06
8.07591e-01 1.09e-06
8.08260e-01 1.09e-06
8.08884e-01 1.09e-06
8.09551e-01 1.08e-06
8.10174e-01 1.08e-06
8.10841e-01 1.08e-06
8.11463e-01 1.08e-06
8.12129e-01 1.07e-06
8.12751e-01 1.07e-06
8.13416e-01 1.07e-06
8.14036e-01 1.07e-06
8.14701e-01 1.07e-06
8.15321e-01 1.06e-06
8.15984e-01 1.06e-06
8.16603e-01 1.06e-06
8.17266e-01 1.06e-06
8.17884e-01 1.05e-06
8.18546e-01 1.05e-06
8.19163e-01 1.05e-06
8.19824e-01 1.05e-06
8.20440e-01 1.05e-06
8.21057e-01 1.04e-06
8.21716e-01 1.04e-06
8.22332e-01 1.04e-06
8.22947e-01 1.04e-06
8.23605e-01 1.04e-06
8.24219e-01 1.03e-06
8.24833e-01 1.03e-06
8.25490e-01 1.03e-06
8.26103e-01 1.03e-06
8.26716e-01 1.02e-06
8.27372e-01 1.02e-06
8.43075e-01 9.72e-07
8.58323e-01 9.26e-07
8.73717e-01 8.81e-07
8.89248e-01 8.39e-07
9.04866e-01 7.98e-07
9.20562e-01 7.59e-07
9.36329e-01 7.22e-07
9.52160e-01 6.86e-07
9.68048e-01 6.52e-07
9.83987e-01 6.20e-07
9.99933e-01 5.90e-07
1.01592e+00 5.61e-07
1.03190e+00 5.33e-07
1.04792e+00 5.07e-07
1.06392e+00 4.82e-07
1.07991e+00 4.58e-07
1.09631e+00 4.36e-07
1.11268e+00 4.14e-07
1.12904e+00 3.93e-07
1.14537e+00 3.74e-07
1.16206e+00 3.55e-07
1.17869e+00 3.37e-07
1.19565e+00 3.20e-07
1.21254e+00 3.04e-07
1.22944e+00 2.89e-07
1.24660e+00 2.74e-07
1.26373e+00 2.60e-07
1.28116e+00 2.47e-07
1.29853e+00 2.35e-07
1.31619e+00 2.23e-07
1.33416e+00 2.11e-07
1.35207e+00 2.00e-07
1.37029e+00 1.90e-07
1.38849e+00 1.80e-07
1.40700e+00 1.71e-07
1.42580e+00 1.62e-07
1.44492e+00 1.53e-07
1.46409e+00 1.45e-07
1.48360e+00 1.38e-07
1.50345e+00 1.30e-07
1.52371e+00 1.23e-07
1.54434e+00 1.17e-07
1.56517e+00 1.11e-07
1.58646e+00 1.05e-07
1.60826e+00 9.89e-08
1.63061e+00 9.35e-08
1.65357e+00 8.84e-08
1.67723e+00 8.35e-08
1.70165e+00 7.88e-08
1.72694e+00 7.43e-08
1.75323e+00 7.01e-08
1.78065e+00 6.60e-08
1.80970e+00 6.21e-08
1.84034e+00 5.83e-08
1.87325e+00 5.47e-08
1.90891e+00 5.12e-08
1.94876e+00 4.78e-08
1.99492e+00 4.43e-08
2.05412e+00 4.06e-08
2.22054e+00 3.34e-08
2.26922e+00 3.19e-08
2.31125e+00 3.08e-08
2.34871e+00 3.00e-08
2.38241e+00 2.93e-08
2.41296e+00 2.88e-08
2.43956e+00 2.83e-08
2.46241e+00 2.80e-08
2.48207e+00 2.77e-08
2.49684e+00 2.75e-08
2.50911e+00 2.74e-08
2.51786e+00 2.73e-08
2.52252e+00 2.72e-08
2.52733e+00 2.72e-08
2.53227e+00 2.71e-08
2.53742e+00 2.70e-08
2.54286e+00 2.70e-08
2.54843e+00 2.69e-08
2.55428e+00 2.69e-08
2.56048e+00 2.68e-08
2.56695e+00 2.67e-08
2.57376e+00 2.67e-08
2.58097e+00 2.66e-08
2.58867e+00 2.65e-08
2.59682e+00 2.64e-08
2.60565e+00 2.64e-08
2.61513e+00 2.63e-08
2.62554e+00 2.62e-08
2.63698e+00 2.61e-08
2.64971e+00 2.60e-08
2.66410e+00 2.59e-08
2.68082e+00 2.58e-08
2.70069e+00 2.56e-08
2.72543e+00 2.55e-08
2.75874e+00 2.53e-08
2.78130e+00 2.52e-08
2.81151e+00 2.50e-08
2.85859e+00 2.49e-08
2.99573e+00 2.44e-08
