# OPACITY Project tables
-2.61515e+00 8.19e-01
-2.27341e+00 2.83e-01
-2.07433e+00 1.52e-01
-1.93351e+00 9.84e-02
-1.82455e+00 7.02e-02
-1.73574e+00 5.57e-02
-1.66078e+00 4.90e-02
-1.59603e+00 3.59e-02
-1.53898e+00 2.95e-02
-1.48802e+00 2.50e-02
-1.44198e+00 2.17e-02
-1.40003e+00 1.90e-02
-1.36148e+00 1.69e-02
-1.32584e+00 1.51e-02
-1.29269e+00 1.36e-02
-1.26174e+00 1.24e-02
-1.23268e+00 1.13e-02
-1.20531e+00 1.05e-02
-1.17944e+00 9.64e-03
-1.15493e+00 8.94e-03
-1.13165e+00 9.62e-03
-1.10945e+00 8.99e-03
-1.08827e+00 8.28e-03
-1.06799e+00 7.79e-03
-1.04857e+00 7.35e-03
-1.02994e+00 6.95e-03
-1.01200e+00 6.61e-03
-9.94739e-01 6.30e-03
-9.78086e-01 6.06e-03
-9.62021e-01 5.93e-03
-9.46492e-01 5.88e-03
-9.31455e-01 5.61e-03
-9.16916e-01 5.36e-03
-9.02807e-01 5.34e-03
-8.89113e-01 5.62e-03
-8.75797e-01 5.58e-03
-8.62868e-01 4.92e-03
-8.50292e-01 4.45e-03
-8.38057e-01 4.17e-03
-8.26130e-01 3.99e-03
-8.03185e-01 3.74e-03
-7.92106e-01 3.57e-03
-7.81301e-01 3.41e-03
-7.70741e-01 3.28e-03
-7.60420e-01 3.17e-03
-7.50331e-01 3.07e-03
-7.40469e-01 2.98e-03
-7.30787e-01 2.91e-03
-7.21320e-01 2.86e-03
-7.12045e-01 2.83e-03
-7.02955e-01 2.83e-03
-6.94048e-01 2.87e-03
-6.85298e-01 2.95e-03
-6.76723e-01 3.12e-03
-6.68298e-01 3.46e-03
-6.60041e-01 4.15e-03
-6.51909e-01 4.97e-03
-6.43938e-01 6.31e-03
-6.36087e-01 9.11e-03
-6.28390e-01 1.23e-02
-6.20808e-01 3.66e-02
-6.13357e-01 2.14e-02
-6.06016e-01 1.07e-02
-5.98801e-01 7.52e-03
-5.91692e-01 5.43e-03
-5.84687e-01 4.35e-03
-5.77803e-01 3.50e-03
-5.71018e-01 2.85e-03
-5.64314e-01 2.47e-03
-5.57725e-01 2.23e-03
-5.51231e-01 2.06e-03
-5.44831e-01 1.93e-03
-5.38505e-01 1.82e-03
-5.32288e-01 1.74e-03
-5.26142e-01 1.68e-03
-5.20085e-01 1.63e-03
-5.14098e-01 1.59e-03
-5.08196e-01 1.55e-03
-5.02362e-01 1.52e-03
-4.96610e-01 1.49e-03
-4.90925e-01 1.46e-03
-4.85320e-01 1.43e-03
-4.74301e-01 1.39e-03
-4.63545e-01 1.34e-03
-4.58265e-01 1.31e-03
-4.53044e-01 1.29e-03
-4.47882e-01 1.27e-03
-4.42778e-01 1.26e-03
-4.37730e-01 1.25e-03
-4.32739e-01 1.23e-03
-4.27803e-01 1.22e-03
-4.18095e-01 1.18e-03
-4.08585e-01 1.14e-03
-4.03901e-01 1.13e-03
-3.99284e-01 1.12e-03
-3.94688e-01 1.11e-03
-3.90158e-01 1.09e-03
-3.85662e-01 1.07e-03
-3.81216e-01 1.07e-03
-3.76819e-01 1.07e-03
-3.72456e-01 1.05e-03
-3.68126e-01 1.04e-03
-3.63858e-01 1.04e-03
-3.59622e-01 1.03e-03
-3.55419e-01 1.03e-03
-3.51261e-01 1.04e-03
-3.47135e-01 1.05e-03
-3.43054e-01 1.10e-03
-3.39003e-01 1.11e-03
-3.34997e-01 1.11e-03
-3.31021e-01 1.10e-03
-3.27088e-01 1.09e-03
-3.23185e-01 1.07e-03
-3.19310e-01 1.56e-03
-3.15464e-01 1.56e-03
-3.11661e-01 1.56e-03
-3.07885e-01 1.56e-03
-3.04150e-01 1.56e-03
-3.00430e-01 1.54e-03
-2.96750e-01 1.50e-03
-2.93097e-01 1.48e-03
-2.89484e-01 1.44e-03
-2.85884e-01 1.41e-03
-2.82323e-01 1.38e-03
-2.78788e-01 1.36e-03
-2.75279e-01 1.35e-03
-2.71796e-01 1.33e-03
-2.68350e-01 1.32e-03
-2.64917e-01 1.31e-03
-2.58149e-01 1.28e-03
-2.51466e-01 1.26e-03
-2.44891e-01 1.24e-03
-2.38409e-01 1.22e-03
-2.32020e-01 1.20e-03
-2.25722e-01 1.19e-03
-2.19513e-01 1.17e-03
-2.13391e-01 1.15e-03
-2.07344e-01 1.13e-03
-2.01382e-01 1.11e-03
-1.95504e-01 1.10e-03
-1.89697e-01 1.08e-03
-1.83971e-01 1.06e-03
-1.78314e-01 1.04e-03
-1.72724e-01 1.03e-03
-1.67200e-01 1.01e-03
-1.61755e-01 9.96e-04
-1.56373e-01 9.80e-04
-1.51044e-01 9.65e-04
-1.45789e-01 9.51e-04
-1.40596e-01 9.36e-04
-1.35453e-01 9.23e-04
-1.32914e-01 9.15e-04
-1.27867e-01 9.02e-04
-1.22868e-01 8.89e-04
-1.17928e-01 8.76e-04
-1.13057e-01 8.63e-04
-1.08220e-01 8.51e-04
-1.03440e-01 8.39e-04
-9.87160e-02 8.28e-04
-9.40360e-02 8.17e-04
-8.94106e-02 8.06e-04
-8.48283e-02 7.95e-04
-8.02994e-02 7.85e-04
-7.58125e-02 7.75e-04
-7.13671e-02 7.65e-04
-6.69735e-02 7.55e-04
-6.26097e-02 7.45e-04
-5.82967e-02 7.36e-04
-5.40233e-02 7.27e-04
-4.97997e-02 7.18e-04
-4.56042e-02 7.09e-04
-4.14576e-02 7.00e-04
-3.73385e-02 6.92e-04
-3.32673e-02 6.84e-04
-2.92229e-02 6.76e-04
-2.52255e-02 6.68e-04
-2.12543e-02 6.60e-04
-1.73293e-02 6.53e-04
-1.34298e-02 6.45e-04
-9.56560e-03 6.38e-04
-5.73642e-03 6.31e-04
-1.94188e-03 6.24e-04
1.79838e-03 6.17e-04
5.58438e-03 6.10e-04
9.25702e-03 6.04e-04
1.29162e-02 5.97e-04
1.65621e-02 5.91e-04
2.01947e-02 5.85e-04
2.38142e-02 5.79e-04
2.73233e-02 5.73e-04
3.08201e-02 5.67e-04
3.43048e-02 5.61e-04
3.77774e-02 5.55e-04
4.12379e-02 5.50e-04
4.46865e-02 5.44e-04
4.80280e-02 5.39e-04
5.14533e-02 5.34e-04
5.47722e-02 5.29e-04
5.80802e-02 5.23e-04
6.13773e-02 5.18e-04
6.46635e-02 5.14e-04
6.78455e-02 5.09e-04
7.11106e-02 5.04e-04
7.42722e-02 4.99e-04
7.74239e-02 4.95e-04
8.06579e-02 4.90e-04
8.37895e-02 4.86e-04
8.68197e-02 4.81e-04
8.99321e-02 4.77e-04
9.30349e-02 4.73e-04
9.60372e-02 4.69e-04
9.90305e-02 4.65e-04
1.02015e-01 4.61e-04
1.05080e-01 4.57e-04
1.07957e-01 4.53e-04
1.10915e-01 4.49e-04
1.13864e-01 4.45e-04
1.16805e-01 4.41e-04
1.19648e-01 4.37e-04
1.22483e-01 4.34e-04
1.25398e-01 4.30e-04
1.28217e-01 4.27e-04
1.31028e-01 4.23e-04
1.33831e-01 4.20e-04
1.36539e-01 4.16e-04
1.39327e-01 4.13e-04
1.42107e-01 4.10e-04
1.44793e-01 4.06e-04
1.47471e-01 4.03e-04
1.50229e-01 4.00e-04
1.52893e-01 3.97e-04
1.55550e-01 3.94e-04
1.58200e-01 3.91e-04
1.60757e-01 3.88e-04
1.63394e-01 3.85e-04
1.66023e-01 3.82e-04
1.68561e-01 3.79e-04
1.71176e-01 3.76e-04
1.73701e-01 3.74e-04
1.76220e-01 3.71e-04
1.78732e-01 3.68e-04
1.81321e-01 3.65e-04
1.83737e-01 3.63e-04
1.86231e-01 3.60e-04
1.88718e-01 3.57e-04
1.91199e-01 3.55e-04
1.93591e-01 3.52e-04
1.96060e-01 3.50e-04
1.98441e-01 3.47e-04
2.00898e-01 3.45e-04
2.03267e-01 3.43e-04
2.05631e-01 3.40e-04
2.07989e-01 3.38e-04
2.10342e-01 3.36e-04
2.12689e-01 3.33e-04
2.15031e-01 3.31e-04
2.17286e-01 3.29e-04
2.19617e-01 3.27e-04
2.21943e-01 3.25e-04
2.24183e-01 3.22e-04
2.26418e-01 3.20e-04
2.28728e-01 3.18e-04
2.30953e-01 3.16e-04
2.33173e-01 3.14e-04
2.35388e-01 3.12e-04
2.37599e-01 3.10e-04
2.39804e-01 3.08e-04
2.42005e-01 3.06e-04
2.44200e-01 3.04e-04
2.46313e-01 3.02e-04
2.48499e-01 3.00e-04
2.50681e-01 2.98e-04
2.52780e-01 2.97e-04
2.54875e-01 2.95e-04
2.57042e-01 2.93e-04
2.59128e-01 2.91e-04
2.61210e-01 2.89e-04
2.63287e-01 2.88e-04
2.65360e-01 2.86e-04
2.67428e-01 2.84e-04
2.69493e-01 2.82e-04
2.71553e-01 2.81e-04
2.73609e-01 2.79e-04
2.75660e-01 2.77e-04
2.77632e-01 2.76e-04
2.79675e-01 2.74e-04
2.81639e-01 2.73e-04
2.83674e-01 2.71e-04
2.85630e-01 2.69e-04
2.87582e-01 2.68e-04
2.89605e-01 2.66e-04
2.91550e-01 2.65e-04
2.93490e-01 2.63e-04
2.95427e-01 2.62e-04
2.97360e-01 2.60e-04
2.99289e-01 2.59e-04
3.01215e-01 2.57e-04
3.03137e-01 2.56e-04
3.04982e-01 2.55e-04
3.06896e-01 2.53e-04
3.08807e-01 2.52e-04
3.10641e-01 2.50e-04
3.12545e-01 2.49e-04
3.14373e-01 2.48e-04
3.16270e-01 2.46e-04
3.18090e-01 2.45e-04
3.19907e-01 2.44e-04
3.21794e-01 2.42e-04
3.23604e-01 2.41e-04
3.25411e-01 2.40e-04
3.27215e-01 2.39e-04
3.29016e-01 2.37e-04
3.30813e-01 2.36e-04
3.32608e-01 2.35e-04
3.34399e-01 2.34e-04
3.36115e-01 2.32e-04
3.37900e-01 2.31e-04
3.39681e-01 2.30e-04
3.41389e-01 2.29e-04
3.43164e-01 2.28e-04
3.44936e-01 2.27e-04
3.46635e-01 2.25e-04
3.48330e-01 2.24e-04
3.50093e-01 2.23e-04
3.51783e-01 2.22e-04
3.53470e-01 2.21e-04
3.55224e-01 2.20e-04
3.56905e-01 2.19e-04
3.58583e-01 2.18e-04
3.60259e-01 2.17e-04
3.61931e-01 2.16e-04
3.63601e-01 2.15e-04
3.65268e-01 2.14e-04
3.66932e-01 2.13e-04
3.68594e-01 2.11e-04
3.70183e-01 2.10e-04
3.71839e-01 2.09e-04
3.73493e-01 2.08e-04
3.75075e-01 2.07e-04
3.76723e-01 2.07e-04
3.78299e-01 2.06e-04
3.79942e-01 2.05e-04
3.81514e-01 2.04e-04
3.83151e-01 2.03e-04
3.83969e-01 2.02e-04
3.84718e-01 2.02e-04
3.86282e-01 2.01e-04
3.87912e-01 2.00e-04
3.89471e-01 1.99e-04
3.91028e-01 1.98e-04
3.92582e-01 1.97e-04
3.94134e-01 1.97e-04
3.95684e-01 1.96e-04
3.97231e-01 1.95e-04
3.98776e-01 1.94e-04
4.00319e-01 1.93e-04
4.01859e-01 1.92e-04
4.03396e-01 1.91e-04
4.04932e-01 1.90e-04
4.06465e-01 1.90e-04
4.07929e-01 1.89e-04
4.09457e-01 1.88e-04
4.10983e-01 1.87e-04
4.12441e-01 1.86e-04
4.13962e-01 1.86e-04
4.15415e-01 1.85e-04
4.16932e-01 1.84e-04
4.18381e-01 1.83e-04
4.19828e-01 1.82e-04
4.21338e-01 1.82e-04
4.22781e-01 1.81e-04
4.24221e-01 1.80e-04
4.25725e-01 1.79e-04
4.27161e-01 1.79e-04
4.28596e-01 1.78e-04
4.30028e-01 1.77e-04
4.31458e-01 1.76e-04
4.32886e-01 1.76e-04
4.34312e-01 1.75e-04
4.35736e-01 1.74e-04
4.37158e-01 1.73e-04
4.38577e-01 1.73e-04
4.39995e-01 1.72e-04
4.41411e-01 1.71e-04
4.42761e-01 1.71e-04
4.44173e-01 1.70e-04
4.45583e-01 1.69e-04
4.46927e-01 1.69e-04
4.48333e-01 1.68e-04
4.49737e-01 1.67e-04
4.51076e-01 1.67e-04
4.52476e-01 1.66e-04
4.53811e-01 1.65e-04
4.55207e-01 1.65e-04
4.56538e-01 1.64e-04
4.57931e-01 1.63e-04
4.59259e-01 1.63e-04
4.60584e-01 1.62e-04
4.61971e-01 1.61e-04
4.63294e-01 1.61e-04
4.64614e-01 1.60e-04
4.65933e-01 1.59e-04
4.67250e-01 1.59e-04
4.68565e-01 1.58e-04
4.69941e-01 1.58e-04
4.71253e-01 1.57e-04
4.72563e-01 1.56e-04
4.73871e-01 1.56e-04
4.75178e-01 1.55e-04
4.76420e-01 1.55e-04
4.77724e-01 1.54e-04
4.79025e-01 1.54e-04
4.80325e-01 1.53e-04
4.81623e-01 1.52e-04
4.82920e-01 1.52e-04
4.84153e-01 1.51e-04
4.85446e-01 1.51e-04
4.86738e-01 1.50e-04
4.87966e-01 1.50e-04
4.89255e-01 1.49e-04
4.90480e-01 1.49e-04
4.91765e-01 1.48e-04
4.93049e-01 1.47e-04
4.94269e-01 1.47e-04
4.95489e-01 1.46e-04
4.96767e-01 1.46e-04
4.97984e-01 1.45e-04
4.99259e-01 1.45e-04
5.00472e-01 1.44e-04
5.01684e-01 1.44e-04
5.02955e-01 1.43e-04
5.04163e-01 1.43e-04
5.05371e-01 1.42e-04
5.06577e-01 1.42e-04
5.07781e-01 1.41e-04
5.09044e-01 1.41e-04
5.10245e-01 1.40e-04
5.11445e-01 1.40e-04
5.12644e-01 1.39e-04
5.13841e-01 1.39e-04
5.15037e-01 1.38e-04
5.16231e-01 1.38e-04
5.17424e-01 1.37e-04
5.18615e-01 1.37e-04
5.19746e-01 1.36e-04
5.20934e-01 1.36e-04
5.22122e-01 1.36e-04
5.23307e-01 1.35e-04
5.24492e-01 1.35e-04
5.25616e-01 1.34e-04
5.26797e-01 1.34e-04
5.27978e-01 1.33e-04
5.29157e-01 1.33e-04
5.30275e-01 1.32e-04
5.31451e-01 1.32e-04
5.32568e-01 1.31e-04
5.33741e-01 1.31e-04
5.34855e-01 1.31e-04
5.36025e-01 1.30e-04
5.37136e-01 1.30e-04
5.38305e-01 1.29e-04
5.39413e-01 1.29e-04
5.40579e-01 1.28e-04
5.41685e-01 1.28e-04
5.42789e-01 1.28e-04
5.43951e-01 1.27e-04
5.45053e-01 1.27e-04
5.46154e-01 1.26e-04
5.47312e-01 1.26e-04
5.48410e-01 1.26e-04
5.49508e-01 1.25e-04
5.50604e-01 1.25e-04
5.51699e-01 1.24e-04
5.52850e-01 1.24e-04
5.53943e-01 1.24e-04
5.55034e-01 1.23e-04
5.56124e-01 1.23e-04
5.57213e-01 1.22e-04
5.58301e-01 1.22e-04
5.59387e-01 1.22e-04
5.60473e-01 1.21e-04
5.61557e-01 1.21e-04
5.62640e-01 1.21e-04
5.63722e-01 1.20e-04
5.64745e-01 1.20e-04
5.65825e-01 1.19e-04
5.66903e-01 1.19e-04
5.67981e-01 1.19e-04
5.69057e-01 1.18e-04
5.70075e-01 1.18e-04
5.71149e-01 1.18e-04
5.72222e-01 1.17e-04
5.73293e-01 1.17e-04
5.74307e-01 1.17e-04
5.75377e-01 1.16e-04
5.76445e-01 1.16e-04
5.77456e-01 1.15e-04
5.78522e-01 1.15e-04
5.79530e-01 1.15e-04
5.80594e-01 1.14e-04
5.81601e-01 1.14e-04
5.82662e-01 1.14e-04
5.83667e-01 1.13e-04
5.84726e-01 1.13e-04
5.85729e-01 1.13e-04
5.86786e-01 1.12e-04
5.87787e-01 1.12e-04
5.88786e-01 1.12e-04
5.89840e-01 1.11e-04
5.90838e-01 1.11e-04
5.91834e-01 1.11e-04
5.92885e-01 1.10e-04
5.93879e-01 1.10e-04
5.94873e-01 1.10e-04
5.95865e-01 1.10e-04
5.96857e-01 1.09e-04
5.97902e-01 1.09e-04
5.98891e-01 1.09e-04
5.99880e-01 1.08e-04
6.00867e-01 1.08e-04
6.01854e-01 1.08e-04
6.02839e-01 1.07e-04
6.03824e-01 1.07e-04
6.04808e-01 1.07e-04
6.05790e-01 1.06e-04
6.06772e-01 1.06e-04
6.07753e-01 1.06e-04
6.08732e-01 1.06e-04
6.09711e-01 1.05e-04
6.10689e-01 1.05e-04
6.11666e-01 1.05e-04
6.12642e-01 1.04e-04
6.13617e-01 1.04e-04
6.14591e-01 1.04e-04
6.15510e-01 1.04e-04
6.16482e-01 1.03e-04
6.17453e-01 1.03e-04
6.18424e-01 1.03e-04
6.19339e-01 1.02e-04
6.20308e-01 1.02e-04
6.21275e-01 1.02e-04
6.22242e-01 1.02e-04
6.23154e-01 1.01e-04
6.24119e-01 1.01e-04
6.25082e-01 1.01e-04
6.25992e-01 1.00e-04
6.26954e-01 1.00e-04
6.27862e-01 9.99e-05
6.28822e-01 9.96e-05
6.29728e-01 9.94e-05
6.30686e-01 9.91e-05
6.31591e-01 9.88e-05
6.32548e-01 9.86e-05
6.33450e-01 9.83e-05
6.34405e-01 9.81e-05
6.35306e-01 9.78e-05
6.36259e-01 9.76e-05
6.37159e-01 9.73e-05
6.38110e-01 9.70e-05
6.39008e-01 9.68e-05
6.39905e-01 9.65e-05
6.40853e-01 9.63e-05
6.41749e-01 9.60e-05
6.42643e-01 9.58e-05
6.43537e-01 9.55e-05
6.44482e-01 9.53e-05
6.45374e-01 9.51e-05
6.46265e-01 9.48e-05
6.47156e-01 9.46e-05
6.48098e-01 9.43e-05
6.48986e-01 9.41e-05
6.49874e-01 9.39e-05
6.50761e-01 9.36e-05
6.51648e-01 9.34e-05
6.52533e-01 9.31e-05
6.53418e-01 9.29e-05
6.54302e-01 9.27e-05
6.55186e-01 9.24e-05
6.56120e-01 9.22e-05
6.57002e-01 9.20e-05
6.57883e-01 9.18e-05
6.58763e-01 9.15e-05
6.59642e-01 9.13e-05
6.60469e-01 9.11e-05
6.61347e-01 9.08e-05
6.62224e-01 9.06e-05
6.63100e-01 9.04e-05
6.63976e-01 9.02e-05
6.64851e-01 9.00e-05
6.65725e-01 8.97e-05
6.66598e-01 8.95e-05
6.67470e-01 8.93e-05
6.68291e-01 8.91e-05
6.69162e-01 8.89e-05
6.70032e-01 8.87e-05
6.70902e-01 8.84e-05
6.71719e-01 8.82e-05
6.72587e-01 8.80e-05
6.73455e-01 8.78e-05
6.74321e-01 8.76e-05
6.75136e-01 8.74e-05
6.76001e-01 8.72e-05
6.76865e-01 8.70e-05
6.77678e-01 8.68e-05
6.78541e-01 8.66e-05
6.79403e-01 8.64e-05
6.80214e-01 8.61e-05
6.81075e-01 8.59e-05
6.81884e-01 8.57e-05
6.82743e-01 8.55e-05
6.83551e-01 8.53e-05
6.84409e-01 8.51e-05
6.85266e-01 8.49e-05
6.86072e-01 8.47e-05
6.86878e-01 8.46e-05
6.87733e-01 8.44e-05
6.88537e-01 8.42e-05
6.89390e-01 8.40e-05
6.90193e-01 8.38e-05
6.91045e-01 8.36e-05
6.91846e-01 8.34e-05
6.92647e-01 8.32e-05
6.93497e-01 8.30e-05
6.94297e-01 8.28e-05
6.95145e-01 8.26e-05
6.95943e-01 8.24e-05
6.96741e-01 8.23e-05
6.97538e-01 8.21e-05
6.98383e-01 8.19e-05
6.99179e-01 8.17e-05
6.99974e-01 8.15e-05
7.00818e-01 8.13e-05
7.01611e-01 8.12e-05
7.02404e-01 8.10e-05
7.03197e-01 8.08e-05
7.03988e-01 8.06e-05
7.04829e-01 8.04e-05
7.05619e-01 8.03e-05
7.06409e-01 8.01e-05
7.07198e-01 7.99e-05
7.07987e-01 7.97e-05
7.08774e-01 7.96e-05
7.09562e-01 7.94e-05
7.10348e-01 7.92e-05
7.11134e-01 7.90e-05
7.11920e-01 7.89e-05
7.12754e-01 7.87e-05
7.13538e-01 7.85e-05
7.14321e-01 7.84e-05
7.15104e-01 7.82e-05
7.15887e-01 7.80e-05
7.16668e-01 7.79e-05
7.17401e-01 7.77e-05
7.18181e-01 7.75e-05
7.18961e-01 7.74e-05
7.19740e-01 7.72e-05
7.20519e-01 7.70e-05
7.21297e-01 7.69e-05
7.22075e-01 7.67e-05
7.22852e-01 7.65e-05
7.23628e-01 7.64e-05
7.24404e-01 7.62e-05
7.25130e-01 7.61e-05
7.25905e-01 7.59e-05
7.26679e-01 7.57e-05
7.27452e-01 7.56e-05
7.28225e-01 7.54e-05
7.28949e-01 7.53e-05
7.29720e-01 7.51e-05
7.30491e-01 7.50e-05
7.31262e-01 7.48e-05
7.31983e-01 7.47e-05
7.32752e-01 7.45e-05
7.33521e-01 7.44e-05
7.34241e-01 7.42e-05
7.35009e-01 7.40e-05
7.35776e-01 7.39e-05
7.36494e-01 7.37e-05
7.37260e-01 7.36e-05
7.38025e-01 7.34e-05
7.38742e-01 7.33e-05
7.39506e-01 7.32e-05
7.40222e-01 7.30e-05
7.40985e-01 7.29e-05
7.41747e-01 7.27e-05
7.42461e-01 7.26e-05
7.43222e-01 7.24e-05
7.43935e-01 7.23e-05
7.44695e-01 7.21e-05
7.45408e-01 7.20e-05
7.46166e-01 7.19e-05
7.46878e-01 7.17e-05
7.47635e-01 7.16e-05
7.48345e-01 7.14e-05
7.49102e-01 7.13e-05
7.49811e-01 7.12e-05
7.50567e-01 7.10e-05
7.51275e-01 7.09e-05
7.51982e-01 7.07e-05
7.52736e-01 7.06e-05
7.53442e-01 7.05e-05
7.54148e-01 7.03e-05
7.54901e-01 7.02e-05
7.55605e-01 7.01e-05
7.56357e-01 6.99e-05
7.57061e-01 6.98e-05
7.57764e-01 6.97e-05
7.58467e-01 6.95e-05
7.59216e-01 6.94e-05
7.59918e-01 6.93e-05
7.60619e-01 6.91e-05
7.61366e-01 6.90e-05
7.62067e-01 6.89e-05
7.62767e-01 6.88e-05
7.63466e-01 6.86e-05
7.64211e-01 6.85e-05
7.64910e-01 6.84e-05
7.65607e-01 6.83e-05
7.66305e-01 6.81e-05
7.67002e-01 6.80e-05
7.67698e-01 6.79e-05
7.68440e-01 6.78e-05
7.69136e-01 6.76e-05
7.69830e-01 6.75e-05
7.70525e-01 6.74e-05
7.71219e-01 6.73e-05
7.71912e-01 6.71e-05
7.72605e-01 6.70e-05
7.73298e-01 6.69e-05
7.73990e-01 6.68e-05
7.74681e-01 6.67e-05
7.75418e-01 6.65e-05
7.76109e-01 6.64e-05
7.76799e-01 6.63e-05
7.77488e-01 6.62e-05
7.78177e-01 6.61e-05
7.78866e-01 6.60e-05
7.79554e-01 6.58e-05
7.80242e-01 6.57e-05
7.80929e-01 6.56e-05
7.81570e-01 6.55e-05
7.82256e-01 6.54e-05
7.82942e-01 6.53e-05
7.83628e-01 6.52e-05
7.84312e-01 6.51e-05
7.84997e-01 6.49e-05
7.85681e-01 6.48e-05
7.86364e-01 6.47e-05
7.87047e-01 6.46e-05
7.87730e-01 6.45e-05
7.88366e-01 6.44e-05
7.89048e-01 6.43e-05
7.89729e-01 6.42e-05
7.90410e-01 6.41e-05
7.91090e-01 6.40e-05
7.91770e-01 6.39e-05
7.92404e-01 6.38e-05
7.93083e-01 6.36e-05
7.93761e-01 6.35e-05
7.94439e-01 6.34e-05
7.95117e-01 6.33e-05
7.95749e-01 6.32e-05
7.96426e-01 6.31e-05
7.97102e-01 6.30e-05
7.97732e-01 6.29e-05
7.98408e-01 6.28e-05
7.99083e-01 6.27e-05
7.99757e-01 6.26e-05
8.00386e-01 6.25e-05
8.01059e-01 6.24e-05
8.01732e-01 6.23e-05
8.02360e-01 6.22e-05
8.03032e-01 6.21e-05
8.03704e-01 6.20e-05
8.04331e-01 6.20e-05
8.05002e-01 6.19e-05
8.05627e-01 6.18e-05
8.06297e-01 6.17e-05
8.06967e-01 6.16e-05
8.07591e-01 6.15e-05
8.08260e-01 6.14e-05
8.08884e-01 6.13e-05
8.09551e-01 6.12e-05
8.10174e-01 6.11e-05
8.10841e-01 6.10e-05
8.11463e-01 6.09e-05
8.12129e-01 6.08e-05
8.12751e-01 6.08e-05
8.13416e-01 6.07e-05
8.14036e-01 6.06e-05
8.14701e-01 6.05e-05
8.15321e-01 6.04e-05
8.15984e-01 6.03e-05
8.16603e-01 6.02e-05
8.17266e-01 6.01e-05
8.17884e-01 6.01e-05
8.18546e-01 6.00e-05
8.19163e-01 5.99e-05
8.19824e-01 5.98e-05
8.20440e-01 5.97e-05
8.21057e-01 5.96e-05
8.21716e-01 5.96e-05
8.22332e-01 5.95e-05
8.22947e-01 5.94e-05
8.23605e-01 5.93e-05
8.24219e-01 5.93e-05
8.24833e-01 5.92e-05
8.25490e-01 5.91e-05
8.26103e-01 5.90e-05
8.26716e-01 5.89e-05
8.27372e-01 5.89e-05
8.27984e-01 5.88e-05
8.28595e-01 5.87e-05
8.29250e-01 5.87e-05
8.29861e-01 5.86e-05
8.30471e-01 5.85e-05
8.31081e-01 5.84e-05
8.31735e-01 5.84e-05
8.32344e-01 5.83e-05
8.32953e-01 5.82e-05
8.33561e-01 5.82e-05
8.34213e-01 5.81e-05
8.34820e-01 5.80e-05
8.38805e-01 5.77e-05
8.40316e-01 5.77e-05
8.40964e-01 5.77e-05
8.41567e-01 5.78e-05
8.42472e-01 5.79e-05
8.42773e-01 5.78e-05
8.43376e-01 5.76e-05
8.43978e-01 5.74e-05
8.44580e-01 5.73e-05
8.45181e-01 5.71e-05
8.45782e-01 5.70e-05
8.46383e-01 5.70e-05
8.52115e-01 5.65e-05
8.57729e-01 5.61e-05
8.62130e-01 5.60e-05
8.66512e-01 5.60e-05
8.68822e-01 5.60e-05
8.69115e-01 5.56e-05
8.72004e-01 5.58e-05
8.73133e-01 5.59e-05
8.73717e-01 5.59e-05
8.74301e-01 5.60e-05
8.74844e-01 5.61e-05
8.75427e-01 5.62e-05
8.76010e-01 5.63e-05
8.76551e-01 5.64e-05
8.77134e-01 5.65e-05
8.77716e-01 5.66e-05
8.78257e-01 5.67e-05
8.78838e-01 5.69e-05
8.79419e-01 5.70e-05
8.79959e-01 5.72e-05
8.80539e-01 5.74e-05
8.81119e-01 5.76e-05
8.81658e-01 5.79e-05
8.82237e-01 5.82e-05
8.82775e-01 5.85e-05
8.83354e-01 5.88e-05
8.83933e-01 5.93e-05
8.84470e-01 5.97e-05
8.85048e-01 6.03e-05
8.85584e-01 6.10e-05
8.85873e-01 6.14e-05
8.86161e-01 6.18e-05
8.86450e-01 6.23e-05
8.86738e-01 6.29e-05
8.86985e-01 6.35e-05
8.87274e-01 6.42e-05
8.87562e-01 6.50e-05
8.87850e-01 6.59e-05
8.88097e-01 6.70e-05
8.88385e-01 6.83e-05
8.88673e-01 6.99e-05
8.88961e-01 7.17e-05
8.89248e-01 7.40e-05
8.89495e-01 7.68e-05
8.89782e-01 8.01e-05
8.90070e-01 8.40e-05
8.90357e-01 8.84e-05
8.90604e-01 9.29e-05
8.90891e-01 9.69e-05
8.91178e-01 9.95e-05
8.91465e-01 1.00e-04
8.91711e-01 9.96e-05
8.91998e-01 9.84e-05
8.92285e-01 9.76e-05
8.92572e-01 9.78e-05
8.92817e-01 9.94e-05
8.93104e-01 1.03e-04
8.93391e-01 1.07e-04
8.93677e-01 1.14e-04
8.93922e-01 1.21e-04
8.94209e-01 1.29e-04
8.94495e-01 1.34e-04
8.94781e-01 1.35e-04
8.95026e-01 1.32e-04
8.95312e-01 1.28e-04
8.95598e-01 1.23e-04
8.95843e-01 1.20e-04
8.96129e-01 1.19e-04
8.96415e-01 1.19e-04
8.96700e-01 1.20e-04
8.96945e-01 1.19e-04
8.97230e-01 1.16e-04
8.97516e-01 1.11e-04
8.97760e-01 1.05e-04
8.98045e-01 9.97e-05
8.98330e-01 9.48e-05
8.98615e-01 9.09e-05
8.98860e-01 8.78e-05
8.99145e-01 8.54e-05
8.99429e-01 8.36e-05
8.99673e-01 8.23e-05
8.99958e-01 8.14e-05
9.00243e-01 8.08e-05
9.00527e-01 8.04e-05
9.00771e-01 8.02e-05
9.01055e-01 8.01e-05
9.01340e-01 8.02e-05
9.01583e-01 8.05e-05
9.01867e-01 8.08e-05
9.02151e-01 8.13e-05
9.02395e-01 8.19e-05
9.02679e-01 8.25e-05
9.02962e-01 8.33e-05
9.03205e-01 8.41e-05
9.03489e-01 8.50e-05
9.03773e-01 8.61e-05
9.04056e-01 8.72e-05
9.04299e-01 8.84e-05
9.04582e-01 8.98e-05
9.04866e-01 9.12e-05
9.05108e-01 9.28e-05
9.05392e-01 9.45e-05
9.05675e-01 9.64e-05
9.05917e-01 9.84e-05
9.06200e-01 1.01e-04
9.06483e-01 1.03e-04
9.06725e-01 1.06e-04
9.07008e-01 1.09e-04
9.07290e-01 1.12e-04
9.07532e-01 1.15e-04
9.07815e-01 1.19e-04
9.08097e-01 1.23e-04
9.08339e-01 1.27e-04
9.08621e-01 1.31e-04
9.08904e-01 1.35e-04
9.09145e-01 1.40e-04
9.09427e-01 1.45e-04
9.09669e-01 1.51e-04
9.09951e-01 1.58e-04
9.10232e-01 1.66e-04
9.10474e-01 1.75e-04
9.10755e-01 1.85e-04
9.11037e-01 1.95e-04
9.11278e-01 2.07e-04
9.11560e-01 2.20e-04
9.11841e-01 2.35e-04
9.12082e-01 2.53e-04
9.12363e-01 2.74e-04
9.12644e-01 2.99e-04
9.12885e-01 3.30e-04
9.13166e-01 3.67e-04
9.13407e-01 4.12e-04
9.13687e-01 4.70e-04
9.13968e-01 5.43e-04
9.14209e-01 6.38e-04
9.14489e-01 7.66e-04
9.14770e-01 9.41e-04
9.15010e-01 1.21e-03
9.15290e-01 1.59e-03
9.15530e-01 2.18e-03
9.15811e-01 3.15e-03
9.16091e-01 4.81e-03
9.16331e-01 7.57e-03
9.16611e-01 1.10e-02
9.16851e-01 1.21e-02
9.17130e-01 9.51e-03
9.17410e-01 6.19e-03
9.17650e-01 3.96e-03
9.17929e-01 2.65e-03
9.18169e-01 1.88e-03
9.18448e-01 1.40e-03
9.18728e-01 1.09e-03
9.18967e-01 8.66e-04
9.19246e-01 7.14e-04
9.19486e-01 6.01e-04
9.19765e-01 5.16e-04
9.20044e-01 4.50e-04
9.20283e-01 3.97e-04
9.20562e-01 3.55e-04
9.20801e-01 3.20e-04
9.21079e-01 2.92e-04
9.21358e-01 2.68e-04
9.21597e-01 2.47e-04
9.21875e-01 2.29e-04
9.22114e-01 2.14e-04
9.22392e-01 2.01e-04
9.22631e-01 1.89e-04
9.22909e-01 1.79e-04
9.23187e-01 1.70e-04
9.23425e-01 1.62e-04
9.23703e-01 1.54e-04
9.23941e-01 1.48e-04
9.24219e-01 1.42e-04
9.24457e-01 1.36e-04
9.24735e-01 1.31e-04
9.25013e-01 1.27e-04
9.25250e-01 1.22e-04
9.25528e-01 1.19e-04
9.25766e-01 1.15e-04
9.26043e-01 1.12e-04
9.26281e-01 1.09e-04
9.26558e-01 1.06e-04
9.26835e-01 1.03e-04
9.27072e-01 1.01e-04
9.27349e-01 9.85e-05
9.27587e-01 9.64e-05
9.27864e-01 9.44e-05
9.28101e-01 9.25e-05
9.28377e-01 9.07e-05
9.28614e-01 8.91e-05
9.28891e-01 8.75e-05
9.29128e-01 8.61e-05
9.29404e-01 8.47e-05
9.29681e-01 8.34e-05
9.29917e-01 8.21e-05
9.30194e-01 8.10e-05
9.30430e-01 7.98e-05
9.30706e-01 7.88e-05
9.30943e-01 7.78e-05
9.31219e-01 7.68e-05
9.31455e-01 7.59e-05
9.31731e-01 7.51e-05
9.32243e-01 7.35e-05
9.32754e-01 7.20e-05
9.33266e-01 7.07e-05
9.33777e-01 6.95e-05
9.34288e-01 6.83e-05
9.34798e-01 6.73e-05
9.35309e-01 6.64e-05
9.35819e-01 6.55e-05
9.36329e-01 6.47e-05
9.36838e-01 6.39e-05
9.37347e-01 6.32e-05
9.37857e-01 6.26e-05
9.38365e-01 6.20e-05
9.38874e-01 6.14e-05
9.39382e-01 6.09e-05
9.39890e-01 6.04e-05
9.40398e-01 5.99e-05
9.40905e-01 5.95e-05
9.41413e-01 5.91e-05
9.41919e-01 5.87e-05
9.42426e-01 5.83e-05
9.42933e-01 5.80e-05
9.43439e-01 5.77e-05
9.43945e-01 5.74e-05
9.44450e-01 5.71e-05
9.44956e-01 5.69e-05
9.45422e-01 5.66e-05
9.45927e-01 5.64e-05
9.46432e-01 5.62e-05
9.46936e-01 5.60e-05
9.47441e-01 5.58e-05
9.47944e-01 5.56e-05
9.48448e-01 5.54e-05
9.48952e-01 5.52e-05
9.49455e-01 5.51e-05
9.49919e-01 5.49e-05
9.50422e-01 5.48e-05
9.50924e-01 5.47e-05
9.51426e-01 5.45e-05
9.51928e-01 5.44e-05
9.52430e-01 5.43e-05
9.52931e-01 5.42e-05
9.53394e-01 5.41e-05
9.53895e-01 5.41e-05
9.54395e-01 5.40e-05
9.54896e-01 5.39e-05
9.55396e-01 5.38e-05
9.58584e-01 5.35e-05
9.60767e-01 5.34e-05
9.63480e-01 5.34e-05
9.65881e-01 5.34e-05
9.68314e-01 5.36e-05
9.69756e-01 5.37e-05
9.70211e-01 5.38e-05
9.70703e-01 5.38e-05
9.71195e-01 5.39e-05
9.71650e-01 5.40e-05
9.72142e-01 5.40e-05
9.72633e-01 5.41e-05
9.73087e-01 5.41e-05
9.73578e-01 5.42e-05
9.74069e-01 5.43e-05
9.74522e-01 5.44e-05
9.75012e-01 5.45e-05
9.75503e-01 5.45e-05
9.75955e-01 5.46e-05
9.76445e-01 5.47e-05
9.76897e-01 5.48e-05
9.77386e-01 5.49e-05
9.77875e-01 5.50e-05
9.78326e-01 5.51e-05
9.78815e-01 5.52e-05
9.79266e-01 5.53e-05
9.79754e-01 5.55e-05
9.80242e-01 5.56e-05
9.80692e-01 5.57e-05
9.81179e-01 5.58e-05
9.81629e-01 5.59e-05
9.82116e-01 5.61e-05
9.82565e-01 5.62e-05
9.83052e-01 5.64e-05
9.83501e-01 5.65e-05
9.83987e-01 5.67e-05
9.84473e-01 5.68e-05
9.84921e-01 5.70e-05
9.85406e-01 5.71e-05
9.85854e-01 5.73e-05
9.86339e-01 5.75e-05
9.86786e-01 5.76e-05
9.87271e-01 5.78e-05
9.87718e-01 5.80e-05
9.88202e-01 5.82e-05
9.88649e-01 5.84e-05
9.89132e-01 5.86e-05
9.89578e-01 5.88e-05
9.90062e-01 5.90e-05
9.90507e-01 5.92e-05
9.90990e-01 5.94e-05
9.91435e-01 5.96e-05
9.91918e-01 5.98e-05
9.92362e-01 6.01e-05
9.92844e-01 6.03e-05
9.93289e-01 6.05e-05
9.93733e-01 6.08e-05
9.94214e-01 6.10e-05
9.94658e-01 6.13e-05
9.95139e-01 6.16e-05
9.95582e-01 6.18e-05
9.96063e-01 6.21e-05
9.96506e-01 6.24e-05
9.96986e-01 6.27e-05
9.97428e-01 6.30e-05
9.97871e-01 6.33e-05
9.98350e-01 6.36e-05
9.98792e-01 6.40e-05
9.99271e-01 6.43e-05
9.99712e-01 6.47e-05
1.00015e+00 6.50e-05
1.00063e+00 6.54e-05
1.00107e+00 6.57e-05
1.00155e+00 6.61e-05
1.00199e+00 6.65e-05
1.00243e+00 6.69e-05
1.00291e+00 6.74e-05
1.00335e+00 6.78e-05
1.00379e+00 6.82e-05
1.00426e+00 6.87e-05
1.00470e+00 6.92e-05
1.00518e+00 6.96e-05
1.00562e+00 7.01e-05
1.00606e+00 7.07e-05
1.00653e+00 7.12e-05
1.00697e+00 7.17e-05
1.00741e+00 7.23e-05
1.00788e+00 7.29e-05
1.00832e+00 7.34e-05
1.00876e+00 7.40e-05
1.00923e+00 7.46e-05
1.00967e+00 7.52e-05
1.01011e+00 7.59e-05
1.01058e+00 7.65e-05
1.01102e+00 7.72e-05
1.01146e+00 7.80e-05
1.01189e+00 7.87e-05
1.01236e+00 7.94e-05
1.01280e+00 8.02e-05
1.01324e+00 8.10e-05
1.01371e+00 8.18e-05
1.01414e+00 8.26e-05
1.01458e+00 8.34e-05
1.01501e+00 8.42e-05
1.01548e+00 8.50e-05
1.01592e+00 8.59e-05
1.01635e+00 8.68e-05
1.01679e+00 8.77e-05
1.01726e+00 8.87e-05
1.01769e+00 8.96e-05
1.01813e+00 9.06e-05
1.01856e+00 9.17e-05
1.01903e+00 9.27e-05
1.01946e+00 9.38e-05
1.01989e+00 9.50e-05
1.02033e+00 9.61e-05
1.02079e+00 9.73e-05
1.02123e+00 9.85e-05
1.02166e+00 9.98e-05
1.02209e+00 1.01e-04
1.02252e+00 1.02e-04
1.02299e+00 1.04e-04
1.02342e+00 1.05e-04
1.02385e+00 1.07e-04
1.02428e+00 1.08e-04
1.02471e+00 1.10e-04
1.02518e+00 1.12e-04
1.02561e+00 1.13e-04
1.02604e+00 1.15e-04
1.02647e+00 1.17e-04
1.02690e+00 1.19e-04
1.02737e+00 1.21e-04
1.02780e+00 1.23e-04
1.02823e+00 1.26e-04
1.02865e+00 1.28e-04
1.02908e+00 1.31e-04
1.02951e+00 1.33e-04
1.02998e+00 1.36e-04
1.03040e+00 1.39e-04
1.03083e+00 1.42e-04
1.03126e+00 1.45e-04
1.03169e+00 1.48e-04
1.03212e+00 1.51e-04
1.03254e+00 1.55e-04
1.03297e+00 1.59e-04
1.03343e+00 1.63e-04
1.03365e+00 1.65e-04
1.03407e+00 1.69e-04
1.03450e+00 1.73e-04
1.03493e+00 1.78e-04
1.03535e+00 1.83e-04
1.03578e+00 1.88e-04
1.03620e+00 1.93e-04
1.03663e+00 1.99e-04
1.03706e+00 2.05e-04
1.03752e+00 2.11e-04
1.03794e+00 2.18e-04
1.03837e+00 2.25e-04
1.03879e+00 2.33e-04
1.03900e+00 2.37e-04
1.03922e+00 2.41e-04
1.03943e+00 2.45e-04
1.03964e+00 2.49e-04
1.03985e+00 2.54e-04
1.04006e+00 2.59e-04
1.04028e+00 2.63e-04
1.04049e+00 2.68e-04
1.04091e+00 2.78e-04
1.04112e+00 2.83e-04
1.04155e+00 2.92e-04
1.04197e+00 3.02e-04
1.04239e+00 3.12e-04
1.04282e+00 3.22e-04
1.04324e+00 3.34e-04
1.04349e+00 3.39e-04
1.04370e+00 3.45e-04
1.04391e+00 3.52e-04
1.04412e+00 3.58e-04
1.04433e+00 3.65e-04
1.04454e+00 3.71e-04
1.04475e+00 3.78e-04
1.04497e+00 3.85e-04
1.04518e+00 3.93e-04
1.04539e+00 4.00e-04
1.04560e+00 4.08e-04
1.04581e+00 4.16e-04
1.04602e+00 4.25e-04
1.04623e+00 4.34e-04
1.04644e+00 4.42e-04
1.04665e+00 4.52e-04
1.04686e+00 4.61e-04
1.04707e+00 4.71e-04
1.04728e+00 4.81e-04
1.04749e+00 4.92e-04
1.04770e+00 5.03e-04
1.04792e+00 5.14e-04
1.04813e+00 5.26e-04
1.04834e+00 5.38e-04
1.04855e+00 5.51e-04
1.04876e+00 5.64e-04
1.04897e+00 5.77e-04
1.04918e+00 5.92e-04
1.04939e+00 6.06e-04
1.04960e+00 6.21e-04
1.04981e+00 6.37e-04
1.05002e+00 6.54e-04
1.05023e+00 6.71e-04
1.05044e+00 6.89e-04
1.05065e+00 7.07e-04
1.05086e+00 7.27e-04
1.05107e+00 7.47e-04
1.05128e+00 7.68e-04
1.05149e+00 7.90e-04
1.05170e+00 8.13e-04
1.05190e+00 8.37e-04
1.05211e+00 8.62e-04
1.05232e+00 8.88e-04
1.05253e+00 9.16e-04
1.05274e+00 9.44e-04
1.05295e+00 9.75e-04
1.05316e+00 1.01e-03
1.05337e+00 1.04e-03
1.05358e+00 1.07e-03
1.05379e+00 1.11e-03
1.05400e+00 1.15e-03
1.05421e+00 1.19e-03
1.05442e+00 1.23e-03
1.05463e+00 1.28e-03
1.05483e+00 1.33e-03
1.05504e+00 1.38e-03
1.05522e+00 1.43e-03
1.05543e+00 1.49e-03
1.05564e+00 1.55e-03
1.05584e+00 1.61e-03
1.05605e+00 1.68e-03
1.05626e+00 1.75e-03
1.05647e+00 1.83e-03
1.05668e+00 1.91e-03
1.05689e+00 2.00e-03
1.05710e+00 2.09e-03
1.05730e+00 2.19e-03
1.05751e+00 2.30e-03
1.05772e+00 2.41e-03
1.05793e+00 2.54e-03
1.05814e+00 2.67e-03
1.05835e+00 2.81e-03
1.05855e+00 2.96e-03
1.05876e+00 3.13e-03
1.05897e+00 3.31e-03
1.05918e+00 3.50e-03
1.05939e+00 3.71e-03
1.05959e+00 3.94e-03
1.05980e+00 4.18e-03
1.06001e+00 4.45e-03
1.06022e+00 4.75e-03
1.06043e+00 5.07e-03
1.06063e+00 5.42e-03
1.06084e+00 5.81e-03
1.06105e+00 6.25e-03
1.06126e+00 6.72e-03
1.06143e+00 7.25e-03
1.06164e+00 7.80e-03
1.06184e+00 8.24e-03
1.06205e+00 8.63e-03
1.06226e+00 9.05e-03
1.06247e+00 9.50e-03
1.06267e+00 1.00e-02
1.06288e+00 1.05e-02
1.06309e+00 1.11e-02
1.06330e+00 1.18e-02
1.06350e+00 1.25e-02
1.06371e+00 1.34e-02
1.06392e+00 1.43e-02
1.06412e+00 1.54e-02
1.06433e+00 1.66e-02
1.06454e+00 1.81e-02
1.06475e+00 1.95e-02
1.06495e+00 2.02e-02
1.06516e+00 2.02e-02
1.06537e+00 2.00e-02
1.06574e+00 1.94e-02
1.06595e+00 1.93e-02
1.06616e+00 1.97e-02
1.06636e+00 2.12e-02
1.06657e+00 2.51e-02
1.06678e+00 3.46e-02
1.06698e+00 5.90e-02
1.06719e+00 1.37e-01
1.06740e+00 3.57e-01
1.06760e+00 4.84e-01
1.06781e+00 1.91e-01
1.06802e+00 7.38e-02
1.06822e+00 3.99e-02
1.06843e+00 2.72e-02
1.06860e+00 2.18e-02
1.06881e+00 1.96e-02
1.06901e+00 1.89e-02
1.06922e+00 1.88e-02
1.06942e+00 1.90e-02
1.06963e+00 1.93e-02
1.06984e+00 1.95e-02
1.07004e+00 1.95e-02
1.07025e+00 1.91e-02
1.07045e+00 1.79e-02
1.07066e+00 1.63e-02
1.07086e+00 1.50e-02
1.07107e+00 1.38e-02
1.07128e+00 1.28e-02
1.07145e+00 1.20e-02
1.07165e+00 1.12e-02
1.07186e+00 1.05e-02
1.07206e+00 9.85e-03
1.07227e+00 9.29e-03
1.07247e+00 8.78e-03
1.07268e+00 8.32e-03
1.07288e+00 7.90e-03
1.07329e+00 7.13e-03
1.07350e+00 6.66e-03
1.07370e+00 6.12e-03
1.07388e+00 5.65e-03
1.07408e+00 5.23e-03
1.07429e+00 4.85e-03
1.07449e+00 4.51e-03
1.07470e+00 4.21e-03
1.07490e+00 3.93e-03
1.07510e+00 3.68e-03
1.07531e+00 3.46e-03
1.07551e+00 3.25e-03
1.07572e+00 3.06e-03
1.07592e+00 2.89e-03
1.07609e+00 2.73e-03
1.07630e+00 2.58e-03
1.07650e+00 2.45e-03
1.07671e+00 2.32e-03
1.07691e+00 2.21e-03
1.07712e+00 2.10e-03
1.07732e+00 2.00e-03
1.07752e+00 1.91e-03
1.07773e+00 1.82e-03
1.07793e+00 1.74e-03
1.07810e+00 1.67e-03
1.07831e+00 1.60e-03
1.07851e+00 1.53e-03
1.07872e+00 1.47e-03
1.07892e+00 1.42e-03
1.07912e+00 1.36e-03
1.07933e+00 1.31e-03
1.07953e+00 1.26e-03
1.07974e+00 1.22e-03
1.07991e+00 1.17e-03
1.08011e+00 1.14e-03
1.08031e+00 1.10e-03
1.08052e+00 1.06e-03
1.08072e+00 1.03e-03
1.08092e+00 9.98e-04
1.08113e+00 9.68e-04
1.08133e+00 9.39e-04
1.08153e+00 9.12e-04
1.08170e+00 8.86e-04
1.08191e+00 8.61e-04
1.08211e+00 8.37e-04
1.08231e+00 8.14e-04
1.08252e+00 7.92e-04
1.08272e+00 7.72e-04
1.08292e+00 7.52e-04
1.08313e+00 7.33e-04
1.08333e+00 7.15e-04
1.08350e+00 6.97e-04
1.08370e+00 6.81e-04
1.08390e+00 6.64e-04
1.08411e+00 6.49e-04
1.08431e+00 6.34e-04
1.08451e+00 6.20e-04
1.08472e+00 6.06e-04
1.08492e+00 5.93e-04
1.08509e+00 5.80e-04
1.08529e+00 5.68e-04
1.08549e+00 5.56e-04
1.08570e+00 5.45e-04
1.08590e+00 5.34e-04
1.08610e+00 5.24e-04
1.08630e+00 5.14e-04
1.08651e+00 5.04e-04
1.08667e+00 4.94e-04
1.08688e+00 4.85e-04
1.08708e+00 4.76e-04
1.08728e+00 4.68e-04
1.08748e+00 4.59e-04
1.08769e+00 4.51e-04
1.08789e+00 4.44e-04
1.08806e+00 4.36e-04
1.08826e+00 4.29e-04
1.08846e+00 4.22e-04
1.08866e+00 4.15e-04
1.08907e+00 4.02e-04
1.08947e+00 3.90e-04
1.08984e+00 3.78e-04
1.09004e+00 3.73e-04
1.09045e+00 3.62e-04
1.09085e+00 3.52e-04
1.09122e+00 3.43e-04
1.09162e+00 3.34e-04
1.09202e+00 3.26e-04
1.09239e+00 3.18e-04
1.09280e+00 3.10e-04
1.09320e+00 3.03e-04
1.09340e+00 2.99e-04
1.09377e+00 2.91e-04
1.09417e+00 2.83e-04
1.09457e+00 2.75e-04
1.09494e+00 2.68e-04
1.09534e+00 2.61e-04
1.09574e+00 2.55e-04
1.09611e+00 2.49e-04
1.09651e+00 2.44e-04
1.09691e+00 2.38e-04
1.09728e+00 2.33e-04
1.09768e+00 2.29e-04
1.09808e+00 2.24e-04
1.09845e+00 2.20e-04
1.09885e+00 2.16e-04
1.09925e+00 2.12e-04
1.09961e+00 2.09e-04
1.10001e+00 2.06e-04
1.10041e+00 2.02e-04
1.10078e+00 1.99e-04
1.10118e+00 1.96e-04
1.10138e+00 1.95e-04
1.10157e+00 1.94e-04
1.10194e+00 1.91e-04
1.10234e+00 1.89e-04
1.10274e+00 1.86e-04
1.10310e+00 1.84e-04
1.10350e+00 1.82e-04
1.10390e+00 1.80e-04
1.10426e+00 1.78e-04
1.10466e+00 1.76e-04
1.10503e+00 1.74e-04
1.10542e+00 1.72e-04
1.10582e+00 1.71e-04
1.10618e+00 1.69e-04
1.10658e+00 1.68e-04
1.10698e+00 1.66e-04
1.10734e+00 1.65e-04
1.10774e+00 1.63e-04
1.10810e+00 1.62e-04
1.10850e+00 1.61e-04
1.10889e+00 1.59e-04
1.10926e+00 1.58e-04
1.10965e+00 1.57e-04
1.11001e+00 1.56e-04
1.11041e+00 1.54e-04
1.11080e+00 1.53e-04
1.11117e+00 1.52e-04
1.11156e+00 1.51e-04
1.11192e+00 1.50e-04
1.11232e+00 1.49e-04
1.11268e+00 1.48e-04
1.11307e+00 1.47e-04
1.11347e+00 1.46e-04
1.11383e+00 1.45e-04
1.11422e+00 1.44e-04
1.11458e+00 1.43e-04
1.11498e+00 1.43e-04
1.11534e+00 1.42e-04
1.11573e+00 1.41e-04
1.11612e+00 1.40e-04
1.11648e+00 1.39e-04
1.11688e+00 1.39e-04
1.11724e+00 1.38e-04
1.11763e+00 1.37e-04
1.11799e+00 1.37e-04
1.11838e+00 1.36e-04
1.11874e+00 1.35e-04
1.11913e+00 1.35e-04
1.11953e+00 1.34e-04
1.11988e+00 1.33e-04
1.12028e+00 1.33e-04
1.12063e+00 1.32e-04
1.12103e+00 1.32e-04
1.12138e+00 1.31e-04
1.12178e+00 1.31e-04
1.12213e+00 1.30e-04
1.12252e+00 1.30e-04
1.12288e+00 1.29e-04
1.12327e+00 1.29e-04
1.12363e+00 1.28e-04
1.12402e+00 1.28e-04
1.12438e+00 1.28e-04
1.12477e+00 1.27e-04
1.12512e+00 1.27e-04
1.12551e+00 1.27e-04
1.12587e+00 1.26e-04
1.12626e+00 1.26e-04
1.12662e+00 1.26e-04
1.12701e+00 1.25e-04
1.12736e+00 1.25e-04
1.12775e+00 1.25e-04
1.12811e+00 1.24e-04
1.12849e+00 1.24e-04
1.12885e+00 1.24e-04
1.12924e+00 1.23e-04
1.12959e+00 1.23e-04
1.12998e+00 1.23e-04
1.13034e+00 1.22e-04
1.13072e+00 1.22e-04
1.13108e+00 1.22e-04
1.13147e+00 1.22e-04
1.13182e+00 1.21e-04
1.13221e+00 1.21e-04
1.13256e+00 1.21e-04
1.13295e+00 1.21e-04
1.13330e+00 1.21e-04
1.13369e+00 1.20e-04
1.13404e+00 1.20e-04
1.13443e+00 1.20e-04
1.13478e+00 1.20e-04
1.13514e+00 1.19e-04
1.13552e+00 1.19e-04
1.13588e+00 1.19e-04
1.13626e+00 1.19e-04
1.13661e+00 1.19e-04
1.13700e+00 1.19e-04
1.13735e+00 1.18e-04
1.13774e+00 1.18e-04
1.13809e+00 1.18e-04
1.13844e+00 1.18e-04
1.13883e+00 1.18e-04
1.13918e+00 1.18e-04
1.13956e+00 1.17e-04
1.13991e+00 1.17e-04
1.14030e+00 1.17e-04
1.14065e+00 1.17e-04
1.14483e+00 1.16e-04
1.14899e+00 1.15e-04
1.15244e+00 1.15e-04
1.15512e+00 1.15e-04
1.15760e+00 1.15e-04
1.15974e+00 1.16e-04
1.16152e+00 1.16e-04
1.16187e+00 1.16e-04
1.16259e+00 1.16e-04
1.16293e+00 1.17e-04
1.16331e+00 1.17e-04
1.16365e+00 1.17e-04
1.16399e+00 1.17e-04
1.16437e+00 1.17e-04
1.16471e+00 1.17e-04
1.16506e+00 1.17e-04
1.16540e+00 1.18e-04
1.16577e+00 1.18e-04
1.16612e+00 1.18e-04
1.16646e+00 1.18e-04
1.16683e+00 1.18e-04
1.16717e+00 1.19e-04
1.16752e+00 1.19e-04
1.16789e+00 1.19e-04
1.16823e+00 1.19e-04
1.16857e+00 1.19e-04
1.16892e+00 1.20e-04
1.16929e+00 1.20e-04
1.16963e+00 1.20e-04
1.16997e+00 1.21e-04
1.17034e+00 1.21e-04
1.17068e+00 1.21e-04
1.17103e+00 1.22e-04
1.17140e+00 1.22e-04
1.17174e+00 1.22e-04
1.17208e+00 1.23e-04
1.17242e+00 1.23e-04
1.17279e+00 1.24e-04
1.17313e+00 1.24e-04
1.17347e+00 1.25e-04
1.17381e+00 1.25e-04
1.17418e+00 1.26e-04
1.17452e+00 1.27e-04
1.17486e+00 1.27e-04
1.17523e+00 1.28e-04
1.17557e+00 1.29e-04
1.17591e+00 1.30e-04
1.17625e+00 1.31e-04
1.17662e+00 1.32e-04
1.17696e+00 1.33e-04
1.17730e+00 1.34e-04
1.17764e+00 1.35e-04
1.17801e+00 1.37e-04
1.17835e+00 1.38e-04
1.17869e+00 1.40e-04
1.17902e+00 1.41e-04
1.17939e+00 1.43e-04
1.17973e+00 1.45e-04
1.18007e+00 1.46e-04
1.18041e+00 1.48e-04
1.18059e+00 1.48e-04
1.18093e+00 1.50e-04
1.18130e+00 1.51e-04
1.18164e+00 1.52e-04
1.18197e+00 1.52e-04
1.18231e+00 1.52e-04
1.18268e+00 1.53e-04
1.18301e+00 1.53e-04
1.18335e+00 1.53e-04
1.18369e+00 1.54e-04
1.18406e+00 1.54e-04
1.18439e+00 1.55e-04
1.18473e+00 1.55e-04
1.18507e+00 1.56e-04
1.18540e+00 1.58e-04
1.18577e+00 1.59e-04
1.18610e+00 1.61e-04
1.18644e+00 1.63e-04
1.18678e+00 1.65e-04
1.18714e+00 1.67e-04
1.18748e+00 1.70e-04
1.18781e+00 1.73e-04
1.18800e+00 1.75e-04
1.18815e+00 1.76e-04
1.18833e+00 1.78e-04
1.18848e+00 1.80e-04
1.18867e+00 1.82e-04
1.18885e+00 1.84e-04
1.18900e+00 1.86e-04
1.18918e+00 1.89e-04
1.18934e+00 1.91e-04
1.18970e+00 1.96e-04
1.19004e+00 2.02e-04
1.19037e+00 2.07e-04
1.19071e+00 2.13e-04
1.19107e+00 2.19e-04
1.19122e+00 2.21e-04
1.19140e+00 2.24e-04
1.19156e+00 2.26e-04
1.19174e+00 2.29e-04
1.19192e+00 2.30e-04
1.19207e+00 2.32e-04
1.19225e+00 2.33e-04
1.19241e+00 2.35e-04
1.19259e+00 2.35e-04
1.19277e+00 2.36e-04
1.19292e+00 2.36e-04
1.19310e+00 2.35e-04
1.19326e+00 2.35e-04
1.19344e+00 2.34e-04
1.19362e+00 2.33e-04
1.19377e+00 2.31e-04
1.19395e+00 2.30e-04
1.19410e+00 2.28e-04
1.19429e+00 2.26e-04
1.19462e+00 2.22e-04
1.19495e+00 2.17e-04
1.19532e+00 2.13e-04
1.19565e+00 2.08e-04
1.19598e+00 2.04e-04
1.19631e+00 1.99e-04
1.19665e+00 1.95e-04
1.19698e+00 1.91e-04
1.19734e+00 1.88e-04
1.19767e+00 1.85e-04
1.19801e+00 1.82e-04
1.19834e+00 1.80e-04
1.19867e+00 1.78e-04
1.19903e+00 1.76e-04
1.19936e+00 1.75e-04
1.19969e+00 1.73e-04
1.20003e+00 1.72e-04
1.20036e+00 1.72e-04
1.20069e+00 1.71e-04
1.20105e+00 1.71e-04
1.20138e+00 1.70e-04
1.20153e+00 1.70e-04
1.20222e+00 1.70e-04
1.20255e+00 1.70e-04
1.20288e+00 1.70e-04
1.20321e+00 1.71e-04
1.20354e+00 1.71e-04
1.20390e+00 1.72e-04
1.20423e+00 1.72e-04
1.20456e+00 1.73e-04
1.20489e+00 1.74e-04
1.20522e+00 1.74e-04
1.20555e+00 1.75e-04
1.20591e+00 1.76e-04
1.20624e+00 1.77e-04
1.20657e+00 1.79e-04
1.20690e+00 1.80e-04
1.20723e+00 1.81e-04
1.20756e+00 1.82e-04
1.20789e+00 1.84e-04
1.20824e+00 1.85e-04
1.20857e+00 1.87e-04
1.20890e+00 1.88e-04
1.20923e+00 1.90e-04
1.20956e+00 1.92e-04
1.20989e+00 1.94e-04
1.21021e+00 1.96e-04
1.21057e+00 1.98e-04
1.21090e+00 2.00e-04
1.21123e+00 2.02e-04
1.21155e+00 2.04e-04
1.21188e+00 2.07e-04
1.21221e+00 2.09e-04
1.21254e+00 2.12e-04
1.21289e+00 2.15e-04
1.21322e+00 2.18e-04
1.21337e+00 2.20e-04
1.21370e+00 2.23e-04
1.21405e+00 2.27e-04
1.21438e+00 2.31e-04
1.21471e+00 2.35e-04
1.21503e+00 2.40e-04
1.21536e+00 2.45e-04
1.21554e+00 2.48e-04
1.21568e+00 2.51e-04
1.21586e+00 2.54e-04
1.21601e+00 2.57e-04
1.21619e+00 2.60e-04
1.21634e+00 2.64e-04
1.21651e+00 2.68e-04
1.21669e+00 2.72e-04
1.21684e+00 2.76e-04
1.21702e+00 2.81e-04
1.21717e+00 2.86e-04
1.21734e+00 2.92e-04
1.21749e+00 2.98e-04
1.21767e+00 3.05e-04
1.21782e+00 3.12e-04
1.21799e+00 3.20e-04
1.21817e+00 3.29e-04
1.21832e+00 3.39e-04
1.21850e+00 3.49e-04
1.21864e+00 3.61e-04
1.21882e+00 3.73e-04
1.21897e+00 3.86e-04
1.21915e+00 4.00e-04
1.21947e+00 4.27e-04
1.21965e+00 4.41e-04
1.21980e+00 4.54e-04
1.21997e+00 4.67e-04
1.22012e+00 4.80e-04
1.22045e+00 5.05e-04
1.22080e+00 5.29e-04
1.22112e+00 5.53e-04
1.22145e+00 5.77e-04
1.22177e+00 6.02e-04
1.22210e+00 6.28e-04
1.22242e+00 6.56e-04
1.22260e+00 6.70e-04
1.22275e+00 6.84e-04
1.22292e+00 6.99e-04
1.22307e+00 7.14e-04
1.22325e+00 7.30e-04
1.22339e+00 7.46e-04
1.22357e+00 7.62e-04
1.22372e+00 7.79e-04
1.22389e+00 7.97e-04
1.22407e+00 8.15e-04
1.22422e+00 8.34e-04
1.22439e+00 8.54e-04
1.22454e+00 8.74e-04
1.22472e+00 8.95e-04
1.22486e+00 9.16e-04
1.22504e+00 9.39e-04
1.22519e+00 9.62e-04
1.22536e+00 9.86e-04
1.22554e+00 1.01e-03
1.22569e+00 1.04e-03
1.22586e+00 1.07e-03
1.22601e+00 1.09e-03
1.22618e+00 1.13e-03
1.22633e+00 1.16e-03
1.22651e+00 1.19e-03
1.22665e+00 1.23e-03
1.22683e+00 1.27e-03
1.22698e+00 1.31e-03
1.22715e+00 1.35e-03
1.22733e+00 1.40e-03
1.22747e+00 1.45e-03
1.22765e+00 1.51e-03
1.22780e+00 1.57e-03
1.22797e+00 1.63e-03
1.22812e+00 1.70e-03
1.22829e+00 1.77e-03
1.22844e+00 1.84e-03
1.22876e+00 1.98e-03
1.22911e+00 2.13e-03
1.22944e+00 2.28e-03
1.22976e+00 2.42e-03
1.23008e+00 2.56e-03
1.23040e+00 2.71e-03
1.23072e+00 2.85e-03
1.23104e+00 3.00e-03
1.23136e+00 3.14e-03
1.23154e+00 3.21e-03
1.23169e+00 3.28e-03
1.23186e+00 3.35e-03
1.23201e+00 3.41e-03
1.23218e+00 3.47e-03
1.23233e+00 3.52e-03
1.23250e+00 3.57e-03
1.23265e+00 3.61e-03
1.23282e+00 3.65e-03
1.23300e+00 3.68e-03
1.23314e+00 3.69e-03
1.23332e+00 3.71e-03
1.23346e+00 3.71e-03
1.23364e+00 3.70e-03
1.23378e+00 3.68e-03
1.23396e+00 3.65e-03
1.23410e+00 3.60e-03
1.23428e+00 3.55e-03
1.23442e+00 3.49e-03
1.23460e+00 3.41e-03
1.23474e+00 3.33e-03
1.23492e+00 3.24e-03
1.23509e+00 3.14e-03
1.23524e+00 3.03e-03
1.23541e+00 2.92e-03
1.23573e+00 2.70e-03
1.23588e+00 2.58e-03
1.23605e+00 2.47e-03
1.23620e+00 2.37e-03
1.23637e+00 2.27e-03
1.23652e+00 2.18e-03
1.23669e+00 2.11e-03
1.23684e+00 2.04e-03
1.23701e+00 1.99e-03
1.23719e+00 1.96e-03
1.23733e+00 1.94e-03
1.23750e+00 1.94e-03
1.23765e+00 1.95e-03
1.23782e+00 1.98e-03
1.23797e+00 2.03e-03
1.23814e+00 2.09e-03
1.23829e+00 2.17e-03
1.23846e+00 2.25e-03
1.23861e+00 2.35e-03
1.23878e+00 2.46e-03
1.23892e+00 2.56e-03
1.23924e+00 2.79e-03
1.23942e+00 2.91e-03
1.23959e+00 3.02e-03
1.23974e+00 3.13e-03
1.23991e+00 3.23e-03
1.24005e+00 3.32e-03
1.24023e+00 3.41e-03
1.24037e+00 3.48e-03
1.24055e+00 3.55e-03
1.24069e+00 3.60e-03
1.24086e+00 3.65e-03
1.24101e+00 3.68e-03
1.24118e+00 3.71e-03
1.24133e+00 3.72e-03
1.24150e+00 3.72e-03
1.24164e+00 3.72e-03
1.24182e+00 3.70e-03
1.24196e+00 3.68e-03
1.24214e+00 3.64e-03
1.24231e+00 3.60e-03
1.24245e+00 3.56e-03
1.24263e+00 3.50e-03
1.24277e+00 3.45e-03
1.24294e+00 3.39e-03
1.24309e+00 3.32e-03
1.24326e+00 3.26e-03
1.24358e+00 3.12e-03
1.24390e+00 2.98e-03
1.24421e+00 2.84e-03
1.24453e+00 2.69e-03
1.24485e+00 2.55e-03
1.24516e+00 2.41e-03
1.24548e+00 2.27e-03
1.24580e+00 2.13e-03
1.24611e+00 1.98e-03
1.24628e+00 1.91e-03
1.24643e+00 1.84e-03
1.24660e+00 1.77e-03
1.24674e+00 1.70e-03
1.24692e+00 1.64e-03
1.24706e+00 1.58e-03
1.24723e+00 1.53e-03
1.24738e+00 1.47e-03
1.24755e+00 1.43e-03
1.24769e+00 1.38e-03
1.24787e+00 1.34e-03
1.24801e+00 1.30e-03
1.24818e+00 1.27e-03
1.24832e+00 1.23e-03
1.24850e+00 1.20e-03
1.24867e+00 1.17e-03
1.24881e+00 1.15e-03
1.24898e+00 1.12e-03
1.24913e+00 1.09e-03
1.24930e+00 1.07e-03
1.24944e+00 1.05e-03
1.24962e+00 1.02e-03
1.24976e+00 1.00e-03
1.24993e+00 9.81e-04
1.25007e+00 9.61e-04
1.25025e+00 9.42e-04
1.25039e+00 9.24e-04
1.25056e+00 9.06e-04
1.25070e+00 8.89e-04
1.25088e+00 8.73e-04
1.25102e+00 8.57e-04
1.25119e+00 8.41e-04
1.25133e+00 8.27e-04
1.25151e+00 8.12e-04
1.25165e+00 7.98e-04
1.25182e+00 7.85e-04
1.25196e+00 7.72e-04
1.25228e+00 7.46e-04
1.25262e+00 7.23e-04
1.25293e+00 7.00e-04
1.25325e+00 6.78e-04
1.25356e+00 6.56e-04
1.25388e+00 6.35e-04
1.25419e+00 6.14e-04
1.25450e+00 5.92e-04
1.25482e+00 5.69e-04
1.25513e+00 5.45e-04
1.25545e+00 5.21e-04
1.25559e+00 5.09e-04
1.25576e+00 4.98e-04
1.25590e+00 4.88e-04
1.25607e+00 4.78e-04
1.25621e+00 4.69e-04
1.25638e+00 4.61e-04
1.25653e+00 4.54e-04
1.25670e+00 4.48e-04
1.25684e+00 4.42e-04
1.25701e+00 4.37e-04
1.25715e+00 4.33e-04
1.25732e+00 4.29e-04
1.25749e+00 4.25e-04
1.25764e+00 4.22e-04
1.25781e+00 4.19e-04
1.25795e+00 4.17e-04
1.25812e+00 4.15e-04
1.25826e+00 4.13e-04
1.25857e+00 4.09e-04
1.25889e+00 4.06e-04
1.25920e+00 4.04e-04
1.25951e+00 4.02e-04
1.25982e+00 4.01e-04
1.26014e+00 4.00e-04
1.26062e+00 4.00e-04
1.26107e+00 3.99e-04
1.26169e+00 4.00e-04
1.26201e+00 4.00e-04
1.26232e+00 4.01e-04
1.26263e+00 4.02e-04
1.26294e+00 4.03e-04
1.26325e+00 4.04e-04
1.26356e+00 4.05e-04
1.26387e+00 4.07e-04
1.26418e+00 4.08e-04
1.26449e+00 4.10e-04
1.26480e+00 4.11e-04
1.26514e+00 4.13e-04
1.26545e+00 4.15e-04
1.26576e+00 4.17e-04
1.26607e+00 4.19e-04
1.26638e+00 4.21e-04
1.26669e+00 4.24e-04
1.26700e+00 4.26e-04
1.26731e+00 4.28e-04
1.26762e+00 4.31e-04
1.26793e+00 4.33e-04
1.26824e+00 4.36e-04
1.26855e+00 4.39e-04
1.26886e+00 4.41e-04
1.26917e+00 4.44e-04
1.26948e+00 4.47e-04
1.26979e+00 4.50e-04
1.27010e+00 4.53e-04
1.27041e+00 4.56e-04
1.27072e+00 4.59e-04
1.27102e+00 4.63e-04
1.27133e+00 4.66e-04
1.27164e+00 4.69e-04
1.27195e+00 4.73e-04
1.27226e+00 4.76e-04
1.27257e+00 4.80e-04
1.27287e+00 4.84e-04
1.27318e+00 4.87e-04
1.27349e+00 4.91e-04
1.27380e+00 4.95e-04
1.27411e+00 4.99e-04
1.27441e+00 5.03e-04
1.27472e+00 5.07e-04
1.27503e+00 5.11e-04
1.27533e+00 5.16e-04
1.27564e+00 5.20e-04
1.27595e+00 5.25e-04
1.27626e+00 5.29e-04
1.27656e+00 5.34e-04
1.27687e+00 5.39e-04
1.27718e+00 5.43e-04
1.27748e+00 5.49e-04
1.27779e+00 5.54e-04
1.27810e+00 5.59e-04
1.27840e+00 5.64e-04
1.27871e+00 5.70e-04
1.27902e+00 5.76e-04
1.27932e+00 5.82e-04
1.27963e+00 5.88e-04
1.27993e+00 5.94e-04
1.28024e+00 6.00e-04
1.28054e+00 6.07e-04
1.28085e+00 6.14e-04
1.28116e+00 6.21e-04
1.28146e+00 6.28e-04
1.28177e+00 6.35e-04
1.28207e+00 6.43e-04
1.28238e+00 6.51e-04
1.28268e+00 6.59e-04
1.28299e+00 6.67e-04
1.28329e+00 6.75e-04
1.28360e+00 6.84e-04
1.28390e+00 6.93e-04
1.28421e+00 7.02e-04
1.28451e+00 7.11e-04
1.28482e+00 7.20e-04
1.28512e+00 7.28e-04
1.28542e+00 7.37e-04
1.28573e+00 7.45e-04
1.28600e+00 7.54e-04
1.28631e+00 7.61e-04
1.28661e+00 7.69e-04
1.28692e+00 7.76e-04
1.28722e+00 7.83e-04
1.28739e+00 7.86e-04
1.28769e+00 7.94e-04
1.28799e+00 8.02e-04
1.28813e+00 8.07e-04
1.28843e+00 8.14e-04
1.28874e+00 8.21e-04
1.28890e+00 8.24e-04
1.28921e+00 8.29e-04
1.28934e+00 8.31e-04
1.28965e+00 8.33e-04
1.28995e+00 8.35e-04
1.29025e+00 8.37e-04
1.29042e+00 8.39e-04
1.29072e+00 8.42e-04
1.29102e+00 8.46e-04
1.29132e+00 8.52e-04
1.29163e+00 8.57e-04
1.29193e+00 8.63e-04
1.29223e+00 8.67e-04
1.29237e+00 8.68e-04
1.29253e+00 8.69e-04
1.29314e+00 8.69e-04
1.29327e+00 8.69e-04
1.29344e+00 8.68e-04
1.29404e+00 8.67e-04
1.29478e+00 8.67e-04
1.29525e+00 8.67e-04
1.29555e+00 8.66e-04
1.29582e+00 8.64e-04
1.29612e+00 8.63e-04
1.29642e+00 8.61e-04
1.29673e+00 8.59e-04
1.29703e+00 8.57e-04
1.29733e+00 8.54e-04
1.29763e+00 8.52e-04
1.29793e+00 8.50e-04
1.29823e+00 8.48e-04
1.29853e+00 8.46e-04
1.29883e+00 8.45e-04
1.29913e+00 8.43e-04
1.29943e+00 8.42e-04
1.29973e+00 8.41e-04
1.30109e+00 8.37e-04
1.30212e+00 8.36e-04
1.30346e+00 8.35e-04
1.30422e+00 8.35e-04
1.30435e+00 8.36e-04
1.31103e+00 8.40e-04
1.31356e+00 8.40e-04
1.31590e+00 8.39e-04
1.31796e+00 8.36e-04
1.32031e+00 8.32e-04
1.32266e+00 8.28e-04
1.32559e+00 8.22e-04
1.32893e+00 8.15e-04
1.32922e+00 8.15e-04
1.34237e+00 7.85e-04
1.35449e+00 7.59e-04
1.36734e+00 7.33e-04
1.38281e+00 7.03e-04
1.39812e+00 6.74e-04
1.41272e+00 6.48e-04
1.42849e+00 6.21e-04
1.44492e+00 5.94e-04
1.45194e+00 5.83e-04
1.45208e+00 5.82e-04
1.47405e+00 5.49e-04
1.48960e+00 5.26e-04
1.50552e+00 5.04e-04
1.52010e+00 4.85e-04
1.53691e+00 4.63e-04
1.55342e+00 4.43e-04
1.56809e+00 4.25e-04
1.58504e+00 4.06e-04
1.60199e+00 3.88e-04
1.61794e+00 3.71e-04
1.63495e+00 3.54e-04
1.65254e+00 3.38e-04
1.67074e+00 3.21e-04
1.68908e+00 3.05e-04
1.70678e+00 2.91e-04
1.72708e+00 2.75e-04
1.74603e+00 2.61e-04
1.76637e+00 2.47e-04
1.78877e+00 2.32e-04
1.81056e+00 2.18e-04
1.83290e+00 2.05e-04
1.85378e+00 1.94e-04
1.87781e+00 1.81e-04
1.90114e+00 1.70e-04
1.93026e+00 1.56e-04
1.95689e+00 1.45e-04
1.95726e+00 1.45e-04
1.95763e+00 1.45e-04
1.95799e+00 1.45e-04
1.95836e+00 1.44e-04
1.95873e+00 1.44e-04
1.95909e+00 1.44e-04
1.95946e+00 1.44e-04
1.95983e+00 1.44e-04
1.96019e+00 1.44e-04
1.96056e+00 1.44e-04
1.96093e+00 1.43e-04
1.96129e+00 1.43e-04
1.96167e+00 1.43e-04
1.96204e+00 1.43e-04
1.96240e+00 1.43e-04
1.96277e+00 1.43e-04
1.96315e+00 1.42e-04
1.96351e+00 1.42e-04
1.96388e+00 1.42e-04
1.96426e+00 1.42e-04
1.96462e+00 1.42e-04
1.96500e+00 1.42e-04
1.96536e+00 1.42e-04
1.96574e+00 1.41e-04
1.96610e+00 1.41e-04
1.96648e+00 1.41e-04
1.96686e+00 1.41e-04
1.96722e+00 1.41e-04
1.96760e+00 1.41e-04
1.96798e+00 1.41e-04
1.96834e+00 1.40e-04
1.96872e+00 1.40e-04
1.96910e+00 1.40e-04
1.96947e+00 1.40e-04
1.96985e+00 1.40e-04
1.97023e+00 1.40e-04
1.97060e+00 1.40e-04
1.97098e+00 1.39e-04
1.97136e+00 1.39e-04
1.97173e+00 1.39e-04
1.97211e+00 1.39e-04
1.97248e+00 1.39e-04
1.97286e+00 1.39e-04
1.97323e+00 1.39e-04
1.97361e+00 1.38e-04
1.97400e+00 1.38e-04
1.97437e+00 1.38e-04
1.97475e+00 1.38e-04
1.97514e+00 1.38e-04
1.97551e+00 1.38e-04
1.97588e+00 1.37e-04
1.97627e+00 1.37e-04
1.97665e+00 1.37e-04
1.97703e+00 1.37e-04
1.97741e+00 1.37e-04
1.97780e+00 1.37e-04
1.97817e+00 1.37e-04
1.97856e+00 1.36e-04
1.97894e+00 1.36e-04
1.97932e+00 1.36e-04
1.97970e+00 1.36e-04
1.98009e+00 1.36e-04
1.98048e+00 1.36e-04
1.98086e+00 1.36e-04
1.98125e+00 1.35e-04
1.98162e+00 1.35e-04
1.98201e+00 1.35e-04
1.98239e+00 1.35e-04
1.98278e+00 1.35e-04
1.98318e+00 1.35e-04
1.98356e+00 1.35e-04
1.98395e+00 1.34e-04
1.98433e+00 1.34e-04
1.98472e+00 1.34e-04
1.98510e+00 1.34e-04
1.98550e+00 1.34e-04
1.98589e+00 1.34e-04
1.98627e+00 1.34e-04
1.98667e+00 1.33e-04
1.98705e+00 1.33e-04
1.98745e+00 1.33e-04
1.98783e+00 1.33e-04
1.98823e+00 1.33e-04
1.98861e+00 1.33e-04
1.98901e+00 1.32e-04
1.98939e+00 1.32e-04
1.98979e+00 1.32e-04
1.99019e+00 1.32e-04
1.99058e+00 1.32e-04
1.99097e+00 1.32e-04
1.99136e+00 1.32e-04
1.99176e+00 1.31e-04
1.99215e+00 1.31e-04
1.99255e+00 1.31e-04
1.99294e+00 1.31e-04
1.99334e+00 1.31e-04
1.99373e+00 1.31e-04
1.99413e+00 1.31e-04
1.99452e+00 1.30e-04
1.99492e+00 1.30e-04
1.99533e+00 1.30e-04
1.99572e+00 1.30e-04
1.99611e+00 1.30e-04
1.99652e+00 1.30e-04
1.99692e+00 1.30e-04
1.99731e+00 1.29e-04
1.99772e+00 1.29e-04
1.99811e+00 1.29e-04
1.99852e+00 1.29e-04
1.99891e+00 1.29e-04
1.99932e+00 1.29e-04
1.99972e+00 1.29e-04
2.00011e+00 1.28e-04
2.00052e+00 1.28e-04
2.00093e+00 1.28e-04
2.00133e+00 1.28e-04
2.00174e+00 1.28e-04
2.00214e+00 1.28e-04
2.00253e+00 1.28e-04
2.00294e+00 1.27e-04
2.00334e+00 1.27e-04
2.00376e+00 1.27e-04
2.00417e+00 1.27e-04
2.00457e+00 1.27e-04
2.00497e+00 1.27e-04
2.00538e+00 1.27e-04
2.00580e+00 1.26e-04
2.00620e+00 1.26e-04
2.00660e+00 1.26e-04
2.00702e+00 1.26e-04
2.00742e+00 1.26e-04
2.00784e+00 1.26e-04
2.00824e+00 1.25e-04
2.00866e+00 1.25e-04
2.00906e+00 1.25e-04
2.00947e+00 1.25e-04
2.00989e+00 1.25e-04
2.01029e+00 1.25e-04
2.01071e+00 1.25e-04
2.01112e+00 1.24e-04
2.01154e+00 1.24e-04
2.01195e+00 1.24e-04
2.01237e+00 1.24e-04
2.01278e+00 1.24e-04
2.01319e+00 1.24e-04
2.01361e+00 1.24e-04
2.01402e+00 1.23e-04
2.01444e+00 1.23e-04
2.01486e+00 1.23e-04
2.01528e+00 1.23e-04
2.01569e+00 1.23e-04
2.01612e+00 1.23e-04
2.01653e+00 1.23e-04
2.01695e+00 1.22e-04
2.01737e+00 1.22e-04
2.01779e+00 1.22e-04
2.01820e+00 1.22e-04
2.01863e+00 1.22e-04
2.01905e+00 1.22e-04
2.01947e+00 1.22e-04
2.01989e+00 1.21e-04
2.02032e+00 1.21e-04
2.02074e+00 1.21e-04
2.02116e+00 1.21e-04
2.02159e+00 1.21e-04
2.02201e+00 1.21e-04
2.02243e+00 1.21e-04
2.02286e+00 1.20e-04
2.02328e+00 1.20e-04
2.02372e+00 1.20e-04
2.02414e+00 1.20e-04
2.02456e+00 1.20e-04
2.02500e+00 1.20e-04
2.02542e+00 1.20e-04
2.02586e+00 1.19e-04
2.02628e+00 1.19e-04
2.02671e+00 1.19e-04
2.02713e+00 1.19e-04
2.02757e+00 1.19e-04
2.02800e+00 1.19e-04
2.02844e+00 1.19e-04
2.02887e+00 1.18e-04
2.02929e+00 1.18e-04
2.02973e+00 1.18e-04
2.03016e+00 1.18e-04
2.03059e+00 1.18e-04
2.03104e+00 1.18e-04
2.03147e+00 1.18e-04
2.03190e+00 1.17e-04
2.03234e+00 1.17e-04
2.03278e+00 1.17e-04
2.03321e+00 1.17e-04
2.03365e+00 1.17e-04
2.03409e+00 1.17e-04
2.03452e+00 1.17e-04
2.03497e+00 1.16e-04
2.03541e+00 1.16e-04
2.03584e+00 1.16e-04
2.03629e+00 1.16e-04
2.03673e+00 1.16e-04
2.03717e+00 1.16e-04
2.03762e+00 1.16e-04
2.03806e+00 1.15e-04
2.03850e+00 1.15e-04
2.03895e+00 1.15e-04
2.03939e+00 1.15e-04
2.03983e+00 1.15e-04
2.04027e+00 1.15e-04
2.04071e+00 1.15e-04
2.04117e+00 1.14e-04
2.04161e+00 1.14e-04
2.04206e+00 1.14e-04
2.04251e+00 1.14e-04
2.04296e+00 1.14e-04
2.04340e+00 1.14e-04
2.04385e+00 1.13e-04
2.04431e+00 1.13e-04
2.04476e+00 1.13e-04
2.04521e+00 1.13e-04
2.04566e+00 1.13e-04
2.04612e+00 1.13e-04
2.04657e+00 1.13e-04
2.04702e+00 1.12e-04
2.04747e+00 1.12e-04
2.04793e+00 1.12e-04
2.04838e+00 1.12e-04
2.04884e+00 1.12e-04
2.04929e+00 1.12e-04
2.04976e+00 1.12e-04
2.05021e+00 1.11e-04
2.05067e+00 1.11e-04
2.05113e+00 1.11e-04
2.05158e+00 1.11e-04
2.05204e+00 1.11e-04
2.05251e+00 1.11e-04
2.05297e+00 1.11e-04
2.05343e+00 1.10e-04
2.05389e+00 1.10e-04
2.05435e+00 1.10e-04
2.05482e+00 1.10e-04
2.05528e+00 1.10e-04
2.05575e+00 1.10e-04
2.05621e+00 1.10e-04
2.05667e+00 1.09e-04
2.05714e+00 1.09e-04
2.05760e+00 1.09e-04
2.05808e+00 1.09e-04
2.05855e+00 1.09e-04
2.05902e+00 1.09e-04
2.05948e+00 1.09e-04
2.05995e+00 1.08e-04
2.06042e+00 1.08e-04
2.06090e+00 1.08e-04
2.06137e+00 1.08e-04
2.06184e+00 1.08e-04
2.06232e+00 1.08e-04
2.06279e+00 1.08e-04
2.06326e+00 1.07e-04
2.06374e+00 1.07e-04
2.06421e+00 1.07e-04
2.06470e+00 1.07e-04
2.06517e+00 1.07e-04
2.06565e+00 1.07e-04
2.06613e+00 1.07e-04
2.06661e+00 1.06e-04
2.06709e+00 1.06e-04
2.06757e+00 1.06e-04
2.06805e+00 1.06e-04
2.06853e+00 1.06e-04
2.06901e+00 1.06e-04
2.06949e+00 1.06e-04
2.06998e+00 1.05e-04
2.07046e+00 1.05e-04
2.07096e+00 1.05e-04
2.07143e+00 1.05e-04
2.07193e+00 1.05e-04
2.07242e+00 1.05e-04
2.07290e+00 1.05e-04
2.07339e+00 1.04e-04
2.07388e+00 1.04e-04
2.07437e+00 1.04e-04
2.07486e+00 1.04e-04
2.07536e+00 1.04e-04
2.07585e+00 1.04e-04
2.07634e+00 1.04e-04
2.07684e+00 1.03e-04
2.07733e+00 1.03e-04
2.07783e+00 1.03e-04
2.07832e+00 1.03e-04
2.07882e+00 1.03e-04
2.07932e+00 1.03e-04
2.07982e+00 1.03e-04
2.08032e+00 1.02e-04
2.08082e+00 1.02e-04
2.08131e+00 1.02e-04
2.08181e+00 1.02e-04
2.08231e+00 1.02e-04
2.08282e+00 1.02e-04
2.08332e+00 1.01e-04
2.08383e+00 1.01e-04
2.08433e+00 1.01e-04
2.08484e+00 1.01e-04
2.08535e+00 1.01e-04
2.08586e+00 1.01e-04
2.08636e+00 1.01e-04
2.08686e+00 1.00e-04
2.08738e+00 1.00e-04
2.08789e+00 1.00e-04
2.08840e+00 1.00e-04
2.08891e+00 9.99e-05
2.08943e+00 9.98e-05
2.08994e+00 9.96e-05
2.09046e+00 9.95e-05
2.09097e+00 9.93e-05
2.09149e+00 9.92e-05
2.09201e+00 9.90e-05
2.09253e+00 9.89e-05
2.09305e+00 9.87e-05
2.09357e+00 9.86e-05
2.09408e+00 9.84e-05
2.09460e+00 9.83e-05
2.09513e+00 9.81e-05
2.09565e+00 9.80e-05
2.09618e+00 9.79e-05
2.09670e+00 9.77e-05
2.09723e+00 9.76e-05
2.09775e+00 9.74e-05
2.09828e+00 9.73e-05
2.09882e+00 9.71e-05
2.09934e+00 9.70e-05
2.09987e+00 9.68e-05
2.10040e+00 9.67e-05
2.10093e+00 9.65e-05
2.10146e+00 9.64e-05
2.10200e+00 9.62e-05
2.10254e+00 9.61e-05
2.10307e+00 9.60e-05
2.10361e+00 9.58e-05
2.10415e+00 9.57e-05
2.10468e+00 9.55e-05
2.10522e+00 9.54e-05
2.10577e+00 9.52e-05
2.10630e+00 9.51e-05
2.10685e+00 9.49e-05
2.10738e+00 9.48e-05
2.10793e+00 9.46e-05
2.10848e+00 9.45e-05
2.10902e+00 9.44e-05
2.10957e+00 9.42e-05
2.11012e+00 9.41e-05
2.11066e+00 9.39e-05
2.11122e+00 9.38e-05
2.11176e+00 9.36e-05
2.11232e+00 9.35e-05
2.11288e+00 9.33e-05
2.11343e+00 9.32e-05
2.11399e+00 9.30e-05
2.11454e+00 9.29e-05
2.11510e+00 9.27e-05
2.11565e+00 9.26e-05
2.11621e+00 9.24e-05
2.11677e+00 9.23e-05
2.11734e+00 9.22e-05
2.11789e+00 9.20e-05
2.11846e+00 9.19e-05
2.11902e+00 9.17e-05
2.11959e+00 9.16e-05
2.12015e+00 9.14e-05
2.12073e+00 9.13e-05
2.12129e+00 9.11e-05
2.12187e+00 9.10e-05
2.12243e+00 9.08e-05
2.12300e+00 9.07e-05
2.12358e+00 9.05e-05
2.12415e+00 9.04e-05
2.12473e+00 9.02e-05
2.12530e+00 9.01e-05
2.12588e+00 8.99e-05
2.12646e+00 8.98e-05
2.12704e+00 8.96e-05
2.12761e+00 8.95e-05
2.12820e+00 8.93e-05
2.12878e+00 8.92e-05
2.12936e+00 8.91e-05
2.12996e+00 8.89e-05
2.13054e+00 8.88e-05
2.13113e+00 8.86e-05
2.13171e+00 8.85e-05
2.13231e+00 8.83e-05
2.13290e+00 8.82e-05
2.13349e+00 8.80e-05
2.13408e+00 8.79e-05
2.13468e+00 8.77e-05
2.13528e+00 8.76e-05
2.13587e+00 8.74e-05
2.13647e+00 8.73e-05
2.13707e+00 8.71e-05
2.13768e+00 8.70e-05
2.13828e+00 8.68e-05
2.13888e+00 8.67e-05
2.13948e+00 8.65e-05
2.14009e+00 8.64e-05
2.14070e+00 8.62e-05
2.14130e+00 8.61e-05
2.14191e+00 8.59e-05
2.14253e+00 8.58e-05
2.14314e+00 8.56e-05
2.14375e+00 8.55e-05
2.14437e+00 8.53e-05
2.14498e+00 8.52e-05
2.14560e+00 8.50e-05
2.14622e+00 8.49e-05
2.14684e+00 8.47e-05
2.14747e+00 8.46e-05
2.14809e+00 8.44e-05
2.14872e+00 8.43e-05
2.14934e+00 8.41e-05
2.14997e+00 8.40e-05
2.15060e+00 8.38e-05
2.15123e+00 8.37e-05
2.15187e+00 8.35e-05
2.15249e+00 8.34e-05
2.15313e+00 8.32e-05
2.15377e+00 8.31e-05
2.15441e+00 8.29e-05
2.15505e+00 8.28e-05
2.15568e+00 8.26e-05
2.15633e+00 8.25e-05
2.15697e+00 8.23e-05
2.15762e+00 8.22e-05
2.15826e+00 8.20e-05
2.15891e+00 8.19e-05
2.15957e+00 8.17e-05
2.16021e+00 8.16e-05
2.16087e+00 8.14e-05
2.16153e+00 8.13e-05
2.16218e+00 8.11e-05
2.16284e+00 8.10e-05
2.16350e+00 8.08e-05
2.16416e+00 8.06e-05
2.16483e+00 8.05e-05
2.16548e+00 8.03e-05
2.16616e+00 8.02e-05
2.16682e+00 8.00e-05
2.16749e+00 7.99e-05
2.16816e+00 7.97e-05
2.16884e+00 7.96e-05
2.16951e+00 7.94e-05
2.17018e+00 7.93e-05
2.17086e+00 7.91e-05
2.17154e+00 7.90e-05
2.17223e+00 7.88e-05
2.17291e+00 7.87e-05
2.17359e+00 7.85e-05
2.17427e+00 7.84e-05
2.17497e+00 7.82e-05
2.17566e+00 7.80e-05
2.17635e+00 7.79e-05
2.17704e+00 7.77e-05
2.17774e+00 7.76e-05
2.17844e+00 7.74e-05
2.17914e+00 7.73e-05
2.17984e+00 7.71e-05
2.18054e+00 7.70e-05
2.18125e+00 7.68e-05
2.18195e+00 7.67e-05
2.18266e+00 7.65e-05
2.18337e+00 7.63e-05
2.18408e+00 7.62e-05
2.18480e+00 7.60e-05
2.18552e+00 7.59e-05
2.18624e+00 7.57e-05
2.18696e+00 7.56e-05
2.18768e+00 7.54e-05
2.18841e+00 7.53e-05
2.18914e+00 7.51e-05
2.18986e+00 7.49e-05
2.19060e+00 7.48e-05
2.19133e+00 7.46e-05
2.19207e+00 7.45e-05
2.19280e+00 7.43e-05
2.19354e+00 7.42e-05
2.19429e+00 7.40e-05
2.19503e+00 7.38e-05
2.19578e+00 7.37e-05
2.19652e+00 7.35e-05
2.19728e+00 7.34e-05
2.19804e+00 7.32e-05
2.19879e+00 7.31e-05
2.19954e+00 7.29e-05
2.20031e+00 7.27e-05
2.20107e+00 7.26e-05
2.20184e+00 7.24e-05
2.20260e+00 7.23e-05
2.20337e+00 7.21e-05
2.20415e+00 7.19e-05
2.20492e+00 7.18e-05
2.20569e+00 7.16e-05
2.20647e+00 7.15e-05
2.20725e+00 7.13e-05
2.20804e+00 7.11e-05
2.20882e+00 7.10e-05
2.20961e+00 7.08e-05
2.21040e+00 7.07e-05
2.21120e+00 7.05e-05
2.21200e+00 7.03e-05
2.21280e+00 7.02e-05
2.21360e+00 7.00e-05
2.21441e+00 6.99e-05
2.21522e+00 6.97e-05
2.21602e+00 6.95e-05
2.21684e+00 6.94e-05
2.21766e+00 6.92e-05
2.21847e+00 6.91e-05
2.21930e+00 6.89e-05
2.22013e+00 6.87e-05
2.22095e+00 6.86e-05
2.22178e+00 6.84e-05
2.22261e+00 6.82e-05
2.22346e+00 6.81e-05
2.22429e+00 6.79e-05
2.22513e+00 6.77e-05
2.22555e+00 6.72e-05
2.22641e+00 6.71e-05
2.22725e+00 6.69e-05
2.22811e+00 6.67e-05
2.22896e+00 6.66e-05
2.22982e+00 6.64e-05
2.23068e+00 6.62e-05
2.23155e+00 6.61e-05
2.23242e+00 6.59e-05
2.23329e+00 6.57e-05
2.23417e+00 6.56e-05
2.23504e+00 6.54e-05
2.23593e+00 6.53e-05
2.23681e+00 6.51e-05
2.23771e+00 6.49e-05
2.23859e+00 6.48e-05
2.23950e+00 6.46e-05
2.24039e+00 6.44e-05
2.24129e+00 6.43e-05
2.24220e+00 6.41e-05
2.24311e+00 6.39e-05
2.24402e+00 6.38e-05
2.24495e+00 6.36e-05
2.24587e+00 6.34e-05
2.24679e+00 6.33e-05
2.24772e+00 6.31e-05
2.24866e+00 6.29e-05
2.24960e+00 6.28e-05
2.25053e+00 6.26e-05
2.25148e+00 6.24e-05
2.25243e+00 6.22e-05
2.25338e+00 6.21e-05
2.25434e+00 6.19e-05
2.25529e+00 6.17e-05
2.25627e+00 6.16e-05
2.25723e+00 6.14e-05
2.25820e+00 6.12e-05
2.25919e+00 6.10e-05
2.26017e+00 6.09e-05
2.26116e+00 6.07e-05
2.26215e+00 6.05e-05
2.26315e+00 6.04e-05
2.26415e+00 6.02e-05
2.26515e+00 6.00e-05
2.26616e+00 5.98e-05
2.26718e+00 5.97e-05
2.26820e+00 5.95e-05
2.26922e+00 5.93e-05
2.27026e+00 5.91e-05
2.27129e+00 5.90e-05
2.27233e+00 5.88e-05
2.27337e+00 5.86e-05
2.27442e+00 5.84e-05
2.27548e+00 5.83e-05
2.27654e+00 5.81e-05
2.27761e+00 5.79e-05
2.27868e+00 5.77e-05
2.27976e+00 5.75e-05
2.28084e+00 5.74e-05
2.28193e+00 5.72e-05
2.28303e+00 5.70e-05
2.28413e+00 5.68e-05
2.28523e+00 5.66e-05
2.28634e+00 5.65e-05
2.28746e+00 5.63e-05
2.28858e+00 5.61e-05
2.28971e+00 5.59e-05
2.29085e+00 5.57e-05
2.29199e+00 5.56e-05
2.29314e+00 5.54e-05
2.29429e+00 5.52e-05
2.29546e+00 5.50e-05
2.29663e+00 5.48e-05
2.29780e+00 5.46e-05
2.29898e+00 5.44e-05
2.30017e+00 5.43e-05
2.30136e+00 5.41e-05
2.30258e+00 5.39e-05
2.30378e+00 5.37e-05
2.30498e+00 5.35e-05
2.30618e+00 5.33e-05
2.30747e+00 5.31e-05
2.30867e+00 5.29e-05
2.30996e+00 5.28e-05
2.31125e+00 5.26e-05
2.31244e+00 5.24e-05
2.31372e+00 5.22e-05
2.31501e+00 5.20e-05
2.31629e+00 5.18e-05
2.31757e+00 5.16e-05
2.31895e+00 5.14e-05
2.32023e+00 5.12e-05
2.32160e+00 5.10e-05
2.32288e+00 5.08e-05
2.32425e+00 5.06e-05
2.32562e+00 5.04e-05
2.32698e+00 5.02e-05
2.32835e+00 5.00e-05
2.32971e+00 4.98e-05
2.33108e+00 4.96e-05
2.33253e+00 4.94e-05
2.33389e+00 4.92e-05
2.33534e+00 4.90e-05
2.33679e+00 4.88e-05
2.33824e+00 4.86e-05
2.33969e+00 4.84e-05
2.34113e+00 4.82e-05
2.34267e+00 4.80e-05
2.34411e+00 4.78e-05
2.34564e+00 4.76e-05
2.34718e+00 4.74e-05
2.34871e+00 4.72e-05
2.35023e+00 4.70e-05
2.35176e+00 4.68e-05
2.35337e+00 4.65e-05
2.35499e+00 4.63e-05
2.35650e+00 4.61e-05
2.35811e+00 4.59e-05
2.35982e+00 4.57e-05
2.36142e+00 4.55e-05
2.36312e+00 4.53e-05
2.36471e+00 4.50e-05
2.36640e+00 4.48e-05
2.36819e+00 4.46e-05
2.36987e+00 4.44e-05
2.37164e+00 4.42e-05
2.37332e+00 4.39e-05
2.37518e+00 4.37e-05
2.37695e+00 4.35e-05
2.37871e+00 4.33e-05
2.38056e+00 4.30e-05
2.38241e+00 4.28e-05
2.38426e+00 4.26e-05
2.38619e+00 4.23e-05
2.38812e+00 4.21e-05
2.39005e+00 4.19e-05
2.39197e+00 4.16e-05
2.39398e+00 4.14e-05
2.39598e+00 4.12e-05
2.39799e+00 4.09e-05
2.40007e+00 4.07e-05
2.40216e+00 4.04e-05
2.40424e+00 4.02e-05
2.40640e+00 3.99e-05
2.40848e+00 3.97e-05
2.41072e+00 3.94e-05
2.41296e+00 3.92e-05
2.41520e+00 3.89e-05
2.41743e+00 3.87e-05
2.41975e+00 3.84e-05
2.42214e+00 3.82e-05
2.42454e+00 3.79e-05
2.42692e+00 3.76e-05
2.42939e+00 3.74e-05
2.43186e+00 3.71e-05
2.43440e+00 3.68e-05
2.43694e+00 3.65e-05
2.43956e+00 3.63e-05
2.44226e+00 3.60e-05
2.44495e+00 3.57e-05
2.44772e+00 3.54e-05
2.45057e+00 3.51e-05
2.45342e+00 3.48e-05
2.45634e+00 3.45e-05
2.45933e+00 3.42e-05
2.46241e+00 3.39e-05
2.46547e+00 3.36e-05
2.46861e+00 3.33e-05
2.47191e+00 3.30e-05
2.47519e+00 3.27e-05
2.47855e+00 3.23e-05
2.48207e+00 3.20e-05
2.48566e+00 3.17e-05
2.48923e+00 3.13e-05
2.49304e+00 3.10e-05
2.49684e+00 3.07e-05
2.50078e+00 3.03e-05
2.50487e+00 2.99e-05
2.50911e+00 2.96e-05
2.51341e+00 2.92e-05
2.51786e+00 2.88e-05
2.52252e+00 2.84e-05
2.52733e+00 2.80e-05
2.53227e+00 2.76e-05
2.53742e+00 2.72e-05
2.54286e+00 2.68e-05
2.54843e+00 2.63e-05
2.55428e+00 2.59e-05
2.56048e+00 2.54e-05
2.56695e+00 2.50e-05
2.57376e+00 2.45e-05
2.58097e+00 2.40e-05
2.58867e+00 2.34e-05
2.59264e+00 2.32e-05
2.60113e+00 2.26e-05
2.61029e+00 2.20e-05
2.62024e+00 2.14e-05
2.62554e+00 2.10e-05
2.63110e+00 2.07e-05
2.63698e+00 2.03e-05
2.64319e+00 2.00e-05
2.64971e+00 1.96e-05
2.65669e+00 1.92e-05
2.66410e+00 1.88e-05
2.67215e+00 1.84e-05
2.68082e+00 1.79e-05
2.69029e+00 1.74e-05
2.70069e+00 1.69e-05
2.71231e+00 1.63e-05
2.72543e+00 1.57e-05
2.74065e+00 1.50e-05
2.75874e+00 1.43e-05
2.78130e+00 1.34e-05
2.81151e+00 1.22e-05
2.85859e+00 1.06e-05
2.99573e+00 7.11e-06
