# OPACITY Project tables
-2.61515e+00 3.03e+01
-2.27341e+00 1.03e+01
-2.07433e+00 5.50e+00
-1.93351e+00 3.54e+00
-1.82455e+00 2.51e+00
-1.73574e+00 1.90e+00
-1.66078e+00 1.50e+00
-1.59603e+00 1.23e+00
-1.53898e+00 1.03e+00
-1.48802e+00 8.77e-01
-1.44198e+00 7.60e-01
-1.40003e+00 6.67e-01
-1.36148e+00 5.91e-01
-1.32584e+00 5.29e-01
-1.29269e+00 4.77e-01
-1.26174e+00 4.33e-01
-1.23268e+00 3.96e-01
-1.20531e+00 3.64e-01
-1.17944e+00 3.36e-01
-1.15493e+00 3.11e-01
-1.13165e+00 2.89e-01
-1.10945e+00 2.70e-01
-1.08827e+00 2.53e-01
-1.06799e+00 2.38e-01
-1.04857e+00 2.24e-01
-1.02994e+00 2.11e-01
-1.01200e+00 2.00e-01
-9.94739e-01 1.89e-01
-9.78086e-01 1.80e-01
-9.62021e-01 1.71e-01
-9.46492e-01 1.66e-01
-9.31455e-01 1.58e-01
-9.16916e-01 1.52e-01
-9.02807e-01 1.45e-01
-8.89113e-01 1.39e-01
-8.75797e-01 1.34e-01
-8.62868e-01 1.29e-01
-8.50292e-01 1.24e-01
-8.38057e-01 1.20e-01
-8.26130e-01 1.16e-01
-8.14502e-01 1.12e-01
-8.03185e-01 1.09e-01
-7.92106e-01 1.06e-01
-7.81301e-01 1.04e-01
-7.70741e-01 1.03e-01
-7.60420e-01 1.06e-01
-7.50331e-01 1.08e-01
-7.40469e-01 1.09e-01
-7.30787e-01 1.10e-01
-7.21320e-01 1.12e-01
-7.12045e-01 1.12e-01
-7.02955e-01 1.09e-01
-6.94048e-01 1.04e-01
-6.85298e-01 9.84e-02
-6.76723e-01 9.40e-02
-6.68298e-01 8.86e-02
-6.60041e-01 7.96e-02
-6.51909e-01 7.46e-02
-6.43938e-01 7.12e-02
-6.36087e-01 6.84e-02
-6.28390e-01 6.60e-02
-6.20808e-01 6.39e-02
-6.13357e-01 6.20e-02
-6.06016e-01 6.03e-02
-5.98801e-01 5.87e-02
-5.91692e-01 5.72e-02
-5.84687e-01 5.58e-02
-5.77803e-01 5.45e-02
-5.71018e-01 5.33e-02
-5.64314e-01 5.21e-02
-5.51231e-01 4.99e-02
-5.38505e-01 4.79e-02
-5.26142e-01 4.61e-02
-5.20085e-01 7.78e-02
-5.08196e-01 7.51e-02
-4.96610e-01 7.25e-02
-4.85320e-01 7.01e-02
-4.74301e-01 6.79e-02
-4.63545e-01 6.58e-02
-4.53044e-01 6.37e-02
-4.42778e-01 6.18e-02
-4.32739e-01 6.00e-02
-4.22922e-01 5.83e-02
-4.13321e-01 5.67e-02
-4.03901e-01 5.51e-02
-3.94688e-01 5.36e-02
-3.85662e-01 5.22e-02
-3.76819e-01 5.09e-02
-3.68126e-01 4.96e-02
-3.59622e-01 4.84e-02
-3.51261e-01 4.72e-02
-3.43054e-01 4.61e-02
-3.34997e-01 4.50e-02
-3.27088e-01 4.39e-02
-3.19310e-01 4.29e-02
-3.11661e-01 4.20e-02
-3.04150e-01 4.11e-02
-2.96750e-01 4.02e-02
-2.89484e-01 3.93e-02
-2.82323e-01 3.85e-02
-2.75279e-01 3.77e-02
-2.68350e-01 3.70e-02
-2.61521e-01 3.62e-02
-2.54802e-01 3.55e-02
-2.48167e-01 3.48e-02
-2.41639e-01 3.42e-02
-2.35203e-01 3.35e-02
-2.28860e-01 3.29e-02
-2.22606e-01 3.23e-02
-2.16441e-01 3.17e-02
-2.10363e-01 3.12e-02
-2.04359e-01 3.06e-02
-1.98439e-01 3.01e-02
-1.92590e-01 2.96e-02
-1.86824e-01 2.91e-02
-1.81126e-01 2.86e-02
-1.75509e-01 2.81e-02
-1.69958e-01 2.77e-02
-1.64474e-01 2.72e-02
-1.59054e-01 2.68e-02
-1.53699e-01 2.64e-02
-1.48407e-01 2.60e-02
-1.43189e-01 2.56e-02
-1.38021e-01 2.52e-02
-1.32914e-01 2.48e-02
-1.27867e-01 2.44e-02
-1.22868e-01 2.41e-02
-1.17928e-01 2.37e-02
-1.13057e-01 2.34e-02
-1.08220e-01 2.31e-02
-1.03440e-01 2.27e-02
-9.87160e-02 2.24e-02
-9.40360e-02 2.21e-02
-8.94106e-02 2.18e-02
-8.48283e-02 2.15e-02
-8.02994e-02 2.13e-02
-7.58125e-02 2.10e-02
-7.13671e-02 2.07e-02
-6.69735e-02 2.04e-02
-6.26097e-02 2.02e-02
-5.82967e-02 1.99e-02
-5.40233e-02 1.97e-02
-4.97997e-02 1.94e-02
-4.56042e-02 1.92e-02
-4.14576e-02 1.90e-02
-3.73385e-02 1.87e-02
-3.32673e-02 1.85e-02
-2.92229e-02 1.83e-02
-2.52255e-02 1.81e-02
-2.12543e-02 1.79e-02
-1.73293e-02 1.77e-02
-1.34298e-02 1.75e-02
-9.56560e-03 1.73e-02
-5.73642e-03 1.71e-02
-1.94188e-03 1.69e-02
1.79838e-03 1.67e-02
5.58438e-03 1.65e-02
9.25702e-03 1.63e-02
1.29162e-02 1.62e-02
1.65621e-02 1.60e-02
2.01947e-02 1.58e-02
2.38142e-02 1.56e-02
2.73233e-02 1.55e-02
3.08201e-02 1.53e-02
3.43048e-02 1.52e-02
3.77774e-02 1.50e-02
4.12379e-02 1.49e-02
4.46865e-02 1.47e-02
4.80280e-02 1.46e-02
5.14533e-02 1.44e-02
5.47722e-02 1.43e-02
5.80802e-02 1.41e-02
6.13773e-02 1.40e-02
6.46635e-02 1.39e-02
6.78455e-02 1.37e-02
7.11106e-02 1.36e-02
7.42722e-02 1.35e-02
7.74239e-02 1.34e-02
8.06579e-02 1.32e-02
8.37895e-02 1.31e-02
8.68197e-02 1.30e-02
8.99321e-02 1.29e-02
9.30349e-02 1.28e-02
9.60372e-02 1.27e-02
9.90305e-02 1.25e-02
1.02015e-01 1.24e-02
1.05080e-01 1.23e-02
1.07957e-01 1.22e-02
1.10915e-01 1.21e-02
1.13864e-01 1.20e-02
1.16805e-01 1.19e-02
1.19648e-01 1.18e-02
1.22483e-01 1.17e-02
1.25398e-01 1.16e-02
1.28217e-01 1.15e-02
1.31028e-01 1.14e-02
1.33831e-01 1.13e-02
1.36539e-01 1.12e-02
1.39327e-01 1.11e-02
1.42107e-01 1.10e-02
1.44793e-01 1.10e-02
1.47471e-01 1.09e-02
1.50229e-01 1.08e-02
1.52893e-01 1.07e-02
1.55550e-01 1.06e-02
1.58200e-01 1.05e-02
1.60757e-01 1.05e-02
1.63394e-01 1.04e-02
1.66023e-01 1.03e-02
1.68561e-01 1.02e-02
1.71176e-01 1.01e-02
1.73701e-01 1.01e-02
1.76220e-01 9.99e-03
1.78732e-01 9.92e-03
1.81321e-01 9.84e-03
1.83737e-01 9.77e-03
1.86231e-01 9.70e-03
1.88718e-01 9.63e-03
1.91199e-01 9.56e-03
1.93591e-01 9.49e-03
1.96060e-01 9.42e-03
1.98441e-01 9.36e-03
2.00898e-01 9.29e-03
2.03267e-01 9.23e-03
2.05631e-01 9.16e-03
2.07989e-01 9.10e-03
2.10342e-01 9.03e-03
2.12689e-01 8.97e-03
2.15031e-01 8.91e-03
2.17286e-01 8.85e-03
2.19617e-01 8.79e-03
2.21943e-01 8.73e-03
2.24183e-01 8.67e-03
2.26418e-01 8.62e-03
2.28728e-01 8.56e-03
2.30953e-01 8.50e-03
2.33173e-01 8.45e-03
2.35388e-01 8.39e-03
2.37599e-01 8.34e-03
2.39804e-01 8.28e-03
2.42005e-01 8.23e-03
2.44200e-01 8.18e-03
2.46313e-01 8.12e-03
2.48499e-01 8.07e-03
2.50681e-01 8.02e-03
2.52780e-01 7.97e-03
2.54875e-01 7.92e-03
2.57042e-01 7.87e-03
2.59128e-01 7.82e-03
2.61210e-01 7.77e-03
2.63287e-01 7.73e-03
2.65360e-01 7.68e-03
2.67428e-01 7.63e-03
2.69493e-01 7.59e-03
2.71553e-01 7.54e-03
2.73609e-01 7.50e-03
2.75660e-01 7.45e-03
2.77632e-01 7.41e-03
2.79675e-01 7.36e-03
2.81639e-01 7.32e-03
2.83674e-01 7.28e-03
2.85630e-01 7.23e-03
2.87582e-01 7.19e-03
2.89605e-01 7.15e-03
2.91550e-01 7.11e-03
2.93490e-01 7.07e-03
2.95427e-01 7.03e-03
2.97360e-01 6.99e-03
2.99289e-01 6.95e-03
3.01215e-01 6.91e-03
3.03137e-01 6.87e-03
3.04982e-01 6.83e-03
3.06896e-01 6.79e-03
3.08807e-01 6.76e-03
3.10641e-01 6.72e-03
3.12545e-01 6.68e-03
3.14373e-01 6.65e-03
3.16270e-01 6.61e-03
3.18090e-01 6.57e-03
3.19907e-01 6.54e-03
3.21794e-01 6.50e-03
3.23604e-01 6.47e-03
3.25411e-01 6.43e-03
3.27215e-01 6.40e-03
3.29016e-01 6.36e-03
3.30813e-01 6.33e-03
3.32608e-01 6.30e-03
3.34399e-01 6.26e-03
3.36115e-01 6.23e-03
3.37900e-01 6.20e-03
3.39681e-01 6.17e-03
3.41389e-01 6.14e-03
3.43164e-01 6.10e-03
3.44936e-01 6.07e-03
3.46635e-01 6.04e-03
3.48330e-01 6.01e-03
3.50093e-01 5.98e-03
3.51783e-01 5.95e-03
3.53470e-01 5.92e-03
3.55224e-01 5.89e-03
3.56905e-01 5.86e-03
3.58583e-01 5.83e-03
3.60259e-01 5.80e-03
3.61931e-01 5.78e-03
3.63601e-01 5.75e-03
3.65268e-01 5.72e-03
3.66932e-01 5.69e-03
3.68594e-01 5.66e-03
3.70183e-01 5.64e-03
3.71839e-01 5.61e-03
3.73493e-01 5.58e-03
3.75075e-01 5.56e-03
3.76723e-01 5.53e-03
3.78299e-01 5.50e-03
3.79942e-01 5.48e-03
3.81514e-01 5.45e-03
3.83151e-01 5.43e-03
3.84718e-01 5.40e-03
3.86282e-01 5.37e-03
3.87912e-01 5.35e-03
3.89471e-01 5.32e-03
3.91028e-01 5.30e-03
3.92582e-01 5.28e-03
3.94134e-01 5.25e-03
3.95684e-01 5.23e-03
3.97231e-01 5.20e-03
3.98776e-01 5.18e-03
4.00319e-01 5.16e-03
4.01859e-01 5.13e-03
4.03396e-01 5.11e-03
4.04932e-01 5.09e-03
4.06465e-01 5.07e-03
4.07929e-01 5.04e-03
4.09457e-01 5.02e-03
4.10983e-01 5.00e-03
4.12441e-01 4.98e-03
4.13962e-01 4.95e-03
4.15415e-01 4.93e-03
4.16932e-01 4.91e-03
4.18381e-01 4.89e-03
4.19828e-01 4.87e-03
4.21338e-01 4.85e-03
4.22781e-01 4.83e-03
4.24221e-01 4.81e-03
4.25725e-01 4.79e-03
4.27161e-01 4.77e-03
4.28596e-01 4.75e-03
4.30028e-01 4.73e-03
4.31458e-01 4.71e-03
4.32886e-01 4.69e-03
4.34312e-01 4.67e-03
4.35736e-01 4.65e-03
4.37158e-01 4.63e-03
4.38577e-01 4.61e-03
4.39995e-01 4.59e-03
4.41411e-01 4.57e-03
4.42761e-01 4.55e-03
4.44173e-01 4.53e-03
4.45583e-01 4.51e-03
4.46927e-01 4.50e-03
4.48333e-01 4.48e-03
4.49737e-01 4.46e-03
4.51076e-01 4.44e-03
4.52476e-01 4.42e-03
4.53811e-01 4.41e-03
4.55207e-01 4.39e-03
4.56538e-01 4.37e-03
4.57931e-01 4.35e-03
4.59259e-01 4.34e-03
4.60584e-01 4.32e-03
4.61971e-01 4.30e-03
4.63294e-01 4.29e-03
4.64614e-01 4.27e-03
4.65933e-01 4.25e-03
4.67250e-01 4.24e-03
4.68565e-01 4.22e-03
4.69941e-01 4.20e-03
4.71253e-01 4.19e-03
4.72563e-01 4.17e-03
4.73871e-01 4.16e-03
4.75178e-01 4.14e-03
4.76420e-01 4.12e-03
4.77724e-01 4.11e-03
4.79025e-01 4.09e-03
4.80325e-01 4.08e-03
4.81623e-01 4.06e-03
4.82920e-01 4.05e-03
4.84153e-01 4.03e-03
4.85446e-01 4.02e-03
4.86738e-01 4.00e-03
4.87966e-01 3.99e-03
4.89255e-01 3.97e-03
4.90480e-01 3.96e-03
4.91765e-01 3.94e-03
4.93049e-01 3.93e-03
4.94269e-01 3.92e-03
4.95489e-01 3.90e-03
4.96767e-01 3.89e-03
4.97984e-01 3.87e-03
4.99259e-01 3.86e-03
5.00472e-01 3.85e-03
5.01684e-01 3.83e-03
5.02955e-01 3.82e-03
5.04163e-01 3.81e-03
5.05371e-01 3.79e-03
5.06577e-01 3.78e-03
5.07781e-01 3.77e-03
5.09044e-01 3.75e-03
5.10245e-01 3.74e-03
5.11445e-01 3.73e-03
5.12644e-01 3.71e-03
5.13841e-01 3.70e-03
5.15037e-01 3.69e-03
5.16231e-01 3.67e-03
5.17424e-01 3.66e-03
5.18615e-01 3.65e-03
5.19746e-01 3.64e-03
5.20934e-01 3.62e-03
5.22122e-01 3.61e-03
5.23307e-01 3.60e-03
5.24492e-01 3.59e-03
5.25616e-01 3.58e-03
5.26797e-01 3.56e-03
5.27978e-01 3.55e-03
5.29157e-01 3.54e-03
5.30275e-01 3.53e-03
5.31451e-01 3.52e-03
5.32568e-01 3.51e-03
5.33741e-01 3.49e-03
5.34855e-01 3.48e-03
5.36025e-01 3.47e-03
5.37136e-01 3.46e-03
5.38305e-01 3.45e-03
5.39413e-01 3.44e-03
5.40579e-01 3.43e-03
5.41685e-01 3.41e-03
5.42789e-01 3.40e-03
5.43951e-01 3.39e-03
5.45053e-01 3.38e-03
5.46154e-01 3.37e-03
5.47312e-01 3.36e-03
5.48410e-01 3.35e-03
5.49508e-01 3.34e-03
5.50604e-01 3.33e-03
5.51699e-01 3.32e-03
5.52850e-01 3.31e-03
5.53943e-01 3.30e-03
5.55034e-01 3.29e-03
5.56124e-01 3.28e-03
5.57213e-01 3.27e-03
5.58301e-01 3.26e-03
5.59387e-01 3.25e-03
5.60473e-01 3.24e-03
5.61557e-01 3.23e-03
5.62640e-01 3.22e-03
5.63722e-01 3.21e-03
5.64745e-01 3.20e-03
5.65825e-01 3.19e-03
5.66903e-01 3.18e-03
5.67981e-01 3.17e-03
5.69057e-01 3.16e-03
5.70075e-01 3.15e-03
5.71149e-01 3.14e-03
5.72222e-01 3.13e-03
5.73293e-01 3.12e-03
5.74307e-01 3.11e-03
5.75377e-01 3.10e-03
5.76445e-01 3.09e-03
5.77456e-01 3.09e-03
5.78522e-01 3.08e-03
5.79530e-01 3.07e-03
5.80594e-01 3.06e-03
5.81601e-01 3.05e-03
5.82662e-01 3.04e-03
5.83667e-01 3.03e-03
5.84726e-01 3.02e-03
5.85729e-01 3.02e-03
5.86786e-01 3.01e-03
5.87787e-01 3.00e-03
5.88786e-01 2.99e-03
5.89840e-01 2.98e-03
5.90838e-01 2.97e-03
5.91834e-01 2.97e-03
5.92885e-01 2.96e-03
5.93879e-01 2.95e-03
5.94873e-01 2.94e-03
5.95865e-01 2.93e-03
5.96857e-01 2.92e-03
5.97902e-01 2.92e-03
5.98891e-01 2.91e-03
5.99880e-01 2.90e-03
6.00867e-01 2.89e-03
6.01854e-01 2.89e-03
6.02839e-01 2.88e-03
6.03824e-01 2.87e-03
6.04808e-01 2.86e-03
6.05790e-01 2.85e-03
6.06772e-01 2.85e-03
6.07753e-01 2.84e-03
6.08732e-01 2.83e-03
6.09711e-01 2.83e-03
6.10689e-01 2.82e-03
6.11666e-01 2.81e-03
6.12642e-01 2.80e-03
6.13617e-01 2.80e-03
6.14591e-01 2.79e-03
6.15510e-01 2.78e-03
6.16482e-01 2.77e-03
6.17453e-01 2.77e-03
6.18424e-01 2.76e-03
6.19339e-01 2.75e-03
6.20308e-01 2.75e-03
6.21275e-01 2.74e-03
6.22242e-01 2.73e-03
6.23154e-01 2.73e-03
6.24119e-01 2.72e-03
6.25082e-01 2.71e-03
6.25992e-01 2.71e-03
6.26954e-01 2.70e-03
6.27862e-01 2.69e-03
6.28822e-01 2.69e-03
6.29728e-01 2.68e-03
6.30686e-01 2.67e-03
6.31591e-01 2.67e-03
6.32548e-01 2.66e-03
6.33450e-01 2.65e-03
6.34405e-01 2.65e-03
6.35306e-01 2.64e-03
6.36259e-01 2.64e-03
6.37159e-01 2.63e-03
6.38110e-01 2.62e-03
6.39008e-01 2.62e-03
6.39905e-01 2.61e-03
6.40853e-01 2.61e-03
6.41749e-01 2.60e-03
6.42643e-01 2.59e-03
6.43537e-01 2.59e-03
6.44482e-01 2.58e-03
6.45374e-01 2.58e-03
6.46265e-01 2.57e-03
6.47156e-01 2.57e-03
6.48098e-01 2.56e-03
6.48986e-01 2.55e-03
6.49874e-01 2.55e-03
6.50761e-01 2.54e-03
6.51648e-01 2.54e-03
6.52533e-01 2.53e-03
6.53418e-01 2.53e-03
6.54302e-01 2.52e-03
6.55186e-01 2.52e-03
6.56120e-01 2.51e-03
6.57002e-01 2.51e-03
6.57883e-01 2.50e-03
6.58763e-01 2.49e-03
6.59642e-01 2.49e-03
6.60469e-01 2.48e-03
6.61347e-01 2.48e-03
6.62224e-01 2.47e-03
6.75594e-01 2.40e-03
6.88537e-01 2.34e-03
7.01215e-01 2.29e-03
7.12754e-01 2.24e-03
7.24016e-01 2.21e-03
7.34241e-01 2.19e-03
7.43603e-01 2.18e-03
7.51982e-01 2.18e-03
7.59918e-01 2.19e-03
7.66305e-01 2.20e-03
7.71912e-01 2.21e-03
7.76109e-01 2.23e-03
7.79554e-01 2.25e-03
7.82256e-01 2.26e-03
7.84312e-01 2.27e-03
7.85681e-01 2.28e-03
7.86364e-01 2.28e-03
7.87047e-01 2.29e-03
7.87730e-01 2.29e-03
7.88366e-01 2.30e-03
7.89048e-01 2.30e-03
7.89729e-01 2.31e-03
7.90410e-01 2.31e-03
7.91090e-01 2.32e-03
7.91770e-01 2.32e-03
7.92404e-01 2.33e-03
7.93083e-01 2.34e-03
7.93761e-01 2.34e-03
7.94439e-01 2.35e-03
7.95117e-01 2.35e-03
7.95749e-01 2.36e-03
7.96426e-01 2.37e-03
7.97102e-01 2.37e-03
7.97732e-01 2.38e-03
7.98408e-01 2.39e-03
7.99083e-01 2.39e-03
7.99757e-01 2.40e-03
8.00386e-01 2.41e-03
8.01059e-01 2.42e-03
8.01732e-01 2.42e-03
8.02360e-01 2.43e-03
8.03032e-01 2.44e-03
8.03704e-01 2.45e-03
8.04331e-01 2.46e-03
8.05002e-01 2.46e-03
8.05627e-01 2.47e-03
8.06297e-01 2.48e-03
8.06967e-01 2.49e-03
8.07591e-01 2.50e-03
8.08260e-01 2.51e-03
8.08884e-01 2.52e-03
8.09551e-01 2.53e-03
8.10174e-01 2.54e-03
8.10841e-01 2.55e-03
8.11463e-01 2.56e-03
8.12129e-01 2.57e-03
8.12751e-01 2.58e-03
8.13416e-01 2.59e-03
8.14036e-01 2.60e-03
8.14701e-01 2.61e-03
8.15321e-01 2.63e-03
8.15984e-01 2.64e-03
8.16603e-01 2.65e-03
8.17266e-01 2.66e-03
8.17884e-01 2.68e-03
8.18546e-01 2.69e-03
8.19163e-01 2.70e-03
8.19824e-01 2.72e-03
8.20440e-01 2.73e-03
8.21057e-01 2.74e-03
8.21716e-01 2.76e-03
8.22332e-01 2.77e-03
8.22947e-01 2.79e-03
8.23605e-01 2.80e-03
8.24219e-01 2.82e-03
8.24833e-01 2.83e-03
8.25490e-01 2.85e-03
8.26103e-01 2.87e-03
8.26716e-01 2.88e-03
8.27372e-01 2.90e-03
8.27984e-01 2.92e-03
8.28595e-01 2.93e-03
8.29250e-01 2.95e-03
8.29861e-01 2.97e-03
8.30471e-01 2.99e-03
8.31081e-01 3.01e-03
8.31735e-01 3.02e-03
8.32344e-01 3.04e-03
8.32953e-01 3.06e-03
8.33561e-01 3.08e-03
8.34213e-01 3.10e-03
8.34820e-01 3.13e-03
8.35428e-01 3.15e-03
8.36035e-01 3.17e-03
8.36641e-01 3.19e-03
8.37291e-01 3.21e-03
8.37897e-01 3.24e-03
8.38502e-01 3.26e-03
8.39107e-01 3.28e-03
8.39712e-01 3.31e-03
8.40316e-01 3.33e-03
8.40964e-01 3.36e-03
8.41567e-01 3.38e-03
8.42170e-01 3.41e-03
8.42773e-01 3.44e-03
8.43376e-01 3.46e-03
8.43978e-01 3.49e-03
8.44580e-01 3.52e-03
8.45181e-01 3.55e-03
8.45782e-01 3.58e-03
8.46383e-01 3.61e-03
8.46984e-01 3.64e-03
8.47584e-01 3.67e-03
8.48226e-01 3.70e-03
8.48825e-01 3.74e-03
8.49424e-01 3.77e-03
8.50023e-01 3.80e-03
8.50621e-01 3.84e-03
8.51219e-01 3.87e-03
8.51816e-01 3.91e-03
8.52413e-01 3.95e-03
8.53010e-01 3.98e-03
8.53606e-01 4.02e-03
8.54160e-01 4.06e-03
8.54756e-01 4.10e-03
8.55351e-01 4.14e-03
8.55946e-01 4.18e-03
8.56541e-01 4.22e-03
8.57135e-01 4.27e-03
8.57729e-01 4.31e-03
8.58323e-01 4.35e-03
8.58916e-01 4.40e-03
8.59509e-01 4.45e-03
8.60101e-01 4.49e-03
8.60693e-01 4.54e-03
8.61243e-01 4.59e-03
8.61835e-01 4.64e-03
8.62426e-01 4.69e-03
8.63017e-01 4.75e-03
8.63607e-01 4.80e-03
8.64197e-01 4.85e-03
8.64745e-01 4.91e-03
8.65334e-01 4.97e-03
8.65923e-01 5.03e-03
8.66512e-01 5.09e-03
8.67100e-01 5.15e-03
8.67689e-01 5.21e-03
8.68234e-01 5.27e-03
8.68822e-01 5.34e-03
8.69409e-01 5.40e-03
8.69995e-01 5.47e-03
8.70540e-01 5.54e-03
8.71126e-01 5.61e-03
8.71712e-01 5.68e-03
8.72297e-01 5.76e-03
8.72840e-01 5.83e-03
8.73425e-01 5.91e-03
8.74009e-01 5.99e-03
8.74552e-01 6.07e-03
8.75135e-01 6.15e-03
8.75719e-01 6.23e-03
8.76302e-01 6.32e-03
8.76843e-01 6.41e-03
8.77425e-01 6.50e-03
8.78007e-01 6.59e-03
8.78547e-01 6.68e-03
8.79129e-01 6.78e-03
8.79710e-01 6.88e-03
8.80249e-01 6.98e-03
8.80829e-01 7.08e-03
8.81368e-01 7.19e-03
8.81948e-01 7.30e-03
8.82527e-01 7.41e-03
8.83065e-01 7.52e-03
8.83644e-01 7.64e-03
8.84181e-01 7.76e-03
8.84759e-01 7.88e-03
8.85337e-01 8.00e-03
8.85873e-01 8.13e-03
8.86450e-01 8.25e-03
8.86985e-01 8.38e-03
8.87562e-01 8.51e-03
8.88097e-01 8.65e-03
8.88673e-01 8.79e-03
8.89248e-01 8.93e-03
8.89782e-01 9.08e-03
8.90357e-01 9.23e-03
8.90891e-01 9.38e-03
8.91465e-01 9.54e-03
8.91998e-01 9.70e-03
8.92572e-01 9.87e-03
8.93104e-01 1.00e-02
8.93677e-01 1.02e-02
8.94209e-01 1.04e-02
8.94781e-01 1.06e-02
8.95312e-01 1.08e-02
8.95843e-01 1.10e-02
8.96415e-01 1.11e-02
8.96945e-01 1.14e-02
8.97516e-01 1.16e-02
8.98045e-01 1.18e-02
8.98615e-01 1.20e-02
8.99145e-01 1.22e-02
8.99673e-01 1.25e-02
9.00243e-01 1.27e-02
9.00771e-01 1.29e-02
9.01340e-01 1.32e-02
9.01867e-01 1.34e-02
9.02395e-01 1.37e-02
9.02962e-01 1.40e-02
9.03489e-01 1.43e-02
9.04056e-01 1.45e-02
9.04582e-01 1.48e-02
9.05108e-01 1.52e-02
9.05675e-01 1.55e-02
9.06200e-01 1.58e-02
9.06725e-01 1.61e-02
9.07290e-01 1.65e-02
9.07815e-01 1.68e-02
9.08339e-01 1.72e-02
9.08904e-01 1.76e-02
9.09427e-01 1.79e-02
9.09951e-01 1.83e-02
9.10474e-01 1.88e-02
9.11037e-01 1.92e-02
9.11560e-01 1.96e-02
9.12082e-01 2.01e-02
9.12644e-01 2.05e-02
9.13166e-01 2.10e-02
9.13687e-01 2.15e-02
9.14209e-01 2.20e-02
9.14770e-01 2.25e-02
9.15290e-01 2.31e-02
9.15811e-01 2.36e-02
9.16331e-01 2.42e-02
9.16851e-01 2.48e-02
9.17410e-01 2.55e-02
9.17929e-01 2.61e-02
9.18448e-01 2.68e-02
9.18967e-01 2.75e-02
9.19486e-01 2.82e-02
9.20044e-01 2.89e-02
9.20562e-01 2.97e-02
9.21079e-01 3.04e-02
9.21597e-01 3.11e-02
9.22114e-01 3.18e-02
9.22631e-01 3.26e-02
9.23187e-01 3.34e-02
9.23703e-01 3.42e-02
9.24219e-01 3.51e-02
9.24735e-01 3.60e-02
9.25250e-01 3.69e-02
9.25766e-01 3.79e-02
9.26281e-01 3.89e-02
9.26835e-01 4.00e-02
9.27349e-01 4.11e-02
9.27864e-01 4.22e-02
9.28377e-01 4.35e-02
9.28891e-01 4.47e-02
9.29404e-01 4.61e-02
9.29917e-01 4.75e-02
9.30430e-01 4.90e-02
9.30943e-01 5.06e-02
9.31455e-01 5.23e-02
9.31967e-01 5.40e-02
9.32479e-01 5.59e-02
9.32991e-01 5.79e-02
9.33541e-01 6.01e-02
9.34052e-01 6.24e-02
9.34563e-01 6.49e-02
9.35073e-01 6.76e-02
9.35583e-01 7.05e-02
9.36093e-01 7.37e-02
9.36329e-01 7.54e-02
9.36603e-01 7.72e-02
9.36838e-01 7.91e-02
9.37112e-01 8.11e-02
9.37347e-01 8.32e-02
9.37622e-01 8.55e-02
9.37857e-01 8.79e-02
9.38130e-01 9.04e-02
9.38365e-01 9.31e-02
9.38639e-01 9.60e-02
9.38874e-01 9.92e-02
9.39148e-01 1.03e-01
9.39382e-01 1.06e-01
9.39656e-01 1.10e-01
9.39890e-01 1.15e-01
9.40163e-01 1.19e-01
9.40398e-01 1.25e-01
9.40671e-01 1.31e-01
9.40905e-01 1.37e-01
9.41139e-01 1.45e-01
9.41413e-01 1.54e-01
9.41647e-01 1.64e-01
9.41919e-01 1.75e-01
9.42153e-01 1.88e-01
9.42426e-01 2.02e-01
9.42660e-01 2.19e-01
9.42933e-01 2.36e-01
9.43439e-01 2.76e-01
9.43672e-01 2.96e-01
9.43945e-01 3.15e-01
9.44178e-01 3.34e-01
9.44450e-01 3.51e-01
9.44684e-01 3.68e-01
9.44956e-01 3.83e-01
9.45189e-01 3.98e-01
9.45422e-01 4.13e-01
9.45927e-01 4.40e-01
9.46432e-01 4.67e-01
9.46936e-01 4.94e-01
9.47441e-01 5.21e-01
9.47944e-01 5.48e-01
9.48448e-01 5.77e-01
9.48952e-01 6.06e-01
9.49455e-01 6.35e-01
9.49919e-01 6.66e-01
9.50422e-01 6.97e-01
9.50924e-01 7.28e-01
9.51426e-01 7.57e-01
9.51928e-01 7.85e-01
9.52160e-01 7.98e-01
9.52430e-01 8.08e-01
9.52661e-01 8.17e-01
9.52931e-01 8.24e-01
9.53163e-01 8.28e-01
9.53394e-01 8.29e-01
9.53664e-01 8.26e-01
9.53895e-01 8.19e-01
9.54164e-01 8.11e-01
9.54665e-01 7.88e-01
9.55127e-01 7.67e-01
9.55396e-01 7.59e-01
9.55627e-01 7.54e-01
9.55896e-01 7.52e-01
9.56127e-01 7.52e-01
9.56357e-01 7.54e-01
9.56626e-01 7.58e-01
9.56857e-01 7.64e-01
9.57126e-01 7.72e-01
9.57356e-01 7.81e-01
9.57586e-01 7.91e-01
9.57855e-01 8.02e-01
9.58085e-01 8.14e-01
9.58584e-01 8.41e-01
9.59082e-01 8.72e-01
9.59580e-01 9.05e-01
9.60040e-01 9.40e-01
9.60537e-01 9.78e-01
9.61035e-01 1.02e+00
9.61532e-01 1.06e+00
9.61990e-01 1.11e+00
9.62487e-01 1.15e+00
9.62983e-01 1.20e+00
9.63480e-01 1.25e+00
9.63937e-01 1.30e+00
9.64433e-01 1.36e+00
9.64929e-01 1.42e+00
9.65386e-01 1.48e+00
9.65881e-01 1.55e+00
9.66375e-01 1.63e+00
9.66604e-01 1.67e+00
9.66870e-01 1.71e+00
9.67098e-01 1.75e+00
9.67326e-01 1.80e+00
9.67592e-01 1.85e+00
9.67820e-01 1.91e+00
9.68048e-01 1.96e+00
9.68314e-01 2.02e+00
9.68542e-01 2.09e+00
9.68769e-01 2.16e+00
9.69035e-01 2.24e+00
9.69263e-01 2.33e+00
9.69490e-01 2.42e+00
9.69756e-01 2.52e+00
9.69983e-01 2.63e+00
9.70211e-01 2.76e+00
9.70476e-01 2.90e+00
9.70703e-01 3.05e+00
9.70930e-01 3.21e+00
9.71195e-01 3.39e+00
9.71423e-01 3.59e+00
9.71650e-01 3.81e+00
9.71915e-01 4.05e+00
9.72142e-01 4.31e+00
9.72369e-01 4.59e+00
9.72633e-01 4.88e+00
9.72860e-01 5.19e+00
9.73351e-01 5.83e+00
9.73805e-01 6.43e+00
9.74069e-01 6.68e+00
9.74295e-01 6.90e+00
9.74522e-01 7.05e+00
9.74786e-01 7.13e+00
9.75012e-01 8.69e-01
9.75239e-01 8.65e-01
9.75503e-01 8.54e-01
9.75729e-01 8.36e-01
9.75955e-01 8.08e-01
9.76181e-01 7.78e-01
9.76671e-01 7.06e-01
9.76897e-01 6.67e-01
9.77386e-01 5.94e-01
9.77612e-01 5.59e-01
9.77875e-01 5.27e-01
9.78101e-01 4.97e-01
9.78326e-01 4.69e-01
9.78552e-01 4.43e-01
9.78815e-01 4.20e-01
9.79040e-01 3.99e-01
9.79266e-01 3.79e-01
9.79528e-01 3.62e-01
9.79754e-01 3.46e-01
9.79979e-01 3.32e-01
9.80242e-01 3.18e-01
9.80467e-01 3.07e-01
9.80692e-01 2.96e-01
9.80917e-01 2.86e-01
9.81179e-01 2.76e-01
9.81404e-01 2.68e-01
9.81629e-01 2.60e-01
9.81891e-01 2.53e-01
9.82116e-01 2.46e-01
9.82341e-01 2.40e-01
9.82565e-01 2.34e-01
9.82827e-01 2.29e-01
9.83052e-01 2.23e-01
9.83501e-01 2.14e-01
9.83987e-01 2.05e-01
9.84473e-01 1.97e-01
9.84921e-01 1.90e-01
9.85406e-01 1.83e-01
9.85854e-01 1.76e-01
9.86339e-01 1.70e-01
9.86786e-01 1.64e-01
9.87271e-01 1.58e-01
9.87718e-01 1.53e-01
9.88202e-01 1.47e-01
9.88649e-01 1.42e-01
9.89132e-01 1.38e-01
9.89578e-01 1.33e-01
9.90062e-01 1.29e-01
9.90507e-01 1.25e-01
9.90990e-01 1.21e-01
9.91435e-01 1.18e-01
9.91658e-01 1.16e-01
9.92140e-01 1.14e-01
9.92362e-01 1.13e-01
9.92585e-01 1.12e-01
9.92844e-01 1.11e-01
9.93067e-01 1.10e-01
9.93289e-01 1.10e-01
9.93511e-01 1.10e-01
9.93733e-01 1.10e-01
9.93992e-01 1.11e-01
9.94214e-01 1.11e-01
9.94436e-01 1.12e-01
9.94917e-01 1.15e-01
9.95361e-01 1.18e-01
9.95582e-01 1.20e-01
9.95804e-01 1.21e-01
9.96063e-01 1.21e-01
9.96284e-01 1.21e-01
9.96506e-01 1.21e-01
9.96727e-01 1.20e-01
9.96986e-01 1.19e-01
9.97207e-01 1.18e-01
9.97649e-01 1.15e-01
9.98129e-01 1.12e-01
9.98571e-01 1.08e-01
9.99013e-01 1.04e-01
9.99492e-01 1.01e-01
9.99933e-01 9.71e-02
1.00041e+00 9.35e-02
1.00085e+00 8.99e-02
1.00129e+00 8.65e-02
1.00177e+00 8.31e-02
1.00221e+00 7.98e-02
1.00269e+00 7.66e-02
1.00313e+00 7.33e-02
1.00357e+00 6.99e-02
1.00405e+00 6.63e-02
1.00426e+00 6.43e-02
1.00448e+00 6.23e-02
1.00470e+00 6.02e-02
1.00492e+00 5.79e-02
1.00518e+00 5.55e-02
1.00540e+00 5.31e-02
1.00562e+00 5.05e-02
1.00606e+00 4.56e-02
1.00628e+00 4.33e-02
1.00653e+00 4.13e-02
1.00675e+00 3.94e-02
1.00697e+00 3.78e-02
1.00719e+00 3.63e-02
1.00741e+00 3.50e-02
1.00763e+00 3.40e-02
1.00788e+00 3.30e-02
1.00810e+00 3.21e-02
1.00832e+00 3.13e-02
1.00854e+00 3.06e-02
1.00876e+00 3.00e-02
1.00898e+00 2.94e-02
1.00923e+00 2.89e-02
1.00945e+00 2.85e-02
1.00967e+00 2.80e-02
1.00989e+00 2.76e-02
1.01033e+00 2.69e-02
1.01080e+00 2.63e-02
1.01124e+00 2.57e-02
1.01167e+00 2.53e-02
1.01215e+00 2.48e-02
1.01258e+00 2.44e-02
1.01302e+00 2.41e-02
1.01345e+00 2.38e-02
1.01393e+00 2.35e-02
1.01436e+00 2.32e-02
1.01480e+00 2.29e-02
1.01527e+00 2.27e-02
1.01570e+00 2.25e-02
1.01614e+00 2.23e-02
1.01657e+00 2.21e-02
1.01704e+00 2.19e-02
1.01747e+00 2.18e-02
1.01791e+00 2.16e-02
1.01834e+00 2.15e-02
1.01881e+00 2.14e-02
1.01924e+00 2.12e-02
1.01968e+00 2.11e-02
1.02011e+00 2.10e-02
1.02054e+00 2.09e-02
1.02101e+00 2.08e-02
1.02144e+00 2.07e-02
1.02188e+00 2.06e-02
1.02231e+00 2.05e-02
1.02277e+00 2.05e-02
1.02321e+00 2.04e-02
1.02364e+00 2.03e-02
1.02407e+00 2.03e-02
1.02450e+00 2.02e-02
1.02497e+00 2.02e-02
1.02540e+00 2.01e-02
1.02583e+00 2.01e-02
1.02626e+00 2.00e-02
1.02669e+00 2.00e-02
1.02712e+00 1.99e-02
1.02758e+00 1.99e-02
1.02801e+00 1.98e-02
1.02844e+00 1.98e-02
1.03083e+00 1.96e-02
1.03365e+00 1.94e-02
1.03386e+00 1.95e-02
1.03663e+00 1.94e-02
1.03964e+00 1.94e-02
1.04261e+00 1.95e-02
1.04560e+00 1.96e-02
1.04855e+00 1.98e-02
1.05107e+00 2.00e-02
1.05358e+00 2.02e-02
1.05564e+00 2.03e-02
1.05772e+00 2.05e-02
1.05939e+00 2.07e-02
1.06063e+00 2.08e-02
1.06184e+00 2.09e-02
1.06267e+00 2.10e-02
1.06309e+00 2.10e-02
1.06350e+00 2.11e-02
1.06392e+00 2.11e-02
1.06433e+00 2.12e-02
1.06475e+00 2.12e-02
1.06516e+00 2.12e-02
1.06554e+00 2.13e-02
1.06595e+00 2.13e-02
1.06636e+00 2.14e-02
1.06678e+00 2.14e-02
1.06719e+00 2.15e-02
1.06760e+00 2.15e-02
1.06802e+00 2.15e-02
1.06843e+00 2.16e-02
1.06881e+00 2.16e-02
1.06922e+00 2.17e-02
1.06963e+00 2.17e-02
1.07004e+00 2.18e-02
1.07045e+00 2.18e-02
1.07086e+00 2.19e-02
1.07128e+00 2.19e-02
1.07165e+00 2.20e-02
1.07206e+00 2.20e-02
1.07247e+00 2.21e-02
1.07288e+00 2.21e-02
1.07329e+00 2.22e-02
1.07370e+00 2.22e-02
1.07408e+00 2.23e-02
1.07449e+00 2.23e-02
1.07490e+00 2.23e-02
1.07531e+00 2.24e-02
1.07572e+00 2.24e-02
1.07609e+00 2.25e-02
1.07650e+00 2.25e-02
1.07691e+00 2.26e-02
1.07732e+00 2.26e-02
1.07773e+00 2.27e-02
1.07810e+00 2.27e-02
1.07851e+00 2.28e-02
1.07892e+00 2.28e-02
1.07933e+00 2.29e-02
1.07974e+00 2.29e-02
1.08011e+00 2.30e-02
1.08052e+00 2.30e-02
1.08092e+00 2.31e-02
1.08133e+00 2.31e-02
1.08170e+00 2.32e-02
1.08211e+00 2.32e-02
1.08252e+00 2.33e-02
1.08292e+00 2.34e-02
1.08333e+00 2.34e-02
1.08370e+00 2.35e-02
1.08411e+00 2.35e-02
1.08451e+00 2.36e-02
1.08492e+00 2.36e-02
1.08529e+00 2.37e-02
1.08570e+00 2.37e-02
1.08610e+00 2.38e-02
1.08651e+00 2.38e-02
1.08688e+00 2.39e-02
1.08728e+00 2.39e-02
1.08769e+00 2.40e-02
1.08806e+00 2.40e-02
1.08846e+00 2.41e-02
1.08886e+00 2.41e-02
1.08927e+00 2.42e-02
1.08964e+00 2.42e-02
1.09004e+00 2.43e-02
1.09045e+00 2.43e-02
1.09085e+00 2.44e-02
1.09122e+00 2.44e-02
1.09162e+00 2.45e-02
1.09202e+00 2.45e-02
1.09239e+00 2.46e-02
1.09280e+00 2.47e-02
1.09320e+00 2.47e-02
1.09357e+00 2.48e-02
1.09397e+00 2.48e-02
1.09437e+00 2.49e-02
1.09477e+00 2.49e-02
1.09514e+00 2.50e-02
1.09554e+00 2.50e-02
1.09594e+00 2.51e-02
1.09631e+00 2.51e-02
1.09671e+00 2.52e-02
1.09711e+00 2.52e-02
1.09748e+00 2.53e-02
1.09788e+00 2.53e-02
1.09828e+00 2.54e-02
1.09865e+00 2.55e-02
1.09905e+00 2.55e-02
1.09945e+00 2.56e-02
1.09981e+00 2.56e-02
1.10021e+00 2.57e-02
1.10061e+00 2.57e-02
1.10098e+00 2.58e-02
1.10138e+00 2.58e-02
1.10177e+00 2.59e-02
1.10214e+00 2.59e-02
1.10254e+00 2.60e-02
1.10290e+00 2.60e-02
1.10330e+00 2.61e-02
1.10370e+00 2.62e-02
1.10406e+00 2.62e-02
1.10446e+00 2.63e-02
1.10486e+00 2.63e-02
1.10522e+00 2.64e-02
1.10562e+00 2.64e-02
1.10599e+00 2.65e-02
1.10638e+00 2.65e-02
1.10678e+00 2.66e-02
1.10714e+00 2.66e-02
1.10754e+00 2.67e-02
1.10794e+00 2.68e-02
1.10830e+00 2.68e-02
1.10869e+00 2.69e-02
1.10906e+00 2.69e-02
1.10945e+00 2.70e-02
1.10985e+00 2.70e-02
1.11021e+00 2.71e-02
1.11061e+00 2.72e-02
1.11097e+00 2.72e-02
1.11136e+00 2.73e-02
1.11176e+00 2.73e-02
1.11212e+00 2.74e-02
1.11252e+00 2.74e-02
1.11288e+00 2.75e-02
1.11327e+00 2.76e-02
1.11363e+00 2.76e-02
1.11403e+00 2.77e-02
1.11442e+00 2.77e-02
1.11478e+00 2.78e-02
1.11517e+00 2.79e-02
1.11553e+00 2.79e-02
1.11593e+00 2.80e-02
1.11629e+00 2.80e-02
1.11668e+00 2.81e-02
1.11704e+00 2.82e-02
1.11743e+00 2.82e-02
1.11783e+00 2.83e-02
1.11819e+00 2.84e-02
1.11858e+00 2.84e-02
1.11894e+00 2.85e-02
1.11933e+00 2.86e-02
1.11969e+00 2.86e-02
1.12008e+00 2.87e-02
1.12044e+00 2.87e-02
1.12083e+00 2.88e-02
1.12119e+00 2.89e-02
1.12158e+00 2.90e-02
1.12197e+00 2.90e-02
1.12233e+00 2.91e-02
1.12272e+00 2.92e-02
1.12308e+00 2.92e-02
1.12347e+00 2.93e-02
1.12383e+00 2.94e-02
1.12422e+00 2.94e-02
1.12457e+00 2.95e-02
1.12496e+00 2.96e-02
1.12532e+00 2.97e-02
1.12571e+00 2.97e-02
1.12607e+00 2.98e-02
1.12645e+00 2.99e-02
1.12681e+00 2.99e-02
1.12720e+00 3.00e-02
1.12756e+00 3.01e-02
1.12794e+00 3.02e-02
1.12830e+00 3.02e-02
1.12869e+00 3.03e-02
1.12904e+00 3.04e-02
1.12943e+00 3.04e-02
1.12979e+00 3.05e-02
1.13018e+00 3.06e-02
1.13053e+00 3.07e-02
1.13092e+00 3.07e-02
1.13127e+00 3.08e-02
1.13166e+00 3.09e-02
1.13201e+00 3.09e-02
1.13237e+00 3.10e-02
1.13276e+00 3.11e-02
1.13311e+00 3.11e-02
1.13350e+00 3.12e-02
1.13385e+00 3.13e-02
1.13424e+00 3.13e-02
1.13774e+00 3.19e-02
1.14119e+00 3.23e-02
1.14394e+00 3.25e-02
1.14629e+00 3.26e-02
1.14899e+00 3.26e-02
1.15152e+00 3.25e-02
1.15405e+00 3.23e-02
1.15547e+00 3.21e-02
1.15833e+00 3.18e-02
1.16224e+00 3.12e-02
1.16944e+00 3.02e-02
1.17523e+00 2.96e-02
1.17730e+00 2.93e-02
1.17749e+00 2.97e-02
1.18317e+00 2.90e-02
1.19022e+00 2.83e-02
1.19951e+00 2.75e-02
1.21173e+00 2.65e-02
1.22665e+00 2.54e-02
1.24231e+00 2.43e-02
1.25982e+00 2.31e-02
1.27854e+00 2.20e-02
1.29809e+00 2.08e-02
1.31783e+00 1.98e-02
1.33805e+00 1.87e-02
1.35846e+00 1.77e-02
1.37907e+00 1.67e-02
1.39990e+00 1.58e-02
1.42096e+00 1.49e-02
1.44225e+00 1.41e-02
1.46383e+00 1.33e-02
1.48569e+00 1.25e-02
1.50760e+00 1.18e-02
1.52988e+00 1.11e-02
1.55253e+00 1.04e-02
1.57536e+00 9.80e-03
1.59868e+00 9.19e-03
1.62255e+00 8.60e-03
1.64675e+00 8.05e-03
1.67166e+00 7.51e-03
1.69706e+00 7.00e-03
1.72307e+00 6.51e-03
1.75010e+00 6.03e-03
1.77800e+00 5.58e-03
1.80726e+00 5.14e-03
1.83810e+00 4.71e-03
1.87089e+00 4.30e-03
1.90674e+00 3.88e-03
1.94715e+00 3.46e-03
1.99671e+00 3.01e-03
2.11931e+00 2.12e-03
2.13857e+00 2.00e-03
2.15282e+00 1.92e-03
2.16317e+00 1.87e-03
2.17053e+00 1.83e-03
2.17463e+00 1.80e-03
2.17669e+00 1.79e-03
2.17740e+00 1.79e-03
2.17809e+00 1.79e-03
2.17879e+00 1.78e-03
2.17949e+00 1.78e-03
2.18019e+00 1.78e-03
2.18089e+00 1.77e-03
2.18160e+00 1.77e-03
2.18231e+00 1.77e-03
2.18302e+00 1.76e-03
2.18373e+00 1.76e-03
2.18444e+00 1.75e-03
2.18516e+00 1.75e-03
2.18588e+00 1.75e-03
2.18660e+00 1.74e-03
2.18732e+00 1.74e-03
2.18805e+00 1.74e-03
2.18878e+00 1.73e-03
2.18951e+00 1.73e-03
2.19023e+00 1.73e-03
2.19096e+00 1.72e-03
2.19170e+00 1.72e-03
2.19244e+00 1.71e-03
2.19317e+00 1.71e-03
2.19392e+00 1.71e-03
2.19465e+00 1.70e-03
2.19540e+00 1.70e-03
2.19615e+00 1.70e-03
2.19690e+00 1.69e-03
2.19766e+00 1.69e-03
2.19841e+00 1.69e-03
2.19917e+00 1.68e-03
2.19992e+00 1.68e-03
2.20069e+00 1.67e-03
2.20145e+00 1.67e-03
2.20221e+00 1.67e-03
2.20299e+00 1.66e-03
2.20376e+00 1.66e-03
2.20453e+00 1.66e-03
2.20530e+00 1.65e-03
2.20609e+00 1.65e-03
2.20687e+00 1.64e-03
2.20765e+00 1.64e-03
2.20843e+00 1.64e-03
2.20922e+00 1.63e-03
2.21001e+00 1.63e-03
2.21081e+00 1.63e-03
2.21160e+00 1.62e-03
2.21240e+00 1.62e-03
2.21320e+00 1.61e-03
2.21401e+00 1.61e-03
2.21481e+00 1.61e-03
2.21562e+00 1.60e-03
2.21643e+00 1.60e-03
2.21725e+00 1.60e-03
2.21806e+00 1.59e-03
2.21889e+00 1.59e-03
2.21971e+00 1.58e-03
2.22054e+00 1.58e-03
2.22136e+00 1.58e-03
2.22220e+00 1.57e-03
2.22303e+00 1.57e-03
2.22387e+00 1.57e-03
2.22471e+00 1.56e-03
2.22555e+00 1.56e-03
2.22641e+00 1.55e-03
2.22725e+00 1.55e-03
2.22811e+00 1.55e-03
2.22896e+00 1.54e-03
2.22982e+00 1.54e-03
2.23068e+00 1.53e-03
2.23155e+00 1.53e-03
2.23242e+00 1.53e-03
2.23329e+00 1.52e-03
2.23417e+00 1.52e-03
2.23504e+00 1.52e-03
2.23593e+00 1.51e-03
2.23681e+00 1.51e-03
2.23771e+00 1.50e-03
2.23859e+00 1.50e-03
2.23950e+00 1.50e-03
2.24039e+00 1.49e-03
2.24129e+00 1.49e-03
2.24220e+00 1.48e-03
2.24311e+00 1.48e-03
2.24402e+00 1.48e-03
2.24495e+00 1.47e-03
2.24587e+00 1.47e-03
2.24679e+00 1.46e-03
2.24772e+00 1.46e-03
2.24866e+00 1.46e-03
2.24960e+00 1.45e-03
2.25053e+00 1.45e-03
2.25148e+00 1.44e-03
2.25243e+00 1.44e-03
2.25338e+00 1.44e-03
2.25434e+00 1.43e-03
2.25529e+00 1.43e-03
2.25627e+00 1.42e-03
2.25723e+00 1.42e-03
2.25820e+00 1.42e-03
2.25919e+00 1.41e-03
2.26017e+00 1.41e-03
2.26116e+00 1.40e-03
2.26215e+00 1.40e-03
2.26315e+00 1.40e-03
2.26415e+00 1.39e-03
2.26515e+00 1.39e-03
2.26616e+00 1.38e-03
2.26718e+00 1.38e-03
2.26820e+00 1.38e-03
2.26922e+00 1.37e-03
2.27026e+00 1.37e-03
2.27129e+00 1.36e-03
2.27233e+00 1.36e-03
2.27337e+00 1.36e-03
2.27442e+00 1.35e-03
2.27548e+00 1.35e-03
2.27654e+00 1.34e-03
2.27761e+00 1.34e-03
2.27868e+00 1.34e-03
2.27976e+00 1.33e-03
2.28084e+00 1.33e-03
2.28193e+00 1.32e-03
2.28303e+00 1.32e-03
2.28413e+00 1.31e-03
2.28523e+00 1.31e-03
2.28634e+00 1.31e-03
2.28746e+00 1.30e-03
2.28858e+00 1.30e-03
2.28971e+00 1.29e-03
2.29085e+00 1.29e-03
2.29199e+00 1.28e-03
2.29314e+00 1.28e-03
2.29429e+00 1.28e-03
2.29546e+00 1.27e-03
2.29663e+00 1.27e-03
2.29780e+00 1.26e-03
2.29898e+00 1.26e-03
2.30017e+00 1.25e-03
2.30136e+00 1.25e-03
2.30258e+00 1.25e-03
2.30378e+00 1.24e-03
2.30498e+00 1.24e-03
2.30618e+00 1.23e-03
2.30747e+00 1.23e-03
2.30867e+00 1.22e-03
2.30996e+00 1.22e-03
2.31125e+00 1.21e-03
2.31244e+00 1.21e-03
2.31372e+00 1.21e-03
2.31501e+00 1.20e-03
2.31629e+00 1.20e-03
2.31757e+00 1.19e-03
2.31895e+00 1.19e-03
2.32023e+00 1.18e-03
2.32160e+00 1.18e-03
2.32288e+00 1.17e-03
2.32425e+00 1.17e-03
2.32562e+00 1.16e-03
2.32698e+00 1.16e-03
2.32835e+00 1.16e-03
2.32971e+00 1.15e-03
2.33108e+00 1.15e-03
2.33253e+00 1.14e-03
2.33389e+00 1.14e-03
2.33534e+00 1.13e-03
2.33679e+00 1.13e-03
2.33824e+00 1.12e-03
2.33969e+00 1.12e-03
2.34113e+00 1.11e-03
2.34267e+00 1.11e-03
2.34411e+00 1.10e-03
2.34564e+00 1.10e-03
2.34718e+00 1.09e-03
2.34871e+00 1.09e-03
2.35023e+00 1.08e-03
2.35176e+00 1.08e-03
2.35337e+00 1.07e-03
2.35499e+00 1.07e-03
2.35650e+00 1.06e-03
2.35811e+00 1.06e-03
2.35982e+00 1.05e-03
2.36142e+00 1.05e-03
2.36312e+00 1.04e-03
2.36471e+00 1.04e-03
2.36640e+00 1.03e-03
2.36819e+00 1.03e-03
2.36987e+00 1.02e-03
2.37164e+00 1.02e-03
2.37332e+00 1.01e-03
2.37518e+00 1.01e-03
2.37695e+00 1.00e-03
2.37871e+00 9.97e-04
2.38056e+00 9.92e-04
2.38241e+00 9.86e-04
2.38426e+00 9.81e-04
2.38619e+00 9.76e-04
2.38812e+00 9.70e-04
2.39005e+00 9.65e-04
2.39197e+00 9.59e-04
2.39398e+00 9.54e-04
2.39598e+00 9.48e-04
2.39799e+00 9.42e-04
2.40007e+00 9.37e-04
2.40216e+00 9.31e-04
2.40424e+00 9.25e-04
2.40640e+00 9.20e-04
2.40848e+00 9.14e-04
2.41072e+00 9.08e-04
2.41296e+00 9.02e-04
2.41520e+00 8.96e-04
2.41743e+00 8.90e-04
2.41975e+00 8.84e-04
2.42214e+00 8.78e-04
2.42454e+00 8.72e-04
2.42692e+00 8.66e-04
2.42939e+00 8.60e-04
2.43186e+00 8.53e-04
2.43440e+00 8.47e-04
2.43694e+00 8.41e-04
2.43956e+00 8.34e-04
2.44226e+00 8.28e-04
2.44495e+00 8.21e-04
2.44772e+00 8.14e-04
2.45057e+00 8.08e-04
2.45342e+00 8.01e-04
2.45634e+00 7.94e-04
2.45933e+00 7.87e-04
2.46241e+00 7.80e-04
2.46547e+00 7.73e-04
2.46861e+00 7.66e-04
2.47191e+00 7.59e-04
2.47519e+00 7.51e-04
2.47855e+00 7.44e-04
2.48207e+00 7.36e-04
2.48566e+00 7.29e-04
2.48923e+00 7.21e-04
2.49304e+00 7.13e-04
2.49684e+00 7.05e-04
2.50078e+00 6.97e-04
2.50487e+00 6.88e-04
2.50911e+00 6.80e-04
2.51341e+00 6.71e-04
2.51786e+00 6.62e-04
2.52252e+00 6.54e-04
2.52733e+00 6.44e-04
2.53227e+00 6.35e-04
2.53742e+00 6.25e-04
2.54286e+00 6.15e-04
2.54843e+00 6.05e-04
2.55428e+00 5.95e-04
2.56048e+00 5.84e-04
2.56695e+00 5.73e-04
2.57376e+00 5.62e-04
2.58097e+00 5.50e-04
2.58867e+00 5.38e-04
2.59682e+00 5.25e-04
2.60565e+00 5.11e-04
2.61513e+00 4.97e-04
2.62554e+00 4.82e-04
2.63698e+00 4.66e-04
2.64971e+00 4.48e-04
2.66410e+00 4.30e-04
2.67215e+00 4.20e-04
2.68082e+00 4.09e-04
2.69029e+00 3.98e-04
2.70069e+00 3.85e-04
2.71231e+00 3.72e-04
2.72543e+00 3.58e-04
2.74065e+00 3.42e-04
2.75874e+00 3.24e-04
2.78130e+00 3.03e-04
2.81151e+00 2.77e-04
2.85859e+00 2.41e-04
2.99573e+00 1.59e-04
