# OPACITY Project tables
-2.61515e+00 1.29e+00
-2.27341e+00 4.65e-01
-2.07433e+00 2.57e-01
-1.93351e+00 1.70e-01
-1.82455e+00 1.23e-01
-1.73574e+00 9.47e-02
-1.66078e+00 7.59e-02
-1.59603e+00 6.28e-02
-1.53898e+00 5.31e-02
-1.48802e+00 4.58e-02
-1.44198e+00 4.01e-02
-1.40003e+00 3.55e-02
-1.36148e+00 3.17e-02
-1.32584e+00 2.86e-02
-1.29269e+00 2.60e-02
-1.26174e+00 2.37e-02
-1.23268e+00 2.18e-02
-1.20531e+00 2.02e-02
-1.17944e+00 1.87e-02
-1.15493e+00 1.75e-02
-1.13165e+00 1.64e-02
-1.10945e+00 1.54e-02
-1.08827e+00 1.45e-02
-1.06799e+00 1.37e-02
-1.04857e+00 1.29e-02
-1.02994e+00 1.23e-02
-1.01200e+00 1.17e-02
-9.94739e-01 1.12e-02
-9.62021e-01 1.05e-02
-9.46492e-01 1.01e-02
-9.31455e-01 9.53e-03
-9.16916e-01 9.03e-03
-9.02807e-01 8.64e-03
-8.89113e-01 8.25e-03
-8.75797e-01 7.96e-03
-8.62868e-01 7.63e-03
-8.50292e-01 7.36e-03
-8.26130e-01 6.87e-03
-8.14502e-01 6.64e-03
-8.03185e-01 6.44e-03
-7.92106e-01 6.24e-03
-7.81301e-01 6.05e-03
-7.70741e-01 5.88e-03
-7.60420e-01 5.71e-03
-7.50331e-01 5.55e-03
-7.40469e-01 5.40e-03
-7.30787e-01 5.25e-03
-7.21320e-01 5.12e-03
-7.12045e-01 4.99e-03
-7.02955e-01 4.86e-03
-6.94048e-01 4.74e-03
-6.85298e-01 4.63e-03
-6.76723e-01 4.52e-03
-6.68298e-01 4.42e-03
-6.60041e-01 4.32e-03
-6.51909e-01 4.22e-03
-6.43938e-01 4.13e-03
-6.36087e-01 4.04e-03
-6.28390e-01 3.96e-03
-6.20808e-01 3.88e-03
-6.13357e-01 3.80e-03
-6.06016e-01 3.73e-03
-5.98801e-01 3.65e-03
-5.91692e-01 3.58e-03
-5.84687e-01 3.52e-03
-5.77803e-01 3.45e-03
-5.71018e-01 3.39e-03
-5.64314e-01 3.33e-03
-5.57725e-01 3.27e-03
-5.51231e-01 3.21e-03
-5.44831e-01 3.16e-03
-5.38505e-01 3.11e-03
-5.32288e-01 3.06e-03
-5.26142e-01 3.01e-03
-5.20085e-01 2.96e-03
-5.08196e-01 2.87e-03
-4.96610e-01 2.79e-03
-4.85320e-01 2.71e-03
-4.79779e-01 2.67e-03
-4.74301e-01 2.64e-03
-4.68884e-01 2.61e-03
-4.63545e-01 2.58e-03
-4.58265e-01 2.56e-03
-4.53044e-01 2.54e-03
-4.47882e-01 2.52e-03
-4.42778e-01 2.52e-03
-4.37730e-01 2.53e-03
-4.32739e-01 2.56e-03
-4.27803e-01 2.62e-03
-4.22922e-01 2.74e-03
-4.18095e-01 2.95e-03
-4.13321e-01 3.24e-03
-4.08585e-01 3.51e-03
-4.03901e-01 3.48e-03
-3.99284e-01 3.17e-03
-3.94688e-01 2.83e-03
-3.90158e-01 2.58e-03
-3.85662e-01 2.41e-03
-3.81216e-01 2.29e-03
-3.76819e-01 2.21e-03
-3.72456e-01 2.14e-03
-3.68126e-01 2.09e-03
-3.63858e-01 2.04e-03
-3.59622e-01 2.00e-03
-3.55419e-01 1.97e-03
-3.51261e-01 1.94e-03
-3.47135e-01 1.91e-03
-3.43054e-01 1.88e-03
-3.39003e-01 1.86e-03
-3.34997e-01 1.83e-03
-3.27088e-01 1.79e-03
-3.19310e-01 1.75e-03
-3.15464e-01 1.73e-03
-3.07885e-01 1.69e-03
-3.00430e-01 1.65e-03
-2.93097e-01 1.62e-03
-2.85884e-01 1.59e-03
-2.78788e-01 1.56e-03
-2.71796e-01 1.53e-03
-2.68350e-01 1.52e-03
-2.64917e-01 1.50e-03
-2.58149e-01 1.48e-03
-2.54802e-01 1.46e-03
-2.51466e-01 1.45e-03
-2.44891e-01 1.42e-03
-2.38409e-01 1.40e-03
-2.35203e-01 1.46e-03
-2.32020e-01 1.38e-03
-2.28860e-01 1.37e-03
-2.22606e-01 1.34e-03
-2.19513e-01 1.33e-03
-2.16441e-01 1.32e-03
-2.10363e-01 1.30e-03
-2.07344e-01 1.29e-03
-2.04359e-01 1.28e-03
-2.01382e-01 1.29e-03
-1.95504e-01 1.27e-03
-1.89697e-01 1.25e-03
-1.86824e-01 1.24e-03
-1.81126e-01 1.22e-03
-1.75509e-01 1.21e-03
-1.69958e-01 1.19e-03
-1.64474e-01 1.17e-03
-1.59054e-01 1.15e-03
-1.56373e-01 1.16e-03
-1.53699e-01 1.15e-03
-1.48407e-01 1.13e-03
-1.43189e-01 1.12e-03
-1.38021e-01 1.10e-03
-1.32914e-01 1.09e-03
-1.27867e-01 1.08e-03
-1.22868e-01 1.06e-03
-1.20395e-01 1.06e-03
-1.17928e-01 1.05e-03
-1.13057e-01 1.04e-03
-1.08220e-01 1.03e-03
-1.03440e-01 1.01e-03
-9.87160e-02 1.00e-03
-9.40360e-02 9.93e-04
-8.94106e-02 9.83e-04
-8.48283e-02 9.73e-04
-8.02994e-02 9.63e-04
-7.58125e-02 9.53e-04
-7.13671e-02 9.44e-04
-6.69735e-02 9.35e-04
-6.47839e-02 9.30e-04
-6.26097e-02 9.25e-04
-5.82967e-02 9.17e-04
-5.40233e-02 9.09e-04
-4.97997e-02 9.02e-04
-4.56042e-02 8.96e-04
-4.14576e-02 8.89e-04
-3.73385e-02 8.83e-04
-3.32673e-02 8.77e-04
-2.92229e-02 8.72e-04
-2.72170e-02 8.69e-04
-2.32379e-02 8.64e-04
-2.12543e-02 8.62e-04
-1.73293e-02 8.58e-04
-1.34298e-02 8.55e-04
-9.56560e-03 8.52e-04
-5.73642e-03 8.48e-04
-3.83735e-03 8.46e-04
-5.00013e-05 8.44e-04
3.69317e-03 8.42e-04
7.37275e-03 8.40e-04
1.11377e-02 8.37e-04
1.47901e-02 8.35e-04
1.84291e-02 8.32e-04
2.01947e-02 8.30e-04
2.38142e-02 8.29e-04
2.73233e-02 8.25e-04
3.08201e-02 8.22e-04
3.43048e-02 8.19e-04
3.77774e-02 8.16e-04
4.12379e-02 8.14e-04
4.46865e-02 8.12e-04
4.80280e-02 8.11e-04
5.97772e-02 8.09e-04
6.62558e-02 8.08e-04
6.95261e-02 8.06e-04
7.11106e-02 8.05e-04
7.42722e-02 8.03e-04
7.58493e-02 8.01e-04
7.90884e-02 7.95e-04
8.22249e-02 7.88e-04
8.52598e-02 7.80e-04
8.83771e-02 7.72e-04
9.14847e-02 7.63e-04
9.44917e-02 7.54e-04
9.75803e-02 7.45e-04
1.00569e-01 7.36e-04
1.03549e-01 7.28e-04
1.06520e-01 7.20e-04
1.09482e-01 7.12e-04
1.12435e-01 7.05e-04
1.15291e-01 6.99e-04
1.18227e-01 6.93e-04
1.21067e-01 6.88e-04
1.23898e-01 6.83e-04
1.26809e-01 6.79e-04
1.29624e-01 6.76e-04
1.32431e-01 6.73e-04
1.35143e-01 6.71e-04
1.37934e-01 6.69e-04
1.40718e-01 6.68e-04
1.42107e-01 6.68e-04
1.44793e-01 6.68e-04
1.47471e-01 6.69e-04
1.50229e-01 6.71e-04
1.52893e-01 6.73e-04
1.55550e-01 6.77e-04
1.58200e-01 6.81e-04
1.60757e-01 6.86e-04
1.63394e-01 6.92e-04
1.66023e-01 7.00e-04
1.68561e-01 7.08e-04
1.71176e-01 7.18e-04
1.73701e-01 7.28e-04
1.76220e-01 7.40e-04
1.78732e-01 7.53e-04
1.81321e-01 7.66e-04
1.83737e-01 7.81e-04
1.86231e-01 7.95e-04
1.88718e-01 8.10e-04
1.91199e-01 8.24e-04
1.93591e-01 8.36e-04
1.94826e-01 8.42e-04
1.96060e-01 8.47e-04
1.97292e-01 8.52e-04
1.98441e-01 8.56e-04
1.99670e-01 8.59e-04
2.00898e-01 8.62e-04
2.02042e-01 8.64e-04
2.03267e-01 8.64e-04
2.04409e-01 8.62e-04
2.05631e-01 8.60e-04
2.06770e-01 8.56e-04
2.07989e-01 8.52e-04
2.09126e-01 8.47e-04
2.10342e-01 8.41e-04
2.11476e-01 8.35e-04
2.12689e-01 8.28e-04
2.15031e-01 8.13e-04
2.17286e-01 7.96e-04
2.19617e-01 7.79e-04
2.21943e-01 7.60e-04
2.24183e-01 7.42e-04
2.26418e-01 7.24e-04
2.28728e-01 7.06e-04
2.30953e-01 6.90e-04
2.33173e-01 6.73e-04
2.35388e-01 6.58e-04
2.37599e-01 6.44e-04
2.39804e-01 6.30e-04
2.42005e-01 6.17e-04
2.44200e-01 6.05e-04
2.46313e-01 5.94e-04
2.48499e-01 5.84e-04
2.50681e-01 5.74e-04
2.52780e-01 5.65e-04
2.54875e-01 5.56e-04
2.57042e-01 5.48e-04
2.59128e-01 5.41e-04
2.61210e-01 5.34e-04
2.63287e-01 5.27e-04
2.65360e-01 5.21e-04
2.67428e-01 5.15e-04
2.69493e-01 5.09e-04
2.71553e-01 5.04e-04
2.73609e-01 4.99e-04
2.75660e-01 4.94e-04
2.77632e-01 4.89e-04
2.79675e-01 4.85e-04
2.81639e-01 4.80e-04
2.83674e-01 4.76e-04
2.85630e-01 4.72e-04
2.87582e-01 4.68e-04
2.89605e-01 4.65e-04
2.91550e-01 4.62e-04
2.93490e-01 4.58e-04
2.95427e-01 4.55e-04
2.97360e-01 4.52e-04
2.99289e-01 4.49e-04
3.01215e-01 4.46e-04
3.03137e-01 4.44e-04
3.04982e-01 4.41e-04
3.06896e-01 4.39e-04
3.08807e-01 4.36e-04
3.10641e-01 4.34e-04
3.12545e-01 4.32e-04
3.14373e-01 4.29e-04
3.16270e-01 4.27e-04
3.18090e-01 4.25e-04
3.19907e-01 4.23e-04
3.21794e-01 4.21e-04
3.23604e-01 4.19e-04
3.25411e-01 4.18e-04
3.27215e-01 4.16e-04
3.29016e-01 4.14e-04
3.30813e-01 4.12e-04
3.32608e-01 4.11e-04
3.34399e-01 4.09e-04
3.36115e-01 4.08e-04
3.37900e-01 4.06e-04
3.39681e-01 4.04e-04
3.41389e-01 4.03e-04
3.43164e-01 4.01e-04
3.44936e-01 4.00e-04
3.46635e-01 3.99e-04
3.48330e-01 3.97e-04
3.50093e-01 3.96e-04
3.51783e-01 3.94e-04
3.53470e-01 3.93e-04
3.55224e-01 3.91e-04
3.56065e-01 4.16e-04
3.56905e-01 4.58e-04
3.57744e-01 4.19e-04
3.58583e-01 3.88e-04
3.60259e-01 3.87e-04
3.61931e-01 3.86e-04
3.63601e-01 3.84e-04
3.64435e-01 3.83e-04
3.66100e-01 3.82e-04
3.67763e-01 3.80e-04
3.69354e-01 3.79e-04
3.71012e-01 3.77e-04
3.72666e-01 3.76e-04
3.74318e-01 3.75e-04
3.75899e-01 3.73e-04
3.77546e-01 3.72e-04
3.79121e-01 3.71e-04
3.80762e-01 3.70e-04
3.82333e-01 3.68e-04
3.83969e-01 3.67e-04
3.85534e-01 3.66e-04
3.87097e-01 3.64e-04
3.88658e-01 3.63e-04
3.90284e-01 3.62e-04
3.91839e-01 3.61e-04
3.93393e-01 3.60e-04
3.94943e-01 3.58e-04
3.96492e-01 3.57e-04
3.98038e-01 3.56e-04
3.99581e-01 3.55e-04
4.01122e-01 3.54e-04
4.02661e-01 3.53e-04
4.04131e-01 3.52e-04
4.05665e-01 3.51e-04
4.07197e-01 3.50e-04
4.08726e-01 3.49e-04
4.10187e-01 3.48e-04
4.11712e-01 3.47e-04
4.13169e-01 3.46e-04
4.14689e-01 3.45e-04
4.16141e-01 3.44e-04
4.17657e-01 3.43e-04
4.19105e-01 3.43e-04
4.20616e-01 3.42e-04
4.22060e-01 3.41e-04
4.23501e-01 3.40e-04
4.25006e-01 3.39e-04
4.26444e-01 3.39e-04
4.27879e-01 3.38e-04
4.29312e-01 3.37e-04
4.30743e-01 3.36e-04
4.32172e-01 3.36e-04
4.33599e-01 3.35e-04
4.35024e-01 3.34e-04
4.36447e-01 3.33e-04
4.37868e-01 3.33e-04
4.39287e-01 3.32e-04
4.40704e-01 3.32e-04
4.42118e-01 3.31e-04
4.43467e-01 3.31e-04
4.44878e-01 3.30e-04
4.46287e-01 3.30e-04
4.47630e-01 3.29e-04
4.49035e-01 3.29e-04
4.50438e-01 3.28e-04
4.51776e-01 3.28e-04
4.53175e-01 3.27e-04
4.54509e-01 3.27e-04
4.55841e-01 3.26e-04
4.57235e-01 3.26e-04
4.58563e-01 3.25e-04
4.59953e-01 3.25e-04
4.61278e-01 3.24e-04
4.62601e-01 3.24e-04
4.63923e-01 3.23e-04
4.65305e-01 3.23e-04
4.66623e-01 3.22e-04
4.67939e-01 3.22e-04
4.69253e-01 3.21e-04
4.70566e-01 3.21e-04
4.71877e-01 3.20e-04
4.73186e-01 3.20e-04
4.74494e-01 3.20e-04
4.75799e-01 3.19e-04
4.77103e-01 3.19e-04
4.78406e-01 3.18e-04
4.79706e-01 3.17e-04
4.80944e-01 3.17e-04
4.82241e-01 3.16e-04
4.83537e-01 3.15e-04
4.84831e-01 3.14e-04
4.86062e-01 3.14e-04
4.87352e-01 3.13e-04
4.88641e-01 3.12e-04
4.89868e-01 3.11e-04
4.91153e-01 3.11e-04
4.92376e-01 3.10e-04
4.93659e-01 3.09e-04
4.94879e-01 3.08e-04
4.96159e-01 3.07e-04
4.97376e-01 3.06e-04
4.98591e-01 3.05e-04
4.99866e-01 3.05e-04
5.01078e-01 3.04e-04
5.02289e-01 3.03e-04
5.03559e-01 3.02e-04
5.04767e-01 3.01e-04
5.05974e-01 3.00e-04
5.07179e-01 2.99e-04
5.08383e-01 2.98e-04
5.09645e-01 2.97e-04
5.10846e-01 2.96e-04
5.12045e-01 2.95e-04
5.13243e-01 2.94e-04
5.14439e-01 2.93e-04
5.15634e-01 2.92e-04
5.16828e-01 2.92e-04
5.18020e-01 2.91e-04
5.19210e-01 2.90e-04
5.20340e-01 2.89e-04
5.21528e-01 2.88e-04
5.22715e-01 2.87e-04
5.23900e-01 2.87e-04
5.25083e-01 2.86e-04
5.26207e-01 2.85e-04
5.27388e-01 2.85e-04
5.28567e-01 2.84e-04
5.29687e-01 2.83e-04
5.30864e-01 2.83e-04
5.32039e-01 2.82e-04
5.33154e-01 2.81e-04
5.34327e-01 2.81e-04
5.35440e-01 2.80e-04
5.36610e-01 2.80e-04
5.37721e-01 2.80e-04
5.38888e-01 2.79e-04
5.39996e-01 2.79e-04
5.41103e-01 2.78e-04
5.42266e-01 2.78e-04
5.43370e-01 2.78e-04
5.52275e-01 2.75e-04
5.53368e-01 2.75e-04
5.55034e-01 2.74e-04
5.58301e-01 2.74e-04
5.66903e-01 2.72e-04
5.67981e-01 2.71e-04
5.69057e-01 2.71e-04
5.70641e-01 2.71e-04
5.75377e-01 2.71e-04
5.76950e-01 2.71e-04
5.82662e-01 2.70e-04
5.83667e-01 2.70e-04
5.84726e-01 2.70e-04
5.85729e-01 2.70e-04
5.86786e-01 2.69e-04
5.87287e-01 2.79e-04
5.87787e-01 3.35e-04
5.88287e-01 3.89e-04
5.89286e-01 2.78e-04
5.89840e-01 2.68e-04
5.90838e-01 2.67e-04
5.91834e-01 2.66e-04
5.92885e-01 2.66e-04
5.93879e-01 2.65e-04
5.94873e-01 2.64e-04
5.95865e-01 2.64e-04
5.96857e-01 2.64e-04
5.97902e-01 2.63e-04
6.02347e-01 2.63e-04
6.06281e-01 2.62e-04
6.07262e-01 2.62e-04
6.08243e-01 2.62e-04
6.09222e-01 2.61e-04
6.10200e-01 2.61e-04
6.15510e-01 2.59e-04
6.20792e-01 2.59e-04
6.21275e-01 2.59e-04
6.21759e-01 2.60e-04
6.22242e-01 2.60e-04
6.23154e-01 2.58e-04
6.24119e-01 2.57e-04
6.25082e-01 2.56e-04
6.25992e-01 2.56e-04
6.26473e-01 2.56e-04
6.27435e-01 2.55e-04
6.28342e-01 2.55e-04
6.29302e-01 2.55e-04
6.30207e-01 2.54e-04
6.30686e-01 2.54e-04
6.31591e-01 2.53e-04
6.32548e-01 2.51e-04
6.33450e-01 2.50e-04
6.34405e-01 2.48e-04
6.35306e-01 2.47e-04
6.36259e-01 2.45e-04
6.36683e-01 2.44e-04
6.37159e-01 2.44e-04
6.38110e-01 2.49e-04
6.38533e-01 2.48e-04
6.39483e-01 2.47e-04
6.40379e-01 2.45e-04
6.41275e-01 2.44e-04
6.42222e-01 2.43e-04
6.43116e-01 2.41e-04
6.44009e-01 2.40e-04
6.44902e-01 2.39e-04
6.45846e-01 2.37e-04
6.46737e-01 2.36e-04
6.47627e-01 2.35e-04
6.48516e-01 2.34e-04
6.49404e-01 2.33e-04
6.50292e-01 2.32e-04
6.51231e-01 2.31e-04
6.52117e-01 2.30e-04
6.53002e-01 2.30e-04
6.53886e-01 2.29e-04
6.54770e-01 2.29e-04
6.55653e-01 2.28e-04
6.63100e-01 2.27e-04
6.63976e-01 2.27e-04
6.64851e-01 2.27e-04
6.65725e-01 2.26e-04
6.66136e-01 2.26e-04
6.67009e-01 2.25e-04
6.67881e-01 2.23e-04
6.68752e-01 2.22e-04
6.69623e-01 2.21e-04
6.70441e-01 2.20e-04
6.71310e-01 2.19e-04
6.72179e-01 2.18e-04
6.73047e-01 2.17e-04
6.73455e-01 2.16e-04
6.74321e-01 2.16e-04
6.75136e-01 2.15e-04
6.76001e-01 2.15e-04
6.76408e-01 2.15e-04
6.78541e-01 2.15e-04
6.79403e-01 2.15e-04
6.80214e-01 2.15e-04
6.82339e-01 2.16e-04
6.83147e-01 2.16e-04
6.83551e-01 2.15e-04
6.84409e-01 2.15e-04
6.85266e-01 2.14e-04
6.85669e-01 2.14e-04
6.86475e-01 2.12e-04
6.87330e-01 2.11e-04
6.88135e-01 2.09e-04
6.88989e-01 2.08e-04
6.89792e-01 2.07e-04
6.90594e-01 2.06e-04
6.91846e-01 2.06e-04
6.92647e-01 2.06e-04
6.93497e-01 2.06e-04
6.94297e-01 2.06e-04
6.95145e-01 2.07e-04
6.95544e-01 2.07e-04
6.96741e-01 2.07e-04
6.97538e-01 2.07e-04
6.98383e-01 2.05e-04
6.98781e-01 2.05e-04
6.99576e-01 2.03e-04
7.00371e-01 2.01e-04
7.01215e-01 2.00e-04
7.01611e-01 1.99e-04
7.02404e-01 1.99e-04
7.02800e-01 1.98e-04
7.03592e-01 1.99e-04
7.04384e-01 1.99e-04
7.05224e-01 2.00e-04
7.05619e-01 2.00e-04
7.06409e-01 1.99e-04
7.06804e-01 1.98e-04
7.07592e-01 1.96e-04
7.08381e-01 1.93e-04
7.09168e-01 1.90e-04
7.09955e-01 1.87e-04
7.10348e-01 1.85e-04
7.11134e-01 1.83e-04
7.11527e-01 1.82e-04
7.12361e-01 1.80e-04
7.12754e-01 1.88e-04
7.13146e-01 1.98e-04
7.13538e-01 2.05e-04
7.14321e-01 2.04e-04
7.15104e-01 2.03e-04
7.15887e-01 2.02e-04
7.16668e-01 2.01e-04
7.17401e-01 2.00e-04
7.18181e-01 1.99e-04
7.18961e-01 1.98e-04
7.19740e-01 1.97e-04
7.20519e-01 1.97e-04
7.21297e-01 1.96e-04
7.22075e-01 1.96e-04
7.22852e-01 1.95e-04
7.23628e-01 1.94e-04
7.24404e-01 1.94e-04
7.25130e-01 1.93e-04
7.25905e-01 1.93e-04
7.26679e-01 1.92e-04
7.27452e-01 1.92e-04
7.28225e-01 1.91e-04
7.28949e-01 1.91e-04
7.29720e-01 1.90e-04
7.30491e-01 1.90e-04
7.31262e-01 1.89e-04
7.31983e-01 1.89e-04
7.32752e-01 1.88e-04
7.33521e-01 1.88e-04
7.34241e-01 1.87e-04
7.35009e-01 1.87e-04
7.35776e-01 1.86e-04
7.36494e-01 1.86e-04
7.37260e-01 1.86e-04
7.38025e-01 1.85e-04
7.38742e-01 1.85e-04
7.39506e-01 1.84e-04
7.40222e-01 1.84e-04
7.40985e-01 1.83e-04
7.41747e-01 1.83e-04
7.42461e-01 1.82e-04
7.43222e-01 1.82e-04
7.43935e-01 1.82e-04
7.44695e-01 1.81e-04
7.45408e-01 1.81e-04
7.46166e-01 1.80e-04
7.46878e-01 1.80e-04
7.47635e-01 1.80e-04
7.48345e-01 1.79e-04
7.49102e-01 1.79e-04
7.49811e-01 1.79e-04
7.50567e-01 1.78e-04
7.50897e-01 1.78e-04
7.51652e-01 1.77e-04
7.52359e-01 1.77e-04
7.53066e-01 1.77e-04
7.53819e-01 1.77e-04
7.54524e-01 1.76e-04
7.55277e-01 1.76e-04
7.55981e-01 1.75e-04
7.56685e-01 1.75e-04
7.57436e-01 1.75e-04
7.58139e-01 1.74e-04
7.58841e-01 1.74e-04
7.59543e-01 1.74e-04
7.60292e-01 1.73e-04
7.60993e-01 1.73e-04
7.61693e-01 1.73e-04
7.62393e-01 1.72e-04
7.63140e-01 1.72e-04
7.63839e-01 1.71e-04
7.64537e-01 1.71e-04
7.65235e-01 1.71e-04
7.65979e-01 1.70e-04
7.66676e-01 1.70e-04
7.67373e-01 1.70e-04
7.68069e-01 1.69e-04
7.68765e-01 1.69e-04
7.69460e-01 1.69e-04
7.70155e-01 1.68e-04
7.70525e-01 1.68e-04
7.71219e-01 1.68e-04
7.71912e-01 1.68e-04
7.72605e-01 1.67e-04
7.73298e-01 1.67e-04
7.73990e-01 1.67e-04
7.74681e-01 1.66e-04
7.75418e-01 1.66e-04
7.76109e-01 1.66e-04
7.76799e-01 1.65e-04
7.77488e-01 1.65e-04
7.78177e-01 1.65e-04
7.78866e-01 1.64e-04
7.79554e-01 1.64e-04
7.80242e-01 1.64e-04
7.80929e-01 1.63e-04
7.81570e-01 1.63e-04
7.83628e-01 1.62e-04
7.84312e-01 1.62e-04
7.84997e-01 1.62e-04
7.85681e-01 1.62e-04
7.86364e-01 1.61e-04
7.87047e-01 1.61e-04
7.87730e-01 1.61e-04
7.88366e-01 1.60e-04
7.89048e-01 1.60e-04
7.89729e-01 1.59e-04
7.90410e-01 1.59e-04
7.91090e-01 1.59e-04
7.91770e-01 1.59e-04
7.92404e-01 1.58e-04
7.93083e-01 1.58e-04
7.93761e-01 1.58e-04
7.94439e-01 1.58e-04
7.95117e-01 1.57e-04
7.95749e-01 1.57e-04
7.96426e-01 1.56e-04
7.97102e-01 1.56e-04
7.97732e-01 1.56e-04
7.98408e-01 1.55e-04
7.99083e-01 1.55e-04
7.99757e-01 1.54e-04
8.00386e-01 1.56e-04
8.00745e-01 1.56e-04
8.01374e-01 1.56e-04
8.02046e-01 1.55e-04
8.02719e-01 1.55e-04
8.03346e-01 1.55e-04
8.04017e-01 1.54e-04
8.04644e-01 1.54e-04
8.05314e-01 1.54e-04
8.05985e-01 1.54e-04
8.06610e-01 1.53e-04
8.07279e-01 1.53e-04
8.07903e-01 1.53e-04
8.08572e-01 1.52e-04
8.09240e-01 1.52e-04
8.09863e-01 1.52e-04
8.10530e-01 1.52e-04
8.11152e-01 1.51e-04
8.11819e-01 1.51e-04
8.12440e-01 1.51e-04
8.13106e-01 1.51e-04
8.13726e-01 1.50e-04
8.14391e-01 1.50e-04
8.15011e-01 1.50e-04
8.15674e-01 1.50e-04
8.16294e-01 1.49e-04
8.16956e-01 1.49e-04
8.17575e-01 1.49e-04
8.18193e-01 1.48e-04
8.18854e-01 1.48e-04
8.19471e-01 1.48e-04
8.20132e-01 1.48e-04
8.20749e-01 1.47e-04
8.21364e-01 1.47e-04
8.22024e-01 1.47e-04
8.22639e-01 1.47e-04
8.23298e-01 1.46e-04
8.23912e-01 1.46e-04
8.24526e-01 1.46e-04
8.25184e-01 1.46e-04
8.25797e-01 1.45e-04
8.26410e-01 1.45e-04
8.27066e-01 1.45e-04
8.27678e-01 1.44e-04
8.28290e-01 1.44e-04
8.28945e-01 1.44e-04
8.29556e-01 1.44e-04
8.30166e-01 1.43e-04
8.30776e-01 1.43e-04
8.31430e-01 1.43e-04
8.32039e-01 1.42e-04
8.32648e-01 1.42e-04
8.33257e-01 1.42e-04
8.33909e-01 1.42e-04
8.34517e-01 1.41e-04
8.35124e-01 1.41e-04
8.35731e-01 1.41e-04
8.36338e-01 1.41e-04
8.36988e-01 1.40e-04
8.37594e-01 1.40e-04
8.38199e-01 1.40e-04
8.38805e-01 1.40e-04
8.39410e-01 1.39e-04
8.40014e-01 1.39e-04
8.40618e-01 1.39e-04
8.41265e-01 1.39e-04
8.41869e-01 1.38e-04
8.42472e-01 1.38e-04
8.43075e-01 1.38e-04
8.43677e-01 1.38e-04
8.44279e-01 1.37e-04
8.44881e-01 1.37e-04
8.45482e-01 1.37e-04
8.46083e-01 1.37e-04
8.46683e-01 1.36e-04
8.47284e-01 1.36e-04
8.47883e-01 1.36e-04
8.48526e-01 1.36e-04
8.49125e-01 1.35e-04
8.49723e-01 1.35e-04
8.50322e-01 1.35e-04
8.50920e-01 1.35e-04
8.51518e-01 1.34e-04
8.52115e-01 1.34e-04
8.52712e-01 1.34e-04
8.53308e-01 1.34e-04
8.53862e-01 1.34e-04
8.54458e-01 1.33e-04
8.55053e-01 1.33e-04
8.55649e-01 1.33e-04
8.56243e-01 1.33e-04
8.56838e-01 1.32e-04
8.57432e-01 1.32e-04
8.58026e-01 1.32e-04
8.58619e-01 1.32e-04
8.59212e-01 1.32e-04
8.59805e-01 1.31e-04
8.60397e-01 1.31e-04
8.60947e-01 1.31e-04
8.61539e-01 1.31e-04
8.62130e-01 1.30e-04
8.62721e-01 1.30e-04
8.63312e-01 1.30e-04
8.63902e-01 1.30e-04
8.64492e-01 1.30e-04
8.65040e-01 1.29e-04
8.65629e-01 1.29e-04
8.66218e-01 1.29e-04
8.66806e-01 1.29e-04
8.67395e-01 1.29e-04
8.67940e-01 1.28e-04
8.68528e-01 1.28e-04
8.69115e-01 1.28e-04
8.69702e-01 1.28e-04
8.70289e-01 1.28e-04
8.70833e-01 1.27e-04
8.71419e-01 1.27e-04
8.72004e-01 1.27e-04
8.72548e-01 1.27e-04
8.73133e-01 1.27e-04
8.73717e-01 1.26e-04
8.74301e-01 1.26e-04
8.74844e-01 1.26e-04
8.75427e-01 1.26e-04
8.76010e-01 1.26e-04
8.76551e-01 1.26e-04
8.77134e-01 1.25e-04
8.77716e-01 1.25e-04
8.78257e-01 1.25e-04
8.78838e-01 1.25e-04
8.79419e-01 1.25e-04
8.79959e-01 1.25e-04
8.80539e-01 1.24e-04
8.81119e-01 1.24e-04
8.81658e-01 1.24e-04
8.82237e-01 1.24e-04
8.82775e-01 1.24e-04
8.83354e-01 1.24e-04
8.83933e-01 1.23e-04
8.84470e-01 1.23e-04
8.85048e-01 1.23e-04
8.85584e-01 1.23e-04
8.86161e-01 1.23e-04
8.86738e-01 1.23e-04
8.87274e-01 1.22e-04
8.87850e-01 1.22e-04
8.88385e-01 1.22e-04
8.88961e-01 1.22e-04
8.89495e-01 1.22e-04
8.90070e-01 1.22e-04
8.90604e-01 1.21e-04
8.91178e-01 1.21e-04
8.91711e-01 1.21e-04
8.92285e-01 1.21e-04
8.92817e-01 1.21e-04
8.93391e-01 1.21e-04
8.93922e-01 1.20e-04
8.94209e-01 1.20e-04
8.94781e-01 1.20e-04
8.95312e-01 1.20e-04
8.95598e-01 1.20e-04
8.96129e-01 1.20e-04
8.96700e-01 1.19e-04
8.97230e-01 1.19e-04
8.97760e-01 1.19e-04
8.98330e-01 1.19e-04
8.98860e-01 1.19e-04
8.99429e-01 1.18e-04
8.99958e-01 1.18e-04
9.00527e-01 1.18e-04
9.01055e-01 1.18e-04
9.01583e-01 1.18e-04
9.02151e-01 1.17e-04
9.02679e-01 1.17e-04
9.03205e-01 1.17e-04
9.03773e-01 1.17e-04
9.04299e-01 1.16e-04
9.04582e-01 1.16e-04
9.05108e-01 1.16e-04
9.05675e-01 1.16e-04
9.06200e-01 1.15e-04
9.06725e-01 1.15e-04
9.07290e-01 1.15e-04
9.07815e-01 1.15e-04
9.08339e-01 1.15e-04
9.08904e-01 1.14e-04
9.09427e-01 1.14e-04
9.09951e-01 1.14e-04
9.10474e-01 1.14e-04
9.11037e-01 1.14e-04
9.11560e-01 1.13e-04
9.12082e-01 1.13e-04
9.12644e-01 1.13e-04
9.13166e-01 1.13e-04
9.13687e-01 1.13e-04
9.14209e-01 1.12e-04
9.14770e-01 1.12e-04
9.15290e-01 1.12e-04
9.15811e-01 1.12e-04
9.16331e-01 1.12e-04
9.16851e-01 1.11e-04
9.17410e-01 1.11e-04
9.17929e-01 1.11e-04
9.18448e-01 1.11e-04
9.18967e-01 1.11e-04
9.19486e-01 1.11e-04
9.20044e-01 1.11e-04
9.20562e-01 1.10e-04
9.21079e-01 1.10e-04
9.21597e-01 1.10e-04
9.22114e-01 1.10e-04
9.22631e-01 1.10e-04
9.23187e-01 1.10e-04
9.23703e-01 1.10e-04
9.24219e-01 1.09e-04
9.24735e-01 1.09e-04
9.31967e-01 1.08e-04
9.32479e-01 1.08e-04
9.32991e-01 1.08e-04
9.33541e-01 1.08e-04
9.34052e-01 1.07e-04
9.34563e-01 1.07e-04
9.35073e-01 1.07e-04
9.35583e-01 1.07e-04
9.35819e-01 1.07e-04
9.36329e-01 1.06e-04
9.36603e-01 1.06e-04
9.37112e-01 1.06e-04
9.37622e-01 1.06e-04
9.38130e-01 1.05e-04
9.38639e-01 1.05e-04
9.39148e-01 1.05e-04
9.39656e-01 1.05e-04
9.40163e-01 1.05e-04
9.40671e-01 1.04e-04
9.41139e-01 1.04e-04
9.41647e-01 1.04e-04
9.42153e-01 1.04e-04
9.42660e-01 1.04e-04
9.43166e-01 1.03e-04
9.43672e-01 1.03e-04
9.44178e-01 1.03e-04
9.44684e-01 1.03e-04
9.45189e-01 1.03e-04
9.45694e-01 1.02e-04
9.46199e-01 1.02e-04
9.46704e-01 1.02e-04
9.47208e-01 1.02e-04
9.47712e-01 1.02e-04
9.48177e-01 1.02e-04
9.48680e-01 1.01e-04
9.49184e-01 1.01e-04
9.49687e-01 1.01e-04
9.53394e-01 1.01e-04
9.54896e-01 1.00e-04
9.56357e-01 1.00e-04
9.56857e-01 1.00e-04
9.57356e-01 1.00e-04
9.57855e-01 9.99e-05
9.58354e-01 9.97e-05
9.58814e-01 9.96e-05
9.59312e-01 9.94e-05
9.59810e-01 9.92e-05
9.60308e-01 9.90e-05
9.60767e-01 9.88e-05
9.61264e-01 9.86e-05
9.61761e-01 9.83e-05
9.62258e-01 9.81e-05
9.62716e-01 9.78e-05
9.63212e-01 9.76e-05
9.63709e-01 9.74e-05
9.64204e-01 9.72e-05
9.64662e-01 9.70e-05
9.65157e-01 9.68e-05
9.65652e-01 9.66e-05
9.66147e-01 9.64e-05
9.68314e-01 9.60e-05
9.70211e-01 9.58e-05
9.72142e-01 9.57e-05
9.73087e-01 9.55e-05
9.73578e-01 9.53e-05
9.74069e-01 9.51e-05
9.74522e-01 9.49e-05
9.75012e-01 9.47e-05
9.75503e-01 9.44e-05
9.75955e-01 9.41e-05
9.76445e-01 9.39e-05
9.76897e-01 9.36e-05
9.77386e-01 9.34e-05
9.77875e-01 9.32e-05
9.78326e-01 9.30e-05
9.79979e-01 9.27e-05
9.81404e-01 9.27e-05
9.82565e-01 9.28e-05
9.83052e-01 9.27e-05
9.83501e-01 9.25e-05
9.83987e-01 9.23e-05
9.84473e-01 9.20e-05
9.84921e-01 9.16e-05
9.85406e-01 9.13e-05
9.85854e-01 9.10e-05
9.86339e-01 9.07e-05
9.86786e-01 9.05e-05
9.87494e-01 9.03e-05
9.88202e-01 9.03e-05
9.89801e-01 9.03e-05
9.90284e-01 9.01e-05
9.90507e-01 9.00e-05
9.90730e-01 8.98e-05
9.91213e-01 8.94e-05
9.91658e-01 8.88e-05
9.92140e-01 8.82e-05
9.92585e-01 8.77e-05
9.93067e-01 8.71e-05
9.93511e-01 8.66e-05
9.93992e-01 8.62e-05
9.94436e-01 8.58e-05
9.94917e-01 8.55e-05
9.95361e-01 8.52e-05
9.95582e-01 8.50e-05
9.95804e-01 8.51e-05
9.96284e-01 8.84e-05
9.96506e-01 9.01e-05
9.96727e-01 9.02e-05
9.97207e-01 8.99e-05
9.97649e-01 8.97e-05
9.98129e-01 8.95e-05
9.98571e-01 8.93e-05
9.99013e-01 8.91e-05
9.99492e-01 8.89e-05
9.99933e-01 8.87e-05
1.00041e+00 8.85e-05
1.00085e+00 8.84e-05
1.00129e+00 8.82e-05
1.00177e+00 8.80e-05
1.00221e+00 8.79e-05
1.00269e+00 8.77e-05
1.00313e+00 8.76e-05
1.00357e+00 8.74e-05
1.00405e+00 8.73e-05
1.00448e+00 8.71e-05
1.00492e+00 8.70e-05
1.00540e+00 8.68e-05
1.00584e+00 8.67e-05
1.00628e+00 8.65e-05
1.00675e+00 8.64e-05
1.00719e+00 8.63e-05
1.00763e+00 8.61e-05
1.00810e+00 8.60e-05
1.00854e+00 8.59e-05
1.00898e+00 8.57e-05
1.00945e+00 8.56e-05
1.00989e+00 8.54e-05
1.01033e+00 8.53e-05
1.01080e+00 8.52e-05
1.01124e+00 8.50e-05
1.01167e+00 8.48e-05
1.01189e+00 8.47e-05
1.01236e+00 8.46e-05
1.01280e+00 8.45e-05
1.01324e+00 8.43e-05
1.01371e+00 8.42e-05
1.01414e+00 8.41e-05
1.01458e+00 8.39e-05
1.01501e+00 8.38e-05
1.01548e+00 8.37e-05
1.01592e+00 8.35e-05
1.01635e+00 8.34e-05
1.01679e+00 8.33e-05
1.01726e+00 8.32e-05
1.01769e+00 8.31e-05
1.01813e+00 8.29e-05
1.01856e+00 8.28e-05
1.01903e+00 8.27e-05
1.01946e+00 8.26e-05
1.01989e+00 8.24e-05
1.02033e+00 8.23e-05
1.02079e+00 8.22e-05
1.02123e+00 8.20e-05
1.02166e+00 8.19e-05
1.02209e+00 8.18e-05
1.02252e+00 8.17e-05
1.02299e+00 8.16e-05
1.02342e+00 8.15e-05
1.02385e+00 8.13e-05
1.02428e+00 8.12e-05
1.02471e+00 8.11e-05
1.02518e+00 8.10e-05
1.02561e+00 8.09e-05
1.02604e+00 8.07e-05
1.02647e+00 8.06e-05
1.02690e+00 8.05e-05
1.02737e+00 8.03e-05
1.02780e+00 8.02e-05
1.02823e+00 8.01e-05
1.02865e+00 8.00e-05
1.02908e+00 7.99e-05
1.02951e+00 7.98e-05
1.02998e+00 7.97e-05
1.03040e+00 7.96e-05
1.03083e+00 7.94e-05
1.03126e+00 7.93e-05
1.03169e+00 7.92e-05
1.03212e+00 7.91e-05
1.03254e+00 7.90e-05
1.03297e+00 7.89e-05
1.03343e+00 7.88e-05
1.03386e+00 7.87e-05
1.03429e+00 7.86e-05
1.03471e+00 7.84e-05
1.03514e+00 7.83e-05
1.03557e+00 7.82e-05
1.03599e+00 7.81e-05
1.03642e+00 7.80e-05
1.03684e+00 7.79e-05
1.03730e+00 7.78e-05
1.03773e+00 7.77e-05
1.03815e+00 7.76e-05
1.03858e+00 7.75e-05
1.03900e+00 7.73e-05
1.03943e+00 7.72e-05
1.03985e+00 7.71e-05
1.04028e+00 7.70e-05
1.04070e+00 7.69e-05
1.04112e+00 7.68e-05
1.04155e+00 7.67e-05
1.04197e+00 7.66e-05
1.04239e+00 7.65e-05
1.04282e+00 7.64e-05
1.04324e+00 7.63e-05
1.04370e+00 7.62e-05
1.04412e+00 7.61e-05
1.04454e+00 7.60e-05
1.04497e+00 7.59e-05
1.04539e+00 7.58e-05
1.04581e+00 7.57e-05
1.04623e+00 7.56e-05
1.04665e+00 7.55e-05
1.04707e+00 7.54e-05
1.04749e+00 7.53e-05
1.04792e+00 7.52e-05
1.04834e+00 7.51e-05
1.04876e+00 7.50e-05
1.04918e+00 7.49e-05
1.04960e+00 7.48e-05
1.05002e+00 7.47e-05
1.05044e+00 7.46e-05
1.05086e+00 7.44e-05
1.05128e+00 7.43e-05
1.05170e+00 7.42e-05
1.05211e+00 7.41e-05
1.05253e+00 7.40e-05
1.05295e+00 7.39e-05
1.05337e+00 7.38e-05
1.05379e+00 7.37e-05
1.05421e+00 7.36e-05
1.05463e+00 7.35e-05
1.05504e+00 7.34e-05
1.05543e+00 7.33e-05
1.05584e+00 7.32e-05
1.06350e+00 7.14e-05
1.06392e+00 7.13e-05
1.06433e+00 7.12e-05
1.06475e+00 7.11e-05
1.06516e+00 7.10e-05
1.06554e+00 7.09e-05
1.06595e+00 7.08e-05
1.06636e+00 7.07e-05
1.06678e+00 7.06e-05
1.06719e+00 7.05e-05
1.06760e+00 7.04e-05
1.06802e+00 7.03e-05
1.06843e+00 7.02e-05
1.06881e+00 7.01e-05
1.06922e+00 7.00e-05
1.06963e+00 7.00e-05
1.07004e+00 6.99e-05
1.07045e+00 6.98e-05
1.07086e+00 6.97e-05
1.07128e+00 6.96e-05
1.07165e+00 6.95e-05
1.07206e+00 6.94e-05
1.07247e+00 6.93e-05
1.07288e+00 6.92e-05
1.07329e+00 6.91e-05
1.07370e+00 6.90e-05
1.07408e+00 6.89e-05
1.07449e+00 6.88e-05
1.07490e+00 6.88e-05
1.07531e+00 6.87e-05
1.07572e+00 6.86e-05
1.07609e+00 6.85e-05
1.07650e+00 6.84e-05
1.07691e+00 6.83e-05
1.07732e+00 6.82e-05
1.07773e+00 6.81e-05
1.07810e+00 6.80e-05
1.07851e+00 6.79e-05
1.07892e+00 6.78e-05
1.07933e+00 6.78e-05
1.07974e+00 6.77e-05
1.08011e+00 6.76e-05
1.08052e+00 6.75e-05
1.08092e+00 6.74e-05
1.08133e+00 6.73e-05
1.08170e+00 6.72e-05
1.08211e+00 6.71e-05
1.08252e+00 6.70e-05
1.08292e+00 6.69e-05
1.08333e+00 6.68e-05
1.08370e+00 6.67e-05
1.08411e+00 6.66e-05
1.08451e+00 6.65e-05
1.08492e+00 6.64e-05
1.08529e+00 6.63e-05
1.08570e+00 6.62e-05
1.08610e+00 6.62e-05
1.08651e+00 6.61e-05
1.08688e+00 6.60e-05
1.08728e+00 6.59e-05
1.08769e+00 6.58e-05
1.08806e+00 6.57e-05
1.08846e+00 6.56e-05
1.08886e+00 6.56e-05
1.08927e+00 6.55e-05
1.08964e+00 6.54e-05
1.09004e+00 6.53e-05
1.09045e+00 6.52e-05
1.09085e+00 6.51e-05
1.09122e+00 6.50e-05
1.09162e+00 6.50e-05
1.09202e+00 6.49e-05
1.09239e+00 6.48e-05
1.09280e+00 6.47e-05
1.09320e+00 6.46e-05
1.09357e+00 6.45e-05
1.09397e+00 6.45e-05
1.09437e+00 6.44e-05
1.09477e+00 6.43e-05
1.09514e+00 6.42e-05
1.09554e+00 6.41e-05
1.09594e+00 6.40e-05
1.09631e+00 6.40e-05
1.09671e+00 6.39e-05
1.09711e+00 6.38e-05
1.09748e+00 6.37e-05
1.09788e+00 6.36e-05
1.09828e+00 6.35e-05
1.09865e+00 6.35e-05
1.09905e+00 6.34e-05
1.09945e+00 6.33e-05
1.09981e+00 6.32e-05
1.10021e+00 6.31e-05
1.10061e+00 6.31e-05
1.10098e+00 6.30e-05
1.10138e+00 6.29e-05
1.10177e+00 6.28e-05
1.10214e+00 6.27e-05
1.10254e+00 6.27e-05
1.10290e+00 6.26e-05
1.10330e+00 6.25e-05
1.10370e+00 6.24e-05
1.10406e+00 6.23e-05
1.10446e+00 6.23e-05
1.10486e+00 6.22e-05
1.10522e+00 6.21e-05
1.10562e+00 6.20e-05
1.10599e+00 6.19e-05
1.10638e+00 6.19e-05
1.10678e+00 6.18e-05
1.10714e+00 6.17e-05
1.10754e+00 6.16e-05
1.10794e+00 6.15e-05
1.10830e+00 6.15e-05
1.10869e+00 6.14e-05
1.10906e+00 6.13e-05
1.10945e+00 6.12e-05
1.10985e+00 6.11e-05
1.11021e+00 6.11e-05
1.11061e+00 6.10e-05
1.11097e+00 6.09e-05
1.11136e+00 6.08e-05
1.11156e+00 6.08e-05
1.11192e+00 6.06e-05
1.11212e+00 6.05e-05
1.11252e+00 6.04e-05
1.11288e+00 6.03e-05
1.11327e+00 6.02e-05
1.11363e+00 6.02e-05
1.11403e+00 6.01e-05
1.11442e+00 6.00e-05
1.11478e+00 5.99e-05
1.11517e+00 5.99e-05
1.11553e+00 5.98e-05
1.11593e+00 5.97e-05
1.11629e+00 5.96e-05
1.11668e+00 5.96e-05
1.11704e+00 5.95e-05
1.11743e+00 5.94e-05
1.11783e+00 5.93e-05
1.11819e+00 5.93e-05
1.11858e+00 5.92e-05
1.11894e+00 5.91e-05
1.11933e+00 5.90e-05
1.11969e+00 5.90e-05
1.12008e+00 5.89e-05
1.12044e+00 5.88e-05
1.12083e+00 5.87e-05
1.12119e+00 5.87e-05
1.12158e+00 5.86e-05
1.12197e+00 5.85e-05
1.12233e+00 5.84e-05
1.12272e+00 5.84e-05
1.12308e+00 5.83e-05
1.12347e+00 5.82e-05
1.12383e+00 5.81e-05
1.12422e+00 5.81e-05
1.12457e+00 5.80e-05
1.12496e+00 5.79e-05
1.12532e+00 5.78e-05
1.12571e+00 5.78e-05
1.12607e+00 5.77e-05
1.12645e+00 5.76e-05
1.12681e+00 5.75e-05
1.12720e+00 5.75e-05
1.12756e+00 5.74e-05
1.12794e+00 5.73e-05
1.12830e+00 5.73e-05
1.12869e+00 5.72e-05
1.12904e+00 5.71e-05
1.12943e+00 5.70e-05
1.12979e+00 5.70e-05
1.13018e+00 5.69e-05
1.13053e+00 5.68e-05
1.13092e+00 5.68e-05
1.13127e+00 5.67e-05
1.13166e+00 5.66e-05
1.13201e+00 5.66e-05
1.13237e+00 5.65e-05
1.13276e+00 5.64e-05
1.13311e+00 5.63e-05
1.13350e+00 5.63e-05
1.13385e+00 5.62e-05
1.13424e+00 5.61e-05
1.13459e+00 5.61e-05
1.13498e+00 5.60e-05
1.13533e+00 5.59e-05
1.13572e+00 5.59e-05
1.13607e+00 5.58e-05
1.13645e+00 5.57e-05
1.13681e+00 5.56e-05
1.13716e+00 5.56e-05
1.13754e+00 5.55e-05
1.13790e+00 5.54e-05
1.13828e+00 5.54e-05
1.13863e+00 5.53e-05
1.13902e+00 5.52e-05
1.13937e+00 5.52e-05
1.13972e+00 5.51e-05
1.14011e+00 5.50e-05
1.14046e+00 5.50e-05
1.14084e+00 5.49e-05
1.14119e+00 5.48e-05
1.14158e+00 5.48e-05
1.14193e+00 5.47e-05
1.14228e+00 5.46e-05
1.14266e+00 5.46e-05
1.14301e+00 5.45e-05
1.14339e+00 5.44e-05
1.14374e+00 5.44e-05
1.14413e+00 5.43e-05
1.14448e+00 5.42e-05
1.14483e+00 5.42e-05
1.14521e+00 5.41e-05
1.14556e+00 5.40e-05
1.14594e+00 5.40e-05
1.14629e+00 5.39e-05
1.14664e+00 5.38e-05
1.14702e+00 5.38e-05
1.14737e+00 5.37e-05
1.14775e+00 5.36e-05
1.14810e+00 5.36e-05
1.14845e+00 5.35e-05
1.14883e+00 5.34e-05
1.14918e+00 5.34e-05
1.14956e+00 5.33e-05
1.14991e+00 5.32e-05
1.15026e+00 5.32e-05
1.15064e+00 5.31e-05
1.15098e+00 5.30e-05
1.15133e+00 5.30e-05
1.15171e+00 5.29e-05
1.15206e+00 5.28e-05
1.15244e+00 5.28e-05
1.15278e+00 5.27e-05
1.15313e+00 5.26e-05
1.15351e+00 5.26e-05
1.15386e+00 5.25e-05
1.15420e+00 5.24e-05
1.15458e+00 5.24e-05
1.15493e+00 5.23e-05
1.15528e+00 5.22e-05
1.15565e+00 5.22e-05
1.15600e+00 5.21e-05
1.15638e+00 5.21e-05
1.15672e+00 5.20e-05
1.15707e+00 5.19e-05
1.15745e+00 5.19e-05
1.15779e+00 5.18e-05
1.15814e+00 5.17e-05
1.15852e+00 5.17e-05
1.15886e+00 5.16e-05
1.15921e+00 5.15e-05
1.15958e+00 5.15e-05
1.15993e+00 5.14e-05
1.16027e+00 5.14e-05
1.16065e+00 5.13e-05
1.16099e+00 5.12e-05
1.16134e+00 5.12e-05
1.16171e+00 5.11e-05
1.16206e+00 5.10e-05
1.16240e+00 5.10e-05
1.16278e+00 5.09e-05
1.16312e+00 5.08e-05
1.16346e+00 5.08e-05
1.16384e+00 5.07e-05
1.16418e+00 5.07e-05
1.16452e+00 5.06e-05
1.16487e+00 5.05e-05
1.16524e+00 5.05e-05
1.16559e+00 5.04e-05
1.16593e+00 5.04e-05
1.16630e+00 5.03e-05
1.16664e+00 5.02e-05
1.16699e+00 5.02e-05
1.16736e+00 5.01e-05
1.16770e+00 5.00e-05
1.16805e+00 5.00e-05
1.16842e+00 4.99e-05
1.16876e+00 4.99e-05
1.16910e+00 4.98e-05
1.16944e+00 4.97e-05
1.16982e+00 4.97e-05
1.17016e+00 4.96e-05
1.17050e+00 4.96e-05
1.17087e+00 4.95e-05
1.17121e+00 4.94e-05
1.17155e+00 4.94e-05
1.17189e+00 4.93e-05
1.17227e+00 4.93e-05
1.17261e+00 4.92e-05
1.17295e+00 4.91e-05
1.17332e+00 4.91e-05
1.17366e+00 4.90e-05
1.17400e+00 4.90e-05
1.17434e+00 4.89e-05
1.17471e+00 4.89e-05
1.17505e+00 4.88e-05
1.17539e+00 4.87e-05
1.17573e+00 4.87e-05
1.17610e+00 4.86e-05
1.17644e+00 4.86e-05
1.17678e+00 4.85e-05
1.17715e+00 4.84e-05
1.17749e+00 4.84e-05
1.17782e+00 4.83e-05
1.17816e+00 4.83e-05
1.17853e+00 4.82e-05
1.17887e+00 4.82e-05
1.17921e+00 4.81e-05
1.17955e+00 4.80e-05
1.17992e+00 4.78e-05
1.18007e+00 4.76e-05
1.18025e+00 4.76e-05
1.18059e+00 4.75e-05
1.18093e+00 4.75e-05
1.18130e+00 4.74e-05
1.18164e+00 4.74e-05
1.18197e+00 4.73e-05
1.18231e+00 4.72e-05
1.18268e+00 4.72e-05
1.18301e+00 4.71e-05
1.18335e+00 4.71e-05
1.18369e+00 4.70e-05
1.18406e+00 4.70e-05
1.18439e+00 4.69e-05
1.18473e+00 4.68e-05
1.18507e+00 4.68e-05
1.18540e+00 4.67e-05
1.18577e+00 4.67e-05
1.18610e+00 4.66e-05
1.18644e+00 4.66e-05
1.18678e+00 4.65e-05
1.18714e+00 4.65e-05
1.18748e+00 4.64e-05
1.18781e+00 4.63e-05
1.18815e+00 4.63e-05
1.18848e+00 4.62e-05
1.18885e+00 4.62e-05
1.18918e+00 4.61e-05
1.18952e+00 4.61e-05
1.18985e+00 4.60e-05
1.19022e+00 4.60e-05
1.19055e+00 4.59e-05
1.19089e+00 4.58e-05
1.19122e+00 4.58e-05
1.19156e+00 4.57e-05
1.19192e+00 4.57e-05
1.19225e+00 4.56e-05
1.19259e+00 4.56e-05
1.19292e+00 4.55e-05
1.19326e+00 4.55e-05
1.19362e+00 4.54e-05
1.19395e+00 4.54e-05
1.19429e+00 4.53e-05
1.19462e+00 4.52e-05
1.19495e+00 4.52e-05
1.19532e+00 4.51e-05
1.19565e+00 4.51e-05
1.19598e+00 4.50e-05
1.19631e+00 4.50e-05
1.19665e+00 4.49e-05
1.19698e+00 4.49e-05
1.19734e+00 4.48e-05
1.19767e+00 4.48e-05
1.19801e+00 4.47e-05
1.19834e+00 4.47e-05
1.19867e+00 4.46e-05
1.19903e+00 4.46e-05
1.19936e+00 4.45e-05
1.19969e+00 4.44e-05
1.20003e+00 4.44e-05
1.20036e+00 4.43e-05
1.20069e+00 4.43e-05
1.20105e+00 4.42e-05
1.20138e+00 4.42e-05
1.20171e+00 4.41e-05
1.20204e+00 4.41e-05
1.20237e+00 4.40e-05
1.20270e+00 4.40e-05
1.20306e+00 4.39e-05
1.20339e+00 4.39e-05
1.20372e+00 4.38e-05
1.20405e+00 4.38e-05
1.20438e+00 4.37e-05
1.20471e+00 4.37e-05
1.20507e+00 4.36e-05
1.20540e+00 4.36e-05
1.20573e+00 4.35e-05
1.20606e+00 4.35e-05
1.20639e+00 4.34e-05
1.20672e+00 4.34e-05
1.20708e+00 4.33e-05
1.20741e+00 4.32e-05
1.20774e+00 4.32e-05
1.20806e+00 4.31e-05
1.20839e+00 4.31e-05
1.20872e+00 4.30e-05
1.20905e+00 4.30e-05
1.20941e+00 4.29e-05
1.20974e+00 4.29e-05
1.21006e+00 4.28e-05
1.21039e+00 4.28e-05
1.21072e+00 4.27e-05
1.21105e+00 4.27e-05
1.21138e+00 4.26e-05
1.21173e+00 4.26e-05
1.21206e+00 4.26e-05
1.21239e+00 4.25e-05
1.21271e+00 4.25e-05
1.21304e+00 4.24e-05
1.21337e+00 4.24e-05
1.21370e+00 4.23e-05
1.21405e+00 4.23e-05
1.21438e+00 4.22e-05
1.21471e+00 4.22e-05
1.21503e+00 4.21e-05
1.21536e+00 4.21e-05
1.21568e+00 4.20e-05
1.21601e+00 4.20e-05
1.21634e+00 4.19e-05
1.21669e+00 4.19e-05
1.21702e+00 4.18e-05
1.21734e+00 4.18e-05
1.21767e+00 4.17e-05
1.21799e+00 4.17e-05
1.21832e+00 4.16e-05
1.21864e+00 4.16e-05
1.21897e+00 4.15e-05
1.21932e+00 4.15e-05
1.21965e+00 4.14e-05
1.21997e+00 4.14e-05
1.22030e+00 4.13e-05
1.22062e+00 4.13e-05
1.22095e+00 4.12e-05
1.22127e+00 4.12e-05
1.22160e+00 4.11e-05
1.22192e+00 4.11e-05
1.22227e+00 4.11e-05
1.22260e+00 4.10e-05
1.22292e+00 4.10e-05
1.22325e+00 4.09e-05
1.22357e+00 4.09e-05
1.22389e+00 4.08e-05
1.22422e+00 4.08e-05
1.22454e+00 4.07e-05
1.22486e+00 4.07e-05
1.22519e+00 4.06e-05
1.22554e+00 4.06e-05
1.22586e+00 4.05e-05
1.22618e+00 4.05e-05
1.22651e+00 4.04e-05
1.22683e+00 4.04e-05
1.22715e+00 4.03e-05
1.22747e+00 4.03e-05
1.22780e+00 4.03e-05
1.22812e+00 4.02e-05
1.22844e+00 4.02e-05
1.22876e+00 4.01e-05
1.22911e+00 4.01e-05
1.22944e+00 4.00e-05
1.22976e+00 4.00e-05
1.23008e+00 3.99e-05
1.23040e+00 3.99e-05
1.23072e+00 3.98e-05
1.23104e+00 3.98e-05
1.23136e+00 3.97e-05
1.23169e+00 3.97e-05
1.23201e+00 3.97e-05
1.23233e+00 3.96e-05
1.23265e+00 3.96e-05
1.23300e+00 3.95e-05
1.23332e+00 3.95e-05
1.23364e+00 3.94e-05
1.23396e+00 3.94e-05
1.23428e+00 3.93e-05
1.23460e+00 3.93e-05
1.23492e+00 3.92e-05
1.23524e+00 3.92e-05
1.23556e+00 3.92e-05
1.23588e+00 3.91e-05
1.23620e+00 3.91e-05
1.23652e+00 3.90e-05
1.23684e+00 3.90e-05
1.23719e+00 3.89e-05
1.23750e+00 3.89e-05
1.23782e+00 3.88e-05
1.23814e+00 3.88e-05
1.23846e+00 3.87e-05
1.23878e+00 3.87e-05
1.23910e+00 3.87e-05
1.23942e+00 3.86e-05
1.23974e+00 3.86e-05
1.24005e+00 3.85e-05
1.24037e+00 3.85e-05
1.24069e+00 3.84e-05
1.24101e+00 3.84e-05
1.24133e+00 3.83e-05
1.24164e+00 3.83e-05
1.24196e+00 3.83e-05
1.24231e+00 3.82e-05
1.24263e+00 3.82e-05
1.24294e+00 3.81e-05
1.24326e+00 3.81e-05
1.24358e+00 3.80e-05
1.24390e+00 3.80e-05
1.24421e+00 3.80e-05
1.24453e+00 3.79e-05
1.24485e+00 3.79e-05
1.24516e+00 3.78e-05
1.24548e+00 3.78e-05
1.24580e+00 3.77e-05
1.24611e+00 3.77e-05
1.24643e+00 3.76e-05
1.24674e+00 3.76e-05
1.24706e+00 3.76e-05
1.24738e+00 3.75e-05
1.24769e+00 3.75e-05
1.24801e+00 3.74e-05
1.24832e+00 3.74e-05
1.24867e+00 3.73e-05
1.24898e+00 3.73e-05
1.24930e+00 3.73e-05
1.24962e+00 3.72e-05
1.24993e+00 3.72e-05
1.25025e+00 3.71e-05
1.25056e+00 3.71e-05
1.25088e+00 3.71e-05
1.25119e+00 3.70e-05
1.25151e+00 3.70e-05
1.25182e+00 3.69e-05
1.25213e+00 3.69e-05
1.25245e+00 3.68e-05
1.25276e+00 3.68e-05
1.25308e+00 3.68e-05
1.25339e+00 3.67e-05
1.25371e+00 3.67e-05
1.25402e+00 3.66e-05
1.25433e+00 3.66e-05
1.25465e+00 3.66e-05
1.25496e+00 3.65e-05
1.25527e+00 3.65e-05
1.25559e+00 3.64e-05
1.25590e+00 3.64e-05
1.25621e+00 3.64e-05
1.25653e+00 3.63e-05
1.25684e+00 3.63e-05
1.25715e+00 3.62e-05
1.25749e+00 3.62e-05
1.25781e+00 3.61e-05
1.25812e+00 3.61e-05
1.25843e+00 3.61e-05
1.25875e+00 3.60e-05
1.25906e+00 3.60e-05
1.25937e+00 3.59e-05
1.25968e+00 3.59e-05
1.25999e+00 3.59e-05
1.26031e+00 3.58e-05
1.26062e+00 3.58e-05
1.26093e+00 3.57e-05
1.26124e+00 3.57e-05
1.26155e+00 3.57e-05
1.26186e+00 3.56e-05
1.26218e+00 3.56e-05
1.26249e+00 3.55e-05
1.26280e+00 3.55e-05
1.26311e+00 3.55e-05
1.26342e+00 3.54e-05
1.26373e+00 3.54e-05
1.26404e+00 3.53e-05
1.26435e+00 3.53e-05
1.26466e+00 3.53e-05
1.26497e+00 3.52e-05
1.26528e+00 3.52e-05
1.26559e+00 3.51e-05
1.26590e+00 3.51e-05
1.26621e+00 3.51e-05
1.26652e+00 3.50e-05
1.26683e+00 3.50e-05
1.26714e+00 3.49e-05
1.26745e+00 3.49e-05
1.26776e+00 3.49e-05
1.26807e+00 3.48e-05
1.26838e+00 3.48e-05
1.26869e+00 3.48e-05
1.26900e+00 3.47e-05
1.26931e+00 3.47e-05
1.26962e+00 3.46e-05
1.26993e+00 3.46e-05
1.27024e+00 3.46e-05
1.27055e+00 3.45e-05
1.27086e+00 3.45e-05
1.27116e+00 3.44e-05
1.27147e+00 3.44e-05
1.27178e+00 3.44e-05
1.27209e+00 3.43e-05
1.27240e+00 3.43e-05
1.27271e+00 3.42e-05
1.27301e+00 3.42e-05
1.27332e+00 3.42e-05
1.27363e+00 3.41e-05
1.27394e+00 3.41e-05
1.27424e+00 3.41e-05
1.27455e+00 3.40e-05
1.27486e+00 3.40e-05
1.27517e+00 3.39e-05
1.27547e+00 3.39e-05
1.27578e+00 3.39e-05
1.27609e+00 3.38e-05
1.27640e+00 3.38e-05
1.27670e+00 3.38e-05
1.27701e+00 3.37e-05
1.27732e+00 3.37e-05
1.27762e+00 3.36e-05
1.27793e+00 3.36e-05
1.27824e+00 3.36e-05
1.27854e+00 3.35e-05
1.27885e+00 3.35e-05
1.27915e+00 3.35e-05
1.27946e+00 3.34e-05
1.27977e+00 3.34e-05
1.28007e+00 3.33e-05
1.28038e+00 3.33e-05
1.28068e+00 3.33e-05
1.28099e+00 3.32e-05
1.28129e+00 3.32e-05
1.28160e+00 3.32e-05
1.28191e+00 3.31e-05
1.28221e+00 3.31e-05
1.28252e+00 3.30e-05
1.28282e+00 3.30e-05
1.28313e+00 3.30e-05
1.28343e+00 3.29e-05
1.28374e+00 3.29e-05
1.28404e+00 3.29e-05
1.28434e+00 3.28e-05
1.28465e+00 3.28e-05
1.28495e+00 3.27e-05
1.28526e+00 3.27e-05
1.28556e+00 3.27e-05
1.28587e+00 3.26e-05
1.28617e+00 3.26e-05
1.28647e+00 3.26e-05
1.28678e+00 3.25e-05
1.28708e+00 3.25e-05
1.28739e+00 3.25e-05
1.28769e+00 3.24e-05
1.28799e+00 3.24e-05
1.28830e+00 3.23e-05
1.28860e+00 3.23e-05
1.28890e+00 3.23e-05
1.28921e+00 3.22e-05
1.28951e+00 3.22e-05
1.28981e+00 3.22e-05
1.29011e+00 3.21e-05
1.29042e+00 3.21e-05
1.29072e+00 3.21e-05
1.29102e+00 3.20e-05
1.29132e+00 3.20e-05
1.29163e+00 3.20e-05
1.29193e+00 3.19e-05
1.29223e+00 3.19e-05
1.29253e+00 3.18e-05
1.29283e+00 3.18e-05
1.29314e+00 3.18e-05
1.29344e+00 3.17e-05
1.29374e+00 3.17e-05
1.29404e+00 3.17e-05
1.29434e+00 3.16e-05
1.29464e+00 3.16e-05
1.29495e+00 3.16e-05
1.29525e+00 3.15e-05
1.29555e+00 3.15e-05
1.29582e+00 3.15e-05
1.29612e+00 3.14e-05
1.29642e+00 3.14e-05
1.29673e+00 3.14e-05
1.29703e+00 3.13e-05
1.29733e+00 3.13e-05
1.29763e+00 3.13e-05
1.29793e+00 3.12e-05
1.29823e+00 3.12e-05
1.29853e+00 3.12e-05
1.29883e+00 3.11e-05
1.29913e+00 3.11e-05
1.29943e+00 3.11e-05
1.29973e+00 3.10e-05
1.30003e+00 3.10e-05
1.30033e+00 3.10e-05
1.30063e+00 3.09e-05
1.30093e+00 3.09e-05
1.30123e+00 3.08e-05
1.30153e+00 3.08e-05
1.30183e+00 3.08e-05
1.30212e+00 3.07e-05
1.30242e+00 3.07e-05
1.30272e+00 3.07e-05
1.30302e+00 3.06e-05
1.30332e+00 3.06e-05
1.30362e+00 3.06e-05
1.30392e+00 3.05e-05
1.30422e+00 3.05e-05
1.30451e+00 3.05e-05
1.30481e+00 3.04e-05
1.30511e+00 3.04e-05
1.30541e+00 3.04e-05
1.30571e+00 3.03e-05
1.30601e+00 3.03e-05
1.30630e+00 3.03e-05
1.30660e+00 3.02e-05
1.30690e+00 3.02e-05
1.30720e+00 3.02e-05
1.30749e+00 3.01e-05
1.30779e+00 3.01e-05
1.30809e+00 3.01e-05
1.30839e+00 3.00e-05
1.30868e+00 3.00e-05
1.30898e+00 3.00e-05
1.30925e+00 3.00e-05
1.30955e+00 2.99e-05
1.30985e+00 2.99e-05
1.31014e+00 2.99e-05
1.31044e+00 2.98e-05
1.31074e+00 2.98e-05
1.31103e+00 2.98e-05
1.31133e+00 2.97e-05
1.31162e+00 2.97e-05
1.31192e+00 2.97e-05
1.31222e+00 2.96e-05
1.31251e+00 2.96e-05
1.31281e+00 2.96e-05
1.31311e+00 2.95e-05
1.31340e+00 2.95e-05
1.31370e+00 2.95e-05
1.31399e+00 2.94e-05
1.31429e+00 2.94e-05
1.31458e+00 2.94e-05
1.31488e+00 2.93e-05
1.31517e+00 2.93e-05
1.31547e+00 2.93e-05
1.31576e+00 2.92e-05
1.31606e+00 2.92e-05
1.31635e+00 2.92e-05
1.31665e+00 2.91e-05
1.31694e+00 2.91e-05
1.31724e+00 2.91e-05
1.31753e+00 2.90e-05
1.31783e+00 2.90e-05
1.31812e+00 2.90e-05
1.31842e+00 2.90e-05
1.31871e+00 2.89e-05
1.31901e+00 2.89e-05
1.31930e+00 2.89e-05
1.31959e+00 2.88e-05
1.31989e+00 2.88e-05
1.32018e+00 2.88e-05
1.32048e+00 2.87e-05
1.32077e+00 2.87e-05
1.32106e+00 2.87e-05
1.32133e+00 2.86e-05
1.32162e+00 2.86e-05
1.32192e+00 2.86e-05
1.32221e+00 2.85e-05
1.32250e+00 2.85e-05
1.32280e+00 2.85e-05
1.32309e+00 2.85e-05
1.32338e+00 2.84e-05
1.32367e+00 2.84e-05
1.32397e+00 2.84e-05
1.32426e+00 2.83e-05
1.32455e+00 2.83e-05
1.32484e+00 2.83e-05
1.32514e+00 2.82e-05
1.32543e+00 2.82e-05
1.32572e+00 2.82e-05
1.32601e+00 2.81e-05
1.32631e+00 2.81e-05
1.32660e+00 2.81e-05
1.32689e+00 2.81e-05
1.32718e+00 2.80e-05
1.32747e+00 2.80e-05
1.32776e+00 2.80e-05
1.32806e+00 2.79e-05
1.32835e+00 2.79e-05
1.32864e+00 2.79e-05
1.32893e+00 2.78e-05
1.32922e+00 2.78e-05
1.32951e+00 2.78e-05
1.32980e+00 2.78e-05
1.33009e+00 2.77e-05
1.33039e+00 2.77e-05
1.33068e+00 2.77e-05
1.33097e+00 2.76e-05
1.33126e+00 2.76e-05
1.33155e+00 2.76e-05
1.33184e+00 2.75e-05
1.33213e+00 2.75e-05
1.33242e+00 2.75e-05
1.33271e+00 2.75e-05
1.33300e+00 2.74e-05
1.33329e+00 2.74e-05
1.33358e+00 2.74e-05
1.33387e+00 2.73e-05
1.33416e+00 2.73e-05
1.33445e+00 2.73e-05
1.33471e+00 2.73e-05
1.33500e+00 2.72e-05
1.33529e+00 2.72e-05
1.33558e+00 2.72e-05
1.33587e+00 2.71e-05
1.33616e+00 2.71e-05
1.33645e+00 2.71e-05
1.33674e+00 2.71e-05
1.33703e+00 2.70e-05
1.33731e+00 2.70e-05
1.33760e+00 2.70e-05
1.33789e+00 2.69e-05
1.33818e+00 2.69e-05
1.33847e+00 2.69e-05
1.33876e+00 2.68e-05
1.33905e+00 2.68e-05
1.33933e+00 2.68e-05
1.33962e+00 2.68e-05
1.33991e+00 2.67e-05
1.34020e+00 2.67e-05
1.34049e+00 2.67e-05
1.34077e+00 2.66e-05
1.34106e+00 2.66e-05
1.34135e+00 2.66e-05
1.34164e+00 2.66e-05
1.34192e+00 2.65e-05
1.34221e+00 2.65e-05
1.34250e+00 2.65e-05
1.34279e+00 2.65e-05
1.34307e+00 2.64e-05
1.34336e+00 2.64e-05
1.34365e+00 2.64e-05
1.34393e+00 2.63e-05
1.34422e+00 2.63e-05
1.34451e+00 2.63e-05
1.34480e+00 2.63e-05
1.34508e+00 2.62e-05
1.34537e+00 2.62e-05
1.34565e+00 2.62e-05
1.34594e+00 2.61e-05
1.34623e+00 2.61e-05
1.34651e+00 2.61e-05
1.34680e+00 2.61e-05
1.34709e+00 2.60e-05
1.34737e+00 2.60e-05
1.34766e+00 2.60e-05
1.34794e+00 2.60e-05
1.34823e+00 2.59e-05
1.34851e+00 2.59e-05
1.34880e+00 2.59e-05
1.34909e+00 2.58e-05
1.34937e+00 2.58e-05
1.34966e+00 2.58e-05
1.34994e+00 2.58e-05
1.35023e+00 2.57e-05
1.35051e+00 2.57e-05
1.35080e+00 2.57e-05
1.35108e+00 2.57e-05
1.35137e+00 2.56e-05
1.35165e+00 2.56e-05
1.35194e+00 2.56e-05
1.35222e+00 2.55e-05
1.35250e+00 2.55e-05
1.35279e+00 2.55e-05
1.35307e+00 2.55e-05
1.35336e+00 2.54e-05
1.35364e+00 2.54e-05
1.35393e+00 2.54e-05
1.35421e+00 2.54e-05
1.35449e+00 2.53e-05
1.35478e+00 2.53e-05
1.35506e+00 2.53e-05
1.35535e+00 2.52e-05
1.35563e+00 2.52e-05
1.35591e+00 2.52e-05
1.35620e+00 2.52e-05
1.35648e+00 2.51e-05
1.35676e+00 2.51e-05
1.35705e+00 2.51e-05
1.35733e+00 2.51e-05
1.35761e+00 2.50e-05
1.35789e+00 2.50e-05
1.35818e+00 2.50e-05
1.35846e+00 2.50e-05
1.35874e+00 2.49e-05
1.35903e+00 2.49e-05
1.35931e+00 2.49e-05
1.35959e+00 2.48e-05
1.35987e+00 2.48e-05
1.36016e+00 2.48e-05
1.36044e+00 2.48e-05
1.36072e+00 2.47e-05
1.36100e+00 2.47e-05
1.36128e+00 2.47e-05
1.36157e+00 2.47e-05
1.36185e+00 2.46e-05
1.36213e+00 2.46e-05
1.36241e+00 2.46e-05
1.36269e+00 2.46e-05
1.36297e+00 2.45e-05
1.36326e+00 2.45e-05
1.36354e+00 2.45e-05
1.36382e+00 2.45e-05
1.36410e+00 2.44e-05
1.36438e+00 2.44e-05
1.36466e+00 2.44e-05
1.36494e+00 2.44e-05
1.36522e+00 2.43e-05
1.36550e+00 2.43e-05
1.36579e+00 2.43e-05
1.36607e+00 2.42e-05
1.36635e+00 2.42e-05
1.36663e+00 2.42e-05
1.36691e+00 2.42e-05
1.36719e+00 2.41e-05
1.36747e+00 2.41e-05
1.36775e+00 2.41e-05
1.36803e+00 2.41e-05
1.36831e+00 2.40e-05
1.36859e+00 2.40e-05
1.36887e+00 2.40e-05
1.36915e+00 2.40e-05
1.36945e+00 2.39e-05
1.36973e+00 2.39e-05
1.37001e+00 2.39e-05
1.37029e+00 2.39e-05
1.37057e+00 2.38e-05
1.37085e+00 2.38e-05
1.37113e+00 2.38e-05
1.37141e+00 2.38e-05
1.37169e+00 2.37e-05
1.37197e+00 2.37e-05
1.37225e+00 2.37e-05
1.37252e+00 2.37e-05
1.37280e+00 2.36e-05
1.37308e+00 2.36e-05
1.37336e+00 2.36e-05
1.37364e+00 2.36e-05
1.37392e+00 2.35e-05
1.37420e+00 2.35e-05
1.37447e+00 2.35e-05
1.37475e+00 2.35e-05
1.37503e+00 2.34e-05
1.37531e+00 2.34e-05
1.37559e+00 2.34e-05
1.37587e+00 2.34e-05
1.37614e+00 2.33e-05
1.37642e+00 2.33e-05
1.37670e+00 2.33e-05
1.37698e+00 2.33e-05
1.37725e+00 2.32e-05
1.37753e+00 2.32e-05
1.37783e+00 2.32e-05
1.37811e+00 2.32e-05
1.37839e+00 2.31e-05
1.37867e+00 2.31e-05
1.37894e+00 2.31e-05
1.37922e+00 2.31e-05
1.37950e+00 2.31e-05
1.37977e+00 2.30e-05
1.38005e+00 2.30e-05
1.38033e+00 2.30e-05
1.38060e+00 2.30e-05
1.38088e+00 2.29e-05
1.38116e+00 2.29e-05
1.38143e+00 2.29e-05
1.38171e+00 2.29e-05
1.38199e+00 2.28e-05
1.38226e+00 2.28e-05
1.38254e+00 2.28e-05
1.38281e+00 2.28e-05
1.38309e+00 2.27e-05
1.38337e+00 2.27e-05
1.38367e+00 2.27e-05
1.38394e+00 2.27e-05
1.38422e+00 2.27e-05
1.38449e+00 2.26e-05
1.38477e+00 2.26e-05
1.38504e+00 2.26e-05
1.38532e+00 2.26e-05
1.38559e+00 2.25e-05
1.38587e+00 2.25e-05
1.38614e+00 2.25e-05
1.38642e+00 2.25e-05
1.38669e+00 2.24e-05
1.38697e+00 2.24e-05
1.38724e+00 2.24e-05
1.38752e+00 2.24e-05
1.38779e+00 2.23e-05
1.38809e+00 2.23e-05
1.38837e+00 2.23e-05
1.38864e+00 2.23e-05
1.38892e+00 2.23e-05
1.38919e+00 2.22e-05
1.38946e+00 2.22e-05
1.38974e+00 2.22e-05
1.39001e+00 2.22e-05
1.39029e+00 2.21e-05
1.39056e+00 2.21e-05
1.39083e+00 2.21e-05
1.39111e+00 2.21e-05
1.39138e+00 2.20e-05
1.39165e+00 2.20e-05
1.39195e+00 2.20e-05
1.39223e+00 2.20e-05
1.39250e+00 2.20e-05
1.39277e+00 2.19e-05
1.39305e+00 2.19e-05
1.39332e+00 2.19e-05
1.39359e+00 2.19e-05
1.39387e+00 2.18e-05
1.39414e+00 2.18e-05
1.39441e+00 2.18e-05
1.39468e+00 2.18e-05
1.39496e+00 2.18e-05
1.39523e+00 2.17e-05
1.39553e+00 2.17e-05
1.39580e+00 2.17e-05
1.39607e+00 2.17e-05
1.39634e+00 2.16e-05
1.39662e+00 2.16e-05
1.39689e+00 2.16e-05
1.39716e+00 2.16e-05
1.39743e+00 2.16e-05
1.39770e+00 2.15e-05
1.39798e+00 2.15e-05
1.39825e+00 2.15e-05
1.39854e+00 2.15e-05
1.39882e+00 2.14e-05
1.39909e+00 2.14e-05
1.39936e+00 2.14e-05
1.39963e+00 2.14e-05
1.39990e+00 2.14e-05
1.40017e+00 2.13e-05
1.40044e+00 2.13e-05
1.40071e+00 2.13e-05
1.40099e+00 2.13e-05
1.40128e+00 2.12e-05
1.40155e+00 2.12e-05
1.40182e+00 2.12e-05
1.40209e+00 2.12e-05
1.40236e+00 2.12e-05
1.40264e+00 2.11e-05
1.40291e+00 2.11e-05
1.40318e+00 2.11e-05
1.40345e+00 2.11e-05
1.40374e+00 2.10e-05
1.40401e+00 2.10e-05
1.40428e+00 2.10e-05
1.40455e+00 2.10e-05
1.40482e+00 2.10e-05
1.40509e+00 2.09e-05
1.40536e+00 2.09e-05
1.40563e+00 2.09e-05
1.40590e+00 2.09e-05
1.40620e+00 2.08e-05
1.40646e+00 2.08e-05
1.40673e+00 2.08e-05
1.40700e+00 2.08e-05
1.40727e+00 2.08e-05
1.40754e+00 2.07e-05
1.40781e+00 2.07e-05
1.40808e+00 2.07e-05
1.40837e+00 2.07e-05
1.40864e+00 2.07e-05
1.40891e+00 2.06e-05
1.40918e+00 2.06e-05
1.40945e+00 2.06e-05
1.40972e+00 2.06e-05
1.40999e+00 2.05e-05
1.41025e+00 2.05e-05
1.41055e+00 2.05e-05
1.41082e+00 2.05e-05
1.41108e+00 2.05e-05
1.41135e+00 2.04e-05
1.41162e+00 2.04e-05
1.41189e+00 2.04e-05
1.41216e+00 2.04e-05
1.41245e+00 2.04e-05
1.41272e+00 2.03e-05
1.41298e+00 2.03e-05
1.41325e+00 2.03e-05
1.42957e+00 1.91e-05
1.42983e+00 1.91e-05
1.43010e+00 1.90e-05
1.43038e+00 1.90e-05
1.43065e+00 1.90e-05
1.43091e+00 1.90e-05
1.43117e+00 1.90e-05
1.43144e+00 1.90e-05
1.43172e+00 1.89e-05
1.43198e+00 1.89e-05
1.43225e+00 1.89e-05
1.43251e+00 1.89e-05
1.43277e+00 1.89e-05
1.43306e+00 1.88e-05
1.43332e+00 1.88e-05
1.43358e+00 1.88e-05
1.43385e+00 1.88e-05
1.43413e+00 1.88e-05
1.43439e+00 1.87e-05
1.43466e+00 1.87e-05
1.43492e+00 1.87e-05
1.43518e+00 1.87e-05
1.43547e+00 1.87e-05
1.43573e+00 1.86e-05
1.43599e+00 1.86e-05
1.43625e+00 1.86e-05
1.43654e+00 1.86e-05
1.43680e+00 1.86e-05
1.43706e+00 1.86e-05
1.43732e+00 1.85e-05
1.43761e+00 1.85e-05
1.43787e+00 1.85e-05
1.43813e+00 1.85e-05
1.43839e+00 1.85e-05
1.43867e+00 1.84e-05
1.43893e+00 1.84e-05
1.43920e+00 1.84e-05
1.43946e+00 1.84e-05
1.43974e+00 1.84e-05
1.44000e+00 1.83e-05
1.44026e+00 1.83e-05
1.44052e+00 1.83e-05
1.44081e+00 1.83e-05
1.44107e+00 1.83e-05
1.44133e+00 1.83e-05
1.44159e+00 1.82e-05
1.44187e+00 1.82e-05
1.44213e+00 1.82e-05
1.44239e+00 1.82e-05
1.44265e+00 1.82e-05
1.44293e+00 1.81e-05
1.44319e+00 1.81e-05
1.44345e+00 1.81e-05
1.44371e+00 1.81e-05
1.44400e+00 1.81e-05
1.44426e+00 1.81e-05
1.44452e+00 1.80e-05
1.44478e+00 1.80e-05
1.44506e+00 1.80e-05
1.44532e+00 1.80e-05
1.44558e+00 1.80e-05
1.44586e+00 1.79e-05
1.44612e+00 1.79e-05
1.44638e+00 1.79e-05
1.44664e+00 1.79e-05
1.44692e+00 1.79e-05
1.44718e+00 1.79e-05
1.44744e+00 1.78e-05
1.44772e+00 1.78e-05
1.44798e+00 1.78e-05
1.44824e+00 1.78e-05
1.44849e+00 1.78e-05
1.44878e+00 1.77e-05
1.44903e+00 1.77e-05
1.44929e+00 1.77e-05
1.44957e+00 1.77e-05
1.44983e+00 1.77e-05
1.45009e+00 1.77e-05
1.45037e+00 1.76e-05
1.45063e+00 1.76e-05
1.45089e+00 1.76e-05
1.45115e+00 1.76e-05
1.45143e+00 1.76e-05
1.45168e+00 1.76e-05
1.45194e+00 1.75e-05
1.45222e+00 1.75e-05
1.45248e+00 1.75e-05
1.45274e+00 1.75e-05
1.45302e+00 1.75e-05
1.45328e+00 1.74e-05
1.45353e+00 1.74e-05
1.45381e+00 1.74e-05
1.45407e+00 1.74e-05
1.46868e+00 1.65e-05
1.48165e+00 1.57e-05
1.48971e+00 1.52e-05
1.48998e+00 1.52e-05
1.49023e+00 1.52e-05
1.49050e+00 1.51e-05
1.49074e+00 1.51e-05
1.49101e+00 1.51e-05
1.50074e+00 1.46e-05
1.51147e+00 1.40e-05
1.52421e+00 1.33e-05
1.53616e+00 1.28e-05
1.54729e+00 1.22e-05
1.56018e+00 1.17e-05
1.57180e+00 1.12e-05
1.58085e+00 1.08e-05
1.59117e+00 1.04e-05
1.60455e+00 9.90e-06
1.61641e+00 9.48e-06
1.62549e+00 9.18e-06
1.64432e+00 8.58e-06
1.65023e+00 8.39e-06
1.65062e+00 8.37e-06
1.66209e+00 8.04e-06
1.67463e+00 7.70e-06
1.68751e+00 7.37e-06
1.70021e+00 7.05e-06
1.71696e+00 6.67e-06
1.73256e+00 6.34e-06
1.74103e+00 6.16e-06
1.75582e+00 5.89e-06
1.77217e+00 5.60e-06
1.78260e+00 5.42e-06
1.80196e+00 5.12e-06
1.81215e+00 4.98e-06
1.82276e+00 4.83e-06
1.84304e+00 4.58e-06
1.85775e+00 4.42e-06
1.86747e+00 4.31e-06
1.88113e+00 4.18e-06
1.89802e+00 4.03e-06
1.91241e+00 3.92e-06
1.92545e+00 3.83e-06
1.93952e+00 3.74e-06
1.94929e+00 3.69e-06
1.96444e+00 3.62e-06
1.97665e+00 3.58e-06
1.98648e+00 3.55e-06
1.99811e+00 3.52e-06
2.00927e+00 3.51e-06
2.01820e+00 3.50e-06
2.02973e+00 3.50e-06
2.03806e+00 3.52e-06
2.04566e+00 3.53e-06
2.05251e+00 3.55e-06
2.05760e+00 3.56e-06
2.06374e+00 3.59e-06
2.06853e+00 3.61e-06
2.07290e+00 3.63e-06
2.07486e+00 3.64e-06
2.07832e+00 3.66e-06
2.08082e+00 3.68e-06
2.08332e+00 3.70e-06
2.08484e+00 3.71e-06
2.08586e+00 3.71e-06
2.08636e+00 3.72e-06
2.08686e+00 3.72e-06
2.08738e+00 3.72e-06
2.08789e+00 3.73e-06
2.08840e+00 3.73e-06
2.08994e+00 3.74e-06
2.09046e+00 3.74e-06
2.09097e+00 3.75e-06
2.09149e+00 3.75e-06
2.09201e+00 3.76e-06
2.09253e+00 3.76e-06
2.09305e+00 3.77e-06
2.09357e+00 3.77e-06
2.09408e+00 3.77e-06
2.09460e+00 3.78e-06
2.09513e+00 3.78e-06
2.09565e+00 3.79e-06
2.09618e+00 3.79e-06
2.09670e+00 3.80e-06
2.09723e+00 3.80e-06
2.09775e+00 3.81e-06
2.09828e+00 3.81e-06
2.09882e+00 3.82e-06
2.09934e+00 3.82e-06
2.09987e+00 3.83e-06
2.10040e+00 3.83e-06
2.10093e+00 3.84e-06
2.10146e+00 3.84e-06
2.10200e+00 3.85e-06
2.10254e+00 3.85e-06
2.10307e+00 3.86e-06
2.10361e+00 3.86e-06
2.10415e+00 3.87e-06
2.10468e+00 3.87e-06
2.10522e+00 3.88e-06
2.10577e+00 3.88e-06
2.10630e+00 3.89e-06
2.10685e+00 3.90e-06
2.10738e+00 3.90e-06
2.10793e+00 3.91e-06
2.10848e+00 3.91e-06
2.10902e+00 3.92e-06
2.10957e+00 3.92e-06
2.11012e+00 3.93e-06
2.11066e+00 3.94e-06
2.11122e+00 3.94e-06
2.11176e+00 3.95e-06
2.11232e+00 3.96e-06
2.11288e+00 3.96e-06
2.11343e+00 3.97e-06
2.11399e+00 3.97e-06
2.11454e+00 3.98e-06
2.11510e+00 3.99e-06
2.11565e+00 3.99e-06
2.11621e+00 4.00e-06
2.11677e+00 4.01e-06
2.11734e+00 4.01e-06
2.11789e+00 4.02e-06
2.11846e+00 4.03e-06
2.11902e+00 4.04e-06
2.11959e+00 4.04e-06
2.12015e+00 4.05e-06
2.12073e+00 4.06e-06
2.12129e+00 4.07e-06
2.12187e+00 4.07e-06
2.12243e+00 4.08e-06
2.12300e+00 4.09e-06
2.12358e+00 4.10e-06
2.12415e+00 4.10e-06
2.12473e+00 4.11e-06
2.12530e+00 4.12e-06
2.12588e+00 4.13e-06
2.12646e+00 4.14e-06
2.12704e+00 4.14e-06
2.12761e+00 4.15e-06
2.12820e+00 4.16e-06
2.12878e+00 4.17e-06
2.12936e+00 4.18e-06
2.12996e+00 4.19e-06
2.13054e+00 4.20e-06
2.13113e+00 4.20e-06
2.13171e+00 4.21e-06
2.13231e+00 4.22e-06
2.13290e+00 4.23e-06
2.13349e+00 4.24e-06
2.13408e+00 4.25e-06
2.13468e+00 4.26e-06
2.13528e+00 4.27e-06
2.13587e+00 4.28e-06
2.13647e+00 4.29e-06
2.13707e+00 4.30e-06
2.13768e+00 4.31e-06
2.13828e+00 4.32e-06
2.13888e+00 4.33e-06
2.13948e+00 4.34e-06
2.14009e+00 4.35e-06
2.14070e+00 4.36e-06
2.14130e+00 4.37e-06
2.14191e+00 4.38e-06
2.14253e+00 4.40e-06
2.14314e+00 4.41e-06
2.14375e+00 4.42e-06
2.14437e+00 4.43e-06
2.14498e+00 4.44e-06
2.14560e+00 4.45e-06
2.14622e+00 4.47e-06
2.14684e+00 4.48e-06
2.14747e+00 4.49e-06
2.14809e+00 4.50e-06
2.14872e+00 4.51e-06
2.14934e+00 4.53e-06
2.14997e+00 4.54e-06
2.15060e+00 4.55e-06
2.15123e+00 4.57e-06
2.15187e+00 4.58e-06
2.15249e+00 4.59e-06
2.15313e+00 4.61e-06
2.15377e+00 4.62e-06
2.15441e+00 4.63e-06
2.15505e+00 4.65e-06
2.15568e+00 4.66e-06
2.15633e+00 4.68e-06
2.15697e+00 4.69e-06
2.15762e+00 4.70e-06
2.15826e+00 4.72e-06
2.15891e+00 4.73e-06
2.15957e+00 4.75e-06
2.16021e+00 4.77e-06
2.16087e+00 4.78e-06
2.16153e+00 4.80e-06
2.16218e+00 4.81e-06
2.16284e+00 4.83e-06
2.16350e+00 4.84e-06
2.16416e+00 4.86e-06
2.16483e+00 4.88e-06
2.16548e+00 4.89e-06
2.16616e+00 4.91e-06
2.16682e+00 4.93e-06
2.16749e+00 4.94e-06
2.16816e+00 4.96e-06
2.16884e+00 4.98e-06
2.16951e+00 5.00e-06
2.17018e+00 5.02e-06
2.17086e+00 5.03e-06
2.17154e+00 5.05e-06
2.17223e+00 5.07e-06
2.17291e+00 5.09e-06
2.17359e+00 5.11e-06
2.17427e+00 5.13e-06
2.17497e+00 5.15e-06
2.17566e+00 5.17e-06
2.17635e+00 5.19e-06
2.17704e+00 5.21e-06
2.17774e+00 5.23e-06
2.17844e+00 5.25e-06
2.17914e+00 5.27e-06
2.17984e+00 5.29e-06
2.18054e+00 5.32e-06
2.18125e+00 5.34e-06
2.18195e+00 5.36e-06
2.18266e+00 5.38e-06
2.18337e+00 5.41e-06
2.18408e+00 5.43e-06
2.18480e+00 5.45e-06
2.18552e+00 5.48e-06
2.18624e+00 5.50e-06
2.18696e+00 5.52e-06
2.18768e+00 5.55e-06
2.18841e+00 5.57e-06
2.18914e+00 5.60e-06
2.18986e+00 5.63e-06
2.19060e+00 5.65e-06
2.19133e+00 5.68e-06
2.19207e+00 5.70e-06
2.19280e+00 5.73e-06
2.19354e+00 5.76e-06
2.19429e+00 5.79e-06
2.19503e+00 5.82e-06
2.19578e+00 5.84e-06
2.19652e+00 5.87e-06
2.19728e+00 5.90e-06
2.19804e+00 5.93e-06
2.19879e+00 5.96e-06
2.19954e+00 5.99e-06
2.20031e+00 6.02e-06
2.20107e+00 6.06e-06
2.20184e+00 6.09e-06
2.20260e+00 6.12e-06
2.20337e+00 6.15e-06
2.20415e+00 6.19e-06
2.20492e+00 6.22e-06
2.20569e+00 6.26e-06
2.20647e+00 6.29e-06
2.20725e+00 6.33e-06
2.20804e+00 6.36e-06
2.20882e+00 6.40e-06
2.20961e+00 6.43e-06
2.21040e+00 6.47e-06
2.21120e+00 6.51e-06
2.21200e+00 6.55e-06
2.21280e+00 6.59e-06
2.21360e+00 6.63e-06
2.21441e+00 6.67e-06
2.21522e+00 6.71e-06
2.21602e+00 6.75e-06
2.21684e+00 6.79e-06
2.21766e+00 6.84e-06
2.21847e+00 6.88e-06
2.21930e+00 6.92e-06
2.22013e+00 6.97e-06
2.22095e+00 7.01e-06
2.22178e+00 7.06e-06
2.22261e+00 7.11e-06
2.22346e+00 7.16e-06
2.22429e+00 7.20e-06
2.22513e+00 7.25e-06
2.22597e+00 7.30e-06
2.22683e+00 7.35e-06
2.22768e+00 7.41e-06
2.22853e+00 7.46e-06
2.22939e+00 7.51e-06
2.23025e+00 7.57e-06
2.23111e+00 7.62e-06
2.23198e+00 7.68e-06
2.23285e+00 7.73e-06
2.23373e+00 7.79e-06
2.23461e+00 7.85e-06
2.23548e+00 7.91e-06
2.23637e+00 7.97e-06
2.23726e+00 8.03e-06
2.23815e+00 8.10e-06
2.23904e+00 8.16e-06
2.23994e+00 8.23e-06
2.24084e+00 8.29e-06
2.24175e+00 8.36e-06
2.24265e+00 8.43e-06
2.24357e+00 8.50e-06
2.24449e+00 8.57e-06
2.24540e+00 8.64e-06
2.24633e+00 8.72e-06
2.24725e+00 8.79e-06
2.24818e+00 8.87e-06
2.24912e+00 8.95e-06
2.25006e+00 9.03e-06
2.25101e+00 9.11e-06
2.25195e+00 9.19e-06
2.25290e+00 9.27e-06
2.25386e+00 9.36e-06
2.25482e+00 9.45e-06
2.25578e+00 9.54e-06
2.25675e+00 9.63e-06
2.25772e+00 9.72e-06
2.25870e+00 9.82e-06
2.25968e+00 9.91e-06
2.26067e+00 1.00e-05
2.26166e+00 1.01e-05
2.26265e+00 1.02e-05
2.26365e+00 1.03e-05
2.26465e+00 1.04e-05
2.26566e+00 1.05e-05
2.26667e+00 1.06e-05
2.26769e+00 1.08e-05
2.26871e+00 1.09e-05
2.26974e+00 1.10e-05
2.27077e+00 1.11e-05
2.27181e+00 1.12e-05
2.27285e+00 1.14e-05
2.27390e+00 1.15e-05
2.27496e+00 1.16e-05
2.27602e+00 1.18e-05
2.27707e+00 1.19e-05
2.27814e+00 1.21e-05
2.27921e+00 1.22e-05
2.28030e+00 1.23e-05
2.28138e+00 1.25e-05
2.28247e+00 1.27e-05
2.28358e+00 1.28e-05
2.28468e+00 1.30e-05
2.28578e+00 1.31e-05
2.28690e+00 1.33e-05
2.28802e+00 1.35e-05
2.28915e+00 1.37e-05
2.29028e+00 1.39e-05
2.29141e+00 1.40e-05
2.29257e+00 1.42e-05
2.29372e+00 1.44e-05
2.29488e+00 1.46e-05
2.29604e+00 1.49e-05
2.29721e+00 1.51e-05
2.29839e+00 1.53e-05
2.29958e+00 1.55e-05
2.30077e+00 1.58e-05
2.30197e+00 1.60e-05
2.30318e+00 1.63e-05
2.30438e+00 1.65e-05
2.30558e+00 1.68e-05
2.30688e+00 1.70e-05
2.30807e+00 1.73e-05
2.30936e+00 1.76e-05
2.31055e+00 1.79e-05
2.31184e+00 1.82e-05
2.31313e+00 1.85e-05
2.31441e+00 1.88e-05
2.31570e+00 1.92e-05
2.31698e+00 1.95e-05
2.31826e+00 1.99e-05
2.31954e+00 2.02e-05
2.32092e+00 2.06e-05
2.32219e+00 2.10e-05
2.32356e+00 2.14e-05
2.32493e+00 2.18e-05
2.32630e+00 2.23e-05
2.32767e+00 2.27e-05
2.32903e+00 2.32e-05
2.33039e+00 2.37e-05
2.33185e+00 2.42e-05
2.33321e+00 2.47e-05
2.33466e+00 2.52e-05
2.33612e+00 2.58e-05
2.33747e+00 2.64e-05
2.33901e+00 2.70e-05
2.34046e+00 2.76e-05
2.34190e+00 2.82e-05
2.34344e+00 2.89e-05
2.34488e+00 2.96e-05
2.34641e+00 3.03e-05
2.34794e+00 3.11e-05
2.34947e+00 3.19e-05
2.35099e+00 3.27e-05
2.35261e+00 3.36e-05
2.35413e+00 3.45e-05
2.35575e+00 3.55e-05
2.35736e+00 3.65e-05
2.35897e+00 3.75e-05
2.36057e+00 3.86e-05
2.36227e+00 3.98e-05
2.36396e+00 4.10e-05
2.36556e+00 4.22e-05
2.36734e+00 4.36e-05
2.36903e+00 4.50e-05
2.37071e+00 4.65e-05
2.37248e+00 4.81e-05
2.37425e+00 4.97e-05
2.37518e+00 5.06e-05
2.37602e+00 5.15e-05
2.37695e+00 5.24e-05
2.37788e+00 5.34e-05
2.37871e+00 5.43e-05
2.37964e+00 5.53e-05
2.38056e+00 5.64e-05
2.38149e+00 5.74e-05
2.38241e+00 5.86e-05
2.38334e+00 5.97e-05
2.38426e+00 6.09e-05
2.38527e+00 6.21e-05
2.38619e+00 6.33e-05
2.38711e+00 6.46e-05
2.38812e+00 6.60e-05
2.38904e+00 6.74e-05
2.39005e+00 6.88e-05
2.39096e+00 7.03e-05
2.39197e+00 7.18e-05
2.39297e+00 7.34e-05
2.39398e+00 7.51e-05
2.39498e+00 7.68e-05
2.39598e+00 7.86e-05
2.39699e+00 8.04e-05
2.39799e+00 8.23e-05
2.39899e+00 8.43e-05
2.40007e+00 8.64e-05
2.40107e+00 8.85e-05
2.40216e+00 9.08e-05
2.40315e+00 9.31e-05
2.40424e+00 9.55e-05
2.40532e+00 9.81e-05
2.40640e+00 1.01e-04
2.40740e+00 1.03e-04
2.40848e+00 1.06e-04
2.40964e+00 1.09e-04
2.41072e+00 1.13e-04
2.41180e+00 1.16e-04
2.41296e+00 1.19e-04
2.41404e+00 1.23e-04
2.41520e+00 1.27e-04
2.41627e+00 1.31e-04
2.41743e+00 1.35e-04
2.41859e+00 1.39e-04
2.41975e+00 1.44e-04
2.42090e+00 1.49e-04
2.42214e+00 1.54e-04
2.42330e+00 1.59e-04
2.42454e+00 1.65e-04
2.42569e+00 1.71e-04
2.42692e+00 1.77e-04
2.42816e+00 1.84e-04
2.42939e+00 1.91e-04
2.43063e+00 1.99e-04
2.43186e+00 2.07e-04
2.43317e+00 2.16e-04
2.43440e+00 2.25e-04
2.43572e+00 2.35e-04
2.43694e+00 2.46e-04
2.43825e+00 2.57e-04
2.43956e+00 2.70e-04
2.44095e+00 2.83e-04
2.44226e+00 2.97e-04
2.44365e+00 3.12e-04
2.44495e+00 3.29e-04
2.44634e+00 3.47e-04
2.44772e+00 3.67e-04
2.44911e+00 3.88e-04
2.45057e+00 4.11e-04
2.45195e+00 4.37e-04
2.45342e+00 4.65e-04
2.45488e+00 4.96e-04
2.45634e+00 5.30e-04
2.45779e+00 5.68e-04
2.45933e+00 6.10e-04
2.46087e+00 6.57e-04
2.46241e+00 7.09e-04
2.46394e+00 7.67e-04
2.46547e+00 8.33e-04
2.46708e+00 9.08e-04
2.46861e+00 9.94e-04
2.47022e+00 1.09e-03
2.47191e+00 1.21e-03
2.47351e+00 1.34e-03
2.47519e+00 1.50e-03
2.47687e+00 1.68e-03
2.47855e+00 1.91e-03
2.48031e+00 2.18e-03
2.48207e+00 2.51e-03
2.48382e+00 2.92e-03
2.48566e+00 3.42e-03
2.48740e+00 4.07e-03
2.48923e+00 4.91e-03
2.49114e+00 6.04e-03
2.49304e+00 7.59e-03
2.49494e+00 9.81e-03
2.49684e+00 1.36e-02
2.49881e+00 2.30e-02
2.50078e+00 4.28e-02
2.50283e+00 6.41e-02
2.50487e+00 9.75e-02
2.50699e+00 1.70e-01
2.50911e+00 3.87e-01
2.51122e+00 1.76e+00
2.51341e+00 1.54e+01
2.51568e+00 8.17e-01
2.51786e+00 2.44e-01
2.52019e+00 1.18e-01
2.52252e+00 7.11e-02
2.52493e+00 4.81e-02
2.52733e+00 2.75e-02
2.52980e+00 1.99e-02
2.53227e+00 1.76e-02
2.53481e+00 1.65e-02
2.53742e+00 1.60e-02
2.54010e+00 1.61e-02
2.54286e+00 1.64e-02
2.54561e+00 1.70e-02
2.54843e+00 1.79e-02
2.55132e+00 1.89e-02
2.55428e+00 2.03e-02
2.55730e+00 2.19e-02
2.56048e+00 2.39e-02
2.56364e+00 2.63e-02
2.56695e+00 2.92e-02
2.57024e+00 3.30e-02
2.57376e+00 3.82e-02
2.57726e+00 4.59e-02
2.58097e+00 5.94e-02
2.58475e+00 8.99e-02
2.58867e+00 1.90e-01
2.59264e+00 4.55e-01
2.59682e+00 6.36e-01
2.60113e+00 5.31e-01
2.60565e+00 2.67e-01
2.61029e+00 1.81e-01
2.61513e+00 1.95e-01
2.62024e+00 2.51e-01
2.62554e+00 2.96e-01
2.63110e+00 2.94e-01
2.63698e+00 2.81e-01
2.64319e+00 2.73e-01
2.64971e+00 2.68e-01
2.65669e+00 2.64e-01
2.67215e+00 2.58e-01
2.68082e+00 2.54e-01
2.69029e+00 2.50e-01
2.70069e+00 2.46e-01
2.71231e+00 2.41e-01
2.74065e+00 2.30e-01
2.75874e+00 2.24e-01
2.78130e+00 2.16e-01
2.81151e+00 2.05e-01
2.85859e+00 1.89e-01
2.99573e+00 1.48e-01
