# OPACITY Project tables
-2.61515e+00 6.57e+01
-2.27341e+00 2.28e+01
-2.07433e+00 1.23e+01
-1.93351e+00 7.97e+00
-1.82455e+00 5.70e+00
-1.73574e+00 4.34e+00
-1.66078e+00 3.46e+00
-1.59603e+00 2.87e+00
-1.53898e+00 2.48e+00
-1.48802e+00 2.11e+00
-1.44198e+00 1.81e+00
-1.40003e+00 1.58e+00
-1.36148e+00 1.41e+00
-1.32584e+00 1.27e+00
-1.29269e+00 1.15e+00
-1.26174e+00 1.05e+00
-1.23268e+00 9.66e-01
-1.20531e+00 8.92e-01
-1.17944e+00 8.29e-01
-1.15493e+00 7.75e-01
-1.13165e+00 7.29e-01
-1.10945e+00 6.89e-01
-1.08827e+00 6.55e-01
-1.06799e+00 6.26e-01
-1.04857e+00 6.03e-01
-1.02994e+00 5.84e-01
-1.01200e+00 5.72e-01
-9.94739e-01 5.70e-01
-9.78086e-01 5.80e-01
-9.62021e-01 5.97e-01
-9.46492e-01 6.42e-01
-9.31455e-01 7.37e-01
-9.16916e-01 7.26e-01
-9.02807e-01 7.28e-01
-8.89113e-01 6.29e-01
-8.75797e-01 5.55e-01
-8.62868e-01 5.16e-01
-8.50292e-01 4.86e-01
-8.38057e-01 4.64e-01
-8.26130e-01 4.48e-01
-8.14502e-01 4.34e-01
-8.03185e-01 4.22e-01
-7.92106e-01 4.10e-01
-7.81301e-01 3.99e-01
-7.70741e-01 3.89e-01
-7.60420e-01 3.79e-01
-7.50331e-01 3.70e-01
-7.40469e-01 3.61e-01
-7.30787e-01 3.53e-01
-7.21320e-01 3.46e-01
-7.02955e-01 3.32e-01
-6.94048e-01 3.25e-01
-6.76723e-01 3.09e-01
-6.68298e-01 3.01e-01
-6.60041e-01 2.92e-01
-6.51909e-01 2.84e-01
-6.43938e-01 2.76e-01
-6.36087e-01 2.70e-01
-6.28390e-01 2.66e-01
-6.13357e-01 2.53e-01
-6.06016e-01 2.47e-01
-5.98801e-01 2.43e-01
-5.91692e-01 2.37e-01
-5.84687e-01 2.31e-01
-5.77803e-01 2.26e-01
-5.71018e-01 2.20e-01
-5.64314e-01 2.15e-01
-5.57725e-01 2.10e-01
-5.51231e-01 2.06e-01
-5.44831e-01 2.01e-01
-5.32288e-01 1.94e-01
-5.26142e-01 1.90e-01
-5.20085e-01 1.86e-01
-5.14098e-01 1.83e-01
-5.08196e-01 1.80e-01
-4.96610e-01 1.74e-01
-4.90925e-01 1.71e-01
-4.85320e-01 1.68e-01
-4.79779e-01 1.66e-01
-4.68884e-01 1.60e-01
-4.58265e-01 1.55e-01
-4.47882e-01 1.51e-01
-4.42778e-01 1.48e-01
-4.37730e-01 1.46e-01
-4.32739e-01 1.43e-01
-4.27803e-01 1.41e-01
-4.22922e-01 1.39e-01
-4.18095e-01 1.37e-01
-4.13321e-01 1.35e-01
-4.08585e-01 1.33e-01
-3.99284e-01 1.29e-01
-3.90158e-01 1.25e-01
-3.85662e-01 1.24e-01
-3.76819e-01 1.20e-01
-3.68126e-01 1.17e-01
-3.63858e-01 1.16e-01
-3.59622e-01 1.15e-01
-3.55419e-01 1.13e-01
-3.51261e-01 1.12e-01
-3.47135e-01 1.11e-01
-3.43054e-01 1.10e-01
-3.39003e-01 1.09e-01
-3.34997e-01 1.08e-01
-3.31021e-01 1.07e-01
-3.27088e-01 1.07e-01
-3.23185e-01 1.06e-01
-3.19310e-01 1.05e-01
-3.15464e-01 1.05e-01
-3.07885e-01 1.04e-01
-3.00430e-01 1.03e-01
-2.96750e-01 1.03e-01
-2.89484e-01 1.02e-01
-2.85884e-01 1.02e-01
-2.82323e-01 1.02e-01
-2.78788e-01 1.02e-01
-2.75279e-01 1.02e-01
-2.71796e-01 1.02e-01
-2.68350e-01 1.02e-01
-2.64917e-01 1.03e-01
-2.61521e-01 1.04e-01
-2.58149e-01 1.06e-01
-2.51466e-01 1.09e-01
-2.48167e-01 1.09e-01
-2.44891e-01 1.08e-01
-2.41639e-01 1.06e-01
-2.38409e-01 1.06e-01
-2.32020e-01 1.06e-01
-2.28860e-01 1.07e-01
-2.22606e-01 1.08e-01
-2.16441e-01 1.09e-01
-2.10363e-01 1.10e-01
-2.07344e-01 1.11e-01
-2.04359e-01 1.11e-01
-2.01382e-01 1.12e-01
-1.98439e-01 1.13e-01
-1.95504e-01 1.15e-01
-1.92590e-01 1.16e-01
-1.89697e-01 1.17e-01
-1.86824e-01 1.19e-01
-1.83971e-01 1.21e-01
-1.81126e-01 1.23e-01
-1.78314e-01 1.25e-01
-1.75509e-01 1.27e-01
-1.72724e-01 1.29e-01
-1.69958e-01 1.32e-01
-1.67200e-01 1.35e-01
-1.64474e-01 1.38e-01
-1.61755e-01 1.40e-01
-1.59054e-01 1.44e-01
-1.56373e-01 1.47e-01
-1.53699e-01 1.50e-01
-1.51044e-01 1.54e-01
-1.48407e-01 1.57e-01
-1.45789e-01 1.61e-01
-1.43189e-01 1.65e-01
-1.40596e-01 1.69e-01
-1.35453e-01 1.77e-01
-1.30382e-01 1.85e-01
-1.25359e-01 1.93e-01
-1.20395e-01 2.02e-01
-1.15489e-01 2.10e-01
-1.13057e-01 2.13e-01
-1.10630e-01 2.17e-01
-1.08220e-01 2.21e-01
-1.05827e-01 2.24e-01
-1.03440e-01 2.27e-01
-1.01070e-01 2.29e-01
-9.87160e-02 2.32e-01
-9.63788e-02 2.34e-01
-9.40360e-02 2.34e-01
-9.17206e-02 2.34e-01
-8.94106e-02 2.33e-01
-8.71168e-02 2.31e-01
-8.48283e-02 2.29e-01
-8.25559e-02 2.27e-01
-8.02994e-02 2.25e-01
-7.80480e-02 2.22e-01
-7.58125e-02 2.19e-01
-7.35820e-02 2.15e-01
-7.13671e-02 2.12e-01
-6.69735e-02 2.04e-01
-6.47839e-02 2.00e-01
-6.04509e-02 1.93e-01
-5.61577e-02 1.85e-01
-5.19040e-02 1.78e-01
-4.76998e-02 1.71e-01
-4.35236e-02 1.64e-01
-4.14576e-02 1.66e-01
-3.73385e-02 1.59e-01
-3.32673e-02 1.52e-01
-3.12430e-02 1.49e-01
-2.92229e-02 1.46e-01
-2.72170e-02 1.42e-01
-2.52255e-02 1.39e-01
-2.32379e-02 1.37e-01
-2.12543e-02 1.34e-01
-1.92848e-02 1.31e-01
-1.73293e-02 1.29e-01
-1.53675e-02 1.26e-01
-1.34298e-02 1.24e-01
-1.14958e-02 1.22e-01
-9.56560e-03 1.20e-01
-7.64918e-03 1.18e-01
-5.73642e-03 1.16e-01
-3.83735e-03 1.14e-01
-1.94188e-03 1.12e-01
-5.00013e-05 1.10e-01
1.79838e-03 1.09e-01
3.69317e-03 1.07e-01
5.58438e-03 1.06e-01
9.25702e-03 1.03e-01
1.29162e-02 1.00e-01
1.47901e-02 9.94e-02
1.65621e-02 9.83e-02
1.84291e-02 9.75e-02
2.19572e-02 9.61e-02
2.38142e-02 9.54e-02
2.55703e-02 9.49e-02
2.73233e-02 9.46e-02
2.90732e-02 9.46e-02
3.08201e-02 9.51e-02
3.25640e-02 9.61e-02
3.43048e-02 9.78e-02
3.60426e-02 1.01e-01
3.77774e-02 1.04e-01
3.95091e-02 1.09e-01
4.12379e-02 1.12e-01
4.29637e-02 1.13e-01
4.46865e-02 1.09e-01
4.64064e-02 1.04e-01
4.80280e-02 9.98e-02
4.97421e-02 9.67e-02
5.14533e-02 9.45e-02
5.30667e-02 9.33e-02
5.47722e-02 9.28e-02
5.64748e-02 9.34e-02
5.80802e-02 9.54e-02
5.97772e-02 9.79e-02
6.13773e-02 1.03e-01
6.29748e-02 1.09e-01
6.46635e-02 1.04e-01
6.62558e-02 9.57e-02
6.78455e-02 9.26e-02
6.95261e-02 9.08e-02
7.11106e-02 8.98e-02
7.42722e-02 8.83e-02
7.58493e-02 8.75e-02
7.74239e-02 8.66e-02
7.90884e-02 8.56e-02
8.22249e-02 8.35e-02
8.52598e-02 8.13e-02
8.83771e-02 7.91e-02
9.14847e-02 7.69e-02
9.30349e-02 7.59e-02
9.44917e-02 7.49e-02
9.60372e-02 7.40e-02
9.75803e-02 7.31e-02
9.90305e-02 7.22e-02
1.00569e-01 7.14e-02
1.02015e-01 7.07e-02
1.03549e-01 7.00e-02
1.05080e-01 6.93e-02
1.06520e-01 6.87e-02
1.07957e-01 6.81e-02
1.10915e-01 6.70e-02
1.13864e-01 6.60e-02
1.16805e-01 6.52e-02
1.19648e-01 6.44e-02
1.22483e-01 6.38e-02
1.25398e-01 6.32e-02
1.28217e-01 6.27e-02
1.31028e-01 6.22e-02
1.33831e-01 6.18e-02
1.36539e-01 6.15e-02
1.39327e-01 6.12e-02
1.42107e-01 6.10e-02
1.44793e-01 6.08e-02
1.47471e-01 6.06e-02
1.50229e-01 6.05e-02
1.51519e-01 6.05e-02
1.56833e-01 6.05e-02
1.59479e-01 6.06e-02
1.60757e-01 6.06e-02
1.63394e-01 6.08e-02
1.66023e-01 6.10e-02
1.68561e-01 6.12e-02
1.71176e-01 6.14e-02
1.73701e-01 6.17e-02
1.76220e-01 6.21e-02
1.78732e-01 6.25e-02
1.81321e-01 6.29e-02
1.83737e-01 6.35e-02
1.84985e-01 6.37e-02
1.86231e-01 6.41e-02
1.87475e-01 6.45e-02
1.88718e-01 6.50e-02
1.89959e-01 6.68e-02
1.91199e-01 7.07e-02
1.92437e-01 6.88e-02
1.93591e-01 6.69e-02
1.94826e-01 6.66e-02
1.96060e-01 6.69e-02
1.97292e-01 6.72e-02
1.99670e-01 6.81e-02
2.02042e-01 6.90e-02
2.04409e-01 7.00e-02
2.06770e-01 7.11e-02
2.09126e-01 7.23e-02
2.11476e-01 7.35e-02
2.13820e-01 7.49e-02
2.16159e-01 7.63e-02
2.18493e-01 7.78e-02
2.20741e-01 7.94e-02
2.21943e-01 8.03e-02
2.24183e-01 8.21e-02
2.26418e-01 8.39e-02
2.28728e-01 8.60e-02
2.30953e-01 8.81e-02
2.32064e-01 8.92e-02
2.34281e-01 9.16e-02
2.36494e-01 9.41e-02
2.38702e-01 9.68e-02
2.40905e-01 9.96e-02
2.42005e-01 1.01e-01
2.44200e-01 1.04e-01
2.45296e-01 1.06e-01
2.46313e-01 1.08e-01
2.47407e-01 1.09e-01
2.48499e-01 1.11e-01
2.49591e-01 1.13e-01
2.50681e-01 1.15e-01
2.51692e-01 1.17e-01
2.52780e-01 1.19e-01
2.53867e-01 1.22e-01
2.54875e-01 1.24e-01
2.55959e-01 1.26e-01
2.57042e-01 1.29e-01
2.58047e-01 1.31e-01
2.59128e-01 1.34e-01
2.60208e-01 1.37e-01
2.61210e-01 1.39e-01
2.62287e-01 1.42e-01
2.63287e-01 1.46e-01
2.64362e-01 1.49e-01
2.65360e-01 1.53e-01
2.66433e-01 1.63e-01
2.67428e-01 1.72e-01
2.68499e-01 1.65e-01
2.69493e-01 1.67e-01
2.70561e-01 1.70e-01
2.71553e-01 1.74e-01
2.72619e-01 1.79e-01
2.73609e-01 1.83e-01
2.74597e-01 1.88e-01
2.75660e-01 1.92e-01
2.76646e-01 1.98e-01
2.77632e-01 2.03e-01
2.78692e-01 2.08e-01
2.79675e-01 2.14e-01
2.80657e-01 2.20e-01
2.81639e-01 2.26e-01
2.82695e-01 2.33e-01
2.83674e-01 2.40e-01
2.84652e-01 2.47e-01
2.85630e-01 2.54e-01
2.86606e-01 2.62e-01
2.87582e-01 2.71e-01
2.88632e-01 2.80e-01
2.89605e-01 2.88e-01
2.90578e-01 2.97e-01
2.91550e-01 3.06e-01
2.92520e-01 3.16e-01
2.93490e-01 3.26e-01
2.94459e-01 3.37e-01
2.95427e-01 3.47e-01
2.96394e-01 3.59e-01
2.97360e-01 3.70e-01
2.98325e-01 3.82e-01
2.99289e-01 3.93e-01
3.01215e-01 4.18e-01
3.02177e-01 4.30e-01
3.03137e-01 4.43e-01
3.04982e-01 4.69e-01
3.06896e-01 4.96e-01
3.08807e-01 5.23e-01
3.09762e-01 5.37e-01
3.10641e-01 5.51e-01
3.12545e-01 5.81e-01
3.13496e-01 5.97e-01
3.14373e-01 6.18e-01
3.15322e-01 6.32e-01
3.16270e-01 6.51e-01
3.17144e-01 6.72e-01
3.18090e-01 6.95e-01
3.19035e-01 7.19e-01
3.19907e-01 7.46e-01
3.20851e-01 7.75e-01
3.21794e-01 8.06e-01
3.22663e-01 8.41e-01
3.23604e-01 8.78e-01
3.24472e-01 9.18e-01
3.25411e-01 9.61e-01
3.26278e-01 1.01e+00
3.27215e-01 1.06e+00
3.28080e-01 1.11e+00
3.29016e-01 1.17e+00
3.29879e-01 1.23e+00
3.30813e-01 1.30e+00
3.31675e-01 1.37e+00
3.32608e-01 1.44e+00
3.33468e-01 1.52e+00
3.34399e-01 1.60e+00
3.35257e-01 1.68e+00
3.36115e-01 1.77e+00
3.37900e-01 1.94e+00
3.39681e-01 2.11e+00
3.40535e-01 2.20e+00
3.41389e-01 2.27e+00
3.42312e-01 2.35e+00
3.44015e-01 2.50e+00
3.44936e-01 2.58e+00
3.45786e-01 2.66e+00
3.47483e-01 2.85e+00
3.48330e-01 2.97e+00
3.49247e-01 3.10e+00
3.50093e-01 3.25e+00
3.50939e-01 3.42e+00
3.51783e-01 3.61e+00
3.52627e-01 3.81e+00
3.53470e-01 4.02e+00
3.54382e-01 4.22e+00
3.55224e-01 4.40e+00
3.56065e-01 4.53e+00
3.56905e-01 4.60e+00
3.57744e-01 4.60e+00
3.58583e-01 4.51e+00
3.59421e-01 4.35e+00
3.60259e-01 4.13e+00
3.61095e-01 3.88e+00
3.61931e-01 3.60e+00
3.62766e-01 3.32e+00
3.63601e-01 3.05e+00
3.64435e-01 2.79e+00
3.65268e-01 2.55e+00
3.66100e-01 2.34e+00
3.66932e-01 2.14e+00
3.67763e-01 1.96e+00
3.68594e-01 1.80e+00
3.69354e-01 1.66e+00
3.70183e-01 1.54e+00
3.71012e-01 1.43e+00
3.71839e-01 1.33e+00
3.72666e-01 1.24e+00
3.73493e-01 1.15e+00
3.74318e-01 1.08e+00
3.75075e-01 1.01e+00
3.75899e-01 9.50e-01
3.76723e-01 8.96e-01
3.77546e-01 8.45e-01
3.78299e-01 8.00e-01
3.79121e-01 7.61e-01
3.79942e-01 7.26e-01
3.80762e-01 6.94e-01
3.81514e-01 6.69e-01
3.82333e-01 6.48e-01
3.83151e-01 6.29e-01
3.83969e-01 6.02e-01
3.84718e-01 5.73e-01
3.85534e-01 5.47e-01
3.86282e-01 5.27e-01
3.87097e-01 5.12e-01
3.87912e-01 5.00e-01
3.88658e-01 4.85e-01
3.90284e-01 4.60e-01
3.91028e-01 4.46e-01
3.91839e-01 4.31e-01
3.92582e-01 4.15e-01
3.93393e-01 3.98e-01
3.94134e-01 3.82e-01
3.94943e-01 3.66e-01
3.95684e-01 3.51e-01
3.96492e-01 3.37e-01
3.97231e-01 3.24e-01
3.98038e-01 3.12e-01
3.98776e-01 3.01e-01
3.99581e-01 2.91e-01
4.00319e-01 2.82e-01
4.01122e-01 2.73e-01
4.01859e-01 2.66e-01
4.02661e-01 2.57e-01
4.03396e-01 2.50e-01
4.04131e-01 2.43e-01
4.04932e-01 2.37e-01
4.05665e-01 2.31e-01
4.06465e-01 2.25e-01
4.07197e-01 2.19e-01
4.07929e-01 2.14e-01
4.08726e-01 2.09e-01
4.09457e-01 2.05e-01
4.10187e-01 2.00e-01
4.10983e-01 1.96e-01
4.11712e-01 2.00e-01
4.12441e-01 1.88e-01
4.13169e-01 1.84e-01
4.13962e-01 1.80e-01
4.14689e-01 1.77e-01
4.15415e-01 1.73e-01
4.16141e-01 1.70e-01
4.16932e-01 1.67e-01
4.17657e-01 1.64e-01
4.18381e-01 1.61e-01
4.19105e-01 1.58e-01
4.19828e-01 1.55e-01
4.20616e-01 1.53e-01
4.21338e-01 1.50e-01
4.22060e-01 1.48e-01
4.22781e-01 1.45e-01
4.24221e-01 1.41e-01
4.25006e-01 1.39e-01
4.25725e-01 1.37e-01
4.26444e-01 1.36e-01
4.27161e-01 1.33e-01
4.27879e-01 1.31e-01
4.29312e-01 1.27e-01
4.30743e-01 1.23e-01
4.31458e-01 1.22e-01
4.32172e-01 1.20e-01
4.32886e-01 1.18e-01
4.33599e-01 1.17e-01
4.35024e-01 1.14e-01
4.35736e-01 1.12e-01
4.36447e-01 1.11e-01
4.37868e-01 1.08e-01
4.38577e-01 1.06e-01
4.39287e-01 1.05e-01
4.39995e-01 1.04e-01
4.40704e-01 1.05e-01
4.41411e-01 1.01e-01
4.42761e-01 9.92e-02
4.43467e-01 9.82e-02
4.44878e-01 9.58e-02
4.46287e-01 9.37e-02
4.47630e-01 9.16e-02
4.49035e-01 8.96e-02
4.50438e-01 8.78e-02
4.51776e-01 8.61e-02
4.53175e-01 8.45e-02
4.54509e-01 8.30e-02
4.55841e-01 8.14e-02
4.57235e-01 7.98e-02
4.57931e-01 7.90e-02
4.59259e-01 7.75e-02
4.59953e-01 7.68e-02
4.61278e-01 7.56e-02
4.61971e-01 7.49e-02
4.62601e-01 7.43e-02
4.63923e-01 7.28e-02
4.65305e-01 7.14e-02
4.65933e-01 7.08e-02
4.67250e-01 6.96e-02
4.68565e-01 6.85e-02
4.69941e-01 6.75e-02
4.71253e-01 6.65e-02
4.72563e-01 6.57e-02
4.73186e-01 6.65e-02
4.74494e-01 6.58e-02
4.75799e-01 6.51e-02
4.77103e-01 6.46e-02
4.77724e-01 6.54e-02
4.79025e-01 7.65e-02
4.79706e-01 7.99e-02
4.80944e-01 6.75e-02
4.81623e-01 6.24e-02
4.82920e-01 6.14e-02
4.83537e-01 6.10e-02
4.84831e-01 6.02e-02
4.85446e-01 5.99e-02
4.86062e-01 5.95e-02
4.87352e-01 5.89e-02
4.88641e-01 5.82e-02
4.89868e-01 5.76e-02
4.91153e-01 5.71e-02
4.92376e-01 5.65e-02
4.93659e-01 5.60e-02
4.94879e-01 5.56e-02
4.96159e-01 5.51e-02
4.97376e-01 5.47e-02
4.98591e-01 5.42e-02
4.99866e-01 5.38e-02
5.01078e-01 5.34e-02
5.02289e-01 5.31e-02
5.03559e-01 5.27e-02
5.04767e-01 5.23e-02
5.05974e-01 5.20e-02
5.07179e-01 5.16e-02
5.08383e-01 5.12e-02
5.09044e-01 5.10e-02
5.10245e-01 5.06e-02
5.11445e-01 5.00e-02
5.12644e-01 4.91e-02
5.13841e-01 4.83e-02
5.14439e-01 4.78e-02
5.15634e-01 4.71e-02
5.16231e-01 4.68e-02
5.16828e-01 4.65e-02
5.17424e-01 4.61e-02
5.18615e-01 4.56e-02
5.19746e-01 4.51e-02
5.20934e-01 4.46e-02
5.22122e-01 4.42e-02
5.23307e-01 4.38e-02
5.23900e-01 4.36e-02
5.24492e-01 4.33e-02
5.25616e-01 4.27e-02
5.26207e-01 4.24e-02
5.27388e-01 4.20e-02
5.28567e-01 4.16e-02
5.29687e-01 4.12e-02
5.30864e-01 4.09e-02
5.32039e-01 4.05e-02
5.33154e-01 4.02e-02
5.34327e-01 3.99e-02
5.34855e-01 3.98e-02
5.35440e-01 3.97e-02
5.36025e-01 3.95e-02
5.37136e-01 3.93e-02
5.38305e-01 3.91e-02
5.39413e-01 3.89e-02
5.40579e-01 3.87e-02
5.41685e-01 3.86e-02
5.42789e-01 3.84e-02
5.43370e-01 3.84e-02
5.44473e-01 3.87e-02
5.45053e-01 3.88e-02
5.45633e-01 3.86e-02
5.46733e-01 3.81e-02
5.47832e-01 3.80e-02
5.48410e-01 3.79e-02
5.48930e-01 3.79e-02
5.49508e-01 3.79e-02
5.50085e-01 3.78e-02
5.51180e-01 3.77e-02
5.52275e-01 3.77e-02
5.53368e-01 3.76e-02
5.54460e-01 3.74e-02
5.55550e-01 3.73e-02
5.56640e-01 3.70e-02
5.57728e-01 3.67e-02
5.58815e-01 3.64e-02
5.59901e-01 3.61e-02
5.60986e-01 3.58e-02
5.62070e-01 3.55e-02
5.63152e-01 3.51e-02
5.64234e-01 3.48e-02
5.65314e-01 3.44e-02
5.66393e-01 3.41e-02
5.67471e-01 3.37e-02
5.68491e-01 3.34e-02
5.69566e-01 3.31e-02
5.70641e-01 3.28e-02
5.71714e-01 3.26e-02
5.72729e-01 3.23e-02
5.73800e-01 3.21e-02
5.74870e-01 3.20e-02
5.75883e-01 3.18e-02
5.76950e-01 3.17e-02
5.77961e-01 3.17e-02
5.79026e-01 3.16e-02
5.79530e-01 3.16e-02
5.81601e-01 3.16e-02
5.82662e-01 3.17e-02
5.83667e-01 3.18e-02
5.84726e-01 3.18e-02
5.85729e-01 3.19e-02
5.86230e-01 3.19e-02
5.86786e-01 3.18e-02
5.87287e-01 3.17e-02
5.88287e-01 3.14e-02
5.89286e-01 3.12e-02
5.90339e-01 3.10e-02
5.91336e-01 3.07e-02
5.91834e-01 3.06e-02
5.92332e-01 3.05e-02
5.92885e-01 3.04e-02
5.93382e-01 3.02e-02
5.93879e-01 3.01e-02
5.94376e-01 3.02e-02
5.94873e-01 3.02e-02
5.95369e-01 3.00e-02
5.95865e-01 2.94e-02
5.96361e-01 2.92e-02
5.97407e-01 2.89e-02
5.98397e-01 2.86e-02
5.99386e-01 2.84e-02
6.00374e-01 2.82e-02
6.01361e-01 2.80e-02
6.02347e-01 2.78e-02
6.03332e-01 2.77e-02
6.03824e-01 2.77e-02
6.04316e-01 2.86e-02
6.04808e-01 2.77e-02
6.05790e-01 2.77e-02
6.06772e-01 2.77e-02
6.07753e-01 2.78e-02
6.08732e-01 2.78e-02
6.09222e-01 2.78e-02
6.09711e-01 2.78e-02
6.10200e-01 2.78e-02
6.10689e-01 2.78e-02
6.11178e-01 2.78e-02
6.11666e-01 2.77e-02
6.12154e-01 2.76e-02
6.12642e-01 3.60e-02
6.13129e-01 3.58e-02
6.13617e-01 3.56e-02
6.14104e-01 3.54e-02
6.15023e-01 3.50e-02
6.15510e-01 3.48e-02
6.15996e-01 3.44e-02
6.16968e-01 3.39e-02
6.17939e-01 3.34e-02
6.18908e-01 3.28e-02
6.19824e-01 3.23e-02
6.20792e-01 3.18e-02
6.21759e-01 3.14e-02
6.22671e-01 3.10e-02
6.23636e-01 3.07e-02
6.24119e-01 3.04e-02
6.24601e-01 3.01e-02
6.25082e-01 2.99e-02
6.25511e-01 2.97e-02
6.25992e-01 2.95e-02
6.26954e-01 2.93e-02
6.27435e-01 2.91e-02
6.28342e-01 2.88e-02
6.29302e-01 2.86e-02
6.30207e-01 2.83e-02
6.31165e-01 2.81e-02
6.32069e-01 2.79e-02
6.33026e-01 2.77e-02
6.33928e-01 2.76e-02
6.34882e-01 2.74e-02
6.35783e-01 2.73e-02
6.36683e-01 2.72e-02
6.37634e-01 2.71e-02
6.38533e-01 2.70e-02
6.39008e-01 2.70e-02
6.39483e-01 2.69e-02
6.40379e-01 2.67e-02
6.41275e-01 2.65e-02
6.41749e-01 2.64e-02
6.42222e-01 2.63e-02
6.42643e-01 2.63e-02
6.43116e-01 2.61e-02
6.43537e-01 2.60e-02
6.44009e-01 2.59e-02
6.44482e-01 2.60e-02
6.44902e-01 2.59e-02
6.45374e-01 2.55e-02
6.45846e-01 2.54e-02
6.46265e-01 2.54e-02
6.46737e-01 2.53e-02
6.47627e-01 2.52e-02
6.48516e-01 2.51e-02
6.49404e-01 2.50e-02
6.49874e-01 2.49e-02
6.50292e-01 2.49e-02
6.50761e-01 2.48e-02
6.51648e-01 2.47e-02
6.52533e-01 2.46e-02
6.53418e-01 2.45e-02
6.54302e-01 2.44e-02
6.55186e-01 2.43e-02
6.56120e-01 2.42e-02
6.56535e-01 2.41e-02
6.57002e-01 2.41e-02
6.57416e-01 2.41e-02
6.58297e-01 2.38e-02
6.58763e-01 2.38e-02
6.59642e-01 2.37e-02
6.60469e-01 2.36e-02
6.60934e-01 2.36e-02
6.61347e-01 2.35e-02
6.61811e-01 2.35e-02
6.62688e-01 2.34e-02
6.63564e-01 2.33e-02
6.64439e-01 2.32e-02
6.65262e-01 2.31e-02
6.65725e-01 2.31e-02
6.66136e-01 2.31e-02
6.66598e-01 2.29e-02
6.67009e-01 2.29e-02
6.67470e-01 2.28e-02
6.67881e-01 2.28e-02
6.68291e-01 2.28e-02
6.69162e-01 2.27e-02
6.70032e-01 2.26e-02
6.70441e-01 2.26e-02
6.70902e-01 2.25e-02
6.71310e-01 2.25e-02
6.71719e-01 2.25e-02
6.72179e-01 2.25e-02
6.72587e-01 2.23e-02
6.73455e-01 2.23e-02
6.73862e-01 2.23e-02
6.74729e-01 2.22e-02
6.75594e-01 2.21e-02
6.76408e-01 2.21e-02
6.77272e-01 2.20e-02
6.78135e-01 2.19e-02
6.78947e-01 2.19e-02
6.79809e-01 2.18e-02
6.80619e-01 2.17e-02
6.81479e-01 2.16e-02
6.82339e-01 2.16e-02
6.83147e-01 2.15e-02
6.84006e-01 2.14e-02
6.84813e-01 2.14e-02
6.85669e-01 2.13e-02
6.86475e-01 2.12e-02
6.87330e-01 2.12e-02
6.88135e-01 2.11e-02
6.88537e-01 2.11e-02
6.88989e-01 2.11e-02
6.89792e-01 2.10e-02
6.90594e-01 2.10e-02
6.91446e-01 2.09e-02
6.92247e-01 2.09e-02
6.93097e-01 2.08e-02
6.93897e-01 2.07e-02
6.94696e-01 2.07e-02
6.95544e-01 2.06e-02
6.96342e-01 2.06e-02
6.97139e-01 2.05e-02
6.97985e-01 2.04e-02
6.98383e-01 2.04e-02
6.98781e-01 2.04e-02
6.99576e-01 2.04e-02
7.00371e-01 2.04e-02
7.01215e-01 2.03e-02
7.02008e-01 2.03e-02
7.02800e-01 2.02e-02
7.03592e-01 2.02e-02
7.04384e-01 2.01e-02
7.04829e-01 2.01e-02
7.05224e-01 2.00e-02
7.05619e-01 2.00e-02
7.06409e-01 2.00e-02
7.07198e-01 2.00e-02
7.07987e-01 1.99e-02
7.08774e-01 1.99e-02
7.09562e-01 1.98e-02
7.10348e-01 1.98e-02
7.11134e-01 1.97e-02
7.11920e-01 1.97e-02
7.12754e-01 1.97e-02
7.13538e-01 1.96e-02
7.14321e-01 1.96e-02
7.15104e-01 1.96e-02
7.15887e-01 1.95e-02
7.16668e-01 1.95e-02
7.17401e-01 1.95e-02
7.18181e-01 1.94e-02
7.18961e-01 1.94e-02
7.19740e-01 1.94e-02
7.20519e-01 1.93e-02
7.21297e-01 1.93e-02
7.22075e-01 1.93e-02
7.22852e-01 1.92e-02
7.23628e-01 1.92e-02
7.24404e-01 1.92e-02
7.25130e-01 1.91e-02
7.25905e-01 1.91e-02
7.26679e-01 1.91e-02
7.27452e-01 1.90e-02
7.28225e-01 1.90e-02
7.28949e-01 1.90e-02
7.29720e-01 1.90e-02
7.30491e-01 1.89e-02
7.31262e-01 1.89e-02
7.31983e-01 1.89e-02
7.32752e-01 1.89e-02
7.33521e-01 1.88e-02
7.34241e-01 1.88e-02
7.35009e-01 1.88e-02
7.35776e-01 1.88e-02
7.36494e-01 1.87e-02
7.37260e-01 1.87e-02
7.45075e-01 1.86e-02
7.51982e-01 1.85e-02
7.53819e-01 1.85e-02
7.54148e-01 1.85e-02
7.54524e-01 1.85e-02
7.58841e-01 1.86e-02
7.60993e-01 1.86e-02
7.62393e-01 1.86e-02
7.63140e-01 1.87e-02
7.63839e-01 1.87e-02
7.64537e-01 1.87e-02
7.65235e-01 1.87e-02
7.65979e-01 1.88e-02
7.66676e-01 1.88e-02
7.67373e-01 1.88e-02
7.68069e-01 1.89e-02
7.68765e-01 1.89e-02
7.69460e-01 1.89e-02
7.70155e-01 1.90e-02
7.70895e-01 1.90e-02
7.71589e-01 1.90e-02
7.72282e-01 1.90e-02
7.72974e-01 1.91e-02
7.73667e-01 1.91e-02
7.74358e-01 1.91e-02
7.75050e-01 1.92e-02
7.75740e-01 1.92e-02
7.76431e-01 1.93e-02
7.77121e-01 1.93e-02
7.77810e-01 1.94e-02
7.78499e-01 1.94e-02
7.79187e-01 1.95e-02
7.79875e-01 1.96e-02
7.80563e-01 1.96e-02
7.81250e-01 1.97e-02
7.81936e-01 1.98e-02
7.82622e-01 1.99e-02
7.83308e-01 1.99e-02
7.83993e-01 2.00e-02
7.84677e-01 2.01e-02
7.85362e-01 2.02e-02
7.86000e-01 2.03e-02
7.86683e-01 2.04e-02
7.87366e-01 2.05e-02
7.88048e-01 2.06e-02
7.88730e-01 2.07e-02
7.89411e-01 2.08e-02
7.90092e-01 2.09e-02
7.90728e-01 2.10e-02
7.91408e-01 2.12e-02
7.92087e-01 2.13e-02
7.92766e-01 2.14e-02
7.93445e-01 2.15e-02
7.94078e-01 2.17e-02
7.94756e-01 2.18e-02
7.95433e-01 2.19e-02
7.96110e-01 2.21e-02
7.96741e-01 2.22e-02
7.97417e-01 2.24e-02
7.98093e-01 2.26e-02
7.98768e-01 2.27e-02
7.99397e-01 2.29e-02
8.00071e-01 2.30e-02
8.00745e-01 2.32e-02
8.01374e-01 2.34e-02
8.02046e-01 2.36e-02
8.02719e-01 2.38e-02
8.03346e-01 2.39e-02
8.04017e-01 2.41e-02
8.04644e-01 2.43e-02
8.05314e-01 2.45e-02
8.05985e-01 2.47e-02
8.06610e-01 2.49e-02
8.07279e-01 2.51e-02
8.07903e-01 2.54e-02
8.08572e-01 2.56e-02
8.09240e-01 2.58e-02
8.09863e-01 2.60e-02
8.10530e-01 2.62e-02
8.11152e-01 2.64e-02
8.11819e-01 2.67e-02
8.12440e-01 2.69e-02
8.13106e-01 2.71e-02
8.13726e-01 2.73e-02
8.14391e-01 2.75e-02
8.15011e-01 2.77e-02
8.15674e-01 2.79e-02
8.16294e-01 2.82e-02
8.16956e-01 2.84e-02
8.17575e-01 2.86e-02
8.18193e-01 2.88e-02
8.18854e-01 2.89e-02
8.19471e-01 2.91e-02
8.20132e-01 2.93e-02
8.20749e-01 2.95e-02
8.21364e-01 2.96e-02
8.22024e-01 2.98e-02
8.22639e-01 2.99e-02
8.23298e-01 3.01e-02
8.23912e-01 3.02e-02
8.24526e-01 3.03e-02
8.25184e-01 3.04e-02
8.25797e-01 3.05e-02
8.26410e-01 3.06e-02
8.27372e-01 3.07e-02
8.29556e-01 3.07e-02
8.30166e-01 3.07e-02
8.30776e-01 3.07e-02
8.31430e-01 3.06e-02
8.32039e-01 3.06e-02
8.32648e-01 3.05e-02
8.33257e-01 3.04e-02
8.33909e-01 3.03e-02
8.34517e-01 3.01e-02
8.35124e-01 3.00e-02
8.35731e-01 2.99e-02
8.36338e-01 2.97e-02
8.36988e-01 2.95e-02
8.37594e-01 2.93e-02
8.38199e-01 2.92e-02
8.38805e-01 2.90e-02
8.39410e-01 2.88e-02
8.40014e-01 2.86e-02
8.40618e-01 2.83e-02
8.41265e-01 2.81e-02
8.41869e-01 2.79e-02
8.42472e-01 2.77e-02
8.43075e-01 2.74e-02
8.43677e-01 2.72e-02
8.44279e-01 2.69e-02
8.44881e-01 2.67e-02
8.45482e-01 2.65e-02
8.46083e-01 2.62e-02
8.46683e-01 2.60e-02
8.47284e-01 2.57e-02
8.47883e-01 2.55e-02
8.48526e-01 2.52e-02
8.49125e-01 2.50e-02
8.49723e-01 2.47e-02
8.50322e-01 2.45e-02
8.50920e-01 2.43e-02
8.51518e-01 2.40e-02
8.51816e-01 2.39e-02
8.52115e-01 2.38e-02
8.52712e-01 2.36e-02
8.53308e-01 2.34e-02
8.53862e-01 2.31e-02
8.54458e-01 2.29e-02
8.55053e-01 2.27e-02
8.55649e-01 2.25e-02
8.56243e-01 2.22e-02
8.56838e-01 2.20e-02
8.57432e-01 2.18e-02
8.58026e-01 2.16e-02
8.58619e-01 2.14e-02
8.59212e-01 2.12e-02
8.59805e-01 2.10e-02
8.60397e-01 2.08e-02
8.60947e-01 2.06e-02
8.61539e-01 2.04e-02
8.62130e-01 2.03e-02
8.62721e-01 2.01e-02
8.63312e-01 1.99e-02
8.63902e-01 1.97e-02
8.64492e-01 1.96e-02
8.65040e-01 1.94e-02
8.65629e-01 1.92e-02
8.66218e-01 1.91e-02
8.66806e-01 1.89e-02
8.67395e-01 1.87e-02
8.67940e-01 1.86e-02
8.68528e-01 1.84e-02
8.69115e-01 1.83e-02
8.69702e-01 1.81e-02
8.70289e-01 1.80e-02
8.70833e-01 1.79e-02
8.71419e-01 1.77e-02
8.72004e-01 1.76e-02
8.72548e-01 1.74e-02
8.73133e-01 1.73e-02
8.73717e-01 1.72e-02
8.74301e-01 1.71e-02
8.74844e-01 1.70e-02
8.75427e-01 1.69e-02
8.76010e-01 1.68e-02
8.76551e-01 1.66e-02
8.77134e-01 1.65e-02
8.77716e-01 1.64e-02
8.78257e-01 1.63e-02
8.78838e-01 1.62e-02
8.79419e-01 1.61e-02
8.79959e-01 1.60e-02
8.80539e-01 1.59e-02
8.81119e-01 1.58e-02
8.81658e-01 1.57e-02
8.82237e-01 1.56e-02
8.82775e-01 1.56e-02
8.83354e-01 1.55e-02
8.83933e-01 1.54e-02
8.84470e-01 1.53e-02
8.85048e-01 1.52e-02
8.85584e-01 1.51e-02
8.86161e-01 1.50e-02
8.86738e-01 1.49e-02
8.87274e-01 1.49e-02
8.87850e-01 1.48e-02
8.88097e-01 1.48e-02
8.88673e-01 1.47e-02
8.89248e-01 1.47e-02
8.89495e-01 1.47e-02
8.89782e-01 1.46e-02
8.90357e-01 1.45e-02
8.90891e-01 1.45e-02
8.91465e-01 1.44e-02
8.91998e-01 1.43e-02
8.92572e-01 1.43e-02
8.93104e-01 1.42e-02
8.93677e-01 1.42e-02
8.94209e-01 1.41e-02
8.94781e-01 1.40e-02
8.95312e-01 1.40e-02
8.95843e-01 1.39e-02
8.96129e-01 1.39e-02
8.96700e-01 1.39e-02
8.97230e-01 1.38e-02
8.97760e-01 1.38e-02
8.98330e-01 1.37e-02
8.98860e-01 1.37e-02
8.99429e-01 1.36e-02
8.99958e-01 1.36e-02
9.00527e-01 1.35e-02
9.01055e-01 1.35e-02
9.01583e-01 1.34e-02
9.01867e-01 1.34e-02
9.02151e-01 1.34e-02
9.02679e-01 1.34e-02
9.02962e-01 1.34e-02
9.04582e-01 1.34e-02
9.05392e-01 1.34e-02
9.05675e-01 1.34e-02
9.05917e-01 1.34e-02
9.06200e-01 1.34e-02
9.06483e-01 1.35e-02
9.07008e-01 1.36e-02
9.07290e-01 1.36e-02
9.07532e-01 1.36e-02
9.08097e-01 1.35e-02
9.08621e-01 1.34e-02
9.09145e-01 1.34e-02
9.09669e-01 1.31e-02
9.09951e-01 1.30e-02
9.10474e-01 1.27e-02
9.10755e-01 1.25e-02
9.11037e-01 1.24e-02
9.11560e-01 1.23e-02
9.12082e-01 1.22e-02
9.12644e-01 1.21e-02
9.12885e-01 1.21e-02
9.13407e-01 1.21e-02
9.13968e-01 1.20e-02
9.14489e-01 1.20e-02
9.15010e-01 1.20e-02
9.15530e-01 1.19e-02
9.16091e-01 1.19e-02
9.16611e-01 1.19e-02
9.17130e-01 1.19e-02
9.17650e-01 1.18e-02
9.18169e-01 1.18e-02
9.18728e-01 1.18e-02
9.19246e-01 1.17e-02
9.19765e-01 1.17e-02
9.20283e-01 1.17e-02
9.20801e-01 1.17e-02
9.21358e-01 1.16e-02
9.21875e-01 1.16e-02
9.22392e-01 1.16e-02
9.22909e-01 1.16e-02
9.23425e-01 1.15e-02
9.23941e-01 1.15e-02
9.24457e-01 1.15e-02
9.25013e-01 1.15e-02
9.25528e-01 1.14e-02
9.26043e-01 1.14e-02
9.26558e-01 1.14e-02
9.27072e-01 1.14e-02
9.27587e-01 1.14e-02
9.28101e-01 1.13e-02
9.29917e-01 1.13e-02
9.30430e-01 1.13e-02
9.30943e-01 1.15e-02
9.31455e-01 1.17e-02
9.31731e-01 1.18e-02
9.31967e-01 1.19e-02
9.32243e-01 1.18e-02
9.32754e-01 1.16e-02
9.33266e-01 1.13e-02
9.33541e-01 1.12e-02
9.34052e-01 1.12e-02
9.34563e-01 1.11e-02
9.35073e-01 1.11e-02
9.35583e-01 1.11e-02
9.36093e-01 1.10e-02
9.36603e-01 1.10e-02
9.37112e-01 1.10e-02
9.37622e-01 1.10e-02
9.38130e-01 1.09e-02
9.38639e-01 1.09e-02
9.39148e-01 1.09e-02
9.39656e-01 1.09e-02
9.40163e-01 1.09e-02
9.40671e-01 1.08e-02
9.41139e-01 1.08e-02
9.41647e-01 1.08e-02
9.42153e-01 1.08e-02
9.42660e-01 1.08e-02
9.43166e-01 1.08e-02
9.43672e-01 1.08e-02
9.44178e-01 1.07e-02
9.44684e-01 1.07e-02
9.45189e-01 1.07e-02
9.45694e-01 1.07e-02
9.46199e-01 1.07e-02
9.46704e-01 1.07e-02
9.47208e-01 1.07e-02
9.47712e-01 1.07e-02
9.54896e-01 1.05e-02
9.61990e-01 1.04e-02
9.63212e-01 1.04e-02
9.63709e-01 1.04e-02
9.64433e-01 1.04e-02
9.83052e-01 1.02e-02
9.87718e-01 1.02e-02
9.90507e-01 1.01e-02
9.92362e-01 1.01e-02
9.93289e-01 1.01e-02
9.94214e-01 1.01e-02
9.94658e-01 1.01e-02
9.95139e-01 1.00e-02
9.95582e-01 1.00e-02
9.96063e-01 1.00e-02
9.96506e-01 9.99e-03
9.96986e-01 9.97e-03
9.97428e-01 9.95e-03
1.00155e+00 9.85e-03
1.00199e+00 9.83e-03
1.00243e+00 9.82e-03
1.00291e+00 9.80e-03
1.00313e+00 9.79e-03
1.00357e+00 9.77e-03
1.00405e+00 9.76e-03
1.00448e+00 9.74e-03
1.00492e+00 9.72e-03
1.00540e+00 9.71e-03
1.00584e+00 9.69e-03
1.00628e+00 9.68e-03
1.00675e+00 9.66e-03
1.00719e+00 9.65e-03
1.00763e+00 9.63e-03
1.00810e+00 9.61e-03
1.00854e+00 9.60e-03
1.00898e+00 9.58e-03
1.00945e+00 9.57e-03
1.00989e+00 9.55e-03
1.01033e+00 9.53e-03
1.01080e+00 9.52e-03
1.01124e+00 9.50e-03
1.01167e+00 9.49e-03
1.01215e+00 9.47e-03
1.01258e+00 9.46e-03
1.01302e+00 9.45e-03
1.01345e+00 9.44e-03
1.01501e+00 9.41e-03
1.01527e+00 9.40e-03
1.01570e+00 9.41e-03
1.01592e+00 9.41e-03
1.01635e+00 9.44e-03
1.01679e+00 9.46e-03
1.01704e+00 9.45e-03
1.01747e+00 9.30e-03
1.01769e+00 9.24e-03
1.01813e+00 9.14e-03
1.01834e+00 9.10e-03
1.01881e+00 9.07e-03
1.01903e+00 9.06e-03
1.01989e+00 9.06e-03
1.02101e+00 9.05e-03
1.02123e+00 9.04e-03
1.02166e+00 9.01e-03
1.02188e+00 8.99e-03
1.02231e+00 8.98e-03
1.02277e+00 8.97e-03
1.02321e+00 8.95e-03
1.02364e+00 8.94e-03
1.02407e+00 8.92e-03
1.02450e+00 8.90e-03
1.02471e+00 8.89e-03
1.02518e+00 8.90e-03
1.02561e+00 8.88e-03
1.02604e+00 8.86e-03
1.02647e+00 8.84e-03
1.02690e+00 8.83e-03
1.02737e+00 8.81e-03
1.02780e+00 8.80e-03
1.02823e+00 8.78e-03
1.02865e+00 8.77e-03
1.02908e+00 8.75e-03
1.02951e+00 8.74e-03
1.02998e+00 8.72e-03
1.03040e+00 8.71e-03
1.03083e+00 8.70e-03
1.03126e+00 8.68e-03
1.03169e+00 8.67e-03
1.03190e+00 8.67e-03
1.03212e+00 8.67e-03
1.03233e+00 8.67e-03
1.03276e+00 8.62e-03
1.03297e+00 8.59e-03
1.03322e+00 8.60e-03
1.03365e+00 8.59e-03
1.03407e+00 8.58e-03
1.03450e+00 8.57e-03
1.03493e+00 8.55e-03
1.03535e+00 8.54e-03
1.03578e+00 8.53e-03
1.03620e+00 8.52e-03
1.03663e+00 8.50e-03
1.03706e+00 8.49e-03
1.03752e+00 8.48e-03
1.03794e+00 8.47e-03
1.03837e+00 8.46e-03
1.03879e+00 8.45e-03
1.03922e+00 8.44e-03
1.03964e+00 8.43e-03
1.04006e+00 8.42e-03
1.04049e+00 8.41e-03
1.04091e+00 8.40e-03
1.04112e+00 8.39e-03
1.04155e+00 8.41e-03
1.04197e+00 8.42e-03
1.04239e+00 8.44e-03
1.04282e+00 8.46e-03
1.04303e+00 8.45e-03
1.04349e+00 8.41e-03
1.04391e+00 8.38e-03
1.04433e+00 8.34e-03
1.04454e+00 8.31e-03
1.04475e+00 8.31e-03
1.04497e+00 8.31e-03
1.04539e+00 8.30e-03
1.04581e+00 8.29e-03
1.04602e+00 8.28e-03
1.04623e+00 8.28e-03
1.04686e+00 8.29e-03
1.05190e+00 8.26e-03
1.05421e+00 8.24e-03
1.05543e+00 8.24e-03
1.05584e+00 8.23e-03
1.05605e+00 8.23e-03
1.05626e+00 8.23e-03
1.05647e+00 8.23e-03
1.05814e+00 8.26e-03
1.05855e+00 8.27e-03
1.05876e+00 8.28e-03
1.05897e+00 8.27e-03
1.05939e+00 8.31e-03
1.05959e+00 8.32e-03
1.05980e+00 8.28e-03
1.06001e+00 8.21e-03
1.06022e+00 8.17e-03
1.06043e+00 8.16e-03
1.06084e+00 8.17e-03
1.06126e+00 8.18e-03
1.06184e+00 8.19e-03
1.06309e+00 8.20e-03
1.06330e+00 8.22e-03
1.06636e+00 8.24e-03
1.06657e+00 8.26e-03
1.06678e+00 8.22e-03
1.06698e+00 8.21e-03
1.06719e+00 8.22e-03
1.06740e+00 8.22e-03
1.06760e+00 8.21e-03
1.06901e+00 8.21e-03
1.06942e+00 8.20e-03
1.06963e+00 8.20e-03
1.06984e+00 8.21e-03
1.07086e+00 8.21e-03
1.07329e+00 8.19e-03
1.07350e+00 8.17e-03
1.07370e+00 8.18e-03
1.07408e+00 8.17e-03
1.07449e+00 8.16e-03
1.07490e+00 8.15e-03
1.07531e+00 8.13e-03
1.07650e+00 8.11e-03
1.07691e+00 8.10e-03
1.07732e+00 8.09e-03
1.07752e+00 8.08e-03
1.07773e+00 8.06e-03
1.07851e+00 8.05e-03
1.07892e+00 8.05e-03
1.07912e+00 8.04e-03
1.07953e+00 7.99e-03
1.07974e+00 7.98e-03
1.08072e+00 7.97e-03
1.08092e+00 7.97e-03
1.08113e+00 7.98e-03
1.08133e+00 7.96e-03
1.08153e+00 7.85e-03
1.08170e+00 7.83e-03
1.08191e+00 7.84e-03
1.08231e+00 7.83e-03
1.08252e+00 7.83e-03
1.08272e+00 7.81e-03
1.08292e+00 7.82e-03
1.08313e+00 7.83e-03
1.08333e+00 7.81e-03
1.08370e+00 7.80e-03
1.08411e+00 7.78e-03
1.08451e+00 7.77e-03
1.08492e+00 7.76e-03
1.08509e+00 7.77e-03
1.08529e+00 7.72e-03
1.08570e+00 7.70e-03
1.08610e+00 7.68e-03
1.08630e+00 7.66e-03
1.08651e+00 7.67e-03
1.08667e+00 7.67e-03
1.08688e+00 7.63e-03
1.08728e+00 7.62e-03
1.08769e+00 7.60e-03
1.08806e+00 7.59e-03
1.08846e+00 7.57e-03
1.08886e+00 7.55e-03
1.08927e+00 7.54e-03
1.08964e+00 7.52e-03
1.09004e+00 7.50e-03
1.09045e+00 7.49e-03
1.09085e+00 7.47e-03
1.09102e+00 7.47e-03
1.09122e+00 7.47e-03
1.09142e+00 7.45e-03
1.09182e+00 7.44e-03
1.09223e+00 7.42e-03
1.09259e+00 7.41e-03
1.09340e+00 7.40e-03
1.09357e+00 7.41e-03
1.09377e+00 7.39e-03
1.09397e+00 7.29e-03
1.09437e+00 7.30e-03
1.09457e+00 7.30e-03
1.09477e+00 7.29e-03
1.09494e+00 7.29e-03
1.09534e+00 7.29e-03
1.09574e+00 7.28e-03
1.09594e+00 7.29e-03
1.09611e+00 7.24e-03
1.09631e+00 7.25e-03
1.09651e+00 7.25e-03
1.09671e+00 7.25e-03
1.09691e+00 7.24e-03
1.09728e+00 7.23e-03
1.09768e+00 7.22e-03
1.09808e+00 7.21e-03
1.09845e+00 7.20e-03
1.09865e+00 7.19e-03
1.09945e+00 7.19e-03
1.10041e+00 7.17e-03
1.10061e+00 7.17e-03
1.10118e+00 7.18e-03
1.10138e+00 7.19e-03
1.10157e+00 7.18e-03
1.10177e+00 7.10e-03
1.10194e+00 7.12e-03
1.10290e+00 7.14e-03
1.10310e+00 7.10e-03
1.10330e+00 7.12e-03
1.10618e+00 7.14e-03
1.10658e+00 7.15e-03
1.10678e+00 7.17e-03
1.10698e+00 7.11e-03
1.10734e+00 7.13e-03
1.10774e+00 7.14e-03
1.10794e+00 7.11e-03
1.10810e+00 7.14e-03
1.10850e+00 7.14e-03
1.10889e+00 7.15e-03
1.10926e+00 7.16e-03
1.10965e+00 7.17e-03
1.11001e+00 7.18e-03
1.11041e+00 7.19e-03
1.11061e+00 7.20e-03
1.11080e+00 7.17e-03
1.11117e+00 7.19e-03
1.11136e+00 7.20e-03
1.11573e+00 7.25e-03
1.11668e+00 7.25e-03
1.11783e+00 7.24e-03
1.11858e+00 7.23e-03
1.11894e+00 7.22e-03
1.11933e+00 7.22e-03
1.11969e+00 7.21e-03
1.12008e+00 7.20e-03
1.12044e+00 7.19e-03
1.12063e+00 7.18e-03
1.12103e+00 7.16e-03
1.12138e+00 7.15e-03
1.12178e+00 7.13e-03
1.12213e+00 7.11e-03
1.12252e+00 7.10e-03
1.12288e+00 7.08e-03
1.12327e+00 7.06e-03
1.12363e+00 7.04e-03
1.12402e+00 7.02e-03
1.12438e+00 7.00e-03
1.12477e+00 6.98e-03
1.12512e+00 6.96e-03
1.12551e+00 6.94e-03
1.12587e+00 6.92e-03
1.12626e+00 6.90e-03
1.12662e+00 6.87e-03
1.12701e+00 6.85e-03
1.12736e+00 6.83e-03
1.12775e+00 6.81e-03
1.12811e+00 6.79e-03
1.12849e+00 6.77e-03
1.12885e+00 6.75e-03
1.12924e+00 6.73e-03
1.12959e+00 6.72e-03
1.12998e+00 6.70e-03
1.13034e+00 6.68e-03
1.13072e+00 6.67e-03
1.13108e+00 6.65e-03
1.13147e+00 6.64e-03
1.13182e+00 6.62e-03
1.13221e+00 6.61e-03
1.13256e+00 6.60e-03
1.13295e+00 6.59e-03
1.13330e+00 6.58e-03
1.13369e+00 6.57e-03
1.13404e+00 6.57e-03
1.13443e+00 6.56e-03
1.13478e+00 6.55e-03
1.13661e+00 6.54e-03
1.13809e+00 6.55e-03
1.13844e+00 6.56e-03
1.13883e+00 6.57e-03
1.13918e+00 6.58e-03
1.13956e+00 6.59e-03
1.13991e+00 6.60e-03
1.14030e+00 6.61e-03
1.14065e+00 6.62e-03
1.14100e+00 6.63e-03
1.14138e+00 6.64e-03
1.14174e+00 6.65e-03
1.14212e+00 6.66e-03
1.14247e+00 6.67e-03
1.14285e+00 6.69e-03
1.14320e+00 6.70e-03
1.14355e+00 6.71e-03
1.14394e+00 6.72e-03
1.14429e+00 6.73e-03
1.14556e+00 6.75e-03
1.14702e+00 6.75e-03
1.14737e+00 6.75e-03
1.14775e+00 6.74e-03
1.14810e+00 6.73e-03
1.14845e+00 6.72e-03
1.14883e+00 6.70e-03
1.14918e+00 6.69e-03
1.14956e+00 6.67e-03
1.14991e+00 6.65e-03
1.15026e+00 6.64e-03
1.15064e+00 6.61e-03
1.15098e+00 6.59e-03
1.15133e+00 6.57e-03
1.15171e+00 6.55e-03
1.15206e+00 6.53e-03
1.15244e+00 6.51e-03
1.15278e+00 6.49e-03
1.15313e+00 6.47e-03
1.15351e+00 6.46e-03
1.15386e+00 6.44e-03
1.15420e+00 6.43e-03
1.15439e+00 6.42e-03
1.15474e+00 6.41e-03
1.15512e+00 6.39e-03
1.15547e+00 6.38e-03
1.15672e+00 6.37e-03
1.15779e+00 6.37e-03
1.15814e+00 6.37e-03
1.15852e+00 6.38e-03
1.15886e+00 6.39e-03
1.15921e+00 6.40e-03
1.15958e+00 6.42e-03
1.15993e+00 6.44e-03
1.16027e+00 6.46e-03
1.16065e+00 6.48e-03
1.16099e+00 6.50e-03
1.16134e+00 6.52e-03
1.16171e+00 6.55e-03
1.16206e+00 6.57e-03
1.16240e+00 6.60e-03
1.16278e+00 6.63e-03
1.16312e+00 6.65e-03
1.16346e+00 6.68e-03
1.16384e+00 6.70e-03
1.16418e+00 6.72e-03
1.16452e+00 6.74e-03
1.16487e+00 6.76e-03
1.16506e+00 6.76e-03
1.16593e+00 6.78e-03
1.16664e+00 6.77e-03
1.16699e+00 6.76e-03
1.16736e+00 6.75e-03
1.16770e+00 6.73e-03
1.16805e+00 6.71e-03
1.16842e+00 6.69e-03
1.16876e+00 6.66e-03
1.16910e+00 6.64e-03
1.16944e+00 6.61e-03
1.16982e+00 6.59e-03
1.17016e+00 6.56e-03
1.17050e+00 6.53e-03
1.17087e+00 6.51e-03
1.17121e+00 6.49e-03
1.17155e+00 6.46e-03
1.17189e+00 6.45e-03
1.17227e+00 6.42e-03
1.17261e+00 6.40e-03
1.17295e+00 6.39e-03
1.17332e+00 6.38e-03
1.17366e+00 6.37e-03
1.17400e+00 6.36e-03
1.17434e+00 6.35e-03
1.17452e+00 6.35e-03
1.17696e+00 6.37e-03
1.17749e+00 6.37e-03
1.17782e+00 6.36e-03
1.17816e+00 6.35e-03
1.17853e+00 6.34e-03
1.17887e+00 6.31e-03
1.17921e+00 6.28e-03
1.17955e+00 6.23e-03
1.17973e+00 7.91e-03
1.18007e+00 7.86e-03
1.18041e+00 7.80e-03
1.18078e+00 7.73e-03
1.18111e+00 7.66e-03
1.18145e+00 7.59e-03
1.18179e+00 7.52e-03
1.18216e+00 7.45e-03
1.18249e+00 7.37e-03
1.18283e+00 7.31e-03
1.18317e+00 7.24e-03
1.18354e+00 7.17e-03
1.18387e+00 7.10e-03
1.18421e+00 7.04e-03
1.18455e+00 6.98e-03
1.18491e+00 6.92e-03
1.18525e+00 6.87e-03
1.18558e+00 6.82e-03
1.18592e+00 6.77e-03
1.18626e+00 6.72e-03
1.18662e+00 6.68e-03
1.18696e+00 6.64e-03
1.18714e+00 6.62e-03
1.18748e+00 6.58e-03
1.18781e+00 6.55e-03
1.18815e+00 6.51e-03
1.18848e+00 6.47e-03
1.18885e+00 6.44e-03
1.18918e+00 6.41e-03
1.18952e+00 6.38e-03
1.18985e+00 6.35e-03
1.19022e+00 6.32e-03
1.19055e+00 6.29e-03
1.19089e+00 6.27e-03
1.19122e+00 6.25e-03
1.19156e+00 6.22e-03
1.19192e+00 6.20e-03
1.19225e+00 6.18e-03
1.19259e+00 6.15e-03
1.19292e+00 6.13e-03
1.19326e+00 6.11e-03
1.19362e+00 6.09e-03
1.19395e+00 6.07e-03
1.19429e+00 6.05e-03
1.19462e+00 6.04e-03
1.19495e+00 6.02e-03
1.19532e+00 6.00e-03
1.19565e+00 5.98e-03
1.19598e+00 5.97e-03
1.19631e+00 5.95e-03
1.19665e+00 5.94e-03
1.19683e+00 5.92e-03
1.19716e+00 5.91e-03
1.19749e+00 5.89e-03
1.19782e+00 5.88e-03
1.19819e+00 5.86e-03
1.19852e+00 5.85e-03
1.19867e+00 5.85e-03
1.19885e+00 5.84e-03
1.19903e+00 5.83e-03
1.19936e+00 5.82e-03
1.19969e+00 5.80e-03
1.20003e+00 5.79e-03
1.20036e+00 5.78e-03
1.20069e+00 5.76e-03
1.20105e+00 5.75e-03
1.20138e+00 5.74e-03
1.20153e+00 5.73e-03
1.20189e+00 5.72e-03
1.20222e+00 5.71e-03
1.20255e+00 5.70e-03
1.20288e+00 5.69e-03
1.20321e+00 5.68e-03
1.20354e+00 5.67e-03
1.20390e+00 5.65e-03
1.20423e+00 5.64e-03
1.20456e+00 5.63e-03
1.20489e+00 5.62e-03
1.20522e+00 5.61e-03
1.20555e+00 5.60e-03
1.20591e+00 5.59e-03
1.20624e+00 5.58e-03
1.20657e+00 5.57e-03
1.20690e+00 5.56e-03
1.20723e+00 5.55e-03
1.20756e+00 5.54e-03
1.20789e+00 5.53e-03
1.20824e+00 5.52e-03
1.20857e+00 5.51e-03
1.20890e+00 5.50e-03
1.20923e+00 5.49e-03
1.20956e+00 5.48e-03
1.20989e+00 5.47e-03
1.21021e+00 5.47e-03
1.21057e+00 5.46e-03
1.21090e+00 5.45e-03
1.21123e+00 5.44e-03
1.21155e+00 5.43e-03
1.21188e+00 5.42e-03
1.21221e+00 5.41e-03
1.21254e+00 5.40e-03
1.21289e+00 5.39e-03
1.21322e+00 5.39e-03
1.21355e+00 5.38e-03
1.21370e+00 5.37e-03
1.21387e+00 5.37e-03
1.21420e+00 5.36e-03
1.21453e+00 5.35e-03
1.21485e+00 5.34e-03
1.21521e+00 5.33e-03
1.21554e+00 5.33e-03
1.21586e+00 5.32e-03
1.21619e+00 5.31e-03
1.21651e+00 5.30e-03
1.21684e+00 5.29e-03
1.21717e+00 5.29e-03
1.21749e+00 5.28e-03
1.21767e+00 5.27e-03
1.21782e+00 5.28e-03
1.21799e+00 5.27e-03
1.21832e+00 5.26e-03
1.21864e+00 5.25e-03
1.21882e+00 5.25e-03
1.21897e+00 5.25e-03
1.21932e+00 5.24e-03
1.21965e+00 5.23e-03
1.21997e+00 5.22e-03
1.22012e+00 5.22e-03
1.22030e+00 5.21e-03
1.22062e+00 5.21e-03
1.22095e+00 5.20e-03
1.22127e+00 5.19e-03
1.22160e+00 5.18e-03
1.22192e+00 5.18e-03
1.22227e+00 5.17e-03
1.22260e+00 5.16e-03
1.22292e+00 5.16e-03
1.22325e+00 5.15e-03
1.22357e+00 5.14e-03
1.22422e+00 5.13e-03
1.22454e+00 5.12e-03
1.22486e+00 5.11e-03
1.22519e+00 5.11e-03
1.22554e+00 5.10e-03
1.22586e+00 5.10e-03
1.22618e+00 5.09e-03
1.22651e+00 5.08e-03
1.22683e+00 5.08e-03
1.22715e+00 5.07e-03
1.22747e+00 5.06e-03
1.22780e+00 5.06e-03
1.22812e+00 5.05e-03
1.22844e+00 5.04e-03
1.22876e+00 5.04e-03
1.22911e+00 5.03e-03
1.22944e+00 5.02e-03
1.22976e+00 5.02e-03
1.23008e+00 5.01e-03
1.23040e+00 5.00e-03
1.23072e+00 5.00e-03
1.23104e+00 4.99e-03
1.23136e+00 4.98e-03
1.23169e+00 4.98e-03
1.23201e+00 4.97e-03
1.23233e+00 4.97e-03
1.23265e+00 4.96e-03
1.23300e+00 4.95e-03
1.23332e+00 4.95e-03
1.23364e+00 4.94e-03
1.23396e+00 4.93e-03
1.23428e+00 4.93e-03
1.23460e+00 4.92e-03
1.23492e+00 4.92e-03
1.23524e+00 4.91e-03
1.23556e+00 4.91e-03
1.23719e+00 4.88e-03
1.23750e+00 4.87e-03
1.23782e+00 4.87e-03
1.23814e+00 4.86e-03
1.23829e+00 4.86e-03
1.23846e+00 4.86e-03
1.23878e+00 4.85e-03
1.23910e+00 4.84e-03
1.23942e+00 4.84e-03
1.23974e+00 4.83e-03
1.24005e+00 4.83e-03
1.24037e+00 4.82e-03
1.24069e+00 4.82e-03
1.24101e+00 4.81e-03
1.24133e+00 4.81e-03
1.24150e+00 4.81e-03
1.24164e+00 4.80e-03
1.24196e+00 4.80e-03
1.24214e+00 4.79e-03
1.24231e+00 4.80e-03
1.24245e+00 4.79e-03
1.24277e+00 4.78e-03
1.24309e+00 4.78e-03
1.24341e+00 4.77e-03
1.24372e+00 4.77e-03
1.24404e+00 4.76e-03
1.24597e+00 4.73e-03
1.24628e+00 4.73e-03
1.24660e+00 4.72e-03
1.24692e+00 4.72e-03
1.24723e+00 4.71e-03
1.24755e+00 4.71e-03
1.24787e+00 4.70e-03
1.24818e+00 4.70e-03
1.24850e+00 4.69e-03
1.24881e+00 4.69e-03
1.24930e+00 4.68e-03
1.24962e+00 4.68e-03
1.24976e+00 4.67e-03
1.25007e+00 4.67e-03
1.25039e+00 4.66e-03
1.25070e+00 4.66e-03
1.25102e+00 4.65e-03
1.25133e+00 4.65e-03
1.25165e+00 4.64e-03
1.25182e+00 4.64e-03
1.25196e+00 4.64e-03
1.25228e+00 4.66e-03
1.25262e+00 4.68e-03
1.25276e+00 4.67e-03
1.25308e+00 4.65e-03
1.25339e+00 4.62e-03
1.25356e+00 4.61e-03
1.25388e+00 4.61e-03
1.25419e+00 4.60e-03
1.25450e+00 4.60e-03
1.25465e+00 4.60e-03
1.25496e+00 4.59e-03
1.25527e+00 4.59e-03
1.25559e+00 4.58e-03
1.25590e+00 4.58e-03
1.25621e+00 4.57e-03
1.25781e+00 4.55e-03
1.25795e+00 4.55e-03
1.25812e+00 4.55e-03
1.25826e+00 4.54e-03
1.26745e+00 4.41e-03
1.26962e+00 4.39e-03
1.26979e+00 4.38e-03
1.27547e+00 4.32e-03
1.27670e+00 4.32e-03
1.27687e+00 4.31e-03
1.27840e+00 4.29e-03
1.27871e+00 4.28e-03
1.27902e+00 4.28e-03
1.27932e+00 4.27e-03
1.27963e+00 4.27e-03
1.27993e+00 4.26e-03
1.28024e+00 4.26e-03
1.28054e+00 4.25e-03
1.28085e+00 4.25e-03
1.28116e+00 4.24e-03
1.28146e+00 4.24e-03
1.28177e+00 4.23e-03
1.28207e+00 4.23e-03
1.28238e+00 4.22e-03
1.28268e+00 4.22e-03
1.28299e+00 4.22e-03
1.28329e+00 4.21e-03
1.28360e+00 4.21e-03
1.28390e+00 4.20e-03
1.28421e+00 4.20e-03
1.28451e+00 4.19e-03
1.29132e+00 4.11e-03
1.30169e+00 4.01e-03
1.30435e+00 3.99e-03
1.30571e+00 3.97e-03
1.30720e+00 3.97e-03
1.30763e+00 3.97e-03
1.30793e+00 3.96e-03
1.30809e+00 3.95e-03
1.31327e+00 3.91e-03
1.31606e+00 3.90e-03
1.31855e+00 3.90e-03
1.31871e+00 3.89e-03
1.32090e+00 3.87e-03
1.32106e+00 3.88e-03
1.32120e+00 3.87e-03
1.32426e+00 3.85e-03
1.32689e+00 3.83e-03
1.32877e+00 3.82e-03
1.33126e+00 3.82e-03
1.33168e+00 3.81e-03
1.33213e+00 3.81e-03
1.33226e+00 3.82e-03
1.33255e+00 3.81e-03
1.33358e+00 3.81e-03
1.33487e+00 3.81e-03
1.33703e+00 3.82e-03
1.33805e+00 3.83e-03
1.33847e+00 3.83e-03
1.33876e+00 3.82e-03
1.33920e+00 3.82e-03
1.34077e+00 3.81e-03
1.34464e+00 3.82e-03
1.34493e+00 3.82e-03
1.34508e+00 3.82e-03
1.34565e+00 3.82e-03
1.34578e+00 3.82e-03
1.34594e+00 3.84e-03
1.34607e+00 3.82e-03
1.34794e+00 3.83e-03
1.34823e+00 3.83e-03
1.34836e+00 3.84e-03
1.34851e+00 3.83e-03
1.34864e+00 3.83e-03
1.34893e+00 3.84e-03
1.34909e+00 3.84e-03
1.34922e+00 3.84e-03
1.34979e+00 3.84e-03
1.35080e+00 3.83e-03
1.35279e+00 3.83e-03
1.35292e+00 3.84e-03
1.35307e+00 3.83e-03
1.35393e+00 3.83e-03
1.35406e+00 3.85e-03
1.35421e+00 3.85e-03
1.35434e+00 3.83e-03
1.35576e+00 3.83e-03
1.35604e+00 3.84e-03
1.35620e+00 3.84e-03
1.35632e+00 3.84e-03
1.35648e+00 3.84e-03
1.35676e+00 3.83e-03
1.35689e+00 3.83e-03
1.35887e+00 3.82e-03
1.35903e+00 3.82e-03
1.35915e+00 3.82e-03
1.35931e+00 3.82e-03
1.35944e+00 3.82e-03
1.35959e+00 3.82e-03
1.36085e+00 3.82e-03
1.36100e+00 3.82e-03
1.36128e+00 3.81e-03
1.36157e+00 3.81e-03
1.36313e+00 3.79e-03
1.36341e+00 3.79e-03
1.36354e+00 3.79e-03
1.36382e+00 3.79e-03
1.36397e+00 3.79e-03
1.36410e+00 3.79e-03
1.36438e+00 3.78e-03
1.36706e+00 3.74e-03
1.36762e+00 3.74e-03
1.36930e+00 3.71e-03
1.36958e+00 3.71e-03
1.36986e+00 3.70e-03
1.37014e+00 3.70e-03
1.37098e+00 3.69e-03
1.37126e+00 3.68e-03
1.37154e+00 3.68e-03
1.37182e+00 3.67e-03
1.37209e+00 3.67e-03
1.37237e+00 3.66e-03
1.37265e+00 3.66e-03
1.37293e+00 3.65e-03
1.37321e+00 3.65e-03
1.37349e+00 3.64e-03
1.37377e+00 3.64e-03
1.37404e+00 3.64e-03
1.37435e+00 3.63e-03
1.37463e+00 3.63e-03
1.37490e+00 3.62e-03
1.37518e+00 3.62e-03
1.37546e+00 3.61e-03
1.37574e+00 3.61e-03
1.37602e+00 3.60e-03
1.37629e+00 3.60e-03
1.37657e+00 3.59e-03
1.37685e+00 3.59e-03
1.37713e+00 3.58e-03
1.37740e+00 3.58e-03
1.37768e+00 3.57e-03
1.37796e+00 3.57e-03
1.37824e+00 3.56e-03
1.37851e+00 3.56e-03
1.37879e+00 3.55e-03
1.37907e+00 3.55e-03
1.37935e+00 3.54e-03
1.37962e+00 3.54e-03
1.37990e+00 3.54e-03
1.38018e+00 3.53e-03
1.38045e+00 3.53e-03
1.38073e+00 3.52e-03
1.38103e+00 3.52e-03
1.38131e+00 3.51e-03
1.38158e+00 3.51e-03
1.38186e+00 3.50e-03
1.38214e+00 3.50e-03
1.38241e+00 3.50e-03
1.38269e+00 3.49e-03
1.38296e+00 3.49e-03
1.38324e+00 3.48e-03
1.38352e+00 3.48e-03
1.38379e+00 3.48e-03
1.38407e+00 3.47e-03
1.38434e+00 3.47e-03
1.38462e+00 3.46e-03
1.38489e+00 3.46e-03
1.38517e+00 3.45e-03
1.38544e+00 3.45e-03
1.38572e+00 3.45e-03
1.38602e+00 3.44e-03
1.38629e+00 3.44e-03
1.38657e+00 3.44e-03
1.38684e+00 3.43e-03
1.38712e+00 3.43e-03
1.38739e+00 3.42e-03
1.38767e+00 3.42e-03
1.38794e+00 3.42e-03
1.38822e+00 3.41e-03
1.38849e+00 3.41e-03
1.38877e+00 3.41e-03
1.38904e+00 3.40e-03
1.38931e+00 3.40e-03
1.39607e+00 3.32e-03
1.40059e+00 3.27e-03
1.40168e+00 3.26e-03
1.40195e+00 3.26e-03
1.40222e+00 3.26e-03
1.40754e+00 3.22e-03
1.41177e+00 3.20e-03
1.41461e+00 3.19e-03
1.41515e+00 3.19e-03
1.41542e+00 3.19e-03
1.41690e+00 3.18e-03
1.41784e+00 3.17e-03
1.41840e+00 3.18e-03
1.41908e+00 3.18e-03
1.41934e+00 3.18e-03
1.41961e+00 3.17e-03
1.41987e+00 3.17e-03
1.42108e+00 3.16e-03
1.42137e+00 3.18e-03
1.42149e+00 3.19e-03
1.42164e+00 3.19e-03
1.42190e+00 3.16e-03
1.42205e+00 3.16e-03
1.42715e+00 3.16e-03
1.43306e+00 3.17e-03
1.43332e+00 3.17e-03
1.43358e+00 3.17e-03
1.43385e+00 3.16e-03
1.43399e+00 3.16e-03
1.43451e+00 3.16e-03
1.43466e+00 3.17e-03
1.43480e+00 3.17e-03
1.43492e+00 3.16e-03
1.43720e+00 3.16e-03
1.44026e+00 3.16e-03
1.44107e+00 3.16e-03
1.44225e+00 3.15e-03
1.44345e+00 3.15e-03
1.44360e+00 3.15e-03
1.44371e+00 3.15e-03
1.44386e+00 3.14e-03
1.44400e+00 3.14e-03
1.44452e+00 3.14e-03
1.44652e+00 3.12e-03
1.44732e+00 3.12e-03
1.44744e+00 3.12e-03
1.44758e+00 3.12e-03
1.44772e+00 3.11e-03
1.44784e+00 3.11e-03
1.44997e+00 3.09e-03
1.45049e+00 3.09e-03
1.45063e+00 3.09e-03
1.45075e+00 3.08e-03
1.45342e+00 3.06e-03
1.45353e+00 3.06e-03
1.45367e+00 3.06e-03
1.45381e+00 3.06e-03
1.45407e+00 3.06e-03
1.45433e+00 3.06e-03
1.45447e+00 3.05e-03
1.45498e+00 3.05e-03
1.45526e+00 3.04e-03
1.45552e+00 3.04e-03
1.45566e+00 3.04e-03
1.45631e+00 3.03e-03
1.45645e+00 3.04e-03
1.45671e+00 3.03e-03
1.45696e+00 3.03e-03
1.45736e+00 3.02e-03
1.45829e+00 3.02e-03
1.45843e+00 3.01e-03
1.45855e+00 3.02e-03
1.45868e+00 3.01e-03
1.45961e+00 3.01e-03
1.45975e+00 3.02e-03
1.45987e+00 3.02e-03
1.46001e+00 3.01e-03
1.46015e+00 3.00e-03
1.46026e+00 3.00e-03
1.46066e+00 3.00e-03
1.46212e+00 2.99e-03
1.46238e+00 2.99e-03
1.46263e+00 2.99e-03
1.46541e+00 2.98e-03
1.46751e+00 2.98e-03
1.46817e+00 2.98e-03
1.46882e+00 2.98e-03
1.46896e+00 2.98e-03
1.46907e+00 2.98e-03
1.47091e+00 2.99e-03
1.47353e+00 3.00e-03
1.47405e+00 3.01e-03
1.47433e+00 3.01e-03
1.47458e+00 3.01e-03
1.47485e+00 3.02e-03
1.47511e+00 3.02e-03
1.47524e+00 3.02e-03
1.47538e+00 3.02e-03
1.47588e+00 3.02e-03
1.47602e+00 3.02e-03
1.47616e+00 3.04e-03
1.47630e+00 3.02e-03
1.47707e+00 3.03e-03
1.47732e+00 3.04e-03
1.47746e+00 3.04e-03
1.47760e+00 3.05e-03
1.47773e+00 3.04e-03
1.47851e+00 3.04e-03
1.47876e+00 3.05e-03
1.48072e+00 3.06e-03
1.48085e+00 3.07e-03
1.48099e+00 3.06e-03
1.48204e+00 3.07e-03
1.48217e+00 3.07e-03
1.48399e+00 3.08e-03
1.48412e+00 3.07e-03
1.48582e+00 3.07e-03
1.48594e+00 3.08e-03
1.48607e+00 3.07e-03
1.48621e+00 3.07e-03
1.48777e+00 3.05e-03
1.48802e+00 3.04e-03
1.48829e+00 3.04e-03
1.48854e+00 3.04e-03
1.48881e+00 3.04e-03
1.49011e+00 3.02e-03
1.49023e+00 3.01e-03
1.49050e+00 3.01e-03
1.49074e+00 3.01e-03
1.49101e+00 3.00e-03
1.49128e+00 3.00e-03
1.49257e+00 2.99e-03
1.49270e+00 2.98e-03
1.49284e+00 2.98e-03
1.49308e+00 2.97e-03
1.49335e+00 2.97e-03
1.49362e+00 2.97e-03
1.49387e+00 2.96e-03
1.49414e+00 2.96e-03
1.49439e+00 2.96e-03
1.49466e+00 2.95e-03
1.49661e+00 2.93e-03
1.49685e+00 2.93e-03
1.49699e+00 2.93e-03
1.49944e+00 2.92e-03
1.50152e+00 2.93e-03
1.50230e+00 2.94e-03
1.50257e+00 2.94e-03
1.50281e+00 2.95e-03
1.50308e+00 2.95e-03
1.50332e+00 2.95e-03
1.50359e+00 2.96e-03
1.50386e+00 2.96e-03
1.50410e+00 2.96e-03
1.50437e+00 2.97e-03
1.50463e+00 2.97e-03
1.50488e+00 2.98e-03
1.50514e+00 2.98e-03
1.50541e+00 2.99e-03
1.50565e+00 2.99e-03
1.50592e+00 2.99e-03
1.50619e+00 3.00e-03
1.50643e+00 3.00e-03
1.50670e+00 3.01e-03
1.50694e+00 3.01e-03
1.50721e+00 3.02e-03
1.50889e+00 3.03e-03
1.51006e+00 3.04e-03
1.51070e+00 3.03e-03
1.51121e+00 3.03e-03
1.51147e+00 3.03e-03
1.51174e+00 3.02e-03
1.51198e+00 3.02e-03
1.51224e+00 3.01e-03
1.51251e+00 3.01e-03
1.51275e+00 3.00e-03
1.51302e+00 3.00e-03
1.51328e+00 2.99e-03
1.51352e+00 2.99e-03
1.51379e+00 2.98e-03
1.51405e+00 2.98e-03
1.51431e+00 2.97e-03
1.51456e+00 2.97e-03
1.51482e+00 2.96e-03
1.51508e+00 2.95e-03
1.51535e+00 2.95e-03
1.51559e+00 2.94e-03
1.51585e+00 2.94e-03
1.51612e+00 2.93e-03
1.51636e+00 2.93e-03
1.51662e+00 2.92e-03
1.51675e+00 2.92e-03
1.51702e+00 2.91e-03
1.51728e+00 2.91e-03
1.51752e+00 2.90e-03
1.51778e+00 2.90e-03
1.51805e+00 2.90e-03
1.51831e+00 2.90e-03
1.51958e+00 2.89e-03
1.52037e+00 2.89e-03
1.52061e+00 2.90e-03
1.52087e+00 2.90e-03
1.52126e+00 2.91e-03
1.52152e+00 2.91e-03
1.52176e+00 2.91e-03
1.52203e+00 2.92e-03
1.52229e+00 2.92e-03
1.52255e+00 2.93e-03
1.52281e+00 2.94e-03
1.52305e+00 2.94e-03
1.52331e+00 2.95e-03
1.52357e+00 2.96e-03
1.52384e+00 2.96e-03
1.52408e+00 2.97e-03
1.52434e+00 2.98e-03
1.52460e+00 2.98e-03
1.52486e+00 2.99e-03
1.52512e+00 2.99e-03
1.52538e+00 3.00e-03
1.52562e+00 3.00e-03
1.52601e+00 3.01e-03
1.52680e+00 3.01e-03
1.52703e+00 3.00e-03
1.52729e+00 3.00e-03
1.52756e+00 3.00e-03
1.52782e+00 2.99e-03
1.52808e+00 2.98e-03
1.52831e+00 2.98e-03
1.52857e+00 2.97e-03
1.52884e+00 2.96e-03
1.52910e+00 2.95e-03
1.52936e+00 2.94e-03
1.52962e+00 2.93e-03
1.52988e+00 2.92e-03
1.53011e+00 2.91e-03
1.53037e+00 2.90e-03
1.53063e+00 2.89e-03
1.53089e+00 2.89e-03
1.53115e+00 2.88e-03
1.53141e+00 2.87e-03
1.53167e+00 2.87e-03
1.53191e+00 2.86e-03
1.53256e+00 2.85e-03
1.53320e+00 2.85e-03
1.53372e+00 2.85e-03
1.53396e+00 2.85e-03
1.53422e+00 2.86e-03
1.53448e+00 2.86e-03
1.53474e+00 2.87e-03
1.53499e+00 2.87e-03
1.53525e+00 2.88e-03
1.53551e+00 2.89e-03
1.53577e+00 2.90e-03
1.53603e+00 2.91e-03
1.53629e+00 2.91e-03
1.53652e+00 2.92e-03
1.53743e+00 2.93e-03
1.53768e+00 2.93e-03
1.53794e+00 2.93e-03
1.53807e+00 2.93e-03
1.53833e+00 2.92e-03
1.53859e+00 2.91e-03
1.53884e+00 2.90e-03
1.53910e+00 2.88e-03
1.53936e+00 2.87e-03
1.53962e+00 2.85e-03
1.53987e+00 2.83e-03
1.54013e+00 2.81e-03
1.54037e+00 2.78e-03
1.54062e+00 2.76e-03
1.54088e+00 2.74e-03
1.54114e+00 2.72e-03
1.54139e+00 2.70e-03
1.54165e+00 2.68e-03
1.54191e+00 2.66e-03
1.54216e+00 2.64e-03
1.54242e+00 2.62e-03
1.54268e+00 2.60e-03
1.54293e+00 2.58e-03
1.54319e+00 2.57e-03
1.54345e+00 2.55e-03
1.54358e+00 2.54e-03
1.54370e+00 3.30e-03
1.54396e+00 3.28e-03
1.54422e+00 3.27e-03
1.54447e+00 3.26e-03
1.54473e+00 3.25e-03
1.54498e+00 3.24e-03
1.54524e+00 3.23e-03
1.54550e+00 3.22e-03
1.54575e+00 3.21e-03
1.54601e+00 3.20e-03
1.54626e+00 3.19e-03
1.54639e+00 3.19e-03
1.54652e+00 3.18e-03
1.54677e+00 3.17e-03
1.54703e+00 3.16e-03
1.54729e+00 3.16e-03
1.54754e+00 3.15e-03
1.54780e+00 3.14e-03
1.54805e+00 3.14e-03
1.54831e+00 3.13e-03
1.54856e+00 3.13e-03
1.54882e+00 3.12e-03
1.54907e+00 3.12e-03
1.54933e+00 3.11e-03
1.54958e+00 3.11e-03
1.54984e+00 3.10e-03
1.55009e+00 3.10e-03
1.55035e+00 3.09e-03
1.55060e+00 3.09e-03
1.55085e+00 3.09e-03
1.55111e+00 3.08e-03
1.55138e+00 3.08e-03
1.55164e+00 3.07e-03
1.55189e+00 3.07e-03
1.55215e+00 3.07e-03
1.55240e+00 3.06e-03
1.55266e+00 3.06e-03
1.55291e+00 3.06e-03
1.55316e+00 3.06e-03
1.55342e+00 3.05e-03
1.55367e+00 3.05e-03
1.55393e+00 3.05e-03
1.55418e+00 3.04e-03
1.55814e+00 3.01e-03
1.56056e+00 2.99e-03
1.56069e+00 2.99e-03
1.56147e+00 2.98e-03
1.56159e+00 2.98e-03
1.57039e+00 2.93e-03
1.57638e+00 2.91e-03
1.57817e+00 2.90e-03
1.57830e+00 2.90e-03
1.59779e+00 2.84e-03
1.61705e+00 2.79e-03
1.63662e+00 2.74e-03
1.63894e+00 2.74e-03
1.64419e+00 2.72e-03
1.65048e+00 2.71e-03
1.65075e+00 2.71e-03
1.65087e+00 2.71e-03
1.66002e+00 2.69e-03
1.66362e+00 2.68e-03
1.67100e+00 2.67e-03
1.67113e+00 2.67e-03
1.67269e+00 2.67e-03
1.67283e+00 2.67e-03
1.67528e+00 2.66e-03
1.68100e+00 2.65e-03
1.68113e+00 2.65e-03
1.68347e+00 2.65e-03
1.68360e+00 2.65e-03
1.68425e+00 2.65e-03
1.68438e+00 2.64e-03
1.73443e+00 2.56e-03
1.80067e+00 2.47e-03
1.83796e+00 2.42e-03
1.88784e+00 2.36e-03
1.92323e+00 2.31e-03
1.93952e+00 2.29e-03
1.93969e+00 2.29e-03
1.98201e+00 2.23e-03
2.06137e+00 2.14e-03
2.07193e+00 2.12e-03
2.08943e+00 2.10e-03
2.08969e+00 2.09e-03
2.11232e+00 2.06e-03
2.11260e+00 2.06e-03
2.14654e+00 2.01e-03
2.16317e+00 1.99e-03
2.16917e+00 1.98e-03
2.16951e+00 1.93e-03
2.19060e+00 1.90e-03
2.20725e+00 1.88e-03
2.23285e+00 1.85e-03
2.24357e+00 1.83e-03
2.25772e+00 1.81e-03
2.26769e+00 1.80e-03
2.27077e+00 1.80e-03
2.28138e+00 1.78e-03
2.28915e+00 1.77e-03
2.29488e+00 1.76e-03
2.29958e+00 1.76e-03
2.30318e+00 1.75e-03
2.30558e+00 1.75e-03
2.30618e+00 1.74e-03
2.30867e+00 1.74e-03
2.31055e+00 1.74e-03
2.31125e+00 1.72e-03
2.31244e+00 1.72e-03
2.31372e+00 1.71e-03
2.31501e+00 1.71e-03
2.31629e+00 1.71e-03
2.31757e+00 1.71e-03
2.31895e+00 1.71e-03
2.32023e+00 1.71e-03
2.32160e+00 1.70e-03
2.32288e+00 1.70e-03
2.32425e+00 1.70e-03
2.32562e+00 1.70e-03
2.32698e+00 1.70e-03
2.32835e+00 1.69e-03
2.32971e+00 1.69e-03
2.33108e+00 1.69e-03
2.33253e+00 1.69e-03
2.33389e+00 1.69e-03
2.33534e+00 1.69e-03
2.33679e+00 1.68e-03
2.33824e+00 1.68e-03
2.33969e+00 1.68e-03
2.34113e+00 1.68e-03
2.34267e+00 1.68e-03
2.34411e+00 1.67e-03
2.34564e+00 1.67e-03
2.34718e+00 1.67e-03
2.34871e+00 1.67e-03
2.35023e+00 1.66e-03
2.35176e+00 1.66e-03
2.35337e+00 1.66e-03
2.35499e+00 1.66e-03
2.35650e+00 1.66e-03
2.35811e+00 1.65e-03
2.35982e+00 1.65e-03
2.36142e+00 1.65e-03
2.36312e+00 1.65e-03
2.36471e+00 1.64e-03
2.36640e+00 1.64e-03
2.36819e+00 1.64e-03
2.36987e+00 1.64e-03
2.37164e+00 1.64e-03
2.37332e+00 1.63e-03
2.37518e+00 1.63e-03
2.37695e+00 1.63e-03
2.37871e+00 1.63e-03
2.38056e+00 1.62e-03
2.38241e+00 1.62e-03
2.38426e+00 1.62e-03
2.38619e+00 1.61e-03
2.38812e+00 1.61e-03
2.39005e+00 1.61e-03
2.39197e+00 1.61e-03
2.39398e+00 1.60e-03
2.39598e+00 1.60e-03
2.39799e+00 1.60e-03
2.40007e+00 1.60e-03
2.40216e+00 1.59e-03
2.40424e+00 1.59e-03
2.40640e+00 1.59e-03
2.40848e+00 1.58e-03
2.41072e+00 1.58e-03
2.41296e+00 1.58e-03
2.41520e+00 1.58e-03
2.41743e+00 1.57e-03
2.41975e+00 1.57e-03
2.42214e+00 1.57e-03
2.42454e+00 1.56e-03
2.42692e+00 1.56e-03
2.42939e+00 1.56e-03
2.43186e+00 1.55e-03
2.43440e+00 1.55e-03
2.43694e+00 1.55e-03
2.43825e+00 9.12e-04
2.44095e+00 9.10e-04
2.44365e+00 9.09e-04
2.44634e+00 9.07e-04
2.44911e+00 9.06e-04
2.45195e+00 9.04e-04
2.45488e+00 9.03e-04
2.45779e+00 9.01e-04
2.46087e+00 9.00e-04
2.46394e+00 8.98e-04
2.46708e+00 8.97e-04
2.47022e+00 8.95e-04
2.47351e+00 8.93e-04
2.47687e+00 8.92e-04
2.48031e+00 8.90e-04
2.48207e+00 8.90e-04
2.48382e+00 1.94e-04
2.48740e+00 1.95e-04
2.49114e+00 1.96e-04
2.49494e+00 1.98e-04
2.49881e+00 1.99e-04
2.50283e+00 2.00e-04
2.50699e+00 2.02e-04
2.51122e+00 2.04e-04
2.51568e+00 2.06e-04
2.52019e+00 2.08e-04
2.52493e+00 2.11e-04
2.52733e+00 2.12e-04
2.53227e+00 2.15e-04
2.53742e+00 2.18e-04
2.54010e+00 2.20e-04
2.54286e+00 2.12e-04
2.54561e+00 2.14e-04
2.54843e+00 2.17e-04
2.55132e+00 2.19e-04
2.55428e+00 2.22e-04
2.55730e+00 2.25e-04
2.56048e+00 2.28e-04
2.56364e+00 2.31e-04
2.56695e+00 2.35e-04
2.57024e+00 2.39e-04
2.57376e+00 2.43e-04
2.57726e+00 2.48e-04
2.58097e+00 2.53e-04
2.58475e+00 2.58e-04
2.58867e+00 2.64e-04
2.59264e+00 2.71e-04
2.59682e+00 2.79e-04
2.60113e+00 2.88e-04
2.60565e+00 2.98e-04
2.61029e+00 3.10e-04
2.61513e+00 3.24e-04
2.62024e+00 3.41e-04
2.62554e+00 3.63e-04
2.63110e+00 3.91e-04
2.63698e+00 4.31e-04
2.64319e+00 4.94e-04
2.64971e+00 6.14e-04
2.65669e+00 9.50e-04
2.66410e+00 3.47e-03
2.67215e+00 6.71e-03
2.68082e+00 1.20e-03
2.69029e+00 1.93e-03
2.70069e+00 1.05e-03
2.71231e+00 1.50e-03
2.72543e+00 4.56e-03
2.74065e+00 9.53e-03
2.75874e+00 1.21e-02
2.78130e+00 3.20e-03
2.81151e+00 1.66e-03
2.85859e+00 2.16e-03
2.99573e+00 2.38e-02
