# OPACITY Project tables
-2.61515e+00 5.86e+00
-2.27341e+00 2.03e+00
-2.07433e+00 1.09e+00
-1.93351e+00 7.06e-01
-1.82455e+00 5.03e-01
-1.73574e+00 3.82e-01
-1.66078e+00 3.03e-01
-1.59603e+00 2.48e-01
-1.53898e+00 2.07e-01
-1.48802e+00 1.77e-01
-1.44198e+00 1.54e-01
-1.40003e+00 1.35e-01
-1.36148e+00 1.20e-01
-1.32584e+00 1.08e-01
-1.29269e+00 9.78e-02
-1.26174e+00 8.93e-02
-1.23268e+00 8.20e-02
-1.20531e+00 7.58e-02
-1.17944e+00 7.04e-02
-1.15493e+00 6.57e-02
-1.13165e+00 6.17e-02
-1.10945e+00 5.80e-02
-1.08827e+00 5.47e-02
-1.06799e+00 5.17e-02
-1.04857e+00 4.89e-02
-1.02994e+00 4.67e-02
-1.01200e+00 4.44e-02
-9.94739e-01 4.19e-02
-9.78086e-01 3.95e-02
-9.62021e-01 3.77e-02
-9.46492e-01 3.58e-02
-9.31455e-01 3.43e-02
-9.16916e-01 3.28e-02
-9.02807e-01 3.14e-02
-8.89113e-01 3.01e-02
-8.75797e-01 2.89e-02
-8.62868e-01 2.78e-02
-8.50292e-01 2.67e-02
-8.38057e-01 2.58e-02
-8.26130e-01 2.49e-02
-8.14502e-01 2.40e-02
-8.03185e-01 2.32e-02
-7.92106e-01 2.25e-02
-7.81301e-01 2.18e-02
-7.70741e-01 2.12e-02
-7.60420e-01 2.05e-02
-7.50331e-01 2.00e-02
-7.40469e-01 1.94e-02
-7.21320e-01 1.84e-02
-7.12045e-01 1.79e-02
-7.02955e-01 1.75e-02
-6.94048e-01 1.70e-02
-6.85298e-01 1.65e-02
-6.76723e-01 1.61e-02
-6.68298e-01 1.57e-02
-6.60041e-01 1.54e-02
-6.51909e-01 1.50e-02
-6.43938e-01 1.48e-02
-6.36087e-01 1.43e-02
-6.28390e-01 1.39e-02
-6.20808e-01 1.37e-02
-6.13357e-01 1.33e-02
-6.06016e-01 1.31e-02
-5.91692e-01 1.25e-02
-5.84687e-01 1.22e-02
-5.77803e-01 1.20e-02
-5.71018e-01 1.18e-02
-5.57725e-01 1.13e-02
-5.51231e-01 1.11e-02
-5.44831e-01 1.09e-02
-5.38505e-01 1.07e-02
-5.26142e-01 1.03e-02
-5.20085e-01 1.01e-02
-5.14098e-01 9.88e-03
-5.08196e-01 9.70e-03
-5.02362e-01 9.54e-03
-4.96610e-01 9.37e-03
-4.85320e-01 9.08e-03
-4.79779e-01 8.95e-03
-4.74301e-01 8.86e-03
-4.68884e-01 8.68e-03
-4.63545e-01 8.55e-03
-4.58265e-01 8.39e-03
-4.53044e-01 8.28e-03
-4.47882e-01 8.14e-03
-4.42778e-01 8.04e-03
-4.37730e-01 7.89e-03
-4.32739e-01 7.75e-03
-4.27803e-01 7.63e-03
-4.22922e-01 7.52e-03
-4.18095e-01 7.50e-03
-4.13321e-01 7.31e-03
-4.08585e-01 7.22e-03
-4.03901e-01 7.10e-03
-3.99284e-01 7.01e-03
-3.94688e-01 6.95e-03
-3.90158e-01 6.84e-03
-3.85662e-01 6.95e-03
-3.81216e-01 6.73e-03
-3.76819e-01 6.59e-03
-3.72456e-01 6.50e-03
-3.68126e-01 6.51e-03
-3.63858e-01 6.38e-03
-3.59622e-01 6.28e-03
-3.55419e-01 6.25e-03
-3.51261e-01 6.16e-03
-3.47135e-01 6.10e-03
-3.43054e-01 6.06e-03
-3.39003e-01 5.99e-03
-3.34997e-01 5.93e-03
-3.31021e-01 5.86e-03
-3.23185e-01 5.77e-03
-3.19310e-01 5.71e-03
-3.15464e-01 5.66e-03
-3.11661e-01 5.63e-03
-3.07885e-01 5.57e-03
-3.00430e-01 5.46e-03
-2.96750e-01 5.40e-03
-2.93097e-01 5.36e-03
-2.89484e-01 5.30e-03
-2.85884e-01 5.24e-03
-2.82323e-01 5.20e-03
-2.78788e-01 5.26e-03
-2.75279e-01 5.21e-03
-2.71796e-01 5.24e-03
-2.68350e-01 5.17e-03
-2.64917e-01 5.11e-03
-2.61521e-01 5.06e-03
-2.58149e-01 5.04e-03
-2.54802e-01 4.98e-03
-2.48167e-01 4.89e-03
-2.41639e-01 4.80e-03
-2.35203e-01 4.72e-03
-2.32020e-01 4.68e-03
-2.25722e-01 4.61e-03
-2.19513e-01 4.54e-03
-2.13391e-01 4.48e-03
-2.07344e-01 4.42e-03
-2.01382e-01 4.37e-03
-1.95504e-01 4.32e-03
-1.89697e-01 4.28e-03
-1.83971e-01 4.23e-03
-1.78314e-01 4.20e-03
-1.72724e-01 4.17e-03
-1.67200e-01 4.14e-03
-1.61755e-01 4.12e-03
-1.56373e-01 4.11e-03
-1.51044e-01 4.10e-03
-1.48407e-01 4.10e-03
-1.45789e-01 4.10e-03
-1.40596e-01 4.11e-03
-1.35453e-01 4.12e-03
-1.30382e-01 4.14e-03
-1.25359e-01 4.18e-03
-1.22868e-01 4.20e-03
-1.17928e-01 4.23e-03
-1.13057e-01 4.27e-03
-1.10630e-01 4.30e-03
-1.08220e-01 4.33e-03
-1.05827e-01 4.36e-03
-1.03440e-01 4.40e-03
-1.01070e-01 4.45e-03
-9.63788e-02 4.54e-03
-9.17206e-02 4.63e-03
-8.94106e-02 4.68e-03
-8.71168e-02 4.74e-03
-8.48283e-02 4.81e-03
-8.25559e-02 4.88e-03
-8.02994e-02 4.95e-03
-7.80480e-02 5.03e-03
-7.35820e-02 5.15e-03
-7.13671e-02 5.21e-03
-6.91679e-02 5.28e-03
-6.69735e-02 5.35e-03
-6.47839e-02 5.43e-03
-6.04509e-02 5.61e-03
-5.82967e-02 5.70e-03
-5.40233e-02 5.90e-03
-4.97997e-02 6.10e-03
-4.76998e-02 6.19e-03
-4.35236e-02 6.43e-03
-4.14576e-02 6.57e-03
-3.93959e-02 6.69e-03
-3.73385e-02 7.04e-03
-3.52956e-02 7.37e-03
-3.32673e-02 7.73e-03
-3.12430e-02 8.09e-03
-2.92229e-02 8.49e-03
-2.72170e-02 8.61e-03
-2.52255e-02 8.81e-03
-2.32379e-02 9.11e-03
-2.12543e-02 9.16e-03
-1.92848e-02 9.36e-03
-1.73293e-02 9.77e-03
-1.53675e-02 1.13e-02
-1.34298e-02 1.36e-02
-1.14958e-02 1.58e-02
-9.56560e-03 1.80e-02
-7.64918e-03 2.00e-02
-5.73642e-03 1.92e-02
-3.83735e-03 1.73e-02
-1.94188e-03 1.57e-02
-5.00013e-05 1.40e-02
1.79838e-03 1.15e-02
3.69317e-03 1.09e-02
5.58438e-03 1.06e-02
7.37275e-03 1.06e-02
9.25702e-03 1.09e-02
1.11377e-02 1.13e-02
1.29162e-02 1.18e-02
1.47901e-02 1.20e-02
1.65621e-02 1.14e-02
1.84291e-02 1.09e-02
2.01947e-02 1.07e-02
2.19572e-02 1.09e-02
2.38142e-02 1.24e-02
2.55703e-02 1.51e-02
2.73233e-02 1.79e-02
2.90732e-02 1.69e-02
3.08201e-02 1.45e-02
3.25640e-02 1.22e-02
3.43048e-02 1.19e-02
3.60426e-02 1.20e-02
3.77774e-02 1.18e-02
3.95091e-02 1.20e-02
4.12379e-02 1.20e-02
4.29637e-02 1.21e-02
4.46865e-02 1.18e-02
4.64064e-02 1.15e-02
4.80280e-02 1.09e-02
4.97421e-02 1.02e-02
5.14533e-02 1.01e-02
5.47722e-02 9.58e-03
5.64748e-02 9.57e-03
5.80802e-02 9.68e-03
5.97772e-02 9.85e-03
6.13773e-02 1.01e-02
6.29748e-02 1.04e-02
6.46635e-02 1.10e-02
6.62558e-02 1.21e-02
6.78455e-02 1.33e-02
6.95261e-02 1.43e-02
7.11106e-02 1.40e-02
7.26927e-02 1.36e-02
7.42722e-02 1.31e-02
7.58493e-02 1.28e-02
7.74239e-02 1.21e-02
7.90884e-02 1.17e-02
8.06579e-02 1.10e-02
8.22249e-02 1.01e-02
8.37895e-02 9.35e-03
8.52598e-02 8.67e-03
8.68197e-02 8.09e-03
8.83771e-02 7.60e-03
8.99321e-02 7.26e-03
9.14847e-02 6.81e-03
9.30349e-02 6.46e-03
9.44917e-02 6.19e-03
9.60372e-02 5.97e-03
9.75803e-02 5.77e-03
9.90305e-02 5.61e-03
1.00569e-01 5.47e-03
1.02015e-01 5.35e-03
1.03549e-01 5.25e-03
1.05080e-01 5.16e-03
1.06520e-01 5.08e-03
1.07957e-01 4.99e-03
1.09482e-01 4.90e-03
1.10915e-01 4.81e-03
1.12435e-01 4.70e-03
1.13864e-01 4.59e-03
1.15291e-01 4.47e-03
1.18227e-01 4.23e-03
1.19648e-01 4.12e-03
1.21067e-01 4.01e-03
1.22483e-01 3.91e-03
1.23898e-01 3.81e-03
1.25398e-01 3.71e-03
1.26809e-01 3.63e-03
1.28217e-01 3.55e-03
1.29624e-01 3.48e-03
1.31028e-01 3.41e-03
1.32431e-01 3.35e-03
1.33831e-01 3.29e-03
1.35143e-01 3.24e-03
1.36539e-01 3.19e-03
1.37934e-01 3.14e-03
1.39327e-01 3.10e-03
1.40718e-01 3.06e-03
1.42107e-01 3.03e-03
1.43407e-01 2.99e-03
1.44793e-01 2.96e-03
1.46176e-01 2.93e-03
1.47471e-01 2.91e-03
1.48851e-01 2.89e-03
1.51519e-01 2.85e-03
1.52893e-01 2.83e-03
1.54179e-01 2.81e-03
1.55550e-01 2.78e-03
1.58200e-01 2.74e-03
1.60757e-01 2.68e-03
1.63394e-01 2.64e-03
1.64751e-01 2.61e-03
1.66023e-01 2.59e-03
1.67293e-01 2.58e-03
1.69912e-01 2.54e-03
1.72440e-01 2.51e-03
1.74961e-01 2.48e-03
1.76220e-01 2.47e-03
1.77477e-01 2.46e-03
1.78732e-01 2.45e-03
1.81321e-01 2.43e-03
1.83737e-01 2.41e-03
1.86231e-01 2.39e-03
1.87475e-01 2.38e-03
1.89959e-01 2.37e-03
1.91199e-01 2.36e-03
1.92437e-01 2.35e-03
1.94826e-01 2.34e-03
1.97292e-01 2.33e-03
1.99670e-01 2.32e-03
2.02042e-01 2.31e-03
2.04409e-01 2.31e-03
2.06770e-01 2.30e-03
2.09126e-01 2.29e-03
2.11476e-01 2.29e-03
2.13820e-01 2.28e-03
2.15031e-01 2.28e-03
2.16159e-01 2.28e-03
2.17286e-01 2.28e-03
2.19617e-01 2.27e-03
2.21943e-01 2.27e-03
2.26418e-01 2.27e-03
2.27614e-01 2.27e-03
2.28728e-01 2.27e-03
2.29841e-01 2.28e-03
2.30953e-01 2.30e-03
2.32064e-01 2.32e-03
2.33173e-01 2.31e-03
2.34281e-01 2.30e-03
2.35388e-01 2.29e-03
2.36494e-01 2.28e-03
2.38702e-01 2.27e-03
2.39804e-01 2.27e-03
2.40905e-01 2.28e-03
2.42005e-01 2.29e-03
2.43103e-01 2.30e-03
2.44200e-01 2.34e-03
2.45296e-01 2.37e-03
2.46313e-01 2.37e-03
2.47407e-01 2.35e-03
2.48499e-01 2.35e-03
2.49591e-01 2.36e-03
2.50681e-01 2.37e-03
2.51692e-01 2.37e-03
2.52780e-01 2.40e-03
2.53867e-01 2.42e-03
2.54875e-01 2.42e-03
2.55959e-01 2.42e-03
2.57042e-01 2.44e-03
2.58047e-01 2.47e-03
2.59128e-01 2.48e-03
2.60208e-01 2.47e-03
2.61210e-01 2.48e-03
2.62287e-01 2.59e-03
2.63287e-01 2.68e-03
2.64362e-01 2.78e-03
2.65360e-01 2.79e-03
2.66433e-01 2.70e-03
2.67428e-01 2.69e-03
2.68499e-01 2.61e-03
2.69493e-01 2.52e-03
2.70561e-01 2.47e-03
2.71553e-01 2.46e-03
2.72619e-01 2.43e-03
2.73609e-01 2.40e-03
2.74597e-01 2.40e-03
2.75660e-01 2.43e-03
2.76646e-01 2.48e-03
2.77632e-01 2.51e-03
2.78692e-01 2.52e-03
2.79675e-01 2.51e-03
2.80657e-01 2.79e-03
2.81639e-01 3.28e-03
2.82695e-01 3.77e-03
2.83674e-01 3.66e-03
2.85630e-01 2.90e-03
2.86606e-01 2.51e-03
2.87582e-01 2.40e-03
2.88632e-01 2.38e-03
2.89605e-01 2.37e-03
2.90578e-01 2.37e-03
2.91550e-01 2.37e-03
2.92520e-01 2.37e-03
2.93490e-01 2.38e-03
2.94459e-01 2.39e-03
2.95427e-01 2.40e-03
2.96394e-01 2.41e-03
2.97360e-01 2.41e-03
2.98325e-01 2.39e-03
2.99289e-01 2.39e-03
3.00253e-01 2.43e-03
3.01215e-01 2.43e-03
3.02177e-01 2.42e-03
3.03137e-01 2.42e-03
3.04097e-01 2.42e-03
3.05939e-01 2.38e-03
3.06896e-01 2.39e-03
3.07852e-01 2.42e-03
3.08807e-01 2.45e-03
3.09762e-01 2.49e-03
3.10641e-01 2.59e-03
3.11594e-01 2.60e-03
3.12545e-01 2.67e-03
3.13496e-01 2.66e-03
3.14373e-01 2.61e-03
3.15322e-01 2.53e-03
3.16270e-01 2.57e-03
3.17144e-01 2.78e-03
3.18090e-01 3.15e-03
3.19035e-01 2.91e-03
3.19907e-01 2.62e-03
3.20851e-01 2.64e-03
3.21794e-01 2.62e-03
3.22663e-01 2.54e-03
3.23604e-01 2.60e-03
3.24472e-01 2.69e-03
3.25411e-01 2.66e-03
3.26278e-01 2.52e-03
3.27215e-01 2.41e-03
3.28080e-01 2.40e-03
3.29016e-01 2.40e-03
3.29879e-01 2.40e-03
3.30813e-01 2.41e-03
3.31675e-01 2.44e-03
3.32608e-01 2.41e-03
3.33468e-01 2.39e-03
3.35257e-01 2.38e-03
3.36115e-01 2.38e-03
3.37044e-01 2.40e-03
3.37900e-01 2.40e-03
3.38827e-01 2.40e-03
3.39681e-01 2.39e-03
3.41389e-01 2.39e-03
3.42312e-01 2.39e-03
3.43164e-01 2.40e-03
3.44015e-01 2.38e-03
3.44936e-01 2.39e-03
3.45786e-01 2.40e-03
3.46635e-01 2.41e-03
3.47483e-01 2.41e-03
3.48330e-01 2.39e-03
3.49247e-01 2.38e-03
3.50093e-01 2.43e-03
3.50939e-01 2.52e-03
3.51783e-01 2.74e-03
3.52627e-01 2.88e-03
3.53470e-01 2.47e-03
3.54382e-01 2.58e-03
3.55224e-01 2.49e-03
3.56065e-01 2.44e-03
3.56905e-01 2.44e-03
3.57744e-01 2.43e-03
3.58583e-01 2.47e-03
3.59421e-01 2.48e-03
3.60259e-01 2.44e-03
3.61095e-01 2.42e-03
3.61931e-01 2.43e-03
3.62766e-01 2.47e-03
3.63601e-01 2.50e-03
3.64435e-01 2.44e-03
3.65268e-01 2.41e-03
3.66100e-01 2.39e-03
3.66932e-01 2.44e-03
3.67763e-01 2.49e-03
3.68594e-01 2.46e-03
3.69354e-01 2.41e-03
3.70183e-01 2.38e-03
3.71012e-01 2.40e-03
3.71839e-01 2.46e-03
3.72666e-01 2.47e-03
3.73493e-01 2.62e-03
3.74318e-01 2.49e-03
3.75075e-01 2.43e-03
3.75899e-01 2.47e-03
3.76723e-01 2.54e-03
3.77546e-01 2.42e-03
3.78299e-01 2.45e-03
3.79121e-01 2.39e-03
3.79942e-01 2.35e-03
3.80762e-01 2.32e-03
3.81514e-01 2.30e-03
3.82333e-01 2.31e-03
3.83151e-01 2.31e-03
3.83969e-01 2.31e-03
3.84718e-01 2.31e-03
3.85534e-01 2.33e-03
3.86282e-01 2.48e-03
3.87097e-01 2.44e-03
3.87912e-01 2.38e-03
3.88658e-01 2.34e-03
3.89471e-01 2.30e-03
3.90284e-01 2.34e-03
3.91028e-01 2.32e-03
3.91839e-01 2.29e-03
3.92582e-01 2.28e-03
3.93393e-01 2.27e-03
3.94134e-01 2.26e-03
3.94943e-01 2.25e-03
3.95684e-01 2.28e-03
3.96492e-01 2.25e-03
3.97231e-01 2.27e-03
3.98038e-01 2.25e-03
3.98776e-01 2.27e-03
3.99581e-01 2.25e-03
4.00319e-01 2.31e-03
4.01122e-01 2.25e-03
4.01859e-01 2.30e-03
4.02661e-01 2.38e-03
4.03396e-01 2.38e-03
4.04131e-01 2.34e-03
4.04932e-01 2.29e-03
4.05665e-01 2.48e-03
4.06465e-01 2.30e-03
4.07197e-01 2.24e-03
4.07929e-01 2.28e-03
4.08726e-01 2.26e-03
4.09457e-01 2.24e-03
4.10187e-01 2.25e-03
4.10983e-01 2.42e-03
4.11712e-01 2.26e-03
4.12441e-01 2.24e-03
4.13169e-01 2.24e-03
4.13962e-01 2.23e-03
4.14689e-01 2.42e-03
4.15415e-01 2.47e-03
4.16141e-01 2.41e-03
4.16932e-01 2.28e-03
4.17657e-01 2.32e-03
4.18381e-01 2.42e-03
4.19105e-01 2.24e-03
4.19828e-01 2.30e-03
4.20616e-01 2.27e-03
4.21338e-01 2.46e-03
4.22060e-01 2.41e-03
4.22781e-01 2.45e-03
4.23501e-01 2.68e-03
4.24221e-01 2.26e-03
4.25006e-01 3.96e-03
4.25725e-01 2.67e-03
4.26444e-01 2.72e-03
4.27161e-01 2.29e-03
4.27879e-01 2.17e-03
4.28596e-01 2.15e-03
4.29312e-01 2.24e-03
4.30028e-01 2.39e-03
4.30743e-01 2.55e-03
4.31458e-01 2.26e-03
4.32172e-01 2.13e-03
4.32886e-01 2.18e-03
4.33599e-01 2.14e-03
4.34312e-01 2.14e-03
4.35024e-01 2.17e-03
4.35736e-01 2.12e-03
4.36447e-01 2.14e-03
4.37158e-01 2.50e-03
4.37868e-01 2.19e-03
4.38577e-01 2.22e-03
4.39287e-01 2.22e-03
4.39995e-01 2.46e-03
4.40704e-01 2.25e-03
4.41411e-01 2.25e-03
4.42118e-01 2.10e-03
4.42761e-01 2.16e-03
4.43467e-01 2.08e-03
4.44173e-01 2.10e-03
4.44878e-01 2.02e-03
4.45583e-01 2.16e-03
4.46287e-01 2.05e-03
4.46927e-01 2.22e-03
4.47630e-01 2.37e-03
4.48333e-01 2.04e-03
4.49035e-01 2.26e-03
4.49737e-01 2.23e-03
4.50438e-01 2.10e-03
4.51076e-01 2.22e-03
4.51776e-01 2.05e-03
4.52476e-01 2.01e-03
4.53175e-01 2.01e-03
4.53811e-01 2.08e-03
4.54509e-01 2.09e-03
4.55207e-01 2.07e-03
4.55841e-01 2.10e-03
4.56538e-01 2.04e-03
4.57235e-01 2.10e-03
4.57931e-01 2.05e-03
4.58563e-01 2.02e-03
4.59259e-01 2.01e-03
4.59953e-01 2.21e-03
4.60584e-01 2.00e-03
4.61278e-01 2.01e-03
4.61971e-01 2.05e-03
4.62601e-01 2.03e-03
4.63294e-01 2.11e-03
4.63923e-01 2.14e-03
4.64614e-01 2.06e-03
4.65305e-01 2.01e-03
4.65933e-01 1.99e-03
4.66623e-01 1.99e-03
4.67250e-01 1.98e-03
4.67939e-01 2.01e-03
4.68565e-01 2.00e-03
4.69253e-01 1.97e-03
4.69941e-01 1.98e-03
4.70566e-01 2.14e-03
4.71253e-01 2.01e-03
4.71877e-01 2.28e-03
4.72563e-01 2.13e-03
4.73186e-01 2.23e-03
4.73871e-01 2.09e-03
4.74494e-01 2.06e-03
4.75178e-01 2.06e-03
4.75799e-01 2.01e-03
4.76420e-01 2.17e-03
4.77103e-01 2.03e-03
4.77724e-01 1.99e-03
4.78406e-01 2.03e-03
4.79025e-01 1.99e-03
4.79706e-01 2.02e-03
4.80325e-01 2.01e-03
4.80944e-01 2.08e-03
4.81623e-01 2.03e-03
4.82241e-01 2.02e-03
4.82920e-01 2.15e-03
4.83537e-01 2.05e-03
4.84153e-01 2.03e-03
4.84831e-01 2.48e-03
4.85446e-01 2.33e-03
4.86062e-01 2.06e-03
4.86738e-01 2.08e-03
4.87352e-01 2.03e-03
4.87966e-01 2.03e-03
4.88641e-01 2.09e-03
4.89255e-01 2.11e-03
4.89868e-01 2.28e-03
4.90480e-01 2.09e-03
4.91153e-01 2.03e-03
4.91765e-01 2.05e-03
4.92376e-01 2.23e-03
4.93049e-01 2.07e-03
4.93659e-01 2.00e-03
4.94269e-01 2.14e-03
4.94879e-01 2.01e-03
4.95489e-01 2.08e-03
4.96159e-01 2.01e-03
4.96767e-01 2.09e-03
4.97376e-01 1.99e-03
4.97984e-01 2.00e-03
4.98591e-01 2.00e-03
4.99259e-01 2.01e-03
4.99866e-01 2.02e-03
5.00472e-01 2.06e-03
5.01078e-01 2.01e-03
5.01684e-01 2.33e-03
5.02289e-01 2.05e-03
5.02955e-01 2.04e-03
5.03559e-01 2.27e-03
5.04163e-01 1.99e-03
5.04767e-01 1.99e-03
5.05371e-01 2.03e-03
5.05974e-01 2.03e-03
5.06577e-01 2.00e-03
5.07179e-01 1.99e-03
5.07781e-01 1.99e-03
5.08383e-01 1.97e-03
5.09044e-01 1.95e-03
5.09645e-01 1.94e-03
5.10245e-01 2.04e-03
5.10846e-01 1.98e-03
5.11445e-01 3.05e-03
5.12045e-01 1.99e-03
5.12644e-01 1.96e-03
5.13243e-01 1.94e-03
5.13841e-01 1.94e-03
5.14439e-01 1.97e-03
5.15037e-01 1.92e-03
5.15634e-01 1.92e-03
5.16231e-01 1.92e-03
5.16828e-01 1.93e-03
5.17424e-01 1.91e-03
5.18020e-01 1.91e-03
5.19210e-01 1.92e-03
5.19746e-01 1.94e-03
5.20340e-01 1.98e-03
5.20934e-01 1.92e-03
5.21528e-01 1.98e-03
5.22122e-01 2.03e-03
5.22715e-01 1.95e-03
5.23307e-01 1.94e-03
5.23900e-01 1.93e-03
5.24492e-01 2.03e-03
5.25083e-01 1.95e-03
5.25616e-01 1.94e-03
5.26207e-01 2.00e-03
5.26797e-01 1.96e-03
5.27388e-01 1.93e-03
5.27978e-01 1.92e-03
5.28567e-01 1.92e-03
5.29157e-01 2.02e-03
5.29687e-01 1.93e-03
5.30275e-01 1.92e-03
5.30864e-01 1.95e-03
5.31451e-01 2.54e-03
5.32039e-01 1.92e-03
5.32568e-01 1.92e-03
5.33154e-01 1.98e-03
5.33741e-01 1.98e-03
5.34327e-01 1.98e-03
5.34855e-01 2.09e-03
5.35440e-01 1.97e-03
5.36025e-01 1.97e-03
5.36610e-01 2.05e-03
5.37136e-01 1.95e-03
5.37721e-01 1.95e-03
5.38305e-01 1.95e-03
5.38888e-01 1.97e-03
5.39413e-01 1.97e-03
5.39996e-01 1.96e-03
5.40579e-01 1.98e-03
5.41103e-01 1.96e-03
5.41685e-01 1.98e-03
5.42266e-01 1.96e-03
5.42789e-01 2.11e-03
5.43370e-01 2.04e-03
5.43951e-01 2.01e-03
5.44473e-01 1.99e-03
5.45053e-01 2.00e-03
5.45633e-01 2.89e-03
5.46154e-01 2.00e-03
5.46733e-01 1.99e-03
5.47312e-01 2.00e-03
5.47832e-01 1.99e-03
5.48410e-01 1.98e-03
5.48930e-01 1.97e-03
5.49508e-01 1.98e-03
5.50085e-01 1.97e-03
5.50604e-01 1.98e-03
5.51180e-01 1.98e-03
5.51699e-01 2.10e-03
5.52275e-01 1.98e-03
5.52850e-01 1.98e-03
5.53368e-01 2.24e-03
5.53943e-01 2.09e-03
5.54460e-01 2.01e-03
5.55034e-01 2.01e-03
5.55550e-01 2.01e-03
5.56124e-01 2.03e-03
5.56640e-01 2.02e-03
5.57213e-01 2.01e-03
5.57728e-01 2.01e-03
5.58301e-01 2.02e-03
5.58815e-01 2.10e-03
5.59387e-01 2.02e-03
5.59901e-01 2.02e-03
5.60473e-01 2.06e-03
5.60986e-01 2.01e-03
5.61557e-01 2.02e-03
5.62070e-01 1.99e-03
5.62640e-01 1.99e-03
5.63722e-01 1.98e-03
5.64234e-01 2.06e-03
5.64745e-01 1.97e-03
5.65314e-01 1.96e-03
5.65825e-01 1.96e-03
5.66393e-01 1.95e-03
5.66903e-01 1.96e-03
5.67471e-01 1.96e-03
5.67981e-01 2.16e-03
5.68491e-01 1.95e-03
5.69057e-01 1.95e-03
5.69566e-01 1.94e-03
5.70641e-01 1.94e-03
5.71149e-01 1.94e-03
5.71714e-01 1.93e-03
5.72729e-01 1.92e-03
5.73293e-01 1.92e-03
5.73800e-01 1.92e-03
5.74307e-01 1.93e-03
5.74870e-01 1.91e-03
5.75377e-01 1.92e-03
5.75883e-01 1.91e-03
5.77961e-01 1.92e-03
5.78522e-01 1.94e-03
5.79026e-01 1.94e-03
5.79530e-01 1.94e-03
5.80090e-01 1.93e-03
5.80594e-01 1.94e-03
5.81098e-01 1.93e-03
5.81601e-01 1.98e-03
5.82160e-01 1.95e-03
5.82662e-01 1.94e-03
5.83165e-01 1.94e-03
5.83667e-01 1.93e-03
5.84225e-01 1.93e-03
5.84726e-01 1.93e-03
5.85228e-01 1.93e-03
5.86230e-01 1.91e-03
5.87287e-01 1.90e-03
5.88287e-01 1.89e-03
5.88786e-01 1.89e-03
5.89840e-01 1.88e-03
5.90339e-01 1.88e-03
5.90838e-01 2.01e-03
5.93382e-01 2.01e-03
5.94376e-01 2.01e-03
5.94873e-01 2.00e-03
5.95369e-01 2.00e-03
5.96361e-01 1.99e-03
5.96857e-01 1.99e-03
5.97407e-01 1.98e-03
5.98397e-01 1.97e-03
5.99386e-01 1.96e-03
5.99880e-01 1.95e-03
6.00374e-01 1.95e-03
6.00867e-01 1.95e-03
6.01361e-01 1.95e-03
6.01854e-01 1.95e-03
6.02347e-01 1.95e-03
6.03332e-01 1.95e-03
6.03824e-01 1.95e-03
6.04316e-01 1.95e-03
6.04808e-01 1.94e-03
6.05299e-01 1.94e-03
6.05790e-01 1.93e-03
6.06772e-01 1.91e-03
6.07753e-01 1.89e-03
6.08243e-01 1.87e-03
6.09222e-01 1.86e-03
6.10200e-01 1.84e-03
6.11178e-01 1.82e-03
6.12154e-01 1.81e-03
6.13129e-01 1.80e-03
6.14104e-01 1.79e-03
6.15023e-01 1.78e-03
6.15510e-01 1.78e-03
6.15996e-01 1.82e-03
6.16968e-01 1.82e-03
6.17939e-01 1.81e-03
6.18908e-01 1.81e-03
6.19824e-01 1.80e-03
6.20792e-01 1.79e-03
6.21759e-01 1.78e-03
6.22671e-01 1.78e-03
6.23636e-01 1.77e-03
6.24601e-01 1.76e-03
6.25511e-01 1.76e-03
6.26473e-01 1.75e-03
6.27435e-01 1.75e-03
6.28342e-01 1.74e-03
6.29302e-01 1.74e-03
6.30207e-01 1.73e-03
6.31165e-01 1.72e-03
6.32069e-01 1.71e-03
6.33026e-01 1.70e-03
6.33928e-01 1.69e-03
6.34882e-01 1.68e-03
6.35783e-01 1.67e-03
6.36683e-01 1.67e-03
6.37634e-01 1.66e-03
6.38533e-01 1.66e-03
6.39483e-01 1.65e-03
6.40379e-01 1.64e-03
6.41275e-01 1.64e-03
6.42222e-01 1.63e-03
6.43116e-01 1.63e-03
6.44009e-01 1.62e-03
6.44902e-01 1.62e-03
6.45846e-01 1.61e-03
6.46737e-01 1.61e-03
6.47627e-01 1.60e-03
6.48516e-01 1.60e-03
6.49404e-01 1.59e-03
6.50292e-01 1.59e-03
6.51231e-01 1.58e-03
6.52117e-01 1.58e-03
6.53002e-01 1.57e-03
6.53886e-01 1.57e-03
6.54770e-01 1.57e-03
6.55653e-01 1.56e-03
6.56535e-01 1.56e-03
6.57416e-01 1.55e-03
6.58297e-01 1.55e-03
6.58763e-01 1.55e-03
6.59642e-01 1.54e-03
6.60469e-01 1.54e-03
6.61347e-01 1.53e-03
6.62224e-01 1.53e-03
6.63100e-01 1.52e-03
6.63976e-01 1.52e-03
6.64851e-01 1.51e-03
6.65725e-01 1.51e-03
6.66598e-01 1.51e-03
6.67470e-01 1.50e-03
6.68291e-01 1.50e-03
6.69162e-01 1.50e-03
6.70032e-01 1.49e-03
6.70902e-01 1.49e-03
6.71719e-01 1.48e-03
6.72587e-01 1.48e-03
6.73455e-01 1.48e-03
6.74321e-01 1.47e-03
6.75136e-01 1.47e-03
6.76001e-01 1.47e-03
6.76865e-01 1.46e-03
6.77678e-01 1.46e-03
6.78541e-01 1.46e-03
6.79403e-01 1.45e-03
6.80214e-01 1.45e-03
6.81075e-01 1.44e-03
6.81884e-01 1.44e-03
6.82743e-01 1.44e-03
6.83551e-01 1.43e-03
6.84409e-01 1.43e-03
6.85266e-01 1.43e-03
6.86072e-01 1.42e-03
6.86878e-01 1.42e-03
6.87733e-01 1.41e-03
6.88537e-01 1.41e-03
6.89390e-01 1.41e-03
6.90193e-01 1.40e-03
6.91045e-01 1.40e-03
6.91846e-01 1.40e-03
6.92647e-01 1.39e-03
6.93497e-01 1.39e-03
6.94297e-01 1.39e-03
6.95145e-01 1.38e-03
6.95943e-01 1.38e-03
6.96741e-01 1.38e-03
6.97538e-01 1.37e-03
6.98383e-01 1.37e-03
6.99179e-01 1.37e-03
6.99974e-01 1.36e-03
7.00818e-01 1.36e-03
7.01611e-01 1.36e-03
7.02404e-01 1.35e-03
7.03197e-01 1.35e-03
7.03988e-01 1.35e-03
7.04829e-01 1.35e-03
7.05619e-01 1.34e-03
7.06409e-01 1.34e-03
7.07198e-01 1.34e-03
7.07987e-01 1.34e-03
7.08381e-01 1.33e-03
7.09168e-01 1.33e-03
7.09955e-01 1.32e-03
7.10741e-01 1.32e-03
7.11527e-01 1.32e-03
7.12361e-01 1.31e-03
7.13146e-01 1.31e-03
7.13930e-01 1.31e-03
7.14713e-01 1.30e-03
7.15496e-01 1.30e-03
7.16278e-01 1.30e-03
7.17059e-01 1.30e-03
7.17791e-01 1.29e-03
7.18571e-01 1.29e-03
7.19351e-01 1.29e-03
7.19740e-01 1.28e-03
7.20519e-01 1.28e-03
7.21297e-01 1.27e-03
7.22075e-01 1.27e-03
7.22463e-01 1.27e-03
7.24404e-01 1.27e-03
7.24743e-01 1.27e-03
7.25518e-01 1.26e-03
7.26292e-01 1.26e-03
7.27065e-01 1.26e-03
7.27838e-01 1.25e-03
7.28611e-01 1.25e-03
7.29334e-01 1.25e-03
7.30106e-01 1.25e-03
7.30876e-01 1.24e-03
7.31598e-01 1.24e-03
7.32368e-01 1.24e-03
7.33137e-01 1.24e-03
7.33905e-01 1.23e-03
7.34625e-01 1.23e-03
7.35392e-01 1.23e-03
7.36159e-01 1.23e-03
7.36877e-01 1.22e-03
7.37642e-01 1.22e-03
7.38360e-01 1.22e-03
7.39124e-01 1.21e-03
7.39888e-01 1.21e-03
7.40603e-01 1.21e-03
7.41366e-01 1.21e-03
7.42080e-01 1.20e-03
7.42842e-01 1.20e-03
7.43603e-01 1.20e-03
7.44315e-01 1.20e-03
7.45075e-01 1.19e-03
7.45787e-01 1.19e-03
7.46546e-01 1.19e-03
7.47257e-01 1.19e-03
7.47967e-01 1.18e-03
7.48724e-01 1.18e-03
7.49433e-01 1.18e-03
7.50189e-01 1.18e-03
7.50897e-01 1.17e-03
7.51652e-01 1.17e-03
7.52359e-01 1.17e-03
7.53066e-01 1.17e-03
7.53819e-01 1.16e-03
7.54524e-01 1.16e-03
7.55277e-01 1.16e-03
7.55981e-01 1.16e-03
7.56685e-01 1.15e-03
7.57436e-01 1.15e-03
7.58139e-01 1.15e-03
7.58841e-01 1.15e-03
7.59543e-01 1.15e-03
7.60292e-01 1.14e-03
7.60993e-01 1.14e-03
7.61693e-01 1.14e-03
7.62393e-01 1.14e-03
7.63140e-01 1.13e-03
7.63839e-01 1.13e-03
7.64537e-01 1.13e-03
7.65235e-01 1.13e-03
7.65979e-01 1.12e-03
7.66676e-01 1.12e-03
7.67373e-01 1.12e-03
7.68069e-01 1.12e-03
7.68765e-01 1.12e-03
7.69460e-01 1.11e-03
7.70155e-01 1.11e-03
7.70895e-01 1.11e-03
7.71589e-01 1.11e-03
7.72282e-01 1.10e-03
7.72974e-01 1.10e-03
7.73667e-01 1.10e-03
7.74358e-01 1.10e-03
7.75050e-01 1.10e-03
7.75740e-01 1.09e-03
7.76431e-01 1.09e-03
7.77121e-01 1.09e-03
7.77810e-01 1.09e-03
7.78499e-01 1.08e-03
7.79187e-01 1.08e-03
7.79875e-01 1.08e-03
7.80563e-01 1.08e-03
7.81250e-01 1.08e-03
7.81936e-01 1.07e-03
7.82622e-01 1.07e-03
7.83308e-01 1.07e-03
7.83993e-01 1.07e-03
7.84677e-01 1.07e-03
7.85362e-01 1.06e-03
7.86000e-01 1.06e-03
7.86683e-01 1.06e-03
7.87366e-01 1.06e-03
7.88048e-01 1.06e-03
7.88730e-01 1.05e-03
7.89411e-01 1.05e-03
7.90092e-01 1.05e-03
7.90728e-01 1.05e-03
7.91408e-01 1.05e-03
7.92087e-01 1.04e-03
7.92766e-01 1.04e-03
7.93445e-01 1.04e-03
7.94078e-01 1.04e-03
7.94756e-01 1.04e-03
7.95433e-01 1.03e-03
7.96110e-01 1.03e-03
7.96741e-01 1.03e-03
7.97417e-01 1.03e-03
7.98093e-01 1.03e-03
7.98768e-01 1.02e-03
7.99397e-01 1.02e-03
8.00071e-01 1.02e-03
8.00745e-01 1.02e-03
8.01374e-01 1.02e-03
8.02046e-01 1.01e-03
8.02719e-01 1.01e-03
8.03346e-01 1.01e-03
8.04017e-01 1.01e-03
8.04644e-01 1.01e-03
8.05314e-01 1.01e-03
8.05985e-01 1.00e-03
8.06610e-01 1.00e-03
8.07279e-01 1.00e-03
8.07903e-01 9.98e-04
8.08572e-01 9.96e-04
8.09240e-01 9.95e-04
8.09863e-01 9.93e-04
8.10530e-01 9.91e-04
8.11152e-01 9.89e-04
8.11819e-01 9.87e-04
8.12440e-01 9.85e-04
8.13106e-01 9.83e-04
8.13726e-01 9.81e-04
8.14391e-01 9.80e-04
8.15011e-01 9.78e-04
8.15674e-01 9.76e-04
8.16294e-01 9.74e-04
8.16956e-01 9.72e-04
8.17575e-01 9.70e-04
8.18193e-01 9.69e-04
8.18854e-01 9.67e-04
8.19471e-01 9.65e-04
8.20132e-01 9.63e-04
8.20749e-01 9.61e-04
8.21364e-01 9.59e-04
8.22024e-01 9.58e-04
8.22639e-01 9.56e-04
8.23298e-01 9.55e-04
8.23912e-01 9.53e-04
8.24526e-01 9.51e-04
8.25184e-01 9.49e-04
8.25797e-01 9.47e-04
8.26410e-01 9.46e-04
8.27066e-01 9.44e-04
8.27678e-01 9.42e-04
8.28290e-01 9.41e-04
8.28945e-01 9.39e-04
8.29556e-01 9.37e-04
8.30166e-01 9.35e-04
8.30776e-01 9.34e-04
8.31430e-01 9.32e-04
8.32039e-01 9.31e-04
8.32648e-01 9.29e-04
8.33257e-01 9.27e-04
8.33909e-01 9.25e-04
8.34517e-01 9.24e-04
8.35124e-01 9.22e-04
8.35731e-01 9.20e-04
8.36338e-01 9.19e-04
8.36988e-01 9.17e-04
8.37594e-01 9.16e-04
8.38199e-01 9.14e-04
8.38805e-01 9.12e-04
8.39410e-01 9.10e-04
8.40014e-01 9.09e-04
8.40618e-01 9.07e-04
8.41265e-01 9.06e-04
8.41869e-01 9.04e-04
8.42472e-01 9.03e-04
8.43075e-01 9.01e-04
8.43677e-01 9.00e-04
8.44279e-01 8.98e-04
8.44881e-01 8.96e-04
8.45482e-01 8.95e-04
8.46083e-01 8.93e-04
8.46683e-01 8.92e-04
8.47284e-01 8.90e-04
8.47883e-01 8.89e-04
8.48526e-01 8.87e-04
8.49125e-01 8.86e-04
8.49723e-01 8.84e-04
8.50322e-01 8.83e-04
8.50920e-01 8.81e-04
8.51518e-01 8.80e-04
8.52115e-01 8.78e-04
8.52712e-01 8.77e-04
8.53308e-01 8.75e-04
8.53862e-01 8.74e-04
8.54458e-01 8.73e-04
8.55053e-01 8.71e-04
8.55649e-01 8.70e-04
8.56243e-01 8.68e-04
8.56838e-01 8.67e-04
8.57432e-01 8.65e-04
8.58026e-01 8.64e-04
8.58619e-01 8.62e-04
8.59212e-01 8.61e-04
8.59805e-01 8.59e-04
8.60397e-01 8.58e-04
8.60947e-01 8.57e-04
8.61539e-01 8.55e-04
8.62130e-01 8.54e-04
8.62721e-01 8.52e-04
8.63312e-01 8.51e-04
8.63902e-01 8.50e-04
8.64492e-01 8.48e-04
8.65629e-01 8.44e-04
8.66512e-01 8.42e-04
8.67100e-01 8.42e-04
8.67689e-01 8.40e-04
8.67940e-01 8.40e-04
8.68528e-01 8.37e-04
8.68822e-01 8.36e-04
8.69409e-01 8.35e-04
8.69995e-01 8.34e-04
8.70540e-01 8.33e-04
8.71126e-01 8.32e-04
8.71712e-01 8.30e-04
8.72297e-01 8.29e-04
8.72840e-01 8.28e-04
8.73425e-01 8.27e-04
8.73717e-01 8.27e-04
8.74301e-01 8.27e-04
8.74844e-01 8.25e-04
8.75427e-01 8.22e-04
8.76010e-01 8.21e-04
8.76551e-01 8.19e-04
8.77134e-01 8.18e-04
8.77716e-01 8.17e-04
8.78257e-01 8.16e-04
8.78838e-01 8.15e-04
8.79419e-01 8.13e-04
8.79710e-01 8.12e-04
8.80249e-01 8.10e-04
8.80829e-01 8.09e-04
8.81368e-01 8.08e-04
8.81948e-01 8.07e-04
8.82527e-01 8.06e-04
8.83065e-01 8.05e-04
8.83644e-01 8.03e-04
8.84181e-01 8.02e-04
8.84759e-01 8.01e-04
8.85337e-01 8.00e-04
8.85873e-01 7.98e-04
8.86450e-01 7.97e-04
8.86985e-01 7.96e-04
8.87562e-01 7.95e-04
8.88097e-01 7.93e-04
8.88673e-01 7.92e-04
8.89248e-01 7.91e-04
8.89782e-01 7.90e-04
8.90357e-01 7.88e-04
8.90891e-01 7.86e-04
8.91465e-01 7.85e-04
8.91998e-01 7.84e-04
8.92572e-01 7.83e-04
8.93104e-01 7.82e-04
8.93677e-01 7.81e-04
8.94209e-01 7.80e-04
8.94781e-01 7.79e-04
8.95312e-01 7.77e-04
8.95843e-01 7.76e-04
8.96415e-01 7.75e-04
8.96945e-01 7.74e-04
8.97516e-01 7.73e-04
8.98045e-01 7.71e-04
8.98615e-01 7.70e-04
8.99145e-01 7.69e-04
8.99673e-01 7.68e-04
9.00243e-01 7.67e-04
9.00771e-01 7.65e-04
9.01340e-01 7.64e-04
9.01867e-01 7.63e-04
9.02395e-01 7.62e-04
9.02962e-01 7.61e-04
9.03489e-01 7.60e-04
9.04056e-01 7.59e-04
9.04582e-01 7.57e-04
9.05108e-01 7.56e-04
9.05675e-01 7.55e-04
9.06200e-01 7.54e-04
9.06725e-01 7.53e-04
9.07290e-01 7.51e-04
9.07815e-01 7.50e-04
9.08339e-01 7.49e-04
9.08621e-01 7.48e-04
9.09145e-01 7.47e-04
9.09669e-01 7.46e-04
9.10232e-01 7.45e-04
9.10755e-01 7.44e-04
9.11278e-01 7.43e-04
9.11841e-01 7.42e-04
9.12363e-01 7.41e-04
9.12885e-01 7.40e-04
9.13407e-01 7.39e-04
9.13968e-01 7.37e-04
9.14489e-01 7.36e-04
9.15010e-01 7.35e-04
9.15530e-01 7.34e-04
9.16091e-01 7.33e-04
9.16331e-01 7.32e-04
9.16851e-01 7.32e-04
9.17410e-01 7.30e-04
9.17929e-01 7.29e-04
9.18448e-01 7.28e-04
9.18967e-01 7.27e-04
9.19486e-01 7.26e-04
9.20044e-01 7.25e-04
9.20562e-01 7.23e-04
9.21079e-01 7.22e-04
9.21597e-01 7.21e-04
9.22114e-01 7.20e-04
9.22392e-01 7.20e-04
9.22631e-01 7.18e-04
9.22909e-01 7.17e-04
9.23187e-01 7.16e-04
9.23425e-01 7.17e-04
9.23703e-01 7.17e-04
9.24457e-01 7.16e-04
9.24735e-01 7.14e-04
9.25013e-01 7.12e-04
9.25250e-01 7.11e-04
9.25528e-01 7.12e-04
9.25766e-01 7.13e-04
9.26281e-01 7.12e-04
9.26835e-01 7.11e-04
9.27349e-01 7.10e-04
9.27864e-01 7.09e-04
9.28377e-01 7.07e-04
9.28891e-01 7.06e-04
9.29404e-01 7.05e-04
9.29917e-01 7.04e-04
9.30430e-01 7.03e-04
9.30943e-01 7.02e-04
9.31455e-01 7.02e-04
9.31967e-01 7.00e-04
9.34052e-01 6.96e-04
9.34563e-01 6.95e-04
9.36093e-01 6.92e-04
9.39656e-01 6.86e-04
9.40163e-01 6.85e-04
9.40671e-01 6.84e-04
9.41139e-01 6.83e-04
9.41647e-01 6.82e-04
9.42153e-01 6.81e-04
9.42660e-01 6.80e-04
9.43166e-01 6.79e-04
9.43672e-01 6.78e-04
9.44178e-01 6.77e-04
9.44684e-01 6.76e-04
9.45189e-01 6.75e-04
9.45694e-01 6.74e-04
9.46199e-01 6.73e-04
9.46432e-01 6.72e-04
9.46936e-01 6.72e-04
9.47441e-01 6.71e-04
9.47944e-01 6.70e-04
9.48448e-01 6.69e-04
9.48952e-01 6.68e-04
9.49184e-01 6.68e-04
9.49455e-01 6.69e-04
9.49919e-01 6.67e-04
9.50190e-01 6.66e-04
9.50692e-01 6.65e-04
9.51194e-01 6.64e-04
9.51696e-01 6.63e-04
9.52160e-01 6.62e-04
9.52661e-01 6.61e-04
9.53163e-01 6.60e-04
9.53664e-01 6.60e-04
9.54164e-01 6.59e-04
9.54395e-01 6.57e-04
9.54665e-01 6.58e-04
9.55127e-01 6.57e-04
9.55627e-01 6.56e-04
9.56127e-01 6.55e-04
9.56626e-01 6.54e-04
9.56857e-01 6.52e-04
9.57356e-01 6.53e-04
9.57855e-01 6.52e-04
9.58354e-01 6.51e-04
9.58584e-01 6.51e-04
9.58814e-01 6.51e-04
9.59082e-01 6.50e-04
9.59580e-01 6.49e-04
9.60040e-01 6.48e-04
9.62258e-01 6.44e-04
9.62487e-01 6.44e-04
9.62716e-01 6.43e-04
9.63212e-01 6.42e-04
9.63709e-01 6.41e-04
9.64204e-01 6.40e-04
9.64662e-01 6.39e-04
9.65157e-01 6.38e-04
9.65652e-01 6.37e-04
9.66147e-01 6.37e-04
9.66604e-01 6.36e-04
9.67098e-01 6.35e-04
9.67592e-01 6.34e-04
9.68048e-01 6.33e-04
9.68542e-01 6.32e-04
9.69035e-01 6.31e-04
9.69490e-01 6.31e-04
9.69983e-01 6.30e-04
9.70476e-01 6.29e-04
9.70930e-01 6.28e-04
9.71423e-01 6.27e-04
9.71915e-01 6.26e-04
9.72369e-01 6.26e-04
9.72860e-01 6.25e-04
9.73087e-01 6.24e-04
9.73578e-01 6.23e-04
9.74069e-01 6.23e-04
9.74522e-01 6.22e-04
9.75012e-01 6.21e-04
9.75503e-01 6.20e-04
9.75955e-01 6.19e-04
9.76445e-01 6.19e-04
9.76897e-01 6.18e-04
9.77386e-01 6.17e-04
9.77875e-01 6.16e-04
9.78326e-01 6.15e-04
9.80242e-01 6.12e-04
9.80692e-01 6.11e-04
9.81179e-01 6.10e-04
9.81629e-01 6.09e-04
9.82116e-01 6.09e-04
9.82565e-01 6.08e-04
9.83052e-01 6.07e-04
9.83501e-01 6.06e-04
9.83987e-01 6.05e-04
9.84473e-01 6.04e-04
9.84921e-01 6.04e-04
9.85145e-01 6.02e-04
9.86078e-01 6.02e-04
9.86563e-01 6.01e-04
9.87010e-01 6.00e-04
9.87494e-01 6.00e-04
9.87941e-01 5.99e-04
9.88425e-01 5.98e-04
9.88872e-01 5.97e-04
9.89355e-01 5.96e-04
9.89801e-01 5.95e-04
9.90284e-01 5.94e-04
9.90730e-01 5.94e-04
9.91213e-01 5.93e-04
9.91658e-01 5.92e-04
9.91918e-01 5.92e-04
9.92140e-01 5.91e-04
9.92362e-01 5.91e-04
9.92844e-01 5.90e-04
9.93289e-01 5.89e-04
9.93733e-01 5.89e-04
9.94214e-01 5.88e-04
9.94658e-01 5.87e-04
9.95139e-01 5.86e-04
9.95582e-01 5.85e-04
9.96063e-01 5.85e-04
9.96506e-01 5.84e-04
9.96986e-01 5.83e-04
9.97428e-01 5.82e-04
9.97871e-01 5.82e-04
9.98129e-01 5.80e-04
9.98350e-01 5.76e-04
9.98571e-01 5.80e-04
9.99013e-01 5.80e-04
9.99492e-01 5.79e-04
9.99933e-01 5.78e-04
1.00041e+00 5.78e-04
1.00085e+00 5.77e-04
1.00129e+00 5.76e-04
1.00177e+00 5.75e-04
1.00221e+00 5.75e-04
1.00269e+00 5.74e-04
1.00313e+00 5.73e-04
1.00335e+00 5.72e-04
1.00379e+00 5.72e-04
1.00405e+00 5.72e-04
1.00426e+00 5.71e-04
1.00448e+00 5.71e-04
1.00470e+00 5.70e-04
1.00518e+00 5.70e-04
1.00562e+00 5.69e-04
1.00606e+00 5.68e-04
1.00653e+00 5.68e-04
1.00697e+00 5.67e-04
1.00741e+00 5.66e-04
1.00788e+00 5.65e-04
1.00832e+00 5.65e-04
1.00854e+00 5.64e-04
1.00898e+00 5.64e-04
1.00945e+00 5.63e-04
1.00989e+00 5.62e-04
1.01033e+00 5.61e-04
1.01080e+00 5.61e-04
1.01124e+00 5.60e-04
1.01167e+00 5.59e-04
1.01189e+00 5.59e-04
1.01215e+00 5.57e-04
1.01280e+00 5.58e-04
1.01324e+00 5.57e-04
1.01371e+00 5.56e-04
1.01414e+00 5.56e-04
1.01458e+00 5.55e-04
1.01501e+00 5.54e-04
1.01548e+00 5.54e-04
1.01592e+00 5.53e-04
1.01635e+00 5.52e-04
1.01679e+00 5.51e-04
1.01726e+00 5.51e-04
1.01769e+00 5.50e-04
1.01813e+00 5.50e-04
1.01834e+00 5.49e-04
1.01881e+00 5.48e-04
1.01924e+00 5.48e-04
1.01968e+00 5.47e-04
1.02011e+00 5.46e-04
1.02054e+00 5.46e-04
1.02101e+00 5.45e-04
1.02144e+00 5.44e-04
1.02188e+00 5.44e-04
1.02231e+00 5.43e-04
1.02277e+00 5.42e-04
1.02321e+00 5.42e-04
1.02364e+00 5.41e-04
1.02407e+00 5.40e-04
1.02450e+00 5.40e-04
1.02497e+00 5.39e-04
1.02540e+00 5.39e-04
1.02583e+00 5.38e-04
1.02626e+00 5.37e-04
1.02669e+00 5.37e-04
1.02712e+00 5.36e-04
1.02758e+00 5.35e-04
1.02801e+00 5.35e-04
1.02844e+00 5.34e-04
1.02887e+00 5.33e-04
1.02930e+00 5.33e-04
1.02973e+00 5.32e-04
1.03019e+00 5.32e-04
1.03062e+00 5.31e-04
1.03105e+00 5.30e-04
1.03147e+00 5.30e-04
1.03190e+00 5.29e-04
1.03233e+00 5.28e-04
1.03276e+00 5.28e-04
1.03322e+00 5.27e-04
1.03365e+00 5.27e-04
1.03407e+00 5.26e-04
1.03450e+00 5.25e-04
1.03493e+00 5.25e-04
1.03535e+00 5.24e-04
1.03578e+00 5.23e-04
1.03620e+00 5.23e-04
1.03663e+00 5.22e-04
1.03706e+00 5.22e-04
1.03752e+00 5.21e-04
1.03794e+00 5.20e-04
1.03837e+00 5.20e-04
1.03879e+00 5.19e-04
1.03922e+00 5.18e-04
1.03964e+00 5.18e-04
1.04006e+00 5.17e-04
1.04049e+00 5.17e-04
1.04091e+00 5.16e-04
1.04134e+00 5.15e-04
1.04176e+00 5.15e-04
1.04218e+00 5.14e-04
1.04261e+00 5.14e-04
1.04303e+00 5.13e-04
1.04349e+00 5.12e-04
1.04391e+00 5.12e-04
1.04433e+00 5.11e-04
1.04475e+00 5.11e-04
1.04518e+00 5.10e-04
1.04560e+00 5.09e-04
1.04602e+00 5.09e-04
1.04644e+00 5.08e-04
1.04686e+00 5.08e-04
1.04728e+00 5.07e-04
1.04770e+00 5.06e-04
1.04813e+00 5.06e-04
1.04855e+00 5.05e-04
1.04897e+00 5.05e-04
1.04939e+00 5.04e-04
1.04981e+00 5.03e-04
1.05023e+00 5.03e-04
1.05065e+00 5.02e-04
1.05107e+00 5.02e-04
1.05149e+00 5.01e-04
1.05190e+00 5.00e-04
1.05232e+00 5.00e-04
1.05274e+00 4.99e-04
1.05316e+00 4.99e-04
1.05358e+00 4.98e-04
1.05400e+00 4.98e-04
1.05442e+00 4.97e-04
1.05483e+00 4.96e-04
1.05522e+00 4.96e-04
1.05564e+00 4.95e-04
1.05605e+00 4.95e-04
1.05647e+00 4.94e-04
1.05689e+00 4.94e-04
1.05730e+00 4.93e-04
1.05772e+00 4.92e-04
1.05814e+00 4.92e-04
1.05855e+00 4.91e-04
1.05897e+00 4.91e-04
1.05939e+00 4.90e-04
1.05980e+00 4.90e-04
1.06022e+00 4.89e-04
1.06063e+00 4.88e-04
1.06105e+00 4.88e-04
1.06143e+00 4.87e-04
1.06184e+00 4.87e-04
1.06226e+00 4.86e-04
1.06267e+00 4.86e-04
1.06309e+00 4.85e-04
1.06350e+00 4.84e-04
1.06392e+00 4.84e-04
1.06433e+00 4.83e-04
1.06475e+00 4.83e-04
1.06516e+00 4.82e-04
1.06554e+00 4.82e-04
1.06595e+00 4.81e-04
1.06636e+00 4.81e-04
1.06678e+00 4.80e-04
1.06719e+00 4.80e-04
1.06760e+00 4.79e-04
1.06802e+00 4.78e-04
1.06843e+00 4.78e-04
1.06881e+00 4.77e-04
1.06922e+00 4.77e-04
1.06963e+00 4.76e-04
1.07004e+00 4.76e-04
1.07045e+00 4.75e-04
1.07086e+00 4.75e-04
1.07128e+00 4.74e-04
1.07165e+00 4.74e-04
1.07206e+00 4.73e-04
1.07247e+00 4.73e-04
1.07288e+00 4.72e-04
1.07329e+00 4.71e-04
1.07370e+00 4.71e-04
1.07408e+00 4.70e-04
1.07449e+00 4.70e-04
1.07490e+00 4.69e-04
1.07531e+00 4.69e-04
1.07572e+00 4.68e-04
1.07609e+00 4.68e-04
1.07650e+00 4.67e-04
1.07691e+00 4.67e-04
1.07732e+00 4.66e-04
1.07773e+00 4.66e-04
1.07810e+00 4.65e-04
1.07851e+00 4.65e-04
1.07892e+00 4.64e-04
1.07933e+00 4.64e-04
1.07974e+00 4.63e-04
1.08011e+00 4.62e-04
1.08052e+00 4.62e-04
1.08092e+00 4.61e-04
1.08133e+00 4.61e-04
1.08170e+00 4.60e-04
1.08211e+00 4.60e-04
1.08252e+00 4.59e-04
1.08292e+00 4.59e-04
1.08333e+00 4.58e-04
1.08370e+00 4.58e-04
1.08411e+00 4.57e-04
1.08451e+00 4.57e-04
1.08492e+00 4.56e-04
1.08529e+00 4.56e-04
1.08570e+00 4.55e-04
1.08610e+00 4.55e-04
1.08651e+00 4.54e-04
1.08688e+00 4.54e-04
1.08728e+00 4.53e-04
1.08769e+00 4.53e-04
1.08806e+00 4.52e-04
1.08846e+00 4.52e-04
1.08886e+00 4.51e-04
1.08927e+00 4.51e-04
1.08964e+00 4.50e-04
1.09004e+00 4.50e-04
1.09045e+00 4.49e-04
1.09085e+00 4.49e-04
1.09122e+00 4.48e-04
1.09162e+00 4.48e-04
1.09202e+00 4.47e-04
1.09239e+00 4.47e-04
1.09280e+00 4.46e-04
1.09320e+00 4.46e-04
1.09357e+00 4.45e-04
1.09397e+00 4.45e-04
1.09437e+00 4.44e-04
1.09477e+00 4.44e-04
1.09514e+00 4.43e-04
1.09554e+00 4.43e-04
1.09594e+00 4.42e-04
1.09631e+00 4.42e-04
1.09671e+00 4.41e-04
1.09711e+00 4.41e-04
1.09748e+00 4.41e-04
1.09788e+00 4.40e-04
1.09828e+00 4.40e-04
1.09865e+00 4.39e-04
1.09905e+00 4.39e-04
1.09945e+00 4.38e-04
1.09981e+00 4.38e-04
1.10021e+00 4.37e-04
1.10061e+00 4.37e-04
1.10098e+00 4.36e-04
1.10138e+00 4.36e-04
1.10177e+00 4.35e-04
1.10214e+00 4.35e-04
1.10254e+00 4.34e-04
1.10290e+00 4.34e-04
1.10330e+00 4.33e-04
1.10370e+00 4.33e-04
1.10406e+00 4.32e-04
1.10446e+00 4.32e-04
1.10486e+00 4.32e-04
1.10522e+00 4.31e-04
1.10562e+00 4.31e-04
1.10599e+00 4.30e-04
1.10638e+00 4.30e-04
1.10678e+00 4.29e-04
1.10714e+00 4.29e-04
1.10754e+00 4.28e-04
1.10794e+00 4.28e-04
1.10830e+00 4.27e-04
1.10869e+00 4.27e-04
1.10906e+00 4.27e-04
1.10945e+00 4.26e-04
1.10985e+00 4.26e-04
1.11021e+00 4.25e-04
1.11061e+00 4.25e-04
1.11097e+00 4.24e-04
1.11136e+00 4.24e-04
1.11176e+00 4.23e-04
1.11212e+00 4.23e-04
1.11252e+00 4.23e-04
1.11288e+00 4.22e-04
1.11327e+00 4.22e-04
1.11363e+00 4.21e-04
1.11403e+00 4.21e-04
1.11442e+00 4.20e-04
1.11478e+00 4.20e-04
1.11517e+00 4.19e-04
1.11553e+00 4.19e-04
1.11593e+00 4.19e-04
1.11629e+00 4.18e-04
1.11668e+00 4.18e-04
1.11704e+00 4.17e-04
1.11743e+00 4.17e-04
1.11783e+00 4.16e-04
1.11819e+00 4.16e-04
1.11858e+00 4.16e-04
1.11894e+00 4.15e-04
1.11933e+00 4.15e-04
1.11969e+00 4.14e-04
1.12008e+00 4.14e-04
1.12044e+00 4.13e-04
1.12083e+00 4.13e-04
1.12119e+00 4.12e-04
1.12158e+00 4.12e-04
1.12197e+00 4.12e-04
1.12233e+00 4.11e-04
1.12272e+00 4.11e-04
1.12308e+00 4.10e-04
1.12347e+00 4.10e-04
1.12383e+00 4.10e-04
1.12422e+00 4.09e-04
1.12457e+00 4.09e-04
1.12496e+00 4.08e-04
1.12532e+00 4.08e-04
1.12571e+00 4.07e-04
1.12607e+00 4.07e-04
1.12645e+00 4.07e-04
1.12681e+00 4.06e-04
1.12720e+00 4.06e-04
1.12756e+00 4.05e-04
1.12794e+00 4.05e-04
1.12830e+00 4.05e-04
1.12869e+00 4.04e-04
1.15367e+00 3.78e-04
1.17366e+00 3.58e-04
1.18867e+00 3.44e-04
1.20372e+00 3.30e-04
1.21915e+00 3.16e-04
1.23460e+00 3.03e-04
1.25039e+00 2.90e-04
1.26311e+00 2.80e-04
1.27318e+00 2.72e-04
1.28769e+00 2.62e-04
1.30405e+00 2.50e-04
1.32309e+00 2.38e-04
1.33978e+00 2.27e-04
1.35421e+00 2.18e-04
1.36538e+00 2.11e-04
1.37392e+00 2.06e-04
1.38629e+00 2.00e-04
1.39854e+00 1.93e-04
1.41663e+00 1.84e-04
1.43024e+00 1.78e-04
1.44452e+00 1.72e-04
1.45868e+00 1.66e-04
1.46857e+00 1.62e-04
1.48646e+00 1.55e-04
1.50345e+00 1.48e-04
1.51908e+00 1.43e-04
1.53538e+00 1.38e-04
1.55111e+00 1.33e-04
1.56402e+00 1.29e-04
1.57665e+00 1.26e-04
1.59001e+00 1.23e-04
1.60645e+00 1.19e-04
1.61629e+00 1.17e-04
1.62895e+00 1.15e-04
1.62906e+00 1.15e-04
1.64612e+00 1.12e-04
1.65345e+00 1.12e-04
1.66362e+00 1.11e-04
1.67074e+00 1.10e-04
1.67788e+00 1.10e-04
1.68373e+00 1.10e-04
1.68856e+00 1.10e-04
1.69326e+00 1.11e-04
1.69719e+00 1.11e-04
1.70087e+00 1.11e-04
1.70613e+00 1.12e-04
1.71087e+00 1.13e-04
1.71432e+00 1.14e-04
1.71723e+00 1.14e-04
1.72016e+00 1.15e-04
1.72175e+00 1.16e-04
1.72387e+00 1.16e-04
1.72574e+00 1.17e-04
1.72708e+00 1.18e-04
1.72841e+00 1.18e-04
1.72948e+00 1.19e-04
1.73029e+00 1.19e-04
1.73056e+00 1.19e-04
1.73082e+00 1.19e-04
1.73109e+00 1.19e-04
1.73135e+00 1.19e-04
1.73162e+00 1.20e-04
1.73189e+00 1.20e-04
1.73215e+00 1.20e-04
1.73243e+00 1.20e-04
1.73270e+00 1.20e-04
1.73296e+00 1.20e-04
1.73323e+00 1.20e-04
1.73349e+00 1.20e-04
1.73376e+00 1.21e-04
1.73404e+00 1.21e-04
1.73431e+00 1.21e-04
1.73457e+00 1.21e-04
1.73484e+00 1.21e-04
1.73510e+00 1.21e-04
1.73538e+00 1.21e-04
1.73565e+00 1.22e-04
1.73591e+00 1.22e-04
1.73618e+00 1.22e-04
1.73646e+00 1.22e-04
1.73672e+00 1.22e-04
1.73699e+00 1.22e-04
1.73725e+00 1.22e-04
1.73753e+00 1.23e-04
1.73780e+00 1.23e-04
1.73806e+00 1.23e-04
1.73834e+00 1.23e-04
1.73860e+00 1.23e-04
1.73887e+00 1.23e-04
1.73915e+00 1.24e-04
1.73941e+00 1.24e-04
1.73968e+00 1.24e-04
1.73996e+00 1.24e-04
1.74022e+00 1.24e-04
1.74048e+00 1.24e-04
1.74076e+00 1.25e-04
1.74103e+00 1.25e-04
1.74131e+00 1.25e-04
1.74157e+00 1.25e-04
1.74183e+00 1.25e-04
1.74211e+00 1.25e-04
1.74238e+00 1.26e-04
1.74266e+00 1.26e-04
1.74292e+00 1.26e-04
1.74318e+00 1.26e-04
1.74346e+00 1.26e-04
1.74372e+00 1.27e-04
1.74400e+00 1.27e-04
1.74427e+00 1.27e-04
1.74455e+00 1.27e-04
1.74481e+00 1.27e-04
1.74509e+00 1.28e-04
1.74535e+00 1.28e-04
1.74563e+00 1.28e-04
1.74589e+00 1.28e-04
1.74617e+00 1.28e-04
1.74643e+00 1.29e-04
1.74671e+00 1.29e-04
1.74697e+00 1.29e-04
1.74725e+00 1.29e-04
1.74751e+00 1.29e-04
1.74779e+00 1.30e-04
1.74807e+00 1.30e-04
1.74833e+00 1.30e-04
1.74861e+00 1.30e-04
1.74887e+00 1.31e-04
1.74915e+00 1.31e-04
1.74943e+00 1.31e-04
1.74969e+00 1.31e-04
1.74996e+00 1.32e-04
1.75023e+00 1.32e-04
1.75050e+00 1.32e-04
1.75078e+00 1.32e-04
1.75104e+00 1.33e-04
1.75132e+00 1.33e-04
1.75160e+00 1.33e-04
1.75186e+00 1.33e-04
1.75213e+00 1.34e-04
1.75241e+00 1.34e-04
1.75267e+00 1.34e-04
1.75295e+00 1.34e-04
1.75323e+00 1.35e-04
1.75350e+00 1.35e-04
1.75376e+00 1.35e-04
1.75404e+00 1.36e-04
1.75432e+00 1.36e-04
1.75459e+00 1.36e-04
1.75485e+00 1.36e-04
1.75513e+00 1.37e-04
1.75541e+00 1.37e-04
1.75568e+00 1.37e-04
1.75596e+00 1.38e-04
1.75622e+00 1.38e-04
1.75649e+00 1.38e-04
1.75677e+00 1.39e-04
1.75705e+00 1.39e-04
1.75732e+00 1.39e-04
1.75758e+00 1.39e-04
1.75786e+00 1.40e-04
1.75813e+00 1.40e-04
1.75841e+00 1.40e-04
1.75869e+00 1.41e-04
1.75896e+00 1.41e-04
1.75924e+00 1.41e-04
1.75951e+00 1.42e-04
1.75979e+00 1.42e-04
1.76005e+00 1.43e-04
1.76032e+00 1.43e-04
1.76060e+00 1.43e-04
1.76087e+00 1.44e-04
1.76115e+00 1.44e-04
1.76142e+00 1.44e-04
1.76170e+00 1.45e-04
1.76197e+00 1.45e-04
1.76224e+00 1.46e-04
1.76252e+00 1.46e-04
1.76279e+00 1.46e-04
1.76307e+00 1.47e-04
1.76334e+00 1.47e-04
1.76362e+00 1.48e-04
1.76389e+00 1.48e-04
1.76417e+00 1.48e-04
1.76444e+00 1.49e-04
1.76471e+00 1.49e-04
1.76499e+00 1.50e-04
1.76526e+00 1.50e-04
1.76555e+00 1.50e-04
1.76583e+00 1.51e-04
1.76610e+00 1.51e-04
1.76637e+00 1.52e-04
1.76665e+00 1.52e-04
1.76692e+00 1.53e-04
1.76719e+00 1.53e-04
1.76747e+00 1.54e-04
1.76774e+00 1.54e-04
1.76803e+00 1.55e-04
1.76830e+00 1.55e-04
1.76858e+00 1.56e-04
1.76885e+00 1.56e-04
1.76912e+00 1.57e-04
1.76941e+00 1.57e-04
1.76968e+00 1.58e-04
1.76996e+00 1.58e-04
1.77023e+00 1.59e-04
1.77050e+00 1.59e-04
1.77079e+00 1.60e-04
1.77106e+00 1.60e-04
1.77134e+00 1.61e-04
1.77161e+00 1.61e-04
1.77190e+00 1.62e-04
1.77217e+00 1.63e-04
1.77244e+00 1.63e-04
1.77273e+00 1.64e-04
1.77300e+00 1.64e-04
1.77327e+00 1.65e-04
1.77356e+00 1.66e-04
1.77383e+00 1.66e-04
1.77410e+00 1.67e-04
1.77439e+00 1.67e-04
1.77466e+00 1.68e-04
1.77494e+00 1.69e-04
1.77522e+00 1.69e-04
1.77549e+00 1.70e-04
1.77578e+00 1.71e-04
1.77605e+00 1.71e-04
1.77632e+00 1.72e-04
1.77661e+00 1.73e-04
1.77688e+00 1.74e-04
1.77717e+00 1.74e-04
1.77744e+00 1.75e-04
1.77773e+00 1.76e-04
1.77800e+00 1.76e-04
1.77829e+00 1.77e-04
1.77856e+00 1.78e-04
1.77884e+00 1.79e-04
1.77911e+00 1.79e-04
1.77940e+00 1.80e-04
1.77967e+00 1.81e-04
1.77996e+00 1.82e-04
1.78023e+00 1.83e-04
1.78051e+00 1.84e-04
1.78078e+00 1.84e-04
1.78107e+00 1.85e-04
1.78136e+00 1.86e-04
1.78162e+00 1.87e-04
1.78191e+00 1.88e-04
1.78218e+00 1.89e-04
1.78247e+00 1.90e-04
1.78275e+00 1.91e-04
1.78302e+00 1.91e-04
1.78331e+00 1.92e-04
1.78359e+00 1.93e-04
1.78386e+00 1.94e-04
1.78415e+00 1.95e-04
1.78443e+00 1.96e-04
1.78470e+00 1.97e-04
1.78499e+00 1.98e-04
1.78527e+00 1.99e-04
1.78554e+00 2.00e-04
1.78583e+00 2.02e-04
1.78611e+00 2.03e-04
1.78640e+00 2.04e-04
1.78666e+00 2.05e-04
1.78695e+00 2.06e-04
1.78723e+00 2.07e-04
1.78752e+00 2.08e-04
1.78780e+00 2.09e-04
1.78807e+00 2.11e-04
1.78835e+00 2.12e-04
1.78864e+00 2.13e-04
1.78892e+00 2.14e-04
1.78921e+00 2.16e-04
1.78949e+00 2.17e-04
1.78976e+00 2.18e-04
1.79004e+00 2.20e-04
1.79033e+00 2.21e-04
1.79061e+00 2.22e-04
1.79089e+00 2.24e-04
1.79118e+00 2.25e-04
1.79146e+00 2.26e-04
1.79174e+00 2.28e-04
1.79203e+00 2.29e-04
1.79231e+00 2.31e-04
1.79259e+00 2.32e-04
1.79288e+00 2.34e-04
1.79316e+00 2.35e-04
1.79344e+00 2.37e-04
1.79372e+00 2.39e-04
1.79401e+00 2.40e-04
1.79429e+00 2.42e-04
1.79457e+00 2.44e-04
1.79485e+00 2.45e-04
1.79514e+00 2.47e-04
1.79542e+00 2.49e-04
1.79570e+00 2.51e-04
1.79598e+00 2.53e-04
1.79627e+00 2.54e-04
1.79655e+00 2.56e-04
1.79683e+00 2.58e-04
1.79711e+00 2.60e-04
1.79739e+00 2.62e-04
1.79769e+00 2.64e-04
1.79797e+00 2.67e-04
1.79825e+00 2.69e-04
1.79854e+00 2.71e-04
1.79882e+00 2.73e-04
1.79910e+00 2.75e-04
1.79940e+00 2.78e-04
1.79968e+00 2.80e-04
1.79996e+00 2.83e-04
1.80024e+00 2.85e-04
1.80054e+00 2.87e-04
1.80082e+00 2.90e-04
1.80110e+00 2.92e-04
1.80138e+00 2.95e-04
1.80168e+00 2.97e-04
1.80196e+00 3.00e-04
1.80224e+00 3.02e-04
1.80253e+00 3.05e-04
1.80281e+00 3.08e-04
1.80309e+00 3.11e-04
1.80339e+00 3.13e-04
1.80367e+00 3.16e-04
1.80395e+00 3.19e-04
1.80425e+00 3.23e-04
1.80453e+00 3.26e-04
1.80482e+00 3.29e-04
1.80510e+00 3.32e-04
1.80538e+00 3.36e-04
1.80568e+00 3.39e-04
1.80596e+00 3.43e-04
1.80625e+00 3.46e-04
1.80653e+00 3.50e-04
1.80683e+00 3.54e-04
1.80711e+00 3.58e-04
1.80740e+00 3.62e-04
1.80768e+00 3.66e-04
1.80798e+00 3.71e-04
1.80826e+00 3.75e-04
1.80855e+00 3.80e-04
1.80883e+00 3.85e-04
1.80912e+00 3.89e-04
1.80940e+00 3.95e-04
1.80970e+00 4.00e-04
1.80999e+00 4.06e-04
1.81027e+00 4.11e-04
1.81056e+00 4.17e-04
1.81084e+00 4.22e-04
1.81114e+00 4.27e-04
1.81143e+00 4.31e-04
1.81171e+00 4.36e-04
1.81200e+00 4.41e-04
1.81230e+00 4.46e-04
1.81257e+00 4.51e-04
1.81287e+00 4.56e-04
1.81316e+00 4.61e-04
1.81346e+00 4.67e-04
1.81373e+00 4.73e-04
1.81403e+00 4.79e-04
1.81432e+00 4.86e-04
1.81461e+00 4.92e-04
1.81489e+00 4.99e-04
1.81518e+00 5.07e-04
1.81548e+00 5.14e-04
1.81577e+00 5.22e-04
1.81606e+00 5.30e-04
1.81634e+00 5.38e-04
1.81663e+00 5.46e-04
1.81692e+00 5.55e-04
1.81722e+00 5.64e-04
1.81751e+00 5.73e-04
1.81780e+00 5.83e-04
1.81809e+00 5.93e-04
1.81839e+00 6.03e-04
1.81868e+00 6.13e-04
1.81895e+00 6.24e-04
1.81924e+00 6.35e-04
1.81954e+00 6.47e-04
1.81983e+00 6.59e-04
1.82012e+00 6.71e-04
1.82041e+00 6.84e-04
1.82070e+00 6.97e-04
1.82099e+00 7.10e-04
1.82129e+00 7.24e-04
1.82158e+00 7.38e-04
1.82188e+00 7.53e-04
1.82218e+00 7.69e-04
1.82232e+00 7.77e-04
1.82261e+00 7.94e-04
1.82290e+00 8.11e-04
1.82319e+00 8.30e-04
1.82348e+00 8.50e-04
1.82377e+00 8.70e-04
1.82407e+00 8.92e-04
1.82436e+00 9.14e-04
1.82466e+00 9.37e-04
1.82495e+00 9.61e-04
1.82524e+00 9.86e-04
1.82553e+00 1.01e-03
1.82582e+00 1.04e-03
1.82613e+00 1.06e-03
1.82642e+00 1.09e-03
1.82671e+00 1.12e-03
1.82700e+00 1.15e-03
1.82716e+00 1.17e-03
1.82730e+00 1.18e-03
1.82745e+00 1.20e-03
1.82759e+00 1.22e-03
1.82774e+00 1.24e-03
1.82788e+00 1.26e-03
1.82803e+00 1.28e-03
1.82819e+00 1.31e-03
1.82833e+00 1.33e-03
1.82848e+00 1.36e-03
1.82862e+00 1.39e-03
1.82877e+00 1.42e-03
1.82907e+00 1.48e-03
1.82936e+00 1.54e-03
1.82965e+00 1.60e-03
1.82995e+00 1.66e-03
1.83010e+00 1.69e-03
1.83024e+00 1.72e-03
1.83039e+00 1.76e-03
1.83055e+00 1.79e-03
1.83069e+00 1.83e-03
1.83084e+00 1.87e-03
1.83098e+00 1.91e-03
1.83128e+00 2.00e-03
1.83143e+00 2.04e-03
1.83157e+00 2.08e-03
1.83172e+00 2.12e-03
1.83188e+00 2.16e-03
1.83202e+00 2.19e-03
1.83217e+00 2.22e-03
1.83247e+00 2.27e-03
1.83261e+00 2.29e-03
1.83276e+00 2.32e-03
1.83290e+00 2.35e-03
1.83306e+00 2.38e-03
1.83321e+00 2.42e-03
1.83335e+00 2.46e-03
1.83349e+00 2.50e-03
1.83365e+00 2.55e-03
1.83380e+00 2.60e-03
1.83394e+00 2.65e-03
1.83410e+00 2.71e-03
1.83424e+00 2.78e-03
1.83439e+00 2.85e-03
1.83453e+00 2.93e-03
1.83469e+00 3.01e-03
1.83483e+00 3.10e-03
1.83498e+00 3.20e-03
1.83514e+00 3.30e-03
1.83528e+00 3.41e-03
1.83543e+00 3.52e-03
1.83558e+00 3.64e-03
1.83587e+00 3.88e-03
1.83602e+00 4.00e-03
1.83617e+00 4.12e-03
1.83632e+00 4.23e-03
1.83646e+00 4.33e-03
1.83662e+00 4.41e-03
1.83676e+00 4.47e-03
1.83691e+00 4.52e-03
1.83707e+00 4.54e-03
1.83721e+00 4.56e-03
1.83737e+00 4.56e-03
1.83782e+00 4.56e-03
1.83796e+00 4.57e-03
1.83810e+00 4.57e-03
1.83840e+00 4.59e-03
1.83855e+00 4.61e-03
1.83871e+00 4.61e-03
1.83885e+00 4.62e-03
1.83901e+00 4.61e-03
1.83915e+00 4.59e-03
1.83929e+00 4.56e-03
1.83960e+00 4.49e-03
1.83976e+00 4.46e-03
1.83990e+00 4.44e-03
1.84004e+00 4.42e-03
1.84020e+00 4.41e-03
1.84034e+00 4.40e-03
1.84050e+00 4.41e-03
1.84064e+00 4.41e-03
1.84080e+00 4.43e-03
1.84095e+00 4.45e-03
1.84109e+00 4.47e-03
1.84125e+00 4.49e-03
1.84155e+00 4.55e-03
1.84185e+00 4.61e-03
1.84215e+00 4.68e-03
1.84244e+00 4.75e-03
1.84274e+00 4.82e-03
1.84304e+00 4.89e-03
1.84334e+00 4.97e-03
1.84364e+00 5.05e-03
1.84394e+00 5.14e-03
1.84410e+00 5.19e-03
1.84424e+00 5.25e-03
1.84440e+00 5.30e-03
1.84454e+00 5.36e-03
1.84470e+00 5.43e-03
1.84484e+00 5.50e-03
1.84500e+00 5.58e-03
1.84514e+00 5.67e-03
1.84530e+00 5.77e-03
1.84544e+00 5.88e-03
1.84560e+00 6.00e-03
1.84576e+00 6.14e-03
1.84590e+00 6.29e-03
1.84606e+00 6.47e-03
1.84620e+00 6.67e-03
1.84636e+00 6.91e-03
1.84650e+00 7.18e-03
1.84666e+00 7.50e-03
1.84680e+00 7.87e-03
1.84696e+00 8.30e-03
1.84712e+00 8.82e-03
1.84726e+00 9.44e-03
1.84741e+00 1.02e-02
1.84756e+00 1.11e-02
1.84771e+00 1.21e-02
1.84786e+00 1.32e-02
1.84801e+00 1.45e-02
1.84817e+00 1.57e-02
1.84831e+00 1.67e-02
1.84847e+00 1.75e-02
1.84861e+00 1.81e-02
1.84877e+00 1.87e-02
1.84893e+00 1.94e-02
1.84907e+00 2.02e-02
1.84923e+00 2.13e-02
1.84937e+00 2.25e-02
1.84953e+00 2.35e-02
1.84968e+00 2.41e-02
1.84982e+00 2.42e-02
1.84998e+00 2.39e-02
1.85014e+00 2.33e-02
1.85028e+00 2.26e-02
1.85044e+00 2.16e-02
1.85059e+00 2.04e-02
1.85074e+00 1.89e-02
1.85089e+00 1.74e-02
1.85105e+00 1.60e-02
1.85119e+00 1.47e-02
1.85135e+00 1.36e-02
1.85151e+00 1.27e-02
1.85165e+00 1.20e-02
1.85180e+00 1.15e-02
1.85196e+00 1.11e-02
1.85210e+00 1.08e-02
1.85226e+00 1.06e-02
1.85242e+00 1.05e-02
1.85256e+00 1.05e-02
1.85271e+00 1.06e-02
1.85287e+00 1.06e-02
1.85301e+00 1.06e-02
1.85317e+00 1.06e-02
1.85332e+00 1.05e-02
1.85348e+00 1.03e-02
1.85362e+00 1.00e-02
1.85378e+00 9.79e-03
1.85394e+00 9.55e-03
1.85408e+00 9.35e-03
1.85423e+00 9.19e-03
1.85439e+00 9.05e-03
1.85455e+00 8.95e-03
1.85469e+00 8.86e-03
1.85484e+00 8.79e-03
1.85500e+00 8.74e-03
1.85516e+00 8.70e-03
1.85530e+00 8.67e-03
1.85545e+00 8.65e-03
1.85561e+00 8.65e-03
1.85577e+00 8.68e-03
1.85592e+00 8.72e-03
1.85606e+00 8.78e-03
1.85622e+00 8.89e-03
1.85638e+00 9.05e-03
1.85653e+00 9.29e-03
1.85667e+00 9.65e-03
1.85683e+00 1.02e-02
1.85699e+00 1.10e-02
1.85714e+00 1.23e-02
1.85730e+00 1.43e-02
1.85744e+00 1.78e-02
1.85759e+00 2.37e-02
1.85775e+00 3.32e-02
1.85806e+00 5.43e-02
1.85822e+00 4.81e-02
1.85836e+00 3.76e-02
1.85851e+00 2.67e-02
1.85867e+00 1.89e-02
1.85883e+00 1.42e-02
1.85898e+00 1.14e-02
1.85914e+00 9.57e-03
1.85928e+00 8.31e-03
1.85943e+00 7.41e-03
1.85959e+00 6.73e-03
1.85975e+00 6.20e-03
1.85990e+00 5.77e-03
1.86006e+00 5.42e-03
1.86021e+00 5.12e-03
1.86037e+00 4.86e-03
1.86051e+00 4.63e-03
1.86066e+00 4.43e-03
1.86082e+00 4.25e-03
1.86097e+00 4.09e-03
1.86113e+00 3.94e-03
1.86129e+00 3.81e-03
1.86144e+00 3.68e-03
1.86160e+00 3.57e-03
1.86175e+00 3.46e-03
1.86191e+00 3.36e-03
1.86205e+00 3.26e-03
1.86220e+00 3.17e-03
1.86236e+00 3.08e-03
1.86251e+00 3.00e-03
1.86267e+00 2.93e-03
1.86282e+00 2.85e-03
1.86298e+00 2.78e-03
1.86313e+00 2.72e-03
1.86329e+00 2.65e-03
1.86344e+00 2.59e-03
1.86360e+00 2.53e-03
1.86375e+00 2.48e-03
1.86391e+00 2.42e-03
1.86406e+00 2.37e-03
1.86422e+00 2.32e-03
1.86437e+00 2.27e-03
1.86453e+00 2.23e-03
1.86468e+00 2.18e-03
1.86484e+00 2.14e-03
1.86499e+00 2.10e-03
1.86515e+00 2.06e-03
1.86530e+00 2.02e-03
1.86546e+00 1.98e-03
1.86561e+00 1.94e-03
1.86577e+00 1.91e-03
1.86592e+00 1.87e-03
1.86608e+00 1.84e-03
1.86623e+00 1.81e-03
1.86639e+00 1.78e-03
1.86654e+00 1.75e-03
1.86685e+00 1.69e-03
1.86716e+00 1.63e-03
1.86747e+00 1.58e-03
1.86778e+00 1.53e-03
1.86809e+00 1.48e-03
1.86841e+00 1.44e-03
1.86872e+00 1.39e-03
1.86903e+00 1.35e-03
1.86934e+00 1.32e-03
1.86965e+00 1.28e-03
1.86997e+00 1.24e-03
1.87028e+00 1.21e-03
1.87059e+00 1.18e-03
1.87089e+00 1.14e-03
1.87122e+00 1.12e-03
1.87153e+00 1.09e-03
1.87183e+00 1.06e-03
1.87216e+00 1.03e-03
1.87246e+00 1.01e-03
1.87277e+00 9.83e-04
1.87309e+00 9.60e-04
1.87340e+00 9.37e-04
1.87372e+00 9.15e-04
1.87403e+00 8.95e-04
1.87435e+00 8.74e-04
1.87466e+00 8.55e-04
1.87498e+00 8.37e-04
1.87529e+00 8.19e-04
1.87561e+00 8.01e-04
1.87592e+00 7.84e-04
1.87607e+00 7.76e-04
1.87639e+00 7.61e-04
1.87671e+00 7.45e-04
1.87702e+00 7.30e-04
1.87734e+00 7.16e-04
1.87765e+00 7.02e-04
1.87781e+00 6.95e-04
1.87812e+00 6.83e-04
1.87844e+00 6.70e-04
1.87876e+00 6.58e-04
1.87907e+00 6.46e-04
1.87939e+00 6.35e-04
1.87971e+00 6.24e-04
1.88003e+00 6.13e-04
1.88033e+00 6.03e-04
1.88066e+00 5.94e-04
1.88098e+00 5.85e-04
1.88130e+00 5.76e-04
1.88162e+00 5.67e-04
1.88194e+00 5.59e-04
1.88224e+00 5.50e-04
1.88256e+00 5.43e-04
1.88288e+00 5.35e-04
1.88320e+00 5.28e-04
1.88337e+00 5.25e-04
1.88369e+00 5.19e-04
1.88400e+00 5.13e-04
1.88416e+00 5.09e-04
1.88448e+00 5.01e-04
1.88479e+00 4.93e-04
1.88511e+00 4.85e-04
1.88528e+00 4.81e-04
1.88543e+00 4.78e-04
1.88560e+00 4.75e-04
1.88575e+00 4.75e-04
1.88592e+00 4.77e-04
1.88607e+00 4.89e-04
1.88624e+00 5.41e-04
1.88639e+00 8.56e-04
1.88655e+00 1.48e-03
1.88672e+00 6.23e-04
1.88687e+00 4.95e-04
1.88704e+00 4.65e-04
1.88719e+00 4.53e-04
1.88736e+00 4.46e-04
1.88751e+00 4.42e-04
1.88768e+00 4.39e-04
1.88784e+00 4.37e-04
1.88816e+00 4.34e-04
1.88848e+00 4.31e-04
1.88880e+00 4.28e-04
1.88896e+00 4.26e-04
1.88913e+00 4.24e-04
1.88945e+00 4.19e-04
1.88976e+00 4.14e-04
1.89008e+00 4.10e-04
1.89041e+00 4.06e-04
1.89073e+00 4.03e-04
1.89106e+00 4.00e-04
1.89138e+00 3.97e-04
1.89170e+00 3.95e-04
1.89203e+00 3.92e-04
1.89234e+00 3.90e-04
1.89268e+00 3.88e-04
1.89299e+00 3.86e-04
1.89332e+00 3.84e-04
1.89364e+00 3.82e-04
1.89397e+00 3.80e-04
1.89429e+00 3.77e-04
1.89462e+00 3.74e-04
1.89493e+00 3.70e-04
1.89526e+00 3.66e-04
1.89559e+00 3.62e-04
1.89574e+00 3.59e-04
1.89591e+00 3.58e-04
1.89624e+00 3.53e-04
1.89657e+00 3.47e-04
1.89688e+00 3.42e-04
1.89721e+00 3.36e-04
1.89754e+00 3.30e-04
1.89787e+00 3.25e-04
1.89819e+00 3.19e-04
1.89852e+00 3.14e-04
1.89885e+00 3.09e-04
1.89901e+00 3.06e-04
1.89934e+00 3.02e-04
1.89967e+00 2.98e-04
1.89999e+00 2.93e-04
1.90031e+00 2.89e-04
1.90064e+00 2.85e-04
1.90097e+00 2.81e-04
1.90130e+00 2.77e-04
1.90163e+00 2.74e-04
1.90196e+00 2.70e-04
1.90229e+00 2.67e-04
1.90261e+00 2.64e-04
1.90294e+00 2.61e-04
1.90327e+00 2.58e-04
1.90344e+00 2.57e-04
1.90360e+00 2.55e-04
1.90394e+00 2.53e-04
1.90427e+00 2.50e-04
1.90460e+00 2.47e-04
1.90492e+00 2.45e-04
1.90525e+00 2.42e-04
1.90558e+00 2.40e-04
1.90592e+00 2.38e-04
1.90625e+00 2.36e-04
1.90658e+00 2.33e-04
1.90692e+00 2.31e-04
1.90724e+00 2.29e-04
1.90757e+00 2.27e-04
1.90791e+00 2.25e-04
1.90824e+00 2.23e-04
1.90856e+00 2.21e-04
1.90891e+00 2.19e-04
1.90923e+00 2.18e-04
1.90957e+00 2.16e-04
1.90990e+00 2.14e-04
1.91024e+00 2.13e-04
1.91056e+00 2.11e-04
1.91090e+00 2.09e-04
1.91123e+00 2.08e-04
1.91157e+00 2.06e-04
1.91191e+00 2.05e-04
1.91224e+00 2.03e-04
1.91257e+00 2.02e-04
1.91291e+00 2.00e-04
1.91324e+00 1.99e-04
1.91358e+00 1.98e-04
1.91392e+00 1.96e-04
1.91424e+00 1.95e-04
1.91458e+00 1.94e-04
1.91492e+00 1.93e-04
1.91526e+00 1.91e-04
1.91560e+00 1.90e-04
1.91594e+00 1.89e-04
1.91628e+00 1.88e-04
1.91660e+00 1.87e-04
1.91694e+00 1.86e-04
1.91728e+00 1.85e-04
1.91761e+00 1.83e-04
1.91795e+00 1.82e-04
1.91829e+00 1.81e-04
1.91863e+00 1.80e-04
1.91896e+00 1.79e-04
1.91932e+00 1.79e-04
1.91965e+00 1.78e-04
1.91999e+00 1.77e-04
1.92033e+00 1.76e-04
1.92067e+00 1.75e-04
1.92100e+00 1.74e-04
1.92135e+00 1.73e-04
1.92169e+00 1.72e-04
1.92203e+00 1.72e-04
1.92236e+00 1.71e-04
1.92271e+00 1.70e-04
1.92305e+00 1.69e-04
1.92339e+00 1.69e-04
1.92374e+00 1.68e-04
1.92407e+00 1.67e-04
1.92442e+00 1.67e-04
1.92476e+00 1.66e-04
1.92510e+00 1.65e-04
1.92545e+00 1.65e-04
1.92578e+00 1.64e-04
1.92613e+00 1.63e-04
1.92648e+00 1.63e-04
1.92681e+00 1.62e-04
1.92716e+00 1.62e-04
1.92750e+00 1.61e-04
1.92785e+00 1.61e-04
1.92820e+00 1.60e-04
1.92855e+00 1.60e-04
1.92888e+00 1.59e-04
1.92923e+00 1.59e-04
1.92958e+00 1.58e-04
1.92993e+00 1.58e-04
1.93026e+00 1.57e-04
1.93061e+00 1.57e-04
1.93096e+00 1.56e-04
1.93130e+00 1.56e-04
1.93165e+00 1.56e-04
1.93200e+00 1.55e-04
1.93235e+00 1.55e-04
1.93269e+00 1.55e-04
1.93304e+00 1.54e-04
1.93339e+00 1.54e-04
1.93374e+00 1.54e-04
1.93408e+00 1.53e-04
1.93443e+00 1.53e-04
1.93478e+00 1.53e-04
1.93514e+00 1.53e-04
1.93548e+00 1.53e-04
1.93583e+00 1.52e-04
1.93811e+00 1.51e-04
1.94005e+00 1.51e-04
1.94163e+00 1.51e-04
1.94305e+00 1.52e-04
1.94341e+00 1.52e-04
1.94376e+00 1.52e-04
1.94411e+00 1.52e-04
1.94447e+00 1.52e-04
1.94482e+00 1.52e-04
1.94518e+00 1.53e-04
1.94554e+00 1.53e-04
1.94590e+00 1.53e-04
1.94625e+00 1.54e-04
1.94661e+00 1.54e-04
1.94697e+00 1.54e-04
1.94732e+00 1.55e-04
1.94768e+00 1.55e-04
1.94804e+00 1.56e-04
1.94839e+00 1.56e-04
1.94876e+00 1.57e-04
1.94912e+00 1.57e-04
1.94948e+00 1.58e-04
1.94983e+00 1.58e-04
1.95020e+00 1.59e-04
1.95056e+00 1.60e-04
1.95091e+00 1.60e-04
1.95128e+00 1.61e-04
1.95164e+00 1.62e-04
1.95199e+00 1.63e-04
1.95236e+00 1.63e-04
1.95272e+00 1.64e-04
1.95308e+00 1.65e-04
1.95344e+00 1.66e-04
1.95381e+00 1.67e-04
1.95418e+00 1.68e-04
1.95453e+00 1.69e-04
1.95490e+00 1.71e-04
1.95527e+00 1.72e-04
1.95562e+00 1.73e-04
1.95599e+00 1.74e-04
1.95636e+00 1.76e-04
1.95672e+00 1.77e-04
1.95708e+00 1.78e-04
1.95744e+00 1.80e-04
1.95781e+00 1.82e-04
1.95818e+00 1.83e-04
1.95854e+00 1.85e-04
1.95891e+00 1.87e-04
1.95928e+00 1.89e-04
1.95964e+00 1.91e-04
1.96001e+00 1.93e-04
1.96038e+00 1.95e-04
1.96074e+00 1.98e-04
1.96111e+00 2.00e-04
1.96149e+00 2.03e-04
1.96185e+00 2.05e-04
1.96222e+00 2.08e-04
1.96258e+00 2.11e-04
1.96296e+00 2.14e-04
1.96333e+00 2.17e-04
1.96369e+00 2.21e-04
1.96407e+00 2.24e-04
1.96444e+00 2.28e-04
1.96482e+00 2.32e-04
1.96518e+00 2.36e-04
1.96556e+00 2.39e-04
1.96592e+00 2.44e-04
1.96630e+00 2.48e-04
1.96666e+00 2.52e-04
1.96704e+00 2.56e-04
1.96742e+00 2.61e-04
1.96778e+00 2.65e-04
1.96816e+00 2.70e-04
1.96854e+00 2.74e-04
1.96891e+00 2.79e-04
1.96928e+00 2.84e-04
1.96965e+00 2.89e-04
1.97003e+00 2.94e-04
1.97041e+00 3.00e-04
1.97078e+00 3.06e-04
1.97098e+00 3.09e-04
1.97136e+00 3.15e-04
1.97173e+00 3.22e-04
1.97211e+00 3.29e-04
1.97248e+00 3.36e-04
1.97286e+00 3.44e-04
1.97323e+00 3.53e-04
1.97361e+00 3.62e-04
1.97400e+00 3.72e-04
1.97437e+00 3.82e-04
1.97475e+00 3.93e-04
1.97514e+00 4.04e-04
1.97551e+00 4.15e-04
1.97588e+00 4.27e-04
1.97627e+00 4.40e-04
1.97665e+00 4.52e-04
1.97703e+00 4.65e-04
1.97741e+00 4.78e-04
1.97780e+00 4.90e-04
1.97817e+00 5.02e-04
1.97856e+00 5.14e-04
1.97894e+00 5.26e-04
1.97932e+00 5.37e-04
1.97970e+00 5.47e-04
1.98009e+00 5.57e-04
1.98048e+00 5.67e-04
1.98086e+00 5.75e-04
1.98125e+00 5.84e-04
1.98162e+00 5.92e-04
1.98201e+00 6.00e-04
1.98239e+00 6.07e-04
1.98278e+00 6.15e-04
1.98318e+00 6.23e-04
1.98356e+00 6.32e-04
1.98395e+00 6.42e-04
1.98433e+00 6.53e-04
1.98472e+00 6.65e-04
1.98510e+00 6.78e-04
1.98550e+00 6.92e-04
1.98589e+00 7.08e-04
1.98627e+00 7.25e-04
1.98667e+00 7.44e-04
1.98705e+00 7.63e-04
1.98745e+00 7.84e-04
1.98783e+00 8.05e-04
1.98823e+00 8.26e-04
1.98861e+00 8.47e-04
1.98901e+00 8.68e-04
1.98939e+00 8.88e-04
1.98979e+00 9.07e-04
1.99019e+00 9.25e-04
1.99058e+00 9.42e-04
1.99097e+00 9.57e-04
1.99136e+00 9.70e-04
1.99176e+00 9.82e-04
1.99215e+00 9.92e-04
1.99255e+00 1.00e-03
1.99294e+00 1.01e-03
1.99334e+00 1.01e-03
1.99373e+00 1.02e-03
1.99413e+00 1.02e-03
1.99433e+00 1.02e-03
1.99473e+00 1.02e-03
1.99512e+00 1.02e-03
1.99552e+00 1.01e-03
1.99592e+00 1.01e-03
1.99632e+00 1.00e-03
1.99671e+00 9.99e-04
1.99712e+00 9.96e-04
1.99751e+00 9.95e-04
1.99772e+00 9.94e-04
1.99792e+00 9.95e-04
1.99811e+00 9.96e-04
1.99831e+00 9.97e-04
1.99852e+00 9.99e-04
1.99872e+00 1.00e-03
1.99891e+00 1.01e-03
1.99911e+00 1.01e-03
1.99932e+00 1.02e-03
1.99952e+00 1.02e-03
1.99972e+00 1.03e-03
1.99992e+00 1.04e-03
2.00011e+00 1.05e-03
2.00032e+00 1.06e-03
2.00052e+00 1.07e-03
2.00072e+00 1.08e-03
2.00093e+00 1.10e-03
2.00113e+00 1.12e-03
2.00133e+00 1.13e-03
2.00153e+00 1.15e-03
2.00174e+00 1.18e-03
2.00194e+00 1.20e-03
2.00214e+00 1.22e-03
2.00234e+00 1.25e-03
2.00253e+00 1.28e-03
2.00274e+00 1.30e-03
2.00314e+00 1.36e-03
2.00356e+00 1.42e-03
2.00376e+00 1.45e-03
2.00396e+00 1.48e-03
2.00417e+00 1.50e-03
2.00437e+00 1.52e-03
2.00457e+00 1.55e-03
2.00477e+00 1.57e-03
2.00497e+00 1.58e-03
2.00518e+00 1.60e-03
2.00538e+00 1.61e-03
2.00558e+00 1.61e-03
2.00580e+00 1.62e-03
2.00600e+00 1.62e-03
2.00620e+00 1.62e-03
2.00640e+00 1.62e-03
2.00660e+00 1.61e-03
2.00680e+00 1.60e-03
2.00702e+00 1.59e-03
2.00722e+00 1.58e-03
2.00742e+00 1.57e-03
2.00762e+00 1.55e-03
2.00804e+00 1.52e-03
2.00844e+00 1.48e-03
2.00866e+00 1.47e-03
2.00886e+00 1.45e-03
2.00906e+00 1.44e-03
2.00927e+00 1.42e-03
2.00947e+00 1.41e-03
2.00968e+00 1.40e-03
2.00989e+00 1.39e-03
2.01009e+00 1.39e-03
2.01029e+00 1.38e-03
2.01051e+00 1.38e-03
2.01071e+00 1.38e-03
2.01092e+00 1.38e-03
2.01112e+00 1.39e-03
2.01134e+00 1.39e-03
2.01154e+00 1.40e-03
2.01174e+00 1.41e-03
2.01195e+00 1.42e-03
2.01215e+00 1.43e-03
2.01237e+00 1.45e-03
2.01257e+00 1.46e-03
2.01298e+00 1.49e-03
2.01341e+00 1.53e-03
2.01361e+00 1.54e-03
2.01382e+00 1.55e-03
2.01402e+00 1.57e-03
2.01424e+00 1.58e-03
2.01444e+00 1.58e-03
2.01465e+00 1.59e-03
2.01486e+00 1.59e-03
2.01506e+00 1.58e-03
2.01528e+00 1.58e-03
2.01549e+00 1.57e-03
2.01569e+00 1.56e-03
2.01590e+00 1.54e-03
2.01612e+00 1.53e-03
2.01632e+00 1.51e-03
2.01674e+00 1.47e-03
2.01715e+00 1.43e-03
2.01737e+00 1.42e-03
2.01758e+00 1.40e-03
2.01779e+00 1.38e-03
2.01800e+00 1.37e-03
2.01820e+00 1.36e-03
2.01842e+00 1.35e-03
2.01863e+00 1.34e-03
2.01884e+00 1.34e-03
2.01905e+00 1.34e-03
2.01927e+00 1.35e-03
2.01947e+00 1.35e-03
2.01968e+00 1.37e-03
2.01989e+00 1.39e-03
2.02010e+00 1.41e-03
2.02032e+00 1.44e-03
2.02053e+00 1.48e-03
2.02074e+00 1.52e-03
2.02095e+00 1.57e-03
2.02116e+00 1.62e-03
2.02138e+00 1.68e-03
2.02180e+00 1.80e-03
2.02201e+00 1.86e-03
2.02222e+00 1.91e-03
2.02243e+00 1.94e-03
2.02265e+00 1.95e-03
2.02286e+00 1.94e-03
2.02307e+00 1.91e-03
2.02328e+00 1.86e-03
2.02351e+00 1.80e-03
2.02372e+00 1.73e-03
2.02393e+00 1.65e-03
2.02414e+00 1.57e-03
2.02435e+00 1.49e-03
2.02456e+00 1.41e-03
2.02479e+00 1.34e-03
2.02500e+00 1.27e-03
2.02521e+00 1.21e-03
2.02542e+00 1.16e-03
2.02563e+00 1.11e-03
2.02586e+00 1.07e-03
2.02607e+00 1.03e-03
2.02628e+00 9.91e-04
2.02650e+00 9.60e-04
2.02671e+00 9.31e-04
2.02692e+00 9.06e-04
2.02713e+00 8.83e-04
2.02736e+00 8.62e-04
2.02757e+00 8.43e-04
2.02779e+00 8.26e-04
2.02800e+00 8.11e-04
2.02821e+00 7.97e-04
2.02844e+00 7.84e-04
2.02865e+00 7.73e-04
2.02887e+00 7.62e-04
2.02908e+00 7.53e-04
2.02929e+00 7.44e-04
2.02952e+00 7.36e-04
2.02973e+00 7.29e-04
2.02995e+00 7.22e-04
2.03016e+00 7.16e-04
2.03038e+00 7.11e-04
2.03059e+00 7.06e-04
2.03082e+00 7.01e-04
2.03104e+00 6.97e-04
2.03125e+00 6.93e-04
2.03168e+00 6.87e-04
2.03213e+00 6.82e-04
2.03256e+00 6.78e-04
2.03299e+00 6.74e-04
2.03344e+00 6.72e-04
2.03387e+00 6.70e-04
2.03431e+00 6.70e-04
2.03452e+00 6.69e-04
2.03541e+00 6.70e-04
2.03584e+00 6.71e-04
2.03629e+00 6.72e-04
2.03673e+00 6.73e-04
2.03717e+00 6.75e-04
2.03762e+00 6.78e-04
2.03806e+00 6.80e-04
2.03850e+00 6.83e-04
2.03895e+00 6.87e-04
2.03939e+00 6.90e-04
2.03983e+00 6.94e-04
2.04027e+00 6.98e-04
2.04071e+00 7.02e-04
2.04117e+00 7.07e-04
2.04161e+00 7.12e-04
2.04206e+00 7.17e-04
2.04251e+00 7.22e-04
2.04296e+00 7.28e-04
2.04340e+00 7.33e-04
2.04385e+00 7.39e-04
2.04431e+00 7.45e-04
2.04476e+00 7.51e-04
2.04521e+00 7.57e-04
2.04566e+00 7.64e-04
2.04612e+00 7.70e-04
2.04657e+00 7.77e-04
2.04702e+00 7.83e-04
2.04747e+00 7.90e-04
2.04793e+00 7.97e-04
2.04838e+00 8.04e-04
2.04884e+00 8.11e-04
2.04929e+00 8.18e-04
2.04976e+00 8.25e-04
2.05021e+00 8.32e-04
2.05067e+00 8.39e-04
2.05113e+00 8.46e-04
2.05158e+00 8.52e-04
2.05204e+00 8.59e-04
2.05251e+00 8.65e-04
2.05297e+00 8.70e-04
2.05343e+00 8.75e-04
2.05389e+00 8.79e-04
2.05435e+00 8.83e-04
2.05482e+00 8.87e-04
2.05505e+00 8.89e-04
2.05551e+00 8.93e-04
2.05598e+00 8.98e-04
2.05644e+00 9.03e-04
2.05691e+00 9.09e-04
2.05737e+00 9.14e-04
2.05785e+00 9.20e-04
2.05831e+00 9.27e-04
2.05878e+00 9.33e-04
2.05925e+00 9.39e-04
2.05972e+00 9.46e-04
2.06020e+00 9.51e-04
2.06067e+00 9.57e-04
2.06114e+00 9.62e-04
2.06161e+00 9.67e-04
2.06208e+00 9.72e-04
2.06255e+00 9.77e-04
2.06303e+00 9.82e-04
2.06350e+00 9.87e-04
2.06399e+00 9.91e-04
2.06445e+00 9.95e-04
2.06494e+00 9.99e-04
2.06541e+00 1.00e-03
2.06589e+00 1.01e-03
2.06637e+00 1.01e-03
2.06685e+00 1.01e-03
2.06733e+00 1.02e-03
2.06781e+00 1.02e-03
2.06829e+00 1.02e-03
2.06877e+00 1.02e-03
2.06925e+00 1.02e-03
2.06974e+00 1.03e-03
2.07022e+00 1.03e-03
2.07070e+00 1.03e-03
2.07120e+00 1.03e-03
2.07169e+00 1.04e-03
2.07242e+00 1.04e-03
2.07315e+00 1.04e-03
2.07413e+00 1.04e-03
2.07462e+00 1.04e-03
2.07511e+00 1.03e-03
2.07560e+00 1.03e-03
2.07609e+00 1.03e-03
2.07659e+00 1.03e-03
2.07708e+00 1.02e-03
2.07758e+00 1.02e-03
2.07807e+00 1.02e-03
2.07857e+00 1.02e-03
2.07882e+00 1.02e-03
2.07907e+00 1.02e-03
2.07957e+00 1.01e-03
2.07982e+00 1.01e-03
2.08032e+00 1.01e-03
2.08082e+00 1.01e-03
2.08131e+00 1.00e-03
2.08156e+00 1.00e-03
2.08181e+00 1.00e-03
2.08231e+00 9.99e-04
2.08282e+00 9.96e-04
2.08332e+00 9.94e-04
2.08383e+00 9.92e-04
2.08433e+00 9.89e-04
2.08484e+00 9.87e-04
2.08535e+00 9.85e-04
2.08586e+00 9.83e-04
2.08636e+00 9.81e-04
2.08686e+00 9.79e-04
2.08738e+00 9.77e-04
2.08789e+00 9.75e-04
2.08840e+00 9.73e-04
2.08891e+00 9.71e-04
2.08943e+00 9.70e-04
2.08994e+00 9.68e-04
2.09046e+00 9.67e-04
2.09097e+00 9.65e-04
2.09149e+00 9.63e-04
2.09201e+00 9.61e-04
2.09253e+00 9.59e-04
2.09305e+00 9.57e-04
2.09357e+00 9.56e-04
2.09408e+00 9.55e-04
2.09460e+00 9.53e-04
2.09513e+00 9.51e-04
2.09565e+00 9.49e-04
2.09618e+00 9.47e-04
2.09670e+00 9.45e-04
2.09723e+00 9.43e-04
2.09775e+00 9.41e-04
2.09828e+00 9.39e-04
2.09882e+00 9.38e-04
2.09934e+00 9.36e-04
2.09987e+00 9.34e-04
2.10040e+00 9.32e-04
2.10093e+00 9.30e-04
2.10146e+00 9.28e-04
2.10200e+00 9.26e-04
2.10254e+00 9.24e-04
2.10307e+00 9.23e-04
2.10361e+00 9.21e-04
2.10415e+00 9.19e-04
2.10468e+00 9.17e-04
2.10522e+00 9.15e-04
2.10577e+00 9.14e-04
2.10630e+00 9.12e-04
2.10685e+00 9.10e-04
2.10738e+00 9.08e-04
2.10793e+00 9.06e-04
2.10848e+00 9.05e-04
2.10902e+00 9.03e-04
2.10957e+00 9.01e-04
2.11012e+00 8.99e-04
2.11066e+00 8.98e-04
2.11122e+00 8.96e-04
2.11176e+00 8.94e-04
2.11232e+00 8.93e-04
2.11288e+00 8.91e-04
2.11343e+00 8.89e-04
2.11399e+00 8.87e-04
2.11454e+00 8.86e-04
2.11510e+00 8.84e-04
2.11565e+00 8.82e-04
2.11621e+00 8.81e-04
2.11677e+00 8.79e-04
2.11734e+00 8.77e-04
2.11789e+00 8.75e-04
2.11846e+00 8.74e-04
2.11902e+00 8.72e-04
2.11959e+00 8.71e-04
2.12015e+00 8.69e-04
2.12073e+00 8.67e-04
2.12129e+00 8.66e-04
2.12187e+00 8.64e-04
2.12243e+00 8.63e-04
2.12300e+00 8.61e-04
2.12358e+00 8.60e-04
2.12415e+00 8.58e-04
2.12473e+00 8.57e-04
2.12530e+00 8.55e-04
2.12588e+00 8.53e-04
2.12646e+00 8.52e-04
2.12704e+00 8.50e-04
2.12761e+00 8.49e-04
2.12820e+00 8.47e-04
2.12878e+00 8.46e-04
2.12936e+00 8.44e-04
2.12996e+00 8.43e-04
2.13054e+00 8.41e-04
2.13113e+00 8.40e-04
2.13171e+00 8.38e-04
2.13231e+00 8.37e-04
2.13290e+00 8.35e-04
2.13349e+00 8.34e-04
2.13408e+00 8.32e-04
2.13468e+00 8.31e-04
2.13528e+00 8.29e-04
2.13587e+00 8.28e-04
2.13647e+00 8.26e-04
2.13707e+00 8.25e-04
2.13768e+00 8.23e-04
2.13828e+00 8.22e-04
2.13888e+00 8.21e-04
2.13948e+00 8.19e-04
2.14009e+00 8.18e-04
2.14070e+00 8.16e-04
2.14130e+00 8.15e-04
2.14191e+00 8.13e-04
2.14253e+00 8.12e-04
2.14314e+00 8.10e-04
2.14375e+00 8.09e-04
2.14437e+00 8.07e-04
2.14498e+00 8.06e-04
2.14560e+00 8.04e-04
2.14622e+00 8.03e-04
2.14684e+00 8.01e-04
2.14747e+00 8.00e-04
2.14809e+00 7.98e-04
2.14872e+00 7.97e-04
2.14934e+00 7.95e-04
2.14997e+00 7.94e-04
2.15060e+00 7.92e-04
2.15123e+00 7.91e-04
2.15187e+00 7.89e-04
2.15249e+00 7.88e-04
2.15313e+00 7.86e-04
2.15377e+00 7.85e-04
2.15441e+00 7.83e-04
2.15505e+00 7.82e-04
2.15568e+00 7.80e-04
2.15633e+00 7.79e-04
2.15697e+00 7.78e-04
2.15762e+00 7.76e-04
2.15826e+00 7.75e-04
2.15891e+00 7.73e-04
2.15957e+00 7.72e-04
2.16021e+00 7.70e-04
2.16087e+00 7.69e-04
2.16153e+00 7.67e-04
2.16218e+00 7.66e-04
2.16284e+00 7.64e-04
2.16350e+00 7.63e-04
2.16416e+00 7.62e-04
2.16483e+00 7.60e-04
2.16548e+00 7.59e-04
2.16616e+00 7.57e-04
2.16682e+00 7.56e-04
2.16749e+00 7.54e-04
2.16816e+00 7.53e-04
2.16884e+00 7.51e-04
2.16951e+00 7.50e-04
2.17018e+00 7.49e-04
2.17086e+00 7.47e-04
2.17154e+00 7.45e-04
2.17223e+00 7.44e-04
2.17291e+00 7.42e-04
2.17359e+00 7.41e-04
2.17427e+00 7.40e-04
2.17497e+00 7.38e-04
2.17566e+00 7.37e-04
2.17635e+00 7.35e-04
2.17704e+00 7.34e-04
2.17774e+00 7.32e-04
2.17844e+00 7.31e-04
2.17914e+00 7.29e-04
2.17984e+00 7.28e-04
2.18054e+00 7.27e-04
2.18125e+00 7.25e-04
2.18195e+00 7.24e-04
2.18266e+00 7.22e-04
2.18337e+00 7.21e-04
2.18408e+00 7.19e-04
2.18480e+00 7.18e-04
2.18552e+00 7.16e-04
2.18624e+00 7.15e-04
2.18696e+00 7.13e-04
2.18768e+00 7.12e-04
2.18841e+00 7.10e-04
2.18914e+00 7.09e-04
2.18986e+00 7.07e-04
2.19060e+00 7.06e-04
2.19133e+00 7.04e-04
2.19207e+00 7.03e-04
2.19280e+00 7.02e-04
2.19354e+00 7.00e-04
2.19429e+00 6.99e-04
2.19503e+00 6.97e-04
2.19578e+00 6.96e-04
2.19652e+00 6.94e-04
2.19728e+00 6.93e-04
2.19804e+00 6.91e-04
2.19879e+00 6.90e-04
2.19954e+00 6.88e-04
2.20031e+00 6.87e-04
2.20107e+00 6.85e-04
2.20184e+00 6.84e-04
2.20260e+00 6.82e-04
2.20337e+00 6.81e-04
2.20415e+00 6.79e-04
2.20492e+00 6.78e-04
2.20569e+00 6.76e-04
2.20647e+00 6.75e-04
2.20725e+00 6.73e-04
2.20804e+00 6.72e-04
2.20882e+00 6.70e-04
2.20961e+00 6.69e-04
2.21040e+00 6.67e-04
2.21120e+00 6.66e-04
2.21200e+00 6.64e-04
2.21280e+00 6.63e-04
2.21360e+00 6.61e-04
2.21441e+00 6.60e-04
2.21522e+00 6.58e-04
2.21602e+00 6.57e-04
2.21684e+00 6.55e-04
2.21766e+00 6.54e-04
2.21847e+00 6.52e-04
2.21930e+00 6.51e-04
2.22013e+00 6.49e-04
2.22095e+00 6.48e-04
2.22178e+00 6.46e-04
2.22261e+00 6.45e-04
2.22346e+00 6.44e-04
2.22429e+00 6.42e-04
2.22513e+00 6.41e-04
2.22597e+00 6.39e-04
2.22683e+00 6.38e-04
2.22768e+00 6.36e-04
2.22853e+00 6.35e-04
2.22939e+00 6.33e-04
2.23025e+00 6.32e-04
2.23111e+00 6.30e-04
2.23198e+00 6.29e-04
2.23285e+00 6.27e-04
2.23373e+00 6.26e-04
2.23461e+00 6.24e-04
2.23548e+00 6.23e-04
2.23637e+00 6.21e-04
2.23726e+00 6.20e-04
2.23815e+00 6.18e-04
2.23904e+00 6.17e-04
2.23994e+00 6.15e-04
2.24084e+00 6.14e-04
2.24175e+00 6.12e-04
2.24265e+00 6.10e-04
2.24357e+00 6.09e-04
2.24449e+00 6.07e-04
2.24540e+00 6.06e-04
2.24633e+00 6.04e-04
2.24725e+00 6.03e-04
2.24818e+00 6.01e-04
2.24912e+00 6.00e-04
2.25006e+00 5.98e-04
2.25101e+00 5.97e-04
2.25195e+00 5.95e-04
2.25290e+00 5.94e-04
2.25386e+00 5.92e-04
2.25482e+00 5.90e-04
2.25578e+00 5.89e-04
2.25675e+00 5.87e-04
2.25772e+00 5.86e-04
2.25870e+00 5.84e-04
2.25968e+00 5.83e-04
2.26067e+00 5.81e-04
2.26166e+00 5.79e-04
2.26265e+00 5.78e-04
2.26365e+00 5.76e-04
2.26465e+00 5.75e-04
2.26566e+00 5.73e-04
2.26667e+00 5.72e-04
2.26769e+00 5.70e-04
2.26871e+00 5.68e-04
2.26974e+00 5.67e-04
2.27077e+00 5.65e-04
2.27181e+00 5.64e-04
2.27285e+00 5.62e-04
2.27390e+00 5.60e-04
2.27496e+00 5.59e-04
2.27602e+00 5.57e-04
2.27707e+00 5.55e-04
2.27814e+00 5.54e-04
2.27921e+00 5.52e-04
2.28030e+00 5.50e-04
2.28138e+00 5.49e-04
2.28247e+00 5.47e-04
2.28358e+00 5.46e-04
2.28468e+00 5.44e-04
2.28578e+00 5.42e-04
2.28690e+00 5.41e-04
2.28802e+00 5.39e-04
2.28915e+00 5.37e-04
2.29028e+00 5.36e-04
2.29141e+00 5.34e-04
2.29257e+00 5.32e-04
2.29372e+00 5.30e-04
2.29488e+00 5.29e-04
2.29604e+00 5.27e-04
2.29721e+00 5.25e-04
2.29839e+00 5.24e-04
2.29958e+00 5.22e-04
2.30077e+00 5.20e-04
2.30197e+00 5.18e-04
2.30318e+00 5.17e-04
2.30438e+00 5.15e-04
2.30558e+00 5.13e-04
2.30688e+00 5.12e-04
2.30807e+00 5.10e-04
2.30936e+00 5.08e-04
2.31055e+00 5.06e-04
2.31184e+00 5.04e-04
2.31313e+00 5.03e-04
2.31441e+00 5.01e-04
2.31570e+00 4.99e-04
2.31698e+00 4.97e-04
2.31826e+00 4.96e-04
2.31954e+00 4.94e-04
2.32092e+00 4.92e-04
2.32219e+00 4.90e-04
2.32356e+00 4.88e-04
2.32493e+00 4.87e-04
2.32630e+00 4.85e-04
2.32767e+00 4.83e-04
2.32903e+00 4.81e-04
2.33039e+00 4.79e-04
2.33185e+00 4.78e-04
2.33321e+00 4.76e-04
2.33466e+00 4.74e-04
2.33612e+00 4.72e-04
2.33747e+00 4.70e-04
2.33901e+00 4.68e-04
2.34046e+00 4.67e-04
2.34190e+00 4.65e-04
2.34344e+00 4.63e-04
2.34488e+00 4.61e-04
2.34641e+00 4.59e-04
2.34794e+00 4.57e-04
2.34947e+00 4.55e-04
2.35099e+00 4.53e-04
2.35261e+00 4.51e-04
2.35413e+00 4.49e-04
2.35575e+00 4.47e-04
2.35736e+00 4.45e-04
2.35897e+00 4.44e-04
2.36057e+00 4.42e-04
2.36227e+00 4.40e-04
2.36396e+00 4.38e-04
2.36556e+00 4.35e-04
2.36734e+00 4.33e-04
2.36903e+00 4.31e-04
2.37071e+00 4.29e-04
2.37248e+00 4.27e-04
2.37425e+00 4.25e-04
2.37602e+00 4.23e-04
2.37788e+00 4.21e-04
2.37964e+00 4.19e-04
2.38149e+00 4.17e-04
2.38334e+00 4.14e-04
2.38527e+00 4.12e-04
2.38711e+00 4.10e-04
2.38904e+00 4.08e-04
2.39096e+00 4.06e-04
2.39297e+00 4.04e-04
2.39498e+00 4.01e-04
2.39699e+00 3.99e-04
2.39899e+00 3.97e-04
2.40107e+00 3.95e-04
2.40315e+00 3.93e-04
2.40532e+00 3.90e-04
2.40740e+00 3.88e-04
2.40964e+00 3.86e-04
2.41180e+00 3.84e-04
2.41404e+00 3.81e-04
2.41627e+00 3.79e-04
2.41859e+00 3.77e-04
2.42090e+00 3.74e-04
2.42330e+00 3.72e-04
2.42569e+00 3.69e-04
2.42816e+00 3.67e-04
2.43063e+00 3.64e-04
2.43317e+00 3.62e-04
2.43572e+00 3.59e-04
2.43825e+00 3.57e-04
2.44095e+00 3.54e-04
2.44365e+00 3.52e-04
2.44634e+00 3.49e-04
2.44911e+00 3.46e-04
2.45195e+00 3.44e-04
2.45488e+00 3.41e-04
2.45779e+00 3.38e-04
2.46087e+00 3.35e-04
2.46394e+00 3.33e-04
2.46708e+00 3.30e-04
2.47022e+00 3.27e-04
2.47351e+00 3.24e-04
2.47687e+00 3.21e-04
2.48031e+00 3.18e-04
2.48382e+00 3.15e-04
2.48740e+00 3.12e-04
2.49114e+00 3.08e-04
2.49304e+00 3.07e-04
2.49684e+00 3.03e-04
2.50078e+00 3.00e-04
2.50487e+00 2.97e-04
2.50911e+00 2.94e-04
2.51341e+00 2.90e-04
2.51786e+00 2.87e-04
2.52252e+00 2.83e-04
2.52733e+00 2.79e-04
2.53227e+00 2.76e-04
2.53742e+00 2.72e-04
2.54286e+00 2.68e-04
2.54843e+00 2.64e-04
2.55428e+00 2.60e-04
2.55730e+00 2.57e-04
2.56048e+00 2.55e-04
2.56695e+00 2.50e-04
2.57376e+00 2.46e-04
2.58097e+00 2.41e-04
2.58867e+00 2.36e-04
2.59682e+00 2.31e-04
2.60565e+00 2.25e-04
2.61513e+00 2.19e-04
2.62554e+00 2.13e-04
2.63110e+00 2.10e-04
2.63698e+00 2.07e-04
2.64319e+00 2.03e-04
2.64971e+00 1.99e-04
2.65669e+00 1.96e-04
2.66410e+00 1.92e-04
2.68082e+00 1.84e-04
2.69029e+00 1.79e-04
2.70069e+00 1.74e-04
2.71231e+00 1.68e-04
2.72543e+00 1.62e-04
2.74065e+00 1.55e-04
2.75874e+00 1.48e-04
2.78130e+00 1.39e-04
2.81151e+00 1.28e-04
2.85859e+00 1.13e-04
2.99573e+00 7.75e-05
