# OPACITY Project tables
-2.61515e+00 1.52e+01
-2.27341e+00 5.28e+00
-2.07433e+00 2.84e+00
-1.93351e+00 1.83e+00
-1.82455e+00 1.31e+00
-1.73574e+00 9.95e-01
-1.66078e+00 7.90e-01
-1.59603e+00 6.47e-01
-1.53898e+00 5.43e-01
-1.48802e+00 4.63e-01
-1.44198e+00 4.02e-01
-1.40003e+00 3.56e-01
-1.36148e+00 3.22e-01
-1.32584e+00 2.86e-01
-1.29269e+00 2.61e-01
-1.26174e+00 2.52e-01
-1.23268e+00 2.83e-01
-1.20531e+00 2.37e-01
-1.17944e+00 1.96e-01
-1.15493e+00 1.74e-01
-1.13165e+00 1.60e-01
-1.10945e+00 1.49e-01
-1.08827e+00 1.40e-01
-1.06799e+00 1.32e-01
-1.04857e+00 1.25e-01
-1.02994e+00 1.19e-01
-1.01200e+00 1.15e-01
-9.94739e-01 1.12e-01
-9.78086e-01 1.09e-01
-9.62021e-01 1.09e-01
-9.46492e-01 1.08e-01
-9.31455e-01 1.05e-01
-9.16916e-01 9.51e-02
-9.02807e-01 8.93e-02
-8.89113e-01 8.49e-02
-8.75797e-01 8.02e-02
-8.62868e-01 7.80e-02
-8.50292e-01 7.44e-02
-8.38057e-01 7.25e-02
-8.26130e-01 6.95e-02
-8.14502e-01 6.76e-02
-8.03185e-01 6.48e-02
-7.92106e-01 6.30e-02
-7.81301e-01 6.09e-02
-7.70741e-01 5.94e-02
-7.60420e-01 5.75e-02
-7.40469e-01 5.44e-02
-7.30787e-01 5.27e-02
-7.21320e-01 5.25e-02
-7.12045e-01 5.04e-02
-7.02955e-01 4.85e-02
-6.94048e-01 4.69e-02
-6.85298e-01 4.57e-02
-6.76723e-01 4.51e-02
-6.68298e-01 4.34e-02
-6.60041e-01 4.24e-02
-6.43938e-01 4.04e-02
-6.36087e-01 3.96e-02
-6.28390e-01 3.88e-02
-6.20808e-01 3.80e-02
-6.06016e-01 3.65e-02
-5.91692e-01 3.52e-02
-5.84687e-01 3.46e-02
-5.77803e-01 3.40e-02
-5.64314e-01 3.29e-02
-5.51231e-01 3.19e-02
-5.44831e-01 3.14e-02
-5.32288e-01 3.05e-02
-5.26142e-01 3.00e-02
-5.20085e-01 2.95e-02
-5.14098e-01 2.90e-02
-5.08196e-01 2.85e-02
-5.02362e-01 2.80e-02
-4.96610e-01 2.75e-02
-4.90925e-01 2.71e-02
-4.85320e-01 2.67e-02
-4.74301e-01 2.57e-02
-4.68884e-01 2.53e-02
-4.63545e-01 2.49e-02
-4.58265e-01 2.45e-02
-4.53044e-01 2.41e-02
-4.42778e-01 2.35e-02
-4.37730e-01 2.38e-02
-4.32739e-01 2.28e-02
-4.27803e-01 2.26e-02
-4.18095e-01 2.21e-02
-4.08585e-01 2.16e-02
-4.03901e-01 2.14e-02
-3.99284e-01 2.13e-02
-3.90158e-01 2.09e-02
-3.81216e-01 2.05e-02
-3.76819e-01 2.03e-02
-3.68126e-01 1.98e-02
-3.63858e-01 1.95e-02
-3.59622e-01 1.93e-02
-3.55419e-01 1.90e-02
-3.51261e-01 1.88e-02
-3.43054e-01 1.83e-02
-3.39003e-01 1.80e-02
-3.34997e-01 1.78e-02
-3.31021e-01 1.76e-02
-3.27088e-01 1.74e-02
-3.23185e-01 1.73e-02
-3.19310e-01 1.72e-02
-3.15464e-01 1.71e-02
-3.11661e-01 1.70e-02
-3.07885e-01 1.69e-02
-3.04150e-01 1.69e-02
-3.00430e-01 1.68e-02
-2.96750e-01 1.68e-02
-2.93097e-01 1.67e-02
-2.89484e-01 1.65e-02
-2.82323e-01 1.62e-02
-2.78788e-01 1.60e-02
-2.75279e-01 1.58e-02
-2.71796e-01 1.56e-02
-2.68350e-01 1.55e-02
-2.64917e-01 1.54e-02
-2.61521e-01 1.53e-02
-2.58149e-01 1.52e-02
-2.54802e-01 1.51e-02
-2.51466e-01 1.51e-02
-2.48167e-01 1.51e-02
-2.44891e-01 1.50e-02
-2.41639e-01 1.49e-02
-2.38409e-01 1.47e-02
-2.35203e-01 1.45e-02
-2.32020e-01 1.43e-02
-2.28860e-01 1.41e-02
-2.25722e-01 1.39e-02
-2.22606e-01 1.38e-02
-2.19513e-01 1.38e-02
-2.16441e-01 1.38e-02
-2.13391e-01 1.39e-02
-2.10363e-01 1.61e-02
-2.07344e-01 1.59e-02
-2.04359e-01 1.57e-02
-2.01382e-01 1.55e-02
-1.98439e-01 1.53e-02
-1.95504e-01 1.52e-02
-1.92590e-01 1.52e-02
-1.89697e-01 1.52e-02
-1.86824e-01 1.51e-02
-1.83971e-01 1.67e-02
-1.81126e-01 1.63e-02
-1.78314e-01 1.60e-02
-1.75509e-01 1.57e-02
-1.72724e-01 1.54e-02
-1.69958e-01 1.52e-02
-1.64474e-01 1.48e-02
-1.61755e-01 1.47e-02
-1.56373e-01 1.45e-02
-1.51044e-01 1.43e-02
-1.48407e-01 1.42e-02
-1.45789e-01 1.42e-02
-1.43189e-01 1.41e-02
-1.38021e-01 1.39e-02
-1.35453e-01 1.38e-02
-1.32914e-01 1.37e-02
-1.30382e-01 1.36e-02
-1.27867e-01 1.36e-02
-1.25359e-01 1.36e-02
-1.20395e-01 1.35e-02
-1.17928e-01 1.35e-02
-1.15489e-01 1.34e-02
-1.10630e-01 1.33e-02
-1.05827e-01 1.32e-02
-1.01070e-01 1.32e-02
-9.87160e-02 1.31e-02
-9.63788e-02 1.31e-02
-9.40360e-02 1.34e-02
-9.17206e-02 1.33e-02
-8.71168e-02 1.30e-02
-8.48283e-02 1.29e-02
-8.25559e-02 1.28e-02
-8.02994e-02 1.28e-02
-7.80480e-02 1.30e-02
-7.58125e-02 1.39e-02
-7.35820e-02 1.26e-02
-7.13671e-02 1.25e-02
-6.91679e-02 1.24e-02
-6.69735e-02 1.23e-02
-6.47839e-02 1.22e-02
-6.26097e-02 1.22e-02
-6.04509e-02 1.21e-02
-5.82967e-02 1.21e-02
-5.61577e-02 1.20e-02
-5.40233e-02 1.19e-02
-4.97997e-02 1.18e-02
-4.76998e-02 1.18e-02
-4.56042e-02 1.18e-02
-4.35236e-02 1.18e-02
-4.14576e-02 1.18e-02
-3.93959e-02 1.19e-02
-3.73385e-02 1.19e-02
-3.52956e-02 1.19e-02
-3.32673e-02 1.18e-02
-3.12430e-02 1.18e-02
-2.92229e-02 1.18e-02
-2.72170e-02 1.18e-02
-2.52255e-02 1.18e-02
-2.32379e-02 1.18e-02
-2.12543e-02 1.18e-02
-1.92848e-02 1.17e-02
-1.73293e-02 1.17e-02
-1.53675e-02 1.18e-02
-1.14958e-02 1.17e-02
-9.56560e-03 1.18e-02
-7.64918e-03 1.18e-02
-5.73642e-03 1.17e-02
-3.83735e-03 1.17e-02
-1.94188e-03 1.16e-02
-5.00013e-05 1.15e-02
3.69317e-03 1.14e-02
5.58438e-03 1.14e-02
7.37275e-03 1.14e-02
9.25702e-03 1.13e-02
1.11377e-02 1.13e-02
1.29162e-02 1.13e-02
1.47901e-02 1.12e-02
1.65621e-02 1.12e-02
1.84291e-02 1.13e-02
2.01947e-02 1.13e-02
2.19572e-02 1.22e-02
2.38142e-02 1.15e-02
2.55703e-02 1.14e-02
2.73233e-02 1.14e-02
2.90732e-02 1.15e-02
3.08201e-02 1.15e-02
3.25640e-02 1.15e-02
3.43048e-02 1.16e-02
3.60426e-02 1.17e-02
3.77774e-02 1.18e-02
3.95091e-02 1.19e-02
4.12379e-02 1.20e-02
4.29637e-02 1.22e-02
4.46865e-02 1.23e-02
4.64064e-02 1.24e-02
4.80280e-02 1.26e-02
4.97421e-02 1.27e-02
5.14533e-02 1.28e-02
5.30667e-02 1.30e-02
5.47722e-02 1.31e-02
5.64748e-02 1.33e-02
5.80802e-02 1.36e-02
5.97772e-02 1.38e-02
6.13773e-02 1.40e-02
6.29748e-02 1.43e-02
6.46635e-02 1.46e-02
6.62558e-02 1.49e-02
6.78455e-02 1.54e-02
6.95261e-02 1.59e-02
7.11106e-02 1.64e-02
7.26927e-02 1.72e-02
7.42722e-02 1.63e-02
7.58493e-02 1.65e-02
7.74239e-02 1.67e-02
7.90884e-02 1.68e-02
8.22249e-02 1.72e-02
8.37895e-02 1.75e-02
8.52598e-02 1.78e-02
8.68197e-02 1.88e-02
8.83771e-02 2.01e-02
8.99321e-02 2.38e-02
9.14847e-02 2.82e-02
9.30349e-02 2.63e-02
9.44917e-02 2.39e-02
9.60372e-02 2.29e-02
9.75803e-02 2.22e-02
9.90305e-02 2.17e-02
1.00569e-01 2.11e-02
1.02015e-01 2.27e-02
1.03549e-01 2.33e-02
1.05080e-01 2.34e-02
1.06520e-01 2.22e-02
1.07957e-01 2.16e-02
1.09482e-01 2.29e-02
1.10915e-01 2.31e-02
1.12435e-01 2.23e-02
1.13864e-01 2.28e-02
1.15291e-01 2.39e-02
1.16805e-01 2.33e-02
1.18227e-01 2.28e-02
1.19648e-01 2.28e-02
1.21067e-01 2.34e-02
1.22483e-01 2.44e-02
1.23898e-01 2.57e-02
1.25398e-01 2.83e-02
1.26809e-01 3.16e-02
1.28217e-01 3.09e-02
1.29624e-01 2.88e-02
1.31028e-01 2.88e-02
1.32431e-01 2.99e-02
1.33831e-01 3.12e-02
1.35143e-01 3.25e-02
1.36539e-01 3.55e-02
1.37934e-01 3.78e-02
1.39327e-01 3.84e-02
1.40718e-01 3.96e-02
1.42107e-01 4.18e-02
1.43407e-01 4.41e-02
1.44793e-01 4.67e-02
1.46176e-01 4.94e-02
1.47471e-01 5.24e-02
1.48851e-01 5.56e-02
1.50229e-01 5.89e-02
1.51519e-01 6.25e-02
1.52893e-01 6.62e-02
1.54179e-01 7.01e-02
1.55550e-01 7.40e-02
1.56833e-01 7.81e-02
1.58200e-01 8.21e-02
1.59479e-01 8.60e-02
1.60757e-01 8.99e-02
1.62119e-01 9.34e-02
1.63394e-01 9.62e-02
1.64751e-01 9.83e-02
1.66023e-01 9.98e-02
1.67293e-01 1.01e-01
1.68561e-01 1.01e-01
1.69912e-01 9.97e-02
1.71176e-01 9.81e-02
1.72440e-01 9.60e-02
1.73701e-01 9.33e-02
1.74961e-01 9.02e-02
1.76220e-01 8.68e-02
1.77477e-01 8.33e-02
1.80069e-01 7.60e-02
1.81321e-01 7.27e-02
1.82572e-01 6.95e-02
1.83737e-01 6.61e-02
1.84985e-01 6.22e-02
1.86231e-01 5.87e-02
1.87475e-01 5.54e-02
1.88718e-01 5.25e-02
1.89959e-01 5.01e-02
1.91199e-01 4.72e-02
1.92437e-01 4.48e-02
1.93591e-01 4.26e-02
1.94826e-01 4.06e-02
1.96060e-01 3.87e-02
1.97292e-01 3.69e-02
1.98441e-01 3.53e-02
1.99670e-01 3.38e-02
2.00898e-01 3.23e-02
2.02042e-01 3.10e-02
2.03267e-01 2.98e-02
2.04409e-01 2.86e-02
2.05631e-01 2.75e-02
2.06770e-01 2.65e-02
2.07989e-01 2.56e-02
2.09126e-01 2.48e-02
2.10342e-01 2.42e-02
2.11476e-01 2.49e-02
2.12689e-01 2.34e-02
2.13820e-01 2.23e-02
2.15031e-01 2.13e-02
2.17286e-01 1.99e-02
2.18493e-01 1.93e-02
2.19617e-01 1.88e-02
2.20741e-01 1.83e-02
2.21943e-01 1.79e-02
2.23064e-01 1.75e-02
2.24183e-01 1.71e-02
2.25301e-01 1.68e-02
2.26418e-01 1.68e-02
2.27614e-01 1.70e-02
2.28728e-01 1.60e-02
2.29841e-01 1.54e-02
2.30953e-01 1.50e-02
2.32064e-01 1.47e-02
2.33173e-01 1.44e-02
2.34281e-01 1.41e-02
2.35388e-01 1.38e-02
2.36494e-01 1.36e-02
2.37599e-01 1.33e-02
2.38702e-01 1.31e-02
2.40905e-01 1.27e-02
2.42005e-01 1.26e-02
2.43103e-01 1.24e-02
2.44200e-01 1.25e-02
2.45296e-01 1.22e-02
2.46313e-01 1.28e-02
2.47407e-01 1.23e-02
2.48499e-01 1.18e-02
2.49591e-01 1.15e-02
2.50681e-01 1.13e-02
2.51692e-01 1.13e-02
2.52780e-01 1.20e-02
2.53867e-01 1.13e-02
2.54875e-01 1.12e-02
2.55959e-01 1.23e-02
2.57042e-01 1.06e-02
2.58047e-01 1.04e-02
2.59128e-01 1.03e-02
2.60208e-01 1.02e-02
2.61210e-01 1.01e-02
2.62287e-01 1.00e-02
2.63287e-01 9.94e-03
2.64362e-01 9.89e-03
2.65360e-01 9.82e-03
2.66433e-01 9.73e-03
2.67428e-01 9.71e-03
2.68499e-01 1.01e-02
2.69493e-01 1.08e-02
2.70561e-01 9.76e-03
2.71553e-01 9.62e-03
2.72619e-01 1.01e-02
2.73609e-01 1.03e-02
2.74597e-01 9.57e-03
2.75660e-01 9.42e-03
2.76646e-01 9.29e-03
2.77632e-01 9.19e-03
2.78692e-01 9.05e-03
2.79675e-01 9.10e-03
2.80657e-01 1.01e-02
2.81639e-01 9.23e-03
2.82695e-01 8.79e-03
2.83674e-01 8.72e-03
2.84652e-01 8.76e-03
2.85630e-01 9.31e-03
2.86606e-01 8.79e-03
2.87582e-01 8.67e-03
2.88632e-01 9.25e-03
2.89605e-01 9.25e-03
2.90578e-01 9.29e-03
2.91550e-01 9.09e-03
2.92520e-01 9.02e-03
2.93490e-01 8.66e-03
2.94459e-01 8.65e-03
2.95427e-01 8.61e-03
2.96394e-01 8.48e-03
2.97360e-01 9.80e-03
2.98325e-01 8.73e-03
2.99289e-01 8.82e-03
3.00253e-01 8.95e-03
3.01215e-01 8.97e-03
3.02177e-01 8.93e-03
3.03137e-01 8.94e-03
3.04097e-01 8.99e-03
3.04982e-01 9.08e-03
3.05939e-01 9.15e-03
3.06896e-01 9.23e-03
3.07852e-01 8.98e-03
3.08807e-01 8.85e-03
3.09762e-01 8.86e-03
3.10641e-01 8.79e-03
3.11594e-01 9.07e-03
3.12545e-01 8.33e-03
3.13496e-01 8.26e-03
3.14373e-01 8.27e-03
3.15322e-01 8.30e-03
3.16270e-01 1.02e-02
3.17144e-01 8.74e-03
3.18090e-01 8.89e-03
3.19035e-01 9.03e-03
3.19907e-01 9.08e-03
3.20851e-01 9.27e-03
3.21794e-01 8.83e-03
3.22663e-01 8.82e-03
3.23604e-01 8.82e-03
3.24472e-01 8.88e-03
3.25411e-01 9.27e-03
3.26278e-01 9.89e-03
3.27215e-01 1.01e-02
3.28080e-01 1.05e-02
3.29016e-01 9.26e-03
3.29879e-01 9.11e-03
3.30813e-01 9.11e-03
3.31675e-01 9.44e-03
3.32608e-01 9.60e-03
3.33468e-01 9.56e-03
3.34399e-01 1.02e-02
3.35257e-01 1.48e-02
3.36115e-01 9.42e-03
3.37044e-01 9.28e-03
3.37900e-01 9.22e-03
3.38827e-01 9.24e-03
3.39681e-01 9.32e-03
3.40535e-01 9.49e-03
3.41389e-01 1.02e-02
3.42312e-01 1.03e-02
3.43164e-01 9.98e-03
3.44015e-01 1.00e-02
3.44936e-01 1.02e-02
3.45786e-01 1.03e-02
3.46635e-01 1.03e-02
3.47483e-01 1.03e-02
3.48330e-01 1.05e-02
3.49247e-01 1.06e-02
3.50093e-01 1.07e-02
3.50939e-01 1.09e-02
3.51783e-01 1.11e-02
3.52627e-01 1.14e-02
3.53470e-01 1.16e-02
3.54382e-01 1.21e-02
3.55224e-01 1.26e-02
3.56065e-01 1.27e-02
3.56905e-01 1.24e-02
3.57744e-01 1.26e-02
3.58583e-01 1.28e-02
3.59421e-01 1.31e-02
3.60259e-01 1.33e-02
3.61095e-01 1.36e-02
3.61931e-01 1.41e-02
3.62766e-01 1.41e-02
3.63601e-01 1.42e-02
3.64435e-01 1.46e-02
3.65268e-01 1.52e-02
3.66100e-01 1.54e-02
3.66932e-01 1.51e-02
3.67763e-01 1.53e-02
3.68594e-01 1.61e-02
3.69354e-01 1.59e-02
3.70183e-01 1.58e-02
3.71012e-01 1.59e-02
3.72666e-01 1.62e-02
3.73493e-01 1.64e-02
3.74318e-01 1.66e-02
3.75075e-01 1.64e-02
3.75899e-01 1.65e-02
3.76723e-01 1.65e-02
3.77546e-01 1.63e-02
3.78299e-01 1.62e-02
3.79121e-01 1.62e-02
3.79942e-01 1.60e-02
3.80762e-01 1.77e-02
3.81514e-01 1.57e-02
3.82333e-01 1.56e-02
3.83151e-01 1.54e-02
3.83969e-01 1.51e-02
3.84718e-01 1.49e-02
3.85534e-01 1.49e-02
3.86282e-01 1.48e-02
3.87097e-01 1.45e-02
3.87912e-01 1.43e-02
3.88658e-01 1.40e-02
3.89471e-01 1.39e-02
3.90284e-01 1.40e-02
3.91028e-01 1.34e-02
3.91839e-01 1.32e-02
3.92582e-01 1.44e-02
3.93393e-01 1.33e-02
3.94134e-01 1.27e-02
3.94943e-01 1.24e-02
3.95684e-01 1.31e-02
3.96492e-01 1.22e-02
3.97231e-01 1.20e-02
3.98038e-01 1.18e-02
3.98776e-01 1.21e-02
3.99581e-01 1.16e-02
4.00319e-01 1.17e-02
4.01122e-01 1.14e-02
4.01859e-01 1.13e-02
4.02661e-01 1.12e-02
4.03396e-01 1.20e-02
4.04131e-01 1.11e-02
4.04932e-01 1.07e-02
4.05665e-01 1.17e-02
4.06465e-01 1.08e-02
4.07197e-01 1.11e-02
4.07929e-01 1.07e-02
4.08726e-01 1.13e-02
4.09457e-01 1.07e-02
4.10187e-01 1.03e-02
4.10983e-01 1.04e-02
4.11712e-01 1.01e-02
4.12441e-01 1.00e-02
4.13169e-01 9.99e-03
4.13962e-01 9.95e-03
4.14689e-01 1.07e-02
4.15415e-01 1.04e-02
4.16141e-01 9.84e-03
4.16932e-01 9.75e-03
4.17657e-01 1.11e-02
4.18381e-01 9.67e-03
4.19105e-01 9.71e-03
4.19828e-01 9.81e-03
4.20616e-01 1.01e-02
4.21338e-01 9.61e-03
4.22060e-01 9.56e-03
4.22781e-01 9.78e-03
4.23501e-01 9.64e-03
4.24221e-01 9.60e-03
4.25006e-01 9.56e-03
4.25725e-01 9.64e-03
4.26444e-01 9.47e-03
4.27161e-01 9.45e-03
4.27879e-01 9.41e-03
4.28596e-01 9.45e-03
4.29312e-01 9.81e-03
4.30028e-01 9.45e-03
4.30743e-01 9.38e-03
4.31458e-01 9.38e-03
4.32172e-01 9.76e-03
4.32886e-01 9.52e-03
4.33599e-01 9.36e-03
4.34312e-01 9.35e-03
4.35024e-01 9.40e-03
4.35736e-01 9.65e-03
4.36447e-01 9.47e-03
4.37158e-01 9.38e-03
4.37868e-01 9.35e-03
4.38577e-01 9.34e-03
4.39287e-01 9.38e-03
4.39995e-01 9.39e-03
4.40704e-01 9.39e-03
4.41411e-01 9.37e-03
4.42118e-01 9.38e-03
4.42761e-01 9.71e-03
4.43467e-01 9.39e-03
4.44173e-01 9.57e-03
4.44878e-01 9.48e-03
4.45583e-01 9.52e-03
4.46287e-01 9.39e-03
4.46927e-01 9.41e-03
4.47630e-01 9.30e-03
4.48333e-01 9.32e-03
4.49035e-01 9.28e-03
4.49737e-01 9.32e-03
4.50438e-01 9.34e-03
4.51076e-01 9.36e-03
4.51776e-01 9.41e-03
4.52476e-01 9.27e-03
4.53175e-01 9.26e-03
4.53811e-01 9.30e-03
4.54509e-01 9.26e-03
4.55207e-01 9.22e-03
4.55841e-01 9.77e-03
4.56538e-01 9.54e-03
4.57235e-01 9.13e-03
4.57931e-01 9.14e-03
4.58563e-01 9.33e-03
4.59259e-01 9.14e-03
4.59953e-01 9.06e-03
4.60584e-01 9.12e-03
4.61278e-01 9.09e-03
4.61971e-01 9.36e-03
4.62601e-01 9.03e-03
4.63294e-01 8.90e-03
4.63923e-01 8.88e-03
4.64614e-01 8.87e-03
4.65305e-01 9.33e-03
4.65933e-01 8.82e-03
4.66623e-01 8.82e-03
4.67250e-01 8.80e-03
4.67939e-01 8.89e-03
4.68565e-01 8.76e-03
4.69253e-01 8.96e-03
4.69941e-01 8.62e-03
4.70566e-01 8.67e-03
4.71253e-01 8.74e-03
4.71877e-01 8.67e-03
4.72563e-01 8.74e-03
4.73186e-01 8.53e-03
4.73871e-01 8.55e-03
4.74494e-01 8.77e-03
4.75178e-01 9.56e-03
4.75799e-01 8.40e-03
4.76420e-01 8.39e-03
4.77103e-01 8.56e-03
4.77724e-01 8.45e-03
4.78406e-01 8.45e-03
4.79025e-01 1.06e-02
4.79706e-01 8.86e-03
4.80325e-01 8.56e-03
4.80944e-01 8.84e-03
4.81623e-01 8.38e-03
4.82241e-01 8.23e-03
4.82920e-01 8.10e-03
4.83537e-01 8.12e-03
4.84153e-01 8.06e-03
4.84831e-01 8.16e-03
4.85446e-01 8.17e-03
4.86062e-01 8.04e-03
4.86738e-01 7.97e-03
4.87352e-01 7.95e-03
4.87966e-01 7.79e-03
4.88641e-01 7.77e-03
4.89255e-01 8.10e-03
4.89868e-01 7.90e-03
4.90480e-01 7.82e-03
4.91153e-01 8.06e-03
4.91765e-01 7.68e-03
4.92376e-01 7.60e-03
4.93659e-01 7.62e-03
4.94269e-01 7.68e-03
4.94879e-01 7.70e-03
4.95489e-01 7.85e-03
4.96159e-01 7.68e-03
4.96767e-01 7.52e-03
4.97376e-01 7.71e-03
4.97984e-01 7.47e-03
4.98591e-01 7.39e-03
4.99259e-01 7.36e-03
4.99866e-01 7.40e-03
5.00472e-01 7.33e-03
5.01078e-01 7.29e-03
5.01684e-01 7.50e-03
5.02289e-01 7.28e-03
5.02955e-01 7.53e-03
5.03559e-01 7.33e-03
5.04163e-01 7.33e-03
5.04767e-01 7.26e-03
5.05371e-01 7.18e-03
5.05974e-01 7.51e-03
5.06577e-01 7.59e-03
5.07179e-01 7.22e-03
5.07781e-01 7.18e-03
5.08383e-01 7.56e-03
5.09044e-01 7.18e-03
5.09645e-01 7.21e-03
5.10245e-01 7.11e-03
5.10846e-01 7.05e-03
5.11445e-01 7.07e-03
5.12045e-01 7.31e-03
5.12644e-01 7.07e-03
5.13243e-01 7.13e-03
5.13841e-01 7.20e-03
5.14439e-01 7.10e-03
5.15037e-01 7.31e-03
5.15634e-01 7.30e-03
5.16231e-01 7.65e-03
5.16828e-01 7.23e-03
5.17424e-01 7.16e-03
5.18020e-01 7.16e-03
5.18615e-01 7.06e-03
5.19210e-01 7.01e-03
5.19746e-01 7.02e-03
5.20340e-01 7.04e-03
5.20934e-01 7.05e-03
5.21528e-01 7.17e-03
5.22122e-01 7.15e-03
5.22715e-01 7.07e-03
5.23307e-01 7.06e-03
5.23900e-01 7.09e-03
5.24492e-01 7.05e-03
5.25083e-01 7.29e-03
5.25616e-01 7.44e-03
5.26207e-01 7.16e-03
5.26797e-01 7.20e-03
5.27388e-01 7.22e-03
5.27978e-01 7.19e-03
5.28567e-01 7.16e-03
5.29687e-01 7.16e-03
5.30275e-01 7.31e-03
5.30864e-01 7.26e-03
5.31451e-01 7.24e-03
5.32039e-01 7.39e-03
5.32568e-01 7.87e-03
5.33154e-01 7.74e-03
5.33741e-01 7.42e-03
5.34327e-01 7.29e-03
5.34855e-01 7.27e-03
5.35440e-01 7.29e-03
5.36025e-01 7.34e-03
5.36610e-01 7.32e-03
5.37136e-01 7.35e-03
5.37721e-01 7.34e-03
5.38305e-01 7.51e-03
5.38888e-01 7.45e-03
5.39413e-01 7.36e-03
5.39996e-01 7.35e-03
5.41103e-01 7.38e-03
5.41685e-01 7.44e-03
5.42266e-01 7.42e-03
5.42789e-01 7.44e-03
5.43370e-01 7.42e-03
5.44473e-01 7.47e-03
5.45053e-01 7.49e-03
5.45633e-01 7.55e-03
5.46154e-01 7.54e-03
5.46733e-01 7.54e-03
5.47312e-01 7.56e-03
5.47832e-01 7.56e-03
5.48410e-01 7.64e-03
5.48930e-01 7.63e-03
5.49508e-01 7.64e-03
5.50085e-01 7.65e-03
5.50604e-01 7.70e-03
5.51180e-01 7.67e-03
5.51699e-01 7.75e-03
5.52275e-01 7.78e-03
5.52850e-01 7.70e-03
5.53943e-01 7.73e-03
5.54460e-01 7.83e-03
5.55034e-01 7.76e-03
5.55550e-01 7.76e-03
5.56124e-01 7.76e-03
5.56640e-01 7.86e-03
5.57213e-01 7.80e-03
5.57728e-01 7.81e-03
5.58815e-01 7.80e-03
5.59387e-01 7.82e-03
5.59901e-01 7.88e-03
5.60473e-01 7.88e-03
5.60986e-01 7.94e-03
5.61557e-01 7.79e-03
5.62640e-01 7.76e-03
5.63152e-01 7.75e-03
5.63722e-01 7.83e-03
5.64234e-01 7.78e-03
5.64745e-01 7.75e-03
5.65314e-01 7.71e-03
5.66393e-01 7.69e-03
5.66903e-01 7.70e-03
5.67471e-01 7.76e-03
5.67981e-01 7.63e-03
5.68491e-01 7.62e-03
5.69057e-01 7.62e-03
5.69566e-01 7.58e-03
5.70641e-01 7.55e-03
5.71714e-01 7.53e-03
5.72222e-01 7.51e-03
5.73293e-01 7.51e-03
5.73800e-01 7.46e-03
5.74307e-01 7.48e-03
5.74870e-01 7.47e-03
5.75377e-01 7.46e-03
5.75883e-01 7.39e-03
5.76445e-01 7.36e-03
5.76950e-01 7.48e-03
5.77456e-01 7.41e-03
5.77961e-01 7.29e-03
5.78522e-01 7.27e-03
5.79026e-01 7.24e-03
5.79530e-01 7.23e-03
5.80090e-01 7.23e-03
5.80594e-01 7.19e-03
5.81601e-01 7.16e-03
5.82662e-01 7.14e-03
5.83165e-01 7.13e-03
5.83667e-01 7.15e-03
5.84225e-01 7.16e-03
5.85228e-01 7.10e-03
5.85729e-01 7.08e-03
5.86786e-01 7.07e-03
5.87287e-01 7.06e-03
5.87787e-01 7.11e-03
5.88287e-01 7.10e-03
5.88786e-01 7.44e-03
5.89286e-01 7.08e-03
5.89840e-01 7.46e-03
5.90339e-01 7.43e-03
5.90838e-01 7.06e-03
5.91336e-01 7.05e-03
5.92332e-01 7.06e-03
5.92885e-01 7.28e-03
5.93382e-01 7.11e-03
5.93879e-01 7.10e-03
5.94376e-01 7.12e-03
5.95369e-01 7.15e-03
5.95865e-01 7.19e-03
5.96361e-01 7.29e-03
5.96857e-01 7.22e-03
5.97407e-01 7.33e-03
5.97902e-01 7.25e-03
5.98397e-01 7.36e-03
5.98891e-01 7.32e-03
5.99386e-01 7.56e-03
5.99880e-01 7.40e-03
6.00374e-01 7.39e-03
6.00867e-01 7.44e-03
6.01361e-01 7.57e-03
6.01854e-01 7.61e-03
6.02347e-01 7.57e-03
6.02839e-01 7.55e-03
6.03332e-01 7.57e-03
6.03824e-01 7.58e-03
6.04808e-01 7.63e-03
6.05790e-01 7.68e-03
6.06281e-01 7.75e-03
6.06772e-01 7.75e-03
6.07262e-01 7.87e-03
6.07753e-01 7.81e-03
6.08243e-01 7.85e-03
6.08732e-01 7.82e-03
6.09222e-01 7.84e-03
6.09711e-01 7.84e-03
6.10200e-01 7.85e-03
6.10689e-01 7.86e-03
6.11178e-01 7.87e-03
6.11666e-01 7.93e-03
6.12154e-01 8.09e-03
6.12642e-01 7.86e-03
6.13129e-01 7.84e-03
6.13617e-01 7.86e-03
6.14104e-01 8.04e-03
6.14591e-01 7.83e-03
6.15510e-01 7.81e-03
6.16482e-01 7.77e-03
6.17453e-01 7.74e-03
6.17939e-01 7.71e-03
6.18424e-01 7.70e-03
6.18908e-01 7.66e-03
6.19339e-01 7.68e-03
6.20308e-01 7.57e-03
6.20792e-01 7.53e-03
6.21275e-01 7.50e-03
6.21759e-01 7.46e-03
6.22242e-01 7.43e-03
6.22671e-01 7.44e-03
6.23154e-01 7.62e-03
6.23636e-01 7.44e-03
6.24119e-01 7.30e-03
6.24601e-01 7.26e-03
6.25511e-01 7.19e-03
6.25992e-01 7.18e-03
6.26473e-01 7.15e-03
6.26954e-01 7.15e-03
6.27435e-01 7.11e-03
6.28342e-01 7.09e-03
6.28822e-01 6.99e-03
6.29302e-01 6.97e-03
6.30207e-01 6.95e-03
6.30686e-01 6.92e-03
6.31165e-01 6.91e-03
6.31591e-01 6.90e-03
6.32069e-01 6.92e-03
6.32548e-01 6.89e-03
6.33026e-01 6.89e-03
6.33450e-01 6.90e-03
6.33928e-01 6.93e-03
6.34405e-01 6.94e-03
6.34882e-01 7.39e-03
6.35306e-01 6.93e-03
6.35783e-01 6.94e-03
6.36259e-01 6.98e-03
6.36683e-01 7.02e-03
6.37159e-01 7.11e-03
6.37634e-01 7.06e-03
6.38110e-01 7.10e-03
6.38533e-01 7.09e-03
6.39008e-01 7.11e-03
6.39483e-01 7.17e-03
6.39905e-01 7.19e-03
6.40379e-01 7.22e-03
6.40853e-01 7.23e-03
6.41275e-01 7.25e-03
6.41749e-01 7.27e-03
6.42222e-01 7.42e-03
6.42643e-01 7.35e-03
6.43116e-01 7.38e-03
6.43537e-01 7.43e-03
6.44009e-01 7.39e-03
6.44482e-01 7.38e-03
6.44902e-01 7.49e-03
6.45374e-01 7.40e-03
6.45846e-01 7.41e-03
6.46265e-01 7.35e-03
6.46737e-01 7.33e-03
6.47627e-01 7.27e-03
6.48098e-01 7.25e-03
6.48516e-01 7.22e-03
6.48986e-01 7.18e-03
6.49404e-01 7.12e-03
6.49874e-01 7.08e-03
6.50292e-01 7.03e-03
6.50761e-01 7.00e-03
6.51231e-01 6.94e-03
6.51648e-01 6.89e-03
6.52117e-01 6.88e-03
6.52533e-01 6.81e-03
6.53002e-01 6.77e-03
6.53418e-01 6.73e-03
6.53886e-01 6.75e-03
6.54302e-01 6.69e-03
6.54770e-01 6.66e-03
6.55186e-01 6.65e-03
6.55653e-01 6.66e-03
6.56120e-01 6.76e-03
6.56535e-01 6.65e-03
6.57002e-01 6.65e-03
6.57416e-01 6.59e-03
6.57883e-01 6.56e-03
6.58297e-01 6.58e-03
6.58763e-01 6.60e-03
6.59177e-01 6.60e-03
6.60056e-01 6.66e-03
6.60469e-01 6.68e-03
6.60934e-01 6.72e-03
6.61811e-01 6.81e-03
6.62688e-01 6.89e-03
6.63564e-01 6.98e-03
6.63976e-01 7.07e-03
6.64439e-01 7.11e-03
6.64851e-01 7.07e-03
6.65262e-01 7.05e-03
6.65725e-01 7.05e-03
6.66136e-01 7.04e-03
6.66598e-01 7.02e-03
6.67009e-01 7.12e-03
6.67470e-01 7.05e-03
6.67881e-01 6.87e-03
6.68291e-01 6.91e-03
6.68752e-01 6.78e-03
6.69162e-01 6.75e-03
6.69623e-01 6.67e-03
6.70032e-01 6.83e-03
6.70441e-01 6.61e-03
6.70902e-01 6.50e-03
6.71310e-01 6.45e-03
6.71719e-01 6.42e-03
6.72179e-01 6.42e-03
6.72587e-01 6.40e-03
6.73047e-01 6.35e-03
6.73455e-01 6.36e-03
6.73862e-01 6.39e-03
6.74729e-01 6.49e-03
6.75136e-01 6.50e-03
6.75594e-01 6.56e-03
6.76001e-01 6.63e-03
6.76408e-01 6.76e-03
6.76865e-01 6.86e-03
6.77272e-01 6.93e-03
6.77678e-01 6.89e-03
6.78135e-01 6.92e-03
6.78541e-01 6.81e-03
6.78947e-01 6.74e-03
6.79403e-01 6.72e-03
6.79809e-01 6.68e-03
6.80214e-01 6.70e-03
6.80619e-01 6.59e-03
6.81479e-01 6.45e-03
6.81884e-01 6.39e-03
6.82339e-01 6.33e-03
6.82743e-01 6.30e-03
6.83147e-01 6.32e-03
6.83551e-01 6.14e-03
6.84006e-01 6.11e-03
6.84409e-01 6.11e-03
6.84813e-01 6.12e-03
6.85266e-01 6.14e-03
6.85669e-01 6.18e-03
6.86072e-01 6.24e-03
6.86475e-01 6.54e-03
6.86878e-01 6.37e-03
6.87330e-01 6.43e-03
6.87733e-01 6.47e-03
6.88135e-01 6.47e-03
6.88537e-01 6.46e-03
6.88989e-01 9.67e-03
6.89390e-01 9.57e-03
6.89792e-01 9.44e-03
6.90193e-01 9.29e-03
6.90594e-01 9.11e-03
6.91446e-01 8.77e-03
6.91846e-01 8.61e-03
6.92247e-01 8.45e-03
6.92647e-01 8.31e-03
6.93097e-01 8.19e-03
6.93497e-01 8.24e-03
6.93897e-01 7.95e-03
6.94297e-01 7.87e-03
6.94696e-01 7.79e-03
6.95544e-01 7.65e-03
6.95943e-01 7.58e-03
6.96342e-01 7.52e-03
6.96741e-01 7.47e-03
6.97538e-01 7.38e-03
6.97985e-01 7.33e-03
6.98781e-01 7.25e-03
6.99576e-01 7.19e-03
7.00371e-01 7.12e-03
7.00818e-01 7.11e-03
7.01215e-01 7.08e-03
7.02008e-01 7.03e-03
7.02404e-01 7.01e-03
7.02800e-01 6.99e-03
7.03197e-01 6.97e-03
7.03592e-01 6.95e-03
7.03988e-01 6.93e-03
7.04384e-01 6.93e-03
7.05224e-01 6.88e-03
7.06014e-01 6.86e-03
7.06804e-01 6.83e-03
7.07592e-01 6.80e-03
7.08381e-01 6.77e-03
7.09168e-01 6.74e-03
7.09955e-01 6.72e-03
7.10741e-01 6.69e-03
7.11527e-01 6.67e-03
7.12361e-01 6.65e-03
7.13146e-01 6.62e-03
7.13930e-01 6.60e-03
7.14713e-01 6.57e-03
7.15496e-01 6.54e-03
7.16278e-01 6.52e-03
7.17059e-01 6.49e-03
7.17791e-01 6.47e-03
7.18571e-01 6.44e-03
7.18961e-01 6.42e-03
7.19740e-01 6.40e-03
7.20519e-01 6.37e-03
7.20908e-01 6.35e-03
7.21297e-01 6.34e-03
7.22075e-01 6.32e-03
7.22852e-01 6.29e-03
7.23628e-01 6.27e-03
7.24404e-01 6.24e-03
7.24743e-01 6.23e-03
7.25518e-01 6.20e-03
7.26292e-01 6.18e-03
7.26679e-01 6.16e-03
7.27065e-01 6.14e-03
7.27838e-01 6.12e-03
7.28611e-01 6.10e-03
7.29334e-01 6.08e-03
7.30106e-01 6.05e-03
7.30491e-01 6.04e-03
7.30876e-01 6.04e-03
7.31598e-01 6.01e-03
7.31983e-01 6.00e-03
7.32368e-01 5.98e-03
7.32752e-01 5.98e-03
7.33521e-01 5.96e-03
7.34241e-01 5.94e-03
7.35009e-01 5.92e-03
7.35776e-01 5.90e-03
7.36494e-01 5.89e-03
7.37260e-01 5.87e-03
7.38025e-01 5.85e-03
7.38742e-01 5.84e-03
7.39506e-01 5.83e-03
7.40985e-01 5.82e-03
7.41366e-01 5.79e-03
7.42080e-01 5.79e-03
7.44695e-01 5.76e-03
7.46878e-01 5.75e-03
7.47635e-01 5.75e-03
7.48345e-01 5.73e-03
7.49102e-01 5.71e-03
7.49433e-01 5.70e-03
7.51275e-01 5.70e-03
7.55605e-01 5.71e-03
7.55981e-01 5.73e-03
7.56357e-01 5.71e-03
7.58467e-01 5.70e-03
7.59216e-01 5.69e-03
7.59918e-01 5.68e-03
7.60619e-01 5.67e-03
7.61366e-01 5.66e-03
7.62067e-01 5.65e-03
7.62767e-01 5.63e-03
7.63466e-01 5.61e-03
7.64211e-01 5.59e-03
7.64910e-01 5.57e-03
7.65607e-01 5.55e-03
7.66305e-01 5.53e-03
7.67002e-01 5.51e-03
7.67698e-01 5.48e-03
7.68440e-01 5.46e-03
7.69136e-01 5.44e-03
7.69460e-01 5.43e-03
7.69830e-01 5.42e-03
7.70525e-01 5.38e-03
7.70895e-01 5.36e-03
7.71589e-01 5.35e-03
7.72282e-01 5.33e-03
7.72974e-01 5.32e-03
7.73667e-01 5.30e-03
7.74358e-01 5.29e-03
7.75050e-01 5.27e-03
7.75740e-01 5.26e-03
7.76431e-01 5.26e-03
7.78866e-01 5.24e-03
7.80563e-01 5.24e-03
7.81250e-01 5.25e-03
7.81936e-01 5.26e-03
7.82942e-01 5.26e-03
7.83628e-01 5.27e-03
7.84312e-01 5.28e-03
7.84997e-01 5.29e-03
7.86000e-01 5.29e-03
7.87047e-01 5.30e-03
7.87730e-01 5.29e-03
7.88366e-01 5.29e-03
7.89048e-01 5.27e-03
7.89729e-01 5.25e-03
7.90410e-01 5.23e-03
7.91090e-01 5.21e-03
7.91408e-01 5.20e-03
7.92087e-01 5.17e-03
7.92766e-01 5.14e-03
7.93083e-01 5.13e-03
7.93445e-01 5.11e-03
7.94078e-01 5.09e-03
7.94756e-01 5.06e-03
7.95433e-01 5.04e-03
7.96110e-01 5.02e-03
7.96741e-01 5.00e-03
7.97417e-01 4.99e-03
7.97732e-01 4.98e-03
7.98408e-01 4.98e-03
7.98768e-01 4.97e-03
7.99397e-01 4.97e-03
8.00071e-01 4.98e-03
8.00745e-01 4.99e-03
8.01374e-01 5.00e-03
8.02046e-01 5.02e-03
8.02719e-01 5.03e-03
8.03346e-01 5.04e-03
8.03704e-01 5.05e-03
8.04017e-01 5.04e-03
8.04331e-01 5.06e-03
8.04644e-01 5.07e-03
8.05314e-01 5.07e-03
8.05985e-01 5.06e-03
8.06610e-01 5.04e-03
8.06967e-01 5.03e-03
8.07591e-01 5.00e-03
8.08260e-01 4.97e-03
8.08884e-01 4.93e-03
8.09551e-01 4.90e-03
8.10174e-01 4.87e-03
8.10841e-01 4.84e-03
8.11463e-01 4.82e-03
8.11819e-01 4.81e-03
8.12751e-01 4.81e-03
8.13106e-01 4.81e-03
8.13416e-01 4.80e-03
8.13726e-01 4.79e-03
8.14391e-01 4.82e-03
8.15011e-01 4.84e-03
8.15674e-01 4.87e-03
8.16294e-01 4.89e-03
8.16603e-01 4.90e-03
8.16956e-01 4.91e-03
8.17575e-01 4.91e-03
8.17884e-01 4.90e-03
8.18193e-01 4.89e-03
8.18546e-01 4.87e-03
8.18854e-01 4.86e-03
8.19471e-01 4.81e-03
8.20132e-01 4.76e-03
8.20749e-01 4.72e-03
8.21057e-01 4.70e-03
8.21364e-01 4.68e-03
8.21716e-01 4.65e-03
8.22024e-01 4.65e-03
8.22639e-01 4.66e-03
8.22947e-01 4.67e-03
8.23605e-01 4.64e-03
8.23912e-01 4.63e-03
8.24219e-01 4.66e-03
8.24526e-01 4.68e-03
8.24833e-01 4.70e-03
8.25184e-01 4.71e-03
8.25490e-01 4.71e-03
8.25797e-01 4.71e-03
8.26103e-01 4.69e-03
8.26410e-01 5.64e-03
8.26716e-01 5.61e-03
8.27066e-01 5.57e-03
8.27372e-01 5.52e-03
8.27678e-01 5.47e-03
8.27984e-01 5.45e-03
8.28290e-01 5.38e-03
8.28945e-01 5.29e-03
8.29556e-01 5.21e-03
8.29861e-01 5.18e-03
8.30471e-01 5.11e-03
8.31081e-01 5.06e-03
8.31735e-01 5.00e-03
8.32344e-01 4.95e-03
8.32953e-01 4.92e-03
8.33561e-01 4.88e-03
8.34213e-01 4.85e-03
8.34820e-01 4.83e-03
8.35428e-01 4.81e-03
8.36035e-01 4.79e-03
8.36641e-01 4.77e-03
8.37291e-01 4.75e-03
8.37897e-01 4.73e-03
8.38502e-01 4.72e-03
8.39107e-01 4.70e-03
8.39712e-01 4.69e-03
8.40316e-01 4.67e-03
8.40964e-01 4.66e-03
8.41567e-01 4.65e-03
8.42170e-01 4.63e-03
8.42472e-01 4.63e-03
8.43075e-01 4.61e-03
8.43677e-01 4.60e-03
8.44279e-01 4.59e-03
8.44580e-01 4.59e-03
8.44881e-01 4.59e-03
8.45181e-01 4.56e-03
8.45782e-01 4.55e-03
8.46383e-01 4.54e-03
8.46984e-01 4.53e-03
8.47284e-01 4.54e-03
8.47584e-01 4.63e-03
8.47883e-01 4.52e-03
8.48526e-01 4.51e-03
8.48825e-01 4.51e-03
8.49125e-01 4.51e-03
8.49424e-01 4.49e-03
8.49723e-01 4.49e-03
8.50322e-01 4.48e-03
8.50920e-01 4.47e-03
8.51518e-01 4.46e-03
8.52115e-01 4.45e-03
8.52712e-01 4.44e-03
8.53308e-01 4.43e-03
8.53862e-01 4.43e-03
8.54458e-01 4.42e-03
8.55053e-01 4.41e-03
8.55351e-01 4.41e-03
8.55649e-01 4.40e-03
8.56243e-01 4.39e-03
8.56541e-01 4.39e-03
8.56838e-01 4.38e-03
8.57432e-01 4.37e-03
8.58026e-01 4.37e-03
8.58323e-01 4.37e-03
8.58619e-01 4.34e-03
8.58916e-01 4.35e-03
8.59212e-01 4.35e-03
8.59509e-01 4.34e-03
8.60101e-01 4.33e-03
8.60693e-01 4.33e-03
8.61243e-01 4.33e-03
8.61539e-01 4.32e-03
8.61835e-01 4.30e-03
8.63017e-01 4.29e-03
8.63312e-01 4.29e-03
8.63607e-01 4.29e-03
8.63902e-01 4.28e-03
8.64197e-01 4.29e-03
8.64492e-01 4.25e-03
8.65334e-01 4.26e-03
8.66512e-01 4.25e-03
8.66806e-01 4.23e-03
8.67395e-01 4.23e-03
8.67940e-01 4.22e-03
8.68234e-01 4.22e-03
8.68528e-01 4.22e-03
8.69115e-01 4.21e-03
8.69702e-01 4.21e-03
8.69995e-01 4.19e-03
8.70289e-01 4.19e-03
8.70833e-01 4.19e-03
8.71419e-01 4.18e-03
8.72004e-01 4.18e-03
8.72297e-01 4.17e-03
8.72548e-01 4.18e-03
8.72840e-01 4.18e-03
8.73133e-01 4.15e-03
8.73425e-01 4.13e-03
8.73717e-01 4.14e-03
8.74301e-01 4.14e-03
8.74844e-01 4.13e-03
8.75427e-01 4.13e-03
8.75719e-01 4.14e-03
8.76010e-01 4.12e-03
8.76302e-01 4.11e-03
8.76551e-01 4.11e-03
8.76843e-01 4.10e-03
8.77134e-01 4.10e-03
8.77716e-01 4.10e-03
8.78257e-01 4.09e-03
8.78838e-01 4.09e-03
8.79419e-01 4.08e-03
8.79959e-01 4.07e-03
8.80539e-01 4.07e-03
8.81119e-01 4.06e-03
8.81658e-01 4.06e-03
8.81948e-01 4.08e-03
8.82237e-01 4.04e-03
8.82527e-01 4.04e-03
8.82775e-01 4.04e-03
8.83354e-01 4.03e-03
8.83933e-01 4.03e-03
8.84470e-01 4.03e-03
8.84759e-01 4.02e-03
8.85048e-01 4.01e-03
8.85873e-01 4.01e-03
8.86161e-01 4.01e-03
8.86738e-01 3.99e-03
8.86985e-01 3.98e-03
8.87274e-01 3.98e-03
8.87562e-01 3.97e-03
8.88673e-01 3.97e-03
8.89248e-01 3.96e-03
8.89782e-01 3.95e-03
8.90357e-01 3.95e-03
8.90891e-01 3.95e-03
8.91178e-01 3.94e-03
8.91465e-01 3.95e-03
8.91711e-01 3.95e-03
8.91998e-01 3.92e-03
8.92285e-01 3.91e-03
8.92572e-01 3.91e-03
8.93104e-01 3.90e-03
8.93391e-01 3.90e-03
8.95598e-01 3.89e-03
8.96945e-01 3.88e-03
8.97230e-01 3.87e-03
8.97516e-01 3.86e-03
8.98045e-01 3.86e-03
8.98330e-01 3.86e-03
8.98615e-01 3.86e-03
8.98860e-01 3.86e-03
8.99145e-01 3.82e-03
8.99429e-01 3.83e-03
8.99958e-01 3.83e-03
9.00527e-01 3.83e-03
9.00771e-01 3.82e-03
9.01583e-01 3.83e-03
9.01867e-01 3.81e-03
9.02151e-01 3.81e-03
9.02679e-01 3.81e-03
9.03205e-01 3.80e-03
9.03773e-01 3.80e-03
9.04056e-01 3.81e-03
9.04299e-01 3.78e-03
9.04582e-01 3.78e-03
9.04866e-01 3.78e-03
9.05392e-01 3.77e-03
9.05917e-01 3.77e-03
9.06483e-01 3.76e-03
9.06725e-01 3.76e-03
9.07008e-01 3.76e-03
9.07290e-01 3.74e-03
9.08097e-01 3.74e-03
9.08621e-01 3.74e-03
9.08904e-01 3.74e-03
9.09427e-01 3.73e-03
9.09669e-01 3.73e-03
9.10755e-01 3.72e-03
9.11278e-01 3.71e-03
9.12082e-01 3.71e-03
9.12363e-01 3.70e-03
9.12885e-01 3.69e-03
9.13407e-01 3.69e-03
9.13687e-01 3.69e-03
9.13968e-01 3.69e-03
9.14209e-01 3.67e-03
9.14489e-01 3.68e-03
9.15010e-01 3.67e-03
9.15530e-01 3.67e-03
9.15811e-01 3.67e-03
9.16331e-01 3.67e-03
9.16611e-01 3.64e-03
9.16851e-01 3.64e-03
9.17410e-01 3.64e-03
9.17929e-01 3.64e-03
9.18448e-01 3.63e-03
9.18967e-01 3.63e-03
9.19486e-01 3.62e-03
9.20044e-01 3.62e-03
9.20562e-01 3.61e-03
9.21079e-01 3.61e-03
9.21358e-01 3.60e-03
9.21875e-01 3.60e-03
9.22392e-01 3.60e-03
9.22631e-01 3.58e-03
9.22909e-01 3.59e-03
9.23425e-01 3.59e-03
9.23703e-01 3.59e-03
9.23941e-01 3.59e-03
9.24219e-01 3.56e-03
9.24457e-01 3.57e-03
9.25766e-01 3.56e-03
9.26043e-01 3.55e-03
9.26281e-01 3.55e-03
9.26558e-01 3.55e-03
9.27072e-01 3.55e-03
9.27349e-01 3.53e-03
9.27587e-01 3.54e-03
9.28101e-01 3.53e-03
9.28614e-01 3.53e-03
9.29128e-01 3.53e-03
9.29681e-01 3.52e-03
9.30194e-01 3.52e-03
9.30430e-01 3.52e-03
9.30706e-01 3.51e-03
9.31219e-01 3.51e-03
9.31731e-01 3.50e-03
9.31967e-01 3.50e-03
9.32991e-01 3.49e-03
9.33541e-01 3.49e-03
9.33777e-01 3.50e-03
9.34052e-01 3.47e-03
9.34798e-01 3.47e-03
9.35073e-01 3.47e-03
9.35819e-01 3.46e-03
9.36093e-01 3.46e-03
9.37622e-01 3.45e-03
9.37857e-01 3.43e-03
9.38130e-01 3.43e-03
9.38365e-01 3.43e-03
9.38639e-01 3.43e-03
9.38874e-01 3.43e-03
9.39148e-01 3.43e-03
9.39382e-01 3.43e-03
9.39890e-01 3.42e-03
9.40163e-01 3.41e-03
9.40671e-01 3.41e-03
9.40905e-01 3.41e-03
9.41139e-01 3.40e-03
9.41413e-01 3.40e-03
9.41919e-01 3.40e-03
9.42426e-01 3.39e-03
9.42933e-01 3.39e-03
9.43439e-01 3.38e-03
9.43672e-01 3.38e-03
9.44178e-01 3.38e-03
9.44684e-01 3.37e-03
9.45189e-01 3.37e-03
9.45422e-01 3.37e-03
9.45927e-01 3.36e-03
9.46432e-01 3.36e-03
9.46936e-01 3.35e-03
9.47441e-01 3.35e-03
9.47944e-01 3.35e-03
9.48448e-01 3.34e-03
9.48952e-01 3.33e-03
9.49455e-01 3.33e-03
9.49919e-01 3.33e-03
9.50422e-01 3.32e-03
9.50924e-01 3.32e-03
9.51426e-01 3.31e-03
9.51928e-01 3.31e-03
9.52430e-01 3.30e-03
9.52931e-01 3.30e-03
9.53394e-01 3.30e-03
9.54395e-01 3.29e-03
9.54665e-01 3.29e-03
9.54896e-01 3.28e-03
9.55396e-01 3.28e-03
9.55896e-01 3.27e-03
9.56357e-01 3.27e-03
9.56857e-01 3.26e-03
9.57356e-01 3.26e-03
9.57855e-01 3.26e-03
9.60040e-01 3.24e-03
9.60308e-01 3.23e-03
9.60767e-01 3.23e-03
9.61264e-01 3.22e-03
9.61761e-01 3.22e-03
9.62258e-01 3.22e-03
9.62716e-01 3.21e-03
9.63212e-01 3.21e-03
9.63709e-01 3.20e-03
9.64204e-01 3.20e-03
9.64662e-01 3.20e-03
9.64929e-01 3.19e-03
9.65881e-01 3.19e-03
9.66375e-01 3.18e-03
9.66870e-01 3.18e-03
9.67326e-01 3.17e-03
9.67820e-01 3.17e-03
9.68048e-01 3.16e-03
9.68314e-01 3.15e-03
9.68769e-01 3.15e-03
9.69035e-01 3.15e-03
9.69490e-01 3.14e-03
9.69983e-01 3.14e-03
9.70476e-01 3.14e-03
9.70930e-01 3.13e-03
9.71423e-01 3.13e-03
9.71915e-01 3.13e-03
9.72369e-01 3.12e-03
9.72860e-01 3.12e-03
9.73351e-01 3.12e-03
9.73805e-01 3.11e-03
9.74295e-01 3.11e-03
9.74786e-01 3.11e-03
9.75239e-01 3.10e-03
9.75729e-01 3.10e-03
9.76181e-01 3.10e-03
9.76671e-01 3.09e-03
9.77160e-01 3.09e-03
9.77386e-01 3.08e-03
9.78326e-01 3.07e-03
9.79040e-01 3.07e-03
9.79266e-01 3.07e-03
9.79528e-01 3.07e-03
9.79979e-01 3.06e-03
9.80467e-01 3.06e-03
9.80917e-01 3.05e-03
9.81404e-01 3.05e-03
9.81891e-01 3.05e-03
9.82341e-01 3.04e-03
9.82827e-01 3.04e-03
9.84921e-01 3.03e-03
9.85145e-01 3.02e-03
9.85630e-01 3.02e-03
9.86078e-01 3.01e-03
9.86563e-01 3.01e-03
9.87010e-01 3.01e-03
9.87271e-01 3.00e-03
9.87494e-01 3.00e-03
9.87718e-01 2.99e-03
9.88202e-01 2.99e-03
9.88649e-01 2.99e-03
9.89132e-01 2.99e-03
9.89578e-01 2.98e-03
9.90062e-01 2.98e-03
9.90507e-01 2.98e-03
9.90990e-01 2.97e-03
9.92585e-01 2.96e-03
9.92844e-01 2.95e-03
9.93067e-01 2.95e-03
9.93511e-01 2.95e-03
9.93992e-01 2.95e-03
9.94436e-01 2.94e-03
9.94917e-01 2.94e-03
9.95361e-01 2.94e-03
9.95804e-01 2.93e-03
9.96063e-01 2.93e-03
9.96986e-01 2.92e-03
9.97428e-01 2.92e-03
9.97871e-01 2.92e-03
9.98350e-01 2.91e-03
9.98792e-01 2.91e-03
9.99013e-01 2.91e-03
9.99492e-01 2.90e-03
9.99933e-01 2.90e-03
1.00041e+00 2.90e-03
1.00085e+00 2.89e-03
1.00129e+00 2.89e-03
1.00177e+00 2.89e-03
1.00221e+00 2.88e-03
1.00269e+00 2.88e-03
1.00313e+00 2.88e-03
1.00357e+00 2.87e-03
1.00405e+00 2.87e-03
1.00426e+00 2.87e-03
1.00518e+00 2.86e-03
1.00562e+00 2.86e-03
1.00606e+00 2.85e-03
1.00653e+00 2.85e-03
1.00697e+00 2.85e-03
1.00741e+00 2.84e-03
1.00788e+00 2.84e-03
1.00832e+00 2.84e-03
1.00876e+00 2.83e-03
1.00923e+00 2.83e-03
1.00967e+00 2.83e-03
1.01011e+00 2.82e-03
1.01058e+00 2.82e-03
1.01102e+00 2.82e-03
1.01124e+00 2.82e-03
1.01146e+00 2.78e-03
1.01167e+00 2.80e-03
1.01215e+00 2.80e-03
1.01258e+00 2.80e-03
1.01302e+00 2.80e-03
1.01345e+00 2.80e-03
1.01393e+00 2.79e-03
1.01436e+00 2.79e-03
1.01480e+00 2.79e-03
1.01527e+00 2.78e-03
1.01570e+00 2.78e-03
1.01614e+00 2.78e-03
1.01657e+00 2.78e-03
1.01679e+00 2.77e-03
1.01726e+00 2.76e-03
1.01747e+00 2.75e-03
1.01813e+00 2.76e-03
1.01989e+00 2.75e-03
1.02011e+00 2.74e-03
1.02033e+00 2.76e-03
1.02054e+00 2.74e-03
1.02144e+00 2.74e-03
1.02188e+00 2.73e-03
1.02209e+00 2.73e-03
1.02299e+00 2.72e-03
1.02342e+00 2.72e-03
1.02385e+00 2.72e-03
1.02428e+00 2.71e-03
1.02471e+00 2.71e-03
1.02518e+00 2.71e-03
1.02561e+00 2.71e-03
1.02712e+00 2.70e-03
1.02737e+00 2.69e-03
1.02758e+00 2.69e-03
1.03105e+00 2.67e-03
1.03126e+00 2.67e-03
1.03147e+00 2.66e-03
1.03254e+00 2.66e-03
1.03297e+00 2.65e-03
1.03429e+00 2.65e-03
1.03450e+00 2.65e-03
1.03471e+00 2.64e-03
1.03493e+00 2.64e-03
1.03514e+00 2.64e-03
1.03557e+00 2.63e-03
1.03599e+00 2.63e-03
1.03642e+00 2.63e-03
1.03684e+00 2.63e-03
1.03730e+00 2.62e-03
1.03773e+00 2.62e-03
1.03815e+00 2.62e-03
1.03837e+00 2.62e-03
1.03858e+00 2.61e-03
1.03900e+00 2.61e-03
1.03922e+00 2.61e-03
1.04006e+00 2.61e-03
1.04028e+00 2.60e-03
1.04049e+00 2.60e-03
1.04070e+00 2.59e-03
1.04091e+00 2.59e-03
1.04112e+00 2.59e-03
1.04239e+00 2.59e-03
1.04282e+00 2.58e-03
1.04324e+00 2.58e-03
1.04370e+00 2.58e-03
1.04412e+00 2.58e-03
1.04454e+00 2.57e-03
1.04475e+00 2.57e-03
1.04539e+00 2.57e-03
1.04581e+00 2.56e-03
1.04623e+00 2.56e-03
1.04665e+00 2.56e-03
1.04707e+00 2.55e-03
1.04834e+00 2.55e-03
1.04855e+00 2.54e-03
1.05065e+00 2.53e-03
1.05086e+00 2.52e-03
1.05107e+00 2.52e-03
1.05274e+00 2.52e-03
1.05295e+00 2.51e-03
1.05400e+00 2.51e-03
1.05421e+00 2.50e-03
1.05442e+00 2.50e-03
1.05483e+00 2.50e-03
1.05522e+00 2.50e-03
1.05564e+00 2.50e-03
1.05605e+00 2.49e-03
1.05647e+00 2.49e-03
1.05689e+00 2.49e-03
1.05730e+00 2.49e-03
1.06084e+00 2.46e-03
1.06105e+00 2.46e-03
1.06126e+00 2.46e-03
1.06143e+00 2.46e-03
1.06164e+00 2.45e-03
1.06184e+00 2.45e-03
1.06267e+00 2.45e-03
1.06309e+00 2.45e-03
1.06350e+00 2.45e-03
1.06392e+00 2.44e-03
1.06433e+00 2.44e-03
1.06475e+00 2.44e-03
1.06516e+00 2.44e-03
1.06554e+00 2.43e-03
1.06595e+00 2.43e-03
1.06636e+00 2.43e-03
1.06760e+00 2.42e-03
1.06781e+00 2.42e-03
1.06802e+00 2.41e-03
1.06822e+00 2.42e-03
1.06843e+00 2.41e-03
1.06881e+00 2.41e-03
1.06922e+00 2.41e-03
1.06963e+00 2.41e-03
1.07004e+00 2.40e-03
1.07025e+00 2.40e-03
1.07045e+00 2.39e-03
1.07165e+00 2.39e-03
1.07186e+00 2.39e-03
1.07206e+00 2.39e-03
1.07247e+00 2.39e-03
1.07288e+00 2.38e-03
1.07329e+00 2.38e-03
1.07370e+00 2.38e-03
1.07408e+00 2.38e-03
1.07449e+00 2.37e-03
1.07490e+00 2.37e-03
1.07531e+00 2.37e-03
1.07572e+00 2.37e-03
1.07609e+00 2.36e-03
1.07650e+00 2.36e-03
1.07691e+00 2.36e-03
1.07732e+00 2.36e-03
1.07773e+00 2.35e-03
1.07810e+00 2.35e-03
1.07851e+00 2.35e-03
1.07892e+00 2.35e-03
1.07933e+00 2.34e-03
1.07974e+00 2.34e-03
1.08011e+00 2.34e-03
1.08052e+00 2.34e-03
1.08092e+00 2.34e-03
1.08133e+00 2.33e-03
1.08170e+00 2.33e-03
1.08211e+00 2.33e-03
1.08252e+00 2.33e-03
1.08292e+00 2.32e-03
1.08333e+00 2.32e-03
1.08370e+00 2.32e-03
1.08411e+00 2.32e-03
1.08451e+00 2.31e-03
1.08492e+00 2.31e-03
1.08529e+00 2.31e-03
1.08570e+00 2.31e-03
1.08610e+00 2.30e-03
1.08651e+00 2.30e-03
1.08688e+00 2.30e-03
1.08728e+00 2.30e-03
1.08769e+00 2.29e-03
1.08806e+00 2.29e-03
1.08846e+00 2.29e-03
1.08886e+00 2.29e-03
1.08927e+00 2.28e-03
1.08964e+00 2.28e-03
1.09004e+00 2.28e-03
1.09045e+00 2.28e-03
1.09085e+00 2.27e-03
1.09122e+00 2.27e-03
1.09162e+00 2.27e-03
1.09202e+00 2.27e-03
1.09223e+00 2.27e-03
1.09239e+00 2.27e-03
1.09259e+00 2.27e-03
1.09280e+00 2.26e-03
1.09320e+00 2.26e-03
1.09357e+00 2.26e-03
1.09397e+00 2.26e-03
1.09437e+00 2.25e-03
1.09477e+00 2.25e-03
1.09514e+00 2.25e-03
1.09554e+00 2.25e-03
1.09594e+00 2.24e-03
1.09631e+00 2.24e-03
1.09671e+00 2.24e-03
1.09711e+00 2.24e-03
1.09768e+00 2.23e-03
1.09961e+00 2.22e-03
1.10118e+00 2.21e-03
1.10157e+00 2.21e-03
1.10194e+00 2.21e-03
1.10234e+00 2.21e-03
1.10274e+00 2.20e-03
1.10714e+00 2.18e-03
1.10734e+00 2.17e-03
1.10830e+00 2.17e-03
1.10985e+00 2.16e-03
1.11021e+00 2.16e-03
1.11061e+00 2.16e-03
1.11517e+00 2.13e-03
1.11534e+00 2.13e-03
1.11553e+00 2.13e-03
1.11668e+00 2.13e-03
1.11704e+00 2.12e-03
1.11743e+00 2.12e-03
1.11783e+00 2.12e-03
1.11799e+00 2.12e-03
1.11874e+00 2.11e-03
1.11913e+00 2.11e-03
1.12138e+00 2.10e-03
1.12158e+00 2.10e-03
1.12272e+00 2.09e-03
1.12383e+00 2.09e-03
1.12402e+00 2.08e-03
1.12422e+00 2.08e-03
1.12512e+00 2.08e-03
1.12532e+00 2.08e-03
1.12551e+00 2.08e-03
1.12701e+00 2.07e-03
1.12775e+00 2.06e-03
1.12811e+00 2.06e-03
1.12849e+00 2.06e-03
1.12885e+00 2.06e-03
1.12904e+00 2.06e-03
1.12924e+00 2.06e-03
1.12959e+00 2.05e-03
1.12998e+00 2.05e-03
1.13034e+00 2.05e-03
1.13072e+00 2.05e-03
1.13108e+00 2.04e-03
1.13147e+00 2.04e-03
1.13182e+00 2.04e-03
1.13588e+00 2.02e-03
1.13607e+00 2.02e-03
1.15187e+00 1.94e-03
1.16206e+00 1.89e-03
1.18934e+00 1.76e-03
1.19698e+00 1.72e-03
1.22145e+00 1.61e-03
1.24580e+00 1.51e-03
1.25450e+00 1.48e-03
1.27732e+00 1.40e-03
1.29388e+00 1.34e-03
1.31014e+00 1.28e-03
1.33400e+00 1.20e-03
1.36326e+00 1.12e-03
1.38269e+00 1.06e-03
1.39317e+00 1.03e-03
1.39332e+00 1.03e-03
1.41961e+00 9.66e-04
1.44678e+00 9.01e-04
1.46960e+00 8.50e-04
1.48229e+00 8.24e-04
1.50321e+00 7.81e-04
1.52242e+00 7.45e-04
1.53616e+00 7.20e-04
1.55418e+00 6.88e-04
1.58646e+00 6.35e-04
1.61361e+00 5.93e-04
1.63752e+00 5.59e-04
1.65100e+00 5.41e-04
1.65114e+00 5.39e-04
1.67036e+00 5.14e-04
1.69785e+00 4.81e-04
1.71856e+00 4.57e-04
1.74629e+00 4.28e-04
1.76637e+00 4.09e-04
1.78317e+00 3.93e-04
1.82421e+00 3.58e-04
1.84666e+00 3.41e-04
1.89462e+00 3.08e-04
1.90874e+00 3.00e-04
1.90891e+00 2.99e-04
1.93811e+00 2.83e-04
1.96019e+00 2.72e-04
1.97684e+00 2.65e-04
2.00620e+00 2.54e-04
2.01674e+00 2.50e-04
2.04027e+00 2.44e-04
2.06208e+00 2.39e-04
2.06949e+00 2.38e-04
2.08007e+00 2.37e-04
2.09460e+00 2.36e-04
2.10603e+00 2.35e-04
2.11482e+00 2.36e-04
2.12158e+00 2.36e-04
2.13379e+00 2.38e-04
2.14040e+00 2.39e-04
2.14592e+00 2.40e-04
2.15028e+00 2.41e-04
2.15441e+00 2.42e-04
2.15472e+00 2.42e-04
2.15601e+00 2.43e-04
2.15923e+00 2.44e-04
2.16119e+00 2.44e-04
2.16251e+00 2.45e-04
2.16317e+00 2.45e-04
2.16583e+00 2.46e-04
2.16649e+00 2.46e-04
2.16715e+00 2.47e-04
2.16783e+00 2.47e-04
2.16849e+00 2.47e-04
2.16917e+00 2.47e-04
2.16984e+00 2.48e-04
2.17053e+00 2.48e-04
2.17120e+00 2.48e-04
2.17188e+00 2.49e-04
2.17257e+00 2.49e-04
2.17325e+00 2.49e-04
2.17393e+00 2.50e-04
2.17463e+00 2.50e-04
2.17531e+00 2.50e-04
2.17600e+00 2.51e-04
2.17669e+00 2.51e-04
2.17740e+00 2.51e-04
2.17809e+00 2.52e-04
2.17879e+00 2.52e-04
2.17949e+00 2.52e-04
2.18019e+00 2.53e-04
2.18089e+00 2.53e-04
2.18160e+00 2.54e-04
2.18231e+00 2.54e-04
2.18302e+00 2.54e-04
2.18373e+00 2.55e-04
2.18408e+00 2.55e-04
2.18444e+00 2.55e-04
2.18516e+00 2.55e-04
2.18588e+00 2.56e-04
2.18660e+00 2.56e-04
2.18732e+00 2.57e-04
2.18805e+00 2.57e-04
2.18878e+00 2.58e-04
2.18951e+00 2.58e-04
2.19023e+00 2.59e-04
2.19096e+00 2.59e-04
2.19170e+00 2.60e-04
2.19244e+00 2.60e-04
2.19317e+00 2.61e-04
2.19392e+00 2.61e-04
2.19465e+00 2.62e-04
2.19540e+00 2.62e-04
2.19615e+00 2.63e-04
2.19690e+00 2.63e-04
2.19766e+00 2.64e-04
2.19841e+00 2.64e-04
2.19917e+00 2.65e-04
2.19992e+00 2.66e-04
2.20069e+00 2.66e-04
2.20145e+00 2.67e-04
2.20221e+00 2.68e-04
2.20299e+00 2.68e-04
2.20376e+00 2.69e-04
2.20453e+00 2.70e-04
2.20530e+00 2.70e-04
2.20609e+00 2.71e-04
2.20687e+00 2.72e-04
2.20765e+00 2.72e-04
2.20843e+00 2.73e-04
2.20922e+00 2.74e-04
2.21001e+00 2.75e-04
2.21081e+00 2.75e-04
2.21160e+00 2.76e-04
2.21240e+00 2.77e-04
2.21320e+00 2.78e-04
2.21401e+00 2.79e-04
2.21481e+00 2.80e-04
2.21562e+00 2.80e-04
2.21643e+00 2.81e-04
2.21725e+00 2.82e-04
2.21806e+00 2.83e-04
2.21889e+00 2.84e-04
2.21971e+00 2.85e-04
2.22054e+00 2.86e-04
2.22136e+00 2.87e-04
2.22220e+00 2.88e-04
2.22303e+00 2.89e-04
2.22387e+00 2.90e-04
2.22471e+00 2.91e-04
2.22555e+00 2.92e-04
2.22641e+00 2.93e-04
2.22725e+00 2.94e-04
2.22811e+00 2.96e-04
2.22896e+00 2.97e-04
2.22982e+00 2.98e-04
2.23068e+00 2.99e-04
2.23155e+00 3.01e-04
2.23242e+00 3.02e-04
2.23329e+00 3.03e-04
2.23417e+00 3.04e-04
2.23504e+00 3.06e-04
2.23593e+00 3.07e-04
2.23681e+00 3.09e-04
2.23771e+00 3.10e-04
2.23859e+00 3.12e-04
2.23950e+00 3.13e-04
2.24039e+00 3.15e-04
2.24129e+00 3.16e-04
2.24220e+00 3.18e-04
2.24311e+00 3.19e-04
2.24402e+00 3.21e-04
2.24495e+00 3.23e-04
2.24587e+00 3.24e-04
2.24679e+00 3.26e-04
2.24772e+00 3.28e-04
2.24866e+00 3.30e-04
2.24960e+00 3.32e-04
2.25053e+00 3.34e-04
2.25148e+00 3.36e-04
2.25243e+00 3.38e-04
2.25338e+00 3.40e-04
2.25434e+00 3.42e-04
2.25529e+00 3.44e-04
2.25627e+00 3.46e-04
2.25723e+00 3.48e-04
2.25820e+00 3.51e-04
2.25919e+00 3.53e-04
2.26017e+00 3.55e-04
2.26116e+00 3.58e-04
2.26215e+00 3.60e-04
2.26315e+00 3.63e-04
2.26415e+00 3.66e-04
2.26515e+00 3.69e-04
2.26616e+00 3.71e-04
2.26718e+00 3.74e-04
2.26820e+00 3.77e-04
2.26922e+00 3.80e-04
2.27026e+00 3.83e-04
2.27129e+00 3.86e-04
2.27233e+00 3.90e-04
2.27337e+00 3.93e-04
2.27442e+00 3.96e-04
2.27548e+00 4.00e-04
2.27654e+00 4.04e-04
2.27761e+00 4.07e-04
2.27868e+00 4.11e-04
2.27976e+00 4.15e-04
2.28084e+00 4.19e-04
2.28193e+00 4.23e-04
2.28303e+00 4.28e-04
2.28413e+00 4.32e-04
2.28523e+00 4.37e-04
2.28634e+00 4.41e-04
2.28746e+00 4.46e-04
2.28858e+00 4.51e-04
2.28971e+00 4.57e-04
2.29028e+00 4.58e-04
2.29141e+00 4.63e-04
2.29257e+00 4.69e-04
2.29372e+00 4.74e-04
2.29488e+00 4.80e-04
2.29604e+00 4.87e-04
2.29721e+00 4.93e-04
2.29780e+00 4.96e-04
2.29839e+00 5.30e-04
2.29958e+00 5.37e-04
2.30077e+00 5.45e-04
2.30197e+00 5.52e-04
2.30318e+00 5.60e-04
2.30438e+00 5.68e-04
2.30558e+00 5.77e-04
2.30688e+00 5.85e-04
2.30807e+00 5.94e-04
2.30936e+00 6.04e-04
2.31055e+00 6.14e-04
2.31184e+00 6.24e-04
2.31313e+00 6.35e-04
2.31441e+00 6.46e-04
2.31570e+00 6.58e-04
2.31698e+00 6.70e-04
2.31826e+00 6.83e-04
2.31954e+00 6.97e-04
2.32092e+00 7.11e-04
2.32219e+00 7.27e-04
2.32356e+00 7.43e-04
2.32493e+00 7.61e-04
2.32562e+00 7.70e-04
2.32630e+00 7.80e-04
2.32698e+00 7.91e-04
2.32767e+00 8.02e-04
2.32835e+00 8.15e-04
2.32903e+00 8.28e-04
2.32971e+00 8.44e-04
2.33039e+00 8.62e-04
2.33108e+00 8.85e-04
2.33185e+00 9.14e-04
2.33253e+00 9.55e-04
2.33321e+00 1.02e-03
2.33389e+00 1.13e-03
2.33466e+00 1.39e-03
2.33534e+00 2.01e-03
2.33612e+00 2.77e-03
2.33679e+00 2.01e-03
2.33747e+00 1.42e-03
2.33824e+00 1.20e-03
2.33901e+00 1.11e-03
2.33969e+00 1.07e-03
2.34046e+00 1.05e-03
2.34113e+00 1.05e-03
2.34190e+00 1.05e-03
2.34267e+00 1.06e-03
2.34344e+00 1.07e-03
2.34411e+00 1.08e-03
2.34488e+00 1.10e-03
2.34564e+00 1.11e-03
2.34641e+00 1.13e-03
2.34718e+00 1.14e-03
2.34794e+00 1.16e-03
2.34871e+00 1.18e-03
2.34947e+00 1.20e-03
2.35023e+00 1.22e-03
2.35099e+00 1.24e-03
2.35176e+00 1.26e-03
2.35261e+00 1.29e-03
2.35337e+00 1.31e-03
2.35413e+00 1.34e-03
2.35499e+00 1.37e-03
2.35575e+00 1.39e-03
2.35650e+00 1.42e-03
2.35736e+00 1.45e-03
2.35811e+00 1.48e-03
2.35897e+00 1.52e-03
2.35982e+00 1.55e-03
2.36057e+00 1.59e-03
2.36142e+00 1.63e-03
2.36227e+00 1.67e-03
2.36312e+00 1.71e-03
2.36396e+00 1.75e-03
2.36471e+00 1.80e-03
2.36556e+00 1.85e-03
2.36640e+00 1.90e-03
2.36734e+00 1.96e-03
2.36819e+00 2.02e-03
2.36903e+00 2.08e-03
2.36987e+00 2.14e-03
2.37071e+00 2.21e-03
2.37164e+00 2.29e-03
2.37248e+00 2.37e-03
2.37332e+00 2.46e-03
2.37425e+00 2.55e-03
2.37518e+00 2.65e-03
2.37602e+00 2.77e-03
2.37695e+00 2.89e-03
2.37788e+00 3.02e-03
2.37871e+00 3.17e-03
2.37964e+00 3.34e-03
2.38056e+00 3.53e-03
2.38149e+00 3.74e-03
2.38241e+00 3.99e-03
2.38334e+00 4.29e-03
2.38426e+00 4.64e-03
2.38527e+00 5.08e-03
2.38619e+00 5.64e-03
2.38711e+00 6.39e-03
2.38812e+00 7.46e-03
2.38904e+00 9.11e-03
2.39005e+00 1.20e-02
2.39096e+00 1.82e-02
2.39197e+00 3.63e-02
2.39297e+00 9.13e-02
2.39398e+00 6.16e-02
2.39498e+00 4.56e-02
2.39598e+00 9.12e-02
2.39699e+00 1.94e-01
2.39799e+00 8.31e-02
2.39899e+00 1.41e-01
2.40007e+00 9.70e-02
2.40107e+00 3.50e-02
2.40216e+00 2.13e-02
2.40315e+00 1.68e-02
2.40424e+00 1.52e-02
2.40532e+00 1.48e-02
2.40640e+00 1.50e-02
2.40740e+00 1.56e-02
2.40848e+00 1.66e-02
2.40964e+00 1.81e-02
2.41072e+00 2.04e-02
2.41180e+00 2.49e-02
2.41296e+00 3.78e-02
2.41404e+00 3.51e-02
2.41520e+00 3.76e-02
2.41627e+00 5.44e-02
2.41743e+00 5.74e-02
2.41859e+00 6.72e-02
2.41975e+00 9.21e-02
2.42090e+00 1.53e-01
2.42214e+00 5.56e-01
2.42330e+00 2.91e+00
2.42454e+00 2.43e-01
2.42569e+00 1.27e-01
2.42692e+00 9.16e-02
2.42816e+00 7.03e-02
2.42939e+00 5.49e-02
2.43063e+00 4.38e-02
2.43186e+00 3.59e-02
2.43317e+00 3.00e-02
2.43440e+00 2.55e-02
2.43572e+00 2.19e-02
2.43694e+00 1.90e-02
2.43825e+00 1.66e-02
2.43956e+00 1.46e-02
2.44095e+00 1.30e-02
2.44226e+00 1.16e-02
2.44365e+00 1.04e-02
2.44495e+00 9.39e-03
2.44634e+00 8.51e-03
2.44772e+00 7.75e-03
2.44911e+00 7.09e-03
2.45057e+00 6.50e-03
2.45195e+00 5.99e-03
2.45342e+00 5.54e-03
2.45488e+00 5.13e-03
2.45634e+00 4.77e-03
2.45779e+00 4.46e-03
2.45933e+00 4.17e-03
2.46087e+00 3.92e-03
2.46241e+00 3.69e-03
2.46394e+00 3.49e-03
2.46547e+00 3.31e-03
2.46708e+00 3.14e-03
2.46861e+00 3.00e-03
2.47022e+00 2.87e-03
2.47191e+00 2.75e-03
2.47351e+00 2.63e-03
2.47519e+00 2.54e-03
2.47687e+00 2.45e-03
2.47855e+00 2.38e-03
2.48031e+00 2.32e-03
2.48207e+00 2.27e-03
2.48382e+00 2.24e-03
2.48566e+00 2.23e-03
2.48740e+00 2.23e-03
2.48923e+00 2.24e-03
2.49114e+00 2.29e-03
2.49304e+00 2.39e-03
2.49494e+00 2.57e-03
2.49684e+00 2.92e-03
2.49881e+00 3.60e-03
2.50078e+00 4.89e-03
2.50283e+00 6.23e-03
2.50487e+00 7.64e-03
2.50699e+00 8.19e-03
2.50911e+00 7.36e-03
2.51122e+00 7.64e-03
2.51341e+00 8.15e-03
2.51568e+00 7.73e-03
2.51786e+00 5.71e-03
2.52019e+00 4.30e-03
2.52252e+00 3.79e-03
2.52493e+00 3.85e-03
2.52733e+00 4.37e-03
2.52980e+00 4.55e-03
2.53227e+00 4.53e-03
2.53481e+00 4.88e-03
2.53742e+00 5.48e-03
2.54010e+00 6.28e-03
2.54286e+00 7.47e-03
2.54561e+00 9.50e-03
2.54843e+00 1.29e-02
2.55132e+00 1.61e-02
2.55428e+00 1.81e-02
2.55730e+00 2.29e-02
2.56048e+00 4.74e-02
2.56364e+00 2.06e-01
2.56695e+00 6.80e-02
2.57024e+00 2.38e-02
2.57376e+00 1.43e-02
2.57726e+00 1.10e-02
2.58097e+00 9.66e-03
2.58475e+00 9.42e-03
2.58867e+00 9.74e-03
2.59264e+00 1.04e-02
2.59682e+00 1.18e-02
2.60113e+00 1.48e-02
2.60565e+00 2.20e-02
2.61029e+00 2.83e-02
2.61513e+00 2.08e-02
2.62024e+00 1.81e-02
2.62554e+00 1.85e-02
2.63110e+00 1.95e-02
2.63698e+00 1.98e-02
2.64319e+00 1.94e-02
2.65669e+00 1.84e-02
2.66410e+00 1.79e-02
2.68082e+00 1.70e-02
2.69029e+00 1.66e-02
2.70069e+00 1.61e-02
2.71231e+00 1.56e-02
2.72543e+00 1.51e-02
2.74065e+00 1.46e-02
2.75874e+00 1.39e-02
2.78130e+00 1.32e-02
2.81151e+00 1.22e-02
2.85859e+00 1.09e-02
2.99573e+00 7.71e-03
