# OPACITY Project tables
-2.61515e+00 1.87e+00
-2.27341e+00 6.45e-01
-2.07433e+00 3.47e-01
-1.93351e+00 2.24e-01
-1.82455e+00 1.60e-01
-1.73574e+00 1.22e-01
-1.66078e+00 9.71e-02
-1.59603e+00 7.98e-02
-1.53898e+00 6.71e-02
-1.48802e+00 5.76e-02
-1.44198e+00 5.10e-02
-1.40003e+00 4.74e-02
-1.36148e+00 4.09e-02
-1.32584e+00 3.61e-02
-1.29269e+00 3.24e-02
-1.26174e+00 2.99e-02
-1.23268e+00 2.81e-02
-1.20531e+00 2.67e-02
-1.17944e+00 2.58e-02
-1.15493e+00 2.24e-02
-1.13165e+00 2.06e-02
-1.10945e+00 1.88e-02
-1.08827e+00 1.76e-02
-1.06799e+00 1.66e-02
-1.04857e+00 1.56e-02
-1.02994e+00 1.48e-02
-1.01200e+00 1.41e-02
-9.78086e-01 1.27e-02
-9.62021e-01 1.21e-02
-9.46492e-01 1.16e-02
-9.31455e-01 1.10e-02
-9.16916e-01 1.05e-02
-9.02807e-01 1.01e-02
-8.89113e-01 9.87e-03
-8.75797e-01 9.62e-03
-8.62868e-01 9.24e-03
-8.50292e-01 8.91e-03
-8.38057e-01 8.60e-03
-8.26130e-01 8.30e-03
-8.14502e-01 7.99e-03
-8.03185e-01 7.71e-03
-7.92106e-01 7.46e-03
-7.81301e-01 7.25e-03
-7.70741e-01 7.05e-03
-7.60420e-01 6.86e-03
-7.50331e-01 6.66e-03
-7.40469e-01 6.46e-03
-7.30787e-01 6.28e-03
-7.21320e-01 6.13e-03
-7.12045e-01 6.00e-03
-6.94048e-01 5.70e-03
-6.85298e-01 5.58e-03
-6.76723e-01 5.50e-03
-6.68298e-01 5.38e-03
-6.60041e-01 5.24e-03
-6.51909e-01 5.39e-03
-6.43938e-01 5.58e-03
-6.36087e-01 5.40e-03
-6.28390e-01 5.48e-03
-6.20808e-01 5.37e-03
-6.13357e-01 5.29e-03
-6.06016e-01 5.31e-03
-5.98801e-01 5.28e-03
-5.91692e-01 5.35e-03
-5.84687e-01 5.78e-03
-5.77803e-01 5.58e-03
-5.71018e-01 5.79e-03
-5.64314e-01 6.23e-03
-5.57725e-01 6.61e-03
-5.51231e-01 7.59e-03
-5.44831e-01 8.62e-03
-5.38505e-01 8.88e-03
-5.32288e-01 7.94e-03
-5.26142e-01 6.77e-03
-5.20085e-01 5.85e-03
-5.14098e-01 5.22e-03
-5.08196e-01 4.80e-03
-5.02362e-01 4.50e-03
-4.96610e-01 4.27e-03
-4.90925e-01 4.11e-03
-4.85320e-01 4.00e-03
-4.79779e-01 3.88e-03
-4.74301e-01 3.82e-03
-4.68884e-01 3.80e-03
-4.63545e-01 3.73e-03
-4.58265e-01 3.74e-03
-4.53044e-01 3.69e-03
-4.47882e-01 3.72e-03
-4.42778e-01 3.78e-03
-4.37730e-01 3.82e-03
-4.32739e-01 3.82e-03
-4.27803e-01 3.77e-03
-4.22922e-01 3.68e-03
-4.18095e-01 3.59e-03
-4.13321e-01 3.52e-03
-4.08585e-01 3.47e-03
-4.03901e-01 3.45e-03
-3.99284e-01 3.46e-03
-3.94688e-01 3.50e-03
-3.90158e-01 3.59e-03
-3.85662e-01 3.75e-03
-3.81216e-01 3.99e-03
-3.76819e-01 4.36e-03
-3.72456e-01 4.92e-03
-3.68126e-01 5.74e-03
-3.63858e-01 6.70e-03
-3.59622e-01 7.38e-03
-3.55419e-01 7.22e-03
-3.51261e-01 6.58e-03
-3.47135e-01 6.04e-03
-3.43054e-01 5.80e-03
-3.39003e-01 5.86e-03
-3.34997e-01 6.23e-03
-3.31021e-01 6.96e-03
-3.27088e-01 8.22e-03
-3.23185e-01 1.01e-02
-3.19310e-01 1.27e-02
-3.15464e-01 1.49e-02
-3.11661e-01 1.52e-02
-3.07885e-01 1.32e-02
-3.04150e-01 1.06e-02
-3.00430e-01 8.40e-03
-2.96750e-01 6.87e-03
-2.93097e-01 5.85e-03
-2.89484e-01 5.17e-03
-2.85884e-01 4.73e-03
-2.82323e-01 4.50e-03
-2.78788e-01 4.36e-03
-2.75279e-01 4.36e-03
-2.71796e-01 4.57e-03
-2.68350e-01 4.57e-03
-2.64917e-01 4.64e-03
-2.61521e-01 4.56e-03
-2.58149e-01 4.31e-03
-2.54802e-01 3.98e-03
-2.51466e-01 3.66e-03
-2.48167e-01 3.36e-03
-2.44891e-01 3.13e-03
-2.41639e-01 2.94e-03
-2.38409e-01 2.78e-03
-2.35203e-01 2.65e-03
-2.32020e-01 2.54e-03
-2.28860e-01 2.46e-03
-2.25722e-01 2.40e-03
-2.22606e-01 2.32e-03
-2.19513e-01 2.35e-03
-2.16441e-01 2.23e-03
-2.13391e-01 2.23e-03
-2.10363e-01 2.13e-03
-2.07344e-01 2.10e-03
-2.04359e-01 2.13e-03
-2.01382e-01 2.04e-03
-1.98439e-01 2.03e-03
-1.95504e-01 2.00e-03
-1.92590e-01 2.00e-03
-1.89697e-01 2.00e-03
-1.86824e-01 2.01e-03
-1.83971e-01 2.04e-03
-1.81126e-01 2.08e-03
-1.78314e-01 2.13e-03
-1.75509e-01 2.18e-03
-1.72724e-01 2.35e-03
-1.69958e-01 2.28e-03
-1.67200e-01 2.37e-03
-1.64474e-01 2.47e-03
-1.61755e-01 2.63e-03
-1.59054e-01 2.82e-03
-1.56373e-01 3.09e-03
-1.53699e-01 3.29e-03
-1.51044e-01 3.60e-03
-1.48407e-01 4.06e-03
-1.45789e-01 4.59e-03
-1.43189e-01 5.13e-03
-1.40596e-01 5.52e-03
-1.38021e-01 8.57e-03
-1.35453e-01 1.91e-02
-1.32914e-01 6.58e-03
-1.30382e-01 5.27e-03
-1.27867e-01 5.00e-03
-1.25359e-01 4.39e-03
-1.22868e-01 3.81e-03
-1.20395e-01 3.42e-03
-1.17928e-01 3.13e-03
-1.15489e-01 2.90e-03
-1.13057e-01 2.65e-03
-1.10630e-01 2.44e-03
-1.08220e-01 2.28e-03
-1.05827e-01 2.17e-03
-1.03440e-01 2.07e-03
-1.01070e-01 2.01e-03
-9.87160e-02 1.95e-03
-9.63788e-02 1.91e-03
-9.40360e-02 1.86e-03
-9.17206e-02 1.82e-03
-8.94106e-02 1.76e-03
-8.71168e-02 1.72e-03
-8.48283e-02 1.70e-03
-8.25559e-02 1.67e-03
-8.02994e-02 1.66e-03
-7.80480e-02 1.65e-03
-7.58125e-02 1.67e-03
-7.35820e-02 1.63e-03
-7.13671e-02 1.62e-03
-6.69735e-02 1.63e-03
-6.47839e-02 1.63e-03
-6.26097e-02 1.64e-03
-6.04509e-02 1.65e-03
-5.82967e-02 1.66e-03
-5.61577e-02 1.67e-03
-5.40233e-02 1.68e-03
-5.19040e-02 1.68e-03
-4.97997e-02 1.70e-03
-4.76998e-02 1.67e-03
-4.56042e-02 1.67e-03
-4.35236e-02 1.67e-03
-4.14576e-02 1.68e-03
-3.93959e-02 1.69e-03
-3.73385e-02 1.70e-03
-3.52956e-02 1.71e-03
-3.32673e-02 1.72e-03
-3.12430e-02 1.73e-03
-2.92229e-02 1.71e-03
-2.72170e-02 1.70e-03
-2.52255e-02 1.71e-03
-2.32379e-02 1.72e-03
-2.12543e-02 1.73e-03
-1.92848e-02 1.72e-03
-1.73293e-02 1.72e-03
-1.53675e-02 1.69e-03
-1.34298e-02 1.67e-03
-1.14958e-02 1.67e-03
-9.56560e-03 1.79e-03
-7.64918e-03 1.74e-03
-5.73642e-03 1.69e-03
-3.83735e-03 1.66e-03
-1.94188e-03 1.63e-03
-5.00013e-05 1.61e-03
1.79838e-03 1.59e-03
5.58438e-03 1.55e-03
7.37275e-03 1.54e-03
9.25702e-03 1.52e-03
1.11377e-02 1.51e-03
1.29162e-02 1.50e-03
1.65621e-02 1.48e-03
2.01947e-02 1.46e-03
2.38142e-02 1.43e-03
2.73233e-02 1.41e-03
2.90732e-02 1.40e-03
3.08201e-02 1.39e-03
3.25640e-02 1.38e-03
3.43048e-02 1.37e-03
3.77774e-02 1.36e-03
3.95091e-02 1.36e-03
4.29637e-02 1.34e-03
4.46865e-02 1.33e-03
4.64064e-02 1.32e-03
4.80280e-02 1.32e-03
4.97421e-02 1.32e-03
5.14533e-02 1.31e-03
5.30667e-02 1.31e-03
5.47722e-02 1.30e-03
5.64748e-02 1.29e-03
5.80802e-02 1.29e-03
5.97772e-02 1.29e-03
6.13773e-02 1.33e-03
6.46635e-02 1.31e-03
6.62558e-02 1.30e-03
6.78455e-02 1.29e-03
6.95261e-02 1.29e-03
7.26927e-02 1.28e-03
7.58493e-02 1.28e-03
7.90884e-02 1.27e-03
8.22249e-02 1.27e-03
8.52598e-02 1.26e-03
8.83771e-02 1.26e-03
8.99321e-02 1.25e-03
9.30349e-02 1.24e-03
9.60372e-02 1.23e-03
9.75803e-02 1.23e-03
9.90305e-02 1.22e-03
1.02015e-01 1.21e-03
1.05080e-01 1.20e-03
1.07957e-01 1.19e-03
1.10915e-01 1.18e-03
1.13864e-01 1.18e-03
1.16805e-01 1.17e-03
1.19648e-01 1.16e-03
1.21067e-01 1.16e-03
1.22483e-01 1.16e-03
1.23898e-01 1.16e-03
1.25398e-01 1.16e-03
1.26809e-01 1.16e-03
1.28217e-01 1.16e-03
1.29624e-01 1.16e-03
1.31028e-01 1.17e-03
1.32431e-01 1.17e-03
1.33831e-01 1.18e-03
1.36539e-01 1.20e-03
1.37934e-01 1.21e-03
1.40718e-01 1.22e-03
1.42107e-01 1.23e-03
1.43407e-01 1.24e-03
1.44793e-01 1.24e-03
1.46176e-01 1.24e-03
1.47471e-01 1.24e-03
1.48851e-01 1.24e-03
1.50229e-01 1.23e-03
1.51519e-01 1.22e-03
1.52893e-01 1.21e-03
1.54179e-01 1.20e-03
1.56833e-01 1.17e-03
1.58200e-01 1.15e-03
1.59479e-01 1.14e-03
1.60757e-01 1.13e-03
1.62119e-01 1.12e-03
1.63394e-01 1.20e-03
1.64751e-01 1.21e-03
1.66023e-01 1.21e-03
1.67293e-01 1.22e-03
1.69912e-01 1.25e-03
1.71176e-01 1.26e-03
1.72440e-01 1.27e-03
1.73701e-01 1.28e-03
1.74961e-01 1.28e-03
1.76220e-01 1.28e-03
1.77477e-01 1.27e-03
1.78732e-01 1.27e-03
1.80069e-01 1.26e-03
1.81321e-01 1.25e-03
1.82572e-01 1.24e-03
1.83737e-01 1.22e-03
1.86231e-01 1.18e-03
1.87475e-01 1.17e-03
1.88718e-01 1.16e-03
1.89959e-01 1.16e-03
1.91199e-01 1.16e-03
1.92437e-01 1.16e-03
1.93591e-01 1.16e-03
1.94826e-01 1.15e-03
1.96060e-01 1.14e-03
1.97292e-01 1.12e-03
1.98441e-01 1.10e-03
1.99670e-01 1.08e-03
2.00898e-01 1.13e-03
2.02042e-01 1.11e-03
2.03267e-01 1.10e-03
2.04409e-01 1.10e-03
2.05631e-01 1.10e-03
2.06770e-01 1.10e-03
2.07989e-01 1.11e-03
2.09126e-01 1.12e-03
2.10342e-01 1.12e-03
2.11476e-01 1.11e-03
2.12689e-01 1.09e-03
2.13820e-01 1.07e-03
2.15031e-01 1.06e-03
2.16159e-01 1.05e-03
2.17286e-01 1.06e-03
2.18493e-01 1.06e-03
2.19617e-01 1.06e-03
2.20741e-01 1.04e-03
2.21943e-01 1.01e-03
2.23064e-01 9.75e-04
2.24183e-01 9.46e-04
2.25301e-01 9.45e-04
2.26418e-01 9.28e-04
2.27614e-01 1.12e-03
2.28728e-01 1.11e-03
2.29841e-01 1.10e-03
2.32064e-01 1.09e-03
2.33173e-01 1.08e-03
2.35388e-01 1.06e-03
2.36494e-01 1.06e-03
2.37599e-01 1.05e-03
2.38702e-01 1.04e-03
2.39804e-01 1.04e-03
2.40905e-01 1.03e-03
2.42005e-01 1.03e-03
2.44200e-01 1.03e-03
2.45296e-01 1.03e-03
2.46313e-01 1.02e-03
2.47407e-01 1.02e-03
2.48499e-01 1.01e-03
2.49591e-01 1.00e-03
2.50681e-01 9.96e-04
2.51692e-01 9.94e-04
2.53867e-01 9.94e-04
2.54875e-01 9.90e-04
2.55959e-01 9.81e-04
2.58047e-01 9.56e-04
2.59128e-01 9.46e-04
2.60208e-01 9.37e-04
2.61210e-01 9.30e-04
2.62287e-01 9.91e-04
2.63287e-01 9.86e-04
2.65360e-01 9.76e-04
2.67428e-01 9.67e-04
2.69493e-01 9.60e-04
2.71553e-01 9.52e-04
2.73609e-01 9.46e-04
2.74597e-01 9.42e-04
2.76646e-01 9.36e-04
2.78692e-01 9.30e-04
2.80657e-01 9.23e-04
2.82695e-01 9.17e-04
2.84652e-01 9.12e-04
2.86606e-01 9.06e-04
2.88632e-01 9.00e-04
2.90578e-01 8.94e-04
2.92520e-01 8.89e-04
2.93490e-01 8.86e-04
2.95427e-01 8.81e-04
2.97360e-01 8.75e-04
2.99289e-01 8.70e-04
3.01215e-01 8.65e-04
3.02177e-01 8.63e-04
3.03137e-01 8.60e-04
3.04097e-01 8.56e-04
3.04982e-01 8.54e-04
3.06896e-01 8.50e-04
3.08807e-01 8.45e-04
3.10641e-01 8.40e-04
3.12545e-01 8.35e-04
3.14373e-01 8.30e-04
3.16270e-01 8.26e-04
3.18090e-01 8.21e-04
3.19907e-01 8.16e-04
3.21794e-01 8.12e-04
3.23604e-01 8.07e-04
3.25411e-01 8.03e-04
3.27215e-01 7.99e-04
3.29016e-01 7.94e-04
3.30813e-01 7.90e-04
3.32608e-01 7.86e-04
3.34399e-01 7.81e-04
3.36115e-01 7.77e-04
3.37900e-01 7.73e-04
3.39681e-01 7.69e-04
3.41389e-01 7.64e-04
3.43164e-01 7.61e-04
3.44936e-01 7.57e-04
3.46635e-01 7.53e-04
3.48330e-01 7.49e-04
3.50093e-01 7.45e-04
3.51783e-01 7.41e-04
3.53470e-01 7.37e-04
3.55224e-01 7.34e-04
3.56905e-01 7.30e-04
3.58583e-01 7.26e-04
3.60259e-01 7.23e-04
3.61931e-01 7.19e-04
3.63601e-01 7.15e-04
3.65268e-01 7.12e-04
3.66932e-01 7.08e-04
3.68594e-01 7.05e-04
3.70183e-01 7.02e-04
3.71839e-01 6.98e-04
3.73493e-01 6.95e-04
3.75075e-01 6.91e-04
3.76723e-01 6.88e-04
3.78299e-01 6.85e-04
3.79942e-01 6.81e-04
3.81514e-01 6.78e-04
3.83151e-01 6.75e-04
3.84718e-01 6.72e-04
3.86282e-01 6.69e-04
3.87912e-01 6.66e-04
3.89471e-01 6.62e-04
3.91028e-01 6.59e-04
3.92582e-01 6.57e-04
3.94134e-01 6.53e-04
3.95684e-01 6.50e-04
3.97231e-01 6.48e-04
3.98776e-01 6.45e-04
4.00319e-01 6.42e-04
4.01859e-01 6.39e-04
4.03396e-01 6.36e-04
4.04932e-01 6.33e-04
4.06465e-01 6.30e-04
4.07929e-01 6.27e-04
4.09457e-01 6.25e-04
4.10983e-01 6.22e-04
4.12441e-01 6.19e-04
4.13962e-01 6.16e-04
4.15415e-01 6.14e-04
4.16932e-01 6.11e-04
4.18381e-01 6.08e-04
4.19828e-01 6.06e-04
4.21338e-01 6.03e-04
4.22781e-01 6.00e-04
4.24221e-01 5.98e-04
4.25725e-01 5.95e-04
4.27161e-01 5.93e-04
4.28596e-01 5.90e-04
4.30028e-01 5.88e-04
4.31458e-01 5.86e-04
4.32886e-01 5.83e-04
4.34312e-01 5.81e-04
4.35736e-01 5.78e-04
4.37158e-01 5.76e-04
4.38577e-01 5.74e-04
4.39995e-01 5.71e-04
4.41411e-01 5.69e-04
4.42761e-01 5.67e-04
4.44173e-01 5.64e-04
4.45583e-01 5.62e-04
4.46927e-01 5.60e-04
4.48333e-01 5.57e-04
4.49737e-01 5.55e-04
4.51076e-01 5.53e-04
4.52476e-01 5.51e-04
4.53811e-01 5.48e-04
4.55207e-01 5.46e-04
4.56538e-01 5.44e-04
4.57931e-01 5.42e-04
4.59259e-01 5.40e-04
4.60584e-01 5.38e-04
4.61971e-01 5.35e-04
4.63294e-01 5.33e-04
4.64614e-01 5.31e-04
4.65933e-01 5.29e-04
4.67250e-01 5.27e-04
4.68565e-01 5.25e-04
4.69941e-01 5.23e-04
4.71253e-01 5.21e-04
4.72563e-01 5.19e-04
4.73871e-01 5.18e-04
4.75178e-01 5.16e-04
4.76420e-01 5.14e-04
4.77724e-01 5.12e-04
4.79025e-01 5.10e-04
4.80325e-01 5.08e-04
4.81623e-01 5.06e-04
4.82920e-01 5.04e-04
4.84153e-01 5.02e-04
4.85446e-01 5.00e-04
4.86738e-01 4.99e-04
4.87966e-01 4.97e-04
4.89255e-01 4.95e-04
4.90480e-01 4.93e-04
4.91765e-01 4.91e-04
4.93049e-01 4.90e-04
4.94269e-01 4.88e-04
4.95489e-01 4.86e-04
4.96767e-01 4.84e-04
4.97984e-01 4.83e-04
4.99259e-01 4.81e-04
5.00472e-01 4.79e-04
5.01684e-01 4.77e-04
5.02955e-01 4.76e-04
5.04163e-01 4.74e-04
5.05371e-01 4.72e-04
5.06577e-01 4.71e-04
5.07781e-01 4.69e-04
5.09044e-01 4.67e-04
5.10245e-01 4.66e-04
5.11445e-01 4.64e-04
5.12644e-01 4.63e-04
5.13841e-01 4.61e-04
5.15037e-01 4.59e-04
5.16231e-01 4.58e-04
5.17424e-01 4.56e-04
5.18615e-01 4.55e-04
5.19746e-01 4.53e-04
5.20934e-01 4.52e-04
5.22122e-01 4.50e-04
5.23307e-01 4.49e-04
5.24492e-01 4.47e-04
5.25616e-01 4.46e-04
5.26797e-01 4.44e-04
5.27978e-01 4.43e-04
5.29157e-01 4.41e-04
5.30275e-01 4.40e-04
5.31451e-01 4.38e-04
5.32568e-01 4.37e-04
5.33741e-01 4.35e-04
5.34855e-01 4.34e-04
5.36025e-01 4.32e-04
5.37136e-01 4.31e-04
5.38305e-01 4.30e-04
5.39413e-01 4.28e-04
5.40579e-01 4.27e-04
5.41685e-01 4.25e-04
5.42789e-01 4.24e-04
5.43951e-01 4.23e-04
5.45053e-01 4.21e-04
5.46154e-01 4.20e-04
5.47312e-01 4.19e-04
5.48410e-01 4.17e-04
5.49508e-01 4.16e-04
5.50604e-01 4.15e-04
5.51699e-01 4.13e-04
5.52850e-01 4.12e-04
5.53943e-01 4.11e-04
5.55034e-01 4.10e-04
5.56124e-01 4.08e-04
5.57213e-01 4.07e-04
5.58301e-01 4.06e-04
5.59387e-01 4.04e-04
5.60473e-01 4.03e-04
5.61557e-01 4.02e-04
5.62640e-01 4.01e-04
5.63722e-01 3.99e-04
5.64745e-01 3.98e-04
5.65825e-01 3.97e-04
5.66903e-01 3.96e-04
5.67981e-01 3.95e-04
5.69057e-01 3.93e-04
5.70075e-01 3.92e-04
5.71149e-01 3.91e-04
5.72222e-01 3.90e-04
5.73293e-01 3.89e-04
5.74307e-01 3.87e-04
5.75377e-01 3.86e-04
5.76445e-01 3.85e-04
5.77456e-01 3.84e-04
5.78522e-01 3.83e-04
5.79530e-01 3.81e-04
5.80594e-01 3.80e-04
5.81601e-01 3.79e-04
5.82662e-01 3.78e-04
5.83667e-01 3.77e-04
5.84726e-01 3.76e-04
5.85729e-01 3.75e-04
5.86786e-01 3.74e-04
5.87787e-01 3.73e-04
5.88786e-01 3.72e-04
5.89840e-01 3.71e-04
5.90838e-01 3.69e-04
5.91834e-01 3.68e-04
5.92885e-01 3.67e-04
5.93879e-01 3.66e-04
5.94873e-01 3.65e-04
5.95865e-01 3.64e-04
5.96857e-01 3.63e-04
5.97902e-01 3.62e-04
5.98891e-01 3.61e-04
5.99880e-01 3.60e-04
6.00867e-01 3.59e-04
6.01854e-01 3.58e-04
6.02839e-01 3.57e-04
6.03824e-01 3.56e-04
6.04808e-01 3.55e-04
6.05790e-01 3.54e-04
6.06772e-01 3.53e-04
6.07753e-01 3.52e-04
6.08732e-01 3.51e-04
6.09711e-01 3.50e-04
6.10689e-01 3.49e-04
6.11666e-01 3.48e-04
6.12642e-01 3.47e-04
6.13617e-01 3.46e-04
6.14591e-01 3.45e-04
6.15510e-01 3.44e-04
6.16482e-01 3.43e-04
6.17453e-01 3.42e-04
6.18424e-01 3.41e-04
6.19339e-01 3.40e-04
6.20308e-01 3.40e-04
6.21275e-01 3.39e-04
6.22242e-01 3.38e-04
6.23154e-01 3.37e-04
6.24119e-01 3.36e-04
6.25082e-01 3.35e-04
6.25992e-01 3.34e-04
6.26954e-01 3.33e-04
6.27862e-01 3.32e-04
6.28822e-01 3.32e-04
6.29728e-01 3.31e-04
6.30686e-01 3.30e-04
6.31591e-01 3.29e-04
6.32548e-01 3.28e-04
6.33450e-01 3.27e-04
6.34405e-01 3.26e-04
6.35306e-01 3.25e-04
6.36259e-01 3.25e-04
6.37159e-01 3.24e-04
6.38110e-01 3.23e-04
6.39008e-01 3.22e-04
6.39905e-01 3.21e-04
6.40853e-01 3.20e-04
6.41749e-01 3.20e-04
6.42643e-01 3.19e-04
6.43537e-01 3.18e-04
6.44482e-01 3.17e-04
6.45374e-01 3.16e-04
6.46265e-01 3.15e-04
6.47156e-01 3.15e-04
6.48098e-01 3.14e-04
6.48986e-01 3.13e-04
6.49874e-01 3.12e-04
6.50761e-01 3.11e-04
6.51648e-01 3.11e-04
6.52533e-01 3.10e-04
6.53418e-01 3.09e-04
6.54302e-01 3.08e-04
6.55186e-01 3.07e-04
6.56120e-01 3.07e-04
6.57002e-01 3.06e-04
6.57883e-01 3.05e-04
6.58763e-01 3.04e-04
6.59642e-01 3.04e-04
6.60469e-01 3.03e-04
6.61347e-01 3.02e-04
6.62224e-01 3.01e-04
6.63100e-01 3.01e-04
6.63976e-01 3.00e-04
6.64851e-01 2.99e-04
6.65725e-01 2.98e-04
6.66598e-01 2.98e-04
6.67470e-01 2.97e-04
6.68291e-01 2.96e-04
6.69162e-01 2.96e-04
6.70032e-01 2.95e-04
6.70902e-01 2.94e-04
6.71719e-01 2.93e-04
6.72587e-01 2.93e-04
6.73455e-01 2.92e-04
6.74321e-01 2.91e-04
6.75136e-01 2.91e-04
6.76001e-01 2.90e-04
6.76865e-01 2.89e-04
6.77678e-01 2.88e-04
6.78541e-01 2.88e-04
6.79403e-01 2.87e-04
6.80214e-01 2.86e-04
6.81075e-01 2.86e-04
6.81884e-01 2.85e-04
6.82743e-01 2.84e-04
6.83551e-01 2.84e-04
6.84409e-01 2.83e-04
6.85266e-01 2.82e-04
6.86072e-01 2.82e-04
6.86878e-01 2.81e-04
6.87733e-01 2.80e-04
6.88537e-01 2.80e-04
6.89390e-01 2.79e-04
6.90193e-01 2.78e-04
6.91045e-01 2.78e-04
6.91846e-01 2.77e-04
6.92647e-01 2.76e-04
6.93497e-01 2.76e-04
6.94297e-01 2.75e-04
6.95145e-01 2.74e-04
6.95943e-01 2.74e-04
6.96741e-01 2.73e-04
6.97538e-01 2.73e-04
6.98383e-01 2.72e-04
6.99179e-01 2.71e-04
6.99974e-01 2.71e-04
7.00818e-01 2.70e-04
7.01611e-01 2.70e-04
7.02404e-01 2.69e-04
7.03197e-01 2.68e-04
7.03988e-01 2.68e-04
7.04829e-01 2.67e-04
7.05619e-01 2.67e-04
7.06409e-01 2.66e-04
7.07198e-01 2.65e-04
7.07987e-01 2.65e-04
7.08774e-01 2.64e-04
7.09562e-01 2.64e-04
7.10348e-01 2.63e-04
7.11134e-01 2.62e-04
7.11920e-01 2.62e-04
7.12754e-01 2.61e-04
7.13538e-01 2.61e-04
7.14321e-01 2.60e-04
7.15104e-01 2.60e-04
7.15887e-01 2.59e-04
7.16668e-01 2.58e-04
7.17401e-01 2.58e-04
7.18181e-01 2.57e-04
7.18961e-01 2.57e-04
7.19740e-01 2.56e-04
7.20519e-01 2.56e-04
7.21297e-01 2.55e-04
7.22075e-01 2.54e-04
7.22852e-01 2.54e-04
7.23628e-01 2.53e-04
7.24404e-01 2.53e-04
7.25130e-01 2.52e-04
7.25905e-01 2.52e-04
7.26679e-01 2.51e-04
7.27452e-01 2.51e-04
7.28225e-01 2.50e-04
7.28949e-01 2.50e-04
7.29720e-01 2.49e-04
7.30491e-01 2.48e-04
7.31262e-01 2.48e-04
7.31983e-01 2.47e-04
7.32752e-01 2.47e-04
7.33521e-01 2.46e-04
7.34241e-01 2.46e-04
7.35009e-01 2.45e-04
7.35776e-01 2.45e-04
7.36494e-01 2.44e-04
7.37260e-01 2.44e-04
7.38025e-01 2.43e-04
7.38742e-01 2.43e-04
7.39506e-01 2.42e-04
7.40222e-01 2.42e-04
7.40985e-01 2.41e-04
7.41747e-01 2.41e-04
7.42461e-01 2.40e-04
7.43222e-01 2.40e-04
7.43935e-01 2.39e-04
7.44695e-01 2.39e-04
7.45408e-01 2.38e-04
7.46166e-01 2.38e-04
7.46878e-01 2.37e-04
7.47635e-01 2.37e-04
7.48345e-01 2.36e-04
7.49102e-01 2.36e-04
7.49811e-01 2.35e-04
7.50567e-01 2.35e-04
7.51275e-01 2.34e-04
7.51982e-01 2.34e-04
7.52736e-01 2.33e-04
7.53442e-01 2.33e-04
7.54148e-01 2.32e-04
7.54901e-01 2.32e-04
7.55605e-01 2.31e-04
7.56357e-01 2.31e-04
7.57061e-01 2.31e-04
7.57764e-01 2.30e-04
7.58467e-01 2.30e-04
7.59216e-01 2.29e-04
7.59918e-01 2.29e-04
7.60619e-01 2.28e-04
7.61366e-01 2.28e-04
7.62067e-01 2.27e-04
7.62767e-01 2.27e-04
7.63466e-01 2.26e-04
7.64211e-01 2.26e-04
7.64910e-01 2.26e-04
7.65607e-01 2.25e-04
7.66305e-01 2.25e-04
7.67002e-01 2.24e-04
7.67698e-01 2.24e-04
7.68440e-01 2.23e-04
7.69136e-01 2.23e-04
7.69830e-01 2.22e-04
7.70525e-01 2.22e-04
7.71219e-01 2.22e-04
7.71912e-01 2.21e-04
7.72605e-01 2.21e-04
7.73298e-01 2.20e-04
7.73990e-01 2.20e-04
7.74681e-01 2.19e-04
7.75418e-01 2.19e-04
7.76109e-01 2.18e-04
7.76799e-01 2.18e-04
7.77488e-01 2.18e-04
7.78177e-01 2.17e-04
7.78866e-01 2.17e-04
7.79554e-01 2.16e-04
7.80242e-01 2.16e-04
7.80929e-01 2.16e-04
7.81570e-01 2.15e-04
7.82256e-01 2.15e-04
7.82942e-01 2.14e-04
7.83628e-01 2.14e-04
7.84312e-01 2.14e-04
7.84997e-01 2.13e-04
7.85681e-01 2.13e-04
7.86364e-01 2.12e-04
7.87047e-01 2.12e-04
7.87730e-01 2.12e-04
7.88366e-01 2.11e-04
7.89048e-01 2.11e-04
7.89729e-01 2.10e-04
7.90410e-01 2.10e-04
7.91090e-01 2.10e-04
7.91770e-01 2.09e-04
7.92404e-01 2.09e-04
7.93083e-01 2.08e-04
7.93761e-01 2.08e-04
7.94439e-01 2.08e-04
7.95117e-01 2.07e-04
7.95749e-01 2.07e-04
7.96426e-01 2.06e-04
7.97102e-01 2.06e-04
7.97732e-01 2.06e-04
7.98408e-01 2.05e-04
7.99083e-01 2.05e-04
7.99757e-01 2.04e-04
8.00386e-01 2.04e-04
8.01059e-01 2.04e-04
8.01732e-01 2.03e-04
8.02360e-01 2.03e-04
8.03032e-01 2.03e-04
8.03704e-01 2.02e-04
8.04331e-01 2.02e-04
8.05002e-01 2.01e-04
8.05627e-01 2.01e-04
8.06297e-01 2.01e-04
8.06967e-01 2.00e-04
8.07591e-01 2.00e-04
8.08260e-01 2.00e-04
8.08884e-01 1.99e-04
8.09551e-01 1.99e-04
8.10174e-01 1.99e-04
8.10841e-01 1.98e-04
8.11463e-01 1.98e-04
8.12129e-01 1.98e-04
8.12751e-01 1.97e-04
8.13416e-01 1.97e-04
8.14036e-01 1.96e-04
8.14701e-01 1.96e-04
8.15321e-01 1.96e-04
8.15984e-01 1.95e-04
8.16603e-01 1.95e-04
8.17266e-01 1.95e-04
8.17884e-01 1.94e-04
8.18546e-01 1.94e-04
8.19163e-01 1.94e-04
8.19824e-01 1.93e-04
8.20440e-01 1.93e-04
8.21057e-01 1.93e-04
8.21716e-01 1.92e-04
8.22332e-01 1.92e-04
8.22947e-01 1.92e-04
8.23605e-01 1.91e-04
8.24219e-01 1.91e-04
8.24833e-01 1.91e-04
8.25490e-01 1.90e-04
8.26103e-01 1.90e-04
8.26716e-01 1.90e-04
8.27372e-01 1.89e-04
8.27984e-01 1.89e-04
8.28595e-01 1.89e-04
8.29250e-01 1.88e-04
8.29861e-01 1.88e-04
8.30471e-01 1.88e-04
8.31081e-01 1.87e-04
8.31735e-01 1.87e-04
8.32344e-01 1.87e-04
8.32953e-01 1.86e-04
8.33561e-01 1.86e-04
8.34213e-01 1.86e-04
8.34820e-01 1.85e-04
8.35428e-01 1.85e-04
8.36035e-01 1.85e-04
8.36641e-01 1.84e-04
8.37291e-01 1.84e-04
8.37897e-01 1.84e-04
8.38502e-01 1.84e-04
8.39107e-01 1.83e-04
8.39712e-01 1.83e-04
8.40316e-01 1.83e-04
8.40964e-01 1.82e-04
8.41567e-01 1.82e-04
8.42170e-01 1.82e-04
8.42773e-01 1.81e-04
8.43376e-01 1.81e-04
8.43978e-01 1.81e-04
8.44580e-01 1.80e-04
8.45181e-01 1.80e-04
8.45782e-01 1.80e-04
8.46383e-01 1.80e-04
8.46984e-01 1.79e-04
8.47584e-01 1.79e-04
8.48226e-01 1.79e-04
8.48825e-01 1.78e-04
8.49424e-01 1.78e-04
8.50023e-01 1.78e-04
8.50621e-01 1.77e-04
8.51219e-01 1.77e-04
8.51816e-01 1.77e-04
8.52413e-01 1.77e-04
8.53010e-01 1.76e-04
8.53606e-01 1.76e-04
8.54160e-01 1.76e-04
8.54756e-01 1.75e-04
8.55351e-01 1.75e-04
8.55946e-01 1.75e-04
8.56541e-01 1.75e-04
8.57135e-01 1.74e-04
8.57729e-01 1.74e-04
8.58323e-01 1.74e-04
8.58916e-01 1.73e-04
8.59509e-01 1.73e-04
8.60101e-01 1.73e-04
8.60693e-01 1.73e-04
8.61243e-01 1.72e-04
8.61835e-01 1.72e-04
8.62426e-01 1.72e-04
8.63017e-01 1.71e-04
8.63607e-01 1.71e-04
8.64197e-01 1.71e-04
8.64745e-01 1.71e-04
8.65334e-01 1.70e-04
8.65923e-01 1.70e-04
8.66512e-01 1.70e-04
8.67100e-01 1.70e-04
8.67689e-01 1.69e-04
8.68234e-01 1.69e-04
8.68822e-01 1.69e-04
8.69409e-01 1.69e-04
8.69995e-01 1.68e-04
8.70540e-01 1.68e-04
8.71126e-01 1.68e-04
8.71712e-01 1.67e-04
8.72297e-01 1.67e-04
8.72840e-01 1.67e-04
8.73425e-01 1.67e-04
8.74009e-01 1.66e-04
8.74552e-01 1.66e-04
8.75135e-01 1.66e-04
8.75719e-01 1.66e-04
8.76302e-01 1.65e-04
8.76843e-01 1.65e-04
8.77425e-01 1.65e-04
8.78007e-01 1.65e-04
8.78547e-01 1.64e-04
8.79129e-01 1.64e-04
8.79710e-01 1.64e-04
8.80249e-01 1.64e-04
8.80829e-01 1.63e-04
8.81368e-01 1.63e-04
8.81948e-01 1.63e-04
8.82527e-01 1.62e-04
8.83065e-01 1.62e-04
8.83644e-01 1.62e-04
8.84181e-01 1.62e-04
8.84759e-01 1.61e-04
8.85337e-01 1.61e-04
8.85873e-01 1.61e-04
8.86450e-01 1.61e-04
8.86985e-01 1.60e-04
8.87562e-01 1.60e-04
8.88097e-01 1.60e-04
8.88673e-01 1.60e-04
8.89248e-01 1.59e-04
8.89782e-01 1.59e-04
8.90357e-01 1.59e-04
8.90891e-01 1.59e-04
8.91178e-01 1.59e-04
8.91711e-01 1.58e-04
8.92285e-01 1.58e-04
8.92817e-01 1.58e-04
8.93391e-01 1.58e-04
8.93922e-01 1.57e-04
8.94495e-01 1.57e-04
8.95026e-01 1.57e-04
8.95598e-01 1.57e-04
8.96129e-01 1.56e-04
8.96700e-01 1.56e-04
8.97230e-01 1.56e-04
8.97760e-01 1.56e-04
8.98330e-01 1.55e-04
8.98860e-01 1.55e-04
8.99429e-01 1.55e-04
8.99958e-01 1.55e-04
9.00527e-01 1.55e-04
9.01055e-01 1.54e-04
9.01583e-01 1.54e-04
9.02151e-01 1.54e-04
9.02679e-01 1.54e-04
9.03205e-01 1.53e-04
9.03773e-01 1.53e-04
9.04299e-01 1.53e-04
9.04866e-01 1.53e-04
9.05392e-01 1.52e-04
9.05917e-01 1.52e-04
9.06483e-01 1.52e-04
9.07008e-01 1.52e-04
9.07532e-01 1.52e-04
9.08097e-01 1.51e-04
9.08621e-01 1.51e-04
9.09145e-01 1.51e-04
9.09669e-01 1.51e-04
9.10232e-01 1.50e-04
9.10755e-01 1.50e-04
9.11278e-01 1.50e-04
9.11841e-01 1.50e-04
9.12363e-01 1.50e-04
9.12885e-01 1.49e-04
9.13407e-01 1.49e-04
9.13968e-01 1.49e-04
9.14489e-01 1.49e-04
9.15010e-01 1.49e-04
9.15530e-01 1.48e-04
9.16091e-01 1.48e-04
9.16611e-01 1.48e-04
9.17130e-01 1.48e-04
9.17650e-01 1.47e-04
9.18169e-01 1.47e-04
9.18728e-01 1.47e-04
9.19246e-01 1.47e-04
9.19765e-01 1.47e-04
9.20283e-01 1.46e-04
9.20801e-01 1.46e-04
9.21358e-01 1.46e-04
9.21875e-01 1.46e-04
9.22392e-01 1.46e-04
9.22909e-01 1.45e-04
9.23425e-01 1.45e-04
9.23941e-01 1.45e-04
9.24457e-01 1.45e-04
9.25013e-01 1.45e-04
9.25528e-01 1.44e-04
9.26043e-01 1.44e-04
9.26558e-01 1.44e-04
9.27072e-01 1.44e-04
9.27587e-01 1.44e-04
9.28101e-01 1.43e-04
9.28614e-01 1.43e-04
9.29128e-01 1.43e-04
9.29681e-01 1.43e-04
9.30194e-01 1.43e-04
9.30706e-01 1.42e-04
9.31219e-01 1.42e-04
9.31731e-01 1.42e-04
9.32243e-01 1.42e-04
9.32754e-01 1.42e-04
9.33266e-01 1.41e-04
9.33777e-01 1.41e-04
9.34288e-01 1.41e-04
9.34798e-01 1.41e-04
9.35309e-01 1.41e-04
9.35819e-01 1.40e-04
9.36329e-01 1.40e-04
9.36838e-01 1.40e-04
9.37347e-01 1.40e-04
9.37857e-01 1.40e-04
9.38365e-01 1.39e-04
9.38874e-01 1.39e-04
9.39382e-01 1.39e-04
9.39890e-01 1.39e-04
9.40398e-01 1.39e-04
9.40905e-01 1.38e-04
9.41413e-01 1.38e-04
9.41919e-01 1.38e-04
9.42426e-01 1.38e-04
9.42933e-01 1.38e-04
9.43439e-01 1.38e-04
9.43945e-01 1.37e-04
9.44450e-01 1.37e-04
9.44956e-01 1.37e-04
9.45422e-01 1.37e-04
9.45927e-01 1.37e-04
9.46432e-01 1.36e-04
9.46936e-01 1.36e-04
9.47441e-01 1.36e-04
9.47944e-01 1.36e-04
9.48448e-01 1.36e-04
9.48952e-01 1.35e-04
9.49455e-01 1.35e-04
9.49919e-01 1.35e-04
9.50422e-01 1.35e-04
9.50924e-01 1.35e-04
9.51426e-01 1.35e-04
9.51928e-01 1.34e-04
9.52430e-01 1.34e-04
9.52931e-01 1.34e-04
9.53394e-01 1.34e-04
9.53895e-01 1.34e-04
9.54395e-01 1.33e-04
9.54896e-01 1.33e-04
9.55396e-01 1.33e-04
9.55896e-01 1.33e-04
9.56357e-01 1.33e-04
9.56857e-01 1.33e-04
9.57356e-01 1.32e-04
9.57855e-01 1.32e-04
9.58354e-01 1.32e-04
9.58814e-01 1.32e-04
9.59312e-01 1.32e-04
9.59810e-01 1.32e-04
9.60308e-01 1.31e-04
9.60767e-01 1.31e-04
9.61264e-01 1.31e-04
9.61761e-01 1.31e-04
9.62258e-01 1.31e-04
9.62716e-01 1.31e-04
9.63212e-01 1.30e-04
9.63709e-01 1.30e-04
9.64204e-01 1.30e-04
9.64433e-01 1.30e-04
9.64662e-01 1.30e-04
9.65157e-01 1.30e-04
9.65652e-01 1.29e-04
9.66147e-01 1.29e-04
9.66604e-01 1.29e-04
9.67098e-01 1.29e-04
9.67592e-01 1.29e-04
9.68048e-01 1.29e-04
9.68542e-01 1.28e-04
9.69035e-01 1.28e-04
9.69490e-01 1.28e-04
9.69983e-01 1.28e-04
9.70476e-01 1.28e-04
9.70930e-01 1.28e-04
9.71423e-01 1.27e-04
9.71915e-01 1.27e-04
9.72369e-01 1.27e-04
9.72860e-01 1.27e-04
9.73351e-01 1.27e-04
9.73805e-01 1.27e-04
9.74295e-01 1.26e-04
9.74786e-01 1.26e-04
9.75239e-01 1.26e-04
9.75729e-01 1.26e-04
9.76181e-01 1.26e-04
9.76671e-01 1.26e-04
9.77160e-01 1.26e-04
9.77612e-01 1.25e-04
9.78101e-01 1.25e-04
9.78552e-01 1.25e-04
9.79040e-01 1.25e-04
9.79528e-01 1.25e-04
9.79979e-01 1.25e-04
9.80467e-01 1.24e-04
9.80917e-01 1.24e-04
9.81404e-01 1.24e-04
9.81891e-01 1.24e-04
9.82341e-01 1.24e-04
9.82827e-01 1.24e-04
9.83276e-01 1.23e-04
9.83762e-01 1.23e-04
9.84211e-01 1.23e-04
9.84697e-01 1.23e-04
9.85145e-01 1.23e-04
9.85630e-01 1.23e-04
9.86078e-01 1.23e-04
9.86563e-01 1.22e-04
9.87010e-01 1.22e-04
9.87494e-01 1.22e-04
9.87941e-01 1.22e-04
9.88425e-01 1.22e-04
9.88872e-01 1.22e-04
9.89355e-01 1.22e-04
9.89801e-01 1.21e-04
9.90284e-01 1.21e-04
9.90730e-01 1.21e-04
9.91213e-01 1.21e-04
9.91658e-01 1.21e-04
9.92140e-01 1.21e-04
9.92585e-01 1.21e-04
9.93067e-01 1.20e-04
9.93511e-01 1.20e-04
9.93992e-01 1.20e-04
9.94436e-01 1.20e-04
9.94917e-01 1.20e-04
9.95361e-01 1.20e-04
9.95804e-01 1.19e-04
9.96284e-01 1.19e-04
9.96727e-01 1.19e-04
9.97207e-01 1.19e-04
9.97649e-01 1.19e-04
9.98129e-01 1.19e-04
9.98571e-01 1.19e-04
9.99013e-01 1.18e-04
9.99492e-01 1.18e-04
9.99933e-01 1.18e-04
1.00041e+00 1.18e-04
1.00085e+00 1.18e-04
1.00129e+00 1.18e-04
1.00177e+00 1.18e-04
1.00221e+00 1.17e-04
1.00269e+00 1.17e-04
1.00313e+00 1.17e-04
1.00357e+00 1.17e-04
1.00405e+00 1.17e-04
1.00448e+00 1.17e-04
1.00492e+00 1.17e-04
1.00540e+00 1.17e-04
1.00584e+00 1.16e-04
1.00628e+00 1.16e-04
1.00675e+00 1.16e-04
1.00719e+00 1.16e-04
1.00763e+00 1.16e-04
1.00810e+00 1.16e-04
1.00854e+00 1.16e-04
1.00898e+00 1.15e-04
1.00945e+00 1.15e-04
1.00989e+00 1.15e-04
1.01033e+00 1.15e-04
1.01080e+00 1.15e-04
1.01124e+00 1.15e-04
1.01167e+00 1.15e-04
1.01215e+00 1.14e-04
1.01258e+00 1.14e-04
1.01302e+00 1.14e-04
1.01345e+00 1.14e-04
1.01393e+00 1.14e-04
1.01436e+00 1.14e-04
1.01480e+00 1.14e-04
1.01527e+00 1.14e-04
1.01570e+00 1.13e-04
1.01614e+00 1.13e-04
1.01657e+00 1.13e-04
1.01704e+00 1.13e-04
1.01747e+00 1.13e-04
1.01791e+00 1.13e-04
1.01834e+00 1.13e-04
1.01881e+00 1.13e-04
1.01924e+00 1.12e-04
1.01968e+00 1.12e-04
1.02011e+00 1.12e-04
1.02054e+00 1.12e-04
1.02101e+00 1.12e-04
1.02144e+00 1.12e-04
1.02188e+00 1.12e-04
1.02231e+00 1.12e-04
1.02277e+00 1.11e-04
1.02321e+00 1.11e-04
1.02364e+00 1.11e-04
1.02407e+00 1.11e-04
1.02450e+00 1.11e-04
1.02497e+00 1.11e-04
1.02540e+00 1.11e-04
1.02583e+00 1.11e-04
1.02626e+00 1.10e-04
1.02669e+00 1.10e-04
1.02712e+00 1.10e-04
1.02758e+00 1.10e-04
1.02801e+00 1.10e-04
1.02844e+00 1.10e-04
1.02887e+00 1.10e-04
1.02930e+00 1.10e-04
1.02973e+00 1.09e-04
1.03019e+00 1.09e-04
1.03062e+00 1.09e-04
1.03105e+00 1.09e-04
1.03147e+00 1.09e-04
1.03190e+00 1.09e-04
1.03233e+00 1.09e-04
1.03276e+00 1.09e-04
1.03322e+00 1.09e-04
1.03365e+00 1.08e-04
1.03407e+00 1.08e-04
1.03450e+00 1.08e-04
1.03493e+00 1.08e-04
1.03535e+00 1.08e-04
1.03578e+00 1.08e-04
1.03620e+00 1.08e-04
1.03663e+00 1.08e-04
1.03706e+00 1.07e-04
1.03752e+00 1.07e-04
1.03794e+00 1.07e-04
1.03837e+00 1.07e-04
1.03879e+00 1.07e-04
1.03922e+00 1.07e-04
1.03964e+00 1.07e-04
1.04006e+00 1.07e-04
1.04049e+00 1.07e-04
1.04091e+00 1.06e-04
1.04134e+00 1.06e-04
1.04176e+00 1.06e-04
1.04218e+00 1.06e-04
1.04261e+00 1.06e-04
1.04303e+00 1.06e-04
1.04349e+00 1.06e-04
1.04391e+00 1.06e-04
1.04433e+00 1.06e-04
1.04475e+00 1.05e-04
1.04518e+00 1.05e-04
1.04560e+00 1.05e-04
1.04602e+00 1.05e-04
1.04644e+00 1.05e-04
1.04686e+00 1.05e-04
1.04728e+00 1.05e-04
1.04770e+00 1.05e-04
1.04813e+00 1.05e-04
1.04855e+00 1.04e-04
1.04897e+00 1.04e-04
1.04939e+00 1.04e-04
1.04981e+00 1.04e-04
1.05023e+00 1.04e-04
1.05065e+00 1.04e-04
1.05107e+00 1.04e-04
1.05149e+00 1.04e-04
1.05190e+00 1.04e-04
1.05232e+00 1.03e-04
1.05274e+00 1.03e-04
1.05316e+00 1.03e-04
1.05358e+00 1.03e-04
1.05400e+00 1.03e-04
1.05442e+00 1.03e-04
1.05483e+00 1.03e-04
1.05522e+00 1.03e-04
1.05564e+00 1.03e-04
1.05605e+00 1.03e-04
1.05647e+00 1.02e-04
1.05689e+00 1.02e-04
1.05730e+00 1.02e-04
1.05772e+00 1.02e-04
1.05814e+00 1.02e-04
1.05855e+00 1.02e-04
1.05897e+00 1.02e-04
1.05939e+00 1.02e-04
1.05980e+00 1.02e-04
1.06022e+00 1.01e-04
1.06063e+00 1.01e-04
1.06105e+00 1.01e-04
1.06143e+00 1.01e-04
1.06184e+00 1.01e-04
1.06226e+00 1.01e-04
1.06267e+00 1.01e-04
1.06309e+00 1.01e-04
1.06350e+00 1.01e-04
1.06392e+00 1.01e-04
1.06433e+00 1.00e-04
1.06475e+00 1.00e-04
1.06516e+00 1.00e-04
1.06554e+00 1.00e-04
1.08231e+00 9.62e-05
1.09514e+00 9.34e-05
1.10618e+00 9.10e-05
1.11933e+00 8.84e-05
1.12626e+00 8.71e-05
1.14119e+00 8.45e-05
1.14138e+00 8.44e-05
1.14158e+00 8.91e-05
1.15974e+00 8.63e-05
1.17016e+00 8.49e-05
1.18179e+00 8.35e-05
1.19344e+00 8.21e-05
1.20423e+00 8.11e-05
1.20438e+00 8.09e-05
1.22045e+00 7.98e-05
1.23169e+00 7.93e-05
1.24118e+00 7.90e-05
1.25182e+00 7.90e-05
1.26031e+00 7.92e-05
1.26621e+00 7.94e-05
1.27363e+00 7.99e-05
1.27670e+00 8.02e-05
1.28282e+00 8.08e-05
1.28647e+00 8.12e-05
1.29132e+00 8.19e-05
1.29434e+00 8.24e-05
1.29823e+00 8.31e-05
1.30153e+00 8.38e-05
1.30332e+00 8.42e-05
1.30571e+00 8.47e-05
1.30779e+00 8.53e-05
1.30955e+00 8.57e-05
1.31074e+00 8.60e-05
1.31103e+00 8.61e-05
1.31133e+00 8.62e-05
1.31162e+00 8.63e-05
1.31192e+00 8.64e-05
1.31222e+00 8.65e-05
1.31251e+00 8.66e-05
1.31281e+00 8.67e-05
1.31311e+00 8.68e-05
1.31340e+00 8.68e-05
1.31370e+00 8.69e-05
1.31399e+00 8.70e-05
1.31429e+00 8.71e-05
1.31458e+00 8.72e-05
1.31488e+00 8.73e-05
1.31517e+00 8.74e-05
1.31547e+00 8.75e-05
1.31576e+00 8.76e-05
1.31606e+00 8.77e-05
1.31635e+00 8.78e-05
1.31665e+00 8.79e-05
1.31694e+00 8.80e-05
1.31724e+00 8.81e-05
1.31753e+00 8.82e-05
1.31783e+00 8.83e-05
1.31812e+00 8.84e-05
1.31842e+00 8.85e-05
1.31871e+00 8.86e-05
1.31901e+00 8.87e-05
1.31930e+00 8.88e-05
1.31959e+00 8.89e-05
1.31989e+00 8.90e-05
1.32018e+00 8.91e-05
1.32048e+00 8.92e-05
1.32077e+00 8.93e-05
1.32106e+00 8.94e-05
1.32133e+00 8.96e-05
1.32162e+00 8.97e-05
1.32192e+00 8.98e-05
1.32221e+00 8.99e-05
1.32250e+00 9.00e-05
1.32280e+00 9.01e-05
1.32309e+00 9.02e-05
1.32338e+00 9.04e-05
1.32367e+00 9.05e-05
1.32397e+00 9.06e-05
1.32426e+00 9.07e-05
1.32455e+00 9.08e-05
1.32484e+00 9.10e-05
1.32514e+00 9.11e-05
1.32543e+00 9.12e-05
1.32572e+00 9.13e-05
1.32601e+00 9.15e-05
1.32631e+00 9.16e-05
1.32660e+00 9.17e-05
1.32689e+00 9.18e-05
1.32718e+00 9.20e-05
1.32747e+00 9.21e-05
1.32776e+00 9.22e-05
1.32806e+00 9.24e-05
1.32835e+00 9.25e-05
1.32864e+00 9.27e-05
1.32893e+00 9.28e-05
1.32922e+00 9.29e-05
1.32951e+00 9.31e-05
1.32980e+00 9.32e-05
1.33009e+00 9.33e-05
1.33039e+00 9.35e-05
1.33068e+00 9.36e-05
1.33097e+00 9.38e-05
1.33126e+00 9.39e-05
1.33155e+00 9.41e-05
1.33184e+00 9.42e-05
1.33213e+00 9.44e-05
1.33242e+00 9.45e-05
1.33271e+00 9.47e-05
1.33300e+00 9.48e-05
1.33329e+00 9.50e-05
1.33358e+00 9.51e-05
1.33387e+00 9.53e-05
1.33416e+00 9.55e-05
1.33445e+00 9.56e-05
1.33471e+00 9.58e-05
1.33500e+00 9.59e-05
1.33529e+00 9.61e-05
1.33558e+00 9.63e-05
1.33587e+00 9.64e-05
1.33616e+00 9.66e-05
1.33645e+00 9.68e-05
1.33674e+00 9.69e-05
1.33703e+00 9.71e-05
1.33731e+00 9.73e-05
1.33760e+00 9.75e-05
1.33789e+00 9.76e-05
1.33818e+00 9.78e-05
1.33847e+00 9.80e-05
1.33876e+00 9.82e-05
1.33905e+00 9.84e-05
1.33933e+00 9.86e-05
1.33962e+00 9.87e-05
1.33991e+00 9.89e-05
1.34020e+00 9.91e-05
1.34049e+00 9.93e-05
1.34077e+00 9.95e-05
1.34106e+00 9.97e-05
1.34135e+00 9.99e-05
1.34164e+00 1.00e-04
1.34192e+00 1.00e-04
1.34221e+00 1.00e-04
1.34250e+00 1.01e-04
1.34279e+00 1.01e-04
1.34307e+00 1.01e-04
1.34336e+00 1.01e-04
1.34365e+00 1.01e-04
1.34393e+00 1.02e-04
1.34422e+00 1.02e-04
1.34451e+00 1.02e-04
1.34480e+00 1.02e-04
1.34508e+00 1.03e-04
1.34537e+00 1.03e-04
1.34565e+00 1.03e-04
1.34594e+00 1.03e-04
1.34623e+00 1.03e-04
1.34651e+00 1.04e-04
1.34680e+00 1.04e-04
1.34709e+00 1.04e-04
1.34737e+00 1.04e-04
1.34766e+00 1.05e-04
1.34794e+00 1.05e-04
1.34823e+00 1.05e-04
1.34851e+00 1.05e-04
1.34880e+00 1.06e-04
1.34909e+00 1.06e-04
1.34937e+00 1.06e-04
1.34966e+00 1.06e-04
1.34994e+00 1.07e-04
1.35023e+00 1.07e-04
1.35051e+00 1.07e-04
1.35080e+00 1.07e-04
1.35108e+00 1.08e-04
1.35137e+00 1.08e-04
1.35165e+00 1.08e-04
1.35194e+00 1.08e-04
1.35222e+00 1.09e-04
1.35250e+00 1.09e-04
1.35279e+00 1.09e-04
1.35307e+00 1.09e-04
1.35336e+00 1.10e-04
1.35364e+00 1.10e-04
1.35393e+00 1.10e-04
1.35421e+00 1.11e-04
1.35434e+00 1.11e-04
1.35449e+00 1.11e-04
1.35478e+00 1.11e-04
1.35506e+00 1.11e-04
1.35535e+00 1.12e-04
1.35563e+00 1.12e-04
1.35591e+00 1.12e-04
1.35620e+00 1.13e-04
1.35648e+00 1.13e-04
1.35676e+00 1.13e-04
1.35705e+00 1.13e-04
1.35733e+00 1.14e-04
1.35761e+00 1.14e-04
1.35789e+00 1.14e-04
1.35818e+00 1.15e-04
1.35846e+00 1.15e-04
1.35874e+00 1.15e-04
1.35903e+00 1.16e-04
1.35931e+00 1.16e-04
1.35959e+00 1.16e-04
1.35987e+00 1.17e-04
1.36016e+00 1.17e-04
1.36044e+00 1.17e-04
1.36072e+00 1.18e-04
1.36100e+00 1.18e-04
1.36128e+00 1.19e-04
1.36157e+00 1.19e-04
1.36185e+00 1.19e-04
1.36213e+00 1.20e-04
1.36241e+00 1.20e-04
1.36269e+00 1.20e-04
1.36297e+00 1.21e-04
1.36326e+00 1.21e-04
1.36354e+00 1.22e-04
1.36382e+00 1.22e-04
1.36410e+00 1.22e-04
1.36438e+00 1.23e-04
1.36466e+00 1.23e-04
1.36494e+00 1.24e-04
1.36522e+00 1.24e-04
1.36550e+00 1.24e-04
1.36579e+00 1.25e-04
1.36607e+00 1.25e-04
1.36635e+00 1.26e-04
1.36663e+00 1.26e-04
1.36691e+00 1.27e-04
1.36719e+00 1.27e-04
1.36747e+00 1.27e-04
1.36775e+00 1.28e-04
1.36803e+00 1.28e-04
1.36831e+00 1.29e-04
1.36859e+00 1.29e-04
1.36887e+00 1.30e-04
1.36915e+00 1.30e-04
1.36945e+00 1.31e-04
1.36973e+00 1.31e-04
1.37001e+00 1.32e-04
1.37029e+00 1.32e-04
1.37057e+00 1.33e-04
1.37085e+00 1.33e-04
1.37113e+00 1.34e-04
1.37141e+00 1.34e-04
1.37169e+00 1.35e-04
1.37197e+00 1.35e-04
1.37225e+00 1.36e-04
1.37252e+00 1.36e-04
1.37280e+00 1.37e-04
1.37308e+00 1.37e-04
1.37336e+00 1.38e-04
1.37364e+00 1.39e-04
1.37392e+00 1.39e-04
1.37420e+00 1.40e-04
1.37447e+00 1.40e-04
1.37475e+00 1.41e-04
1.37503e+00 1.41e-04
1.37531e+00 1.42e-04
1.37559e+00 1.43e-04
1.37587e+00 1.43e-04
1.37614e+00 1.44e-04
1.37642e+00 1.45e-04
1.37670e+00 1.45e-04
1.37698e+00 1.46e-04
1.37725e+00 1.46e-04
1.37753e+00 1.47e-04
1.37783e+00 1.48e-04
1.37811e+00 1.48e-04
1.37839e+00 1.49e-04
1.37867e+00 1.50e-04
1.37894e+00 1.51e-04
1.37922e+00 1.51e-04
1.37950e+00 1.52e-04
1.37977e+00 1.53e-04
1.38005e+00 1.53e-04
1.38033e+00 1.54e-04
1.38060e+00 1.55e-04
1.38088e+00 1.56e-04
1.38116e+00 1.56e-04
1.38143e+00 1.57e-04
1.38171e+00 1.58e-04
1.38199e+00 1.59e-04
1.38226e+00 1.60e-04
1.38254e+00 1.60e-04
1.38281e+00 1.61e-04
1.38309e+00 1.62e-04
1.38337e+00 1.63e-04
1.38367e+00 1.64e-04
1.38394e+00 1.65e-04
1.38422e+00 1.66e-04
1.38449e+00 1.67e-04
1.38477e+00 1.68e-04
1.38504e+00 1.68e-04
1.38532e+00 1.69e-04
1.38559e+00 1.70e-04
1.38587e+00 1.71e-04
1.38614e+00 1.72e-04
1.38642e+00 1.73e-04
1.38669e+00 1.74e-04
1.38697e+00 1.75e-04
1.38724e+00 1.77e-04
1.38752e+00 1.78e-04
1.38779e+00 1.79e-04
1.38809e+00 1.80e-04
1.38837e+00 1.81e-04
1.38864e+00 1.82e-04
1.38892e+00 1.83e-04
1.38919e+00 1.85e-04
1.38946e+00 1.86e-04
1.38974e+00 1.87e-04
1.39001e+00 1.89e-04
1.39029e+00 1.90e-04
1.39056e+00 1.91e-04
1.39083e+00 1.93e-04
1.39111e+00 1.94e-04
1.39138e+00 1.96e-04
1.39165e+00 1.98e-04
1.39195e+00 2.00e-04
1.39223e+00 2.02e-04
1.39250e+00 2.04e-04
1.39277e+00 2.06e-04
1.39305e+00 2.08e-04
1.39332e+00 2.11e-04
1.39344e+00 2.13e-04
1.39359e+00 2.15e-04
1.39374e+00 2.16e-04
1.39387e+00 2.18e-04
1.39401e+00 2.21e-04
1.39414e+00 2.23e-04
1.39429e+00 2.26e-04
1.39441e+00 2.29e-04
1.39456e+00 2.33e-04
1.39468e+00 2.37e-04
1.39483e+00 2.42e-04
1.39496e+00 2.47e-04
1.39511e+00 2.54e-04
1.39523e+00 2.61e-04
1.39538e+00 2.70e-04
1.39553e+00 2.80e-04
1.39565e+00 2.91e-04
1.39580e+00 3.03e-04
1.39592e+00 3.13e-04
1.39607e+00 3.22e-04
1.39620e+00 3.27e-04
1.39634e+00 3.27e-04
1.39647e+00 3.22e-04
1.39662e+00 3.14e-04
1.39674e+00 3.05e-04
1.39689e+00 2.95e-04
1.39704e+00 2.86e-04
1.39716e+00 2.78e-04
1.39731e+00 2.71e-04
1.39743e+00 2.66e-04
1.39758e+00 2.61e-04
1.39770e+00 2.57e-04
1.39785e+00 2.54e-04
1.39798e+00 2.52e-04
1.39812e+00 2.50e-04
1.39825e+00 2.49e-04
1.39840e+00 2.48e-04
1.39854e+00 2.47e-04
1.39867e+00 2.46e-04
1.39882e+00 2.46e-04
1.39894e+00 2.46e-04
1.39909e+00 2.46e-04
1.39936e+00 2.46e-04
1.39963e+00 2.47e-04
1.39990e+00 2.48e-04
1.40017e+00 2.49e-04
1.40044e+00 2.50e-04
1.40071e+00 2.52e-04
1.40099e+00 2.54e-04
1.40128e+00 2.55e-04
1.40155e+00 2.57e-04
1.40182e+00 2.59e-04
1.40209e+00 2.61e-04
1.40236e+00 2.63e-04
1.40264e+00 2.65e-04
1.40291e+00 2.67e-04
1.40318e+00 2.69e-04
1.40345e+00 2.72e-04
1.40374e+00 2.74e-04
1.40401e+00 2.76e-04
1.40428e+00 2.79e-04
1.40455e+00 2.81e-04
1.40482e+00 2.84e-04
1.40509e+00 2.86e-04
1.40536e+00 2.89e-04
1.40563e+00 2.92e-04
1.40590e+00 2.95e-04
1.40620e+00 2.98e-04
1.40646e+00 3.01e-04
1.40673e+00 3.04e-04
1.40700e+00 3.07e-04
1.40727e+00 3.10e-04
1.40754e+00 3.13e-04
1.40781e+00 3.17e-04
1.40808e+00 3.20e-04
1.40837e+00 3.23e-04
1.40864e+00 3.27e-04
1.40891e+00 3.30e-04
1.40918e+00 3.34e-04
1.40945e+00 3.38e-04
1.40972e+00 3.42e-04
1.40999e+00 3.46e-04
1.41025e+00 3.50e-04
1.41055e+00 3.54e-04
1.41082e+00 3.58e-04
1.41108e+00 3.62e-04
1.41135e+00 3.67e-04
1.41162e+00 3.71e-04
1.41189e+00 3.76e-04
1.41216e+00 3.80e-04
1.41245e+00 3.85e-04
1.41272e+00 3.90e-04
1.41298e+00 3.95e-04
1.41325e+00 4.00e-04
1.41352e+00 4.06e-04
1.41379e+00 4.11e-04
1.41406e+00 4.17e-04
1.41435e+00 4.22e-04
1.41461e+00 4.28e-04
1.41488e+00 4.34e-04
1.41515e+00 4.41e-04
1.41542e+00 4.47e-04
1.41568e+00 4.54e-04
1.41595e+00 4.60e-04
1.41624e+00 4.67e-04
1.41651e+00 4.75e-04
1.41678e+00 4.82e-04
1.41704e+00 4.90e-04
1.41731e+00 4.98e-04
1.41757e+00 5.06e-04
1.41784e+00 5.14e-04
1.41813e+00 5.23e-04
1.41840e+00 5.32e-04
1.41866e+00 5.42e-04
1.41893e+00 5.51e-04
1.41920e+00 5.62e-04
1.41946e+00 5.72e-04
1.41975e+00 5.83e-04
1.42002e+00 5.95e-04
1.42029e+00 6.07e-04
1.42055e+00 6.19e-04
1.42082e+00 6.32e-04
1.42108e+00 6.46e-04
1.42137e+00 6.60e-04
1.42164e+00 6.75e-04
1.42190e+00 6.91e-04
1.42217e+00 7.08e-04
1.42231e+00 7.18e-04
1.42258e+00 7.36e-04
1.42284e+00 7.55e-04
1.42311e+00 7.75e-04
1.42337e+00 7.97e-04
1.42366e+00 8.20e-04
1.42393e+00 8.45e-04
1.42405e+00 8.58e-04
1.42419e+00 8.72e-04
1.42434e+00 8.86e-04
1.42446e+00 9.01e-04
1.42460e+00 9.16e-04
1.42472e+00 9.32e-04
1.42487e+00 9.49e-04
1.42501e+00 9.66e-04
1.42513e+00 9.85e-04
1.42527e+00 1.00e-03
1.42539e+00 1.02e-03
1.42554e+00 1.05e-03
1.42568e+00 1.07e-03
1.42580e+00 1.09e-03
1.42595e+00 1.12e-03
1.42607e+00 1.14e-03
1.42621e+00 1.17e-03
1.42636e+00 1.20e-03
1.42648e+00 1.23e-03
1.42662e+00 1.27e-03
1.42674e+00 1.31e-03
1.42688e+00 1.35e-03
1.42700e+00 1.39e-03
1.42715e+00 1.44e-03
1.42729e+00 1.49e-03
1.42741e+00 1.54e-03
1.42756e+00 1.60e-03
1.42768e+00 1.67e-03
1.42782e+00 1.75e-03
1.42796e+00 1.83e-03
1.42808e+00 1.93e-03
1.42823e+00 2.04e-03
1.42835e+00 2.16e-03
1.42849e+00 2.30e-03
1.42864e+00 2.46e-03
1.42876e+00 2.65e-03
1.42890e+00 2.86e-03
1.42902e+00 3.12e-03
1.42916e+00 3.42e-03
1.42931e+00 3.77e-03
1.42943e+00 4.19e-03
1.42957e+00 4.66e-03
1.42969e+00 5.20e-03
1.42998e+00 6.35e-03
1.43010e+00 6.86e-03
1.43024e+00 7.21e-03
1.43038e+00 7.35e-03
1.43050e+00 7.28e-03
1.43065e+00 7.03e-03
1.43077e+00 6.68e-03
1.43091e+00 6.33e-03
1.43105e+00 6.02e-03
1.43117e+00 5.78e-03
1.43132e+00 5.64e-03
1.43144e+00 5.59e-03
1.43158e+00 5.65e-03
1.43172e+00 5.81e-03
1.43184e+00 6.09e-03
1.43198e+00 6.50e-03
1.43210e+00 7.04e-03
1.43225e+00 7.72e-03
1.43239e+00 8.56e-03
1.43251e+00 9.54e-03
1.43265e+00 1.06e-02
1.43277e+00 1.16e-02
1.43292e+00 1.25e-02
1.43306e+00 1.30e-02
1.43318e+00 1.30e-02
1.43332e+00 1.26e-02
1.43344e+00 1.18e-02
1.43358e+00 1.10e-02
1.43373e+00 1.03e-02
1.43385e+00 9.69e-03
1.43399e+00 9.29e-03
1.43413e+00 9.11e-03
1.43425e+00 9.12e-03
1.43439e+00 9.31e-03
1.43451e+00 9.62e-03
1.43466e+00 9.95e-03
1.43480e+00 1.02e-02
1.43492e+00 1.02e-02
1.43506e+00 9.88e-03
1.43518e+00 9.32e-03
1.43532e+00 8.59e-03
1.43547e+00 7.81e-03
1.43558e+00 7.06e-03
1.43573e+00 6.39e-03
1.43587e+00 5.82e-03
1.43599e+00 5.34e-03
1.43613e+00 4.95e-03
1.43625e+00 4.62e-03
1.43639e+00 4.36e-03
1.43654e+00 4.14e-03
1.43665e+00 3.96e-03
1.43680e+00 3.81e-03
1.43692e+00 3.70e-03
1.43706e+00 3.60e-03
1.43720e+00 3.52e-03
1.43732e+00 3.46e-03
1.43746e+00 3.41e-03
1.43761e+00 3.38e-03
1.43772e+00 3.36e-03
1.43787e+00 3.34e-03
1.43799e+00 3.33e-03
1.43813e+00 3.33e-03
1.43827e+00 3.34e-03
1.43839e+00 3.36e-03
1.43853e+00 3.38e-03
1.43867e+00 3.40e-03
1.43879e+00 3.43e-03
1.43893e+00 3.47e-03
1.43905e+00 3.51e-03
1.43920e+00 3.55e-03
1.43934e+00 3.61e-03
1.43946e+00 3.66e-03
1.43960e+00 3.72e-03
1.43974e+00 3.79e-03
1.43986e+00 3.86e-03
1.44000e+00 3.94e-03
1.44012e+00 4.02e-03
1.44026e+00 4.11e-03
1.44040e+00 4.21e-03
1.44052e+00 4.32e-03
1.44066e+00 4.43e-03
1.44081e+00 4.56e-03
1.44092e+00 4.69e-03
1.44107e+00 4.84e-03
1.44118e+00 5.00e-03
1.44133e+00 5.18e-03
1.44147e+00 5.37e-03
1.44159e+00 5.58e-03
1.44187e+00 6.00e-03
1.44199e+00 6.20e-03
1.44213e+00 6.38e-03
1.44225e+00 6.55e-03
1.44239e+00 6.71e-03
1.44253e+00 6.87e-03
1.44265e+00 7.05e-03
1.44279e+00 7.26e-03
1.44293e+00 7.50e-03
1.44305e+00 7.78e-03
1.44319e+00 8.10e-03
1.44331e+00 8.45e-03
1.44345e+00 8.83e-03
1.44371e+00 9.65e-03
1.44386e+00 1.00e-02
1.44412e+00 1.08e-02
1.44426e+00 1.12e-02
1.44440e+00 1.17e-02
1.44452e+00 1.22e-02
1.44466e+00 1.28e-02
1.44478e+00 1.35e-02
1.44492e+00 1.44e-02
1.44506e+00 1.53e-02
1.44518e+00 1.65e-02
1.44532e+00 1.78e-02
1.44546e+00 1.93e-02
1.44558e+00 2.12e-02
1.44572e+00 2.34e-02
1.44586e+00 2.64e-02
1.44598e+00 2.97e-02
1.44612e+00 3.39e-02
1.44626e+00 3.92e-02
1.44638e+00 4.62e-02
1.44652e+00 5.54e-02
1.44664e+00 6.81e-02
1.44678e+00 8.61e-02
1.44692e+00 1.13e-01
1.44704e+00 1.53e-01
1.44718e+00 2.18e-01
1.44732e+00 3.19e-01
1.44744e+00 4.57e-01
1.44758e+00 5.91e-01
1.44772e+00 6.39e-01
1.44784e+00 5.34e-01
1.44798e+00 3.92e-01
1.44809e+00 2.68e-01
1.44824e+00 1.85e-01
1.44838e+00 1.33e-01
1.44849e+00 9.95e-02
1.44864e+00 7.75e-02
1.44878e+00 6.23e-02
1.44889e+00 5.14e-02
1.44903e+00 4.34e-02
1.44918e+00 3.73e-02
1.44929e+00 3.26e-02
1.44943e+00 2.88e-02
1.44957e+00 2.57e-02
1.44969e+00 2.32e-02
1.44983e+00 2.12e-02
1.44997e+00 1.95e-02
1.45009e+00 1.80e-02
1.45023e+00 1.68e-02
1.45037e+00 1.57e-02
1.45049e+00 1.47e-02
1.45063e+00 1.38e-02
1.45075e+00 1.31e-02
1.45089e+00 1.24e-02
1.45103e+00 1.18e-02
1.45115e+00 1.12e-02
1.45129e+00 1.07e-02
1.45143e+00 1.02e-02
1.45154e+00 9.77e-03
1.45168e+00 9.36e-03
1.45182e+00 8.98e-03
1.45194e+00 8.62e-03
1.45208e+00 8.29e-03
1.45222e+00 7.98e-03
1.45234e+00 7.69e-03
1.45248e+00 7.41e-03
1.45262e+00 7.15e-03
1.45274e+00 6.90e-03
1.45288e+00 6.67e-03
1.45302e+00 6.45e-03
1.45313e+00 6.24e-03
1.45328e+00 6.04e-03
1.45342e+00 5.85e-03
1.45353e+00 5.67e-03
1.45367e+00 5.50e-03
1.45381e+00 5.33e-03
1.45393e+00 5.18e-03
1.45407e+00 5.03e-03
1.45421e+00 4.88e-03
1.45433e+00 4.75e-03
1.45447e+00 4.62e-03
1.45458e+00 4.49e-03
1.45472e+00 4.37e-03
1.45486e+00 4.26e-03
1.45498e+00 4.15e-03
1.45512e+00 4.05e-03
1.45526e+00 3.94e-03
1.45538e+00 3.85e-03
1.45552e+00 3.75e-03
1.45566e+00 3.67e-03
1.45577e+00 3.58e-03
1.45591e+00 3.50e-03
1.45605e+00 3.42e-03
1.45617e+00 3.34e-03
1.45631e+00 3.27e-03
1.45645e+00 3.20e-03
1.45657e+00 3.13e-03
1.45671e+00 3.06e-03
1.45685e+00 3.00e-03
1.45696e+00 2.93e-03
1.45710e+00 2.88e-03
1.45724e+00 2.82e-03
1.45736e+00 2.76e-03
1.45750e+00 2.71e-03
1.45764e+00 2.65e-03
1.45775e+00 2.60e-03
1.45789e+00 2.56e-03
1.45803e+00 2.51e-03
1.45815e+00 2.46e-03
1.45829e+00 2.42e-03
1.45843e+00 2.37e-03
1.45855e+00 2.33e-03
1.45868e+00 2.29e-03
1.45896e+00 2.21e-03
1.45922e+00 2.14e-03
1.45948e+00 2.07e-03
1.45975e+00 2.00e-03
1.46001e+00 1.94e-03
1.46026e+00 1.88e-03
1.46054e+00 1.82e-03
1.46080e+00 1.77e-03
1.46105e+00 1.72e-03
1.46133e+00 1.67e-03
1.46159e+00 1.62e-03
1.46184e+00 1.58e-03
1.46212e+00 1.53e-03
1.46238e+00 1.49e-03
1.46263e+00 1.45e-03
1.46291e+00 1.42e-03
1.46316e+00 1.38e-03
1.46344e+00 1.35e-03
1.46370e+00 1.31e-03
1.46395e+00 1.28e-03
1.46423e+00 1.25e-03
1.46448e+00 1.22e-03
1.46474e+00 1.19e-03
1.46501e+00 1.17e-03
1.46527e+00 1.14e-03
1.46554e+00 1.12e-03
1.46580e+00 1.09e-03
1.46605e+00 1.07e-03
1.46633e+00 1.05e-03
1.46658e+00 1.02e-03
1.46686e+00 1.00e-03
1.46711e+00 9.83e-04
1.46737e+00 9.64e-04
1.46764e+00 9.45e-04
1.46790e+00 9.27e-04
1.46817e+00 9.10e-04
1.46843e+00 8.93e-04
1.46868e+00 8.76e-04
1.46896e+00 8.61e-04
1.46921e+00 8.45e-04
1.46949e+00 8.30e-04
1.46974e+00 8.16e-04
1.46999e+00 8.02e-04
1.47027e+00 7.89e-04
1.47052e+00 7.76e-04
1.47080e+00 7.63e-04
1.47105e+00 7.51e-04
1.47130e+00 7.39e-04
1.47158e+00 7.28e-04
1.47183e+00 7.17e-04
1.47211e+00 7.06e-04
1.47236e+00 6.95e-04
1.47261e+00 6.85e-04
1.47288e+00 6.75e-04
1.47314e+00 6.66e-04
1.47341e+00 6.56e-04
1.47366e+00 6.47e-04
1.47394e+00 6.38e-04
1.47419e+00 6.30e-04
1.47447e+00 6.22e-04
1.47472e+00 6.14e-04
1.47497e+00 6.06e-04
1.47524e+00 5.98e-04
1.47550e+00 5.91e-04
1.47577e+00 5.84e-04
1.47602e+00 5.77e-04
1.47630e+00 5.70e-04
1.47655e+00 5.63e-04
1.47680e+00 5.57e-04
1.47707e+00 5.50e-04
1.47732e+00 5.44e-04
1.47760e+00 5.38e-04
1.47785e+00 5.33e-04
1.47812e+00 5.27e-04
1.47837e+00 5.22e-04
1.47865e+00 5.16e-04
1.47890e+00 5.11e-04
1.47917e+00 5.06e-04
1.47942e+00 5.01e-04
1.47969e+00 4.96e-04
1.47994e+00 4.92e-04
1.48019e+00 4.87e-04
1.48047e+00 4.83e-04
1.48072e+00 4.79e-04
1.48099e+00 4.74e-04
1.48124e+00 4.70e-04
1.48151e+00 4.66e-04
1.48176e+00 4.63e-04
1.48204e+00 4.59e-04
1.48229e+00 4.55e-04
1.48256e+00 4.52e-04
1.48281e+00 4.48e-04
1.48308e+00 4.45e-04
1.48333e+00 4.42e-04
1.48360e+00 4.38e-04
1.48385e+00 4.35e-04
1.48412e+00 4.32e-04
1.48437e+00 4.30e-04
1.48465e+00 4.27e-04
1.48489e+00 4.24e-04
1.48517e+00 4.21e-04
1.48542e+00 4.19e-04
1.48569e+00 4.16e-04
1.48594e+00 4.14e-04
1.48621e+00 4.12e-04
1.48646e+00 4.09e-04
1.48673e+00 4.07e-04
1.48698e+00 4.05e-04
1.48725e+00 4.03e-04
1.48750e+00 4.01e-04
1.48777e+00 3.99e-04
1.48802e+00 3.97e-04
1.48829e+00 3.95e-04
1.48854e+00 3.94e-04
1.48881e+00 3.92e-04
1.48908e+00 3.90e-04
1.48932e+00 3.89e-04
1.48960e+00 3.87e-04
1.48984e+00 3.86e-04
1.49011e+00 3.84e-04
1.49036e+00 3.83e-04
1.49063e+00 3.82e-04
1.49088e+00 3.80e-04
1.49115e+00 3.79e-04
1.49140e+00 3.78e-04
1.49167e+00 3.77e-04
1.49191e+00 3.76e-04
1.49218e+00 3.75e-04
1.49245e+00 3.74e-04
1.49270e+00 3.73e-04
1.49297e+00 3.72e-04
1.49322e+00 3.72e-04
1.49349e+00 3.71e-04
1.49374e+00 3.70e-04
1.49400e+00 3.70e-04
1.49425e+00 3.69e-04
1.49452e+00 3.68e-04
1.49596e+00 3.66e-04
1.49737e+00 3.66e-04
1.49842e+00 3.66e-04
1.49893e+00 3.66e-04
1.49944e+00 3.67e-04
1.49971e+00 3.67e-04
1.49996e+00 3.68e-04
1.50023e+00 3.68e-04
1.50049e+00 3.69e-04
1.50074e+00 3.69e-04
1.50101e+00 3.70e-04
1.50125e+00 3.70e-04
1.50152e+00 3.71e-04
1.50179e+00 3.72e-04
1.50203e+00 3.73e-04
1.50230e+00 3.73e-04
1.50257e+00 3.74e-04
1.50281e+00 3.75e-04
1.50308e+00 3.76e-04
1.50332e+00 3.77e-04
1.50359e+00 3.78e-04
1.50386e+00 3.79e-04
1.50410e+00 3.80e-04
1.50437e+00 3.82e-04
1.50463e+00 3.83e-04
1.50488e+00 3.84e-04
1.50514e+00 3.86e-04
1.50541e+00 3.87e-04
1.50565e+00 3.89e-04
1.50592e+00 3.90e-04
1.50619e+00 3.92e-04
1.50643e+00 3.93e-04
1.50670e+00 3.95e-04
1.50694e+00 3.97e-04
1.50721e+00 3.99e-04
1.50747e+00 4.00e-04
1.50772e+00 4.02e-04
1.50798e+00 4.04e-04
1.50825e+00 4.06e-04
1.50849e+00 4.09e-04
1.50876e+00 4.11e-04
1.50902e+00 4.13e-04
1.50929e+00 4.15e-04
1.50953e+00 4.18e-04
1.50979e+00 4.20e-04
1.51006e+00 4.23e-04
1.51030e+00 4.25e-04
1.51057e+00 4.28e-04
1.51083e+00 4.31e-04
1.51108e+00 4.34e-04
1.51134e+00 4.37e-04
1.51160e+00 4.40e-04
1.51185e+00 4.43e-04
1.51211e+00 4.46e-04
1.51238e+00 4.49e-04
1.51264e+00 4.52e-04
1.51288e+00 4.56e-04
1.51315e+00 4.59e-04
1.51341e+00 4.63e-04
1.51365e+00 4.67e-04
1.51392e+00 4.71e-04
1.51418e+00 4.75e-04
1.51442e+00 4.79e-04
1.51469e+00 4.83e-04
1.51495e+00 4.87e-04
1.51522e+00 4.91e-04
1.51546e+00 4.96e-04
1.51572e+00 5.01e-04
1.51598e+00 5.05e-04
1.51625e+00 5.10e-04
1.51649e+00 5.15e-04
1.51675e+00 5.20e-04
1.51702e+00 5.26e-04
1.51728e+00 5.31e-04
1.51752e+00 5.37e-04
1.51778e+00 5.43e-04
1.51805e+00 5.49e-04
1.51831e+00 5.55e-04
1.51855e+00 5.61e-04
1.51881e+00 5.67e-04
1.51908e+00 5.74e-04
1.51934e+00 5.81e-04
1.51958e+00 5.87e-04
1.51984e+00 5.94e-04
1.52010e+00 6.00e-04
1.52037e+00 6.07e-04
1.52061e+00 6.14e-04
1.52087e+00 6.21e-04
1.52113e+00 6.29e-04
1.52139e+00 6.36e-04
1.52163e+00 6.44e-04
1.52190e+00 6.52e-04
1.52216e+00 6.60e-04
1.52242e+00 6.69e-04
1.52268e+00 6.77e-04
1.52292e+00 6.86e-04
1.52318e+00 6.96e-04
1.52344e+00 7.05e-04
1.52371e+00 7.15e-04
1.52397e+00 7.25e-04
1.52421e+00 7.35e-04
1.52447e+00 7.45e-04
1.52473e+00 7.56e-04
1.52499e+00 7.67e-04
1.52525e+00 7.79e-04
1.52549e+00 7.91e-04
1.52575e+00 8.03e-04
1.52601e+00 8.15e-04
1.52627e+00 8.28e-04
1.52653e+00 8.42e-04
1.52680e+00 8.55e-04
1.52703e+00 8.70e-04
1.52729e+00 8.84e-04
1.52756e+00 8.99e-04
1.52782e+00 9.15e-04
1.52808e+00 9.31e-04
1.52831e+00 9.47e-04
1.52857e+00 9.65e-04
1.52884e+00 9.82e-04
1.52910e+00 1.00e-03
1.52936e+00 1.02e-03
1.52962e+00 1.04e-03
1.52988e+00 1.06e-03
1.53011e+00 1.08e-03
1.53037e+00 1.10e-03
1.53063e+00 1.13e-03
1.53089e+00 1.15e-03
1.53115e+00 1.17e-03
1.53141e+00 1.20e-03
1.53167e+00 1.22e-03
1.53191e+00 1.25e-03
1.53217e+00 1.28e-03
1.53243e+00 1.31e-03
1.53269e+00 1.34e-03
1.53295e+00 1.37e-03
1.53320e+00 1.41e-03
1.53346e+00 1.44e-03
1.53372e+00 1.48e-03
1.53396e+00 1.51e-03
1.53422e+00 1.55e-03
1.53448e+00 1.60e-03
1.53474e+00 1.64e-03
1.53499e+00 1.68e-03
1.53525e+00 1.73e-03
1.53551e+00 1.78e-03
1.53577e+00 1.83e-03
1.53590e+00 1.86e-03
1.53616e+00 1.92e-03
1.53642e+00 1.98e-03
1.53665e+00 2.05e-03
1.53691e+00 2.11e-03
1.53717e+00 2.19e-03
1.53730e+00 2.22e-03
1.53743e+00 2.26e-03
1.53756e+00 2.30e-03
1.53768e+00 2.34e-03
1.53781e+00 2.38e-03
1.53794e+00 2.43e-03
1.53807e+00 2.47e-03
1.53820e+00 2.52e-03
1.53833e+00 2.57e-03
1.53846e+00 2.62e-03
1.53859e+00 2.67e-03
1.53871e+00 2.72e-03
1.53884e+00 2.78e-03
1.53897e+00 2.83e-03
1.53910e+00 2.89e-03
1.53923e+00 2.95e-03
1.53936e+00 3.01e-03
1.53949e+00 3.08e-03
1.53962e+00 3.14e-03
1.53974e+00 3.21e-03
1.53987e+00 3.29e-03
1.54000e+00 3.36e-03
1.54013e+00 3.44e-03
1.54024e+00 3.52e-03
1.54037e+00 3.60e-03
1.54050e+00 3.69e-03
1.54062e+00 3.78e-03
1.54075e+00 3.87e-03
1.54088e+00 3.97e-03
1.54101e+00 4.07e-03
1.54114e+00 4.18e-03
1.54127e+00 4.29e-03
1.54139e+00 4.40e-03
1.54152e+00 4.52e-03
1.54165e+00 4.65e-03
1.54178e+00 4.78e-03
1.54191e+00 4.92e-03
1.54204e+00 5.06e-03
1.54216e+00 5.21e-03
1.54229e+00 5.37e-03
1.54242e+00 5.53e-03
1.54255e+00 5.71e-03
1.54268e+00 5.89e-03
1.54281e+00 6.08e-03
1.54293e+00 6.27e-03
1.54306e+00 6.48e-03
1.54319e+00 6.70e-03
1.54332e+00 6.93e-03
1.54345e+00 7.17e-03
1.54358e+00 7.43e-03
1.54370e+00 7.69e-03
1.54383e+00 7.97e-03
1.54396e+00 8.26e-03
1.54409e+00 8.57e-03
1.54422e+00 8.89e-03
1.54434e+00 9.24e-03
1.54447e+00 9.60e-03
1.54460e+00 9.99e-03
1.54473e+00 1.04e-02
1.54486e+00 1.08e-02
1.54498e+00 1.13e-02
1.54511e+00 1.18e-02
1.54524e+00 1.24e-02
1.54537e+00 1.29e-02
1.54550e+00 1.36e-02
1.54562e+00 1.42e-02
1.54575e+00 1.50e-02
1.54588e+00 1.58e-02
1.54601e+00 1.66e-02
1.54614e+00 1.75e-02
1.54626e+00 1.86e-02
1.54639e+00 1.97e-02
1.54652e+00 2.09e-02
1.54665e+00 2.22e-02
1.54677e+00 2.37e-02
1.54690e+00 2.53e-02
1.54703e+00 2.71e-02
1.54716e+00 2.92e-02
1.54729e+00 3.15e-02
1.54741e+00 3.27e-02
1.54767e+00 3.42e-02
1.54780e+00 3.50e-02
1.54792e+00 3.58e-02
1.54805e+00 3.67e-02
1.54818e+00 3.76e-02
1.54831e+00 3.85e-02
1.54843e+00 3.95e-02
1.54856e+00 4.06e-02
1.54869e+00 4.18e-02
1.54882e+00 4.31e-02
1.54894e+00 4.45e-02
1.54907e+00 4.56e-02
1.54920e+00 4.49e-02
1.54933e+00 4.40e-02
1.54945e+00 4.32e-02
1.54958e+00 4.29e-02
1.54971e+00 4.35e-02
1.54984e+00 4.62e-02
1.54996e+00 5.27e-02
1.55009e+00 6.72e-02
1.55022e+00 1.01e-01
1.55035e+00 1.91e-01
1.55047e+00 5.29e-01
1.55060e+00 1.49e+00
1.55073e+00 6.79e-01
1.55085e+00 2.41e-01
1.55098e+00 1.14e-01
1.55111e+00 7.18e-02
1.55126e+00 5.40e-02
1.55138e+00 4.60e-02
1.55151e+00 4.25e-02
1.55164e+00 4.13e-02
1.55177e+00 4.14e-02
1.55189e+00 4.20e-02
1.55215e+00 4.34e-02
1.55227e+00 4.25e-02
1.55240e+00 4.10e-02
1.55253e+00 3.96e-02
1.55266e+00 3.83e-02
1.55278e+00 3.72e-02
1.55291e+00 3.61e-02
1.55304e+00 3.51e-02
1.55316e+00 3.42e-02
1.55329e+00 3.34e-02
1.55342e+00 3.26e-02
1.55354e+00 3.18e-02
1.55367e+00 3.11e-02
1.55380e+00 3.05e-02
1.55393e+00 2.95e-02
1.55405e+00 2.73e-02
1.55418e+00 2.53e-02
1.55431e+00 2.36e-02
1.55443e+00 2.20e-02
1.55456e+00 2.06e-02
1.55471e+00 1.93e-02
1.55483e+00 1.82e-02
1.55496e+00 1.72e-02
1.55509e+00 1.62e-02
1.55521e+00 1.54e-02
1.55534e+00 1.46e-02
1.55547e+00 1.39e-02
1.55559e+00 1.32e-02
1.55572e+00 1.26e-02
1.55585e+00 1.20e-02
1.55597e+00 1.15e-02
1.55610e+00 1.10e-02
1.55623e+00 1.06e-02
1.55635e+00 1.01e-02
1.55648e+00 9.72e-03
1.55661e+00 9.35e-03
1.55673e+00 8.99e-03
1.55686e+00 8.66e-03
1.55699e+00 8.35e-03
1.55713e+00 8.06e-03
1.55726e+00 7.78e-03
1.55739e+00 7.52e-03
1.55751e+00 7.27e-03
1.55764e+00 7.03e-03
1.55777e+00 6.80e-03
1.55789e+00 6.59e-03
1.55802e+00 6.38e-03
1.55814e+00 6.19e-03
1.55827e+00 6.01e-03
1.55840e+00 5.83e-03
1.55852e+00 5.67e-03
1.55865e+00 5.51e-03
1.55878e+00 5.36e-03
1.55890e+00 5.22e-03
1.55903e+00 5.08e-03
1.55918e+00 4.95e-03
1.55930e+00 4.83e-03
1.55943e+00 4.71e-03
1.55955e+00 4.60e-03
1.55968e+00 4.49e-03
1.55981e+00 4.39e-03
1.55993e+00 4.29e-03
1.56006e+00 4.20e-03
1.56018e+00 4.11e-03
1.56031e+00 4.02e-03
1.56044e+00 3.94e-03
1.56056e+00 3.86e-03
1.56069e+00 3.78e-03
1.56081e+00 3.71e-03
1.56096e+00 3.64e-03
1.56109e+00 3.57e-03
1.56121e+00 3.51e-03
1.56134e+00 3.45e-03
1.56147e+00 3.39e-03
1.56159e+00 3.33e-03
1.56172e+00 3.28e-03
1.56184e+00 3.23e-03
1.56197e+00 3.18e-03
1.56209e+00 3.13e-03
1.56222e+00 3.08e-03
1.56235e+00 3.04e-03
1.56249e+00 3.00e-03
1.56262e+00 2.95e-03
1.56274e+00 2.92e-03
1.56287e+00 2.88e-03
1.56312e+00 2.81e-03
1.56337e+00 2.74e-03
1.56362e+00 2.68e-03
1.56390e+00 2.62e-03
1.56415e+00 2.57e-03
1.56440e+00 2.52e-03
1.56465e+00 2.48e-03
1.56490e+00 2.43e-03
1.56517e+00 2.39e-03
1.56542e+00 2.36e-03
1.56567e+00 2.33e-03
1.56592e+00 2.29e-03
1.56618e+00 2.26e-03
1.56645e+00 2.23e-03
1.56670e+00 2.20e-03
1.56695e+00 2.18e-03
1.56720e+00 2.15e-03
1.56745e+00 2.12e-03
1.56772e+00 2.09e-03
1.56797e+00 2.05e-03
1.56822e+00 2.02e-03
1.56847e+00 1.99e-03
1.56874e+00 1.96e-03
1.56899e+00 1.93e-03
1.56924e+00 1.90e-03
1.56949e+00 1.87e-03
1.56976e+00 1.84e-03
1.57001e+00 1.81e-03
1.57026e+00 1.79e-03
1.57051e+00 1.76e-03
1.57078e+00 1.74e-03
1.57103e+00 1.72e-03
1.57128e+00 1.69e-03
1.57155e+00 1.67e-03
1.57180e+00 1.65e-03
1.57205e+00 1.63e-03
1.57230e+00 1.60e-03
1.57257e+00 1.58e-03
1.57282e+00 1.56e-03
1.57306e+00 1.53e-03
1.57333e+00 1.50e-03
1.57358e+00 1.48e-03
1.57383e+00 1.45e-03
1.57408e+00 1.42e-03
1.57435e+00 1.39e-03
1.57460e+00 1.37e-03
1.57485e+00 1.34e-03
1.57512e+00 1.32e-03
1.57536e+00 1.29e-03
1.57561e+00 1.27e-03
1.57588e+00 1.25e-03
1.57613e+00 1.23e-03
1.57638e+00 1.22e-03
1.57665e+00 1.20e-03
1.57689e+00 1.19e-03
1.57714e+00 1.17e-03
1.57741e+00 1.16e-03
1.57766e+00 1.15e-03
1.57791e+00 1.14e-03
1.57817e+00 1.14e-03
1.57842e+00 1.13e-03
1.57867e+00 1.12e-03
1.57894e+00 1.12e-03
1.57918e+00 1.11e-03
1.57943e+00 1.11e-03
1.57970e+00 1.11e-03
1.57982e+00 1.11e-03
1.58059e+00 1.11e-03
1.58186e+00 1.11e-03
1.58213e+00 1.11e-03
1.58237e+00 1.11e-03
1.58262e+00 1.12e-03
1.58289e+00 1.12e-03
1.58314e+00 1.13e-03
1.58340e+00 1.13e-03
1.58365e+00 1.14e-03
1.58377e+00 1.14e-03
1.58404e+00 1.15e-03
1.58428e+00 1.16e-03
1.58453e+00 1.17e-03
1.58480e+00 1.18e-03
1.58504e+00 1.20e-03
1.58531e+00 1.21e-03
1.58555e+00 1.23e-03
1.58582e+00 1.25e-03
1.58607e+00 1.27e-03
1.58633e+00 1.29e-03
1.58658e+00 1.32e-03
1.58682e+00 1.34e-03
1.58709e+00 1.37e-03
1.58734e+00 1.40e-03
1.58760e+00 1.43e-03
1.58785e+00 1.47e-03
1.58811e+00 1.51e-03
1.58836e+00 1.55e-03
1.58862e+00 1.59e-03
1.58887e+00 1.64e-03
1.58913e+00 1.69e-03
1.58938e+00 1.74e-03
1.58964e+00 1.80e-03
1.58989e+00 1.85e-03
1.59015e+00 1.91e-03
1.59040e+00 1.98e-03
1.59066e+00 2.05e-03
1.59091e+00 2.12e-03
1.59117e+00 2.19e-03
1.59142e+00 2.26e-03
1.59168e+00 2.34e-03
1.59193e+00 2.42e-03
1.59219e+00 2.50e-03
1.59243e+00 2.58e-03
1.59270e+00 2.66e-03
1.59294e+00 2.75e-03
1.59321e+00 2.85e-03
1.59333e+00 2.89e-03
1.59345e+00 2.94e-03
1.59359e+00 3.00e-03
1.59371e+00 3.05e-03
1.59384e+00 3.11e-03
1.59398e+00 3.16e-03
1.59410e+00 3.22e-03
1.59422e+00 3.29e-03
1.59434e+00 3.35e-03
1.59449e+00 3.42e-03
1.59461e+00 3.50e-03
1.59473e+00 3.58e-03
1.59485e+00 3.66e-03
1.59499e+00 3.75e-03
1.59512e+00 3.84e-03
1.59524e+00 3.94e-03
1.59538e+00 4.05e-03
1.59550e+00 4.16e-03
1.59562e+00 4.28e-03
1.59574e+00 4.41e-03
1.59589e+00 4.55e-03
1.59601e+00 4.70e-03
1.59613e+00 4.86e-03
1.59627e+00 5.04e-03
1.59639e+00 5.22e-03
1.59651e+00 5.42e-03
1.59664e+00 5.64e-03
1.59678e+00 5.87e-03
1.59690e+00 6.12e-03
1.59702e+00 6.39e-03
1.59716e+00 6.68e-03
1.59728e+00 6.99e-03
1.59741e+00 7.33e-03
1.59755e+00 7.69e-03
1.59767e+00 8.08e-03
1.59779e+00 8.50e-03
1.59791e+00 8.94e-03
1.59805e+00 9.42e-03
1.59817e+00 9.92e-03
1.59830e+00 1.05e-02
1.59844e+00 1.10e-02
1.59856e+00 1.16e-02
1.59868e+00 1.22e-02
1.59882e+00 1.29e-02
1.59906e+00 1.41e-02
1.59919e+00 1.48e-02
1.59933e+00 1.54e-02
1.59945e+00 1.59e-02
1.59957e+00 1.64e-02
1.59971e+00 1.69e-02
1.59983e+00 1.72e-02
1.59995e+00 1.75e-02
1.60009e+00 1.76e-02
1.60022e+00 1.76e-02
1.60034e+00 1.75e-02
1.60048e+00 1.73e-02
1.60060e+00 1.69e-02
1.60072e+00 1.65e-02
1.60086e+00 1.60e-02
1.60098e+00 1.54e-02
1.60110e+00 1.48e-02
1.60124e+00 1.42e-02
1.60149e+00 1.29e-02
1.60161e+00 1.22e-02
1.60175e+00 1.16e-02
1.60187e+00 1.10e-02
1.60199e+00 1.04e-02
1.60213e+00 9.88e-03
1.60225e+00 9.35e-03
1.60237e+00 8.86e-03
1.60251e+00 8.40e-03
1.60263e+00 7.96e-03
1.60276e+00 7.55e-03
1.60290e+00 7.17e-03
1.60302e+00 6.81e-03
1.60314e+00 6.48e-03
1.60328e+00 6.17e-03
1.60340e+00 5.89e-03
1.60352e+00 5.62e-03
1.60366e+00 5.37e-03
1.60378e+00 5.13e-03
1.60390e+00 4.91e-03
1.60404e+00 4.71e-03
1.60416e+00 4.52e-03
1.60428e+00 4.34e-03
1.60443e+00 4.17e-03
1.60455e+00 4.02e-03
1.60469e+00 3.87e-03
1.60481e+00 3.73e-03
1.60493e+00 3.60e-03
1.60507e+00 3.48e-03
1.60519e+00 3.37e-03
1.60531e+00 3.26e-03
1.60545e+00 3.16e-03
1.60557e+00 3.06e-03
1.60569e+00 2.97e-03
1.60583e+00 2.89e-03
1.60595e+00 2.81e-03
1.60607e+00 2.73e-03
1.60621e+00 2.66e-03
1.60633e+00 2.59e-03
1.60645e+00 2.53e-03
1.60659e+00 2.46e-03
1.60671e+00 2.41e-03
1.60685e+00 2.35e-03
1.60697e+00 2.30e-03
1.60710e+00 2.25e-03
1.60724e+00 2.20e-03
1.60736e+00 2.15e-03
1.60748e+00 2.11e-03
1.60762e+00 2.07e-03
1.60774e+00 2.03e-03
1.60786e+00 1.99e-03
1.60800e+00 1.95e-03
1.60812e+00 1.91e-03
1.60826e+00 1.88e-03
1.60838e+00 1.85e-03
1.60850e+00 1.82e-03
1.60864e+00 1.79e-03
1.60876e+00 1.76e-03
1.60888e+00 1.73e-03
1.60902e+00 1.70e-03
1.60914e+00 1.68e-03
1.60928e+00 1.65e-03
1.60940e+00 1.63e-03
1.60966e+00 1.59e-03
1.60990e+00 1.55e-03
1.61016e+00 1.51e-03
1.61042e+00 1.47e-03
1.61068e+00 1.44e-03
1.61094e+00 1.41e-03
1.61118e+00 1.38e-03
1.61144e+00 1.35e-03
1.61170e+00 1.33e-03
1.61195e+00 1.30e-03
1.61219e+00 1.28e-03
1.61245e+00 1.26e-03
1.61271e+00 1.24e-03
1.61297e+00 1.22e-03
1.61323e+00 1.21e-03
1.61347e+00 1.19e-03
1.61373e+00 1.18e-03
1.61399e+00 1.16e-03
1.61425e+00 1.15e-03
1.61451e+00 1.14e-03
1.61476e+00 1.13e-03
1.61500e+00 1.12e-03
1.61526e+00 1.11e-03
1.61552e+00 1.10e-03
1.61578e+00 1.09e-03
1.61604e+00 1.08e-03
1.61629e+00 1.07e-03
1.61655e+00 1.07e-03
1.61679e+00 1.06e-03
1.61705e+00 1.05e-03
1.61731e+00 1.05e-03
1.61756e+00 1.04e-03
1.61782e+00 1.04e-03
1.61794e+00 1.04e-03
1.61808e+00 1.04e-03
1.61834e+00 1.03e-03
1.61860e+00 1.03e-03
1.61883e+00 1.03e-03
1.61909e+00 1.02e-03
1.61935e+00 1.02e-03
1.61961e+00 1.02e-03
1.61986e+00 1.02e-03
1.62012e+00 1.02e-03
1.62050e+00 1.01e-03
1.62141e+00 1.01e-03
1.62204e+00 1.01e-03
1.62255e+00 1.01e-03
1.62281e+00 1.02e-03
1.62306e+00 1.02e-03
1.62332e+00 1.02e-03
1.62358e+00 1.02e-03
1.62383e+00 1.02e-03
1.62409e+00 1.02e-03
1.62433e+00 1.03e-03
1.62458e+00 1.03e-03
1.62484e+00 1.03e-03
1.62509e+00 1.03e-03
1.62535e+00 1.04e-03
1.62561e+00 1.04e-03
1.62586e+00 1.05e-03
1.62612e+00 1.05e-03
1.62626e+00 1.05e-03
1.62651e+00 1.06e-03
1.62677e+00 1.06e-03
1.62702e+00 1.06e-03
1.62728e+00 1.07e-03
1.62753e+00 1.07e-03
1.62779e+00 1.08e-03
1.62804e+00 1.08e-03
1.62830e+00 1.09e-03
1.62855e+00 1.09e-03
1.62881e+00 1.10e-03
1.62906e+00 1.11e-03
1.62932e+00 1.11e-03
1.62957e+00 1.12e-03
1.62983e+00 1.13e-03
1.63008e+00 1.13e-03
1.63034e+00 1.14e-03
1.63061e+00 1.15e-03
1.63087e+00 1.15e-03
1.63112e+00 1.16e-03
1.63138e+00 1.17e-03
1.63163e+00 1.18e-03
1.63188e+00 1.18e-03
1.63214e+00 1.19e-03
1.63239e+00 1.20e-03
1.63265e+00 1.21e-03
1.63290e+00 1.22e-03
1.63315e+00 1.23e-03
1.63343e+00 1.24e-03
1.63368e+00 1.24e-03
1.63394e+00 1.25e-03
1.63419e+00 1.26e-03
1.63444e+00 1.27e-03
1.63470e+00 1.28e-03
1.63495e+00 1.29e-03
1.63520e+00 1.30e-03
1.63548e+00 1.31e-03
1.63573e+00 1.33e-03
1.63598e+00 1.34e-03
1.63624e+00 1.35e-03
1.63649e+00 1.36e-03
1.63674e+00 1.37e-03
1.63701e+00 1.38e-03
1.63727e+00 1.39e-03
1.63752e+00 1.41e-03
1.63777e+00 1.42e-03
1.63803e+00 1.43e-03
1.63830e+00 1.45e-03
1.63855e+00 1.46e-03
1.63880e+00 1.47e-03
1.63905e+00 1.49e-03
1.63931e+00 1.50e-03
1.63958e+00 1.52e-03
1.63983e+00 1.53e-03
1.64008e+00 1.55e-03
1.64034e+00 1.57e-03
1.64059e+00 1.58e-03
1.64086e+00 1.60e-03
1.64111e+00 1.62e-03
1.64136e+00 1.63e-03
1.64161e+00 1.65e-03
1.64189e+00 1.67e-03
1.64214e+00 1.69e-03
1.64239e+00 1.71e-03
1.64264e+00 1.73e-03
1.64291e+00 1.75e-03
1.64316e+00 1.77e-03
1.64341e+00 1.79e-03
1.64368e+00 1.81e-03
1.64394e+00 1.84e-03
1.64419e+00 1.86e-03
1.64444e+00 1.88e-03
1.64471e+00 1.90e-03
1.64496e+00 1.93e-03
1.64521e+00 1.95e-03
1.64548e+00 1.97e-03
1.64573e+00 1.99e-03
1.64598e+00 2.01e-03
1.64625e+00 2.03e-03
1.64650e+00 2.05e-03
1.64675e+00 2.07e-03
1.64702e+00 2.09e-03
1.64727e+00 2.11e-03
1.64752e+00 2.12e-03
1.64779e+00 2.14e-03
1.64804e+00 2.15e-03
1.64829e+00 2.16e-03
1.64856e+00 2.16e-03
1.64881e+00 2.17e-03
1.64906e+00 2.17e-03
1.64920e+00 2.17e-03
1.64958e+00 2.18e-03
1.64985e+00 2.17e-03
1.65010e+00 2.17e-03
1.65035e+00 2.17e-03
1.65062e+00 2.16e-03
1.65087e+00 2.16e-03
1.65114e+00 2.15e-03
1.65139e+00 2.14e-03
1.65163e+00 2.13e-03
1.65190e+00 2.12e-03
1.65215e+00 2.11e-03
1.65242e+00 2.10e-03
1.65267e+00 2.09e-03
1.65294e+00 2.08e-03
1.65319e+00 2.07e-03
1.65345e+00 2.06e-03
1.65370e+00 2.05e-03
1.65395e+00 2.04e-03
1.65422e+00 2.03e-03
1.65447e+00 2.02e-03
1.65474e+00 2.02e-03
1.65498e+00 2.01e-03
1.65525e+00 2.00e-03
1.65550e+00 1.99e-03
1.65577e+00 1.98e-03
1.65602e+00 1.98e-03
1.65628e+00 1.97e-03
1.65653e+00 1.97e-03
1.65680e+00 1.96e-03
1.65705e+00 1.96e-03
1.65731e+00 1.95e-03
1.65756e+00 1.95e-03
1.65783e+00 1.94e-03
1.65808e+00 1.94e-03
1.65834e+00 1.94e-03
1.65859e+00 1.93e-03
1.65886e+00 1.93e-03
1.65912e+00 1.93e-03
1.65937e+00 1.92e-03
1.65964e+00 1.92e-03
1.66182e+00 1.91e-03
1.66376e+00 1.90e-03
1.66608e+00 1.89e-03
1.66622e+00 1.89e-03
1.67153e+00 1.89e-03
1.67346e+00 1.89e-03
1.67476e+00 1.89e-03
1.67581e+00 1.90e-03
1.67607e+00 1.90e-03
1.67657e+00 1.90e-03
1.67683e+00 1.90e-03
1.67710e+00 1.91e-03
1.67736e+00 1.91e-03
1.67762e+00 1.91e-03
1.67788e+00 1.92e-03
1.67814e+00 1.92e-03
1.67840e+00 1.92e-03
1.67867e+00 1.93e-03
1.67893e+00 1.94e-03
1.67917e+00 1.94e-03
1.67943e+00 1.95e-03
1.67969e+00 1.96e-03
1.67995e+00 1.97e-03
1.68021e+00 1.98e-03
1.68047e+00 1.99e-03
1.68073e+00 2.00e-03
1.68100e+00 2.01e-03
1.68126e+00 2.02e-03
1.68152e+00 2.03e-03
1.68178e+00 2.04e-03
1.68204e+00 2.04e-03
1.68217e+00 2.05e-03
1.68243e+00 2.05e-03
1.68256e+00 2.05e-03
1.68373e+00 2.05e-03
1.68399e+00 2.05e-03
1.68425e+00 2.06e-03
1.68438e+00 2.06e-03
1.68464e+00 2.07e-03
1.68490e+00 2.08e-03
1.68516e+00 2.09e-03
1.68542e+00 2.10e-03
1.68570e+00 2.12e-03
1.68595e+00 2.13e-03
1.68621e+00 2.15e-03
1.68647e+00 2.17e-03
1.68673e+00 2.19e-03
1.68699e+00 2.22e-03
1.68725e+00 2.24e-03
1.68751e+00 2.28e-03
1.68777e+00 2.31e-03
1.68803e+00 2.35e-03
1.68829e+00 2.39e-03
1.68856e+00 2.43e-03
1.68882e+00 2.48e-03
1.68908e+00 2.52e-03
1.68934e+00 2.57e-03
1.68947e+00 2.59e-03
1.68960e+00 2.60e-03
1.68973e+00 2.62e-03
1.68986e+00 2.63e-03
1.68999e+00 2.64e-03
1.69011e+00 2.65e-03
1.69026e+00 2.65e-03
1.69039e+00 2.65e-03
1.69052e+00 2.65e-03
1.69065e+00 2.64e-03
1.69078e+00 2.63e-03
1.69091e+00 2.62e-03
1.69104e+00 2.61e-03
1.69117e+00 2.59e-03
1.69129e+00 2.58e-03
1.69155e+00 2.54e-03
1.69183e+00 2.50e-03
1.69209e+00 2.46e-03
1.69234e+00 2.41e-03
1.69260e+00 2.37e-03
1.69286e+00 2.32e-03
1.69314e+00 2.28e-03
1.69339e+00 2.24e-03
1.69365e+00 2.20e-03
1.69391e+00 2.17e-03
1.69418e+00 2.13e-03
1.69444e+00 2.11e-03
1.69470e+00 2.08e-03
1.69495e+00 2.06e-03
1.69523e+00 2.04e-03
1.69549e+00 2.02e-03
1.69562e+00 2.01e-03
1.69587e+00 2.00e-03
1.69615e+00 1.99e-03
1.69640e+00 1.98e-03
1.69666e+00 1.97e-03
1.69694e+00 1.96e-03
1.69719e+00 1.96e-03
1.69745e+00 1.95e-03
1.69771e+00 1.95e-03
1.69798e+00 1.95e-03
1.69824e+00 1.94e-03
1.69889e+00 1.94e-03
1.69942e+00 1.94e-03
1.69968e+00 1.95e-03
1.69994e+00 1.95e-03
1.70021e+00 1.95e-03
1.70047e+00 1.96e-03
1.70074e+00 1.96e-03
1.70100e+00 1.97e-03
1.70125e+00 1.98e-03
1.70152e+00 1.98e-03
1.70178e+00 1.99e-03
1.70205e+00 2.00e-03
1.70231e+00 2.01e-03
1.70256e+00 2.03e-03
1.70284e+00 2.04e-03
1.70309e+00 2.06e-03
1.70337e+00 2.07e-03
1.70362e+00 2.09e-03
1.70389e+00 2.11e-03
1.70415e+00 2.13e-03
1.70428e+00 2.15e-03
1.70455e+00 2.17e-03
1.70480e+00 2.20e-03
1.70508e+00 2.23e-03
1.70533e+00 2.27e-03
1.70548e+00 2.28e-03
1.70573e+00 2.30e-03
1.70600e+00 2.33e-03
1.70626e+00 2.36e-03
1.70653e+00 2.38e-03
1.70678e+00 2.41e-03
1.70705e+00 2.45e-03
1.70731e+00 2.48e-03
1.70758e+00 2.52e-03
1.70783e+00 2.56e-03
1.70811e+00 2.60e-03
1.70836e+00 2.65e-03
1.70863e+00 2.70e-03
1.70890e+00 2.75e-03
1.70916e+00 2.81e-03
1.70928e+00 2.84e-03
1.70943e+00 2.87e-03
1.70955e+00 2.91e-03
1.70968e+00 2.94e-03
1.70983e+00 2.98e-03
1.70995e+00 3.02e-03
1.71008e+00 3.07e-03
1.71022e+00 3.11e-03
1.71035e+00 3.16e-03
1.71048e+00 3.21e-03
1.71060e+00 3.27e-03
1.71075e+00 3.34e-03
1.71087e+00 3.40e-03
1.71100e+00 3.48e-03
1.71115e+00 3.56e-03
1.71127e+00 3.65e-03
1.71140e+00 3.75e-03
1.71154e+00 3.85e-03
1.71180e+00 4.05e-03
1.71207e+00 4.25e-03
1.71234e+00 4.45e-03
1.71259e+00 4.65e-03
1.71286e+00 4.86e-03
1.71313e+00 5.07e-03
1.71338e+00 5.29e-03
1.71365e+00 5.53e-03
1.71378e+00 5.65e-03
1.71392e+00 5.77e-03
1.71405e+00 5.90e-03
1.71418e+00 6.03e-03
1.71432e+00 6.16e-03
1.71445e+00 6.30e-03
1.71457e+00 6.44e-03
1.71472e+00 6.59e-03
1.71484e+00 6.74e-03
1.71497e+00 6.89e-03
1.71511e+00 7.05e-03
1.71524e+00 7.21e-03
1.71538e+00 7.38e-03
1.71563e+00 7.72e-03
1.71590e+00 8.07e-03
1.71617e+00 8.43e-03
1.71630e+00 8.61e-03
1.71644e+00 8.78e-03
1.71657e+00 8.94e-03
1.71669e+00 9.09e-03
1.71684e+00 9.23e-03
1.71696e+00 9.36e-03
1.71709e+00 9.46e-03
1.71723e+00 9.55e-03
1.71736e+00 9.61e-03
1.71750e+00 9.64e-03
1.71763e+00 9.64e-03
1.71775e+00 9.62e-03
1.71790e+00 9.56e-03
1.71802e+00 9.46e-03
1.71817e+00 9.33e-03
1.71829e+00 9.17e-03
1.71842e+00 8.98e-03
1.71856e+00 8.75e-03
1.71869e+00 8.49e-03
1.71883e+00 8.21e-03
1.71896e+00 7.91e-03
1.71908e+00 7.59e-03
1.71935e+00 6.94e-03
1.71949e+00 6.62e-03
1.71962e+00 6.32e-03
1.71974e+00 6.04e-03
1.71989e+00 5.78e-03
1.72001e+00 5.57e-03
1.72016e+00 5.40e-03
1.72028e+00 5.28e-03
1.72042e+00 5.20e-03
1.72055e+00 5.19e-03
1.72068e+00 5.23e-03
1.72082e+00 5.32e-03
1.72094e+00 5.46e-03
1.72109e+00 5.65e-03
1.72121e+00 5.88e-03
1.72135e+00 6.14e-03
1.72148e+00 6.44e-03
1.72161e+00 6.75e-03
1.72187e+00 7.40e-03
1.72202e+00 7.72e-03
1.72214e+00 8.03e-03
1.72228e+00 8.32e-03
1.72241e+00 8.59e-03
1.72255e+00 8.84e-03
1.72268e+00 9.05e-03
1.72280e+00 9.23e-03
1.72295e+00 9.38e-03
1.72307e+00 9.49e-03
1.72321e+00 9.56e-03
1.72334e+00 9.61e-03
1.72348e+00 9.62e-03
1.72361e+00 9.60e-03
1.72375e+00 9.55e-03
1.72387e+00 9.47e-03
1.72402e+00 9.37e-03
1.72414e+00 9.26e-03
1.72428e+00 9.12e-03
1.72441e+00 8.97e-03
1.72455e+00 8.81e-03
1.72468e+00 8.64e-03
1.72494e+00 8.28e-03
1.72521e+00 7.92e-03
1.72548e+00 7.57e-03
1.72574e+00 7.22e-03
1.72587e+00 7.06e-03
1.72601e+00 6.90e-03
1.72614e+00 6.74e-03
1.72628e+00 6.59e-03
1.72640e+00 6.44e-03
1.72655e+00 6.29e-03
1.72667e+00 6.15e-03
1.72681e+00 6.02e-03
1.72694e+00 5.89e-03
1.72708e+00 5.76e-03
1.72720e+00 5.63e-03
1.72735e+00 5.51e-03
1.72747e+00 5.39e-03
1.72774e+00 5.16e-03
1.72800e+00 4.94e-03
1.72829e+00 4.73e-03
1.72855e+00 4.53e-03
1.72882e+00 4.32e-03
1.72909e+00 4.12e-03
1.72935e+00 3.91e-03
1.72948e+00 3.81e-03
1.72962e+00 3.71e-03
1.72974e+00 3.61e-03
1.72988e+00 3.52e-03
1.73001e+00 3.44e-03
1.73015e+00 3.37e-03
1.73029e+00 3.30e-03
1.73042e+00 3.24e-03
1.73056e+00 3.19e-03
1.73068e+00 3.14e-03
1.73082e+00 3.09e-03
1.73095e+00 3.05e-03
1.73109e+00 3.00e-03
1.73121e+00 2.97e-03
1.73135e+00 2.93e-03
1.73150e+00 2.89e-03
1.73162e+00 2.86e-03
1.73176e+00 2.83e-03
1.73203e+00 2.77e-03
1.73215e+00 2.74e-03
1.73243e+00 2.69e-03
1.73270e+00 2.64e-03
1.73296e+00 2.60e-03
1.73323e+00 2.56e-03
1.73349e+00 2.52e-03
1.73376e+00 2.48e-03
1.73404e+00 2.45e-03
1.73431e+00 2.42e-03
1.73457e+00 2.39e-03
1.73484e+00 2.36e-03
1.73510e+00 2.34e-03
1.73538e+00 2.32e-03
1.73551e+00 2.30e-03
1.73579e+00 2.26e-03
1.73605e+00 2.23e-03
1.73632e+00 2.20e-03
1.73658e+00 2.18e-03
1.73686e+00 2.15e-03
1.73713e+00 2.13e-03
1.73739e+00 2.11e-03
1.73766e+00 2.09e-03
1.73794e+00 2.07e-03
1.73820e+00 2.06e-03
1.73846e+00 2.04e-03
1.73875e+00 2.03e-03
1.73901e+00 2.02e-03
1.73927e+00 2.01e-03
1.73955e+00 1.99e-03
1.73982e+00 1.98e-03
1.74008e+00 1.98e-03
1.74036e+00 1.97e-03
1.74062e+00 1.96e-03
1.74089e+00 1.95e-03
1.74117e+00 1.94e-03
1.74143e+00 1.94e-03
1.74171e+00 1.93e-03
1.74197e+00 1.93e-03
1.74224e+00 1.92e-03
1.74252e+00 1.92e-03
1.74278e+00 1.91e-03
1.74306e+00 1.91e-03
1.74332e+00 1.90e-03
1.74360e+00 1.90e-03
1.74386e+00 1.90e-03
1.74414e+00 1.89e-03
1.74441e+00 1.89e-03
1.74509e+00 1.89e-03
1.74711e+00 1.88e-03
1.74861e+00 1.89e-03
1.74969e+00 1.89e-03
1.75050e+00 1.89e-03
1.75078e+00 1.90e-03
1.75132e+00 1.90e-03
1.75160e+00 1.90e-03
1.75186e+00 1.90e-03
1.75213e+00 1.90e-03
1.75241e+00 1.91e-03
1.75267e+00 1.91e-03
1.75295e+00 1.91e-03
1.75323e+00 1.92e-03
1.75350e+00 1.92e-03
1.75376e+00 1.92e-03
1.75404e+00 1.92e-03
1.75432e+00 1.93e-03
1.75459e+00 1.93e-03
1.75485e+00 1.93e-03
1.75513e+00 1.94e-03
1.75541e+00 1.94e-03
1.75568e+00 1.95e-03
1.75596e+00 1.95e-03
1.75622e+00 1.95e-03
1.75649e+00 1.96e-03
1.75677e+00 1.96e-03
1.75705e+00 1.97e-03
1.75732e+00 1.97e-03
1.75758e+00 1.98e-03
1.75786e+00 1.98e-03
1.75813e+00 1.99e-03
1.75841e+00 1.99e-03
1.75869e+00 2.00e-03
1.75896e+00 2.01e-03
1.75924e+00 2.01e-03
1.75951e+00 2.02e-03
1.75979e+00 2.03e-03
1.76005e+00 2.03e-03
1.76032e+00 2.04e-03
1.76060e+00 2.05e-03
1.76087e+00 2.06e-03
1.76115e+00 2.06e-03
1.76142e+00 2.07e-03
1.76170e+00 2.08e-03
1.76197e+00 2.09e-03
1.76224e+00 2.10e-03
1.76252e+00 2.12e-03
1.76279e+00 2.13e-03
1.76307e+00 2.14e-03
1.76334e+00 2.15e-03
1.76362e+00 2.17e-03
1.76389e+00 2.18e-03
1.76417e+00 2.20e-03
1.76444e+00 2.22e-03
1.76471e+00 2.24e-03
1.76499e+00 2.25e-03
1.76526e+00 2.27e-03
1.76555e+00 2.29e-03
1.76583e+00 2.31e-03
1.76610e+00 2.33e-03
1.76637e+00 2.36e-03
1.76665e+00 2.38e-03
1.76692e+00 2.41e-03
1.76719e+00 2.43e-03
1.76747e+00 2.46e-03
1.76774e+00 2.49e-03
1.76803e+00 2.52e-03
1.76830e+00 2.54e-03
1.76844e+00 2.56e-03
1.76871e+00 2.58e-03
1.76899e+00 2.60e-03
1.76926e+00 2.61e-03
1.76955e+00 2.62e-03
1.76982e+00 2.63e-03
1.77009e+00 2.64e-03
1.77037e+00 2.64e-03
1.77050e+00 2.65e-03
1.77065e+00 2.65e-03
1.77079e+00 2.66e-03
1.77106e+00 2.69e-03
1.77134e+00 2.71e-03
1.77147e+00 2.73e-03
1.77161e+00 2.73e-03
1.77190e+00 2.74e-03
1.77217e+00 2.75e-03
1.77244e+00 2.76e-03
1.77273e+00 2.77e-03
1.77300e+00 2.77e-03
1.77327e+00 2.78e-03
1.77356e+00 2.79e-03
1.77383e+00 2.79e-03
1.77410e+00 2.80e-03
1.77424e+00 2.80e-03
1.77453e+00 2.80e-03
1.77480e+00 2.81e-03
1.77509e+00 2.81e-03
1.77536e+00 2.82e-03
1.77563e+00 2.82e-03
1.77592e+00 2.83e-03
1.77605e+00 2.82e-03
1.77632e+00 2.81e-03
1.77661e+00 2.80e-03
1.77675e+00 2.79e-03
1.77688e+00 2.79e-03
1.77703e+00 2.79e-03
1.77731e+00 2.79e-03
1.77758e+00 2.80e-03
1.77786e+00 2.80e-03
1.77800e+00 2.80e-03
1.77829e+00 2.81e-03
1.77856e+00 2.80e-03
1.77884e+00 2.80e-03
1.77911e+00 2.78e-03
1.77940e+00 2.77e-03
1.77967e+00 2.75e-03
1.77996e+00 2.73e-03
1.78023e+00 2.72e-03
1.78051e+00 2.70e-03
1.78078e+00 2.68e-03
1.78107e+00 2.67e-03
1.78136e+00 2.66e-03
1.78162e+00 2.65e-03
1.78191e+00 2.64e-03
1.78218e+00 2.63e-03
1.78247e+00 2.62e-03
1.78275e+00 2.61e-03
1.78302e+00 2.60e-03
1.78331e+00 2.59e-03
1.78359e+00 2.59e-03
1.78386e+00 2.58e-03
1.78415e+00 2.58e-03
1.78443e+00 2.57e-03
1.78470e+00 2.57e-03
1.78583e+00 2.57e-03
1.78681e+00 2.57e-03
1.78765e+00 2.57e-03
1.78906e+00 2.59e-03
1.79372e+00 2.63e-03
1.79527e+00 2.63e-03
1.79769e+00 2.64e-03
1.79996e+00 2.64e-03
1.80224e+00 2.64e-03
1.80510e+00 2.62e-03
1.80768e+00 2.61e-03
1.81027e+00 2.59e-03
1.81417e+00 2.57e-03
1.83514e+00 2.42e-03
1.85119e+00 2.32e-03
1.89787e+00 2.05e-03
1.92802e+00 1.89e-03
1.95037e+00 1.78e-03
1.95617e+00 1.75e-03
1.96093e+00 1.73e-03
1.96388e+00 1.72e-03
1.96686e+00 1.71e-03
1.96798e+00 1.70e-03
1.96834e+00 1.70e-03
1.96872e+00 1.70e-03
1.96910e+00 1.70e-03
1.96947e+00 1.69e-03
1.96985e+00 1.69e-03
1.97023e+00 1.69e-03
1.97060e+00 1.69e-03
1.97098e+00 1.69e-03
1.97136e+00 1.68e-03
1.97173e+00 1.68e-03
1.97211e+00 1.68e-03
1.97248e+00 1.68e-03
1.97286e+00 1.68e-03
1.97323e+00 1.68e-03
1.97361e+00 1.67e-03
1.97400e+00 1.67e-03
1.97437e+00 1.67e-03
1.97475e+00 1.67e-03
1.97514e+00 1.67e-03
1.97551e+00 1.67e-03
1.97588e+00 1.66e-03
1.97627e+00 1.66e-03
1.97665e+00 1.66e-03
1.97703e+00 1.66e-03
1.97741e+00 1.66e-03
1.97780e+00 1.66e-03
1.97817e+00 1.65e-03
1.97856e+00 1.65e-03
1.97894e+00 1.65e-03
1.97932e+00 1.65e-03
1.97970e+00 1.65e-03
1.98009e+00 1.65e-03
1.98048e+00 1.64e-03
1.98086e+00 1.64e-03
1.98125e+00 1.64e-03
1.98162e+00 1.64e-03
1.98201e+00 1.64e-03
1.98239e+00 1.64e-03
1.98278e+00 1.63e-03
1.98318e+00 1.63e-03
1.98356e+00 1.63e-03
1.98395e+00 1.63e-03
1.98433e+00 1.63e-03
1.98472e+00 1.62e-03
1.98510e+00 1.62e-03
1.98550e+00 1.62e-03
1.99572e+00 1.58e-03
1.99611e+00 1.58e-03
1.99652e+00 1.58e-03
1.99692e+00 1.57e-03
1.99731e+00 1.57e-03
1.99772e+00 1.57e-03
1.99811e+00 1.57e-03
1.99852e+00 1.57e-03
1.99891e+00 1.57e-03
1.99932e+00 1.56e-03
1.99972e+00 1.56e-03
2.00011e+00 1.56e-03
2.00052e+00 1.56e-03
2.00093e+00 1.56e-03
2.00133e+00 1.56e-03
2.00174e+00 1.55e-03
2.00214e+00 1.55e-03
2.00253e+00 1.55e-03
2.00294e+00 1.55e-03
2.00334e+00 1.55e-03
2.00376e+00 1.55e-03
2.00417e+00 1.54e-03
2.00457e+00 1.54e-03
2.00497e+00 1.54e-03
2.00538e+00 1.54e-03
2.00580e+00 1.54e-03
2.00620e+00 1.54e-03
2.00660e+00 1.53e-03
2.00702e+00 1.53e-03
2.00742e+00 1.53e-03
2.00784e+00 1.53e-03
2.00824e+00 1.53e-03
2.00866e+00 1.53e-03
2.00906e+00 1.52e-03
2.00947e+00 1.52e-03
2.00989e+00 1.52e-03
2.01029e+00 1.52e-03
2.01071e+00 1.52e-03
2.01112e+00 1.52e-03
2.01154e+00 1.51e-03
2.01195e+00 1.51e-03
2.01237e+00 1.51e-03
2.01278e+00 1.51e-03
2.01319e+00 1.51e-03
2.01361e+00 1.51e-03
2.01402e+00 1.50e-03
2.01444e+00 1.50e-03
2.01486e+00 1.50e-03
2.01528e+00 1.50e-03
2.01569e+00 1.50e-03
2.01612e+00 1.50e-03
2.01653e+00 1.49e-03
2.01695e+00 1.49e-03
2.01737e+00 1.49e-03
2.01779e+00 1.49e-03
2.01820e+00 1.49e-03
2.01863e+00 1.49e-03
2.01905e+00 1.48e-03
2.01947e+00 1.48e-03
2.01989e+00 1.48e-03
2.02032e+00 1.48e-03
2.02074e+00 1.48e-03
2.02116e+00 1.48e-03
2.02159e+00 1.47e-03
2.02201e+00 1.47e-03
2.02243e+00 1.47e-03
2.02286e+00 1.47e-03
2.02328e+00 1.47e-03
2.02372e+00 1.47e-03
2.02414e+00 1.46e-03
2.02456e+00 1.46e-03
2.02500e+00 1.46e-03
2.02542e+00 1.46e-03
2.02586e+00 1.46e-03
2.02628e+00 1.46e-03
2.02671e+00 1.45e-03
2.02713e+00 1.45e-03
2.02757e+00 1.45e-03
2.02800e+00 1.45e-03
2.02844e+00 1.45e-03
2.02887e+00 1.44e-03
2.02929e+00 1.44e-03
2.02973e+00 1.44e-03
2.03016e+00 1.44e-03
2.03059e+00 1.44e-03
2.03104e+00 1.44e-03
2.03147e+00 1.43e-03
2.03190e+00 1.43e-03
2.03234e+00 1.43e-03
2.03278e+00 1.43e-03
2.03321e+00 1.43e-03
2.03365e+00 1.43e-03
2.03409e+00 1.42e-03
2.03452e+00 1.42e-03
2.03497e+00 1.42e-03
2.03541e+00 1.42e-03
2.03584e+00 1.42e-03
2.03629e+00 1.42e-03
2.03673e+00 1.41e-03
2.03717e+00 1.41e-03
2.03762e+00 1.41e-03
2.03806e+00 1.41e-03
2.03850e+00 1.41e-03
2.03895e+00 1.41e-03
2.03939e+00 1.40e-03
2.03983e+00 1.40e-03
2.04027e+00 1.40e-03
2.04071e+00 1.40e-03
2.04117e+00 1.40e-03
2.04161e+00 1.40e-03
2.04206e+00 1.40e-03
2.04251e+00 1.39e-03
2.04296e+00 1.39e-03
2.04340e+00 1.39e-03
2.04385e+00 1.39e-03
2.04431e+00 1.39e-03
2.04476e+00 1.39e-03
2.04521e+00 1.38e-03
2.04566e+00 1.38e-03
2.04612e+00 1.38e-03
2.04657e+00 1.38e-03
2.04702e+00 1.38e-03
2.04747e+00 1.38e-03
2.04793e+00 1.37e-03
2.04838e+00 1.37e-03
2.04884e+00 1.37e-03
2.04929e+00 1.37e-03
2.04976e+00 1.37e-03
2.05021e+00 1.37e-03
2.05067e+00 1.36e-03
2.05113e+00 1.36e-03
2.05158e+00 1.36e-03
2.05204e+00 1.36e-03
2.05251e+00 1.36e-03
2.05297e+00 1.36e-03
2.05343e+00 1.35e-03
2.05389e+00 1.35e-03
2.05435e+00 1.35e-03
2.05482e+00 1.35e-03
2.05528e+00 1.35e-03
2.05575e+00 1.35e-03
2.05621e+00 1.34e-03
2.05667e+00 1.34e-03
2.05714e+00 1.34e-03
2.05760e+00 1.34e-03
2.05808e+00 1.34e-03
2.05855e+00 1.34e-03
2.05902e+00 1.33e-03
2.05948e+00 1.33e-03
2.05995e+00 1.33e-03
2.06042e+00 1.33e-03
2.06090e+00 1.33e-03
2.06137e+00 1.33e-03
2.06184e+00 1.32e-03
2.06232e+00 1.32e-03
2.06279e+00 1.32e-03
2.06326e+00 1.32e-03
2.06374e+00 1.32e-03
2.06421e+00 1.32e-03
2.06470e+00 1.31e-03
2.06517e+00 1.31e-03
2.06565e+00 1.31e-03
2.06613e+00 1.31e-03
2.06661e+00 1.31e-03
2.06709e+00 1.30e-03
2.06757e+00 1.30e-03
2.06805e+00 1.30e-03
2.06853e+00 1.30e-03
2.06901e+00 1.30e-03
2.06949e+00 1.30e-03
2.06998e+00 1.29e-03
2.07046e+00 1.29e-03
2.07096e+00 1.29e-03
2.07143e+00 1.29e-03
2.07193e+00 1.29e-03
2.07242e+00 1.29e-03
2.07290e+00 1.28e-03
2.07339e+00 1.28e-03
2.07388e+00 1.28e-03
2.07437e+00 1.28e-03
2.07486e+00 1.28e-03
2.07536e+00 1.28e-03
2.07585e+00 1.27e-03
2.07634e+00 1.27e-03
2.07684e+00 1.27e-03
2.07733e+00 1.27e-03
2.07783e+00 1.27e-03
2.07832e+00 1.27e-03
2.07882e+00 1.26e-03
2.07932e+00 1.26e-03
2.07982e+00 1.26e-03
2.08032e+00 1.26e-03
2.08082e+00 1.26e-03
2.08131e+00 1.26e-03
2.08181e+00 1.25e-03
2.08231e+00 1.25e-03
2.08282e+00 1.25e-03
2.08332e+00 1.25e-03
2.08383e+00 1.25e-03
2.08433e+00 1.25e-03
2.08484e+00 1.24e-03
2.08535e+00 1.24e-03
2.08586e+00 1.24e-03
2.08636e+00 1.24e-03
2.08686e+00 1.24e-03
2.08738e+00 1.24e-03
2.08789e+00 1.23e-03
2.08840e+00 1.23e-03
2.08891e+00 1.23e-03
2.08943e+00 1.23e-03
2.08994e+00 1.23e-03
2.09046e+00 1.23e-03
2.09097e+00 1.22e-03
2.09149e+00 1.22e-03
2.09201e+00 1.22e-03
2.09253e+00 1.22e-03
2.09305e+00 1.22e-03
2.09357e+00 1.22e-03
2.09408e+00 1.21e-03
2.09460e+00 1.21e-03
2.09513e+00 1.21e-03
2.09565e+00 1.21e-03
2.09618e+00 1.21e-03
2.09670e+00 1.21e-03
2.09723e+00 1.20e-03
2.09775e+00 1.20e-03
2.09828e+00 1.20e-03
2.09882e+00 1.20e-03
2.09934e+00 1.20e-03
2.09987e+00 1.20e-03
2.10040e+00 1.19e-03
2.10093e+00 1.19e-03
2.10146e+00 1.19e-03
2.10200e+00 1.19e-03
2.10254e+00 1.19e-03
2.10307e+00 1.19e-03
2.10361e+00 1.18e-03
2.10415e+00 1.18e-03
2.10468e+00 1.18e-03
2.10522e+00 1.18e-03
2.10577e+00 1.18e-03
2.10630e+00 1.17e-03
2.10685e+00 1.17e-03
2.10738e+00 1.17e-03
2.10793e+00 1.17e-03
2.10848e+00 1.17e-03
2.10902e+00 1.17e-03
2.10957e+00 1.16e-03
2.11012e+00 1.16e-03
2.11066e+00 1.16e-03
2.11122e+00 1.16e-03
2.11176e+00 1.16e-03
2.11232e+00 1.16e-03
2.11288e+00 1.15e-03
2.11343e+00 1.15e-03
2.11399e+00 1.15e-03
2.11454e+00 1.15e-03
2.11510e+00 1.15e-03
2.11565e+00 1.15e-03
2.11621e+00 1.14e-03
2.11677e+00 1.14e-03
2.11734e+00 1.14e-03
2.11789e+00 1.14e-03
2.11846e+00 1.14e-03
2.11902e+00 1.14e-03
2.11959e+00 1.13e-03
2.12015e+00 1.13e-03
2.12073e+00 1.13e-03
2.12129e+00 1.13e-03
2.12187e+00 1.13e-03
2.12243e+00 1.12e-03
2.12300e+00 1.12e-03
2.12358e+00 1.12e-03
2.12415e+00 1.12e-03
2.12473e+00 1.12e-03
2.12530e+00 1.12e-03
2.12588e+00 1.11e-03
2.12646e+00 1.11e-03
2.12704e+00 1.11e-03
2.12761e+00 1.11e-03
2.12820e+00 1.11e-03
2.12878e+00 1.11e-03
2.12936e+00 1.10e-03
2.12996e+00 1.10e-03
2.13054e+00 1.10e-03
2.13113e+00 1.10e-03
2.13171e+00 1.10e-03
2.13231e+00 1.10e-03
2.13290e+00 1.09e-03
2.13349e+00 1.09e-03
2.13408e+00 1.09e-03
2.13468e+00 1.09e-03
2.13528e+00 1.09e-03
2.13587e+00 1.09e-03
2.13647e+00 1.08e-03
2.13707e+00 1.08e-03
2.13768e+00 1.08e-03
2.13828e+00 1.08e-03
2.13888e+00 1.08e-03
2.13948e+00 1.07e-03
2.14009e+00 1.07e-03
2.14070e+00 1.07e-03
2.14130e+00 1.07e-03
2.14191e+00 1.07e-03
2.14253e+00 1.07e-03
2.14314e+00 1.06e-03
2.14375e+00 1.06e-03
2.14437e+00 1.06e-03
2.14498e+00 1.06e-03
2.14560e+00 1.06e-03
2.14622e+00 1.06e-03
2.14684e+00 1.05e-03
2.14747e+00 1.05e-03
2.14809e+00 1.05e-03
2.14872e+00 1.05e-03
2.14934e+00 1.05e-03
2.14997e+00 1.05e-03
2.15060e+00 1.04e-03
2.15123e+00 1.04e-03
2.15187e+00 1.04e-03
2.15249e+00 1.04e-03
2.15313e+00 1.04e-03
2.15377e+00 1.03e-03
2.15441e+00 1.03e-03
2.15505e+00 1.03e-03
2.15568e+00 1.03e-03
2.15633e+00 1.03e-03
2.15697e+00 1.03e-03
2.15762e+00 1.02e-03
2.15826e+00 1.02e-03
2.15891e+00 1.02e-03
2.15957e+00 1.02e-03
2.16021e+00 1.02e-03
2.16087e+00 1.02e-03
2.16153e+00 1.01e-03
2.16218e+00 1.01e-03
2.16284e+00 1.01e-03
2.16350e+00 1.01e-03
2.16416e+00 1.01e-03
2.16483e+00 1.00e-03
2.16548e+00 1.00e-03
2.16616e+00 1.00e-03
2.16682e+00 9.99e-04
2.16749e+00 9.97e-04
2.16816e+00 9.95e-04
2.16884e+00 9.93e-04
2.16951e+00 9.91e-04
2.17018e+00 9.89e-04
2.17086e+00 9.88e-04
2.17154e+00 9.86e-04
2.17223e+00 9.84e-04
2.17291e+00 9.82e-04
2.17359e+00 9.80e-04
2.17427e+00 9.78e-04
2.17497e+00 9.77e-04
2.17566e+00 9.75e-04
2.17635e+00 9.73e-04
2.17704e+00 9.71e-04
2.17774e+00 9.70e-04
2.17844e+00 9.68e-04
2.17914e+00 9.66e-04
2.17984e+00 9.64e-04
2.18054e+00 9.63e-04
2.18125e+00 9.61e-04
2.18195e+00 9.59e-04
2.18266e+00 9.57e-04
2.18337e+00 9.55e-04
2.18408e+00 9.54e-04
2.18480e+00 9.52e-04
2.18552e+00 9.50e-04
2.18624e+00 9.48e-04
2.18696e+00 9.46e-04
2.18768e+00 9.44e-04
2.18841e+00 9.43e-04
2.18914e+00 9.41e-04
2.18986e+00 9.39e-04
2.19060e+00 9.37e-04
2.19133e+00 9.35e-04
2.19207e+00 9.33e-04
2.19280e+00 9.32e-04
2.19354e+00 9.30e-04
2.19429e+00 9.28e-04
2.19503e+00 9.26e-04
2.19578e+00 9.24e-04
2.19652e+00 9.22e-04
2.19728e+00 9.20e-04
2.19804e+00 9.19e-04
2.19879e+00 9.17e-04
2.19954e+00 9.15e-04
2.20031e+00 9.13e-04
2.20107e+00 9.11e-04
2.20184e+00 9.09e-04
2.20260e+00 9.07e-04
2.20337e+00 9.05e-04
2.20415e+00 9.03e-04
2.20492e+00 9.02e-04
2.20569e+00 9.00e-04
2.20647e+00 8.98e-04
2.20725e+00 8.96e-04
2.20804e+00 8.94e-04
2.20882e+00 8.92e-04
2.20961e+00 8.90e-04
2.21040e+00 8.88e-04
2.21120e+00 8.86e-04
2.21200e+00 8.84e-04
2.21280e+00 8.82e-04
2.21360e+00 8.80e-04
2.21441e+00 8.78e-04
2.21522e+00 8.76e-04
2.21602e+00 8.74e-04
2.21684e+00 8.72e-04
2.21766e+00 8.70e-04
2.21847e+00 8.69e-04
2.21930e+00 8.67e-04
2.22013e+00 8.65e-04
2.22095e+00 8.63e-04
2.22178e+00 8.61e-04
2.22261e+00 8.59e-04
2.22346e+00 8.57e-04
2.22429e+00 8.55e-04
2.22513e+00 8.53e-04
2.22597e+00 8.51e-04
2.22683e+00 8.50e-04
2.22768e+00 8.48e-04
2.22853e+00 8.46e-04
2.22939e+00 8.44e-04
2.23025e+00 8.42e-04
2.23111e+00 8.40e-04
2.23198e+00 8.38e-04
2.23285e+00 8.36e-04
2.23373e+00 8.34e-04
2.23461e+00 8.32e-04
2.23548e+00 8.30e-04
2.23637e+00 8.28e-04
2.23726e+00 8.26e-04
2.23815e+00 8.24e-04
2.23904e+00 8.22e-04
2.23994e+00 8.20e-04
2.24084e+00 8.18e-04
2.24175e+00 8.16e-04
2.24265e+00 8.14e-04
2.24357e+00 8.12e-04
2.24449e+00 8.10e-04
2.24540e+00 8.08e-04
2.24633e+00 8.06e-04
2.24725e+00 8.04e-04
2.24818e+00 8.02e-04
2.24912e+00 8.00e-04
2.25006e+00 7.98e-04
2.25101e+00 7.96e-04
2.25195e+00 7.94e-04
2.25290e+00 7.92e-04
2.25386e+00 7.90e-04
2.25482e+00 7.88e-04
2.25578e+00 7.86e-04
2.25675e+00 7.84e-04
2.25772e+00 7.82e-04
2.25870e+00 7.80e-04
2.25968e+00 7.78e-04
2.26067e+00 7.75e-04
2.26166e+00 7.73e-04
2.26265e+00 7.71e-04
2.26365e+00 7.69e-04
2.26465e+00 7.67e-04
2.26566e+00 7.65e-04
2.26667e+00 7.63e-04
2.26769e+00 7.61e-04
2.26871e+00 7.59e-04
2.26974e+00 7.57e-04
2.27077e+00 7.54e-04
2.27181e+00 7.52e-04
2.27285e+00 7.50e-04
2.27390e+00 7.48e-04
2.27496e+00 7.46e-04
2.27602e+00 7.44e-04
2.27707e+00 7.42e-04
2.27814e+00 7.40e-04
2.27921e+00 7.38e-04
2.28030e+00 7.36e-04
2.28138e+00 7.33e-04
2.28247e+00 7.31e-04
2.28358e+00 7.29e-04
2.28468e+00 7.27e-04
2.28578e+00 7.25e-04
2.28690e+00 7.23e-04
2.28802e+00 7.20e-04
2.28915e+00 7.18e-04
2.29028e+00 7.16e-04
2.29141e+00 7.14e-04
2.29257e+00 7.12e-04
2.29372e+00 7.09e-04
2.29488e+00 7.07e-04
2.29604e+00 7.05e-04
2.29721e+00 7.03e-04
2.29839e+00 7.00e-04
2.29958e+00 6.98e-04
2.30077e+00 6.96e-04
2.30197e+00 6.93e-04
2.30318e+00 6.91e-04
2.30438e+00 6.89e-04
2.30558e+00 6.86e-04
2.30688e+00 6.84e-04
2.30807e+00 6.82e-04
2.30936e+00 6.79e-04
2.31055e+00 6.77e-04
2.31184e+00 6.75e-04
2.31313e+00 6.72e-04
2.31441e+00 6.70e-04
2.31570e+00 6.68e-04
2.31698e+00 6.66e-04
2.31826e+00 6.63e-04
2.31954e+00 6.61e-04
2.32092e+00 6.59e-04
2.32219e+00 6.56e-04
2.32356e+00 6.54e-04
2.32493e+00 6.52e-04
2.32630e+00 6.49e-04
2.32767e+00 6.47e-04
2.32903e+00 6.44e-04
2.33039e+00 6.42e-04
2.33185e+00 6.40e-04
2.33321e+00 6.37e-04
2.33466e+00 6.35e-04
2.33612e+00 6.32e-04
2.33747e+00 6.30e-04
2.33901e+00 6.27e-04
2.34046e+00 6.25e-04
2.34190e+00 6.22e-04
2.34344e+00 6.20e-04
2.34488e+00 6.17e-04
2.34641e+00 6.15e-04
2.34794e+00 6.12e-04
2.34947e+00 6.09e-04
2.35099e+00 6.07e-04
2.35261e+00 6.04e-04
2.35413e+00 6.02e-04
2.35575e+00 5.99e-04
2.35736e+00 5.96e-04
2.35897e+00 5.94e-04
2.36057e+00 5.91e-04
2.36227e+00 5.88e-04
2.36396e+00 5.86e-04
2.36556e+00 5.83e-04
2.36734e+00 5.81e-04
2.36903e+00 5.78e-04
2.37071e+00 5.75e-04
2.37248e+00 5.72e-04
2.37425e+00 5.70e-04
2.37602e+00 5.67e-04
2.37788e+00 5.64e-04
2.37964e+00 5.62e-04
2.38149e+00 5.59e-04
2.38334e+00 5.56e-04
2.38527e+00 5.53e-04
2.38711e+00 5.50e-04
2.38904e+00 5.47e-04
2.39096e+00 5.44e-04
2.39297e+00 5.41e-04
2.39498e+00 5.38e-04
2.39699e+00 5.35e-04
2.39899e+00 5.32e-04
2.40107e+00 5.29e-04
2.40315e+00 5.26e-04
2.40532e+00 5.23e-04
2.40740e+00 5.20e-04
2.40964e+00 5.17e-04
2.41180e+00 5.14e-04
2.41404e+00 5.11e-04
2.41627e+00 5.08e-04
2.41859e+00 5.05e-04
2.42090e+00 5.02e-04
2.42330e+00 4.98e-04
2.42569e+00 4.95e-04
2.42816e+00 4.92e-04
2.43063e+00 4.88e-04
2.43317e+00 4.85e-04
2.43572e+00 4.81e-04
2.43825e+00 4.78e-04
2.44095e+00 4.74e-04
2.44365e+00 4.71e-04
2.44634e+00 4.67e-04
2.44911e+00 4.64e-04
2.45195e+00 4.60e-04
2.45488e+00 4.56e-04
2.45779e+00 4.53e-04
2.46087e+00 4.49e-04
2.46394e+00 4.45e-04
2.46708e+00 4.42e-04
2.47022e+00 4.38e-04
2.47351e+00 4.34e-04
2.47687e+00 4.30e-04
2.48031e+00 4.26e-04
2.48382e+00 4.22e-04
2.48740e+00 4.17e-04
2.49114e+00 4.13e-04
2.49494e+00 4.09e-04
2.49881e+00 4.04e-04
2.50283e+00 4.00e-04
2.50699e+00 3.96e-04
2.51122e+00 3.91e-04
2.51568e+00 3.86e-04
2.52019e+00 3.81e-04
2.52493e+00 3.77e-04
2.52980e+00 3.71e-04
2.53481e+00 3.66e-04
2.54010e+00 3.61e-04
2.54561e+00 3.55e-04
2.55132e+00 3.50e-04
2.55730e+00 3.44e-04
2.56364e+00 3.38e-04
2.57024e+00 3.32e-04
2.57726e+00 3.26e-04
2.58475e+00 3.19e-04
2.59264e+00 3.12e-04
2.59682e+00 3.09e-04
2.60565e+00 3.01e-04
2.61513e+00 2.94e-04
2.62024e+00 2.90e-04
2.63110e+00 2.81e-04
2.64319e+00 2.72e-04
2.64971e+00 2.67e-04
2.65669e+00 2.62e-04
2.66410e+00 2.57e-04
2.67215e+00 2.51e-04
2.68082e+00 2.45e-04
2.69029e+00 2.39e-04
2.70069e+00 2.32e-04
2.71231e+00 2.25e-04
2.72543e+00 2.17e-04
2.74065e+00 2.08e-04
2.75874e+00 1.98e-04
2.78130e+00 1.86e-04
2.81151e+00 1.70e-04
2.85859e+00 1.49e-04
2.99573e+00 1.02e-04
