# OPACITY Project tables
-2.61515e+00 5.05e-01
-2.27341e+00 1.72e-01
-2.07433e+00 9.20e-02
-1.93351e+00 5.90e-02
-1.82455e+00 4.18e-02
-1.73574e+00 3.16e-02
-1.66078e+00 2.49e-02
-1.59603e+00 2.03e-02
-1.53898e+00 1.69e-02
-1.48802e+00 1.44e-02
-1.44198e+00 1.24e-02
-1.40003e+00 1.09e-02
-1.36148e+00 9.64e-03
-1.32584e+00 1.06e-02
-1.29269e+00 9.57e-03
-1.26174e+00 8.70e-03
-1.23268e+00 8.07e-03
-1.20531e+00 7.03e-03
-1.17944e+00 6.50e-03
-1.15493e+00 6.03e-03
-1.13165e+00 5.61e-03
-1.10945e+00 5.25e-03
-1.08827e+00 4.92e-03
-1.06799e+00 4.62e-03
-1.04857e+00 4.36e-03
-1.02994e+00 4.12e-03
-1.01200e+00 3.90e-03
-9.94739e-01 3.70e-03
-9.78086e-01 3.52e-03
-9.62021e-01 3.35e-03
-9.46492e-01 3.20e-03
-9.31455e-01 3.05e-03
-9.16916e-01 2.92e-03
-9.02807e-01 2.80e-03
-8.89113e-01 2.69e-03
-8.75797e-01 2.58e-03
-8.62868e-01 2.48e-03
-8.50292e-01 2.39e-03
-8.38057e-01 2.30e-03
-8.26130e-01 2.22e-03
-8.14502e-01 2.14e-03
-8.03185e-01 2.07e-03
-7.92106e-01 2.00e-03
-7.81301e-01 1.94e-03
-7.70741e-01 1.88e-03
-7.60420e-01 1.82e-03
-7.50331e-01 1.77e-03
-7.40469e-01 1.72e-03
-7.30787e-01 1.67e-03
-7.21320e-01 1.62e-03
-7.12045e-01 1.57e-03
-7.02955e-01 1.53e-03
-6.94048e-01 1.49e-03
-6.85298e-01 1.45e-03
-6.76723e-01 1.42e-03
-6.68298e-01 1.38e-03
-6.60041e-01 1.35e-03
-6.51909e-01 1.31e-03
-6.43938e-01 1.28e-03
-6.36087e-01 1.25e-03
-6.28390e-01 1.23e-03
-6.20808e-01 1.20e-03
-6.13357e-01 1.17e-03
-6.06016e-01 1.15e-03
-5.98801e-01 1.12e-03
-5.91692e-01 1.10e-03
-5.84687e-01 1.08e-03
-5.77803e-01 1.05e-03
-5.71018e-01 1.03e-03
-5.64314e-01 1.01e-03
-5.57725e-01 9.92e-04
-5.51231e-01 9.73e-04
-5.44831e-01 9.55e-04
-5.38505e-01 9.37e-04
-5.32288e-01 9.20e-04
-5.26142e-01 9.03e-04
-5.20085e-01 8.87e-04
-5.14098e-01 8.71e-04
-5.08196e-01 8.56e-04
-5.02362e-01 8.41e-04
-4.96610e-01 8.27e-04
-4.85320e-01 8.00e-04
-4.79779e-01 7.87e-04
-4.68884e-01 7.62e-04
-4.58265e-01 7.38e-04
-4.47882e-01 7.16e-04
-4.37730e-01 6.94e-04
-4.27803e-01 6.74e-04
-4.18095e-01 6.55e-04
-4.08585e-01 6.37e-04
-3.99284e-01 6.20e-04
-3.90158e-01 6.03e-04
-3.81216e-01 5.87e-04
-3.72456e-01 5.72e-04
-3.63858e-01 5.57e-04
-3.55419e-01 5.42e-04
-3.47135e-01 5.29e-04
-3.39003e-01 5.16e-04
-3.31021e-01 5.03e-04
-3.23185e-01 4.91e-04
-3.15464e-01 4.80e-04
-3.07885e-01 4.68e-04
-3.00430e-01 4.58e-04
-2.93097e-01 4.48e-04
-2.85884e-01 4.38e-04
-2.78788e-01 4.28e-04
-2.71796e-01 4.19e-04
-2.64917e-01 4.10e-04
-2.58149e-01 4.02e-04
-2.51466e-01 3.94e-04
-2.44891e-01 3.86e-04
-2.38409e-01 3.78e-04
-2.32020e-01 3.71e-04
-2.25722e-01 3.64e-04
-2.19513e-01 3.57e-04
-2.13391e-01 3.50e-04
-2.07344e-01 3.44e-04
-2.01382e-01 3.38e-04
-1.95504e-01 3.31e-04
-1.89697e-01 3.26e-04
-1.83971e-01 3.20e-04
-1.78314e-01 3.14e-04
-1.72724e-01 3.09e-04
-1.67200e-01 3.04e-04
-1.61755e-01 2.99e-04
-1.56373e-01 2.94e-04
-1.51044e-01 2.89e-04
-1.45789e-01 2.84e-04
-1.40596e-01 2.80e-04
-1.35453e-01 2.76e-04
-1.30382e-01 2.71e-04
-1.25359e-01 2.67e-04
-1.20395e-01 2.63e-04
-1.15489e-01 2.59e-04
-1.10630e-01 2.55e-04
-1.05827e-01 2.52e-04
-1.01070e-01 2.48e-04
-9.63788e-02 2.44e-04
-9.17206e-02 2.41e-04
-8.71168e-02 2.38e-04
-8.25559e-02 2.34e-04
-7.80480e-02 2.31e-04
-7.35820e-02 2.28e-04
-6.91679e-02 2.25e-04
-6.47839e-02 2.22e-04
-6.04509e-02 2.19e-04
-5.61577e-02 2.16e-04
-5.19040e-02 2.13e-04
-4.76998e-02 2.10e-04
-4.35236e-02 2.08e-04
-3.93959e-02 2.05e-04
-3.52956e-02 2.02e-04
-3.12430e-02 2.00e-04
-2.72170e-02 1.97e-04
-2.32379e-02 1.95e-04
-1.92848e-02 1.93e-04
-1.53675e-02 1.90e-04
-1.14958e-02 1.88e-04
-7.64918e-03 1.86e-04
-3.83735e-03 1.84e-04
-5.00013e-05 1.82e-04
3.69317e-03 1.79e-04
7.37275e-03 1.77e-04
1.11377e-02 1.75e-04
1.47901e-02 1.73e-04
1.84291e-02 1.71e-04
2.19572e-02 1.70e-04
2.55703e-02 1.68e-04
2.90732e-02 1.66e-04
3.25640e-02 1.64e-04
3.60426e-02 1.62e-04
3.95091e-02 1.61e-04
4.29637e-02 1.59e-04
4.64064e-02 1.57e-04
4.97421e-02 1.56e-04
5.30667e-02 1.54e-04
5.64748e-02 1.52e-04
5.97772e-02 1.51e-04
6.29748e-02 1.49e-04
6.62558e-02 1.48e-04
6.95261e-02 1.46e-04
7.26927e-02 1.45e-04
7.58493e-02 1.44e-04
7.90884e-02 1.42e-04
8.22249e-02 1.41e-04
8.52598e-02 1.39e-04
8.83771e-02 1.38e-04
9.14847e-02 1.37e-04
9.44917e-02 1.36e-04
9.75803e-02 1.34e-04
1.00569e-01 1.33e-04
1.03549e-01 1.32e-04
1.06520e-01 1.31e-04
1.09482e-01 1.29e-04
1.12435e-01 1.28e-04
1.15291e-01 1.27e-04
1.18227e-01 1.26e-04
1.21067e-01 1.25e-04
1.23898e-01 1.24e-04
1.26809e-01 1.23e-04
1.29624e-01 1.22e-04
1.32431e-01 1.21e-04
1.35143e-01 1.20e-04
1.37934e-01 1.18e-04
1.40718e-01 1.17e-04
1.43407e-01 1.16e-04
1.46176e-01 1.16e-04
1.48851e-01 1.15e-04
1.51519e-01 1.14e-04
1.54179e-01 1.13e-04
1.56833e-01 1.12e-04
1.59479e-01 1.11e-04
1.62119e-01 1.10e-04
1.64751e-01 1.09e-04
1.67293e-01 1.08e-04
1.69912e-01 1.07e-04
1.72440e-01 1.06e-04
1.74961e-01 1.06e-04
1.77477e-01 1.05e-04
1.80069e-01 1.04e-04
1.82572e-01 1.03e-04
1.84985e-01 1.02e-04
1.87475e-01 1.02e-04
1.89959e-01 1.01e-04
1.92437e-01 1.00e-04
1.94826e-01 9.93e-05
1.97292e-01 9.86e-05
1.99670e-01 9.79e-05
2.02042e-01 9.71e-05
2.04409e-01 9.64e-05
2.06770e-01 9.57e-05
2.09126e-01 9.50e-05
2.11476e-01 9.43e-05
2.13820e-01 9.37e-05
2.16159e-01 9.30e-05
2.18493e-01 9.23e-05
2.20741e-01 9.17e-05
2.23064e-01 9.10e-05
2.25301e-01 9.04e-05
2.27614e-01 8.98e-05
2.29841e-01 8.91e-05
2.32064e-01 8.85e-05
2.34281e-01 8.79e-05
2.36494e-01 8.73e-05
2.38702e-01 8.67e-05
2.40905e-01 8.61e-05
2.43103e-01 8.55e-05
2.45296e-01 8.50e-05
2.47407e-01 8.44e-05
2.49591e-01 8.38e-05
2.51692e-01 8.33e-05
2.53867e-01 8.27e-05
2.55959e-01 8.22e-05
2.58047e-01 8.17e-05
2.60208e-01 8.11e-05
2.62287e-01 8.06e-05
2.64362e-01 8.01e-05
2.66433e-01 7.96e-05
2.68499e-01 7.91e-05
2.70561e-01 7.86e-05
2.72619e-01 7.81e-05
2.74597e-01 7.76e-05
2.76646e-01 7.71e-05
2.78692e-01 7.66e-05
2.80657e-01 7.61e-05
2.82695e-01 7.57e-05
2.84652e-01 7.52e-05
2.86606e-01 7.47e-05
2.88632e-01 7.43e-05
2.90578e-01 7.38e-05
2.92520e-01 7.34e-05
2.94459e-01 7.29e-05
2.96394e-01 7.25e-05
2.98325e-01 7.21e-05
3.00253e-01 7.16e-05
3.02177e-01 7.12e-05
3.04097e-01 7.08e-05
3.05939e-01 7.04e-05
3.07852e-01 7.00e-05
3.09762e-01 6.96e-05
3.11594e-01 6.92e-05
3.13496e-01 6.88e-05
3.15322e-01 6.84e-05
3.17144e-01 6.80e-05
3.19035e-01 6.76e-05
3.20851e-01 6.72e-05
3.22663e-01 6.68e-05
3.24472e-01 6.64e-05
3.26278e-01 6.61e-05
3.28080e-01 6.57e-05
3.29879e-01 6.53e-05
3.31675e-01 6.50e-05
3.33468e-01 6.46e-05
3.35257e-01 6.43e-05
3.37044e-01 6.39e-05
3.38827e-01 6.36e-05
3.40535e-01 6.32e-05
3.42312e-01 6.29e-05
3.44015e-01 6.25e-05
3.45786e-01 6.22e-05
3.47483e-01 6.19e-05
3.49247e-01 6.15e-05
3.50939e-01 6.12e-05
3.52627e-01 6.09e-05
3.54382e-01 6.06e-05
3.56065e-01 6.02e-05
3.57744e-01 5.99e-05
3.59421e-01 5.96e-05
3.61095e-01 5.93e-05
3.62766e-01 5.90e-05
3.64435e-01 5.87e-05
3.66100e-01 5.84e-05
3.67763e-01 5.81e-05
3.69354e-01 5.78e-05
3.71012e-01 5.75e-05
3.72666e-01 5.72e-05
3.74318e-01 5.69e-05
3.75899e-01 5.66e-05
3.77546e-01 5.63e-05
3.79121e-01 5.61e-05
3.80762e-01 5.58e-05
3.82333e-01 5.55e-05
3.83969e-01 5.52e-05
3.85534e-01 5.50e-05
3.87097e-01 5.47e-05
3.88658e-01 5.44e-05
3.90284e-01 5.42e-05
3.91839e-01 5.39e-05
3.93393e-01 5.36e-05
3.94943e-01 5.34e-05
3.96492e-01 5.31e-05
3.98038e-01 5.29e-05
3.99581e-01 5.26e-05
4.01122e-01 5.24e-05
4.02661e-01 5.21e-05
4.04131e-01 5.19e-05
4.05665e-01 5.16e-05
4.07197e-01 5.14e-05
4.08726e-01 5.11e-05
4.10187e-01 5.09e-05
4.11712e-01 5.07e-05
4.13169e-01 5.04e-05
4.14689e-01 5.02e-05
4.16141e-01 5.00e-05
4.17657e-01 4.97e-05
4.19105e-01 4.95e-05
4.20616e-01 4.93e-05
4.22060e-01 4.91e-05
4.23501e-01 4.88e-05
4.25006e-01 4.86e-05
4.26444e-01 4.84e-05
4.27879e-01 4.82e-05
4.29312e-01 4.80e-05
4.30743e-01 4.78e-05
4.32172e-01 4.75e-05
4.33599e-01 4.73e-05
4.35024e-01 4.71e-05
4.36447e-01 4.69e-05
4.37868e-01 4.67e-05
4.39287e-01 4.65e-05
4.40704e-01 4.63e-05
4.42118e-01 4.61e-05
4.43467e-01 4.59e-05
4.44878e-01 4.57e-05
4.46287e-01 4.55e-05
4.47630e-01 4.53e-05
4.49035e-01 4.51e-05
4.50438e-01 4.49e-05
4.51776e-01 4.47e-05
4.53175e-01 4.45e-05
4.54509e-01 4.43e-05
4.55841e-01 4.42e-05
4.57235e-01 4.40e-05
4.58563e-01 4.38e-05
4.59953e-01 4.36e-05
4.61278e-01 4.34e-05
4.62601e-01 4.32e-05
4.63923e-01 4.31e-05
4.65305e-01 4.29e-05
4.66623e-01 4.27e-05
4.67939e-01 4.25e-05
4.69253e-01 4.24e-05
4.70566e-01 4.22e-05
4.71877e-01 4.20e-05
4.73186e-01 4.18e-05
4.74494e-01 4.17e-05
4.75799e-01 4.15e-05
4.77103e-01 4.13e-05
4.78406e-01 4.12e-05
4.79706e-01 4.10e-05
4.80944e-01 4.08e-05
4.82241e-01 4.07e-05
4.83537e-01 4.05e-05
4.84831e-01 4.04e-05
4.86062e-01 4.02e-05
4.87352e-01 4.00e-05
4.88641e-01 3.99e-05
4.89868e-01 3.97e-05
4.91153e-01 3.96e-05
4.92376e-01 3.94e-05
4.93659e-01 3.93e-05
4.94879e-01 3.91e-05
4.96159e-01 3.90e-05
4.97376e-01 3.88e-05
4.98591e-01 3.87e-05
4.99866e-01 3.85e-05
5.01078e-01 3.84e-05
5.02289e-01 3.82e-05
5.03559e-01 3.81e-05
5.04767e-01 3.79e-05
5.05974e-01 3.78e-05
5.07179e-01 3.76e-05
5.08383e-01 3.75e-05
5.09645e-01 3.74e-05
5.10846e-01 3.72e-05
5.12045e-01 3.71e-05
5.13243e-01 3.69e-05
5.14439e-01 3.68e-05
5.15634e-01 3.67e-05
5.16828e-01 3.65e-05
5.18020e-01 3.64e-05
5.19210e-01 3.63e-05
5.20340e-01 3.61e-05
5.21528e-01 3.60e-05
5.22715e-01 3.59e-05
5.23900e-01 3.57e-05
5.25083e-01 3.56e-05
5.26207e-01 3.55e-05
5.27388e-01 3.53e-05
5.28567e-01 3.52e-05
5.29687e-01 3.51e-05
5.30864e-01 3.50e-05
5.32039e-01 3.48e-05
5.33154e-01 3.47e-05
5.34327e-01 3.46e-05
5.35440e-01 3.45e-05
5.36610e-01 3.43e-05
5.37721e-01 3.42e-05
5.38888e-01 3.41e-05
5.39996e-01 3.40e-05
5.41103e-01 3.39e-05
5.42266e-01 3.37e-05
5.43370e-01 3.36e-05
5.44473e-01 3.35e-05
5.45633e-01 3.34e-05
5.46733e-01 3.33e-05
5.47832e-01 3.32e-05
5.48930e-01 3.30e-05
5.50085e-01 3.29e-05
5.51180e-01 3.28e-05
5.52275e-01 3.27e-05
5.53368e-01 3.26e-05
5.54460e-01 3.25e-05
5.55550e-01 3.24e-05
5.56640e-01 3.23e-05
5.57728e-01 3.22e-05
5.58815e-01 3.20e-05
5.59901e-01 3.19e-05
5.60986e-01 3.18e-05
5.62070e-01 3.17e-05
5.63152e-01 3.16e-05
5.64234e-01 3.15e-05
5.65314e-01 3.14e-05
5.66393e-01 3.13e-05
5.67471e-01 3.12e-05
5.68491e-01 3.11e-05
5.69566e-01 3.10e-05
5.70641e-01 3.09e-05
5.71714e-01 3.08e-05
5.72729e-01 3.07e-05
5.73800e-01 3.06e-05
5.74870e-01 3.05e-05
5.75883e-01 3.04e-05
5.76950e-01 3.03e-05
5.77961e-01 3.02e-05
5.79026e-01 3.01e-05
5.80090e-01 3.00e-05
5.81098e-01 2.99e-05
5.82160e-01 2.98e-05
5.83165e-01 2.97e-05
5.84225e-01 2.96e-05
5.85228e-01 2.95e-05
5.86230e-01 2.94e-05
5.87287e-01 2.93e-05
5.88287e-01 2.92e-05
5.89286e-01 2.91e-05
5.90339e-01 2.90e-05
5.91336e-01 2.90e-05
5.92332e-01 2.89e-05
5.93382e-01 2.88e-05
5.94376e-01 2.87e-05
5.95369e-01 2.86e-05
5.96361e-01 2.85e-05
5.97407e-01 2.84e-05
5.98397e-01 2.83e-05
5.99386e-01 2.82e-05
6.00374e-01 2.82e-05
6.01361e-01 2.81e-05
6.02347e-01 2.80e-05
6.03332e-01 2.79e-05
6.04316e-01 2.78e-05
6.05299e-01 2.77e-05
6.06281e-01 2.76e-05
6.07262e-01 2.76e-05
6.08243e-01 2.75e-05
6.09222e-01 2.74e-05
6.10200e-01 2.73e-05
6.11178e-01 2.72e-05
6.12154e-01 2.71e-05
6.13129e-01 2.71e-05
6.14104e-01 2.70e-05
6.15023e-01 2.69e-05
6.15996e-01 2.68e-05
6.16968e-01 2.67e-05
6.17939e-01 2.67e-05
6.18908e-01 2.66e-05
6.19824e-01 2.65e-05
6.20792e-01 2.64e-05
6.21759e-01 2.63e-05
6.22671e-01 2.63e-05
6.23636e-01 2.62e-05
6.24601e-01 2.61e-05
6.25511e-01 2.60e-05
6.26473e-01 2.60e-05
6.27435e-01 2.59e-05
6.28342e-01 2.58e-05
6.29302e-01 2.57e-05
6.30207e-01 2.57e-05
6.31165e-01 2.56e-05
6.32069e-01 2.55e-05
6.33026e-01 2.54e-05
6.33928e-01 2.54e-05
6.34882e-01 2.53e-05
6.35783e-01 2.52e-05
6.36683e-01 2.51e-05
6.37634e-01 2.51e-05
6.38533e-01 2.50e-05
6.39483e-01 2.49e-05
6.40379e-01 2.49e-05
6.41275e-01 2.48e-05
6.42222e-01 2.47e-05
6.43116e-01 2.46e-05
6.44009e-01 2.46e-05
6.44902e-01 2.45e-05
6.45846e-01 2.44e-05
6.46737e-01 2.44e-05
6.47627e-01 2.43e-05
6.48516e-01 2.42e-05
6.49404e-01 2.42e-05
6.50292e-01 2.41e-05
6.51231e-01 2.40e-05
6.52117e-01 2.40e-05
6.53002e-01 2.39e-05
6.53886e-01 2.38e-05
6.54770e-01 2.38e-05
6.55653e-01 2.37e-05
6.56535e-01 2.36e-05
6.57416e-01 2.36e-05
6.58297e-01 2.35e-05
6.59177e-01 2.34e-05
6.60056e-01 2.34e-05
6.60934e-01 2.33e-05
6.61811e-01 2.32e-05
6.62688e-01 2.32e-05
6.63564e-01 2.31e-05
6.64439e-01 2.31e-05
6.65262e-01 2.30e-05
6.66136e-01 2.29e-05
6.67009e-01 2.29e-05
6.67881e-01 2.28e-05
6.68752e-01 2.27e-05
6.69623e-01 2.27e-05
6.70441e-01 2.26e-05
6.71310e-01 2.26e-05
6.72179e-01 2.25e-05
6.73047e-01 2.24e-05
6.73862e-01 2.24e-05
6.74729e-01 2.23e-05
6.75594e-01 2.23e-05
6.76408e-01 2.22e-05
6.77272e-01 2.22e-05
6.78135e-01 2.21e-05
6.78947e-01 2.20e-05
6.79809e-01 2.20e-05
6.80619e-01 2.19e-05
6.81479e-01 2.19e-05
6.82339e-01 2.18e-05
6.83147e-01 2.17e-05
6.84006e-01 2.17e-05
6.84813e-01 2.16e-05
6.85669e-01 2.16e-05
6.86475e-01 2.15e-05
6.87330e-01 2.15e-05
6.88135e-01 2.14e-05
6.88989e-01 2.14e-05
6.89792e-01 2.13e-05
6.90594e-01 2.12e-05
6.91446e-01 2.12e-05
6.92247e-01 2.11e-05
6.93097e-01 2.11e-05
6.93897e-01 2.10e-05
6.94696e-01 2.10e-05
6.95544e-01 2.09e-05
6.96342e-01 2.09e-05
6.97139e-01 2.08e-05
6.97985e-01 2.08e-05
6.98781e-01 2.07e-05
6.99576e-01 2.07e-05
7.00371e-01 2.06e-05
7.01215e-01 2.06e-05
7.02008e-01 2.05e-05
7.02800e-01 2.05e-05
7.03592e-01 2.04e-05
7.04384e-01 2.04e-05
7.05224e-01 2.03e-05
7.06014e-01 2.03e-05
7.06804e-01 2.02e-05
7.07592e-01 2.02e-05
7.08381e-01 2.01e-05
7.09168e-01 2.01e-05
7.09955e-01 2.00e-05
7.10741e-01 2.00e-05
7.11527e-01 1.99e-05
7.12361e-01 1.99e-05
7.13146e-01 1.98e-05
7.13930e-01 1.98e-05
7.14713e-01 1.97e-05
7.15496e-01 1.97e-05
7.16278e-01 1.96e-05
7.17059e-01 1.96e-05
7.17791e-01 1.95e-05
7.18571e-01 1.95e-05
7.19351e-01 1.94e-05
7.20130e-01 1.94e-05
7.20908e-01 1.93e-05
7.21686e-01 1.93e-05
7.22463e-01 1.92e-05
7.23240e-01 1.92e-05
7.24016e-01 1.91e-05
7.24743e-01 1.91e-05
7.25518e-01 1.91e-05
7.26292e-01 1.90e-05
7.27065e-01 1.90e-05
7.27838e-01 1.89e-05
7.28611e-01 1.89e-05
7.29334e-01 1.88e-05
7.30106e-01 1.88e-05
7.30876e-01 1.87e-05
7.31598e-01 1.87e-05
7.32368e-01 1.87e-05
7.33137e-01 1.86e-05
7.33905e-01 1.86e-05
7.34625e-01 1.85e-05
7.35392e-01 1.85e-05
7.36159e-01 1.84e-05
7.36877e-01 1.84e-05
7.37642e-01 1.83e-05
7.38360e-01 1.83e-05
7.39124e-01 1.83e-05
7.39888e-01 1.82e-05
7.40603e-01 1.82e-05
7.41366e-01 1.81e-05
7.42080e-01 1.81e-05
7.42842e-01 1.81e-05
7.43603e-01 1.80e-05
7.44315e-01 1.80e-05
7.45075e-01 1.79e-05
7.45787e-01 1.79e-05
7.46546e-01 1.78e-05
7.47257e-01 1.78e-05
7.47967e-01 1.78e-05
7.48724e-01 1.77e-05
7.49433e-01 1.77e-05
7.50189e-01 1.76e-05
7.50897e-01 1.76e-05
7.51652e-01 1.76e-05
7.52359e-01 1.75e-05
7.53066e-01 1.75e-05
7.53819e-01 1.74e-05
7.54524e-01 1.74e-05
7.55277e-01 1.74e-05
7.55981e-01 1.73e-05
7.56685e-01 1.73e-05
7.57436e-01 1.73e-05
7.58139e-01 1.72e-05
7.58841e-01 1.72e-05
7.59543e-01 1.71e-05
7.60292e-01 1.71e-05
7.60993e-01 1.71e-05
7.61693e-01 1.70e-05
7.62393e-01 1.70e-05
7.63140e-01 1.69e-05
7.63839e-01 1.69e-05
7.64537e-01 1.69e-05
7.65235e-01 1.68e-05
7.65979e-01 1.68e-05
7.66676e-01 1.68e-05
7.67373e-01 1.67e-05
7.68069e-01 1.67e-05
7.68765e-01 1.67e-05
7.69460e-01 1.66e-05
7.70155e-01 1.66e-05
7.70895e-01 1.65e-05
7.71589e-01 1.65e-05
7.72282e-01 1.65e-05
7.72974e-01 1.64e-05
7.73667e-01 1.64e-05
7.74358e-01 1.64e-05
7.75050e-01 1.63e-05
7.75740e-01 1.63e-05
7.76431e-01 1.63e-05
7.77121e-01 1.62e-05
7.77810e-01 1.62e-05
7.78499e-01 1.62e-05
7.79187e-01 1.61e-05
7.79875e-01 1.61e-05
7.80563e-01 1.61e-05
7.81250e-01 1.60e-05
7.81936e-01 1.60e-05
7.82622e-01 1.59e-05
7.83308e-01 1.59e-05
7.83993e-01 1.59e-05
7.84677e-01 1.58e-05
7.85362e-01 1.58e-05
7.86000e-01 1.58e-05
7.86683e-01 1.57e-05
7.87366e-01 1.57e-05
7.88048e-01 1.57e-05
7.88730e-01 1.56e-05
7.89411e-01 1.56e-05
7.90092e-01 1.56e-05
7.90728e-01 1.55e-05
7.91408e-01 1.55e-05
7.92087e-01 1.55e-05
7.92766e-01 1.55e-05
7.93445e-01 1.54e-05
7.94078e-01 1.54e-05
7.94756e-01 1.54e-05
7.95433e-01 1.53e-05
7.96110e-01 1.53e-05
7.96741e-01 1.53e-05
7.97417e-01 1.52e-05
7.98093e-01 1.52e-05
7.98768e-01 1.52e-05
7.99397e-01 1.51e-05
8.00071e-01 1.51e-05
8.00745e-01 1.51e-05
8.01374e-01 1.50e-05
8.02046e-01 1.50e-05
8.02719e-01 1.50e-05
8.03346e-01 1.49e-05
8.04017e-01 1.49e-05
8.04644e-01 1.49e-05
8.05314e-01 1.49e-05
8.05985e-01 1.48e-05
8.06610e-01 1.48e-05
8.07279e-01 1.48e-05
8.07903e-01 1.47e-05
8.08572e-01 1.47e-05
8.09240e-01 1.47e-05
8.09863e-01 1.46e-05
8.10530e-01 1.46e-05
8.11152e-01 1.46e-05
8.11819e-01 1.46e-05
8.12440e-01 1.45e-05
8.13106e-01 1.45e-05
8.13726e-01 1.45e-05
8.14391e-01 1.44e-05
8.15011e-01 1.44e-05
8.15674e-01 1.44e-05
8.16294e-01 1.44e-05
8.16956e-01 1.43e-05
8.17575e-01 1.43e-05
8.18193e-01 1.43e-05
8.18854e-01 1.42e-05
8.19471e-01 1.42e-05
8.20132e-01 1.42e-05
8.20749e-01 1.42e-05
8.21364e-01 1.41e-05
8.22024e-01 1.41e-05
8.22639e-01 1.41e-05
8.23298e-01 1.40e-05
8.23912e-01 1.40e-05
8.24526e-01 1.40e-05
8.25184e-01 1.40e-05
8.25797e-01 1.39e-05
8.26410e-01 1.39e-05
8.27066e-01 1.39e-05
8.27678e-01 1.39e-05
8.28290e-01 1.38e-05
8.28945e-01 1.38e-05
8.29556e-01 1.38e-05
8.30166e-01 1.37e-05
8.30776e-01 1.37e-05
8.31430e-01 1.37e-05
8.32039e-01 1.37e-05
8.32648e-01 1.36e-05
8.33257e-01 1.36e-05
8.33909e-01 1.36e-05
8.34517e-01 1.36e-05
8.35124e-01 1.35e-05
8.35731e-01 1.35e-05
8.36338e-01 1.35e-05
8.36988e-01 1.35e-05
8.37594e-01 1.34e-05
8.38199e-01 1.34e-05
8.38805e-01 1.34e-05
8.39410e-01 1.34e-05
8.40014e-01 1.33e-05
8.40618e-01 1.33e-05
8.41265e-01 1.33e-05
8.41869e-01 1.33e-05
8.42472e-01 1.32e-05
8.43075e-01 1.32e-05
8.43677e-01 1.32e-05
8.44279e-01 1.32e-05
8.44881e-01 1.31e-05
8.45482e-01 1.31e-05
8.46083e-01 1.31e-05
8.46683e-01 1.31e-05
8.47284e-01 1.30e-05
8.47883e-01 1.30e-05
8.48526e-01 1.30e-05
8.49125e-01 1.30e-05
8.49723e-01 1.29e-05
8.50322e-01 1.29e-05
8.50920e-01 1.29e-05
8.51518e-01 1.29e-05
8.52115e-01 1.28e-05
8.52712e-01 1.28e-05
8.53308e-01 1.28e-05
8.53862e-01 1.28e-05
8.54458e-01 1.27e-05
8.55053e-01 1.27e-05
8.55649e-01 1.27e-05
8.56243e-01 1.27e-05
8.56838e-01 1.27e-05
8.57432e-01 1.26e-05
8.58026e-01 1.26e-05
8.58619e-01 1.26e-05
8.59212e-01 1.26e-05
8.59805e-01 1.25e-05
8.60397e-01 1.25e-05
8.60947e-01 1.25e-05
8.61539e-01 1.25e-05
8.62130e-01 1.24e-05
8.62721e-01 1.24e-05
8.63312e-01 1.24e-05
8.63902e-01 1.24e-05
8.64492e-01 1.24e-05
8.65040e-01 1.23e-05
8.65629e-01 1.23e-05
8.66218e-01 1.23e-05
8.66806e-01 1.23e-05
8.67395e-01 1.22e-05
8.67940e-01 1.22e-05
8.68528e-01 1.22e-05
8.69115e-01 1.22e-05
8.69702e-01 1.22e-05
8.70289e-01 1.21e-05
8.70833e-01 1.21e-05
8.71419e-01 1.21e-05
8.72004e-01 1.21e-05
8.72548e-01 1.20e-05
8.73133e-01 1.20e-05
8.73717e-01 1.20e-05
8.74301e-01 1.20e-05
8.74844e-01 1.20e-05
8.75427e-01 1.19e-05
8.76010e-01 1.19e-05
8.76551e-01 1.19e-05
8.77134e-01 1.19e-05
8.77716e-01 1.19e-05
8.78257e-01 1.18e-05
8.78838e-01 1.18e-05
8.79419e-01 1.18e-05
8.79959e-01 1.18e-05
8.80539e-01 1.18e-05
8.81119e-01 1.17e-05
8.81658e-01 1.17e-05
8.82237e-01 1.17e-05
8.82775e-01 1.17e-05
8.83354e-01 1.16e-05
8.83933e-01 1.16e-05
8.84470e-01 1.16e-05
8.85048e-01 1.16e-05
8.85584e-01 1.16e-05
8.86161e-01 1.15e-05
8.86738e-01 1.15e-05
8.87274e-01 1.15e-05
8.87850e-01 1.15e-05
8.88385e-01 1.15e-05
8.88961e-01 1.14e-05
8.89495e-01 1.14e-05
8.90070e-01 1.14e-05
8.90604e-01 1.14e-05
8.91178e-01 1.14e-05
8.91711e-01 1.13e-05
8.92285e-01 1.13e-05
8.92817e-01 1.13e-05
8.93391e-01 1.13e-05
8.93922e-01 1.13e-05
8.94495e-01 1.13e-05
8.95026e-01 1.12e-05
8.95598e-01 1.12e-05
8.96129e-01 1.12e-05
8.96700e-01 1.12e-05
8.97230e-01 1.12e-05
8.97760e-01 1.11e-05
8.98330e-01 1.11e-05
8.98860e-01 1.11e-05
8.99429e-01 1.11e-05
8.99958e-01 1.11e-05
9.00527e-01 1.10e-05
9.01055e-01 1.10e-05
9.01583e-01 1.10e-05
9.02151e-01 1.10e-05
9.02679e-01 1.10e-05
9.03205e-01 1.09e-05
9.03773e-01 1.09e-05
9.04299e-01 1.09e-05
9.04866e-01 1.09e-05
9.05392e-01 1.09e-05
9.05917e-01 1.09e-05
9.06483e-01 1.08e-05
9.07008e-01 1.08e-05
9.07532e-01 1.08e-05
9.08097e-01 1.08e-05
9.08621e-01 1.08e-05
9.09145e-01 1.07e-05
9.09669e-01 1.07e-05
9.10232e-01 1.07e-05
9.10755e-01 1.07e-05
9.11278e-01 1.07e-05
9.11841e-01 1.07e-05
9.12363e-01 1.06e-05
9.12885e-01 1.06e-05
9.13407e-01 1.06e-05
9.13968e-01 1.06e-05
9.14489e-01 1.06e-05
9.15010e-01 1.06e-05
9.15530e-01 1.05e-05
9.16091e-01 1.05e-05
9.16611e-01 1.05e-05
9.17130e-01 1.05e-05
9.17650e-01 1.05e-05
9.18169e-01 1.05e-05
9.18728e-01 1.04e-05
9.19246e-01 1.04e-05
9.19765e-01 1.04e-05
9.20283e-01 1.04e-05
9.20801e-01 1.04e-05
9.21358e-01 1.03e-05
9.21875e-01 1.03e-05
9.22392e-01 1.03e-05
9.22909e-01 1.03e-05
9.23425e-01 1.03e-05
9.23941e-01 1.03e-05
9.24457e-01 1.02e-05
9.25013e-01 1.02e-05
9.25528e-01 1.02e-05
9.26043e-01 1.02e-05
9.26558e-01 1.02e-05
9.27072e-01 1.02e-05
9.27587e-01 1.01e-05
9.28101e-01 1.01e-05
9.28614e-01 1.01e-05
9.29128e-01 1.01e-05
9.29681e-01 1.01e-05
9.30194e-01 1.01e-05
9.30706e-01 1.01e-05
9.31219e-01 1.00e-05
9.31731e-01 1.00e-05
9.32243e-01 1.00e-05
9.32754e-01 9.99e-06
9.33266e-01 9.97e-06
9.33777e-01 9.95e-06
9.34288e-01 9.94e-06
9.34798e-01 9.92e-06
9.35309e-01 9.91e-06
9.35819e-01 9.89e-06
9.36329e-01 9.88e-06
9.36838e-01 9.86e-06
9.37347e-01 9.84e-06
9.37857e-01 9.83e-06
9.38365e-01 9.81e-06
9.38874e-01 9.80e-06
9.39382e-01 9.78e-06
9.39890e-01 9.77e-06
9.40398e-01 9.75e-06
9.40905e-01 9.74e-06
9.41413e-01 9.72e-06
9.41919e-01 9.71e-06
9.42426e-01 9.69e-06
9.42933e-01 9.67e-06
9.43439e-01 9.66e-06
9.43945e-01 9.64e-06
9.44450e-01 9.63e-06
9.44956e-01 9.61e-06
9.45422e-01 9.60e-06
9.45927e-01 9.58e-06
9.46432e-01 9.57e-06
9.46936e-01 9.55e-06
9.47441e-01 9.54e-06
9.47944e-01 9.53e-06
9.48448e-01 9.51e-06
9.48952e-01 9.50e-06
9.49455e-01 9.48e-06
9.49919e-01 9.47e-06
9.50422e-01 9.45e-06
9.50924e-01 9.44e-06
9.51426e-01 9.42e-06
9.51928e-01 9.41e-06
9.52430e-01 9.39e-06
9.52931e-01 9.38e-06
9.53394e-01 9.36e-06
9.53895e-01 9.35e-06
9.54395e-01 9.34e-06
9.54896e-01 9.32e-06
9.55396e-01 9.31e-06
9.55896e-01 9.29e-06
9.56357e-01 9.28e-06
9.56857e-01 9.26e-06
9.57356e-01 9.25e-06
9.57855e-01 9.24e-06
9.58354e-01 9.22e-06
9.58814e-01 9.21e-06
9.59312e-01 9.19e-06
9.59810e-01 9.18e-06
9.60308e-01 9.17e-06
9.60767e-01 9.15e-06
9.61264e-01 9.14e-06
9.61761e-01 9.12e-06
9.62258e-01 9.11e-06
9.62716e-01 9.10e-06
9.63212e-01 9.08e-06
9.63709e-01 9.07e-06
9.64204e-01 9.06e-06
9.64662e-01 9.04e-06
9.65157e-01 9.03e-06
9.65652e-01 9.01e-06
9.66147e-01 9.00e-06
9.66604e-01 8.99e-06
9.67098e-01 8.97e-06
9.67592e-01 8.96e-06
9.68048e-01 8.95e-06
9.68542e-01 8.93e-06
9.69035e-01 8.92e-06
9.69490e-01 8.91e-06
9.69983e-01 8.89e-06
9.70476e-01 8.88e-06
9.70930e-01 8.87e-06
9.71423e-01 8.85e-06
9.71915e-01 8.84e-06
9.72369e-01 8.83e-06
9.72860e-01 8.81e-06
9.73351e-01 8.80e-06
9.73805e-01 8.79e-06
9.74295e-01 8.77e-06
9.74786e-01 8.76e-06
9.75239e-01 8.75e-06
9.75729e-01 8.74e-06
9.76181e-01 8.72e-06
9.76671e-01 8.71e-06
9.77160e-01 8.70e-06
9.77612e-01 8.68e-06
9.78101e-01 8.67e-06
9.78552e-01 8.66e-06
9.79040e-01 8.65e-06
9.79528e-01 8.63e-06
9.79979e-01 8.62e-06
9.80467e-01 8.61e-06
9.80917e-01 8.60e-06
9.81404e-01 8.58e-06
9.81891e-01 8.57e-06
9.82341e-01 8.56e-06
9.82827e-01 8.55e-06
9.83276e-01 8.53e-06
9.83762e-01 8.52e-06
9.84211e-01 8.51e-06
9.84697e-01 8.50e-06
9.85145e-01 8.48e-06
9.85630e-01 8.47e-06
9.86078e-01 8.46e-06
9.86563e-01 8.45e-06
9.87010e-01 8.43e-06
9.87494e-01 8.42e-06
9.87941e-01 8.41e-06
9.88425e-01 8.40e-06
9.88872e-01 8.39e-06
9.89355e-01 8.37e-06
9.89801e-01 8.36e-06
9.90284e-01 8.35e-06
9.90730e-01 8.34e-06
9.91213e-01 8.33e-06
9.91658e-01 8.31e-06
9.92140e-01 8.30e-06
9.92585e-01 8.29e-06
9.93067e-01 8.28e-06
9.93511e-01 8.27e-06
9.93992e-01 8.25e-06
9.94436e-01 8.24e-06
9.94917e-01 8.23e-06
9.95361e-01 8.22e-06
9.95804e-01 8.21e-06
9.96284e-01 8.19e-06
9.96727e-01 8.18e-06
9.97207e-01 8.17e-06
9.97649e-01 8.16e-06
9.98129e-01 8.15e-06
9.98571e-01 8.14e-06
9.99013e-01 8.13e-06
9.99492e-01 8.11e-06
9.99933e-01 8.10e-06
1.00041e+00 8.09e-06
1.00085e+00 8.08e-06
1.00129e+00 8.07e-06
1.00177e+00 8.06e-06
1.00221e+00 8.04e-06
1.00269e+00 8.03e-06
1.00313e+00 8.02e-06
1.00357e+00 8.01e-06
1.00405e+00 8.00e-06
1.00448e+00 7.99e-06
1.00492e+00 7.98e-06
1.00540e+00 7.97e-06
1.00584e+00 7.95e-06
1.00628e+00 7.94e-06
1.00675e+00 7.93e-06
1.00719e+00 7.92e-06
1.00763e+00 7.91e-06
1.00810e+00 7.90e-06
1.00854e+00 7.89e-06
1.00898e+00 7.88e-06
1.00945e+00 7.87e-06
1.00989e+00 7.85e-06
1.01033e+00 7.84e-06
1.01080e+00 7.83e-06
1.01124e+00 7.82e-06
1.01167e+00 7.81e-06
1.01215e+00 7.80e-06
1.01258e+00 7.79e-06
1.01302e+00 7.78e-06
1.01345e+00 7.77e-06
1.01393e+00 7.76e-06
1.01436e+00 7.75e-06
1.01480e+00 7.74e-06
1.01527e+00 7.73e-06
1.01570e+00 7.71e-06
1.01614e+00 7.70e-06
1.01657e+00 7.69e-06
1.01704e+00 7.68e-06
1.01747e+00 7.67e-06
1.01791e+00 7.66e-06
1.01834e+00 7.65e-06
1.01881e+00 7.64e-06
1.01924e+00 7.63e-06
1.01968e+00 7.62e-06
1.02011e+00 7.61e-06
1.02054e+00 7.60e-06
1.02101e+00 7.59e-06
1.02144e+00 7.58e-06
1.02188e+00 7.57e-06
1.02231e+00 7.56e-06
1.02277e+00 7.55e-06
1.02321e+00 7.54e-06
1.02364e+00 7.53e-06
1.02407e+00 7.52e-06
1.02450e+00 7.51e-06
1.02497e+00 7.50e-06
1.02540e+00 7.49e-06
1.02583e+00 7.48e-06
1.02626e+00 7.47e-06
1.02669e+00 7.46e-06
1.02712e+00 7.45e-06
1.02758e+00 7.44e-06
1.02801e+00 7.43e-06
1.02844e+00 7.42e-06
1.02887e+00 7.41e-06
1.02930e+00 7.40e-06
1.02973e+00 7.39e-06
1.03019e+00 7.38e-06
1.03062e+00 7.37e-06
1.03105e+00 7.36e-06
1.03147e+00 7.35e-06
1.03190e+00 7.34e-06
1.03233e+00 7.33e-06
1.03276e+00 7.32e-06
1.03322e+00 7.31e-06
1.03365e+00 7.30e-06
1.03407e+00 7.29e-06
1.03450e+00 7.28e-06
1.03493e+00 7.27e-06
1.03535e+00 7.26e-06
1.03578e+00 7.25e-06
1.03620e+00 7.24e-06
1.03663e+00 7.23e-06
1.03706e+00 7.22e-06
1.03752e+00 7.21e-06
1.03794e+00 7.20e-06
1.03837e+00 7.19e-06
1.03879e+00 7.18e-06
1.03922e+00 7.17e-06
1.03964e+00 7.16e-06
1.04006e+00 7.15e-06
1.04049e+00 7.14e-06
1.04091e+00 7.13e-06
1.04134e+00 7.12e-06
1.04176e+00 7.11e-06
1.04218e+00 7.10e-06
1.04261e+00 7.10e-06
1.04303e+00 7.09e-06
1.04349e+00 7.08e-06
1.04391e+00 7.07e-06
1.04433e+00 7.06e-06
1.04475e+00 7.05e-06
1.04518e+00 7.04e-06
1.04560e+00 7.03e-06
1.04602e+00 7.02e-06
1.04644e+00 7.01e-06
1.04686e+00 7.00e-06
1.04728e+00 6.99e-06
1.04770e+00 6.98e-06
1.04813e+00 6.98e-06
1.04855e+00 6.97e-06
1.04897e+00 6.96e-06
1.04939e+00 6.95e-06
1.04981e+00 6.94e-06
1.05023e+00 6.93e-06
1.05065e+00 6.92e-06
1.05107e+00 6.91e-06
1.05149e+00 6.90e-06
1.05190e+00 6.89e-06
1.05232e+00 6.89e-06
1.05274e+00 6.88e-06
1.05316e+00 6.87e-06
1.05358e+00 6.86e-06
1.05400e+00 6.85e-06
1.05442e+00 6.84e-06
1.05483e+00 6.83e-06
1.05522e+00 6.82e-06
1.05564e+00 6.81e-06
1.05605e+00 6.81e-06
1.05647e+00 6.80e-06
1.05689e+00 6.79e-06
1.05730e+00 6.78e-06
1.05772e+00 6.77e-06
1.05814e+00 6.76e-06
1.05855e+00 6.75e-06
1.05897e+00 6.74e-06
1.05939e+00 6.74e-06
1.05980e+00 6.73e-06
1.06022e+00 6.72e-06
1.06063e+00 6.71e-06
1.06105e+00 6.70e-06
1.06143e+00 6.69e-06
1.06184e+00 6.68e-06
1.06226e+00 6.68e-06
1.06267e+00 6.67e-06
1.06309e+00 6.66e-06
1.06350e+00 6.65e-06
1.06392e+00 6.64e-06
1.06433e+00 6.63e-06
1.06475e+00 6.62e-06
1.06516e+00 6.62e-06
1.06554e+00 6.61e-06
1.06595e+00 6.60e-06
1.06636e+00 6.59e-06
1.06678e+00 6.58e-06
1.06719e+00 6.57e-06
1.06760e+00 6.57e-06
1.06802e+00 6.56e-06
1.06843e+00 6.55e-06
1.06881e+00 6.54e-06
1.06922e+00 6.53e-06
1.06963e+00 6.53e-06
1.07004e+00 6.52e-06
1.07045e+00 6.51e-06
1.07086e+00 6.50e-06
1.07128e+00 6.49e-06
1.07165e+00 6.48e-06
1.07206e+00 6.48e-06
1.07247e+00 6.47e-06
1.07288e+00 6.46e-06
1.07329e+00 6.45e-06
1.07370e+00 6.44e-06
1.07408e+00 6.44e-06
1.07449e+00 6.43e-06
1.07490e+00 6.42e-06
1.07531e+00 6.41e-06
1.07572e+00 6.40e-06
1.07609e+00 6.40e-06
1.07650e+00 6.39e-06
1.07691e+00 6.38e-06
1.07732e+00 6.37e-06
1.07773e+00 6.36e-06
1.07810e+00 6.36e-06
1.07851e+00 6.35e-06
1.07892e+00 6.34e-06
1.07933e+00 6.33e-06
1.07974e+00 6.32e-06
1.08011e+00 6.32e-06
1.08052e+00 6.31e-06
1.08092e+00 6.30e-06
1.08133e+00 6.29e-06
1.08153e+00 6.17e-06
1.08191e+00 6.16e-06
1.08231e+00 6.16e-06
1.08272e+00 6.15e-06
1.08313e+00 6.14e-06
1.08350e+00 6.13e-06
1.08390e+00 6.13e-06
1.08431e+00 6.12e-06
1.08472e+00 6.11e-06
1.08509e+00 6.10e-06
1.08549e+00 6.10e-06
1.08590e+00 6.09e-06
1.08630e+00 6.08e-06
1.08667e+00 6.07e-06
1.08708e+00 6.07e-06
1.08748e+00 6.06e-06
1.08789e+00 6.05e-06
1.08826e+00 6.04e-06
1.08866e+00 6.04e-06
1.08907e+00 6.03e-06
1.08947e+00 6.02e-06
1.08984e+00 6.01e-06
1.09024e+00 6.01e-06
1.09065e+00 6.00e-06
1.09102e+00 5.99e-06
1.09142e+00 5.99e-06
1.09182e+00 5.98e-06
1.09223e+00 5.97e-06
1.09259e+00 5.96e-06
1.09300e+00 5.96e-06
1.09340e+00 5.95e-06
1.09377e+00 5.94e-06
1.09417e+00 5.93e-06
1.09457e+00 5.93e-06
1.09494e+00 5.92e-06
1.09534e+00 5.91e-06
1.09574e+00 5.91e-06
1.09611e+00 5.90e-06
1.09651e+00 5.89e-06
1.09691e+00 5.88e-06
1.09728e+00 5.88e-06
1.09768e+00 5.87e-06
1.09808e+00 5.86e-06
1.09845e+00 5.86e-06
1.09885e+00 5.85e-06
1.09925e+00 5.84e-06
1.09961e+00 5.84e-06
1.10001e+00 5.83e-06
1.10041e+00 5.82e-06
1.10078e+00 5.81e-06
1.10118e+00 5.81e-06
1.10157e+00 5.80e-06
1.10194e+00 5.79e-06
1.10234e+00 5.79e-06
1.10274e+00 5.78e-06
1.10310e+00 5.77e-06
1.10350e+00 5.77e-06
1.10390e+00 5.76e-06
1.10426e+00 5.75e-06
1.10466e+00 5.75e-06
1.10503e+00 5.74e-06
1.10542e+00 5.73e-06
1.10582e+00 5.72e-06
1.10618e+00 5.72e-06
1.10658e+00 5.71e-06
1.10698e+00 5.70e-06
1.10734e+00 5.70e-06
1.10774e+00 5.69e-06
1.10810e+00 5.68e-06
1.10850e+00 5.68e-06
1.10889e+00 5.67e-06
1.10926e+00 5.66e-06
1.10965e+00 5.66e-06
1.11001e+00 5.65e-06
1.11041e+00 5.64e-06
1.11080e+00 5.64e-06
1.11117e+00 5.63e-06
1.11156e+00 5.62e-06
1.11192e+00 5.62e-06
1.11232e+00 5.61e-06
1.11268e+00 5.60e-06
1.11307e+00 5.60e-06
1.11347e+00 5.59e-06
1.11383e+00 5.58e-06
1.11422e+00 5.58e-06
1.11458e+00 5.57e-06
1.11498e+00 5.57e-06
1.11534e+00 5.56e-06
1.11573e+00 5.55e-06
1.11612e+00 5.55e-06
1.11648e+00 5.54e-06
1.11688e+00 5.53e-06
1.11724e+00 5.53e-06
1.11763e+00 5.52e-06
1.11799e+00 5.51e-06
1.11838e+00 5.51e-06
1.11874e+00 5.50e-06
1.11913e+00 5.49e-06
1.11953e+00 5.49e-06
1.11988e+00 5.48e-06
1.12028e+00 5.48e-06
1.12063e+00 5.47e-06
1.12103e+00 5.46e-06
1.12138e+00 5.46e-06
1.12178e+00 5.45e-06
1.12213e+00 5.44e-06
1.12252e+00 5.44e-06
1.12288e+00 5.43e-06
1.12327e+00 5.42e-06
1.12363e+00 5.42e-06
1.12402e+00 5.41e-06
1.12438e+00 5.41e-06
1.12477e+00 5.40e-06
1.12512e+00 5.39e-06
1.12551e+00 5.39e-06
1.12587e+00 5.38e-06
1.12626e+00 5.37e-06
1.12662e+00 5.37e-06
1.12701e+00 5.36e-06
1.12736e+00 5.36e-06
1.12775e+00 5.35e-06
1.12811e+00 5.34e-06
1.12849e+00 5.34e-06
1.12885e+00 5.33e-06
1.12924e+00 5.33e-06
1.12959e+00 5.32e-06
1.12998e+00 5.31e-06
1.13034e+00 5.31e-06
1.13072e+00 5.30e-06
1.13108e+00 5.30e-06
1.13147e+00 5.29e-06
1.13182e+00 5.28e-06
1.13221e+00 5.28e-06
1.13256e+00 5.27e-06
1.13295e+00 5.27e-06
1.13330e+00 5.26e-06
1.13369e+00 5.25e-06
1.13404e+00 5.25e-06
1.13443e+00 5.24e-06
1.13478e+00 5.24e-06
1.13514e+00 5.23e-06
1.13552e+00 5.22e-06
1.13588e+00 5.22e-06
1.13626e+00 5.21e-06
1.13661e+00 5.21e-06
1.13700e+00 5.20e-06
1.13735e+00 5.19e-06
1.13774e+00 5.19e-06
1.13809e+00 5.18e-06
1.13844e+00 5.18e-06
1.13883e+00 5.17e-06
1.13918e+00 5.16e-06
1.13956e+00 5.16e-06
1.13991e+00 5.15e-06
1.14030e+00 5.15e-06
1.14065e+00 5.14e-06
1.14100e+00 5.14e-06
1.14138e+00 5.13e-06
1.14174e+00 5.12e-06
1.14212e+00 5.12e-06
1.14247e+00 5.11e-06
1.14285e+00 5.11e-06
1.14320e+00 5.10e-06
1.14355e+00 5.10e-06
1.14394e+00 5.09e-06
1.14429e+00 5.08e-06
1.14467e+00 5.08e-06
1.14502e+00 5.07e-06
1.14537e+00 5.07e-06
1.14575e+00 5.06e-06
1.14610e+00 5.06e-06
1.14648e+00 5.05e-06
1.14683e+00 5.04e-06
1.14718e+00 5.04e-06
1.14756e+00 5.03e-06
1.14791e+00 5.03e-06
1.14829e+00 5.02e-06
1.14864e+00 5.02e-06
1.14899e+00 5.01e-06
1.14937e+00 5.01e-06
1.14972e+00 5.00e-06
1.15010e+00 4.99e-06
1.15045e+00 4.99e-06
1.15079e+00 4.98e-06
1.15117e+00 4.98e-06
1.15152e+00 4.97e-06
1.15187e+00 4.97e-06
1.15225e+00 4.96e-06
1.15260e+00 4.96e-06
1.15297e+00 4.95e-06
1.15332e+00 4.94e-06
1.15367e+00 4.94e-06
1.15405e+00 4.93e-06
1.15439e+00 4.93e-06
1.15474e+00 4.92e-06
1.15512e+00 4.92e-06
1.15547e+00 4.91e-06
1.15581e+00 4.91e-06
1.15619e+00 4.90e-06
1.15654e+00 4.90e-06
1.15691e+00 4.89e-06
1.15726e+00 4.89e-06
1.15760e+00 4.88e-06
1.15798e+00 4.87e-06
1.15833e+00 4.87e-06
1.15867e+00 4.86e-06
1.15905e+00 4.86e-06
1.15939e+00 4.85e-06
1.15974e+00 4.85e-06
1.16011e+00 4.84e-06
1.16046e+00 4.84e-06
1.16080e+00 4.83e-06
1.16118e+00 4.83e-06
1.16152e+00 4.82e-06
1.16187e+00 4.82e-06
1.16224e+00 4.81e-06
1.16259e+00 4.81e-06
1.16293e+00 4.80e-06
1.16331e+00 4.80e-06
1.16365e+00 4.79e-06
1.16399e+00 4.78e-06
1.16437e+00 4.78e-06
1.16471e+00 4.77e-06
1.16506e+00 4.77e-06
1.16540e+00 4.76e-06
1.16577e+00 4.76e-06
1.16612e+00 4.75e-06
1.16646e+00 4.75e-06
1.16683e+00 4.74e-06
1.16717e+00 4.74e-06
1.16752e+00 4.73e-06
1.16789e+00 4.73e-06
1.16823e+00 4.72e-06
1.16857e+00 4.72e-06
1.16892e+00 4.71e-06
1.16929e+00 4.71e-06
1.16963e+00 4.70e-06
1.16997e+00 4.70e-06
1.17034e+00 4.69e-06
1.17068e+00 4.69e-06
1.17103e+00 4.68e-06
1.17140e+00 4.68e-06
1.17174e+00 4.67e-06
1.17208e+00 4.67e-06
1.17242e+00 4.66e-06
1.17279e+00 4.66e-06
1.17313e+00 4.65e-06
1.17347e+00 4.65e-06
1.17381e+00 4.64e-06
1.17418e+00 4.64e-06
1.17452e+00 4.63e-06
1.17486e+00 4.63e-06
1.17523e+00 4.62e-06
1.17557e+00 4.62e-06
1.17591e+00 4.61e-06
1.17625e+00 4.61e-06
1.17662e+00 4.60e-06
1.17696e+00 4.60e-06
1.17730e+00 4.59e-06
1.17764e+00 4.59e-06
1.17801e+00 4.58e-06
1.17835e+00 4.58e-06
1.17869e+00 4.57e-06
1.17902e+00 4.57e-06
1.17939e+00 4.56e-06
1.17973e+00 4.56e-06
1.18007e+00 4.55e-06
1.18041e+00 4.55e-06
1.18078e+00 4.54e-06
1.18111e+00 4.54e-06
1.18145e+00 4.53e-06
1.18179e+00 4.53e-06
1.18216e+00 4.52e-06
1.18249e+00 4.52e-06
1.18283e+00 4.52e-06
1.18317e+00 4.51e-06
1.18354e+00 4.51e-06
1.18387e+00 4.50e-06
1.18421e+00 4.50e-06
1.18455e+00 4.49e-06
1.18491e+00 4.49e-06
1.18525e+00 4.48e-06
1.18558e+00 4.48e-06
1.18592e+00 4.47e-06
1.18626e+00 4.47e-06
1.18662e+00 4.46e-06
1.18696e+00 4.46e-06
1.18729e+00 4.45e-06
1.18763e+00 4.45e-06
1.18800e+00 4.44e-06
1.18833e+00 4.44e-06
1.18867e+00 4.44e-06
1.18900e+00 4.43e-06
1.18934e+00 4.43e-06
1.18970e+00 4.42e-06
1.19004e+00 4.42e-06
1.19037e+00 4.41e-06
1.19071e+00 4.41e-06
1.19107e+00 4.40e-06
1.19140e+00 4.40e-06
1.19174e+00 4.39e-06
1.19207e+00 4.39e-06
1.19241e+00 4.38e-06
1.19277e+00 4.38e-06
1.19310e+00 4.38e-06
1.19344e+00 4.37e-06
1.19377e+00 4.37e-06
1.19410e+00 4.36e-06
1.19447e+00 4.36e-06
1.19480e+00 4.35e-06
1.19513e+00 4.35e-06
1.19547e+00 4.34e-06
1.19580e+00 4.34e-06
1.19616e+00 4.33e-06
1.19649e+00 4.33e-06
1.19683e+00 4.33e-06
1.19716e+00 4.32e-06
1.19749e+00 4.32e-06
1.19782e+00 4.31e-06
1.19819e+00 4.31e-06
1.19852e+00 4.30e-06
1.19885e+00 4.30e-06
1.19918e+00 4.29e-06
1.19951e+00 4.29e-06
1.19987e+00 4.29e-06
1.20021e+00 4.28e-06
1.20054e+00 4.28e-06
1.20087e+00 4.27e-06
1.20120e+00 4.27e-06
1.20153e+00 4.26e-06
1.20189e+00 4.26e-06
1.20222e+00 4.25e-06
1.20255e+00 4.25e-06
1.20288e+00 4.25e-06
1.20321e+00 4.24e-06
1.20354e+00 4.24e-06
1.20390e+00 4.23e-06
1.20423e+00 4.23e-06
1.20456e+00 4.22e-06
1.20489e+00 4.22e-06
1.20522e+00 4.22e-06
1.20555e+00 4.21e-06
1.20591e+00 4.21e-06
1.20624e+00 4.20e-06
1.20657e+00 4.20e-06
1.20690e+00 4.19e-06
1.20723e+00 4.19e-06
1.20756e+00 4.19e-06
1.20789e+00 4.18e-06
1.20824e+00 4.18e-06
1.20857e+00 4.17e-06
1.20890e+00 4.17e-06
1.20923e+00 4.16e-06
1.20956e+00 4.16e-06
1.20989e+00 4.16e-06
1.21021e+00 4.15e-06
1.21057e+00 4.15e-06
1.21090e+00 4.14e-06
1.21123e+00 4.14e-06
1.21155e+00 4.13e-06
1.21188e+00 4.13e-06
1.21221e+00 4.13e-06
1.21254e+00 4.12e-06
1.21289e+00 4.12e-06
1.21322e+00 4.11e-06
1.21355e+00 4.11e-06
1.21387e+00 4.10e-06
1.21420e+00 4.10e-06
1.21453e+00 4.10e-06
1.21485e+00 4.09e-06
1.21521e+00 4.09e-06
1.21554e+00 4.08e-06
1.21586e+00 4.08e-06
1.21619e+00 4.08e-06
1.21651e+00 4.07e-06
1.21684e+00 4.07e-06
1.21717e+00 4.06e-06
1.21749e+00 4.06e-06
1.21782e+00 4.06e-06
1.21817e+00 4.05e-06
1.21850e+00 4.05e-06
1.21882e+00 4.04e-06
1.21915e+00 4.04e-06
1.21947e+00 4.04e-06
1.21980e+00 4.03e-06
1.22012e+00 4.03e-06
1.22045e+00 4.02e-06
1.22080e+00 4.02e-06
1.22112e+00 4.01e-06
1.22145e+00 4.01e-06
1.22177e+00 4.01e-06
1.22210e+00 4.00e-06
1.22242e+00 4.00e-06
1.23782e+00 3.82e-06
1.25039e+00 3.67e-06
1.26280e+00 3.53e-06
1.27595e+00 3.40e-06
1.28708e+00 3.28e-06
1.29989e+00 3.16e-06
1.31222e+00 3.04e-06
1.32471e+00 2.93e-06
1.33731e+00 2.82e-06
1.35007e+00 2.71e-06
1.36297e+00 2.61e-06
1.37602e+00 2.51e-06
1.38892e+00 2.41e-06
1.40195e+00 2.32e-06
1.41515e+00 2.23e-06
1.42849e+00 2.14e-06
1.44173e+00 2.06e-06
1.45512e+00 1.98e-06
1.46868e+00 1.90e-06
1.48217e+00 1.83e-06
1.49582e+00 1.75e-06
1.50993e+00 1.68e-06
1.52397e+00 1.62e-06
1.53820e+00 1.55e-06
1.55240e+00 1.49e-06
1.56682e+00 1.43e-06
1.58174e+00 1.37e-06
1.59639e+00 1.31e-06
1.61132e+00 1.25e-06
1.62651e+00 1.20e-06
1.64200e+00 1.15e-06
1.65756e+00 1.10e-06
1.67373e+00 1.05e-06
1.68999e+00 1.01e-06
1.70638e+00 9.61e-07
1.72321e+00 9.18e-07
1.74048e+00 8.76e-07
1.75800e+00 8.35e-07
1.77632e+00 7.95e-07
1.79499e+00 7.57e-07
1.81403e+00 7.20e-07
1.83380e+00 6.84e-07
1.85439e+00 6.49e-07
1.87624e+00 6.14e-07
1.89885e+00 5.81e-07
1.92271e+00 5.48e-07
1.94876e+00 5.15e-07
1.97703e+00 4.82e-07
2.00886e+00 4.48e-07
2.04747e+00 4.12e-07
2.07388e+00 3.90e-07
2.07437e+00 3.89e-07
2.07486e+00 3.89e-07
2.07536e+00 3.88e-07
2.07585e+00 3.88e-07
2.07634e+00 3.88e-07
2.07684e+00 3.87e-07
2.07733e+00 3.87e-07
2.07783e+00 3.86e-07
2.07832e+00 3.86e-07
2.07882e+00 3.86e-07
2.07932e+00 3.85e-07
2.07982e+00 3.85e-07
2.08032e+00 3.84e-07
2.08082e+00 3.84e-07
2.08131e+00 3.84e-07
2.08181e+00 3.83e-07
2.08231e+00 3.83e-07
2.08282e+00 3.82e-07
2.08332e+00 3.82e-07
2.08383e+00 3.82e-07
2.08433e+00 3.81e-07
2.08484e+00 3.81e-07
2.08535e+00 3.80e-07
2.08586e+00 3.80e-07
2.08636e+00 3.79e-07
2.08686e+00 3.79e-07
2.08738e+00 3.79e-07
2.08789e+00 3.78e-07
2.08840e+00 3.78e-07
2.08891e+00 3.77e-07
2.08943e+00 3.77e-07
2.08994e+00 3.77e-07
2.09046e+00 3.76e-07
2.09097e+00 3.76e-07
2.09149e+00 3.76e-07
2.09201e+00 3.75e-07
2.09253e+00 3.75e-07
2.09305e+00 3.74e-07
2.09357e+00 3.74e-07
2.09408e+00 3.74e-07
2.09460e+00 3.73e-07
2.09513e+00 3.73e-07
2.09565e+00 3.72e-07
2.09618e+00 3.72e-07
2.09670e+00 3.72e-07
2.09723e+00 3.71e-07
2.09775e+00 3.71e-07
2.09828e+00 3.70e-07
2.09882e+00 3.70e-07
2.09934e+00 3.70e-07
2.09987e+00 3.69e-07
2.10040e+00 3.69e-07
2.10093e+00 3.68e-07
2.10146e+00 3.68e-07
2.10200e+00 3.68e-07
2.10254e+00 3.67e-07
2.10307e+00 3.67e-07
2.10361e+00 3.66e-07
2.10415e+00 3.66e-07
2.10468e+00 3.66e-07
2.10522e+00 3.65e-07
2.10577e+00 3.65e-07
2.10630e+00 3.64e-07
2.10685e+00 3.64e-07
2.10738e+00 3.64e-07
2.10793e+00 3.63e-07
2.10848e+00 3.63e-07
2.10902e+00 3.62e-07
2.10957e+00 3.62e-07
2.11012e+00 3.62e-07
2.11066e+00 3.61e-07
2.11122e+00 3.61e-07
2.11176e+00 3.60e-07
2.11232e+00 3.60e-07
2.11288e+00 3.60e-07
2.11343e+00 3.59e-07
2.11399e+00 3.59e-07
2.11454e+00 3.58e-07
2.11510e+00 3.58e-07
2.11565e+00 3.58e-07
2.11621e+00 3.57e-07
2.11677e+00 3.57e-07
2.11734e+00 3.56e-07
2.11789e+00 3.56e-07
2.11846e+00 3.56e-07
2.11902e+00 3.55e-07
2.11959e+00 3.55e-07
2.12015e+00 3.54e-07
2.12073e+00 3.54e-07
2.12129e+00 3.54e-07
2.12187e+00 3.53e-07
2.12243e+00 3.53e-07
2.12300e+00 3.52e-07
2.12358e+00 3.52e-07
2.12415e+00 3.52e-07
2.12473e+00 3.51e-07
2.12530e+00 3.51e-07
2.12588e+00 3.50e-07
2.12646e+00 3.50e-07
2.12704e+00 3.50e-07
2.12761e+00 3.49e-07
2.12820e+00 3.49e-07
2.12878e+00 3.48e-07
2.12936e+00 3.48e-07
2.12996e+00 3.48e-07
2.13054e+00 3.47e-07
2.13113e+00 3.47e-07
2.13171e+00 3.46e-07
2.13231e+00 3.46e-07
2.13290e+00 3.46e-07
2.13349e+00 3.45e-07
2.13408e+00 3.45e-07
2.13468e+00 3.44e-07
2.13528e+00 3.44e-07
2.13587e+00 3.44e-07
2.13647e+00 3.43e-07
2.13707e+00 3.43e-07
2.13768e+00 3.42e-07
2.13828e+00 3.42e-07
2.13888e+00 3.42e-07
2.13948e+00 3.41e-07
2.14009e+00 3.41e-07
2.14070e+00 3.40e-07
2.14130e+00 3.40e-07
2.14191e+00 3.40e-07
2.14253e+00 3.39e-07
2.14314e+00 3.39e-07
2.14375e+00 3.38e-07
2.14437e+00 3.38e-07
2.14498e+00 3.38e-07
2.14560e+00 3.37e-07
2.14622e+00 3.37e-07
2.14684e+00 3.36e-07
2.14747e+00 3.36e-07
2.14809e+00 3.36e-07
2.14872e+00 3.35e-07
2.14934e+00 3.35e-07
2.14997e+00 3.34e-07
2.15060e+00 3.34e-07
2.15123e+00 3.34e-07
2.15187e+00 3.33e-07
2.15249e+00 3.33e-07
2.15313e+00 3.32e-07
2.15377e+00 3.32e-07
2.15441e+00 3.32e-07
2.15505e+00 3.31e-07
2.15568e+00 3.31e-07
2.15633e+00 3.30e-07
2.15697e+00 3.30e-07
2.15762e+00 3.30e-07
2.15826e+00 3.29e-07
2.15891e+00 3.29e-07
2.15957e+00 3.28e-07
2.16021e+00 3.28e-07
2.16087e+00 3.28e-07
2.16153e+00 3.27e-07
2.16218e+00 3.27e-07
2.16284e+00 3.26e-07
2.16350e+00 3.26e-07
2.16416e+00 3.26e-07
2.16483e+00 3.25e-07
2.16548e+00 3.25e-07
2.16616e+00 3.24e-07
2.16682e+00 3.24e-07
2.16749e+00 3.24e-07
2.16816e+00 3.23e-07
2.16884e+00 3.23e-07
2.16951e+00 3.22e-07
2.17018e+00 3.22e-07
2.17086e+00 3.22e-07
2.17154e+00 3.21e-07
2.17223e+00 3.21e-07
2.17291e+00 3.20e-07
2.17359e+00 3.20e-07
2.17427e+00 3.20e-07
2.17497e+00 3.19e-07
2.17566e+00 3.19e-07
2.17635e+00 3.18e-07
2.17704e+00 3.18e-07
2.17774e+00 3.18e-07
2.17844e+00 3.17e-07
2.17914e+00 3.17e-07
2.17984e+00 3.16e-07
2.18054e+00 3.16e-07
2.18125e+00 3.16e-07
2.18195e+00 3.15e-07
2.18266e+00 3.15e-07
2.18337e+00 3.14e-07
2.18408e+00 3.14e-07
2.18480e+00 3.14e-07
2.18552e+00 3.13e-07
2.18624e+00 3.13e-07
2.18696e+00 3.12e-07
2.18768e+00 3.12e-07
2.18841e+00 3.11e-07
2.18914e+00 3.11e-07
2.18986e+00 3.11e-07
2.19060e+00 3.10e-07
2.19133e+00 3.10e-07
2.19207e+00 3.09e-07
2.19280e+00 3.09e-07
2.19354e+00 3.09e-07
2.19429e+00 3.08e-07
2.19503e+00 3.08e-07
2.19578e+00 3.07e-07
2.19652e+00 3.07e-07
2.19728e+00 3.07e-07
2.19804e+00 3.06e-07
2.19879e+00 3.06e-07
2.19954e+00 3.05e-07
2.20031e+00 3.05e-07
2.20107e+00 3.04e-07
2.20184e+00 3.04e-07
2.20260e+00 3.04e-07
2.20337e+00 3.03e-07
2.20415e+00 3.03e-07
2.20492e+00 3.02e-07
2.20569e+00 3.02e-07
2.20647e+00 3.02e-07
2.20725e+00 3.01e-07
2.20804e+00 3.01e-07
2.20882e+00 3.00e-07
2.20961e+00 3.00e-07
2.21040e+00 3.00e-07
2.21120e+00 2.99e-07
2.21200e+00 2.99e-07
2.21280e+00 2.98e-07
2.21360e+00 2.98e-07
2.21441e+00 2.97e-07
2.21522e+00 2.97e-07
2.21602e+00 2.97e-07
2.21684e+00 2.96e-07
2.21766e+00 2.96e-07
2.21847e+00 2.95e-07
2.21930e+00 2.95e-07
2.22013e+00 2.95e-07
2.22095e+00 2.94e-07
2.22178e+00 2.94e-07
2.22261e+00 2.93e-07
2.22346e+00 2.93e-07
2.22429e+00 2.92e-07
2.22513e+00 2.92e-07
2.22597e+00 2.92e-07
2.22683e+00 2.91e-07
2.22768e+00 2.91e-07
2.22853e+00 2.90e-07
2.22939e+00 2.90e-07
2.23025e+00 2.89e-07
2.23111e+00 2.89e-07
2.23198e+00 2.89e-07
2.23285e+00 2.88e-07
2.23373e+00 2.88e-07
2.23461e+00 2.87e-07
2.23548e+00 2.87e-07
2.23637e+00 2.86e-07
2.23726e+00 2.86e-07
2.23815e+00 2.86e-07
2.23904e+00 2.85e-07
2.23994e+00 2.85e-07
2.24084e+00 2.84e-07
2.24175e+00 2.84e-07
2.24265e+00 2.83e-07
2.24357e+00 2.83e-07
2.24449e+00 2.83e-07
2.24540e+00 2.82e-07
2.24633e+00 2.82e-07
2.24725e+00 2.81e-07
2.24818e+00 2.81e-07
2.24912e+00 2.80e-07
2.25006e+00 2.80e-07
2.25101e+00 2.80e-07
2.25195e+00 2.79e-07
2.25290e+00 2.79e-07
2.25386e+00 2.78e-07
2.25482e+00 2.78e-07
2.25578e+00 2.77e-07
2.25675e+00 2.77e-07
2.25772e+00 2.77e-07
2.25870e+00 2.76e-07
2.25968e+00 2.76e-07
2.26067e+00 2.75e-07
2.26166e+00 2.75e-07
2.26265e+00 2.74e-07
2.26365e+00 2.74e-07
2.26465e+00 2.73e-07
2.26566e+00 2.73e-07
2.26667e+00 2.73e-07
2.26769e+00 2.72e-07
2.26871e+00 2.72e-07
2.26974e+00 2.71e-07
2.27077e+00 2.71e-07
2.27181e+00 2.70e-07
2.27285e+00 2.70e-07
2.27390e+00 2.69e-07
2.27496e+00 2.69e-07
2.27602e+00 2.69e-07
2.27707e+00 2.68e-07
2.27814e+00 2.68e-07
2.27921e+00 2.67e-07
2.28030e+00 2.67e-07
2.28138e+00 2.66e-07
2.28247e+00 2.66e-07
2.28358e+00 2.65e-07
2.28468e+00 2.65e-07
2.28578e+00 2.64e-07
2.28690e+00 2.64e-07
2.28802e+00 2.64e-07
2.28915e+00 2.63e-07
2.29028e+00 2.63e-07
2.29141e+00 2.62e-07
2.29257e+00 2.62e-07
2.29372e+00 2.61e-07
2.29488e+00 2.61e-07
2.29604e+00 2.60e-07
2.29721e+00 2.60e-07
2.29839e+00 2.59e-07
2.29958e+00 2.59e-07
2.30077e+00 2.58e-07
2.30197e+00 2.58e-07
2.30318e+00 2.58e-07
2.30438e+00 2.57e-07
2.30558e+00 2.57e-07
2.30688e+00 2.56e-07
2.30807e+00 2.56e-07
2.30936e+00 2.55e-07
2.31055e+00 2.55e-07
2.31184e+00 2.54e-07
2.31313e+00 2.54e-07
2.31441e+00 2.53e-07
2.31570e+00 2.53e-07
2.31698e+00 2.52e-07
2.31826e+00 2.52e-07
2.31954e+00 2.51e-07
2.32092e+00 2.51e-07
2.32219e+00 2.50e-07
2.32356e+00 2.50e-07
2.32493e+00 2.49e-07
2.32630e+00 2.49e-07
2.32767e+00 2.48e-07
2.32903e+00 2.48e-07
2.33039e+00 2.47e-07
2.33185e+00 2.47e-07
2.33321e+00 2.46e-07
2.33466e+00 2.46e-07
2.33612e+00 2.45e-07
2.33747e+00 2.45e-07
2.33901e+00 2.44e-07
2.34046e+00 2.44e-07
2.34190e+00 2.43e-07
2.34344e+00 2.43e-07
2.34488e+00 2.42e-07
2.34641e+00 2.42e-07
2.34794e+00 2.41e-07
2.34947e+00 2.41e-07
2.35099e+00 2.40e-07
2.35261e+00 2.40e-07
2.35413e+00 2.39e-07
2.35575e+00 2.39e-07
2.35736e+00 2.38e-07
2.35897e+00 2.38e-07
2.36057e+00 2.37e-07
2.36227e+00 2.37e-07
2.36396e+00 2.36e-07
2.36556e+00 2.36e-07
2.36734e+00 2.35e-07
2.36903e+00 2.35e-07
2.37071e+00 2.34e-07
2.37248e+00 2.33e-07
2.37425e+00 2.33e-07
2.37602e+00 2.32e-07
2.37788e+00 2.32e-07
2.37964e+00 2.31e-07
2.38149e+00 2.31e-07
2.38334e+00 2.30e-07
2.38527e+00 2.30e-07
2.38711e+00 2.29e-07
2.38904e+00 2.28e-07
2.39096e+00 2.28e-07
2.39297e+00 2.27e-07
2.39498e+00 2.27e-07
2.39699e+00 2.26e-07
2.39899e+00 2.26e-07
2.40107e+00 2.25e-07
2.40315e+00 2.24e-07
2.40532e+00 2.24e-07
2.40740e+00 2.23e-07
2.40964e+00 2.23e-07
2.41180e+00 2.22e-07
2.41404e+00 2.21e-07
2.41627e+00 2.21e-07
2.41859e+00 2.20e-07
2.42090e+00 2.20e-07
2.42330e+00 2.19e-07
2.42569e+00 2.18e-07
2.42816e+00 2.18e-07
2.43063e+00 2.17e-07
2.43317e+00 2.16e-07
2.43572e+00 2.16e-07
2.43825e+00 2.15e-07
2.44095e+00 2.14e-07
2.44365e+00 2.14e-07
2.44634e+00 2.13e-07
2.44911e+00 2.12e-07
2.45195e+00 2.12e-07
2.45488e+00 2.11e-07
2.45779e+00 2.10e-07
2.46087e+00 2.10e-07
2.46394e+00 2.09e-07
2.46708e+00 2.08e-07
2.47022e+00 2.07e-07
2.47351e+00 2.07e-07
2.47687e+00 2.06e-07
2.48031e+00 2.05e-07
2.48382e+00 2.05e-07
2.48740e+00 2.04e-07
2.49114e+00 2.03e-07
2.49494e+00 2.02e-07
2.49881e+00 2.01e-07
2.50283e+00 2.01e-07
2.50699e+00 2.00e-07
2.51122e+00 1.99e-07
2.51568e+00 1.98e-07
2.52019e+00 1.97e-07
2.52493e+00 1.96e-07
2.52980e+00 1.95e-07
2.53481e+00 1.94e-07
2.54010e+00 1.93e-07
2.54561e+00 1.92e-07
2.55132e+00 1.91e-07
2.55730e+00 1.90e-07
2.56364e+00 1.89e-07
2.57024e+00 1.88e-07
2.57726e+00 1.87e-07
2.58475e+00 1.86e-07
2.59264e+00 1.85e-07
2.60113e+00 1.83e-07
2.61029e+00 1.82e-07
2.62024e+00 1.81e-07
2.63110e+00 1.79e-07
2.64319e+00 1.78e-07
2.65669e+00 1.76e-07
2.66410e+00 1.75e-07
2.68082e+00 1.73e-07
2.70069e+00 1.71e-07
2.71231e+00 1.70e-07
2.72543e+00 1.68e-07
2.74065e+00 1.67e-07
2.75874e+00 1.65e-07
2.78130e+00 1.63e-07
2.81151e+00 1.61e-07
2.85859e+00 1.58e-07
2.99573e+00 1.51e-07
