# OPACITY Project tables
-2.61515e+00 1.08e+02
-2.27341e+00 3.73e+01
-2.07433e+00 2.01e+01
-1.93351e+00 1.30e+01
-1.82455e+00 9.30e+00
-1.73574e+00 7.07e+00
-1.66078e+00 5.61e+00
-1.59603e+00 4.60e+00
-1.53898e+00 3.86e+00
-1.48802e+00 3.31e+00
-1.44198e+00 2.88e+00
-1.40003e+00 2.54e+00
-1.36148e+00 2.28e+00
-1.32584e+00 2.10e+00
-1.29269e+00 1.96e+00
-1.26174e+00 1.75e+00
-1.23268e+00 1.57e+00
-1.20531e+00 1.44e+00
-1.17944e+00 1.33e+00
-1.15493e+00 1.24e+00
-1.13165e+00 1.16e+00
-1.10945e+00 1.09e+00
-1.08827e+00 1.03e+00
-1.06799e+00 9.72e-01
-1.04857e+00 9.21e-01
-1.02994e+00 8.74e-01
-1.01200e+00 8.31e-01
-9.94739e-01 7.92e-01
-9.78086e-01 7.56e-01
-9.62021e-01 7.24e-01
-9.46492e-01 6.94e-01
-9.31455e-01 6.68e-01
-9.16916e-01 6.44e-01
-9.02807e-01 6.22e-01
-8.89113e-01 6.03e-01
-8.75797e-01 5.85e-01
-8.62868e-01 5.69e-01
-8.50292e-01 5.55e-01
-8.38057e-01 5.43e-01
-8.26130e-01 5.32e-01
-8.14502e-01 5.22e-01
-8.03185e-01 5.15e-01
-7.92106e-01 5.09e-01
-7.81301e-01 5.05e-01
-7.70741e-01 5.06e-01
-7.60420e-01 5.09e-01
-7.50331e-01 5.19e-01
-7.40469e-01 5.32e-01
-7.30787e-01 5.42e-01
-7.21320e-01 5.60e-01
-7.12045e-01 6.13e-01
-7.02955e-01 7.03e-01
-6.94048e-01 7.19e-01
-6.85298e-01 6.99e-01
-6.76723e-01 7.10e-01
-6.68298e-01 6.94e-01
-6.60041e-01 6.04e-01
-6.51909e-01 5.38e-01
-6.43938e-01 5.08e-01
-6.36087e-01 4.91e-01
-6.20808e-01 4.59e-01
-6.13357e-01 4.46e-01
-6.06016e-01 4.36e-01
-5.91692e-01 4.22e-01
-5.77803e-01 4.08e-01
-5.64314e-01 3.95e-01
-5.57725e-01 3.89e-01
-5.51231e-01 3.82e-01
-5.38505e-01 3.71e-01
-5.26142e-01 3.59e-01
-5.20085e-01 3.54e-01
-5.14098e-01 3.48e-01
-5.08196e-01 3.43e-01
-5.02362e-01 3.39e-01
-4.90925e-01 3.32e-01
-4.85320e-01 3.27e-01
-4.74301e-01 3.19e-01
-4.68884e-01 3.16e-01
-4.63545e-01 3.12e-01
-4.58265e-01 3.07e-01
-4.53044e-01 3.02e-01
-4.47882e-01 2.97e-01
-4.42778e-01 2.92e-01
-4.37730e-01 2.88e-01
-4.32739e-01 2.82e-01
-4.27803e-01 2.76e-01
-4.22922e-01 2.71e-01
-4.18095e-01 2.66e-01
-4.13321e-01 2.62e-01
-4.08585e-01 2.59e-01
-4.03901e-01 2.59e-01
-3.99284e-01 2.57e-01
-3.90158e-01 2.50e-01
-3.81216e-01 2.42e-01
-3.76819e-01 2.39e-01
-3.72456e-01 2.38e-01
-3.68126e-01 2.35e-01
-3.63858e-01 2.31e-01
-3.55419e-01 2.25e-01
-3.47135e-01 2.18e-01
-3.43054e-01 2.15e-01
-3.39003e-01 2.12e-01
-3.34997e-01 2.09e-01
-3.27088e-01 2.04e-01
-3.19310e-01 1.99e-01
-3.15464e-01 1.96e-01
-3.07885e-01 1.92e-01
-3.00430e-01 1.87e-01
-2.96750e-01 1.84e-01
-2.93097e-01 1.82e-01
-2.89484e-01 1.80e-01
-2.82323e-01 1.76e-01
-2.78788e-01 1.77e-01
-2.71796e-01 1.73e-01
-2.64917e-01 1.70e-01
-2.58149e-01 1.66e-01
-2.51466e-01 1.63e-01
-2.44891e-01 1.60e-01
-2.38409e-01 1.57e-01
-2.32020e-01 1.54e-01
-2.25722e-01 1.52e-01
-2.19513e-01 1.49e-01
-2.13391e-01 1.46e-01
-2.07344e-01 1.43e-01
-2.01382e-01 1.41e-01
-1.95504e-01 1.38e-01
-1.89697e-01 1.36e-01
-1.83971e-01 1.33e-01
-1.78314e-01 1.31e-01
-1.72724e-01 1.29e-01
-1.67200e-01 1.27e-01
-1.61755e-01 1.25e-01
-1.56373e-01 1.23e-01
-1.51044e-01 1.21e-01
-1.45789e-01 1.20e-01
-1.40596e-01 1.18e-01
-1.35453e-01 1.17e-01
-1.30382e-01 1.15e-01
-1.25359e-01 1.14e-01
-1.20395e-01 1.13e-01
-1.15489e-01 1.12e-01
-1.10630e-01 1.11e-01
-1.05827e-01 1.10e-01
-1.01070e-01 1.09e-01
-9.63788e-02 1.08e-01
-9.17206e-02 1.08e-01
-8.71168e-02 1.07e-01
-8.25559e-02 1.07e-01
-7.80480e-02 1.07e-01
-7.35820e-02 1.07e-01
-7.13671e-02 1.06e-01
-6.26097e-02 1.07e-01
-5.82967e-02 1.07e-01
-5.40233e-02 1.07e-01
-4.97997e-02 1.08e-01
-4.76998e-02 1.08e-01
-4.56042e-02 1.08e-01
-4.14576e-02 1.10e-01
-3.93959e-02 1.10e-01
-3.73385e-02 1.11e-01
-3.32673e-02 1.16e-01
-2.92229e-02 1.22e-01
-2.72170e-02 1.25e-01
-2.32379e-02 1.31e-01
-1.92848e-02 1.37e-01
-1.73293e-02 1.36e-01
-1.53675e-02 1.33e-01
-1.34298e-02 1.30e-01
-1.14958e-02 1.26e-01
-9.56560e-03 1.24e-01
-5.73642e-03 1.25e-01
-1.94188e-03 1.27e-01
-5.00013e-05 1.28e-01
1.79838e-03 1.29e-01
3.69317e-03 1.30e-01
5.58438e-03 1.31e-01
7.37275e-03 1.32e-01
9.25702e-03 1.33e-01
1.11377e-02 1.34e-01
1.29162e-02 1.34e-01
1.47901e-02 1.34e-01
2.38142e-02 1.34e-01
2.55703e-02 1.34e-01
2.90732e-02 1.34e-01
3.08201e-02 1.35e-01
3.25640e-02 1.35e-01
3.43048e-02 1.35e-01
3.60426e-02 1.36e-01
3.77774e-02 1.36e-01
3.95091e-02 1.37e-01
4.12379e-02 1.38e-01
4.29637e-02 1.38e-01
4.46865e-02 1.39e-01
4.64064e-02 1.40e-01
4.80280e-02 1.41e-01
4.97421e-02 1.43e-01
5.14533e-02 1.44e-01
5.30667e-02 1.45e-01
5.47722e-02 1.47e-01
5.80802e-02 1.50e-01
6.13773e-02 1.53e-01
6.46635e-02 1.56e-01
6.78455e-02 1.60e-01
7.11106e-02 1.64e-01
7.42722e-02 1.68e-01
7.74239e-02 1.72e-01
8.06579e-02 1.77e-01
8.37895e-02 1.81e-01
8.68197e-02 1.86e-01
8.99321e-02 1.91e-01
9.30349e-02 1.96e-01
9.60372e-02 2.00e-01
9.90305e-02 2.05e-01
1.02015e-01 2.10e-01
1.05080e-01 2.15e-01
1.07957e-01 2.20e-01
1.10915e-01 2.25e-01
1.13864e-01 2.30e-01
1.16805e-01 2.35e-01
1.19648e-01 2.39e-01
1.22483e-01 2.43e-01
1.25398e-01 2.47e-01
1.28217e-01 2.50e-01
1.31028e-01 2.54e-01
1.33831e-01 2.56e-01
1.35143e-01 2.57e-01
1.36539e-01 2.57e-01
1.37934e-01 2.57e-01
1.39327e-01 2.56e-01
1.40718e-01 2.56e-01
1.42107e-01 2.55e-01
1.43407e-01 2.55e-01
1.44793e-01 2.54e-01
1.47471e-01 2.51e-01
1.50229e-01 2.49e-01
1.52893e-01 2.46e-01
1.55550e-01 2.42e-01
1.58200e-01 2.38e-01
1.60757e-01 2.34e-01
1.63394e-01 2.30e-01
1.66023e-01 2.26e-01
1.68561e-01 2.22e-01
1.71176e-01 2.17e-01
1.73701e-01 2.13e-01
1.76220e-01 2.09e-01
1.78732e-01 2.05e-01
1.81321e-01 2.01e-01
1.83737e-01 1.97e-01
1.86231e-01 1.93e-01
1.87475e-01 1.91e-01
1.88718e-01 1.95e-01
1.91199e-01 1.91e-01
1.93591e-01 1.87e-01
1.96060e-01 1.82e-01
1.98441e-01 1.78e-01
2.00898e-01 1.74e-01
2.03267e-01 1.70e-01
2.05631e-01 1.67e-01
2.07989e-01 1.63e-01
2.10342e-01 1.60e-01
2.12689e-01 1.57e-01
2.15031e-01 1.54e-01
2.17286e-01 1.52e-01
2.19617e-01 1.49e-01
2.21943e-01 1.47e-01
2.24183e-01 1.44e-01
2.26418e-01 1.42e-01
2.28728e-01 1.40e-01
2.29841e-01 1.39e-01
2.30953e-01 1.38e-01
2.32064e-01 1.37e-01
2.33173e-01 1.37e-01
2.34281e-01 1.36e-01
2.36494e-01 1.35e-01
2.38702e-01 1.34e-01
2.40905e-01 1.33e-01
2.43103e-01 1.32e-01
2.44200e-01 1.31e-01
2.45296e-01 1.31e-01
2.46313e-01 1.31e-01
2.47407e-01 1.31e-01
2.48499e-01 1.31e-01
2.49591e-01 1.31e-01
2.51692e-01 1.32e-01
2.53867e-01 1.33e-01
2.54875e-01 1.33e-01
2.55959e-01 1.34e-01
2.57042e-01 1.35e-01
2.58047e-01 1.36e-01
2.59128e-01 1.37e-01
2.60208e-01 1.40e-01
2.61210e-01 1.42e-01
2.62287e-01 1.46e-01
2.63287e-01 1.50e-01
2.64362e-01 1.55e-01
2.65360e-01 1.62e-01
2.66433e-01 1.69e-01
2.67428e-01 1.79e-01
2.68499e-01 1.90e-01
2.69493e-01 2.01e-01
2.70561e-01 2.12e-01
2.71553e-01 2.20e-01
2.72619e-01 2.27e-01
2.73609e-01 2.24e-01
2.74597e-01 2.17e-01
2.76646e-01 1.98e-01
2.77632e-01 1.90e-01
2.78692e-01 1.84e-01
2.79675e-01 1.79e-01
2.80657e-01 1.75e-01
2.81639e-01 1.73e-01
2.82695e-01 1.71e-01
2.83674e-01 1.72e-01
2.84652e-01 1.72e-01
2.85630e-01 1.74e-01
2.86606e-01 1.78e-01
2.87582e-01 1.83e-01
2.88632e-01 1.89e-01
2.89605e-01 1.96e-01
2.90578e-01 2.07e-01
2.92520e-01 2.33e-01
2.93490e-01 2.46e-01
2.94459e-01 2.34e-01
2.96394e-01 2.06e-01
2.97360e-01 1.98e-01
2.98325e-01 1.96e-01
2.99289e-01 1.94e-01
3.00253e-01 1.91e-01
3.01215e-01 1.91e-01
3.02177e-01 1.91e-01
3.03137e-01 1.90e-01
3.04097e-01 1.89e-01
3.04982e-01 1.88e-01
3.05939e-01 1.87e-01
3.06896e-01 1.85e-01
3.07852e-01 1.84e-01
3.08807e-01 1.82e-01
3.09762e-01 1.79e-01
3.10641e-01 1.77e-01
3.11594e-01 1.75e-01
3.12545e-01 1.72e-01
3.14373e-01 1.67e-01
3.16270e-01 1.62e-01
3.18090e-01 1.56e-01
3.19907e-01 1.51e-01
3.21794e-01 1.46e-01
3.22663e-01 1.43e-01
3.23604e-01 1.41e-01
3.24472e-01 1.38e-01
3.25411e-01 1.36e-01
3.26278e-01 1.34e-01
3.27215e-01 1.32e-01
3.28080e-01 1.30e-01
3.29016e-01 1.28e-01
3.29879e-01 1.26e-01
3.30813e-01 1.24e-01
3.31675e-01 1.22e-01
3.32608e-01 1.21e-01
3.33468e-01 1.19e-01
3.34399e-01 1.18e-01
3.35257e-01 1.16e-01
3.36115e-01 1.15e-01
3.37044e-01 1.14e-01
3.37900e-01 1.12e-01
3.39681e-01 1.10e-01
3.41389e-01 1.08e-01
3.43164e-01 1.06e-01
3.44936e-01 1.04e-01
3.46635e-01 1.03e-01
3.48330e-01 1.01e-01
3.50093e-01 9.99e-02
3.51783e-01 9.87e-02
3.53470e-01 9.76e-02
3.55224e-01 9.66e-02
3.56905e-01 9.57e-02
3.58583e-01 9.49e-02
3.60259e-01 9.42e-02
3.61931e-01 9.35e-02
3.63601e-01 9.29e-02
3.65268e-01 9.24e-02
3.66932e-01 9.20e-02
3.68594e-01 9.16e-02
3.70183e-01 9.13e-02
3.71839e-01 9.10e-02
3.73493e-01 9.08e-02
3.75075e-01 9.06e-02
3.76723e-01 9.04e-02
3.80762e-01 9.03e-02
3.83969e-01 9.03e-02
3.87097e-01 9.05e-02
3.88658e-01 9.07e-02
3.90284e-01 9.09e-02
3.91028e-01 9.10e-02
3.92582e-01 9.14e-02
3.94134e-01 9.18e-02
3.95684e-01 9.22e-02
3.97231e-01 9.27e-02
3.98776e-01 9.30e-02
4.00319e-01 9.33e-02
4.01859e-01 9.37e-02
4.03396e-01 9.42e-02
4.04932e-01 9.47e-02
4.06465e-01 9.53e-02
4.07929e-01 9.59e-02
4.09457e-01 9.65e-02
4.10983e-01 9.73e-02
4.12441e-01 9.80e-02
4.13962e-01 9.89e-02
4.15415e-01 9.98e-02
4.16932e-01 1.01e-01
4.17657e-01 1.01e-01
4.19105e-01 1.03e-01
4.19828e-01 1.05e-01
4.21338e-01 1.21e-01
4.22060e-01 1.20e-01
4.22781e-01 1.14e-01
4.23501e-01 1.09e-01
4.25006e-01 1.08e-01
4.25725e-01 1.07e-01
4.27161e-01 1.08e-01
4.28596e-01 1.09e-01
4.30028e-01 1.10e-01
4.31458e-01 1.11e-01
4.32886e-01 1.13e-01
4.34312e-01 1.14e-01
4.35736e-01 1.16e-01
4.37158e-01 1.17e-01
4.38577e-01 1.19e-01
4.39995e-01 1.20e-01
4.41411e-01 1.22e-01
4.42761e-01 1.24e-01
4.44173e-01 1.26e-01
4.45583e-01 1.28e-01
4.46927e-01 1.30e-01
4.48333e-01 1.32e-01
4.49737e-01 1.34e-01
4.51076e-01 1.36e-01
4.52476e-01 1.38e-01
4.53811e-01 1.41e-01
4.55207e-01 1.43e-01
4.56538e-01 1.46e-01
4.57931e-01 1.49e-01
4.59259e-01 1.52e-01
4.60584e-01 1.54e-01
4.61971e-01 1.57e-01
4.63294e-01 1.61e-01
4.64614e-01 1.64e-01
4.65933e-01 1.67e-01
4.67250e-01 1.71e-01
4.68565e-01 1.74e-01
4.69941e-01 1.78e-01
4.71253e-01 1.82e-01
4.72563e-01 1.86e-01
4.73871e-01 1.91e-01
4.75178e-01 1.95e-01
4.76420e-01 2.00e-01
4.77724e-01 2.05e-01
4.79025e-01 2.10e-01
4.80325e-01 2.15e-01
4.81623e-01 2.20e-01
4.82920e-01 2.26e-01
4.84153e-01 2.32e-01
4.85446e-01 2.38e-01
4.86738e-01 2.44e-01
4.87966e-01 2.51e-01
4.89255e-01 2.58e-01
4.90480e-01 2.65e-01
4.91765e-01 2.73e-01
4.93049e-01 2.81e-01
4.93659e-01 2.85e-01
4.94269e-01 2.89e-01
4.94879e-01 2.94e-01
4.96159e-01 3.06e-01
4.96767e-01 3.37e-01
4.97376e-01 3.66e-01
4.98591e-01 3.29e-01
4.99259e-01 3.28e-01
4.99866e-01 3.30e-01
5.00472e-01 3.34e-01
5.01078e-01 3.38e-01
5.02289e-01 3.48e-01
5.02955e-01 3.53e-01
5.04163e-01 3.63e-01
5.05371e-01 3.75e-01
5.06577e-01 3.87e-01
5.07781e-01 3.99e-01
5.09044e-01 4.12e-01
5.10245e-01 4.25e-01
5.11445e-01 4.39e-01
5.12644e-01 4.54e-01
5.13841e-01 4.69e-01
5.15037e-01 4.86e-01
5.16231e-01 5.02e-01
5.16828e-01 5.12e-01
5.18020e-01 5.32e-01
5.18615e-01 5.43e-01
5.19210e-01 5.52e-01
5.20340e-01 5.69e-01
5.20934e-01 5.78e-01
5.22122e-01 5.99e-01
5.23307e-01 6.21e-01
5.24492e-01 6.43e-01
5.25616e-01 6.67e-01
5.26797e-01 6.92e-01
5.27978e-01 7.17e-01
5.29157e-01 7.43e-01
5.30275e-01 7.71e-01
5.31451e-01 7.99e-01
5.32568e-01 8.27e-01
5.33154e-01 8.42e-01
5.34327e-01 8.73e-01
5.35440e-01 9.06e-01
5.36610e-01 9.40e-01
5.37721e-01 9.74e-01
5.38888e-01 1.01e+00
5.39996e-01 1.05e+00
5.41103e-01 1.09e+00
5.41685e-01 1.11e+00
5.42266e-01 1.12e+00
5.42789e-01 1.14e+00
5.43370e-01 1.16e+00
5.43951e-01 1.19e+00
5.44473e-01 1.22e+00
5.45053e-01 1.24e+00
5.45633e-01 1.25e+00
5.46154e-01 1.28e+00
5.46733e-01 1.30e+00
5.47312e-01 1.33e+00
5.47832e-01 1.35e+00
5.48410e-01 1.38e+00
5.48930e-01 1.41e+00
5.49508e-01 1.44e+00
5.50085e-01 1.47e+00
5.50604e-01 1.51e+00
5.51180e-01 1.54e+00
5.51699e-01 1.58e+00
5.52275e-01 1.62e+00
5.52850e-01 1.66e+00
5.53368e-01 1.71e+00
5.53943e-01 1.75e+00
5.54460e-01 1.80e+00
5.55034e-01 1.85e+00
5.55550e-01 1.90e+00
5.56124e-01 1.95e+00
5.56640e-01 2.01e+00
5.57213e-01 2.06e+00
5.57728e-01 2.12e+00
5.58301e-01 2.18e+00
5.58815e-01 2.25e+00
5.59387e-01 2.32e+00
5.59901e-01 2.38e+00
5.60473e-01 2.46e+00
5.60986e-01 2.53e+00
5.61557e-01 2.61e+00
5.62070e-01 2.69e+00
5.62640e-01 2.77e+00
5.63152e-01 2.85e+00
5.63722e-01 2.94e+00
5.64234e-01 3.03e+00
5.64745e-01 3.12e+00
5.65314e-01 3.21e+00
5.66393e-01 3.41e+00
5.66903e-01 3.50e+00
5.67471e-01 3.61e+00
5.68491e-01 3.81e+00
5.69566e-01 4.03e+00
5.70641e-01 4.25e+00
5.71149e-01 4.35e+00
5.71714e-01 4.46e+00
5.72222e-01 4.56e+00
5.72729e-01 4.67e+00
5.73800e-01 4.90e+00
5.74307e-01 5.02e+00
5.74870e-01 5.15e+00
5.75377e-01 5.29e+00
5.75883e-01 5.43e+00
5.76445e-01 5.58e+00
5.76950e-01 5.77e+00
5.77456e-01 5.93e+00
5.77961e-01 6.10e+00
5.78522e-01 6.29e+00
5.79026e-01 6.49e+00
5.79530e-01 6.71e+00
5.80090e-01 6.94e+00
5.80594e-01 7.18e+00
5.81098e-01 7.44e+00
5.81601e-01 7.70e+00
5.82160e-01 7.97e+00
5.83165e-01 8.53e+00
5.83667e-01 8.80e+00
5.84225e-01 9.06e+00
5.84726e-01 9.31e+00
5.85228e-01 9.53e+00
5.85729e-01 9.73e+00
5.86230e-01 9.89e+00
5.86786e-01 1.00e+01
5.87287e-01 1.01e+01
5.87787e-01 1.01e+01
5.88287e-01 1.00e+01
5.88786e-01 9.95e+00
5.89286e-01 9.80e+00
5.89840e-01 9.61e+00
5.90339e-01 9.38e+00
5.90838e-01 9.12e+00
5.91336e-01 8.83e+00
5.91834e-01 8.53e+00
5.92332e-01 8.21e+00
5.93382e-01 7.56e+00
5.93879e-01 7.23e+00
5.94376e-01 6.92e+00
5.94873e-01 6.60e+00
5.95369e-01 6.30e+00
5.95865e-01 6.01e+00
5.96361e-01 5.73e+00
5.96857e-01 5.45e+00
5.97407e-01 5.20e+00
5.97902e-01 4.95e+00
5.98397e-01 4.71e+00
5.98891e-01 4.49e+00
5.99386e-01 4.29e+00
5.99880e-01 4.10e+00
6.00374e-01 3.92e+00
6.00867e-01 3.76e+00
6.01361e-01 3.60e+00
6.01854e-01 3.44e+00
6.02347e-01 3.28e+00
6.02839e-01 3.15e+00
6.03824e-01 2.90e+00
6.04316e-01 2.78e+00
6.04808e-01 2.67e+00
6.05299e-01 2.57e+00
6.05790e-01 2.48e+00
6.06281e-01 2.38e+00
6.06772e-01 2.30e+00
6.07262e-01 2.22e+00
6.07753e-01 2.14e+00
6.08243e-01 2.07e+00
6.08732e-01 2.00e+00
6.09222e-01 1.94e+00
6.09711e-01 1.89e+00
6.10200e-01 1.84e+00
6.10689e-01 1.79e+00
6.11178e-01 1.75e+00
6.11666e-01 1.72e+00
6.12154e-01 1.69e+00
6.12642e-01 1.67e+00
6.13129e-01 1.65e+00
6.13617e-01 1.63e+00
6.14104e-01 1.58e+00
6.14591e-01 1.53e+00
6.15023e-01 1.49e+00
6.15510e-01 1.45e+00
6.15996e-01 1.41e+00
6.16482e-01 1.39e+00
6.16968e-01 1.37e+00
6.17453e-01 1.36e+00
6.17939e-01 1.35e+00
6.18424e-01 1.37e+00
6.18908e-01 1.33e+00
6.19824e-01 1.30e+00
6.20308e-01 1.29e+00
6.20792e-01 1.27e+00
6.21275e-01 1.25e+00
6.21759e-01 1.22e+00
6.22242e-01 1.20e+00
6.22671e-01 1.16e+00
6.23154e-01 1.13e+00
6.24119e-01 1.06e+00
6.24601e-01 1.02e+00
6.25082e-01 9.87e-01
6.25511e-01 9.54e-01
6.25992e-01 9.22e-01
6.26473e-01 8.93e-01
6.26954e-01 8.65e-01
6.27435e-01 8.39e-01
6.27862e-01 8.14e-01
6.28342e-01 7.91e-01
6.28822e-01 7.70e-01
6.29302e-01 7.49e-01
6.29728e-01 7.30e-01
6.30207e-01 7.12e-01
6.30686e-01 6.95e-01
6.31165e-01 6.79e-01
6.31591e-01 6.64e-01
6.32069e-01 6.52e-01
6.32548e-01 6.36e-01
6.33026e-01 6.22e-01
6.33450e-01 6.09e-01
6.33928e-01 5.97e-01
6.34405e-01 5.86e-01
6.34882e-01 5.74e-01
6.35306e-01 5.64e-01
6.35783e-01 5.53e-01
6.36259e-01 5.44e-01
6.36683e-01 5.34e-01
6.37159e-01 5.25e-01
6.37634e-01 5.16e-01
6.38110e-01 5.07e-01
6.38533e-01 4.99e-01
6.39008e-01 4.91e-01
6.39483e-01 4.83e-01
6.39905e-01 4.75e-01
6.40379e-01 4.68e-01
6.40853e-01 4.61e-01
6.41275e-01 4.54e-01
6.41749e-01 4.56e-01
6.42222e-01 4.55e-01
6.42643e-01 4.34e-01
6.43537e-01 4.22e-01
6.44482e-01 4.10e-01
6.45374e-01 3.99e-01
6.46265e-01 3.88e-01
6.47156e-01 3.78e-01
6.48098e-01 3.69e-01
6.48986e-01 3.60e-01
6.49874e-01 3.51e-01
6.50292e-01 3.47e-01
6.50761e-01 3.53e-01
6.51231e-01 3.39e-01
6.51648e-01 3.35e-01
6.52533e-01 3.27e-01
6.53418e-01 3.20e-01
6.54302e-01 3.14e-01
6.55186e-01 3.07e-01
6.55653e-01 3.04e-01
6.56535e-01 3.00e-01
6.57002e-01 2.99e-01
6.57416e-01 2.93e-01
6.57883e-01 2.89e-01
6.58763e-01 2.83e-01
6.59642e-01 2.78e-01
6.60469e-01 2.72e-01
6.61347e-01 2.67e-01
6.62224e-01 2.62e-01
6.62688e-01 2.61e-01
6.63100e-01 2.57e-01
6.63976e-01 2.52e-01
6.64851e-01 2.47e-01
6.65725e-01 2.43e-01
6.66136e-01 2.41e-01
6.66598e-01 2.39e-01
6.67009e-01 2.60e-01
6.67470e-01 2.34e-01
6.67881e-01 2.32e-01
6.68752e-01 2.28e-01
6.69623e-01 2.24e-01
6.70441e-01 2.20e-01
6.70902e-01 2.24e-01
6.71310e-01 2.17e-01
6.71719e-01 2.15e-01
6.72587e-01 2.12e-01
6.73455e-01 2.09e-01
6.73862e-01 2.08e-01
6.74321e-01 2.06e-01
6.75136e-01 2.02e-01
6.76001e-01 1.99e-01
6.76865e-01 1.96e-01
6.77678e-01 1.93e-01
6.78541e-01 1.90e-01
6.79403e-01 1.87e-01
6.80214e-01 1.85e-01
6.81075e-01 1.82e-01
6.81884e-01 1.80e-01
6.82743e-01 1.77e-01
6.83147e-01 1.76e-01
6.84006e-01 1.75e-01
6.84813e-01 1.72e-01
6.85669e-01 1.70e-01
6.86475e-01 1.68e-01
6.87330e-01 1.65e-01
6.88135e-01 1.63e-01
6.88989e-01 1.61e-01
6.89792e-01 1.59e-01
6.90594e-01 1.57e-01
6.91446e-01 1.55e-01
6.92247e-01 1.54e-01
6.92647e-01 1.53e-01
6.93097e-01 1.52e-01
6.93897e-01 1.49e-01
6.94696e-01 1.47e-01
6.95544e-01 1.44e-01
6.96342e-01 1.42e-01
6.97139e-01 1.40e-01
6.97985e-01 1.39e-01
6.98781e-01 1.37e-01
6.99576e-01 1.36e-01
7.00371e-01 1.34e-01
7.01215e-01 1.33e-01
7.02008e-01 1.32e-01
7.02404e-01 1.31e-01
7.02800e-01 1.30e-01
7.03197e-01 1.36e-01
7.03988e-01 1.35e-01
7.04829e-01 1.34e-01
7.05619e-01 1.33e-01
7.06014e-01 1.33e-01
7.06804e-01 1.32e-01
7.07592e-01 1.32e-01
7.07987e-01 1.35e-01
7.08774e-01 1.62e-01
7.09562e-01 1.88e-01
7.09955e-01 1.91e-01
7.10741e-01 1.63e-01
7.11527e-01 1.35e-01
7.11920e-01 1.27e-01
7.12754e-01 1.25e-01
7.13146e-01 1.24e-01
7.13538e-01 1.23e-01
7.14321e-01 1.22e-01
7.15104e-01 1.21e-01
7.15496e-01 1.20e-01
7.15887e-01 1.20e-01
7.16278e-01 1.19e-01
7.17059e-01 1.18e-01
7.17791e-01 1.17e-01
7.18571e-01 1.16e-01
7.19351e-01 1.15e-01
7.20130e-01 1.14e-01
7.20908e-01 1.13e-01
7.21686e-01 1.12e-01
7.22463e-01 1.11e-01
7.23240e-01 1.10e-01
7.24016e-01 1.09e-01
7.24743e-01 1.08e-01
7.25518e-01 1.08e-01
7.26292e-01 1.07e-01
7.27065e-01 1.06e-01
7.27838e-01 1.05e-01
7.28611e-01 1.05e-01
7.29334e-01 1.04e-01
7.30106e-01 1.03e-01
7.30876e-01 1.03e-01
7.31598e-01 1.02e-01
7.32368e-01 1.02e-01
7.33137e-01 1.01e-01
7.33905e-01 1.01e-01
7.34625e-01 1.00e-01
7.35392e-01 9.96e-02
7.36159e-01 9.92e-02
7.36877e-01 9.88e-02
7.37642e-01 9.84e-02
7.38360e-01 9.80e-02
7.39124e-01 9.76e-02
7.39888e-01 9.70e-02
7.40222e-01 9.68e-02
7.40603e-01 9.64e-02
7.41366e-01 9.55e-02
7.41747e-01 9.50e-02
7.42461e-01 9.37e-02
7.43222e-01 9.22e-02
7.43935e-01 9.07e-02
7.44695e-01 8.92e-02
7.45408e-01 8.81e-02
7.46166e-01 8.70e-02
7.46546e-01 8.65e-02
7.46878e-01 8.65e-02
7.47257e-01 8.56e-02
7.47967e-01 8.48e-02
7.48724e-01 8.40e-02
7.49433e-01 8.33e-02
7.50189e-01 8.27e-02
7.50897e-01 8.21e-02
7.51652e-01 8.17e-02
7.52359e-01 8.13e-02
7.52736e-01 8.11e-02
7.53442e-01 8.09e-02
7.53819e-01 8.07e-02
7.54524e-01 7.99e-02
7.54901e-01 7.95e-02
7.55605e-01 7.85e-02
7.55981e-01 7.80e-02
7.56685e-01 7.73e-02
7.57436e-01 7.68e-02
7.58139e-01 7.63e-02
7.58841e-01 7.58e-02
7.59543e-01 7.53e-02
7.60292e-01 7.49e-02
7.60993e-01 7.44e-02
7.61693e-01 7.40e-02
7.62393e-01 7.36e-02
7.63140e-01 7.32e-02
7.63839e-01 7.28e-02
7.64537e-01 7.24e-02
7.65235e-01 7.20e-02
7.65607e-01 7.22e-02
7.65979e-01 7.17e-02
7.66676e-01 7.13e-02
7.67373e-01 7.10e-02
7.68069e-01 7.07e-02
7.68765e-01 7.03e-02
7.69460e-01 7.00e-02
7.70155e-01 6.98e-02
7.70895e-01 6.95e-02
7.71589e-01 6.92e-02
7.72282e-01 6.90e-02
7.72974e-01 6.88e-02
7.73298e-01 6.87e-02
7.73667e-01 6.87e-02
7.74358e-01 6.93e-02
7.75050e-01 7.00e-02
7.75418e-01 7.04e-02
7.75740e-01 6.97e-02
7.76431e-01 6.86e-02
7.77121e-01 6.78e-02
7.77488e-01 6.74e-02
7.77810e-01 6.71e-02
7.78499e-01 6.69e-02
7.78866e-01 6.68e-02
7.79554e-01 6.69e-02
7.80242e-01 6.65e-02
7.80929e-01 6.63e-02
7.81570e-01 6.62e-02
7.82256e-01 6.60e-02
7.82942e-01 6.58e-02
7.83628e-01 6.57e-02
7.84312e-01 6.55e-02
7.84997e-01 6.53e-02
7.85362e-01 6.52e-02
7.85681e-01 6.51e-02
7.86000e-01 6.48e-02
7.86683e-01 6.44e-02
7.87366e-01 6.41e-02
7.88048e-01 6.37e-02
7.88730e-01 6.34e-02
7.89411e-01 6.30e-02
7.90092e-01 6.27e-02
7.90728e-01 6.23e-02
7.91408e-01 6.19e-02
7.92087e-01 6.16e-02
7.92766e-01 6.12e-02
7.93445e-01 6.08e-02
7.94078e-01 6.05e-02
7.94756e-01 6.01e-02
7.95433e-01 5.97e-02
7.96110e-01 5.94e-02
7.96741e-01 5.90e-02
7.97417e-01 5.87e-02
7.98093e-01 5.83e-02
7.98768e-01 5.80e-02
7.99397e-01 5.77e-02
8.00071e-01 5.73e-02
8.00745e-01 5.70e-02
8.01374e-01 5.67e-02
8.02046e-01 5.65e-02
8.02719e-01 5.62e-02
8.03346e-01 5.60e-02
8.04017e-01 5.57e-02
8.04644e-01 5.55e-02
8.05314e-01 5.53e-02
8.05985e-01 5.51e-02
8.06610e-01 5.50e-02
8.07279e-01 5.48e-02
8.07903e-01 5.47e-02
8.08572e-01 5.46e-02
8.09551e-01 5.44e-02
8.11819e-01 5.43e-02
8.13106e-01 5.43e-02
8.13726e-01 5.43e-02
8.14391e-01 5.44e-02
8.15011e-01 5.44e-02
8.15674e-01 5.45e-02
8.15984e-01 5.45e-02
8.16294e-01 5.45e-02
8.16603e-01 5.45e-02
8.16956e-01 5.43e-02
8.17266e-01 5.41e-02
8.17575e-01 5.38e-02
8.18193e-01 5.31e-02
8.18546e-01 5.28e-02
8.19163e-01 5.24e-02
8.19824e-01 5.21e-02
8.20440e-01 5.18e-02
8.21057e-01 5.16e-02
8.21716e-01 5.13e-02
8.22024e-01 5.13e-02
8.22332e-01 5.12e-02
8.22639e-01 5.12e-02
8.22947e-01 5.11e-02
8.23605e-01 5.06e-02
8.23912e-01 5.04e-02
8.24219e-01 5.08e-02
8.24526e-01 5.13e-02
8.24833e-01 5.16e-02
8.25184e-01 5.18e-02
8.25490e-01 5.18e-02
8.26103e-01 4.98e-02
8.26410e-01 4.93e-02
8.26716e-01 4.92e-02
8.27372e-01 4.89e-02
8.27984e-01 4.87e-02
8.28595e-01 4.85e-02
8.29250e-01 4.82e-02
8.29861e-01 4.80e-02
8.30471e-01 4.78e-02
8.31081e-01 4.76e-02
8.31735e-01 4.74e-02
8.32344e-01 4.72e-02
8.32953e-01 4.71e-02
8.33561e-01 4.69e-02
8.33909e-01 4.69e-02
8.34213e-01 4.69e-02
8.34517e-01 4.95e-02
8.34820e-01 5.04e-02
8.35124e-01 4.68e-02
8.35731e-01 4.67e-02
8.40316e-01 4.64e-02
8.40964e-01 4.63e-02
8.41567e-01 4.62e-02
8.42170e-01 4.60e-02
8.42472e-01 4.59e-02
8.42773e-01 5.62e-02
8.43376e-01 5.59e-02
8.43978e-01 5.56e-02
8.44580e-01 5.52e-02
8.45181e-01 5.48e-02
8.45482e-01 5.46e-02
8.45782e-01 5.48e-02
8.46083e-01 5.41e-02
8.46683e-01 5.37e-02
8.47284e-01 5.32e-02
8.47883e-01 5.28e-02
8.48526e-01 5.23e-02
8.49125e-01 5.19e-02
8.49723e-01 5.15e-02
8.50322e-01 5.11e-02
8.50920e-01 5.07e-02
8.51518e-01 5.03e-02
8.51816e-01 5.02e-02
8.52413e-01 4.99e-02
8.53010e-01 4.97e-02
8.53606e-01 4.94e-02
8.53862e-01 4.93e-02
8.54160e-01 4.91e-02
8.54458e-01 4.87e-02
8.54756e-01 4.82e-02
8.55053e-01 4.78e-02
8.55351e-01 4.75e-02
8.55649e-01 4.73e-02
8.56243e-01 4.71e-02
8.56541e-01 4.70e-02
8.56838e-01 4.70e-02
8.57135e-01 4.69e-02
8.57432e-01 4.66e-02
8.57729e-01 4.64e-02
8.58323e-01 4.62e-02
8.58916e-01 4.60e-02
8.59509e-01 4.58e-02
8.60101e-01 4.56e-02
8.60693e-01 4.54e-02
8.61243e-01 4.52e-02
8.61835e-01 4.50e-02
8.62426e-01 4.49e-02
8.63017e-01 4.47e-02
8.63312e-01 4.47e-02
8.63607e-01 4.46e-02
8.64745e-01 4.45e-02
8.66512e-01 4.45e-02
8.67100e-01 4.45e-02
8.67689e-01 4.46e-02
8.68234e-01 4.46e-02
8.68822e-01 4.47e-02
8.69115e-01 4.47e-02
8.69409e-01 4.47e-02
8.69702e-01 4.46e-02
8.69995e-01 4.45e-02
8.70540e-01 4.41e-02
8.71126e-01 4.37e-02
8.71712e-01 4.33e-02
8.72297e-01 4.30e-02
8.72548e-01 4.32e-02
8.72840e-01 4.31e-02
8.73133e-01 4.26e-02
8.73425e-01 4.24e-02
8.74009e-01 4.23e-02
8.74301e-01 4.22e-02
8.74552e-01 4.23e-02
8.74844e-01 4.28e-02
8.75135e-01 4.24e-02
8.75427e-01 4.17e-02
8.75719e-01 4.10e-02
8.76010e-01 4.09e-02
8.76302e-01 4.09e-02
8.76551e-01 4.09e-02
8.76843e-01 4.07e-02
8.77134e-01 4.06e-02
8.77716e-01 4.06e-02
8.78257e-01 4.05e-02
8.78838e-01 4.04e-02
8.79419e-01 4.03e-02
8.79959e-01 4.02e-02
8.80249e-01 4.01e-02
8.80539e-01 4.01e-02
8.80829e-01 4.00e-02
8.81368e-01 3.99e-02
8.81948e-01 3.97e-02
8.82527e-01 3.96e-02
8.83065e-01 3.95e-02
8.83354e-01 3.95e-02
8.83933e-01 3.94e-02
8.84470e-01 3.92e-02
8.85048e-01 3.91e-02
8.85584e-01 3.90e-02
8.86161e-01 3.90e-02
8.86738e-01 3.89e-02
8.86985e-01 3.89e-02
8.87274e-01 3.89e-02
8.87562e-01 3.90e-02
8.87850e-01 3.90e-02
8.88385e-01 3.82e-02
8.88673e-01 3.82e-02
8.88961e-01 3.80e-02
8.89495e-01 3.80e-02
8.90070e-01 3.79e-02
8.90604e-01 3.79e-02
8.91178e-01 3.78e-02
8.91465e-01 3.78e-02
8.91711e-01 3.77e-02
8.92285e-01 3.76e-02
8.92817e-01 3.75e-02
8.93391e-01 3.74e-02
8.93922e-01 3.74e-02
8.94495e-01 3.73e-02
8.95312e-01 3.72e-02
8.95843e-01 3.72e-02
8.96129e-01 3.72e-02
8.96415e-01 3.73e-02
8.96700e-01 3.70e-02
8.96945e-01 3.67e-02
8.97230e-01 3.65e-02
8.97516e-01 3.65e-02
8.98045e-01 3.65e-02
8.98330e-01 3.65e-02
8.98615e-01 3.65e-02
8.99145e-01 3.63e-02
8.99673e-01 3.63e-02
9.00243e-01 3.62e-02
9.00527e-01 3.62e-02
9.01055e-01 3.61e-02
9.01340e-01 3.60e-02
9.01583e-01 3.61e-02
9.01867e-01 3.76e-02
9.02151e-01 3.60e-02
9.02395e-01 3.63e-02
9.02679e-01 3.57e-02
9.02962e-01 3.55e-02
9.03489e-01 3.56e-02
9.03773e-01 3.56e-02
9.04299e-01 3.57e-02
9.04866e-01 3.56e-02
9.05392e-01 3.56e-02
9.05917e-01 3.55e-02
9.06483e-01 3.54e-02
9.07008e-01 3.54e-02
9.07532e-01 3.53e-02
9.08097e-01 3.52e-02
9.08621e-01 3.52e-02
9.09145e-01 3.51e-02
9.09669e-01 3.50e-02
9.10232e-01 3.50e-02
9.10755e-01 3.49e-02
9.11278e-01 3.48e-02
9.11841e-01 3.48e-02
9.12363e-01 3.47e-02
9.12885e-01 3.46e-02
9.13407e-01 3.46e-02
9.13968e-01 3.45e-02
9.14489e-01 3.45e-02
9.15010e-01 3.44e-02
9.15530e-01 3.43e-02
9.16091e-01 3.42e-02
9.16611e-01 3.41e-02
9.16851e-01 3.41e-02
9.17130e-01 3.41e-02
9.17410e-01 3.40e-02
9.17650e-01 3.40e-02
9.17929e-01 3.47e-02
9.18169e-01 3.39e-02
9.18448e-01 3.39e-02
9.18728e-01 3.39e-02
9.18967e-01 3.39e-02
9.19765e-01 3.39e-02
9.20283e-01 3.39e-02
9.20801e-01 3.39e-02
9.21358e-01 3.38e-02
9.21875e-01 3.38e-02
9.22392e-01 3.37e-02
9.22909e-01 3.37e-02
9.23425e-01 3.36e-02
9.23941e-01 3.36e-02
9.24457e-01 3.35e-02
9.25013e-01 3.35e-02
9.25528e-01 3.34e-02
9.26043e-01 3.34e-02
9.26558e-01 3.33e-02
9.27072e-01 3.33e-02
9.27587e-01 3.32e-02
9.27864e-01 3.32e-02
9.28101e-01 3.40e-02
9.28377e-01 3.31e-02
9.28614e-01 3.30e-02
9.28891e-01 3.31e-02
9.29681e-01 3.32e-02
9.31219e-01 3.31e-02
9.31731e-01 3.30e-02
9.32243e-01 3.30e-02
9.32754e-01 3.29e-02
9.33266e-01 3.29e-02
9.33777e-01 3.28e-02
9.34288e-01 3.28e-02
9.34798e-01 3.27e-02
9.35073e-01 3.27e-02
9.35309e-01 3.25e-02
9.35583e-01 3.26e-02
9.35819e-01 3.26e-02
9.36093e-01 3.27e-02
9.37112e-01 3.26e-02
9.37622e-01 3.26e-02
9.38130e-01 3.25e-02
9.38639e-01 3.25e-02
9.39148e-01 3.24e-02
9.39656e-01 3.24e-02
9.39890e-01 3.23e-02
9.40398e-01 3.23e-02
9.40905e-01 3.22e-02
9.41413e-01 3.22e-02
9.41919e-01 3.22e-02
9.42426e-01 3.21e-02
9.42933e-01 3.21e-02
9.43439e-01 3.20e-02
9.45694e-01 3.19e-02
9.45927e-01 3.19e-02
9.46432e-01 3.18e-02
9.46936e-01 3.18e-02
9.47441e-01 3.17e-02
9.47944e-01 3.17e-02
9.48448e-01 3.16e-02
9.48952e-01 3.16e-02
9.49455e-01 3.16e-02
9.49919e-01 3.15e-02
9.50422e-01 3.15e-02
9.50924e-01 3.14e-02
9.51426e-01 3.14e-02
9.51928e-01 3.13e-02
9.52430e-01 3.13e-02
9.52931e-01 3.13e-02
9.53394e-01 3.12e-02
9.53895e-01 3.12e-02
9.54395e-01 3.11e-02
9.54896e-01 3.11e-02
9.55396e-01 3.11e-02
9.55896e-01 3.10e-02
9.56127e-01 3.10e-02
9.56357e-01 3.10e-02
9.56626e-01 3.10e-02
9.57126e-01 3.09e-02
9.57586e-01 3.09e-02
9.58085e-01 3.08e-02
9.58584e-01 3.08e-02
9.59082e-01 3.08e-02
9.59580e-01 3.07e-02
9.60040e-01 3.07e-02
9.68048e-01 3.02e-02
9.71195e-01 3.01e-02
9.71423e-01 3.01e-02
9.71650e-01 3.01e-02
9.77160e-01 2.99e-02
9.82565e-01 2.99e-02
9.84211e-01 2.99e-02
9.84473e-01 2.99e-02
9.84697e-01 2.99e-02
9.87941e-01 2.99e-02
9.89801e-01 3.00e-02
9.92585e-01 3.01e-02
9.93511e-01 3.02e-02
9.94436e-01 3.02e-02
9.94917e-01 3.03e-02
9.95361e-01 3.03e-02
9.95804e-01 3.03e-02
9.96284e-01 3.04e-02
9.96727e-01 3.04e-02
9.97207e-01 3.05e-02
9.97649e-01 3.05e-02
9.98129e-01 3.05e-02
9.98571e-01 3.06e-02
9.99013e-01 3.06e-02
9.99492e-01 3.07e-02
9.99933e-01 3.07e-02
1.00041e+00 3.08e-02
1.00085e+00 3.08e-02
1.00243e+00 3.09e-02
1.00492e+00 3.10e-02
1.00540e+00 3.10e-02
1.00584e+00 3.11e-02
1.00628e+00 3.11e-02
1.00675e+00 3.12e-02
1.00719e+00 3.13e-02
1.00763e+00 3.13e-02
1.00810e+00 3.14e-02
1.00854e+00 3.15e-02
1.00898e+00 3.15e-02
1.00945e+00 3.16e-02
1.00989e+00 3.17e-02
1.01033e+00 3.18e-02
1.01080e+00 3.18e-02
1.01124e+00 3.19e-02
1.01167e+00 3.20e-02
1.01215e+00 3.21e-02
1.01258e+00 3.22e-02
1.01302e+00 3.23e-02
1.01345e+00 3.24e-02
1.01393e+00 3.25e-02
1.01436e+00 3.26e-02
1.01480e+00 3.27e-02
1.01527e+00 3.28e-02
1.01570e+00 3.29e-02
1.01614e+00 3.30e-02
1.01657e+00 3.31e-02
1.01704e+00 3.32e-02
1.01747e+00 3.33e-02
1.01791e+00 3.34e-02
1.01813e+00 3.35e-02
1.01834e+00 3.35e-02
1.01881e+00 3.36e-02
1.01924e+00 3.37e-02
1.01968e+00 3.38e-02
1.02011e+00 3.40e-02
1.02054e+00 3.41e-02
1.02101e+00 3.42e-02
1.02144e+00 3.43e-02
1.02188e+00 3.45e-02
1.02231e+00 3.46e-02
1.02277e+00 3.47e-02
1.02321e+00 3.49e-02
1.02364e+00 3.50e-02
1.02407e+00 3.51e-02
1.02450e+00 3.53e-02
1.02497e+00 3.54e-02
1.02540e+00 3.56e-02
1.02583e+00 3.57e-02
1.02626e+00 3.59e-02
1.02647e+00 3.60e-02
1.02669e+00 3.60e-02
1.02712e+00 3.62e-02
1.02758e+00 3.63e-02
1.02801e+00 3.65e-02
1.02844e+00 3.66e-02
1.02887e+00 3.68e-02
1.02930e+00 3.70e-02
1.02973e+00 3.71e-02
1.03019e+00 3.73e-02
1.03062e+00 3.75e-02
1.03105e+00 3.77e-02
1.03147e+00 3.78e-02
1.03190e+00 3.80e-02
1.03233e+00 3.82e-02
1.03276e+00 3.84e-02
1.03322e+00 3.86e-02
1.03365e+00 3.88e-02
1.03407e+00 3.89e-02
1.03450e+00 3.91e-02
1.03493e+00 3.93e-02
1.03535e+00 3.95e-02
1.03578e+00 3.97e-02
1.03620e+00 3.99e-02
1.03663e+00 4.01e-02
1.03706e+00 4.03e-02
1.03752e+00 4.06e-02
1.03794e+00 4.08e-02
1.03837e+00 4.10e-02
1.03879e+00 4.12e-02
1.03922e+00 4.14e-02
1.03943e+00 4.15e-02
1.03985e+00 4.17e-02
1.04028e+00 4.19e-02
1.04070e+00 4.21e-02
1.04112e+00 4.23e-02
1.04155e+00 4.25e-02
1.04197e+00 4.27e-02
1.04239e+00 4.30e-02
1.04282e+00 4.32e-02
1.04324e+00 4.34e-02
1.04370e+00 4.36e-02
1.04412e+00 4.38e-02
1.04454e+00 4.40e-02
1.04497e+00 4.42e-02
1.04539e+00 4.44e-02
1.04581e+00 4.45e-02
1.04623e+00 4.47e-02
1.04665e+00 4.49e-02
1.04707e+00 4.51e-02
1.04749e+00 4.53e-02
1.04792e+00 4.55e-02
1.04834e+00 4.56e-02
1.04876e+00 4.58e-02
1.04918e+00 4.60e-02
1.04960e+00 4.62e-02
1.05002e+00 4.63e-02
1.05044e+00 4.65e-02
1.05086e+00 4.66e-02
1.05128e+00 4.68e-02
1.05170e+00 4.69e-02
1.05211e+00 4.70e-02
1.05253e+00 4.72e-02
1.05295e+00 4.73e-02
1.05337e+00 4.74e-02
1.05379e+00 4.75e-02
1.05421e+00 4.76e-02
1.05463e+00 4.78e-02
1.05504e+00 4.79e-02
1.05543e+00 4.79e-02
1.05584e+00 4.80e-02
1.05626e+00 4.81e-02
1.05668e+00 4.81e-02
1.05710e+00 4.82e-02
1.05751e+00 4.82e-02
1.05980e+00 4.83e-02
1.06084e+00 4.83e-02
1.06164e+00 4.82e-02
1.06205e+00 4.81e-02
1.06247e+00 4.80e-02
1.06288e+00 4.79e-02
1.06330e+00 4.79e-02
1.06371e+00 4.78e-02
1.06412e+00 4.77e-02
1.06454e+00 4.75e-02
1.06495e+00 4.74e-02
1.06537e+00 4.73e-02
1.06574e+00 4.72e-02
1.06616e+00 4.70e-02
1.06657e+00 4.69e-02
1.06698e+00 4.68e-02
1.06740e+00 4.66e-02
1.06781e+00 4.64e-02
1.06822e+00 4.63e-02
1.06860e+00 4.61e-02
1.06901e+00 4.59e-02
1.06942e+00 4.58e-02
1.06984e+00 4.56e-02
1.07025e+00 4.54e-02
1.07066e+00 4.52e-02
1.07107e+00 4.50e-02
1.07145e+00 4.48e-02
1.07186e+00 4.46e-02
1.07227e+00 4.44e-02
1.07268e+00 4.42e-02
1.07309e+00 4.39e-02
1.07350e+00 4.37e-02
1.07388e+00 4.35e-02
1.07429e+00 4.33e-02
1.07470e+00 4.30e-02
1.07510e+00 4.28e-02
1.07551e+00 4.26e-02
1.07592e+00 4.23e-02
1.07630e+00 4.21e-02
1.07671e+00 4.19e-02
1.07712e+00 4.16e-02
1.07752e+00 4.14e-02
1.07793e+00 4.12e-02
1.07831e+00 4.09e-02
1.07872e+00 4.07e-02
1.07912e+00 4.05e-02
1.07953e+00 4.02e-02
1.07991e+00 4.00e-02
1.08031e+00 3.98e-02
1.08072e+00 3.96e-02
1.08113e+00 3.94e-02
1.08153e+00 3.91e-02
1.08170e+00 3.90e-02
1.08191e+00 3.89e-02
1.08211e+00 3.88e-02
1.08231e+00 3.87e-02
1.08272e+00 3.85e-02
1.08313e+00 3.83e-02
1.08350e+00 3.80e-02
1.08390e+00 3.78e-02
1.08431e+00 3.76e-02
1.08472e+00 3.74e-02
1.08509e+00 3.72e-02
1.08549e+00 3.70e-02
1.08590e+00 3.67e-02
1.08630e+00 3.65e-02
1.08667e+00 3.63e-02
1.08708e+00 3.61e-02
1.08748e+00 3.59e-02
1.08789e+00 3.56e-02
1.08826e+00 3.54e-02
1.08866e+00 3.52e-02
1.08907e+00 3.50e-02
1.08947e+00 3.48e-02
1.08984e+00 3.46e-02
1.09024e+00 3.44e-02
1.09065e+00 3.42e-02
1.09102e+00 3.40e-02
1.09142e+00 3.38e-02
1.09182e+00 3.36e-02
1.09223e+00 3.34e-02
1.09259e+00 3.32e-02
1.09300e+00 3.30e-02
1.09340e+00 3.28e-02
1.09377e+00 3.26e-02
1.09417e+00 3.24e-02
1.09457e+00 3.22e-02
1.09494e+00 3.21e-02
1.09534e+00 3.19e-02
1.09574e+00 3.17e-02
1.09611e+00 3.15e-02
1.09651e+00 3.13e-02
1.09691e+00 3.12e-02
1.09728e+00 3.10e-02
1.09768e+00 3.08e-02
1.09808e+00 3.07e-02
1.09845e+00 3.05e-02
1.09885e+00 3.03e-02
1.09925e+00 3.01e-02
1.09961e+00 3.00e-02
1.10001e+00 2.98e-02
1.10041e+00 2.96e-02
1.10078e+00 2.94e-02
1.10118e+00 2.93e-02
1.10157e+00 2.91e-02
1.10194e+00 2.89e-02
1.10234e+00 2.88e-02
1.10274e+00 2.86e-02
1.10310e+00 2.84e-02
1.10350e+00 2.83e-02
1.10390e+00 2.82e-02
1.10426e+00 2.81e-02
1.10466e+00 2.80e-02
1.10503e+00 2.79e-02
1.10542e+00 2.77e-02
1.10582e+00 2.76e-02
1.10618e+00 2.75e-02
1.10658e+00 2.74e-02
1.10698e+00 2.72e-02
1.10714e+00 2.72e-02
1.10754e+00 2.71e-02
1.10794e+00 2.69e-02
1.10830e+00 2.68e-02
1.10869e+00 2.67e-02
1.10906e+00 2.66e-02
1.10945e+00 2.65e-02
1.10985e+00 2.64e-02
1.11021e+00 2.62e-02
1.11061e+00 2.61e-02
1.11097e+00 2.60e-02
1.11136e+00 2.59e-02
1.11176e+00 2.58e-02
1.11212e+00 2.57e-02
1.11252e+00 2.56e-02
1.11288e+00 2.55e-02
1.11327e+00 2.54e-02
1.11363e+00 2.53e-02
1.11403e+00 2.52e-02
1.11442e+00 2.51e-02
1.11478e+00 2.50e-02
1.11517e+00 2.49e-02
1.11553e+00 2.48e-02
1.11593e+00 2.47e-02
1.11629e+00 2.45e-02
1.11668e+00 2.44e-02
1.11704e+00 2.43e-02
1.11743e+00 2.42e-02
1.11783e+00 2.42e-02
1.11799e+00 2.42e-02
1.11819e+00 2.41e-02
1.11838e+00 2.42e-02
1.11858e+00 2.41e-02
1.11894e+00 2.41e-02
1.11933e+00 2.40e-02
1.11953e+00 2.40e-02
1.11969e+00 2.47e-02
1.11988e+00 2.39e-02
1.12028e+00 2.39e-02
1.12063e+00 2.38e-02
1.12103e+00 2.38e-02
1.12138e+00 2.37e-02
1.12178e+00 2.36e-02
1.12213e+00 2.36e-02
1.12252e+00 2.35e-02
1.12288e+00 2.35e-02
1.12327e+00 2.34e-02
1.12363e+00 2.33e-02
1.12402e+00 2.32e-02
1.12438e+00 2.32e-02
1.12477e+00 2.31e-02
1.12512e+00 2.30e-02
1.12551e+00 2.29e-02
1.12571e+00 2.29e-02
1.12607e+00 2.28e-02
1.12626e+00 2.28e-02
1.12662e+00 2.28e-02
1.12681e+00 2.28e-02
1.12701e+00 2.29e-02
1.12720e+00 2.28e-02
1.12830e+00 2.28e-02
1.12849e+00 2.27e-02
1.12885e+00 2.27e-02
1.12924e+00 2.26e-02
1.12959e+00 2.25e-02
1.12998e+00 2.25e-02
1.13034e+00 2.24e-02
1.13072e+00 2.24e-02
1.13108e+00 2.23e-02
1.13147e+00 2.23e-02
1.13182e+00 2.22e-02
1.13201e+00 2.22e-02
1.13237e+00 2.22e-02
1.13256e+00 2.23e-02
1.13276e+00 2.23e-02
1.13295e+00 2.24e-02
1.13311e+00 2.25e-02
1.13330e+00 2.25e-02
1.13350e+00 2.26e-02
1.13385e+00 2.26e-02
1.13404e+00 2.26e-02
1.13443e+00 2.27e-02
1.13478e+00 2.29e-02
1.13514e+00 2.30e-02
1.13552e+00 2.31e-02
1.13572e+00 2.31e-02
1.13588e+00 2.32e-02
1.13626e+00 2.35e-02
1.13661e+00 2.38e-02
1.13681e+00 2.40e-02
1.13716e+00 2.45e-02
1.13754e+00 2.48e-02
1.13774e+00 2.49e-02
1.13809e+00 2.47e-02
1.13844e+00 2.45e-02
1.13883e+00 2.42e-02
1.13918e+00 2.40e-02
1.13937e+00 2.39e-02
1.13956e+00 2.36e-02
1.13991e+00 2.26e-02
1.14011e+00 2.25e-02
1.14046e+00 2.16e-02
1.14084e+00 2.06e-02
1.14119e+00 1.97e-02
1.14138e+00 1.96e-02
1.14174e+00 1.94e-02
1.14212e+00 1.92e-02
1.14247e+00 1.90e-02
1.14285e+00 1.88e-02
1.14301e+00 1.87e-02
1.14339e+00 1.86e-02
1.14374e+00 1.86e-02
1.14413e+00 1.85e-02
1.14448e+00 1.85e-02
1.14483e+00 1.85e-02
1.14521e+00 1.84e-02
1.14556e+00 1.84e-02
1.14594e+00 1.84e-02
1.14629e+00 1.84e-02
1.14664e+00 1.84e-02
1.14702e+00 1.83e-02
1.14737e+00 1.83e-02
1.14775e+00 1.83e-02
1.14810e+00 1.83e-02
1.14845e+00 1.82e-02
1.14883e+00 1.82e-02
1.14918e+00 1.82e-02
1.14956e+00 1.82e-02
1.14991e+00 1.81e-02
1.15026e+00 1.81e-02
1.15064e+00 1.81e-02
1.15098e+00 1.81e-02
1.15133e+00 1.81e-02
1.15171e+00 1.80e-02
1.15206e+00 1.80e-02
1.15244e+00 1.80e-02
1.15278e+00 1.80e-02
1.15313e+00 1.79e-02
1.15351e+00 1.79e-02
1.15386e+00 1.79e-02
1.15420e+00 1.79e-02
1.15760e+00 1.77e-02
1.15867e+00 1.77e-02
1.15905e+00 1.77e-02
1.15939e+00 1.78e-02
1.15974e+00 1.78e-02
1.16011e+00 1.79e-02
1.16046e+00 1.80e-02
1.16065e+00 1.80e-02
1.16080e+00 1.83e-02
1.16118e+00 1.90e-02
1.16152e+00 1.97e-02
1.16171e+00 2.01e-02
1.16187e+00 2.04e-02
1.16206e+00 2.07e-02
1.16224e+00 2.10e-02
1.16240e+00 2.08e-02
1.16259e+00 2.05e-02
1.16278e+00 2.01e-02
1.16312e+00 1.93e-02
1.16346e+00 1.85e-02
1.16365e+00 1.81e-02
1.16384e+00 1.80e-02
1.16418e+00 1.78e-02
1.16452e+00 1.77e-02
1.16487e+00 1.75e-02
1.16524e+00 1.74e-02
1.16559e+00 1.74e-02
1.16593e+00 1.73e-02
1.16630e+00 1.73e-02
1.16664e+00 1.72e-02
1.16699e+00 1.72e-02
1.16736e+00 1.71e-02
1.16770e+00 1.71e-02
1.16805e+00 1.71e-02
1.16842e+00 1.70e-02
1.16876e+00 1.70e-02
1.16910e+00 1.70e-02
1.16944e+00 1.70e-02
1.16982e+00 1.69e-02
1.17016e+00 1.69e-02
1.17050e+00 1.69e-02
1.17087e+00 1.69e-02
1.17121e+00 1.68e-02
1.17155e+00 1.68e-02
1.17189e+00 1.68e-02
1.17227e+00 1.68e-02
1.17261e+00 1.68e-02
1.17295e+00 1.67e-02
1.17332e+00 1.67e-02
1.17366e+00 1.67e-02
1.17400e+00 1.67e-02
1.18007e+00 1.64e-02
1.18507e+00 1.63e-02
1.18970e+00 1.61e-02
1.19326e+00 1.61e-02
1.19362e+00 1.60e-02
1.19395e+00 1.60e-02
1.19429e+00 1.60e-02
1.19462e+00 1.60e-02
1.19513e+00 1.59e-02
1.19767e+00 1.59e-02
1.21006e+00 1.58e-02
1.21601e+00 1.57e-02
1.21997e+00 1.56e-02
1.22192e+00 1.56e-02
1.22422e+00 1.55e-02
1.22454e+00 1.55e-02
1.22486e+00 1.55e-02
1.22519e+00 1.54e-02
1.22554e+00 1.54e-02
1.22586e+00 1.54e-02
1.22618e+00 1.54e-02
1.22651e+00 1.54e-02
1.22683e+00 1.53e-02
1.22715e+00 1.53e-02
1.22747e+00 1.53e-02
1.22829e+00 1.52e-02
1.23122e+00 1.52e-02
1.23332e+00 1.51e-02
1.23364e+00 1.50e-02
1.23378e+00 1.50e-02
1.23442e+00 1.50e-02
1.23474e+00 1.50e-02
1.23509e+00 1.50e-02
1.23541e+00 1.50e-02
1.23573e+00 1.49e-02
1.23605e+00 1.49e-02
1.23637e+00 1.49e-02
1.23669e+00 1.49e-02
1.23701e+00 1.49e-02
1.23733e+00 1.49e-02
1.23765e+00 1.48e-02
1.23797e+00 1.48e-02
1.23829e+00 1.48e-02
1.23861e+00 1.48e-02
1.23892e+00 1.48e-02
1.23924e+00 1.48e-02
1.24294e+00 1.46e-02
1.24485e+00 1.47e-02
1.24516e+00 1.47e-02
1.24548e+00 1.47e-02
1.24580e+00 1.48e-02
1.24611e+00 1.48e-02
1.24643e+00 1.50e-02
1.24674e+00 1.51e-02
1.24706e+00 1.52e-02
1.24723e+00 1.53e-02
1.24738e+00 1.50e-02
1.24769e+00 1.45e-02
1.24787e+00 1.43e-02
1.24818e+00 1.40e-02
1.24832e+00 1.38e-02
1.24850e+00 1.37e-02
1.24867e+00 1.36e-02
1.24898e+00 1.36e-02
1.24913e+00 1.35e-02
1.24944e+00 1.36e-02
1.24976e+00 1.36e-02
1.25007e+00 1.37e-02
1.25039e+00 1.37e-02
1.25070e+00 1.37e-02
1.25102e+00 1.37e-02
1.25133e+00 1.37e-02
1.25151e+00 1.37e-02
1.25182e+00 1.37e-02
1.25196e+00 1.36e-02
1.25213e+00 1.36e-02
1.25371e+00 1.36e-02
1.25402e+00 1.35e-02
1.25419e+00 1.35e-02
1.25433e+00 1.35e-02
1.25465e+00 1.34e-02
1.25482e+00 1.34e-02
1.25513e+00 1.35e-02
1.25527e+00 1.35e-02
1.25545e+00 1.36e-02
1.25576e+00 1.35e-02
1.25607e+00 1.35e-02
1.25638e+00 1.35e-02
1.25670e+00 1.35e-02
1.25701e+00 1.34e-02
1.25732e+00 1.34e-02
1.25764e+00 1.34e-02
1.25795e+00 1.34e-02
1.25826e+00 1.34e-02
1.25857e+00 1.34e-02
1.25889e+00 1.34e-02
1.25920e+00 1.33e-02
1.25951e+00 1.33e-02
1.25982e+00 1.33e-02
1.26014e+00 1.33e-02
1.26045e+00 1.33e-02
1.26076e+00 1.33e-02
1.26107e+00 1.33e-02
1.26138e+00 1.32e-02
1.26201e+00 1.32e-02
1.26218e+00 1.32e-02
1.26249e+00 1.33e-02
1.26263e+00 1.33e-02
1.26294e+00 1.30e-02
1.26311e+00 1.29e-02
1.26342e+00 1.30e-02
1.26356e+00 1.30e-02
1.26449e+00 1.30e-02
1.26480e+00 1.30e-02
1.27086e+00 1.28e-02
1.27133e+00 1.28e-02
1.27147e+00 1.28e-02
1.27178e+00 1.28e-02
1.27209e+00 1.29e-02
1.27240e+00 1.30e-02
1.27271e+00 1.30e-02
1.27301e+00 1.31e-02
1.27318e+00 1.31e-02
1.27349e+00 1.30e-02
1.27380e+00 1.29e-02
1.27411e+00 1.29e-02
1.27441e+00 1.28e-02
1.27455e+00 1.27e-02
1.27472e+00 1.27e-02
1.27503e+00 1.26e-02
1.27517e+00 1.26e-02
1.27547e+00 1.26e-02
1.27578e+00 1.26e-02
1.27609e+00 1.26e-02
1.27640e+00 1.26e-02
1.27670e+00 1.26e-02
1.27718e+00 1.26e-02
1.27762e+00 1.26e-02
1.27810e+00 1.26e-02
1.27824e+00 1.26e-02
1.27840e+00 1.26e-02
1.28054e+00 1.27e-02
1.28374e+00 1.26e-02
1.28482e+00 1.26e-02
1.28573e+00 1.26e-02
1.28600e+00 1.26e-02
1.28617e+00 1.26e-02
1.28631e+00 1.26e-02
1.28647e+00 1.26e-02
1.28661e+00 1.26e-02
1.28678e+00 1.26e-02
1.28708e+00 1.26e-02
1.28739e+00 1.26e-02
1.28769e+00 1.27e-02
1.28799e+00 1.27e-02
1.28830e+00 1.27e-02
1.28860e+00 1.28e-02
1.28890e+00 1.28e-02
1.28904e+00 1.28e-02
1.28921e+00 1.28e-02
1.28951e+00 1.29e-02
1.28965e+00 1.30e-02
1.28981e+00 1.31e-02
1.28995e+00 1.30e-02
1.29011e+00 1.28e-02
1.29025e+00 1.25e-02
1.29042e+00 1.24e-02
1.29055e+00 1.22e-02
1.29086e+00 1.22e-02
1.29116e+00 1.23e-02
1.29146e+00 1.24e-02
1.29176e+00 1.24e-02
1.29193e+00 1.24e-02
1.29223e+00 1.24e-02
1.29253e+00 1.24e-02
1.29283e+00 1.25e-02
1.29297e+00 1.25e-02
1.29327e+00 1.24e-02
1.29344e+00 1.25e-02
1.29358e+00 1.25e-02
1.29374e+00 1.25e-02
1.29478e+00 1.26e-02
1.29659e+00 1.26e-02
1.29689e+00 1.27e-02
1.29703e+00 1.26e-02
1.29719e+00 1.25e-02
1.29733e+00 1.25e-02
1.29763e+00 1.25e-02
1.29779e+00 1.25e-02
1.29793e+00 1.25e-02
1.29809e+00 1.25e-02
1.29823e+00 1.25e-02
1.29929e+00 1.26e-02
1.29959e+00 1.25e-02
1.29973e+00 1.25e-02
1.29989e+00 1.25e-02
1.30003e+00 1.25e-02
1.30019e+00 1.26e-02
1.30123e+00 1.26e-02
1.30362e+00 1.26e-02
1.30375e+00 1.25e-02
1.30392e+00 1.25e-02
1.30465e+00 1.25e-02
1.30495e+00 1.25e-02
1.30511e+00 1.25e-02
1.30525e+00 1.25e-02
1.30541e+00 1.24e-02
1.30571e+00 1.25e-02
1.30584e+00 1.25e-02
1.30779e+00 1.24e-02
1.30793e+00 1.23e-02
1.30809e+00 1.24e-02
1.30822e+00 1.24e-02
1.30925e+00 1.24e-02
1.30941e+00 1.24e-02
1.30955e+00 1.23e-02
1.30971e+00 1.23e-02
1.30985e+00 1.23e-02
1.31001e+00 1.22e-02
1.31014e+00 1.22e-02
1.31044e+00 1.23e-02
1.31074e+00 1.23e-02
1.31090e+00 1.23e-02
1.31103e+00 1.23e-02
1.31119e+00 1.24e-02
1.31133e+00 1.24e-02
1.31149e+00 1.24e-02
1.31162e+00 1.22e-02
1.31179e+00 1.18e-02
1.31192e+00 1.18e-02
1.31222e+00 1.18e-02
1.31251e+00 1.19e-02
1.31267e+00 1.19e-02
1.31281e+00 1.19e-02
1.31297e+00 1.18e-02
1.31311e+00 1.19e-02
1.31340e+00 1.19e-02
1.31356e+00 1.19e-02
1.31386e+00 1.19e-02
1.31415e+00 1.19e-02
1.31445e+00 1.19e-02
1.31474e+00 1.19e-02
1.31488e+00 1.18e-02
1.31504e+00 1.19e-02
1.31517e+00 1.19e-02
1.31531e+00 1.20e-02
1.31547e+00 1.17e-02
1.31560e+00 1.17e-02
1.31590e+00 1.17e-02
1.31619e+00 1.17e-02
1.31635e+00 1.17e-02
1.31649e+00 1.17e-02
1.31665e+00 1.16e-02
1.31678e+00 1.17e-02
1.31694e+00 1.17e-02
1.31708e+00 1.16e-02
1.31724e+00 1.16e-02
1.31783e+00 1.16e-02
1.31812e+00 1.15e-02
1.31842e+00 1.15e-02
1.31871e+00 1.15e-02
1.31901e+00 1.15e-02
1.31930e+00 1.15e-02
1.31959e+00 1.15e-02
1.31989e+00 1.14e-02
1.32018e+00 1.14e-02
1.32048e+00 1.14e-02
1.32077e+00 1.14e-02
1.32106e+00 1.14e-02
1.32133e+00 1.14e-02
1.32149e+00 1.14e-02
1.32162e+00 1.14e-02
1.32192e+00 1.13e-02
1.32221e+00 1.13e-02
1.32237e+00 1.13e-02
1.32250e+00 1.13e-02
1.32266e+00 1.13e-02
1.32280e+00 1.13e-02
1.32296e+00 1.13e-02
1.32309e+00 1.13e-02
1.32338e+00 1.13e-02
1.32354e+00 1.13e-02
1.32367e+00 1.14e-02
1.32383e+00 1.14e-02
1.32397e+00 1.14e-02
1.32413e+00 1.09e-02
1.32426e+00 1.09e-02
1.32455e+00 1.10e-02
1.32471e+00 1.10e-02
1.32484e+00 1.10e-02
1.32500e+00 1.10e-02
1.32514e+00 1.10e-02
1.32530e+00 1.10e-02
1.32588e+00 1.10e-02
1.32601e+00 1.11e-02
1.32617e+00 1.11e-02
1.32631e+00 1.08e-02
1.32646e+00 1.09e-02
1.32660e+00 1.10e-02
1.32676e+00 1.10e-02
1.32689e+00 1.10e-02
1.32705e+00 1.10e-02
1.32848e+00 1.09e-02
1.32864e+00 1.09e-02
1.32877e+00 1.09e-02
1.32893e+00 1.09e-02
1.32906e+00 1.09e-02
1.33081e+00 1.09e-02
1.33097e+00 1.09e-02
1.33126e+00 1.09e-02
1.33139e+00 1.09e-02
1.33155e+00 1.10e-02
1.33168e+00 1.11e-02
1.33184e+00 1.10e-02
1.33197e+00 1.06e-02
1.33213e+00 1.07e-02
1.33226e+00 1.07e-02
1.33242e+00 1.08e-02
1.33255e+00 1.08e-02
1.33271e+00 1.08e-02
1.33300e+00 1.08e-02
1.33313e+00 1.08e-02
1.33329e+00 1.09e-02
1.33342e+00 1.07e-02
1.33358e+00 1.08e-02
1.33371e+00 1.08e-02
1.33545e+00 1.08e-02
1.33632e+00 1.09e-02
1.33645e+00 1.09e-02
1.33674e+00 1.09e-02
1.33689e+00 1.09e-02
1.33703e+00 1.10e-02
1.33718e+00 1.07e-02
1.33747e+00 1.08e-02
1.33760e+00 1.08e-02
1.33789e+00 1.08e-02
1.33805e+00 1.09e-02
1.33818e+00 1.07e-02
1.33834e+00 1.08e-02
1.33847e+00 1.08e-02
1.33876e+00 1.08e-02
1.33905e+00 1.09e-02
1.33933e+00 1.09e-02
1.33962e+00 1.09e-02
1.33991e+00 1.09e-02
1.34020e+00 1.09e-02
1.34036e+00 1.09e-02
1.34049e+00 1.10e-02
1.34064e+00 1.10e-02
1.34077e+00 1.11e-02
1.34093e+00 1.08e-02
1.34106e+00 1.09e-02
1.34122e+00 1.09e-02
1.34135e+00 1.09e-02
1.34151e+00 1.10e-02
1.34680e+00 1.11e-02
1.34794e+00 1.11e-02
1.34880e+00 1.11e-02
1.34966e+00 1.11e-02
1.34994e+00 1.10e-02
1.35036e+00 1.10e-02
1.35080e+00 1.10e-02
1.35108e+00 1.10e-02
1.35137e+00 1.10e-02
1.35165e+00 1.09e-02
1.35194e+00 1.09e-02
1.35222e+00 1.09e-02
1.35250e+00 1.09e-02
1.35279e+00 1.09e-02
1.35307e+00 1.08e-02
1.35336e+00 1.08e-02
1.35364e+00 1.08e-02
1.35393e+00 1.08e-02
1.35421e+00 1.07e-02
1.35449e+00 1.07e-02
1.35478e+00 1.07e-02
1.35506e+00 1.07e-02
1.35535e+00 1.06e-02
1.35563e+00 1.06e-02
1.35591e+00 1.06e-02
1.35620e+00 1.06e-02
1.35648e+00 1.05e-02
1.35676e+00 1.05e-02
1.35705e+00 1.05e-02
1.35733e+00 1.05e-02
1.35761e+00 1.04e-02
1.35789e+00 1.04e-02
1.35818e+00 1.04e-02
1.35846e+00 1.04e-02
1.35874e+00 1.03e-02
1.35903e+00 1.03e-02
1.35931e+00 1.03e-02
1.35959e+00 1.03e-02
1.35987e+00 1.02e-02
1.36016e+00 1.02e-02
1.36044e+00 1.02e-02
1.36072e+00 1.02e-02
1.36100e+00 1.02e-02
1.36128e+00 1.01e-02
1.36157e+00 1.01e-02
1.36185e+00 1.01e-02
1.36213e+00 1.01e-02
1.36241e+00 1.01e-02
1.36269e+00 1.01e-02
1.36425e+00 1.00e-02
1.36607e+00 9.99e-03
1.36706e+00 9.99e-03
1.36818e+00 1.00e-02
1.36846e+00 1.00e-02
1.36874e+00 1.00e-02
1.36902e+00 1.01e-02
1.36930e+00 1.01e-02
1.36958e+00 1.01e-02
1.36986e+00 1.01e-02
1.37014e+00 1.01e-02
1.37042e+00 1.01e-02
1.37070e+00 1.01e-02
1.37098e+00 1.02e-02
1.37126e+00 1.02e-02
1.37154e+00 1.02e-02
1.37182e+00 1.02e-02
1.37209e+00 1.02e-02
1.37237e+00 1.03e-02
1.37265e+00 1.03e-02
1.37293e+00 1.03e-02
1.37321e+00 1.03e-02
1.37349e+00 1.03e-02
1.37377e+00 1.03e-02
1.37404e+00 1.04e-02
1.37435e+00 1.04e-02
1.37463e+00 1.04e-02
1.37490e+00 1.04e-02
1.37518e+00 1.04e-02
1.37546e+00 1.04e-02
1.37587e+00 1.05e-02
1.37713e+00 1.05e-02
1.37783e+00 1.05e-02
1.37839e+00 1.04e-02
1.37867e+00 1.04e-02
1.37894e+00 1.04e-02
1.37922e+00 1.04e-02
1.37950e+00 1.04e-02
1.37977e+00 1.04e-02
1.38005e+00 1.04e-02
1.38033e+00 1.03e-02
1.38060e+00 1.03e-02
1.38088e+00 1.03e-02
1.38116e+00 1.03e-02
1.38143e+00 1.02e-02
1.38171e+00 1.02e-02
1.38199e+00 1.02e-02
1.38226e+00 1.02e-02
1.38254e+00 1.02e-02
1.38281e+00 1.01e-02
1.38309e+00 1.01e-02
1.38337e+00 1.01e-02
1.38367e+00 1.01e-02
1.38394e+00 1.01e-02
1.38422e+00 1.01e-02
1.38434e+00 1.00e-02
1.38462e+00 1.00e-02
1.38489e+00 1.00e-02
1.38517e+00 1.00e-02
1.38614e+00 9.98e-03
1.38712e+00 9.98e-03
1.38794e+00 9.99e-03
1.38822e+00 1.00e-02
1.38849e+00 1.00e-02
1.38877e+00 1.00e-02
1.38904e+00 1.01e-02
1.38931e+00 1.01e-02
1.38959e+00 1.01e-02
1.38986e+00 1.01e-02
1.39016e+00 1.02e-02
1.39044e+00 1.02e-02
1.39071e+00 1.02e-02
1.39098e+00 1.03e-02
1.39126e+00 1.03e-02
1.39153e+00 1.03e-02
1.39180e+00 1.04e-02
1.39208e+00 1.04e-02
1.39235e+00 1.05e-02
1.39262e+00 1.05e-02
1.39290e+00 1.05e-02
1.39317e+00 1.06e-02
1.39344e+00 1.06e-02
1.39374e+00 1.07e-02
1.39401e+00 1.07e-02
1.39429e+00 1.07e-02
1.39456e+00 1.08e-02
1.39483e+00 1.08e-02
1.39511e+00 1.08e-02
1.39538e+00 1.08e-02
1.39634e+00 1.09e-02
1.39689e+00 1.09e-02
1.39716e+00 1.09e-02
1.39743e+00 1.08e-02
1.39770e+00 1.08e-02
1.39798e+00 1.08e-02
1.39825e+00 1.08e-02
1.39854e+00 1.07e-02
1.39882e+00 1.07e-02
1.39909e+00 1.07e-02
1.39936e+00 1.06e-02
1.39963e+00 1.06e-02
1.39990e+00 1.06e-02
1.40017e+00 1.05e-02
1.40044e+00 1.05e-02
1.40071e+00 1.05e-02
1.40099e+00 1.04e-02
1.40128e+00 1.04e-02
1.40155e+00 1.04e-02
1.40182e+00 1.03e-02
1.40209e+00 1.03e-02
1.40222e+00 1.03e-02
1.40236e+00 1.03e-02
1.40264e+00 1.03e-02
1.40291e+00 1.02e-02
1.40318e+00 1.02e-02
1.40345e+00 1.02e-02
1.40374e+00 1.02e-02
1.40401e+00 1.02e-02
1.40428e+00 1.02e-02
1.40455e+00 1.01e-02
1.40467e+00 1.01e-02
1.40524e+00 1.01e-02
1.40551e+00 1.02e-02
1.40563e+00 1.02e-02
1.40632e+00 1.02e-02
1.40781e+00 1.02e-02
1.40808e+00 1.02e-02
1.40837e+00 1.01e-02
1.40864e+00 1.01e-02
1.40891e+00 1.01e-02
1.40918e+00 1.00e-02
1.40945e+00 9.99e-03
1.40972e+00 9.93e-03
1.40986e+00 1.29e-02
1.41013e+00 1.28e-02
1.41040e+00 1.27e-02
1.41067e+00 1.26e-02
1.41094e+00 1.26e-02
1.41121e+00 1.25e-02
1.41150e+00 1.24e-02
1.41177e+00 1.23e-02
1.41204e+00 1.21e-02
1.41230e+00 1.20e-02
1.41257e+00 1.19e-02
1.41284e+00 1.18e-02
1.41311e+00 1.17e-02
1.41340e+00 1.16e-02
1.41367e+00 1.15e-02
1.41393e+00 1.15e-02
1.41420e+00 1.14e-02
1.41447e+00 1.13e-02
1.41474e+00 1.12e-02
1.41500e+00 1.11e-02
1.41529e+00 1.10e-02
1.41556e+00 1.09e-02
1.41583e+00 1.09e-02
1.41610e+00 1.08e-02
1.41636e+00 1.07e-02
1.41663e+00 1.07e-02
1.41690e+00 1.06e-02
1.41719e+00 1.06e-02
1.41745e+00 1.05e-02
1.41757e+00 1.05e-02
1.41784e+00 1.04e-02
1.41799e+00 1.04e-02
1.41813e+00 1.04e-02
1.41840e+00 1.03e-02
1.41866e+00 1.02e-02
1.41893e+00 1.02e-02
1.41920e+00 1.01e-02
1.41946e+00 1.01e-02
1.41975e+00 1.00e-02
1.42002e+00 1.00e-02
1.42029e+00 9.97e-03
1.42055e+00 9.92e-03
1.42082e+00 9.89e-03
1.42108e+00 9.85e-03
1.42137e+00 9.82e-03
1.42164e+00 9.78e-03
1.42190e+00 9.74e-03
1.42217e+00 9.71e-03
1.42243e+00 9.68e-03
1.42272e+00 9.64e-03
1.42299e+00 9.61e-03
1.42325e+00 9.58e-03
1.42352e+00 9.55e-03
1.42378e+00 9.52e-03
1.42405e+00 9.49e-03
1.42434e+00 9.46e-03
1.42460e+00 9.43e-03
1.42487e+00 9.40e-03
1.42513e+00 9.38e-03
1.42539e+00 9.35e-03
1.42568e+00 9.33e-03
1.42595e+00 9.30e-03
1.42621e+00 9.27e-03
1.42648e+00 9.25e-03
1.42674e+00 9.22e-03
1.42700e+00 9.20e-03
1.42729e+00 9.18e-03
1.42756e+00 9.16e-03
1.42768e+00 9.14e-03
1.42796e+00 9.12e-03
1.42823e+00 9.10e-03
1.42849e+00 9.07e-03
1.42876e+00 9.06e-03
1.42890e+00 9.05e-03
1.42902e+00 9.06e-03
1.42916e+00 9.04e-03
1.42931e+00 9.02e-03
1.42957e+00 9.00e-03
1.42983e+00 8.98e-03
1.43010e+00 8.96e-03
1.43038e+00 8.94e-03
1.43065e+00 8.92e-03
1.43091e+00 8.90e-03
1.43117e+00 8.88e-03
1.43144e+00 8.86e-03
1.43172e+00 8.85e-03
1.43198e+00 8.83e-03
1.43225e+00 8.81e-03
1.43251e+00 8.79e-03
1.43277e+00 8.78e-03
1.43306e+00 8.76e-03
1.43332e+00 8.75e-03
1.43358e+00 8.74e-03
1.43385e+00 8.73e-03
1.43413e+00 8.70e-03
1.43439e+00 8.69e-03
1.43466e+00 8.67e-03
1.43492e+00 8.66e-03
1.43518e+00 8.64e-03
1.43573e+00 8.62e-03
1.43625e+00 8.58e-03
1.43654e+00 8.57e-03
1.43680e+00 8.56e-03
1.43706e+00 8.54e-03
1.43732e+00 8.54e-03
1.43761e+00 8.53e-03
1.43772e+00 8.52e-03
1.43799e+00 8.49e-03
1.43827e+00 8.47e-03
1.43853e+00 8.45e-03
1.43879e+00 8.43e-03
1.43905e+00 8.42e-03
1.43934e+00 8.41e-03
1.43960e+00 8.40e-03
1.43986e+00 8.39e-03
1.44012e+00 8.38e-03
1.44040e+00 8.38e-03
1.44052e+00 8.36e-03
1.44066e+00 8.36e-03
1.44081e+00 8.38e-03
1.44092e+00 8.34e-03
1.44118e+00 8.33e-03
1.44147e+00 8.32e-03
1.44173e+00 8.30e-03
1.44199e+00 8.29e-03
1.44225e+00 8.28e-03
1.44253e+00 8.27e-03
1.44279e+00 8.26e-03
1.44305e+00 8.24e-03
1.44331e+00 8.23e-03
1.44360e+00 8.22e-03
1.44386e+00 8.21e-03
1.44400e+00 8.20e-03
1.44412e+00 8.22e-03
1.44426e+00 8.20e-03
1.44440e+00 8.18e-03
1.44466e+00 8.17e-03
1.44492e+00 8.16e-03
1.44518e+00 8.15e-03
1.44546e+00 8.13e-03
1.44572e+00 8.12e-03
1.44598e+00 8.11e-03
1.44626e+00 8.10e-03
1.44652e+00 8.08e-03
1.44678e+00 8.08e-03
1.44692e+00 8.07e-03
1.44704e+00 8.07e-03
1.44732e+00 8.06e-03
1.44772e+00 8.04e-03
1.44798e+00 8.03e-03
1.44809e+00 8.05e-03
1.44824e+00 8.02e-03
1.44849e+00 8.01e-03
1.44878e+00 7.99e-03
1.44903e+00 7.98e-03
1.44918e+00 7.98e-03
1.44929e+00 7.99e-03
1.44957e+00 7.97e-03
1.44969e+00 7.96e-03
1.44997e+00 7.95e-03
1.45009e+00 7.95e-03
1.45023e+00 7.95e-03
1.45037e+00 7.94e-03
1.45049e+00 7.93e-03
1.45075e+00 7.91e-03
1.45103e+00 7.90e-03
1.45129e+00 7.89e-03
1.45154e+00 7.89e-03
1.45182e+00 7.88e-03
1.45208e+00 7.87e-03
1.45234e+00 7.86e-03
1.45262e+00 7.85e-03
1.45288e+00 7.85e-03
1.45313e+00 7.83e-03
1.45342e+00 7.82e-03
1.45367e+00 7.81e-03
1.45433e+00 7.79e-03
1.45447e+00 7.80e-03
1.45458e+00 7.79e-03
1.45472e+00 7.78e-03
1.45498e+00 7.76e-03
1.45526e+00 7.75e-03
1.45552e+00 7.74e-03
1.45617e+00 7.72e-03
1.45631e+00 7.73e-03
1.45645e+00 7.71e-03
1.45657e+00 7.71e-03
1.45671e+00 7.72e-03
1.45685e+00 7.70e-03
1.45750e+00 7.68e-03
1.45764e+00 7.69e-03
1.45789e+00 7.67e-03
1.45815e+00 7.66e-03
1.45843e+00 7.65e-03
1.45868e+00 7.64e-03
1.45896e+00 7.63e-03
1.45922e+00 7.63e-03
1.45948e+00 7.62e-03
1.45975e+00 7.61e-03
1.46001e+00 7.60e-03
1.46026e+00 7.59e-03
1.46054e+00 7.58e-03
1.46133e+00 7.56e-03
1.46159e+00 7.55e-03
1.46173e+00 7.55e-03
1.46184e+00 7.54e-03
1.46212e+00 7.53e-03
1.46291e+00 7.51e-03
1.46395e+00 7.48e-03
1.46423e+00 7.47e-03
1.46448e+00 7.46e-03
1.46474e+00 7.45e-03
1.46698e+00 7.40e-03
1.46737e+00 7.40e-03
1.46764e+00 7.38e-03
1.46776e+00 7.37e-03
1.46804e+00 7.36e-03
1.46843e+00 7.35e-03
1.46857e+00 7.36e-03
1.46868e+00 7.34e-03
1.46896e+00 7.33e-03
1.46921e+00 7.33e-03
1.46949e+00 7.32e-03
1.46974e+00 7.31e-03
1.46999e+00 7.30e-03
1.47027e+00 7.29e-03
1.47052e+00 7.29e-03
1.47080e+00 7.28e-03
1.47105e+00 7.27e-03
1.47130e+00 7.26e-03
1.47158e+00 7.26e-03
1.47171e+00 7.28e-03
1.47183e+00 7.26e-03
1.47211e+00 7.25e-03
1.47236e+00 7.24e-03
1.47249e+00 7.25e-03
1.47261e+00 7.24e-03
1.47275e+00 7.23e-03
1.47302e+00 7.22e-03
1.47419e+00 7.19e-03
1.47447e+00 7.18e-03
1.47458e+00 7.18e-03
1.47472e+00 7.20e-03
1.47485e+00 7.17e-03
1.47668e+00 7.12e-03
1.47890e+00 7.07e-03
1.47969e+00 7.05e-03
1.47981e+00 7.06e-03
1.47994e+00 7.05e-03
1.48008e+00 7.04e-03
1.48033e+00 7.03e-03
1.48060e+00 7.03e-03
1.48085e+00 7.02e-03
1.48204e+00 6.99e-03
1.48217e+00 7.01e-03
1.48242e+00 7.11e-03
1.48269e+00 7.22e-03
1.48281e+00 7.28e-03
1.48294e+00 7.29e-03
1.48322e+00 7.19e-03
1.48347e+00 7.09e-03
1.48372e+00 6.98e-03
1.48385e+00 6.96e-03
1.48412e+00 6.95e-03
1.48437e+00 6.94e-03
1.48451e+00 6.94e-03
1.48476e+00 6.94e-03
1.48489e+00 6.92e-03
1.48517e+00 6.91e-03
1.48763e+00 6.85e-03
1.48802e+00 6.85e-03
1.48815e+00 6.86e-03
1.48829e+00 6.86e-03
1.48842e+00 6.84e-03
1.48854e+00 6.83e-03
1.49180e+00 6.76e-03
1.49205e+00 6.76e-03
1.49232e+00 6.75e-03
1.49815e+00 6.64e-03
1.49944e+00 6.62e-03
1.49971e+00 6.63e-03
1.49985e+00 6.63e-03
1.49996e+00 6.62e-03
1.50114e+00 6.61e-03
1.50294e+00 6.61e-03
1.50670e+00 6.62e-03
1.50694e+00 6.64e-03
1.50707e+00 6.61e-03
1.50811e+00 6.60e-03
1.50862e+00 6.58e-03
1.50889e+00 6.57e-03
1.50915e+00 6.57e-03
1.50940e+00 6.56e-03
1.50966e+00 6.55e-03
1.50993e+00 6.54e-03
1.51017e+00 6.53e-03
1.51043e+00 6.52e-03
1.51070e+00 6.51e-03
1.51094e+00 6.50e-03
1.51121e+00 6.49e-03
1.51134e+00 6.49e-03
1.51147e+00 6.49e-03
1.51160e+00 6.50e-03
1.51174e+00 6.47e-03
1.51198e+00 6.46e-03
1.51224e+00 6.45e-03
1.51251e+00 6.44e-03
1.51275e+00 6.44e-03
1.51302e+00 6.43e-03
1.51328e+00 6.42e-03
1.51352e+00 6.42e-03
1.51379e+00 6.41e-03
1.51405e+00 6.40e-03
1.51431e+00 6.39e-03
1.51456e+00 6.38e-03
1.51482e+00 6.37e-03
1.51495e+00 6.38e-03
1.51508e+00 6.37e-03
1.51535e+00 6.36e-03
1.51958e+00 6.27e-03
1.52229e+00 6.22e-03
1.52716e+00 6.15e-03
1.52857e+00 6.13e-03
1.53282e+00 6.08e-03
1.53295e+00 6.08e-03
1.53308e+00 6.08e-03
1.53359e+00 6.07e-03
1.53385e+00 6.07e-03
1.53448e+00 6.05e-03
1.53642e+00 6.04e-03
1.53717e+00 6.04e-03
1.53730e+00 6.05e-03
1.53756e+00 6.08e-03
1.53781e+00 6.08e-03
1.53794e+00 6.09e-03
1.53820e+00 6.04e-03
1.53833e+00 6.02e-03
1.53974e+00 6.00e-03
1.54191e+00 5.99e-03
1.54358e+00 5.98e-03
1.54447e+00 5.98e-03
1.54588e+00 6.00e-03
1.54690e+00 6.02e-03
1.54716e+00 6.03e-03
1.54741e+00 6.04e-03
1.54767e+00 6.04e-03
1.54792e+00 6.05e-03
1.54882e+00 6.06e-03
1.54894e+00 6.05e-03
1.54920e+00 6.04e-03
1.54945e+00 6.03e-03
1.54971e+00 6.02e-03
1.54996e+00 6.01e-03
1.55022e+00 6.00e-03
1.55060e+00 5.99e-03
1.55085e+00 5.99e-03
1.55098e+00 5.98e-03
1.55111e+00 5.98e-03
1.55126e+00 6.00e-03
1.55138e+00 6.00e-03
1.55151e+00 5.97e-03
1.55177e+00 5.96e-03
1.55215e+00 5.95e-03
1.55304e+00 5.94e-03
1.55405e+00 5.94e-03
1.55418e+00 5.94e-03
1.55431e+00 5.95e-03
1.55443e+00 5.94e-03
1.55559e+00 5.94e-03
1.55572e+00 5.94e-03
1.55585e+00 5.94e-03
1.55673e+00 5.94e-03
1.55686e+00 5.94e-03
1.55699e+00 5.94e-03
1.55802e+00 5.93e-03
1.55814e+00 5.93e-03
1.55827e+00 5.93e-03
1.55903e+00 5.93e-03
1.55918e+00 5.93e-03
1.55955e+00 5.93e-03
1.56069e+00 5.93e-03
1.56096e+00 5.94e-03
1.56109e+00 5.94e-03
1.56121e+00 5.94e-03
1.56134e+00 5.93e-03
1.56147e+00 5.93e-03
1.56222e+00 5.93e-03
1.56235e+00 5.93e-03
1.56249e+00 5.95e-03
1.56262e+00 5.96e-03
1.56287e+00 5.94e-03
1.56300e+00 5.93e-03
1.56325e+00 5.93e-03
1.56337e+00 5.93e-03
1.56427e+00 5.93e-03
1.56440e+00 5.94e-03
1.56567e+00 5.96e-03
1.56592e+00 5.96e-03
1.56618e+00 5.97e-03
1.56645e+00 5.97e-03
1.56670e+00 5.98e-03
1.56695e+00 5.99e-03
1.56720e+00 6.00e-03
1.56732e+00 6.01e-03
1.56745e+00 6.01e-03
1.56772e+00 6.04e-03
1.56784e+00 6.05e-03
1.56809e+00 6.07e-03
1.56835e+00 6.08e-03
1.56847e+00 6.08e-03
1.56874e+00 6.08e-03
1.56887e+00 6.07e-03
1.56912e+00 6.05e-03
1.56937e+00 6.04e-03
1.56964e+00 6.03e-03
1.57001e+00 6.02e-03
1.57066e+00 6.00e-03
1.57128e+00 6.00e-03
1.57140e+00 6.02e-03
1.57155e+00 6.00e-03
1.57294e+00 6.02e-03
1.57447e+00 6.03e-03
1.57485e+00 6.03e-03
1.57512e+00 6.05e-03
1.57524e+00 6.06e-03
1.57536e+00 6.04e-03
1.57549e+00 6.04e-03
1.57574e+00 6.04e-03
1.57601e+00 6.05e-03
1.57613e+00 6.13e-03
1.57625e+00 6.10e-03
1.57638e+00 6.05e-03
1.57650e+00 6.05e-03
1.57677e+00 6.07e-03
1.57689e+00 6.06e-03
1.57791e+00 6.07e-03
1.57817e+00 6.08e-03
1.57830e+00 6.09e-03
1.57842e+00 6.10e-03
1.57855e+00 6.11e-03
1.57867e+00 6.16e-03
1.57881e+00 6.12e-03
1.57894e+00 6.12e-03
1.57918e+00 6.14e-03
1.57931e+00 6.17e-03
1.57943e+00 6.17e-03
1.57958e+00 6.18e-03
1.57970e+00 6.19e-03
1.57982e+00 6.19e-03
1.57995e+00 6.18e-03
1.58022e+00 6.15e-03
1.58034e+00 6.14e-03
1.58046e+00 6.14e-03
1.58059e+00 6.13e-03
1.58174e+00 6.12e-03
1.58225e+00 6.12e-03
1.58237e+00 6.13e-03
1.58262e+00 6.12e-03
1.58277e+00 6.12e-03
1.58301e+00 6.12e-03
1.58314e+00 6.14e-03
1.58326e+00 6.12e-03
1.58416e+00 6.12e-03
1.58428e+00 6.17e-03
1.58441e+00 6.26e-03
1.58453e+00 6.12e-03
1.58480e+00 6.12e-03
1.58492e+00 6.13e-03
1.58543e+00 6.14e-03
1.58582e+00 6.14e-03
1.58594e+00 6.15e-03
1.58607e+00 6.16e-03
1.58619e+00 6.18e-03
1.58646e+00 6.22e-03
1.58658e+00 6.23e-03
1.58670e+00 6.22e-03
1.58697e+00 6.18e-03
1.58709e+00 6.16e-03
1.58721e+00 6.14e-03
1.58748e+00 6.14e-03
1.58785e+00 6.13e-03
1.58913e+00 6.12e-03
1.58926e+00 6.15e-03
1.58938e+00 6.12e-03
1.58950e+00 6.12e-03
1.58964e+00 6.13e-03
1.58977e+00 6.12e-03
1.58989e+00 6.12e-03
1.59001e+00 6.12e-03
1.59028e+00 6.13e-03
1.59040e+00 6.13e-03
1.59079e+00 6.14e-03
1.59091e+00 6.16e-03
1.59103e+00 6.19e-03
1.59117e+00 6.21e-03
1.59129e+00 6.19e-03
1.59142e+00 6.17e-03
1.59154e+00 6.14e-03
1.59180e+00 6.11e-03
1.59207e+00 6.10e-03
1.59219e+00 6.10e-03
1.59308e+00 6.09e-03
1.59321e+00 6.09e-03
1.59359e+00 6.09e-03
1.59371e+00 6.10e-03
1.59384e+00 6.08e-03
1.59398e+00 6.09e-03
1.59410e+00 6.10e-03
1.59422e+00 6.14e-03
1.59434e+00 6.16e-03
1.59449e+00 6.13e-03
1.59461e+00 6.09e-03
1.59473e+00 6.07e-03
1.59499e+00 6.06e-03
1.59524e+00 6.05e-03
1.59550e+00 6.04e-03
1.59562e+00 6.04e-03
1.59574e+00 6.04e-03
1.59589e+00 6.04e-03
1.59690e+00 6.02e-03
1.59741e+00 6.01e-03
1.59755e+00 6.02e-03
1.59779e+00 6.01e-03
1.59805e+00 6.00e-03
1.59830e+00 5.99e-03
1.59844e+00 5.99e-03
1.59882e+00 5.99e-03
1.59894e+00 5.99e-03
1.59919e+00 5.98e-03
1.59945e+00 5.97e-03
1.59957e+00 5.97e-03
1.60009e+00 5.96e-03
1.60034e+00 5.95e-03
1.60048e+00 5.94e-03
1.60098e+00 5.94e-03
1.60124e+00 5.93e-03
1.60149e+00 5.92e-03
1.60175e+00 5.91e-03
1.60199e+00 5.91e-03
1.60225e+00 5.90e-03
1.60251e+00 5.89e-03
1.60276e+00 5.89e-03
1.60302e+00 5.88e-03
1.60328e+00 5.87e-03
1.60352e+00 5.86e-03
1.60378e+00 5.86e-03
1.60404e+00 5.85e-03
1.60428e+00 5.84e-03
1.60455e+00 5.84e-03
1.60481e+00 5.83e-03
1.60507e+00 5.82e-03
1.60531e+00 5.81e-03
1.60557e+00 5.81e-03
1.60583e+00 5.80e-03
1.60607e+00 5.79e-03
1.60633e+00 5.79e-03
1.60659e+00 5.78e-03
1.60685e+00 5.77e-03
1.60710e+00 5.77e-03
1.60736e+00 5.76e-03
1.60762e+00 5.76e-03
1.60786e+00 5.74e-03
1.60812e+00 5.73e-03
1.60838e+00 5.72e-03
1.60864e+00 5.71e-03
1.60888e+00 5.70e-03
1.60914e+00 5.69e-03
1.60940e+00 5.69e-03
1.60966e+00 5.68e-03
1.60990e+00 5.67e-03
1.61016e+00 5.67e-03
1.61042e+00 5.66e-03
1.61068e+00 5.65e-03
1.61094e+00 5.64e-03
1.61118e+00 5.64e-03
1.61144e+00 5.63e-03
1.61170e+00 5.62e-03
1.61195e+00 5.62e-03
1.61219e+00 5.61e-03
1.61245e+00 5.60e-03
1.61271e+00 5.59e-03
1.61297e+00 5.59e-03
1.61323e+00 5.58e-03
1.61347e+00 5.57e-03
1.61373e+00 5.57e-03
1.61399e+00 5.56e-03
1.61425e+00 5.55e-03
1.61451e+00 5.55e-03
1.61476e+00 5.54e-03
1.61500e+00 5.53e-03
1.61526e+00 5.53e-03
1.61552e+00 5.52e-03
1.61578e+00 5.51e-03
1.61604e+00 5.51e-03
1.61629e+00 5.50e-03
1.61655e+00 5.50e-03
1.61679e+00 5.49e-03
1.61705e+00 5.48e-03
1.61731e+00 5.48e-03
1.61756e+00 5.47e-03
1.61782e+00 5.46e-03
1.61808e+00 5.46e-03
1.61834e+00 5.45e-03
1.61860e+00 5.45e-03
1.61883e+00 5.44e-03
1.61909e+00 5.43e-03
1.61935e+00 5.43e-03
1.61961e+00 5.42e-03
1.61986e+00 5.41e-03
1.62012e+00 5.41e-03
1.62038e+00 5.40e-03
1.62063e+00 5.40e-03
1.62089e+00 5.39e-03
1.62115e+00 5.39e-03
1.62141e+00 5.38e-03
1.62164e+00 5.38e-03
1.62190e+00 5.37e-03
1.62216e+00 5.37e-03
1.62241e+00 5.36e-03
1.62267e+00 5.35e-03
1.62293e+00 5.35e-03
1.62318e+00 5.34e-03
1.62344e+00 5.34e-03
1.62370e+00 5.33e-03
1.62395e+00 5.33e-03
1.62421e+00 5.32e-03
1.62818e+00 5.25e-03
1.62932e+00 5.23e-03
1.62946e+00 5.23e-03
1.62971e+00 5.22e-03
1.62997e+00 5.21e-03
1.63008e+00 5.20e-03
1.63098e+00 5.20e-03
1.63188e+00 5.20e-03
1.63214e+00 5.19e-03
1.63239e+00 5.18e-03
1.63253e+00 5.18e-03
1.63343e+00 5.16e-03
1.63894e+00 5.12e-03
1.64111e+00 5.11e-03
1.64150e+00 5.11e-03
1.64264e+00 5.12e-03
1.64355e+00 5.12e-03
1.64432e+00 5.13e-03
1.64457e+00 5.13e-03
1.64471e+00 5.14e-03
1.64482e+00 5.14e-03
1.64496e+00 5.14e-03
1.64521e+00 5.15e-03
1.64548e+00 5.14e-03
1.64573e+00 5.13e-03
1.64598e+00 5.11e-03
1.64625e+00 5.10e-03
1.64650e+00 5.10e-03
1.64675e+00 5.09e-03
1.64752e+00 5.09e-03
1.64791e+00 5.09e-03
1.64818e+00 5.10e-03
1.64843e+00 5.11e-03
1.64868e+00 5.12e-03
1.64895e+00 5.14e-03
1.64920e+00 5.16e-03
1.64933e+00 5.16e-03
1.64958e+00 5.14e-03
1.64985e+00 5.12e-03
1.65010e+00 5.10e-03
1.65023e+00 5.09e-03
1.65125e+00 5.08e-03
1.65139e+00 5.09e-03
1.65163e+00 5.19e-03
1.65177e+00 5.25e-03
1.65190e+00 5.21e-03
1.65215e+00 5.10e-03
1.65229e+00 5.08e-03
1.65590e+00 5.09e-03
1.65666e+00 5.09e-03
1.65693e+00 5.10e-03
1.65705e+00 5.11e-03
1.65783e+00 5.11e-03
1.65796e+00 5.12e-03
1.65834e+00 5.11e-03
1.65988e+00 5.12e-03
1.66040e+00 5.13e-03
1.66233e+00 5.16e-03
1.66311e+00 5.16e-03
1.66338e+00 5.16e-03
1.66351e+00 5.18e-03
1.66362e+00 5.18e-03
1.66376e+00 5.19e-03
1.66389e+00 5.19e-03
1.66415e+00 5.16e-03
1.66429e+00 5.15e-03
1.66466e+00 5.16e-03
1.66480e+00 5.16e-03
1.66493e+00 5.18e-03
1.66506e+00 5.17e-03
1.66518e+00 5.16e-03
1.66570e+00 5.16e-03
1.66622e+00 5.17e-03
1.66686e+00 5.18e-03
1.66776e+00 5.18e-03
1.66984e+00 5.18e-03
1.67100e+00 5.20e-03
1.67113e+00 5.20e-03
1.67140e+00 5.19e-03
1.67153e+00 5.19e-03
1.67320e+00 5.18e-03
1.67360e+00 5.18e-03
1.67373e+00 5.18e-03
1.67386e+00 5.19e-03
1.67399e+00 5.19e-03
1.67412e+00 5.18e-03
1.67425e+00 5.16e-03
1.67438e+00 5.16e-03
1.67450e+00 5.17e-03
1.67463e+00 5.17e-03
1.67489e+00 5.16e-03
1.67515e+00 5.15e-03
1.67541e+00 5.15e-03
1.67607e+00 5.14e-03
1.67620e+00 5.15e-03
1.67736e+00 5.13e-03
1.67749e+00 5.13e-03
1.67762e+00 5.14e-03
1.67775e+00 5.14e-03
1.67801e+00 5.12e-03
1.67814e+00 5.12e-03
1.67853e+00 5.11e-03
1.67867e+00 5.11e-03
1.67880e+00 5.10e-03
1.67995e+00 5.10e-03
1.68008e+00 5.10e-03
1.68021e+00 5.09e-03
1.68047e+00 5.08e-03
1.68060e+00 5.08e-03
1.68073e+00 5.08e-03
1.68087e+00 5.09e-03
1.68100e+00 5.07e-03
1.68165e+00 5.06e-03
1.68178e+00 5.07e-03
1.68191e+00 5.06e-03
1.68230e+00 5.06e-03
1.68295e+00 5.05e-03
1.68308e+00 5.04e-03
1.68347e+00 5.04e-03
1.68360e+00 5.05e-03
1.68373e+00 5.04e-03
1.68386e+00 5.04e-03
1.68399e+00 5.04e-03
1.68412e+00 5.04e-03
1.68425e+00 5.05e-03
1.68451e+00 5.04e-03
1.68464e+00 5.03e-03
1.68490e+00 5.04e-03
1.68516e+00 5.05e-03
1.68529e+00 5.04e-03
1.68555e+00 5.01e-03
1.68570e+00 4.99e-03
1.68582e+00 4.99e-03
1.68647e+00 4.98e-03
1.68660e+00 4.98e-03
1.68673e+00 4.99e-03
1.68686e+00 4.98e-03
1.68699e+00 4.97e-03
1.68712e+00 4.97e-03
1.68725e+00 4.96e-03
1.68751e+00 4.95e-03
1.68764e+00 4.95e-03
1.68803e+00 4.95e-03
1.68816e+00 4.95e-03
1.68829e+00 4.95e-03
1.68843e+00 4.95e-03
1.68856e+00 4.95e-03
1.68869e+00 4.94e-03
1.68882e+00 4.95e-03
1.68895e+00 4.94e-03
1.68973e+00 4.94e-03
1.68986e+00 4.95e-03
1.68999e+00 5.00e-03
1.69011e+00 4.99e-03
1.69026e+00 4.94e-03
1.69039e+00 4.93e-03
1.69052e+00 4.93e-03
1.69065e+00 4.93e-03
1.69078e+00 4.92e-03
1.69091e+00 4.92e-03
1.69104e+00 4.92e-03
1.69117e+00 4.92e-03
1.69129e+00 4.92e-03
1.69142e+00 4.92e-03
1.69155e+00 4.92e-03
1.69170e+00 4.92e-03
1.69183e+00 4.91e-03
1.69196e+00 4.91e-03
1.69209e+00 4.91e-03
1.69222e+00 4.91e-03
1.69234e+00 4.91e-03
1.69247e+00 4.92e-03
1.69260e+00 4.93e-03
1.69273e+00 4.92e-03
1.69286e+00 4.92e-03
1.69301e+00 4.91e-03
1.69326e+00 4.91e-03
1.69339e+00 4.91e-03
1.69352e+00 4.92e-03
1.69365e+00 4.91e-03
1.69378e+00 4.91e-03
1.69495e+00 4.91e-03
1.69510e+00 4.91e-03
1.69549e+00 4.91e-03
1.69574e+00 4.91e-03
1.69587e+00 4.91e-03
1.69640e+00 4.91e-03
1.69653e+00 4.91e-03
1.69706e+00 4.92e-03
1.69719e+00 4.92e-03
1.69732e+00 4.92e-03
1.69745e+00 4.92e-03
1.69771e+00 4.92e-03
1.69785e+00 4.93e-03
1.69798e+00 4.93e-03
1.69811e+00 4.94e-03
1.69824e+00 4.94e-03
1.69836e+00 4.94e-03
1.69864e+00 4.94e-03
1.69877e+00 4.93e-03
1.69902e+00 4.94e-03
1.69915e+00 4.95e-03
1.69930e+00 4.93e-03
1.69942e+00 4.93e-03
1.69968e+00 4.93e-03
1.69994e+00 4.94e-03
1.70021e+00 4.94e-03
1.70047e+00 4.95e-03
1.70074e+00 4.95e-03
1.70100e+00 4.96e-03
1.70125e+00 4.97e-03
1.70152e+00 4.97e-03
1.70178e+00 4.98e-03
1.70205e+00 4.99e-03
1.70231e+00 4.99e-03
1.70256e+00 5.00e-03
1.70284e+00 5.01e-03
1.70337e+00 5.01e-03
1.70349e+00 5.02e-03
1.70362e+00 5.02e-03
1.70389e+00 5.03e-03
1.70415e+00 5.03e-03
1.70442e+00 5.04e-03
1.70468e+00 5.06e-03
1.70480e+00 5.06e-03
1.70508e+00 5.08e-03
1.70520e+00 5.09e-03
1.70533e+00 5.11e-03
1.70548e+00 5.11e-03
1.70560e+00 5.09e-03
1.70573e+00 5.07e-03
1.70586e+00 5.07e-03
1.70613e+00 5.08e-03
1.70626e+00 5.08e-03
1.70638e+00 5.14e-03
1.70653e+00 5.08e-03
1.70666e+00 5.09e-03
1.70691e+00 5.10e-03
1.70718e+00 5.11e-03
1.70744e+00 5.12e-03
1.70771e+00 5.13e-03
1.70783e+00 5.18e-03
1.70798e+00 5.13e-03
1.70823e+00 5.14e-03
1.70850e+00 5.15e-03
1.70876e+00 5.16e-03
1.70903e+00 5.16e-03
1.70916e+00 5.18e-03
1.70928e+00 5.18e-03
1.70955e+00 5.18e-03
1.70983e+00 5.19e-03
1.71008e+00 5.19e-03
1.71035e+00 5.20e-03
1.71060e+00 5.21e-03
1.71087e+00 5.22e-03
1.71100e+00 5.22e-03
1.71115e+00 5.24e-03
1.71127e+00 5.22e-03
1.71154e+00 5.23e-03
1.71180e+00 5.24e-03
1.71207e+00 5.25e-03
1.71219e+00 5.26e-03
1.71234e+00 5.26e-03
1.71246e+00 5.25e-03
1.71299e+00 5.25e-03
1.71353e+00 5.26e-03
1.71365e+00 5.26e-03
1.71392e+00 5.26e-03
1.71405e+00 5.27e-03
1.71418e+00 5.27e-03
1.71432e+00 5.28e-03
1.71445e+00 5.26e-03
1.71511e+00 5.27e-03
1.71524e+00 5.27e-03
1.71578e+00 5.27e-03
1.71590e+00 5.28e-03
1.71603e+00 5.28e-03
1.71617e+00 5.31e-03
1.71630e+00 5.29e-03
1.71644e+00 5.26e-03
1.71669e+00 5.25e-03
1.71763e+00 5.23e-03
1.71775e+00 5.24e-03
1.71790e+00 5.24e-03
1.71802e+00 5.22e-03
1.71829e+00 5.21e-03
1.71842e+00 5.21e-03
1.71856e+00 5.21e-03
1.71883e+00 5.20e-03
1.71908e+00 5.20e-03
1.71935e+00 5.19e-03
1.71962e+00 5.18e-03
1.71989e+00 5.18e-03
1.72042e+00 5.16e-03
1.72055e+00 5.15e-03
1.72082e+00 5.15e-03
1.72109e+00 5.13e-03
1.72135e+00 5.13e-03
1.72161e+00 5.12e-03
1.72187e+00 5.11e-03
1.72214e+00 5.11e-03
1.72228e+00 5.10e-03
1.72255e+00 5.10e-03
1.72268e+00 5.11e-03
1.72280e+00 5.11e-03
1.72307e+00 5.07e-03
1.72321e+00 5.06e-03
1.72348e+00 5.06e-03
1.72375e+00 5.05e-03
1.72402e+00 5.04e-03
1.72428e+00 5.04e-03
1.72455e+00 5.03e-03
1.72480e+00 5.02e-03
1.72507e+00 5.02e-03
1.72521e+00 5.01e-03
1.72548e+00 5.01e-03
1.72574e+00 5.00e-03
1.72601e+00 5.00e-03
1.72640e+00 4.99e-03
1.72708e+00 4.99e-03
1.72720e+00 4.98e-03
1.72948e+00 4.97e-03
1.72974e+00 4.98e-03
1.73042e+00 4.99e-03
1.73121e+00 5.00e-03
1.73150e+00 5.00e-03
1.73176e+00 5.01e-03
1.73203e+00 5.02e-03
1.73229e+00 5.03e-03
1.73256e+00 5.04e-03
1.73282e+00 5.05e-03
1.73309e+00 5.06e-03
1.73337e+00 5.07e-03
1.73364e+00 5.08e-03
1.73390e+00 5.09e-03
1.73417e+00 5.10e-03
1.73443e+00 5.11e-03
1.73471e+00 5.13e-03
1.73498e+00 5.14e-03
1.73524e+00 5.15e-03
1.73551e+00 5.17e-03
1.73579e+00 5.18e-03
1.73605e+00 5.19e-03
1.73632e+00 5.21e-03
1.73658e+00 5.22e-03
1.73686e+00 5.23e-03
1.73713e+00 5.25e-03
1.73739e+00 5.26e-03
1.73766e+00 5.27e-03
1.73794e+00 5.28e-03
1.73820e+00 5.29e-03
1.73846e+00 5.30e-03
1.73887e+00 5.31e-03
1.74008e+00 5.33e-03
1.74089e+00 5.33e-03
1.74143e+00 5.32e-03
1.74171e+00 5.31e-03
1.74197e+00 5.30e-03
1.74224e+00 5.29e-03
1.74252e+00 5.28e-03
1.74278e+00 5.27e-03
1.74306e+00 5.26e-03
1.74332e+00 5.24e-03
1.74360e+00 5.23e-03
1.74386e+00 5.22e-03
1.74414e+00 5.21e-03
1.74441e+00 5.19e-03
1.74467e+00 5.18e-03
1.74495e+00 5.17e-03
1.74521e+00 5.16e-03
1.74549e+00 5.15e-03
1.74575e+00 5.14e-03
1.74603e+00 5.13e-03
1.74629e+00 5.11e-03
1.74657e+00 5.10e-03
1.74685e+00 5.08e-03
1.74697e+00 5.06e-03
1.74725e+00 5.04e-03
1.74751e+00 5.04e-03
1.74779e+00 5.03e-03
1.74807e+00 5.02e-03
1.74847e+00 5.01e-03
1.74943e+00 5.00e-03
1.75010e+00 5.01e-03
1.75036e+00 5.01e-03
1.75064e+00 5.02e-03
1.75092e+00 5.03e-03
1.75118e+00 5.04e-03
1.75146e+00 5.06e-03
1.75174e+00 5.07e-03
1.75186e+00 5.07e-03
1.75213e+00 5.08e-03
1.75241e+00 5.10e-03
1.75267e+00 5.11e-03
1.75295e+00 5.13e-03
1.75323e+00 5.15e-03
1.75350e+00 5.17e-03
1.75376e+00 5.19e-03
1.75404e+00 5.21e-03
1.75432e+00 5.23e-03
1.75459e+00 5.25e-03
1.75485e+00 5.27e-03
1.75513e+00 5.29e-03
1.75541e+00 5.30e-03
1.75568e+00 5.31e-03
1.75596e+00 5.33e-03
1.75636e+00 5.33e-03
1.75691e+00 5.34e-03
1.75719e+00 5.34e-03
1.75746e+00 5.33e-03
1.75772e+00 5.32e-03
1.75800e+00 5.31e-03
1.75827e+00 5.29e-03
1.75855e+00 5.27e-03
1.75882e+00 5.25e-03
1.75910e+00 5.23e-03
1.75937e+00 5.21e-03
1.75965e+00 5.18e-03
1.75991e+00 5.16e-03
1.76018e+00 5.14e-03
1.76046e+00 5.11e-03
1.76073e+00 5.09e-03
1.76101e+00 5.07e-03
1.76128e+00 5.05e-03
1.76156e+00 5.03e-03
1.76183e+00 5.01e-03
1.76211e+00 5.00e-03
1.76238e+00 4.99e-03
1.76279e+00 4.98e-03
1.76348e+00 4.97e-03
1.76375e+00 4.98e-03
1.76403e+00 4.98e-03
1.76430e+00 5.00e-03
1.76458e+00 5.01e-03
1.76485e+00 5.02e-03
1.76512e+00 5.04e-03
1.76540e+00 5.06e-03
1.76569e+00 5.09e-03
1.76596e+00 5.11e-03
1.76624e+00 5.13e-03
1.76651e+00 5.16e-03
1.76678e+00 5.18e-03
1.76706e+00 5.20e-03
1.76719e+00 5.20e-03
1.76747e+00 5.21e-03
1.76760e+00 5.22e-03
1.76817e+00 5.22e-03
1.76844e+00 5.20e-03
1.76871e+00 5.18e-03
1.76899e+00 5.15e-03
1.76926e+00 5.11e-03
1.76955e+00 5.07e-03
1.76982e+00 5.02e-03
1.77009e+00 4.97e-03
1.77037e+00 4.91e-03
1.77065e+00 4.86e-03
1.77093e+00 4.80e-03
1.77120e+00 4.74e-03
1.77147e+00 4.68e-03
1.77176e+00 4.62e-03
1.77203e+00 4.56e-03
1.77230e+00 4.51e-03
1.77258e+00 4.46e-03
1.77287e+00 4.41e-03
1.77314e+00 4.36e-03
1.77341e+00 4.32e-03
1.77370e+00 4.27e-03
1.77383e+00 4.25e-03
1.77397e+00 6.17e-03
1.77424e+00 6.13e-03
1.77453e+00 6.10e-03
1.77480e+00 6.07e-03
1.77509e+00 6.04e-03
1.77536e+00 6.01e-03
1.77563e+00 5.98e-03
1.77592e+00 5.96e-03
1.77619e+00 5.94e-03
1.77648e+00 5.92e-03
1.77661e+00 5.91e-03
1.77675e+00 5.88e-03
1.77703e+00 5.86e-03
1.77731e+00 5.84e-03
1.77758e+00 5.82e-03
1.77786e+00 5.81e-03
1.77813e+00 5.79e-03
1.77842e+00 5.77e-03
1.77869e+00 5.76e-03
1.77898e+00 5.74e-03
1.77925e+00 5.73e-03
1.77954e+00 5.72e-03
1.77980e+00 5.70e-03
1.78009e+00 5.69e-03
1.78038e+00 5.68e-03
1.78065e+00 5.67e-03
1.78093e+00 5.66e-03
1.78120e+00 5.65e-03
1.78136e+00 5.65e-03
1.78149e+00 5.65e-03
1.78176e+00 5.64e-03
1.78205e+00 5.63e-03
1.78233e+00 5.62e-03
1.78247e+00 5.61e-03
1.78275e+00 5.60e-03
1.78302e+00 5.60e-03
1.78331e+00 5.59e-03
1.78359e+00 5.58e-03
1.78386e+00 5.57e-03
1.78415e+00 5.57e-03
1.78443e+00 5.56e-03
1.78470e+00 5.55e-03
1.78499e+00 5.55e-03
1.78527e+00 5.54e-03
1.78554e+00 5.54e-03
1.78991e+00 5.47e-03
1.79074e+00 5.46e-03
1.79089e+00 5.47e-03
1.79118e+00 5.46e-03
1.79146e+00 5.45e-03
1.79174e+00 5.44e-03
1.79188e+00 5.44e-03
1.79825e+00 5.37e-03
1.79910e+00 5.37e-03
1.79925e+00 5.36e-03
1.80468e+00 5.33e-03
1.80482e+00 5.32e-03
1.80740e+00 5.31e-03
1.80753e+00 5.32e-03
1.80840e+00 5.32e-03
1.80855e+00 5.30e-03
1.83112e+00 5.21e-03
1.83929e+00 5.18e-03
1.84394e+00 5.17e-03
1.84801e+00 5.16e-03
1.86236e+00 5.12e-03
1.86453e+00 5.11e-03
1.86468e+00 5.12e-03
1.86546e+00 5.12e-03
1.86561e+00 5.11e-03
1.86639e+00 5.11e-03
1.86654e+00 5.11e-03
1.86793e+00 5.11e-03
1.87122e+00 5.10e-03
1.87844e+00 5.09e-03
1.87859e+00 5.10e-03
1.87924e+00 5.09e-03
1.87939e+00 5.09e-03
1.88003e+00 5.09e-03
1.88033e+00 5.09e-03
1.88066e+00 5.10e-03
1.88098e+00 5.10e-03
1.88113e+00 5.08e-03
1.88352e+00 5.08e-03
1.88369e+00 5.08e-03
1.88511e+00 5.07e-03
1.88976e+00 5.06e-03
1.89234e+00 5.06e-03
1.89364e+00 5.06e-03
1.89380e+00 5.05e-03
1.89445e+00 5.06e-03
1.89462e+00 5.06e-03
1.89624e+00 5.06e-03
1.89640e+00 5.05e-03
1.89819e+00 5.05e-03
1.89868e+00 5.05e-03
1.89885e+00 5.05e-03
1.90048e+00 5.05e-03
1.90064e+00 5.04e-03
1.90130e+00 5.05e-03
1.90147e+00 5.06e-03
1.90179e+00 5.05e-03
1.90212e+00 5.04e-03
1.90229e+00 5.04e-03
1.90294e+00 5.04e-03
1.90311e+00 5.06e-03
1.90344e+00 5.05e-03
1.90378e+00 5.04e-03
1.90394e+00 5.04e-03
1.90460e+00 5.04e-03
1.90476e+00 5.04e-03
1.90625e+00 5.03e-03
1.90641e+00 5.03e-03
1.90708e+00 5.03e-03
1.90724e+00 5.04e-03
1.90791e+00 5.03e-03
1.90807e+00 5.04e-03
1.90874e+00 5.03e-03
1.90891e+00 5.03e-03
1.90957e+00 5.04e-03
1.90974e+00 5.03e-03
1.91040e+00 5.02e-03
1.91056e+00 5.02e-03
1.91123e+00 5.02e-03
1.91141e+00 5.04e-03
1.91207e+00 5.03e-03
1.91224e+00 5.02e-03
1.91291e+00 5.02e-03
1.91308e+00 5.02e-03
1.91374e+00 5.02e-03
1.91392e+00 5.03e-03
1.91458e+00 5.03e-03
1.91476e+00 5.01e-03
1.91542e+00 5.01e-03
1.91560e+00 5.02e-03
1.91694e+00 5.01e-03
1.91711e+00 5.02e-03
1.91779e+00 5.01e-03
1.91795e+00 5.02e-03
1.91863e+00 5.01e-03
1.91880e+00 5.02e-03
1.92067e+00 5.01e-03
1.96074e+00 4.95e-03
1.98106e+00 4.92e-03
2.03299e+00 4.85e-03
2.04884e+00 4.83e-03
2.04907e+00 4.83e-03
2.05158e+00 4.82e-03
2.07585e+00 4.78e-03
2.14191e+00 4.66e-03
2.16616e+00 4.61e-03
2.19354e+00 4.56e-03
2.21360e+00 4.51e-03
2.26365e+00 4.41e-03
2.29028e+00 4.35e-03
2.29958e+00 4.33e-03
2.31698e+00 4.29e-03
2.31954e+00 4.28e-03
2.32023e+00 4.27e-03
2.33824e+00 4.23e-03
2.34267e+00 4.21e-03
2.34344e+00 4.21e-03
2.35736e+00 4.18e-03
2.36227e+00 4.16e-03
2.36396e+00 4.16e-03
2.36556e+00 4.16e-03
2.36734e+00 4.15e-03
2.36903e+00 4.15e-03
2.37071e+00 4.14e-03
2.37248e+00 4.14e-03
2.37425e+00 4.13e-03
2.37602e+00 4.13e-03
2.37788e+00 4.13e-03
2.37964e+00 4.12e-03
2.38149e+00 4.12e-03
2.38334e+00 4.11e-03
2.38527e+00 4.11e-03
2.38711e+00 4.10e-03
2.38904e+00 4.10e-03
2.39096e+00 4.09e-03
2.39297e+00 4.09e-03
2.39498e+00 4.08e-03
2.39699e+00 4.08e-03
2.39899e+00 4.07e-03
2.40007e+00 4.01e-03
2.40216e+00 4.01e-03
2.40424e+00 4.00e-03
2.40640e+00 4.00e-03
2.40848e+00 3.99e-03
2.41072e+00 3.98e-03
2.41296e+00 3.98e-03
2.41520e+00 3.97e-03
2.41743e+00 3.97e-03
2.41975e+00 3.96e-03
2.42214e+00 3.95e-03
2.42454e+00 3.95e-03
2.42692e+00 3.94e-03
2.42939e+00 3.93e-03
2.43186e+00 3.93e-03
2.43440e+00 3.92e-03
2.43694e+00 3.91e-03
2.43956e+00 3.91e-03
2.44226e+00 3.90e-03
2.44495e+00 3.89e-03
2.44772e+00 3.88e-03
2.45057e+00 3.88e-03
2.45342e+00 3.87e-03
2.45634e+00 3.86e-03
2.45933e+00 3.85e-03
2.46241e+00 3.84e-03
2.46547e+00 3.84e-03
2.46861e+00 3.83e-03
2.47191e+00 3.82e-03
2.47519e+00 3.81e-03
2.47855e+00 3.80e-03
2.48207e+00 3.79e-03
2.48566e+00 3.78e-03
2.48923e+00 3.77e-03
2.49304e+00 3.76e-03
2.49684e+00 3.75e-03
2.50078e+00 3.74e-03
2.50487e+00 3.72e-03
2.50911e+00 3.71e-03
2.51341e+00 3.70e-03
2.51786e+00 3.69e-03
2.52252e+00 3.67e-03
2.52733e+00 3.66e-03
2.53227e+00 3.64e-03
2.53481e+00 3.63e-03
2.53742e+00 3.62e-03
2.54010e+00 3.61e-03
2.54286e+00 3.58e-03
2.54843e+00 3.57e-03
2.55428e+00 3.55e-03
2.56048e+00 3.53e-03
2.56695e+00 3.51e-03
2.57376e+00 3.49e-03
2.58097e+00 3.47e-03
2.58867e+00 3.45e-03
2.59682e+00 3.42e-03
2.60565e+00 3.39e-03
2.61513e+00 3.36e-03
2.62554e+00 3.33e-03
2.63698e+00 3.29e-03
2.64971e+00 3.25e-03
2.66410e+00 3.21e-03
2.67215e+00 2.08e-03
2.68082e+00 2.06e-03
2.69029e+00 2.04e-03
2.70069e+00 2.02e-03
2.71231e+00 2.00e-03
2.72543e+00 2.35e-04
2.74065e+00 2.36e-04
2.75874e+00 2.40e-04
2.78130e+00 2.38e-04
2.81151e+00 2.66e-04
2.85859e+00 4.09e-04
2.99573e+00 6.89e-03
