# OPACITY Project tables
-2.61515e+00 8.18e+00
-2.27341e+00 2.82e+00
-2.07433e+00 1.52e+00
-1.93351e+00 9.77e-01
-1.82455e+00 6.95e-01
-1.73574e+00 5.27e-01
-1.66078e+00 4.17e-01
-1.59603e+00 3.41e-01
-1.53898e+00 2.85e-01
-1.48802e+00 2.43e-01
-1.44198e+00 2.11e-01
-1.40003e+00 1.85e-01
-1.36148e+00 1.64e-01
-1.32584e+00 1.47e-01
-1.29269e+00 1.33e-01
-1.26174e+00 1.21e-01
-1.23268e+00 1.11e-01
-1.20531e+00 1.03e-01
-1.17944e+00 9.50e-02
-1.15493e+00 8.94e-02
-1.13165e+00 8.26e-02
-1.10945e+00 7.74e-02
-1.08827e+00 7.28e-02
-1.06799e+00 6.86e-02
-1.04857e+00 6.49e-02
-1.02994e+00 6.16e-02
-1.01200e+00 5.88e-02
-9.94739e-01 5.59e-02
-9.62021e-01 5.12e-02
-9.46492e-01 4.91e-02
-9.31455e-01 4.72e-02
-9.16916e-01 4.54e-02
-9.02807e-01 4.38e-02
-8.89113e-01 4.24e-02
-8.75797e-01 4.08e-02
-8.62868e-01 3.94e-02
-8.50292e-01 3.80e-02
-8.38057e-01 3.68e-02
-8.26130e-01 3.56e-02
-8.14502e-01 3.43e-02
-8.03185e-01 3.32e-02
-7.92106e-01 3.21e-02
-7.81301e-01 3.11e-02
-7.70741e-01 3.02e-02
-7.60420e-01 2.93e-02
-7.50331e-01 2.84e-02
-7.30787e-01 2.71e-02
-7.21320e-01 2.64e-02
-7.12045e-01 2.59e-02
-7.02955e-01 2.51e-02
-6.94048e-01 2.43e-02
-6.85298e-01 2.36e-02
-6.76723e-01 2.31e-02
-6.60041e-01 2.22e-02
-6.51909e-01 2.24e-02
-6.43938e-01 2.12e-02
-6.36087e-01 2.08e-02
-6.28390e-01 2.05e-02
-6.20808e-01 2.00e-02
-6.13357e-01 1.96e-02
-5.98801e-01 1.89e-02
-5.91692e-01 1.85e-02
-5.84687e-01 1.86e-02
-5.77803e-01 1.79e-02
-5.71018e-01 1.75e-02
-5.64314e-01 1.71e-02
-5.51231e-01 1.64e-02
-5.44831e-01 1.60e-02
-5.38505e-01 1.58e-02
-5.32288e-01 1.55e-02
-5.20085e-01 1.50e-02
-5.14098e-01 1.49e-02
-5.08196e-01 1.45e-02
-5.02362e-01 1.43e-02
-4.90925e-01 1.39e-02
-4.85320e-01 1.37e-02
-4.79779e-01 1.35e-02
-4.74301e-01 1.32e-02
-4.68884e-01 1.30e-02
-4.63545e-01 1.28e-02
-4.58265e-01 1.26e-02
-4.53044e-01 1.24e-02
-4.47882e-01 1.22e-02
-4.42778e-01 1.21e-02
-4.37730e-01 1.20e-02
-4.32739e-01 1.18e-02
-4.27803e-01 1.16e-02
-4.18095e-01 1.12e-02
-4.13321e-01 1.19e-02
-4.08585e-01 1.18e-02
-4.03901e-01 1.18e-02
-3.99284e-01 1.16e-02
-3.94688e-01 1.15e-02
-3.90158e-01 1.12e-02
-3.85662e-01 1.10e-02
-3.81216e-01 1.10e-02
-3.76819e-01 1.07e-02
-3.68126e-01 1.06e-02
-3.63858e-01 1.05e-02
-3.59622e-01 1.02e-02
-3.55419e-01 1.02e-02
-3.51261e-01 9.76e-03
-3.47135e-01 1.02e-02
-3.43054e-01 9.99e-03
-3.39003e-01 9.80e-03
-3.34997e-01 9.65e-03
-3.31021e-01 9.55e-03
-3.27088e-01 9.39e-03
-3.23185e-01 9.27e-03
-3.19310e-01 9.14e-03
-3.15464e-01 8.93e-03
-3.11661e-01 9.01e-03
-3.07885e-01 8.88e-03
-3.00430e-01 8.66e-03
-2.93097e-01 8.46e-03
-2.89484e-01 8.35e-03
-2.82323e-01 8.16e-03
-2.75279e-01 7.99e-03
-2.68350e-01 7.82e-03
-2.61521e-01 7.65e-03
-2.58149e-01 7.57e-03
-2.51466e-01 7.42e-03
-2.44891e-01 7.27e-03
-2.38409e-01 7.13e-03
-2.32020e-01 6.98e-03
-2.25722e-01 6.85e-03
-2.19513e-01 6.72e-03
-2.13391e-01 6.60e-03
-2.07344e-01 6.48e-03
-2.01382e-01 6.36e-03
-1.95504e-01 6.25e-03
-1.89697e-01 6.14e-03
-1.83971e-01 6.04e-03
-1.78314e-01 5.93e-03
-1.72724e-01 5.83e-03
-1.67200e-01 5.74e-03
-1.61755e-01 5.65e-03
-1.56373e-01 5.55e-03
-1.51044e-01 5.47e-03
-1.45789e-01 5.38e-03
-1.40596e-01 5.30e-03
-1.35453e-01 5.22e-03
-1.30382e-01 5.14e-03
-1.25359e-01 5.06e-03
-1.20395e-01 4.98e-03
-1.15489e-01 4.91e-03
-1.10630e-01 4.84e-03
-1.05827e-01 4.77e-03
-1.01070e-01 4.71e-03
-9.63788e-02 4.64e-03
-9.17206e-02 4.58e-03
-8.71168e-02 4.51e-03
-8.25559e-02 4.45e-03
-7.80480e-02 4.39e-03
-7.35820e-02 4.33e-03
-6.91679e-02 4.28e-03
-6.47839e-02 4.22e-03
-6.04509e-02 4.17e-03
-5.61577e-02 4.12e-03
-5.19040e-02 4.06e-03
-4.76998e-02 4.01e-03
-4.35236e-02 3.96e-03
-3.93959e-02 3.92e-03
-3.52956e-02 3.87e-03
-3.12430e-02 3.82e-03
-2.72170e-02 3.78e-03
-2.32379e-02 3.73e-03
-1.92848e-02 3.69e-03
-1.53675e-02 3.65e-03
-1.14958e-02 3.61e-03
-7.64918e-03 3.57e-03
-3.83735e-03 3.53e-03
-5.00013e-05 3.49e-03
3.69317e-03 3.45e-03
7.37275e-03 3.41e-03
1.11377e-02 3.37e-03
1.47901e-02 3.34e-03
1.84291e-02 3.30e-03
2.19572e-02 3.27e-03
2.55703e-02 3.23e-03
2.90732e-02 3.20e-03
3.25640e-02 3.17e-03
3.60426e-02 3.14e-03
3.95091e-02 3.10e-03
4.29637e-02 3.07e-03
4.64064e-02 3.04e-03
4.97421e-02 3.01e-03
5.30667e-02 2.98e-03
5.64748e-02 2.95e-03
5.97772e-02 2.93e-03
6.29748e-02 2.90e-03
6.62558e-02 2.87e-03
6.95261e-02 2.84e-03
7.26927e-02 2.82e-03
7.58493e-02 2.79e-03
7.90884e-02 2.77e-03
8.22249e-02 2.74e-03
8.52598e-02 2.72e-03
8.83771e-02 2.69e-03
9.14847e-02 2.67e-03
9.44917e-02 2.64e-03
9.75803e-02 2.62e-03
1.00569e-01 2.60e-03
1.03549e-01 2.58e-03
1.06520e-01 2.55e-03
1.09482e-01 2.53e-03
1.12435e-01 2.51e-03
1.15291e-01 2.49e-03
1.18227e-01 2.47e-03
1.21067e-01 2.45e-03
1.23898e-01 2.43e-03
1.26809e-01 2.41e-03
1.29624e-01 2.39e-03
1.32431e-01 2.37e-03
1.35143e-01 2.35e-03
1.37934e-01 2.33e-03
1.40718e-01 2.31e-03
1.43407e-01 2.30e-03
1.46176e-01 2.28e-03
1.48851e-01 2.26e-03
1.51519e-01 2.24e-03
1.54179e-01 2.23e-03
1.56833e-01 2.21e-03
1.59479e-01 2.19e-03
1.62119e-01 2.18e-03
1.64751e-01 2.16e-03
1.67293e-01 2.14e-03
1.69912e-01 2.13e-03
1.72440e-01 2.11e-03
1.74961e-01 2.10e-03
1.77477e-01 2.08e-03
1.80069e-01 2.07e-03
1.82572e-01 2.05e-03
1.84985e-01 2.04e-03
1.87475e-01 2.02e-03
1.89959e-01 2.01e-03
1.92437e-01 2.00e-03
1.94826e-01 1.98e-03
1.97292e-01 1.97e-03
1.99670e-01 1.95e-03
2.02042e-01 1.94e-03
2.04409e-01 1.93e-03
2.06770e-01 1.92e-03
2.09126e-01 1.90e-03
2.11476e-01 1.89e-03
2.13820e-01 1.88e-03
2.16159e-01 1.86e-03
2.18493e-01 1.85e-03
2.20741e-01 1.84e-03
2.23064e-01 1.83e-03
2.25301e-01 1.82e-03
2.27614e-01 1.81e-03
2.29841e-01 1.79e-03
2.32064e-01 1.78e-03
2.34281e-01 1.77e-03
2.36494e-01 1.76e-03
2.38702e-01 1.75e-03
2.40905e-01 1.74e-03
2.43103e-01 1.73e-03
2.45296e-01 1.72e-03
2.47407e-01 1.71e-03
2.49591e-01 1.70e-03
2.51692e-01 1.69e-03
2.53867e-01 1.68e-03
2.55959e-01 1.67e-03
2.58047e-01 1.66e-03
2.60208e-01 1.65e-03
2.62287e-01 1.64e-03
2.64362e-01 1.63e-03
2.66433e-01 1.62e-03
2.68499e-01 1.61e-03
2.70561e-01 1.60e-03
2.72619e-01 1.59e-03
2.74597e-01 1.58e-03
2.76646e-01 1.57e-03
2.78692e-01 1.57e-03
2.80657e-01 1.56e-03
2.82695e-01 1.55e-03
2.84652e-01 1.54e-03
2.86606e-01 1.53e-03
2.88632e-01 1.52e-03
2.90578e-01 1.52e-03
2.92520e-01 1.51e-03
2.94459e-01 1.50e-03
2.96394e-01 1.49e-03
2.98325e-01 1.48e-03
3.00253e-01 1.48e-03
3.02177e-01 1.47e-03
3.04097e-01 1.46e-03
3.05939e-01 1.45e-03
3.07852e-01 1.44e-03
3.09762e-01 1.44e-03
3.11594e-01 1.43e-03
3.13496e-01 1.42e-03
3.15322e-01 1.42e-03
3.17144e-01 1.41e-03
3.19035e-01 1.40e-03
3.20851e-01 1.39e-03
3.22663e-01 1.39e-03
3.24472e-01 1.38e-03
3.26278e-01 1.37e-03
3.28080e-01 1.37e-03
3.29879e-01 1.36e-03
3.31675e-01 1.35e-03
3.33468e-01 1.35e-03
3.35257e-01 1.34e-03
3.37044e-01 1.34e-03
3.38827e-01 1.33e-03
3.40535e-01 1.32e-03
3.42312e-01 1.32e-03
3.44015e-01 1.31e-03
3.45786e-01 1.30e-03
3.47483e-01 1.30e-03
3.49247e-01 1.29e-03
3.50939e-01 1.29e-03
3.52627e-01 1.28e-03
3.54382e-01 1.27e-03
3.56065e-01 1.27e-03
3.57744e-01 1.26e-03
3.59421e-01 1.26e-03
3.61095e-01 1.25e-03
3.62766e-01 1.25e-03
3.64435e-01 1.24e-03
3.66100e-01 1.24e-03
3.67763e-01 1.23e-03
3.69354e-01 1.22e-03
3.71012e-01 1.22e-03
3.72666e-01 1.21e-03
3.74318e-01 1.21e-03
3.75899e-01 1.20e-03
3.77546e-01 1.20e-03
3.79121e-01 1.19e-03
3.80762e-01 1.19e-03
3.82333e-01 1.18e-03
3.83969e-01 1.18e-03
3.85534e-01 1.17e-03
3.87097e-01 1.17e-03
3.88658e-01 1.16e-03
3.90284e-01 1.16e-03
3.91839e-01 1.16e-03
3.93393e-01 1.15e-03
3.94943e-01 1.15e-03
3.96492e-01 1.14e-03
3.98038e-01 1.14e-03
3.99581e-01 1.13e-03
4.01122e-01 1.13e-03
4.02661e-01 1.12e-03
4.04131e-01 1.12e-03
4.05665e-01 1.12e-03
4.07197e-01 1.11e-03
4.08726e-01 1.11e-03
4.10187e-01 1.10e-03
4.11712e-01 1.10e-03
4.13169e-01 1.09e-03
4.14689e-01 1.09e-03
4.16141e-01 1.09e-03
4.17657e-01 1.08e-03
4.19105e-01 1.08e-03
4.20616e-01 1.07e-03
4.22060e-01 1.07e-03
4.23501e-01 1.07e-03
4.25006e-01 1.06e-03
4.26444e-01 1.06e-03
4.27879e-01 1.05e-03
4.29312e-01 1.05e-03
4.30743e-01 1.05e-03
4.32172e-01 1.04e-03
4.33599e-01 1.04e-03
4.35024e-01 1.04e-03
4.36447e-01 1.03e-03
4.37868e-01 1.03e-03
4.39287e-01 1.03e-03
4.40704e-01 1.02e-03
4.42118e-01 1.02e-03
4.43467e-01 1.02e-03
4.44878e-01 1.01e-03
4.46287e-01 1.01e-03
4.47630e-01 1.01e-03
4.49035e-01 1.00e-03
4.50438e-01 9.99e-04
4.51776e-01 9.95e-04
4.53175e-01 9.92e-04
4.54509e-01 9.89e-04
4.55841e-01 9.86e-04
4.57235e-01 9.83e-04
4.58563e-01 9.79e-04
4.59953e-01 9.76e-04
4.61278e-01 9.73e-04
4.62601e-01 9.70e-04
4.63923e-01 9.67e-04
4.65305e-01 9.64e-04
4.66623e-01 9.61e-04
4.67939e-01 9.58e-04
4.69253e-01 9.55e-04
4.70566e-01 9.52e-04
4.71877e-01 9.50e-04
4.73186e-01 9.47e-04
4.74494e-01 9.44e-04
4.75799e-01 9.41e-04
4.77103e-01 9.38e-04
4.78406e-01 9.36e-04
4.79706e-01 9.33e-04
4.80944e-01 9.30e-04
4.82241e-01 9.27e-04
4.83537e-01 9.25e-04
4.84831e-01 9.22e-04
4.86062e-01 9.19e-04
4.87352e-01 9.17e-04
4.88641e-01 9.14e-04
4.89868e-01 9.12e-04
4.91153e-01 9.09e-04
4.92376e-01 9.07e-04
4.93659e-01 9.04e-04
4.94879e-01 9.02e-04
4.96159e-01 8.99e-04
4.97376e-01 8.97e-04
4.98591e-01 8.94e-04
4.99866e-01 8.92e-04
5.01078e-01 8.90e-04
5.02289e-01 8.87e-04
5.03559e-01 8.85e-04
5.04767e-01 8.83e-04
5.05974e-01 8.80e-04
5.07179e-01 8.78e-04
5.08383e-01 8.76e-04
5.09645e-01 8.74e-04
5.10846e-01 8.71e-04
5.12045e-01 8.69e-04
5.13243e-01 8.67e-04
5.14439e-01 8.65e-04
5.15634e-01 8.63e-04
5.16828e-01 8.61e-04
5.18020e-01 8.59e-04
5.19210e-01 8.57e-04
5.20340e-01 8.54e-04
5.21528e-01 8.52e-04
5.22715e-01 8.50e-04
5.23900e-01 8.48e-04
5.25083e-01 8.46e-04
5.26207e-01 8.44e-04
5.27388e-01 8.43e-04
5.28567e-01 8.41e-04
5.29687e-01 8.39e-04
5.30864e-01 8.37e-04
5.32039e-01 8.35e-04
5.33154e-01 8.33e-04
5.34327e-01 8.31e-04
5.35440e-01 8.29e-04
5.36610e-01 8.27e-04
5.37721e-01 8.26e-04
5.38888e-01 8.24e-04
5.39996e-01 8.22e-04
5.41103e-01 8.20e-04
5.42266e-01 8.19e-04
5.43370e-01 8.17e-04
5.44473e-01 8.15e-04
5.45633e-01 8.14e-04
5.46733e-01 8.12e-04
5.47832e-01 8.10e-04
5.48930e-01 8.09e-04
5.50085e-01 8.07e-04
5.51180e-01 8.06e-04
5.52275e-01 8.04e-04
5.53368e-01 8.02e-04
5.54460e-01 8.01e-04
5.55550e-01 7.99e-04
5.56640e-01 7.98e-04
5.57728e-01 7.96e-04
5.58815e-01 7.95e-04
5.59901e-01 7.93e-04
5.60986e-01 7.92e-04
5.62070e-01 7.91e-04
5.63152e-01 7.89e-04
5.64234e-01 7.88e-04
5.65314e-01 7.86e-04
5.66393e-01 7.85e-04
5.67471e-01 7.84e-04
5.68491e-01 7.82e-04
5.69566e-01 7.81e-04
5.70641e-01 7.80e-04
5.71714e-01 7.78e-04
5.72729e-01 7.77e-04
5.73800e-01 7.76e-04
5.74870e-01 7.74e-04
5.75883e-01 7.73e-04
5.76950e-01 7.72e-04
5.77961e-01 7.71e-04
5.79026e-01 7.70e-04
5.80090e-01 7.68e-04
5.81098e-01 7.67e-04
5.82160e-01 7.66e-04
5.83165e-01 7.65e-04
5.84225e-01 7.64e-04
5.85228e-01 7.63e-04
5.86230e-01 7.62e-04
5.87287e-01 7.60e-04
5.88287e-01 7.59e-04
5.89286e-01 7.58e-04
5.90339e-01 7.57e-04
5.91336e-01 7.56e-04
5.92332e-01 7.55e-04
5.93382e-01 7.54e-04
5.94376e-01 7.53e-04
5.95369e-01 7.52e-04
5.96361e-01 7.51e-04
5.97407e-01 7.50e-04
5.98397e-01 7.50e-04
5.99386e-01 7.49e-04
6.00374e-01 7.48e-04
6.01361e-01 7.47e-04
6.02347e-01 7.46e-04
6.03332e-01 7.45e-04
6.04316e-01 7.44e-04
6.05299e-01 7.43e-04
6.06281e-01 7.43e-04
6.07262e-01 7.42e-04
6.08243e-01 7.41e-04
6.21275e-01 7.32e-04
6.31165e-01 7.27e-04
6.40853e-01 7.23e-04
6.49404e-01 7.21e-04
6.57883e-01 7.20e-04
6.64851e-01 7.21e-04
6.71719e-01 7.23e-04
6.76865e-01 7.25e-04
6.80214e-01 7.27e-04
6.86072e-01 7.31e-04
6.87733e-01 7.32e-04
6.88537e-01 7.33e-04
6.89390e-01 7.34e-04
6.90193e-01 7.35e-04
6.91045e-01 7.35e-04
6.91846e-01 7.36e-04
6.92647e-01 7.37e-04
6.93497e-01 7.38e-04
6.94297e-01 7.39e-04
6.95145e-01 7.39e-04
6.95943e-01 7.40e-04
6.96741e-01 7.41e-04
6.97538e-01 7.42e-04
6.98383e-01 7.43e-04
6.99179e-01 7.44e-04
6.99974e-01 7.45e-04
7.00818e-01 7.46e-04
7.01611e-01 7.47e-04
7.02404e-01 7.49e-04
7.03197e-01 7.50e-04
7.03988e-01 7.51e-04
7.04829e-01 7.52e-04
7.05619e-01 7.53e-04
7.06409e-01 7.54e-04
7.07198e-01 7.56e-04
7.07987e-01 7.57e-04
7.08774e-01 7.58e-04
7.09562e-01 7.60e-04
7.10348e-01 7.61e-04
7.11134e-01 7.63e-04
7.11920e-01 7.64e-04
7.12754e-01 7.65e-04
7.13538e-01 7.67e-04
7.14321e-01 7.69e-04
7.15104e-01 7.70e-04
7.15887e-01 7.72e-04
7.16668e-01 7.73e-04
7.17401e-01 7.75e-04
7.18181e-01 7.77e-04
7.18961e-01 7.79e-04
7.19740e-01 7.80e-04
7.20519e-01 7.82e-04
7.21297e-01 7.84e-04
7.22075e-01 7.86e-04
7.22852e-01 7.88e-04
7.23628e-01 7.90e-04
7.24404e-01 7.92e-04
7.25130e-01 7.94e-04
7.25905e-01 7.96e-04
7.26679e-01 7.98e-04
7.27452e-01 8.00e-04
7.28225e-01 8.02e-04
7.28949e-01 8.04e-04
7.29720e-01 8.07e-04
7.30491e-01 8.09e-04
7.31262e-01 8.12e-04
7.31983e-01 8.14e-04
7.32752e-01 8.16e-04
7.33521e-01 8.19e-04
7.34241e-01 8.21e-04
7.35009e-01 8.24e-04
7.35776e-01 8.27e-04
7.36494e-01 8.29e-04
7.37260e-01 8.32e-04
7.38025e-01 8.35e-04
7.38742e-01 8.38e-04
7.39506e-01 8.41e-04
7.40222e-01 8.44e-04
7.40985e-01 8.47e-04
7.41747e-01 8.50e-04
7.42461e-01 8.53e-04
7.43222e-01 8.56e-04
7.43935e-01 8.59e-04
7.44695e-01 8.63e-04
7.45408e-01 8.66e-04
7.46166e-01 8.69e-04
7.46878e-01 8.73e-04
7.47635e-01 8.76e-04
7.48345e-01 8.80e-04
7.49102e-01 8.84e-04
7.49811e-01 8.88e-04
7.50567e-01 8.91e-04
7.51275e-01 8.95e-04
7.51982e-01 8.99e-04
7.52736e-01 9.03e-04
7.53442e-01 9.07e-04
7.54148e-01 9.12e-04
7.54901e-01 9.16e-04
7.55605e-01 9.20e-04
7.56357e-01 9.25e-04
7.57061e-01 9.29e-04
7.57764e-01 9.34e-04
7.58467e-01 9.39e-04
7.59216e-01 9.44e-04
7.59918e-01 9.49e-04
7.60619e-01 9.54e-04
7.61366e-01 9.59e-04
7.62067e-01 9.64e-04
7.62767e-01 9.69e-04
7.63466e-01 9.75e-04
7.64211e-01 9.80e-04
7.64910e-01 9.86e-04
7.65607e-01 9.91e-04
7.66305e-01 9.97e-04
7.67002e-01 1.00e-03
7.67698e-01 1.01e-03
7.68440e-01 1.02e-03
7.69136e-01 1.02e-03
7.69830e-01 1.03e-03
7.70525e-01 1.03e-03
7.71219e-01 1.04e-03
7.71912e-01 1.05e-03
7.72605e-01 1.06e-03
7.73298e-01 1.06e-03
7.73990e-01 1.07e-03
7.74681e-01 1.08e-03
7.75418e-01 1.08e-03
7.76109e-01 1.09e-03
7.76799e-01 1.10e-03
7.77488e-01 1.11e-03
7.78177e-01 1.12e-03
7.78866e-01 1.13e-03
7.79554e-01 1.13e-03
7.80242e-01 1.14e-03
7.80929e-01 1.15e-03
7.81570e-01 1.16e-03
7.82256e-01 1.17e-03
7.82942e-01 1.18e-03
7.83628e-01 1.19e-03
7.84312e-01 1.20e-03
7.84997e-01 1.21e-03
7.85681e-01 1.22e-03
7.86364e-01 1.23e-03
7.87047e-01 1.24e-03
7.87730e-01 1.25e-03
7.88366e-01 1.27e-03
7.89048e-01 1.28e-03
7.89729e-01 1.29e-03
7.90410e-01 1.30e-03
7.91090e-01 1.32e-03
7.91770e-01 1.33e-03
7.92404e-01 1.34e-03
7.93083e-01 1.36e-03
7.93761e-01 1.37e-03
7.94439e-01 1.38e-03
7.95117e-01 1.40e-03
7.95749e-01 1.41e-03
7.96426e-01 1.43e-03
7.97102e-01 1.44e-03
7.97732e-01 1.46e-03
7.98408e-01 1.48e-03
7.99083e-01 1.49e-03
7.99757e-01 1.51e-03
8.00386e-01 1.53e-03
8.01059e-01 1.55e-03
8.01732e-01 1.57e-03
8.02360e-01 1.59e-03
8.03032e-01 1.61e-03
8.03704e-01 1.63e-03
8.04331e-01 1.65e-03
8.05002e-01 1.67e-03
8.05627e-01 1.69e-03
8.06297e-01 1.72e-03
8.06967e-01 1.74e-03
8.07591e-01 1.76e-03
8.08260e-01 1.79e-03
8.08884e-01 1.81e-03
8.09551e-01 1.84e-03
8.10174e-01 1.87e-03
8.10841e-01 1.89e-03
8.11463e-01 1.92e-03
8.12129e-01 1.95e-03
8.12751e-01 1.98e-03
8.13416e-01 2.01e-03
8.14036e-01 2.04e-03
8.14701e-01 2.08e-03
8.15321e-01 2.11e-03
8.15984e-01 2.15e-03
8.16603e-01 2.18e-03
8.17266e-01 2.22e-03
8.17884e-01 2.26e-03
8.18546e-01 2.30e-03
8.19163e-01 2.34e-03
8.19824e-01 2.38e-03
8.20440e-01 2.42e-03
8.21057e-01 2.46e-03
8.21716e-01 2.51e-03
8.22332e-01 2.56e-03
8.22947e-01 2.61e-03
8.23605e-01 2.66e-03
8.24219e-01 2.71e-03
8.24833e-01 2.76e-03
8.25490e-01 2.82e-03
8.26103e-01 2.88e-03
8.26716e-01 2.94e-03
8.27372e-01 3.00e-03
8.27984e-01 3.06e-03
8.28595e-01 3.13e-03
8.29250e-01 3.20e-03
8.29861e-01 3.27e-03
8.30471e-01 3.34e-03
8.31081e-01 3.42e-03
8.31735e-01 3.50e-03
8.32344e-01 3.58e-03
8.32953e-01 3.67e-03
8.33561e-01 3.76e-03
8.34213e-01 3.85e-03
8.34820e-01 3.94e-03
8.35428e-01 4.04e-03
8.36035e-01 4.14e-03
8.36641e-01 4.25e-03
8.37291e-01 4.36e-03
8.37897e-01 4.47e-03
8.38502e-01 4.59e-03
8.39107e-01 4.71e-03
8.39712e-01 4.83e-03
8.40316e-01 4.96e-03
8.40964e-01 5.09e-03
8.41567e-01 5.23e-03
8.42170e-01 5.37e-03
8.42773e-01 5.52e-03
8.43376e-01 5.66e-03
8.43978e-01 5.82e-03
8.44580e-01 5.97e-03
8.45181e-01 6.13e-03
8.45782e-01 6.29e-03
8.46383e-01 6.46e-03
8.46984e-01 6.62e-03
8.47584e-01 6.79e-03
8.48226e-01 6.97e-03
8.48825e-01 7.14e-03
8.49424e-01 7.32e-03
8.50023e-01 7.49e-03
8.50621e-01 7.67e-03
8.51219e-01 7.85e-03
8.51816e-01 8.03e-03
8.52413e-01 8.22e-03
8.53010e-01 8.40e-03
8.53606e-01 8.58e-03
8.54160e-01 8.77e-03
8.54756e-01 8.96e-03
8.55351e-01 9.15e-03
8.55946e-01 9.34e-03
8.56541e-01 9.53e-03
8.57135e-01 9.73e-03
8.57729e-01 9.94e-03
8.58323e-01 1.02e-02
8.58916e-01 1.04e-02
8.59509e-01 1.06e-02
8.60101e-01 1.09e-02
8.60693e-01 1.11e-02
8.61243e-01 1.14e-02
8.61835e-01 1.17e-02
8.62130e-01 1.19e-02
8.62426e-01 1.20e-02
8.62721e-01 1.22e-02
8.63017e-01 1.24e-02
8.63312e-01 1.26e-02
8.63607e-01 1.28e-02
8.63902e-01 1.30e-02
8.64197e-01 1.32e-02
8.64492e-01 1.34e-02
8.64745e-01 1.36e-02
8.65040e-01 1.39e-02
8.65334e-01 1.41e-02
8.65923e-01 1.46e-02
8.66512e-01 1.52e-02
8.67100e-01 1.57e-02
8.67689e-01 1.62e-02
8.67940e-01 1.65e-02
8.68528e-01 1.70e-02
8.68822e-01 1.73e-02
8.69115e-01 1.75e-02
8.69409e-01 1.78e-02
8.69702e-01 1.80e-02
8.69995e-01 1.82e-02
8.70289e-01 1.83e-02
8.70540e-01 1.85e-02
8.70833e-01 1.86e-02
8.71126e-01 1.87e-02
8.71419e-01 1.87e-02
8.71712e-01 1.87e-02
8.72004e-01 1.87e-02
8.72297e-01 1.87e-02
8.72548e-01 1.86e-02
8.72840e-01 1.84e-02
8.73133e-01 1.83e-02
8.73425e-01 1.81e-02
8.73717e-01 1.79e-02
8.74009e-01 1.76e-02
8.74301e-01 1.73e-02
8.74552e-01 1.71e-02
8.74844e-01 1.67e-02
8.75135e-01 1.64e-02
8.75427e-01 1.61e-02
8.75719e-01 1.57e-02
8.76302e-01 1.50e-02
8.76843e-01 1.43e-02
8.77425e-01 1.36e-02
8.78007e-01 1.29e-02
8.78257e-01 1.26e-02
8.78547e-01 1.22e-02
8.78838e-01 1.19e-02
8.79129e-01 1.16e-02
8.79419e-01 1.13e-02
8.79710e-01 1.10e-02
8.79959e-01 1.07e-02
8.80249e-01 1.04e-02
8.80539e-01 1.01e-02
8.80829e-01 9.88e-03
8.81119e-01 9.63e-03
8.81368e-01 9.38e-03
8.81658e-01 9.15e-03
8.81948e-01 8.92e-03
8.82237e-01 8.70e-03
8.82527e-01 8.49e-03
8.82775e-01 8.29e-03
8.83065e-01 8.10e-03
8.83354e-01 7.91e-03
8.83644e-01 7.73e-03
8.83933e-01 7.55e-03
8.84181e-01 7.38e-03
8.84470e-01 7.22e-03
8.84759e-01 7.06e-03
8.85048e-01 6.91e-03
8.85337e-01 6.77e-03
8.85584e-01 6.63e-03
8.85873e-01 6.49e-03
8.86161e-01 6.36e-03
8.86450e-01 6.24e-03
8.86738e-01 6.12e-03
8.86985e-01 6.00e-03
8.87274e-01 5.89e-03
8.87562e-01 5.78e-03
8.87850e-01 5.68e-03
8.88097e-01 5.57e-03
8.88385e-01 5.48e-03
8.88673e-01 5.38e-03
8.88961e-01 5.29e-03
8.89248e-01 5.20e-03
8.89495e-01 5.12e-03
8.89782e-01 5.03e-03
8.90070e-01 4.95e-03
8.90357e-01 4.88e-03
8.90891e-01 4.73e-03
8.91465e-01 4.59e-03
8.91998e-01 4.46e-03
8.92572e-01 4.34e-03
8.93104e-01 4.22e-03
8.93677e-01 4.11e-03
8.93922e-01 4.06e-03
8.94495e-01 3.96e-03
8.95026e-01 3.86e-03
8.95598e-01 3.77e-03
8.96129e-01 3.69e-03
8.96700e-01 3.61e-03
8.97230e-01 3.53e-03
8.97760e-01 3.46e-03
8.98330e-01 3.39e-03
8.98860e-01 3.33e-03
8.99429e-01 3.26e-03
8.99958e-01 3.20e-03
9.00527e-01 3.15e-03
9.01055e-01 3.09e-03
9.01583e-01 3.04e-03
9.02151e-01 2.99e-03
9.02679e-01 2.95e-03
9.03205e-01 2.90e-03
9.03773e-01 2.86e-03
9.04299e-01 2.82e-03
9.04866e-01 2.78e-03
9.05392e-01 2.74e-03
9.05917e-01 2.71e-03
9.06483e-01 2.67e-03
9.07008e-01 2.64e-03
9.07532e-01 2.61e-03
9.08097e-01 2.58e-03
9.08621e-01 2.55e-03
9.09145e-01 2.52e-03
9.09427e-01 2.51e-03
9.09951e-01 2.49e-03
9.10474e-01 2.47e-03
9.11037e-01 2.45e-03
9.11560e-01 2.43e-03
9.12082e-01 2.41e-03
9.12644e-01 2.39e-03
9.13166e-01 2.37e-03
9.13687e-01 2.36e-03
9.14209e-01 2.34e-03
9.14770e-01 2.32e-03
9.15290e-01 2.31e-03
9.15811e-01 2.30e-03
9.16331e-01 2.28e-03
9.16851e-01 2.27e-03
9.17130e-01 2.27e-03
9.17650e-01 2.26e-03
9.18169e-01 2.25e-03
9.18728e-01 2.24e-03
9.19246e-01 2.23e-03
9.19765e-01 2.22e-03
9.20283e-01 2.22e-03
9.20801e-01 2.21e-03
9.21358e-01 2.20e-03
9.21875e-01 2.20e-03
9.22392e-01 2.19e-03
9.22909e-01 2.18e-03
9.23425e-01 2.18e-03
9.23941e-01 2.18e-03
9.24457e-01 2.17e-03
9.25013e-01 2.17e-03
9.25528e-01 2.16e-03
9.26043e-01 2.16e-03
9.26558e-01 2.16e-03
9.27864e-01 2.15e-03
9.30706e-01 2.15e-03
9.32754e-01 2.15e-03
9.34288e-01 2.15e-03
9.35309e-01 2.15e-03
9.36329e-01 2.16e-03
9.36838e-01 2.16e-03
9.37347e-01 2.16e-03
9.37857e-01 2.17e-03
9.38365e-01 2.17e-03
9.38874e-01 2.17e-03
9.39148e-01 2.17e-03
9.39382e-01 2.18e-03
9.39890e-01 2.18e-03
9.40398e-01 2.19e-03
9.40905e-01 2.20e-03
9.41413e-01 2.22e-03
9.41919e-01 2.23e-03
9.42426e-01 2.24e-03
9.42933e-01 2.26e-03
9.43439e-01 2.28e-03
9.43945e-01 2.30e-03
9.44450e-01 2.32e-03
9.44956e-01 2.34e-03
9.45422e-01 2.37e-03
9.45927e-01 2.40e-03
9.46432e-01 2.44e-03
9.46936e-01 2.48e-03
9.47208e-01 2.50e-03
9.47441e-01 2.52e-03
9.47712e-01 2.54e-03
9.47944e-01 2.57e-03
9.48177e-01 2.60e-03
9.48448e-01 2.63e-03
9.48680e-01 2.66e-03
9.48952e-01 2.69e-03
9.49184e-01 2.73e-03
9.49455e-01 2.77e-03
9.49687e-01 2.81e-03
9.49919e-01 2.85e-03
9.50190e-01 2.90e-03
9.50422e-01 2.95e-03
9.50692e-01 3.00e-03
9.50924e-01 3.06e-03
9.51194e-01 3.12e-03
9.51426e-01 3.19e-03
9.51696e-01 3.26e-03
9.51928e-01 3.34e-03
9.52160e-01 3.42e-03
9.52430e-01 3.51e-03
9.52661e-01 3.61e-03
9.52931e-01 3.71e-03
9.53163e-01 3.83e-03
9.53394e-01 3.95e-03
9.53664e-01 4.08e-03
9.53895e-01 4.23e-03
9.54164e-01 4.39e-03
9.54395e-01 4.56e-03
9.54665e-01 4.74e-03
9.54896e-01 4.84e-03
9.55127e-01 4.85e-03
9.56127e-01 4.85e-03
9.56626e-01 4.84e-03
9.57126e-01 4.84e-03
9.57586e-01 4.82e-03
9.58085e-01 4.80e-03
9.58584e-01 4.78e-03
9.59082e-01 4.76e-03
9.59580e-01 4.73e-03
9.60040e-01 4.71e-03
9.60537e-01 4.68e-03
9.61035e-01 4.64e-03
9.61532e-01 4.61e-03
9.61990e-01 4.58e-03
9.62487e-01 4.54e-03
9.62983e-01 4.51e-03
9.63480e-01 4.48e-03
9.63937e-01 4.45e-03
9.64433e-01 4.42e-03
9.64929e-01 4.41e-03
9.65157e-01 4.40e-03
9.65386e-01 4.40e-03
9.65652e-01 4.40e-03
9.65881e-01 4.40e-03
9.66147e-01 4.41e-03
9.66375e-01 4.42e-03
9.66604e-01 4.44e-03
9.66870e-01 4.46e-03
9.67098e-01 4.49e-03
9.67326e-01 4.53e-03
9.67592e-01 4.58e-03
9.67820e-01 4.63e-03
9.68048e-01 4.69e-03
9.68314e-01 4.77e-03
9.68542e-01 4.86e-03
9.68769e-01 4.97e-03
9.69035e-01 5.09e-03
9.69263e-01 5.24e-03
9.69490e-01 5.41e-03
9.69756e-01 5.60e-03
9.69983e-01 5.84e-03
9.70211e-01 6.11e-03
9.70476e-01 6.42e-03
9.70703e-01 6.80e-03
9.70930e-01 7.24e-03
9.71195e-01 7.76e-03
9.71423e-01 8.39e-03
9.71650e-01 9.14e-03
9.71915e-01 1.00e-02
9.72142e-01 1.12e-02
9.72369e-01 1.25e-02
9.72633e-01 1.42e-02
9.72860e-01 1.63e-02
9.73087e-01 1.90e-02
9.73351e-01 2.24e-02
9.73578e-01 2.66e-02
9.73805e-01 3.19e-02
9.74069e-01 3.83e-02
9.74295e-01 4.54e-02
9.74522e-01 5.24e-02
9.74786e-01 5.77e-02
9.75012e-01 5.92e-02
9.75239e-01 5.66e-02
9.75503e-01 5.09e-02
9.75729e-01 4.37e-02
9.75955e-01 3.67e-02
9.76181e-01 3.06e-02
9.76445e-01 2.56e-02
9.76671e-01 2.16e-02
9.76897e-01 1.85e-02
9.77160e-01 1.60e-02
9.77386e-01 1.40e-02
9.77612e-01 1.24e-02
9.77875e-01 1.11e-02
9.78101e-01 1.00e-02
9.78326e-01 9.19e-03
9.78552e-01 8.47e-03
9.78815e-01 7.88e-03
9.79040e-01 7.38e-03
9.79266e-01 6.96e-03
9.79528e-01 6.60e-03
9.79754e-01 6.30e-03
9.79979e-01 6.04e-03
9.80242e-01 5.82e-03
9.80467e-01 5.63e-03
9.80692e-01 5.47e-03
9.80917e-01 5.33e-03
9.81179e-01 5.21e-03
9.81404e-01 5.11e-03
9.81629e-01 5.02e-03
9.81891e-01 4.95e-03
9.82116e-01 4.89e-03
9.82341e-01 4.83e-03
9.82565e-01 4.80e-03
9.82827e-01 4.76e-03
9.83052e-01 4.74e-03
9.83276e-01 4.72e-03
9.83501e-01 4.70e-03
9.83762e-01 4.69e-03
9.83987e-01 4.68e-03
9.84211e-01 4.68e-03
9.84473e-01 4.68e-03
9.84697e-01 4.69e-03
9.85145e-01 4.70e-03
9.85630e-01 4.73e-03
9.86078e-01 4.76e-03
9.86563e-01 4.79e-03
9.87010e-01 4.83e-03
9.87494e-01 4.87e-03
9.87941e-01 4.90e-03
9.88425e-01 4.94e-03
9.88872e-01 4.98e-03
9.89355e-01 5.01e-03
9.89801e-01 5.04e-03
9.90284e-01 5.07e-03
9.90730e-01 5.10e-03
9.91213e-01 5.13e-03
9.91658e-01 5.15e-03
9.92140e-01 5.17e-03
9.92585e-01 5.19e-03
9.93067e-01 5.20e-03
9.93733e-01 5.21e-03
9.94436e-01 5.22e-03
9.94658e-01 5.21e-03
9.94917e-01 5.12e-03
9.95139e-01 4.94e-03
9.95361e-01 4.77e-03
9.95582e-01 4.62e-03
9.95804e-01 4.48e-03
9.96063e-01 4.35e-03
9.96284e-01 4.23e-03
9.96506e-01 4.12e-03
9.96727e-01 4.02e-03
9.96986e-01 3.93e-03
9.97207e-01 3.84e-03
9.97428e-01 3.76e-03
9.97649e-01 3.68e-03
9.97871e-01 3.61e-03
9.98129e-01 3.55e-03
9.98350e-01 3.49e-03
9.98571e-01 3.43e-03
9.98792e-01 3.38e-03
9.99013e-01 3.33e-03
9.99271e-01 3.29e-03
9.99492e-01 3.24e-03
9.99712e-01 3.20e-03
9.99933e-01 3.18e-03
1.00015e+00 3.14e-03
1.00041e+00 3.11e-03
1.00063e+00 3.08e-03
1.00085e+00 3.05e-03
1.00107e+00 3.02e-03
1.00129e+00 3.00e-03
1.00155e+00 2.97e-03
1.00199e+00 2.93e-03
1.00243e+00 2.89e-03
1.00291e+00 2.86e-03
1.00335e+00 2.83e-03
1.00379e+00 2.81e-03
1.00426e+00 2.78e-03
1.00470e+00 2.76e-03
1.00518e+00 2.74e-03
1.00562e+00 2.73e-03
1.00606e+00 2.71e-03
1.00653e+00 2.70e-03
1.00675e+00 2.70e-03
1.00697e+00 2.69e-03
1.00719e+00 2.69e-03
1.00763e+00 2.68e-03
1.00810e+00 2.67e-03
1.00854e+00 2.66e-03
1.00898e+00 2.65e-03
1.00945e+00 2.65e-03
1.00967e+00 2.64e-03
1.01393e+00 2.63e-03
1.01726e+00 2.62e-03
1.02364e+00 2.62e-03
1.02604e+00 2.62e-03
1.03083e+00 2.62e-03
1.03105e+00 2.63e-03
1.03126e+00 2.64e-03
1.03297e+00 2.64e-03
1.03365e+00 2.64e-03
1.04349e+00 2.65e-03
1.05483e+00 2.66e-03
1.06184e+00 2.67e-03
1.06843e+00 2.68e-03
1.07572e+00 2.70e-03
1.09961e+00 2.76e-03
1.10985e+00 2.78e-03
1.12103e+00 2.80e-03
1.13276e+00 2.82e-03
1.13588e+00 2.82e-03
1.13863e+00 2.81e-03
1.14046e+00 2.81e-03
1.14065e+00 2.81e-03
1.14594e+00 2.80e-03
1.15206e+00 2.79e-03
1.15386e+00 2.79e-03
1.15600e+00 2.78e-03
1.15886e+00 2.76e-03
1.16134e+00 2.75e-03
1.16612e+00 2.72e-03
1.16630e+00 2.72e-03
1.16752e+00 2.72e-03
1.16770e+00 2.72e-03
1.17557e+00 2.67e-03
1.17939e+00 2.64e-03
1.20774e+00 2.45e-03
1.21850e+00 2.38e-03
1.22876e+00 2.31e-03
1.24692e+00 2.20e-03
1.26373e+00 2.10e-03
1.27472e+00 2.04e-03
1.29434e+00 1.94e-03
1.31238e+00 1.84e-03
1.32367e+00 1.79e-03
1.34323e+00 1.70e-03
1.36241e+00 1.61e-03
1.37182e+00 1.57e-03
1.39223e+00 1.49e-03
1.41067e+00 1.42e-03
1.42029e+00 1.38e-03
1.44026e+00 1.31e-03
1.45896e+00 1.24e-03
1.47171e+00 1.20e-03
1.49452e+00 1.13e-03
1.51043e+00 1.08e-03
1.53525e+00 1.01e-03
1.55509e+00 9.61e-04
1.57485e+00 9.12e-04
1.59664e+00 8.60e-04
1.60724e+00 8.36e-04
1.63674e+00 7.72e-04
1.65125e+00 7.42e-04
1.68295e+00 6.82e-04
1.69798e+00 6.54e-04
1.73337e+00 5.95e-04
1.74725e+00 5.73e-04
1.75295e+00 5.64e-04
1.75309e+00 5.63e-04
1.78835e+00 5.12e-04
1.83261e+00 4.54e-04
1.87576e+00 4.04e-04
1.92578e+00 3.53e-04
1.95799e+00 3.23e-04
1.95836e+00 3.23e-04
1.95873e+00 3.22e-04
1.95909e+00 3.22e-04
1.95946e+00 3.22e-04
1.95983e+00 3.21e-04
1.96019e+00 3.21e-04
1.96056e+00 3.21e-04
1.96093e+00 3.20e-04
1.96129e+00 3.20e-04
1.96167e+00 3.20e-04
1.96204e+00 3.19e-04
1.96240e+00 3.19e-04
1.96277e+00 3.19e-04
1.96315e+00 3.18e-04
1.96351e+00 3.18e-04
1.96388e+00 3.18e-04
1.96426e+00 3.17e-04
1.96462e+00 3.17e-04
1.98086e+00 3.04e-04
1.98125e+00 3.03e-04
1.98162e+00 3.03e-04
1.98201e+00 3.03e-04
1.98239e+00 3.02e-04
1.98278e+00 3.02e-04
1.98318e+00 3.02e-04
1.98356e+00 3.01e-04
1.98395e+00 3.01e-04
1.98433e+00 3.01e-04
1.98472e+00 3.00e-04
1.98510e+00 3.00e-04
1.98550e+00 3.00e-04
1.98589e+00 2.99e-04
1.98627e+00 2.99e-04
1.98667e+00 2.99e-04
1.98705e+00 2.99e-04
1.98745e+00 2.98e-04
1.98783e+00 2.98e-04
1.98823e+00 2.98e-04
1.98861e+00 2.97e-04
1.98901e+00 2.97e-04
1.98939e+00 2.97e-04
1.98979e+00 2.96e-04
1.99019e+00 2.96e-04
1.99058e+00 2.96e-04
1.99097e+00 2.95e-04
1.99136e+00 2.95e-04
1.99176e+00 2.95e-04
1.99215e+00 2.94e-04
1.99255e+00 2.94e-04
1.99294e+00 2.94e-04
1.99334e+00 2.93e-04
1.99373e+00 2.93e-04
1.99413e+00 2.93e-04
1.99452e+00 2.93e-04
1.99492e+00 2.92e-04
1.99533e+00 2.92e-04
1.99572e+00 2.92e-04
1.99611e+00 2.91e-04
1.99652e+00 2.91e-04
1.99692e+00 2.91e-04
1.99731e+00 2.90e-04
1.99772e+00 2.90e-04
1.99811e+00 2.90e-04
1.99852e+00 2.89e-04
1.99891e+00 2.89e-04
1.99932e+00 2.89e-04
1.99972e+00 2.88e-04
2.00011e+00 2.88e-04
2.00052e+00 2.88e-04
2.00093e+00 2.87e-04
2.00133e+00 2.87e-04
2.00174e+00 2.87e-04
2.00214e+00 2.86e-04
2.00253e+00 2.86e-04
2.00294e+00 2.86e-04
2.00334e+00 2.85e-04
2.00376e+00 2.85e-04
2.00417e+00 2.85e-04
2.00457e+00 2.85e-04
2.00497e+00 2.84e-04
2.00538e+00 2.84e-04
2.00580e+00 2.84e-04
2.00620e+00 2.83e-04
2.00660e+00 2.83e-04
2.00702e+00 2.83e-04
2.00742e+00 2.82e-04
2.00784e+00 2.82e-04
2.00824e+00 2.82e-04
2.00866e+00 2.81e-04
2.00906e+00 2.81e-04
2.00947e+00 2.81e-04
2.00989e+00 2.80e-04
2.01029e+00 2.80e-04
2.01071e+00 2.80e-04
2.01112e+00 2.79e-04
2.01154e+00 2.79e-04
2.01195e+00 2.79e-04
2.01237e+00 2.78e-04
2.01278e+00 2.78e-04
2.01319e+00 2.78e-04
2.01361e+00 2.78e-04
2.01402e+00 2.77e-04
2.01444e+00 2.77e-04
2.01486e+00 2.77e-04
2.01528e+00 2.76e-04
2.01569e+00 2.76e-04
2.01612e+00 2.76e-04
2.01653e+00 2.75e-04
2.01695e+00 2.75e-04
2.01737e+00 2.75e-04
2.01779e+00 2.74e-04
2.01820e+00 2.74e-04
2.01863e+00 2.74e-04
2.01905e+00 2.74e-04
2.01947e+00 2.73e-04
2.01989e+00 2.73e-04
2.02032e+00 2.73e-04
2.02074e+00 2.72e-04
2.02116e+00 2.72e-04
2.02159e+00 2.72e-04
2.02201e+00 2.71e-04
2.02243e+00 2.71e-04
2.02286e+00 2.71e-04
2.02328e+00 2.70e-04
2.02372e+00 2.70e-04
2.02414e+00 2.70e-04
2.02456e+00 2.69e-04
2.02500e+00 2.69e-04
2.02542e+00 2.69e-04
2.02586e+00 2.69e-04
2.02628e+00 2.68e-04
2.02671e+00 2.68e-04
2.02713e+00 2.68e-04
2.02757e+00 2.67e-04
2.02800e+00 2.67e-04
2.02844e+00 2.67e-04
2.02887e+00 2.66e-04
2.02929e+00 2.66e-04
2.02973e+00 2.66e-04
2.03016e+00 2.65e-04
2.03059e+00 2.65e-04
2.03104e+00 2.65e-04
2.03147e+00 2.65e-04
2.03190e+00 2.64e-04
2.03234e+00 2.64e-04
2.03278e+00 2.64e-04
2.03321e+00 2.63e-04
2.03365e+00 2.63e-04
2.03409e+00 2.63e-04
2.03452e+00 2.62e-04
2.03497e+00 2.62e-04
2.03541e+00 2.62e-04
2.03584e+00 2.61e-04
2.03629e+00 2.61e-04
2.03673e+00 2.61e-04
2.03717e+00 2.60e-04
2.03762e+00 2.60e-04
2.03806e+00 2.60e-04
2.03850e+00 2.59e-04
2.03895e+00 2.59e-04
2.03939e+00 2.59e-04
2.03983e+00 2.59e-04
2.04027e+00 2.58e-04
2.04071e+00 2.58e-04
2.04117e+00 2.58e-04
2.04161e+00 2.57e-04
2.04206e+00 2.57e-04
2.04251e+00 2.57e-04
2.04296e+00 2.56e-04
2.04340e+00 2.56e-04
2.04385e+00 2.56e-04
2.04431e+00 2.55e-04
2.04476e+00 2.55e-04
2.04521e+00 2.55e-04
2.04566e+00 2.54e-04
2.04612e+00 2.54e-04
2.04657e+00 2.54e-04
2.04702e+00 2.53e-04
2.04747e+00 2.53e-04
2.04793e+00 2.53e-04
2.04838e+00 2.52e-04
2.04884e+00 2.52e-04
2.04929e+00 2.52e-04
2.04976e+00 2.52e-04
2.05021e+00 2.51e-04
2.05067e+00 2.51e-04
2.05113e+00 2.51e-04
2.05158e+00 2.50e-04
2.05204e+00 2.50e-04
2.05251e+00 2.50e-04
2.05297e+00 2.49e-04
2.05343e+00 2.49e-04
2.05389e+00 2.49e-04
2.05435e+00 2.48e-04
2.05482e+00 2.48e-04
2.05528e+00 2.48e-04
2.05575e+00 2.47e-04
2.05621e+00 2.47e-04
2.05667e+00 2.47e-04
2.05714e+00 2.46e-04
2.05760e+00 2.46e-04
2.05808e+00 2.46e-04
2.05855e+00 2.45e-04
2.05902e+00 2.45e-04
2.05948e+00 2.45e-04
2.05995e+00 2.45e-04
2.06042e+00 2.44e-04
2.06090e+00 2.44e-04
2.06137e+00 2.44e-04
2.06184e+00 2.43e-04
2.06232e+00 2.43e-04
2.06279e+00 2.43e-04
2.06326e+00 2.42e-04
2.06374e+00 2.42e-04
2.06421e+00 2.42e-04
2.06470e+00 2.41e-04
2.06517e+00 2.41e-04
2.06565e+00 2.41e-04
2.06613e+00 2.41e-04
2.06661e+00 2.40e-04
2.06709e+00 2.40e-04
2.06757e+00 2.40e-04
2.06805e+00 2.39e-04
2.06853e+00 2.39e-04
2.06901e+00 2.39e-04
2.06949e+00 2.38e-04
2.06998e+00 2.38e-04
2.07046e+00 2.38e-04
2.07096e+00 2.37e-04
2.07143e+00 2.37e-04
2.07193e+00 2.37e-04
2.07242e+00 2.36e-04
2.07290e+00 2.36e-04
2.07339e+00 2.36e-04
2.07388e+00 2.36e-04
2.07437e+00 2.35e-04
2.07486e+00 2.35e-04
2.07536e+00 2.35e-04
2.07585e+00 2.34e-04
2.07634e+00 2.34e-04
2.07684e+00 2.34e-04
2.07733e+00 2.33e-04
2.07783e+00 2.33e-04
2.07832e+00 2.33e-04
2.07882e+00 2.32e-04
2.07932e+00 2.32e-04
2.07982e+00 2.32e-04
2.08032e+00 2.31e-04
2.08082e+00 2.31e-04
2.08131e+00 2.31e-04
2.08181e+00 2.30e-04
2.08231e+00 2.30e-04
2.08282e+00 2.30e-04
2.08332e+00 2.30e-04
2.08383e+00 2.29e-04
2.08433e+00 2.29e-04
2.08484e+00 2.29e-04
2.08535e+00 2.28e-04
2.08586e+00 2.28e-04
2.08636e+00 2.28e-04
2.08686e+00 2.27e-04
2.08738e+00 2.27e-04
2.08789e+00 2.27e-04
2.08840e+00 2.26e-04
2.08891e+00 2.26e-04
2.08943e+00 2.26e-04
2.08994e+00 2.25e-04
2.09046e+00 2.25e-04
2.09097e+00 2.25e-04
2.09149e+00 2.24e-04
2.09201e+00 2.24e-04
2.09253e+00 2.24e-04
2.09305e+00 2.23e-04
2.09357e+00 2.23e-04
2.09408e+00 2.23e-04
2.09460e+00 2.22e-04
2.09513e+00 2.22e-04
2.09565e+00 2.22e-04
2.09618e+00 2.21e-04
2.09670e+00 2.21e-04
2.09723e+00 2.21e-04
2.09775e+00 2.21e-04
2.09828e+00 2.20e-04
2.09882e+00 2.20e-04
2.09934e+00 2.20e-04
2.09987e+00 2.19e-04
2.10040e+00 2.19e-04
2.10093e+00 2.19e-04
2.10146e+00 2.18e-04
2.10200e+00 2.18e-04
2.10254e+00 2.18e-04
2.10307e+00 2.17e-04
2.10361e+00 2.17e-04
2.10415e+00 2.17e-04
2.10468e+00 2.16e-04
2.10522e+00 2.16e-04
2.10577e+00 2.16e-04
2.10630e+00 2.15e-04
2.10685e+00 2.15e-04
2.10738e+00 2.15e-04
2.10793e+00 2.14e-04
2.10848e+00 2.14e-04
2.10902e+00 2.14e-04
2.10957e+00 2.14e-04
2.11012e+00 2.13e-04
2.11066e+00 2.13e-04
2.11122e+00 2.13e-04
2.11176e+00 2.12e-04
2.11232e+00 2.12e-04
2.11288e+00 2.12e-04
2.11343e+00 2.11e-04
2.11399e+00 2.11e-04
2.11454e+00 2.11e-04
2.11510e+00 2.10e-04
2.11565e+00 2.10e-04
2.11621e+00 2.10e-04
2.11677e+00 2.09e-04
2.11734e+00 2.09e-04
2.11789e+00 2.09e-04
2.11846e+00 2.08e-04
2.11902e+00 2.08e-04
2.11959e+00 2.08e-04
2.12015e+00 2.08e-04
2.12073e+00 2.07e-04
2.12129e+00 2.07e-04
2.12187e+00 2.07e-04
2.12243e+00 2.06e-04
2.12300e+00 2.06e-04
2.12358e+00 2.06e-04
2.12415e+00 2.05e-04
2.12473e+00 2.05e-04
2.12530e+00 2.05e-04
2.12588e+00 2.04e-04
2.12646e+00 2.04e-04
2.12704e+00 2.04e-04
2.12761e+00 2.03e-04
2.12820e+00 2.03e-04
2.12878e+00 2.03e-04
2.12936e+00 2.02e-04
2.12996e+00 2.02e-04
2.13054e+00 2.02e-04
2.13113e+00 2.01e-04
2.13171e+00 2.01e-04
2.13231e+00 2.01e-04
2.13290e+00 2.00e-04
2.13349e+00 2.00e-04
2.13408e+00 2.00e-04
2.13468e+00 1.99e-04
2.13528e+00 1.99e-04
2.13587e+00 1.99e-04
2.13647e+00 1.98e-04
2.13707e+00 1.98e-04
2.13768e+00 1.98e-04
2.13828e+00 1.97e-04
2.13888e+00 1.97e-04
2.13948e+00 1.97e-04
2.14009e+00 1.96e-04
2.14070e+00 1.96e-04
2.14130e+00 1.96e-04
2.14191e+00 1.95e-04
2.14253e+00 1.95e-04
2.14314e+00 1.95e-04
2.14375e+00 1.94e-04
2.14437e+00 1.94e-04
2.14498e+00 1.94e-04
2.14560e+00 1.93e-04
2.14622e+00 1.93e-04
2.14684e+00 1.93e-04
2.14747e+00 1.92e-04
2.14809e+00 1.92e-04
2.14872e+00 1.92e-04
2.14934e+00 1.91e-04
2.14997e+00 1.91e-04
2.15060e+00 1.91e-04
2.15123e+00 1.90e-04
2.15155e+00 1.90e-04
2.15218e+00 1.89e-04
2.15282e+00 1.89e-04
2.15345e+00 1.89e-04
2.15409e+00 1.88e-04
2.15472e+00 1.88e-04
2.15537e+00 1.88e-04
2.15601e+00 1.88e-04
2.15666e+00 1.87e-04
2.15729e+00 1.87e-04
2.15794e+00 1.87e-04
2.15859e+00 1.86e-04
2.15923e+00 1.86e-04
2.15989e+00 1.86e-04
2.16054e+00 1.85e-04
2.16119e+00 1.85e-04
2.16185e+00 1.85e-04
2.16251e+00 1.84e-04
2.16317e+00 1.84e-04
2.16383e+00 1.84e-04
2.16449e+00 1.83e-04
2.16516e+00 1.83e-04
2.16583e+00 1.83e-04
2.16649e+00 1.82e-04
2.16715e+00 1.82e-04
2.16783e+00 1.82e-04
2.16849e+00 1.81e-04
2.16917e+00 1.81e-04
2.16984e+00 1.81e-04
2.17053e+00 1.80e-04
2.17120e+00 1.80e-04
2.17188e+00 1.80e-04
2.17257e+00 1.79e-04
2.17325e+00 1.79e-04
2.17393e+00 1.79e-04
2.17463e+00 1.78e-04
2.17531e+00 1.78e-04
2.17600e+00 1.78e-04
2.17669e+00 1.77e-04
2.17740e+00 1.77e-04
2.17809e+00 1.76e-04
2.17879e+00 1.76e-04
2.17949e+00 1.76e-04
2.18019e+00 1.75e-04
2.18089e+00 1.75e-04
2.18160e+00 1.75e-04
2.18231e+00 1.74e-04
2.18302e+00 1.74e-04
2.18373e+00 1.74e-04
2.18444e+00 1.73e-04
2.18516e+00 1.73e-04
2.18588e+00 1.73e-04
2.18660e+00 1.72e-04
2.18732e+00 1.72e-04
2.18805e+00 1.72e-04
2.18878e+00 1.71e-04
2.18951e+00 1.71e-04
2.19023e+00 1.71e-04
2.19096e+00 1.70e-04
2.19170e+00 1.70e-04
2.19244e+00 1.70e-04
2.19317e+00 1.69e-04
2.19392e+00 1.69e-04
2.19465e+00 1.69e-04
2.19540e+00 1.68e-04
2.19615e+00 1.68e-04
2.19690e+00 1.68e-04
2.19766e+00 1.67e-04
2.19841e+00 1.67e-04
2.19917e+00 1.67e-04
2.19992e+00 1.66e-04
2.20069e+00 1.66e-04
2.20145e+00 1.65e-04
2.20221e+00 1.65e-04
2.20299e+00 1.65e-04
2.20376e+00 1.64e-04
2.20453e+00 1.64e-04
2.20530e+00 1.64e-04
2.20609e+00 1.63e-04
2.20687e+00 1.63e-04
2.20765e+00 1.63e-04
2.20843e+00 1.62e-04
2.20922e+00 1.62e-04
2.21001e+00 1.62e-04
2.21081e+00 1.61e-04
2.21160e+00 1.61e-04
2.21240e+00 1.61e-04
2.21320e+00 1.60e-04
2.21401e+00 1.60e-04
2.21481e+00 1.60e-04
2.21562e+00 1.59e-04
2.21643e+00 1.59e-04
2.21725e+00 1.58e-04
2.21806e+00 1.58e-04
2.21889e+00 1.58e-04
2.21971e+00 1.57e-04
2.22054e+00 1.57e-04
2.22136e+00 1.57e-04
2.22220e+00 1.56e-04
2.22303e+00 1.56e-04
2.22387e+00 1.56e-04
2.22471e+00 1.55e-04
2.22555e+00 1.55e-04
2.22641e+00 1.54e-04
2.22725e+00 1.54e-04
2.22811e+00 1.54e-04
2.22896e+00 1.53e-04
2.22982e+00 1.53e-04
2.23068e+00 1.53e-04
2.23155e+00 1.52e-04
2.23242e+00 1.52e-04
2.23329e+00 1.52e-04
2.23417e+00 1.51e-04
2.23504e+00 1.51e-04
2.23593e+00 1.50e-04
2.23681e+00 1.50e-04
2.23771e+00 1.50e-04
2.23859e+00 1.49e-04
2.23950e+00 1.49e-04
2.24039e+00 1.49e-04
2.24129e+00 1.48e-04
2.24220e+00 1.48e-04
2.24311e+00 1.48e-04
2.24402e+00 1.47e-04
2.24495e+00 1.47e-04
2.24587e+00 1.46e-04
2.24679e+00 1.46e-04
2.24772e+00 1.46e-04
2.24866e+00 1.45e-04
2.24960e+00 1.45e-04
2.25053e+00 1.45e-04
2.25148e+00 1.44e-04
2.25243e+00 1.44e-04
2.25338e+00 1.43e-04
2.25434e+00 1.43e-04
2.25529e+00 1.43e-04
2.25627e+00 1.42e-04
2.25723e+00 1.42e-04
2.25820e+00 1.42e-04
2.25919e+00 1.41e-04
2.26017e+00 1.41e-04
2.26116e+00 1.40e-04
2.26215e+00 1.40e-04
2.26315e+00 1.40e-04
2.26415e+00 1.39e-04
2.26515e+00 1.39e-04
2.26616e+00 1.38e-04
2.26718e+00 1.38e-04
2.26820e+00 1.38e-04
2.26922e+00 1.37e-04
2.27026e+00 1.37e-04
2.27129e+00 1.37e-04
2.27233e+00 1.36e-04
2.27337e+00 1.36e-04
2.27442e+00 1.35e-04
2.27548e+00 1.35e-04
2.27654e+00 1.35e-04
2.27761e+00 1.34e-04
2.27868e+00 1.34e-04
2.27976e+00 1.33e-04
2.28084e+00 1.33e-04
2.28193e+00 1.33e-04
2.28303e+00 1.32e-04
2.28413e+00 1.32e-04
2.28523e+00 1.31e-04
2.28634e+00 1.31e-04
2.28746e+00 1.31e-04
2.28858e+00 1.30e-04
2.28971e+00 1.30e-04
2.29085e+00 1.29e-04
2.29199e+00 1.29e-04
2.29314e+00 1.29e-04
2.29429e+00 1.28e-04
2.29546e+00 1.28e-04
2.29663e+00 1.27e-04
2.29780e+00 1.27e-04
2.29898e+00 1.27e-04
2.30017e+00 1.26e-04
2.30136e+00 1.26e-04
2.30258e+00 1.25e-04
2.30378e+00 1.25e-04
2.30498e+00 1.24e-04
2.30618e+00 1.24e-04
2.30747e+00 1.24e-04
2.30867e+00 1.23e-04
2.30996e+00 1.23e-04
2.31125e+00 1.22e-04
2.31244e+00 1.22e-04
2.31372e+00 1.21e-04
2.31501e+00 1.21e-04
2.31629e+00 1.21e-04
2.31757e+00 1.20e-04
2.31895e+00 1.20e-04
2.32023e+00 1.19e-04
2.32160e+00 1.19e-04
2.32288e+00 1.18e-04
2.32425e+00 1.18e-04
2.32562e+00 1.17e-04
2.32698e+00 1.17e-04
2.32835e+00 1.17e-04
2.32903e+00 1.16e-04
2.33039e+00 1.16e-04
2.33185e+00 1.15e-04
2.33321e+00 1.15e-04
2.33466e+00 1.15e-04
2.33612e+00 1.14e-04
2.33747e+00 1.14e-04
2.33901e+00 1.13e-04
2.34046e+00 1.13e-04
2.34190e+00 1.12e-04
2.34344e+00 1.12e-04
2.34488e+00 1.11e-04
2.34641e+00 1.11e-04
2.34794e+00 1.10e-04
2.34947e+00 1.10e-04
2.35099e+00 1.10e-04
2.35261e+00 1.09e-04
2.35337e+00 1.09e-04
2.35499e+00 1.08e-04
2.35650e+00 1.08e-04
2.35811e+00 1.07e-04
2.35982e+00 1.07e-04
2.36142e+00 1.06e-04
2.36312e+00 1.06e-04
2.36471e+00 1.05e-04
2.36640e+00 1.05e-04
2.36819e+00 1.04e-04
2.36987e+00 1.04e-04
2.37164e+00 1.03e-04
2.37332e+00 1.03e-04
2.37518e+00 1.02e-04
2.37695e+00 1.02e-04
2.37871e+00 1.01e-04
2.38056e+00 1.01e-04
2.38241e+00 1.00e-04
2.38426e+00 9.98e-05
2.38619e+00 9.93e-05
2.38812e+00 9.88e-05
2.39005e+00 9.82e-05
2.39197e+00 9.77e-05
2.39398e+00 9.72e-05
2.39598e+00 9.66e-05
2.39799e+00 9.61e-05
2.40007e+00 9.55e-05
2.40216e+00 9.50e-05
2.40424e+00 9.44e-05
2.40640e+00 9.38e-05
2.40848e+00 9.33e-05
2.41072e+00 9.27e-05
2.41296e+00 9.21e-05
2.41520e+00 9.16e-05
2.41743e+00 9.10e-05
2.41975e+00 9.04e-05
2.42214e+00 8.99e-05
2.42454e+00 8.93e-05
2.42692e+00 8.87e-05
2.42939e+00 8.81e-05
2.43186e+00 8.75e-05
2.43440e+00 8.69e-05
2.43694e+00 8.63e-05
2.43956e+00 8.56e-05
2.44226e+00 8.50e-05
2.44495e+00 8.43e-05
2.44772e+00 8.37e-05
2.45057e+00 8.30e-05
2.45342e+00 8.24e-05
2.45634e+00 8.17e-05
2.45933e+00 8.10e-05
2.46241e+00 8.03e-05
2.46547e+00 7.97e-05
2.46861e+00 7.90e-05
2.47191e+00 7.83e-05
2.47519e+00 7.76e-05
2.47855e+00 7.68e-05
2.48207e+00 7.61e-05
2.48566e+00 7.53e-05
2.48740e+00 7.50e-05
2.48923e+00 7.43e-05
2.49304e+00 7.35e-05
2.49684e+00 7.27e-05
2.50078e+00 7.19e-05
2.50487e+00 7.11e-05
2.50911e+00 7.03e-05
2.51341e+00 6.95e-05
2.51786e+00 6.86e-05
2.52252e+00 6.78e-05
2.52733e+00 6.69e-05
2.53227e+00 6.60e-05
2.53742e+00 6.50e-05
2.54286e+00 6.40e-05
2.54843e+00 6.30e-05
2.55428e+00 6.20e-05
2.56048e+00 6.10e-05
2.56695e+00 5.99e-05
2.57376e+00 5.88e-05
2.58097e+00 5.76e-05
2.58867e+00 5.64e-05
2.59682e+00 5.51e-05
2.60565e+00 5.38e-05
2.61513e+00 5.24e-05
2.62024e+00 5.17e-05
2.62554e+00 5.09e-05
2.63698e+00 4.93e-05
2.64319e+00 4.85e-05
2.64971e+00 4.76e-05
2.65669e+00 4.67e-05
2.66410e+00 4.57e-05
2.67215e+00 4.47e-05
2.68082e+00 4.36e-05
2.69029e+00 4.25e-05
2.70069e+00 4.13e-05
2.71231e+00 4.00e-05
2.72543e+00 3.85e-05
2.74065e+00 3.70e-05
2.75874e+00 3.51e-05
2.78130e+00 3.30e-05
2.81151e+00 3.03e-05
2.85859e+00 2.66e-05
2.99573e+00 1.82e-05
