# OPACITY Project tables
-2.61515e+00 3.89e+01
-2.27341e+00 1.34e+01
-2.07433e+00 7.22e+00
-1.93351e+00 4.65e+00
-1.82455e+00 3.31e+00
-1.73574e+00 2.51e+00
-1.66078e+00 1.99e+00
-1.59603e+00 1.62e+00
-1.53898e+00 1.36e+00
-1.48802e+00 1.16e+00
-1.44198e+00 1.00e+00
-1.40003e+00 8.79e-01
-1.36148e+00 7.79e-01
-1.32584e+00 6.97e-01
-1.29269e+00 6.28e-01
-1.26174e+00 5.71e-01
-1.23268e+00 5.21e-01
-1.20531e+00 4.79e-01
-1.17944e+00 4.42e-01
-1.15493e+00 4.09e-01
-1.13165e+00 3.81e-01
-1.10945e+00 3.56e-01
-1.08827e+00 3.33e-01
-1.06799e+00 3.13e-01
-1.04857e+00 2.95e-01
-1.02994e+00 2.79e-01
-1.01200e+00 2.64e-01
-9.94739e-01 2.50e-01
-9.78086e-01 2.38e-01
-9.62021e-01 2.27e-01
-9.46492e-01 2.17e-01
-9.31455e-01 2.08e-01
-9.16916e-01 1.99e-01
-9.02807e-01 1.91e-01
-8.89113e-01 1.84e-01
-8.75797e-01 1.77e-01
-8.62868e-01 1.70e-01
-8.50292e-01 1.65e-01
-8.38057e-01 1.59e-01
-8.26130e-01 1.54e-01
-8.14502e-01 1.50e-01
-8.03185e-01 1.45e-01
-7.92106e-01 1.41e-01
-7.81301e-01 1.37e-01
-7.70741e-01 1.34e-01
-7.50331e-01 1.27e-01
-7.40469e-01 1.24e-01
-7.30787e-01 1.21e-01
-7.21320e-01 1.18e-01
-7.12045e-01 1.15e-01
-7.02955e-01 1.13e-01
-6.94048e-01 1.10e-01
-6.85298e-01 1.08e-01
-6.76723e-01 1.06e-01
-6.68298e-01 1.04e-01
-6.51909e-01 9.97e-02
-6.36087e-01 9.59e-02
-6.20808e-01 9.24e-02
-6.06016e-01 8.89e-02
-5.98801e-01 8.85e-02
-5.91692e-01 8.56e-02
-5.84687e-01 8.42e-02
-5.71018e-01 8.11e-02
-5.64314e-01 7.97e-02
-5.57725e-01 7.83e-02
-5.44831e-01 7.55e-02
-5.32288e-01 7.31e-02
-5.26142e-01 7.22e-02
-5.20085e-01 7.09e-02
-5.14098e-01 6.98e-02
-5.08196e-01 6.89e-02
-5.02362e-01 6.76e-02
-4.96610e-01 6.68e-02
-4.90925e-01 6.55e-02
-4.85320e-01 6.44e-02
-4.79779e-01 6.36e-02
-4.74301e-01 6.24e-02
-4.68884e-01 6.16e-02
-4.63545e-01 6.42e-02
-4.58265e-01 6.01e-02
-4.53044e-01 5.89e-02
-4.47882e-01 5.81e-02
-4.42778e-01 5.72e-02
-4.37730e-01 5.88e-02
-4.32739e-01 5.59e-02
-4.27803e-01 5.50e-02
-4.22922e-01 5.43e-02
-4.18095e-01 5.36e-02
-4.13321e-01 5.33e-02
-4.08585e-01 5.23e-02
-4.03901e-01 5.16e-02
-3.99284e-01 5.26e-02
-3.94688e-01 5.07e-02
-3.90158e-01 5.05e-02
-3.85662e-01 4.94e-02
-3.81216e-01 4.88e-02
-3.76819e-01 4.83e-02
-3.72456e-01 4.76e-02
-3.68126e-01 4.72e-02
-3.63858e-01 4.64e-02
-3.59622e-01 4.61e-02
-3.55419e-01 4.53e-02
-3.51261e-01 4.52e-02
-3.47135e-01 4.43e-02
-3.43054e-01 4.66e-02
-3.39003e-01 4.34e-02
-3.34997e-01 4.29e-02
-3.31021e-01 4.69e-02
-3.27088e-01 4.25e-02
-3.23185e-01 4.33e-02
-3.19310e-01 4.13e-02
-3.15464e-01 4.08e-02
-3.11661e-01 4.05e-02
-3.07885e-01 3.99e-02
-3.04150e-01 4.05e-02
-3.00430e-01 4.09e-02
-2.96750e-01 3.97e-02
-2.93097e-01 4.23e-02
-2.89484e-01 3.91e-02
-2.85884e-01 3.85e-02
-2.82323e-01 3.74e-02
-2.78788e-01 3.69e-02
-2.75279e-01 3.66e-02
-2.71796e-01 3.64e-02
-2.68350e-01 3.60e-02
-2.64917e-01 3.60e-02
-2.61521e-01 5.16e-02
-2.58149e-01 3.52e-02
-2.54802e-01 3.49e-02
-2.48167e-01 3.41e-02
-2.44891e-01 3.39e-02
-2.41639e-01 3.37e-02
-2.38409e-01 3.33e-02
-2.35203e-01 3.29e-02
-2.32020e-01 3.34e-02
-2.28860e-01 3.23e-02
-2.25722e-01 3.19e-02
-2.22606e-01 3.17e-02
-2.19513e-01 3.13e-02
-2.16441e-01 3.11e-02
-2.13391e-01 3.20e-02
-2.10363e-01 3.04e-02
-2.07344e-01 3.06e-02
-2.04359e-01 2.99e-02
-2.01382e-01 2.97e-02
-1.98439e-01 2.97e-02
-1.95504e-01 3.09e-02
-1.92590e-01 2.92e-02
-1.89697e-01 2.91e-02
-1.86824e-01 3.13e-02
-1.83971e-01 2.92e-02
-1.81126e-01 2.88e-02
-1.78314e-01 2.87e-02
-1.75509e-01 2.89e-02
-1.72724e-01 2.81e-02
-1.69958e-01 2.82e-02
-1.67200e-01 2.80e-02
-1.64474e-01 2.77e-02
-1.61755e-01 2.75e-02
-1.59054e-01 2.75e-02
-1.56373e-01 2.72e-02
-1.51044e-01 2.68e-02
-1.48407e-01 2.76e-02
-1.45789e-01 2.62e-02
-1.43189e-01 2.60e-02
-1.40596e-01 2.73e-02
-1.38021e-01 2.55e-02
-1.35453e-01 2.55e-02
-1.32914e-01 2.52e-02
-1.30382e-01 2.49e-02
-1.27867e-01 2.48e-02
-1.25359e-01 2.46e-02
-1.22868e-01 2.45e-02
-1.20395e-01 2.43e-02
-1.17928e-01 2.40e-02
-1.15489e-01 2.38e-02
-1.13057e-01 2.38e-02
-1.10630e-01 2.35e-02
-1.08220e-01 2.35e-02
-1.05827e-01 2.33e-02
-1.03440e-01 2.31e-02
-1.01070e-01 2.31e-02
-9.87160e-02 2.30e-02
-9.63788e-02 2.31e-02
-9.40360e-02 2.28e-02
-8.94106e-02 2.26e-02
-8.71168e-02 2.25e-02
-8.48283e-02 2.27e-02
-8.25559e-02 2.21e-02
-8.02994e-02 2.21e-02
-7.80480e-02 2.18e-02
-7.58125e-02 2.17e-02
-7.35820e-02 2.15e-02
-7.13671e-02 2.14e-02
-6.69735e-02 2.11e-02
-6.47839e-02 2.10e-02
-6.26097e-02 2.09e-02
-5.82967e-02 2.06e-02
-5.61577e-02 2.05e-02
-5.40233e-02 2.03e-02
-5.19040e-02 2.01e-02
-4.97997e-02 2.00e-02
-4.76998e-02 1.99e-02
-4.56042e-02 1.98e-02
-4.35236e-02 1.96e-02
-3.93959e-02 1.95e-02
-3.73385e-02 1.94e-02
-3.32673e-02 1.92e-02
-2.92229e-02 1.89e-02
-2.72170e-02 1.89e-02
-2.52255e-02 1.91e-02
-2.12543e-02 1.88e-02
-1.92848e-02 1.87e-02
-1.73293e-02 1.86e-02
-1.53675e-02 1.84e-02
-1.34298e-02 1.83e-02
-1.14958e-02 1.81e-02
-9.56560e-03 1.79e-02
-7.64918e-03 1.78e-02
-3.83735e-03 1.76e-02
-5.00013e-05 1.74e-02
3.69317e-03 1.72e-02
9.25702e-03 1.70e-02
1.29162e-02 1.68e-02
1.47901e-02 1.67e-02
1.84291e-02 1.65e-02
2.01947e-02 1.64e-02
2.38142e-02 1.62e-02
2.73233e-02 1.60e-02
3.08201e-02 1.58e-02
3.43048e-02 1.56e-02
3.77774e-02 1.55e-02
4.12379e-02 1.53e-02
4.46865e-02 1.51e-02
4.80280e-02 1.50e-02
5.14533e-02 1.48e-02
5.47722e-02 1.47e-02
5.80802e-02 1.45e-02
6.13773e-02 1.44e-02
6.46635e-02 1.42e-02
6.78455e-02 1.41e-02
7.11106e-02 1.40e-02
7.42722e-02 1.38e-02
7.74239e-02 1.37e-02
7.90884e-02 1.36e-02
8.22249e-02 1.35e-02
8.52598e-02 1.34e-02
8.83771e-02 1.33e-02
8.99321e-02 1.32e-02
9.30349e-02 1.31e-02
9.60372e-02 1.29e-02
9.90305e-02 1.28e-02
1.00569e-01 1.28e-02
1.03549e-01 1.26e-02
1.06520e-01 1.25e-02
1.07957e-01 1.25e-02
1.09482e-01 1.24e-02
1.12435e-01 1.23e-02
1.13864e-01 1.22e-02
1.16805e-01 1.21e-02
1.18227e-01 1.21e-02
1.21067e-01 1.20e-02
1.23898e-01 1.19e-02
1.26809e-01 1.18e-02
1.28217e-01 1.18e-02
1.29624e-01 1.17e-02
1.32431e-01 1.16e-02
1.35143e-01 1.15e-02
1.37934e-01 1.14e-02
1.40718e-01 1.13e-02
1.43407e-01 1.12e-02
1.46176e-01 1.11e-02
1.48851e-01 1.11e-02
1.51519e-01 1.10e-02
1.54179e-01 1.09e-02
1.56833e-01 1.08e-02
1.59479e-01 1.07e-02
1.62119e-01 1.06e-02
1.64751e-01 1.06e-02
1.67293e-01 1.05e-02
1.69912e-01 1.04e-02
1.72440e-01 1.03e-02
1.74961e-01 1.02e-02
1.77477e-01 1.02e-02
1.80069e-01 1.01e-02
1.82572e-01 1.00e-02
1.84985e-01 9.94e-03
1.87475e-01 9.87e-03
1.89959e-01 9.80e-03
1.92437e-01 9.73e-03
1.94826e-01 9.66e-03
1.97292e-01 9.59e-03
1.99670e-01 9.52e-03
2.02042e-01 9.45e-03
2.04409e-01 9.38e-03
2.06770e-01 9.32e-03
2.09126e-01 9.25e-03
2.11476e-01 9.19e-03
2.13820e-01 9.13e-03
2.16159e-01 9.07e-03
2.18493e-01 9.00e-03
2.20741e-01 8.94e-03
2.23064e-01 8.88e-03
2.25301e-01 8.82e-03
2.27614e-01 8.77e-03
2.29841e-01 8.71e-03
2.32064e-01 8.65e-03
2.34281e-01 8.59e-03
2.36494e-01 8.53e-03
2.38702e-01 8.48e-03
2.40905e-01 8.43e-03
2.43103e-01 8.38e-03
2.45296e-01 8.32e-03
2.47407e-01 8.27e-03
2.48499e-01 8.25e-03
2.49591e-01 8.22e-03
2.50681e-01 8.17e-03
2.52780e-01 8.12e-03
2.54875e-01 8.08e-03
2.57042e-01 8.03e-03
2.59128e-01 7.98e-03
2.61210e-01 7.94e-03
2.63287e-01 7.89e-03
2.65360e-01 7.84e-03
2.67428e-01 7.80e-03
2.69493e-01 7.74e-03
2.71553e-01 7.70e-03
2.73609e-01 7.65e-03
2.75660e-01 7.61e-03
2.77632e-01 7.56e-03
2.79675e-01 7.51e-03
2.81639e-01 7.48e-03
2.83674e-01 7.43e-03
2.85630e-01 7.39e-03
2.86606e-01 7.36e-03
2.88632e-01 7.32e-03
2.90578e-01 7.29e-03
2.92520e-01 7.25e-03
2.94459e-01 7.20e-03
2.96394e-01 7.16e-03
2.98325e-01 7.12e-03
3.00253e-01 7.08e-03
3.02177e-01 7.04e-03
3.04097e-01 7.01e-03
3.05939e-01 6.97e-03
3.06896e-01 6.95e-03
3.07852e-01 6.94e-03
3.08807e-01 6.92e-03
3.09762e-01 6.89e-03
3.11594e-01 6.85e-03
3.12545e-01 6.84e-03
3.14373e-01 6.80e-03
3.16270e-01 6.76e-03
3.18090e-01 6.72e-03
3.19907e-01 6.69e-03
3.20851e-01 6.67e-03
3.21794e-01 6.66e-03
3.22663e-01 6.64e-03
3.24472e-01 6.60e-03
3.26278e-01 6.57e-03
3.28080e-01 6.53e-03
3.29016e-01 6.51e-03
3.29879e-01 6.50e-03
3.31675e-01 6.47e-03
3.33468e-01 6.43e-03
3.35257e-01 6.40e-03
3.37044e-01 6.37e-03
3.37900e-01 6.35e-03
3.38827e-01 6.32e-03
3.39681e-01 6.32e-03
3.40535e-01 6.30e-03
3.41389e-01 6.31e-03
3.42312e-01 6.27e-03
3.44015e-01 6.24e-03
3.45786e-01 6.21e-03
3.47483e-01 6.18e-03
3.49247e-01 6.15e-03
3.50939e-01 6.12e-03
3.52627e-01 6.09e-03
3.54382e-01 6.06e-03
3.56065e-01 6.03e-03
3.56905e-01 6.01e-03
3.58583e-01 5.99e-03
3.59421e-01 5.97e-03
3.61095e-01 5.94e-03
3.62766e-01 5.91e-03
3.64435e-01 5.88e-03
3.66100e-01 5.85e-03
3.67763e-01 5.83e-03
3.68594e-01 5.81e-03
3.70183e-01 5.79e-03
3.71839e-01 5.76e-03
3.73493e-01 5.73e-03
3.74318e-01 5.72e-03
3.75075e-01 5.70e-03
3.75899e-01 5.69e-03
3.77546e-01 5.66e-03
3.78299e-01 5.65e-03
3.79942e-01 5.63e-03
3.81514e-01 5.60e-03
3.82333e-01 5.59e-03
3.83151e-01 5.57e-03
3.84718e-01 5.55e-03
3.86282e-01 5.52e-03
3.87912e-01 5.50e-03
3.89471e-01 5.47e-03
3.91028e-01 5.45e-03
3.92582e-01 5.42e-03
3.94134e-01 5.40e-03
3.95684e-01 5.37e-03
3.97231e-01 5.35e-03
3.98776e-01 5.33e-03
4.00319e-01 5.30e-03
4.01859e-01 5.28e-03
4.02661e-01 5.26e-03
4.03396e-01 5.26e-03
4.04932e-01 5.23e-03
4.06465e-01 5.21e-03
4.07929e-01 5.19e-03
4.09457e-01 5.17e-03
4.10983e-01 5.14e-03
4.12441e-01 5.12e-03
4.13962e-01 5.10e-03
4.15415e-01 5.08e-03
4.16932e-01 5.06e-03
4.17657e-01 5.05e-03
4.18381e-01 5.03e-03
4.19828e-01 5.01e-03
4.21338e-01 4.99e-03
4.22781e-01 4.97e-03
4.24221e-01 4.95e-03
4.25725e-01 4.93e-03
4.27161e-01 4.91e-03
4.28596e-01 4.89e-03
4.30028e-01 4.87e-03
4.31458e-01 4.85e-03
4.32886e-01 4.83e-03
4.34312e-01 4.81e-03
4.35736e-01 4.79e-03
4.37158e-01 4.77e-03
4.37868e-01 4.76e-03
4.39287e-01 4.74e-03
4.40704e-01 4.72e-03
4.42118e-01 4.70e-03
4.43467e-01 4.68e-03
4.44878e-01 4.66e-03
4.46287e-01 4.64e-03
4.47630e-01 4.63e-03
4.49035e-01 4.61e-03
4.50438e-01 4.59e-03
4.51776e-01 4.57e-03
4.53175e-01 4.55e-03
4.54509e-01 4.54e-03
4.55841e-01 4.52e-03
4.57235e-01 4.50e-03
4.58563e-01 4.48e-03
4.59953e-01 4.46e-03
4.61278e-01 4.45e-03
4.62601e-01 4.43e-03
4.63923e-01 4.41e-03
4.65305e-01 4.40e-03
4.66623e-01 4.38e-03
4.67939e-01 4.36e-03
4.69253e-01 4.35e-03
4.70566e-01 4.33e-03
4.71877e-01 4.31e-03
4.73186e-01 4.30e-03
4.74494e-01 4.28e-03
4.75799e-01 4.26e-03
4.77103e-01 4.25e-03
4.78406e-01 4.23e-03
4.79706e-01 4.22e-03
4.80944e-01 4.20e-03
4.82241e-01 4.19e-03
4.83537e-01 4.17e-03
4.84831e-01 4.16e-03
4.86062e-01 4.14e-03
4.87352e-01 4.13e-03
4.88641e-01 4.11e-03
4.89868e-01 4.10e-03
4.91153e-01 4.08e-03
4.92376e-01 4.07e-03
4.93659e-01 4.05e-03
4.94879e-01 4.04e-03
4.96159e-01 4.02e-03
4.97376e-01 4.01e-03
4.98591e-01 3.99e-03
4.99866e-01 3.98e-03
5.01078e-01 3.97e-03
5.02289e-01 3.95e-03
5.03559e-01 3.94e-03
5.04767e-01 3.93e-03
5.05974e-01 3.91e-03
5.07179e-01 3.90e-03
5.08383e-01 3.89e-03
5.09645e-01 3.87e-03
5.10846e-01 3.86e-03
5.12045e-01 3.85e-03
5.13243e-01 3.83e-03
5.14439e-01 3.82e-03
5.15634e-01 3.81e-03
5.16828e-01 3.79e-03
5.18020e-01 3.78e-03
5.19210e-01 3.77e-03
5.20340e-01 3.76e-03
5.21528e-01 3.74e-03
5.22715e-01 3.73e-03
5.23900e-01 3.72e-03
5.25083e-01 3.71e-03
5.26207e-01 3.70e-03
5.27388e-01 3.68e-03
5.28567e-01 3.67e-03
5.29687e-01 3.66e-03
5.30864e-01 3.65e-03
5.32039e-01 3.64e-03
5.33154e-01 3.63e-03
5.34327e-01 3.61e-03
5.35440e-01 3.60e-03
5.36610e-01 3.59e-03
5.37721e-01 3.58e-03
5.38888e-01 3.57e-03
5.39996e-01 3.56e-03
5.41103e-01 3.55e-03
5.42266e-01 3.53e-03
5.43370e-01 3.52e-03
5.44473e-01 3.51e-03
5.45633e-01 3.50e-03
5.46733e-01 3.49e-03
5.47832e-01 3.48e-03
5.48930e-01 3.47e-03
5.50085e-01 3.46e-03
5.51180e-01 3.45e-03
5.52275e-01 3.44e-03
5.53368e-01 3.43e-03
5.54460e-01 3.42e-03
5.55550e-01 3.41e-03
5.56640e-01 3.40e-03
5.57728e-01 3.39e-03
5.58815e-01 3.38e-03
5.59901e-01 3.36e-03
5.60986e-01 3.35e-03
5.62070e-01 3.34e-03
5.63152e-01 3.34e-03
5.64234e-01 3.33e-03
5.65314e-01 3.32e-03
5.66393e-01 3.31e-03
5.67471e-01 3.30e-03
5.68491e-01 3.29e-03
5.69566e-01 3.28e-03
5.70641e-01 3.27e-03
5.71714e-01 3.26e-03
5.72729e-01 3.25e-03
5.73800e-01 3.24e-03
5.74870e-01 3.23e-03
5.75883e-01 3.22e-03
5.76950e-01 3.21e-03
5.77961e-01 3.20e-03
5.79026e-01 3.19e-03
5.80090e-01 3.18e-03
5.81098e-01 3.17e-03
5.82160e-01 3.16e-03
5.83165e-01 3.16e-03
5.84225e-01 3.15e-03
5.85228e-01 3.14e-03
5.86230e-01 3.13e-03
5.87287e-01 3.12e-03
5.88287e-01 3.11e-03
5.89286e-01 3.10e-03
5.90339e-01 3.09e-03
5.91336e-01 3.09e-03
5.92332e-01 3.08e-03
5.93382e-01 3.07e-03
5.94376e-01 3.06e-03
5.95369e-01 3.05e-03
5.96361e-01 3.04e-03
5.97407e-01 3.04e-03
5.98397e-01 3.03e-03
5.99386e-01 3.02e-03
6.00374e-01 3.01e-03
6.01361e-01 3.00e-03
6.02347e-01 2.99e-03
6.03332e-01 2.99e-03
6.04316e-01 2.98e-03
6.05299e-01 2.97e-03
6.06281e-01 2.96e-03
6.07262e-01 2.95e-03
6.08243e-01 2.95e-03
6.09222e-01 2.94e-03
6.10200e-01 2.93e-03
6.11178e-01 2.92e-03
6.12154e-01 2.91e-03
6.13129e-01 2.91e-03
6.14104e-01 2.90e-03
6.15023e-01 2.89e-03
6.15996e-01 2.88e-03
6.16968e-01 2.88e-03
6.17939e-01 2.87e-03
6.18908e-01 2.86e-03
6.19824e-01 2.85e-03
6.20792e-01 2.85e-03
6.21759e-01 2.84e-03
6.22671e-01 2.83e-03
6.23636e-01 2.83e-03
6.24601e-01 2.82e-03
6.25511e-01 2.81e-03
6.26473e-01 2.80e-03
6.27435e-01 2.80e-03
6.28342e-01 2.79e-03
6.29302e-01 2.78e-03
6.30207e-01 2.78e-03
6.31165e-01 2.77e-03
6.32069e-01 2.76e-03
6.33026e-01 2.76e-03
6.33928e-01 2.75e-03
6.34882e-01 2.74e-03
6.35783e-01 2.73e-03
6.36683e-01 2.73e-03
6.37634e-01 2.72e-03
6.38533e-01 2.71e-03
6.39483e-01 2.71e-03
6.40379e-01 2.70e-03
6.41275e-01 2.69e-03
6.42222e-01 2.69e-03
6.43116e-01 2.68e-03
6.44009e-01 2.67e-03
6.44902e-01 2.67e-03
6.45846e-01 2.66e-03
6.46737e-01 2.66e-03
6.47627e-01 2.65e-03
6.48516e-01 2.64e-03
6.49404e-01 2.64e-03
6.50292e-01 2.63e-03
6.51231e-01 2.62e-03
6.52117e-01 2.62e-03
6.53002e-01 2.61e-03
6.53886e-01 2.61e-03
6.54770e-01 2.60e-03
6.55653e-01 2.59e-03
6.56535e-01 2.59e-03
6.57416e-01 2.58e-03
6.58297e-01 2.57e-03
6.59177e-01 2.57e-03
6.60056e-01 2.56e-03
6.60934e-01 2.56e-03
6.61811e-01 2.55e-03
6.62688e-01 2.54e-03
6.63564e-01 2.54e-03
6.64439e-01 2.53e-03
6.65262e-01 2.53e-03
6.66136e-01 2.52e-03
6.67009e-01 2.52e-03
6.67881e-01 2.51e-03
6.68752e-01 2.50e-03
6.69623e-01 2.50e-03
6.70441e-01 2.49e-03
6.71310e-01 2.49e-03
6.72179e-01 2.48e-03
6.73047e-01 2.48e-03
6.73862e-01 2.47e-03
6.74729e-01 2.46e-03
6.75594e-01 2.46e-03
6.76408e-01 2.45e-03
6.77272e-01 2.45e-03
6.78135e-01 2.44e-03
6.78947e-01 2.44e-03
6.79809e-01 2.43e-03
6.80619e-01 2.43e-03
6.81479e-01 2.42e-03
6.82339e-01 2.42e-03
6.83147e-01 2.41e-03
6.84006e-01 2.41e-03
6.84813e-01 2.40e-03
6.85669e-01 2.39e-03
6.86475e-01 2.39e-03
6.87330e-01 2.38e-03
6.88135e-01 2.38e-03
6.88989e-01 2.37e-03
6.89792e-01 2.37e-03
6.90594e-01 2.36e-03
6.91446e-01 2.36e-03
6.92247e-01 2.35e-03
6.93097e-01 2.35e-03
6.93897e-01 2.34e-03
6.94696e-01 2.34e-03
6.95544e-01 2.33e-03
6.96342e-01 2.33e-03
6.97139e-01 2.32e-03
6.97985e-01 2.32e-03
6.98781e-01 2.31e-03
6.99576e-01 2.31e-03
7.00371e-01 2.30e-03
7.01215e-01 2.30e-03
7.02008e-01 2.30e-03
7.02800e-01 2.29e-03
7.03592e-01 2.29e-03
7.04384e-01 2.28e-03
7.05224e-01 2.28e-03
7.06014e-01 2.27e-03
7.06804e-01 2.27e-03
7.07592e-01 2.26e-03
7.08381e-01 2.26e-03
7.09168e-01 2.25e-03
7.09955e-01 2.25e-03
7.10741e-01 2.24e-03
7.11527e-01 2.24e-03
7.12361e-01 2.23e-03
7.13146e-01 2.23e-03
7.13930e-01 2.23e-03
7.14713e-01 2.22e-03
7.15496e-01 2.22e-03
7.16278e-01 2.21e-03
7.17059e-01 2.21e-03
7.17791e-01 2.20e-03
7.18571e-01 2.20e-03
7.19351e-01 2.19e-03
7.20130e-01 2.19e-03
7.20908e-01 2.19e-03
7.21686e-01 2.18e-03
7.22463e-01 2.18e-03
7.23240e-01 2.17e-03
7.24016e-01 2.17e-03
7.24743e-01 2.16e-03
7.25518e-01 2.16e-03
7.26292e-01 2.16e-03
7.27065e-01 2.15e-03
7.27838e-01 2.15e-03
7.28611e-01 2.14e-03
7.29334e-01 2.14e-03
7.30106e-01 2.14e-03
7.30876e-01 2.13e-03
7.31598e-01 2.13e-03
7.32368e-01 2.12e-03
7.33137e-01 2.12e-03
7.33905e-01 2.11e-03
7.34625e-01 2.11e-03
7.35392e-01 2.11e-03
7.36159e-01 2.10e-03
7.36877e-01 2.10e-03
7.37642e-01 2.09e-03
7.38360e-01 2.09e-03
7.39124e-01 2.09e-03
7.39888e-01 2.08e-03
7.40603e-01 2.08e-03
7.41366e-01 2.08e-03
7.42080e-01 2.07e-03
7.42842e-01 2.07e-03
7.43603e-01 2.06e-03
7.44315e-01 2.06e-03
7.45075e-01 2.06e-03
7.45787e-01 2.05e-03
7.46546e-01 2.05e-03
7.47257e-01 2.04e-03
7.47967e-01 2.04e-03
7.48724e-01 2.04e-03
7.49433e-01 2.03e-03
7.50189e-01 2.03e-03
7.50897e-01 2.03e-03
7.51652e-01 2.02e-03
7.52359e-01 2.02e-03
7.53066e-01 2.01e-03
7.53819e-01 2.01e-03
7.54524e-01 2.01e-03
7.55277e-01 2.00e-03
7.55981e-01 2.00e-03
7.56685e-01 2.00e-03
7.57436e-01 1.99e-03
7.58139e-01 1.99e-03
7.58841e-01 1.99e-03
7.59543e-01 1.98e-03
7.60292e-01 1.98e-03
7.60993e-01 1.98e-03
7.61693e-01 1.97e-03
7.62393e-01 1.97e-03
7.63140e-01 1.97e-03
7.63839e-01 1.96e-03
7.64537e-01 1.96e-03
7.65235e-01 1.96e-03
7.65979e-01 1.95e-03
7.66676e-01 1.95e-03
7.67373e-01 1.95e-03
7.68069e-01 1.94e-03
7.68765e-01 1.94e-03
7.69460e-01 1.94e-03
7.70155e-01 1.93e-03
7.70895e-01 1.93e-03
7.71589e-01 1.93e-03
7.72282e-01 1.92e-03
7.72974e-01 1.92e-03
7.73667e-01 1.92e-03
7.74358e-01 1.91e-03
7.75050e-01 1.91e-03
7.75740e-01 1.91e-03
7.76431e-01 1.90e-03
7.77121e-01 1.90e-03
7.77810e-01 1.90e-03
7.78499e-01 1.89e-03
7.79187e-01 1.89e-03
7.79875e-01 1.89e-03
7.80563e-01 1.88e-03
7.81250e-01 1.88e-03
7.81936e-01 1.88e-03
7.82622e-01 1.87e-03
7.83308e-01 1.87e-03
7.83993e-01 1.87e-03
7.84677e-01 1.87e-03
7.85362e-01 1.86e-03
7.86000e-01 1.86e-03
7.86683e-01 1.86e-03
7.87366e-01 1.85e-03
7.88048e-01 1.85e-03
7.88730e-01 1.85e-03
7.89411e-01 1.84e-03
7.90092e-01 1.84e-03
7.90728e-01 1.84e-03
7.91408e-01 1.84e-03
7.92087e-01 1.83e-03
7.92766e-01 1.83e-03
7.93445e-01 1.83e-03
7.94078e-01 1.82e-03
7.94756e-01 1.82e-03
7.95433e-01 1.82e-03
7.96110e-01 1.82e-03
7.96741e-01 1.81e-03
7.97417e-01 1.81e-03
7.98093e-01 1.81e-03
7.98768e-01 1.80e-03
7.99397e-01 1.80e-03
8.00071e-01 1.80e-03
8.00745e-01 1.80e-03
8.01374e-01 1.79e-03
8.02046e-01 1.79e-03
8.02719e-01 1.79e-03
8.03346e-01 1.79e-03
8.04017e-01 1.78e-03
8.04644e-01 1.78e-03
8.05314e-01 1.78e-03
8.05985e-01 1.77e-03
8.06610e-01 1.77e-03
8.07279e-01 1.77e-03
8.07903e-01 1.77e-03
8.08572e-01 1.76e-03
8.09240e-01 1.76e-03
8.09863e-01 1.76e-03
8.10530e-01 1.76e-03
8.11152e-01 1.75e-03
8.11819e-01 1.75e-03
8.12440e-01 1.75e-03
8.13106e-01 1.75e-03
8.13726e-01 1.74e-03
8.14391e-01 1.74e-03
8.15011e-01 1.74e-03
8.15674e-01 1.74e-03
8.16294e-01 1.73e-03
8.16956e-01 1.73e-03
8.17575e-01 1.73e-03
8.18193e-01 1.73e-03
8.18854e-01 1.72e-03
8.19471e-01 1.72e-03
8.20132e-01 1.72e-03
8.20749e-01 1.72e-03
8.21364e-01 1.71e-03
8.22024e-01 1.71e-03
8.22639e-01 1.71e-03
8.23298e-01 1.71e-03
8.23912e-01 1.70e-03
8.24526e-01 1.70e-03
8.25184e-01 1.70e-03
8.25797e-01 1.70e-03
8.26410e-01 1.69e-03
8.27066e-01 1.69e-03
8.27678e-01 1.69e-03
8.28290e-01 1.69e-03
8.28945e-01 1.68e-03
8.29556e-01 1.68e-03
8.30166e-01 1.68e-03
8.30776e-01 1.68e-03
8.31430e-01 1.68e-03
8.32039e-01 1.67e-03
8.32648e-01 1.67e-03
8.33257e-01 1.67e-03
8.33909e-01 1.67e-03
8.34517e-01 1.66e-03
8.35124e-01 1.66e-03
8.35731e-01 1.66e-03
8.36338e-01 1.66e-03
8.36988e-01 1.66e-03
8.37594e-01 1.65e-03
8.38199e-01 1.65e-03
8.38805e-01 1.65e-03
8.39410e-01 1.65e-03
8.40014e-01 1.64e-03
8.40618e-01 1.64e-03
8.41265e-01 1.64e-03
8.41869e-01 1.64e-03
8.42472e-01 1.64e-03
8.43075e-01 1.63e-03
8.43677e-01 1.63e-03
8.44279e-01 1.63e-03
8.44881e-01 1.63e-03
8.45482e-01 1.63e-03
8.46083e-01 1.62e-03
8.46683e-01 1.62e-03
8.47284e-01 1.62e-03
8.47883e-01 1.62e-03
8.48526e-01 1.61e-03
8.49125e-01 1.61e-03
8.49723e-01 1.61e-03
8.50322e-01 1.61e-03
8.50920e-01 1.61e-03
8.51518e-01 1.60e-03
8.52115e-01 1.60e-03
8.52712e-01 1.60e-03
8.53308e-01 1.60e-03
8.53862e-01 1.60e-03
8.54458e-01 1.59e-03
8.55053e-01 1.59e-03
8.55649e-01 1.59e-03
8.56243e-01 1.59e-03
8.56838e-01 1.59e-03
8.57432e-01 1.59e-03
8.58026e-01 1.58e-03
8.58619e-01 1.58e-03
8.59212e-01 1.58e-03
8.59805e-01 1.58e-03
8.60397e-01 1.58e-03
8.60947e-01 1.57e-03
8.61539e-01 1.57e-03
8.62130e-01 1.57e-03
8.62721e-01 1.57e-03
8.63312e-01 1.57e-03
8.63902e-01 1.56e-03
8.64492e-01 1.56e-03
8.65040e-01 1.56e-03
8.65629e-01 1.56e-03
8.66218e-01 1.56e-03
8.66806e-01 1.56e-03
8.67395e-01 1.55e-03
8.67940e-01 1.55e-03
8.68528e-01 1.55e-03
8.69115e-01 1.55e-03
8.69702e-01 1.55e-03
8.70289e-01 1.54e-03
8.70833e-01 1.54e-03
8.71419e-01 1.54e-03
8.72004e-01 1.54e-03
8.72548e-01 1.54e-03
8.73133e-01 1.54e-03
8.73717e-01 1.53e-03
8.74301e-01 1.53e-03
8.74844e-01 1.53e-03
8.75427e-01 1.53e-03
8.76010e-01 1.53e-03
8.76551e-01 1.53e-03
8.77134e-01 1.52e-03
8.77716e-01 1.52e-03
8.78257e-01 1.52e-03
8.78838e-01 1.52e-03
8.79419e-01 1.52e-03
8.79959e-01 1.52e-03
8.80539e-01 1.51e-03
8.81119e-01 1.51e-03
8.81658e-01 1.51e-03
8.82237e-01 1.51e-03
8.82775e-01 1.51e-03
9.01340e-01 1.46e-03
9.15530e-01 1.43e-03
9.27349e-01 1.40e-03
9.37857e-01 1.38e-03
9.48680e-01 1.37e-03
9.58814e-01 1.35e-03
9.69263e-01 1.34e-03
9.79528e-01 1.33e-03
9.89578e-01 1.32e-03
9.99492e-01 1.32e-03
1.00876e+00 1.31e-03
1.01791e+00 1.32e-03
1.02626e+00 1.32e-03
1.03322e+00 1.32e-03
1.04006e+00 1.33e-03
1.04602e+00 1.34e-03
1.05107e+00 1.34e-03
1.05605e+00 1.35e-03
1.06022e+00 1.36e-03
1.06392e+00 1.37e-03
1.06760e+00 1.38e-03
1.07045e+00 1.39e-03
1.07329e+00 1.40e-03
1.07572e+00 1.40e-03
1.07732e+00 1.41e-03
1.07810e+00 1.41e-03
1.08011e+00 1.42e-03
1.08052e+00 1.42e-03
1.08092e+00 1.42e-03
1.08133e+00 1.42e-03
1.08170e+00 1.42e-03
1.08211e+00 1.42e-03
1.08252e+00 1.43e-03
1.08292e+00 1.43e-03
1.08333e+00 1.43e-03
1.08370e+00 1.43e-03
1.08411e+00 1.43e-03
1.08451e+00 1.43e-03
1.08492e+00 1.44e-03
1.08529e+00 1.44e-03
1.08570e+00 1.44e-03
1.08610e+00 1.44e-03
1.08651e+00 1.44e-03
1.08688e+00 1.44e-03
1.08728e+00 1.44e-03
1.08769e+00 1.45e-03
1.08806e+00 1.45e-03
1.08846e+00 1.45e-03
1.08886e+00 1.45e-03
1.08927e+00 1.45e-03
1.08964e+00 1.46e-03
1.09004e+00 1.46e-03
1.09045e+00 1.46e-03
1.09085e+00 1.46e-03
1.09122e+00 1.46e-03
1.09162e+00 1.46e-03
1.09202e+00 1.47e-03
1.09239e+00 1.47e-03
1.09280e+00 1.47e-03
1.09320e+00 1.47e-03
1.09357e+00 1.47e-03
1.09397e+00 1.47e-03
1.09437e+00 1.48e-03
1.09477e+00 1.48e-03
1.09514e+00 1.48e-03
1.09554e+00 1.48e-03
1.09594e+00 1.48e-03
1.09631e+00 1.49e-03
1.09671e+00 1.49e-03
1.09711e+00 1.49e-03
1.09748e+00 1.49e-03
1.09788e+00 1.49e-03
1.09828e+00 1.50e-03
1.09865e+00 1.50e-03
1.09905e+00 1.50e-03
1.09945e+00 1.50e-03
1.09981e+00 1.50e-03
1.10021e+00 1.51e-03
1.10061e+00 1.51e-03
1.10098e+00 1.51e-03
1.10138e+00 1.51e-03
1.10177e+00 1.52e-03
1.10214e+00 1.52e-03
1.10254e+00 1.52e-03
1.10290e+00 1.52e-03
1.10330e+00 1.52e-03
1.10370e+00 1.53e-03
1.10406e+00 1.53e-03
1.10446e+00 1.53e-03
1.10486e+00 1.53e-03
1.10522e+00 1.54e-03
1.10562e+00 1.54e-03
1.10599e+00 1.54e-03
1.10638e+00 1.54e-03
1.10678e+00 1.55e-03
1.10714e+00 1.55e-03
1.10754e+00 1.55e-03
1.10794e+00 1.55e-03
1.10830e+00 1.55e-03
1.10869e+00 1.56e-03
1.10906e+00 1.56e-03
1.10945e+00 1.56e-03
1.10985e+00 1.57e-03
1.11021e+00 1.57e-03
1.11061e+00 1.57e-03
1.11097e+00 1.57e-03
1.11136e+00 1.58e-03
1.11176e+00 1.58e-03
1.11212e+00 1.58e-03
1.11252e+00 1.58e-03
1.11288e+00 1.59e-03
1.11327e+00 1.59e-03
1.11363e+00 1.59e-03
1.11403e+00 1.59e-03
1.11442e+00 1.60e-03
1.11478e+00 1.60e-03
1.11517e+00 1.60e-03
1.11553e+00 1.61e-03
1.11593e+00 1.61e-03
1.11629e+00 1.61e-03
1.11668e+00 1.61e-03
1.11704e+00 1.62e-03
1.11743e+00 1.62e-03
1.11783e+00 1.62e-03
1.11819e+00 1.63e-03
1.11858e+00 1.63e-03
1.11894e+00 1.63e-03
1.11933e+00 1.64e-03
1.11969e+00 1.64e-03
1.12008e+00 1.64e-03
1.12044e+00 1.64e-03
1.12083e+00 1.65e-03
1.12119e+00 1.65e-03
1.12158e+00 1.65e-03
1.12197e+00 1.66e-03
1.12233e+00 1.66e-03
1.12272e+00 1.66e-03
1.12308e+00 1.67e-03
1.12347e+00 1.67e-03
1.12383e+00 1.67e-03
1.12422e+00 1.68e-03
1.12457e+00 1.68e-03
1.12496e+00 1.68e-03
1.12532e+00 1.69e-03
1.12571e+00 1.69e-03
1.12607e+00 1.69e-03
1.12645e+00 1.70e-03
1.12681e+00 1.70e-03
1.12720e+00 1.70e-03
1.12756e+00 1.71e-03
1.12794e+00 1.71e-03
1.12830e+00 1.72e-03
1.12869e+00 1.72e-03
1.12904e+00 1.72e-03
1.12943e+00 1.73e-03
1.12979e+00 1.73e-03
1.13018e+00 1.73e-03
1.13053e+00 1.74e-03
1.13092e+00 1.74e-03
1.13127e+00 1.75e-03
1.13166e+00 1.75e-03
1.13201e+00 1.75e-03
1.13237e+00 1.76e-03
1.13276e+00 1.76e-03
1.13311e+00 1.77e-03
1.13350e+00 1.77e-03
1.13385e+00 1.77e-03
1.13424e+00 1.78e-03
1.13459e+00 1.78e-03
1.13498e+00 1.79e-03
1.13533e+00 1.79e-03
1.13572e+00 1.79e-03
1.13607e+00 1.80e-03
1.13645e+00 1.80e-03
1.13681e+00 1.81e-03
1.13716e+00 1.81e-03
1.13754e+00 1.82e-03
1.13790e+00 1.82e-03
1.13828e+00 1.82e-03
1.13863e+00 1.83e-03
1.13902e+00 1.83e-03
1.13937e+00 1.84e-03
1.13972e+00 1.84e-03
1.14011e+00 1.85e-03
1.14046e+00 1.85e-03
1.14084e+00 1.86e-03
1.14119e+00 1.86e-03
1.14158e+00 1.87e-03
1.14193e+00 1.87e-03
1.14228e+00 1.87e-03
1.14266e+00 1.88e-03
1.14301e+00 1.88e-03
1.14339e+00 1.89e-03
1.14374e+00 1.89e-03
1.14413e+00 1.90e-03
1.14448e+00 1.90e-03
1.14483e+00 1.91e-03
1.14521e+00 1.91e-03
1.14556e+00 1.92e-03
1.14594e+00 1.92e-03
1.14629e+00 1.93e-03
1.14664e+00 1.93e-03
1.14702e+00 1.94e-03
1.14737e+00 1.95e-03
1.14775e+00 1.95e-03
1.14810e+00 1.96e-03
1.14845e+00 1.96e-03
1.14883e+00 1.97e-03
1.14918e+00 1.97e-03
1.14956e+00 1.98e-03
1.14991e+00 1.98e-03
1.15026e+00 1.99e-03
1.15064e+00 1.99e-03
1.15098e+00 2.00e-03
1.15133e+00 2.01e-03
1.15171e+00 2.01e-03
1.15206e+00 2.02e-03
1.15244e+00 2.02e-03
1.15278e+00 2.03e-03
1.15313e+00 2.04e-03
1.15351e+00 2.04e-03
1.15386e+00 2.05e-03
1.15420e+00 2.05e-03
1.15458e+00 2.06e-03
1.15493e+00 2.07e-03
1.15528e+00 2.07e-03
1.15565e+00 2.08e-03
1.15600e+00 2.08e-03
1.15638e+00 2.09e-03
1.15672e+00 2.10e-03
1.15707e+00 2.10e-03
1.15745e+00 2.11e-03
1.15779e+00 2.12e-03
1.15814e+00 2.12e-03
1.15852e+00 2.13e-03
1.15886e+00 2.14e-03
1.15921e+00 2.14e-03
1.15958e+00 2.15e-03
1.15993e+00 2.16e-03
1.16027e+00 2.16e-03
1.16065e+00 2.17e-03
1.16099e+00 2.18e-03
1.16134e+00 2.19e-03
1.16171e+00 2.19e-03
1.16206e+00 2.20e-03
1.16240e+00 2.21e-03
1.16278e+00 2.21e-03
1.16312e+00 2.22e-03
1.16346e+00 2.23e-03
1.16384e+00 2.24e-03
1.16418e+00 2.24e-03
1.16452e+00 2.25e-03
1.16487e+00 2.26e-03
1.16524e+00 2.27e-03
1.16559e+00 2.27e-03
1.16593e+00 2.28e-03
1.16630e+00 2.29e-03
1.16664e+00 2.30e-03
1.16699e+00 2.31e-03
1.16736e+00 2.31e-03
1.16770e+00 2.32e-03
1.16805e+00 2.33e-03
1.16842e+00 2.34e-03
1.16876e+00 2.35e-03
1.16910e+00 2.35e-03
1.16944e+00 2.36e-03
1.16982e+00 2.37e-03
1.17016e+00 2.38e-03
1.17050e+00 2.39e-03
1.17087e+00 2.40e-03
1.17121e+00 2.41e-03
1.17155e+00 2.41e-03
1.17189e+00 2.42e-03
1.17227e+00 2.43e-03
1.17261e+00 2.44e-03
1.17295e+00 2.45e-03
1.17332e+00 2.46e-03
1.17366e+00 2.47e-03
1.17400e+00 2.48e-03
1.17434e+00 2.49e-03
1.17471e+00 2.50e-03
1.17505e+00 2.51e-03
1.17539e+00 2.52e-03
1.17573e+00 2.53e-03
1.17610e+00 2.53e-03
1.17644e+00 2.54e-03
1.17678e+00 2.55e-03
1.17715e+00 2.56e-03
1.17749e+00 2.57e-03
1.17782e+00 2.58e-03
1.17816e+00 2.59e-03
1.17853e+00 2.60e-03
1.17887e+00 2.62e-03
1.17921e+00 2.63e-03
1.17955e+00 2.64e-03
1.17992e+00 2.65e-03
1.18025e+00 2.66e-03
1.18059e+00 2.67e-03
1.18093e+00 2.68e-03
1.18130e+00 2.69e-03
1.18164e+00 2.70e-03
1.18197e+00 2.71e-03
1.18231e+00 2.72e-03
1.18268e+00 2.73e-03
1.18301e+00 2.75e-03
1.18335e+00 2.76e-03
1.18369e+00 2.77e-03
1.18406e+00 2.78e-03
1.18439e+00 2.79e-03
1.18473e+00 2.80e-03
1.18507e+00 2.82e-03
1.18540e+00 2.83e-03
1.18577e+00 2.84e-03
1.18610e+00 2.85e-03
1.18644e+00 2.86e-03
1.18678e+00 2.88e-03
1.18714e+00 2.89e-03
1.18748e+00 2.90e-03
1.18781e+00 2.91e-03
1.18815e+00 2.93e-03
1.18848e+00 2.94e-03
1.18885e+00 2.95e-03
1.18918e+00 2.96e-03
1.18952e+00 2.98e-03
1.18985e+00 2.99e-03
1.19022e+00 3.00e-03
1.19055e+00 3.02e-03
1.19089e+00 3.03e-03
1.19122e+00 3.05e-03
1.19156e+00 3.06e-03
1.19192e+00 3.07e-03
1.19225e+00 3.09e-03
1.19259e+00 3.10e-03
1.19292e+00 3.11e-03
1.19326e+00 3.13e-03
1.19362e+00 3.14e-03
1.19395e+00 3.16e-03
1.19429e+00 3.17e-03
1.19462e+00 3.19e-03
1.19495e+00 3.20e-03
1.19532e+00 3.22e-03
1.19565e+00 3.23e-03
1.19598e+00 3.25e-03
1.19631e+00 3.26e-03
1.19665e+00 3.28e-03
1.19698e+00 3.29e-03
1.19734e+00 3.31e-03
1.19767e+00 3.33e-03
1.19801e+00 3.34e-03
1.19834e+00 3.36e-03
1.19867e+00 3.37e-03
1.19903e+00 3.39e-03
1.19936e+00 3.41e-03
1.19969e+00 3.42e-03
1.20003e+00 3.44e-03
1.20036e+00 3.46e-03
1.20069e+00 3.47e-03
1.20105e+00 3.49e-03
1.20138e+00 3.51e-03
1.20171e+00 3.53e-03
1.20204e+00 3.54e-03
1.20237e+00 3.56e-03
1.20270e+00 3.58e-03
1.20306e+00 3.60e-03
1.20339e+00 3.61e-03
1.20372e+00 3.63e-03
1.20405e+00 3.65e-03
1.20438e+00 3.67e-03
1.20471e+00 3.69e-03
1.20507e+00 3.71e-03
1.20540e+00 3.73e-03
1.20573e+00 3.75e-03
1.20606e+00 3.76e-03
1.20639e+00 3.78e-03
1.20672e+00 3.80e-03
1.20708e+00 3.82e-03
1.20741e+00 3.84e-03
1.20774e+00 3.86e-03
1.20806e+00 3.88e-03
1.20839e+00 3.90e-03
1.20872e+00 3.92e-03
1.20905e+00 3.94e-03
1.20941e+00 3.97e-03
1.20974e+00 3.99e-03
1.21006e+00 4.01e-03
1.21039e+00 4.03e-03
1.21072e+00 4.05e-03
1.21105e+00 4.07e-03
1.21138e+00 4.09e-03
1.21173e+00 4.11e-03
1.21206e+00 4.14e-03
1.21239e+00 4.16e-03
1.21271e+00 4.18e-03
1.21304e+00 4.20e-03
1.21337e+00 4.23e-03
1.21370e+00 4.25e-03
1.21405e+00 4.27e-03
1.21438e+00 4.30e-03
1.21471e+00 4.32e-03
1.21503e+00 4.34e-03
1.21536e+00 4.37e-03
1.21568e+00 4.39e-03
1.21601e+00 4.41e-03
1.21634e+00 4.44e-03
1.21669e+00 4.46e-03
1.21702e+00 4.49e-03
1.21734e+00 4.51e-03
1.21767e+00 4.54e-03
1.21799e+00 4.56e-03
1.21832e+00 4.59e-03
1.21864e+00 4.61e-03
1.21897e+00 4.64e-03
1.21932e+00 4.66e-03
1.21965e+00 4.69e-03
1.21997e+00 4.72e-03
1.22030e+00 4.74e-03
1.22062e+00 4.77e-03
1.22095e+00 4.79e-03
1.22127e+00 4.82e-03
1.22160e+00 4.85e-03
1.22192e+00 4.88e-03
1.22227e+00 4.90e-03
1.22260e+00 4.93e-03
1.22292e+00 4.96e-03
1.22325e+00 4.99e-03
1.22357e+00 5.01e-03
1.22389e+00 5.04e-03
1.22422e+00 5.07e-03
1.22454e+00 5.10e-03
1.22486e+00 5.13e-03
1.22519e+00 5.16e-03
1.22554e+00 5.19e-03
1.22586e+00 5.22e-03
1.22618e+00 5.25e-03
1.22651e+00 5.28e-03
1.22683e+00 5.31e-03
1.22715e+00 5.34e-03
1.22747e+00 5.37e-03
1.22780e+00 5.40e-03
1.22812e+00 5.43e-03
1.22844e+00 5.46e-03
1.22876e+00 5.49e-03
1.22911e+00 5.52e-03
1.22944e+00 5.55e-03
1.22976e+00 5.58e-03
1.23008e+00 5.61e-03
1.23040e+00 5.65e-03
1.23072e+00 5.68e-03
1.23104e+00 5.71e-03
1.23136e+00 5.74e-03
1.23169e+00 5.78e-03
1.23201e+00 5.81e-03
1.23233e+00 5.84e-03
1.23265e+00 5.87e-03
1.23300e+00 5.91e-03
1.23332e+00 5.94e-03
1.23364e+00 5.97e-03
1.23396e+00 6.01e-03
1.23428e+00 6.04e-03
1.23460e+00 6.08e-03
1.23492e+00 6.11e-03
1.23524e+00 6.14e-03
1.23556e+00 6.18e-03
1.23588e+00 6.21e-03
1.23620e+00 6.25e-03
1.23652e+00 6.28e-03
1.23684e+00 6.32e-03
1.23719e+00 6.35e-03
1.23750e+00 6.39e-03
1.23782e+00 6.42e-03
1.23814e+00 6.46e-03
1.23846e+00 6.50e-03
1.23878e+00 6.53e-03
1.23910e+00 6.57e-03
1.23942e+00 6.60e-03
1.23974e+00 6.64e-03
1.24005e+00 6.67e-03
1.24037e+00 6.71e-03
1.24069e+00 6.75e-03
1.24101e+00 6.78e-03
1.24133e+00 6.82e-03
1.24164e+00 6.86e-03
1.24196e+00 6.90e-03
1.24231e+00 6.93e-03
1.24263e+00 6.97e-03
1.24294e+00 7.01e-03
1.24326e+00 7.04e-03
1.24358e+00 7.08e-03
1.24390e+00 7.12e-03
1.24421e+00 7.16e-03
1.24453e+00 7.20e-03
1.24485e+00 7.23e-03
1.24516e+00 7.27e-03
1.24548e+00 7.31e-03
1.24580e+00 7.35e-03
1.24611e+00 7.38e-03
1.24643e+00 7.42e-03
1.24674e+00 7.46e-03
1.24706e+00 7.50e-03
1.24738e+00 7.54e-03
1.24769e+00 7.57e-03
1.24801e+00 7.61e-03
1.24832e+00 7.65e-03
1.24867e+00 7.69e-03
1.24898e+00 7.72e-03
1.24930e+00 7.76e-03
1.24962e+00 7.80e-03
1.24993e+00 7.84e-03
1.25025e+00 7.88e-03
1.25056e+00 7.92e-03
1.25088e+00 7.95e-03
1.25119e+00 7.99e-03
1.25151e+00 8.03e-03
1.25182e+00 8.07e-03
1.25213e+00 8.11e-03
1.25245e+00 8.14e-03
1.25276e+00 8.18e-03
1.25308e+00 8.22e-03
1.25339e+00 8.26e-03
1.25371e+00 8.30e-03
1.25402e+00 8.33e-03
1.25433e+00 8.37e-03
1.25465e+00 8.41e-03
1.25496e+00 8.45e-03
1.25527e+00 8.48e-03
1.25559e+00 8.52e-03
1.25590e+00 8.56e-03
1.25621e+00 8.60e-03
1.25653e+00 8.63e-03
1.25684e+00 8.67e-03
1.25715e+00 8.71e-03
1.25749e+00 8.74e-03
1.25781e+00 8.78e-03
1.25812e+00 8.82e-03
1.25843e+00 8.85e-03
1.25875e+00 8.89e-03
1.25906e+00 8.92e-03
1.25937e+00 8.96e-03
1.25968e+00 8.99e-03
1.25999e+00 9.03e-03
1.26031e+00 9.06e-03
1.26062e+00 9.10e-03
1.26093e+00 9.13e-03
1.26124e+00 9.17e-03
1.26155e+00 9.20e-03
1.26186e+00 9.24e-03
1.26218e+00 9.27e-03
1.26249e+00 9.30e-03
1.26280e+00 9.34e-03
1.26311e+00 9.37e-03
1.26342e+00 9.40e-03
1.26373e+00 9.44e-03
1.26404e+00 9.47e-03
1.26435e+00 9.50e-03
1.26466e+00 9.53e-03
1.26497e+00 9.56e-03
1.26528e+00 9.59e-03
1.26559e+00 9.63e-03
1.26590e+00 9.66e-03
1.26621e+00 9.69e-03
1.26652e+00 9.72e-03
1.26683e+00 9.75e-03
1.26714e+00 9.78e-03
1.26745e+00 9.80e-03
1.26776e+00 9.83e-03
1.26807e+00 9.86e-03
1.26838e+00 9.89e-03
1.26869e+00 9.92e-03
1.26900e+00 9.95e-03
1.26931e+00 9.97e-03
1.26962e+00 1.00e-02
1.26993e+00 1.00e-02
1.27024e+00 1.01e-02
1.27055e+00 1.01e-02
1.27086e+00 1.01e-02
1.27116e+00 1.01e-02
1.27147e+00 1.02e-02
1.27178e+00 1.02e-02
1.27209e+00 1.02e-02
1.27240e+00 1.02e-02
1.27271e+00 1.02e-02
1.27301e+00 1.03e-02
1.27332e+00 1.03e-02
1.27363e+00 1.03e-02
1.27394e+00 1.03e-02
1.27424e+00 1.04e-02
1.27455e+00 1.04e-02
1.27486e+00 1.04e-02
1.27517e+00 1.04e-02
1.27547e+00 1.04e-02
1.27578e+00 1.05e-02
1.27609e+00 1.05e-02
1.27640e+00 1.05e-02
1.27670e+00 1.05e-02
1.27701e+00 1.05e-02
1.27732e+00 1.05e-02
1.27762e+00 1.06e-02
1.27793e+00 1.06e-02
1.27824e+00 1.06e-02
1.27854e+00 1.06e-02
1.27885e+00 1.06e-02
1.27915e+00 1.06e-02
1.28177e+00 1.07e-02
1.28343e+00 1.07e-02
1.28465e+00 1.07e-02
1.28556e+00 1.07e-02
1.28587e+00 1.07e-02
1.28617e+00 1.07e-02
1.28647e+00 1.06e-02
1.28678e+00 1.06e-02
1.28708e+00 1.06e-02
1.28739e+00 1.06e-02
1.28769e+00 1.06e-02
1.28799e+00 1.05e-02
1.28830e+00 1.05e-02
1.28860e+00 1.05e-02
1.28890e+00 1.05e-02
1.28921e+00 1.04e-02
1.28951e+00 1.04e-02
1.28981e+00 1.04e-02
1.29011e+00 1.03e-02
1.29042e+00 1.03e-02
1.29072e+00 1.03e-02
1.29102e+00 1.02e-02
1.29132e+00 1.02e-02
1.29163e+00 1.01e-02
1.29193e+00 1.01e-02
1.29223e+00 1.01e-02
1.29253e+00 1.00e-02
1.29283e+00 9.96e-03
1.29314e+00 9.91e-03
1.29344e+00 9.86e-03
1.29374e+00 9.80e-03
1.29404e+00 9.75e-03
1.29434e+00 9.70e-03
1.29464e+00 9.64e-03
1.29495e+00 9.59e-03
1.29525e+00 9.53e-03
1.29555e+00 9.48e-03
1.29582e+00 9.42e-03
1.29612e+00 9.36e-03
1.29642e+00 9.31e-03
1.29673e+00 9.25e-03
1.29703e+00 9.19e-03
1.29733e+00 9.13e-03
1.29763e+00 9.07e-03
1.29793e+00 9.01e-03
1.29823e+00 8.95e-03
1.29853e+00 8.89e-03
1.29883e+00 8.84e-03
1.29913e+00 8.78e-03
1.29943e+00 8.72e-03
1.29973e+00 8.66e-03
1.30003e+00 8.60e-03
1.30033e+00 8.54e-03
1.30063e+00 8.48e-03
1.30093e+00 8.42e-03
1.30123e+00 8.36e-03
1.30153e+00 8.30e-03
1.30183e+00 8.25e-03
1.30212e+00 8.19e-03
1.30242e+00 8.13e-03
1.30272e+00 8.07e-03
1.30302e+00 8.02e-03
1.30332e+00 7.96e-03
1.30362e+00 7.90e-03
1.30392e+00 7.84e-03
1.30422e+00 7.79e-03
1.30451e+00 7.73e-03
1.30481e+00 7.68e-03
1.30511e+00 7.62e-03
1.30541e+00 7.57e-03
1.30571e+00 7.51e-03
1.30601e+00 7.46e-03
1.30630e+00 7.40e-03
1.30660e+00 7.35e-03
1.30690e+00 7.30e-03
1.30720e+00 7.24e-03
1.30749e+00 7.19e-03
1.30779e+00 7.14e-03
1.30809e+00 7.09e-03
1.30839e+00 7.04e-03
1.30868e+00 6.99e-03
1.30898e+00 6.93e-03
1.30925e+00 6.88e-03
1.30955e+00 6.83e-03
1.30985e+00 6.78e-03
1.31014e+00 6.74e-03
1.31044e+00 6.69e-03
1.31074e+00 6.64e-03
1.31103e+00 6.59e-03
1.31133e+00 6.54e-03
1.31162e+00 6.50e-03
1.31192e+00 6.45e-03
1.31222e+00 6.40e-03
1.31251e+00 6.36e-03
1.31281e+00 6.31e-03
1.31311e+00 6.26e-03
1.31340e+00 6.22e-03
1.31370e+00 6.18e-03
1.31399e+00 6.13e-03
1.31429e+00 6.09e-03
1.31458e+00 6.04e-03
1.31488e+00 6.00e-03
1.31517e+00 5.96e-03
1.31547e+00 5.92e-03
1.31576e+00 5.87e-03
1.31606e+00 5.83e-03
1.31635e+00 5.79e-03
1.31665e+00 5.75e-03
1.31694e+00 5.71e-03
1.31724e+00 5.67e-03
1.31753e+00 5.63e-03
1.31783e+00 5.59e-03
1.31812e+00 5.55e-03
1.31842e+00 5.51e-03
1.31871e+00 5.47e-03
1.31901e+00 5.44e-03
1.31930e+00 5.40e-03
1.31959e+00 5.36e-03
1.31989e+00 5.32e-03
1.32018e+00 5.29e-03
1.32048e+00 5.25e-03
1.32077e+00 5.21e-03
1.32106e+00 5.18e-03
1.32133e+00 5.14e-03
1.32162e+00 5.11e-03
1.32192e+00 5.08e-03
1.32221e+00 5.04e-03
1.32250e+00 5.01e-03
1.32280e+00 4.97e-03
1.32309e+00 4.94e-03
1.32338e+00 4.91e-03
1.32367e+00 4.87e-03
1.32397e+00 4.84e-03
1.32426e+00 4.81e-03
1.32455e+00 4.78e-03
1.32484e+00 4.75e-03
1.32514e+00 4.72e-03
1.32543e+00 4.69e-03
1.32572e+00 4.66e-03
1.32601e+00 4.63e-03
1.32631e+00 4.60e-03
1.32660e+00 4.57e-03
1.32689e+00 4.54e-03
1.32718e+00 4.51e-03
1.32747e+00 4.48e-03
1.32776e+00 4.45e-03
1.32806e+00 4.42e-03
1.32835e+00 4.39e-03
1.32864e+00 4.37e-03
1.32893e+00 4.34e-03
1.32922e+00 4.31e-03
1.32951e+00 4.28e-03
1.32980e+00 4.26e-03
1.33009e+00 4.23e-03
1.33039e+00 4.21e-03
1.33068e+00 4.18e-03
1.33097e+00 4.15e-03
1.33126e+00 4.13e-03
1.33155e+00 4.10e-03
1.33184e+00 4.08e-03
1.33213e+00 4.05e-03
1.33242e+00 4.03e-03
1.33271e+00 4.00e-03
1.33300e+00 3.98e-03
1.33329e+00 3.96e-03
1.33358e+00 3.93e-03
1.33387e+00 3.91e-03
1.33416e+00 3.89e-03
1.33445e+00 3.86e-03
1.33471e+00 3.84e-03
1.33500e+00 3.82e-03
1.33529e+00 3.80e-03
1.33558e+00 3.78e-03
1.33587e+00 3.76e-03
1.33616e+00 3.73e-03
1.33645e+00 3.71e-03
1.33674e+00 3.69e-03
1.33703e+00 3.67e-03
1.33731e+00 3.65e-03
1.33760e+00 3.63e-03
1.33789e+00 3.61e-03
1.33818e+00 3.59e-03
1.33847e+00 3.58e-03
1.33876e+00 3.56e-03
1.33905e+00 3.54e-03
1.33933e+00 3.52e-03
1.33962e+00 3.50e-03
1.33991e+00 3.49e-03
1.34020e+00 3.47e-03
1.34049e+00 3.45e-03
1.34077e+00 3.44e-03
1.34106e+00 3.42e-03
1.34135e+00 3.41e-03
1.34164e+00 3.39e-03
1.34192e+00 3.38e-03
1.34221e+00 3.37e-03
1.34250e+00 3.36e-03
1.34279e+00 3.36e-03
1.34294e+00 3.35e-03
1.34323e+00 3.35e-03
1.34352e+00 3.36e-03
1.34380e+00 3.37e-03
1.34409e+00 3.38e-03
1.34422e+00 3.39e-03
1.34451e+00 3.39e-03
1.34464e+00 3.39e-03
1.34480e+00 3.38e-03
1.34493e+00 3.36e-03
1.34508e+00 3.34e-03
1.34537e+00 3.30e-03
1.34550e+00 3.28e-03
1.34578e+00 3.24e-03
1.34594e+00 3.22e-03
1.34623e+00 3.19e-03
1.34651e+00 3.17e-03
1.34680e+00 3.14e-03
1.34709e+00 3.12e-03
1.34722e+00 3.11e-03
1.34737e+00 3.11e-03
1.34766e+00 3.09e-03
1.34794e+00 3.08e-03
1.34823e+00 3.06e-03
1.34851e+00 3.05e-03
1.34880e+00 3.03e-03
1.34909e+00 3.02e-03
1.34937e+00 3.00e-03
1.34966e+00 2.99e-03
1.34994e+00 2.98e-03
1.35023e+00 2.97e-03
1.35051e+00 2.95e-03
1.35080e+00 2.94e-03
1.35108e+00 2.93e-03
1.35137e+00 2.92e-03
1.35165e+00 2.91e-03
1.35194e+00 2.90e-03
1.35207e+00 2.90e-03
1.35235e+00 2.89e-03
1.35263e+00 2.88e-03
1.35292e+00 2.87e-03
1.35320e+00 2.86e-03
1.35349e+00 2.85e-03
1.35377e+00 2.84e-03
1.35406e+00 2.83e-03
1.35434e+00 2.82e-03
1.35462e+00 2.81e-03
1.35491e+00 2.80e-03
1.35519e+00 2.80e-03
1.35547e+00 2.79e-03
1.35576e+00 2.78e-03
1.35604e+00 2.77e-03
1.35632e+00 2.77e-03
1.35661e+00 2.76e-03
1.35689e+00 2.75e-03
1.35717e+00 2.75e-03
1.35746e+00 2.74e-03
1.35774e+00 2.73e-03
1.35802e+00 2.73e-03
1.35831e+00 2.72e-03
1.35859e+00 2.72e-03
1.35887e+00 2.71e-03
1.35915e+00 2.71e-03
1.35944e+00 2.70e-03
1.35972e+00 2.70e-03
1.36000e+00 2.70e-03
1.36028e+00 2.69e-03
1.36057e+00 2.69e-03
1.36085e+00 2.69e-03
1.36113e+00 2.68e-03
1.36719e+00 2.63e-03
1.36762e+00 2.63e-03
1.36775e+00 2.63e-03
1.36986e+00 2.63e-03
1.37014e+00 2.63e-03
1.37113e+00 2.62e-03
1.37154e+00 2.62e-03
1.37169e+00 2.63e-03
1.37377e+00 2.63e-03
1.37392e+00 2.63e-03
1.37404e+00 2.63e-03
1.37602e+00 2.63e-03
1.37614e+00 2.63e-03
1.37725e+00 2.63e-03
1.37753e+00 2.63e-03
1.37768e+00 2.63e-03
1.37783e+00 2.63e-03
1.37796e+00 2.64e-03
1.38171e+00 2.65e-03
1.38241e+00 2.65e-03
1.38254e+00 2.65e-03
1.38422e+00 2.66e-03
1.38434e+00 2.66e-03
1.38462e+00 2.66e-03
1.38477e+00 2.66e-03
1.38517e+00 2.67e-03
1.38642e+00 2.67e-03
1.38657e+00 2.68e-03
1.38669e+00 2.68e-03
1.38752e+00 2.68e-03
1.38837e+00 2.69e-03
1.38864e+00 2.70e-03
1.38877e+00 2.70e-03
1.39056e+00 2.71e-03
1.39277e+00 2.72e-03
1.39290e+00 2.72e-03
1.39414e+00 2.72e-03
1.39429e+00 2.73e-03
1.39441e+00 2.73e-03
1.39456e+00 2.73e-03
1.39607e+00 2.74e-03
1.39634e+00 2.74e-03
1.39647e+00 2.74e-03
1.39785e+00 2.74e-03
1.39798e+00 2.74e-03
1.39812e+00 2.74e-03
1.39825e+00 2.75e-03
1.39867e+00 2.75e-03
1.39882e+00 2.75e-03
1.40251e+00 2.74e-03
1.40264e+00 2.74e-03
1.40318e+00 2.74e-03
1.40332e+00 2.74e-03
1.40455e+00 2.74e-03
1.40467e+00 2.74e-03
1.40891e+00 2.72e-03
1.40903e+00 2.73e-03
1.40918e+00 2.73e-03
1.40930e+00 2.73e-03
1.40999e+00 2.73e-03
1.41013e+00 2.73e-03
1.41082e+00 2.73e-03
1.41204e+00 2.74e-03
1.41245e+00 2.74e-03
1.41257e+00 2.74e-03
1.41298e+00 2.74e-03
1.41311e+00 2.75e-03
1.41325e+00 2.75e-03
1.41340e+00 2.76e-03
1.41352e+00 2.76e-03
1.41420e+00 2.76e-03
1.41515e+00 2.76e-03
1.41529e+00 2.76e-03
1.41663e+00 2.76e-03
1.41799e+00 2.76e-03
1.41920e+00 2.75e-03
1.41934e+00 2.75e-03
1.41946e+00 2.76e-03
1.41961e+00 2.76e-03
1.42043e+00 2.76e-03
1.42055e+00 2.76e-03
1.42123e+00 2.76e-03
1.42137e+00 2.76e-03
1.42337e+00 2.75e-03
1.42352e+00 2.75e-03
1.42513e+00 2.74e-03
1.42527e+00 2.74e-03
1.42568e+00 2.74e-03
1.42580e+00 2.74e-03
1.43010e+00 2.70e-03
1.43024e+00 2.70e-03
1.43974e+00 2.62e-03
1.43986e+00 2.61e-03
1.44000e+00 2.62e-03
1.44012e+00 2.65e-03
1.44026e+00 2.65e-03
1.44040e+00 2.65e-03
1.44081e+00 2.65e-03
1.44092e+00 2.66e-03
1.44187e+00 2.65e-03
1.44199e+00 2.66e-03
1.44225e+00 2.65e-03
1.44239e+00 2.66e-03
1.44253e+00 2.66e-03
1.44293e+00 2.66e-03
1.44305e+00 2.66e-03
1.44319e+00 2.66e-03
1.44331e+00 2.67e-03
1.44360e+00 2.67e-03
1.44371e+00 2.67e-03
1.44558e+00 2.67e-03
1.44638e+00 2.66e-03
1.44678e+00 2.65e-03
1.44692e+00 2.66e-03
1.44704e+00 2.66e-03
1.44718e+00 2.66e-03
1.44849e+00 2.65e-03
1.44864e+00 2.65e-03
1.44969e+00 2.64e-03
1.44997e+00 2.64e-03
1.45023e+00 2.64e-03
1.45049e+00 2.63e-03
1.45063e+00 2.63e-03
1.45075e+00 2.64e-03
1.45089e+00 2.63e-03
1.45103e+00 2.64e-03
1.45129e+00 2.63e-03
1.45154e+00 2.63e-03
1.45182e+00 2.63e-03
1.45208e+00 2.62e-03
1.45234e+00 2.62e-03
1.45262e+00 2.62e-03
1.46344e+00 2.53e-03
1.46356e+00 2.54e-03
1.46370e+00 2.54e-03
1.46383e+00 2.54e-03
1.46474e+00 2.53e-03
1.46487e+00 2.54e-03
1.46515e+00 2.53e-03
1.46541e+00 2.53e-03
1.46725e+00 2.51e-03
1.46751e+00 2.51e-03
1.46776e+00 2.51e-03
1.46804e+00 2.51e-03
1.46829e+00 2.50e-03
1.46857e+00 2.50e-03
1.46882e+00 2.50e-03
1.47091e+00 2.48e-03
1.47119e+00 2.48e-03
1.47144e+00 2.48e-03
1.47171e+00 2.47e-03
1.47197e+00 2.47e-03
1.47211e+00 2.47e-03
1.47236e+00 2.46e-03
1.47261e+00 2.46e-03
1.48607e+00 2.34e-03
1.49996e+00 2.22e-03
1.51328e+00 2.12e-03
1.52447e+00 2.04e-03
1.53024e+00 2.00e-03
1.54268e+00 1.92e-03
1.55610e+00 1.84e-03
1.56899e+00 1.76e-03
1.58314e+00 1.68e-03
1.59473e+00 1.62e-03
1.61068e+00 1.54e-03
1.61540e+00 1.52e-03
1.61552e+00 1.52e-03
1.63894e+00 1.41e-03
1.65756e+00 1.34e-03
1.67217e+00 1.28e-03
1.69065e+00 1.21e-03
1.69078e+00 1.21e-03
1.71603e+00 1.13e-03
1.71617e+00 1.12e-03
1.73982e+00 1.05e-03
1.74211e+00 1.04e-03
1.74224e+00 1.04e-03
1.75472e+00 1.00e-03
1.75485e+00 1.00e-03
1.78317e+00 9.25e-04
1.80110e+00 8.80e-04
1.82261e+00 8.29e-04
1.84290e+00 7.83e-04
1.86872e+00 7.30e-04
1.86965e+00 7.28e-04
1.86980e+00 7.26e-04
1.90294e+00 6.63e-04
1.93671e+00 6.05e-04
1.94252e+00 5.95e-04
1.94269e+00 5.95e-04
2.00334e+00 5.05e-04
2.00376e+00 5.04e-04
2.00417e+00 5.04e-04
2.00457e+00 5.03e-04
2.00497e+00 5.02e-04
2.00538e+00 5.02e-04
2.00580e+00 5.01e-04
2.00600e+00 5.01e-04
2.00620e+00 5.00e-04
2.00660e+00 5.00e-04
2.00702e+00 4.99e-04
2.00742e+00 4.98e-04
2.00784e+00 4.98e-04
2.00824e+00 4.97e-04
2.00866e+00 4.97e-04
2.00906e+00 4.96e-04
2.00947e+00 4.96e-04
2.00989e+00 4.95e-04
2.01029e+00 4.95e-04
2.01071e+00 4.94e-04
2.01112e+00 4.93e-04
2.01154e+00 4.93e-04
2.01195e+00 4.92e-04
2.01237e+00 4.92e-04
2.01278e+00 4.91e-04
2.01319e+00 4.91e-04
2.01361e+00 4.90e-04
2.01402e+00 4.90e-04
2.01444e+00 4.89e-04
2.01486e+00 4.89e-04
2.01528e+00 4.88e-04
2.01569e+00 4.87e-04
2.01612e+00 4.87e-04
2.01653e+00 4.86e-04
2.01695e+00 4.86e-04
2.01737e+00 4.85e-04
2.01779e+00 4.85e-04
2.01820e+00 4.84e-04
2.01863e+00 4.84e-04
2.01905e+00 4.83e-04
2.01947e+00 4.82e-04
2.01989e+00 4.82e-04
2.02032e+00 4.81e-04
2.02074e+00 4.81e-04
2.02116e+00 4.80e-04
2.02159e+00 4.80e-04
2.02201e+00 4.79e-04
2.02243e+00 4.79e-04
2.02286e+00 4.78e-04
2.02328e+00 4.78e-04
2.02372e+00 4.77e-04
2.02414e+00 4.76e-04
2.02456e+00 4.76e-04
2.02500e+00 4.75e-04
2.02542e+00 4.75e-04
2.02586e+00 4.74e-04
2.02628e+00 4.74e-04
2.02671e+00 4.73e-04
2.02713e+00 4.73e-04
2.02757e+00 4.72e-04
2.02800e+00 4.72e-04
2.02844e+00 4.71e-04
2.02887e+00 4.70e-04
2.02929e+00 4.70e-04
2.02973e+00 4.69e-04
2.03016e+00 4.69e-04
2.03059e+00 4.68e-04
2.03104e+00 4.68e-04
2.03147e+00 4.67e-04
2.03190e+00 4.67e-04
2.03234e+00 4.66e-04
2.03278e+00 4.66e-04
2.03321e+00 4.65e-04
2.03365e+00 4.64e-04
2.03409e+00 4.64e-04
2.03452e+00 4.63e-04
2.03497e+00 4.63e-04
2.03541e+00 4.62e-04
2.03584e+00 4.62e-04
2.03629e+00 4.61e-04
2.03673e+00 4.61e-04
2.03717e+00 4.60e-04
2.03762e+00 4.60e-04
2.03806e+00 4.59e-04
2.03850e+00 4.58e-04
2.03895e+00 4.58e-04
2.03917e+00 4.58e-04
2.03939e+00 4.57e-04
2.03983e+00 4.57e-04
2.04027e+00 4.56e-04
2.04071e+00 4.55e-04
2.04117e+00 4.55e-04
2.04161e+00 4.54e-04
2.04206e+00 4.54e-04
2.04251e+00 4.53e-04
2.04296e+00 4.53e-04
2.04340e+00 4.52e-04
2.04385e+00 4.52e-04
2.04431e+00 4.51e-04
2.04476e+00 4.51e-04
2.04521e+00 4.50e-04
2.04566e+00 4.49e-04
2.04612e+00 4.49e-04
2.04657e+00 4.48e-04
2.04702e+00 4.48e-04
2.04747e+00 4.47e-04
2.04793e+00 4.47e-04
2.04838e+00 4.46e-04
2.04884e+00 4.46e-04
2.04929e+00 4.45e-04
2.04976e+00 4.45e-04
2.05021e+00 4.44e-04
2.05067e+00 4.43e-04
2.05113e+00 4.43e-04
2.05158e+00 4.42e-04
2.05204e+00 4.42e-04
2.05251e+00 4.41e-04
2.05297e+00 4.41e-04
2.05343e+00 4.40e-04
2.05389e+00 4.40e-04
2.05435e+00 4.39e-04
2.05482e+00 4.38e-04
2.05528e+00 4.38e-04
2.05575e+00 4.37e-04
2.05621e+00 4.37e-04
2.05667e+00 4.36e-04
2.05714e+00 4.36e-04
2.05760e+00 4.35e-04
2.05808e+00 4.35e-04
2.05855e+00 4.34e-04
2.05902e+00 4.34e-04
2.05948e+00 4.33e-04
2.05995e+00 4.32e-04
2.06042e+00 4.32e-04
2.06090e+00 4.31e-04
2.06137e+00 4.31e-04
2.06184e+00 4.30e-04
2.06232e+00 4.30e-04
2.06279e+00 4.29e-04
2.06326e+00 4.29e-04
2.06374e+00 4.28e-04
2.06421e+00 4.28e-04
2.06470e+00 4.27e-04
2.06517e+00 4.26e-04
2.06565e+00 4.26e-04
2.06613e+00 4.25e-04
2.06661e+00 4.25e-04
2.06709e+00 4.24e-04
2.06757e+00 4.24e-04
2.06805e+00 4.23e-04
2.06853e+00 4.23e-04
2.06901e+00 4.22e-04
2.06949e+00 4.22e-04
2.06998e+00 4.21e-04
2.07046e+00 4.20e-04
2.07096e+00 4.20e-04
2.07143e+00 4.19e-04
2.07193e+00 4.19e-04
2.07242e+00 4.18e-04
2.07290e+00 4.18e-04
2.07339e+00 4.17e-04
2.07388e+00 4.17e-04
2.07437e+00 4.16e-04
2.07486e+00 4.16e-04
2.07536e+00 4.15e-04
2.07585e+00 4.14e-04
2.07634e+00 4.14e-04
2.07684e+00 4.13e-04
2.07733e+00 4.13e-04
2.07783e+00 4.12e-04
2.07832e+00 4.12e-04
2.07882e+00 4.11e-04
2.07932e+00 4.11e-04
2.07982e+00 4.10e-04
2.08032e+00 4.10e-04
2.08082e+00 4.09e-04
2.08131e+00 4.08e-04
2.08181e+00 4.08e-04
2.08231e+00 4.07e-04
2.08282e+00 4.07e-04
2.08332e+00 4.06e-04
2.08383e+00 4.06e-04
2.08433e+00 4.05e-04
2.08484e+00 4.05e-04
2.08535e+00 4.04e-04
2.08586e+00 4.04e-04
2.08636e+00 4.03e-04
2.08686e+00 4.02e-04
2.08738e+00 4.02e-04
2.08789e+00 4.01e-04
2.08840e+00 4.01e-04
2.08891e+00 4.00e-04
2.08943e+00 4.00e-04
2.08994e+00 3.99e-04
2.09046e+00 3.99e-04
2.09097e+00 3.98e-04
2.09149e+00 3.97e-04
2.09201e+00 3.97e-04
2.09253e+00 3.96e-04
2.09305e+00 3.96e-04
2.09357e+00 3.95e-04
2.09408e+00 3.95e-04
2.09460e+00 3.94e-04
2.09513e+00 3.94e-04
2.09565e+00 3.93e-04
2.09618e+00 3.93e-04
2.09670e+00 3.92e-04
2.09723e+00 3.91e-04
2.09775e+00 3.91e-04
2.09828e+00 3.90e-04
2.09882e+00 3.90e-04
2.09934e+00 3.89e-04
2.09987e+00 3.89e-04
2.10040e+00 3.88e-04
2.10093e+00 3.88e-04
2.10146e+00 3.87e-04
2.10200e+00 3.86e-04
2.10254e+00 3.86e-04
2.10307e+00 3.85e-04
2.10361e+00 3.85e-04
2.10415e+00 3.84e-04
2.10468e+00 3.84e-04
2.10495e+00 3.83e-04
2.10522e+00 3.82e-04
2.10577e+00 3.81e-04
2.10630e+00 3.81e-04
2.10685e+00 3.80e-04
2.10738e+00 3.80e-04
2.10793e+00 3.79e-04
2.10848e+00 3.79e-04
2.10902e+00 3.78e-04
2.10957e+00 3.78e-04
2.11012e+00 3.77e-04
2.11066e+00 3.76e-04
2.11122e+00 3.76e-04
2.11176e+00 3.75e-04
2.11232e+00 3.75e-04
2.11288e+00 3.74e-04
2.11343e+00 3.74e-04
2.11399e+00 3.73e-04
2.11427e+00 3.73e-04
2.11482e+00 3.72e-04
2.11538e+00 3.71e-04
2.11593e+00 3.71e-04
2.11650e+00 3.70e-04
2.11705e+00 3.70e-04
2.11762e+00 3.69e-04
2.11818e+00 3.69e-04
2.11875e+00 3.68e-04
2.11931e+00 3.68e-04
2.11988e+00 3.67e-04
2.12044e+00 3.66e-04
2.12100e+00 3.66e-04
2.12158e+00 3.65e-04
2.12214e+00 3.65e-04
2.12272e+00 3.64e-04
2.12329e+00 3.64e-04
2.12387e+00 3.63e-04
2.12444e+00 3.63e-04
2.12501e+00 3.62e-04
2.12559e+00 3.61e-04
2.12617e+00 3.61e-04
2.12674e+00 3.60e-04
2.12733e+00 3.60e-04
2.12791e+00 3.59e-04
2.12849e+00 3.59e-04
2.12908e+00 3.58e-04
2.12966e+00 3.58e-04
2.13024e+00 3.57e-04
2.13084e+00 3.56e-04
2.13142e+00 3.56e-04
2.13201e+00 3.55e-04
2.13260e+00 3.55e-04
2.13320e+00 3.54e-04
2.13379e+00 3.54e-04
2.13438e+00 3.53e-04
2.13497e+00 3.53e-04
2.13557e+00 3.52e-04
2.13618e+00 3.51e-04
2.13677e+00 3.51e-04
2.13737e+00 3.50e-04
2.13797e+00 3.50e-04
2.13857e+00 3.49e-04
2.13918e+00 3.49e-04
2.13978e+00 3.48e-04
2.14040e+00 3.47e-04
2.14101e+00 3.47e-04
2.14161e+00 3.46e-04
2.14222e+00 3.46e-04
2.14284e+00 3.45e-04
2.14345e+00 3.45e-04
2.14406e+00 3.44e-04
2.14468e+00 3.43e-04
2.14530e+00 3.43e-04
2.14592e+00 3.42e-04
2.14654e+00 3.42e-04
2.14716e+00 3.41e-04
2.14778e+00 3.41e-04
2.14841e+00 3.40e-04
2.14903e+00 3.39e-04
2.14966e+00 3.39e-04
2.15028e+00 3.38e-04
2.15091e+00 3.38e-04
2.15155e+00 3.37e-04
2.15218e+00 3.37e-04
2.15282e+00 3.36e-04
2.15345e+00 3.35e-04
2.15409e+00 3.35e-04
2.15472e+00 3.34e-04
2.15537e+00 3.34e-04
2.15601e+00 3.33e-04
2.15666e+00 3.33e-04
2.15729e+00 3.32e-04
2.15794e+00 3.32e-04
2.15859e+00 3.31e-04
2.15923e+00 3.30e-04
2.15989e+00 3.30e-04
2.16054e+00 3.29e-04
2.16119e+00 3.29e-04
2.16185e+00 3.28e-04
2.16251e+00 3.28e-04
2.16317e+00 3.27e-04
2.16383e+00 3.26e-04
2.16449e+00 3.26e-04
2.16516e+00 3.25e-04
2.16583e+00 3.25e-04
2.16649e+00 3.24e-04
2.16715e+00 3.24e-04
2.16783e+00 3.23e-04
2.16849e+00 3.22e-04
2.16917e+00 3.22e-04
2.16984e+00 3.21e-04
2.17053e+00 3.21e-04
2.17120e+00 3.20e-04
2.17188e+00 3.19e-04
2.17257e+00 3.19e-04
2.17325e+00 3.18e-04
2.17393e+00 3.18e-04
2.17463e+00 3.17e-04
2.17531e+00 3.17e-04
2.17600e+00 3.16e-04
2.17669e+00 3.15e-04
2.17740e+00 3.15e-04
2.17809e+00 3.14e-04
2.17879e+00 3.14e-04
2.17949e+00 3.13e-04
2.18019e+00 3.12e-04
2.18089e+00 3.12e-04
2.18160e+00 3.11e-04
2.18231e+00 3.11e-04
2.18302e+00 3.10e-04
2.18373e+00 3.10e-04
2.18444e+00 3.09e-04
2.18516e+00 3.08e-04
2.18588e+00 3.08e-04
2.18660e+00 3.07e-04
2.18732e+00 3.07e-04
2.18805e+00 3.06e-04
2.18878e+00 3.05e-04
2.18951e+00 3.05e-04
2.19023e+00 3.04e-04
2.19096e+00 3.04e-04
2.19170e+00 3.03e-04
2.19244e+00 3.02e-04
2.19317e+00 3.02e-04
2.19392e+00 3.01e-04
2.19465e+00 3.01e-04
2.19540e+00 3.00e-04
2.19615e+00 2.99e-04
2.19690e+00 2.99e-04
2.19766e+00 2.98e-04
2.19841e+00 2.97e-04
2.19917e+00 2.97e-04
2.19992e+00 2.96e-04
2.20069e+00 2.96e-04
2.20145e+00 2.95e-04
2.20221e+00 2.95e-04
2.20299e+00 2.94e-04
2.20376e+00 2.93e-04
2.20453e+00 2.93e-04
2.20530e+00 2.92e-04
2.20609e+00 2.92e-04
2.20687e+00 2.91e-04
2.20765e+00 2.90e-04
2.20843e+00 2.90e-04
2.20922e+00 2.89e-04
2.21001e+00 2.88e-04
2.21081e+00 2.88e-04
2.21160e+00 2.87e-04
2.21240e+00 2.87e-04
2.21320e+00 2.86e-04
2.21401e+00 2.85e-04
2.21481e+00 2.85e-04
2.21562e+00 2.84e-04
2.21643e+00 2.84e-04
2.21725e+00 2.83e-04
2.21806e+00 2.82e-04
2.21889e+00 2.82e-04
2.21971e+00 2.81e-04
2.22054e+00 2.81e-04
2.22136e+00 2.80e-04
2.22220e+00 2.79e-04
2.22303e+00 2.79e-04
2.22387e+00 2.78e-04
2.22471e+00 2.77e-04
2.22555e+00 2.77e-04
2.22641e+00 2.76e-04
2.22725e+00 2.76e-04
2.22811e+00 2.75e-04
2.22896e+00 2.74e-04
2.22982e+00 2.74e-04
2.23068e+00 2.73e-04
2.23155e+00 2.72e-04
2.23242e+00 2.72e-04
2.23329e+00 2.71e-04
2.23417e+00 2.71e-04
2.23504e+00 2.70e-04
2.23593e+00 2.69e-04
2.23681e+00 2.69e-04
2.23771e+00 2.68e-04
2.23859e+00 2.67e-04
2.23950e+00 2.67e-04
2.24039e+00 2.66e-04
2.24129e+00 2.65e-04
2.24220e+00 2.65e-04
2.24311e+00 2.64e-04
2.24402e+00 2.64e-04
2.24495e+00 2.63e-04
2.24587e+00 2.62e-04
2.24679e+00 2.62e-04
2.24772e+00 2.61e-04
2.24866e+00 2.60e-04
2.24960e+00 2.60e-04
2.25053e+00 2.59e-04
2.25148e+00 2.58e-04
2.25243e+00 2.58e-04
2.25338e+00 2.57e-04
2.25434e+00 2.56e-04
2.25529e+00 2.56e-04
2.25627e+00 2.55e-04
2.25723e+00 2.54e-04
2.25820e+00 2.54e-04
2.25919e+00 2.53e-04
2.26017e+00 2.53e-04
2.26116e+00 2.52e-04
2.26215e+00 2.51e-04
2.26315e+00 2.51e-04
2.26415e+00 2.50e-04
2.26515e+00 2.49e-04
2.26616e+00 2.49e-04
2.26718e+00 2.48e-04
2.26820e+00 2.47e-04
2.26922e+00 2.47e-04
2.27026e+00 2.46e-04
2.27129e+00 2.45e-04
2.27233e+00 2.44e-04
2.27337e+00 2.44e-04
2.27442e+00 2.43e-04
2.27548e+00 2.42e-04
2.27654e+00 2.42e-04
2.27761e+00 2.41e-04
2.27868e+00 2.40e-04
2.27976e+00 2.40e-04
2.28084e+00 2.39e-04
2.28193e+00 2.38e-04
2.28303e+00 2.38e-04
2.28413e+00 2.37e-04
2.28523e+00 2.36e-04
2.28634e+00 2.36e-04
2.28746e+00 2.35e-04
2.28858e+00 2.34e-04
2.28971e+00 2.33e-04
2.29085e+00 2.33e-04
2.29199e+00 2.32e-04
2.29314e+00 2.31e-04
2.29429e+00 2.31e-04
2.29546e+00 2.30e-04
2.29663e+00 2.29e-04
2.29780e+00 2.29e-04
2.29898e+00 2.28e-04
2.30017e+00 2.27e-04
2.30136e+00 2.26e-04
2.30258e+00 2.26e-04
2.30378e+00 2.25e-04
2.30498e+00 2.24e-04
2.30618e+00 2.23e-04
2.30747e+00 2.23e-04
2.30867e+00 2.22e-04
2.30996e+00 2.21e-04
2.31125e+00 2.21e-04
2.31244e+00 2.20e-04
2.31372e+00 2.19e-04
2.31501e+00 2.18e-04
2.31629e+00 2.18e-04
2.31757e+00 2.17e-04
2.31895e+00 2.16e-04
2.32023e+00 2.15e-04
2.32160e+00 2.15e-04
2.32288e+00 2.14e-04
2.32425e+00 2.13e-04
2.32562e+00 2.12e-04
2.32698e+00 2.12e-04
2.32835e+00 2.11e-04
2.32971e+00 2.10e-04
2.33108e+00 2.09e-04
2.33253e+00 2.08e-04
2.33389e+00 2.08e-04
2.33534e+00 2.07e-04
2.33679e+00 2.06e-04
2.33824e+00 2.05e-04
2.33969e+00 2.05e-04
2.34113e+00 2.04e-04
2.34267e+00 2.03e-04
2.34411e+00 2.02e-04
2.34564e+00 2.01e-04
2.34718e+00 2.01e-04
2.34871e+00 2.00e-04
2.35023e+00 1.99e-04
2.35176e+00 1.98e-04
2.35337e+00 1.97e-04
2.35499e+00 1.96e-04
2.35650e+00 1.96e-04
2.35811e+00 1.95e-04
2.35982e+00 1.94e-04
2.36142e+00 1.93e-04
2.36312e+00 1.92e-04
2.36471e+00 1.91e-04
2.36640e+00 1.91e-04
2.36819e+00 1.90e-04
2.36987e+00 1.89e-04
2.37164e+00 1.88e-04
2.37332e+00 1.87e-04
2.37518e+00 1.86e-04
2.37695e+00 1.85e-04
2.37871e+00 1.84e-04
2.38056e+00 1.84e-04
2.38241e+00 1.83e-04
2.38426e+00 1.82e-04
2.38619e+00 1.81e-04
2.38812e+00 1.80e-04
2.39005e+00 1.79e-04
2.39197e+00 1.78e-04
2.39398e+00 1.77e-04
2.39598e+00 1.76e-04
2.39799e+00 1.75e-04
2.40007e+00 1.74e-04
2.40216e+00 1.73e-04
2.40424e+00 1.72e-04
2.40640e+00 1.71e-04
2.40848e+00 1.70e-04
2.41072e+00 1.69e-04
2.41296e+00 1.69e-04
2.41520e+00 1.68e-04
2.41743e+00 1.67e-04
2.41975e+00 1.65e-04
2.42214e+00 1.64e-04
2.42454e+00 1.63e-04
2.42692e+00 1.62e-04
2.42939e+00 1.61e-04
2.43186e+00 1.60e-04
2.43440e+00 1.59e-04
2.43694e+00 1.58e-04
2.43956e+00 1.57e-04
2.44226e+00 1.56e-04
2.44495e+00 1.55e-04
2.44772e+00 1.54e-04
2.45057e+00 1.53e-04
2.45342e+00 1.51e-04
2.45634e+00 1.50e-04
2.45933e+00 1.49e-04
2.46241e+00 1.48e-04
2.46547e+00 1.47e-04
2.46861e+00 1.45e-04
2.47191e+00 1.44e-04
2.47519e+00 1.43e-04
2.47855e+00 1.42e-04
2.48207e+00 1.40e-04
2.48566e+00 1.39e-04
2.48923e+00 1.38e-04
2.49304e+00 1.36e-04
2.49684e+00 1.35e-04
2.50078e+00 1.34e-04
2.50487e+00 1.32e-04
2.50911e+00 1.31e-04
2.51341e+00 1.29e-04
2.51786e+00 1.28e-04
2.52252e+00 1.26e-04
2.52733e+00 1.25e-04
2.53227e+00 1.23e-04
2.53742e+00 1.21e-04
2.54286e+00 1.20e-04
2.54843e+00 1.18e-04
2.55428e+00 1.16e-04
2.56048e+00 1.14e-04
2.56695e+00 1.12e-04
2.57376e+00 1.10e-04
2.58097e+00 1.08e-04
2.58867e+00 1.06e-04
2.59264e+00 1.05e-04
2.60113e+00 1.03e-04
2.61029e+00 1.00e-04
2.62024e+00 9.76e-05
2.63110e+00 9.48e-05
2.63698e+00 9.34e-05
2.64319e+00 9.19e-05
2.64971e+00 9.03e-05
2.65669e+00 8.87e-05
2.66410e+00 8.70e-05
2.67215e+00 8.51e-05
2.68082e+00 8.32e-05
2.69029e+00 8.12e-05
2.70069e+00 7.90e-05
2.71231e+00 7.66e-05
2.72543e+00 7.40e-05
2.74065e+00 7.11e-05
2.75874e+00 6.78e-05
2.78130e+00 6.39e-05
2.81151e+00 5.91e-05
2.85859e+00 5.22e-05
2.99573e+00 3.65e-05
