# OPACITY Project tables
-2.61515e+00 4.42e+02
-2.27341e+00 1.53e+02
-2.07433e+00 8.25e+01
-1.93351e+00 5.33e+01
-1.82455e+00 3.80e+01
-1.73574e+00 2.88e+01
-1.66078e+00 2.29e+01
-1.59603e+00 1.87e+01
-1.53898e+00 1.57e+01
-1.48802e+00 1.34e+01
-1.44198e+00 1.16e+01
-1.40003e+00 1.02e+01
-1.36148e+00 9.08e+00
-1.32584e+00 8.15e+00
-1.29269e+00 7.37e+00
-1.26174e+00 6.70e+00
-1.23268e+00 6.13e+00
-1.20531e+00 5.64e+00
-1.17944e+00 5.21e+00
-1.15493e+00 4.83e+00
-1.13165e+00 4.50e+00
-1.10945e+00 4.21e+00
-1.08827e+00 3.95e+00
-1.06799e+00 3.72e+00
-1.04857e+00 3.51e+00
-1.02994e+00 3.32e+00
-1.01200e+00 3.15e+00
-9.94739e-01 2.99e+00
-9.78086e-01 2.85e+00
-9.62021e-01 2.72e+00
-9.46492e-01 2.60e+00
-9.31455e-01 2.48e+00
-9.16916e-01 2.38e+00
-9.02807e-01 2.28e+00
-8.89113e-01 2.19e+00
-8.75797e-01 2.11e+00
-8.62868e-01 2.03e+00
-8.50292e-01 1.96e+00
-8.38057e-01 1.89e+00
-8.26130e-01 1.83e+00
-8.14502e-01 1.77e+00
-8.03185e-01 1.71e+00
-7.92106e-01 1.65e+00
-7.81301e-01 1.60e+00
-7.60420e-01 1.51e+00
-7.50331e-01 1.47e+00
-7.40469e-01 1.42e+00
-7.30787e-01 1.39e+00
-7.21320e-01 1.35e+00
-7.12045e-01 1.32e+00
-7.02955e-01 1.28e+00
-6.94048e-01 1.25e+00
-6.85298e-01 1.22e+00
-6.76723e-01 1.19e+00
-6.68298e-01 1.16e+00
-6.60041e-01 1.12e+00
-6.51909e-01 1.09e+00
-6.43938e-01 1.07e+00
-6.36087e-01 1.06e+00
-6.20808e-01 1.01e+00
-6.13357e-01 9.91e-01
-6.06016e-01 9.69e-01
-5.98801e-01 9.49e-01
-5.91692e-01 9.30e-01
-5.84687e-01 9.13e-01
-5.71018e-01 8.76e-01
-5.64314e-01 8.60e-01
-5.57725e-01 8.45e-01
-5.51231e-01 8.28e-01
-5.44831e-01 8.13e-01
-5.38505e-01 7.99e-01
-5.32288e-01 7.83e-01
-5.26142e-01 7.68e-01
-5.20085e-01 7.54e-01
-5.14098e-01 7.41e-01
-5.08196e-01 7.36e-01
-5.02362e-01 7.24e-01
-4.96610e-01 7.12e-01
-4.90925e-01 7.01e-01
-4.85320e-01 6.91e-01
-4.74301e-01 6.70e-01
-4.63545e-01 6.51e-01
-4.53044e-01 6.33e-01
-4.42778e-01 6.16e-01
-4.32739e-01 6.00e-01
-4.22922e-01 5.85e-01
-4.13321e-01 5.70e-01
-4.03901e-01 5.56e-01
-3.94688e-01 5.43e-01
-3.85662e-01 5.31e-01
-3.76819e-01 5.20e-01
-3.68126e-01 5.09e-01
-3.59622e-01 4.99e-01
-3.51261e-01 4.89e-01
-3.43054e-01 4.81e-01
-3.34997e-01 4.72e-01
-3.27088e-01 4.64e-01
-3.19310e-01 4.57e-01
-3.11661e-01 4.50e-01
-3.04150e-01 4.43e-01
-2.96750e-01 4.37e-01
-2.89484e-01 4.31e-01
-2.85884e-01 4.29e-01
-2.78788e-01 4.24e-01
-2.75279e-01 4.23e-01
-2.68350e-01 4.21e-01
-2.64917e-01 4.32e-01
-2.61521e-01 4.45e-01
-2.58149e-01 4.58e-01
-2.51466e-01 4.87e-01
-2.48167e-01 4.90e-01
-2.41639e-01 4.20e-01
-2.38409e-01 4.04e-01
-2.32020e-01 3.96e-01
-2.28860e-01 3.93e-01
-2.22606e-01 3.89e-01
-2.16441e-01 3.85e-01
-2.10363e-01 3.82e-01
-2.04359e-01 3.80e-01
-1.98439e-01 3.77e-01
-1.92590e-01 3.75e-01
-1.86824e-01 3.74e-01
-1.81126e-01 3.72e-01
-1.75509e-01 3.71e-01
-1.69958e-01 3.70e-01
-1.64474e-01 3.69e-01
-1.59054e-01 3.68e-01
-1.53699e-01 3.67e-01
-1.48407e-01 3.65e-01
-1.43189e-01 3.64e-01
-1.38021e-01 3.63e-01
-1.32914e-01 3.62e-01
-1.27867e-01 3.61e-01
-1.22868e-01 3.61e-01
-1.20395e-01 3.61e-01
-1.08220e-01 3.61e-01
-1.03440e-01 3.61e-01
-9.87160e-02 3.62e-01
-9.40360e-02 3.62e-01
-8.94106e-02 3.61e-01
-8.48283e-02 3.60e-01
-8.02994e-02 3.59e-01
-7.58125e-02 3.57e-01
-7.13671e-02 3.56e-01
-6.69735e-02 3.54e-01
-6.26097e-02 3.52e-01
-5.82967e-02 3.51e-01
-5.40233e-02 3.50e-01
-5.19040e-02 3.50e-01
-4.35236e-02 3.50e-01
-4.14576e-02 3.54e-01
-3.73385e-02 3.53e-01
-3.52956e-02 3.53e-01
-3.12430e-02 3.52e-01
-2.72170e-02 3.50e-01
-2.32379e-02 3.50e-01
-2.12543e-02 3.49e-01
-1.92848e-02 3.49e-01
-1.73293e-02 3.50e-01
-1.34298e-02 3.51e-01
-1.14958e-02 3.51e-01
-9.56560e-03 3.52e-01
-7.64918e-03 3.52e-01
-3.83735e-03 3.52e-01
-5.00013e-05 3.51e-01
1.79838e-03 3.51e-01
3.69317e-03 3.52e-01
7.37275e-03 3.55e-01
9.25702e-03 3.55e-01
1.11377e-02 3.55e-01
1.29162e-02 3.55e-01
1.47901e-02 3.55e-01
1.65621e-02 3.55e-01
1.84291e-02 3.56e-01
2.01947e-02 3.58e-01
2.19572e-02 3.58e-01
2.38142e-02 3.57e-01
2.55703e-02 3.55e-01
2.73233e-02 3.53e-01
2.90732e-02 3.53e-01
3.08201e-02 3.52e-01
3.25640e-02 3.52e-01
3.60426e-02 3.52e-01
3.95091e-02 3.53e-01
4.12379e-02 3.53e-01
4.29637e-02 3.69e-01
4.46865e-02 3.69e-01
4.80280e-02 3.71e-01
4.97421e-02 3.73e-01
5.14533e-02 3.76e-01
5.30667e-02 3.81e-01
5.47722e-02 3.90e-01
5.64748e-02 4.10e-01
5.80802e-02 4.45e-01
5.97772e-02 4.85e-01
6.29748e-02 6.48e-01
6.46635e-02 5.70e-01
6.62558e-02 4.58e-01
6.78455e-02 4.14e-01
6.95261e-02 3.90e-01
7.11106e-02 3.78e-01
7.26927e-02 3.72e-01
7.42722e-02 3.68e-01
7.58493e-02 3.65e-01
7.74239e-02 3.63e-01
8.06579e-02 3.59e-01
8.37895e-02 3.57e-01
8.68197e-02 3.56e-01
8.99321e-02 3.55e-01
9.30349e-02 3.54e-01
9.75803e-02 3.53e-01
1.02015e-01 3.53e-01
1.07957e-01 3.53e-01
1.10915e-01 3.53e-01
1.13864e-01 3.54e-01
1.16805e-01 3.55e-01
1.19648e-01 3.55e-01
1.22483e-01 3.56e-01
1.25398e-01 3.58e-01
1.28217e-01 3.59e-01
1.31028e-01 3.60e-01
1.33831e-01 3.62e-01
1.36539e-01 3.63e-01
1.39327e-01 3.65e-01
1.42107e-01 3.67e-01
1.44793e-01 3.69e-01
1.47471e-01 3.72e-01
1.50229e-01 3.74e-01
1.52893e-01 3.77e-01
1.55550e-01 3.80e-01
1.58200e-01 3.83e-01
1.60757e-01 3.86e-01
1.63394e-01 3.90e-01
1.66023e-01 3.94e-01
1.67293e-01 3.96e-01
1.69912e-01 3.99e-01
1.72440e-01 4.03e-01
1.74961e-01 4.07e-01
1.77477e-01 4.11e-01
1.80069e-01 4.16e-01
1.82572e-01 4.21e-01
1.84985e-01 4.26e-01
1.86231e-01 4.29e-01
1.87475e-01 4.33e-01
1.88718e-01 4.38e-01
1.89959e-01 4.62e-01
1.91199e-01 5.17e-01
1.92437e-01 4.87e-01
1.93591e-01 4.58e-01
1.94826e-01 4.51e-01
1.96060e-01 4.52e-01
1.97292e-01 4.54e-01
1.99670e-01 4.60e-01
2.00898e-01 4.63e-01
2.03267e-01 4.70e-01
2.05631e-01 4.77e-01
2.07989e-01 4.84e-01
2.10342e-01 4.92e-01
2.12689e-01 5.00e-01
2.15031e-01 5.08e-01
2.17286e-01 5.17e-01
2.19617e-01 5.26e-01
2.21943e-01 5.35e-01
2.24183e-01 5.45e-01
2.26418e-01 5.55e-01
2.28728e-01 5.65e-01
2.30953e-01 5.76e-01
2.32064e-01 5.81e-01
2.34281e-01 5.93e-01
2.36494e-01 6.05e-01
2.38702e-01 6.18e-01
2.40905e-01 6.30e-01
2.43103e-01 6.44e-01
2.45296e-01 6.59e-01
2.47407e-01 6.73e-01
2.49591e-01 6.88e-01
2.51692e-01 7.03e-01
2.53867e-01 7.19e-01
2.55959e-01 7.35e-01
2.58047e-01 7.51e-01
2.60208e-01 7.68e-01
2.61210e-01 7.76e-01
2.62287e-01 7.85e-01
2.63287e-01 7.95e-01
2.64362e-01 8.07e-01
2.65360e-01 8.26e-01
2.66433e-01 9.34e-01
2.67428e-01 1.01e+00
2.68499e-01 8.71e-01
2.69493e-01 8.51e-01
2.70561e-01 8.53e-01
2.71553e-01 8.59e-01
2.72619e-01 8.66e-01
2.74597e-01 8.80e-01
2.76646e-01 8.94e-01
2.78692e-01 9.07e-01
2.80657e-01 9.21e-01
2.82695e-01 9.34e-01
2.84652e-01 9.48e-01
2.86606e-01 9.61e-01
2.88632e-01 9.74e-01
2.90578e-01 9.87e-01
2.92520e-01 1.00e+00
2.93490e-01 1.01e+00
2.94459e-01 1.01e+00
2.96394e-01 1.03e+00
2.98325e-01 1.05e+00
3.00253e-01 1.06e+00
3.02177e-01 1.08e+00
3.03137e-01 1.09e+00
3.04982e-01 1.12e+00
3.06896e-01 1.15e+00
3.08807e-01 1.17e+00
3.10641e-01 1.20e+00
3.11594e-01 1.21e+00
3.12545e-01 1.22e+00
3.13496e-01 1.23e+00
3.14373e-01 1.28e+00
3.15322e-01 1.23e+00
3.16270e-01 1.22e+00
3.17144e-01 1.22e+00
3.19035e-01 1.23e+00
3.19907e-01 1.23e+00
3.20851e-01 1.24e+00
3.22663e-01 1.25e+00
3.24472e-01 1.27e+00
3.26278e-01 1.28e+00
3.28080e-01 1.30e+00
3.29879e-01 1.31e+00
3.31675e-01 1.33e+00
3.33468e-01 1.35e+00
3.35257e-01 1.37e+00
3.37044e-01 1.39e+00
3.38827e-01 1.41e+00
3.39681e-01 1.42e+00
3.40535e-01 1.42e+00
3.42312e-01 1.43e+00
3.44015e-01 1.44e+00
3.44936e-01 1.45e+00
3.45786e-01 1.46e+00
3.46635e-01 1.57e+00
3.47483e-01 1.50e+00
3.48330e-01 1.47e+00
3.49247e-01 1.47e+00
3.50093e-01 1.48e+00
3.51783e-01 1.48e+00
3.53470e-01 1.49e+00
3.55224e-01 1.50e+00
3.56905e-01 1.51e+00
3.57744e-01 1.51e+00
3.62766e-01 1.51e+00
3.64435e-01 1.51e+00
3.65268e-01 1.51e+00
3.66932e-01 1.51e+00
3.68594e-01 1.51e+00
3.69354e-01 1.52e+00
3.70183e-01 1.52e+00
3.71012e-01 1.55e+00
3.71839e-01 1.53e+00
3.72666e-01 1.52e+00
3.74318e-01 1.53e+00
3.75899e-01 1.53e+00
3.76723e-01 1.53e+00
3.77546e-01 1.53e+00
3.78299e-01 1.53e+00
3.79942e-01 1.59e+00
3.80762e-01 1.62e+00
3.81514e-01 1.70e+00
3.83151e-01 1.89e+00
3.83969e-01 1.82e+00
3.85534e-01 1.56e+00
3.86282e-01 1.50e+00
3.87097e-01 1.47e+00
3.87912e-01 1.47e+00
3.88658e-01 1.43e+00
3.89471e-01 1.40e+00
3.90284e-01 1.39e+00
3.91028e-01 1.37e+00
3.92582e-01 1.35e+00
3.93393e-01 1.34e+00
3.94943e-01 1.33e+00
3.96492e-01 1.31e+00
3.98038e-01 1.30e+00
3.99581e-01 1.28e+00
4.01122e-01 1.27e+00
4.01859e-01 1.27e+00
4.02661e-01 1.25e+00
4.03396e-01 1.24e+00
4.04932e-01 1.23e+00
4.06465e-01 1.21e+00
4.07929e-01 1.20e+00
4.09457e-01 1.18e+00
4.10187e-01 1.17e+00
4.10983e-01 1.17e+00
4.11712e-01 1.27e+00
4.12441e-01 1.15e+00
4.13169e-01 1.14e+00
4.14689e-01 1.12e+00
4.16141e-01 1.11e+00
4.17657e-01 1.09e+00
4.19105e-01 1.08e+00
4.19828e-01 1.07e+00
4.20616e-01 1.07e+00
4.21338e-01 1.05e+00
4.22781e-01 1.04e+00
4.24221e-01 1.03e+00
4.25725e-01 1.01e+00
4.26444e-01 1.02e+00
4.27161e-01 1.00e+00
4.27879e-01 9.93e-01
4.29312e-01 9.79e-01
4.30743e-01 9.65e-01
4.31458e-01 9.58e-01
4.32172e-01 9.53e-01
4.32886e-01 9.44e-01
4.34312e-01 9.30e-01
4.35736e-01 9.17e-01
4.36447e-01 9.12e-01
4.37158e-01 9.04e-01
4.37868e-01 8.97e-01
4.39287e-01 8.83e-01
4.39995e-01 8.77e-01
4.40704e-01 9.01e-01
4.41411e-01 8.65e-01
4.42761e-01 8.55e-01
4.43467e-01 8.51e-01
4.44878e-01 8.38e-01
4.46287e-01 8.26e-01
4.47630e-01 8.14e-01
4.49035e-01 8.02e-01
4.50438e-01 7.92e-01
4.51776e-01 7.82e-01
4.53175e-01 7.74e-01
4.54509e-01 7.65e-01
4.55207e-01 7.61e-01
4.56538e-01 7.50e-01
4.57931e-01 7.38e-01
4.58563e-01 7.33e-01
4.59259e-01 7.28e-01
4.59953e-01 7.24e-01
4.61278e-01 7.16e-01
4.61971e-01 7.12e-01
4.62601e-01 7.07e-01
4.63923e-01 6.95e-01
4.64614e-01 6.89e-01
4.65305e-01 6.83e-01
4.65933e-01 6.78e-01
4.67250e-01 6.69e-01
4.68565e-01 6.60e-01
4.69941e-01 6.52e-01
4.71253e-01 6.45e-01
4.71877e-01 6.42e-01
4.72563e-01 6.39e-01
4.73186e-01 6.53e-01
4.74494e-01 6.48e-01
4.75799e-01 6.43e-01
4.77103e-01 6.41e-01
4.77724e-01 6.54e-01
4.79025e-01 8.17e-01
4.79706e-01 8.68e-01
4.80944e-01 6.94e-01
4.81623e-01 6.23e-01
4.82920e-01 6.11e-01
4.83537e-01 6.06e-01
4.84831e-01 5.98e-01
4.86062e-01 5.90e-01
4.87352e-01 5.83e-01
4.88641e-01 5.75e-01
4.89868e-01 5.68e-01
4.91153e-01 5.62e-01
4.92376e-01 5.55e-01
4.93659e-01 5.49e-01
4.94879e-01 5.44e-01
4.96159e-01 5.38e-01
4.97376e-01 5.33e-01
4.98591e-01 5.28e-01
4.99866e-01 5.23e-01
5.01078e-01 5.18e-01
5.02289e-01 5.14e-01
5.03559e-01 5.10e-01
5.04767e-01 5.06e-01
5.05371e-01 5.04e-01
5.06577e-01 5.01e-01
5.07781e-01 4.98e-01
5.09044e-01 4.95e-01
5.10245e-01 4.90e-01
5.10846e-01 4.87e-01
5.11445e-01 4.84e-01
5.12045e-01 4.79e-01
5.12644e-01 4.75e-01
5.13841e-01 4.65e-01
5.14439e-01 4.60e-01
5.15634e-01 4.53e-01
5.16828e-01 4.46e-01
5.18020e-01 4.40e-01
5.19210e-01 4.35e-01
5.20340e-01 4.30e-01
5.21528e-01 4.26e-01
5.22715e-01 4.22e-01
5.23900e-01 4.18e-01
5.25083e-01 4.14e-01
5.26207e-01 4.10e-01
5.27388e-01 4.06e-01
5.28567e-01 4.02e-01
5.29687e-01 3.99e-01
5.30864e-01 3.95e-01
5.32039e-01 3.92e-01
5.33154e-01 3.89e-01
5.34327e-01 3.85e-01
5.35440e-01 3.82e-01
5.36610e-01 3.79e-01
5.37721e-01 3.76e-01
5.38888e-01 3.73e-01
5.39996e-01 3.70e-01
5.41103e-01 3.68e-01
5.42266e-01 3.65e-01
5.43370e-01 3.63e-01
5.44473e-01 3.61e-01
5.45053e-01 3.60e-01
5.46154e-01 3.57e-01
5.46733e-01 3.55e-01
5.47832e-01 3.53e-01
5.48930e-01 3.50e-01
5.50085e-01 3.48e-01
5.51180e-01 3.46e-01
5.52275e-01 3.43e-01
5.53368e-01 3.41e-01
5.54460e-01 3.39e-01
5.55550e-01 3.36e-01
5.56640e-01 3.34e-01
5.57728e-01 3.31e-01
5.58815e-01 3.29e-01
5.59901e-01 3.26e-01
5.60986e-01 3.23e-01
5.62070e-01 3.21e-01
5.63152e-01 3.18e-01
5.64234e-01 3.15e-01
5.65314e-01 3.13e-01
5.66393e-01 3.10e-01
5.67471e-01 3.08e-01
5.68491e-01 3.05e-01
5.69566e-01 3.03e-01
5.70641e-01 3.01e-01
5.71714e-01 2.99e-01
5.72729e-01 2.96e-01
5.73800e-01 2.94e-01
5.74870e-01 2.92e-01
5.75883e-01 2.91e-01
5.76950e-01 2.89e-01
5.77961e-01 2.87e-01
5.79026e-01 2.86e-01
5.80090e-01 2.84e-01
5.81098e-01 2.83e-01
5.82160e-01 2.82e-01
5.83165e-01 2.81e-01
5.84225e-01 2.80e-01
5.85228e-01 2.80e-01
5.85729e-01 2.80e-01
5.86230e-01 2.79e-01
5.86786e-01 2.78e-01
5.87287e-01 2.76e-01
5.87787e-01 2.73e-01
5.88287e-01 2.71e-01
5.88786e-01 2.69e-01
5.89286e-01 2.68e-01
5.90339e-01 2.66e-01
5.91336e-01 2.64e-01
5.92332e-01 2.62e-01
5.92885e-01 2.61e-01
5.93382e-01 2.61e-01
5.93879e-01 2.61e-01
5.94376e-01 2.64e-01
5.94873e-01 2.66e-01
5.95369e-01 2.64e-01
5.95865e-01 2.58e-01
5.96361e-01 2.56e-01
5.97407e-01 2.54e-01
5.98397e-01 2.53e-01
5.99386e-01 2.51e-01
6.00374e-01 2.49e-01
6.01361e-01 2.48e-01
6.02347e-01 2.46e-01
6.03332e-01 2.45e-01
6.03824e-01 2.44e-01
6.04316e-01 2.57e-01
6.04808e-01 2.43e-01
6.05790e-01 2.42e-01
6.06772e-01 2.41e-01
6.07753e-01 2.40e-01
6.08732e-01 2.39e-01
6.09711e-01 2.38e-01
6.10689e-01 2.37e-01
6.11666e-01 2.35e-01
6.12154e-01 2.35e-01
6.12642e-01 2.53e-01
6.13617e-01 2.51e-01
6.14591e-01 2.49e-01
6.15510e-01 2.47e-01
6.16482e-01 2.45e-01
6.17453e-01 2.43e-01
6.18424e-01 2.40e-01
6.19339e-01 2.38e-01
6.20308e-01 2.36e-01
6.21275e-01 2.35e-01
6.21759e-01 2.34e-01
6.22671e-01 2.33e-01
6.23636e-01 2.32e-01
6.24119e-01 2.30e-01
6.24601e-01 2.27e-01
6.25082e-01 2.25e-01
6.25511e-01 2.24e-01
6.25992e-01 2.23e-01
6.26954e-01 2.22e-01
6.27862e-01 2.21e-01
6.28822e-01 2.19e-01
6.29728e-01 2.18e-01
6.30686e-01 2.16e-01
6.31591e-01 2.15e-01
6.32548e-01 2.14e-01
6.33450e-01 2.13e-01
6.34405e-01 2.11e-01
6.35306e-01 2.10e-01
6.36259e-01 2.09e-01
6.37159e-01 2.08e-01
6.38110e-01 2.07e-01
6.39008e-01 2.06e-01
6.39905e-01 2.04e-01
6.40853e-01 2.03e-01
6.41749e-01 2.02e-01
6.42222e-01 2.02e-01
6.42643e-01 2.03e-01
6.43116e-01 2.01e-01
6.43537e-01 2.01e-01
6.44009e-01 2.01e-01
6.44482e-01 2.02e-01
6.44902e-01 2.01e-01
6.45374e-01 1.97e-01
6.45846e-01 1.96e-01
6.46737e-01 1.95e-01
6.47627e-01 1.95e-01
6.48516e-01 1.94e-01
6.49404e-01 1.94e-01
6.50292e-01 1.93e-01
6.50761e-01 1.92e-01
6.51648e-01 1.91e-01
6.52533e-01 1.90e-01
6.53418e-01 1.90e-01
6.54302e-01 1.89e-01
6.55186e-01 1.88e-01
6.56120e-01 1.87e-01
6.56535e-01 1.87e-01
6.57002e-01 1.87e-01
6.57416e-01 1.87e-01
6.57883e-01 1.85e-01
6.58297e-01 1.83e-01
6.59177e-01 1.83e-01
6.60056e-01 1.82e-01
6.60934e-01 1.82e-01
6.61347e-01 1.81e-01
6.61811e-01 1.81e-01
6.62688e-01 1.80e-01
6.63564e-01 1.79e-01
6.64439e-01 1.78e-01
6.65262e-01 1.78e-01
6.65725e-01 1.78e-01
6.66136e-01 1.78e-01
6.66598e-01 1.75e-01
6.67009e-01 1.75e-01
6.67470e-01 1.75e-01
6.68291e-01 1.74e-01
6.69162e-01 1.73e-01
6.70032e-01 1.73e-01
6.70441e-01 1.72e-01
6.70902e-01 1.72e-01
6.71310e-01 1.72e-01
6.71719e-01 1.72e-01
6.72179e-01 1.72e-01
6.72587e-01 1.69e-01
6.73047e-01 1.69e-01
6.73455e-01 1.69e-01
6.73862e-01 1.69e-01
6.74729e-01 1.69e-01
6.75594e-01 1.68e-01
6.76408e-01 1.68e-01
6.77272e-01 1.67e-01
6.78135e-01 1.66e-01
6.78947e-01 1.65e-01
6.79809e-01 1.65e-01
6.80619e-01 1.64e-01
6.81479e-01 1.63e-01
6.82339e-01 1.63e-01
6.83147e-01 1.62e-01
6.84006e-01 1.61e-01
6.84813e-01 1.61e-01
6.85669e-01 1.60e-01
6.86475e-01 1.59e-01
6.87330e-01 1.58e-01
6.87733e-01 1.58e-01
6.88135e-01 1.57e-01
6.88537e-01 1.57e-01
6.88989e-01 1.57e-01
6.89792e-01 1.57e-01
6.90594e-01 1.56e-01
6.91446e-01 1.56e-01
6.92247e-01 1.55e-01
6.93097e-01 1.55e-01
6.93897e-01 1.54e-01
6.94696e-01 1.53e-01
6.95544e-01 1.53e-01
6.96342e-01 1.52e-01
6.97139e-01 1.51e-01
6.97985e-01 1.51e-01
6.98383e-01 1.50e-01
6.98781e-01 1.50e-01
6.99179e-01 1.50e-01
6.99974e-01 1.50e-01
7.00818e-01 1.50e-01
7.01611e-01 1.49e-01
7.02404e-01 1.48e-01
7.03197e-01 1.48e-01
7.03988e-01 1.47e-01
7.04384e-01 1.47e-01
7.04829e-01 1.47e-01
7.05224e-01 1.46e-01
7.05619e-01 1.46e-01
7.06014e-01 1.46e-01
7.06804e-01 1.46e-01
7.07592e-01 1.45e-01
7.08381e-01 1.45e-01
7.09168e-01 1.44e-01
7.09562e-01 1.44e-01
7.10348e-01 1.43e-01
7.11134e-01 1.43e-01
7.11920e-01 1.43e-01
7.12754e-01 1.42e-01
7.13538e-01 1.42e-01
7.14321e-01 1.41e-01
7.15104e-01 1.41e-01
7.15887e-01 1.41e-01
7.16668e-01 1.40e-01
7.17401e-01 1.40e-01
7.18181e-01 1.39e-01
7.18961e-01 1.39e-01
7.19740e-01 1.39e-01
7.20519e-01 1.38e-01
7.21297e-01 1.38e-01
7.22075e-01 1.37e-01
7.22852e-01 1.37e-01
7.23628e-01 1.36e-01
7.24404e-01 1.36e-01
7.25130e-01 1.36e-01
7.25905e-01 1.35e-01
7.26679e-01 1.35e-01
7.27452e-01 1.34e-01
7.28225e-01 1.34e-01
7.28949e-01 1.34e-01
7.29720e-01 1.33e-01
7.30491e-01 1.33e-01
7.31262e-01 1.32e-01
7.31983e-01 1.32e-01
7.32752e-01 1.32e-01
7.33521e-01 1.31e-01
7.34241e-01 1.31e-01
7.35009e-01 1.30e-01
7.35776e-01 1.30e-01
7.36494e-01 1.30e-01
7.37260e-01 1.29e-01
7.38025e-01 1.29e-01
7.38742e-01 1.28e-01
7.39506e-01 1.28e-01
7.40222e-01 1.28e-01
7.40985e-01 1.27e-01
7.41747e-01 1.27e-01
7.42461e-01 1.27e-01
7.43222e-01 1.26e-01
7.43935e-01 1.26e-01
7.44695e-01 1.26e-01
7.45408e-01 1.25e-01
7.46166e-01 1.25e-01
7.46878e-01 1.25e-01
7.47635e-01 1.24e-01
7.48345e-01 1.24e-01
7.49102e-01 1.23e-01
7.49811e-01 1.23e-01
7.50567e-01 1.23e-01
7.51275e-01 1.22e-01
7.51982e-01 1.22e-01
7.52736e-01 1.22e-01
7.53442e-01 1.21e-01
7.54148e-01 1.21e-01
7.54901e-01 1.21e-01
7.55605e-01 1.20e-01
7.56357e-01 1.20e-01
7.57061e-01 1.20e-01
7.57764e-01 1.19e-01
7.58467e-01 1.19e-01
7.59216e-01 1.19e-01
7.59918e-01 1.19e-01
7.60619e-01 1.18e-01
7.61366e-01 1.18e-01
7.62067e-01 1.18e-01
7.62767e-01 1.17e-01
7.63466e-01 1.17e-01
7.64211e-01 1.17e-01
7.64910e-01 1.17e-01
7.65607e-01 1.16e-01
7.66305e-01 1.16e-01
7.67002e-01 1.16e-01
7.67698e-01 1.16e-01
7.68440e-01 1.15e-01
7.69136e-01 1.15e-01
7.69830e-01 1.15e-01
7.70525e-01 1.14e-01
7.71219e-01 1.14e-01
7.71589e-01 1.14e-01
7.72282e-01 1.13e-01
7.72974e-01 1.13e-01
7.73667e-01 1.12e-01
7.74358e-01 1.12e-01
7.74681e-01 1.12e-01
7.75418e-01 1.11e-01
7.76109e-01 1.11e-01
7.76799e-01 1.11e-01
7.77488e-01 1.10e-01
7.78177e-01 1.10e-01
7.78866e-01 1.10e-01
7.79554e-01 1.10e-01
7.80242e-01 1.09e-01
7.80929e-01 1.09e-01
7.81570e-01 1.09e-01
7.82256e-01 1.09e-01
7.82942e-01 1.08e-01
7.83628e-01 1.08e-01
7.84312e-01 1.08e-01
7.84997e-01 1.08e-01
7.85681e-01 1.07e-01
7.86364e-01 1.07e-01
7.87047e-01 1.07e-01
7.87730e-01 1.07e-01
7.88366e-01 1.06e-01
7.89048e-01 1.06e-01
7.89729e-01 1.06e-01
7.90410e-01 1.06e-01
7.91090e-01 1.06e-01
7.91770e-01 1.05e-01
7.92404e-01 1.05e-01
7.93083e-01 1.05e-01
7.93761e-01 1.05e-01
7.94439e-01 1.04e-01
7.95117e-01 1.04e-01
7.95749e-01 1.04e-01
7.96426e-01 1.04e-01
7.97102e-01 1.03e-01
7.97732e-01 1.03e-01
7.98408e-01 1.03e-01
7.99083e-01 1.03e-01
7.99757e-01 1.03e-01
8.00386e-01 1.02e-01
8.01059e-01 1.02e-01
8.01732e-01 1.02e-01
8.02360e-01 1.02e-01
8.03032e-01 1.02e-01
8.03704e-01 1.01e-01
8.04331e-01 1.01e-01
8.05002e-01 1.01e-01
8.05627e-01 1.01e-01
8.06297e-01 1.01e-01
8.06967e-01 1.01e-01
8.07591e-01 1.00e-01
8.08260e-01 1.00e-01
8.08884e-01 1.00e-01
8.09240e-01 9.99e-02
8.09551e-01 1.00e-01
8.09863e-01 1.00e-01
8.10530e-01 9.98e-02
8.11152e-01 9.96e-02
8.11819e-01 9.94e-02
8.12440e-01 9.93e-02
8.13106e-01 9.91e-02
8.13726e-01 9.89e-02
8.14391e-01 9.88e-02
8.15011e-01 9.86e-02
8.15674e-01 9.84e-02
8.16294e-01 9.82e-02
8.16956e-01 9.81e-02
8.17575e-01 9.79e-02
8.18193e-01 9.77e-02
8.18854e-01 9.75e-02
8.19471e-01 9.73e-02
8.20132e-01 9.71e-02
8.20749e-01 9.69e-02
8.21364e-01 9.67e-02
8.22024e-01 9.66e-02
8.22639e-01 9.64e-02
8.23298e-01 9.62e-02
8.23912e-01 9.60e-02
8.24526e-01 9.58e-02
8.25184e-01 9.56e-02
8.25797e-01 9.54e-02
8.26410e-01 9.52e-02
8.27066e-01 9.50e-02
8.27678e-01 9.48e-02
8.28290e-01 9.46e-02
8.28945e-01 9.44e-02
8.29556e-01 9.42e-02
8.30166e-01 9.40e-02
8.30776e-01 9.38e-02
8.31430e-01 9.36e-02
8.32039e-01 9.34e-02
8.32648e-01 9.31e-02
8.33257e-01 9.29e-02
8.33909e-01 9.27e-02
8.34517e-01 9.25e-02
8.35124e-01 9.23e-02
8.35731e-01 9.21e-02
8.36338e-01 9.19e-02
8.36988e-01 9.17e-02
8.37594e-01 9.15e-02
8.38199e-01 9.13e-02
8.38805e-01 9.10e-02
8.39410e-01 9.08e-02
8.40014e-01 9.06e-02
8.40618e-01 9.04e-02
8.41265e-01 9.02e-02
8.41869e-01 9.00e-02
8.42472e-01 8.97e-02
8.43075e-01 8.95e-02
8.43677e-01 8.93e-02
8.44279e-01 8.90e-02
8.44881e-01 8.88e-02
8.45482e-01 8.86e-02
8.46083e-01 8.83e-02
8.46683e-01 8.81e-02
8.47284e-01 8.79e-02
8.47883e-01 8.76e-02
8.48526e-01 8.74e-02
8.49125e-01 8.73e-02
8.49723e-01 8.71e-02
8.50322e-01 8.70e-02
8.50920e-01 8.69e-02
8.51518e-01 8.68e-02
8.51816e-01 8.64e-02
8.52115e-01 8.66e-02
8.52712e-01 8.65e-02
8.53308e-01 8.64e-02
8.53862e-01 8.63e-02
8.54458e-01 8.61e-02
8.55053e-01 8.60e-02
8.55649e-01 8.58e-02
8.56243e-01 8.56e-02
8.56838e-01 8.54e-02
8.57432e-01 8.52e-02
8.58026e-01 8.50e-02
8.58619e-01 8.48e-02
8.59212e-01 8.46e-02
8.59805e-01 8.44e-02
8.60397e-01 8.42e-02
8.60947e-01 8.40e-02
8.61539e-01 8.38e-02
8.62130e-01 8.36e-02
8.62721e-01 8.34e-02
8.63312e-01 8.32e-02
8.63902e-01 8.31e-02
8.64492e-01 8.29e-02
8.65040e-01 8.26e-02
8.65629e-01 8.24e-02
8.66218e-01 8.22e-02
8.66806e-01 8.20e-02
8.67395e-01 8.18e-02
8.67940e-01 8.16e-02
8.68528e-01 8.13e-02
8.69115e-01 8.11e-02
8.69702e-01 8.08e-02
8.70289e-01 8.05e-02
8.70833e-01 8.02e-02
8.71419e-01 7.99e-02
8.72004e-01 7.96e-02
8.72548e-01 7.94e-02
8.73133e-01 7.92e-02
8.75427e-01 7.89e-02
8.76010e-01 7.87e-02
8.76551e-01 7.86e-02
8.76843e-01 7.85e-02
8.77425e-01 7.83e-02
8.78007e-01 7.82e-02
8.78547e-01 7.80e-02
8.79129e-01 7.78e-02
8.79710e-01 7.77e-02
8.80249e-01 7.75e-02
8.80829e-01 7.74e-02
8.81368e-01 7.72e-02
8.81948e-01 7.71e-02
8.82527e-01 7.70e-02
8.83065e-01 7.68e-02
8.83644e-01 7.67e-02
8.84181e-01 7.65e-02
8.84759e-01 7.63e-02
8.85337e-01 7.60e-02
8.85873e-01 7.57e-02
8.86161e-01 7.56e-02
8.86738e-01 7.54e-02
8.86985e-01 7.53e-02
8.87562e-01 7.53e-02
8.87850e-01 7.54e-02
8.88097e-01 7.56e-02
8.88385e-01 7.55e-02
8.89248e-01 7.55e-02
8.89495e-01 7.71e-02
8.89782e-01 7.55e-02
8.92572e-01 7.52e-02
8.93104e-01 7.51e-02
8.93677e-01 7.50e-02
8.94209e-01 7.48e-02
8.94781e-01 7.47e-02
8.95312e-01 7.45e-02
8.95843e-01 7.44e-02
8.96129e-01 7.43e-02
8.96415e-01 7.45e-02
8.96700e-01 7.46e-02
8.96945e-01 7.48e-02
8.97516e-01 7.49e-02
8.97760e-01 7.49e-02
8.98045e-01 7.49e-02
8.98330e-01 7.49e-02
8.98860e-01 7.46e-02
8.99429e-01 7.43e-02
8.99673e-01 7.42e-02
9.00243e-01 7.41e-02
9.00771e-01 7.40e-02
9.01340e-01 7.39e-02
9.01867e-01 7.38e-02
9.02151e-01 7.39e-02
9.02679e-01 7.45e-02
9.02962e-01 7.50e-02
9.03205e-01 7.52e-02
9.03773e-01 7.55e-02
9.04299e-01 7.61e-02
9.04866e-01 7.67e-02
9.05392e-01 7.73e-02
9.05675e-01 7.77e-02
9.05917e-01 7.84e-02
9.06200e-01 7.90e-02
9.06483e-01 7.98e-02
9.06725e-01 8.08e-02
9.07008e-01 8.17e-02
9.07290e-01 8.26e-02
9.07532e-01 8.26e-02
9.08097e-01 8.18e-02
9.08621e-01 8.11e-02
9.09145e-01 8.03e-02
9.09427e-01 7.84e-02
9.09669e-01 7.64e-02
9.09951e-01 7.53e-02
9.10474e-01 7.14e-02
9.10755e-01 6.94e-02
9.11037e-01 6.79e-02
9.11560e-01 6.71e-02
9.12082e-01 6.64e-02
9.12644e-01 6.56e-02
9.12885e-01 6.54e-02
9.13407e-01 6.53e-02
9.13968e-01 6.51e-02
9.14770e-01 6.50e-02
9.18967e-01 6.45e-02
9.19486e-01 6.45e-02
9.20044e-01 6.44e-02
9.20562e-01 6.43e-02
9.21079e-01 6.43e-02
9.21597e-01 6.42e-02
9.22114e-01 6.41e-02
9.22631e-01 6.40e-02
9.23187e-01 6.39e-02
9.23703e-01 6.38e-02
9.24219e-01 6.37e-02
9.24735e-01 6.37e-02
9.25250e-01 6.36e-02
9.25766e-01 6.35e-02
9.26281e-01 6.34e-02
9.26835e-01 6.33e-02
9.27349e-01 6.32e-02
9.27864e-01 6.31e-02
9.28377e-01 6.30e-02
9.28891e-01 6.29e-02
9.29404e-01 6.27e-02
9.29917e-01 6.26e-02
9.30430e-01 6.24e-02
9.30706e-01 6.35e-02
9.31219e-01 6.57e-02
9.31731e-01 6.80e-02
9.31967e-01 6.91e-02
9.32243e-01 6.82e-02
9.32754e-01 6.58e-02
9.33266e-01 6.33e-02
9.33541e-01 6.25e-02
9.34052e-01 6.23e-02
9.34563e-01 6.22e-02
9.35073e-01 6.21e-02
9.35583e-01 6.19e-02
9.36093e-01 6.18e-02
9.36603e-01 6.17e-02
9.37112e-01 6.16e-02
9.37622e-01 6.15e-02
9.38130e-01 6.14e-02
9.38639e-01 6.13e-02
9.39148e-01 6.12e-02
9.39656e-01 6.12e-02
9.40163e-01 6.11e-02
9.40671e-01 6.10e-02
9.41139e-01 6.09e-02
9.41647e-01 6.08e-02
9.42153e-01 6.07e-02
9.42660e-01 6.06e-02
9.43166e-01 6.05e-02
9.43672e-01 6.04e-02
9.44178e-01 6.03e-02
9.44684e-01 6.02e-02
9.45189e-01 6.01e-02
9.45694e-01 6.01e-02
9.46199e-01 6.00e-02
9.46704e-01 5.99e-02
9.47208e-01 5.98e-02
9.47712e-01 5.97e-02
9.48177e-01 5.96e-02
9.48680e-01 5.95e-02
9.49184e-01 5.95e-02
9.49687e-01 5.94e-02
9.50190e-01 5.93e-02
9.50692e-01 5.92e-02
9.51194e-01 5.91e-02
9.51696e-01 5.91e-02
9.52160e-01 5.90e-02
9.52661e-01 5.89e-02
9.53163e-01 5.88e-02
9.53664e-01 5.87e-02
9.54164e-01 5.87e-02
9.54665e-01 5.86e-02
9.55127e-01 5.85e-02
9.55627e-01 5.84e-02
9.56127e-01 5.84e-02
9.56626e-01 5.83e-02
9.57126e-01 5.82e-02
9.57586e-01 5.82e-02
9.58085e-01 5.81e-02
9.58584e-01 5.80e-02
9.59082e-01 5.79e-02
9.59580e-01 5.79e-02
9.60040e-01 5.78e-02
9.60537e-01 5.78e-02
9.61035e-01 5.77e-02
9.61532e-01 5.76e-02
9.61990e-01 5.76e-02
9.62487e-01 5.75e-02
9.62983e-01 5.75e-02
9.63212e-01 5.74e-02
9.63709e-01 5.71e-02
9.63937e-01 5.70e-02
9.64433e-01 5.68e-02
9.64662e-01 5.68e-02
9.66604e-01 5.67e-02
9.67592e-01 5.66e-02
9.68048e-01 5.65e-02
9.68542e-01 5.65e-02
9.69035e-01 5.64e-02
9.69490e-01 5.63e-02
9.69983e-01 5.63e-02
9.70476e-01 5.62e-02
9.70930e-01 5.62e-02
9.71423e-01 5.61e-02
9.71915e-01 5.61e-02
9.72369e-01 5.60e-02
9.72860e-01 5.59e-02
9.73351e-01 5.59e-02
9.73805e-01 5.58e-02
9.74295e-01 5.58e-02
9.74786e-01 5.57e-02
9.75239e-01 5.56e-02
9.75729e-01 5.56e-02
9.76181e-01 5.55e-02
9.76671e-01 5.55e-02
9.77160e-01 5.54e-02
9.77612e-01 5.53e-02
9.78101e-01 5.53e-02
9.78552e-01 5.52e-02
9.79040e-01 5.51e-02
9.79528e-01 5.51e-02
9.79979e-01 5.50e-02
9.80467e-01 5.50e-02
9.80917e-01 5.49e-02
9.81404e-01 5.48e-02
9.81891e-01 5.48e-02
9.82341e-01 5.47e-02
9.82827e-01 5.47e-02
9.83276e-01 5.46e-02
9.83762e-01 5.45e-02
9.84211e-01 5.45e-02
9.84697e-01 5.44e-02
9.85145e-01 5.43e-02
9.85630e-01 5.43e-02
9.86078e-01 5.42e-02
9.86563e-01 5.42e-02
9.87010e-01 5.41e-02
9.87494e-01 5.40e-02
9.87941e-01 5.40e-02
9.88425e-01 5.39e-02
9.88872e-01 5.38e-02
9.89355e-01 5.38e-02
9.89801e-01 5.37e-02
9.90284e-01 5.36e-02
9.90730e-01 5.36e-02
9.91213e-01 5.35e-02
9.91658e-01 5.34e-02
9.92140e-01 5.33e-02
9.92585e-01 5.33e-02
9.93067e-01 5.32e-02
9.93511e-01 5.31e-02
9.93992e-01 5.30e-02
9.94436e-01 5.29e-02
9.94917e-01 5.28e-02
9.95361e-01 5.27e-02
9.95804e-01 5.26e-02
9.96284e-01 5.25e-02
9.96727e-01 5.23e-02
9.97207e-01 5.22e-02
9.97428e-01 5.21e-02
9.97871e-01 5.20e-02
9.98129e-01 5.19e-02
1.00041e+00 5.18e-02
1.00085e+00 5.18e-02
1.00129e+00 5.17e-02
1.00291e+00 5.16e-02
1.00313e+00 5.14e-02
1.00335e+00 5.13e-02
1.00379e+00 5.13e-02
1.00426e+00 5.12e-02
1.00470e+00 5.11e-02
1.00518e+00 5.11e-02
1.00562e+00 5.10e-02
1.00606e+00 5.09e-02
1.00653e+00 5.09e-02
1.00697e+00 5.08e-02
1.00741e+00 5.07e-02
1.00788e+00 5.06e-02
1.00832e+00 5.06e-02
1.00876e+00 5.05e-02
1.00923e+00 5.04e-02
1.00967e+00 5.03e-02
1.01011e+00 5.03e-02
1.01058e+00 5.02e-02
1.01102e+00 5.02e-02
1.01146e+00 5.01e-02
1.01189e+00 5.01e-02
1.01236e+00 5.00e-02
1.01258e+00 5.00e-02
1.01458e+00 5.01e-02
1.01501e+00 5.02e-02
1.01527e+00 5.02e-02
1.01570e+00 5.05e-02
1.01592e+00 5.06e-02
1.01635e+00 5.11e-02
1.01679e+00 5.16e-02
1.01704e+00 5.16e-02
1.01747e+00 4.96e-02
1.01769e+00 4.87e-02
1.01791e+00 4.81e-02
1.01813e+00 4.75e-02
1.01834e+00 4.70e-02
1.01856e+00 4.68e-02
1.01881e+00 4.66e-02
1.01924e+00 4.69e-02
1.01946e+00 4.70e-02
1.01989e+00 4.71e-02
1.02033e+00 4.72e-02
1.02079e+00 4.73e-02
1.02101e+00 4.74e-02
1.02123e+00 4.73e-02
1.02144e+00 4.72e-02
1.02166e+00 4.70e-02
1.02188e+00 4.69e-02
1.02209e+00 4.68e-02
1.02299e+00 4.68e-02
1.02342e+00 4.67e-02
1.02385e+00 4.66e-02
1.02407e+00 4.66e-02
1.02450e+00 4.62e-02
1.02497e+00 4.65e-02
1.02518e+00 4.67e-02
1.02561e+00 4.66e-02
1.02604e+00 4.65e-02
1.02647e+00 4.64e-02
1.02690e+00 4.63e-02
1.02737e+00 4.63e-02
1.02780e+00 4.62e-02
1.02823e+00 4.61e-02
1.02865e+00 4.60e-02
1.02908e+00 4.60e-02
1.02951e+00 4.59e-02
1.02998e+00 4.58e-02
1.03040e+00 4.58e-02
1.03169e+00 4.56e-02
1.03190e+00 4.57e-02
1.03212e+00 4.58e-02
1.03233e+00 4.58e-02
1.03276e+00 4.48e-02
1.03297e+00 4.49e-02
1.03322e+00 4.50e-02
1.03343e+00 4.50e-02
1.03429e+00 4.50e-02
1.03471e+00 4.49e-02
1.03514e+00 4.48e-02
1.03557e+00 4.48e-02
1.03599e+00 4.47e-02
1.03642e+00 4.46e-02
1.03684e+00 4.46e-02
1.03730e+00 4.45e-02
1.03773e+00 4.44e-02
1.03815e+00 4.44e-02
1.03858e+00 4.43e-02
1.03900e+00 4.42e-02
1.03943e+00 4.42e-02
1.03985e+00 4.41e-02
1.04028e+00 4.41e-02
1.04070e+00 4.40e-02
1.04112e+00 4.39e-02
1.04155e+00 4.42e-02
1.04197e+00 4.45e-02
1.04239e+00 4.48e-02
1.04282e+00 4.51e-02
1.04303e+00 4.50e-02
1.04349e+00 4.45e-02
1.04391e+00 4.41e-02
1.04412e+00 4.39e-02
1.04433e+00 4.36e-02
1.04454e+00 4.33e-02
1.04475e+00 4.32e-02
1.04497e+00 4.33e-02
1.04518e+00 4.32e-02
1.04560e+00 4.31e-02
1.04602e+00 4.30e-02
1.04623e+00 4.29e-02
1.04665e+00 4.31e-02
1.04686e+00 4.31e-02
1.04770e+00 4.31e-02
1.04792e+00 4.31e-02
1.04855e+00 4.31e-02
1.05023e+00 4.30e-02
1.05065e+00 4.29e-02
1.05107e+00 4.29e-02
1.05149e+00 4.28e-02
1.05190e+00 4.27e-02
1.05232e+00 4.27e-02
1.05274e+00 4.26e-02
1.05316e+00 4.26e-02
1.05358e+00 4.25e-02
1.05400e+00 4.25e-02
1.05543e+00 4.24e-02
1.05584e+00 4.22e-02
1.05605e+00 4.21e-02
1.05626e+00 4.22e-02
1.05647e+00 4.21e-02
1.05689e+00 4.22e-02
1.05730e+00 4.23e-02
1.05772e+00 4.23e-02
1.05814e+00 4.24e-02
1.05835e+00 4.25e-02
1.05876e+00 4.26e-02
1.05897e+00 4.25e-02
1.05918e+00 4.27e-02
1.05939e+00 4.30e-02
1.05959e+00 4.32e-02
1.05980e+00 4.26e-02
1.06001e+00 4.15e-02
1.06022e+00 4.09e-02
1.06043e+00 4.07e-02
1.06063e+00 4.07e-02
1.06105e+00 4.09e-02
1.06143e+00 4.10e-02
1.06164e+00 4.11e-02
1.06267e+00 4.12e-02
1.06309e+00 4.11e-02
1.06330e+00 4.12e-02
1.06350e+00 4.13e-02
1.06537e+00 4.12e-02
1.06616e+00 4.12e-02
1.06636e+00 4.12e-02
1.06657e+00 4.16e-02
1.06678e+00 4.10e-02
1.06698e+00 4.08e-02
1.06719e+00 4.09e-02
1.06740e+00 4.09e-02
1.06760e+00 4.08e-02
1.06781e+00 4.08e-02
1.06802e+00 4.08e-02
1.06860e+00 4.08e-02
1.06901e+00 4.08e-02
1.06942e+00 4.06e-02
1.06963e+00 4.05e-02
1.06984e+00 4.07e-02
1.07004e+00 4.07e-02
1.07025e+00 4.07e-02
1.07329e+00 4.05e-02
1.07350e+00 4.03e-02
1.07370e+00 4.04e-02
1.07408e+00 4.04e-02
1.07449e+00 4.04e-02
1.07470e+00 4.03e-02
1.07490e+00 4.02e-02
1.07510e+00 4.00e-02
1.07551e+00 4.01e-02
1.07572e+00 4.02e-02
1.07752e+00 4.01e-02
1.07773e+00 3.99e-02
1.07810e+00 4.00e-02
1.07851e+00 4.01e-02
1.07892e+00 4.01e-02
1.07912e+00 4.01e-02
1.07933e+00 3.98e-02
1.07953e+00 3.96e-02
1.07974e+00 3.95e-02
1.07991e+00 3.95e-02
1.08031e+00 3.96e-02
1.08052e+00 3.96e-02
1.08072e+00 3.97e-02
1.08092e+00 3.99e-02
1.08113e+00 4.01e-02
1.08133e+00 3.99e-02
1.08153e+00 3.84e-02
1.08170e+00 3.83e-02
1.08191e+00 3.84e-02
1.08211e+00 3.85e-02
1.08231e+00 3.85e-02
1.08252e+00 3.85e-02
1.08272e+00 3.84e-02
1.08292e+00 3.86e-02
1.08313e+00 3.88e-02
1.08333e+00 3.87e-02
1.08390e+00 3.87e-02
1.08472e+00 3.86e-02
1.08492e+00 3.87e-02
1.08509e+00 3.90e-02
1.08529e+00 3.83e-02
1.08549e+00 3.82e-02
1.08590e+00 3.82e-02
1.08610e+00 3.82e-02
1.08630e+00 3.80e-02
1.08651e+00 3.81e-02
1.08667e+00 3.83e-02
1.08688e+00 3.78e-02
1.08708e+00 3.78e-02
1.08728e+00 3.78e-02
1.08769e+00 3.78e-02
1.08806e+00 3.78e-02
1.08846e+00 3.77e-02
1.08886e+00 3.77e-02
1.08927e+00 3.77e-02
1.08964e+00 3.76e-02
1.09004e+00 3.75e-02
1.09045e+00 3.75e-02
1.09085e+00 3.74e-02
1.09102e+00 3.74e-02
1.09122e+00 3.75e-02
1.09142e+00 3.74e-02
1.09182e+00 3.74e-02
1.09202e+00 3.73e-02
1.09223e+00 3.73e-02
1.09239e+00 3.74e-02
1.09259e+00 3.73e-02
1.09280e+00 3.73e-02
1.09300e+00 3.73e-02
1.09340e+00 3.74e-02
1.09357e+00 3.76e-02
1.09377e+00 3.75e-02
1.09397e+00 3.61e-02
1.09417e+00 3.63e-02
1.09437e+00 3.64e-02
1.09457e+00 3.65e-02
1.09477e+00 3.64e-02
1.09494e+00 3.65e-02
1.09514e+00 3.66e-02
1.09574e+00 3.66e-02
1.09594e+00 3.68e-02
1.09611e+00 3.62e-02
1.09631e+00 3.63e-02
1.09651e+00 3.63e-02
1.09671e+00 3.65e-02
1.09691e+00 3.64e-02
1.09808e+00 3.62e-02
1.09845e+00 3.62e-02
1.09865e+00 3.60e-02
1.09885e+00 3.61e-02
1.10041e+00 3.61e-02
1.10061e+00 3.60e-02
1.10078e+00 3.61e-02
1.10098e+00 3.61e-02
1.10118e+00 3.62e-02
1.10138e+00 3.64e-02
1.10157e+00 3.63e-02
1.10177e+00 3.51e-02
1.10194e+00 3.54e-02
1.10214e+00 3.55e-02
1.10254e+00 3.56e-02
1.10274e+00 3.56e-02
1.10290e+00 3.57e-02
1.10310e+00 3.51e-02
1.10330e+00 3.55e-02
1.10350e+00 3.55e-02
1.10618e+00 3.55e-02
1.10638e+00 3.55e-02
1.10658e+00 3.56e-02
1.10678e+00 3.59e-02
1.10698e+00 3.49e-02
1.10714e+00 3.50e-02
1.10734e+00 3.52e-02
1.10774e+00 3.53e-02
1.10794e+00 3.48e-02
1.10810e+00 3.51e-02
1.11001e+00 3.52e-02
1.11021e+00 3.53e-02
1.11041e+00 3.54e-02
1.11061e+00 3.55e-02
1.11080e+00 3.49e-02
1.11097e+00 3.50e-02
1.11117e+00 3.51e-02
1.11136e+00 3.52e-02
1.11593e+00 3.50e-02
1.11858e+00 3.48e-02
1.11894e+00 3.47e-02
1.11933e+00 3.47e-02
1.11969e+00 3.46e-02
1.12008e+00 3.46e-02
1.12044e+00 3.45e-02
1.12083e+00 3.45e-02
1.12119e+00 3.44e-02
1.12158e+00 3.44e-02
1.12197e+00 3.43e-02
1.12233e+00 3.42e-02
1.12272e+00 3.42e-02
1.12308e+00 3.41e-02
1.12347e+00 3.40e-02
1.12383e+00 3.40e-02
1.12422e+00 3.39e-02
1.12457e+00 3.38e-02
1.12496e+00 3.38e-02
1.12532e+00 3.37e-02
1.12571e+00 3.36e-02
1.12607e+00 3.35e-02
1.12645e+00 3.35e-02
1.12681e+00 3.34e-02
1.12720e+00 3.33e-02
1.12756e+00 3.33e-02
1.12794e+00 3.32e-02
1.12830e+00 3.31e-02
1.12869e+00 3.30e-02
1.12904e+00 3.30e-02
1.12943e+00 3.29e-02
1.12979e+00 3.28e-02
1.13018e+00 3.28e-02
1.13053e+00 3.27e-02
1.13092e+00 3.27e-02
1.13127e+00 3.26e-02
1.13166e+00 3.25e-02
1.13201e+00 3.25e-02
1.13237e+00 3.24e-02
1.13276e+00 3.24e-02
1.13311e+00 3.23e-02
1.13350e+00 3.23e-02
1.13385e+00 3.23e-02
1.13424e+00 3.22e-02
1.13700e+00 3.20e-02
1.13937e+00 3.19e-02
1.14575e+00 3.19e-02
1.14718e+00 3.18e-02
1.14756e+00 3.18e-02
1.14791e+00 3.17e-02
1.14829e+00 3.17e-02
1.14864e+00 3.16e-02
1.14899e+00 3.16e-02
1.14937e+00 3.15e-02
1.14972e+00 3.14e-02
1.15010e+00 3.14e-02
1.15045e+00 3.13e-02
1.15079e+00 3.12e-02
1.15117e+00 3.12e-02
1.15152e+00 3.11e-02
1.15187e+00 3.10e-02
1.15225e+00 3.09e-02
1.15260e+00 3.09e-02
1.15297e+00 3.08e-02
1.15332e+00 3.07e-02
1.15367e+00 3.07e-02
1.15405e+00 3.07e-02
1.15420e+00 3.06e-02
1.15439e+00 3.07e-02
1.15474e+00 3.05e-02
1.15512e+00 3.04e-02
1.15547e+00 3.04e-02
1.15581e+00 3.03e-02
1.15691e+00 3.02e-02
1.15779e+00 3.01e-02
1.15939e+00 3.00e-02
1.15993e+00 3.01e-02
1.16118e+00 3.00e-02
1.16452e+00 3.02e-02
1.16524e+00 3.02e-02
1.16593e+00 3.01e-02
1.16630e+00 3.01e-02
1.16664e+00 3.00e-02
1.16699e+00 2.99e-02
1.16736e+00 2.99e-02
1.16770e+00 2.98e-02
1.16805e+00 2.97e-02
1.16842e+00 2.96e-02
1.16876e+00 2.95e-02
1.16910e+00 2.94e-02
1.16944e+00 2.93e-02
1.16982e+00 2.92e-02
1.17016e+00 2.91e-02
1.17050e+00 2.90e-02
1.17087e+00 2.90e-02
1.17121e+00 2.89e-02
1.17140e+00 2.88e-02
1.17155e+00 2.88e-02
1.17189e+00 2.88e-02
1.17208e+00 2.88e-02
1.17227e+00 2.87e-02
1.17261e+00 2.86e-02
1.17295e+00 2.86e-02
1.17400e+00 2.85e-02
1.17418e+00 2.85e-02
1.17434e+00 2.84e-02
1.17801e+00 2.85e-02
1.17835e+00 2.85e-02
1.17869e+00 2.84e-02
1.17902e+00 2.84e-02
1.17939e+00 2.83e-02
1.17955e+00 2.83e-02
1.17973e+00 3.20e-02
1.18007e+00 3.19e-02
1.18041e+00 3.17e-02
1.18078e+00 3.16e-02
1.18111e+00 3.14e-02
1.18145e+00 3.13e-02
1.18179e+00 3.11e-02
1.18216e+00 3.10e-02
1.18249e+00 3.08e-02
1.18268e+00 3.07e-02
1.18301e+00 3.06e-02
1.18335e+00 3.04e-02
1.18369e+00 3.03e-02
1.18406e+00 3.01e-02
1.18439e+00 3.00e-02
1.18473e+00 2.98e-02
1.18507e+00 2.97e-02
1.18540e+00 2.96e-02
1.18577e+00 2.95e-02
1.18610e+00 2.94e-02
1.18644e+00 2.93e-02
1.18678e+00 2.92e-02
1.18714e+00 2.92e-02
1.18729e+00 2.91e-02
1.18763e+00 2.90e-02
1.18800e+00 2.89e-02
1.18833e+00 2.88e-02
1.18867e+00 2.87e-02
1.18900e+00 2.86e-02
1.18934e+00 2.85e-02
1.18970e+00 2.85e-02
1.19004e+00 2.84e-02
1.19037e+00 2.83e-02
1.19071e+00 2.83e-02
1.19089e+00 2.82e-02
1.19107e+00 2.82e-02
1.19140e+00 2.81e-02
1.19174e+00 2.81e-02
1.19207e+00 2.80e-02
1.19241e+00 2.80e-02
1.19277e+00 2.79e-02
1.19310e+00 2.78e-02
1.19344e+00 2.78e-02
1.19377e+00 2.77e-02
1.19410e+00 2.77e-02
1.19447e+00 2.76e-02
1.19480e+00 2.76e-02
1.19513e+00 2.75e-02
1.19547e+00 2.75e-02
1.19580e+00 2.74e-02
1.19616e+00 2.74e-02
1.19649e+00 2.73e-02
1.19683e+00 2.73e-02
1.19716e+00 2.72e-02
1.19749e+00 2.72e-02
1.19782e+00 2.71e-02
1.19819e+00 2.71e-02
1.19852e+00 2.70e-02
1.19885e+00 2.71e-02
1.19903e+00 2.70e-02
1.19936e+00 2.69e-02
1.19969e+00 2.69e-02
1.20003e+00 2.69e-02
1.20036e+00 2.68e-02
1.20069e+00 2.68e-02
1.20105e+00 2.67e-02
1.20138e+00 2.67e-02
1.20171e+00 2.66e-02
1.20204e+00 2.66e-02
1.20237e+00 2.66e-02
1.20270e+00 2.65e-02
1.20372e+00 2.64e-02
1.20489e+00 2.63e-02
1.20522e+00 2.63e-02
1.20540e+00 2.63e-02
1.20555e+00 2.62e-02
1.20591e+00 2.62e-02
1.20606e+00 2.62e-02
1.20741e+00 2.61e-02
1.20756e+00 2.61e-02
1.20774e+00 2.60e-02
1.20806e+00 2.59e-02
1.20839e+00 2.59e-02
1.20857e+00 2.59e-02
1.21057e+00 2.57e-02
1.21072e+00 2.57e-02
1.21105e+00 2.56e-02
1.21138e+00 2.56e-02
1.21173e+00 2.56e-02
1.21206e+00 2.55e-02
1.21239e+00 2.55e-02
1.21271e+00 2.55e-02
1.21370e+00 2.54e-02
1.21387e+00 2.54e-02
1.21420e+00 2.53e-02
1.21453e+00 2.53e-02
1.21485e+00 2.52e-02
1.21521e+00 2.52e-02
1.21554e+00 2.52e-02
1.21586e+00 2.51e-02
1.21619e+00 2.51e-02
1.21684e+00 2.50e-02
1.21717e+00 2.50e-02
1.21749e+00 2.50e-02
1.21767e+00 2.50e-02
1.21782e+00 2.50e-02
1.21799e+00 2.49e-02
1.21832e+00 2.49e-02
1.21850e+00 2.49e-02
1.21882e+00 2.48e-02
1.21897e+00 2.49e-02
1.21932e+00 2.48e-02
1.21965e+00 2.48e-02
1.21980e+00 2.48e-02
1.21997e+00 2.48e-02
1.22012e+00 2.48e-02
1.22030e+00 2.47e-02
1.22062e+00 2.47e-02
1.22260e+00 2.45e-02
1.22325e+00 2.45e-02
1.22407e+00 2.44e-02
1.22422e+00 2.44e-02
1.22439e+00 2.44e-02
1.22472e+00 2.43e-02
1.22504e+00 2.43e-02
1.22536e+00 2.43e-02
1.22569e+00 2.42e-02
1.22586e+00 2.42e-02
1.22601e+00 2.42e-02
1.22618e+00 2.42e-02
1.22651e+00 2.42e-02
1.22665e+00 2.41e-02
1.22715e+00 2.41e-02
1.22747e+00 2.41e-02
1.22780e+00 2.41e-02
1.22812e+00 2.40e-02
1.22844e+00 2.40e-02
1.22876e+00 2.40e-02
1.22911e+00 2.39e-02
1.22944e+00 2.39e-02
1.22976e+00 2.39e-02
1.23008e+00 2.39e-02
1.23040e+00 2.38e-02
1.23072e+00 2.38e-02
1.23104e+00 2.38e-02
1.23136e+00 2.37e-02
1.23265e+00 2.37e-02
1.23300e+00 2.36e-02
1.23314e+00 2.36e-02
1.23332e+00 2.36e-02
1.23364e+00 2.36e-02
1.23396e+00 2.35e-02
1.23428e+00 2.35e-02
1.23460e+00 2.35e-02
1.23492e+00 2.35e-02
1.23524e+00 2.34e-02
1.23556e+00 2.34e-02
1.23588e+00 2.34e-02
1.23620e+00 2.34e-02
1.23652e+00 2.33e-02
1.23684e+00 2.33e-02
1.23719e+00 2.33e-02
1.23750e+00 2.32e-02
1.23782e+00 2.32e-02
1.23814e+00 2.32e-02
1.23829e+00 2.32e-02
1.23846e+00 2.32e-02
1.24023e+00 2.30e-02
1.24133e+00 2.29e-02
1.24150e+00 2.30e-02
1.24164e+00 2.29e-02
1.24196e+00 2.29e-02
1.24214e+00 2.29e-02
1.24231e+00 2.29e-02
1.24245e+00 2.28e-02
1.24277e+00 2.28e-02
1.24309e+00 2.28e-02
1.24341e+00 2.28e-02
1.24436e+00 2.27e-02
1.24453e+00 2.27e-02
1.24467e+00 2.27e-02
1.24565e+00 2.26e-02
1.24597e+00 2.26e-02
1.24628e+00 2.25e-02
1.24674e+00 2.25e-02
1.24769e+00 2.24e-02
1.25182e+00 2.21e-02
1.25196e+00 2.22e-02
1.25228e+00 2.25e-02
1.25262e+00 2.28e-02
1.25276e+00 2.27e-02
1.25308e+00 2.24e-02
1.25339e+00 2.21e-02
1.25356e+00 2.20e-02
1.25388e+00 2.20e-02
1.25419e+00 2.20e-02
1.25450e+00 2.19e-02
1.25482e+00 2.19e-02
1.25513e+00 2.19e-02
1.25545e+00 2.18e-02
1.25576e+00 2.18e-02
1.25607e+00 2.18e-02
1.25826e+00 2.16e-02
1.26683e+00 2.11e-02
1.26917e+00 2.10e-02
1.27116e+00 2.09e-02
1.27257e+00 2.09e-02
1.27547e+00 2.09e-02
1.27670e+00 2.09e-02
1.27687e+00 2.08e-02
1.27779e+00 2.08e-02
1.27810e+00 2.08e-02
1.27840e+00 2.07e-02
1.27871e+00 2.07e-02
1.27902e+00 2.07e-02
1.27932e+00 2.06e-02
1.27963e+00 2.06e-02
1.27993e+00 2.06e-02
1.28024e+00 2.05e-02
1.28054e+00 2.05e-02
1.28085e+00 2.05e-02
1.28116e+00 2.04e-02
1.28146e+00 2.04e-02
1.28177e+00 2.04e-02
1.28207e+00 2.03e-02
1.28238e+00 2.03e-02
1.28268e+00 2.03e-02
1.28299e+00 2.02e-02
1.28329e+00 2.02e-02
1.28360e+00 2.02e-02
1.28390e+00 2.01e-02
1.28421e+00 2.01e-02
1.28451e+00 2.01e-02
1.28482e+00 2.01e-02
1.28512e+00 2.00e-02
1.28542e+00 2.00e-02
1.28573e+00 2.00e-02
1.28600e+00 2.00e-02
1.28631e+00 2.00e-02
1.28661e+00 1.99e-02
1.28692e+00 1.99e-02
1.28722e+00 1.99e-02
1.28752e+00 1.99e-02
1.28783e+00 1.98e-02
1.28813e+00 1.98e-02
1.28843e+00 1.98e-02
1.28874e+00 1.98e-02
1.28904e+00 1.97e-02
1.28934e+00 1.97e-02
1.28965e+00 1.97e-02
1.28995e+00 1.97e-02
1.29025e+00 1.97e-02
1.29055e+00 1.96e-02
1.29086e+00 1.96e-02
1.29116e+00 1.96e-02
1.29146e+00 1.96e-02
1.29176e+00 1.96e-02
1.29207e+00 1.95e-02
1.29237e+00 1.95e-02
1.29267e+00 1.95e-02
1.29297e+00 1.95e-02
1.29327e+00 1.95e-02
1.29659e+00 1.93e-02
1.29689e+00 1.93e-02
1.30033e+00 1.91e-02
1.30093e+00 1.90e-02
1.30123e+00 1.90e-02
1.30362e+00 1.89e-02
1.30392e+00 1.89e-02
1.30422e+00 1.88e-02
1.30451e+00 1.88e-02
1.30481e+00 1.88e-02
1.30511e+00 1.88e-02
1.30541e+00 1.88e-02
1.30690e+00 1.87e-02
1.30720e+00 1.88e-02
1.30749e+00 1.88e-02
1.30763e+00 1.88e-02
1.30779e+00 1.88e-02
1.30793e+00 1.87e-02
1.30809e+00 1.86e-02
1.30839e+00 1.86e-02
1.30882e+00 1.86e-02
1.31014e+00 1.85e-02
1.31030e+00 1.85e-02
1.31281e+00 1.84e-02
1.31311e+00 1.84e-02
1.31356e+00 1.84e-02
1.31517e+00 1.83e-02
1.31665e+00 1.84e-02
1.31796e+00 1.84e-02
1.31855e+00 1.84e-02
1.31871e+00 1.83e-02
1.31901e+00 1.83e-02
1.31930e+00 1.83e-02
1.31959e+00 1.82e-02
1.31989e+00 1.82e-02
1.32018e+00 1.82e-02
1.32048e+00 1.81e-02
1.32077e+00 1.81e-02
1.32090e+00 1.81e-02
1.32106e+00 1.82e-02
1.32120e+00 1.80e-02
1.32149e+00 1.80e-02
1.32178e+00 1.80e-02
1.32338e+00 1.79e-02
1.32397e+00 1.79e-02
1.32413e+00 1.79e-02
1.32426e+00 1.79e-02
1.32442e+00 1.79e-02
1.32484e+00 1.79e-02
1.32617e+00 1.78e-02
1.32646e+00 1.78e-02
1.32676e+00 1.78e-02
1.32705e+00 1.77e-02
1.32776e+00 1.77e-02
1.32790e+00 1.77e-02
1.32806e+00 1.77e-02
1.32877e+00 1.76e-02
1.32893e+00 1.77e-02
1.32906e+00 1.76e-02
1.33023e+00 1.76e-02
1.33039e+00 1.76e-02
1.33081e+00 1.76e-02
1.33097e+00 1.76e-02
1.33110e+00 1.76e-02
1.33126e+00 1.75e-02
1.33168e+00 1.75e-02
1.33213e+00 1.75e-02
1.33226e+00 1.76e-02
1.33242e+00 1.75e-02
1.33255e+00 1.75e-02
1.33271e+00 1.74e-02
1.33300e+00 1.74e-02
1.33313e+00 1.74e-02
1.33400e+00 1.74e-02
1.33416e+00 1.74e-02
1.33574e+00 1.74e-02
1.33689e+00 1.74e-02
1.33718e+00 1.74e-02
1.33731e+00 1.74e-02
1.33776e+00 1.75e-02
1.33818e+00 1.75e-02
1.33847e+00 1.75e-02
1.33863e+00 1.75e-02
1.33891e+00 1.74e-02
1.33920e+00 1.73e-02
1.33949e+00 1.73e-02
1.33978e+00 1.72e-02
1.34007e+00 1.72e-02
1.34036e+00 1.72e-02
1.34064e+00 1.72e-02
1.34093e+00 1.71e-02
1.34106e+00 1.72e-02
1.34122e+00 1.71e-02
1.34208e+00 1.71e-02
1.34294e+00 1.71e-02
1.34307e+00 1.71e-02
1.34464e+00 1.70e-02
1.34480e+00 1.70e-02
1.34493e+00 1.71e-02
1.34508e+00 1.70e-02
1.34521e+00 1.70e-02
1.34550e+00 1.70e-02
1.34578e+00 1.70e-02
1.34594e+00 1.72e-02
1.34607e+00 1.70e-02
1.34623e+00 1.70e-02
1.34651e+00 1.70e-02
1.34664e+00 1.69e-02
1.34737e+00 1.69e-02
1.34794e+00 1.69e-02
1.34807e+00 1.69e-02
1.34823e+00 1.70e-02
1.34836e+00 1.71e-02
1.34851e+00 1.70e-02
1.34864e+00 1.70e-02
1.34880e+00 1.70e-02
1.34893e+00 1.70e-02
1.34909e+00 1.71e-02
1.34922e+00 1.70e-02
1.34937e+00 1.71e-02
1.34950e+00 1.71e-02
1.34966e+00 1.70e-02
1.34994e+00 1.70e-02
1.35023e+00 1.69e-02
1.35036e+00 1.69e-02
1.35064e+00 1.69e-02
1.35093e+00 1.68e-02
1.35194e+00 1.68e-02
1.35207e+00 1.68e-02
1.35222e+00 1.68e-02
1.35235e+00 1.68e-02
1.35279e+00 1.68e-02
1.35292e+00 1.68e-02
1.35307e+00 1.67e-02
1.35393e+00 1.67e-02
1.35406e+00 1.69e-02
1.35421e+00 1.69e-02
1.35434e+00 1.67e-02
1.35449e+00 1.66e-02
1.35462e+00 1.67e-02
1.35547e+00 1.66e-02
1.35576e+00 1.67e-02
1.35591e+00 1.67e-02
1.35620e+00 1.68e-02
1.35632e+00 1.68e-02
1.35648e+00 1.68e-02
1.35661e+00 1.67e-02
1.35689e+00 1.66e-02
1.35717e+00 1.65e-02
1.35761e+00 1.65e-02
1.35887e+00 1.64e-02
1.35903e+00 1.65e-02
1.35915e+00 1.64e-02
1.35931e+00 1.65e-02
1.35944e+00 1.65e-02
1.35959e+00 1.64e-02
1.35972e+00 1.64e-02
1.36028e+00 1.64e-02
1.36044e+00 1.64e-02
1.36072e+00 1.65e-02
1.36100e+00 1.66e-02
1.36113e+00 1.65e-02
1.36128e+00 1.64e-02
1.36157e+00 1.63e-02
1.36185e+00 1.63e-02
1.36200e+00 1.63e-02
1.36285e+00 1.63e-02
1.36297e+00 1.63e-02
1.36313e+00 1.63e-02
1.36326e+00 1.63e-02
1.36341e+00 1.63e-02
1.36354e+00 1.63e-02
1.36369e+00 1.63e-02
1.36382e+00 1.63e-02
1.36397e+00 1.64e-02
1.36410e+00 1.64e-02
1.36425e+00 1.63e-02
1.36438e+00 1.62e-02
1.36453e+00 1.62e-02
1.36466e+00 1.62e-02
1.36494e+00 1.62e-02
1.36522e+00 1.61e-02
1.36538e+00 1.61e-02
1.36550e+00 1.62e-02
1.36566e+00 1.61e-02
1.36579e+00 1.61e-02
1.36607e+00 1.61e-02
1.36678e+00 1.61e-02
1.36719e+00 1.61e-02
1.36734e+00 1.61e-02
1.36747e+00 1.61e-02
1.36775e+00 1.61e-02
1.36790e+00 1.60e-02
1.36831e+00 1.60e-02
1.36874e+00 1.60e-02
1.36902e+00 1.60e-02
1.36915e+00 1.60e-02
1.36986e+00 1.60e-02
1.37014e+00 1.60e-02
1.37029e+00 1.59e-02
1.37042e+00 1.59e-02
1.37057e+00 1.60e-02
1.37070e+00 1.59e-02
1.37085e+00 1.59e-02
1.37098e+00 1.59e-02
1.37113e+00 1.59e-02
1.37685e+00 1.57e-02
1.37740e+00 1.57e-02
1.37768e+00 1.56e-02
1.37796e+00 1.56e-02
1.37824e+00 1.56e-02
1.38587e+00 1.53e-02
1.38697e+00 1.52e-02
1.39235e+00 1.50e-02
1.39882e+00 1.48e-02
1.39921e+00 1.48e-02
1.39948e+00 1.47e-02
1.39975e+00 1.47e-02
1.39990e+00 1.47e-02
1.40113e+00 1.47e-02
1.40168e+00 1.47e-02
1.40195e+00 1.47e-02
1.40209e+00 1.46e-02
1.40236e+00 1.46e-02
1.40251e+00 1.46e-02
1.40930e+00 1.44e-02
1.41082e+00 1.44e-02
1.41135e+00 1.44e-02
1.41230e+00 1.44e-02
1.41257e+00 1.44e-02
1.41298e+00 1.44e-02
1.41340e+00 1.44e-02
1.41420e+00 1.44e-02
1.41435e+00 1.44e-02
1.41447e+00 1.45e-02
1.41461e+00 1.45e-02
1.41474e+00 1.45e-02
1.41488e+00 1.45e-02
1.41500e+00 1.45e-02
1.41529e+00 1.44e-02
1.41556e+00 1.44e-02
1.41583e+00 1.43e-02
1.41610e+00 1.43e-02
1.41651e+00 1.43e-02
1.41745e+00 1.42e-02
1.41772e+00 1.42e-02
1.41799e+00 1.43e-02
1.41813e+00 1.43e-02
1.41840e+00 1.43e-02
1.41866e+00 1.44e-02
1.41893e+00 1.44e-02
1.41908e+00 1.44e-02
1.41934e+00 1.43e-02
1.41946e+00 1.43e-02
1.41975e+00 1.42e-02
1.41987e+00 1.42e-02
1.42002e+00 1.42e-02
1.42029e+00 1.42e-02
1.42055e+00 1.41e-02
1.42108e+00 1.41e-02
1.42137e+00 1.44e-02
1.42149e+00 1.46e-02
1.42164e+00 1.45e-02
1.42190e+00 1.41e-02
1.42205e+00 1.41e-02
1.42636e+00 1.40e-02
1.42662e+00 1.40e-02
1.42688e+00 1.40e-02
1.42756e+00 1.40e-02
1.42768e+00 1.40e-02
1.42796e+00 1.40e-02
1.42808e+00 1.40e-02
1.42931e+00 1.40e-02
1.43024e+00 1.39e-02
1.43198e+00 1.40e-02
1.43292e+00 1.39e-02
1.43306e+00 1.39e-02
1.43318e+00 1.39e-02
1.43332e+00 1.40e-02
1.43344e+00 1.40e-02
1.43358e+00 1.40e-02
1.43385e+00 1.39e-02
1.43399e+00 1.39e-02
1.43439e+00 1.39e-02
1.43451e+00 1.39e-02
1.43466e+00 1.39e-02
1.43480e+00 1.39e-02
1.43492e+00 1.39e-02
1.43506e+00 1.39e-02
1.43599e+00 1.39e-02
1.43639e+00 1.39e-02
1.43665e+00 1.38e-02
1.43692e+00 1.38e-02
1.43706e+00 1.38e-02
1.43720e+00 1.38e-02
1.43732e+00 1.38e-02
1.43853e+00 1.38e-02
1.43879e+00 1.38e-02
1.43905e+00 1.38e-02
1.43920e+00 1.38e-02
1.43986e+00 1.38e-02
1.44012e+00 1.38e-02
1.44040e+00 1.38e-02
1.44052e+00 1.38e-02
1.44081e+00 1.38e-02
1.44092e+00 1.38e-02
1.44107e+00 1.38e-02
1.44133e+00 1.38e-02
1.44147e+00 1.37e-02
1.44199e+00 1.37e-02
1.44213e+00 1.37e-02
1.44331e+00 1.37e-02
1.44345e+00 1.37e-02
1.44360e+00 1.38e-02
1.44371e+00 1.38e-02
1.44386e+00 1.37e-02
1.44400e+00 1.37e-02
1.44412e+00 1.37e-02
1.44426e+00 1.37e-02
1.44440e+00 1.37e-02
1.44466e+00 1.36e-02
1.44492e+00 1.36e-02
1.44506e+00 1.36e-02
1.44572e+00 1.36e-02
1.44586e+00 1.36e-02
1.44598e+00 1.36e-02
1.44612e+00 1.36e-02
1.44652e+00 1.36e-02
1.44664e+00 1.36e-02
1.44678e+00 1.36e-02
1.44718e+00 1.35e-02
1.44732e+00 1.36e-02
1.44744e+00 1.37e-02
1.44758e+00 1.36e-02
1.44772e+00 1.36e-02
1.44784e+00 1.35e-02
1.44809e+00 1.35e-02
1.44824e+00 1.35e-02
1.44838e+00 1.35e-02
1.44849e+00 1.35e-02
1.44878e+00 1.35e-02
1.44889e+00 1.35e-02
1.44943e+00 1.35e-02
1.44969e+00 1.35e-02
1.44983e+00 1.35e-02
1.44997e+00 1.35e-02
1.45023e+00 1.34e-02
1.45037e+00 1.34e-02
1.45049e+00 1.34e-02
1.45063e+00 1.35e-02
1.45075e+00 1.34e-02
1.45089e+00 1.34e-02
1.45182e+00 1.34e-02
1.45194e+00 1.34e-02
1.45208e+00 1.33e-02
1.45248e+00 1.33e-02
1.45274e+00 1.33e-02
1.45302e+00 1.33e-02
1.45328e+00 1.33e-02
1.45342e+00 1.34e-02
1.45353e+00 1.33e-02
1.45367e+00 1.33e-02
1.45381e+00 1.33e-02
1.45393e+00 1.33e-02
1.45407e+00 1.34e-02
1.45421e+00 1.33e-02
1.45433e+00 1.33e-02
1.45458e+00 1.33e-02
1.45486e+00 1.33e-02
1.45498e+00 1.34e-02
1.45512e+00 1.33e-02
1.45526e+00 1.33e-02
1.45538e+00 1.32e-02
1.45552e+00 1.32e-02
1.45617e+00 1.32e-02
1.45631e+00 1.32e-02
1.45645e+00 1.32e-02
1.45657e+00 1.32e-02
1.45671e+00 1.32e-02
1.45685e+00 1.32e-02
1.45696e+00 1.31e-02
1.45710e+00 1.31e-02
1.45724e+00 1.31e-02
1.45775e+00 1.31e-02
1.45789e+00 1.31e-02
1.45803e+00 1.31e-02
1.45815e+00 1.31e-02
1.45829e+00 1.31e-02
1.45843e+00 1.31e-02
1.45855e+00 1.31e-02
1.45868e+00 1.31e-02
1.45948e+00 1.31e-02
1.45961e+00 1.31e-02
1.45975e+00 1.32e-02
1.45987e+00 1.32e-02
1.46001e+00 1.31e-02
1.46015e+00 1.30e-02
1.46026e+00 1.30e-02
1.46054e+00 1.30e-02
1.46066e+00 1.30e-02
1.46105e+00 1.30e-02
1.46119e+00 1.30e-02
1.46133e+00 1.30e-02
1.46145e+00 1.30e-02
1.46159e+00 1.30e-02
1.46173e+00 1.30e-02
1.46184e+00 1.30e-02
1.46198e+00 1.29e-02
1.46212e+00 1.29e-02
1.46224e+00 1.30e-02
1.46238e+00 1.30e-02
1.46251e+00 1.30e-02
1.46263e+00 1.30e-02
1.46291e+00 1.29e-02
1.46305e+00 1.29e-02
1.46316e+00 1.29e-02
1.46330e+00 1.29e-02
1.46356e+00 1.29e-02
1.46370e+00 1.29e-02
1.46383e+00 1.29e-02
1.46395e+00 1.29e-02
1.46434e+00 1.29e-02
1.46474e+00 1.29e-02
1.46487e+00 1.29e-02
1.46501e+00 1.29e-02
1.46515e+00 1.29e-02
1.46594e+00 1.29e-02
1.46605e+00 1.29e-02
1.46633e+00 1.29e-02
1.46644e+00 1.29e-02
1.46672e+00 1.29e-02
1.46698e+00 1.28e-02
1.46711e+00 1.29e-02
1.46725e+00 1.28e-02
1.46776e+00 1.29e-02
1.46790e+00 1.29e-02
1.46804e+00 1.29e-02
1.46817e+00 1.29e-02
1.46843e+00 1.28e-02
1.46857e+00 1.28e-02
1.46868e+00 1.28e-02
1.46882e+00 1.28e-02
1.46896e+00 1.29e-02
1.46907e+00 1.28e-02
1.46921e+00 1.28e-02
1.46935e+00 1.28e-02
1.46949e+00 1.28e-02
1.46999e+00 1.28e-02
1.47013e+00 1.28e-02
1.47314e+00 1.28e-02
1.47327e+00 1.28e-02
1.47341e+00 1.28e-02
1.47394e+00 1.28e-02
1.47419e+00 1.28e-02
1.47447e+00 1.28e-02
1.47472e+00 1.28e-02
1.47485e+00 1.28e-02
1.47511e+00 1.29e-02
1.47524e+00 1.29e-02
1.47538e+00 1.28e-02
1.47550e+00 1.28e-02
1.47563e+00 1.28e-02
1.47588e+00 1.28e-02
1.47602e+00 1.28e-02
1.47616e+00 1.30e-02
1.47630e+00 1.28e-02
1.47721e+00 1.28e-02
1.47732e+00 1.28e-02
1.47746e+00 1.28e-02
1.47760e+00 1.29e-02
1.47773e+00 1.28e-02
1.47785e+00 1.28e-02
1.47876e+00 1.28e-02
1.47890e+00 1.28e-02
1.47903e+00 1.28e-02
1.48033e+00 1.28e-02
1.48072e+00 1.28e-02
1.48085e+00 1.29e-02
1.48099e+00 1.28e-02
1.48151e+00 1.28e-02
1.48176e+00 1.28e-02
1.48204e+00 1.28e-02
1.48217e+00 1.28e-02
1.48256e+00 1.28e-02
1.48347e+00 1.28e-02
1.48385e+00 1.28e-02
1.48399e+00 1.28e-02
1.48412e+00 1.27e-02
1.48476e+00 1.28e-02
1.48489e+00 1.27e-02
1.48555e+00 1.28e-02
1.48569e+00 1.28e-02
1.48582e+00 1.28e-02
1.48594e+00 1.29e-02
1.48607e+00 1.28e-02
1.48621e+00 1.27e-02
1.48646e+00 1.27e-02
1.48659e+00 1.27e-02
1.48738e+00 1.27e-02
1.48750e+00 1.27e-02
1.48763e+00 1.27e-02
1.48777e+00 1.26e-02
1.48815e+00 1.26e-02
1.48829e+00 1.26e-02
1.48998e+00 1.26e-02
1.49011e+00 1.26e-02
1.49023e+00 1.25e-02
1.49074e+00 1.25e-02
1.49088e+00 1.25e-02
1.49205e+00 1.25e-02
1.49232e+00 1.25e-02
1.49245e+00 1.25e-02
1.49257e+00 1.25e-02
1.49270e+00 1.24e-02
1.49284e+00 1.24e-02
1.49490e+00 1.23e-02
1.49504e+00 1.23e-02
1.49582e+00 1.23e-02
1.49596e+00 1.22e-02
1.49685e+00 1.22e-02
1.49699e+00 1.22e-02
1.49880e+00 1.22e-02
1.49893e+00 1.22e-02
1.50023e+00 1.22e-02
1.50114e+00 1.21e-02
1.50372e+00 1.22e-02
1.50849e+00 1.23e-02
1.50993e+00 1.23e-02
1.51070e+00 1.23e-02
1.51121e+00 1.22e-02
1.51174e+00 1.22e-02
1.51198e+00 1.22e-02
1.51224e+00 1.22e-02
1.51251e+00 1.22e-02
1.51365e+00 1.21e-02
1.51456e+00 1.21e-02
1.51559e+00 1.20e-02
1.51572e+00 1.21e-02
1.51598e+00 1.20e-02
1.51625e+00 1.20e-02
1.51649e+00 1.20e-02
1.51662e+00 1.20e-02
1.51675e+00 1.19e-02
1.51702e+00 1.19e-02
1.51894e+00 1.18e-02
1.52010e+00 1.18e-02
1.52074e+00 1.18e-02
1.52100e+00 1.18e-02
1.52126e+00 1.18e-02
1.52139e+00 1.18e-02
1.52152e+00 1.18e-02
1.52281e+00 1.18e-02
1.52549e+00 1.19e-02
1.52640e+00 1.20e-02
1.52690e+00 1.19e-02
1.52742e+00 1.19e-02
1.52769e+00 1.19e-02
1.52795e+00 1.19e-02
1.52821e+00 1.19e-02
1.52844e+00 1.19e-02
1.52870e+00 1.18e-02
1.52897e+00 1.18e-02
1.52923e+00 1.18e-02
1.52949e+00 1.18e-02
1.52975e+00 1.17e-02
1.52998e+00 1.17e-02
1.53024e+00 1.17e-02
1.53050e+00 1.17e-02
1.53076e+00 1.16e-02
1.53102e+00 1.16e-02
1.53128e+00 1.16e-02
1.53154e+00 1.16e-02
1.53295e+00 1.15e-02
1.53359e+00 1.15e-02
1.53435e+00 1.15e-02
1.53487e+00 1.16e-02
1.53512e+00 1.16e-02
1.53538e+00 1.16e-02
1.53564e+00 1.16e-02
1.53590e+00 1.16e-02
1.53616e+00 1.16e-02
1.53730e+00 1.17e-02
1.53781e+00 1.17e-02
1.53807e+00 1.17e-02
1.53833e+00 1.17e-02
1.53859e+00 1.16e-02
1.53884e+00 1.16e-02
1.53910e+00 1.16e-02
1.53936e+00 1.15e-02
1.53962e+00 1.15e-02
1.53987e+00 1.14e-02
1.54013e+00 1.14e-02
1.54037e+00 1.13e-02
1.54062e+00 1.13e-02
1.54088e+00 1.12e-02
1.54114e+00 1.12e-02
1.54139e+00 1.11e-02
1.54165e+00 1.11e-02
1.54191e+00 1.10e-02
1.54216e+00 1.10e-02
1.54242e+00 1.09e-02
1.54268e+00 1.09e-02
1.54293e+00 1.08e-02
1.54319e+00 1.08e-02
1.54345e+00 1.07e-02
1.54358e+00 1.07e-02
1.54370e+00 1.24e-02
1.54396e+00 1.24e-02
1.54422e+00 1.23e-02
1.54447e+00 1.23e-02
1.54473e+00 1.23e-02
1.54498e+00 1.22e-02
1.54524e+00 1.22e-02
1.54550e+00 1.22e-02
1.54575e+00 1.22e-02
1.54601e+00 1.22e-02
1.54626e+00 1.21e-02
1.54639e+00 1.21e-02
1.54652e+00 1.21e-02
1.54677e+00 1.21e-02
1.54703e+00 1.20e-02
1.54729e+00 1.20e-02
1.54754e+00 1.20e-02
1.54780e+00 1.20e-02
1.54805e+00 1.20e-02
1.54831e+00 1.19e-02
1.54856e+00 1.19e-02
1.54882e+00 1.19e-02
1.54907e+00 1.19e-02
1.54933e+00 1.19e-02
1.54958e+00 1.19e-02
1.54984e+00 1.18e-02
1.55009e+00 1.18e-02
1.55035e+00 1.18e-02
1.55060e+00 1.18e-02
1.55085e+00 1.18e-02
1.55111e+00 1.18e-02
1.55126e+00 1.18e-02
1.55151e+00 1.18e-02
1.55177e+00 1.18e-02
1.55202e+00 1.18e-02
1.55215e+00 1.17e-02
1.55635e+00 1.16e-02
1.56056e+00 1.15e-02
1.56069e+00 1.15e-02
1.56096e+00 1.15e-02
1.56121e+00 1.15e-02
1.56147e+00 1.15e-02
1.56159e+00 1.14e-02
1.56862e+00 1.13e-02
1.56887e+00 1.13e-02
1.56899e+00 1.12e-02
1.57447e+00 1.11e-02
1.57460e+00 1.11e-02
1.57714e+00 1.11e-02
1.57727e+00 1.11e-02
1.57817e+00 1.11e-02
1.57830e+00 1.10e-02
1.57995e+00 1.10e-02
1.58007e+00 1.10e-02
1.58619e+00 1.09e-02
1.60060e+00 1.06e-02
1.60990e+00 1.05e-02
1.61271e+00 1.04e-02
1.61719e+00 1.04e-02
1.62586e+00 1.02e-02
1.63008e+00 1.02e-02
1.63304e+00 1.01e-02
1.63433e+00 1.01e-02
1.63444e+00 1.01e-02
1.63520e+00 1.01e-02
1.63534e+00 1.01e-02
1.63612e+00 1.01e-02
1.63624e+00 1.01e-02
1.63738e+00 1.01e-02
1.64059e+00 9.99e-03
1.64818e+00 9.90e-03
1.64829e+00 9.92e-03
1.64856e+00 9.91e-03
1.64920e+00 9.88e-03
1.64985e+00 9.88e-03
1.64997e+00 9.89e-03
1.65075e+00 9.92e-03
1.65087e+00 9.87e-03
1.65229e+00 9.85e-03
1.65280e+00 9.84e-03
1.65332e+00 9.83e-03
1.65345e+00 9.84e-03
1.65370e+00 9.83e-03
1.65395e+00 9.82e-03
1.65422e+00 9.81e-03
1.65848e+00 9.74e-03
1.66093e+00 9.72e-03
1.66104e+00 9.72e-03
1.66351e+00 9.71e-03
1.66362e+00 9.68e-03
1.66429e+00 9.68e-03
1.66440e+00 9.69e-03
1.66518e+00 9.68e-03
1.66531e+00 9.67e-03
1.66595e+00 9.67e-03
1.66608e+00 9.65e-03
1.66776e+00 9.62e-03
1.66854e+00 9.63e-03
1.66867e+00 9.62e-03
1.67010e+00 9.61e-03
1.67023e+00 9.59e-03
1.67100e+00 9.60e-03
1.67113e+00 9.63e-03
1.67140e+00 9.61e-03
1.67166e+00 9.60e-03
1.67177e+00 9.59e-03
1.67191e+00 9.57e-03
1.67269e+00 9.58e-03
1.67283e+00 9.62e-03
1.67307e+00 9.60e-03
1.67333e+00 9.58e-03
1.67360e+00 9.57e-03
1.67373e+00 9.56e-03
1.67438e+00 9.55e-03
1.67450e+00 9.54e-03
1.67607e+00 9.51e-03
1.67620e+00 9.51e-03
1.67683e+00 9.51e-03
1.67697e+00 9.52e-03
1.67762e+00 9.51e-03
1.67775e+00 9.51e-03
1.67853e+00 9.49e-03
1.67867e+00 9.51e-03
1.67930e+00 9.51e-03
1.67943e+00 9.47e-03
1.68021e+00 9.46e-03
1.68034e+00 9.45e-03
1.68100e+00 9.46e-03
1.68113e+00 9.49e-03
1.68178e+00 9.47e-03
1.68191e+00 9.45e-03
1.68269e+00 9.43e-03
1.68282e+00 9.42e-03
1.68347e+00 9.42e-03
1.68360e+00 9.46e-03
1.68386e+00 9.45e-03
1.68412e+00 9.44e-03
1.68425e+00 9.44e-03
1.68438e+00 9.40e-03
1.68516e+00 9.40e-03
1.68529e+00 9.41e-03
1.68673e+00 9.38e-03
1.68686e+00 9.39e-03
1.68764e+00 9.36e-03
1.68777e+00 9.38e-03
1.68803e+00 9.37e-03
1.68829e+00 9.36e-03
1.68843e+00 9.36e-03
1.68856e+00 9.38e-03
1.68882e+00 9.36e-03
1.68908e+00 9.35e-03
1.68921e+00 9.35e-03
1.68934e+00 9.35e-03
1.72533e+00 8.94e-03
1.72909e+00 8.90e-03
1.73376e+00 8.85e-03
1.73618e+00 8.83e-03
1.74197e+00 8.77e-03
1.74467e+00 8.74e-03
1.74589e+00 8.73e-03
1.74603e+00 8.73e-03
1.81518e+00 8.09e-03
1.81853e+00 8.06e-03
1.81868e+00 8.07e-03
1.82056e+00 8.04e-03
1.82613e+00 7.99e-03
1.84544e+00 7.83e-03
1.88400e+00 7.50e-03
1.96407e+00 6.90e-03
2.07315e+00 6.21e-03
2.09539e+00 6.08e-03
2.16783e+00 5.68e-03
2.16917e+00 5.68e-03
2.16951e+00 5.60e-03
2.18408e+00 5.53e-03
2.19954e+00 5.45e-03
2.20725e+00 5.41e-03
2.22939e+00 5.30e-03
2.23904e+00 5.26e-03
2.25290e+00 5.19e-03
2.26465e+00 5.14e-03
2.26871e+00 5.12e-03
2.27496e+00 5.09e-03
2.27921e+00 5.07e-03
2.28247e+00 5.06e-03
2.28468e+00 5.04e-03
2.28578e+00 5.04e-03
2.28690e+00 5.03e-03
2.28802e+00 5.03e-03
2.28915e+00 5.02e-03
2.29028e+00 5.02e-03
2.29141e+00 5.01e-03
2.29257e+00 5.01e-03
2.29372e+00 5.00e-03
2.29488e+00 5.00e-03
2.29604e+00 4.99e-03
2.29721e+00 4.99e-03
2.29839e+00 4.98e-03
2.29958e+00 4.98e-03
2.30077e+00 4.97e-03
2.30197e+00 4.97e-03
2.30318e+00 4.96e-03
2.30438e+00 4.96e-03
2.30558e+00 4.95e-03
2.31055e+00 4.93e-03
2.31125e+00 4.89e-03
2.31244e+00 4.89e-03
2.31372e+00 4.88e-03
2.31501e+00 4.88e-03
2.31629e+00 4.87e-03
2.31757e+00 4.86e-03
2.31895e+00 4.86e-03
2.32023e+00 4.85e-03
2.32160e+00 4.85e-03
2.32288e+00 4.84e-03
2.32425e+00 4.84e-03
2.32562e+00 4.83e-03
2.32698e+00 4.82e-03
2.32835e+00 4.82e-03
2.32971e+00 4.81e-03
2.33108e+00 4.81e-03
2.33253e+00 4.80e-03
2.33389e+00 4.80e-03
2.33534e+00 4.79e-03
2.33679e+00 4.78e-03
2.33824e+00 4.78e-03
2.33969e+00 4.77e-03
2.34113e+00 4.77e-03
2.34267e+00 4.76e-03
2.34411e+00 4.75e-03
2.34564e+00 4.75e-03
2.34718e+00 4.74e-03
2.34871e+00 4.74e-03
2.35023e+00 4.73e-03
2.35176e+00 4.72e-03
2.35337e+00 4.72e-03
2.35499e+00 4.71e-03
2.35650e+00 4.71e-03
2.35811e+00 4.70e-03
2.35982e+00 4.69e-03
2.36142e+00 4.69e-03
2.36312e+00 4.68e-03
2.36471e+00 4.67e-03
2.36640e+00 4.67e-03
2.36819e+00 4.66e-03
2.36987e+00 4.65e-03
2.37164e+00 4.65e-03
2.37332e+00 4.64e-03
2.37518e+00 4.63e-03
2.37695e+00 4.63e-03
2.37871e+00 4.62e-03
2.38056e+00 4.61e-03
2.38241e+00 4.61e-03
2.38426e+00 4.60e-03
2.38619e+00 4.59e-03
2.38812e+00 4.59e-03
2.39005e+00 4.58e-03
2.39197e+00 4.57e-03
2.39398e+00 4.57e-03
2.39598e+00 4.56e-03
2.39799e+00 4.55e-03
2.40007e+00 4.54e-03
2.40216e+00 4.54e-03
2.40424e+00 4.53e-03
2.40640e+00 4.52e-03
2.40848e+00 4.52e-03
2.41072e+00 4.51e-03
2.41296e+00 4.50e-03
2.41520e+00 4.50e-03
2.41743e+00 4.49e-03
2.41975e+00 4.48e-03
2.42214e+00 4.47e-03
2.42454e+00 4.47e-03
2.42692e+00 4.46e-03
2.42939e+00 4.45e-03
2.43186e+00 4.45e-03
2.43440e+00 4.44e-03
2.43694e+00 4.43e-03
2.43825e+00 3.02e-03
2.45634e+00 3.01e-03
2.47351e+00 3.00e-03
2.48207e+00 2.99e-03
2.48382e+00 1.46e-03
2.48740e+00 1.46e-03
2.49114e+00 1.47e-03
2.49494e+00 1.48e-03
2.49881e+00 1.48e-03
2.50283e+00 1.49e-03
2.50699e+00 1.50e-03
2.51122e+00 1.52e-03
2.51568e+00 1.53e-03
2.52019e+00 1.54e-03
2.52493e+00 1.56e-03
2.52980e+00 1.58e-03
2.53481e+00 1.60e-03
2.54010e+00 1.62e-03
2.54286e+00 1.61e-03
2.54561e+00 1.63e-03
2.54843e+00 1.64e-03
2.55132e+00 1.66e-03
2.55428e+00 1.68e-03
2.55730e+00 1.70e-03
2.56048e+00 1.72e-03
2.56364e+00 1.74e-03
2.56695e+00 1.77e-03
2.57024e+00 1.80e-03
2.57376e+00 1.83e-03
2.57726e+00 1.86e-03
2.58097e+00 1.90e-03
2.58475e+00 1.94e-03
2.58867e+00 1.99e-03
2.59264e+00 2.04e-03
2.59682e+00 2.10e-03
2.60113e+00 2.18e-03
2.60565e+00 2.26e-03
2.61029e+00 2.37e-03
2.61513e+00 2.50e-03
2.62024e+00 2.66e-03
2.62554e+00 2.86e-03
2.63110e+00 3.14e-03
2.63698e+00 3.53e-03
2.64319e+00 4.12e-03
2.64971e+00 5.03e-03
2.65669e+00 6.45e-03
2.66410e+00 8.22e-03
2.67215e+00 8.76e-03
2.68082e+00 7.47e-03
2.69029e+00 6.40e-03
2.70069e+00 6.28e-03
2.71231e+00 7.59e-03
2.72543e+00 1.13e-02
2.74065e+00 1.09e-02
2.75874e+00 7.31e-03
2.81151e+00 6.23e-03
2.85859e+00 1.13e-02
2.99573e+00 1.73e-02
