# OPACITY Project tables
-2.61515e+00 1.06e+01
-2.27341e+00 3.67e+00
-2.07433e+00 1.98e+00
-1.93351e+00 1.27e+00
-1.82455e+00 9.13e-01
-1.73574e+00 7.00e-01
-1.66078e+00 5.64e-01
-1.59603e+00 4.53e-01
-1.53898e+00 3.78e-01
-1.48802e+00 3.23e-01
-1.44198e+00 2.81e-01
-1.40003e+00 2.49e-01
-1.36148e+00 2.22e-01
-1.32584e+00 1.98e-01
-1.29269e+00 1.79e-01
-1.26174e+00 1.63e-01
-1.23268e+00 1.49e-01
-1.20531e+00 1.37e-01
-1.17944e+00 1.27e-01
-1.15493e+00 1.17e-01
-1.13165e+00 1.09e-01
-1.10945e+00 1.02e-01
-1.08827e+00 9.61e-02
-1.06799e+00 9.05e-02
-1.04857e+00 8.55e-02
-1.02994e+00 8.12e-02
-1.01200e+00 7.72e-02
-9.94739e-01 7.36e-02
-9.62021e-01 6.71e-02
-9.31455e-01 6.09e-02
-9.16916e-01 5.82e-02
-9.02807e-01 5.57e-02
-8.89113e-01 5.35e-02
-8.75797e-01 5.16e-02
-8.62868e-01 4.98e-02
-8.50292e-01 4.81e-02
-8.38057e-01 4.66e-02
-8.14502e-01 4.33e-02
-8.03185e-01 4.17e-02
-7.92106e-01 4.03e-02
-7.81301e-01 3.91e-02
-7.70741e-01 3.81e-02
-7.60420e-01 3.72e-02
-7.50331e-01 3.62e-02
-7.40469e-01 3.51e-02
-7.30787e-01 3.40e-02
-7.21320e-01 3.33e-02
-7.12045e-01 3.24e-02
-7.02955e-01 3.17e-02
-6.94048e-01 3.08e-02
-6.85298e-01 2.99e-02
-6.76723e-01 2.93e-02
-6.68298e-01 3.06e-02
-6.60041e-01 2.97e-02
-6.51909e-01 2.91e-02
-6.43938e-01 2.99e-02
-6.36087e-01 2.87e-02
-6.28390e-01 2.78e-02
-6.20808e-01 2.72e-02
-6.13357e-01 2.66e-02
-6.06016e-01 2.61e-02
-5.98801e-01 2.56e-02
-5.91692e-01 2.50e-02
-5.84687e-01 2.46e-02
-5.77803e-01 2.42e-02
-5.71018e-01 2.38e-02
-5.64314e-01 2.34e-02
-5.57725e-01 2.31e-02
-5.51231e-01 2.30e-02
-5.44831e-01 2.26e-02
-5.38505e-01 2.26e-02
-5.32288e-01 2.19e-02
-5.26142e-01 2.15e-02
-5.20085e-01 2.12e-02
-5.14098e-01 2.09e-02
-5.08196e-01 2.06e-02
-5.02362e-01 2.04e-02
-4.96610e-01 2.02e-02
-4.90925e-01 2.00e-02
-4.79779e-01 1.96e-02
-4.74301e-01 1.94e-02
-4.63545e-01 1.91e-02
-4.58265e-01 1.90e-02
-4.53044e-01 1.89e-02
-4.47882e-01 1.88e-02
-4.42778e-01 1.87e-02
-4.37730e-01 1.91e-02
-4.32739e-01 1.87e-02
-4.27803e-01 1.86e-02
-4.22922e-01 1.87e-02
-4.13321e-01 1.88e-02
-4.08585e-01 1.88e-02
-4.03901e-01 1.89e-02
-3.99284e-01 1.90e-02
-3.94688e-01 1.92e-02
-3.90158e-01 1.96e-02
-3.85662e-01 1.97e-02
-3.81216e-01 1.98e-02
-3.76819e-01 2.02e-02
-3.72456e-01 2.12e-02
-3.68126e-01 2.38e-02
-3.63858e-01 2.31e-02
-3.59622e-01 2.28e-02
-3.55419e-01 2.37e-02
-3.51261e-01 2.35e-02
-3.47135e-01 2.36e-02
-3.43054e-01 2.40e-02
-3.39003e-01 2.44e-02
-3.34997e-01 2.74e-02
-3.31021e-01 2.61e-02
-3.23185e-01 2.78e-02
-3.19310e-01 2.81e-02
-3.15464e-01 2.90e-02
-3.11661e-01 2.99e-02
-3.07885e-01 3.07e-02
-3.04150e-01 3.15e-02
-3.00430e-01 3.22e-02
-2.96750e-01 3.28e-02
-2.93097e-01 3.29e-02
-2.89484e-01 3.27e-02
-2.85884e-01 3.24e-02
-2.82323e-01 3.19e-02
-2.78788e-01 3.18e-02
-2.75279e-01 3.08e-02
-2.71796e-01 2.96e-02
-2.68350e-01 2.86e-02
-2.64917e-01 2.77e-02
-2.61521e-01 2.67e-02
-2.54802e-01 2.49e-02
-2.51466e-01 2.41e-02
-2.48167e-01 2.43e-02
-2.44891e-01 2.25e-02
-2.41639e-01 2.17e-02
-2.38409e-01 2.10e-02
-2.35203e-01 2.05e-02
-2.32020e-01 2.01e-02
-2.28860e-01 1.91e-02
-2.25722e-01 1.86e-02
-2.22606e-01 1.81e-02
-2.19513e-01 1.76e-02
-2.16441e-01 1.74e-02
-2.13391e-01 1.74e-02
-2.10363e-01 1.65e-02
-2.07344e-01 1.71e-02
-2.04359e-01 1.67e-02
-2.01382e-01 1.55e-02
-1.98439e-01 1.52e-02
-1.95504e-01 1.50e-02
-1.92590e-01 1.48e-02
-1.89697e-01 1.46e-02
-1.86824e-01 1.46e-02
-1.83971e-01 1.42e-02
-1.81126e-01 1.40e-02
-1.78314e-01 1.38e-02
-1.75509e-01 1.37e-02
-1.72724e-01 1.34e-02
-1.69958e-01 1.37e-02
-1.67200e-01 1.33e-02
-1.64474e-01 1.31e-02
-1.61755e-01 1.31e-02
-1.59054e-01 1.31e-02
-1.56373e-01 1.29e-02
-1.53699e-01 1.29e-02
-1.51044e-01 1.27e-02
-1.48407e-01 1.25e-02
-1.45789e-01 1.23e-02
-1.43189e-01 1.25e-02
-1.40596e-01 1.25e-02
-1.38021e-01 1.23e-02
-1.35453e-01 1.23e-02
-1.32914e-01 1.30e-02
-1.30382e-01 1.21e-02
-1.27867e-01 1.22e-02
-1.25359e-01 1.42e-02
-1.22868e-01 1.19e-02
-1.20395e-01 1.19e-02
-1.17928e-01 1.20e-02
-1.15489e-01 1.19e-02
-1.13057e-01 1.18e-02
-1.10630e-01 1.18e-02
-1.08220e-01 1.19e-02
-1.05827e-01 1.21e-02
-1.03440e-01 1.18e-02
-1.01070e-01 1.19e-02
-9.87160e-02 1.20e-02
-9.63788e-02 1.19e-02
-9.40360e-02 1.19e-02
-9.17206e-02 1.31e-02
-8.94106e-02 1.18e-02
-8.71168e-02 1.19e-02
-8.48283e-02 1.18e-02
-8.25559e-02 1.18e-02
-8.02994e-02 1.17e-02
-7.80480e-02 1.17e-02
-7.58125e-02 1.16e-02
-7.35820e-02 1.17e-02
-7.13671e-02 1.16e-02
-6.91679e-02 1.15e-02
-6.69735e-02 1.16e-02
-6.47839e-02 1.17e-02
-6.26097e-02 1.14e-02
-6.04509e-02 1.16e-02
-5.82967e-02 1.14e-02
-5.61577e-02 1.13e-02
-5.40233e-02 1.13e-02
-5.19040e-02 1.18e-02
-4.97997e-02 1.12e-02
-4.76998e-02 1.11e-02
-4.56042e-02 1.12e-02
-4.35236e-02 1.10e-02
-4.14576e-02 1.10e-02
-3.93959e-02 1.09e-02
-3.73385e-02 1.10e-02
-3.52956e-02 1.09e-02
-3.32673e-02 1.08e-02
-3.12430e-02 1.10e-02
-2.92229e-02 1.08e-02
-2.52255e-02 1.08e-02
-2.32379e-02 1.07e-02
-2.12543e-02 1.07e-02
-1.92848e-02 1.08e-02
-1.73293e-02 1.07e-02
-1.53675e-02 1.12e-02
-1.34298e-02 1.06e-02
-1.14958e-02 1.06e-02
-7.64918e-03 1.05e-02
-5.73642e-03 1.05e-02
-3.83735e-03 1.04e-02
-1.94188e-03 1.04e-02
-5.00013e-05 1.03e-02
1.79838e-03 1.02e-02
3.69317e-03 1.02e-02
5.58438e-03 1.01e-02
7.37275e-03 1.01e-02
9.25702e-03 1.00e-02
1.11377e-02 9.96e-03
1.29162e-02 9.88e-03
1.47901e-02 1.01e-02
1.65621e-02 9.87e-03
1.84291e-02 1.00e-02
2.01947e-02 9.70e-03
2.19572e-02 9.65e-03
2.38142e-02 9.56e-03
2.55703e-02 9.53e-03
2.73233e-02 9.43e-03
2.90732e-02 9.45e-03
3.25640e-02 9.32e-03
3.43048e-02 9.33e-03
3.60426e-02 9.27e-03
3.77774e-02 9.24e-03
3.95091e-02 9.23e-03
4.12379e-02 9.25e-03
4.29637e-02 9.24e-03
4.46865e-02 9.19e-03
4.80280e-02 9.22e-03
4.97421e-02 9.23e-03
5.14533e-02 9.32e-03
5.30667e-02 9.31e-03
5.47722e-02 9.37e-03
5.64748e-02 9.37e-03
5.80802e-02 9.41e-03
5.97772e-02 9.42e-03
6.13773e-02 9.51e-03
6.29748e-02 9.51e-03
6.46635e-02 9.67e-03
6.62558e-02 9.64e-03
6.78455e-02 9.67e-03
6.95261e-02 9.70e-03
7.11106e-02 9.75e-03
7.26927e-02 9.97e-03
7.42722e-02 9.77e-03
7.58493e-02 9.79e-03
7.74239e-02 9.82e-03
7.90884e-02 9.78e-03
8.06579e-02 9.78e-03
8.22249e-02 9.79e-03
8.37895e-02 9.79e-03
8.52598e-02 9.80e-03
8.68197e-02 9.80e-03
8.83771e-02 9.82e-03
8.99321e-02 9.82e-03
9.14847e-02 9.85e-03
9.30349e-02 9.82e-03
9.44917e-02 9.83e-03
9.60372e-02 9.86e-03
9.75803e-02 9.87e-03
9.90305e-02 9.86e-03
1.00569e-01 9.92e-03
1.02015e-01 9.82e-03
1.03549e-01 9.83e-03
1.05080e-01 9.80e-03
1.06520e-01 9.80e-03
1.07957e-01 9.77e-03
1.09482e-01 9.76e-03
1.10915e-01 9.77e-03
1.13864e-01 9.79e-03
1.15291e-01 9.81e-03
1.16805e-01 9.96e-03
1.18227e-01 9.84e-03
1.19648e-01 9.88e-03
1.21067e-01 9.93e-03
1.22483e-01 1.00e-02
1.23898e-01 1.01e-02
1.25398e-01 1.02e-02
1.26809e-01 1.03e-02
1.28217e-01 1.05e-02
1.29624e-01 1.06e-02
1.31028e-01 1.06e-02
1.32431e-01 1.09e-02
1.33831e-01 1.09e-02
1.35143e-01 1.10e-02
1.36539e-01 1.12e-02
1.37934e-01 1.13e-02
1.39327e-01 1.14e-02
1.40718e-01 1.16e-02
1.42107e-01 1.16e-02
1.43407e-01 1.17e-02
1.46176e-01 1.17e-02
1.47471e-01 1.17e-02
1.48851e-01 1.16e-02
1.50229e-01 1.16e-02
1.51519e-01 1.16e-02
1.52893e-01 1.14e-02
1.54179e-01 1.12e-02
1.55550e-01 1.10e-02
1.56833e-01 1.08e-02
1.58200e-01 1.06e-02
1.59479e-01 1.04e-02
1.60757e-01 1.02e-02
1.62119e-01 1.00e-02
1.63394e-01 9.84e-03
1.64751e-01 9.61e-03
1.66023e-01 9.43e-03
1.67293e-01 9.28e-03
1.68561e-01 9.09e-03
1.69912e-01 8.96e-03
1.71176e-01 8.84e-03
1.72440e-01 8.75e-03
1.73701e-01 8.70e-03
1.74961e-01 8.62e-03
1.77477e-01 8.58e-03
1.78732e-01 8.57e-03
1.80069e-01 8.58e-03
1.81321e-01 8.56e-03
1.82572e-01 8.58e-03
1.83737e-01 8.53e-03
1.84985e-01 8.51e-03
1.86231e-01 8.41e-03
1.87475e-01 8.31e-03
1.88718e-01 8.19e-03
1.91199e-01 7.93e-03
1.92437e-01 7.81e-03
1.93591e-01 7.72e-03
1.94826e-01 7.64e-03
1.96060e-01 7.59e-03
1.97292e-01 7.54e-03
1.98441e-01 7.54e-03
1.99670e-01 7.58e-03
2.00898e-01 7.64e-03
2.02042e-01 7.72e-03
2.03267e-01 7.78e-03
2.04409e-01 7.81e-03
2.05631e-01 7.79e-03
2.06770e-01 7.73e-03
2.07989e-01 7.58e-03
2.09126e-01 7.45e-03
2.10342e-01 7.33e-03
2.11476e-01 7.26e-03
2.12689e-01 7.21e-03
2.13820e-01 7.44e-03
2.15031e-01 7.35e-03
2.16159e-01 7.53e-03
2.17286e-01 7.56e-03
2.18493e-01 7.49e-03
2.19617e-01 7.42e-03
2.20741e-01 7.29e-03
2.21943e-01 7.14e-03
2.23064e-01 7.00e-03
2.24183e-01 6.97e-03
2.25301e-01 7.03e-03
2.26418e-01 7.16e-03
2.27614e-01 7.23e-03
2.28728e-01 9.64e-03
2.29841e-01 9.36e-03
2.30953e-01 8.97e-03
2.32064e-01 8.64e-03
2.33173e-01 8.38e-03
2.34281e-01 8.17e-03
2.35388e-01 8.02e-03
2.36494e-01 7.89e-03
2.37599e-01 7.78e-03
2.38702e-01 7.69e-03
2.39804e-01 7.61e-03
2.40905e-01 7.54e-03
2.43103e-01 7.42e-03
2.45296e-01 7.31e-03
2.47407e-01 7.21e-03
2.48499e-01 7.16e-03
2.50681e-01 7.07e-03
2.52780e-01 6.98e-03
2.54875e-01 6.89e-03
2.57042e-01 6.80e-03
2.58047e-01 6.75e-03
2.60208e-01 6.66e-03
2.62287e-01 6.58e-03
2.64362e-01 6.49e-03
2.66433e-01 6.41e-03
2.68499e-01 6.33e-03
2.70561e-01 6.26e-03
2.72619e-01 6.19e-03
2.74597e-01 6.13e-03
2.76646e-01 6.08e-03
2.78692e-01 6.02e-03
2.79675e-01 6.00e-03
2.81639e-01 5.95e-03
2.83674e-01 5.92e-03
2.85630e-01 5.90e-03
2.86606e-01 5.88e-03
2.87582e-01 5.86e-03
2.88632e-01 5.83e-03
2.89605e-01 5.82e-03
2.91550e-01 5.80e-03
2.93490e-01 5.79e-03
2.94459e-01 5.78e-03
2.95427e-01 5.79e-03
2.96394e-01 5.76e-03
2.98325e-01 5.74e-03
3.00253e-01 5.71e-03
3.02177e-01 5.67e-03
3.04097e-01 5.62e-03
3.05939e-01 5.56e-03
3.07852e-01 5.51e-03
3.08807e-01 5.49e-03
3.10641e-01 5.41e-03
3.12545e-01 5.37e-03
3.14373e-01 5.34e-03
3.16270e-01 5.31e-03
3.18090e-01 5.29e-03
3.19035e-01 5.28e-03
3.19907e-01 5.28e-03
3.20851e-01 5.28e-03
3.21794e-01 5.28e-03
3.22663e-01 5.28e-03
3.25411e-01 5.29e-03
3.26278e-01 5.28e-03
3.27215e-01 5.28e-03
3.28080e-01 5.26e-03
3.29879e-01 5.22e-03
3.30813e-01 5.20e-03
3.31675e-01 5.16e-03
3.33468e-01 5.11e-03
3.35257e-01 5.06e-03
3.36115e-01 5.04e-03
3.37044e-01 5.02e-03
3.38827e-01 5.01e-03
3.39681e-01 5.00e-03
3.40535e-01 5.01e-03
3.41389e-01 5.02e-03
3.42312e-01 5.03e-03
3.43164e-01 5.03e-03
3.44015e-01 5.04e-03
3.44936e-01 5.04e-03
3.45786e-01 5.03e-03
3.46635e-01 5.00e-03
3.47483e-01 4.97e-03
3.49247e-01 4.90e-03
3.50093e-01 4.87e-03
3.50939e-01 4.85e-03
3.51783e-01 4.84e-03
3.52627e-01 4.84e-03
3.53470e-01 4.83e-03
3.55224e-01 4.87e-03
3.56065e-01 4.89e-03
3.56905e-01 4.89e-03
3.57744e-01 4.87e-03
3.58583e-01 4.84e-03
3.59421e-01 4.79e-03
3.60259e-01 4.75e-03
3.61095e-01 4.70e-03
3.62766e-01 4.70e-03
3.63601e-01 4.69e-03
3.64435e-01 4.72e-03
3.65268e-01 4.73e-03
3.66100e-01 5.36e-03
3.66932e-01 5.27e-03
3.67763e-01 5.19e-03
3.68594e-01 5.10e-03
3.69354e-01 5.03e-03
3.70183e-01 4.98e-03
3.71012e-01 4.92e-03
3.71839e-01 4.88e-03
3.72666e-01 4.84e-03
3.73493e-01 4.81e-03
3.74318e-01 4.79e-03
3.75899e-01 4.74e-03
3.76723e-01 4.72e-03
3.78299e-01 4.69e-03
3.79942e-01 4.66e-03
3.80762e-01 4.65e-03
3.81514e-01 4.63e-03
3.83151e-01 4.61e-03
3.83969e-01 4.60e-03
3.84718e-01 4.57e-03
3.85534e-01 4.56e-03
3.86282e-01 4.55e-03
3.87097e-01 4.62e-03
3.87912e-01 4.53e-03
3.88658e-01 4.53e-03
3.89471e-01 4.51e-03
3.91028e-01 4.49e-03
3.92582e-01 4.47e-03
3.94134e-01 4.45e-03
3.95684e-01 4.43e-03
3.96492e-01 4.42e-03
3.97231e-01 4.41e-03
3.98038e-01 4.39e-03
3.98776e-01 4.39e-03
4.00319e-01 4.38e-03
4.01122e-01 4.37e-03
4.01859e-01 4.35e-03
4.03396e-01 4.34e-03
4.04131e-01 4.32e-03
4.04932e-01 4.32e-03
4.05665e-01 4.31e-03
4.06465e-01 4.30e-03
4.07929e-01 4.29e-03
4.08726e-01 4.28e-03
4.09457e-01 4.26e-03
4.10187e-01 4.26e-03
4.11712e-01 4.25e-03
4.12441e-01 4.25e-03
4.13169e-01 4.22e-03
4.13962e-01 4.22e-03
4.14689e-01 4.21e-03
4.15415e-01 4.19e-03
4.16141e-01 4.21e-03
4.16932e-01 4.19e-03
4.18381e-01 4.17e-03
4.19828e-01 4.16e-03
4.20616e-01 4.15e-03
4.21338e-01 4.16e-03
4.22060e-01 4.13e-03
4.23501e-01 4.12e-03
4.25006e-01 4.11e-03
4.25725e-01 4.10e-03
4.26444e-01 4.08e-03
4.27161e-01 4.08e-03
4.27879e-01 4.07e-03
4.29312e-01 4.06e-03
4.30743e-01 4.05e-03
4.31458e-01 4.03e-03
4.32172e-01 4.02e-03
4.32886e-01 4.01e-03
4.34312e-01 4.00e-03
4.35024e-01 4.00e-03
4.36447e-01 3.99e-03
4.37158e-01 3.97e-03
4.37868e-01 3.97e-03
4.38577e-01 3.95e-03
4.39995e-01 3.94e-03
4.40704e-01 3.94e-03
4.41411e-01 3.93e-03
4.42761e-01 3.92e-03
4.43467e-01 3.92e-03
4.44173e-01 3.90e-03
4.45583e-01 3.89e-03
4.46287e-01 3.88e-03
4.46927e-01 3.87e-03
4.47630e-01 3.87e-03
4.48333e-01 3.86e-03
4.49035e-01 3.85e-03
4.50438e-01 3.85e-03
4.51776e-01 3.84e-03
4.52476e-01 3.84e-03
4.53175e-01 3.85e-03
4.53811e-01 3.86e-03
4.54509e-01 3.86e-03
4.55207e-01 3.84e-03
4.56538e-01 3.79e-03
4.57235e-01 3.77e-03
4.58563e-01 3.75e-03
4.59953e-01 3.74e-03
4.61278e-01 3.72e-03
4.61971e-01 3.71e-03
4.62601e-01 3.71e-03
4.63294e-01 3.70e-03
4.63923e-01 3.69e-03
4.65305e-01 3.67e-03
4.65933e-01 3.66e-03
4.66623e-01 3.66e-03
4.67250e-01 3.65e-03
4.67939e-01 3.64e-03
4.69253e-01 3.63e-03
4.69941e-01 3.62e-03
4.70566e-01 3.61e-03
4.71253e-01 3.61e-03
4.71877e-01 3.60e-03
4.72563e-01 3.59e-03
4.73186e-01 3.59e-03
4.73871e-01 3.57e-03
4.75178e-01 3.56e-03
4.75799e-01 3.56e-03
4.77103e-01 3.55e-03
4.77724e-01 3.53e-03
4.78406e-01 3.53e-03
4.79025e-01 3.52e-03
4.79706e-01 3.51e-03
4.80325e-01 3.51e-03
4.80944e-01 3.50e-03
4.81623e-01 3.49e-03
4.82920e-01 3.48e-03
4.84153e-01 3.47e-03
4.84831e-01 3.47e-03
4.86062e-01 3.45e-03
4.87352e-01 3.44e-03
4.88641e-01 3.43e-03
4.89868e-01 3.42e-03
4.91153e-01 3.41e-03
4.92376e-01 3.40e-03
4.93049e-01 3.39e-03
4.93659e-01 3.39e-03
4.94269e-01 3.37e-03
4.95489e-01 3.37e-03
4.96767e-01 3.36e-03
4.97984e-01 3.34e-03
4.99259e-01 3.33e-03
4.99866e-01 3.33e-03
5.01078e-01 3.32e-03
5.02289e-01 3.31e-03
5.03559e-01 3.30e-03
5.04767e-01 3.29e-03
5.05974e-01 3.28e-03
5.07179e-01 3.27e-03
5.07781e-01 3.25e-03
5.08383e-01 3.25e-03
5.09044e-01 3.25e-03
5.10245e-01 3.24e-03
5.11445e-01 3.23e-03
5.12644e-01 3.22e-03
5.13841e-01 3.21e-03
5.15037e-01 3.20e-03
5.15634e-01 3.20e-03
5.16231e-01 3.20e-03
5.16828e-01 3.19e-03
5.18020e-01 3.18e-03
5.19210e-01 3.17e-03
5.20340e-01 3.17e-03
5.21528e-01 3.16e-03
5.22715e-01 3.15e-03
5.23900e-01 3.14e-03
5.24492e-01 3.14e-03
5.25083e-01 3.13e-03
5.26207e-01 3.13e-03
5.26797e-01 3.12e-03
5.27388e-01 3.12e-03
5.28567e-01 3.11e-03
5.29687e-01 3.10e-03
5.30864e-01 3.10e-03
5.31451e-01 3.09e-03
5.32039e-01 3.09e-03
5.32568e-01 3.08e-03
5.33741e-01 3.08e-03
5.34855e-01 3.07e-03
5.35440e-01 3.07e-03
5.36610e-01 3.06e-03
5.37721e-01 3.05e-03
5.38888e-01 3.04e-03
5.39996e-01 3.03e-03
5.41103e-01 3.02e-03
5.42266e-01 3.02e-03
5.43370e-01 3.01e-03
5.44473e-01 3.00e-03
5.45633e-01 2.99e-03
5.46733e-01 2.98e-03
5.47832e-01 2.97e-03
5.48930e-01 2.96e-03
5.50085e-01 2.95e-03
5.50604e-01 2.94e-03
5.51180e-01 2.93e-03
5.51699e-01 2.93e-03
5.52850e-01 2.92e-03
5.53943e-01 2.91e-03
5.55034e-01 2.90e-03
5.56124e-01 2.89e-03
5.56640e-01 2.87e-03
5.57213e-01 2.87e-03
5.58301e-01 2.86e-03
5.59387e-01 2.85e-03
5.59901e-01 2.85e-03
5.60473e-01 2.84e-03
5.60986e-01 2.84e-03
5.61557e-01 2.83e-03
5.62640e-01 2.82e-03
5.63722e-01 2.81e-03
5.64745e-01 2.80e-03
5.65825e-01 2.79e-03
5.66393e-01 2.79e-03
5.66903e-01 2.78e-03
5.67981e-01 2.78e-03
5.69057e-01 2.77e-03
5.70075e-01 2.76e-03
5.70641e-01 2.76e-03
5.71149e-01 2.75e-03
5.72222e-01 2.75e-03
5.72729e-01 2.75e-03
5.74307e-01 2.74e-03
5.74870e-01 2.73e-03
5.75883e-01 2.73e-03
5.76950e-01 2.73e-03
5.77961e-01 2.72e-03
5.78522e-01 2.72e-03
5.79026e-01 2.72e-03
5.79530e-01 2.72e-03
5.80090e-01 2.71e-03
5.81098e-01 2.71e-03
5.82160e-01 2.70e-03
5.83165e-01 2.70e-03
5.83667e-01 2.70e-03
5.84225e-01 2.69e-03
5.84726e-01 2.69e-03
5.85729e-01 2.69e-03
5.86786e-01 2.68e-03
5.87787e-01 2.68e-03
5.88786e-01 2.67e-03
5.89840e-01 2.67e-03
5.90339e-01 2.66e-03
5.90838e-01 2.66e-03
5.91834e-01 2.65e-03
5.92885e-01 2.65e-03
5.93382e-01 2.65e-03
5.93879e-01 2.64e-03
5.94873e-01 2.64e-03
5.95865e-01 2.63e-03
5.96857e-01 2.62e-03
5.97902e-01 2.62e-03
5.98891e-01 2.61e-03
5.99880e-01 2.60e-03
6.00867e-01 2.59e-03
6.01361e-01 2.59e-03
6.01854e-01 2.58e-03
6.02839e-01 2.57e-03
6.03824e-01 2.56e-03
6.04808e-01 2.55e-03
6.05790e-01 2.55e-03
6.06772e-01 2.54e-03
6.07262e-01 2.53e-03
6.07753e-01 2.53e-03
6.08732e-01 2.52e-03
6.09711e-01 2.51e-03
6.10200e-01 2.50e-03
6.11178e-01 2.50e-03
6.11666e-01 2.50e-03
6.12642e-01 2.49e-03
6.13617e-01 2.49e-03
6.14591e-01 2.49e-03
6.15510e-01 2.48e-03
6.16482e-01 2.48e-03
6.17453e-01 2.47e-03
6.18424e-01 2.47e-03
6.19339e-01 2.46e-03
6.20308e-01 2.46e-03
6.21275e-01 2.46e-03
6.22242e-01 2.45e-03
6.23154e-01 2.45e-03
6.24119e-01 2.45e-03
6.25082e-01 2.44e-03
6.25992e-01 2.43e-03
6.26954e-01 2.42e-03
6.27862e-01 2.41e-03
6.28822e-01 2.40e-03
6.29728e-01 2.38e-03
6.30686e-01 2.37e-03
6.31591e-01 2.36e-03
6.32069e-01 2.35e-03
6.32548e-01 2.35e-03
6.33026e-01 2.34e-03
6.33450e-01 2.37e-03
6.34405e-01 2.36e-03
6.35306e-01 2.36e-03
6.36259e-01 2.35e-03
6.37159e-01 2.34e-03
6.38110e-01 2.34e-03
6.39008e-01 2.34e-03
6.39905e-01 2.33e-03
6.44482e-01 2.32e-03
6.45374e-01 2.32e-03
6.46265e-01 2.31e-03
6.47156e-01 2.30e-03
6.48098e-01 2.29e-03
6.48986e-01 2.28e-03
6.49874e-01 2.27e-03
6.50761e-01 2.26e-03
6.51648e-01 2.26e-03
6.52533e-01 2.25e-03
6.53418e-01 2.25e-03
6.53886e-01 2.25e-03
6.57416e-01 2.25e-03
6.57883e-01 2.25e-03
6.58297e-01 2.25e-03
6.59177e-01 2.24e-03
6.60056e-01 2.23e-03
6.60469e-01 2.23e-03
6.60934e-01 2.22e-03
6.61811e-01 2.21e-03
6.62688e-01 2.19e-03
6.63564e-01 2.18e-03
6.64439e-01 2.18e-03
6.64851e-01 2.18e-03
6.67470e-01 2.17e-03
6.67881e-01 2.17e-03
6.68291e-01 2.17e-03
6.68752e-01 2.16e-03
6.69162e-01 2.15e-03
6.70032e-01 2.13e-03
6.70902e-01 2.11e-03
6.71719e-01 2.09e-03
6.72179e-01 2.08e-03
6.73047e-01 2.06e-03
6.73862e-01 2.05e-03
6.74321e-01 2.04e-03
6.74729e-01 2.05e-03
6.75136e-01 2.04e-03
6.75594e-01 2.18e-03
6.76408e-01 2.17e-03
6.77272e-01 2.16e-03
6.78135e-01 2.15e-03
6.78947e-01 2.14e-03
6.79809e-01 2.13e-03
6.80619e-01 2.13e-03
6.81479e-01 2.12e-03
6.82339e-01 2.12e-03
6.83147e-01 2.11e-03
6.84006e-01 2.10e-03
6.84813e-01 2.10e-03
6.85669e-01 2.09e-03
6.86475e-01 2.09e-03
6.87330e-01 2.08e-03
6.88135e-01 2.08e-03
6.88989e-01 2.07e-03
6.89792e-01 2.07e-03
6.90594e-01 2.06e-03
6.91446e-01 2.06e-03
6.92247e-01 2.05e-03
6.93097e-01 2.04e-03
6.93897e-01 2.04e-03
6.94696e-01 2.03e-03
6.95544e-01 2.03e-03
6.96342e-01 2.02e-03
6.97139e-01 2.01e-03
6.97985e-01 2.01e-03
6.98781e-01 2.00e-03
6.99576e-01 2.00e-03
7.00371e-01 1.99e-03
7.01215e-01 1.99e-03
7.02008e-01 1.99e-03
7.02800e-01 1.98e-03
7.03592e-01 1.98e-03
7.04384e-01 1.97e-03
7.05224e-01 1.97e-03
7.06014e-01 1.97e-03
7.06804e-01 1.96e-03
7.07592e-01 1.96e-03
7.08381e-01 1.96e-03
7.09168e-01 1.95e-03
7.09955e-01 1.95e-03
7.10741e-01 1.94e-03
7.11527e-01 1.94e-03
7.12361e-01 1.93e-03
7.13146e-01 1.92e-03
7.13930e-01 1.92e-03
7.14713e-01 1.91e-03
7.15496e-01 1.91e-03
7.16278e-01 1.91e-03
7.17059e-01 1.90e-03
7.17791e-01 1.90e-03
7.18571e-01 1.90e-03
7.19351e-01 1.89e-03
7.20130e-01 1.89e-03
7.20908e-01 1.89e-03
7.21686e-01 1.88e-03
7.22463e-01 1.88e-03
7.23240e-01 1.87e-03
7.24016e-01 1.87e-03
7.24743e-01 1.86e-03
7.25518e-01 1.86e-03
7.26292e-01 1.85e-03
7.27065e-01 1.85e-03
7.27838e-01 1.84e-03
7.28611e-01 1.84e-03
7.29334e-01 1.84e-03
7.30106e-01 1.84e-03
7.30876e-01 1.83e-03
7.31598e-01 1.82e-03
7.32368e-01 1.82e-03
7.33137e-01 1.81e-03
7.33905e-01 1.80e-03
7.34625e-01 1.79e-03
7.35392e-01 1.79e-03
7.36159e-01 1.78e-03
7.36877e-01 1.77e-03
7.37260e-01 1.77e-03
7.37642e-01 1.81e-03
7.38360e-01 1.81e-03
7.39124e-01 1.80e-03
7.39888e-01 1.80e-03
7.40603e-01 1.79e-03
7.41366e-01 1.79e-03
7.42080e-01 1.78e-03
7.42842e-01 1.78e-03
7.43603e-01 1.78e-03
7.44315e-01 1.77e-03
7.45075e-01 1.77e-03
7.45787e-01 1.76e-03
7.46546e-01 1.76e-03
7.47257e-01 1.76e-03
7.47967e-01 1.75e-03
7.48724e-01 1.75e-03
7.49433e-01 1.74e-03
7.50189e-01 1.74e-03
7.50897e-01 1.74e-03
7.51652e-01 1.73e-03
7.52359e-01 1.73e-03
7.53066e-01 1.73e-03
7.53819e-01 1.72e-03
7.54524e-01 1.72e-03
7.55277e-01 1.72e-03
7.55981e-01 1.71e-03
7.56685e-01 1.71e-03
7.57436e-01 1.70e-03
7.58139e-01 1.70e-03
7.58841e-01 1.70e-03
7.59543e-01 1.69e-03
7.60292e-01 1.69e-03
7.60993e-01 1.69e-03
7.61693e-01 1.68e-03
7.62393e-01 1.68e-03
7.63140e-01 1.68e-03
7.63839e-01 1.67e-03
7.64537e-01 1.67e-03
7.65235e-01 1.67e-03
7.65979e-01 1.66e-03
7.66676e-01 1.66e-03
7.67373e-01 1.66e-03
7.68069e-01 1.65e-03
7.68765e-01 1.65e-03
7.69460e-01 1.65e-03
7.70155e-01 1.64e-03
7.70895e-01 1.64e-03
7.71589e-01 1.64e-03
7.72282e-01 1.63e-03
7.72974e-01 1.63e-03
7.73667e-01 1.63e-03
7.74358e-01 1.63e-03
7.75050e-01 1.62e-03
7.75740e-01 1.62e-03
7.76431e-01 1.62e-03
7.77121e-01 1.61e-03
7.77810e-01 1.61e-03
7.78499e-01 1.61e-03
7.79187e-01 1.60e-03
7.79875e-01 1.60e-03
7.80563e-01 1.60e-03
7.81250e-01 1.59e-03
7.81936e-01 1.59e-03
7.82622e-01 1.59e-03
7.83308e-01 1.58e-03
7.83993e-01 1.58e-03
7.84677e-01 1.58e-03
7.85362e-01 1.57e-03
7.86000e-01 1.57e-03
7.86683e-01 1.57e-03
7.87366e-01 1.57e-03
7.88048e-01 1.56e-03
7.88730e-01 1.56e-03
7.89411e-01 1.56e-03
7.90092e-01 1.55e-03
7.90728e-01 1.55e-03
7.91408e-01 1.55e-03
7.92087e-01 1.55e-03
7.92766e-01 1.54e-03
7.93445e-01 1.54e-03
7.94078e-01 1.54e-03
7.94756e-01 1.53e-03
7.95433e-01 1.53e-03
7.96110e-01 1.53e-03
7.96741e-01 1.53e-03
7.97417e-01 1.52e-03
7.98093e-01 1.52e-03
7.98768e-01 1.52e-03
7.99397e-01 1.52e-03
8.00071e-01 1.51e-03
8.00745e-01 1.51e-03
8.01374e-01 1.51e-03
8.02046e-01 1.50e-03
8.02719e-01 1.50e-03
8.03346e-01 1.50e-03
8.04017e-01 1.50e-03
8.04644e-01 1.49e-03
8.05314e-01 1.49e-03
8.05985e-01 1.49e-03
8.06610e-01 1.49e-03
8.07279e-01 1.48e-03
8.07903e-01 1.48e-03
8.08572e-01 1.48e-03
8.09240e-01 1.47e-03
8.09863e-01 1.47e-03
8.10530e-01 1.47e-03
8.11152e-01 1.47e-03
8.11819e-01 1.46e-03
8.12440e-01 1.46e-03
8.13106e-01 1.46e-03
8.13726e-01 1.46e-03
8.14391e-01 1.45e-03
8.15011e-01 1.45e-03
8.15674e-01 1.45e-03
8.16294e-01 1.45e-03
8.16956e-01 1.44e-03
8.17575e-01 1.44e-03
8.18193e-01 1.44e-03
8.18854e-01 1.44e-03
8.19471e-01 1.43e-03
8.20132e-01 1.43e-03
8.20749e-01 1.43e-03
8.21364e-01 1.43e-03
8.22024e-01 1.42e-03
8.22639e-01 1.42e-03
8.23298e-01 1.42e-03
8.23912e-01 1.42e-03
8.24526e-01 1.41e-03
8.25184e-01 1.41e-03
8.25797e-01 1.41e-03
8.26410e-01 1.41e-03
8.27066e-01 1.40e-03
8.27678e-01 1.40e-03
8.28290e-01 1.40e-03
8.28945e-01 1.40e-03
8.29556e-01 1.39e-03
8.30166e-01 1.39e-03
8.30776e-01 1.39e-03
8.31430e-01 1.39e-03
8.32039e-01 1.38e-03
8.32648e-01 1.38e-03
8.33257e-01 1.38e-03
8.33909e-01 1.38e-03
8.34517e-01 1.38e-03
8.35124e-01 1.37e-03
8.35731e-01 1.37e-03
8.36338e-01 1.37e-03
8.36988e-01 1.37e-03
8.37594e-01 1.36e-03
8.38199e-01 1.36e-03
8.38805e-01 1.36e-03
8.39410e-01 1.36e-03
8.40014e-01 1.35e-03
8.40618e-01 1.35e-03
8.41265e-01 1.35e-03
8.41869e-01 1.35e-03
8.42472e-01 1.35e-03
8.43075e-01 1.34e-03
8.43677e-01 1.34e-03
8.44279e-01 1.34e-03
8.44881e-01 1.34e-03
8.45482e-01 1.34e-03
8.46083e-01 1.33e-03
8.46683e-01 1.33e-03
8.47284e-01 1.33e-03
8.47883e-01 1.33e-03
8.48526e-01 1.32e-03
8.49125e-01 1.32e-03
8.49723e-01 1.32e-03
8.50322e-01 1.32e-03
8.50920e-01 1.32e-03
8.51518e-01 1.31e-03
8.52115e-01 1.31e-03
8.52712e-01 1.31e-03
8.53308e-01 1.31e-03
8.53862e-01 1.31e-03
8.54458e-01 1.30e-03
8.55053e-01 1.30e-03
8.55649e-01 1.30e-03
8.56243e-01 1.30e-03
8.56838e-01 1.29e-03
8.57432e-01 1.29e-03
8.58026e-01 1.29e-03
8.58619e-01 1.29e-03
8.59212e-01 1.29e-03
8.59805e-01 1.28e-03
8.60397e-01 1.28e-03
8.60947e-01 1.28e-03
8.61539e-01 1.28e-03
8.62130e-01 1.28e-03
8.62721e-01 1.27e-03
8.63312e-01 1.27e-03
8.63902e-01 1.27e-03
8.64492e-01 1.27e-03
8.65040e-01 1.27e-03
8.65629e-01 1.26e-03
8.66218e-01 1.26e-03
8.66806e-01 1.26e-03
8.67395e-01 1.26e-03
8.67940e-01 1.26e-03
8.68528e-01 1.25e-03
8.69115e-01 1.25e-03
8.69702e-01 1.25e-03
8.70289e-01 1.25e-03
8.70833e-01 1.25e-03
8.71419e-01 1.24e-03
8.72004e-01 1.24e-03
8.72548e-01 1.24e-03
8.73133e-01 1.24e-03
8.73717e-01 1.24e-03
8.74301e-01 1.23e-03
8.74844e-01 1.23e-03
8.75427e-01 1.23e-03
8.76010e-01 1.23e-03
8.76551e-01 1.23e-03
8.77134e-01 1.23e-03
8.77716e-01 1.22e-03
8.78257e-01 1.22e-03
8.78838e-01 1.22e-03
8.79419e-01 1.22e-03
8.79959e-01 1.22e-03
8.80539e-01 1.21e-03
8.81119e-01 1.21e-03
8.81658e-01 1.21e-03
8.82237e-01 1.21e-03
8.82775e-01 1.21e-03
8.83354e-01 1.20e-03
8.83933e-01 1.20e-03
8.84470e-01 1.20e-03
8.85048e-01 1.20e-03
8.85584e-01 1.20e-03
8.86161e-01 1.20e-03
8.86738e-01 1.19e-03
8.87274e-01 1.19e-03
8.87850e-01 1.19e-03
8.88385e-01 1.19e-03
8.88961e-01 1.19e-03
8.89495e-01 1.18e-03
8.90070e-01 1.18e-03
8.90604e-01 1.18e-03
8.91178e-01 1.18e-03
8.91711e-01 1.18e-03
8.92285e-01 1.18e-03
8.92817e-01 1.17e-03
8.93391e-01 1.17e-03
8.93922e-01 1.17e-03
8.94495e-01 1.17e-03
8.95026e-01 1.17e-03
8.95598e-01 1.17e-03
8.96129e-01 1.16e-03
8.96700e-01 1.16e-03
8.97230e-01 1.16e-03
8.97760e-01 1.16e-03
8.98330e-01 1.16e-03
8.98860e-01 1.16e-03
8.99429e-01 1.15e-03
8.99958e-01 1.15e-03
9.00527e-01 1.15e-03
9.01055e-01 1.15e-03
9.01583e-01 1.15e-03
9.02151e-01 1.14e-03
9.02679e-01 1.14e-03
9.03205e-01 1.14e-03
9.03773e-01 1.14e-03
9.04299e-01 1.14e-03
9.04866e-01 1.14e-03
9.05392e-01 1.14e-03
9.05917e-01 1.13e-03
9.06483e-01 1.13e-03
9.07008e-01 1.13e-03
9.07532e-01 1.13e-03
9.08097e-01 1.13e-03
9.08621e-01 1.13e-03
9.09145e-01 1.12e-03
9.09669e-01 1.12e-03
9.10232e-01 1.12e-03
9.10755e-01 1.12e-03
9.11278e-01 1.12e-03
9.11841e-01 1.12e-03
9.12363e-01 1.11e-03
9.12885e-01 1.11e-03
9.13407e-01 1.11e-03
9.13968e-01 1.11e-03
9.14489e-01 1.11e-03
9.15010e-01 1.11e-03
9.15530e-01 1.10e-03
9.16091e-01 1.10e-03
9.16611e-01 1.10e-03
9.17130e-01 1.10e-03
9.17650e-01 1.10e-03
9.18169e-01 1.10e-03
9.18728e-01 1.10e-03
9.19246e-01 1.09e-03
9.19765e-01 1.09e-03
9.20283e-01 1.09e-03
9.20801e-01 1.09e-03
9.21358e-01 1.09e-03
9.21875e-01 1.09e-03
9.22392e-01 1.08e-03
9.22909e-01 1.08e-03
9.23425e-01 1.08e-03
9.23941e-01 1.08e-03
9.24457e-01 1.08e-03
9.25013e-01 1.08e-03
9.25528e-01 1.08e-03
9.26043e-01 1.07e-03
9.26558e-01 1.07e-03
9.27072e-01 1.07e-03
9.27587e-01 1.07e-03
9.28101e-01 1.07e-03
9.28614e-01 1.07e-03
9.29128e-01 1.07e-03
9.29681e-01 1.06e-03
9.30194e-01 1.06e-03
9.30706e-01 1.06e-03
9.31219e-01 1.06e-03
9.31731e-01 1.06e-03
9.32243e-01 1.06e-03
9.32754e-01 1.05e-03
9.33266e-01 1.05e-03
9.33777e-01 1.05e-03
9.34288e-01 1.05e-03
9.34798e-01 1.05e-03
9.35309e-01 1.05e-03
9.35819e-01 1.05e-03
9.36329e-01 1.04e-03
9.36838e-01 1.04e-03
9.37347e-01 1.04e-03
9.37857e-01 1.04e-03
9.38365e-01 1.04e-03
9.38874e-01 1.04e-03
9.39382e-01 1.04e-03
9.39890e-01 1.03e-03
9.40398e-01 1.03e-03
9.40905e-01 1.03e-03
9.41413e-01 1.03e-03
9.41919e-01 1.03e-03
9.42426e-01 1.03e-03
9.42933e-01 1.03e-03
9.43439e-01 1.03e-03
9.43945e-01 1.02e-03
9.44450e-01 1.02e-03
9.44956e-01 1.02e-03
9.45422e-01 1.02e-03
9.45927e-01 1.02e-03
9.46432e-01 1.02e-03
9.46936e-01 1.02e-03
9.47441e-01 1.01e-03
9.47944e-01 1.01e-03
9.48448e-01 1.01e-03
9.48952e-01 1.01e-03
9.49455e-01 1.01e-03
9.49919e-01 1.01e-03
9.50422e-01 1.01e-03
9.50924e-01 1.00e-03
9.51426e-01 1.00e-03
9.51928e-01 1.00e-03
9.52430e-01 1.00e-03
9.52931e-01 9.99e-04
9.53394e-01 9.98e-04
9.53895e-01 9.97e-04
9.54395e-01 9.95e-04
9.54896e-01 9.94e-04
9.55396e-01 9.93e-04
9.55896e-01 9.91e-04
9.56357e-01 9.90e-04
9.56857e-01 9.89e-04
9.57356e-01 9.88e-04
9.57855e-01 9.86e-04
9.58354e-01 9.85e-04
9.58814e-01 9.84e-04
9.59312e-01 9.83e-04
9.59810e-01 9.81e-04
9.60308e-01 9.80e-04
9.60767e-01 9.79e-04
9.61264e-01 9.78e-04
9.61761e-01 9.76e-04
9.62258e-01 9.75e-04
9.62716e-01 9.74e-04
9.63212e-01 9.73e-04
9.63709e-01 9.71e-04
9.64204e-01 9.70e-04
9.64662e-01 9.69e-04
9.65157e-01 9.68e-04
9.65652e-01 9.66e-04
9.66147e-01 9.65e-04
9.66604e-01 9.64e-04
9.67098e-01 9.63e-04
9.67592e-01 9.62e-04
9.68048e-01 9.60e-04
9.68542e-01 9.59e-04
9.69035e-01 9.58e-04
9.69490e-01 9.57e-04
9.69983e-01 9.55e-04
9.70476e-01 9.54e-04
9.70930e-01 9.53e-04
9.71423e-01 9.52e-04
9.71915e-01 9.51e-04
9.72369e-01 9.49e-04
9.72860e-01 9.48e-04
9.73351e-01 9.47e-04
9.73805e-01 9.46e-04
9.74295e-01 9.45e-04
9.74786e-01 9.43e-04
9.75239e-01 9.42e-04
9.75729e-01 9.41e-04
9.76181e-01 9.40e-04
9.76671e-01 9.39e-04
9.77160e-01 9.37e-04
9.77612e-01 9.36e-04
9.78101e-01 9.35e-04
9.78552e-01 9.34e-04
9.79040e-01 9.33e-04
9.79528e-01 9.31e-04
9.79979e-01 9.30e-04
9.80467e-01 9.29e-04
9.80917e-01 9.28e-04
9.81404e-01 9.27e-04
9.81891e-01 9.26e-04
9.82341e-01 9.24e-04
9.82827e-01 9.23e-04
9.83276e-01 9.22e-04
9.83762e-01 9.21e-04
9.84211e-01 9.20e-04
9.84697e-01 9.19e-04
9.85145e-01 9.18e-04
9.85630e-01 9.16e-04
9.86078e-01 9.15e-04
9.86563e-01 9.14e-04
9.87010e-01 9.13e-04
9.87494e-01 9.12e-04
9.87941e-01 9.11e-04
9.88425e-01 9.10e-04
9.88872e-01 9.09e-04
9.89355e-01 9.07e-04
9.89801e-01 9.06e-04
9.90284e-01 9.05e-04
9.90730e-01 9.04e-04
9.91213e-01 9.03e-04
9.91658e-01 9.02e-04
9.92140e-01 9.01e-04
9.92585e-01 9.00e-04
9.93067e-01 8.99e-04
9.93511e-01 8.97e-04
9.93992e-01 8.96e-04
9.94436e-01 8.95e-04
9.94917e-01 8.94e-04
9.95361e-01 8.93e-04
9.95804e-01 8.92e-04
9.96284e-01 8.91e-04
9.96727e-01 8.90e-04
9.97207e-01 8.89e-04
9.97649e-01 8.88e-04
9.98129e-01 8.87e-04
9.98571e-01 8.85e-04
9.99013e-01 8.84e-04
9.99492e-01 8.83e-04
9.99933e-01 8.82e-04
1.00041e+00 8.81e-04
1.00085e+00 8.80e-04
1.00129e+00 8.79e-04
1.00177e+00 8.78e-04
1.00221e+00 8.77e-04
1.00269e+00 8.76e-04
1.00313e+00 8.75e-04
1.00357e+00 8.74e-04
1.00405e+00 8.73e-04
1.00448e+00 8.72e-04
1.00492e+00 8.71e-04
1.00540e+00 8.70e-04
1.00584e+00 8.68e-04
1.00628e+00 8.67e-04
1.00675e+00 8.66e-04
1.00719e+00 8.65e-04
1.00763e+00 8.64e-04
1.00810e+00 8.63e-04
1.00854e+00 8.62e-04
1.00898e+00 8.61e-04
1.00945e+00 8.60e-04
1.00989e+00 8.59e-04
1.01033e+00 8.58e-04
1.01080e+00 8.57e-04
1.01124e+00 8.56e-04
1.01167e+00 8.55e-04
1.01215e+00 8.54e-04
1.01258e+00 8.53e-04
1.01302e+00 8.52e-04
1.01345e+00 8.51e-04
1.01393e+00 8.50e-04
1.01436e+00 8.49e-04
1.01480e+00 8.48e-04
1.01527e+00 8.47e-04
1.01570e+00 8.46e-04
1.01614e+00 8.45e-04
1.01657e+00 8.44e-04
1.01704e+00 8.44e-04
1.01747e+00 8.43e-04
1.01791e+00 8.42e-04
1.01834e+00 8.41e-04
1.01881e+00 8.40e-04
1.01924e+00 8.39e-04
1.01968e+00 8.38e-04
1.02011e+00 8.37e-04
1.02054e+00 8.36e-04
1.02101e+00 8.35e-04
1.02144e+00 8.34e-04
1.02188e+00 8.33e-04
1.02231e+00 8.32e-04
1.02277e+00 8.31e-04
1.02321e+00 8.30e-04
1.02364e+00 8.29e-04
1.02407e+00 8.28e-04
1.02450e+00 8.27e-04
1.02497e+00 8.26e-04
1.02540e+00 8.25e-04
1.02583e+00 8.24e-04
1.02626e+00 8.23e-04
1.02669e+00 8.22e-04
1.02712e+00 8.21e-04
1.02758e+00 8.20e-04
1.02801e+00 8.19e-04
1.02844e+00 8.19e-04
1.02887e+00 8.18e-04
1.02930e+00 8.17e-04
1.02973e+00 8.16e-04
1.03019e+00 8.15e-04
1.03062e+00 8.14e-04
1.03105e+00 8.13e-04
1.03147e+00 8.12e-04
1.03190e+00 8.11e-04
1.03233e+00 8.10e-04
1.03276e+00 8.09e-04
1.03322e+00 8.08e-04
1.03365e+00 8.07e-04
1.03407e+00 8.06e-04
1.03450e+00 8.05e-04
1.03493e+00 8.04e-04
1.03535e+00 8.04e-04
1.03578e+00 8.03e-04
1.03620e+00 8.02e-04
1.03663e+00 8.01e-04
1.03706e+00 8.00e-04
1.03752e+00 7.99e-04
1.03794e+00 7.98e-04
1.03837e+00 7.97e-04
1.03879e+00 7.96e-04
1.03922e+00 7.96e-04
1.03964e+00 7.95e-04
1.04006e+00 7.94e-04
1.04049e+00 7.93e-04
1.04091e+00 7.92e-04
1.04134e+00 7.91e-04
1.04176e+00 7.90e-04
1.04218e+00 7.89e-04
1.04261e+00 7.89e-04
1.04303e+00 7.88e-04
1.04349e+00 7.87e-04
1.04391e+00 7.86e-04
1.04433e+00 7.85e-04
1.04475e+00 7.84e-04
1.04518e+00 7.83e-04
1.04560e+00 7.83e-04
1.04602e+00 7.82e-04
1.04644e+00 7.81e-04
1.04686e+00 7.80e-04
1.04728e+00 7.79e-04
1.04770e+00 7.78e-04
1.04813e+00 7.78e-04
1.04855e+00 7.77e-04
1.04897e+00 7.76e-04
1.04939e+00 7.75e-04
1.04981e+00 7.74e-04
1.05023e+00 7.73e-04
1.05065e+00 7.73e-04
1.05107e+00 7.72e-04
1.05149e+00 7.71e-04
1.05190e+00 7.70e-04
1.05232e+00 7.69e-04
1.05274e+00 7.68e-04
1.05316e+00 7.68e-04
1.05358e+00 7.67e-04
1.05400e+00 7.66e-04
1.05442e+00 7.65e-04
1.05483e+00 7.64e-04
1.05522e+00 7.63e-04
1.05564e+00 7.63e-04
1.05605e+00 7.62e-04
1.05647e+00 7.61e-04
1.05689e+00 7.60e-04
1.05730e+00 7.59e-04
1.05772e+00 7.58e-04
1.05814e+00 7.58e-04
1.05855e+00 7.57e-04
1.05897e+00 7.56e-04
1.05939e+00 7.55e-04
1.05980e+00 7.54e-04
1.06022e+00 7.53e-04
1.06063e+00 7.53e-04
1.06105e+00 7.52e-04
1.06143e+00 7.51e-04
1.06184e+00 7.50e-04
1.06226e+00 7.49e-04
1.06267e+00 7.49e-04
1.06309e+00 7.48e-04
1.06350e+00 7.47e-04
1.06392e+00 7.46e-04
1.06433e+00 7.45e-04
1.06475e+00 7.45e-04
1.06516e+00 7.44e-04
1.06554e+00 7.43e-04
1.06595e+00 7.42e-04
1.06636e+00 7.42e-04
1.06678e+00 7.41e-04
1.06719e+00 7.40e-04
1.06760e+00 7.39e-04
1.06802e+00 7.38e-04
1.06843e+00 7.38e-04
1.06881e+00 7.37e-04
1.06922e+00 7.36e-04
1.06963e+00 7.35e-04
1.07004e+00 7.35e-04
1.07045e+00 7.34e-04
1.07086e+00 7.33e-04
1.07128e+00 7.32e-04
1.07165e+00 7.31e-04
1.07206e+00 7.31e-04
1.07247e+00 7.30e-04
1.07288e+00 7.29e-04
1.07329e+00 7.28e-04
1.07370e+00 7.28e-04
1.07408e+00 7.27e-04
1.07449e+00 7.26e-04
1.07490e+00 7.25e-04
1.07531e+00 7.25e-04
1.07572e+00 7.24e-04
1.07609e+00 7.23e-04
1.07650e+00 7.22e-04
1.07691e+00 7.22e-04
1.07732e+00 7.21e-04
1.07773e+00 7.20e-04
1.07810e+00 7.19e-04
1.07851e+00 7.18e-04
1.07892e+00 7.18e-04
1.07933e+00 7.17e-04
1.07974e+00 7.16e-04
1.08011e+00 7.15e-04
1.08052e+00 7.15e-04
1.08092e+00 7.14e-04
1.08133e+00 7.13e-04
1.08170e+00 7.12e-04
1.08211e+00 7.12e-04
1.08252e+00 7.11e-04
1.08292e+00 7.10e-04
1.08333e+00 7.09e-04
1.08370e+00 7.09e-04
1.08411e+00 7.08e-04
1.08451e+00 7.07e-04
1.08492e+00 7.07e-04
1.08529e+00 7.06e-04
1.08570e+00 7.05e-04
1.08610e+00 7.04e-04
1.08651e+00 7.04e-04
1.08688e+00 7.03e-04
1.08728e+00 7.02e-04
1.08769e+00 7.01e-04
1.08806e+00 7.01e-04
1.08846e+00 7.00e-04
1.08886e+00 6.99e-04
1.08927e+00 6.99e-04
1.11307e+00 6.57e-04
1.12347e+00 6.40e-04
1.13552e+00 6.21e-04
1.15171e+00 5.96e-04
1.17140e+00 5.66e-04
1.18473e+00 5.48e-04
1.19055e+00 5.39e-04
1.19071e+00 5.38e-04
1.20806e+00 5.15e-04
1.22045e+00 4.99e-04
1.23396e+00 4.83e-04
1.25102e+00 4.63e-04
1.26093e+00 4.52e-04
1.27840e+00 4.33e-04
1.29434e+00 4.17e-04
1.31474e+00 3.98e-04
1.33039e+00 3.84e-04
1.34578e+00 3.70e-04
1.35676e+00 3.61e-04
1.38269e+00 3.41e-04
1.39029e+00 3.35e-04
1.40305e+00 3.27e-04
1.42325e+00 3.13e-04
1.43439e+00 3.06e-04
1.45393e+00 2.95e-04
1.47119e+00 2.86e-04
1.49504e+00 2.74e-04
1.50707e+00 2.69e-04
1.52988e+00 2.60e-04
1.54614e+00 2.55e-04
1.55903e+00 2.51e-04
1.57727e+00 2.47e-04
1.58326e+00 2.46e-04
1.59971e+00 2.43e-04
1.60876e+00 2.42e-04
1.61399e+00 2.42e-04
1.61413e+00 2.93e-04
1.63073e+00 2.95e-04
1.63919e+00 2.96e-04
1.64818e+00 2.97e-04
1.65745e+00 3.00e-04
1.66648e+00 3.02e-04
1.67581e+00 3.06e-04
1.68073e+00 3.08e-04
1.68856e+00 3.12e-04
1.69431e+00 3.15e-04
1.69745e+00 3.17e-04
1.70375e+00 3.22e-04
1.70744e+00 3.24e-04
1.71273e+00 3.28e-04
1.71563e+00 3.31e-04
1.72016e+00 3.35e-04
1.72414e+00 3.39e-04
1.72735e+00 3.42e-04
1.72894e+00 3.43e-04
1.73215e+00 3.47e-04
1.73376e+00 3.49e-04
1.73618e+00 3.51e-04
1.73806e+00 3.54e-04
1.73968e+00 3.56e-04
1.74103e+00 3.57e-04
1.74157e+00 3.58e-04
1.74211e+00 3.59e-04
1.74238e+00 3.59e-04
1.74266e+00 3.60e-04
1.74292e+00 3.60e-04
1.74318e+00 3.60e-04
1.74346e+00 3.61e-04
1.74372e+00 3.61e-04
1.74400e+00 3.61e-04
1.74427e+00 3.62e-04
1.74455e+00 3.62e-04
1.74481e+00 3.63e-04
1.74509e+00 3.63e-04
1.74535e+00 3.63e-04
1.74563e+00 3.64e-04
1.74589e+00 3.64e-04
1.74617e+00 3.64e-04
1.74643e+00 3.65e-04
1.74671e+00 3.65e-04
1.74697e+00 3.66e-04
1.74725e+00 3.66e-04
1.74751e+00 3.66e-04
1.74779e+00 3.67e-04
1.74807e+00 3.67e-04
1.74833e+00 3.67e-04
1.74861e+00 3.68e-04
1.74887e+00 3.68e-04
1.74915e+00 3.69e-04
1.74943e+00 3.69e-04
1.74969e+00 3.69e-04
1.74996e+00 3.70e-04
1.75023e+00 3.70e-04
1.75050e+00 3.71e-04
1.75078e+00 3.71e-04
1.75104e+00 3.71e-04
1.75132e+00 3.72e-04
1.75160e+00 3.72e-04
1.75186e+00 3.73e-04
1.75213e+00 3.73e-04
1.75241e+00 3.73e-04
1.75267e+00 3.74e-04
1.75295e+00 3.74e-04
1.75323e+00 3.75e-04
1.75350e+00 3.75e-04
1.75376e+00 3.76e-04
1.75404e+00 3.76e-04
1.75432e+00 3.76e-04
1.75459e+00 3.77e-04
1.75485e+00 3.77e-04
1.75513e+00 3.78e-04
1.75541e+00 3.78e-04
1.75568e+00 3.79e-04
1.75596e+00 3.79e-04
1.75622e+00 3.80e-04
1.75649e+00 3.80e-04
1.75677e+00 3.80e-04
1.75705e+00 3.81e-04
1.75732e+00 3.81e-04
1.75758e+00 3.82e-04
1.75786e+00 3.82e-04
1.75813e+00 3.83e-04
1.75841e+00 3.83e-04
1.75869e+00 3.84e-04
1.75896e+00 3.84e-04
1.75924e+00 3.85e-04
1.75951e+00 3.85e-04
1.75979e+00 3.85e-04
1.76005e+00 3.86e-04
1.76032e+00 3.86e-04
1.76060e+00 3.87e-04
1.76087e+00 3.87e-04
1.76115e+00 3.88e-04
1.76142e+00 3.88e-04
1.76170e+00 3.89e-04
1.76197e+00 3.89e-04
1.76224e+00 3.90e-04
1.76252e+00 3.90e-04
1.76279e+00 3.91e-04
1.76307e+00 3.91e-04
1.76334e+00 3.92e-04
1.76362e+00 3.92e-04
1.76389e+00 3.93e-04
1.76417e+00 3.93e-04
1.76444e+00 3.94e-04
1.76471e+00 3.94e-04
1.76499e+00 3.95e-04
1.76526e+00 3.95e-04
1.76555e+00 3.96e-04
1.76583e+00 3.96e-04
1.76610e+00 3.97e-04
1.76637e+00 3.98e-04
1.76665e+00 3.98e-04
1.76692e+00 3.99e-04
1.76719e+00 3.99e-04
1.76747e+00 4.00e-04
1.76774e+00 4.00e-04
1.76803e+00 4.01e-04
1.76830e+00 4.01e-04
1.76858e+00 4.02e-04
1.76885e+00 4.02e-04
1.76912e+00 4.03e-04
1.76941e+00 4.04e-04
1.76968e+00 4.04e-04
1.76996e+00 4.05e-04
1.77023e+00 4.05e-04
1.77050e+00 4.06e-04
1.77079e+00 4.06e-04
1.77106e+00 4.07e-04
1.77134e+00 4.08e-04
1.77161e+00 4.08e-04
1.77190e+00 4.09e-04
1.77217e+00 4.09e-04
1.77244e+00 4.10e-04
1.77273e+00 4.10e-04
1.77300e+00 4.11e-04
1.77327e+00 4.12e-04
1.77356e+00 4.12e-04
1.77383e+00 4.13e-04
1.77410e+00 4.13e-04
1.77439e+00 4.14e-04
1.77466e+00 4.15e-04
1.77494e+00 4.15e-04
1.77522e+00 4.16e-04
1.77549e+00 4.17e-04
1.77578e+00 4.17e-04
1.77605e+00 4.18e-04
1.77632e+00 4.18e-04
1.77661e+00 4.19e-04
1.77688e+00 4.20e-04
1.77717e+00 4.20e-04
1.77744e+00 4.21e-04
1.77773e+00 4.22e-04
1.77800e+00 4.22e-04
1.77829e+00 4.23e-04
1.77856e+00 4.24e-04
1.77884e+00 4.24e-04
1.77911e+00 4.25e-04
1.77940e+00 4.26e-04
1.77967e+00 4.26e-04
1.77996e+00 4.27e-04
1.78023e+00 4.28e-04
1.78051e+00 4.28e-04
1.78078e+00 4.29e-04
1.78107e+00 4.30e-04
1.78136e+00 4.30e-04
1.78162e+00 4.31e-04
1.78191e+00 4.32e-04
1.78218e+00 4.32e-04
1.78247e+00 4.33e-04
1.78275e+00 4.34e-04
1.78302e+00 4.35e-04
1.78331e+00 4.35e-04
1.78359e+00 4.36e-04
1.78386e+00 4.37e-04
1.78415e+00 4.37e-04
1.78443e+00 4.38e-04
1.78470e+00 4.39e-04
1.78499e+00 4.40e-04
1.78527e+00 4.40e-04
1.78554e+00 4.41e-04
1.78583e+00 4.42e-04
1.78611e+00 4.43e-04
1.78640e+00 4.43e-04
1.78666e+00 4.44e-04
1.78695e+00 4.45e-04
1.78723e+00 4.46e-04
1.78752e+00 4.46e-04
1.78780e+00 4.47e-04
1.78807e+00 4.48e-04
1.78835e+00 4.49e-04
1.78864e+00 4.50e-04
1.78892e+00 4.50e-04
1.78921e+00 4.51e-04
1.78949e+00 4.52e-04
1.78976e+00 4.53e-04
1.79004e+00 4.54e-04
1.79033e+00 4.54e-04
1.79061e+00 4.55e-04
1.79089e+00 4.56e-04
1.79118e+00 4.57e-04
1.79146e+00 4.58e-04
1.79174e+00 4.59e-04
1.79203e+00 4.59e-04
1.79231e+00 4.60e-04
1.79259e+00 4.61e-04
1.79288e+00 4.62e-04
1.79316e+00 4.63e-04
1.79344e+00 4.64e-04
1.79372e+00 4.64e-04
1.79401e+00 4.65e-04
1.79429e+00 4.66e-04
1.79457e+00 4.67e-04
1.79485e+00 4.68e-04
1.79514e+00 4.69e-04
1.79542e+00 4.70e-04
1.79570e+00 4.71e-04
1.79598e+00 4.72e-04
1.79627e+00 4.73e-04
1.79655e+00 4.73e-04
1.79683e+00 4.74e-04
1.79711e+00 4.75e-04
1.79739e+00 4.76e-04
1.79769e+00 4.77e-04
1.79797e+00 4.78e-04
1.79825e+00 4.79e-04
1.79854e+00 4.80e-04
1.79882e+00 4.81e-04
1.79910e+00 4.82e-04
1.79940e+00 4.83e-04
1.79968e+00 4.84e-04
1.79996e+00 4.85e-04
1.80024e+00 4.86e-04
1.80054e+00 4.87e-04
1.80082e+00 4.88e-04
1.80110e+00 4.89e-04
1.80138e+00 4.90e-04
1.80168e+00 4.91e-04
1.80196e+00 4.92e-04
1.80224e+00 4.93e-04
1.80253e+00 4.94e-04
1.80281e+00 4.95e-04
1.80309e+00 4.96e-04
1.80339e+00 4.97e-04
1.80367e+00 4.98e-04
1.80395e+00 4.99e-04
1.80425e+00 5.00e-04
1.80453e+00 5.01e-04
1.80482e+00 5.02e-04
1.80510e+00 5.03e-04
1.80538e+00 5.04e-04
1.80568e+00 5.05e-04
1.80596e+00 5.07e-04
1.80625e+00 5.08e-04
1.80653e+00 5.09e-04
1.80683e+00 5.10e-04
1.80711e+00 5.11e-04
1.80740e+00 5.12e-04
1.80768e+00 5.13e-04
1.80798e+00 5.14e-04
1.80826e+00 5.16e-04
1.80855e+00 5.17e-04
1.80883e+00 5.18e-04
1.80912e+00 5.19e-04
1.80940e+00 5.20e-04
1.80970e+00 5.21e-04
1.80999e+00 5.23e-04
1.81027e+00 5.24e-04
1.81056e+00 5.25e-04
1.81084e+00 5.26e-04
1.81114e+00 5.27e-04
1.81143e+00 5.29e-04
1.81171e+00 5.30e-04
1.81200e+00 5.31e-04
1.81230e+00 5.32e-04
1.81257e+00 5.34e-04
1.81287e+00 5.35e-04
1.81316e+00 5.36e-04
1.81346e+00 5.37e-04
1.81373e+00 5.39e-04
1.81403e+00 5.40e-04
1.81432e+00 5.41e-04
1.81461e+00 5.43e-04
1.81489e+00 5.44e-04
1.81518e+00 5.45e-04
1.81548e+00 5.47e-04
1.81577e+00 5.48e-04
1.81606e+00 5.49e-04
1.81634e+00 5.51e-04
1.81663e+00 5.52e-04
1.81692e+00 5.53e-04
1.81722e+00 5.55e-04
1.81751e+00 5.56e-04
1.81780e+00 5.57e-04
1.81809e+00 5.59e-04
1.81839e+00 5.60e-04
1.81868e+00 5.62e-04
1.81895e+00 5.63e-04
1.81924e+00 5.65e-04
1.81954e+00 5.66e-04
1.81983e+00 5.68e-04
1.82012e+00 5.69e-04
1.82041e+00 5.71e-04
1.82070e+00 5.72e-04
1.82099e+00 5.74e-04
1.82129e+00 5.75e-04
1.82158e+00 5.77e-04
1.82188e+00 5.78e-04
1.82218e+00 5.80e-04
1.82247e+00 5.81e-04
1.82276e+00 5.83e-04
1.82305e+00 5.84e-04
1.82334e+00 5.86e-04
1.82363e+00 5.88e-04
1.82392e+00 5.89e-04
1.82421e+00 5.91e-04
1.82452e+00 5.92e-04
1.82481e+00 5.94e-04
1.82510e+00 5.96e-04
1.82539e+00 5.97e-04
1.82568e+00 5.99e-04
1.82598e+00 6.01e-04
1.82627e+00 6.02e-04
1.82656e+00 6.04e-04
1.82685e+00 6.06e-04
1.82716e+00 6.08e-04
1.82745e+00 6.09e-04
1.82774e+00 6.11e-04
1.82803e+00 6.13e-04
1.82833e+00 6.15e-04
1.82862e+00 6.16e-04
1.82891e+00 6.18e-04
1.82922e+00 6.20e-04
1.82950e+00 6.22e-04
1.82965e+00 6.21e-04
1.82995e+00 6.23e-04
1.83024e+00 6.25e-04
1.83055e+00 6.27e-04
1.83084e+00 6.29e-04
1.83112e+00 6.31e-04
1.83143e+00 6.33e-04
1.83172e+00 6.35e-04
1.83202e+00 6.36e-04
1.83231e+00 6.38e-04
1.83261e+00 6.40e-04
1.83290e+00 6.42e-04
1.83321e+00 6.44e-04
1.83349e+00 6.46e-04
1.83380e+00 6.48e-04
1.83410e+00 6.50e-04
1.83439e+00 6.52e-04
1.83469e+00 6.55e-04
1.83498e+00 6.57e-04
1.83528e+00 6.59e-04
1.83558e+00 6.61e-04
1.83587e+00 6.63e-04
1.83617e+00 6.65e-04
1.83646e+00 6.67e-04
1.83676e+00 6.69e-04
1.83707e+00 6.72e-04
1.83737e+00 6.74e-04
1.83766e+00 6.76e-04
1.83796e+00 6.78e-04
1.83826e+00 6.81e-04
1.83855e+00 6.83e-04
1.83885e+00 6.85e-04
1.83915e+00 6.87e-04
1.83945e+00 6.90e-04
1.83976e+00 6.92e-04
1.84004e+00 6.94e-04
1.84034e+00 6.97e-04
1.84064e+00 6.99e-04
1.84095e+00 7.02e-04
1.84125e+00 7.04e-04
1.84155e+00 7.07e-04
1.84185e+00 7.09e-04
1.84215e+00 7.12e-04
1.84244e+00 7.14e-04
1.84274e+00 7.17e-04
1.84304e+00 7.19e-04
1.84334e+00 7.22e-04
1.84364e+00 7.24e-04
1.84394e+00 7.27e-04
1.84424e+00 7.30e-04
1.84454e+00 7.32e-04
1.84484e+00 7.35e-04
1.84514e+00 7.38e-04
1.84544e+00 7.40e-04
1.84576e+00 7.43e-04
1.84606e+00 7.46e-04
1.84636e+00 7.49e-04
1.84666e+00 7.51e-04
1.84696e+00 7.54e-04
1.84726e+00 7.57e-04
1.84756e+00 7.60e-04
1.84786e+00 7.63e-04
1.84817e+00 7.66e-04
1.84847e+00 7.69e-04
1.84877e+00 7.72e-04
1.84907e+00 7.75e-04
1.84937e+00 7.78e-04
1.84968e+00 7.81e-04
1.84998e+00 7.84e-04
1.85028e+00 7.87e-04
1.85059e+00 7.90e-04
1.85089e+00 7.94e-04
1.85119e+00 7.97e-04
1.85151e+00 8.00e-04
1.85180e+00 8.03e-04
1.85210e+00 8.07e-04
1.85242e+00 8.10e-04
1.85271e+00 8.13e-04
1.85301e+00 8.17e-04
1.85332e+00 8.20e-04
1.85362e+00 8.24e-04
1.85394e+00 8.27e-04
1.85423e+00 8.31e-04
1.85455e+00 8.34e-04
1.85484e+00 8.38e-04
1.85516e+00 8.41e-04
1.85545e+00 8.45e-04
1.85577e+00 8.49e-04
1.85606e+00 8.52e-04
1.85638e+00 8.56e-04
1.85667e+00 8.60e-04
1.85699e+00 8.64e-04
1.85730e+00 8.68e-04
1.85759e+00 8.72e-04
1.85791e+00 8.76e-04
1.85822e+00 8.80e-04
1.85851e+00 8.84e-04
1.85883e+00 8.88e-04
1.85914e+00 8.92e-04
1.85943e+00 8.97e-04
1.85975e+00 9.01e-04
1.86006e+00 9.05e-04
1.86037e+00 9.10e-04
1.86066e+00 9.14e-04
1.86097e+00 9.19e-04
1.86129e+00 9.23e-04
1.86160e+00 9.28e-04
1.86191e+00 9.33e-04
1.86220e+00 9.38e-04
1.86251e+00 9.43e-04
1.86282e+00 9.48e-04
1.86313e+00 9.53e-04
1.86344e+00 9.58e-04
1.86375e+00 9.63e-04
1.86406e+00 9.69e-04
1.86437e+00 9.74e-04
1.86468e+00 9.80e-04
1.86499e+00 9.85e-04
1.86530e+00 9.91e-04
1.86561e+00 9.97e-04
1.86592e+00 1.00e-03
1.86623e+00 1.01e-03
1.86654e+00 1.02e-03
1.86685e+00 1.02e-03
1.86716e+00 1.03e-03
1.86747e+00 1.04e-03
1.86778e+00 1.05e-03
1.86809e+00 1.05e-03
1.86841e+00 1.06e-03
1.86872e+00 1.07e-03
1.86903e+00 1.08e-03
1.86934e+00 1.09e-03
1.86965e+00 1.10e-03
1.86997e+00 1.11e-03
1.87028e+00 1.13e-03
1.87059e+00 1.14e-03
1.87089e+00 1.16e-03
1.87122e+00 1.17e-03
1.87137e+00 1.18e-03
1.87153e+00 1.19e-03
1.87168e+00 1.20e-03
1.87183e+00 1.21e-03
1.87199e+00 1.23e-03
1.87216e+00 1.24e-03
1.87231e+00 1.25e-03
1.87246e+00 1.27e-03
1.87262e+00 1.28e-03
1.87277e+00 1.30e-03
1.87294e+00 1.32e-03
1.87309e+00 1.34e-03
1.87325e+00 1.36e-03
1.87340e+00 1.39e-03
1.87355e+00 1.42e-03
1.87372e+00 1.44e-03
1.87388e+00 1.47e-03
1.87403e+00 1.51e-03
1.87418e+00 1.54e-03
1.87451e+00 1.61e-03
1.87466e+00 1.65e-03
1.87481e+00 1.68e-03
1.87498e+00 1.71e-03
1.87514e+00 1.73e-03
1.87529e+00 1.75e-03
1.87544e+00 1.77e-03
1.87561e+00 1.77e-03
1.87576e+00 1.77e-03
1.87592e+00 1.76e-03
1.87607e+00 1.74e-03
1.87624e+00 1.72e-03
1.87639e+00 1.69e-03
1.87671e+00 1.63e-03
1.87687e+00 1.60e-03
1.87702e+00 1.58e-03
1.87717e+00 1.55e-03
1.87734e+00 1.53e-03
1.87749e+00 1.50e-03
1.87765e+00 1.48e-03
1.87781e+00 1.46e-03
1.87797e+00 1.45e-03
1.87812e+00 1.43e-03
1.87829e+00 1.42e-03
1.87844e+00 1.41e-03
1.87859e+00 1.40e-03
1.87876e+00 1.39e-03
1.87892e+00 1.38e-03
1.87907e+00 1.38e-03
1.87924e+00 1.37e-03
1.87939e+00 1.37e-03
1.87956e+00 1.36e-03
1.87986e+00 1.36e-03
1.88018e+00 1.35e-03
1.88050e+00 1.35e-03
1.88066e+00 1.35e-03
1.88098e+00 1.35e-03
1.88130e+00 1.35e-03
1.88162e+00 1.35e-03
1.88194e+00 1.36e-03
1.88224e+00 1.36e-03
1.88256e+00 1.37e-03
1.88288e+00 1.37e-03
1.88320e+00 1.38e-03
1.88352e+00 1.38e-03
1.88384e+00 1.39e-03
1.88416e+00 1.40e-03
1.88448e+00 1.40e-03
1.88479e+00 1.41e-03
1.88511e+00 1.42e-03
1.88543e+00 1.43e-03
1.88575e+00 1.44e-03
1.88607e+00 1.44e-03
1.88639e+00 1.45e-03
1.88672e+00 1.46e-03
1.88704e+00 1.47e-03
1.88736e+00 1.48e-03
1.88768e+00 1.49e-03
1.88799e+00 1.50e-03
1.88831e+00 1.51e-03
1.88864e+00 1.52e-03
1.88896e+00 1.53e-03
1.88928e+00 1.54e-03
1.88961e+00 1.55e-03
1.88993e+00 1.56e-03
1.89025e+00 1.58e-03
1.89056e+00 1.59e-03
1.89090e+00 1.60e-03
1.89121e+00 1.61e-03
1.89154e+00 1.62e-03
1.89186e+00 1.64e-03
1.89218e+00 1.65e-03
1.89251e+00 1.66e-03
1.89283e+00 1.67e-03
1.89316e+00 1.69e-03
1.89347e+00 1.70e-03
1.89380e+00 1.71e-03
1.89412e+00 1.73e-03
1.89445e+00 1.74e-03
1.89478e+00 1.76e-03
1.89510e+00 1.77e-03
1.89543e+00 1.79e-03
1.89574e+00 1.80e-03
1.89607e+00 1.82e-03
1.89640e+00 1.83e-03
1.89672e+00 1.85e-03
1.89705e+00 1.86e-03
1.89738e+00 1.88e-03
1.89771e+00 1.90e-03
1.89802e+00 1.92e-03
1.89835e+00 1.93e-03
1.89868e+00 1.95e-03
1.89901e+00 1.97e-03
1.89934e+00 1.99e-03
1.89967e+00 2.01e-03
1.89999e+00 2.02e-03
1.90031e+00 2.04e-03
1.90064e+00 2.06e-03
1.90097e+00 2.08e-03
1.90130e+00 2.10e-03
1.90163e+00 2.13e-03
1.90196e+00 2.15e-03
1.90229e+00 2.17e-03
1.90261e+00 2.19e-03
1.90294e+00 2.21e-03
1.90327e+00 2.24e-03
1.90360e+00 2.26e-03
1.90394e+00 2.28e-03
1.90427e+00 2.31e-03
1.90460e+00 2.33e-03
1.90492e+00 2.36e-03
1.90525e+00 2.38e-03
1.90558e+00 2.41e-03
1.90592e+00 2.44e-03
1.90625e+00 2.47e-03
1.90658e+00 2.50e-03
1.90692e+00 2.52e-03
1.90724e+00 2.55e-03
1.90757e+00 2.58e-03
1.90791e+00 2.62e-03
1.90824e+00 2.65e-03
1.90856e+00 2.68e-03
1.90891e+00 2.71e-03
1.90923e+00 2.75e-03
1.90957e+00 2.78e-03
1.90990e+00 2.82e-03
1.91024e+00 2.86e-03
1.91056e+00 2.90e-03
1.91090e+00 2.94e-03
1.91123e+00 2.98e-03
1.91157e+00 3.02e-03
1.91191e+00 3.06e-03
1.91224e+00 3.10e-03
1.91257e+00 3.15e-03
1.91291e+00 3.20e-03
1.91324e+00 3.24e-03
1.91358e+00 3.29e-03
1.91392e+00 3.34e-03
1.91424e+00 3.40e-03
1.91458e+00 3.45e-03
1.91492e+00 3.51e-03
1.91526e+00 3.57e-03
1.91560e+00 3.63e-03
1.91594e+00 3.69e-03
1.91628e+00 3.75e-03
1.91660e+00 3.82e-03
1.91694e+00 3.89e-03
1.91728e+00 3.96e-03
1.91761e+00 4.04e-03
1.91795e+00 4.12e-03
1.91829e+00 4.20e-03
1.91863e+00 4.29e-03
1.91896e+00 4.38e-03
1.91932e+00 4.47e-03
1.91965e+00 4.57e-03
1.91999e+00 4.68e-03
1.92033e+00 4.78e-03
1.92067e+00 4.90e-03
1.92100e+00 5.02e-03
1.92135e+00 5.15e-03
1.92169e+00 5.29e-03
1.92203e+00 5.43e-03
1.92236e+00 5.58e-03
1.92271e+00 5.75e-03
1.92288e+00 5.84e-03
1.92305e+00 5.93e-03
1.92323e+00 6.02e-03
1.92339e+00 6.11e-03
1.92356e+00 6.21e-03
1.92374e+00 6.32e-03
1.92390e+00 6.42e-03
1.92407e+00 6.54e-03
1.92425e+00 6.65e-03
1.92442e+00 6.77e-03
1.92458e+00 6.90e-03
1.92476e+00 7.03e-03
1.92493e+00 7.17e-03
1.92510e+00 7.31e-03
1.92527e+00 7.46e-03
1.92545e+00 7.62e-03
1.92562e+00 7.79e-03
1.92578e+00 7.96e-03
1.92596e+00 8.14e-03
1.92613e+00 8.34e-03
1.92630e+00 8.54e-03
1.92648e+00 8.76e-03
1.92664e+00 8.99e-03
1.92681e+00 9.23e-03
1.92699e+00 9.49e-03
1.92716e+00 9.76e-03
1.92734e+00 1.01e-02
1.92750e+00 1.04e-02
1.92767e+00 1.07e-02
1.92785e+00 1.11e-02
1.92802e+00 1.14e-02
1.92820e+00 1.18e-02
1.92837e+00 1.23e-02
1.92855e+00 1.28e-02
1.92871e+00 1.33e-02
1.92888e+00 1.39e-02
1.92905e+00 1.45e-02
1.92923e+00 1.52e-02
1.92940e+00 1.59e-02
1.92958e+00 1.67e-02
1.92975e+00 1.76e-02
1.92993e+00 1.86e-02
1.93009e+00 1.97e-02
1.93026e+00 2.09e-02
1.93043e+00 2.22e-02
1.93061e+00 2.36e-02
1.93078e+00 2.52e-02
1.93096e+00 2.70e-02
1.93113e+00 2.89e-02
1.93130e+00 3.09e-02
1.93148e+00 3.31e-02
1.93165e+00 3.53e-02
1.93183e+00 3.76e-02
1.93200e+00 3.98e-02
1.93217e+00 4.19e-02
1.93235e+00 4.38e-02
1.93252e+00 4.53e-02
1.93269e+00 4.64e-02
1.93287e+00 4.71e-02
1.93304e+00 4.75e-02
1.93322e+00 4.76e-02
1.93356e+00 4.75e-02
1.93374e+00 4.76e-02
1.93391e+00 4.79e-02
1.93408e+00 4.85e-02
1.93426e+00 4.95e-02
1.93443e+00 5.08e-02
1.93460e+00 5.26e-02
1.93478e+00 5.49e-02
1.93495e+00 5.76e-02
1.93514e+00 6.07e-02
1.93531e+00 6.41e-02
1.93548e+00 6.77e-02
1.93566e+00 7.12e-02
1.93583e+00 7.44e-02
1.93600e+00 7.70e-02
1.93618e+00 7.89e-02
1.93635e+00 7.98e-02
1.93652e+00 7.97e-02
1.93671e+00 7.88e-02
1.93688e+00 7.74e-02
1.93723e+00 7.38e-02
1.93740e+00 7.22e-02
1.93758e+00 7.10e-02
1.93776e+00 7.02e-02
1.93794e+00 6.97e-02
1.93811e+00 6.95e-02
1.93828e+00 6.94e-02
1.93845e+00 6.93e-02
1.93864e+00 6.88e-02
1.93881e+00 6.78e-02
1.93899e+00 6.61e-02
1.93916e+00 6.38e-02
1.93935e+00 6.10e-02
1.93952e+00 5.77e-02
1.93969e+00 5.42e-02
1.93986e+00 5.07e-02
1.94005e+00 4.72e-02
1.94022e+00 4.40e-02
1.94039e+00 4.10e-02
1.94057e+00 3.82e-02
1.94075e+00 3.58e-02
1.94093e+00 3.36e-02
1.94110e+00 3.16e-02
1.94129e+00 2.99e-02
1.94146e+00 2.84e-02
1.94163e+00 2.70e-02
1.94182e+00 2.58e-02
1.94199e+00 2.48e-02
1.94216e+00 2.39e-02
1.94235e+00 2.31e-02
1.94252e+00 2.24e-02
1.94269e+00 2.17e-02
1.94288e+00 2.12e-02
1.94305e+00 2.07e-02
1.94322e+00 2.02e-02
1.94341e+00 1.99e-02
1.94358e+00 1.95e-02
1.94376e+00 1.93e-02
1.94394e+00 1.90e-02
1.94411e+00 1.88e-02
1.94429e+00 1.86e-02
1.94447e+00 1.85e-02
1.94465e+00 1.84e-02
1.94482e+00 1.83e-02
1.94501e+00 1.82e-02
1.94518e+00 1.82e-02
1.94537e+00 1.81e-02
1.94554e+00 1.81e-02
1.94571e+00 1.82e-02
1.94590e+00 1.82e-02
1.94607e+00 1.83e-02
1.94625e+00 1.83e-02
1.94642e+00 1.84e-02
1.94661e+00 1.85e-02
1.94678e+00 1.86e-02
1.94697e+00 1.88e-02
1.94715e+00 1.89e-02
1.94732e+00 1.91e-02
1.94751e+00 1.93e-02
1.94768e+00 1.95e-02
1.94787e+00 1.97e-02
1.94804e+00 1.99e-02
1.94822e+00 2.02e-02
1.94839e+00 2.04e-02
1.94858e+00 2.07e-02
1.94876e+00 2.10e-02
1.94893e+00 2.13e-02
1.94912e+00 2.17e-02
1.94929e+00 2.20e-02
1.94948e+00 2.24e-02
1.94966e+00 2.28e-02
1.94983e+00 2.33e-02
1.95002e+00 2.37e-02
1.95020e+00 2.42e-02
1.95037e+00 2.48e-02
1.95056e+00 2.53e-02
1.95074e+00 2.60e-02
1.95091e+00 2.66e-02
1.95110e+00 2.73e-02
1.95128e+00 2.80e-02
1.95145e+00 2.88e-02
1.95164e+00 2.96e-02
1.95199e+00 3.13e-02
1.95218e+00 3.21e-02
1.95236e+00 3.30e-02
1.95255e+00 3.38e-02
1.95272e+00 3.45e-02
1.95290e+00 3.52e-02
1.95327e+00 3.65e-02
1.95344e+00 3.72e-02
1.95362e+00 3.79e-02
1.95381e+00 3.87e-02
1.95399e+00 3.95e-02
1.95418e+00 4.05e-02
1.95435e+00 4.15e-02
1.95453e+00 4.27e-02
1.95471e+00 4.39e-02
1.95490e+00 4.53e-02
1.95508e+00 4.68e-02
1.95527e+00 4.84e-02
1.95544e+00 5.01e-02
1.95562e+00 5.18e-02
1.95599e+00 5.55e-02
1.95636e+00 5.92e-02
1.95654e+00 6.11e-02
1.95672e+00 6.31e-02
1.95689e+00 6.53e-02
1.95708e+00 6.77e-02
1.95726e+00 7.03e-02
1.95744e+00 7.32e-02
1.95763e+00 7.65e-02
1.95781e+00 8.03e-02
1.95799e+00 8.45e-02
1.95818e+00 8.94e-02
1.95836e+00 9.48e-02
1.95854e+00 1.01e-01
1.95873e+00 1.08e-01
1.95891e+00 1.17e-01
1.95909e+00 1.26e-01
1.95928e+00 1.37e-01
1.95946e+00 1.51e-01
1.95964e+00 1.67e-01
1.95983e+00 1.85e-01
1.96001e+00 2.09e-01
1.96019e+00 2.37e-01
1.96038e+00 2.72e-01
1.96056e+00 3.17e-01
1.96074e+00 3.76e-01
1.96093e+00 4.53e-01
1.96111e+00 5.57e-01
1.96129e+00 7.02e-01
1.96149e+00 9.07e-01
1.96167e+00 1.22e+00
1.96185e+00 1.65e+00
1.96204e+00 2.25e+00
1.96222e+00 2.95e+00
1.96240e+00 3.42e+00
1.96258e+00 3.31e+00
1.96277e+00 2.72e+00
1.96296e+00 2.03e+00
1.96315e+00 1.49e+00
1.96333e+00 1.10e+00
1.96351e+00 8.30e-01
1.96369e+00 6.48e-01
1.96388e+00 5.19e-01
1.96407e+00 4.25e-01
1.96426e+00 3.55e-01
1.96444e+00 3.01e-01
1.96462e+00 2.60e-01
1.96482e+00 2.27e-01
1.96500e+00 2.01e-01
1.96518e+00 1.79e-01
1.96536e+00 1.61e-01
1.96556e+00 1.46e-01
1.96574e+00 1.34e-01
1.96592e+00 1.23e-01
1.96610e+00 1.14e-01
1.96630e+00 1.06e-01
1.96648e+00 9.88e-02
1.96666e+00 9.26e-02
1.96686e+00 8.71e-02
1.96704e+00 8.22e-02
1.96722e+00 7.79e-02
1.96742e+00 7.39e-02
1.96760e+00 7.03e-02
1.96778e+00 6.71e-02
1.96798e+00 6.41e-02
1.96816e+00 6.13e-02
1.96834e+00 5.88e-02
1.96854e+00 5.65e-02
1.96872e+00 5.43e-02
1.96891e+00 5.23e-02
1.96910e+00 5.04e-02
1.96928e+00 4.86e-02
1.96947e+00 4.69e-02
1.96965e+00 4.54e-02
1.96985e+00 4.39e-02
1.97003e+00 4.25e-02
1.97023e+00 4.12e-02
1.97041e+00 3.99e-02
1.97060e+00 3.87e-02
1.97078e+00 3.76e-02
1.97098e+00 3.65e-02
1.97116e+00 3.55e-02
1.97136e+00 3.45e-02
1.97154e+00 3.36e-02
1.97173e+00 3.27e-02
1.97191e+00 3.18e-02
1.97211e+00 3.10e-02
1.97229e+00 3.02e-02
1.97248e+00 2.94e-02
1.97266e+00 2.87e-02
1.97286e+00 2.80e-02
1.97305e+00 2.73e-02
1.97323e+00 2.67e-02
1.97343e+00 2.60e-02
1.97361e+00 2.54e-02
1.97380e+00 2.49e-02
1.97400e+00 2.43e-02
1.97418e+00 2.38e-02
1.97437e+00 2.32e-02
1.97457e+00 2.27e-02
1.97475e+00 2.23e-02
1.97494e+00 2.18e-02
1.97514e+00 2.13e-02
1.97532e+00 2.09e-02
1.97551e+00 2.05e-02
1.97570e+00 2.01e-02
1.97588e+00 1.97e-02
1.97608e+00 1.93e-02
1.97627e+00 1.89e-02
1.97645e+00 1.85e-02
1.97665e+00 1.82e-02
1.97684e+00 1.78e-02
1.97703e+00 1.75e-02
1.97721e+00 1.72e-02
1.97741e+00 1.69e-02
1.97760e+00 1.66e-02
1.97780e+00 1.63e-02
1.97799e+00 1.60e-02
1.97836e+00 1.54e-02
1.97875e+00 1.49e-02
1.97914e+00 1.44e-02
1.97951e+00 1.40e-02
1.97990e+00 1.35e-02
1.98028e+00 1.31e-02
1.98067e+00 1.27e-02
1.98106e+00 1.23e-02
1.98144e+00 1.20e-02
1.98181e+00 1.16e-02
1.98220e+00 1.13e-02
1.98259e+00 1.10e-02
1.98299e+00 1.07e-02
1.98337e+00 1.04e-02
1.98376e+00 1.01e-02
1.98414e+00 9.86e-03
1.98453e+00 9.61e-03
1.98491e+00 9.37e-03
1.98531e+00 9.14e-03
1.98569e+00 8.92e-03
1.98608e+00 8.70e-03
1.98648e+00 8.50e-03
1.98686e+00 8.30e-03
1.98724e+00 8.11e-03
1.98764e+00 7.93e-03
1.98803e+00 7.76e-03
1.98842e+00 7.59e-03
1.98882e+00 7.42e-03
1.98920e+00 7.27e-03
1.98960e+00 7.11e-03
1.99000e+00 6.97e-03
1.99038e+00 6.83e-03
1.99077e+00 6.69e-03
1.99117e+00 6.56e-03
1.99157e+00 6.43e-03
1.99196e+00 6.31e-03
1.99236e+00 6.19e-03
1.99274e+00 6.07e-03
1.99294e+00 6.02e-03
1.99313e+00 5.97e-03
1.99354e+00 5.87e-03
1.99394e+00 5.76e-03
1.99433e+00 5.66e-03
1.99473e+00 5.56e-03
1.99512e+00 5.47e-03
1.99552e+00 5.38e-03
1.99592e+00 5.29e-03
1.99632e+00 5.20e-03
1.99671e+00 5.12e-03
1.99712e+00 5.04e-03
1.99751e+00 4.96e-03
1.99792e+00 4.88e-03
1.99831e+00 4.81e-03
1.99872e+00 4.74e-03
1.99911e+00 4.67e-03
1.99952e+00 4.60e-03
1.99992e+00 4.54e-03
2.00032e+00 4.47e-03
2.00072e+00 4.41e-03
2.00113e+00 4.35e-03
2.00153e+00 4.30e-03
2.00194e+00 4.24e-03
2.00234e+00 4.18e-03
2.00274e+00 4.13e-03
2.00314e+00 4.08e-03
2.00356e+00 4.03e-03
2.00396e+00 3.98e-03
2.00417e+00 3.96e-03
2.00457e+00 3.92e-03
2.00497e+00 3.87e-03
2.00538e+00 3.83e-03
2.00558e+00 3.81e-03
2.00600e+00 3.77e-03
2.00640e+00 3.73e-03
2.00680e+00 3.69e-03
2.00722e+00 3.66e-03
2.00762e+00 3.62e-03
2.00804e+00 3.59e-03
2.00844e+00 3.55e-03
2.00886e+00 3.52e-03
2.00927e+00 3.49e-03
2.00968e+00 3.46e-03
2.01009e+00 3.43e-03
2.01051e+00 3.40e-03
2.01092e+00 3.37e-03
2.01134e+00 3.35e-03
2.01174e+00 3.32e-03
2.01215e+00 3.30e-03
2.01257e+00 3.27e-03
2.01298e+00 3.25e-03
2.01341e+00 3.23e-03
2.01382e+00 3.21e-03
2.01424e+00 3.19e-03
2.01465e+00 3.17e-03
2.01506e+00 3.15e-03
2.01549e+00 3.13e-03
2.01590e+00 3.12e-03
2.01632e+00 3.10e-03
2.01674e+00 3.09e-03
2.01715e+00 3.07e-03
2.01758e+00 3.06e-03
2.01800e+00 3.05e-03
2.01842e+00 3.04e-03
2.01884e+00 3.03e-03
2.01927e+00 3.02e-03
2.01968e+00 3.01e-03
2.02010e+00 3.00e-03
2.02053e+00 2.99e-03
2.02095e+00 2.99e-03
2.02138e+00 2.98e-03
2.02180e+00 2.98e-03
2.02222e+00 2.98e-03
2.02243e+00 2.98e-03
2.02414e+00 2.98e-03
2.02456e+00 2.98e-03
2.02500e+00 2.99e-03
2.02542e+00 2.99e-03
2.02586e+00 3.00e-03
2.02628e+00 3.01e-03
2.02671e+00 3.02e-03
2.02713e+00 3.03e-03
2.02757e+00 3.04e-03
2.02800e+00 3.05e-03
2.02844e+00 3.07e-03
2.02887e+00 3.08e-03
2.02929e+00 3.10e-03
2.02973e+00 3.12e-03
2.03016e+00 3.14e-03
2.03059e+00 3.17e-03
2.03104e+00 3.20e-03
2.03147e+00 3.22e-03
2.03190e+00 3.26e-03
2.03234e+00 3.29e-03
2.03278e+00 3.33e-03
2.03321e+00 3.37e-03
2.03365e+00 3.41e-03
2.03409e+00 3.46e-03
2.03452e+00 3.51e-03
2.03474e+00 3.53e-03
2.03519e+00 3.59e-03
2.03562e+00 3.64e-03
2.03606e+00 3.71e-03
2.03651e+00 3.77e-03
2.03695e+00 3.84e-03
2.03739e+00 3.92e-03
2.03784e+00 3.99e-03
2.03828e+00 4.08e-03
2.03872e+00 4.16e-03
2.03917e+00 4.25e-03
2.03961e+00 4.34e-03
2.04005e+00 4.43e-03
2.04049e+00 4.52e-03
2.04095e+00 4.61e-03
2.04139e+00 4.71e-03
2.04183e+00 4.80e-03
2.04228e+00 4.89e-03
2.04274e+00 4.98e-03
2.04318e+00 5.06e-03
2.04363e+00 5.14e-03
2.04409e+00 5.22e-03
2.04453e+00 5.29e-03
2.04498e+00 5.36e-03
2.04543e+00 5.42e-03
2.04588e+00 5.47e-03
2.04634e+00 5.52e-03
2.04679e+00 5.56e-03
2.04724e+00 5.60e-03
2.04771e+00 5.63e-03
2.04816e+00 5.66e-03
2.04861e+00 5.68e-03
2.04907e+00 5.71e-03
2.04952e+00 5.73e-03
2.04997e+00 5.75e-03
2.05044e+00 5.76e-03
2.05090e+00 5.78e-03
2.05135e+00 5.79e-03
2.05181e+00 5.79e-03
2.05204e+00 5.80e-03
2.05274e+00 5.79e-03
2.05320e+00 5.79e-03
2.05366e+00 5.78e-03
2.05412e+00 5.76e-03
2.05459e+00 5.73e-03
2.05505e+00 5.70e-03
2.05551e+00 5.67e-03
2.05598e+00 5.63e-03
2.05644e+00 5.58e-03
2.05691e+00 5.54e-03
2.05737e+00 5.49e-03
2.05785e+00 5.45e-03
2.05831e+00 5.40e-03
2.05878e+00 5.36e-03
2.05925e+00 5.32e-03
2.05972e+00 5.29e-03
2.06020e+00 5.26e-03
2.06067e+00 5.23e-03
2.06114e+00 5.21e-03
2.06161e+00 5.20e-03
2.06208e+00 5.19e-03
2.06232e+00 5.19e-03
2.06279e+00 5.19e-03
2.06326e+00 5.20e-03
2.06374e+00 5.21e-03
2.06421e+00 5.23e-03
2.06470e+00 5.25e-03
2.06517e+00 5.27e-03
2.06565e+00 5.30e-03
2.06613e+00 5.34e-03
2.06661e+00 5.37e-03
2.06709e+00 5.41e-03
2.06757e+00 5.45e-03
2.06805e+00 5.50e-03
2.06853e+00 5.54e-03
2.06901e+00 5.59e-03
2.06949e+00 5.64e-03
2.06998e+00 5.69e-03
2.07046e+00 5.75e-03
2.07096e+00 5.81e-03
2.07143e+00 5.87e-03
2.07193e+00 5.94e-03
2.07242e+00 6.01e-03
2.07290e+00 6.09e-03
2.07339e+00 6.17e-03
2.07388e+00 6.26e-03
2.07437e+00 6.35e-03
2.07486e+00 6.45e-03
2.07536e+00 6.56e-03
2.07585e+00 6.68e-03
2.07634e+00 6.80e-03
2.07684e+00 6.93e-03
2.07733e+00 7.07e-03
2.07783e+00 7.21e-03
2.07832e+00 7.37e-03
2.07857e+00 7.45e-03
2.07907e+00 7.62e-03
2.07957e+00 7.81e-03
2.08007e+00 8.00e-03
2.08057e+00 8.21e-03
2.08107e+00 8.43e-03
2.08131e+00 8.54e-03
2.08181e+00 8.79e-03
2.08231e+00 9.04e-03
2.08282e+00 9.32e-03
2.08332e+00 9.61e-03
2.08383e+00 9.92e-03
2.08433e+00 1.02e-02
2.08484e+00 1.06e-02
2.08535e+00 1.09e-02
2.08586e+00 1.13e-02
2.08636e+00 1.17e-02
2.08662e+00 1.19e-02
2.08712e+00 1.24e-02
2.08763e+00 1.28e-02
2.08814e+00 1.33e-02
2.08866e+00 1.38e-02
2.08917e+00 1.43e-02
2.08969e+00 1.48e-02
2.09020e+00 1.53e-02
2.09046e+00 1.56e-02
2.09072e+00 1.59e-02
2.09097e+00 1.62e-02
2.09123e+00 1.65e-02
2.09149e+00 1.68e-02
2.09175e+00 1.72e-02
2.09201e+00 1.75e-02
2.09227e+00 1.79e-02
2.09253e+00 1.83e-02
2.09279e+00 1.87e-02
2.09305e+00 1.91e-02
2.09331e+00 1.95e-02
2.09357e+00 2.00e-02
2.09383e+00 2.05e-02
2.09408e+00 2.11e-02
2.09434e+00 2.16e-02
2.09460e+00 2.22e-02
2.09487e+00 2.29e-02
2.09513e+00 2.36e-02
2.09539e+00 2.43e-02
2.09565e+00 2.51e-02
2.09592e+00 2.60e-02
2.09618e+00 2.69e-02
2.09643e+00 2.79e-02
2.09670e+00 2.90e-02
2.09696e+00 3.02e-02
2.09723e+00 3.14e-02
2.09749e+00 3.28e-02
2.09775e+00 3.42e-02
2.09802e+00 3.58e-02
2.09828e+00 3.75e-02
2.09855e+00 3.94e-02
2.09882e+00 4.13e-02
2.09907e+00 4.35e-02
2.09934e+00 4.57e-02
2.09960e+00 4.82e-02
2.09987e+00 5.08e-02
2.10014e+00 5.35e-02
2.10040e+00 5.64e-02
2.10066e+00 5.94e-02
2.10093e+00 6.25e-02
2.10146e+00 6.88e-02
2.10173e+00 7.19e-02
2.10200e+00 7.48e-02
2.10227e+00 7.76e-02
2.10254e+00 8.01e-02
2.10280e+00 8.21e-02
2.10307e+00 8.37e-02
2.10334e+00 8.47e-02
2.10361e+00 8.52e-02
2.10388e+00 8.49e-02
2.10415e+00 8.40e-02
2.10441e+00 8.26e-02
2.10468e+00 8.07e-02
2.10495e+00 7.83e-02
2.10522e+00 7.56e-02
2.10549e+00 7.26e-02
2.10577e+00 6.95e-02
2.10630e+00 6.31e-02
2.10657e+00 5.99e-02
2.10685e+00 5.68e-02
2.10712e+00 5.39e-02
2.10738e+00 5.10e-02
2.10766e+00 4.83e-02
2.10793e+00 4.58e-02
2.10820e+00 4.34e-02
2.10848e+00 4.12e-02
2.10875e+00 3.92e-02
2.10902e+00 3.72e-02
2.10929e+00 3.55e-02
2.10957e+00 3.38e-02
2.10985e+00 3.23e-02
2.11012e+00 3.09e-02
2.11040e+00 2.96e-02
2.11066e+00 2.84e-02
2.11094e+00 2.72e-02
2.11122e+00 2.62e-02
2.11150e+00 2.52e-02
2.11176e+00 2.43e-02
2.11204e+00 2.35e-02
2.11232e+00 2.27e-02
2.11260e+00 2.20e-02
2.11288e+00 2.14e-02
2.11315e+00 2.08e-02
2.11343e+00 2.02e-02
2.11371e+00 1.97e-02
2.11399e+00 1.92e-02
2.11427e+00 1.87e-02
2.11454e+00 1.83e-02
2.11482e+00 1.79e-02
2.11510e+00 1.75e-02
2.11538e+00 1.71e-02
2.11565e+00 1.68e-02
2.11593e+00 1.65e-02
2.11621e+00 1.62e-02
2.11650e+00 1.60e-02
2.11677e+00 1.57e-02
2.11705e+00 1.55e-02
2.11734e+00 1.53e-02
2.11762e+00 1.51e-02
2.11789e+00 1.49e-02
2.11818e+00 1.47e-02
2.11846e+00 1.46e-02
2.11875e+00 1.44e-02
2.11902e+00 1.43e-02
2.11931e+00 1.42e-02
2.11959e+00 1.40e-02
2.11988e+00 1.39e-02
2.12015e+00 1.38e-02
2.12044e+00 1.37e-02
2.12073e+00 1.37e-02
2.12100e+00 1.36e-02
2.12129e+00 1.35e-02
2.12158e+00 1.35e-02
2.12187e+00 1.34e-02
2.12243e+00 1.33e-02
2.12300e+00 1.33e-02
2.12358e+00 1.32e-02
2.12387e+00 1.32e-02
2.12444e+00 1.32e-02
2.12473e+00 1.32e-02
2.12530e+00 1.33e-02
2.12588e+00 1.33e-02
2.12646e+00 1.34e-02
2.12704e+00 1.35e-02
2.12761e+00 1.36e-02
2.12820e+00 1.37e-02
2.12878e+00 1.39e-02
2.12936e+00 1.41e-02
2.12996e+00 1.43e-02
2.13024e+00 1.44e-02
2.13054e+00 1.45e-02
2.13084e+00 1.47e-02
2.13113e+00 1.48e-02
2.13142e+00 1.49e-02
2.13171e+00 1.51e-02
2.13201e+00 1.53e-02
2.13231e+00 1.54e-02
2.13260e+00 1.56e-02
2.13290e+00 1.58e-02
2.13320e+00 1.61e-02
2.13349e+00 1.63e-02
2.13379e+00 1.65e-02
2.13408e+00 1.68e-02
2.13438e+00 1.71e-02
2.13468e+00 1.74e-02
2.13497e+00 1.78e-02
2.13528e+00 1.81e-02
2.13557e+00 1.86e-02
2.13587e+00 1.91e-02
2.13618e+00 1.97e-02
2.13647e+00 2.04e-02
2.13677e+00 2.13e-02
2.13707e+00 2.21e-02
2.13737e+00 2.28e-02
2.13768e+00 2.36e-02
2.13797e+00 2.47e-02
2.13828e+00 2.60e-02
2.13857e+00 2.77e-02
2.13888e+00 2.85e-02
2.13918e+00 2.85e-02
2.13948e+00 2.83e-02
2.13978e+00 2.88e-02
2.14009e+00 3.33e-02
2.14040e+00 6.07e-02
2.14070e+00 2.86e-01
2.14101e+00 1.51e-01
2.14130e+00 4.46e-02
2.14161e+00 3.09e-02
2.14191e+00 2.88e-02
2.14222e+00 2.89e-02
2.14253e+00 2.92e-02
2.14284e+00 2.90e-02
2.14314e+00 2.76e-02
2.14345e+00 2.62e-02
2.14375e+00 2.52e-02
2.14406e+00 2.44e-02
2.14437e+00 2.38e-02
2.14468e+00 2.32e-02
2.14498e+00 2.25e-02
2.14530e+00 2.19e-02
2.14560e+00 2.14e-02
2.14592e+00 2.10e-02
2.14622e+00 2.07e-02
2.14654e+00 2.05e-02
2.14684e+00 2.03e-02
2.14716e+00 2.02e-02
2.14747e+00 2.01e-02
2.14778e+00 2.00e-02
2.14809e+00 1.99e-02
2.14841e+00 1.99e-02
2.14903e+00 1.98e-02
2.14997e+00 1.98e-02
2.15091e+00 1.97e-02
2.15409e+00 1.97e-02
2.15537e+00 1.97e-02
2.15697e+00 1.96e-02
2.15762e+00 1.96e-02
2.15826e+00 1.95e-02
2.15891e+00 1.95e-02
2.15957e+00 1.95e-02
2.16021e+00 1.94e-02
2.16087e+00 1.94e-02
2.16153e+00 1.93e-02
2.16218e+00 1.93e-02
2.16284e+00 1.93e-02
2.16350e+00 1.92e-02
2.16416e+00 1.92e-02
2.16483e+00 1.91e-02
2.16548e+00 1.91e-02
2.16616e+00 1.90e-02
2.16682e+00 1.90e-02
2.16749e+00 1.89e-02
2.16816e+00 1.89e-02
2.16884e+00 1.88e-02
2.16951e+00 1.88e-02
2.17018e+00 1.87e-02
2.17086e+00 1.87e-02
2.17154e+00 1.86e-02
2.17223e+00 1.85e-02
2.17291e+00 1.85e-02
2.17359e+00 1.84e-02
2.17427e+00 1.84e-02
2.17497e+00 1.83e-02
2.17566e+00 1.83e-02
2.17635e+00 1.82e-02
2.17704e+00 1.82e-02
2.17774e+00 1.81e-02
2.17844e+00 1.81e-02
2.17914e+00 1.80e-02
2.17984e+00 1.80e-02
2.18054e+00 1.79e-02
2.18125e+00 1.79e-02
2.18195e+00 1.78e-02
2.18266e+00 1.78e-02
2.18337e+00 1.77e-02
2.18408e+00 1.77e-02
2.18480e+00 1.76e-02
2.18552e+00 1.75e-02
2.18624e+00 1.75e-02
2.18696e+00 1.74e-02
2.18768e+00 1.74e-02
2.18841e+00 1.74e-02
2.18914e+00 1.73e-02
2.18986e+00 1.73e-02
2.19060e+00 1.72e-02
2.19133e+00 1.72e-02
2.19207e+00 1.71e-02
2.19280e+00 1.71e-02
2.19354e+00 1.70e-02
2.19429e+00 1.70e-02
2.19503e+00 1.70e-02
2.19578e+00 1.69e-02
2.19652e+00 1.69e-02
2.19728e+00 1.68e-02
2.19804e+00 1.68e-02
2.19879e+00 1.67e-02
2.19954e+00 1.67e-02
2.20031e+00 1.67e-02
2.20107e+00 1.66e-02
2.20184e+00 1.66e-02
2.20260e+00 1.65e-02
2.20337e+00 1.65e-02
2.20415e+00 1.65e-02
2.20492e+00 1.64e-02
2.20569e+00 1.64e-02
2.20647e+00 1.64e-02
2.20725e+00 1.63e-02
2.20804e+00 1.63e-02
2.20882e+00 1.63e-02
2.20961e+00 1.62e-02
2.21040e+00 1.62e-02
2.21120e+00 1.61e-02
2.21200e+00 1.61e-02
2.21280e+00 1.61e-02
2.21360e+00 1.60e-02
2.21441e+00 1.60e-02
2.21522e+00 1.60e-02
2.21602e+00 1.59e-02
2.21684e+00 1.59e-02
2.21766e+00 1.59e-02
2.21847e+00 1.58e-02
2.21930e+00 1.58e-02
2.22013e+00 1.58e-02
2.22095e+00 1.57e-02
2.22178e+00 1.57e-02
2.22261e+00 1.56e-02
2.22346e+00 1.56e-02
2.22429e+00 1.56e-02
2.22513e+00 1.55e-02
2.22597e+00 1.55e-02
2.22683e+00 1.55e-02
2.22768e+00 1.54e-02
2.22853e+00 1.54e-02
2.22939e+00 1.54e-02
2.23025e+00 1.53e-02
2.23111e+00 1.53e-02
2.23198e+00 1.53e-02
2.23285e+00 1.52e-02
2.23373e+00 1.52e-02
2.23461e+00 1.52e-02
2.23548e+00 1.51e-02
2.23637e+00 1.51e-02
2.23726e+00 1.51e-02
2.23815e+00 1.50e-02
2.23904e+00 1.50e-02
2.23994e+00 1.50e-02
2.24084e+00 1.49e-02
2.24175e+00 1.49e-02
2.24265e+00 1.49e-02
2.24357e+00 1.49e-02
2.24449e+00 1.48e-02
2.24540e+00 1.48e-02
2.24633e+00 1.48e-02
2.24725e+00 1.47e-02
2.24818e+00 1.47e-02
2.24912e+00 1.47e-02
2.25006e+00 1.46e-02
2.25101e+00 1.46e-02
2.25434e+00 1.46e-02
2.25723e+00 1.46e-02
2.25820e+00 1.45e-02
2.25919e+00 1.45e-02
2.26017e+00 1.44e-02
2.26116e+00 1.43e-02
2.26215e+00 1.43e-02
2.26315e+00 1.42e-02
2.26415e+00 1.41e-02
2.26515e+00 1.41e-02
2.26616e+00 1.40e-02
2.26718e+00 1.40e-02
2.26820e+00 1.40e-02
2.26922e+00 1.39e-02
2.27026e+00 1.39e-02
2.27129e+00 1.38e-02
2.27233e+00 1.38e-02
2.27337e+00 1.38e-02
2.27442e+00 1.37e-02
2.27548e+00 1.37e-02
2.27654e+00 1.37e-02
2.27761e+00 1.36e-02
2.27868e+00 1.36e-02
2.27976e+00 1.36e-02
2.28084e+00 1.35e-02
2.28193e+00 1.35e-02
2.28303e+00 1.35e-02
2.28413e+00 1.34e-02
2.28523e+00 1.34e-02
2.28634e+00 1.34e-02
2.28746e+00 1.33e-02
2.28858e+00 1.33e-02
2.28971e+00 1.33e-02
2.29085e+00 1.33e-02
2.29199e+00 1.33e-02
2.29604e+00 1.32e-02
2.29721e+00 1.32e-02
2.29839e+00 1.33e-02
2.29898e+00 1.33e-02
2.29958e+00 1.33e-02
2.30017e+00 1.33e-02
2.30077e+00 1.34e-02
2.30136e+00 1.35e-02
2.30197e+00 1.36e-02
2.30318e+00 1.38e-02
2.30378e+00 1.39e-02
2.30438e+00 1.41e-02
2.30498e+00 1.42e-02
2.30618e+00 1.46e-02
2.30688e+00 1.47e-02
2.30747e+00 1.48e-02
2.30807e+00 1.48e-02
2.30867e+00 1.46e-02
2.30996e+00 1.39e-02
2.31055e+00 1.38e-02
2.31125e+00 1.38e-02
2.31184e+00 1.41e-02
2.31244e+00 1.44e-02
2.31313e+00 1.46e-02
2.31372e+00 1.46e-02
2.31441e+00 1.45e-02
2.31501e+00 1.43e-02
2.31629e+00 1.38e-02
2.31698e+00 1.36e-02
2.31757e+00 1.34e-02
2.31826e+00 1.33e-02
2.31895e+00 1.31e-02
2.31954e+00 1.30e-02
2.32023e+00 1.28e-02
2.32092e+00 1.27e-02
2.32160e+00 1.26e-02
2.32219e+00 1.26e-02
2.32288e+00 1.25e-02
2.32356e+00 1.24e-02
2.32493e+00 1.23e-02
2.32630e+00 1.23e-02
2.32767e+00 1.22e-02
2.32903e+00 1.21e-02
2.33039e+00 1.21e-02
2.33185e+00 1.20e-02
2.33321e+00 1.20e-02
2.33466e+00 1.19e-02
2.33612e+00 1.19e-02
2.33747e+00 1.18e-02
2.33901e+00 1.18e-02
2.34046e+00 1.17e-02
2.34190e+00 1.17e-02
2.34344e+00 1.16e-02
2.34488e+00 1.16e-02
2.34641e+00 1.16e-02
2.34794e+00 1.15e-02
2.34947e+00 1.15e-02
2.35099e+00 1.14e-02
2.35261e+00 1.14e-02
2.35413e+00 1.14e-02
2.35575e+00 1.14e-02
2.35650e+00 1.13e-02
2.35982e+00 1.13e-02
2.36142e+00 1.13e-02
2.36227e+00 1.13e-02
2.36396e+00 1.13e-02
2.36556e+00 1.12e-02
2.36734e+00 1.12e-02
2.36903e+00 1.11e-02
2.37071e+00 1.11e-02
2.37248e+00 1.10e-02
2.37425e+00 1.10e-02
2.37602e+00 1.09e-02
2.37788e+00 1.09e-02
2.37964e+00 1.09e-02
2.38149e+00 1.08e-02
2.38334e+00 1.08e-02
2.38527e+00 1.07e-02
2.38711e+00 1.07e-02
2.38904e+00 1.06e-02
2.39096e+00 1.06e-02
2.39297e+00 1.05e-02
2.39498e+00 1.05e-02
2.39699e+00 1.04e-02
2.39899e+00 1.04e-02
2.40107e+00 1.03e-02
2.40315e+00 1.03e-02
2.40532e+00 1.02e-02
2.40740e+00 1.02e-02
2.40964e+00 1.01e-02
2.41180e+00 1.01e-02
2.41404e+00 1.00e-02
2.41627e+00 9.96e-03
2.41859e+00 9.90e-03
2.42090e+00 9.85e-03
2.42330e+00 9.79e-03
2.42569e+00 9.73e-03
2.42816e+00 9.67e-03
2.43063e+00 9.61e-03
2.43317e+00 9.55e-03
2.43572e+00 9.49e-03
2.43825e+00 9.43e-03
2.44095e+00 9.36e-03
2.44365e+00 9.30e-03
2.44634e+00 9.23e-03
2.44911e+00 9.17e-03
2.45195e+00 9.10e-03
2.45488e+00 9.03e-03
2.45779e+00 8.97e-03
2.46087e+00 8.90e-03
2.46394e+00 8.84e-03
2.46708e+00 8.77e-03
2.47022e+00 8.70e-03
2.47351e+00 8.63e-03
2.47687e+00 8.56e-03
2.48031e+00 8.49e-03
2.48382e+00 8.41e-03
2.48740e+00 8.33e-03
2.49114e+00 8.26e-03
2.49494e+00 8.17e-03
2.49881e+00 8.09e-03
2.50283e+00 8.00e-03
2.50699e+00 7.92e-03
2.51122e+00 7.84e-03
2.51568e+00 7.76e-03
2.52019e+00 7.67e-03
2.52493e+00 7.58e-03
2.52980e+00 7.49e-03
2.53481e+00 7.39e-03
2.54010e+00 7.29e-03
2.54561e+00 7.19e-03
2.55132e+00 7.08e-03
2.55730e+00 6.98e-03
2.56364e+00 6.87e-03
2.57024e+00 6.76e-03
2.57726e+00 6.64e-03
2.58475e+00 6.51e-03
2.59264e+00 6.38e-03
2.60113e+00 6.23e-03
2.61029e+00 6.10e-03
2.61513e+00 6.02e-03
2.62024e+00 5.95e-03
2.62554e+00 5.87e-03
2.63110e+00 5.78e-03
2.63698e+00 5.70e-03
2.64319e+00 5.60e-03
2.64971e+00 5.50e-03
2.65669e+00 5.41e-03
2.66410e+00 5.31e-03
2.67215e+00 5.20e-03
2.68082e+00 5.09e-03
2.69029e+00 4.96e-03
2.71231e+00 4.69e-03
2.72543e+00 4.53e-03
2.74065e+00 4.35e-03
2.75874e+00 4.16e-03
2.78130e+00 3.92e-03
2.81151e+00 3.62e-03
2.85859e+00 3.19e-03
2.99573e+00 2.21e-03
