# OPACITY Project tables
-2.61515e+00 3.30e+00
-2.27341e+00 1.14e+00
-2.07433e+00 6.12e-01
-1.93351e+00 3.95e-01
-1.82455e+00 2.82e-01
-1.73574e+00 2.14e-01
-1.66078e+00 1.70e-01
-1.59603e+00 1.39e-01
-1.53898e+00 1.16e-01
-1.48802e+00 9.93e-02
-1.44198e+00 8.60e-02
-1.40003e+00 7.55e-02
-1.36148e+00 6.70e-02
-1.32584e+00 6.01e-02
-1.29269e+00 5.43e-02
-1.26174e+00 4.93e-02
-1.23268e+00 4.51e-02
-1.20531e+00 4.14e-02
-1.17944e+00 3.83e-02
-1.15493e+00 3.55e-02
-1.13165e+00 3.31e-02
-1.10945e+00 3.11e-02
-1.08827e+00 2.91e-02
-1.06799e+00 2.74e-02
-1.04857e+00 2.58e-02
-1.02994e+00 2.44e-02
-1.01200e+00 2.35e-02
-9.94739e-01 2.23e-02
-9.78086e-01 2.13e-02
-9.62021e-01 2.03e-02
-9.46492e-01 1.96e-02
-9.16916e-01 1.82e-02
-9.02807e-01 1.75e-02
-8.89113e-01 1.69e-02
-8.75797e-01 1.64e-02
-8.62868e-01 1.59e-02
-8.50292e-01 1.55e-02
-8.38057e-01 1.51e-02
-8.26130e-01 1.47e-02
-8.14502e-01 1.46e-02
-8.03185e-01 1.43e-02
-7.92106e-01 1.39e-02
-7.81301e-01 1.36e-02
-7.60420e-01 1.29e-02
-7.50331e-01 1.26e-02
-7.40469e-01 1.23e-02
-7.30787e-01 1.22e-02
-7.21320e-01 1.18e-02
-7.12045e-01 1.16e-02
-7.02955e-01 1.15e-02
-6.94048e-01 1.13e-02
-6.85298e-01 1.12e-02
-6.76723e-01 1.12e-02
-6.60041e-01 1.12e-02
-6.51909e-01 1.12e-02
-6.43938e-01 1.11e-02
-6.36087e-01 1.11e-02
-6.28390e-01 1.10e-02
-6.20808e-01 1.09e-02
-6.13357e-01 1.06e-02
-6.06016e-01 1.03e-02
-5.98801e-01 1.00e-02
-5.91692e-01 9.72e-03
-5.84687e-01 9.37e-03
-5.77803e-01 9.08e-03
-5.71018e-01 8.83e-03
-5.64314e-01 8.62e-03
-5.57725e-01 8.49e-03
-5.51231e-01 8.32e-03
-5.44831e-01 8.12e-03
-5.38505e-01 7.88e-03
-5.32288e-01 7.75e-03
-5.26142e-01 7.76e-03
-5.20085e-01 7.93e-03
-5.14098e-01 7.93e-03
-5.08196e-01 7.82e-03
-5.02362e-01 8.63e-03
-4.96610e-01 8.86e-03
-4.90925e-01 7.53e-03
-4.85320e-01 7.27e-03
-4.79779e-01 7.10e-03
-4.74301e-01 6.73e-03
-4.68884e-01 6.36e-03
-4.63545e-01 6.25e-03
-4.58265e-01 6.16e-03
-4.53044e-01 6.06e-03
-4.47882e-01 5.98e-03
-4.42778e-01 5.84e-03
-4.37730e-01 5.63e-03
-4.32739e-01 5.55e-03
-4.27803e-01 5.39e-03
-4.22922e-01 5.36e-03
-4.18095e-01 5.30e-03
-4.13321e-01 5.16e-03
-4.08585e-01 5.08e-03
-4.03901e-01 5.02e-03
-3.99284e-01 4.97e-03
-3.94688e-01 4.94e-03
-3.90158e-01 4.98e-03
-3.85662e-01 4.84e-03
-3.81216e-01 4.81e-03
-3.76819e-01 4.87e-03
-3.72456e-01 4.75e-03
-3.68126e-01 4.77e-03
-3.63858e-01 4.84e-03
-3.59622e-01 4.64e-03
-3.55419e-01 4.60e-03
-3.51261e-01 4.55e-03
-3.47135e-01 4.52e-03
-3.43054e-01 4.49e-03
-3.39003e-01 4.45e-03
-3.34997e-01 4.41e-03
-3.31021e-01 4.42e-03
-3.27088e-01 4.42e-03
-3.23185e-01 4.35e-03
-3.19310e-01 4.37e-03
-3.15464e-01 4.28e-03
-3.11661e-01 4.25e-03
-3.07885e-01 4.14e-03
-3.04150e-01 4.09e-03
-3.00430e-01 4.03e-03
-2.96750e-01 4.01e-03
-2.93097e-01 3.97e-03
-2.89484e-01 3.94e-03
-2.85884e-01 3.91e-03
-2.82323e-01 3.86e-03
-2.78788e-01 3.81e-03
-2.75279e-01 3.75e-03
-2.71796e-01 3.73e-03
-2.68350e-01 3.73e-03
-2.64917e-01 3.70e-03
-2.61521e-01 3.65e-03
-2.58149e-01 3.60e-03
-2.54802e-01 3.59e-03
-2.51466e-01 3.81e-03
-2.48167e-01 3.75e-03
-2.44891e-01 3.74e-03
-2.41639e-01 3.73e-03
-2.38409e-01 3.63e-03
-2.35203e-01 3.56e-03
-2.32020e-01 3.51e-03
-2.28860e-01 3.47e-03
-2.25722e-01 3.44e-03
-2.22606e-01 3.41e-03
-2.19513e-01 3.39e-03
-2.16441e-01 3.37e-03
-2.10363e-01 3.28e-03
-2.07344e-01 3.25e-03
-2.04359e-01 3.30e-03
-2.01382e-01 3.49e-03
-1.98439e-01 3.45e-03
-1.95504e-01 3.43e-03
-1.92590e-01 3.39e-03
-1.89697e-01 3.34e-03
-1.86824e-01 3.30e-03
-1.83971e-01 3.27e-03
-1.81126e-01 3.24e-03
-1.78314e-01 3.22e-03
-1.75509e-01 3.20e-03
-1.72724e-01 3.18e-03
-1.67200e-01 3.14e-03
-1.61755e-01 3.10e-03
-1.59054e-01 3.08e-03
-1.53699e-01 3.02e-03
-1.48407e-01 2.96e-03
-1.43189e-01 2.91e-03
-1.40596e-01 2.89e-03
-1.38021e-01 2.88e-03
-1.32914e-01 2.88e-03
-1.30382e-01 2.87e-03
-1.27867e-01 2.84e-03
-1.22868e-01 2.75e-03
-1.20395e-01 2.72e-03
-1.17928e-01 2.70e-03
-1.15489e-01 2.71e-03
-1.13057e-01 2.71e-03
-1.10630e-01 2.70e-03
-1.08220e-01 2.69e-03
-1.05827e-01 2.65e-03
-1.03440e-01 2.60e-03
-1.01070e-01 2.56e-03
-9.87160e-02 2.55e-03
-9.63788e-02 2.61e-03
-9.40360e-02 2.57e-03
-9.17206e-02 2.52e-03
-8.94106e-02 2.51e-03
-8.71168e-02 2.52e-03
-8.48283e-02 2.47e-03
-8.25559e-02 2.38e-03
-8.02994e-02 2.33e-03
-7.80480e-02 2.53e-03
-7.58125e-02 2.50e-03
-7.13671e-02 2.45e-03
-6.91679e-02 2.42e-03
-6.69735e-02 2.39e-03
-6.47839e-02 2.37e-03
-6.26097e-02 2.36e-03
-6.04509e-02 2.33e-03
-5.82967e-02 2.29e-03
-5.61577e-02 2.26e-03
-5.40233e-02 2.32e-03
-5.19040e-02 2.30e-03
-4.97997e-02 2.28e-03
-4.56042e-02 2.24e-03
-4.14576e-02 2.21e-03
-3.73385e-02 2.18e-03
-3.32673e-02 2.15e-03
-2.92229e-02 2.12e-03
-2.52255e-02 2.09e-03
-2.12543e-02 2.06e-03
-1.73293e-02 2.04e-03
-1.34298e-02 2.01e-03
-9.56560e-03 1.99e-03
-5.73642e-03 1.96e-03
-1.94188e-03 1.94e-03
-5.00013e-05 1.93e-03
1.79838e-03 1.92e-03
5.58438e-03 1.89e-03
9.25702e-03 1.87e-03
1.11377e-02 1.86e-03
1.29162e-02 1.85e-03
1.65621e-02 1.83e-03
2.01947e-02 1.81e-03
2.38142e-02 1.79e-03
2.73233e-02 1.77e-03
3.08201e-02 1.75e-03
3.43048e-02 1.73e-03
3.60426e-02 1.72e-03
3.95091e-02 1.70e-03
4.29637e-02 1.69e-03
4.64064e-02 1.67e-03
4.97421e-02 1.65e-03
5.30667e-02 1.63e-03
5.64748e-02 1.62e-03
5.97772e-02 1.60e-03
6.29748e-02 1.59e-03
6.62558e-02 1.57e-03
6.95261e-02 1.55e-03
7.11106e-02 1.55e-03
7.26927e-02 1.54e-03
7.58493e-02 1.52e-03
7.90884e-02 1.51e-03
8.22249e-02 1.50e-03
8.52598e-02 1.48e-03
8.83771e-02 1.47e-03
9.14847e-02 1.46e-03
9.30349e-02 1.45e-03
9.60372e-02 1.43e-03
9.90305e-02 1.42e-03
1.02015e-01 1.41e-03
1.05080e-01 1.40e-03
1.07957e-01 1.38e-03
1.09482e-01 1.38e-03
1.12435e-01 1.37e-03
1.15291e-01 1.35e-03
1.18227e-01 1.34e-03
1.21067e-01 1.33e-03
1.23898e-01 1.32e-03
1.26809e-01 1.31e-03
1.29624e-01 1.30e-03
1.31028e-01 1.29e-03
1.33831e-01 1.28e-03
1.36539e-01 1.27e-03
1.39327e-01 1.26e-03
1.40718e-01 1.26e-03
1.43407e-01 1.25e-03
1.46176e-01 1.23e-03
1.48851e-01 1.22e-03
1.50229e-01 1.22e-03
1.51519e-01 1.22e-03
1.54179e-01 1.21e-03
1.56833e-01 1.20e-03
1.59479e-01 1.19e-03
1.62119e-01 1.18e-03
1.63394e-01 1.17e-03
1.64751e-01 1.17e-03
1.67293e-01 1.16e-03
1.69912e-01 1.15e-03
1.72440e-01 1.14e-03
1.74961e-01 1.13e-03
1.77477e-01 1.12e-03
1.80069e-01 1.12e-03
1.82572e-01 1.11e-03
1.84985e-01 1.10e-03
1.87475e-01 1.09e-03
1.89959e-01 1.08e-03
1.92437e-01 1.08e-03
1.94826e-01 1.07e-03
1.97292e-01 1.06e-03
1.99670e-01 1.05e-03
2.02042e-01 1.05e-03
2.04409e-01 1.04e-03
2.06770e-01 1.03e-03
2.09126e-01 1.02e-03
2.11476e-01 1.02e-03
2.13820e-01 1.01e-03
2.16159e-01 1.00e-03
2.18493e-01 9.97e-04
2.20741e-01 9.90e-04
2.23064e-01 9.83e-04
2.25301e-01 9.77e-04
2.27614e-01 9.70e-04
2.29841e-01 9.64e-04
2.32064e-01 9.57e-04
2.34281e-01 9.51e-04
2.36494e-01 9.45e-04
2.38702e-01 9.39e-04
2.40905e-01 9.33e-04
2.43103e-01 9.27e-04
2.45296e-01 9.21e-04
2.47407e-01 9.15e-04
2.49591e-01 9.09e-04
2.51692e-01 9.03e-04
2.52780e-01 9.08e-04
2.54875e-01 9.02e-04
2.57042e-01 8.97e-04
2.59128e-01 8.91e-04
2.61210e-01 8.86e-04
2.63287e-01 8.80e-04
2.65360e-01 8.75e-04
2.67428e-01 8.70e-04
2.69493e-01 8.65e-04
2.71553e-01 8.59e-04
2.73609e-01 8.54e-04
2.75660e-01 8.49e-04
2.77632e-01 8.44e-04
2.79675e-01 8.39e-04
2.81639e-01 8.34e-04
2.83674e-01 8.30e-04
2.85630e-01 8.25e-04
2.87582e-01 8.20e-04
2.89605e-01 8.16e-04
2.91550e-01 8.11e-04
2.93490e-01 8.06e-04
2.95427e-01 8.02e-04
2.97360e-01 7.97e-04
2.99289e-01 7.93e-04
3.01215e-01 7.88e-04
3.03137e-01 7.84e-04
3.04982e-01 7.80e-04
3.06896e-01 7.75e-04
3.08807e-01 7.71e-04
3.10641e-01 7.67e-04
3.12545e-01 7.63e-04
3.14373e-01 7.58e-04
3.16270e-01 7.54e-04
3.18090e-01 7.50e-04
3.19907e-01 7.46e-04
3.21794e-01 7.42e-04
3.23604e-01 7.39e-04
3.25411e-01 7.35e-04
3.27215e-01 7.31e-04
3.29016e-01 7.27e-04
3.30813e-01 7.23e-04
3.32608e-01 7.20e-04
3.34399e-01 7.16e-04
3.36115e-01 7.12e-04
3.37900e-01 7.09e-04
3.39681e-01 7.05e-04
3.41389e-01 7.02e-04
3.43164e-01 6.98e-04
3.44936e-01 6.94e-04
3.46635e-01 6.91e-04
3.48330e-01 6.88e-04
3.50093e-01 6.84e-04
3.51783e-01 6.81e-04
3.53470e-01 6.77e-04
3.55224e-01 6.74e-04
3.56905e-01 6.71e-04
3.58583e-01 6.68e-04
3.60259e-01 6.64e-04
3.61931e-01 6.61e-04
3.63601e-01 6.58e-04
3.65268e-01 6.55e-04
3.66932e-01 6.52e-04
3.68594e-01 6.49e-04
3.70183e-01 6.46e-04
3.71839e-01 6.43e-04
3.73493e-01 6.40e-04
3.75075e-01 6.37e-04
3.76723e-01 6.34e-04
3.78299e-01 6.31e-04
3.79942e-01 6.28e-04
3.81514e-01 6.25e-04
3.83151e-01 6.22e-04
3.84718e-01 6.19e-04
3.86282e-01 6.17e-04
3.87912e-01 6.14e-04
3.89471e-01 6.11e-04
3.91028e-01 6.08e-04
3.92582e-01 6.05e-04
3.94134e-01 6.03e-04
3.95684e-01 6.00e-04
3.97231e-01 5.97e-04
3.98776e-01 5.95e-04
4.00319e-01 5.92e-04
4.01859e-01 5.90e-04
4.03396e-01 5.87e-04
4.04932e-01 5.85e-04
4.06465e-01 5.82e-04
4.07929e-01 5.79e-04
4.09457e-01 5.77e-04
4.10983e-01 5.75e-04
4.12441e-01 5.72e-04
4.13962e-01 5.70e-04
4.15415e-01 5.67e-04
4.16932e-01 5.65e-04
4.18381e-01 5.62e-04
4.19828e-01 5.60e-04
4.21338e-01 5.58e-04
4.22781e-01 5.55e-04
4.24221e-01 5.53e-04
4.25725e-01 5.51e-04
4.27161e-01 5.48e-04
4.28596e-01 5.46e-04
4.30028e-01 5.44e-04
4.31458e-01 5.42e-04
4.32886e-01 5.39e-04
4.34312e-01 5.37e-04
4.35736e-01 5.35e-04
4.37158e-01 5.33e-04
4.38577e-01 5.31e-04
4.39995e-01 5.29e-04
4.41411e-01 5.27e-04
4.42761e-01 5.25e-04
4.44173e-01 5.23e-04
4.45583e-01 5.21e-04
4.46927e-01 5.19e-04
4.48333e-01 5.16e-04
4.49737e-01 5.15e-04
4.51076e-01 5.13e-04
4.52476e-01 5.11e-04
4.53811e-01 5.09e-04
4.55207e-01 5.07e-04
4.56538e-01 5.05e-04
4.57931e-01 5.03e-04
4.59259e-01 5.01e-04
4.60584e-01 4.99e-04
4.61971e-01 4.97e-04
4.63294e-01 4.95e-04
4.64614e-01 4.93e-04
4.65933e-01 4.91e-04
4.67250e-01 4.90e-04
4.68565e-01 4.88e-04
4.69941e-01 4.86e-04
4.71253e-01 4.84e-04
4.72563e-01 4.82e-04
4.73871e-01 4.81e-04
4.75178e-01 4.79e-04
4.76420e-01 4.77e-04
4.77724e-01 4.75e-04
4.79025e-01 4.74e-04
4.80325e-01 4.72e-04
4.81623e-01 4.70e-04
4.82920e-01 4.69e-04
4.84153e-01 4.67e-04
4.85446e-01 4.65e-04
4.86738e-01 4.64e-04
4.87966e-01 4.62e-04
4.89255e-01 4.60e-04
4.90480e-01 4.59e-04
4.91765e-01 4.57e-04
4.93049e-01 4.56e-04
4.94269e-01 4.54e-04
4.95489e-01 4.52e-04
4.96767e-01 4.51e-04
4.97984e-01 4.49e-04
4.99259e-01 4.48e-04
5.00472e-01 4.46e-04
5.01684e-01 4.45e-04
5.02955e-01 4.43e-04
5.04163e-01 4.42e-04
5.05371e-01 4.40e-04
5.06577e-01 4.39e-04
5.07781e-01 4.37e-04
5.09044e-01 4.36e-04
5.10245e-01 4.34e-04
5.11445e-01 4.33e-04
5.12644e-01 4.31e-04
5.13841e-01 4.30e-04
5.15037e-01 4.28e-04
5.16231e-01 4.27e-04
5.17424e-01 4.26e-04
5.18615e-01 4.24e-04
5.19746e-01 4.23e-04
5.20934e-01 4.21e-04
5.22122e-01 4.20e-04
5.23307e-01 4.19e-04
5.24492e-01 4.17e-04
5.25616e-01 4.16e-04
5.26797e-01 4.15e-04
5.27978e-01 4.13e-04
5.29157e-01 4.12e-04
5.30275e-01 4.11e-04
5.31451e-01 4.09e-04
5.32568e-01 4.08e-04
5.33741e-01 4.07e-04
5.34855e-01 4.05e-04
5.36025e-01 4.04e-04
5.37136e-01 4.03e-04
5.38305e-01 4.01e-04
5.39413e-01 4.00e-04
5.40579e-01 3.99e-04
5.41685e-01 3.98e-04
5.42789e-01 3.96e-04
5.43951e-01 3.95e-04
5.45053e-01 3.94e-04
5.46154e-01 3.93e-04
5.47312e-01 3.91e-04
5.48410e-01 3.90e-04
5.49508e-01 3.89e-04
5.50604e-01 3.88e-04
5.51699e-01 3.87e-04
5.52850e-01 3.86e-04
5.53943e-01 3.84e-04
5.55034e-01 3.83e-04
5.56124e-01 3.82e-04
5.57213e-01 3.81e-04
5.58301e-01 3.80e-04
5.59387e-01 3.79e-04
5.60473e-01 3.78e-04
5.61557e-01 3.76e-04
5.62640e-01 3.75e-04
5.63722e-01 3.74e-04
5.64745e-01 3.73e-04
5.65825e-01 3.72e-04
5.66903e-01 3.71e-04
5.67981e-01 3.70e-04
5.69057e-01 3.69e-04
5.70075e-01 3.68e-04
5.71149e-01 3.67e-04
5.72222e-01 3.66e-04
5.73293e-01 3.65e-04
5.74307e-01 3.63e-04
5.75377e-01 3.62e-04
5.76445e-01 3.61e-04
5.77456e-01 3.60e-04
5.78522e-01 3.59e-04
5.79530e-01 3.58e-04
5.80594e-01 3.57e-04
5.81601e-01 3.56e-04
5.82662e-01 3.55e-04
5.83667e-01 3.54e-04
5.84726e-01 3.53e-04
5.85729e-01 3.52e-04
5.86786e-01 3.51e-04
5.87787e-01 3.50e-04
5.88786e-01 3.49e-04
5.89840e-01 3.48e-04
5.90838e-01 3.47e-04
5.91834e-01 3.46e-04
5.92885e-01 3.46e-04
5.93879e-01 3.45e-04
5.94873e-01 3.44e-04
5.95865e-01 3.43e-04
5.96857e-01 3.42e-04
5.97902e-01 3.41e-04
5.98891e-01 3.40e-04
5.99880e-01 3.39e-04
6.00867e-01 3.38e-04
6.01854e-01 3.37e-04
6.02839e-01 3.36e-04
6.03824e-01 3.35e-04
6.04808e-01 3.35e-04
6.05790e-01 3.34e-04
6.06772e-01 3.33e-04
6.07753e-01 3.32e-04
6.08732e-01 3.31e-04
6.09711e-01 3.30e-04
6.10689e-01 3.29e-04
6.11666e-01 3.28e-04
6.12642e-01 3.28e-04
6.13617e-01 3.27e-04
6.14591e-01 3.26e-04
6.15510e-01 3.25e-04
6.16482e-01 3.24e-04
6.17453e-01 3.23e-04
6.18424e-01 3.23e-04
6.19339e-01 3.22e-04
6.20308e-01 3.21e-04
6.21275e-01 3.20e-04
6.22242e-01 3.19e-04
6.23154e-01 3.18e-04
6.24119e-01 3.18e-04
6.25082e-01 3.17e-04
6.25992e-01 3.16e-04
6.26954e-01 3.15e-04
6.27862e-01 3.15e-04
6.28822e-01 3.14e-04
6.29728e-01 3.13e-04
6.30686e-01 3.12e-04
6.31591e-01 3.11e-04
6.32548e-01 3.11e-04
6.33450e-01 3.10e-04
6.34405e-01 3.09e-04
6.35306e-01 3.08e-04
6.36259e-01 3.08e-04
6.37159e-01 3.07e-04
6.38110e-01 3.06e-04
6.39008e-01 3.05e-04
6.39905e-01 3.05e-04
6.40853e-01 3.04e-04
6.41749e-01 3.03e-04
6.42643e-01 3.02e-04
6.43537e-01 3.02e-04
6.44482e-01 3.01e-04
6.45374e-01 3.00e-04
6.46265e-01 3.00e-04
6.47156e-01 2.99e-04
6.48098e-01 2.98e-04
6.48986e-01 2.97e-04
6.49874e-01 2.97e-04
6.50761e-01 2.96e-04
6.51648e-01 2.95e-04
6.52533e-01 2.95e-04
6.53418e-01 2.94e-04
6.54302e-01 2.93e-04
6.55186e-01 2.93e-04
6.56120e-01 2.92e-04
6.57002e-01 2.91e-04
6.57883e-01 2.91e-04
6.58763e-01 2.90e-04
6.59642e-01 2.89e-04
6.60469e-01 2.89e-04
6.61347e-01 2.88e-04
6.62224e-01 2.87e-04
6.63100e-01 2.87e-04
6.63976e-01 2.86e-04
6.64851e-01 2.85e-04
6.65725e-01 2.85e-04
6.66598e-01 2.84e-04
6.67470e-01 2.84e-04
6.68291e-01 2.83e-04
6.69162e-01 2.82e-04
6.70032e-01 2.82e-04
6.70902e-01 2.81e-04
6.71719e-01 2.80e-04
6.72587e-01 2.80e-04
6.73455e-01 2.79e-04
6.74321e-01 2.79e-04
6.75136e-01 2.78e-04
6.76001e-01 2.77e-04
6.76865e-01 2.77e-04
6.77678e-01 2.76e-04
6.78541e-01 2.76e-04
6.79403e-01 2.75e-04
6.80214e-01 2.74e-04
6.81075e-01 2.74e-04
6.81884e-01 2.73e-04
6.82743e-01 2.73e-04
6.83551e-01 2.72e-04
6.84409e-01 2.71e-04
6.85266e-01 2.71e-04
6.86072e-01 2.70e-04
6.86878e-01 2.70e-04
6.87733e-01 2.69e-04
6.88537e-01 2.69e-04
6.89390e-01 2.68e-04
6.90193e-01 2.67e-04
6.91045e-01 2.67e-04
6.91846e-01 2.66e-04
6.92647e-01 2.66e-04
6.93497e-01 2.65e-04
6.94297e-01 2.65e-04
6.95145e-01 2.64e-04
6.95943e-01 2.64e-04
6.96741e-01 2.63e-04
6.97538e-01 2.62e-04
6.98383e-01 2.62e-04
6.99179e-01 2.61e-04
6.99974e-01 2.61e-04
7.00818e-01 2.60e-04
7.01611e-01 2.60e-04
7.02404e-01 2.59e-04
7.03197e-01 2.59e-04
7.03988e-01 2.58e-04
7.04829e-01 2.58e-04
7.05619e-01 2.57e-04
7.06409e-01 2.57e-04
7.07198e-01 2.56e-04
7.07987e-01 2.56e-04
7.08774e-01 2.55e-04
7.09562e-01 2.55e-04
7.10348e-01 2.54e-04
7.11134e-01 2.54e-04
7.11920e-01 2.53e-04
7.12754e-01 2.53e-04
7.13538e-01 2.52e-04
7.14321e-01 2.52e-04
7.15104e-01 2.51e-04
7.15887e-01 2.51e-04
7.16668e-01 2.50e-04
7.17401e-01 2.50e-04
7.18181e-01 2.50e-04
7.18961e-01 2.49e-04
7.19740e-01 2.49e-04
7.20519e-01 2.48e-04
7.21297e-01 2.48e-04
7.22075e-01 2.47e-04
7.22852e-01 2.47e-04
7.23628e-01 2.46e-04
7.24404e-01 2.46e-04
7.25130e-01 2.45e-04
7.25905e-01 2.45e-04
7.26679e-01 2.44e-04
7.27452e-01 2.44e-04
7.28225e-01 2.44e-04
7.28949e-01 2.43e-04
7.29720e-01 2.43e-04
7.30491e-01 2.42e-04
7.31262e-01 2.42e-04
7.31983e-01 2.41e-04
7.32752e-01 2.41e-04
7.33521e-01 2.40e-04
7.34241e-01 2.40e-04
7.35009e-01 2.40e-04
7.35776e-01 2.39e-04
7.36494e-01 2.39e-04
7.37260e-01 2.38e-04
7.38025e-01 2.38e-04
7.38742e-01 2.37e-04
7.39506e-01 2.37e-04
7.40222e-01 2.37e-04
7.40985e-01 2.36e-04
7.41747e-01 2.36e-04
7.42461e-01 2.35e-04
7.43222e-01 2.35e-04
7.43935e-01 2.35e-04
7.44695e-01 2.34e-04
7.45408e-01 2.34e-04
7.46166e-01 2.33e-04
7.46878e-01 2.33e-04
7.47635e-01 2.33e-04
7.48345e-01 2.32e-04
7.49102e-01 2.32e-04
7.49811e-01 2.32e-04
7.50567e-01 2.31e-04
7.51275e-01 2.31e-04
7.51982e-01 2.30e-04
7.52736e-01 2.30e-04
7.53442e-01 2.30e-04
7.54148e-01 2.29e-04
7.54901e-01 2.29e-04
7.55605e-01 2.28e-04
7.56357e-01 2.28e-04
7.57061e-01 2.28e-04
7.57764e-01 2.27e-04
7.58467e-01 2.27e-04
7.59216e-01 2.27e-04
7.59918e-01 2.26e-04
7.60619e-01 2.26e-04
7.61366e-01 2.26e-04
7.62067e-01 2.25e-04
7.62767e-01 2.25e-04
7.63466e-01 2.25e-04
7.64211e-01 2.24e-04
7.64910e-01 2.24e-04
7.65607e-01 2.23e-04
7.66305e-01 2.23e-04
7.67002e-01 2.23e-04
7.67698e-01 2.22e-04
7.68440e-01 2.22e-04
7.69136e-01 2.22e-04
7.69830e-01 2.21e-04
7.70525e-01 2.21e-04
7.71219e-01 2.21e-04
7.71912e-01 2.20e-04
7.72605e-01 2.20e-04
7.73298e-01 2.20e-04
7.73990e-01 2.19e-04
7.74681e-01 2.19e-04
7.75418e-01 2.19e-04
7.76109e-01 2.18e-04
7.76799e-01 2.18e-04
7.77488e-01 2.18e-04
7.78177e-01 2.17e-04
7.78866e-01 2.17e-04
7.79554e-01 2.17e-04
7.80242e-01 2.17e-04
7.80929e-01 2.16e-04
7.81570e-01 2.16e-04
7.82256e-01 2.16e-04
7.82942e-01 2.15e-04
7.83628e-01 2.15e-04
7.84312e-01 2.15e-04
7.84997e-01 2.14e-04
7.85681e-01 2.14e-04
7.86364e-01 2.14e-04
7.87047e-01 2.13e-04
7.87730e-01 2.13e-04
7.88366e-01 2.13e-04
7.89048e-01 2.13e-04
7.89729e-01 2.12e-04
7.90410e-01 2.12e-04
7.91090e-01 2.12e-04
7.91770e-01 2.11e-04
7.92404e-01 2.11e-04
7.93083e-01 2.11e-04
7.93761e-01 2.11e-04
7.94439e-01 2.10e-04
7.95117e-01 2.10e-04
7.95749e-01 2.10e-04
7.96426e-01 2.09e-04
7.97102e-01 2.09e-04
7.97732e-01 2.09e-04
7.98408e-01 2.09e-04
7.99083e-01 2.08e-04
7.99757e-01 2.08e-04
8.00386e-01 2.08e-04
8.01059e-01 2.07e-04
8.01732e-01 2.07e-04
8.02360e-01 2.07e-04
8.03032e-01 2.07e-04
8.03704e-01 2.06e-04
8.04331e-01 2.06e-04
8.05002e-01 2.06e-04
8.05627e-01 2.06e-04
8.06297e-01 2.05e-04
8.06967e-01 2.05e-04
8.07591e-01 2.05e-04
8.08260e-01 2.05e-04
8.08884e-01 2.04e-04
8.09551e-01 2.04e-04
8.10174e-01 2.04e-04
8.10841e-01 2.04e-04
8.11463e-01 2.03e-04
8.12129e-01 2.03e-04
8.12751e-01 2.03e-04
8.13416e-01 2.03e-04
8.14036e-01 2.02e-04
8.14701e-01 2.02e-04
8.15321e-01 2.02e-04
8.15984e-01 2.02e-04
8.16603e-01 2.01e-04
8.17266e-01 2.01e-04
8.17884e-01 2.01e-04
8.18546e-01 2.01e-04
8.19163e-01 2.00e-04
8.19824e-01 2.00e-04
8.20440e-01 2.00e-04
8.21057e-01 2.00e-04
8.21716e-01 2.00e-04
8.22332e-01 1.99e-04
8.22947e-01 1.99e-04
8.23605e-01 1.99e-04
8.24219e-01 1.99e-04
8.24833e-01 1.98e-04
8.25490e-01 1.98e-04
8.26103e-01 1.98e-04
8.26716e-01 1.98e-04
8.27372e-01 1.98e-04
8.27984e-01 1.97e-04
8.28595e-01 1.97e-04
8.29250e-01 1.97e-04
8.29861e-01 1.97e-04
8.30471e-01 1.97e-04
8.31081e-01 1.96e-04
8.31735e-01 1.96e-04
8.32344e-01 1.96e-04
8.32953e-01 1.96e-04
8.33561e-01 1.96e-04
8.34213e-01 1.95e-04
8.34820e-01 1.95e-04
8.50920e-01 1.90e-04
8.61243e-01 1.88e-04
8.71419e-01 1.85e-04
8.80249e-01 1.84e-04
8.90070e-01 1.82e-04
9.00243e-01 1.81e-04
9.04582e-01 1.81e-04
9.04866e-01 1.80e-04
9.17410e-01 1.80e-04
9.24457e-01 1.80e-04
9.31219e-01 1.81e-04
9.36329e-01 1.81e-04
9.42933e-01 1.82e-04
9.45422e-01 1.83e-04
9.50422e-01 1.84e-04
9.53394e-01 1.85e-04
9.54896e-01 1.85e-04
9.57356e-01 1.86e-04
9.59312e-01 1.87e-04
9.60767e-01 1.87e-04
9.61264e-01 1.88e-04
9.61761e-01 1.88e-04
9.62258e-01 1.88e-04
9.62716e-01 1.88e-04
9.63212e-01 1.88e-04
9.63709e-01 1.89e-04
9.64204e-01 1.89e-04
9.64662e-01 1.89e-04
9.65157e-01 1.89e-04
9.65652e-01 1.89e-04
9.66147e-01 1.90e-04
9.66604e-01 1.90e-04
9.67098e-01 1.90e-04
9.67592e-01 1.90e-04
9.68048e-01 1.91e-04
9.68542e-01 1.91e-04
9.69035e-01 1.91e-04
9.69490e-01 1.91e-04
9.69983e-01 1.92e-04
9.70476e-01 1.92e-04
9.70930e-01 1.92e-04
9.71423e-01 1.92e-04
9.71915e-01 1.93e-04
9.72369e-01 1.93e-04
9.72860e-01 1.93e-04
9.73351e-01 1.93e-04
9.73805e-01 1.94e-04
9.74295e-01 1.94e-04
9.74786e-01 1.94e-04
9.75239e-01 1.95e-04
9.75729e-01 1.95e-04
9.76181e-01 1.95e-04
9.76671e-01 1.95e-04
9.77160e-01 1.96e-04
9.77612e-01 1.96e-04
9.78101e-01 1.96e-04
9.78552e-01 1.97e-04
9.79040e-01 1.97e-04
9.79528e-01 1.97e-04
9.79979e-01 1.98e-04
9.80467e-01 1.98e-04
9.80917e-01 1.98e-04
9.81404e-01 1.99e-04
9.81891e-01 1.99e-04
9.82341e-01 1.99e-04
9.82827e-01 2.00e-04
9.83276e-01 2.00e-04
9.83762e-01 2.00e-04
9.84211e-01 2.01e-04
9.84697e-01 2.01e-04
9.85145e-01 2.02e-04
9.85630e-01 2.02e-04
9.86078e-01 2.02e-04
9.86563e-01 2.03e-04
9.87010e-01 2.03e-04
9.87494e-01 2.04e-04
9.87941e-01 2.04e-04
9.88425e-01 2.04e-04
9.88872e-01 2.05e-04
9.89355e-01 2.05e-04
9.89801e-01 2.06e-04
9.90284e-01 2.06e-04
9.90730e-01 2.07e-04
9.91213e-01 2.07e-04
9.91658e-01 2.07e-04
9.92140e-01 2.08e-04
9.92585e-01 2.08e-04
9.93067e-01 2.09e-04
9.93511e-01 2.09e-04
9.93992e-01 2.10e-04
9.94436e-01 2.10e-04
9.94917e-01 2.11e-04
9.95361e-01 2.11e-04
9.95804e-01 2.12e-04
9.96284e-01 2.12e-04
9.96727e-01 2.13e-04
9.97207e-01 2.13e-04
9.97649e-01 2.14e-04
9.98129e-01 2.14e-04
9.98571e-01 2.15e-04
9.99013e-01 2.15e-04
9.99492e-01 2.16e-04
9.99933e-01 2.17e-04
1.00041e+00 2.17e-04
1.00085e+00 2.18e-04
1.00129e+00 2.18e-04
1.00177e+00 2.19e-04
1.00221e+00 2.19e-04
1.00269e+00 2.20e-04
1.00313e+00 2.21e-04
1.00357e+00 2.21e-04
1.00405e+00 2.22e-04
1.00448e+00 2.23e-04
1.00492e+00 2.23e-04
1.00540e+00 2.24e-04
1.00584e+00 2.25e-04
1.00628e+00 2.25e-04
1.00675e+00 2.26e-04
1.00719e+00 2.27e-04
1.00763e+00 2.27e-04
1.00810e+00 2.28e-04
1.00854e+00 2.29e-04
1.00898e+00 2.29e-04
1.00945e+00 2.30e-04
1.00989e+00 2.31e-04
1.01033e+00 2.32e-04
1.01080e+00 2.32e-04
1.01124e+00 2.33e-04
1.01167e+00 2.34e-04
1.01215e+00 2.35e-04
1.01258e+00 2.36e-04
1.01302e+00 2.36e-04
1.01345e+00 2.37e-04
1.01393e+00 2.38e-04
1.01436e+00 2.39e-04
1.01480e+00 2.40e-04
1.01527e+00 2.41e-04
1.01570e+00 2.41e-04
1.01614e+00 2.42e-04
1.01657e+00 2.43e-04
1.01704e+00 2.44e-04
1.01747e+00 2.45e-04
1.01791e+00 2.46e-04
1.01834e+00 2.47e-04
1.01881e+00 2.48e-04
1.01924e+00 2.49e-04
1.01968e+00 2.50e-04
1.02011e+00 2.51e-04
1.02054e+00 2.52e-04
1.02101e+00 2.53e-04
1.02144e+00 2.54e-04
1.02188e+00 2.55e-04
1.02231e+00 2.56e-04
1.02277e+00 2.57e-04
1.02321e+00 2.58e-04
1.02364e+00 2.59e-04
1.02407e+00 2.61e-04
1.02450e+00 2.62e-04
1.02497e+00 2.63e-04
1.02540e+00 2.64e-04
1.02583e+00 2.65e-04
1.02626e+00 2.67e-04
1.02669e+00 2.68e-04
1.02712e+00 2.69e-04
1.02758e+00 2.70e-04
1.02801e+00 2.72e-04
1.02844e+00 2.73e-04
1.02887e+00 2.74e-04
1.02930e+00 2.76e-04
1.02973e+00 2.77e-04
1.03019e+00 2.78e-04
1.03062e+00 2.80e-04
1.03105e+00 2.81e-04
1.03147e+00 2.83e-04
1.03190e+00 2.84e-04
1.03233e+00 2.85e-04
1.03276e+00 2.87e-04
1.03322e+00 2.89e-04
1.03365e+00 2.90e-04
1.03407e+00 2.92e-04
1.03450e+00 2.93e-04
1.03493e+00 2.95e-04
1.03535e+00 2.97e-04
1.03578e+00 2.98e-04
1.03620e+00 3.00e-04
1.03663e+00 3.02e-04
1.03706e+00 3.03e-04
1.03752e+00 3.05e-04
1.03794e+00 3.07e-04
1.03837e+00 3.09e-04
1.03879e+00 3.11e-04
1.03922e+00 3.13e-04
1.03964e+00 3.14e-04
1.04006e+00 3.16e-04
1.04049e+00 3.18e-04
1.04091e+00 3.20e-04
1.04134e+00 3.22e-04
1.04176e+00 3.24e-04
1.04218e+00 3.27e-04
1.04261e+00 3.29e-04
1.04303e+00 3.31e-04
1.04349e+00 3.33e-04
1.04391e+00 3.35e-04
1.04433e+00 3.38e-04
1.04475e+00 3.40e-04
1.04518e+00 3.42e-04
1.04560e+00 3.45e-04
1.04602e+00 3.47e-04
1.04644e+00 3.49e-04
1.04686e+00 3.52e-04
1.04728e+00 3.54e-04
1.04770e+00 3.57e-04
1.04813e+00 3.60e-04
1.04855e+00 3.62e-04
1.04897e+00 3.65e-04
1.04939e+00 3.68e-04
1.04981e+00 3.71e-04
1.05023e+00 3.74e-04
1.05065e+00 3.77e-04
1.05107e+00 3.80e-04
1.05149e+00 3.83e-04
1.05190e+00 3.86e-04
1.05232e+00 3.89e-04
1.05274e+00 3.92e-04
1.05316e+00 3.96e-04
1.05358e+00 3.99e-04
1.05400e+00 4.02e-04
1.05442e+00 4.06e-04
1.05483e+00 4.09e-04
1.05522e+00 4.13e-04
1.05564e+00 4.17e-04
1.05605e+00 4.21e-04
1.05647e+00 4.24e-04
1.05689e+00 4.28e-04
1.05730e+00 4.32e-04
1.05772e+00 4.36e-04
1.05814e+00 4.41e-04
1.05855e+00 4.45e-04
1.05897e+00 4.49e-04
1.05939e+00 4.54e-04
1.05980e+00 4.58e-04
1.06022e+00 4.63e-04
1.06063e+00 4.68e-04
1.06105e+00 4.73e-04
1.06143e+00 4.78e-04
1.06184e+00 4.83e-04
1.06226e+00 4.88e-04
1.06267e+00 4.93e-04
1.06309e+00 4.99e-04
1.06350e+00 5.05e-04
1.06392e+00 5.10e-04
1.06433e+00 5.16e-04
1.06475e+00 5.22e-04
1.06516e+00 5.28e-04
1.06554e+00 5.35e-04
1.06595e+00 5.41e-04
1.06636e+00 5.48e-04
1.06678e+00 5.55e-04
1.06719e+00 5.62e-04
1.06760e+00 5.69e-04
1.06802e+00 5.77e-04
1.06843e+00 5.85e-04
1.06881e+00 5.93e-04
1.06922e+00 6.01e-04
1.06963e+00 6.09e-04
1.07004e+00 6.18e-04
1.07045e+00 6.27e-04
1.07086e+00 6.36e-04
1.07128e+00 6.46e-04
1.07165e+00 6.56e-04
1.07206e+00 6.66e-04
1.07247e+00 6.77e-04
1.07288e+00 6.88e-04
1.07329e+00 7.00e-04
1.07370e+00 7.12e-04
1.07408e+00 7.25e-04
1.07449e+00 7.38e-04
1.07490e+00 7.51e-04
1.07531e+00 7.66e-04
1.07572e+00 7.81e-04
1.07609e+00 7.96e-04
1.07650e+00 8.12e-04
1.07691e+00 8.29e-04
1.07732e+00 8.46e-04
1.07773e+00 8.64e-04
1.07810e+00 8.82e-04
1.07851e+00 8.99e-04
1.07892e+00 9.17e-04
1.07933e+00 9.34e-04
1.07974e+00 9.51e-04
1.08011e+00 9.67e-04
1.08052e+00 9.82e-04
1.08092e+00 9.97e-04
1.08133e+00 1.01e-03
1.08170e+00 1.03e-03
1.08211e+00 1.04e-03
1.08252e+00 1.06e-03
1.08292e+00 1.07e-03
1.08333e+00 1.09e-03
1.08370e+00 1.11e-03
1.08411e+00 1.12e-03
1.08451e+00 1.14e-03
1.08492e+00 1.16e-03
1.08529e+00 1.18e-03
1.08570e+00 1.20e-03
1.08610e+00 1.23e-03
1.08651e+00 1.25e-03
1.08688e+00 1.27e-03
1.08728e+00 1.30e-03
1.08769e+00 1.33e-03
1.08806e+00 1.36e-03
1.08846e+00 1.39e-03
1.08886e+00 1.42e-03
1.08927e+00 1.45e-03
1.08964e+00 1.49e-03
1.09004e+00 1.53e-03
1.09045e+00 1.57e-03
1.09085e+00 1.61e-03
1.09122e+00 1.66e-03
1.09142e+00 1.68e-03
1.09182e+00 1.73e-03
1.09223e+00 1.79e-03
1.09259e+00 1.84e-03
1.09300e+00 1.90e-03
1.09340e+00 1.97e-03
1.09357e+00 2.00e-03
1.09377e+00 2.04e-03
1.09397e+00 2.08e-03
1.09417e+00 2.11e-03
1.09437e+00 2.15e-03
1.09457e+00 2.19e-03
1.09477e+00 2.24e-03
1.09494e+00 2.28e-03
1.09514e+00 2.33e-03
1.09534e+00 2.37e-03
1.09554e+00 2.42e-03
1.09574e+00 2.47e-03
1.09594e+00 2.53e-03
1.09611e+00 2.58e-03
1.09631e+00 2.64e-03
1.09651e+00 2.70e-03
1.09671e+00 2.76e-03
1.09691e+00 2.83e-03
1.09711e+00 2.90e-03
1.09728e+00 2.97e-03
1.09748e+00 3.05e-03
1.09768e+00 3.13e-03
1.09788e+00 3.21e-03
1.09808e+00 3.30e-03
1.09828e+00 3.39e-03
1.09845e+00 3.48e-03
1.09865e+00 3.58e-03
1.09885e+00 3.69e-03
1.09905e+00 3.80e-03
1.09925e+00 3.92e-03
1.09945e+00 4.04e-03
1.09961e+00 4.17e-03
1.09981e+00 4.31e-03
1.10001e+00 4.45e-03
1.10021e+00 4.60e-03
1.10041e+00 4.76e-03
1.10061e+00 4.93e-03
1.10078e+00 5.11e-03
1.10098e+00 5.29e-03
1.10118e+00 5.49e-03
1.10138e+00 5.69e-03
1.10157e+00 5.90e-03
1.10177e+00 6.13e-03
1.10194e+00 6.36e-03
1.10214e+00 6.60e-03
1.10234e+00 6.85e-03
1.10254e+00 7.11e-03
1.10274e+00 7.38e-03
1.10290e+00 7.65e-03
1.10330e+00 8.21e-03
1.10370e+00 8.78e-03
1.10406e+00 9.34e-03
1.10426e+00 9.61e-03
1.10446e+00 9.88e-03
1.10466e+00 1.01e-02
1.10486e+00 1.04e-02
1.10503e+00 1.06e-02
1.10522e+00 1.09e-02
1.10542e+00 1.11e-02
1.10562e+00 1.13e-02
1.10582e+00 1.15e-02
1.10599e+00 1.16e-02
1.10618e+00 1.18e-02
1.10638e+00 1.19e-02
1.10658e+00 1.20e-02
1.10678e+00 1.20e-02
1.10698e+00 1.21e-02
1.10714e+00 1.21e-02
1.10734e+00 1.21e-02
1.10754e+00 1.21e-02
1.10774e+00 1.21e-02
1.10794e+00 1.21e-02
1.10830e+00 1.20e-02
1.10869e+00 1.19e-02
1.10889e+00 1.18e-02
1.10906e+00 1.18e-02
1.10926e+00 1.18e-02
1.10945e+00 1.18e-02
1.10965e+00 1.18e-02
1.10985e+00 1.19e-02
1.11001e+00 1.20e-02
1.11021e+00 1.22e-02
1.11041e+00 1.24e-02
1.11061e+00 1.26e-02
1.11080e+00 1.29e-02
1.11097e+00 1.33e-02
1.11117e+00 1.38e-02
1.11136e+00 1.43e-02
1.11156e+00 1.50e-02
1.11176e+00 1.58e-02
1.11192e+00 1.67e-02
1.11212e+00 1.77e-02
1.11232e+00 1.90e-02
1.11252e+00 2.04e-02
1.11268e+00 2.21e-02
1.11288e+00 2.41e-02
1.11307e+00 2.67e-02
1.11327e+00 2.94e-02
1.11347e+00 3.25e-02
1.11363e+00 3.61e-02
1.11383e+00 4.00e-02
1.11403e+00 4.43e-02
1.11422e+00 4.88e-02
1.11442e+00 5.31e-02
1.11458e+00 5.70e-02
1.11478e+00 5.99e-02
1.11498e+00 6.14e-02
1.11517e+00 6.13e-02
1.11534e+00 5.96e-02
1.11553e+00 5.66e-02
1.11573e+00 5.26e-02
1.11593e+00 4.81e-02
1.11612e+00 4.34e-02
1.11629e+00 3.90e-02
1.11648e+00 3.49e-02
1.11668e+00 3.12e-02
1.11688e+00 2.80e-02
1.11704e+00 2.51e-02
1.11724e+00 2.25e-02
1.11743e+00 2.04e-02
1.11763e+00 1.86e-02
1.11783e+00 1.69e-02
1.11799e+00 1.55e-02
1.11819e+00 1.43e-02
1.11838e+00 1.32e-02
1.11858e+00 1.23e-02
1.11874e+00 1.15e-02
1.11894e+00 1.07e-02
1.11913e+00 1.01e-02
1.11933e+00 9.48e-03
1.11953e+00 8.95e-03
1.11969e+00 8.47e-03
1.11988e+00 8.04e-03
1.12008e+00 7.64e-03
1.12028e+00 7.29e-03
1.12044e+00 6.96e-03
1.12063e+00 6.67e-03
1.12083e+00 6.39e-03
1.12103e+00 6.14e-03
1.12119e+00 5.91e-03
1.12138e+00 5.70e-03
1.12158e+00 5.50e-03
1.12178e+00 5.31e-03
1.12197e+00 5.14e-03
1.12213e+00 4.98e-03
1.12233e+00 4.83e-03
1.12252e+00 4.69e-03
1.12272e+00 4.56e-03
1.12288e+00 4.43e-03
1.12308e+00 4.31e-03
1.12327e+00 4.20e-03
1.12347e+00 4.10e-03
1.12363e+00 4.00e-03
1.12383e+00 3.91e-03
1.12402e+00 3.82e-03
1.12422e+00 3.73e-03
1.12438e+00 3.65e-03
1.12457e+00 3.57e-03
1.12477e+00 3.50e-03
1.12496e+00 3.43e-03
1.12512e+00 3.36e-03
1.12532e+00 3.30e-03
1.12551e+00 3.23e-03
1.12571e+00 3.17e-03
1.12587e+00 3.12e-03
1.12607e+00 3.06e-03
1.12626e+00 3.01e-03
1.12645e+00 2.96e-03
1.12662e+00 2.91e-03
1.12681e+00 2.86e-03
1.12701e+00 2.82e-03
1.12720e+00 2.77e-03
1.12756e+00 2.69e-03
1.12794e+00 2.61e-03
1.12830e+00 2.53e-03
1.12869e+00 2.46e-03
1.12904e+00 2.39e-03
1.12943e+00 2.33e-03
1.12979e+00 2.27e-03
1.13018e+00 2.21e-03
1.13053e+00 2.16e-03
1.13092e+00 2.11e-03
1.13127e+00 2.06e-03
1.13166e+00 2.01e-03
1.13201e+00 1.97e-03
1.13237e+00 1.92e-03
1.13276e+00 1.88e-03
1.13311e+00 1.84e-03
1.13350e+00 1.81e-03
1.13385e+00 1.77e-03
1.13424e+00 1.73e-03
1.13459e+00 1.70e-03
1.13498e+00 1.67e-03
1.13533e+00 1.64e-03
1.13572e+00 1.61e-03
1.13607e+00 1.58e-03
1.13645e+00 1.55e-03
1.13681e+00 1.53e-03
1.13716e+00 1.50e-03
1.13754e+00 1.48e-03
1.13790e+00 1.45e-03
1.13828e+00 1.43e-03
1.13863e+00 1.41e-03
1.13902e+00 1.39e-03
1.13937e+00 1.37e-03
1.13972e+00 1.35e-03
1.14011e+00 1.33e-03
1.14046e+00 1.31e-03
1.14084e+00 1.29e-03
1.14119e+00 1.28e-03
1.14158e+00 1.26e-03
1.14193e+00 1.25e-03
1.14228e+00 1.23e-03
1.14266e+00 1.22e-03
1.14301e+00 1.20e-03
1.14339e+00 1.19e-03
1.14374e+00 1.18e-03
1.14413e+00 1.17e-03
1.14448e+00 1.15e-03
1.14483e+00 1.14e-03
1.14521e+00 1.13e-03
1.14556e+00 1.12e-03
1.14594e+00 1.11e-03
1.14629e+00 1.10e-03
1.14664e+00 1.09e-03
1.14702e+00 1.09e-03
1.14737e+00 1.08e-03
1.14775e+00 1.07e-03
1.14810e+00 1.07e-03
1.14845e+00 1.06e-03
1.14883e+00 1.05e-03
1.14918e+00 1.05e-03
1.14956e+00 1.04e-03
1.14991e+00 1.04e-03
1.15026e+00 1.04e-03
1.15064e+00 1.03e-03
1.15098e+00 1.03e-03
1.15133e+00 1.03e-03
1.15171e+00 1.02e-03
1.15206e+00 1.02e-03
1.15244e+00 1.02e-03
1.15297e+00 1.02e-03
1.15351e+00 1.02e-03
1.15420e+00 1.02e-03
1.15458e+00 1.02e-03
1.15493e+00 1.02e-03
1.15528e+00 1.03e-03
1.15565e+00 1.03e-03
1.15600e+00 1.03e-03
1.15638e+00 1.04e-03
1.15672e+00 1.04e-03
1.15707e+00 1.05e-03
1.15745e+00 1.05e-03
1.15779e+00 1.06e-03
1.15814e+00 1.07e-03
1.15852e+00 1.07e-03
1.15886e+00 1.08e-03
1.15921e+00 1.09e-03
1.15958e+00 1.10e-03
1.15993e+00 1.11e-03
1.16027e+00 1.13e-03
1.16065e+00 1.14e-03
1.16099e+00 1.16e-03
1.16134e+00 1.17e-03
1.16171e+00 1.19e-03
1.16206e+00 1.21e-03
1.16240e+00 1.23e-03
1.16278e+00 1.26e-03
1.16312e+00 1.28e-03
1.16346e+00 1.31e-03
1.16384e+00 1.34e-03
1.16399e+00 1.36e-03
1.16418e+00 1.37e-03
1.16437e+00 1.39e-03
1.16452e+00 1.41e-03
1.16471e+00 1.43e-03
1.16487e+00 1.45e-03
1.16506e+00 1.47e-03
1.16524e+00 1.49e-03
1.16540e+00 1.51e-03
1.16559e+00 1.54e-03
1.16577e+00 1.56e-03
1.16593e+00 1.59e-03
1.16612e+00 1.62e-03
1.16630e+00 1.65e-03
1.16646e+00 1.67e-03
1.16683e+00 1.70e-03
1.16717e+00 1.74e-03
1.16752e+00 1.78e-03
1.16789e+00 1.81e-03
1.16823e+00 1.86e-03
1.16857e+00 1.90e-03
1.16892e+00 1.94e-03
1.16929e+00 1.99e-03
1.16963e+00 2.04e-03
1.16997e+00 2.10e-03
1.17034e+00 2.16e-03
1.17068e+00 2.22e-03
1.17103e+00 2.28e-03
1.17140e+00 2.35e-03
1.17174e+00 2.42e-03
1.17189e+00 2.46e-03
1.17208e+00 2.50e-03
1.17227e+00 2.54e-03
1.17242e+00 2.58e-03
1.17261e+00 2.63e-03
1.17279e+00 2.67e-03
1.17295e+00 2.72e-03
1.17313e+00 2.77e-03
1.17332e+00 2.82e-03
1.17347e+00 2.87e-03
1.17366e+00 2.93e-03
1.17381e+00 2.98e-03
1.17400e+00 3.04e-03
1.17418e+00 3.10e-03
1.17434e+00 3.16e-03
1.17452e+00 3.23e-03
1.17471e+00 3.30e-03
1.17486e+00 3.37e-03
1.17505e+00 3.44e-03
1.17523e+00 3.52e-03
1.17539e+00 3.60e-03
1.17557e+00 3.68e-03
1.17573e+00 3.77e-03
1.17591e+00 3.86e-03
1.17610e+00 3.96e-03
1.17625e+00 4.06e-03
1.17644e+00 4.17e-03
1.17662e+00 4.27e-03
1.17678e+00 4.33e-03
1.17715e+00 4.38e-03
1.17749e+00 4.43e-03
1.17782e+00 4.48e-03
1.17816e+00 4.54e-03
1.17853e+00 4.59e-03
1.17887e+00 4.65e-03
1.17921e+00 4.71e-03
1.17955e+00 4.77e-03
1.17992e+00 4.83e-03
1.18025e+00 4.89e-03
1.18059e+00 4.96e-03
1.18093e+00 5.03e-03
1.18130e+00 5.10e-03
1.18164e+00 5.18e-03
1.18179e+00 5.21e-03
1.18197e+00 5.23e-03
1.18231e+00 5.19e-03
1.18268e+00 5.14e-03
1.18301e+00 5.10e-03
1.18317e+00 5.07e-03
1.18335e+00 5.06e-03
1.18354e+00 5.05e-03
1.18369e+00 5.05e-03
1.18387e+00 5.06e-03
1.18406e+00 5.09e-03
1.18421e+00 5.14e-03
1.18439e+00 5.21e-03
1.18455e+00 5.32e-03
1.18473e+00 5.47e-03
1.18491e+00 5.67e-03
1.18507e+00 5.95e-03
1.18525e+00 6.31e-03
1.18540e+00 6.80e-03
1.18558e+00 7.46e-03
1.18577e+00 8.36e-03
1.18592e+00 9.61e-03
1.18610e+00 1.14e-02
1.18626e+00 1.40e-02
1.18644e+00 1.79e-02
1.18662e+00 2.43e-02
1.18678e+00 3.53e-02
1.18696e+00 5.49e-02
1.18714e+00 8.88e-02
1.18729e+00 1.28e-01
1.18748e+00 1.34e-01
1.18763e+00 9.86e-02
1.18781e+00 6.10e-02
1.18800e+00 3.86e-02
1.18815e+00 2.62e-02
1.18833e+00 1.91e-02
1.18848e+00 1.48e-02
1.18867e+00 1.19e-02
1.18885e+00 1.00e-02
1.18900e+00 8.68e-03
1.18918e+00 7.72e-03
1.18934e+00 7.02e-03
1.18952e+00 6.51e-03
1.18970e+00 6.12e-03
1.18985e+00 5.84e-03
1.19004e+00 5.62e-03
1.19022e+00 5.47e-03
1.19037e+00 5.36e-03
1.19055e+00 5.28e-03
1.19071e+00 5.23e-03
1.19089e+00 5.20e-03
1.19107e+00 5.19e-03
1.19122e+00 5.19e-03
1.19140e+00 5.20e-03
1.19156e+00 5.22e-03
1.19174e+00 5.25e-03
1.19207e+00 5.30e-03
1.19241e+00 5.35e-03
1.19277e+00 5.39e-03
1.19292e+00 5.41e-03
1.19326e+00 5.33e-03
1.19362e+00 5.27e-03
1.19395e+00 5.20e-03
1.19429e+00 5.13e-03
1.19462e+00 5.07e-03
1.19495e+00 5.01e-03
1.19532e+00 4.95e-03
1.19565e+00 4.89e-03
1.19598e+00 4.83e-03
1.19631e+00 4.77e-03
1.19665e+00 4.72e-03
1.19698e+00 4.66e-03
1.19734e+00 4.61e-03
1.19767e+00 4.56e-03
1.19782e+00 4.53e-03
1.19801e+00 4.49e-03
1.19819e+00 4.41e-03
1.19834e+00 4.30e-03
1.19852e+00 4.20e-03
1.19867e+00 4.10e-03
1.19885e+00 4.00e-03
1.19903e+00 3.91e-03
1.19918e+00 3.82e-03
1.19936e+00 3.74e-03
1.19951e+00 3.66e-03
1.19969e+00 3.58e-03
1.19987e+00 3.51e-03
1.20003e+00 3.44e-03
1.20021e+00 3.37e-03
1.20036e+00 3.30e-03
1.20054e+00 3.24e-03
1.20069e+00 3.18e-03
1.20087e+00 3.12e-03
1.20105e+00 3.06e-03
1.20120e+00 3.01e-03
1.20138e+00 2.96e-03
1.20153e+00 2.91e-03
1.20171e+00 2.86e-03
1.20189e+00 2.81e-03
1.20204e+00 2.76e-03
1.20222e+00 2.72e-03
1.20255e+00 2.63e-03
1.20288e+00 2.55e-03
1.20321e+00 2.47e-03
1.20354e+00 2.40e-03
1.20390e+00 2.33e-03
1.20423e+00 2.27e-03
1.20456e+00 2.21e-03
1.20489e+00 2.15e-03
1.20507e+00 2.12e-03
1.20540e+00 2.07e-03
1.20573e+00 2.02e-03
1.20606e+00 1.97e-03
1.20639e+00 1.93e-03
1.20672e+00 1.88e-03
1.20708e+00 1.84e-03
1.20741e+00 1.80e-03
1.20774e+00 1.76e-03
1.20789e+00 1.74e-03
1.20806e+00 1.72e-03
1.20824e+00 1.69e-03
1.20839e+00 1.66e-03
1.20857e+00 1.63e-03
1.20872e+00 1.60e-03
1.20890e+00 1.58e-03
1.20905e+00 1.55e-03
1.20923e+00 1.53e-03
1.20941e+00 1.50e-03
1.20956e+00 1.48e-03
1.20974e+00 1.46e-03
1.20989e+00 1.44e-03
1.21006e+00 1.42e-03
1.21021e+00 1.40e-03
1.21057e+00 1.37e-03
1.21090e+00 1.33e-03
1.21123e+00 1.30e-03
1.21138e+00 1.29e-03
1.21155e+00 1.28e-03
1.21188e+00 1.25e-03
1.21221e+00 1.23e-03
1.21254e+00 1.20e-03
1.21289e+00 1.18e-03
1.21322e+00 1.16e-03
1.21355e+00 1.14e-03
1.21387e+00 1.12e-03
1.21420e+00 1.11e-03
1.21453e+00 1.09e-03
1.21485e+00 1.08e-03
1.21521e+00 1.06e-03
1.21554e+00 1.05e-03
1.21586e+00 1.04e-03
1.21619e+00 1.03e-03
1.21651e+00 1.01e-03
1.21684e+00 1.00e-03
1.21717e+00 9.94e-04
1.21749e+00 9.84e-04
1.21782e+00 9.75e-04
1.21817e+00 9.67e-04
1.21850e+00 9.59e-04
1.21882e+00 9.52e-04
1.21915e+00 9.44e-04
1.21947e+00 9.38e-04
1.21980e+00 9.31e-04
1.22012e+00 9.25e-04
1.22045e+00 9.20e-04
1.22080e+00 9.14e-04
1.22112e+00 9.09e-04
1.22145e+00 9.05e-04
1.22177e+00 9.00e-04
1.22210e+00 8.96e-04
1.22242e+00 8.92e-04
1.22275e+00 8.88e-04
1.22307e+00 8.85e-04
1.22339e+00 8.81e-04
1.22372e+00 8.78e-04
1.22407e+00 8.76e-04
1.22439e+00 8.73e-04
1.22472e+00 8.71e-04
1.22504e+00 8.68e-04
1.22536e+00 8.66e-04
1.22569e+00 8.65e-04
1.22601e+00 8.63e-04
1.22633e+00 8.61e-04
1.22665e+00 8.60e-04
1.22698e+00 8.59e-04
1.22747e+00 8.58e-04
1.22894e+00 8.57e-04
1.23023e+00 8.59e-04
1.23090e+00 8.60e-04
1.23122e+00 8.61e-04
1.23154e+00 8.62e-04
1.23186e+00 8.64e-04
1.23218e+00 8.65e-04
1.23250e+00 8.66e-04
1.23282e+00 8.68e-04
1.23314e+00 8.70e-04
1.23346e+00 8.71e-04
1.23378e+00 8.73e-04
1.23410e+00 8.75e-04
1.23442e+00 8.78e-04
1.23474e+00 8.80e-04
1.23509e+00 8.82e-04
1.23541e+00 8.85e-04
1.23573e+00 8.87e-04
1.23605e+00 8.90e-04
1.23637e+00 8.93e-04
1.23669e+00 8.96e-04
1.23701e+00 8.99e-04
1.23733e+00 9.02e-04
1.23765e+00 9.06e-04
1.23797e+00 9.09e-04
1.23829e+00 9.13e-04
1.23861e+00 9.16e-04
1.23892e+00 9.20e-04
1.23924e+00 9.24e-04
1.23959e+00 9.28e-04
1.23991e+00 9.32e-04
1.24023e+00 9.37e-04
1.24055e+00 9.41e-04
1.24086e+00 9.45e-04
1.24118e+00 9.50e-04
1.24150e+00 9.55e-04
1.24182e+00 9.59e-04
1.24214e+00 9.64e-04
1.24245e+00 9.69e-04
1.24277e+00 9.74e-04
1.24309e+00 9.79e-04
1.24341e+00 9.85e-04
1.24372e+00 9.90e-04
1.24404e+00 9.95e-04
1.24436e+00 1.00e-03
1.24467e+00 1.01e-03
1.24499e+00 1.01e-03
1.24534e+00 1.02e-03
1.24565e+00 1.02e-03
1.24597e+00 1.03e-03
1.24628e+00 1.04e-03
1.24660e+00 1.04e-03
1.24692e+00 1.05e-03
1.24723e+00 1.05e-03
1.24755e+00 1.06e-03
1.24787e+00 1.07e-03
1.24818e+00 1.07e-03
1.24850e+00 1.08e-03
1.24881e+00 1.09e-03
1.24913e+00 1.09e-03
1.24944e+00 1.10e-03
1.24976e+00 1.11e-03
1.25007e+00 1.11e-03
1.25039e+00 1.12e-03
1.25070e+00 1.13e-03
1.25102e+00 1.13e-03
1.25133e+00 1.14e-03
1.25165e+00 1.15e-03
1.25196e+00 1.15e-03
1.25228e+00 1.16e-03
1.25262e+00 1.17e-03
1.25293e+00 1.17e-03
1.25325e+00 1.18e-03
1.25356e+00 1.19e-03
1.25388e+00 1.20e-03
1.25419e+00 1.21e-03
1.25450e+00 1.21e-03
1.25482e+00 1.22e-03
1.25513e+00 1.23e-03
1.25545e+00 1.24e-03
1.25576e+00 1.25e-03
1.25607e+00 1.25e-03
1.25638e+00 1.26e-03
1.25670e+00 1.27e-03
1.25701e+00 1.28e-03
1.25732e+00 1.29e-03
1.25764e+00 1.30e-03
1.25795e+00 1.31e-03
1.25826e+00 1.32e-03
1.25857e+00 1.33e-03
1.25889e+00 1.34e-03
1.25920e+00 1.35e-03
1.25951e+00 1.36e-03
1.25982e+00 1.37e-03
1.26014e+00 1.38e-03
1.26045e+00 1.40e-03
1.26076e+00 1.41e-03
1.26107e+00 1.42e-03
1.26138e+00 1.43e-03
1.26169e+00 1.45e-03
1.26201e+00 1.46e-03
1.26232e+00 1.48e-03
1.26263e+00 1.49e-03
1.26294e+00 1.51e-03
1.26325e+00 1.52e-03
1.26356e+00 1.54e-03
1.26387e+00 1.55e-03
1.26418e+00 1.57e-03
1.26449e+00 1.58e-03
1.26480e+00 1.60e-03
1.26514e+00 1.62e-03
1.26545e+00 1.63e-03
1.26576e+00 1.65e-03
1.26607e+00 1.67e-03
1.26638e+00 1.68e-03
1.26669e+00 1.70e-03
1.26700e+00 1.72e-03
1.26731e+00 1.74e-03
1.26762e+00 1.75e-03
1.26793e+00 1.77e-03
1.26824e+00 1.79e-03
1.26855e+00 1.80e-03
1.26886e+00 1.82e-03
1.26917e+00 1.83e-03
1.26948e+00 1.84e-03
1.26979e+00 1.86e-03
1.27010e+00 1.87e-03
1.27041e+00 1.88e-03
1.27072e+00 1.89e-03
1.27102e+00 1.90e-03
1.27133e+00 1.90e-03
1.27164e+00 1.91e-03
1.27195e+00 1.91e-03
1.27209e+00 1.91e-03
1.27271e+00 1.91e-03
1.27301e+00 1.91e-03
1.27332e+00 1.91e-03
1.27363e+00 1.90e-03
1.27394e+00 1.90e-03
1.27424e+00 1.89e-03
1.27455e+00 1.88e-03
1.27486e+00 1.87e-03
1.27517e+00 1.86e-03
1.27547e+00 1.85e-03
1.27578e+00 1.84e-03
1.27609e+00 1.82e-03
1.27640e+00 1.81e-03
1.27670e+00 1.80e-03
1.27701e+00 1.78e-03
1.27732e+00 1.77e-03
1.27762e+00 1.75e-03
1.27793e+00 1.74e-03
1.27824e+00 1.72e-03
1.27854e+00 1.71e-03
1.27885e+00 1.70e-03
1.27915e+00 1.68e-03
1.27946e+00 1.67e-03
1.27977e+00 1.65e-03
1.28007e+00 1.64e-03
1.28038e+00 1.63e-03
1.28068e+00 1.61e-03
1.28099e+00 1.60e-03
1.28129e+00 1.59e-03
1.28160e+00 1.58e-03
1.28191e+00 1.56e-03
1.28221e+00 1.55e-03
1.28252e+00 1.54e-03
1.28282e+00 1.53e-03
1.28313e+00 1.52e-03
1.28343e+00 1.51e-03
1.28374e+00 1.50e-03
1.28404e+00 1.49e-03
1.28434e+00 1.49e-03
1.28465e+00 1.48e-03
1.28495e+00 1.47e-03
1.28526e+00 1.46e-03
1.28556e+00 1.45e-03
1.28587e+00 1.45e-03
1.28617e+00 1.44e-03
1.28647e+00 1.43e-03
1.28678e+00 1.43e-03
1.28708e+00 1.42e-03
1.28739e+00 1.42e-03
1.28769e+00 1.41e-03
1.28799e+00 1.41e-03
1.28830e+00 1.40e-03
1.28860e+00 1.40e-03
1.28890e+00 1.39e-03
1.28921e+00 1.39e-03
1.28951e+00 1.38e-03
1.28981e+00 1.38e-03
1.29011e+00 1.38e-03
1.29042e+00 1.37e-03
1.29072e+00 1.37e-03
1.29102e+00 1.37e-03
1.29132e+00 1.36e-03
1.29163e+00 1.36e-03
1.29193e+00 1.36e-03
1.29223e+00 1.36e-03
1.29253e+00 1.35e-03
1.29283e+00 1.35e-03
1.29314e+00 1.35e-03
1.29344e+00 1.35e-03
1.29374e+00 1.34e-03
1.29404e+00 1.34e-03
1.29434e+00 1.34e-03
1.29464e+00 1.34e-03
1.29495e+00 1.34e-03
1.29525e+00 1.34e-03
1.29555e+00 1.33e-03
1.29582e+00 1.33e-03
1.29599e+00 1.33e-03
1.29612e+00 1.33e-03
1.29869e+00 1.33e-03
1.30063e+00 1.32e-03
1.30555e+00 1.32e-03
1.30882e+00 1.32e-03
1.31208e+00 1.32e-03
1.31445e+00 1.33e-03
1.31619e+00 1.34e-03
1.31694e+00 1.34e-03
1.31708e+00 1.34e-03
1.31737e+00 1.34e-03
1.31943e+00 1.35e-03
1.31973e+00 1.35e-03
1.32002e+00 1.35e-03
1.32031e+00 1.35e-03
1.32061e+00 1.36e-03
1.32090e+00 1.36e-03
1.32120e+00 1.36e-03
1.32149e+00 1.36e-03
1.32178e+00 1.36e-03
1.32208e+00 1.36e-03
1.32237e+00 1.37e-03
1.32266e+00 1.37e-03
1.32296e+00 1.37e-03
1.32325e+00 1.37e-03
1.32354e+00 1.37e-03
1.32383e+00 1.38e-03
1.32413e+00 1.38e-03
1.32442e+00 1.38e-03
1.32455e+00 1.38e-03
1.32471e+00 1.39e-03
1.32484e+00 1.39e-03
1.32514e+00 1.39e-03
1.32543e+00 1.39e-03
1.32572e+00 1.40e-03
1.32601e+00 1.40e-03
1.32631e+00 1.40e-03
1.32660e+00 1.40e-03
1.32689e+00 1.41e-03
1.32718e+00 1.41e-03
1.32747e+00 1.41e-03
1.32776e+00 1.41e-03
1.32806e+00 1.42e-03
1.32835e+00 1.42e-03
1.32864e+00 1.42e-03
1.32893e+00 1.42e-03
1.32922e+00 1.43e-03
1.32951e+00 1.43e-03
1.32980e+00 1.43e-03
1.33009e+00 1.44e-03
1.33039e+00 1.44e-03
1.33068e+00 1.44e-03
1.33097e+00 1.45e-03
1.33126e+00 1.45e-03
1.33155e+00 1.45e-03
1.33184e+00 1.45e-03
1.33213e+00 1.46e-03
1.33242e+00 1.46e-03
1.33271e+00 1.46e-03
1.33300e+00 1.47e-03
1.33329e+00 1.47e-03
1.33358e+00 1.47e-03
1.33387e+00 1.48e-03
1.33416e+00 1.48e-03
1.33445e+00 1.48e-03
1.33471e+00 1.48e-03
1.33500e+00 1.49e-03
1.33529e+00 1.49e-03
1.33558e+00 1.49e-03
1.33587e+00 1.50e-03
1.33616e+00 1.50e-03
1.33645e+00 1.51e-03
1.33674e+00 1.51e-03
1.33703e+00 1.51e-03
1.33731e+00 1.52e-03
1.33760e+00 1.52e-03
1.33789e+00 1.53e-03
1.33818e+00 1.54e-03
1.33847e+00 1.54e-03
1.33876e+00 1.55e-03
1.33905e+00 1.56e-03
1.33933e+00 1.56e-03
1.33962e+00 1.57e-03
1.33991e+00 1.58e-03
1.34020e+00 1.58e-03
1.34049e+00 1.59e-03
1.34077e+00 1.59e-03
1.34106e+00 1.60e-03
1.34135e+00 1.60e-03
1.34179e+00 1.60e-03
1.34438e+00 1.61e-03
1.34464e+00 1.62e-03
1.34493e+00 1.62e-03
1.34521e+00 1.62e-03
1.34550e+00 1.63e-03
1.34578e+00 1.63e-03
1.34607e+00 1.64e-03
1.34636e+00 1.65e-03
1.34651e+00 1.65e-03
1.34680e+00 1.66e-03
1.34709e+00 1.67e-03
1.34737e+00 1.69e-03
1.34766e+00 1.70e-03
1.34794e+00 1.72e-03
1.34823e+00 1.74e-03
1.34851e+00 1.75e-03
1.34880e+00 1.77e-03
1.34909e+00 1.79e-03
1.34922e+00 1.79e-03
1.34950e+00 1.80e-03
1.34979e+00 1.81e-03
1.35007e+00 1.81e-03
1.35023e+00 1.82e-03
1.35051e+00 1.82e-03
1.35080e+00 1.81e-03
1.35108e+00 1.81e-03
1.35137e+00 1.80e-03
1.35165e+00 1.79e-03
1.35194e+00 1.78e-03
1.35222e+00 1.76e-03
1.35250e+00 1.75e-03
1.35279e+00 1.73e-03
1.35307e+00 1.72e-03
1.35336e+00 1.70e-03
1.35364e+00 1.68e-03
1.35393e+00 1.67e-03
1.35421e+00 1.65e-03
1.35449e+00 1.63e-03
1.35478e+00 1.62e-03
1.35506e+00 1.61e-03
1.35535e+00 1.59e-03
1.35563e+00 1.58e-03
1.35591e+00 1.57e-03
1.35604e+00 1.57e-03
1.35632e+00 1.56e-03
1.35661e+00 1.55e-03
1.35689e+00 1.55e-03
1.35705e+00 1.55e-03
1.35761e+00 1.55e-03
1.35789e+00 1.55e-03
1.35818e+00 1.55e-03
1.35846e+00 1.56e-03
1.35874e+00 1.57e-03
1.35903e+00 1.58e-03
1.35931e+00 1.59e-03
1.35959e+00 1.60e-03
1.35987e+00 1.62e-03
1.36016e+00 1.63e-03
1.36044e+00 1.65e-03
1.36072e+00 1.66e-03
1.36100e+00 1.68e-03
1.36128e+00 1.70e-03
1.36157e+00 1.71e-03
1.36185e+00 1.73e-03
1.36213e+00 1.75e-03
1.36241e+00 1.76e-03
1.36269e+00 1.77e-03
1.36297e+00 1.79e-03
1.36313e+00 1.79e-03
1.36341e+00 1.80e-03
1.36369e+00 1.81e-03
1.36397e+00 1.81e-03
1.36410e+00 1.81e-03
1.36438e+00 1.81e-03
1.36466e+00 1.81e-03
1.36494e+00 1.80e-03
1.36522e+00 1.79e-03
1.36538e+00 1.79e-03
1.36566e+00 1.77e-03
1.36594e+00 1.75e-03
1.36622e+00 1.74e-03
1.36650e+00 1.72e-03
1.36678e+00 1.70e-03
1.36706e+00 1.68e-03
1.36734e+00 1.67e-03
1.36762e+00 1.66e-03
1.36790e+00 1.64e-03
1.36818e+00 1.64e-03
1.36846e+00 1.63e-03
1.36874e+00 1.62e-03
1.36902e+00 1.62e-03
1.36930e+00 1.61e-03
1.36958e+00 1.61e-03
1.36986e+00 1.60e-03
1.37014e+00 1.60e-03
1.37042e+00 1.60e-03
1.37070e+00 1.60e-03
1.37098e+00 1.60e-03
1.37126e+00 1.59e-03
1.37154e+00 1.59e-03
1.37182e+00 1.59e-03
1.37209e+00 1.59e-03
1.37237e+00 1.59e-03
1.37265e+00 1.58e-03
1.37293e+00 1.58e-03
1.37321e+00 1.58e-03
1.37349e+00 1.58e-03
1.37377e+00 1.57e-03
1.37404e+00 1.57e-03
1.37435e+00 1.56e-03
1.37463e+00 1.56e-03
1.37490e+00 1.55e-03
1.37518e+00 1.54e-03
1.37546e+00 1.54e-03
1.37574e+00 1.53e-03
1.37602e+00 1.52e-03
1.37629e+00 1.52e-03
1.37657e+00 1.51e-03
1.37685e+00 1.51e-03
1.37713e+00 1.51e-03
1.37740e+00 1.50e-03
1.37768e+00 1.50e-03
1.37796e+00 1.50e-03
1.37922e+00 1.49e-03
1.38131e+00 1.49e-03
1.38489e+00 1.50e-03
1.39468e+00 1.51e-03
1.40005e+00 1.51e-03
1.40467e+00 1.51e-03
1.40769e+00 1.50e-03
1.41135e+00 1.49e-03
1.41150e+00 1.49e-03
1.41719e+00 1.48e-03
1.41866e+00 1.47e-03
1.41881e+00 1.48e-03
1.42070e+00 1.47e-03
1.44784e+00 1.36e-03
1.46935e+00 1.28e-03
1.48176e+00 1.24e-03
1.49414e+00 1.20e-03
1.51522e+00 1.13e-03
1.53564e+00 1.07e-03
1.54805e+00 1.03e-03
1.57524e+00 9.59e-04
1.58734e+00 9.28e-04
1.61808e+00 8.54e-04
1.63738e+00 8.09e-04
1.67100e+00 7.38e-04
1.68230e+00 7.15e-04
1.71524e+00 6.53e-04
1.72948e+00 6.28e-04
1.76760e+00 5.65e-04
1.77967e+00 5.46e-04
1.81272e+00 4.97e-04
1.85990e+00 4.36e-04
1.90558e+00 3.83e-04
1.93026e+00 3.57e-04
1.93200e+00 3.55e-04
1.93235e+00 3.55e-04
1.93269e+00 3.54e-04
1.93304e+00 3.54e-04
1.93339e+00 3.54e-04
1.93374e+00 3.53e-04
1.93408e+00 3.53e-04
1.93443e+00 3.53e-04
1.93478e+00 3.52e-04
1.93514e+00 3.52e-04
1.93548e+00 3.52e-04
1.93583e+00 3.51e-04
1.93618e+00 3.51e-04
1.93652e+00 3.51e-04
1.93688e+00 3.50e-04
1.93723e+00 3.50e-04
1.93758e+00 3.49e-04
1.93794e+00 3.49e-04
1.93828e+00 3.49e-04
1.96872e+00 3.20e-04
1.96910e+00 3.20e-04
1.96947e+00 3.19e-04
1.96985e+00 3.19e-04
1.97023e+00 3.19e-04
1.97060e+00 3.18e-04
1.97098e+00 3.18e-04
1.97136e+00 3.17e-04
1.97173e+00 3.17e-04
1.97211e+00 3.17e-04
1.97248e+00 3.16e-04
1.97286e+00 3.16e-04
1.97323e+00 3.16e-04
1.97361e+00 3.15e-04
1.97400e+00 3.15e-04
1.97437e+00 3.15e-04
1.97475e+00 3.14e-04
1.97514e+00 3.14e-04
1.97551e+00 3.14e-04
1.97588e+00 3.13e-04
1.97627e+00 3.13e-04
1.97665e+00 3.13e-04
1.97703e+00 3.12e-04
1.97741e+00 3.12e-04
1.97780e+00 3.12e-04
1.97817e+00 3.11e-04
1.97856e+00 3.11e-04
1.97894e+00 3.11e-04
1.97932e+00 3.10e-04
1.97970e+00 3.10e-04
1.98009e+00 3.10e-04
1.98048e+00 3.09e-04
1.98086e+00 3.09e-04
1.98125e+00 3.08e-04
1.98162e+00 3.08e-04
1.98201e+00 3.08e-04
1.98239e+00 3.08e-04
1.98278e+00 3.07e-04
1.98318e+00 3.07e-04
1.98356e+00 3.07e-04
1.98395e+00 3.06e-04
1.98433e+00 3.06e-04
1.98472e+00 3.06e-04
1.98510e+00 3.05e-04
1.98550e+00 3.05e-04
1.98589e+00 3.05e-04
1.98627e+00 3.04e-04
1.98667e+00 3.04e-04
1.98705e+00 3.04e-04
1.98745e+00 3.03e-04
1.98783e+00 3.03e-04
1.98823e+00 3.03e-04
1.98861e+00 3.02e-04
1.98901e+00 3.02e-04
1.98939e+00 3.02e-04
1.98979e+00 3.01e-04
1.99019e+00 3.01e-04
1.99058e+00 3.01e-04
1.99097e+00 3.00e-04
1.99136e+00 3.00e-04
1.99176e+00 3.00e-04
1.99215e+00 2.99e-04
1.99255e+00 2.99e-04
1.99294e+00 2.99e-04
1.99334e+00 2.98e-04
1.99373e+00 2.98e-04
1.99413e+00 2.98e-04
1.99452e+00 2.97e-04
1.99492e+00 2.97e-04
1.99533e+00 2.97e-04
1.99572e+00 2.96e-04
1.99611e+00 2.96e-04
1.99652e+00 2.96e-04
1.99692e+00 2.95e-04
1.99731e+00 2.95e-04
1.99772e+00 2.95e-04
1.99811e+00 2.94e-04
1.99852e+00 2.94e-04
1.99891e+00 2.94e-04
1.99932e+00 2.93e-04
1.99972e+00 2.93e-04
2.00011e+00 2.92e-04
2.00052e+00 2.92e-04
2.00093e+00 2.92e-04
2.00133e+00 2.92e-04
2.00174e+00 2.91e-04
2.00214e+00 2.91e-04
2.00253e+00 2.90e-04
2.00294e+00 2.90e-04
2.00334e+00 2.90e-04
2.00376e+00 2.89e-04
2.00417e+00 2.89e-04
2.00457e+00 2.89e-04
2.00497e+00 2.88e-04
2.00538e+00 2.88e-04
2.00580e+00 2.88e-04
2.00620e+00 2.87e-04
2.00660e+00 2.87e-04
2.00702e+00 2.87e-04
2.00742e+00 2.86e-04
2.00784e+00 2.86e-04
2.00824e+00 2.86e-04
2.00866e+00 2.85e-04
2.00906e+00 2.85e-04
2.00947e+00 2.85e-04
2.00989e+00 2.84e-04
2.01029e+00 2.84e-04
2.01071e+00 2.84e-04
2.01112e+00 2.83e-04
2.01154e+00 2.83e-04
2.01174e+00 2.83e-04
2.01215e+00 2.82e-04
2.01257e+00 2.82e-04
2.01298e+00 2.82e-04
2.01341e+00 2.81e-04
2.01382e+00 2.81e-04
2.01424e+00 2.81e-04
2.01465e+00 2.80e-04
2.01506e+00 2.80e-04
2.01549e+00 2.80e-04
2.01590e+00 2.79e-04
2.01632e+00 2.79e-04
2.01674e+00 2.79e-04
2.01715e+00 2.78e-04
2.01758e+00 2.78e-04
2.01800e+00 2.78e-04
2.01842e+00 2.77e-04
2.01884e+00 2.77e-04
2.01927e+00 2.76e-04
2.01968e+00 2.76e-04
2.02010e+00 2.76e-04
2.02053e+00 2.75e-04
2.02095e+00 2.75e-04
2.02138e+00 2.75e-04
2.02180e+00 2.74e-04
2.02222e+00 2.74e-04
2.02265e+00 2.74e-04
2.02307e+00 2.73e-04
2.02351e+00 2.73e-04
2.02393e+00 2.73e-04
2.02435e+00 2.72e-04
2.02479e+00 2.72e-04
2.02521e+00 2.72e-04
2.02563e+00 2.72e-04
2.02607e+00 2.71e-04
2.02650e+00 2.71e-04
2.02692e+00 2.71e-04
2.02736e+00 2.70e-04
2.02779e+00 2.70e-04
2.02821e+00 2.70e-04
2.02865e+00 2.69e-04
2.02908e+00 2.69e-04
2.02952e+00 2.69e-04
2.02995e+00 2.68e-04
2.03038e+00 2.68e-04
2.03082e+00 2.68e-04
2.03125e+00 2.67e-04
2.03168e+00 2.67e-04
2.03213e+00 2.67e-04
2.03256e+00 2.66e-04
2.03299e+00 2.66e-04
2.03344e+00 2.66e-04
2.03387e+00 2.65e-04
2.03431e+00 2.65e-04
2.03474e+00 2.65e-04
2.03519e+00 2.64e-04
2.03562e+00 2.64e-04
2.03606e+00 2.64e-04
2.03651e+00 2.63e-04
2.03695e+00 2.63e-04
2.03739e+00 2.63e-04
2.03784e+00 2.62e-04
2.03828e+00 2.62e-04
2.03872e+00 2.62e-04
2.03917e+00 2.61e-04
2.03961e+00 2.61e-04
2.04005e+00 2.61e-04
2.04049e+00 2.60e-04
2.04095e+00 2.60e-04
2.04139e+00 2.60e-04
2.04183e+00 2.59e-04
2.04228e+00 2.59e-04
2.04274e+00 2.59e-04
2.04318e+00 2.58e-04
2.04363e+00 2.58e-04
2.04409e+00 2.58e-04
2.04453e+00 2.57e-04
2.04498e+00 2.57e-04
2.04543e+00 2.57e-04
2.04588e+00 2.56e-04
2.04634e+00 2.56e-04
2.04679e+00 2.56e-04
2.04724e+00 2.55e-04
2.04771e+00 2.55e-04
2.04816e+00 2.55e-04
2.04861e+00 2.54e-04
2.04907e+00 2.54e-04
2.04952e+00 2.54e-04
2.04997e+00 2.53e-04
2.05044e+00 2.53e-04
2.05090e+00 2.53e-04
2.05135e+00 2.52e-04
2.05181e+00 2.52e-04
2.05228e+00 2.52e-04
2.05274e+00 2.51e-04
2.05320e+00 2.51e-04
2.05366e+00 2.50e-04
2.05412e+00 2.50e-04
2.05459e+00 2.50e-04
2.05505e+00 2.49e-04
2.05551e+00 2.49e-04
2.05598e+00 2.49e-04
2.05644e+00 2.48e-04
2.05691e+00 2.48e-04
2.05737e+00 2.48e-04
2.05785e+00 2.47e-04
2.05831e+00 2.47e-04
2.05878e+00 2.47e-04
2.05925e+00 2.46e-04
2.05972e+00 2.46e-04
2.06020e+00 2.46e-04
2.06067e+00 2.45e-04
2.06114e+00 2.45e-04
2.06161e+00 2.45e-04
2.06208e+00 2.44e-04
2.06255e+00 2.44e-04
2.06303e+00 2.44e-04
2.06350e+00 2.43e-04
2.06399e+00 2.43e-04
2.06445e+00 2.43e-04
2.06494e+00 2.42e-04
2.06541e+00 2.42e-04
2.06589e+00 2.42e-04
2.06637e+00 2.41e-04
2.06685e+00 2.41e-04
2.06733e+00 2.41e-04
2.06781e+00 2.40e-04
2.06829e+00 2.40e-04
2.06877e+00 2.40e-04
2.06925e+00 2.39e-04
2.06974e+00 2.39e-04
2.07022e+00 2.39e-04
2.07070e+00 2.38e-04
2.07120e+00 2.38e-04
2.07169e+00 2.38e-04
2.07217e+00 2.37e-04
2.07266e+00 2.37e-04
2.07315e+00 2.37e-04
2.07364e+00 2.36e-04
2.07413e+00 2.36e-04
2.07462e+00 2.36e-04
2.07511e+00 2.36e-04
2.07560e+00 2.35e-04
2.07609e+00 2.35e-04
2.07659e+00 2.35e-04
2.07708e+00 2.34e-04
2.07758e+00 2.34e-04
2.07807e+00 2.34e-04
2.07857e+00 2.33e-04
2.07907e+00 2.33e-04
2.07957e+00 2.33e-04
2.08007e+00 2.32e-04
2.08057e+00 2.32e-04
2.08107e+00 2.32e-04
2.08156e+00 2.31e-04
2.08206e+00 2.31e-04
2.08256e+00 2.31e-04
2.08307e+00 2.30e-04
2.08357e+00 2.30e-04
2.08408e+00 2.30e-04
2.08459e+00 2.29e-04
2.08509e+00 2.29e-04
2.08560e+00 2.28e-04
2.08611e+00 2.28e-04
2.08662e+00 2.28e-04
2.08712e+00 2.27e-04
2.08763e+00 2.27e-04
2.08814e+00 2.27e-04
2.08866e+00 2.26e-04
2.08917e+00 2.26e-04
2.08969e+00 2.26e-04
2.09020e+00 2.25e-04
2.09072e+00 2.25e-04
2.09123e+00 2.25e-04
2.09175e+00 2.24e-04
2.09227e+00 2.24e-04
2.09279e+00 2.24e-04
2.09331e+00 2.23e-04
2.09383e+00 2.23e-04
2.09434e+00 2.23e-04
2.09487e+00 2.22e-04
2.09539e+00 2.22e-04
2.09592e+00 2.22e-04
2.09643e+00 2.21e-04
2.09696e+00 2.21e-04
2.09749e+00 2.21e-04
2.09802e+00 2.20e-04
2.09855e+00 2.20e-04
2.09907e+00 2.20e-04
2.09960e+00 2.19e-04
2.10014e+00 2.19e-04
2.10066e+00 2.19e-04
2.10120e+00 2.18e-04
2.10173e+00 2.18e-04
2.10227e+00 2.18e-04
2.10280e+00 2.17e-04
2.10334e+00 2.17e-04
2.10388e+00 2.17e-04
2.10441e+00 2.16e-04
2.10495e+00 2.16e-04
2.10549e+00 2.16e-04
2.10603e+00 2.15e-04
2.10657e+00 2.15e-04
2.10712e+00 2.15e-04
2.10766e+00 2.14e-04
2.10820e+00 2.14e-04
2.10875e+00 2.14e-04
2.10929e+00 2.13e-04
2.10985e+00 2.13e-04
2.11040e+00 2.13e-04
2.11094e+00 2.12e-04
2.11150e+00 2.12e-04
2.11204e+00 2.12e-04
2.11260e+00 2.11e-04
2.11315e+00 2.11e-04
2.11371e+00 2.11e-04
2.11427e+00 2.10e-04
2.11482e+00 2.10e-04
2.11538e+00 2.10e-04
2.11593e+00 2.09e-04
2.11650e+00 2.09e-04
2.11705e+00 2.09e-04
2.11762e+00 2.08e-04
2.11818e+00 2.08e-04
2.11875e+00 2.08e-04
2.11931e+00 2.07e-04
2.11988e+00 2.07e-04
2.12044e+00 2.07e-04
2.12100e+00 2.06e-04
2.12158e+00 2.06e-04
2.12214e+00 2.06e-04
2.12272e+00 2.05e-04
2.12329e+00 2.05e-04
2.12387e+00 2.05e-04
2.12444e+00 2.04e-04
2.12501e+00 2.04e-04
2.12559e+00 2.04e-04
2.12617e+00 2.03e-04
2.12674e+00 2.03e-04
2.12733e+00 2.02e-04
2.12791e+00 2.02e-04
2.12849e+00 2.02e-04
2.12908e+00 2.01e-04
2.12966e+00 2.01e-04
2.13024e+00 2.01e-04
2.13084e+00 2.00e-04
2.13142e+00 2.00e-04
2.13201e+00 2.00e-04
2.13260e+00 1.99e-04
2.13320e+00 1.99e-04
2.13379e+00 1.99e-04
2.13438e+00 1.98e-04
2.13497e+00 1.98e-04
2.13557e+00 1.98e-04
2.13618e+00 1.97e-04
2.13677e+00 1.97e-04
2.13737e+00 1.97e-04
2.13797e+00 1.96e-04
2.13857e+00 1.96e-04
2.13918e+00 1.96e-04
2.13978e+00 1.95e-04
2.14040e+00 1.95e-04
2.14101e+00 1.94e-04
2.14161e+00 1.94e-04
2.14222e+00 1.94e-04
2.14284e+00 1.93e-04
2.14345e+00 1.93e-04
2.14406e+00 1.93e-04
2.14468e+00 1.92e-04
2.14530e+00 1.92e-04
2.14592e+00 1.92e-04
2.14654e+00 1.91e-04
2.14716e+00 1.91e-04
2.14778e+00 1.91e-04
2.14841e+00 1.90e-04
2.14903e+00 1.90e-04
2.14966e+00 1.90e-04
2.15028e+00 1.89e-04
2.15091e+00 1.89e-04
2.15155e+00 1.89e-04
2.15218e+00 1.88e-04
2.15282e+00 1.88e-04
2.15345e+00 1.88e-04
2.15409e+00 1.87e-04
2.15472e+00 1.87e-04
2.15537e+00 1.87e-04
2.15601e+00 1.86e-04
2.15666e+00 1.86e-04
2.15729e+00 1.86e-04
2.15794e+00 1.85e-04
2.15859e+00 1.85e-04
2.15923e+00 1.85e-04
2.15989e+00 1.84e-04
2.16054e+00 1.84e-04
2.16119e+00 1.83e-04
2.16185e+00 1.83e-04
2.16251e+00 1.83e-04
2.16317e+00 1.82e-04
2.16383e+00 1.82e-04
2.16449e+00 1.82e-04
2.16516e+00 1.81e-04
2.16583e+00 1.81e-04
2.16649e+00 1.81e-04
2.16715e+00 1.80e-04
2.16783e+00 1.80e-04
2.16849e+00 1.80e-04
2.16917e+00 1.79e-04
2.16984e+00 1.79e-04
2.17053e+00 1.79e-04
2.17120e+00 1.78e-04
2.17188e+00 1.78e-04
2.17257e+00 1.77e-04
2.17325e+00 1.77e-04
2.17393e+00 1.77e-04
2.17463e+00 1.76e-04
2.17531e+00 1.76e-04
2.17600e+00 1.76e-04
2.17669e+00 1.75e-04
2.17740e+00 1.75e-04
2.17809e+00 1.75e-04
2.17879e+00 1.74e-04
2.17949e+00 1.74e-04
2.18019e+00 1.74e-04
2.18089e+00 1.73e-04
2.18160e+00 1.73e-04
2.18231e+00 1.72e-04
2.18302e+00 1.72e-04
2.18373e+00 1.72e-04
2.18444e+00 1.71e-04
2.18516e+00 1.71e-04
2.18588e+00 1.71e-04
2.18660e+00 1.70e-04
2.18732e+00 1.70e-04
2.18805e+00 1.70e-04
2.18878e+00 1.69e-04
2.18951e+00 1.69e-04
2.19023e+00 1.69e-04
2.19096e+00 1.68e-04
2.19170e+00 1.68e-04
2.19244e+00 1.68e-04
2.19317e+00 1.67e-04
2.19392e+00 1.67e-04
2.19465e+00 1.66e-04
2.19540e+00 1.66e-04
2.19615e+00 1.66e-04
2.19690e+00 1.65e-04
2.19766e+00 1.65e-04
2.19841e+00 1.65e-04
2.19917e+00 1.64e-04
2.19992e+00 1.64e-04
2.20069e+00 1.64e-04
2.20145e+00 1.63e-04
2.20221e+00 1.63e-04
2.20299e+00 1.62e-04
2.20376e+00 1.62e-04
2.20453e+00 1.62e-04
2.20530e+00 1.61e-04
2.20609e+00 1.61e-04
2.20687e+00 1.61e-04
2.20765e+00 1.60e-04
2.20843e+00 1.60e-04
2.20922e+00 1.59e-04
2.21001e+00 1.59e-04
2.21081e+00 1.59e-04
2.21160e+00 1.58e-04
2.21240e+00 1.58e-04
2.21320e+00 1.58e-04
2.21401e+00 1.57e-04
2.21481e+00 1.57e-04
2.21562e+00 1.56e-04
2.21643e+00 1.56e-04
2.21725e+00 1.56e-04
2.21806e+00 1.55e-04
2.21889e+00 1.55e-04
2.21971e+00 1.55e-04
2.22054e+00 1.54e-04
2.22136e+00 1.54e-04
2.22220e+00 1.54e-04
2.22303e+00 1.53e-04
2.22387e+00 1.53e-04
2.22471e+00 1.52e-04
2.22555e+00 1.52e-04
2.22641e+00 1.52e-04
2.22725e+00 1.51e-04
2.22811e+00 1.51e-04
2.22896e+00 1.51e-04
2.22982e+00 1.50e-04
2.23068e+00 1.50e-04
2.23155e+00 1.49e-04
2.23242e+00 1.49e-04
2.23329e+00 1.49e-04
2.23417e+00 1.48e-04
2.23504e+00 1.48e-04
2.23593e+00 1.48e-04
2.23681e+00 1.47e-04
2.23771e+00 1.47e-04
2.23859e+00 1.46e-04
2.23950e+00 1.46e-04
2.24039e+00 1.46e-04
2.24129e+00 1.45e-04
2.24220e+00 1.45e-04
2.24311e+00 1.44e-04
2.24402e+00 1.44e-04
2.24495e+00 1.44e-04
2.24587e+00 1.43e-04
2.24679e+00 1.43e-04
2.24772e+00 1.42e-04
2.24866e+00 1.42e-04
2.24960e+00 1.42e-04
2.25053e+00 1.41e-04
2.25148e+00 1.41e-04
2.25243e+00 1.40e-04
2.25338e+00 1.40e-04
2.25434e+00 1.40e-04
2.25529e+00 1.39e-04
2.25627e+00 1.39e-04
2.25723e+00 1.39e-04
2.25820e+00 1.38e-04
2.25919e+00 1.38e-04
2.26017e+00 1.37e-04
2.26116e+00 1.37e-04
2.26215e+00 1.37e-04
2.26315e+00 1.36e-04
2.26415e+00 1.36e-04
2.26515e+00 1.35e-04
2.26616e+00 1.35e-04
2.26718e+00 1.35e-04
2.26820e+00 1.34e-04
2.26922e+00 1.34e-04
2.27026e+00 1.33e-04
2.27129e+00 1.33e-04
2.27233e+00 1.33e-04
2.27337e+00 1.32e-04
2.27442e+00 1.32e-04
2.27548e+00 1.31e-04
2.27654e+00 1.31e-04
2.27761e+00 1.31e-04
2.27868e+00 1.30e-04
2.27976e+00 1.30e-04
2.28084e+00 1.29e-04
2.28193e+00 1.29e-04
2.28303e+00 1.28e-04
2.28413e+00 1.28e-04
2.28523e+00 1.28e-04
2.28634e+00 1.27e-04
2.28746e+00 1.27e-04
2.28858e+00 1.26e-04
2.28971e+00 1.26e-04
2.29085e+00 1.25e-04
2.29199e+00 1.25e-04
2.29314e+00 1.25e-04
2.29429e+00 1.24e-04
2.29546e+00 1.24e-04
2.29663e+00 1.23e-04
2.29780e+00 1.23e-04
2.29898e+00 1.23e-04
2.30017e+00 1.22e-04
2.30136e+00 1.22e-04
2.30258e+00 1.21e-04
2.30378e+00 1.21e-04
2.30498e+00 1.20e-04
2.30618e+00 1.20e-04
2.30747e+00 1.20e-04
2.30867e+00 1.19e-04
2.30996e+00 1.19e-04
2.31125e+00 1.18e-04
2.31244e+00 1.18e-04
2.31372e+00 1.17e-04
2.31501e+00 1.17e-04
2.31629e+00 1.16e-04
2.31757e+00 1.16e-04
2.31895e+00 1.16e-04
2.32023e+00 1.15e-04
2.32160e+00 1.15e-04
2.32288e+00 1.14e-04
2.32425e+00 1.14e-04
2.32562e+00 1.13e-04
2.32698e+00 1.13e-04
2.32835e+00 1.12e-04
2.32971e+00 1.12e-04
2.33108e+00 1.11e-04
2.33253e+00 1.11e-04
2.33389e+00 1.11e-04
2.33466e+00 1.10e-04
2.33534e+00 1.10e-04
2.33679e+00 1.09e-04
2.33824e+00 1.09e-04
2.33969e+00 1.09e-04
2.34113e+00 1.08e-04
2.34267e+00 1.08e-04
2.34411e+00 1.07e-04
2.34564e+00 1.07e-04
2.34718e+00 1.06e-04
2.34871e+00 1.06e-04
2.35023e+00 1.05e-04
2.35176e+00 1.05e-04
2.35337e+00 1.04e-04
2.35499e+00 1.04e-04
2.35650e+00 1.03e-04
2.35811e+00 1.03e-04
2.35982e+00 1.02e-04
2.36142e+00 1.02e-04
2.36312e+00 1.01e-04
2.36471e+00 1.01e-04
2.36640e+00 1.00e-04
2.36819e+00 9.98e-05
2.36987e+00 9.93e-05
2.37164e+00 9.88e-05
2.37332e+00 9.83e-05
2.37518e+00 9.78e-05
2.37695e+00 9.72e-05
2.37871e+00 9.67e-05
2.38056e+00 9.62e-05
2.38241e+00 9.57e-05
2.38426e+00 9.52e-05
2.38619e+00 9.46e-05
2.38812e+00 9.41e-05
2.39005e+00 9.36e-05
2.39197e+00 9.30e-05
2.39398e+00 9.25e-05
2.39598e+00 9.19e-05
2.39799e+00 9.14e-05
2.40007e+00 9.08e-05
2.40216e+00 9.02e-05
2.40424e+00 8.97e-05
2.40640e+00 8.91e-05
2.40848e+00 8.86e-05
2.41072e+00 8.80e-05
2.41296e+00 8.74e-05
2.41520e+00 8.68e-05
2.41743e+00 8.63e-05
2.41975e+00 8.57e-05
2.42214e+00 8.51e-05
2.42454e+00 8.45e-05
2.42692e+00 8.39e-05
2.42939e+00 8.33e-05
2.43186e+00 8.26e-05
2.43440e+00 8.20e-05
2.43694e+00 8.14e-05
2.43956e+00 8.07e-05
2.44226e+00 8.01e-05
2.44495e+00 7.95e-05
2.44772e+00 7.88e-05
2.45057e+00 7.82e-05
2.45342e+00 7.75e-05
2.45634e+00 7.68e-05
2.45933e+00 7.62e-05
2.46241e+00 7.55e-05
2.46547e+00 7.48e-05
2.46861e+00 7.41e-05
2.47191e+00 7.33e-05
2.47519e+00 7.26e-05
2.47855e+00 7.19e-05
2.48207e+00 7.12e-05
2.48566e+00 7.04e-05
2.48923e+00 6.97e-05
2.49304e+00 6.89e-05
2.49684e+00 6.81e-05
2.50078e+00 6.73e-05
2.50487e+00 6.65e-05
2.50911e+00 6.56e-05
2.51341e+00 6.48e-05
2.51786e+00 6.40e-05
2.52252e+00 6.31e-05
2.52733e+00 6.22e-05
2.53227e+00 6.13e-05
2.53742e+00 6.03e-05
2.54286e+00 5.94e-05
2.54843e+00 5.84e-05
2.55428e+00 5.74e-05
2.56048e+00 5.63e-05
2.56695e+00 5.53e-05
2.57376e+00 5.41e-05
2.58097e+00 5.30e-05
2.58867e+00 5.18e-05
2.59264e+00 5.12e-05
2.60113e+00 4.99e-05
2.61029e+00 4.85e-05
2.62024e+00 4.71e-05
2.62554e+00 4.63e-05
2.63110e+00 4.56e-05
2.63698e+00 4.48e-05
2.64971e+00 4.31e-05
2.65669e+00 4.22e-05
2.66410e+00 4.13e-05
2.67215e+00 4.03e-05
2.68082e+00 3.93e-05
2.69029e+00 3.82e-05
2.70069e+00 3.70e-05
2.71231e+00 3.58e-05
2.72543e+00 3.43e-05
2.74065e+00 3.28e-05
2.75874e+00 3.11e-05
2.78130e+00 2.91e-05
2.81151e+00 2.66e-05
2.85859e+00 2.31e-05
2.99573e+00 1.54e-05
