# OPACITY Project tables
-2.61515e+00 9.15e-02
-2.27341e+00 3.18e-02
-2.07433e+00 1.73e-02
-1.93351e+00 1.13e-02
-1.82455e+00 8.24e-03
-1.73574e+00 6.40e-03
-1.66078e+00 4.97e-03
-1.59603e+00 4.23e-03
-1.53898e+00 4.27e-03
-1.48802e+00 6.54e-03
-1.44198e+00 2.73e-03
-1.40003e+00 2.27e-03
-1.36148e+00 2.10e-03
-1.32584e+00 1.94e-03
-1.29269e+00 2.15e-03
-1.26174e+00 1.56e-03
-1.23268e+00 1.53e-03
-1.20531e+00 1.37e-03
-1.17944e+00 1.27e-03
-1.15493e+00 1.14e-03
-1.13165e+00 1.31e-03
-1.10945e+00 1.01e-03
-1.08827e+00 1.04e-03
-1.06799e+00 1.08e-03
-1.04857e+00 1.34e-03
-1.02994e+00 1.36e-03
-1.01200e+00 8.98e-04
-9.94739e-01 1.39e-03
-9.78086e-01 7.36e-04
-9.62021e-01 7.01e-04
-9.46492e-01 1.15e-03
-9.31455e-01 6.38e-04
-9.16916e-01 6.92e-04
-9.02807e-01 6.14e-04
-8.89113e-01 5.79e-04
-8.75797e-01 1.61e-03
-8.62868e-01 5.79e-04
-8.50292e-01 5.09e-04
-8.38057e-01 6.29e-04
-8.26130e-01 6.02e-04
-8.14502e-01 7.27e-04
-8.03185e-01 5.15e-04
-7.92106e-01 4.42e-04
-7.81301e-01 4.00e-04
-7.70741e-01 3.90e-04
-7.60420e-01 3.88e-04
-7.50331e-01 3.83e-04
-7.40469e-01 4.11e-04
-7.30787e-01 8.16e-04
-7.21320e-01 1.14e-03
-7.12045e-01 1.06e-03
-7.02955e-01 4.31e-04
-6.94048e-01 3.49e-04
-6.85298e-01 3.19e-04
-6.76723e-01 3.03e-04
-6.68298e-01 2.94e-04
-6.60041e-01 2.97e-04
-6.51909e-01 2.95e-04
-6.43938e-01 3.27e-04
-6.36087e-01 5.34e-04
-6.28390e-01 5.57e-04
-6.20808e-01 1.36e-03
-6.13357e-01 5.24e-04
-6.06016e-01 4.32e-04
-5.98801e-01 2.78e-04
-5.91692e-01 2.56e-04
-5.84687e-01 2.46e-04
-5.77803e-01 2.42e-04
-5.71018e-01 2.42e-04
-5.64314e-01 2.36e-04
-5.57725e-01 2.41e-04
-5.51231e-01 2.64e-04
-5.44831e-01 2.77e-04
-5.38505e-01 2.52e-04
-5.32288e-01 2.29e-04
-5.26142e-01 2.21e-04
-5.20085e-01 2.27e-04
-5.14098e-01 2.16e-04
-5.08196e-01 1.99e-04
-5.02362e-01 1.90e-04
-4.96610e-01 1.85e-04
-4.90925e-01 1.82e-04
-4.85320e-01 1.80e-04
-4.79779e-01 1.84e-04
-4.74301e-01 1.83e-04
-4.68884e-01 1.81e-04
-4.63545e-01 1.72e-04
-4.58265e-01 1.75e-04
-4.53044e-01 1.72e-04
-4.47882e-01 3.02e-04
-4.42778e-01 1.86e-04
-4.37730e-01 1.75e-04
-4.32739e-01 1.63e-04
-4.27803e-01 1.58e-04
-4.22922e-01 1.60e-04
-4.18095e-01 1.71e-04
-4.13321e-01 1.77e-04
-4.08585e-01 1.89e-04
-4.03901e-01 1.80e-04
-3.99284e-01 1.61e-04
-3.94688e-01 1.55e-04
-3.90158e-01 1.52e-04
-3.85662e-01 1.51e-04
-3.81216e-01 1.44e-04
-3.76819e-01 2.64e-04
-3.72456e-01 1.43e-04
-3.68126e-01 1.41e-04
-3.59622e-01 1.47e-04
-3.55419e-01 1.57e-04
-3.51261e-01 1.83e-04
-3.47135e-01 2.40e-04
-3.43054e-01 2.66e-04
-3.39003e-01 2.95e-04
-3.34997e-01 2.38e-04
-3.31021e-01 1.80e-04
-3.27088e-01 1.50e-04
-3.23185e-01 1.36e-04
-3.19310e-01 1.29e-04
-3.15464e-01 1.28e-04
-3.11661e-01 1.49e-04
-3.07885e-01 2.88e-04
-3.04150e-01 1.26e-04
-3.00430e-01 1.21e-04
-2.96750e-01 1.27e-04
-2.93097e-01 2.25e-04
-2.89484e-01 1.90e-04
-2.85884e-01 1.42e-04
-2.82323e-01 1.61e-04
-2.78788e-01 1.72e-04
-2.75279e-01 1.85e-04
-2.71796e-01 2.01e-04
-2.68350e-01 1.86e-04
-2.64917e-01 3.50e-04
-2.61521e-01 1.88e-04
-2.58149e-01 1.19e-04
-2.54802e-01 1.08e-04
-2.51466e-01 1.05e-04
-2.48167e-01 1.09e-04
-2.44891e-01 1.41e-04
-2.41639e-01 1.03e-04
-2.38409e-01 1.12e-04
-2.35203e-01 5.53e-04
-2.32020e-01 1.42e-04
-2.28860e-01 3.78e-04
-2.25722e-01 1.09e-04
-2.22606e-01 1.08e-04
-2.19513e-01 9.86e-05
-2.16441e-01 9.36e-05
-2.13391e-01 9.17e-05
-2.10363e-01 9.12e-05
-2.07344e-01 9.17e-05
-2.04359e-01 9.88e-05
-2.01382e-01 9.56e-05
-1.98439e-01 9.60e-05
-1.95504e-01 9.93e-05
-1.92590e-01 1.05e-04
-1.89697e-01 1.13e-04
-1.86824e-01 3.19e-04
-1.83971e-01 1.24e-04
-1.81126e-01 1.20e-04
-1.78314e-01 1.18e-04
-1.75509e-01 1.17e-04
-1.72724e-01 1.23e-04
-1.69958e-01 1.38e-04
-1.67200e-01 9.55e-05
-1.64474e-01 8.94e-05
-1.61755e-01 8.55e-05
-1.59054e-01 8.27e-05
-1.56373e-01 8.07e-05
-1.53699e-01 7.93e-05
-1.51044e-01 7.84e-05
-1.48407e-01 8.15e-05
-1.45789e-01 1.31e-04
-1.43189e-01 7.68e-05
-1.40596e-01 7.46e-05
-1.38021e-01 7.38e-05
-1.35453e-01 7.32e-05
-1.32914e-01 7.28e-05
-1.30382e-01 7.39e-05
-1.27867e-01 7.38e-05
-1.25359e-01 7.43e-05
-1.22868e-01 7.70e-05
-1.20395e-01 9.20e-05
-1.17928e-01 1.45e-04
-1.15489e-01 3.69e-04
-1.13057e-01 9.30e-05
-1.10630e-01 1.30e-04
-1.08220e-01 3.65e-04
-1.05827e-01 9.67e-05
-1.03440e-01 1.00e-04
-1.01070e-01 1.35e-03
-9.87160e-02 1.00e-04
-9.63788e-02 8.37e-05
-9.40360e-02 1.16e-04
-9.17206e-02 7.39e-05
-8.94106e-02 7.10e-05
-8.71168e-02 6.94e-05
-8.48283e-02 6.82e-05
-8.25559e-02 6.71e-05
-8.02994e-02 6.62e-05
-7.80480e-02 6.54e-05
-7.58125e-02 6.48e-05
-7.35820e-02 6.44e-05
-7.13671e-02 6.50e-05
-6.91679e-02 6.71e-05
-6.69735e-02 1.21e-04
-6.47839e-02 7.61e-05
-6.26097e-02 6.68e-05
-6.04509e-02 7.01e-05
-5.82967e-02 1.13e-04
-5.61577e-02 1.96e-04
-5.40233e-02 7.27e-05
-5.19040e-02 6.53e-05
-4.97997e-02 6.35e-05
-4.76998e-02 6.32e-05
-4.56042e-02 6.55e-05
-4.35236e-02 1.94e-04
-4.14576e-02 3.61e-04
-3.93959e-02 6.85e-05
-3.73385e-02 6.12e-05
-3.52956e-02 5.94e-05
-3.32673e-02 5.85e-05
-3.12430e-02 5.80e-05
-2.92229e-02 5.79e-05
-2.72170e-02 5.81e-05
-2.52255e-02 5.88e-05
-2.32379e-02 6.04e-05
-2.12543e-02 6.39e-05
-1.92848e-02 7.53e-05
-1.73293e-02 2.16e-04
-1.53675e-02 1.62e-04
-1.34298e-02 9.26e-05
-1.14958e-02 1.01e-04
-9.56560e-03 7.06e-04
-7.64918e-03 2.40e-03
-5.73642e-03 1.84e-03
-3.83735e-03 2.36e-04
-1.94188e-03 2.08e-04
-5.00013e-05 1.55e-03
1.79838e-03 1.22e-04
3.69317e-03 8.13e-05
5.58438e-03 7.54e-05
7.37275e-03 8.60e-05
9.25702e-03 1.28e-04
1.11377e-02 7.34e-04
1.29162e-02 5.66e-04
1.47901e-02 1.40e-04
1.65621e-02 9.71e-04
1.84291e-02 9.89e-05
2.01947e-02 7.13e-05
2.19572e-02 6.44e-05
2.38142e-02 6.14e-05
2.55703e-02 5.99e-05
2.73233e-02 6.00e-05
2.90732e-02 6.48e-05
3.08201e-02 3.23e-04
3.25640e-02 7.05e-05
3.43048e-02 6.88e-05
3.60426e-02 8.41e-05
3.77774e-02 1.73e-04
3.95091e-02 4.40e-03
4.12379e-02 1.71e-04
4.29637e-02 1.30e-04
4.46865e-02 2.06e-04
4.64064e-02 5.66e-03
4.80280e-02 1.92e-04
4.97421e-02 1.25e-04
5.14533e-02 8.45e-04
5.30667e-02 1.70e-04
5.47722e-02 7.48e-05
5.64748e-02 6.00e-05
5.80802e-02 5.50e-05
5.97772e-02 5.35e-05
6.13773e-02 5.73e-05
6.29748e-02 1.92e-04
6.46635e-02 7.05e-05
6.62558e-02 5.10e-05
6.78455e-02 4.80e-05
6.95261e-02 4.70e-05
7.11106e-02 4.68e-05
7.26927e-02 4.76e-05
7.42722e-02 5.21e-05
7.58493e-02 1.59e-04
7.74239e-02 6.58e-05
7.90884e-02 4.96e-05
8.06579e-02 4.82e-05
8.22249e-02 4.90e-05
8.37895e-02 5.17e-05
8.52598e-02 5.75e-05
8.68197e-02 7.22e-05
8.83771e-02 1.41e-04
8.99321e-02 4.94e-04
9.14847e-02 1.73e-03
9.30349e-02 1.65e-04
9.44917e-02 8.09e-05
9.60372e-02 6.00e-05
9.75803e-02 5.18e-05
9.90305e-02 4.79e-05
1.00569e-01 4.61e-05
1.02015e-01 4.57e-05
1.03549e-01 4.78e-05
1.05080e-01 5.82e-05
1.06520e-01 1.73e-04
1.07957e-01 2.34e-04
1.09482e-01 5.94e-05
1.10915e-01 4.55e-05
1.12435e-01 4.15e-05
1.13864e-01 3.97e-05
1.15291e-01 3.87e-05
1.16805e-01 3.80e-05
1.18227e-01 3.74e-05
1.19648e-01 3.70e-05
1.21067e-01 3.67e-05
1.22483e-01 3.64e-05
1.23898e-01 3.62e-05
1.25398e-01 3.61e-05
1.26809e-01 3.61e-05
1.28217e-01 3.69e-05
1.29624e-01 7.49e-05
1.31028e-01 8.52e-05
1.32431e-01 3.71e-05
1.33831e-01 3.56e-05
1.35143e-01 3.54e-05
1.36539e-01 3.64e-05
1.37934e-01 4.81e-05
1.39327e-01 5.99e-05
1.40718e-01 3.65e-05
1.42107e-01 3.48e-05
1.43407e-01 3.43e-05
1.44793e-01 3.42e-05
1.46176e-01 3.43e-05
1.47471e-01 3.48e-05
1.48851e-01 3.60e-05
1.50229e-01 3.96e-05
1.51519e-01 5.64e-05
1.52893e-01 1.03e-03
1.54179e-01 7.84e-05
1.55550e-01 4.17e-05
1.56833e-01 3.59e-05
1.58200e-01 3.39e-05
1.59479e-01 3.30e-05
1.60757e-01 3.24e-05
1.62119e-01 3.20e-05
1.63394e-01 3.17e-05
1.64751e-01 3.15e-05
1.66023e-01 3.13e-05
1.67293e-01 3.12e-05
1.68561e-01 3.10e-05
1.69912e-01 3.09e-05
1.71176e-01 3.08e-05
1.72440e-01 3.08e-05
1.73701e-01 3.08e-05
1.74961e-01 3.10e-05
1.76220e-01 3.14e-05
1.77477e-01 3.28e-05
1.78732e-01 4.53e-05
1.80069e-01 6.33e-05
1.81321e-01 3.43e-05
1.82572e-01 3.29e-05
1.83737e-01 3.35e-05
1.84985e-01 3.55e-05
1.86231e-01 4.03e-05
1.87475e-01 5.55e-05
1.88718e-01 1.52e-04
1.89959e-01 1.59e-03
1.91199e-01 9.44e-05
1.92437e-01 4.83e-05
1.93591e-01 3.81e-05
1.94826e-01 3.43e-05
1.96060e-01 3.25e-05
1.97292e-01 3.16e-05
1.98441e-01 3.12e-05
1.99670e-01 3.10e-05
2.00898e-01 3.11e-05
2.02042e-01 3.15e-05
2.03267e-01 3.22e-05
2.04409e-01 3.36e-05
2.05631e-01 3.61e-05
2.06770e-01 4.13e-05
2.07989e-01 5.40e-05
2.09126e-01 1.03e-04
2.10342e-01 2.12e-03
2.11476e-01 2.36e-02
2.12689e-01 1.58e-04
2.13820e-01 6.41e-05
2.15031e-01 4.47e-05
2.16159e-01 3.75e-05
2.17286e-01 3.41e-05
2.18493e-01 3.23e-05
2.19617e-01 3.15e-05
2.20741e-01 3.13e-05
2.21943e-01 3.11e-05
2.23064e-01 3.17e-05
2.24183e-01 3.39e-05
2.25301e-01 4.10e-05
2.26418e-01 4.97e-05
2.27614e-01 6.13e-05
2.28728e-01 2.46e-04
2.29841e-01 4.57e-04
2.30953e-01 9.14e-05
2.32064e-01 2.03e-03
2.33173e-01 5.18e-05
2.34281e-01 3.52e-05
2.35388e-01 3.11e-05
2.36494e-01 2.93e-05
2.37599e-01 2.83e-05
2.38702e-01 2.78e-05
2.39804e-01 2.75e-05
2.40905e-01 2.75e-05
2.42005e-01 2.78e-05
2.43103e-01 2.89e-05
2.44200e-01 3.24e-05
2.45296e-01 3.65e-05
2.46313e-01 3.83e-05
2.47407e-01 6.83e-05
2.48499e-01 8.31e-03
2.49591e-01 7.53e-05
2.50681e-01 3.86e-05
2.51692e-01 3.13e-05
2.52780e-01 2.88e-05
2.53867e-01 2.82e-05
2.54875e-01 2.87e-05
2.55959e-01 3.13e-05
2.57042e-01 4.20e-05
2.58047e-01 1.89e-04
2.59128e-01 1.57e-04
2.60208e-01 4.04e-05
2.61210e-01 3.01e-05
2.62287e-01 2.72e-05
2.63287e-01 2.60e-05
2.64362e-01 2.54e-05
2.65360e-01 2.53e-05
2.66433e-01 2.55e-05
2.67428e-01 2.71e-05
2.68499e-01 4.20e-05
2.69493e-01 1.00e-04
2.70561e-01 2.86e-05
2.71553e-01 2.54e-05
2.72619e-01 2.46e-05
2.73609e-01 2.43e-05
2.74597e-01 2.43e-05
2.75660e-01 2.44e-05
2.76646e-01 2.46e-05
2.77632e-01 2.50e-05
2.78692e-01 2.57e-05
2.79675e-01 2.71e-05
2.80657e-01 3.03e-05
2.81639e-01 3.72e-05
2.82695e-01 4.25e-05
2.83674e-01 7.22e-05
2.84652e-01 4.44e-04
2.85630e-01 4.89e-04
2.86606e-01 7.36e-05
2.87582e-01 4.10e-05
2.88632e-01 3.21e-05
2.89605e-01 2.87e-05
2.90578e-01 2.73e-05
2.91550e-01 2.74e-05
2.92520e-01 2.95e-05
2.93490e-01 4.03e-05
2.94459e-01 2.40e-04
2.95427e-01 1.07e-04
2.96394e-01 3.50e-05
2.97360e-01 2.72e-05
2.98325e-01 2.48e-05
2.99289e-01 2.37e-05
3.00253e-01 2.31e-05
3.01215e-01 2.28e-05
3.02177e-01 2.26e-05
3.03137e-01 2.25e-05
3.04097e-01 2.24e-05
3.04982e-01 2.24e-05
3.05939e-01 2.24e-05
3.06896e-01 2.25e-05
3.07852e-01 2.27e-05
3.08807e-01 2.29e-05
3.09762e-01 2.32e-05
3.10641e-01 2.36e-05
3.11594e-01 2.42e-05
3.12545e-01 2.51e-05
3.13496e-01 2.65e-05
3.14373e-01 2.89e-05
3.15322e-01 3.35e-05
3.16270e-01 4.51e-05
3.17144e-01 6.64e-05
3.18090e-01 7.09e-05
3.19035e-01 1.26e-04
3.19907e-01 6.63e-04
3.20851e-01 1.42e-03
3.21794e-01 1.64e-04
3.22663e-01 1.00e-04
3.23604e-01 6.13e-05
3.24472e-01 5.02e-05
3.25411e-01 5.64e-05
3.26278e-01 8.70e-05
3.27215e-01 8.58e-05
3.28080e-01 9.98e-05
3.29016e-01 2.52e-04
3.29879e-01 1.10e-02
3.30813e-01 1.70e-04
3.31675e-01 6.84e-05
3.32608e-01 4.36e-05
3.33468e-01 3.35e-05
3.34399e-01 2.87e-05
3.35257e-01 2.61e-05
3.36115e-01 2.45e-05
3.37044e-01 2.35e-05
3.37900e-01 2.28e-05
3.38827e-01 2.25e-05
3.39681e-01 2.24e-05
3.40535e-01 2.28e-05
3.41389e-01 2.41e-05
3.42312e-01 2.85e-05
3.43164e-01 4.29e-05
3.44015e-01 4.50e-05
3.44936e-01 2.90e-05
3.45786e-01 2.37e-05
3.46635e-01 2.18e-05
3.47483e-01 2.10e-05
3.48330e-01 2.07e-05
3.49247e-01 2.09e-05
3.50093e-01 2.18e-05
3.50939e-01 2.50e-05
3.51783e-01 2.60e-05
3.52627e-01 2.67e-05
3.53470e-01 2.76e-05
3.54382e-01 2.48e-05
3.55224e-01 2.74e-05
3.56065e-01 3.87e-05
3.56905e-01 4.05e-05
3.57744e-01 2.88e-05
3.58583e-01 2.65e-05
3.59421e-01 3.09e-05
3.60259e-01 4.51e-05
3.61095e-01 3.69e-05
3.61931e-01 3.31e-05
3.62766e-01 5.64e-05
3.63601e-01 4.86e-03
3.64435e-01 6.26e-05
3.65268e-01 3.26e-05
3.66100e-01 2.57e-05
3.66932e-01 2.17e-05
3.67763e-01 2.01e-05
3.68594e-01 1.93e-05
3.69354e-01 1.88e-05
3.70183e-01 1.85e-05
3.71012e-01 1.84e-05
3.71839e-01 1.83e-05
3.72666e-01 1.83e-05
3.73493e-01 1.84e-05
3.74318e-01 1.92e-05
3.75075e-01 2.03e-05
3.75899e-01 1.90e-05
3.76723e-01 1.84e-05
3.77546e-01 1.83e-05
3.78299e-01 1.84e-05
3.79121e-01 1.86e-05
3.79942e-01 1.88e-05
3.80762e-01 1.92e-05
3.81514e-01 1.99e-05
3.82333e-01 2.10e-05
3.83151e-01 2.31e-05
3.83969e-01 2.82e-05
3.84718e-01 3.42e-05
3.85534e-01 4.31e-05
3.86282e-01 5.78e-05
3.87097e-01 4.41e-05
3.87912e-01 4.62e-05
3.88658e-01 7.14e-05
3.89471e-01 1.20e-04
3.90284e-01 1.16e-04
3.91028e-01 1.27e-04
3.91839e-01 1.64e-04
3.92582e-01 6.54e-04
3.93393e-01 8.16e-05
3.94134e-01 5.99e-05
3.94943e-01 7.89e-05
3.95684e-01 1.87e-04
3.96492e-01 1.23e-03
3.97231e-01 8.62e-05
3.98038e-01 4.48e-05
3.98776e-01 3.35e-05
3.99581e-01 2.94e-05
4.00319e-01 2.85e-05
4.01122e-01 3.02e-05
4.01859e-01 3.59e-05
4.02661e-01 5.17e-05
4.03396e-01 1.01e-04
4.04131e-01 1.69e-04
4.04932e-01 9.85e-05
4.05665e-01 7.16e-05
4.06465e-01 5.03e-05
4.07197e-01 3.85e-05
4.07929e-01 2.95e-05
4.08726e-01 2.38e-05
4.09457e-01 2.12e-05
4.10187e-01 1.98e-05
4.10983e-01 1.90e-05
4.11712e-01 1.85e-05
4.12441e-01 1.81e-05
4.13169e-01 1.80e-05
4.13962e-01 1.80e-05
4.14689e-01 1.82e-05
4.15415e-01 1.86e-05
4.16141e-01 1.94e-05
4.16932e-01 2.12e-05
4.17657e-01 2.54e-05
4.18381e-01 2.97e-05
4.19105e-01 3.06e-05
4.19828e-01 4.04e-05
4.20616e-01 7.22e-05
4.21338e-01 1.20e-04
4.22060e-01 7.27e-05
4.22781e-01 4.26e-05
4.23501e-01 3.45e-05
4.24221e-01 3.68e-05
4.25006e-01 4.65e-05
4.25725e-01 4.53e-05
4.26444e-01 5.98e-05
4.27161e-01 1.12e-04
4.27879e-01 1.65e-04
4.28596e-01 9.77e-05
4.29312e-01 9.20e-05
4.30028e-01 9.01e-05
4.30743e-01 4.91e-05
4.31458e-01 3.18e-05
4.32172e-01 2.48e-05
4.32886e-01 2.13e-05
4.33599e-01 1.93e-05
4.34312e-01 1.81e-05
4.35024e-01 1.73e-05
4.35736e-01 1.68e-05
4.36447e-01 1.65e-05
4.37158e-01 1.65e-05
4.37868e-01 1.68e-05
4.38577e-01 1.78e-05
4.39287e-01 2.08e-05
4.39995e-01 2.94e-05
4.40704e-01 2.91e-05
4.41411e-01 2.04e-05
4.42118e-01 1.72e-05
4.42761e-01 1.59e-05
4.43467e-01 1.53e-05
4.44173e-01 1.50e-05
4.44878e-01 1.48e-05
4.45583e-01 1.48e-05
4.46287e-01 1.49e-05
4.46927e-01 1.52e-05
4.47630e-01 1.59e-05
4.48333e-01 1.82e-05
4.49035e-01 2.30e-05
4.49737e-01 2.03e-05
4.50438e-01 1.71e-05
4.51076e-01 1.61e-05
4.51776e-01 1.60e-05
4.52476e-01 1.63e-05
4.53175e-01 1.70e-05
4.53811e-01 1.80e-05
4.54509e-01 1.98e-05
4.55207e-01 2.27e-05
4.55841e-01 2.81e-05
4.56538e-01 3.95e-05
4.57235e-01 6.78e-05
4.57931e-01 1.47e-04
4.58563e-01 2.12e-04
4.59259e-01 1.03e-04
4.59953e-01 5.20e-05
4.60584e-01 3.34e-05
4.61278e-01 2.53e-05
4.61971e-01 2.12e-05
4.62601e-01 1.88e-05
4.63294e-01 1.74e-05
4.63923e-01 1.65e-05
4.64614e-01 1.60e-05
4.65305e-01 1.58e-05
4.65933e-01 1.59e-05
4.66623e-01 1.63e-05
4.67250e-01 1.74e-05
4.67939e-01 2.02e-05
4.68565e-01 2.74e-05
4.69253e-01 3.49e-05
4.69941e-01 4.28e-05
4.70566e-01 6.73e-05
4.71253e-01 4.60e-05
4.71877e-01 2.70e-05
4.72563e-01 2.01e-05
4.73186e-01 1.71e-05
4.73871e-01 1.56e-05
4.74494e-01 1.48e-05
4.75178e-01 1.43e-05
4.75799e-01 1.40e-05
4.76420e-01 1.40e-05
4.77103e-01 1.41e-05
4.77724e-01 1.44e-05
4.78406e-01 1.48e-05
4.79025e-01 1.53e-05
4.79706e-01 1.55e-05
4.80325e-01 1.52e-05
4.80944e-01 1.45e-05
4.81623e-01 1.39e-05
4.82241e-01 1.33e-05
4.82920e-01 1.29e-05
4.83537e-01 1.27e-05
4.84153e-01 1.25e-05
4.84831e-01 1.25e-05
4.85446e-01 1.28e-05
4.86062e-01 1.28e-05
4.86738e-01 1.31e-05
4.87352e-01 1.34e-05
4.87966e-01 1.28e-05
4.88641e-01 1.27e-05
4.89255e-01 1.34e-05
4.89868e-01 1.54e-05
4.90480e-01 1.50e-05
4.91153e-01 1.30e-05
4.91765e-01 1.22e-05
4.92376e-01 1.19e-05
4.93049e-01 1.17e-05
4.93659e-01 1.17e-05
4.94269e-01 1.17e-05
4.94879e-01 1.17e-05
4.95489e-01 1.18e-05
4.96159e-01 1.19e-05
4.96767e-01 1.20e-05
4.97376e-01 1.23e-05
4.97984e-01 1.27e-05
4.98591e-01 1.33e-05
4.99259e-01 1.39e-05
4.99866e-01 1.45e-05
5.00472e-01 1.46e-05
5.01078e-01 1.43e-05
5.01684e-01 1.38e-05
5.02289e-01 1.35e-05
5.02955e-01 1.35e-05
5.03559e-01 1.36e-05
5.04163e-01 1.40e-05
5.04767e-01 1.45e-05
5.05371e-01 1.49e-05
5.05974e-01 1.52e-05
5.06577e-01 1.56e-05
5.07179e-01 1.62e-05
5.07781e-01 1.66e-05
5.08383e-01 1.62e-05
5.09044e-01 1.52e-05
5.09645e-01 1.42e-05
5.10245e-01 1.34e-05
5.10846e-01 1.28e-05
5.11445e-01 1.24e-05
5.12045e-01 1.22e-05
5.12644e-01 1.20e-05
5.13243e-01 1.20e-05
5.13841e-01 1.20e-05
5.14439e-01 1.21e-05
5.15037e-01 1.23e-05
5.15634e-01 1.26e-05
5.16231e-01 1.30e-05
5.16828e-01 1.37e-05
5.17424e-01 1.47e-05
5.18020e-01 1.61e-05
5.18615e-01 1.82e-05
5.19210e-01 1.89e-05
5.19746e-01 1.63e-05
5.20340e-01 1.47e-05
5.20934e-01 1.41e-05
5.21528e-01 1.38e-05
5.22122e-01 1.39e-05
5.22715e-01 1.41e-05
5.23307e-01 1.45e-05
5.23900e-01 1.51e-05
5.24492e-01 1.60e-05
5.25083e-01 1.74e-05
5.25616e-01 1.93e-05
5.26207e-01 2.24e-05
5.26797e-01 2.77e-05
5.27388e-01 3.82e-05
5.27978e-01 6.35e-05
5.28567e-01 1.11e-04
5.29157e-01 8.93e-05
5.29687e-01 6.03e-05
5.30275e-01 5.16e-05
5.30864e-01 4.82e-05
5.31451e-01 4.45e-05
5.32039e-01 3.98e-05
5.32568e-01 3.48e-05
5.33154e-01 3.05e-05
5.33741e-01 2.73e-05
5.34327e-01 2.54e-05
5.34855e-01 2.47e-05
5.35440e-01 2.49e-05
5.36025e-01 2.58e-05
5.36610e-01 2.65e-05
5.37136e-01 2.64e-05
5.37721e-01 2.50e-05
5.38305e-01 2.29e-05
5.38888e-01 2.10e-05
5.39413e-01 1.95e-05
5.39996e-01 1.86e-05
5.40579e-01 1.83e-05
5.41103e-01 1.85e-05
5.41685e-01 1.94e-05
5.42266e-01 2.09e-05
5.42789e-01 2.30e-05
5.43370e-01 2.54e-05
5.43951e-01 2.69e-05
5.44473e-01 2.67e-05
5.45053e-01 2.48e-05
5.45633e-01 2.21e-05
5.46154e-01 1.96e-05
5.46733e-01 1.75e-05
5.47312e-01 1.59e-05
5.47832e-01 1.48e-05
5.48410e-01 1.40e-05
5.48930e-01 1.33e-05
5.49508e-01 1.28e-05
5.50085e-01 1.23e-05
5.50604e-01 1.20e-05
5.51180e-01 1.17e-05
5.51699e-01 1.16e-05
5.52275e-01 1.14e-05
5.52850e-01 1.14e-05
5.53368e-01 1.14e-05
5.53943e-01 1.14e-05
5.54460e-01 1.15e-05
5.55034e-01 1.17e-05
5.55550e-01 1.20e-05
5.56124e-01 1.22e-05
5.56640e-01 1.24e-05
5.57213e-01 1.24e-05
5.57728e-01 1.24e-05
5.58301e-01 1.24e-05
5.58815e-01 1.25e-05
5.59387e-01 1.27e-05
5.59901e-01 1.31e-05
5.60473e-01 1.36e-05
5.60986e-01 1.44e-05
5.61557e-01 1.55e-05
5.62070e-01 1.71e-05
5.62640e-01 1.92e-05
5.63152e-01 2.20e-05
5.63722e-01 2.54e-05
5.64234e-01 2.86e-05
5.64745e-01 3.08e-05
5.65314e-01 3.11e-05
5.65825e-01 2.93e-05
5.66393e-01 2.63e-05
5.66903e-01 2.30e-05
5.67471e-01 2.00e-05
5.67981e-01 1.77e-05
5.68491e-01 1.59e-05
5.69057e-01 1.47e-05
5.69566e-01 1.37e-05
5.70075e-01 1.30e-05
5.70641e-01 1.25e-05
5.71149e-01 1.21e-05
5.71714e-01 1.19e-05
5.72222e-01 1.17e-05
5.72729e-01 1.16e-05
5.73293e-01 1.16e-05
5.73800e-01 1.18e-05
5.74307e-01 1.20e-05
5.74870e-01 1.24e-05
5.75377e-01 1.27e-05
5.75883e-01 1.30e-05
5.76445e-01 1.29e-05
5.76950e-01 1.26e-05
5.77456e-01 1.22e-05
5.77961e-01 1.18e-05
5.78522e-01 1.15e-05
5.79026e-01 1.14e-05
5.79530e-01 1.13e-05
5.80090e-01 1.13e-05
5.80594e-01 1.13e-05
5.81098e-01 1.14e-05
5.81601e-01 1.16e-05
5.82160e-01 1.18e-05
5.82662e-01 1.20e-05
5.83165e-01 1.23e-05
5.83667e-01 1.26e-05
5.84225e-01 1.27e-05
5.85228e-01 1.30e-05
5.85729e-01 1.31e-05
5.86230e-01 1.34e-05
5.86786e-01 1.38e-05
5.87287e-01 1.44e-05
5.87787e-01 1.52e-05
5.88287e-01 1.63e-05
5.88786e-01 1.78e-05
5.89286e-01 1.99e-05
5.89840e-01 2.26e-05
5.90838e-01 2.92e-05
5.91336e-01 3.14e-05
5.91834e-01 3.14e-05
5.92332e-01 2.91e-05
5.92885e-01 2.59e-05
5.93382e-01 2.28e-05
5.93879e-01 2.04e-05
5.94376e-01 1.86e-05
5.94873e-01 1.74e-05
5.95369e-01 1.65e-05
5.95865e-01 1.60e-05
5.96361e-01 1.57e-05
5.96857e-01 1.56e-05
5.97407e-01 1.55e-05
5.97902e-01 1.56e-05
5.98397e-01 1.57e-05
5.98891e-01 1.59e-05
5.99386e-01 1.61e-05
5.99880e-01 1.64e-05
6.00374e-01 1.67e-05
6.00867e-01 1.71e-05
6.01361e-01 1.77e-05
6.01854e-01 1.82e-05
6.02347e-01 1.86e-05
6.02839e-01 1.85e-05
6.03332e-01 1.78e-05
6.04316e-01 1.57e-05
6.04808e-01 1.48e-05
6.05299e-01 1.41e-05
6.05790e-01 1.35e-05
6.06281e-01 1.31e-05
6.06772e-01 1.28e-05
6.07262e-01 1.26e-05
6.07753e-01 1.25e-05
6.08243e-01 1.24e-05
6.08732e-01 1.23e-05
6.09222e-01 1.23e-05
6.09711e-01 1.23e-05
6.10200e-01 1.24e-05
6.10689e-01 1.24e-05
6.11666e-01 1.26e-05
6.12154e-01 1.26e-05
6.12642e-01 1.27e-05
6.13129e-01 1.27e-05
6.13617e-01 1.28e-05
6.14104e-01 1.28e-05
6.15510e-01 1.28e-05
6.15996e-01 1.28e-05
6.16482e-01 1.28e-05
6.16968e-01 1.27e-05
6.17453e-01 1.26e-05
6.17939e-01 1.25e-05
6.18908e-01 1.22e-05
6.19339e-01 1.21e-05
6.19824e-01 1.20e-05
6.20308e-01 1.19e-05
6.20792e-01 1.18e-05
6.21275e-01 1.17e-05
6.21759e-01 1.17e-05
6.22242e-01 1.17e-05
6.22671e-01 1.17e-05
6.23154e-01 1.18e-05
6.23636e-01 1.19e-05
6.24119e-01 1.20e-05
6.24601e-01 1.21e-05
6.25082e-01 1.23e-05
6.25511e-01 1.26e-05
6.25992e-01 1.29e-05
6.26473e-01 1.33e-05
6.26954e-01 1.37e-05
6.27435e-01 1.42e-05
6.27862e-01 1.47e-05
6.28342e-01 1.51e-05
6.28822e-01 1.53e-05
6.29302e-01 1.55e-05
6.29728e-01 1.57e-05
6.30207e-01 1.58e-05
6.30686e-01 1.60e-05
6.31165e-01 1.62e-05
6.31591e-01 1.63e-05
6.32069e-01 1.64e-05
6.32548e-01 1.63e-05
6.33026e-01 1.61e-05
6.33450e-01 1.59e-05
6.33928e-01 1.56e-05
6.34405e-01 1.52e-05
6.35306e-01 1.45e-05
6.35783e-01 1.41e-05
6.36259e-01 1.38e-05
6.36683e-01 1.34e-05
6.37159e-01 1.32e-05
6.37634e-01 1.29e-05
6.38110e-01 1.27e-05
6.38533e-01 1.25e-05
6.39008e-01 1.23e-05
6.39483e-01 1.21e-05
6.39905e-01 1.20e-05
6.40379e-01 1.18e-05
6.40853e-01 1.17e-05
6.41275e-01 1.16e-05
6.41749e-01 1.15e-05
6.42643e-01 1.14e-05
6.43116e-01 1.13e-05
6.43537e-01 1.12e-05
6.44009e-01 1.12e-05
6.44482e-01 1.11e-05
6.44902e-01 1.11e-05
6.45374e-01 1.11e-05
6.45846e-01 1.11e-05
6.46265e-01 1.11e-05
6.46737e-01 1.11e-05
6.47156e-01 1.11e-05
6.47627e-01 1.12e-05
6.48098e-01 1.12e-05
6.48516e-01 1.14e-05
6.48986e-01 1.15e-05
6.49404e-01 1.17e-05
6.49874e-01 1.19e-05
6.50292e-01 1.22e-05
6.50761e-01 1.27e-05
6.51231e-01 1.33e-05
6.51648e-01 1.41e-05
6.52117e-01 1.51e-05
6.52533e-01 1.64e-05
6.53002e-01 1.77e-05
6.53418e-01 1.87e-05
6.53886e-01 1.89e-05
6.54302e-01 1.82e-05
6.54770e-01 1.69e-05
6.55186e-01 1.56e-05
6.55653e-01 1.45e-05
6.56120e-01 1.36e-05
6.56535e-01 1.30e-05
6.57002e-01 1.25e-05
6.57416e-01 1.21e-05
6.57883e-01 1.19e-05
6.58297e-01 1.17e-05
6.58763e-01 1.15e-05
6.59177e-01 1.14e-05
6.59642e-01 1.13e-05
6.60056e-01 1.12e-05
6.60469e-01 1.12e-05
6.60934e-01 1.12e-05
6.61347e-01 1.11e-05
6.61811e-01 1.11e-05
6.62688e-01 1.11e-05
6.63100e-01 1.11e-05
6.67881e-01 1.11e-05
6.69623e-01 1.11e-05
6.70441e-01 1.11e-05
6.71310e-01 1.11e-05
6.73455e-01 1.10e-05
6.74321e-01 1.10e-05
6.75136e-01 1.10e-05
6.76001e-01 1.11e-05
6.76865e-01 1.11e-05
6.77272e-01 1.11e-05
6.77678e-01 1.11e-05
6.78135e-01 1.11e-05
6.78541e-01 1.11e-05
6.78947e-01 1.10e-05
6.79809e-01 1.10e-05
6.80619e-01 1.09e-05
6.81479e-01 1.08e-05
6.82339e-01 1.08e-05
6.82743e-01 1.07e-05
6.83147e-01 1.07e-05
6.83551e-01 1.07e-05
6.84006e-01 1.07e-05
6.84409e-01 1.07e-05
6.84813e-01 1.07e-05
6.85266e-01 1.07e-05
6.85669e-01 1.07e-05
6.86072e-01 1.08e-05
6.86475e-01 1.08e-05
6.86878e-01 1.09e-05
6.87330e-01 1.10e-05
6.87733e-01 1.11e-05
6.88135e-01 1.12e-05
6.88537e-01 1.14e-05
6.88989e-01 1.15e-05
6.89792e-01 1.18e-05
6.90193e-01 1.19e-05
6.90594e-01 1.21e-05
6.91045e-01 1.22e-05
6.91446e-01 1.23e-05
6.91846e-01 1.23e-05
6.92247e-01 1.23e-05
6.92647e-01 1.33e-05
6.93097e-01 1.33e-05
6.93497e-01 1.35e-05
6.93897e-01 1.34e-05
6.94297e-01 1.32e-05
6.94696e-01 1.30e-05
6.95544e-01 1.26e-05
6.96342e-01 1.23e-05
6.96741e-01 1.21e-05
6.97139e-01 1.19e-05
6.97538e-01 1.18e-05
6.97985e-01 1.16e-05
6.98383e-01 1.15e-05
6.98781e-01 1.14e-05
6.99179e-01 1.12e-05
6.99576e-01 1.11e-05
6.99974e-01 1.10e-05
7.00371e-01 1.10e-05
7.00818e-01 1.09e-05
7.01215e-01 1.08e-05
7.01611e-01 1.08e-05
7.02008e-01 1.07e-05
7.02404e-01 1.07e-05
7.03197e-01 1.06e-05
7.03988e-01 1.05e-05
7.04384e-01 1.05e-05
7.04829e-01 1.12e-05
7.05619e-01 1.11e-05
7.06409e-01 1.11e-05
7.07198e-01 1.10e-05
7.07987e-01 1.10e-05
7.08774e-01 1.09e-05
7.09562e-01 1.09e-05
7.10348e-01 1.08e-05
7.10741e-01 1.08e-05
7.11134e-01 1.08e-05
7.11920e-01 1.07e-05
7.12754e-01 1.06e-05
7.13538e-01 1.04e-05
7.14321e-01 1.03e-05
7.15104e-01 1.02e-05
7.15496e-01 1.02e-05
7.15887e-01 1.02e-05
7.16278e-01 1.01e-05
7.16668e-01 1.01e-05
7.17059e-01 1.01e-05
7.17401e-01 1.01e-05
7.17791e-01 1.01e-05
7.18181e-01 1.01e-05
7.18961e-01 1.01e-05
7.19740e-01 1.02e-05
7.20519e-01 1.02e-05
7.20908e-01 1.02e-05
7.21297e-01 1.02e-05
7.21686e-01 1.02e-05
7.22075e-01 1.02e-05
7.22463e-01 1.25e-05
7.22852e-01 1.25e-05
7.23240e-01 1.24e-05
7.23628e-01 1.23e-05
7.24016e-01 1.22e-05
7.24743e-01 1.20e-05
7.25518e-01 1.18e-05
7.26292e-01 1.16e-05
7.27065e-01 1.15e-05
7.27838e-01 1.13e-05
7.28611e-01 1.12e-05
7.29334e-01 1.10e-05
7.30106e-01 1.09e-05
7.30876e-01 1.08e-05
7.31598e-01 1.07e-05
7.32368e-01 1.06e-05
7.33137e-01 1.05e-05
7.33905e-01 1.04e-05
7.34625e-01 1.03e-05
7.35392e-01 1.03e-05
7.36159e-01 1.02e-05
7.36877e-01 1.01e-05
7.37642e-01 1.01e-05
7.38360e-01 1.00e-05
7.39124e-01 9.94e-06
7.39888e-01 9.89e-06
7.40603e-01 9.85e-06
7.41366e-01 9.81e-06
7.42080e-01 9.78e-06
7.42842e-01 9.74e-06
7.43603e-01 9.72e-06
7.44315e-01 9.69e-06
7.45075e-01 9.67e-06
7.45787e-01 9.65e-06
7.46546e-01 9.63e-06
7.47257e-01 9.61e-06
7.47967e-01 9.59e-06
7.48724e-01 9.57e-06
7.49433e-01 9.55e-06
7.50189e-01 9.52e-06
7.50897e-01 9.49e-06
7.51652e-01 9.46e-06
7.52359e-01 9.42e-06
7.53066e-01 9.38e-06
7.53819e-01 9.34e-06
7.54524e-01 9.30e-06
7.55277e-01 9.26e-06
7.55981e-01 9.22e-06
7.56685e-01 9.18e-06
7.57436e-01 9.14e-06
7.58139e-01 9.11e-06
7.58841e-01 9.08e-06
7.59543e-01 9.06e-06
7.60292e-01 9.04e-06
7.60993e-01 9.02e-06
7.61693e-01 9.01e-06
7.62393e-01 9.00e-06
7.65235e-01 8.97e-06
7.65979e-01 8.95e-06
7.66676e-01 8.92e-06
7.67373e-01 8.89e-06
7.68069e-01 8.85e-06
7.68765e-01 8.80e-06
7.69460e-01 8.76e-06
7.70155e-01 8.72e-06
7.70895e-01 8.68e-06
7.71589e-01 8.65e-06
7.72282e-01 8.62e-06
7.72605e-01 8.61e-06
7.73298e-01 8.60e-06
7.76109e-01 8.58e-06
7.76799e-01 8.56e-06
7.77121e-01 8.55e-06
7.77488e-01 9.25e-06
7.78177e-01 9.20e-06
7.78866e-01 9.14e-06
7.79554e-01 9.07e-06
7.80242e-01 8.99e-06
7.80929e-01 8.92e-06
7.81570e-01 8.86e-06
7.82256e-01 8.80e-06
7.82942e-01 8.75e-06
7.83628e-01 8.70e-06
7.84312e-01 8.65e-06
7.84997e-01 8.61e-06
7.85681e-01 8.56e-06
7.86364e-01 8.53e-06
7.87047e-01 8.49e-06
7.87730e-01 8.46e-06
7.88366e-01 8.43e-06
7.89048e-01 8.40e-06
7.89729e-01 8.37e-06
7.90410e-01 8.34e-06
7.91090e-01 8.32e-06
7.91770e-01 8.29e-06
7.92404e-01 8.27e-06
7.93083e-01 8.24e-06
7.93761e-01 8.22e-06
7.94439e-01 8.19e-06
7.95117e-01 8.17e-06
7.95749e-01 8.15e-06
7.96426e-01 8.12e-06
7.97102e-01 8.10e-06
7.97732e-01 8.08e-06
7.98408e-01 8.06e-06
7.99083e-01 8.04e-06
7.99757e-01 8.02e-06
8.00386e-01 8.00e-06
8.01059e-01 7.98e-06
8.01732e-01 7.96e-06
8.02360e-01 7.94e-06
8.03032e-01 7.92e-06
8.03704e-01 7.91e-06
8.04331e-01 7.89e-06
8.05002e-01 7.87e-06
8.05627e-01 7.85e-06
8.06297e-01 7.84e-06
8.06967e-01 7.82e-06
8.07591e-01 7.80e-06
8.08260e-01 7.78e-06
8.08884e-01 7.77e-06
8.09551e-01 7.75e-06
8.10174e-01 7.73e-06
8.10841e-01 7.71e-06
8.11463e-01 7.70e-06
8.12129e-01 7.68e-06
8.12751e-01 7.66e-06
8.13416e-01 7.65e-06
8.14036e-01 7.63e-06
8.14701e-01 7.61e-06
8.15321e-01 7.60e-06
8.15984e-01 7.58e-06
8.16603e-01 7.57e-06
8.17266e-01 7.55e-06
8.17884e-01 7.53e-06
8.18546e-01 7.52e-06
8.19163e-01 7.50e-06
8.19824e-01 7.49e-06
8.20440e-01 7.47e-06
8.21057e-01 7.46e-06
8.21716e-01 7.44e-06
8.22332e-01 7.43e-06
8.22947e-01 7.41e-06
8.23605e-01 7.40e-06
8.24219e-01 7.38e-06
8.24833e-01 7.37e-06
8.25490e-01 7.35e-06
8.26103e-01 7.34e-06
8.26716e-01 7.32e-06
8.27372e-01 7.31e-06
8.27984e-01 7.30e-06
8.28595e-01 7.28e-06
8.29250e-01 7.27e-06
8.29861e-01 7.26e-06
8.30471e-01 7.24e-06
8.31081e-01 7.23e-06
8.31735e-01 7.22e-06
8.32344e-01 7.21e-06
8.32648e-01 7.21e-06
8.32953e-01 7.21e-06
8.33257e-01 7.22e-06
8.33561e-01 7.27e-06
8.33909e-01 7.53e-06
8.34213e-01 7.97e-06
8.34517e-01 7.34e-06
8.34820e-01 7.21e-06
8.35124e-01 7.17e-06
8.35428e-01 7.15e-06
8.36035e-01 7.13e-06
8.36641e-01 7.11e-06
8.37291e-01 7.09e-06
8.37897e-01 7.08e-06
8.38502e-01 7.06e-06
8.39107e-01 7.05e-06
8.39712e-01 7.03e-06
8.40316e-01 7.02e-06
8.40964e-01 7.01e-06
8.41567e-01 6.99e-06
8.42170e-01 6.98e-06
8.42773e-01 6.97e-06
8.43376e-01 6.95e-06
8.43978e-01 6.94e-06
8.44580e-01 6.93e-06
8.45181e-01 6.91e-06
8.45782e-01 6.90e-06
8.46383e-01 6.89e-06
8.46984e-01 6.88e-06
8.47584e-01 6.86e-06
8.48226e-01 6.85e-06
8.48825e-01 6.84e-06
8.49424e-01 6.83e-06
8.50023e-01 6.81e-06
8.50621e-01 6.80e-06
8.51219e-01 6.79e-06
8.51816e-01 6.78e-06
8.52413e-01 6.76e-06
8.53010e-01 6.75e-06
8.53606e-01 6.74e-06
8.54160e-01 6.73e-06
8.54756e-01 6.72e-06
8.55351e-01 6.71e-06
8.55946e-01 6.70e-06
8.56541e-01 6.69e-06
8.59212e-01 6.66e-06
8.60397e-01 6.66e-06
8.60693e-01 6.66e-06
8.61243e-01 6.68e-06
8.61539e-01 6.69e-06
8.61835e-01 6.71e-06
8.62130e-01 6.73e-06
8.62426e-01 6.76e-06
8.62721e-01 6.80e-06
8.63017e-01 6.87e-06
8.63312e-01 6.97e-06
8.63607e-01 7.13e-06
8.63902e-01 7.41e-06
8.64197e-01 7.96e-06
8.64492e-01 9.30e-06
8.64745e-01 1.38e-05
8.65040e-01 3.48e-05
8.65334e-01 2.36e-05
8.65629e-01 1.15e-05
8.65923e-01 8.91e-06
8.66218e-01 8.16e-06
8.66512e-01 8.07e-06
8.66806e-01 8.61e-06
8.67100e-01 1.07e-05
8.67395e-01 2.07e-05
8.67689e-01 2.80e-05
8.67940e-01 1.21e-05
8.68234e-01 8.69e-06
8.68528e-01 7.63e-06
8.68822e-01 7.18e-06
8.69115e-01 6.94e-06
8.69409e-01 6.81e-06
8.69702e-01 6.72e-06
8.69995e-01 6.66e-06
8.70289e-01 6.61e-06
8.70540e-01 6.58e-06
8.70833e-01 6.56e-06
8.71126e-01 6.55e-06
8.71419e-01 6.54e-06
8.71712e-01 6.53e-06
8.72004e-01 6.54e-06
8.72297e-01 6.55e-06
8.72548e-01 6.58e-06
8.72840e-01 6.63e-06
8.73133e-01 6.71e-06
8.73425e-01 6.85e-06
8.73717e-01 7.12e-06
8.74009e-01 7.71e-06
8.74301e-01 9.37e-06
8.74552e-01 1.64e-05
8.74844e-01 3.29e-05
8.75135e-01 1.33e-05
8.75427e-01 8.70e-06
8.75719e-01 7.47e-06
8.76010e-01 6.98e-06
8.76302e-01 6.74e-06
8.76551e-01 6.60e-06
8.76843e-01 6.51e-06
8.77134e-01 6.46e-06
8.77425e-01 6.42e-06
8.77716e-01 6.39e-06
8.78007e-01 6.37e-06
8.78257e-01 6.35e-06
8.78547e-01 6.35e-06
8.78838e-01 6.34e-06
8.79129e-01 6.34e-06
8.79419e-01 6.35e-06
8.79710e-01 6.37e-06
8.79959e-01 6.42e-06
8.80249e-01 6.57e-06
8.80539e-01 7.24e-06
8.80829e-01 6.93e-06
8.81119e-01 6.75e-06
8.81368e-01 6.92e-06
8.81658e-01 7.40e-06
8.81948e-01 8.68e-06
8.82237e-01 1.35e-05
8.82527e-01 3.10e-05
8.82775e-01 1.52e-05
8.83065e-01 9.02e-06
8.83354e-01 7.46e-06
8.83644e-01 6.88e-06
8.83933e-01 6.60e-06
8.84181e-01 6.44e-06
8.84470e-01 6.35e-06
8.84759e-01 6.28e-06
8.85048e-01 6.24e-06
8.85337e-01 6.20e-06
8.85584e-01 6.18e-06
8.85873e-01 6.15e-06
8.86450e-01 6.12e-06
8.86985e-01 6.10e-06
8.87562e-01 6.08e-06
8.88097e-01 6.06e-06
8.88673e-01 6.05e-06
8.89248e-01 6.04e-06
8.89782e-01 6.04e-06
8.90070e-01 6.03e-06
8.90891e-01 6.03e-06
8.91465e-01 6.04e-06
8.91711e-01 6.05e-06
8.91998e-01 6.07e-06
8.92285e-01 6.09e-06
8.92572e-01 6.12e-06
8.92817e-01 6.17e-06
8.93104e-01 6.26e-06
8.93391e-01 6.40e-06
8.93677e-01 6.70e-06
8.93922e-01 7.43e-06
8.94209e-01 9.93e-06
8.94495e-01 2.17e-05
8.94781e-01 1.45e-05
8.95026e-01 8.40e-06
8.95312e-01 7.05e-06
8.95598e-01 6.59e-06
8.95843e-01 6.40e-06
8.96129e-01 6.31e-06
8.96415e-01 6.27e-06
8.96700e-01 6.27e-06
8.96945e-01 6.29e-06
8.97230e-01 6.34e-06
8.97516e-01 6.43e-06
8.97760e-01 6.56e-06
8.98045e-01 6.77e-06
8.98330e-01 7.11e-06
8.98615e-01 7.68e-06
8.98860e-01 8.77e-06
8.99145e-01 1.12e-05
8.99429e-01 1.81e-05
8.99673e-01 4.22e-05
8.99958e-01 4.78e-05
9.00243e-01 2.01e-05
9.00527e-01 1.20e-05
9.00771e-01 9.30e-06
9.01055e-01 8.30e-06
9.01340e-01 8.12e-06
9.01583e-01 8.98e-06
9.01867e-01 1.35e-05
9.02151e-01 2.63e-05
9.02395e-01 1.24e-05
9.02679e-01 8.20e-06
9.02962e-01 7.02e-06
9.03205e-01 6.54e-06
9.03489e-01 6.29e-06
9.03773e-01 6.14e-06
9.04056e-01 6.05e-06
9.04299e-01 5.97e-06
9.04582e-01 5.92e-06
9.04866e-01 5.88e-06
9.05108e-01 5.85e-06
9.05392e-01 5.82e-06
9.05675e-01 5.80e-06
9.06200e-01 5.76e-06
9.06725e-01 5.73e-06
9.07290e-01 5.71e-06
9.07815e-01 5.69e-06
9.08339e-01 5.68e-06
9.08904e-01 5.68e-06
9.09145e-01 5.67e-06
9.09669e-01 5.67e-06
9.10232e-01 5.68e-06
9.10474e-01 5.69e-06
9.10755e-01 5.71e-06
9.11037e-01 5.73e-06
9.11278e-01 5.75e-06
9.11560e-01 5.80e-06
9.11841e-01 5.85e-06
9.12082e-01 5.94e-06
9.12363e-01 6.09e-06
9.12644e-01 6.32e-06
9.12885e-01 6.76e-06
9.13166e-01 7.71e-06
9.13407e-01 1.03e-05
9.13687e-01 2.11e-05
9.13968e-01 4.56e-05
9.14209e-01 1.66e-05
9.14489e-01 9.36e-06
9.14770e-01 7.39e-06
9.15010e-01 6.61e-06
9.15290e-01 6.24e-06
9.15530e-01 6.03e-06
9.15811e-01 5.90e-06
9.16091e-01 5.82e-06
9.16331e-01 5.77e-06
9.16611e-01 5.73e-06
9.16851e-01 5.71e-06
9.17130e-01 5.70e-06
9.17410e-01 5.71e-06
9.17650e-01 5.72e-06
9.17929e-01 5.74e-06
9.18169e-01 5.77e-06
9.18448e-01 5.82e-06
9.18728e-01 5.90e-06
9.18967e-01 6.02e-06
9.19246e-01 6.28e-06
9.19486e-01 6.91e-06
9.19765e-01 6.81e-06
9.20044e-01 7.23e-06
9.20283e-01 8.18e-06
9.20562e-01 1.02e-05
9.20801e-01 1.56e-05
9.21079e-01 3.58e-05
9.21358e-01 9.58e-05
9.21597e-01 3.62e-05
9.21875e-01 1.56e-05
9.22114e-01 1.02e-05
9.22392e-01 8.13e-06
9.22631e-01 7.13e-06
9.22909e-01 6.57e-06
9.23187e-01 6.23e-06
9.23425e-01 6.01e-06
9.23703e-01 5.86e-06
9.23941e-01 5.74e-06
9.24219e-01 5.66e-06
9.24457e-01 5.59e-06
9.24735e-01 5.54e-06
9.25013e-01 5.50e-06
9.25250e-01 5.47e-06
9.25528e-01 5.44e-06
9.25766e-01 5.42e-06
9.26043e-01 5.40e-06
9.26558e-01 5.37e-06
9.27072e-01 5.35e-06
9.27587e-01 5.34e-06
9.27864e-01 5.33e-06
9.28377e-01 5.33e-06
9.28614e-01 5.34e-06
9.28891e-01 5.34e-06
9.29128e-01 5.36e-06
9.29404e-01 5.37e-06
9.29681e-01 5.40e-06
9.29917e-01 5.43e-06
9.30194e-01 5.47e-06
9.30430e-01 5.54e-06
9.30706e-01 5.63e-06
9.30943e-01 5.75e-06
9.31219e-01 5.95e-06
9.31455e-01 6.26e-06
9.31731e-01 6.79e-06
9.31967e-01 7.80e-06
9.32243e-01 1.01e-05
9.32479e-01 1.69e-05
9.32754e-01 4.75e-05
9.32991e-01 6.48e-05
9.33266e-01 2.06e-05
9.33541e-01 1.11e-05
9.33777e-01 8.17e-06
9.34052e-01 6.94e-06
9.34288e-01 6.31e-06
9.34563e-01 5.95e-06
9.34798e-01 5.72e-06
9.35073e-01 5.57e-06
9.35309e-01 5.46e-06
9.35583e-01 5.38e-06
9.35819e-01 5.32e-06
9.36093e-01 5.28e-06
9.36329e-01 5.24e-06
9.36603e-01 5.22e-06
9.36838e-01 5.20e-06
9.37112e-01 5.18e-06
9.37347e-01 5.18e-06
9.37622e-01 5.18e-06
9.37857e-01 5.20e-06
9.38130e-01 5.25e-06
9.38365e-01 5.42e-06
9.38639e-01 5.35e-06
9.38874e-01 5.41e-06
9.39148e-01 5.58e-06
9.39382e-01 5.97e-06
9.39656e-01 6.96e-06
9.39890e-01 1.04e-05
9.40163e-01 2.38e-05
9.40398e-01 1.39e-05
9.40671e-01 7.73e-06
9.40905e-01 6.19e-06
9.41139e-01 5.63e-06
9.41413e-01 5.36e-06
9.41647e-01 5.22e-06
9.41919e-01 5.13e-06
9.42153e-01 5.06e-06
9.42426e-01 5.02e-06
9.42660e-01 4.99e-06
9.42933e-01 4.96e-06
9.43166e-01 4.94e-06
9.43439e-01 4.92e-06
9.43945e-01 4.89e-06
9.44450e-01 4.87e-06
9.44956e-01 4.85e-06
9.45422e-01 4.83e-06
9.45927e-01 4.82e-06
9.46432e-01 4.80e-06
9.46936e-01 4.79e-06
9.47441e-01 4.78e-06
9.47944e-01 4.77e-06
9.48448e-01 4.75e-06
9.48952e-01 4.74e-06
9.49455e-01 4.73e-06
9.49919e-01 4.72e-06
9.50422e-01 4.71e-06
9.50924e-01 4.70e-06
9.51426e-01 4.69e-06
9.51928e-01 4.68e-06
9.52430e-01 4.67e-06
9.52931e-01 4.67e-06
9.53394e-01 4.66e-06
9.53895e-01 4.66e-06
9.54164e-01 4.66e-06
9.54896e-01 4.66e-06
9.55396e-01 4.66e-06
9.55627e-01 4.67e-06
9.55896e-01 4.68e-06
9.56127e-01 4.70e-06
9.56357e-01 4.72e-06
9.56626e-01 4.75e-06
9.56857e-01 4.80e-06
9.57126e-01 4.87e-06
9.57356e-01 4.99e-06
9.57586e-01 5.20e-06
9.57855e-01 5.62e-06
9.58085e-01 6.58e-06
9.58354e-01 9.54e-06
9.58584e-01 2.23e-05
9.58814e-01 2.12e-05
9.59082e-01 9.28e-06
9.59312e-01 6.48e-06
9.59580e-01 5.56e-06
9.59810e-01 5.15e-06
9.60040e-01 4.93e-06
9.60308e-01 4.80e-06
9.60537e-01 4.72e-06
9.60767e-01 4.66e-06
9.61035e-01 4.62e-06
9.61264e-01 4.59e-06
9.61532e-01 4.56e-06
9.61761e-01 4.54e-06
9.61990e-01 4.52e-06
9.62487e-01 4.50e-06
9.62983e-01 4.47e-06
9.63480e-01 4.46e-06
9.63937e-01 4.44e-06
9.64433e-01 4.42e-06
9.64929e-01 4.41e-06
9.65386e-01 4.40e-06
9.65881e-01 4.39e-06
9.66375e-01 4.37e-06
9.66870e-01 4.36e-06
9.67326e-01 4.35e-06
9.67820e-01 4.34e-06
9.68314e-01 4.33e-06
9.68769e-01 4.32e-06
9.69263e-01 4.31e-06
9.69756e-01 4.30e-06
9.70211e-01 4.29e-06
9.70703e-01 4.28e-06
9.71195e-01 4.27e-06
9.71650e-01 4.26e-06
9.72142e-01 4.25e-06
9.72633e-01 4.23e-06
9.73087e-01 4.22e-06
9.73578e-01 4.21e-06
9.74069e-01 4.21e-06
9.74522e-01 4.20e-06
9.75012e-01 4.19e-06
9.75503e-01 4.18e-06
9.75955e-01 4.17e-06
9.76445e-01 4.16e-06
9.76897e-01 4.15e-06
9.77386e-01 4.14e-06
9.77875e-01 4.13e-06
9.78326e-01 4.12e-06
9.78815e-01 4.11e-06
9.79266e-01 4.10e-06
9.79754e-01 4.09e-06
9.80242e-01 4.08e-06
9.80692e-01 4.07e-06
9.81179e-01 4.06e-06
9.81629e-01 4.05e-06
9.82116e-01 4.04e-06
9.82565e-01 4.03e-06
9.83052e-01 4.03e-06
9.83501e-01 4.02e-06
9.83987e-01 4.01e-06
9.84473e-01 4.00e-06
9.84921e-01 3.99e-06
9.85406e-01 3.98e-06
9.85854e-01 3.98e-06
9.86339e-01 3.97e-06
9.86786e-01 3.96e-06
9.87271e-01 3.95e-06
9.87718e-01 3.94e-06
9.88202e-01 3.93e-06
9.88649e-01 3.93e-06
9.89132e-01 3.92e-06
9.89578e-01 3.91e-06
9.90062e-01 3.90e-06
9.90507e-01 3.89e-06
9.90990e-01 3.89e-06
9.91435e-01 3.88e-06
9.91918e-01 3.87e-06
9.92362e-01 3.86e-06
9.92844e-01 3.86e-06
9.93289e-01 3.85e-06
9.93733e-01 3.84e-06
9.94214e-01 3.83e-06
9.94658e-01 3.83e-06
9.95139e-01 3.82e-06
9.95582e-01 3.81e-06
9.96063e-01 3.80e-06
9.96506e-01 3.80e-06
9.96986e-01 3.79e-06
9.97428e-01 3.78e-06
9.97871e-01 3.77e-06
9.98350e-01 3.77e-06
9.98792e-01 3.76e-06
9.99271e-01 3.75e-06
9.99712e-01 3.74e-06
1.00015e+00 3.74e-06
1.00063e+00 3.73e-06
1.00107e+00 3.73e-06
1.00129e+00 3.72e-06
1.00199e+00 3.72e-06
1.00243e+00 3.72e-06
1.00291e+00 3.71e-06
1.00313e+00 3.70e-06
1.00357e+00 3.69e-06
1.00405e+00 3.68e-06
1.00448e+00 3.67e-06
1.00492e+00 3.67e-06
1.00540e+00 3.66e-06
1.00562e+00 3.66e-06
1.00584e+00 3.66e-06
1.00606e+00 3.66e-06
1.00628e+00 3.68e-06
1.00653e+00 3.67e-06
1.00675e+00 3.65e-06
1.00697e+00 3.64e-06
1.00741e+00 3.64e-06
1.00788e+00 3.63e-06
1.00832e+00 3.62e-06
1.00876e+00 3.62e-06
1.00923e+00 3.61e-06
1.00967e+00 3.61e-06
1.01011e+00 3.60e-06
1.01058e+00 3.60e-06
1.01102e+00 3.59e-06
1.01146e+00 3.59e-06
1.01189e+00 3.58e-06
1.01236e+00 3.58e-06
1.01280e+00 3.57e-06
1.01324e+00 3.57e-06
1.01371e+00 3.56e-06
1.01414e+00 3.56e-06
1.01458e+00 3.55e-06
1.01501e+00 3.55e-06
1.01548e+00 3.54e-06
1.01592e+00 3.54e-06
1.01635e+00 3.53e-06
1.01834e+00 3.52e-06
1.01856e+00 3.52e-06
1.01881e+00 3.53e-06
1.01903e+00 3.55e-06
1.01924e+00 3.55e-06
1.01946e+00 3.53e-06
1.01968e+00 3.52e-06
1.01989e+00 3.51e-06
1.02033e+00 3.50e-06
1.02166e+00 3.50e-06
1.02252e+00 3.50e-06
1.02299e+00 3.50e-06
1.02342e+00 3.51e-06
1.02364e+00 3.52e-06
1.02385e+00 3.52e-06
1.02407e+00 3.54e-06
1.02428e+00 3.55e-06
1.02450e+00 3.57e-06
1.02471e+00 3.59e-06
1.02497e+00 3.63e-06
1.02518e+00 3.68e-06
1.02540e+00 3.76e-06
1.02561e+00 3.88e-06
1.02583e+00 4.05e-06
1.02604e+00 4.27e-06
1.02626e+00 4.45e-06
1.02647e+00 4.49e-06
1.02669e+00 4.48e-06
1.02690e+00 4.48e-06
1.02712e+00 4.45e-06
1.02737e+00 4.30e-06
1.02758e+00 4.08e-06
1.02780e+00 3.90e-06
1.02801e+00 3.76e-06
1.02823e+00 3.67e-06
1.02844e+00 3.61e-06
1.02865e+00 3.57e-06
1.02887e+00 3.54e-06
1.02908e+00 3.51e-06
1.02930e+00 3.50e-06
1.02951e+00 3.48e-06
1.02973e+00 3.47e-06
1.03019e+00 3.45e-06
1.03062e+00 3.44e-06
1.03105e+00 3.43e-06
1.03147e+00 3.43e-06
1.03233e+00 3.42e-06
1.03276e+00 3.42e-06
1.03322e+00 3.43e-06
1.03365e+00 3.43e-06
1.03407e+00 3.45e-06
1.03429e+00 3.45e-06
1.03450e+00 3.47e-06
1.03471e+00 3.48e-06
1.03493e+00 3.50e-06
1.03514e+00 3.52e-06
1.03535e+00 3.55e-06
1.03557e+00 3.59e-06
1.03578e+00 3.64e-06
1.03599e+00 3.73e-06
1.03620e+00 3.86e-06
1.03642e+00 4.01e-06
1.03663e+00 4.20e-06
1.03684e+00 4.36e-06
1.03706e+00 4.35e-06
1.03730e+00 4.23e-06
1.03752e+00 4.12e-06
1.03773e+00 4.07e-06
1.03794e+00 4.09e-06
1.03815e+00 4.18e-06
1.03837e+00 4.32e-06
1.03858e+00 4.55e-06
1.03879e+00 4.90e-06
1.03900e+00 5.41e-06
1.03922e+00 6.13e-06
1.03943e+00 7.08e-06
1.03964e+00 8.02e-06
1.03985e+00 8.42e-06
1.04006e+00 7.95e-06
1.04028e+00 7.00e-06
1.04049e+00 6.06e-06
1.04070e+00 5.34e-06
1.04091e+00 4.82e-06
1.04112e+00 4.45e-06
1.04134e+00 4.19e-06
1.04155e+00 4.01e-06
1.04176e+00 3.87e-06
1.04197e+00 3.76e-06
1.04218e+00 3.68e-06
1.04239e+00 3.61e-06
1.04261e+00 3.56e-06
1.04282e+00 3.51e-06
1.04303e+00 3.48e-06
1.04324e+00 3.45e-06
1.04349e+00 3.42e-06
1.04370e+00 3.40e-06
1.04391e+00 3.38e-06
1.04412e+00 3.37e-06
1.04454e+00 3.34e-06
1.04497e+00 3.32e-06
1.04539e+00 3.30e-06
1.04581e+00 3.29e-06
1.04623e+00 3.27e-06
1.04665e+00 3.26e-06
1.04707e+00 3.26e-06
1.04728e+00 3.26e-06
1.04749e+00 3.26e-06
1.04770e+00 3.26e-06
1.04792e+00 3.26e-06
1.04834e+00 3.28e-06
1.04876e+00 3.31e-06
1.04897e+00 3.29e-06
1.04918e+00 3.26e-06
1.04939e+00 3.25e-06
1.04960e+00 3.24e-06
1.04981e+00 3.23e-06
1.05002e+00 3.22e-06
1.05044e+00 3.22e-06
1.05065e+00 3.21e-06
1.05107e+00 3.21e-06
1.05149e+00 3.22e-06
1.05170e+00 3.22e-06
1.05190e+00 3.23e-06
1.05211e+00 3.24e-06
1.05232e+00 3.26e-06
1.05253e+00 3.29e-06
1.05274e+00 3.34e-06
1.05295e+00 3.42e-06
1.05316e+00 3.51e-06
1.05337e+00 3.59e-06
1.05358e+00 3.69e-06
1.05379e+00 3.72e-06
1.05400e+00 3.64e-06
1.05421e+00 3.52e-06
1.05442e+00 3.43e-06
1.05463e+00 3.38e-06
1.05483e+00 3.35e-06
1.05504e+00 3.34e-06
1.05522e+00 3.36e-06
1.05543e+00 3.39e-06
1.05564e+00 3.45e-06
1.05584e+00 3.56e-06
1.05605e+00 3.71e-06
1.05626e+00 3.90e-06
1.05647e+00 4.03e-06
1.05668e+00 3.97e-06
1.05689e+00 3.79e-06
1.05710e+00 3.60e-06
1.05730e+00 3.46e-06
1.05751e+00 3.36e-06
1.05772e+00 3.29e-06
1.05793e+00 3.25e-06
1.05814e+00 3.22e-06
1.05835e+00 3.19e-06
1.05855e+00 3.17e-06
1.05876e+00 3.16e-06
1.05897e+00 3.15e-06
1.05939e+00 3.13e-06
1.05980e+00 3.12e-06
1.06022e+00 3.11e-06
1.06063e+00 3.10e-06
1.06105e+00 3.09e-06
1.06143e+00 3.08e-06
1.06184e+00 3.08e-06
1.06226e+00 3.08e-06
1.06412e+00 3.06e-06
1.06537e+00 3.06e-06
1.06616e+00 3.07e-06
1.06657e+00 3.07e-06
1.06678e+00 3.07e-06
1.06719e+00 3.08e-06
1.06740e+00 3.09e-06
1.06760e+00 3.10e-06
1.06781e+00 3.11e-06
1.06802e+00 3.12e-06
1.06822e+00 3.14e-06
1.06843e+00 3.16e-06
1.06860e+00 3.20e-06
1.06881e+00 3.24e-06
1.06901e+00 3.30e-06
1.06922e+00 3.40e-06
1.06942e+00 3.56e-06
1.06963e+00 3.77e-06
1.06984e+00 3.96e-06
1.07004e+00 4.20e-06
1.07025e+00 4.35e-06
1.07045e+00 4.26e-06
1.07066e+00 4.03e-06
1.07086e+00 3.83e-06
1.07107e+00 3.71e-06
1.07128e+00 3.67e-06
1.07145e+00 3.70e-06
1.07165e+00 3.78e-06
1.07186e+00 3.94e-06
1.07206e+00 4.20e-06
1.07227e+00 4.60e-06
1.07247e+00 5.21e-06
1.07268e+00 6.03e-06
1.07288e+00 6.82e-06
1.07309e+00 6.99e-06
1.07329e+00 6.37e-06
1.07350e+00 5.49e-06
1.07370e+00 4.77e-06
1.07388e+00 4.26e-06
1.07408e+00 3.92e-06
1.07429e+00 3.68e-06
1.07449e+00 3.52e-06
1.07470e+00 3.40e-06
1.07490e+00 3.32e-06
1.07510e+00 3.25e-06
1.07531e+00 3.20e-06
1.07551e+00 3.16e-06
1.07572e+00 3.12e-06
1.07592e+00 3.10e-06
1.07609e+00 3.07e-06
1.07630e+00 3.06e-06
1.07650e+00 3.04e-06
1.07671e+00 3.03e-06
1.07712e+00 3.00e-06
1.07752e+00 2.99e-06
1.07793e+00 2.97e-06
1.07831e+00 2.96e-06
1.07872e+00 2.95e-06
1.07912e+00 2.94e-06
1.07953e+00 2.94e-06
1.07991e+00 2.93e-06
1.08011e+00 2.93e-06
1.08052e+00 2.93e-06
1.08072e+00 2.93e-06
1.08092e+00 2.94e-06
1.08133e+00 2.95e-06
1.08170e+00 2.97e-06
1.08211e+00 2.95e-06
1.08231e+00 2.94e-06
1.08252e+00 2.93e-06
1.08272e+00 2.93e-06
1.08292e+00 2.93e-06
1.08313e+00 2.94e-06
1.08333e+00 2.94e-06
1.08350e+00 2.95e-06
1.08370e+00 2.96e-06
1.08390e+00 2.97e-06
1.08411e+00 2.98e-06
1.08431e+00 3.00e-06
1.08451e+00 3.03e-06
1.08472e+00 3.06e-06
1.08492e+00 3.11e-06
1.08509e+00 3.17e-06
1.08529e+00 3.25e-06
1.08549e+00 3.38e-06
1.08570e+00 3.57e-06
1.08590e+00 3.85e-06
1.08610e+00 4.27e-06
1.08630e+00 4.76e-06
1.08651e+00 5.08e-06
1.08667e+00 4.92e-06
1.08688e+00 4.46e-06
1.08708e+00 4.01e-06
1.08728e+00 3.70e-06
1.08748e+00 3.49e-06
1.08769e+00 3.36e-06
1.08789e+00 3.29e-06
1.08806e+00 3.26e-06
1.08826e+00 3.27e-06
1.08846e+00 3.31e-06
1.08866e+00 3.41e-06
1.08886e+00 3.57e-06
1.08907e+00 3.73e-06
1.08927e+00 3.80e-06
1.08947e+00 3.68e-06
1.08964e+00 3.48e-06
1.08984e+00 3.30e-06
1.09004e+00 3.17e-06
1.09024e+00 3.08e-06
1.09045e+00 3.02e-06
1.09065e+00 2.98e-06
1.09085e+00 2.95e-06
1.09102e+00 2.92e-06
1.09122e+00 2.90e-06
1.09142e+00 2.89e-06
1.09162e+00 2.88e-06
1.09182e+00 2.87e-06
1.09202e+00 2.86e-06
1.09239e+00 2.86e-06
1.09259e+00 2.85e-06
1.09320e+00 2.85e-06
1.09340e+00 2.85e-06
1.09377e+00 2.86e-06
1.09417e+00 2.87e-06
1.09457e+00 2.88e-06
1.09477e+00 2.89e-06
1.09494e+00 2.89e-06
1.09514e+00 2.89e-06
1.09534e+00 2.89e-06
1.09574e+00 2.88e-06
1.09611e+00 2.87e-06
1.09651e+00 2.86e-06
1.09671e+00 2.86e-06
1.09711e+00 2.86e-06
1.09748e+00 2.86e-06
1.09808e+00 2.87e-06
1.09828e+00 2.87e-06
1.09845e+00 2.87e-06
1.09865e+00 2.88e-06
1.09885e+00 2.89e-06
1.09905e+00 2.90e-06
1.09925e+00 2.92e-06
1.09945e+00 2.94e-06
1.09961e+00 2.96e-06
1.09981e+00 2.98e-06
1.10001e+00 3.01e-06
1.10021e+00 3.04e-06
1.10041e+00 3.07e-06
1.10078e+00 3.14e-06
1.10098e+00 3.17e-06
1.10118e+00 3.20e-06
1.10138e+00 3.22e-06
1.10157e+00 3.23e-06
1.10177e+00 3.23e-06
1.10194e+00 3.23e-06
1.10214e+00 3.21e-06
1.10234e+00 3.18e-06
1.10274e+00 3.13e-06
1.10290e+00 3.10e-06
1.10310e+00 3.07e-06
1.10330e+00 3.06e-06
1.10350e+00 3.04e-06
1.10370e+00 3.04e-06
1.10390e+00 3.05e-06
1.10406e+00 3.08e-06
1.10426e+00 3.14e-06
1.10446e+00 3.23e-06
1.10466e+00 3.38e-06
1.10486e+00 3.59e-06
1.10503e+00 3.80e-06
1.10522e+00 3.88e-06
1.10542e+00 3.73e-06
1.10562e+00 3.48e-06
1.10582e+00 3.26e-06
1.10599e+00 3.10e-06
1.10618e+00 2.99e-06
1.10638e+00 2.92e-06
1.10658e+00 2.86e-06
1.10678e+00 2.82e-06
1.10698e+00 2.79e-06
1.10714e+00 2.77e-06
1.10734e+00 2.75e-06
1.10754e+00 2.73e-06
1.10774e+00 2.72e-06
1.10794e+00 2.71e-06
1.10830e+00 2.69e-06
1.10869e+00 2.67e-06
1.10906e+00 2.66e-06
1.10945e+00 2.65e-06
1.10985e+00 2.64e-06
1.11021e+00 2.63e-06
1.11061e+00 2.63e-06
1.11097e+00 2.62e-06
1.11136e+00 2.62e-06
1.11176e+00 2.61e-06
1.11212e+00 2.61e-06
1.11252e+00 2.60e-06
1.11288e+00 2.60e-06
1.11327e+00 2.59e-06
1.11363e+00 2.59e-06
1.11403e+00 2.58e-06
1.11442e+00 2.58e-06
1.11478e+00 2.57e-06
1.11517e+00 2.57e-06
1.11553e+00 2.56e-06
1.11593e+00 2.56e-06
1.11629e+00 2.55e-06
1.11668e+00 2.55e-06
1.11704e+00 2.55e-06
1.11743e+00 2.54e-06
1.11783e+00 2.54e-06
1.11819e+00 2.54e-06
1.11858e+00 2.53e-06
1.11894e+00 2.53e-06
1.11933e+00 2.53e-06
1.11969e+00 2.53e-06
1.12008e+00 2.52e-06
1.12327e+00 2.50e-06
1.12532e+00 2.50e-06
1.12662e+00 2.50e-06
1.12720e+00 2.50e-06
1.12756e+00 2.50e-06
1.12794e+00 2.50e-06
1.12885e+00 2.51e-06
1.12959e+00 2.51e-06
1.12998e+00 2.52e-06
1.13034e+00 2.52e-06
1.13072e+00 2.53e-06
1.13108e+00 2.53e-06
1.13147e+00 2.54e-06
1.13182e+00 2.56e-06
1.13201e+00 2.56e-06
1.13237e+00 2.58e-06
1.13276e+00 2.60e-06
1.13295e+00 2.61e-06
1.13311e+00 2.63e-06
1.13330e+00 2.64e-06
1.13369e+00 2.67e-06
1.13404e+00 2.71e-06
1.13443e+00 2.75e-06
1.13478e+00 2.79e-06
1.13498e+00 2.81e-06
1.13514e+00 2.84e-06
1.13533e+00 2.87e-06
1.13552e+00 2.91e-06
1.13572e+00 2.95e-06
1.13588e+00 2.99e-06
1.13607e+00 3.04e-06
1.13645e+00 3.15e-06
1.13661e+00 3.20e-06
1.13681e+00 3.25e-06
1.13700e+00 3.30e-06
1.13716e+00 3.34e-06
1.13735e+00 3.38e-06
1.13754e+00 3.40e-06
1.13774e+00 3.42e-06
1.13790e+00 3.43e-06
1.13809e+00 3.42e-06
1.13828e+00 3.39e-06
1.13844e+00 3.34e-06
1.13863e+00 3.27e-06
1.13883e+00 3.20e-06
1.13918e+00 3.05e-06
1.13937e+00 2.98e-06
1.13956e+00 2.91e-06
1.13972e+00 2.85e-06
1.13991e+00 2.80e-06
1.14011e+00 2.75e-06
1.14030e+00 2.71e-06
1.14046e+00 2.67e-06
1.14065e+00 2.64e-06
1.14084e+00 2.61e-06
1.14100e+00 2.58e-06
1.14119e+00 2.56e-06
1.14138e+00 2.54e-06
1.14158e+00 2.52e-06
1.14174e+00 2.51e-06
1.14193e+00 2.49e-06
1.14212e+00 2.48e-06
1.14228e+00 2.47e-06
1.14247e+00 2.46e-06
1.14285e+00 2.44e-06
1.14320e+00 2.43e-06
1.14355e+00 2.42e-06
1.14374e+00 2.42e-06
1.14413e+00 2.40e-06
1.14448e+00 2.38e-06
1.14483e+00 2.37e-06
1.14521e+00 2.36e-06
1.14556e+00 2.35e-06
1.14594e+00 2.34e-06
1.14629e+00 2.33e-06
1.14664e+00 2.33e-06
1.14702e+00 2.32e-06
1.14737e+00 2.31e-06
1.14775e+00 2.31e-06
1.14810e+00 2.31e-06
1.14845e+00 2.30e-06
1.14883e+00 2.30e-06
1.14918e+00 2.29e-06
1.14956e+00 2.29e-06
1.14991e+00 2.29e-06
1.15026e+00 2.28e-06
1.15064e+00 2.28e-06
1.15098e+00 2.28e-06
1.15133e+00 2.27e-06
1.15171e+00 2.27e-06
1.15206e+00 2.27e-06
1.15244e+00 2.26e-06
1.15278e+00 2.26e-06
1.15313e+00 2.26e-06
1.15351e+00 2.26e-06
1.15386e+00 2.25e-06
1.15420e+00 2.25e-06
1.15458e+00 2.25e-06
1.15493e+00 2.24e-06
1.15528e+00 2.24e-06
1.15565e+00 2.24e-06
1.15600e+00 2.23e-06
1.15638e+00 2.23e-06
1.15672e+00 2.23e-06
1.15707e+00 2.22e-06
1.15745e+00 2.22e-06
1.15779e+00 2.21e-06
1.15814e+00 2.21e-06
1.15852e+00 2.21e-06
1.15886e+00 2.20e-06
1.15921e+00 2.20e-06
1.15958e+00 2.20e-06
1.15993e+00 2.19e-06
1.16027e+00 2.19e-06
1.16065e+00 2.19e-06
1.16259e+00 2.18e-06
1.16418e+00 2.18e-06
1.16524e+00 2.18e-06
1.16593e+00 2.18e-06
1.16630e+00 2.18e-06
1.16664e+00 2.19e-06
1.16699e+00 2.19e-06
1.16736e+00 2.19e-06
1.16770e+00 2.19e-06
1.16805e+00 2.20e-06
1.16842e+00 2.20e-06
1.16876e+00 2.20e-06
1.16910e+00 2.21e-06
1.16944e+00 2.21e-06
1.16982e+00 2.21e-06
1.17016e+00 2.22e-06
1.17050e+00 2.22e-06
1.17087e+00 2.23e-06
1.17121e+00 2.23e-06
1.17140e+00 2.23e-06
1.17189e+00 2.23e-06
1.17227e+00 2.23e-06
1.17261e+00 2.22e-06
1.17295e+00 2.22e-06
1.17332e+00 2.21e-06
1.17366e+00 2.20e-06
1.17400e+00 2.19e-06
1.17434e+00 2.18e-06
1.17471e+00 2.17e-06
1.17505e+00 2.16e-06
1.17539e+00 2.15e-06
1.17573e+00 2.14e-06
1.17610e+00 2.13e-06
1.17644e+00 2.12e-06
1.17678e+00 2.11e-06
1.17715e+00 2.10e-06
1.17749e+00 2.09e-06
1.17782e+00 2.09e-06
1.17816e+00 2.08e-06
1.17853e+00 2.07e-06
1.17887e+00 2.06e-06
1.17921e+00 2.05e-06
1.17955e+00 2.04e-06
1.17992e+00 2.04e-06
1.18025e+00 2.03e-06
1.18059e+00 2.02e-06
1.18093e+00 2.02e-06
1.18130e+00 2.01e-06
1.18145e+00 2.07e-06
1.18179e+00 2.07e-06
1.18216e+00 2.06e-06
1.18249e+00 2.06e-06
1.18283e+00 2.05e-06
1.18317e+00 2.05e-06
1.18354e+00 2.05e-06
1.18387e+00 2.04e-06
1.18421e+00 2.04e-06
1.18455e+00 2.04e-06
1.18491e+00 2.03e-06
1.18525e+00 2.03e-06
1.18558e+00 2.03e-06
1.18592e+00 2.03e-06
1.18626e+00 2.02e-06
1.18985e+00 2.01e-06
1.19156e+00 2.00e-06
1.19192e+00 2.00e-06
1.19225e+00 2.00e-06
1.19259e+00 2.00e-06
1.19292e+00 2.00e-06
1.19326e+00 1.99e-06
1.19362e+00 1.99e-06
1.19395e+00 1.99e-06
1.19429e+00 1.98e-06
1.19462e+00 1.98e-06
1.19495e+00 1.98e-06
1.19532e+00 1.98e-06
1.19565e+00 1.97e-06
1.19598e+00 1.97e-06
1.19631e+00 1.97e-06
1.19665e+00 1.96e-06
1.19698e+00 1.96e-06
1.19734e+00 1.96e-06
1.19767e+00 1.95e-06
1.19801e+00 1.95e-06
1.19834e+00 1.95e-06
1.19867e+00 1.94e-06
1.19903e+00 1.94e-06
1.19936e+00 1.94e-06
1.19969e+00 1.94e-06
1.20003e+00 1.93e-06
1.20222e+00 1.92e-06
1.20555e+00 1.91e-06
1.20591e+00 1.91e-06
1.20624e+00 1.91e-06
1.20657e+00 1.90e-06
1.20690e+00 1.90e-06
1.20723e+00 1.90e-06
1.20756e+00 1.90e-06
1.20789e+00 1.89e-06
1.20824e+00 1.89e-06
1.20857e+00 1.88e-06
1.20890e+00 1.88e-06
1.20923e+00 1.88e-06
1.20956e+00 1.87e-06
1.20989e+00 1.87e-06
1.21021e+00 1.87e-06
1.21057e+00 1.87e-06
1.21090e+00 1.86e-06
1.21239e+00 1.86e-06
1.21471e+00 1.85e-06
1.21503e+00 1.85e-06
1.21536e+00 1.84e-06
1.21568e+00 1.84e-06
1.21601e+00 1.84e-06
1.21634e+00 1.83e-06
1.21669e+00 1.83e-06
1.21702e+00 1.82e-06
1.21734e+00 1.82e-06
1.21767e+00 1.81e-06
1.21799e+00 1.81e-06
1.21832e+00 1.80e-06
1.21864e+00 1.80e-06
1.21897e+00 1.79e-06
1.21932e+00 1.79e-06
1.21965e+00 1.78e-06
1.21997e+00 1.78e-06
1.22030e+00 1.77e-06
1.22045e+00 1.77e-06
1.22062e+00 1.85e-06
1.22095e+00 1.84e-06
1.22127e+00 1.84e-06
1.22160e+00 1.84e-06
1.22192e+00 1.83e-06
1.22227e+00 1.83e-06
1.22260e+00 1.83e-06
1.22292e+00 1.82e-06
1.22325e+00 1.82e-06
1.22357e+00 1.82e-06
1.22389e+00 1.81e-06
1.22422e+00 1.81e-06
1.22454e+00 1.81e-06
1.22486e+00 1.81e-06
1.22519e+00 1.80e-06
1.22554e+00 1.80e-06
1.22586e+00 1.80e-06
1.22618e+00 1.80e-06
1.22651e+00 1.79e-06
1.22683e+00 1.79e-06
1.22715e+00 1.79e-06
1.22747e+00 1.79e-06
1.22780e+00 1.78e-06
1.22812e+00 1.78e-06
1.22844e+00 1.78e-06
1.22876e+00 1.78e-06
1.22911e+00 1.77e-06
1.22944e+00 1.77e-06
1.22976e+00 1.77e-06
1.23008e+00 1.77e-06
1.23040e+00 1.77e-06
1.23072e+00 1.76e-06
1.23104e+00 1.76e-06
1.23136e+00 1.76e-06
1.23169e+00 1.76e-06
1.23201e+00 1.75e-06
1.23233e+00 1.75e-06
1.23265e+00 1.75e-06
1.23300e+00 1.75e-06
1.23332e+00 1.75e-06
1.23364e+00 1.74e-06
1.23396e+00 1.74e-06
1.23428e+00 1.74e-06
1.23460e+00 1.74e-06
1.23492e+00 1.74e-06
1.23524e+00 1.73e-06
1.23556e+00 1.73e-06
1.23588e+00 1.73e-06
1.23620e+00 1.73e-06
1.23652e+00 1.73e-06
1.23684e+00 1.72e-06
1.23719e+00 1.72e-06
1.23750e+00 1.72e-06
1.23782e+00 1.72e-06
1.23814e+00 1.72e-06
1.23846e+00 1.71e-06
1.23878e+00 1.71e-06
1.23910e+00 1.71e-06
1.23942e+00 1.71e-06
1.23974e+00 1.71e-06
1.24005e+00 1.70e-06
1.24037e+00 1.70e-06
1.24069e+00 1.70e-06
1.24101e+00 1.70e-06
1.24133e+00 1.70e-06
1.24164e+00 1.69e-06
1.24196e+00 1.69e-06
1.24231e+00 1.69e-06
1.24263e+00 1.69e-06
1.24294e+00 1.69e-06
1.24326e+00 1.68e-06
1.24358e+00 1.68e-06
1.24390e+00 1.68e-06
1.24421e+00 1.68e-06
1.24453e+00 1.68e-06
1.24485e+00 1.67e-06
1.24516e+00 1.67e-06
1.24548e+00 1.67e-06
1.24580e+00 1.67e-06
1.24611e+00 1.67e-06
1.24643e+00 1.66e-06
1.24674e+00 1.66e-06
1.24706e+00 1.66e-06
1.24738e+00 1.66e-06
1.24769e+00 1.66e-06
1.24801e+00 1.65e-06
1.24832e+00 1.65e-06
1.24867e+00 1.65e-06
1.24898e+00 1.65e-06
1.24930e+00 1.65e-06
1.24962e+00 1.65e-06
1.24993e+00 1.64e-06
1.25025e+00 1.64e-06
1.25056e+00 1.64e-06
1.25088e+00 1.64e-06
1.25119e+00 1.64e-06
1.25151e+00 1.63e-06
1.25182e+00 1.63e-06
1.25213e+00 1.63e-06
1.25245e+00 1.63e-06
1.25276e+00 1.63e-06
1.25308e+00 1.63e-06
1.25339e+00 1.62e-06
1.25371e+00 1.62e-06
1.25402e+00 1.62e-06
1.25433e+00 1.62e-06
1.25465e+00 1.62e-06
1.25496e+00 1.62e-06
1.25527e+00 1.61e-06
1.25559e+00 1.61e-06
1.25590e+00 1.61e-06
1.25621e+00 1.61e-06
1.25653e+00 1.61e-06
1.25684e+00 1.60e-06
1.25715e+00 1.60e-06
1.25749e+00 1.60e-06
1.25781e+00 1.60e-06
1.25812e+00 1.60e-06
1.25843e+00 1.60e-06
1.25875e+00 1.59e-06
1.25906e+00 1.59e-06
1.25937e+00 1.59e-06
1.25968e+00 1.59e-06
1.25999e+00 1.59e-06
1.26031e+00 1.59e-06
1.26062e+00 1.58e-06
1.26093e+00 1.58e-06
1.26124e+00 1.58e-06
1.26155e+00 1.58e-06
1.26186e+00 1.58e-06
1.26218e+00 1.58e-06
1.26249e+00 1.57e-06
1.26280e+00 1.57e-06
1.26311e+00 1.57e-06
1.26342e+00 1.57e-06
1.26373e+00 1.57e-06
1.26404e+00 1.56e-06
1.26435e+00 1.56e-06
1.26466e+00 1.56e-06
1.26497e+00 1.56e-06
1.26528e+00 1.56e-06
1.26559e+00 1.56e-06
1.26590e+00 1.55e-06
1.26621e+00 1.55e-06
1.26652e+00 1.55e-06
1.26683e+00 1.55e-06
1.26714e+00 1.55e-06
1.26745e+00 1.55e-06
1.26776e+00 1.54e-06
1.26807e+00 1.54e-06
1.26838e+00 1.54e-06
1.26869e+00 1.54e-06
1.26900e+00 1.54e-06
1.26931e+00 1.54e-06
1.26962e+00 1.53e-06
1.26993e+00 1.53e-06
1.27024e+00 1.53e-06
1.27055e+00 1.53e-06
1.27086e+00 1.53e-06
1.27116e+00 1.53e-06
1.27147e+00 1.52e-06
1.27178e+00 1.52e-06
1.27209e+00 1.52e-06
1.27240e+00 1.52e-06
1.27271e+00 1.52e-06
1.27301e+00 1.52e-06
1.27332e+00 1.51e-06
1.27363e+00 1.51e-06
1.27394e+00 1.51e-06
1.27424e+00 1.51e-06
1.27455e+00 1.51e-06
1.27486e+00 1.51e-06
1.27517e+00 1.50e-06
1.27547e+00 1.50e-06
1.27578e+00 1.50e-06
1.27609e+00 1.50e-06
1.27640e+00 1.50e-06
1.27670e+00 1.50e-06
1.27701e+00 1.49e-06
1.27732e+00 1.49e-06
1.27762e+00 1.49e-06
1.27793e+00 1.49e-06
1.27824e+00 1.49e-06
1.27854e+00 1.49e-06
1.27885e+00 1.48e-06
1.27915e+00 1.48e-06
1.27946e+00 1.48e-06
1.27977e+00 1.48e-06
1.28007e+00 1.48e-06
1.28038e+00 1.48e-06
1.28068e+00 1.47e-06
1.28099e+00 1.47e-06
1.28129e+00 1.47e-06
1.28160e+00 1.47e-06
1.28191e+00 1.47e-06
1.28221e+00 1.47e-06
1.28252e+00 1.46e-06
1.28282e+00 1.46e-06
1.28313e+00 1.46e-06
1.28343e+00 1.46e-06
1.28374e+00 1.46e-06
1.28404e+00 1.46e-06
1.28434e+00 1.45e-06
1.28465e+00 1.45e-06
1.28495e+00 1.45e-06
1.28526e+00 1.45e-06
1.28556e+00 1.45e-06
1.28587e+00 1.45e-06
1.28617e+00 1.44e-06
1.28647e+00 1.44e-06
1.28678e+00 1.44e-06
1.28708e+00 1.44e-06
1.28739e+00 1.44e-06
1.28769e+00 1.44e-06
1.28799e+00 1.43e-06
1.28830e+00 1.43e-06
1.28860e+00 1.43e-06
1.28890e+00 1.43e-06
1.28921e+00 1.43e-06
1.28951e+00 1.43e-06
1.28981e+00 1.42e-06
1.29011e+00 1.42e-06
1.29042e+00 1.42e-06
1.29072e+00 1.42e-06
1.29102e+00 1.42e-06
1.29132e+00 1.42e-06
1.29163e+00 1.42e-06
1.29193e+00 1.41e-06
1.29223e+00 1.41e-06
1.29253e+00 1.41e-06
1.29283e+00 1.41e-06
1.29314e+00 1.41e-06
1.29344e+00 1.41e-06
1.29374e+00 1.40e-06
1.29404e+00 1.40e-06
1.29434e+00 1.40e-06
1.29464e+00 1.40e-06
1.29495e+00 1.40e-06
1.29525e+00 1.40e-06
1.29555e+00 1.39e-06
1.29582e+00 1.39e-06
1.29612e+00 1.39e-06
1.29642e+00 1.39e-06
1.29673e+00 1.39e-06
1.29703e+00 1.39e-06
1.29733e+00 1.38e-06
1.29763e+00 1.38e-06
1.29793e+00 1.38e-06
1.29823e+00 1.38e-06
1.29853e+00 1.38e-06
1.29883e+00 1.38e-06
1.29913e+00 1.38e-06
1.29943e+00 1.37e-06
1.29973e+00 1.37e-06
1.30003e+00 1.37e-06
1.30033e+00 1.37e-06
1.30063e+00 1.37e-06
1.30093e+00 1.37e-06
1.30123e+00 1.36e-06
1.30153e+00 1.36e-06
1.30183e+00 1.36e-06
1.30212e+00 1.36e-06
1.30242e+00 1.36e-06
1.30272e+00 1.36e-06
1.30302e+00 1.35e-06
1.30332e+00 1.35e-06
1.30362e+00 1.35e-06
1.30392e+00 1.35e-06
1.30422e+00 1.35e-06
1.30451e+00 1.35e-06
1.30481e+00 1.35e-06
1.30511e+00 1.34e-06
1.30541e+00 1.34e-06
1.30571e+00 1.34e-06
1.30601e+00 1.34e-06
1.30630e+00 1.34e-06
1.30660e+00 1.34e-06
1.30690e+00 1.33e-06
1.30720e+00 1.33e-06
1.30749e+00 1.33e-06
1.30779e+00 1.33e-06
1.30809e+00 1.33e-06
1.30839e+00 1.33e-06
1.30868e+00 1.32e-06
1.30898e+00 1.32e-06
1.30925e+00 1.32e-06
1.30955e+00 1.32e-06
1.30985e+00 1.32e-06
1.31014e+00 1.32e-06
1.31044e+00 1.32e-06
1.31074e+00 1.31e-06
1.31103e+00 1.31e-06
1.31133e+00 1.31e-06
1.31162e+00 1.31e-06
1.31192e+00 1.31e-06
1.31222e+00 1.31e-06
1.31251e+00 1.30e-06
1.31281e+00 1.30e-06
1.31311e+00 1.30e-06
1.31340e+00 1.30e-06
1.31370e+00 1.30e-06
1.31399e+00 1.30e-06
1.31429e+00 1.30e-06
1.31458e+00 1.29e-06
1.31488e+00 1.29e-06
1.31517e+00 1.29e-06
1.31547e+00 1.29e-06
1.31576e+00 1.29e-06
1.31606e+00 1.29e-06
1.31635e+00 1.29e-06
1.31665e+00 1.28e-06
1.31694e+00 1.28e-06
1.31724e+00 1.28e-06
1.31753e+00 1.28e-06
1.31783e+00 1.28e-06
1.31812e+00 1.28e-06
1.31842e+00 1.28e-06
1.31871e+00 1.27e-06
1.31901e+00 1.27e-06
1.31930e+00 1.27e-06
1.31959e+00 1.27e-06
1.31989e+00 1.27e-06
1.32018e+00 1.27e-06
1.32048e+00 1.27e-06
1.32077e+00 1.26e-06
1.32106e+00 1.26e-06
1.32133e+00 1.26e-06
1.32162e+00 1.26e-06
1.32192e+00 1.26e-06
1.32221e+00 1.26e-06
1.32250e+00 1.26e-06
1.32280e+00 1.26e-06
1.32309e+00 1.25e-06
1.32338e+00 1.25e-06
1.32455e+00 1.25e-06
1.32484e+00 1.25e-06
1.32514e+00 1.24e-06
1.32543e+00 1.24e-06
1.32572e+00 1.24e-06
1.32601e+00 1.24e-06
1.32631e+00 1.24e-06
1.32660e+00 1.24e-06
1.32689e+00 1.24e-06
1.32718e+00 1.24e-06
1.32747e+00 1.23e-06
1.32776e+00 1.23e-06
1.32806e+00 1.23e-06
1.32835e+00 1.23e-06
1.32864e+00 1.23e-06
1.32893e+00 1.23e-06
1.32922e+00 1.23e-06
1.32951e+00 1.23e-06
1.32980e+00 1.22e-06
1.33009e+00 1.22e-06
1.33039e+00 1.22e-06
1.33068e+00 1.22e-06
1.33097e+00 1.22e-06
1.33126e+00 1.22e-06
1.33155e+00 1.22e-06
1.33184e+00 1.22e-06
1.33213e+00 1.21e-06
1.33242e+00 1.21e-06
1.33271e+00 1.21e-06
1.33300e+00 1.21e-06
1.33329e+00 1.21e-06
1.35263e+00 1.14e-06
1.36691e+00 1.09e-06
1.37935e+00 1.04e-06
1.38532e+00 1.03e-06
1.38602e+00 1.02e-06
1.38629e+00 1.02e-06
1.38657e+00 1.02e-06
1.38684e+00 1.02e-06
1.38712e+00 1.02e-06
1.38892e+00 1.01e-06
1.39359e+00 9.98e-07
1.40251e+00 9.69e-07
1.41961e+00 9.20e-07
1.42434e+00 9.06e-07
1.42460e+00 9.06e-07
1.42527e+00 9.04e-07
1.42808e+00 8.96e-07
1.42849e+00 8.96e-07
1.42876e+00 8.95e-07
1.42916e+00 8.93e-07
1.43466e+00 8.77e-07
1.44732e+00 8.44e-07
1.45750e+00 8.20e-07
1.46105e+00 8.12e-07
1.47222e+00 7.90e-07
1.47327e+00 7.88e-07
1.47630e+00 7.81e-07
1.48151e+00 7.71e-07
1.48607e+00 7.62e-07
1.48698e+00 7.62e-07
1.48725e+00 7.60e-07
1.48790e+00 7.58e-07
1.50410e+00 7.29e-07
1.50474e+00 7.28e-07
1.50501e+00 7.29e-07
1.50541e+00 7.26e-07
1.52176e+00 6.97e-07
1.53217e+00 6.80e-07
1.53256e+00 6.80e-07
1.53320e+00 6.78e-07
1.55380e+00 6.46e-07
1.56618e+00 6.29e-07
1.57702e+00 6.17e-07
1.57714e+00 6.17e-07
1.57753e+00 6.16e-07
1.58964e+00 6.02e-07
1.61170e+00 5.78e-07
1.62038e+00 5.70e-07
1.64972e+00 5.43e-07
1.66144e+00 5.34e-07
1.68230e+00 5.20e-07
1.69196e+00 5.14e-07
1.69352e+00 5.13e-07
1.70256e+00 5.08e-07
1.71989e+00 4.99e-07
1.74197e+00 4.90e-07
1.75979e+00 4.84e-07
1.77509e+00 4.80e-07
1.79344e+00 4.77e-07
1.80840e+00 4.75e-07
1.81474e+00 4.75e-07
1.81592e+00 4.75e-07
1.81648e+00 4.76e-07
1.81678e+00 4.77e-07
1.81692e+00 4.78e-07
1.81707e+00 4.79e-07
1.81722e+00 4.81e-07
1.81736e+00 4.84e-07
1.81751e+00 4.88e-07
1.81765e+00 4.96e-07
1.81780e+00 5.07e-07
1.81795e+00 5.11e-07
1.81809e+00 5.03e-07
1.81824e+00 4.93e-07
1.81839e+00 4.86e-07
1.81853e+00 4.82e-07
1.81868e+00 4.80e-07
1.81882e+00 4.78e-07
1.81895e+00 4.77e-07
1.81939e+00 4.76e-07
1.82012e+00 4.75e-07
1.82158e+00 4.74e-07
1.82203e+00 4.75e-07
1.82247e+00 4.74e-07
1.82833e+00 4.74e-07
1.82848e+00 4.74e-07
1.82862e+00 4.75e-07
1.82877e+00 4.75e-07
1.82891e+00 4.74e-07
1.83349e+00 4.74e-07
1.83737e+00 4.75e-07
1.83751e+00 4.75e-07
1.83766e+00 4.75e-07
1.83810e+00 4.74e-07
1.84530e+00 4.75e-07
1.84590e+00 4.76e-07
1.84620e+00 4.76e-07
1.84636e+00 4.77e-07
1.84650e+00 4.78e-07
1.84666e+00 4.83e-07
1.84680e+00 5.00e-07
1.84696e+00 4.94e-07
1.84712e+00 4.81e-07
1.84726e+00 4.78e-07
1.84741e+00 4.77e-07
1.84756e+00 4.76e-07
1.84801e+00 4.76e-07
1.85044e+00 4.76e-07
1.86251e+00 4.77e-07
1.86282e+00 4.78e-07
1.86298e+00 4.78e-07
1.86313e+00 4.80e-07
1.86329e+00 4.80e-07
1.86344e+00 4.78e-07
1.86360e+00 4.78e-07
1.86453e+00 4.78e-07
1.86546e+00 4.78e-07
1.86577e+00 4.79e-07
1.86608e+00 4.79e-07
1.86623e+00 4.80e-07
1.86639e+00 4.81e-07
1.86654e+00 4.85e-07
1.86670e+00 4.97e-07
1.86685e+00 5.33e-07
1.86701e+00 5.04e-07
1.86716e+00 4.87e-07
1.86732e+00 4.82e-07
1.86747e+00 4.80e-07
1.86762e+00 4.80e-07
1.86809e+00 4.79e-07
1.86949e+00 4.79e-07
1.87199e+00 4.79e-07
1.87294e+00 4.80e-07
1.87325e+00 4.81e-07
1.87355e+00 4.81e-07
1.87388e+00 4.82e-07
1.87403e+00 4.83e-07
1.87418e+00 4.85e-07
1.87451e+00 4.88e-07
1.87466e+00 4.89e-07
1.87481e+00 4.90e-07
1.87498e+00 4.89e-07
1.87529e+00 4.86e-07
1.87544e+00 4.85e-07
1.87561e+00 4.84e-07
1.87607e+00 4.82e-07
1.87654e+00 4.81e-07
1.87765e+00 4.81e-07
1.88145e+00 4.81e-07
1.89493e+00 4.85e-07
1.90807e+00 4.90e-07
1.91948e+00 4.94e-07
1.92871e+00 4.99e-07
1.93740e+00 5.03e-07
1.94376e+00 5.07e-07
1.94447e+00 5.08e-07
1.94482e+00 5.09e-07
1.94518e+00 5.09e-07
1.94537e+00 5.10e-07
1.94554e+00 5.11e-07
1.94571e+00 5.13e-07
1.94590e+00 5.17e-07
1.94607e+00 5.31e-07
1.94625e+00 6.01e-07
1.94642e+00 5.60e-07
1.94661e+00 5.23e-07
1.94678e+00 5.15e-07
1.94697e+00 5.13e-07
1.94715e+00 5.12e-07
1.94732e+00 5.11e-07
1.94787e+00 5.11e-07
1.94929e+00 5.11e-07
1.95327e+00 5.14e-07
1.95983e+00 5.18e-07
1.96798e+00 5.25e-07
1.97475e+00 5.30e-07
1.97514e+00 5.31e-07
1.97532e+00 5.31e-07
1.97551e+00 5.32e-07
1.97588e+00 5.31e-07
1.97665e+00 5.32e-07
1.97703e+00 5.33e-07
1.97721e+00 5.34e-07
1.97741e+00 5.36e-07
1.97760e+00 5.35e-07
1.97780e+00 5.37e-07
1.97799e+00 5.40e-07
1.97817e+00 5.44e-07
1.97836e+00 5.41e-07
1.97856e+00 5.37e-07
1.97875e+00 5.36e-07
1.97894e+00 5.35e-07
1.97951e+00 5.35e-07
1.98067e+00 5.36e-07
1.98569e+00 5.40e-07
1.99236e+00 5.47e-07
1.99792e+00 5.53e-07
2.00234e+00 5.57e-07
2.00640e+00 5.62e-07
2.01424e+00 5.71e-07
2.01632e+00 5.74e-07
2.02307e+00 5.82e-07
2.02479e+00 5.84e-07
2.02736e+00 5.87e-07
2.02779e+00 5.88e-07
2.02908e+00 5.90e-07
2.02995e+00 5.91e-07
2.03038e+00 5.91e-07
2.03082e+00 5.92e-07
2.03125e+00 5.93e-07
2.03168e+00 5.93e-07
2.03213e+00 5.94e-07
2.03256e+00 5.94e-07
2.03299e+00 5.95e-07
2.03344e+00 5.96e-07
2.03387e+00 5.96e-07
2.03431e+00 5.97e-07
2.03474e+00 5.98e-07
2.03519e+00 5.98e-07
2.03562e+00 5.99e-07
2.03606e+00 5.99e-07
2.03651e+00 6.00e-07
2.03695e+00 6.01e-07
2.03739e+00 6.01e-07
2.03784e+00 6.02e-07
2.03828e+00 6.03e-07
2.03872e+00 6.03e-07
2.03917e+00 6.04e-07
2.03961e+00 6.05e-07
2.04005e+00 6.05e-07
2.04049e+00 6.06e-07
2.04095e+00 6.07e-07
2.04139e+00 6.07e-07
2.04183e+00 6.08e-07
2.04228e+00 6.09e-07
2.04274e+00 6.09e-07
2.04318e+00 6.10e-07
2.04363e+00 6.11e-07
2.04409e+00 6.11e-07
2.04453e+00 6.12e-07
2.04498e+00 6.13e-07
2.04543e+00 6.14e-07
2.04588e+00 6.14e-07
2.04634e+00 6.15e-07
2.04679e+00 6.16e-07
2.04724e+00 6.16e-07
2.04771e+00 6.17e-07
2.04816e+00 6.18e-07
2.04861e+00 6.19e-07
2.04907e+00 6.19e-07
2.04952e+00 6.20e-07
2.04997e+00 6.21e-07
2.05044e+00 6.22e-07
2.05090e+00 6.22e-07
2.05135e+00 6.23e-07
2.05181e+00 6.24e-07
2.05228e+00 6.25e-07
2.05274e+00 6.26e-07
2.05320e+00 6.27e-07
2.05366e+00 6.28e-07
2.05389e+00 6.28e-07
2.05412e+00 6.30e-07
2.05435e+00 6.30e-07
2.05459e+00 6.30e-07
2.05505e+00 6.30e-07
2.05551e+00 6.31e-07
2.05598e+00 6.32e-07
2.05644e+00 6.33e-07
2.05691e+00 6.34e-07
2.05737e+00 6.35e-07
2.05785e+00 6.37e-07
2.05831e+00 6.38e-07
2.05878e+00 6.41e-07
2.05902e+00 6.42e-07
2.05925e+00 6.44e-07
2.05948e+00 6.46e-07
2.05972e+00 6.49e-07
2.05995e+00 6.53e-07
2.06020e+00 6.59e-07
2.06042e+00 6.70e-07
2.06067e+00 6.90e-07
2.06090e+00 7.25e-07
2.06114e+00 8.15e-07
2.06137e+00 1.07e-06
2.06161e+00 1.19e-06
2.06184e+00 8.74e-07
2.06208e+00 7.44e-07
2.06232e+00 6.97e-07
2.06255e+00 6.76e-07
2.06279e+00 6.66e-07
2.06303e+00 6.59e-07
2.06326e+00 6.56e-07
2.06350e+00 6.54e-07
2.06374e+00 6.52e-07
2.06399e+00 6.51e-07
2.06470e+00 6.50e-07
2.06517e+00 6.51e-07
2.06541e+00 6.51e-07
2.06565e+00 6.52e-07
2.06589e+00 6.54e-07
2.06613e+00 6.55e-07
2.06637e+00 6.56e-07
2.06685e+00 6.54e-07
2.06709e+00 6.54e-07
2.06757e+00 6.55e-07
2.06781e+00 6.55e-07
2.06853e+00 6.55e-07
2.06901e+00 6.55e-07
2.06949e+00 6.56e-07
2.06998e+00 6.57e-07
2.07046e+00 6.57e-07
2.07096e+00 6.58e-07
2.07143e+00 6.59e-07
2.07193e+00 6.60e-07
2.07242e+00 6.61e-07
2.07290e+00 6.62e-07
2.07339e+00 6.63e-07
2.07388e+00 6.64e-07
2.07437e+00 6.65e-07
2.07486e+00 6.66e-07
2.07536e+00 6.67e-07
2.07585e+00 6.68e-07
2.07634e+00 6.69e-07
2.07684e+00 6.70e-07
2.07708e+00 6.72e-07
2.07733e+00 6.75e-07
2.07758e+00 6.79e-07
2.07783e+00 6.75e-07
2.07807e+00 6.73e-07
2.07832e+00 6.73e-07
2.07882e+00 6.74e-07
2.07932e+00 6.74e-07
2.07982e+00 6.75e-07
2.08032e+00 6.76e-07
2.08082e+00 6.77e-07
2.08131e+00 6.78e-07
2.08181e+00 6.79e-07
2.08231e+00 6.81e-07
2.08282e+00 6.82e-07
2.08332e+00 6.83e-07
2.08357e+00 6.83e-07
2.08383e+00 6.83e-07
2.08433e+00 6.84e-07
2.08484e+00 6.85e-07
2.08535e+00 6.86e-07
2.08586e+00 6.87e-07
2.08636e+00 6.88e-07
2.08686e+00 6.90e-07
2.08738e+00 6.91e-07
2.08789e+00 6.92e-07
2.08840e+00 6.93e-07
2.08891e+00 6.94e-07
2.08943e+00 6.95e-07
2.08994e+00 6.96e-07
2.09046e+00 6.98e-07
2.09097e+00 6.99e-07
2.09149e+00 7.00e-07
2.09201e+00 7.01e-07
2.09253e+00 7.02e-07
2.09305e+00 7.04e-07
2.09357e+00 7.05e-07
2.09513e+00 7.08e-07
2.09565e+00 7.10e-07
2.09618e+00 7.11e-07
2.09670e+00 7.12e-07
2.09723e+00 7.13e-07
2.09775e+00 7.15e-07
2.09828e+00 7.16e-07
2.09882e+00 7.17e-07
2.09934e+00 7.19e-07
2.09987e+00 7.20e-07
2.10014e+00 7.21e-07
2.10040e+00 7.22e-07
2.10066e+00 7.26e-07
2.10093e+00 7.24e-07
2.10146e+00 7.25e-07
2.10200e+00 7.27e-07
2.10254e+00 7.29e-07
2.10307e+00 7.32e-07
2.10334e+00 7.34e-07
2.10361e+00 7.37e-07
2.10388e+00 7.41e-07
2.10415e+00 7.51e-07
2.10441e+00 7.75e-07
2.10468e+00 7.70e-07
2.10495e+00 7.63e-07
2.10522e+00 7.72e-07
2.10549e+00 7.95e-07
2.10577e+00 8.38e-07
2.10603e+00 8.91e-07
2.10630e+00 8.84e-07
2.10657e+00 8.30e-07
2.10685e+00 7.91e-07
2.10712e+00 7.71e-07
2.10738e+00 7.60e-07
2.10766e+00 7.54e-07
2.10793e+00 7.51e-07
2.10820e+00 7.49e-07
2.10848e+00 7.48e-07
2.10929e+00 7.47e-07
2.10985e+00 7.47e-07
2.11040e+00 7.48e-07
2.11094e+00 7.49e-07
2.11150e+00 7.50e-07
2.11204e+00 7.51e-07
2.11260e+00 7.52e-07
2.11315e+00 7.53e-07
2.11371e+00 7.55e-07
2.11427e+00 7.56e-07
2.11482e+00 7.58e-07
2.11538e+00 7.59e-07
2.11593e+00 7.61e-07
2.11650e+00 7.62e-07
2.11705e+00 7.63e-07
2.11762e+00 7.65e-07
2.11818e+00 7.67e-07
2.11875e+00 7.68e-07
2.11931e+00 7.70e-07
2.11988e+00 7.71e-07
2.12044e+00 7.73e-07
2.12100e+00 7.74e-07
2.12158e+00 7.76e-07
2.12214e+00 7.78e-07
2.12272e+00 7.79e-07
2.12329e+00 7.81e-07
2.12387e+00 7.82e-07
2.12444e+00 7.84e-07
2.12501e+00 7.86e-07
2.12559e+00 7.87e-07
2.12617e+00 7.89e-07
2.12674e+00 7.91e-07
2.12733e+00 7.93e-07
2.12791e+00 7.94e-07
2.12849e+00 7.96e-07
2.12908e+00 7.98e-07
2.12966e+00 7.99e-07
2.13024e+00 8.01e-07
2.13084e+00 8.03e-07
2.13142e+00 8.05e-07
2.13201e+00 8.07e-07
2.13260e+00 8.08e-07
2.13320e+00 8.10e-07
2.13379e+00 8.12e-07
2.13438e+00 8.14e-07
2.13497e+00 8.16e-07
2.13557e+00 8.18e-07
2.13618e+00 8.20e-07
2.13677e+00 8.22e-07
2.13737e+00 8.23e-07
2.13797e+00 8.25e-07
2.13857e+00 8.27e-07
2.13918e+00 8.29e-07
2.13978e+00 8.31e-07
2.14040e+00 8.33e-07
2.14101e+00 8.35e-07
2.14161e+00 8.37e-07
2.14222e+00 8.39e-07
2.14284e+00 8.41e-07
2.14345e+00 8.43e-07
2.14406e+00 8.46e-07
2.14468e+00 8.48e-07
2.14530e+00 8.50e-07
2.14592e+00 8.52e-07
2.14654e+00 8.54e-07
2.14716e+00 8.56e-07
2.14778e+00 8.58e-07
2.14841e+00 8.60e-07
2.14903e+00 8.63e-07
2.14966e+00 8.65e-07
2.15028e+00 8.68e-07
2.15060e+00 8.69e-07
2.15091e+00 8.70e-07
2.15155e+00 8.72e-07
2.15218e+00 8.74e-07
2.15282e+00 8.76e-07
2.15345e+00 8.78e-07
2.15409e+00 8.81e-07
2.15472e+00 8.83e-07
2.15537e+00 8.86e-07
2.15601e+00 8.88e-07
2.15666e+00 8.90e-07
2.15729e+00 8.93e-07
2.15794e+00 8.95e-07
2.15859e+00 8.98e-07
2.15923e+00 9.00e-07
2.15989e+00 9.03e-07
2.16054e+00 9.06e-07
2.16119e+00 9.09e-07
2.16185e+00 9.13e-07
2.16218e+00 9.15e-07
2.16251e+00 9.18e-07
2.16284e+00 9.23e-07
2.16317e+00 9.34e-07
2.16350e+00 9.67e-07
2.16383e+00 1.24e-06
2.16416e+00 1.40e-06
2.16449e+00 9.80e-07
2.16483e+00 9.42e-07
2.16516e+00 9.33e-07
2.16548e+00 9.30e-07
2.16583e+00 9.29e-07
2.16616e+00 9.29e-07
2.16682e+00 9.31e-07
2.16749e+00 9.33e-07
2.16816e+00 9.35e-07
2.16884e+00 9.38e-07
2.16951e+00 9.40e-07
2.17018e+00 9.43e-07
2.17086e+00 9.46e-07
2.17154e+00 9.49e-07
2.17223e+00 9.51e-07
2.17291e+00 9.54e-07
2.17359e+00 9.57e-07
2.17427e+00 9.60e-07
2.17497e+00 9.63e-07
2.17566e+00 9.66e-07
2.17635e+00 9.69e-07
2.17704e+00 9.72e-07
2.17774e+00 9.75e-07
2.17844e+00 9.78e-07
2.17914e+00 9.82e-07
2.17949e+00 9.85e-07
2.17984e+00 9.89e-07
2.18019e+00 9.90e-07
2.18054e+00 9.89e-07
2.18089e+00 9.90e-07
2.18160e+00 9.92e-07
2.18231e+00 9.95e-07
2.18302e+00 9.99e-07
2.18337e+00 1.00e-06
2.18373e+00 1.01e-06
2.18408e+00 1.01e-06
2.18444e+00 1.01e-06
2.18480e+00 1.01e-06
2.18552e+00 1.01e-06
2.18624e+00 1.01e-06
2.18696e+00 1.02e-06
2.18768e+00 1.02e-06
2.18841e+00 1.02e-06
2.18914e+00 1.03e-06
2.18986e+00 1.03e-06
2.19060e+00 1.03e-06
2.19133e+00 1.04e-06
2.19207e+00 1.04e-06
2.19280e+00 1.04e-06
2.19354e+00 1.05e-06
2.19429e+00 1.05e-06
2.19503e+00 1.05e-06
2.19578e+00 1.06e-06
2.19652e+00 1.06e-06
2.19728e+00 1.07e-06
2.19804e+00 1.07e-06
2.19879e+00 1.07e-06
2.19954e+00 1.08e-06
2.20031e+00 1.08e-06
2.20107e+00 1.09e-06
2.20184e+00 1.09e-06
2.20260e+00 1.09e-06
2.20337e+00 1.10e-06
2.20415e+00 1.10e-06
2.20492e+00 1.11e-06
2.20569e+00 1.11e-06
2.20647e+00 1.11e-06
2.20725e+00 1.12e-06
2.20804e+00 1.12e-06
2.20882e+00 1.13e-06
2.20961e+00 1.13e-06
2.21040e+00 1.14e-06
2.21120e+00 1.14e-06
2.21200e+00 1.15e-06
2.21280e+00 1.15e-06
2.21360e+00 1.15e-06
2.21441e+00 1.16e-06
2.21522e+00 1.16e-06
2.21602e+00 1.17e-06
2.21684e+00 1.17e-06
2.21766e+00 1.18e-06
2.21847e+00 1.18e-06
2.21930e+00 1.19e-06
2.22013e+00 1.19e-06
2.22095e+00 1.20e-06
2.22178e+00 1.20e-06
2.22261e+00 1.21e-06
2.22346e+00 1.21e-06
2.22429e+00 1.22e-06
2.22513e+00 1.22e-06
2.22597e+00 1.23e-06
2.22683e+00 1.24e-06
2.22768e+00 1.24e-06
2.22853e+00 1.25e-06
2.22939e+00 1.25e-06
2.23025e+00 1.26e-06
2.23111e+00 1.26e-06
2.23198e+00 1.27e-06
2.23285e+00 1.27e-06
2.23373e+00 1.28e-06
2.23461e+00 1.29e-06
2.23548e+00 1.29e-06
2.23637e+00 1.30e-06
2.23726e+00 1.31e-06
2.23815e+00 1.31e-06
2.23904e+00 1.32e-06
2.23994e+00 1.32e-06
2.24084e+00 1.33e-06
2.24175e+00 1.34e-06
2.24265e+00 1.34e-06
2.24357e+00 1.35e-06
2.24449e+00 1.36e-06
2.24540e+00 1.36e-06
2.24633e+00 1.37e-06
2.24725e+00 1.38e-06
2.24818e+00 1.39e-06
2.24912e+00 1.39e-06
2.25006e+00 1.40e-06
2.25101e+00 1.41e-06
2.25195e+00 1.41e-06
2.25290e+00 1.42e-06
2.25386e+00 1.43e-06
2.25482e+00 1.44e-06
2.25578e+00 1.45e-06
2.25675e+00 1.45e-06
2.25772e+00 1.46e-06
2.25870e+00 1.47e-06
2.25968e+00 1.48e-06
2.26067e+00 1.49e-06
2.26166e+00 1.49e-06
2.26265e+00 1.50e-06
2.26365e+00 1.51e-06
2.26465e+00 1.52e-06
2.26515e+00 1.53e-06
2.26566e+00 1.53e-06
2.26667e+00 1.54e-06
2.26769e+00 1.55e-06
2.26871e+00 1.56e-06
2.26922e+00 1.57e-06
2.26974e+00 1.58e-06
2.27026e+00 1.66e-06
2.27181e+00 1.59e-06
2.27233e+00 1.59e-06
2.27337e+00 1.60e-06
2.27442e+00 1.61e-06
2.27548e+00 1.62e-06
2.27654e+00 1.63e-06
2.27761e+00 1.64e-06
2.27868e+00 1.65e-06
2.27976e+00 1.66e-06
2.28084e+00 1.67e-06
2.28193e+00 1.68e-06
2.28303e+00 1.70e-06
2.28413e+00 1.71e-06
2.28523e+00 1.72e-06
2.28634e+00 1.73e-06
2.28746e+00 1.74e-06
2.28858e+00 1.75e-06
2.28971e+00 1.77e-06
2.29085e+00 1.78e-06
2.29199e+00 1.79e-06
2.29314e+00 1.80e-06
2.29429e+00 1.82e-06
2.29546e+00 1.83e-06
2.29663e+00 1.84e-06
2.29780e+00 1.86e-06
2.29898e+00 1.87e-06
2.30017e+00 1.89e-06
2.30136e+00 1.90e-06
2.30258e+00 1.92e-06
2.30378e+00 1.93e-06
2.30498e+00 1.95e-06
2.30618e+00 1.96e-06
2.30747e+00 1.98e-06
2.30867e+00 1.99e-06
2.30996e+00 2.01e-06
2.31125e+00 2.03e-06
2.31244e+00 2.04e-06
2.31372e+00 2.06e-06
2.31501e+00 2.08e-06
2.31629e+00 2.10e-06
2.31757e+00 2.11e-06
2.31895e+00 2.13e-06
2.32023e+00 2.15e-06
2.32160e+00 2.17e-06
2.32288e+00 2.19e-06
2.32425e+00 2.21e-06
2.32562e+00 2.23e-06
2.32698e+00 2.25e-06
2.32835e+00 2.27e-06
2.32903e+00 2.29e-06
2.32971e+00 2.30e-06
2.33039e+00 2.32e-06
2.33108e+00 2.35e-06
2.33185e+00 2.33e-06
2.33253e+00 2.34e-06
2.33321e+00 2.37e-06
2.33389e+00 2.36e-06
2.33534e+00 2.39e-06
2.33679e+00 2.41e-06
2.33824e+00 2.44e-06
2.33969e+00 2.46e-06
2.34113e+00 2.49e-06
2.34267e+00 2.51e-06
2.34411e+00 2.54e-06
2.34564e+00 2.57e-06
2.34718e+00 2.59e-06
2.34871e+00 2.62e-06
2.35023e+00 2.65e-06
2.35176e+00 2.68e-06
2.35337e+00 2.71e-06
2.35499e+00 2.75e-06
2.35650e+00 2.78e-06
2.35811e+00 2.81e-06
2.35982e+00 2.85e-06
2.36142e+00 2.88e-06
2.36312e+00 2.92e-06
2.36471e+00 2.95e-06
2.36640e+00 2.99e-06
2.36819e+00 3.03e-06
2.36987e+00 3.07e-06
2.37164e+00 3.11e-06
2.37332e+00 3.16e-06
2.37518e+00 3.20e-06
2.37695e+00 3.24e-06
2.37871e+00 3.29e-06
2.38056e+00 3.34e-06
2.38241e+00 3.39e-06
2.38426e+00 3.44e-06
2.38619e+00 3.49e-06
2.38812e+00 3.54e-06
2.39005e+00 3.60e-06
2.39197e+00 3.66e-06
2.39398e+00 3.72e-06
2.39598e+00 3.78e-06
2.39799e+00 3.84e-06
2.40007e+00 3.91e-06
2.40216e+00 3.98e-06
2.40424e+00 4.05e-06
2.40640e+00 4.12e-06
2.40848e+00 4.20e-06
2.41072e+00 4.28e-06
2.41296e+00 4.37e-06
2.41520e+00 4.45e-06
2.41743e+00 4.54e-06
2.41975e+00 4.64e-06
2.42214e+00 4.74e-06
2.42454e+00 4.84e-06
2.42569e+00 4.89e-06
2.42816e+00 5.00e-06
2.43063e+00 5.12e-06
2.43317e+00 5.24e-06
2.43572e+00 5.37e-06
2.43825e+00 5.50e-06
2.44095e+00 5.65e-06
2.44365e+00 5.80e-06
2.44634e+00 5.95e-06
2.44911e+00 6.12e-06
2.45195e+00 6.30e-06
2.45488e+00 6.49e-06
2.45634e+00 6.59e-06
2.45779e+00 6.70e-06
2.46087e+00 6.91e-06
2.46241e+00 7.03e-06
2.46394e+00 7.14e-06
2.46547e+00 7.27e-06
2.46708e+00 7.39e-06
2.46861e+00 7.53e-06
2.47022e+00 7.66e-06
2.47191e+00 7.81e-06
2.47351e+00 7.96e-06
2.47519e+00 8.11e-06
2.47687e+00 8.27e-06
2.47855e+00 8.44e-06
2.48031e+00 8.62e-06
2.48207e+00 8.81e-06
2.48382e+00 9.00e-06
2.48566e+00 9.21e-06
2.48740e+00 9.42e-06
2.48923e+00 9.65e-06
2.49114e+00 9.89e-06
2.49304e+00 1.01e-05
2.49494e+00 1.04e-05
2.49684e+00 1.07e-05
2.49881e+00 1.10e-05
2.50078e+00 1.13e-05
2.50283e+00 1.17e-05
2.50487e+00 1.20e-05
2.50699e+00 1.24e-05
2.50911e+00 1.29e-05
2.51122e+00 1.33e-05
2.51341e+00 1.38e-05
2.51568e+00 1.44e-05
2.51786e+00 1.50e-05
2.52019e+00 1.57e-05
2.52252e+00 1.64e-05
2.52493e+00 1.73e-05
2.52733e+00 1.82e-05
2.52980e+00 1.93e-05
2.53227e+00 2.06e-05
2.53481e+00 2.20e-05
2.53742e+00 2.37e-05
2.54010e+00 2.58e-05
2.54286e+00 2.84e-05
2.54561e+00 3.15e-05
2.54843e+00 3.56e-05
2.55132e+00 4.10e-05
2.55428e+00 4.85e-05
2.55730e+00 5.93e-05
2.56048e+00 7.59e-05
2.56364e+00 1.04e-04
2.56695e+00 1.57e-04
2.57024e+00 2.80e-04
2.57376e+00 6.92e-04
2.57726e+00 4.54e-03
2.58097e+00 1.18e-02
2.58475e+00 8.81e-04
2.58867e+00 3.01e-04
2.59264e+00 1.57e-04
2.59682e+00 1.02e-04
2.60113e+00 7.54e-05
2.60565e+00 6.17e-05
2.61029e+00 5.43e-05
2.61513e+00 5.04e-05
2.62024e+00 4.88e-05
2.62554e+00 4.89e-05
2.63110e+00 5.03e-05
2.63698e+00 5.30e-05
2.64319e+00 5.70e-05
2.64971e+00 6.26e-05
2.65669e+00 7.01e-05
2.66410e+00 8.05e-05
2.67215e+00 9.50e-05
2.68082e+00 1.17e-04
2.69029e+00 1.52e-04
2.70069e+00 2.24e-04
2.71231e+00 5.18e-04
2.72543e+00 3.77e-03
2.74065e+00 1.88e-03
2.75874e+00 5.35e-03
2.78130e+00 2.03e-01
2.81151e+00 2.21e-01
2.85859e+00 2.39e-01
2.99573e+00 2.82e-01
