# OPACITY Project tables
-2.61515e+00 2.51e-03
-2.27341e+00 8.75e-04
-2.07433e+00 4.82e-04
-1.93351e+00 3.25e-04
-1.82455e+00 2.54e-04
-1.73574e+00 2.17e-04
-1.66078e+00 1.87e-04
-1.59603e+00 1.90e-04
-1.53898e+00 3.59e-04
-1.48802e+00 2.15e-04
-1.44198e+00 1.32e-04
-1.40003e+00 1.03e-04
-1.36148e+00 8.85e-05
-1.32584e+00 8.45e-05
-1.29269e+00 8.24e-05
-1.26174e+00 6.88e-05
-1.23268e+00 6.00e-05
-1.20531e+00 5.42e-05
-1.17944e+00 5.05e-05
-1.15493e+00 4.79e-05
-1.13165e+00 4.61e-05
-1.10945e+00 4.68e-05
-1.08827e+00 5.01e-05
-1.06799e+00 5.19e-05
-1.04857e+00 5.24e-05
-1.02994e+00 5.45e-05
-1.01200e+00 6.19e-05
-9.94739e-01 7.89e-05
-9.78086e-01 1.10e-04
-9.62021e-01 1.21e-04
-9.46492e-01 1.27e-04
-9.31455e-01 1.50e-04
-9.16916e-01 1.70e-04
-9.02807e-01 1.69e-04
-8.89113e-01 1.45e-04
-8.75797e-01 1.14e-04
-8.62868e-01 9.88e-05
-8.50292e-01 9.48e-05
-8.38057e-01 8.72e-05
-8.26130e-01 7.77e-05
-8.14502e-01 6.94e-05
-8.03185e-01 6.36e-05
-7.92106e-01 5.86e-05
-7.81301e-01 5.41e-05
-7.70741e-01 5.18e-05
-7.60420e-01 4.95e-05
-7.50331e-01 4.50e-05
-7.40469e-01 4.30e-05
-7.30787e-01 4.61e-05
-7.21320e-01 5.56e-05
-7.12045e-01 6.85e-05
-7.02955e-01 7.89e-05
-6.94048e-01 7.21e-05
-6.85298e-01 6.16e-05
-6.76723e-01 5.54e-05
-6.68298e-01 4.77e-05
-6.60041e-01 4.03e-05
-6.51909e-01 3.56e-05
-6.43938e-01 3.36e-05
-6.36087e-01 3.40e-05
-6.28390e-01 3.69e-05
-6.20808e-01 3.98e-05
-6.13357e-01 3.87e-05
-6.06016e-01 3.66e-05
-5.98801e-01 3.64e-05
-5.91692e-01 3.49e-05
-5.84687e-01 3.04e-05
-5.77803e-01 2.63e-05
-5.71018e-01 2.35e-05
-5.64314e-01 2.18e-05
-5.57725e-01 2.05e-05
-5.51231e-01 1.94e-05
-5.44831e-01 1.86e-05
-5.38505e-01 1.79e-05
-5.32288e-01 1.75e-05
-5.26142e-01 1.74e-05
-5.20085e-01 1.74e-05
-5.14098e-01 1.76e-05
-5.08196e-01 1.80e-05
-5.02362e-01 1.85e-05
-4.96610e-01 1.86e-05
-4.90925e-01 1.84e-05
-4.85320e-01 1.80e-05
-4.74301e-01 1.70e-05
-4.68884e-01 1.64e-05
-4.63545e-01 1.59e-05
-4.58265e-01 1.54e-05
-4.53044e-01 1.50e-05
-4.47882e-01 1.45e-05
-4.42778e-01 1.42e-05
-4.37730e-01 1.38e-05
-4.32739e-01 1.35e-05
-4.27803e-01 1.33e-05
-4.22922e-01 1.31e-05
-4.18095e-01 1.29e-05
-4.13321e-01 1.28e-05
-4.08585e-01 1.28e-05
-4.03901e-01 1.29e-05
-3.99284e-01 1.32e-05
-3.94688e-01 1.37e-05
-3.90158e-01 1.45e-05
-3.85662e-01 1.54e-05
-3.81216e-01 1.58e-05
-3.76819e-01 1.52e-05
-3.72456e-01 1.41e-05
-3.68126e-01 1.31e-05
-3.63858e-01 1.24e-05
-3.59622e-01 1.20e-05
-3.55419e-01 1.18e-05
-3.51261e-01 1.18e-05
-3.47135e-01 1.19e-05
-3.43054e-01 1.33e-05
-3.39003e-01 1.41e-05
-3.34997e-01 1.51e-05
-3.31021e-01 1.66e-05
-3.27088e-01 1.84e-05
-3.23185e-01 1.98e-05
-3.19310e-01 1.99e-05
-3.15464e-01 1.86e-05
-3.11661e-01 1.70e-05
-3.07885e-01 1.53e-05
-3.04150e-01 1.40e-05
-3.00430e-01 1.31e-05
-2.96750e-01 1.25e-05
-2.93097e-01 1.20e-05
-2.89484e-01 1.15e-05
-2.85884e-01 1.12e-05
-2.82323e-01 1.09e-05
-2.78788e-01 1.06e-05
-2.75279e-01 1.04e-05
-2.71796e-01 1.02e-05
-2.68350e-01 1.01e-05
-2.64917e-01 9.95e-06
-2.61521e-01 9.83e-06
-2.58149e-01 9.73e-06
-2.54802e-01 9.91e-06
-2.51466e-01 9.84e-06
-2.48167e-01 9.78e-06
-2.41639e-01 9.67e-06
-2.35203e-01 9.59e-06
-2.32020e-01 9.55e-06
-2.28860e-01 9.53e-06
-2.25722e-01 9.52e-06
-2.22606e-01 9.52e-06
-2.19513e-01 9.52e-06
-2.16441e-01 9.55e-06
-2.13391e-01 9.67e-06
-2.10363e-01 9.71e-06
-2.07344e-01 9.77e-06
-2.01382e-01 9.89e-06
-1.95504e-01 1.00e-05
-1.89697e-01 1.01e-05
-1.83971e-01 1.03e-05
-1.81126e-01 1.04e-05
-1.78314e-01 1.05e-05
-1.75509e-01 1.06e-05
-1.72724e-01 1.07e-05
-1.69958e-01 1.09e-05
-1.67200e-01 1.11e-05
-1.64474e-01 1.14e-05
-1.61755e-01 1.17e-05
-1.59054e-01 1.21e-05
-1.56373e-01 1.26e-05
-1.53699e-01 1.31e-05
-1.51044e-01 1.38e-05
-1.48407e-01 1.47e-05
-1.45789e-01 1.59e-05
-1.43189e-01 1.73e-05
-1.40596e-01 1.90e-05
-1.38021e-01 2.09e-05
-1.35453e-01 2.29e-05
-1.32914e-01 2.44e-05
-1.30382e-01 2.50e-05
-1.27867e-01 2.50e-05
-1.25359e-01 2.46e-05
-1.22868e-01 2.43e-05
-1.20395e-01 2.45e-05
-1.17928e-01 2.53e-05
-1.15489e-01 2.68e-05
-1.13057e-01 2.93e-05
-1.10630e-01 3.29e-05
-1.08220e-01 3.79e-05
-1.05827e-01 4.50e-05
-1.03440e-01 5.50e-05
-1.01070e-01 6.96e-05
-9.87160e-02 9.19e-05
-9.63788e-02 1.28e-04
-9.40360e-02 1.69e-04
-9.17206e-02 1.61e-04
-8.94106e-02 1.22e-04
-8.71168e-02 9.40e-05
-8.48283e-02 7.49e-05
-8.25559e-02 6.11e-05
-8.02994e-02 5.07e-05
-7.80480e-02 4.30e-05
-7.58125e-02 3.72e-05
-7.35820e-02 3.28e-05
-7.13671e-02 2.95e-05
-6.91679e-02 2.71e-05
-6.69735e-02 2.54e-05
-6.47839e-02 2.42e-05
-6.26097e-02 2.37e-05
-6.04509e-02 2.36e-05
-5.82967e-02 2.41e-05
-5.61577e-02 2.53e-05
-5.40233e-02 2.74e-05
-5.19040e-02 3.05e-05
-4.97997e-02 3.52e-05
-4.76998e-02 4.17e-05
-4.56042e-02 4.93e-05
-4.35236e-02 5.44e-05
-4.14576e-02 5.31e-05
-3.93959e-02 4.77e-05
-3.73385e-02 4.17e-05
-3.52956e-02 3.63e-05
-3.32673e-02 3.17e-05
-3.12430e-02 2.81e-05
-2.92229e-02 2.53e-05
-2.72170e-02 2.32e-05
-2.52255e-02 2.18e-05
-2.32379e-02 2.09e-05
-2.12543e-02 2.03e-05
-1.92848e-02 1.97e-05
-1.73293e-02 1.89e-05
-1.53675e-02 1.79e-05
-1.34298e-02 1.69e-05
-1.14958e-02 1.59e-05
-9.56560e-03 1.50e-05
-7.64918e-03 1.44e-05
-5.73642e-03 1.39e-05
-3.83735e-03 1.36e-05
-1.94188e-03 1.34e-05
-5.00013e-05 1.33e-05
1.79838e-03 1.33e-05
3.69317e-03 1.35e-05
5.58438e-03 1.37e-05
7.37275e-03 1.41e-05
9.25702e-03 1.47e-05
1.11377e-02 1.54e-05
1.29162e-02 1.63e-05
1.47901e-02 1.74e-05
1.65621e-02 1.88e-05
1.84291e-02 2.05e-05
2.01947e-02 2.27e-05
2.19572e-02 2.53e-05
2.38142e-02 2.87e-05
2.55703e-02 3.28e-05
2.73233e-02 3.78e-05
2.90732e-02 4.38e-05
3.08201e-02 5.07e-05
3.25640e-02 5.81e-05
3.43048e-02 6.51e-05
3.60426e-02 7.05e-05
3.77774e-02 7.29e-05
3.95091e-02 7.12e-05
4.12379e-02 6.65e-05
4.29637e-02 6.00e-05
4.46865e-02 5.30e-05
4.64064e-02 4.64e-05
4.80280e-02 4.08e-05
4.97421e-02 3.65e-05
5.14533e-02 3.35e-05
5.30667e-02 3.14e-05
5.47722e-02 2.87e-05
5.64748e-02 2.50e-05
5.80802e-02 2.18e-05
5.97772e-02 1.93e-05
6.13773e-02 1.75e-05
6.29748e-02 1.61e-05
6.46635e-02 1.49e-05
6.62558e-02 1.40e-05
6.78455e-02 1.33e-05
6.95261e-02 1.27e-05
7.11106e-02 1.22e-05
7.26927e-02 1.18e-05
7.42722e-02 1.15e-05
7.58493e-02 1.13e-05
7.74239e-02 1.12e-05
7.90884e-02 1.11e-05
8.06579e-02 1.12e-05
8.22249e-02 1.14e-05
8.37895e-02 1.18e-05
8.52598e-02 1.24e-05
8.68197e-02 1.31e-05
8.83771e-02 1.42e-05
8.99321e-02 1.54e-05
9.14847e-02 1.66e-05
9.30349e-02 1.74e-05
9.44917e-02 1.73e-05
9.60372e-02 1.64e-05
9.75803e-02 1.53e-05
9.90305e-02 1.43e-05
1.00569e-01 1.35e-05
1.02015e-01 1.32e-05
1.03549e-01 1.33e-05
1.05080e-01 1.33e-05
1.06520e-01 1.35e-05
1.07957e-01 1.39e-05
1.09482e-01 1.46e-05
1.10915e-01 1.55e-05
1.12435e-01 1.68e-05
1.13864e-01 1.84e-05
1.15291e-01 2.04e-05
1.16805e-01 2.26e-05
1.18227e-01 2.45e-05
1.19648e-01 2.56e-05
1.21067e-01 2.54e-05
1.22483e-01 2.43e-05
1.23898e-01 2.28e-05
1.25398e-01 2.15e-05
1.26809e-01 2.05e-05
1.28217e-01 2.00e-05
1.29624e-01 1.98e-05
1.31028e-01 2.00e-05
1.32431e-01 2.04e-05
1.33831e-01 2.12e-05
1.35143e-01 2.26e-05
1.36539e-01 2.41e-05
1.37934e-01 2.59e-05
1.39327e-01 2.83e-05
1.40718e-01 3.11e-05
1.42107e-01 3.48e-05
1.43407e-01 3.93e-05
1.44793e-01 4.51e-05
1.46176e-01 5.26e-05
1.47471e-01 6.24e-05
1.48851e-01 7.55e-05
1.50229e-01 9.32e-05
1.51519e-01 1.18e-04
1.52893e-01 1.51e-04
1.54179e-01 1.93e-04
1.55550e-01 2.35e-04
1.56833e-01 2.57e-04
1.58200e-01 2.42e-04
1.59479e-01 2.09e-04
1.60757e-01 1.77e-04
1.62119e-01 1.57e-04
1.63394e-01 1.50e-04
1.64751e-01 1.56e-04
1.66023e-01 1.79e-04
1.67293e-01 2.22e-04
1.68561e-01 2.91e-04
1.69912e-01 3.69e-04
1.71176e-01 4.02e-04
1.72440e-01 3.53e-04
1.73701e-01 2.74e-04
1.74961e-01 2.10e-04
1.76220e-01 1.71e-04
1.77477e-01 1.52e-04
1.78732e-01 1.49e-04
1.80069e-01 1.58e-04
1.81321e-01 1.68e-04
1.82572e-01 1.66e-04
1.83737e-01 1.48e-04
1.84985e-01 1.25e-04
1.86231e-01 1.04e-04
1.87475e-01 8.76e-05
1.88718e-01 7.40e-05
1.89959e-01 6.29e-05
1.91199e-01 5.40e-05
1.92437e-01 4.69e-05
1.93591e-01 4.13e-05
1.94826e-01 3.69e-05
1.96060e-01 3.35e-05
1.97292e-01 3.12e-05
1.98441e-01 2.92e-05
1.99670e-01 2.78e-05
2.00898e-01 2.68e-05
2.02042e-01 2.62e-05
2.03267e-01 2.60e-05
2.04409e-01 2.63e-05
2.05631e-01 2.71e-05
2.06770e-01 2.83e-05
2.07989e-01 3.03e-05
2.09126e-01 3.30e-05
2.10342e-01 3.66e-05
2.11476e-01 4.14e-05
2.12689e-01 4.75e-05
2.13820e-01 5.45e-05
2.15031e-01 6.17e-05
2.16159e-01 6.78e-05
2.17286e-01 7.11e-05
2.18493e-01 7.08e-05
2.19617e-01 6.82e-05
2.20741e-01 6.45e-05
2.21943e-01 6.00e-05
2.23064e-01 5.41e-05
2.24183e-01 4.69e-05
2.25301e-01 3.98e-05
2.26418e-01 3.39e-05
2.27614e-01 2.92e-05
2.28728e-01 2.56e-05
2.29841e-01 2.29e-05
2.30953e-01 2.08e-05
2.32064e-01 1.91e-05
2.33173e-01 1.78e-05
2.34281e-01 1.68e-05
2.35388e-01 1.60e-05
2.36494e-01 1.54e-05
2.37599e-01 1.50e-05
2.38702e-01 1.46e-05
2.39804e-01 1.44e-05
2.40905e-01 1.43e-05
2.42005e-01 1.43e-05
2.43103e-01 1.45e-05
2.44200e-01 1.47e-05
2.45296e-01 1.52e-05
2.46313e-01 1.58e-05
2.47407e-01 1.66e-05
2.48499e-01 1.72e-05
2.49591e-01 1.74e-05
2.50681e-01 1.72e-05
2.51692e-01 1.68e-05
2.52780e-01 1.65e-05
2.53867e-01 1.63e-05
2.54875e-01 1.63e-05
2.55959e-01 1.66e-05
2.57042e-01 1.70e-05
2.58047e-01 1.77e-05
2.59128e-01 1.87e-05
2.60208e-01 1.99e-05
2.61210e-01 2.15e-05
2.62287e-01 2.35e-05
2.63287e-01 2.60e-05
2.64362e-01 2.94e-05
2.65360e-01 3.40e-05
2.66433e-01 4.01e-05
2.67428e-01 4.86e-05
2.68499e-01 6.04e-05
2.69493e-01 7.60e-05
2.70561e-01 9.40e-05
2.71553e-01 1.09e-04
2.72619e-01 1.13e-04
2.73609e-01 1.06e-04
2.74597e-01 9.22e-05
2.75660e-01 7.61e-05
2.76646e-01 6.15e-05
2.77632e-01 4.99e-05
2.78692e-01 4.11e-05
2.79675e-01 3.45e-05
2.80657e-01 2.95e-05
2.81639e-01 2.57e-05
2.82695e-01 2.28e-05
2.83674e-01 2.05e-05
2.84652e-01 1.87e-05
2.85630e-01 1.72e-05
2.86606e-01 1.60e-05
2.87582e-01 1.49e-05
2.88632e-01 1.41e-05
2.89605e-01 1.34e-05
2.90578e-01 1.28e-05
2.91550e-01 1.23e-05
2.92520e-01 1.19e-05
2.93490e-01 1.16e-05
2.94459e-01 1.13e-05
2.95427e-01 1.10e-05
2.96394e-01 1.09e-05
2.97360e-01 1.07e-05
2.98325e-01 1.06e-05
2.99289e-01 1.05e-05
3.00253e-01 1.05e-05
3.01215e-01 1.05e-05
3.03137e-01 1.04e-05
3.04097e-01 1.04e-05
3.04982e-01 1.03e-05
3.05939e-01 1.02e-05
3.06896e-01 1.01e-05
3.07852e-01 1.00e-05
3.08807e-01 9.86e-06
3.09762e-01 9.69e-06
3.10641e-01 9.51e-06
3.12545e-01 9.12e-06
3.13496e-01 8.93e-06
3.14373e-01 8.74e-06
3.15322e-01 8.57e-06
3.16270e-01 8.40e-06
3.17144e-01 8.25e-06
3.18090e-01 8.11e-06
3.19035e-01 7.98e-06
3.19907e-01 7.85e-06
3.20851e-01 7.74e-06
3.21794e-01 7.64e-06
3.22663e-01 7.54e-06
3.23604e-01 7.44e-06
3.24472e-01 7.36e-06
3.25411e-01 7.27e-06
3.26278e-01 7.20e-06
3.27215e-01 7.13e-06
3.28080e-01 7.07e-06
3.29016e-01 7.01e-06
3.29879e-01 6.97e-06
3.30813e-01 6.93e-06
3.31675e-01 6.91e-06
3.32608e-01 6.89e-06
3.33468e-01 6.89e-06
3.34399e-01 6.89e-06
3.35257e-01 6.91e-06
3.36115e-01 6.94e-06
3.37044e-01 6.98e-06
3.37900e-01 7.03e-06
3.38827e-01 7.10e-06
3.39681e-01 7.18e-06
3.40535e-01 7.27e-06
3.41389e-01 7.38e-06
3.42312e-01 7.50e-06
3.43164e-01 7.64e-06
3.44015e-01 7.79e-06
3.44936e-01 7.96e-06
3.45786e-01 8.16e-06
3.46635e-01 8.37e-06
3.47483e-01 8.61e-06
3.48330e-01 8.87e-06
3.49247e-01 9.16e-06
3.50093e-01 9.48e-06
3.50939e-01 9.82e-06
3.51783e-01 1.02e-05
3.52627e-01 1.06e-05
3.53470e-01 1.10e-05
3.54382e-01 1.15e-05
3.55224e-01 1.20e-05
3.56065e-01 1.25e-05
3.57744e-01 1.35e-05
3.58583e-01 1.40e-05
3.59421e-01 1.44e-05
3.60259e-01 1.49e-05
3.61095e-01 1.52e-05
3.61931e-01 1.55e-05
3.62766e-01 1.58e-05
3.63601e-01 1.59e-05
3.64435e-01 1.60e-05
3.65268e-01 1.60e-05
3.66100e-01 1.59e-05
3.67763e-01 1.58e-05
3.68594e-01 1.58e-05
3.69354e-01 1.58e-05
3.70183e-01 1.59e-05
3.71012e-01 1.60e-05
3.71839e-01 1.63e-05
3.72666e-01 1.67e-05
3.73493e-01 1.72e-05
3.74318e-01 1.80e-05
3.75075e-01 1.90e-05
3.75899e-01 2.03e-05
3.76723e-01 2.20e-05
3.77546e-01 2.43e-05
3.78299e-01 2.73e-05
3.79121e-01 3.14e-05
3.79942e-01 3.69e-05
3.80762e-01 4.47e-05
3.81514e-01 5.59e-05
3.82333e-01 7.25e-05
3.83151e-01 9.78e-05
3.83969e-01 1.37e-04
3.84718e-01 1.93e-04
3.85534e-01 2.56e-04
3.86282e-01 2.82e-04
3.87097e-01 2.44e-04
3.87912e-01 1.81e-04
3.88658e-01 1.29e-04
3.89471e-01 9.38e-05
3.90284e-01 7.09e-05
3.91028e-01 5.59e-05
3.91839e-01 4.58e-05
3.92582e-01 3.89e-05
3.93393e-01 3.41e-05
3.94134e-01 3.08e-05
3.94943e-01 2.86e-05
3.95684e-01 2.72e-05
3.96492e-01 2.65e-05
3.97231e-01 2.64e-05
3.98038e-01 2.68e-05
3.98776e-01 2.78e-05
3.99581e-01 2.94e-05
4.00319e-01 3.15e-05
4.01122e-01 3.42e-05
4.01859e-01 3.73e-05
4.02661e-01 4.07e-05
4.03396e-01 4.37e-05
4.04131e-01 4.59e-05
4.04932e-01 4.67e-05
4.05665e-01 4.57e-05
4.06465e-01 4.33e-05
4.07197e-01 3.99e-05
4.07929e-01 3.61e-05
4.08726e-01 3.23e-05
4.09457e-01 2.89e-05
4.10187e-01 2.60e-05
4.10983e-01 2.35e-05
4.11712e-01 2.13e-05
4.12441e-01 1.96e-05
4.13169e-01 1.81e-05
4.13962e-01 1.69e-05
4.14689e-01 1.59e-05
4.15415e-01 1.51e-05
4.16141e-01 1.44e-05
4.16932e-01 1.38e-05
4.17657e-01 1.33e-05
4.18381e-01 1.30e-05
4.19105e-01 1.27e-05
4.19828e-01 1.24e-05
4.20616e-01 1.23e-05
4.21338e-01 1.21e-05
4.22060e-01 1.21e-05
4.22781e-01 1.21e-05
4.23501e-01 1.21e-05
4.24221e-01 1.22e-05
4.25006e-01 1.23e-05
4.25725e-01 1.24e-05
4.26444e-01 1.27e-05
4.27161e-01 1.29e-05
4.27879e-01 1.33e-05
4.28596e-01 1.37e-05
4.29312e-01 1.42e-05
4.30028e-01 1.47e-05
4.30743e-01 1.54e-05
4.31458e-01 1.62e-05
4.32172e-01 1.71e-05
4.32886e-01 1.83e-05
4.33599e-01 1.96e-05
4.34312e-01 2.12e-05
4.35024e-01 2.31e-05
4.35736e-01 2.54e-05
4.36447e-01 2.83e-05
4.37158e-01 3.19e-05
4.37868e-01 3.64e-05
4.38577e-01 4.21e-05
4.39287e-01 4.96e-05
4.39995e-01 5.96e-05
4.40704e-01 7.30e-05
4.41411e-01 9.15e-05
4.42118e-01 1.17e-04
4.42761e-01 1.53e-04
4.43467e-01 2.00e-04
4.44173e-01 2.55e-04
4.44878e-01 3.00e-04
4.45583e-01 3.07e-04
4.46287e-01 2.71e-04
4.46927e-01 2.17e-04
4.47630e-01 1.68e-04
4.48333e-01 1.29e-04
4.49035e-01 1.01e-04
4.49737e-01 8.06e-05
4.50438e-01 6.59e-05
4.51076e-01 5.50e-05
4.51776e-01 4.68e-05
4.52476e-01 4.05e-05
4.53175e-01 3.56e-05
4.53811e-01 3.16e-05
4.54509e-01 2.84e-05
4.55207e-01 2.57e-05
4.55841e-01 2.35e-05
4.56538e-01 2.17e-05
4.57235e-01 2.01e-05
4.57931e-01 1.87e-05
4.58563e-01 1.76e-05
4.59259e-01 1.65e-05
4.59953e-01 1.56e-05
4.60584e-01 1.49e-05
4.61278e-01 1.42e-05
4.61971e-01 1.36e-05
4.62601e-01 1.30e-05
4.63294e-01 1.26e-05
4.63923e-01 1.21e-05
4.64614e-01 1.18e-05
4.65305e-01 1.14e-05
4.65933e-01 1.11e-05
4.66623e-01 1.10e-05
4.67250e-01 1.07e-05
4.67939e-01 1.05e-05
4.68565e-01 1.04e-05
4.69253e-01 1.02e-05
4.69941e-01 1.01e-05
4.70566e-01 1.00e-05
4.71253e-01 9.93e-06
4.71877e-01 9.88e-06
4.72563e-01 9.85e-06
4.73186e-01 9.84e-06
4.73871e-01 9.85e-06
4.74494e-01 9.89e-06
4.75178e-01 9.95e-06
4.75799e-01 1.00e-05
4.76420e-01 1.01e-05
4.77103e-01 1.03e-05
4.77724e-01 1.05e-05
4.78406e-01 1.07e-05
4.79025e-01 1.09e-05
4.79706e-01 1.12e-05
4.80325e-01 1.15e-05
4.80944e-01 1.19e-05
4.81623e-01 1.24e-05
4.82241e-01 1.29e-05
4.82920e-01 1.35e-05
4.83537e-01 1.43e-05
4.84153e-01 1.51e-05
4.84831e-01 1.62e-05
4.85446e-01 1.74e-05
4.86062e-01 1.89e-05
4.86738e-01 2.07e-05
4.87352e-01 2.29e-05
4.87966e-01 2.57e-05
4.88641e-01 2.93e-05
4.89255e-01 3.38e-05
4.89868e-01 3.97e-05
4.90480e-01 4.75e-05
4.91153e-01 5.79e-05
4.91765e-01 7.20e-05
4.92376e-01 9.09e-05
4.93049e-01 1.15e-04
4.93659e-01 1.43e-04
4.94269e-01 1.68e-04
4.94879e-01 1.78e-04
4.95489e-01 1.67e-04
4.96159e-01 1.42e-04
4.96767e-01 1.15e-04
4.97376e-01 9.09e-05
4.97984e-01 7.24e-05
4.98591e-01 5.87e-05
4.99259e-01 4.85e-05
4.99866e-01 4.09e-05
5.00472e-01 3.51e-05
5.01078e-01 3.07e-05
5.01684e-01 2.72e-05
5.02289e-01 2.45e-05
5.02955e-01 2.23e-05
5.03559e-01 2.06e-05
5.04163e-01 1.91e-05
5.04767e-01 1.79e-05
5.05371e-01 1.69e-05
5.05974e-01 1.61e-05
5.06577e-01 1.54e-05
5.07179e-01 1.48e-05
5.07781e-01 1.43e-05
5.08383e-01 1.39e-05
5.09044e-01 1.36e-05
5.09645e-01 1.33e-05
5.10245e-01 1.30e-05
5.10846e-01 1.28e-05
5.11445e-01 1.27e-05
5.12045e-01 1.25e-05
5.12644e-01 1.24e-05
5.13243e-01 1.24e-05
5.13841e-01 1.23e-05
5.14439e-01 1.23e-05
5.15037e-01 1.23e-05
5.15634e-01 1.23e-05
5.16231e-01 1.24e-05
5.16828e-01 1.25e-05
5.17424e-01 1.25e-05
5.18020e-01 1.27e-05
5.18615e-01 1.28e-05
5.19210e-01 1.30e-05
5.19746e-01 1.32e-05
5.20340e-01 1.34e-05
5.20934e-01 1.37e-05
5.21528e-01 1.39e-05
5.22122e-01 1.42e-05
5.22715e-01 1.46e-05
5.23307e-01 1.50e-05
5.23900e-01 1.54e-05
5.24492e-01 1.58e-05
5.25083e-01 1.63e-05
5.25616e-01 1.69e-05
5.26207e-01 1.75e-05
5.26797e-01 1.82e-05
5.27388e-01 1.89e-05
5.27978e-01 1.97e-05
5.28567e-01 2.06e-05
5.29157e-01 2.16e-05
5.29687e-01 2.27e-05
5.30275e-01 2.39e-05
5.30864e-01 2.53e-05
5.31451e-01 2.68e-05
5.32039e-01 2.85e-05
5.32568e-01 3.03e-05
5.33154e-01 3.25e-05
5.33741e-01 3.49e-05
5.34327e-01 3.76e-05
5.34855e-01 4.07e-05
5.35440e-01 4.43e-05
5.36025e-01 4.84e-05
5.36610e-01 5.32e-05
5.37136e-01 5.87e-05
5.37721e-01 6.53e-05
5.38305e-01 7.31e-05
5.38888e-01 8.24e-05
5.39413e-01 9.37e-05
5.39996e-01 1.07e-04
5.40579e-01 1.25e-04
5.41103e-01 1.46e-04
5.41685e-01 1.73e-04
5.42266e-01 2.09e-04
5.42789e-01 2.55e-04
5.43370e-01 3.16e-04
5.43951e-01 3.99e-04
5.44473e-01 5.11e-04
5.45053e-01 6.58e-04
5.45633e-01 8.39e-04
5.46154e-01 1.03e-03
5.46733e-01 1.15e-03
5.47312e-01 1.15e-03
5.47832e-01 1.02e-03
5.48410e-01 8.33e-04
5.48930e-01 6.55e-04
5.49508e-01 5.10e-04
5.50085e-01 4.00e-04
5.50604e-01 3.19e-04
5.51180e-01 2.58e-04
5.51699e-01 2.12e-04
5.52275e-01 1.77e-04
5.52850e-01 1.50e-04
5.53368e-01 1.28e-04
5.53943e-01 1.11e-04
5.54460e-01 9.71e-05
5.55034e-01 8.57e-05
5.55550e-01 7.62e-05
5.56124e-01 6.83e-05
5.56640e-01 6.16e-05
5.57213e-01 5.59e-05
5.57728e-01 5.10e-05
5.58301e-01 4.68e-05
5.58815e-01 4.31e-05
5.59387e-01 3.99e-05
5.59901e-01 3.70e-05
5.60473e-01 3.45e-05
5.60986e-01 3.23e-05
5.61557e-01 3.03e-05
5.62070e-01 2.86e-05
5.62640e-01 2.70e-05
5.63152e-01 2.55e-05
5.63722e-01 2.42e-05
5.64234e-01 2.30e-05
5.64745e-01 2.20e-05
5.65314e-01 2.10e-05
5.65825e-01 2.01e-05
5.66393e-01 1.93e-05
5.66903e-01 1.85e-05
5.67471e-01 1.78e-05
5.67981e-01 1.72e-05
5.68491e-01 1.66e-05
5.69057e-01 1.61e-05
5.69566e-01 1.56e-05
5.70075e-01 1.51e-05
5.70641e-01 1.47e-05
5.71149e-01 1.43e-05
5.71714e-01 1.39e-05
5.72222e-01 1.35e-05
5.72729e-01 1.32e-05
5.73293e-01 1.29e-05
5.73800e-01 1.26e-05
5.74307e-01 1.24e-05
5.74870e-01 1.21e-05
5.75377e-01 1.19e-05
5.75883e-01 1.17e-05
5.76445e-01 1.15e-05
5.76950e-01 1.13e-05
5.77456e-01 1.11e-05
5.77961e-01 1.09e-05
5.78522e-01 1.08e-05
5.79026e-01 1.06e-05
5.79530e-01 1.05e-05
5.80090e-01 1.04e-05
5.80594e-01 1.02e-05
5.81098e-01 1.01e-05
5.81601e-01 1.00e-05
5.82160e-01 9.93e-06
5.82662e-01 9.83e-06
5.83165e-01 9.74e-06
5.83667e-01 9.66e-06
5.84726e-01 9.50e-06
5.85729e-01 9.37e-06
5.86786e-01 9.25e-06
5.87787e-01 9.14e-06
5.88786e-01 9.04e-06
5.89840e-01 8.95e-06
5.90838e-01 8.88e-06
5.91834e-01 8.82e-06
5.92332e-01 8.80e-06
5.92885e-01 8.78e-06
5.93382e-01 8.77e-06
5.93879e-01 8.76e-06
5.94376e-01 8.76e-06
5.94873e-01 8.77e-06
5.95369e-01 8.78e-06
5.95865e-01 8.80e-06
5.96361e-01 8.82e-06
5.96857e-01 8.85e-06
5.97407e-01 8.89e-06
5.97902e-01 8.94e-06
5.98397e-01 8.99e-06
5.98891e-01 9.05e-06
5.99386e-01 9.13e-06
5.99880e-01 9.21e-06
6.00374e-01 9.30e-06
6.00867e-01 9.40e-06
6.01361e-01 9.51e-06
6.01854e-01 9.64e-06
6.02347e-01 9.77e-06
6.02839e-01 9.92e-06
6.03332e-01 1.01e-05
6.03824e-01 1.03e-05
6.04316e-01 1.05e-05
6.04808e-01 1.07e-05
6.05299e-01 1.09e-05
6.05790e-01 1.11e-05
6.06281e-01 1.14e-05
6.06772e-01 1.17e-05
6.07262e-01 1.20e-05
6.07753e-01 1.24e-05
6.08243e-01 1.27e-05
6.08732e-01 1.31e-05
6.09222e-01 1.36e-05
6.09711e-01 1.41e-05
6.10200e-01 1.46e-05
6.10689e-01 1.52e-05
6.11178e-01 1.58e-05
6.11666e-01 1.65e-05
6.12154e-01 1.72e-05
6.12642e-01 1.80e-05
6.13129e-01 1.90e-05
6.13617e-01 2.00e-05
6.14104e-01 2.11e-05
6.14591e-01 2.23e-05
6.15023e-01 2.37e-05
6.15510e-01 2.53e-05
6.15996e-01 2.70e-05
6.16482e-01 2.90e-05
6.16968e-01 3.12e-05
6.17453e-01 3.37e-05
6.17939e-01 3.66e-05
6.18424e-01 3.99e-05
6.18908e-01 4.38e-05
6.19339e-01 4.83e-05
6.19824e-01 5.36e-05
6.20308e-01 5.98e-05
6.20792e-01 6.73e-05
6.21275e-01 7.63e-05
6.21759e-01 8.72e-05
6.22242e-01 1.01e-04
6.22671e-01 1.17e-04
6.23154e-01 1.38e-04
6.23636e-01 1.65e-04
6.24119e-01 1.99e-04
6.24601e-01 2.42e-04
6.25082e-01 2.98e-04
6.25511e-01 3.67e-04
6.25992e-01 4.48e-04
6.26473e-01 5.32e-04
6.26954e-01 5.99e-04
6.27435e-01 6.24e-04
6.27862e-01 5.97e-04
6.28342e-01 5.30e-04
6.28822e-01 4.49e-04
6.29302e-01 3.70e-04
6.29728e-01 3.04e-04
6.30207e-01 2.52e-04
6.30686e-01 2.12e-04
6.31165e-01 1.82e-04
6.31591e-01 1.59e-04
6.32069e-01 1.43e-04
6.32548e-01 1.32e-04
6.33026e-01 1.25e-04
6.33450e-01 1.21e-04
6.33928e-01 1.19e-04
6.34405e-01 1.16e-04
6.34882e-01 1.11e-04
6.35306e-01 1.04e-04
6.35783e-01 9.38e-05
6.36259e-01 8.32e-05
6.36683e-01 7.32e-05
6.37159e-01 6.42e-05
6.37634e-01 5.66e-05
6.38110e-01 5.02e-05
6.38533e-01 4.49e-05
6.39008e-01 4.04e-05
6.39483e-01 3.67e-05
6.39905e-01 3.35e-05
6.40379e-01 3.08e-05
6.40853e-01 2.85e-05
6.41275e-01 2.65e-05
6.41749e-01 2.48e-05
6.42222e-01 2.33e-05
6.42643e-01 2.19e-05
6.43116e-01 2.07e-05
6.43537e-01 1.97e-05
6.44009e-01 1.87e-05
6.44482e-01 1.78e-05
6.44902e-01 1.71e-05
6.45374e-01 1.63e-05
6.45846e-01 1.57e-05
6.46265e-01 1.50e-05
6.46737e-01 1.45e-05
6.47156e-01 1.39e-05
6.47627e-01 1.34e-05
6.48098e-01 1.29e-05
6.48516e-01 1.24e-05
6.48986e-01 1.20e-05
6.49404e-01 1.16e-05
6.49874e-01 1.12e-05
6.50292e-01 1.08e-05
6.50761e-01 1.05e-05
6.51231e-01 1.02e-05
6.51648e-01 9.85e-06
6.52117e-01 9.57e-06
6.52533e-01 9.30e-06
6.53002e-01 9.05e-06
6.53418e-01 8.82e-06
6.53886e-01 8.59e-06
6.54302e-01 8.38e-06
6.54770e-01 8.18e-06
6.55186e-01 7.99e-06
6.55653e-01 7.81e-06
6.56120e-01 7.64e-06
6.56535e-01 7.47e-06
6.57002e-01 7.32e-06
6.57416e-01 7.17e-06
6.57883e-01 7.02e-06
6.58297e-01 6.88e-06
6.58763e-01 6.75e-06
6.59177e-01 6.62e-06
6.59642e-01 6.49e-06
6.60056e-01 6.37e-06
6.60469e-01 6.26e-06
6.60934e-01 6.15e-06
6.61347e-01 6.04e-06
6.61811e-01 5.94e-06
6.62224e-01 5.84e-06
6.62688e-01 5.74e-06
6.63100e-01 5.65e-06
6.63564e-01 5.56e-06
6.63976e-01 5.47e-06
6.64439e-01 5.39e-06
6.64851e-01 5.31e-06
6.65262e-01 5.24e-06
6.65725e-01 5.17e-06
6.66136e-01 5.10e-06
6.66598e-01 5.03e-06
6.67009e-01 4.97e-06
6.67470e-01 4.90e-06
6.67881e-01 4.85e-06
6.68291e-01 4.79e-06
6.68752e-01 4.74e-06
6.69162e-01 4.69e-06
6.69623e-01 4.64e-06
6.70032e-01 4.59e-06
6.70902e-01 4.51e-06
6.71719e-01 4.44e-06
6.72587e-01 4.37e-06
6.73455e-01 4.31e-06
6.74321e-01 4.25e-06
6.75136e-01 4.19e-06
6.76001e-01 4.14e-06
6.76865e-01 4.08e-06
6.77678e-01 4.02e-06
6.78541e-01 3.96e-06
6.79403e-01 3.90e-06
6.80214e-01 3.83e-06
6.81075e-01 3.76e-06
6.81884e-01 3.69e-06
6.82743e-01 3.63e-06
6.83551e-01 3.56e-06
6.84409e-01 3.50e-06
6.84813e-01 3.48e-06
6.85266e-01 3.50e-06
6.86072e-01 3.45e-06
6.86878e-01 3.40e-06
6.87733e-01 3.36e-06
6.88537e-01 3.32e-06
6.89390e-01 3.29e-06
6.90193e-01 3.26e-06
6.91045e-01 3.24e-06
6.91846e-01 3.22e-06
6.92647e-01 3.20e-06
6.93497e-01 3.19e-06
6.94297e-01 3.18e-06
6.95544e-01 3.17e-06
6.96342e-01 3.18e-06
6.96741e-01 3.18e-06
6.97139e-01 3.19e-06
6.97538e-01 3.19e-06
6.97985e-01 3.20e-06
6.98383e-01 3.22e-06
6.98781e-01 3.23e-06
6.99179e-01 3.24e-06
6.99576e-01 3.26e-06
6.99974e-01 3.28e-06
7.00371e-01 3.31e-06
7.00818e-01 3.33e-06
7.01215e-01 3.36e-06
7.01611e-01 3.39e-06
7.02008e-01 3.42e-06
7.02404e-01 3.84e-06
7.02800e-01 3.88e-06
7.03197e-01 3.92e-06
7.03988e-01 4.01e-06
7.04829e-01 4.10e-06
7.05619e-01 4.19e-06
7.06014e-01 4.24e-06
7.06409e-01 4.28e-06
7.06804e-01 4.32e-06
7.07198e-01 4.36e-06
7.07592e-01 4.39e-06
7.07987e-01 4.41e-06
7.08381e-01 4.43e-06
7.08774e-01 4.45e-06
7.09168e-01 4.46e-06
7.09562e-01 4.46e-06
7.10741e-01 4.47e-06
7.13538e-01 4.47e-06
7.13930e-01 4.46e-06
7.14321e-01 4.46e-06
7.14713e-01 4.45e-06
7.15104e-01 4.44e-06
7.15496e-01 4.42e-06
7.15887e-01 4.40e-06
7.16278e-01 4.37e-06
7.16668e-01 4.34e-06
7.17059e-01 4.30e-06
7.17401e-01 4.26e-06
7.17791e-01 4.22e-06
7.18181e-01 4.17e-06
7.18571e-01 4.12e-06
7.18961e-01 4.07e-06
7.19351e-01 4.01e-06
7.20130e-01 3.88e-06
7.20908e-01 3.76e-06
7.21686e-01 3.63e-06
7.22075e-01 3.57e-06
7.22463e-01 3.51e-06
7.22852e-01 3.46e-06
7.23628e-01 3.36e-06
7.24016e-01 3.31e-06
7.24404e-01 3.27e-06
7.24743e-01 3.22e-06
7.25130e-01 3.18e-06
7.25518e-01 3.15e-06
7.25905e-01 3.11e-06
7.26292e-01 3.08e-06
7.26679e-01 3.20e-06
7.27065e-01 3.18e-06
7.27452e-01 3.15e-06
7.28225e-01 3.10e-06
7.28949e-01 3.05e-06
7.29720e-01 3.01e-06
7.30491e-01 2.97e-06
7.31262e-01 2.94e-06
7.31983e-01 2.92e-06
7.32752e-01 2.89e-06
7.33521e-01 2.88e-06
7.34241e-01 2.86e-06
7.35392e-01 2.85e-06
7.36159e-01 2.85e-06
7.36877e-01 2.86e-06
7.37260e-01 2.86e-06
7.37642e-01 2.90e-06
7.38360e-01 2.92e-06
7.39124e-01 2.93e-06
7.39888e-01 2.95e-06
7.40603e-01 2.97e-06
7.41366e-01 2.99e-06
7.42080e-01 3.01e-06
7.42842e-01 3.02e-06
7.43603e-01 3.03e-06
7.44315e-01 3.04e-06
7.45075e-01 3.05e-06
7.45787e-01 3.07e-06
7.46546e-01 3.09e-06
7.47257e-01 3.12e-06
7.47967e-01 3.15e-06
7.48724e-01 3.19e-06
7.49433e-01 3.23e-06
7.50189e-01 3.27e-06
7.50897e-01 3.30e-06
7.51275e-01 3.32e-06
7.51652e-01 3.33e-06
7.51982e-01 3.35e-06
7.52359e-01 3.35e-06
7.52736e-01 3.36e-06
7.53066e-01 3.36e-06
7.53442e-01 3.36e-06
7.53819e-01 3.36e-06
7.54148e-01 3.35e-06
7.54524e-01 3.34e-06
7.54901e-01 3.32e-06
7.55277e-01 3.30e-06
7.55605e-01 3.28e-06
7.56357e-01 3.22e-06
7.57061e-01 3.17e-06
7.57764e-01 3.11e-06
7.58467e-01 3.06e-06
7.58841e-01 3.04e-06
7.59216e-01 3.02e-06
7.59543e-01 3.00e-06
7.59918e-01 2.98e-06
7.60292e-01 2.96e-06
7.60619e-01 2.95e-06
7.60993e-01 2.94e-06
7.61366e-01 2.93e-06
7.61693e-01 2.93e-06
7.62067e-01 2.92e-06
7.62393e-01 2.92e-06
7.62767e-01 2.92e-06
7.63140e-01 2.93e-06
7.63466e-01 3.53e-06
7.63839e-01 3.54e-06
7.64211e-01 3.56e-06
7.64537e-01 3.57e-06
7.64910e-01 3.58e-06
7.65235e-01 3.60e-06
7.65607e-01 3.62e-06
7.65979e-01 3.65e-06
7.66305e-01 3.67e-06
7.66676e-01 3.70e-06
7.67002e-01 3.73e-06
7.67373e-01 3.76e-06
7.67698e-01 3.79e-06
7.68069e-01 3.83e-06
7.68440e-01 3.87e-06
7.68765e-01 3.91e-06
7.69136e-01 3.96e-06
7.69460e-01 4.01e-06
7.69830e-01 4.06e-06
7.70155e-01 4.12e-06
7.70525e-01 4.18e-06
7.70895e-01 4.25e-06
7.71219e-01 4.32e-06
7.71589e-01 4.40e-06
7.71912e-01 4.48e-06
7.72282e-01 4.56e-06
7.72974e-01 4.73e-06
7.73667e-01 4.91e-06
7.73990e-01 5.00e-06
7.74358e-01 5.08e-06
7.74681e-01 5.16e-06
7.75050e-01 5.23e-06
7.75418e-01 5.30e-06
7.75740e-01 5.35e-06
7.76109e-01 5.40e-06
7.76431e-01 5.43e-06
7.76799e-01 5.45e-06
7.77121e-01 5.45e-06
7.77488e-01 5.43e-06
7.77810e-01 5.41e-06
7.78177e-01 5.37e-06
7.78499e-01 5.32e-06
7.78866e-01 5.26e-06
7.79187e-01 5.20e-06
7.79554e-01 5.12e-06
7.79875e-01 5.05e-06
7.80563e-01 4.89e-06
7.81250e-01 4.72e-06
7.81936e-01 4.56e-06
7.82622e-01 4.40e-06
7.83308e-01 4.25e-06
7.83993e-01 4.10e-06
7.84677e-01 3.95e-06
7.85362e-01 3.81e-06
7.85681e-01 3.74e-06
7.86000e-01 3.67e-06
7.86364e-01 3.61e-06
7.86683e-01 3.55e-06
7.87047e-01 3.49e-06
7.87366e-01 3.43e-06
7.87730e-01 3.38e-06
7.88048e-01 3.33e-06
7.88366e-01 3.28e-06
7.88730e-01 3.24e-06
7.89048e-01 3.19e-06
7.89411e-01 3.15e-06
7.89729e-01 3.11e-06
7.90092e-01 3.08e-06
7.90410e-01 3.04e-06
7.90728e-01 3.01e-06
7.91090e-01 2.98e-06
7.91408e-01 2.95e-06
7.92087e-01 2.90e-06
7.92766e-01 2.85e-06
7.93445e-01 2.80e-06
7.94078e-01 2.76e-06
7.94756e-01 2.73e-06
7.95433e-01 2.69e-06
7.96110e-01 2.66e-06
7.96741e-01 2.64e-06
7.97417e-01 2.61e-06
7.98093e-01 2.58e-06
7.98768e-01 2.56e-06
7.99397e-01 2.54e-06
8.00071e-01 2.52e-06
8.00745e-01 2.50e-06
8.01374e-01 2.48e-06
8.02046e-01 2.46e-06
8.02719e-01 2.45e-06
8.03346e-01 2.43e-06
8.04017e-01 2.42e-06
8.04644e-01 2.40e-06
8.05314e-01 2.39e-06
8.05985e-01 2.38e-06
8.06610e-01 2.36e-06
8.07279e-01 2.35e-06
8.07903e-01 2.34e-06
8.08572e-01 2.33e-06
8.09240e-01 2.32e-06
8.09863e-01 2.31e-06
8.10530e-01 2.30e-06
8.11152e-01 2.29e-06
8.11819e-01 2.29e-06
8.12440e-01 2.28e-06
8.13106e-01 2.27e-06
8.13726e-01 2.26e-06
8.14391e-01 2.26e-06
8.15011e-01 2.25e-06
8.15674e-01 2.24e-06
8.16294e-01 2.24e-06
8.16956e-01 2.23e-06
8.17575e-01 2.23e-06
8.18193e-01 2.22e-06
8.18854e-01 2.22e-06
8.19471e-01 2.22e-06
8.20132e-01 2.21e-06
8.21716e-01 2.21e-06
8.22332e-01 2.21e-06
8.22639e-01 2.50e-06
8.24219e-01 2.50e-06
8.24833e-01 2.50e-06
8.25490e-01 2.50e-06
8.26103e-01 2.50e-06
8.26716e-01 2.51e-06
8.27372e-01 2.52e-06
8.27984e-01 2.52e-06
8.28595e-01 2.54e-06
8.29250e-01 2.55e-06
8.29861e-01 2.57e-06
8.30471e-01 2.59e-06
8.31081e-01 2.61e-06
8.31735e-01 2.64e-06
8.32039e-01 2.66e-06
8.32648e-01 2.69e-06
8.33257e-01 2.74e-06
8.33909e-01 2.78e-06
8.34517e-01 2.83e-06
8.35124e-01 2.88e-06
8.35428e-01 2.90e-06
8.35731e-01 2.92e-06
8.36035e-01 2.93e-06
8.36338e-01 2.94e-06
8.36641e-01 2.94e-06
8.36988e-01 2.94e-06
8.37291e-01 2.94e-06
8.37594e-01 2.93e-06
8.37897e-01 2.91e-06
8.38199e-01 2.89e-06
8.38502e-01 2.87e-06
8.38805e-01 2.85e-06
8.39410e-01 2.79e-06
8.40014e-01 2.74e-06
8.40618e-01 2.69e-06
8.41265e-01 2.64e-06
8.41869e-01 2.60e-06
8.42472e-01 2.57e-06
8.43075e-01 2.53e-06
8.43677e-01 2.51e-06
8.44279e-01 2.48e-06
8.44881e-01 2.46e-06
8.45482e-01 2.45e-06
8.46083e-01 2.43e-06
8.46683e-01 2.42e-06
8.47284e-01 2.41e-06
8.47883e-01 2.40e-06
8.48526e-01 2.39e-06
8.49125e-01 2.38e-06
8.49723e-01 2.38e-06
8.50322e-01 2.37e-06
8.51816e-01 2.37e-06
8.53010e-01 2.37e-06
8.54160e-01 2.37e-06
8.54756e-01 2.37e-06
8.55351e-01 2.38e-06
8.55946e-01 2.38e-06
8.56541e-01 2.39e-06
8.57135e-01 2.40e-06
8.57729e-01 2.40e-06
8.58323e-01 2.41e-06
8.58916e-01 2.42e-06
8.59509e-01 2.44e-06
8.60101e-01 2.45e-06
8.60693e-01 2.47e-06
8.61243e-01 2.48e-06
8.61835e-01 2.50e-06
8.62426e-01 2.52e-06
8.63017e-01 2.54e-06
8.63607e-01 2.56e-06
8.64197e-01 2.58e-06
8.64745e-01 2.60e-06
8.65334e-01 2.62e-06
8.65923e-01 2.64e-06
8.66512e-01 2.66e-06
8.67100e-01 2.67e-06
8.67689e-01 2.68e-06
8.67940e-01 2.68e-06
8.68528e-01 2.68e-06
8.69115e-01 2.68e-06
8.69702e-01 2.67e-06
8.70289e-01 2.66e-06
8.70833e-01 2.65e-06
8.71419e-01 2.63e-06
8.72004e-01 2.62e-06
8.72548e-01 2.61e-06
8.73133e-01 2.59e-06
8.73717e-01 2.58e-06
8.74301e-01 2.57e-06
8.74844e-01 2.56e-06
8.75719e-01 2.55e-06
8.76551e-01 2.55e-06
8.77134e-01 2.56e-06
8.77716e-01 2.56e-06
8.78257e-01 2.57e-06
8.78838e-01 2.59e-06
8.79419e-01 2.61e-06
8.79959e-01 2.63e-06
8.80539e-01 2.66e-06
8.80829e-01 2.67e-06
8.81119e-01 2.69e-06
8.81368e-01 2.71e-06
8.81658e-01 2.73e-06
8.81948e-01 2.75e-06
8.82237e-01 2.77e-06
8.82527e-01 2.80e-06
8.82775e-01 2.82e-06
8.83065e-01 2.85e-06
8.83644e-01 2.91e-06
8.84181e-01 2.98e-06
8.84759e-01 3.04e-06
8.85337e-01 3.12e-06
8.85873e-01 3.19e-06
8.86161e-01 3.22e-06
8.86450e-01 3.25e-06
8.86738e-01 3.28e-06
8.86985e-01 3.31e-06
8.87274e-01 3.33e-06
8.87562e-01 3.35e-06
8.87850e-01 3.37e-06
8.88097e-01 3.38e-06
8.88385e-01 3.38e-06
8.88673e-01 3.38e-06
8.88961e-01 3.38e-06
8.89248e-01 3.37e-06
8.89495e-01 3.36e-06
8.89782e-01 3.34e-06
8.90070e-01 3.32e-06
8.90357e-01 3.30e-06
8.90604e-01 3.27e-06
8.91178e-01 3.21e-06
8.91711e-01 3.15e-06
8.92285e-01 3.09e-06
8.92817e-01 3.03e-06
8.93391e-01 2.97e-06
8.93922e-01 2.92e-06
8.94495e-01 2.87e-06
8.95026e-01 2.83e-06
8.95598e-01 2.79e-06
8.96129e-01 2.76e-06
8.96700e-01 2.72e-06
8.97230e-01 2.69e-06
8.97760e-01 2.66e-06
8.98330e-01 2.64e-06
8.98860e-01 2.61e-06
8.99429e-01 2.58e-06
8.99958e-01 2.56e-06
9.00527e-01 2.54e-06
9.01055e-01 2.51e-06
9.01583e-01 2.49e-06
9.02151e-01 2.46e-06
9.02679e-01 2.44e-06
9.03205e-01 2.42e-06
9.03773e-01 2.39e-06
9.04299e-01 2.37e-06
9.04866e-01 2.35e-06
9.05392e-01 2.33e-06
9.05917e-01 2.31e-06
9.06483e-01 2.29e-06
9.07008e-01 2.28e-06
9.07532e-01 2.26e-06
9.08097e-01 2.24e-06
9.08621e-01 2.23e-06
9.09145e-01 2.22e-06
9.09669e-01 2.20e-06
9.10232e-01 2.19e-06
9.10755e-01 2.18e-06
9.11278e-01 2.17e-06
9.11841e-01 2.16e-06
9.12363e-01 2.16e-06
9.12885e-01 2.15e-06
9.13407e-01 2.14e-06
9.13968e-01 2.14e-06
9.14489e-01 2.13e-06
9.15010e-01 2.13e-06
9.16331e-01 2.12e-06
9.17650e-01 2.12e-06
9.18169e-01 2.12e-06
9.18728e-01 2.12e-06
9.19246e-01 2.13e-06
9.19765e-01 2.13e-06
9.20283e-01 2.14e-06
9.20801e-01 2.14e-06
9.21358e-01 2.15e-06
9.21875e-01 2.15e-06
9.22392e-01 2.16e-06
9.22909e-01 2.17e-06
9.23425e-01 2.18e-06
9.23941e-01 2.19e-06
9.24457e-01 2.20e-06
9.25013e-01 2.21e-06
9.25528e-01 2.23e-06
9.26043e-01 2.24e-06
9.26558e-01 2.25e-06
9.27072e-01 2.26e-06
9.27587e-01 2.28e-06
9.28101e-01 2.29e-06
9.28614e-01 2.30e-06
9.29128e-01 2.32e-06
9.29681e-01 2.33e-06
9.30194e-01 2.35e-06
9.30706e-01 2.37e-06
9.31219e-01 2.38e-06
9.31731e-01 2.40e-06
9.32243e-01 2.42e-06
9.32754e-01 2.44e-06
9.33266e-01 2.45e-06
9.33777e-01 2.47e-06
9.34288e-01 2.49e-06
9.34798e-01 2.52e-06
9.35309e-01 2.54e-06
9.35819e-01 2.56e-06
9.36329e-01 2.58e-06
9.36838e-01 2.60e-06
9.37347e-01 2.62e-06
9.37857e-01 2.63e-06
9.38365e-01 2.65e-06
9.38874e-01 2.66e-06
9.39656e-01 2.67e-06
9.40163e-01 2.67e-06
9.40671e-01 2.66e-06
9.41139e-01 2.66e-06
9.41647e-01 2.64e-06
9.42153e-01 2.63e-06
9.42660e-01 2.61e-06
9.43166e-01 2.59e-06
9.43672e-01 2.58e-06
9.44178e-01 2.56e-06
9.44684e-01 2.54e-06
9.45189e-01 2.52e-06
9.45694e-01 2.51e-06
9.46199e-01 2.49e-06
9.46704e-01 2.48e-06
9.47208e-01 2.47e-06
9.47712e-01 2.46e-06
9.48177e-01 2.46e-06
9.48952e-01 2.45e-06
9.49687e-01 2.45e-06
9.50190e-01 2.46e-06
9.50692e-01 2.46e-06
9.51194e-01 2.46e-06
9.51696e-01 2.47e-06
9.52160e-01 2.47e-06
9.53394e-01 2.47e-06
9.53895e-01 2.47e-06
9.54395e-01 2.47e-06
9.54896e-01 2.47e-06
9.55396e-01 2.46e-06
9.55896e-01 2.45e-06
9.56357e-01 2.43e-06
9.56857e-01 2.42e-06
9.57356e-01 2.40e-06
9.57855e-01 2.38e-06
9.58354e-01 2.36e-06
9.58814e-01 2.34e-06
9.59312e-01 2.32e-06
9.59810e-01 2.30e-06
9.60308e-01 2.28e-06
9.60767e-01 2.26e-06
9.61264e-01 2.24e-06
9.61761e-01 2.22e-06
9.62258e-01 2.20e-06
9.62716e-01 2.18e-06
9.63212e-01 2.16e-06
9.63709e-01 2.15e-06
9.64204e-01 2.13e-06
9.64662e-01 2.12e-06
9.65157e-01 2.10e-06
9.65652e-01 2.09e-06
9.66147e-01 2.08e-06
9.66604e-01 2.06e-06
9.67098e-01 2.05e-06
9.67592e-01 2.04e-06
9.68048e-01 2.03e-06
9.68542e-01 2.02e-06
9.69035e-01 2.01e-06
9.69490e-01 2.00e-06
9.69983e-01 2.00e-06
9.70476e-01 1.99e-06
9.70930e-01 1.98e-06
9.71423e-01 1.97e-06
9.71915e-01 1.96e-06
9.72369e-01 1.95e-06
9.72860e-01 1.94e-06
9.73351e-01 1.94e-06
9.73805e-01 1.93e-06
9.74295e-01 1.92e-06
9.74786e-01 1.91e-06
9.75239e-01 1.90e-06
9.75729e-01 1.90e-06
9.76181e-01 1.89e-06
9.76671e-01 1.88e-06
9.77160e-01 1.88e-06
9.77612e-01 1.87e-06
9.78101e-01 1.86e-06
9.78552e-01 1.86e-06
9.79040e-01 1.85e-06
9.79528e-01 1.85e-06
9.79979e-01 1.84e-06
9.80467e-01 1.84e-06
9.80917e-01 1.83e-06
9.81404e-01 1.83e-06
9.81891e-01 1.82e-06
9.82341e-01 1.82e-06
9.82827e-01 1.81e-06
9.83276e-01 1.81e-06
9.83762e-01 1.81e-06
9.84211e-01 1.80e-06
9.84697e-01 1.80e-06
9.85145e-01 1.80e-06
9.85630e-01 1.79e-06
9.86078e-01 1.79e-06
9.86563e-01 1.78e-06
9.87010e-01 1.78e-06
9.87494e-01 1.78e-06
9.87941e-01 1.77e-06
9.88425e-01 1.77e-06
9.88872e-01 1.77e-06
9.89355e-01 1.76e-06
9.89801e-01 1.76e-06
9.90284e-01 1.76e-06
9.90730e-01 1.75e-06
9.91213e-01 1.75e-06
9.91658e-01 1.75e-06
9.92140e-01 1.74e-06
9.92585e-01 1.74e-06
9.93067e-01 1.74e-06
9.93511e-01 1.74e-06
9.93992e-01 1.73e-06
9.94436e-01 1.73e-06
9.94917e-01 1.73e-06
9.95361e-01 1.73e-06
9.97428e-01 1.72e-06
9.99492e-01 1.72e-06
1.00107e+00 1.72e-06
1.00243e+00 1.72e-06
1.00291e+00 1.72e-06
1.00335e+00 1.72e-06
1.00379e+00 1.73e-06
1.00426e+00 1.73e-06
1.00470e+00 1.73e-06
1.00518e+00 1.73e-06
1.00562e+00 1.74e-06
1.00606e+00 1.74e-06
1.00653e+00 1.74e-06
1.00697e+00 1.75e-06
1.00741e+00 1.75e-06
1.00788e+00 1.76e-06
1.00832e+00 1.76e-06
1.00876e+00 1.77e-06
1.00923e+00 1.78e-06
1.00967e+00 1.78e-06
1.01011e+00 1.79e-06
1.01058e+00 1.80e-06
1.01102e+00 1.81e-06
1.01146e+00 1.82e-06
1.01189e+00 1.83e-06
1.01236e+00 1.84e-06
1.01280e+00 1.85e-06
1.01324e+00 1.86e-06
1.01371e+00 1.87e-06
1.01414e+00 1.89e-06
1.01458e+00 1.90e-06
1.01501e+00 1.92e-06
1.01548e+00 1.93e-06
1.01592e+00 1.95e-06
1.01635e+00 1.97e-06
1.01679e+00 1.99e-06
1.01726e+00 2.01e-06
1.01769e+00 2.03e-06
1.01813e+00 2.05e-06
1.01856e+00 2.08e-06
1.01903e+00 2.10e-06
1.01946e+00 2.13e-06
1.01989e+00 2.15e-06
1.02033e+00 2.18e-06
1.02079e+00 2.20e-06
1.02123e+00 2.23e-06
1.02166e+00 2.25e-06
1.02209e+00 2.27e-06
1.02252e+00 2.29e-06
1.02299e+00 2.30e-06
1.02342e+00 2.31e-06
1.02407e+00 2.32e-06
1.02450e+00 2.33e-06
1.02497e+00 2.32e-06
1.02540e+00 2.32e-06
1.02583e+00 2.31e-06
1.02626e+00 2.30e-06
1.02669e+00 2.29e-06
1.02712e+00 2.28e-06
1.02758e+00 2.26e-06
1.02801e+00 2.25e-06
1.02844e+00 2.23e-06
1.02887e+00 2.22e-06
1.02930e+00 2.20e-06
1.02973e+00 2.19e-06
1.03019e+00 2.18e-06
1.03062e+00 2.16e-06
1.03105e+00 2.15e-06
1.03147e+00 2.13e-06
1.03190e+00 2.12e-06
1.03233e+00 2.11e-06
1.03276e+00 2.10e-06
1.03322e+00 2.09e-06
1.03365e+00 2.07e-06
1.03407e+00 2.06e-06
1.03450e+00 2.05e-06
1.03493e+00 2.04e-06
1.03535e+00 2.03e-06
1.03578e+00 2.02e-06
1.03620e+00 2.01e-06
1.03663e+00 2.00e-06
1.03706e+00 2.00e-06
1.03752e+00 1.99e-06
1.03794e+00 1.98e-06
1.03837e+00 1.97e-06
1.03879e+00 1.97e-06
1.03922e+00 1.96e-06
1.03964e+00 1.96e-06
1.04006e+00 1.95e-06
1.04049e+00 1.94e-06
1.04091e+00 1.94e-06
1.04134e+00 1.93e-06
1.04176e+00 1.93e-06
1.04218e+00 1.93e-06
1.04261e+00 1.92e-06
1.04303e+00 1.92e-06
1.04349e+00 1.92e-06
1.04539e+00 1.91e-06
1.04665e+00 1.91e-06
1.04707e+00 1.91e-06
1.04749e+00 1.90e-06
1.04792e+00 1.90e-06
1.04834e+00 1.90e-06
1.04876e+00 1.89e-06
1.04918e+00 1.89e-06
1.04960e+00 1.88e-06
1.05002e+00 1.88e-06
1.05044e+00 1.87e-06
1.05086e+00 1.86e-06
1.05128e+00 1.86e-06
1.05170e+00 1.85e-06
1.05211e+00 1.84e-06
1.05253e+00 1.83e-06
1.05295e+00 1.82e-06
1.05337e+00 1.81e-06
1.05379e+00 1.80e-06
1.05421e+00 1.79e-06
1.05463e+00 1.79e-06
1.05504e+00 1.78e-06
1.05543e+00 1.77e-06
1.05584e+00 1.76e-06
1.05626e+00 1.76e-06
1.05668e+00 1.75e-06
1.05710e+00 1.74e-06
1.05751e+00 1.74e-06
1.05793e+00 1.73e-06
1.05835e+00 1.72e-06
1.05876e+00 1.72e-06
1.05918e+00 1.72e-06
1.05959e+00 1.71e-06
1.06001e+00 1.71e-06
1.06043e+00 1.70e-06
1.06084e+00 1.70e-06
1.06126e+00 1.70e-06
1.06164e+00 1.69e-06
1.06205e+00 1.69e-06
1.06247e+00 1.69e-06
1.06288e+00 1.68e-06
1.06330e+00 1.68e-06
1.06371e+00 1.68e-06
1.06412e+00 1.68e-06
1.06454e+00 1.67e-06
1.06495e+00 1.67e-06
1.06537e+00 1.67e-06
1.06574e+00 1.67e-06
1.06616e+00 1.67e-06
1.06657e+00 1.66e-06
1.06922e+00 1.65e-06
1.07145e+00 1.65e-06
1.07329e+00 1.65e-06
1.07490e+00 1.65e-06
1.07609e+00 1.66e-06
1.07691e+00 1.66e-06
1.07773e+00 1.66e-06
1.07810e+00 1.66e-06
1.07851e+00 1.66e-06
1.07872e+00 1.67e-06
1.07912e+00 1.68e-06
1.07953e+00 1.68e-06
1.08133e+00 1.68e-06
1.08313e+00 1.69e-06
1.08451e+00 1.69e-06
1.08570e+00 1.68e-06
1.08610e+00 1.68e-06
1.08651e+00 1.68e-06
1.08688e+00 1.68e-06
1.08728e+00 1.68e-06
1.08769e+00 1.67e-06
1.08806e+00 1.67e-06
1.08846e+00 1.67e-06
1.08886e+00 1.67e-06
1.08927e+00 1.66e-06
1.08964e+00 1.66e-06
1.09004e+00 1.66e-06
1.09045e+00 1.66e-06
1.09085e+00 1.65e-06
1.09223e+00 1.65e-06
1.09357e+00 1.65e-06
1.09477e+00 1.65e-06
1.09554e+00 1.65e-06
1.09594e+00 1.65e-06
1.09631e+00 1.65e-06
1.09671e+00 1.66e-06
1.09711e+00 1.66e-06
1.09748e+00 1.66e-06
1.09788e+00 1.66e-06
1.09961e+00 1.67e-06
1.10138e+00 1.67e-06
1.10390e+00 1.67e-06
1.10466e+00 1.67e-06
1.10542e+00 1.68e-06
1.10582e+00 1.68e-06
1.10618e+00 1.68e-06
1.10658e+00 1.68e-06
1.10698e+00 1.68e-06
1.10734e+00 1.69e-06
1.10774e+00 1.69e-06
1.10810e+00 1.69e-06
1.10850e+00 1.70e-06
1.10889e+00 1.70e-06
1.10926e+00 1.70e-06
1.10965e+00 1.70e-06
1.11061e+00 1.71e-06
1.11156e+00 1.71e-06
1.11192e+00 1.71e-06
1.11232e+00 1.71e-06
1.11268e+00 1.70e-06
1.11307e+00 1.70e-06
1.11347e+00 1.70e-06
1.11383e+00 1.69e-06
1.11422e+00 1.69e-06
1.11458e+00 1.68e-06
1.11498e+00 1.68e-06
1.11534e+00 1.67e-06
1.11573e+00 1.66e-06
1.11612e+00 1.66e-06
1.11648e+00 1.65e-06
1.11688e+00 1.64e-06
1.11724e+00 1.64e-06
1.11763e+00 1.63e-06
1.11799e+00 1.62e-06
1.11838e+00 1.62e-06
1.11874e+00 1.61e-06
1.11913e+00 1.60e-06
1.11953e+00 1.60e-06
1.11988e+00 1.59e-06
1.12028e+00 1.59e-06
1.12063e+00 1.58e-06
1.12103e+00 1.58e-06
1.12138e+00 1.57e-06
1.12178e+00 1.57e-06
1.12213e+00 1.57e-06
1.12252e+00 1.56e-06
1.12288e+00 1.56e-06
1.12383e+00 1.56e-06
1.12477e+00 1.56e-06
1.12626e+00 1.56e-06
1.12869e+00 1.56e-06
1.12979e+00 1.56e-06
1.13053e+00 1.56e-06
1.13092e+00 1.56e-06
1.13127e+00 1.55e-06
1.13166e+00 1.55e-06
1.13201e+00 1.55e-06
1.13237e+00 1.55e-06
1.13276e+00 1.54e-06
1.13311e+00 1.54e-06
1.13350e+00 1.53e-06
1.13385e+00 1.53e-06
1.13424e+00 1.52e-06
1.13459e+00 1.52e-06
1.13498e+00 1.51e-06
1.13533e+00 1.50e-06
1.13572e+00 1.50e-06
1.13607e+00 1.49e-06
1.13645e+00 1.49e-06
1.13681e+00 1.48e-06
1.13716e+00 1.47e-06
1.13754e+00 1.47e-06
1.13790e+00 1.46e-06
1.13828e+00 1.46e-06
1.13863e+00 1.45e-06
1.13902e+00 1.45e-06
1.13937e+00 1.45e-06
1.13972e+00 1.44e-06
1.14065e+00 1.44e-06
1.14138e+00 1.44e-06
1.14174e+00 1.44e-06
1.14212e+00 1.44e-06
1.14247e+00 1.44e-06
1.14285e+00 1.45e-06
1.14320e+00 1.45e-06
1.14355e+00 1.45e-06
1.14394e+00 1.46e-06
1.14429e+00 1.46e-06
1.14467e+00 1.46e-06
1.14502e+00 1.46e-06
1.14556e+00 1.47e-06
1.14610e+00 1.47e-06
1.14648e+00 1.47e-06
1.14683e+00 1.46e-06
1.14718e+00 1.46e-06
1.14756e+00 1.46e-06
1.14791e+00 1.45e-06
1.14829e+00 1.44e-06
1.14864e+00 1.44e-06
1.14899e+00 1.43e-06
1.14937e+00 1.42e-06
1.14972e+00 1.41e-06
1.15010e+00 1.40e-06
1.15045e+00 1.39e-06
1.15079e+00 1.38e-06
1.15117e+00 1.37e-06
1.15152e+00 1.36e-06
1.15187e+00 1.35e-06
1.15225e+00 1.34e-06
1.15260e+00 1.33e-06
1.15297e+00 1.33e-06
1.15332e+00 1.32e-06
1.15367e+00 1.31e-06
1.15405e+00 1.31e-06
1.15439e+00 1.30e-06
1.15474e+00 1.29e-06
1.15512e+00 1.29e-06
1.15547e+00 1.28e-06
1.15581e+00 1.28e-06
1.15619e+00 1.28e-06
1.15654e+00 1.27e-06
1.15691e+00 1.27e-06
1.15726e+00 1.26e-06
1.15760e+00 1.26e-06
1.15798e+00 1.26e-06
1.15833e+00 1.26e-06
1.15867e+00 1.25e-06
1.15905e+00 1.25e-06
1.15939e+00 1.25e-06
1.15958e+00 1.25e-06
1.15974e+00 1.42e-06
1.16011e+00 1.41e-06
1.16046e+00 1.41e-06
1.16080e+00 1.41e-06
1.16118e+00 1.41e-06
1.16152e+00 1.41e-06
1.16187e+00 1.40e-06
1.16224e+00 1.40e-06
1.16259e+00 1.40e-06
1.16293e+00 1.40e-06
1.16331e+00 1.40e-06
1.16524e+00 1.39e-06
1.16683e+00 1.39e-06
1.16823e+00 1.39e-06
1.16929e+00 1.39e-06
1.16997e+00 1.39e-06
1.17034e+00 1.39e-06
1.17068e+00 1.39e-06
1.17103e+00 1.40e-06
1.17140e+00 1.40e-06
1.17174e+00 1.40e-06
1.17208e+00 1.40e-06
1.17242e+00 1.41e-06
1.17279e+00 1.41e-06
1.17313e+00 1.42e-06
1.17347e+00 1.42e-06
1.17381e+00 1.43e-06
1.17418e+00 1.44e-06
1.17452e+00 1.45e-06
1.17486e+00 1.46e-06
1.17523e+00 1.47e-06
1.17557e+00 1.49e-06
1.17591e+00 1.50e-06
1.17625e+00 1.52e-06
1.17662e+00 1.54e-06
1.17678e+00 1.55e-06
1.17696e+00 1.57e-06
1.17715e+00 1.58e-06
1.17730e+00 1.59e-06
1.17749e+00 1.61e-06
1.17764e+00 1.63e-06
1.17782e+00 1.64e-06
1.17801e+00 1.66e-06
1.17835e+00 1.70e-06
1.17869e+00 1.74e-06
1.17902e+00 1.78e-06
1.17939e+00 1.82e-06
1.17955e+00 1.84e-06
1.17973e+00 1.86e-06
1.17992e+00 1.88e-06
1.18007e+00 1.89e-06
1.18025e+00 1.90e-06
1.18041e+00 1.91e-06
1.18059e+00 1.92e-06
1.18078e+00 1.92e-06
1.18093e+00 1.93e-06
1.18111e+00 1.92e-06
1.18130e+00 1.92e-06
1.18145e+00 1.92e-06
1.18164e+00 1.91e-06
1.18197e+00 1.89e-06
1.18231e+00 1.88e-06
1.18268e+00 1.86e-06
1.18283e+00 1.86e-06
1.18301e+00 1.85e-06
1.18317e+00 1.85e-06
1.18335e+00 1.85e-06
1.18354e+00 1.85e-06
1.18369e+00 1.85e-06
1.18387e+00 1.91e-06
1.18406e+00 1.91e-06
1.18421e+00 1.92e-06
1.18439e+00 1.93e-06
1.18455e+00 1.94e-06
1.18473e+00 1.95e-06
1.18507e+00 1.97e-06
1.18540e+00 2.00e-06
1.18577e+00 2.02e-06
1.18592e+00 2.03e-06
1.18610e+00 2.04e-06
1.18626e+00 2.05e-06
1.18644e+00 2.05e-06
1.18662e+00 2.05e-06
1.18678e+00 2.05e-06
1.18696e+00 2.05e-06
1.18714e+00 2.04e-06
1.18729e+00 2.03e-06
1.18748e+00 2.01e-06
1.18763e+00 1.99e-06
1.18781e+00 1.97e-06
1.18800e+00 1.95e-06
1.18833e+00 1.91e-06
1.18867e+00 1.86e-06
1.18900e+00 1.81e-06
1.18934e+00 1.77e-06
1.18952e+00 1.75e-06
1.18970e+00 1.73e-06
1.18985e+00 1.71e-06
1.19004e+00 1.69e-06
1.19022e+00 1.68e-06
1.19037e+00 1.66e-06
1.19055e+00 1.65e-06
1.19089e+00 1.62e-06
1.19122e+00 1.59e-06
1.19156e+00 1.57e-06
1.19192e+00 1.55e-06
1.19225e+00 1.54e-06
1.19259e+00 1.52e-06
1.19292e+00 1.51e-06
1.19326e+00 1.49e-06
1.19362e+00 1.48e-06
1.19395e+00 1.47e-06
1.19429e+00 1.46e-06
1.19462e+00 1.46e-06
1.19495e+00 1.45e-06
1.19532e+00 1.44e-06
1.19565e+00 1.44e-06
1.19598e+00 1.43e-06
1.19631e+00 1.43e-06
1.19665e+00 1.42e-06
1.19698e+00 1.42e-06
1.19734e+00 1.41e-06
1.19767e+00 1.41e-06
1.19801e+00 1.41e-06
1.19834e+00 1.40e-06
1.19867e+00 1.40e-06
1.19903e+00 1.40e-06
1.19936e+00 1.40e-06
1.20021e+00 1.39e-06
1.20105e+00 1.39e-06
1.20171e+00 1.39e-06
1.20237e+00 1.39e-06
1.20270e+00 1.40e-06
1.20306e+00 1.40e-06
1.20339e+00 1.40e-06
1.20354e+00 1.40e-06
1.20372e+00 1.76e-06
1.20405e+00 1.76e-06
1.20438e+00 1.77e-06
1.20471e+00 1.77e-06
1.20507e+00 1.78e-06
1.20540e+00 1.78e-06
1.20573e+00 1.79e-06
1.20606e+00 1.79e-06
1.20639e+00 1.80e-06
1.20672e+00 1.81e-06
1.20708e+00 1.81e-06
1.20741e+00 1.82e-06
1.20774e+00 1.83e-06
1.20806e+00 1.84e-06
1.20839e+00 1.85e-06
1.20872e+00 1.87e-06
1.20905e+00 1.88e-06
1.20941e+00 1.89e-06
1.20974e+00 1.91e-06
1.21006e+00 1.93e-06
1.21039e+00 1.95e-06
1.21072e+00 1.97e-06
1.21105e+00 2.00e-06
1.21138e+00 2.02e-06
1.21173e+00 2.06e-06
1.21188e+00 2.07e-06
1.21206e+00 2.09e-06
1.21221e+00 2.11e-06
1.21239e+00 2.13e-06
1.21254e+00 2.15e-06
1.21271e+00 2.18e-06
1.21289e+00 2.20e-06
1.21304e+00 2.23e-06
1.21322e+00 2.25e-06
1.21337e+00 2.28e-06
1.21370e+00 2.34e-06
1.21405e+00 2.41e-06
1.21438e+00 2.47e-06
1.21471e+00 2.54e-06
1.21485e+00 2.57e-06
1.21503e+00 2.60e-06
1.21521e+00 2.63e-06
1.21536e+00 2.65e-06
1.21554e+00 2.67e-06
1.21568e+00 2.69e-06
1.21586e+00 2.71e-06
1.21601e+00 2.71e-06
1.21619e+00 2.72e-06
1.21634e+00 2.72e-06
1.21651e+00 2.71e-06
1.21669e+00 2.70e-06
1.21684e+00 2.68e-06
1.21702e+00 2.66e-06
1.21717e+00 2.64e-06
1.21734e+00 2.61e-06
1.21749e+00 2.58e-06
1.21782e+00 2.52e-06
1.21817e+00 2.45e-06
1.21850e+00 2.38e-06
1.21882e+00 2.32e-06
1.21897e+00 2.29e-06
1.21915e+00 2.26e-06
1.21932e+00 2.24e-06
1.21947e+00 2.21e-06
1.21965e+00 2.19e-06
1.21980e+00 2.17e-06
1.21997e+00 2.14e-06
1.22012e+00 2.12e-06
1.22030e+00 2.10e-06
1.22045e+00 2.09e-06
1.22062e+00 2.07e-06
1.22095e+00 2.04e-06
1.22127e+00 2.01e-06
1.22160e+00 1.99e-06
1.22192e+00 1.97e-06
1.22227e+00 1.95e-06
1.22260e+00 1.94e-06
1.22292e+00 1.92e-06
1.22325e+00 1.91e-06
1.22357e+00 1.90e-06
1.22389e+00 1.89e-06
1.22422e+00 1.88e-06
1.22454e+00 1.87e-06
1.22486e+00 1.86e-06
1.22519e+00 1.86e-06
1.22554e+00 1.85e-06
1.22586e+00 1.84e-06
1.22618e+00 1.84e-06
1.22651e+00 1.83e-06
1.22683e+00 1.83e-06
1.22715e+00 1.83e-06
1.22747e+00 1.82e-06
1.22780e+00 1.82e-06
1.22862e+00 1.82e-06
1.22926e+00 1.82e-06
1.22958e+00 1.82e-06
1.22990e+00 1.82e-06
1.23023e+00 1.82e-06
1.23055e+00 1.83e-06
1.23090e+00 1.83e-06
1.23122e+00 1.84e-06
1.23154e+00 1.84e-06
1.23186e+00 1.85e-06
1.23218e+00 1.86e-06
1.23250e+00 1.87e-06
1.23282e+00 1.89e-06
1.23314e+00 1.90e-06
1.23346e+00 1.91e-06
1.23378e+00 1.93e-06
1.23410e+00 1.95e-06
1.23442e+00 1.97e-06
1.23474e+00 2.00e-06
1.23509e+00 2.02e-06
1.23541e+00 2.06e-06
1.23573e+00 2.09e-06
1.23588e+00 2.11e-06
1.23605e+00 2.13e-06
1.23620e+00 2.15e-06
1.23637e+00 2.17e-06
1.23652e+00 2.19e-06
1.23669e+00 2.22e-06
1.23684e+00 2.24e-06
1.23701e+00 2.27e-06
1.23719e+00 2.30e-06
1.23733e+00 2.33e-06
1.23750e+00 2.36e-06
1.23765e+00 2.40e-06
1.23782e+00 2.44e-06
1.23797e+00 2.48e-06
1.23814e+00 2.52e-06
1.23829e+00 2.57e-06
1.23846e+00 2.61e-06
1.23861e+00 2.67e-06
1.23878e+00 2.72e-06
1.23892e+00 2.78e-06
1.23910e+00 2.84e-06
1.23924e+00 2.91e-06
1.23942e+00 2.98e-06
1.23959e+00 3.06e-06
1.23974e+00 3.14e-06
1.23991e+00 3.23e-06
1.24005e+00 3.32e-06
1.24023e+00 3.42e-06
1.24037e+00 3.52e-06
1.24055e+00 3.63e-06
1.24069e+00 3.74e-06
1.24086e+00 3.86e-06
1.24101e+00 3.99e-06
1.24118e+00 4.11e-06
1.24150e+00 4.38e-06
1.24182e+00 4.64e-06
1.24196e+00 4.76e-06
1.24214e+00 4.88e-06
1.24231e+00 4.99e-06
1.24245e+00 5.09e-06
1.24263e+00 5.17e-06
1.24277e+00 5.23e-06
1.24294e+00 5.28e-06
1.24309e+00 5.30e-06
1.24326e+00 5.30e-06
1.24341e+00 5.28e-06
1.24358e+00 5.24e-06
1.24372e+00 5.18e-06
1.24390e+00 5.10e-06
1.24404e+00 5.01e-06
1.24421e+00 4.91e-06
1.24436e+00 4.81e-06
1.24453e+00 4.69e-06
1.24485e+00 4.45e-06
1.24499e+00 4.34e-06
1.24516e+00 4.22e-06
1.24534e+00 4.11e-06
1.24548e+00 4.00e-06
1.24565e+00 3.90e-06
1.24580e+00 3.80e-06
1.24597e+00 3.71e-06
1.24611e+00 3.63e-06
1.24628e+00 3.55e-06
1.24643e+00 3.48e-06
1.24660e+00 3.41e-06
1.24674e+00 3.35e-06
1.24692e+00 3.29e-06
1.24706e+00 3.24e-06
1.24723e+00 3.19e-06
1.24738e+00 3.15e-06
1.24755e+00 3.12e-06
1.24769e+00 3.09e-06
1.24787e+00 3.06e-06
1.24801e+00 3.04e-06
1.24818e+00 3.02e-06
1.24832e+00 3.00e-06
1.24850e+00 2.99e-06
1.24867e+00 2.99e-06
1.24881e+00 2.98e-06
1.24898e+00 2.98e-06
1.24913e+00 2.99e-06
1.24930e+00 3.00e-06
1.24944e+00 3.01e-06
1.24962e+00 3.03e-06
1.24976e+00 3.05e-06
1.24993e+00 3.07e-06
1.25007e+00 3.10e-06
1.25025e+00 3.13e-06
1.25039e+00 3.17e-06
1.25056e+00 3.21e-06
1.25070e+00 3.26e-06
1.25088e+00 3.31e-06
1.25102e+00 3.37e-06
1.25119e+00 3.43e-06
1.25133e+00 3.50e-06
1.25151e+00 3.57e-06
1.25165e+00 3.65e-06
1.25182e+00 3.74e-06
1.25196e+00 3.83e-06
1.25213e+00 3.93e-06
1.25228e+00 4.04e-06
1.25245e+00 4.16e-06
1.25262e+00 4.28e-06
1.25276e+00 4.41e-06
1.25293e+00 4.54e-06
1.25308e+00 4.69e-06
1.25325e+00 4.83e-06
1.25339e+00 4.99e-06
1.25371e+00 5.30e-06
1.25388e+00 5.46e-06
1.25402e+00 5.61e-06
1.25419e+00 5.76e-06
1.25433e+00 5.90e-06
1.25450e+00 6.02e-06
1.25465e+00 6.13e-06
1.25482e+00 6.22e-06
1.25496e+00 6.29e-06
1.25513e+00 6.34e-06
1.25527e+00 6.36e-06
1.25545e+00 6.35e-06
1.25559e+00 6.31e-06
1.25576e+00 6.25e-06
1.25590e+00 6.16e-06
1.25607e+00 6.05e-06
1.25621e+00 5.93e-06
1.25638e+00 5.79e-06
1.25653e+00 5.64e-06
1.25670e+00 5.48e-06
1.25701e+00 5.15e-06
1.25732e+00 4.82e-06
1.25749e+00 4.66e-06
1.25764e+00 4.50e-06
1.25781e+00 4.35e-06
1.25795e+00 4.20e-06
1.25812e+00 4.06e-06
1.25826e+00 3.93e-06
1.25843e+00 3.81e-06
1.25857e+00 3.69e-06
1.25875e+00 3.58e-06
1.25889e+00 3.47e-06
1.25906e+00 3.37e-06
1.25920e+00 3.28e-06
1.25937e+00 3.19e-06
1.25951e+00 3.11e-06
1.25968e+00 3.03e-06
1.25982e+00 2.96e-06
1.25999e+00 2.89e-06
1.26014e+00 2.82e-06
1.26031e+00 2.76e-06
1.26045e+00 2.70e-06
1.26062e+00 2.65e-06
1.26076e+00 2.60e-06
1.26093e+00 2.55e-06
1.26107e+00 2.51e-06
1.26124e+00 2.46e-06
1.26138e+00 2.42e-06
1.26155e+00 2.39e-06
1.26169e+00 2.35e-06
1.26186e+00 2.32e-06
1.26201e+00 2.28e-06
1.26218e+00 2.25e-06
1.26232e+00 2.22e-06
1.26249e+00 2.20e-06
1.26263e+00 2.17e-06
1.26280e+00 2.14e-06
1.26294e+00 2.12e-06
1.26311e+00 2.10e-06
1.26342e+00 2.06e-06
1.26373e+00 2.02e-06
1.26404e+00 1.98e-06
1.26435e+00 1.95e-06
1.26466e+00 1.92e-06
1.26497e+00 1.90e-06
1.26528e+00 1.87e-06
1.26559e+00 1.85e-06
1.26590e+00 1.83e-06
1.26621e+00 1.81e-06
1.26652e+00 1.79e-06
1.26683e+00 1.77e-06
1.26714e+00 1.76e-06
1.26745e+00 1.74e-06
1.26776e+00 1.73e-06
1.26807e+00 1.71e-06
1.26838e+00 1.70e-06
1.26869e+00 1.69e-06
1.26900e+00 1.68e-06
1.26931e+00 1.67e-06
1.26962e+00 1.66e-06
1.26993e+00 1.65e-06
1.27024e+00 1.64e-06
1.27055e+00 1.63e-06
1.27086e+00 1.63e-06
1.27116e+00 1.62e-06
1.27147e+00 1.61e-06
1.27178e+00 1.61e-06
1.27209e+00 1.60e-06
1.27240e+00 1.59e-06
1.27271e+00 1.59e-06
1.27301e+00 1.58e-06
1.27332e+00 1.58e-06
1.27363e+00 1.57e-06
1.27394e+00 1.57e-06
1.27424e+00 1.56e-06
1.27455e+00 1.56e-06
1.27486e+00 1.55e-06
1.27517e+00 1.55e-06
1.27547e+00 1.55e-06
1.27578e+00 1.54e-06
1.27609e+00 1.54e-06
1.27640e+00 1.54e-06
1.27670e+00 1.53e-06
1.27701e+00 1.53e-06
1.27732e+00 1.53e-06
1.27762e+00 1.52e-06
1.27793e+00 1.52e-06
1.27810e+00 1.67e-06
1.27840e+00 1.66e-06
1.27871e+00 1.66e-06
1.27902e+00 1.66e-06
1.27932e+00 1.66e-06
1.27963e+00 1.65e-06
1.27993e+00 1.65e-06
1.28024e+00 1.65e-06
1.28054e+00 1.65e-06
1.28085e+00 1.65e-06
1.28116e+00 1.64e-06
1.28146e+00 1.64e-06
1.28177e+00 1.64e-06
1.28207e+00 1.64e-06
1.28238e+00 1.64e-06
1.28268e+00 1.63e-06
1.28299e+00 1.63e-06
1.28329e+00 1.63e-06
1.28360e+00 1.63e-06
1.28647e+00 1.61e-06
1.28995e+00 1.60e-06
1.29404e+00 1.59e-06
1.29929e+00 1.58e-06
1.30511e+00 1.56e-06
1.30941e+00 1.56e-06
1.31445e+00 1.56e-06
1.31842e+00 1.55e-06
1.32383e+00 1.54e-06
1.33271e+00 1.53e-06
1.34064e+00 1.53e-06
1.34623e+00 1.53e-06
1.34966e+00 1.53e-06
1.35222e+00 1.54e-06
1.35393e+00 1.54e-06
1.35506e+00 1.54e-06
1.35563e+00 1.55e-06
1.35591e+00 1.55e-06
1.35620e+00 1.55e-06
1.35648e+00 1.55e-06
1.35676e+00 1.55e-06
1.35705e+00 1.56e-06
1.35733e+00 1.56e-06
1.35761e+00 1.56e-06
1.35789e+00 1.56e-06
1.35818e+00 1.56e-06
1.35846e+00 1.57e-06
1.35874e+00 1.57e-06
1.35903e+00 1.57e-06
1.35931e+00 1.58e-06
1.35959e+00 1.58e-06
1.35987e+00 1.58e-06
1.36016e+00 1.58e-06
1.36044e+00 1.59e-06
1.36072e+00 1.59e-06
1.36100e+00 1.59e-06
1.36128e+00 1.59e-06
1.36157e+00 1.59e-06
1.36257e+00 1.60e-06
1.36354e+00 1.60e-06
1.36594e+00 1.60e-06
1.36678e+00 1.60e-06
1.36706e+00 1.60e-06
1.36734e+00 1.61e-06
1.36762e+00 1.61e-06
1.36790e+00 1.61e-06
1.36818e+00 1.61e-06
1.36846e+00 1.62e-06
1.36874e+00 1.62e-06
1.36902e+00 1.63e-06
1.36930e+00 1.63e-06
1.36958e+00 1.64e-06
1.36986e+00 1.65e-06
1.37014e+00 1.65e-06
1.37042e+00 1.66e-06
1.37070e+00 1.67e-06
1.37098e+00 1.68e-06
1.37126e+00 1.69e-06
1.37154e+00 1.71e-06
1.37182e+00 1.72e-06
1.37209e+00 1.73e-06
1.37237e+00 1.75e-06
1.37265e+00 1.76e-06
1.37293e+00 1.78e-06
1.37321e+00 1.79e-06
1.37349e+00 1.81e-06
1.37377e+00 1.82e-06
1.37404e+00 1.83e-06
1.37420e+00 1.83e-06
1.37435e+00 1.83e-06
1.37447e+00 1.83e-06
1.37463e+00 1.83e-06
1.37490e+00 1.82e-06
1.37518e+00 1.82e-06
1.37546e+00 1.81e-06
1.37574e+00 1.80e-06
1.37602e+00 1.78e-06
1.37629e+00 1.77e-06
1.37657e+00 1.75e-06
1.37685e+00 1.74e-06
1.37713e+00 1.72e-06
1.37740e+00 1.71e-06
1.37768e+00 1.70e-06
1.37796e+00 1.69e-06
1.37824e+00 1.68e-06
1.37851e+00 1.66e-06
1.37879e+00 1.65e-06
1.37907e+00 1.65e-06
1.37935e+00 1.64e-06
1.37962e+00 1.63e-06
1.37990e+00 1.62e-06
1.38018e+00 1.61e-06
1.38045e+00 1.61e-06
1.38073e+00 1.60e-06
1.38103e+00 1.60e-06
1.38131e+00 1.59e-06
1.38158e+00 1.59e-06
1.38186e+00 1.58e-06
1.38214e+00 1.58e-06
1.38241e+00 1.58e-06
1.38269e+00 1.57e-06
1.38296e+00 1.57e-06
1.38324e+00 1.57e-06
1.38352e+00 1.56e-06
1.38379e+00 1.56e-06
1.38407e+00 1.56e-06
1.38434e+00 1.56e-06
1.38462e+00 1.55e-06
1.38489e+00 1.55e-06
1.38517e+00 1.55e-06
1.38669e+00 1.54e-06
1.38877e+00 1.54e-06
1.39111e+00 1.53e-06
1.39374e+00 1.53e-06
1.39620e+00 1.53e-06
1.39812e+00 1.53e-06
1.39975e+00 1.54e-06
1.40086e+00 1.54e-06
1.40168e+00 1.55e-06
1.40195e+00 1.55e-06
1.40222e+00 1.55e-06
1.40251e+00 1.55e-06
1.40278e+00 1.55e-06
1.40305e+00 1.55e-06
1.40332e+00 1.56e-06
1.40359e+00 1.56e-06
1.40386e+00 1.56e-06
1.40413e+00 1.56e-06
1.40440e+00 1.57e-06
1.40467e+00 1.57e-06
1.40497e+00 1.57e-06
1.40524e+00 1.57e-06
1.40551e+00 1.58e-06
1.40578e+00 1.58e-06
1.40605e+00 1.58e-06
1.40632e+00 1.59e-06
1.40659e+00 1.59e-06
1.40686e+00 1.60e-06
1.40713e+00 1.60e-06
1.40742e+00 1.61e-06
1.40769e+00 1.61e-06
1.40796e+00 1.62e-06
1.40823e+00 1.62e-06
1.40850e+00 1.63e-06
1.40876e+00 1.63e-06
1.40903e+00 1.64e-06
1.40930e+00 1.65e-06
1.40960e+00 1.65e-06
1.40986e+00 1.66e-06
1.41013e+00 1.67e-06
1.41040e+00 1.67e-06
1.41067e+00 1.68e-06
1.41094e+00 1.69e-06
1.41121e+00 1.70e-06
1.41150e+00 1.71e-06
1.41177e+00 1.72e-06
1.41204e+00 1.73e-06
1.41230e+00 1.74e-06
1.41257e+00 1.76e-06
1.41284e+00 1.77e-06
1.41311e+00 1.79e-06
1.41340e+00 1.80e-06
1.41367e+00 1.82e-06
1.41393e+00 1.84e-06
1.41420e+00 1.85e-06
1.41447e+00 1.87e-06
1.41474e+00 1.89e-06
1.41500e+00 1.91e-06
1.41529e+00 1.93e-06
1.41556e+00 1.94e-06
1.41583e+00 1.96e-06
1.41610e+00 1.98e-06
1.41636e+00 1.99e-06
1.41663e+00 2.01e-06
1.41690e+00 2.02e-06
1.41719e+00 2.03e-06
1.41745e+00 2.04e-06
1.41772e+00 2.05e-06
1.41799e+00 2.07e-06
1.41825e+00 2.08e-06
1.41852e+00 2.09e-06
1.41881e+00 2.10e-06
1.41908e+00 2.10e-06
1.41934e+00 2.11e-06
1.41961e+00 2.12e-06
1.42002e+00 2.12e-06
1.42029e+00 2.12e-06
1.42055e+00 2.12e-06
1.42082e+00 2.12e-06
1.42108e+00 2.11e-06
1.42137e+00 2.09e-06
1.42164e+00 2.08e-06
1.42190e+00 2.06e-06
1.42217e+00 2.04e-06
1.42243e+00 2.02e-06
1.42272e+00 1.99e-06
1.42299e+00 1.97e-06
1.42325e+00 1.94e-06
1.42352e+00 1.92e-06
1.42378e+00 1.90e-06
1.42405e+00 1.87e-06
1.42434e+00 1.85e-06
1.42460e+00 1.83e-06
1.42487e+00 1.81e-06
1.42513e+00 1.79e-06
1.42539e+00 1.78e-06
1.42568e+00 1.76e-06
1.42595e+00 1.75e-06
1.42621e+00 1.73e-06
1.42648e+00 1.72e-06
1.42674e+00 1.71e-06
1.42700e+00 1.70e-06
1.42729e+00 1.69e-06
1.42756e+00 1.68e-06
1.42782e+00 1.67e-06
1.42808e+00 1.66e-06
1.42835e+00 1.65e-06
1.42864e+00 1.64e-06
1.42890e+00 1.64e-06
1.42916e+00 1.63e-06
1.42943e+00 1.62e-06
1.42969e+00 1.62e-06
1.42998e+00 1.61e-06
1.43024e+00 1.61e-06
1.43050e+00 1.60e-06
1.43077e+00 1.60e-06
1.43105e+00 1.60e-06
1.43132e+00 1.59e-06
1.43158e+00 1.59e-06
1.43184e+00 1.59e-06
1.43210e+00 1.58e-06
1.43239e+00 1.58e-06
1.43265e+00 1.58e-06
1.43292e+00 1.58e-06
1.43318e+00 1.57e-06
1.43344e+00 1.57e-06
1.43373e+00 1.57e-06
1.43399e+00 1.57e-06
1.43547e+00 1.56e-06
1.43720e+00 1.55e-06
1.43946e+00 1.55e-06
1.44546e+00 1.55e-06
1.44704e+00 1.55e-06
1.44889e+00 1.54e-06
1.45222e+00 1.53e-06
1.45472e+00 1.53e-06
1.45724e+00 1.52e-06
1.45975e+00 1.52e-06
1.46184e+00 1.53e-06
1.46316e+00 1.53e-06
1.46423e+00 1.53e-06
1.46474e+00 1.54e-06
1.46527e+00 1.54e-06
1.46554e+00 1.54e-06
1.46580e+00 1.54e-06
1.46605e+00 1.54e-06
1.46633e+00 1.55e-06
1.46658e+00 1.55e-06
1.46686e+00 1.55e-06
1.46711e+00 1.55e-06
1.46737e+00 1.56e-06
1.46764e+00 1.56e-06
1.46790e+00 1.56e-06
1.46817e+00 1.56e-06
1.46843e+00 1.57e-06
1.46868e+00 1.57e-06
1.46896e+00 1.57e-06
1.46921e+00 1.57e-06
1.46949e+00 1.58e-06
1.47013e+00 1.58e-06
1.47080e+00 1.58e-06
1.47130e+00 1.58e-06
1.47158e+00 1.58e-06
1.47183e+00 1.58e-06
1.47211e+00 1.58e-06
1.47236e+00 1.57e-06
1.47261e+00 1.57e-06
1.47288e+00 1.57e-06
1.47314e+00 1.57e-06
1.47341e+00 1.57e-06
1.47366e+00 1.56e-06
1.47485e+00 1.56e-06
1.47602e+00 1.55e-06
1.47746e+00 1.55e-06
1.47876e+00 1.56e-06
1.48008e+00 1.56e-06
1.48113e+00 1.56e-06
1.48190e+00 1.57e-06
1.48242e+00 1.57e-06
1.48269e+00 1.57e-06
1.48294e+00 1.57e-06
1.48322e+00 1.58e-06
1.48347e+00 1.58e-06
1.48372e+00 1.58e-06
1.48399e+00 1.58e-06
1.48424e+00 1.58e-06
1.48451e+00 1.58e-06
1.48476e+00 1.59e-06
1.48503e+00 1.59e-06
1.48528e+00 1.59e-06
1.48555e+00 1.59e-06
1.48582e+00 1.60e-06
1.48607e+00 1.60e-06
1.48634e+00 1.60e-06
1.48659e+00 1.60e-06
1.48686e+00 1.61e-06
1.48711e+00 1.61e-06
1.48738e+00 1.61e-06
1.48763e+00 1.62e-06
1.48790e+00 1.62e-06
1.48815e+00 1.62e-06
1.48842e+00 1.62e-06
1.48867e+00 1.63e-06
1.48894e+00 1.63e-06
1.48919e+00 1.63e-06
1.48946e+00 1.64e-06
1.48971e+00 1.64e-06
1.48998e+00 1.64e-06
1.49023e+00 1.64e-06
1.49050e+00 1.65e-06
1.49074e+00 1.65e-06
1.49167e+00 1.65e-06
1.49257e+00 1.65e-06
1.49335e+00 1.65e-06
1.49387e+00 1.65e-06
1.49414e+00 1.65e-06
1.49439e+00 1.65e-06
1.49466e+00 1.64e-06
1.49490e+00 1.64e-06
1.49517e+00 1.64e-06
1.49544e+00 1.64e-06
1.49569e+00 1.63e-06
1.49596e+00 1.63e-06
1.49620e+00 1.63e-06
1.49647e+00 1.62e-06
1.49672e+00 1.62e-06
1.49699e+00 1.62e-06
1.49725e+00 1.62e-06
1.49750e+00 1.61e-06
1.49777e+00 1.61e-06
1.49801e+00 1.61e-06
1.49828e+00 1.60e-06
1.49855e+00 1.60e-06
1.49880e+00 1.60e-06
1.49906e+00 1.60e-06
1.49931e+00 1.60e-06
1.49958e+00 1.59e-06
1.49985e+00 1.59e-06
1.50009e+00 1.59e-06
1.50036e+00 1.59e-06
1.50060e+00 1.59e-06
1.50230e+00 1.58e-06
1.50423e+00 1.57e-06
1.50670e+00 1.56e-06
1.50966e+00 1.56e-06
1.51238e+00 1.56e-06
1.51469e+00 1.57e-06
1.51728e+00 1.57e-06
1.52126e+00 1.58e-06
1.52473e+00 1.59e-06
1.52808e+00 1.59e-06
1.53230e+00 1.60e-06
1.53385e+00 1.60e-06
1.53616e+00 1.59e-06
1.53910e+00 1.59e-06
1.54178e+00 1.59e-06
1.54486e+00 1.59e-06
1.54818e+00 1.59e-06
1.55471e+00 1.60e-06
1.56209e+00 1.61e-06
1.56465e+00 1.61e-06
1.56989e+00 1.63e-06
1.57205e+00 1.63e-06
1.57435e+00 1.63e-06
1.57447e+00 1.64e-06
1.57625e+00 1.64e-06
1.58046e+00 1.65e-06
1.58174e+00 1.65e-06
1.59001e+00 1.64e-06
1.59282e+00 1.64e-06
1.59690e+00 1.64e-06
1.60302e+00 1.65e-06
1.61118e+00 1.67e-06
1.61961e+00 1.69e-06
1.62164e+00 1.69e-06
1.62178e+00 1.73e-06
1.63175e+00 1.76e-06
1.64125e+00 1.78e-06
1.65048e+00 1.81e-06
1.66131e+00 1.84e-06
1.66906e+00 1.87e-06
1.67762e+00 1.90e-06
1.68595e+00 1.93e-06
1.69378e+00 1.96e-06
1.70140e+00 1.99e-06
1.70798e+00 2.02e-06
1.71432e+00 2.05e-06
1.72094e+00 2.08e-06
1.72735e+00 2.11e-06
1.73349e+00 2.15e-06
1.73860e+00 2.17e-06
1.74427e+00 2.21e-06
1.74833e+00 2.23e-06
1.75350e+00 2.26e-06
1.75813e+00 2.29e-06
1.76279e+00 2.32e-06
1.76719e+00 2.35e-06
1.77161e+00 2.38e-06
1.77578e+00 2.41e-06
1.77967e+00 2.44e-06
1.78331e+00 2.47e-06
1.78695e+00 2.50e-06
1.79033e+00 2.52e-06
1.79344e+00 2.55e-06
1.79627e+00 2.57e-06
1.79882e+00 2.59e-06
1.80110e+00 2.61e-06
1.80309e+00 2.63e-06
1.80510e+00 2.65e-06
1.80711e+00 2.66e-06
1.80883e+00 2.68e-06
1.81027e+00 2.69e-06
1.81171e+00 2.70e-06
1.81316e+00 2.72e-06
1.81432e+00 2.73e-06
1.81518e+00 2.74e-06
1.81577e+00 2.74e-06
1.81634e+00 2.75e-06
1.81692e+00 2.75e-06
1.81722e+00 2.76e-06
1.81751e+00 2.76e-06
1.81780e+00 2.76e-06
1.81809e+00 2.76e-06
1.81839e+00 2.77e-06
1.81868e+00 2.77e-06
1.81895e+00 2.77e-06
1.81924e+00 2.78e-06
1.81954e+00 2.78e-06
1.81983e+00 2.78e-06
1.82012e+00 2.78e-06
1.82041e+00 2.79e-06
1.82070e+00 2.79e-06
1.82099e+00 2.79e-06
1.82129e+00 2.79e-06
1.82158e+00 2.80e-06
1.82188e+00 2.80e-06
1.82218e+00 2.80e-06
1.82247e+00 2.81e-06
1.82276e+00 2.81e-06
1.82305e+00 2.81e-06
1.82334e+00 2.81e-06
1.82363e+00 2.82e-06
1.82392e+00 2.82e-06
1.82421e+00 2.82e-06
1.82452e+00 2.83e-06
1.82481e+00 2.83e-06
1.82510e+00 2.83e-06
1.82539e+00 2.84e-06
1.82568e+00 2.84e-06
1.82598e+00 2.84e-06
1.82627e+00 2.84e-06
1.82656e+00 2.85e-06
1.82685e+00 2.85e-06
1.82716e+00 2.85e-06
1.82745e+00 2.86e-06
1.82774e+00 2.86e-06
1.82803e+00 2.86e-06
1.82833e+00 2.86e-06
1.82862e+00 2.87e-06
1.82891e+00 2.87e-06
1.82922e+00 2.87e-06
1.82950e+00 2.88e-06
1.82981e+00 2.88e-06
1.83010e+00 2.88e-06
1.83039e+00 2.89e-06
1.83069e+00 2.89e-06
1.83098e+00 2.89e-06
1.83128e+00 2.90e-06
1.83157e+00 2.90e-06
1.83188e+00 2.90e-06
1.83217e+00 2.90e-06
1.83247e+00 2.91e-06
1.83276e+00 2.91e-06
1.83306e+00 2.91e-06
1.83335e+00 2.92e-06
1.83365e+00 2.92e-06
1.83394e+00 2.92e-06
1.83424e+00 2.93e-06
1.83453e+00 2.93e-06
1.83483e+00 2.93e-06
1.83514e+00 2.94e-06
1.83543e+00 2.94e-06
1.83573e+00 2.94e-06
1.83602e+00 2.95e-06
1.83632e+00 2.95e-06
1.83662e+00 2.95e-06
1.83691e+00 2.95e-06
1.83721e+00 2.96e-06
1.83751e+00 2.96e-06
1.83782e+00 2.96e-06
1.83810e+00 2.97e-06
1.83840e+00 2.97e-06
1.83871e+00 2.97e-06
1.83901e+00 2.98e-06
1.83929e+00 2.98e-06
1.83960e+00 2.98e-06
1.83990e+00 2.99e-06
1.84020e+00 2.99e-06
1.84050e+00 2.99e-06
1.84080e+00 3.00e-06
1.84109e+00 3.00e-06
1.84139e+00 3.00e-06
1.84169e+00 3.01e-06
1.84199e+00 3.01e-06
1.84229e+00 3.01e-06
1.84260e+00 3.02e-06
1.84290e+00 3.02e-06
1.84320e+00 3.02e-06
1.84350e+00 3.03e-06
1.84380e+00 3.03e-06
1.84410e+00 3.03e-06
1.84440e+00 3.04e-06
1.84470e+00 3.04e-06
1.84500e+00 3.04e-06
1.84530e+00 3.05e-06
1.84560e+00 3.05e-06
1.84590e+00 3.05e-06
1.84620e+00 3.06e-06
1.84650e+00 3.06e-06
1.84680e+00 3.06e-06
1.84712e+00 3.07e-06
1.84741e+00 3.07e-06
1.84771e+00 3.07e-06
1.84801e+00 3.08e-06
1.84831e+00 3.08e-06
1.84861e+00 3.08e-06
1.84893e+00 3.09e-06
1.84923e+00 3.09e-06
1.84953e+00 3.10e-06
1.84982e+00 3.10e-06
1.85014e+00 3.10e-06
1.85044e+00 3.11e-06
1.85074e+00 3.11e-06
1.85105e+00 3.11e-06
1.85135e+00 3.12e-06
1.85165e+00 3.12e-06
1.85196e+00 3.12e-06
1.85226e+00 3.13e-06
1.85256e+00 3.13e-06
1.85287e+00 3.13e-06
1.85317e+00 3.14e-06
1.85348e+00 3.14e-06
1.85378e+00 3.15e-06
1.85408e+00 3.15e-06
1.85439e+00 3.15e-06
1.85469e+00 3.16e-06
1.85500e+00 3.16e-06
1.85530e+00 3.16e-06
1.85561e+00 3.17e-06
1.85592e+00 3.17e-06
1.85622e+00 3.18e-06
1.85653e+00 3.18e-06
1.85683e+00 3.18e-06
1.85714e+00 3.19e-06
1.85744e+00 3.19e-06
1.85775e+00 3.19e-06
1.85806e+00 3.20e-06
1.85836e+00 3.20e-06
1.85867e+00 3.21e-06
1.85898e+00 3.21e-06
1.85928e+00 3.21e-06
1.85959e+00 3.22e-06
1.85990e+00 3.22e-06
1.86021e+00 3.22e-06
1.86051e+00 3.23e-06
1.86082e+00 3.23e-06
1.86113e+00 3.24e-06
1.86144e+00 3.24e-06
1.86175e+00 3.24e-06
1.86205e+00 3.25e-06
1.86236e+00 3.25e-06
1.86267e+00 3.25e-06
1.86298e+00 3.26e-06
1.86329e+00 3.26e-06
1.86360e+00 3.27e-06
1.86391e+00 3.27e-06
1.86422e+00 3.27e-06
1.86453e+00 3.28e-06
1.86484e+00 3.28e-06
1.86515e+00 3.29e-06
1.86546e+00 3.29e-06
1.86577e+00 3.29e-06
1.86608e+00 3.30e-06
1.86639e+00 3.30e-06
1.86670e+00 3.31e-06
1.86701e+00 3.31e-06
1.86732e+00 3.31e-06
1.86762e+00 3.32e-06
1.86793e+00 3.32e-06
1.86824e+00 3.33e-06
1.86857e+00 3.33e-06
1.86887e+00 3.33e-06
1.86918e+00 3.34e-06
1.86949e+00 3.34e-06
1.86980e+00 3.35e-06
1.87012e+00 3.35e-06
1.87043e+00 3.36e-06
1.87074e+00 3.36e-06
1.87106e+00 3.36e-06
1.87137e+00 3.37e-06
1.87168e+00 3.37e-06
1.87199e+00 3.38e-06
1.87231e+00 3.38e-06
1.87262e+00 3.38e-06
1.87294e+00 3.39e-06
1.87325e+00 3.39e-06
1.87355e+00 3.40e-06
1.87388e+00 3.40e-06
1.87418e+00 3.41e-06
1.87451e+00 3.41e-06
1.87481e+00 3.41e-06
1.87514e+00 3.42e-06
1.87544e+00 3.42e-06
1.87576e+00 3.43e-06
1.87607e+00 3.43e-06
1.87639e+00 3.44e-06
1.87671e+00 3.44e-06
1.87702e+00 3.44e-06
1.87734e+00 3.45e-06
1.87765e+00 3.45e-06
1.87797e+00 3.46e-06
1.87829e+00 3.46e-06
1.87859e+00 3.47e-06
1.87892e+00 3.47e-06
1.87924e+00 3.48e-06
1.87956e+00 3.48e-06
1.87986e+00 3.48e-06
1.88018e+00 3.49e-06
1.88050e+00 3.49e-06
1.88082e+00 3.50e-06
1.88113e+00 3.50e-06
1.88145e+00 3.51e-06
1.88177e+00 3.51e-06
1.88209e+00 3.52e-06
1.88241e+00 3.52e-06
1.88273e+00 3.53e-06
1.88305e+00 3.53e-06
1.88337e+00 3.53e-06
1.88369e+00 3.54e-06
1.88400e+00 3.54e-06
1.88432e+00 3.55e-06
1.88464e+00 3.55e-06
1.88496e+00 3.56e-06
1.88528e+00 3.56e-06
1.88560e+00 3.57e-06
1.88592e+00 3.57e-06
1.88624e+00 3.58e-06
1.88655e+00 3.58e-06
1.88687e+00 3.59e-06
1.88719e+00 3.59e-06
1.88751e+00 3.59e-06
1.88784e+00 3.60e-06
1.88816e+00 3.60e-06
1.88848e+00 3.61e-06
1.88880e+00 3.61e-06
1.88913e+00 3.62e-06
1.88945e+00 3.62e-06
1.88976e+00 3.63e-06
1.89008e+00 3.63e-06
1.89041e+00 3.64e-06
1.89073e+00 3.64e-06
1.89106e+00 3.65e-06
1.89138e+00 3.65e-06
1.89170e+00 3.66e-06
1.89203e+00 3.66e-06
1.89234e+00 3.67e-06
1.89268e+00 3.67e-06
1.89299e+00 3.68e-06
1.89332e+00 3.68e-06
1.89364e+00 3.69e-06
1.89397e+00 3.69e-06
1.89429e+00 3.70e-06
1.89462e+00 3.70e-06
1.89493e+00 3.71e-06
1.89526e+00 3.71e-06
1.89559e+00 3.72e-06
1.89591e+00 3.72e-06
1.89624e+00 3.73e-06
1.89657e+00 3.73e-06
1.89688e+00 3.74e-06
1.89721e+00 3.74e-06
1.89754e+00 3.75e-06
1.89787e+00 3.75e-06
1.89819e+00 3.76e-06
1.89852e+00 3.76e-06
1.89885e+00 3.77e-06
1.89918e+00 3.77e-06
1.89951e+00 3.78e-06
1.89982e+00 3.78e-06
1.90015e+00 3.79e-06
1.90048e+00 3.79e-06
1.90081e+00 3.80e-06
1.90114e+00 3.81e-06
1.90147e+00 3.81e-06
1.90179e+00 3.82e-06
1.90212e+00 3.82e-06
1.90245e+00 3.83e-06
1.90278e+00 3.83e-06
1.90311e+00 3.84e-06
1.90344e+00 3.84e-06
1.90378e+00 3.85e-06
1.90411e+00 3.85e-06
1.90443e+00 3.86e-06
1.90476e+00 3.86e-06
1.90509e+00 3.87e-06
1.90542e+00 3.88e-06
1.90576e+00 3.88e-06
1.90608e+00 3.89e-06
1.90641e+00 3.89e-06
1.90674e+00 3.90e-06
1.90708e+00 3.90e-06
1.90741e+00 3.91e-06
1.90773e+00 3.91e-06
1.90807e+00 3.92e-06
1.90840e+00 3.92e-06
1.90874e+00 3.93e-06
1.90907e+00 3.94e-06
1.90939e+00 3.94e-06
1.90974e+00 3.95e-06
1.91006e+00 3.95e-06
1.91040e+00 3.96e-06
1.91074e+00 3.96e-06
1.91107e+00 3.97e-06
1.91141e+00 3.98e-06
1.91173e+00 3.98e-06
1.91207e+00 3.99e-06
1.91241e+00 3.99e-06
1.91274e+00 4.00e-06
1.91308e+00 4.00e-06
1.91342e+00 4.01e-06
1.91374e+00 4.02e-06
1.91408e+00 4.02e-06
1.91442e+00 4.03e-06
1.91476e+00 4.03e-06
1.91508e+00 4.04e-06
1.91542e+00 4.05e-06
1.91576e+00 4.05e-06
1.91610e+00 4.06e-06
1.91644e+00 4.06e-06
1.91678e+00 4.07e-06
1.91711e+00 4.08e-06
1.91745e+00 4.08e-06
1.91779e+00 4.09e-06
1.91813e+00 4.09e-06
1.91847e+00 4.10e-06
1.91880e+00 4.11e-06
1.91914e+00 4.11e-06
1.91948e+00 4.12e-06
1.91982e+00 4.12e-06
1.92015e+00 4.13e-06
1.92050e+00 4.14e-06
1.92084e+00 4.14e-06
1.92118e+00 4.15e-06
1.92151e+00 4.16e-06
1.92185e+00 4.16e-06
1.92220e+00 4.17e-06
1.92254e+00 4.17e-06
1.92288e+00 4.18e-06
1.92323e+00 4.19e-06
1.92356e+00 4.19e-06
1.92390e+00 4.20e-06
1.92425e+00 4.21e-06
1.92458e+00 4.21e-06
1.92493e+00 4.22e-06
1.92527e+00 4.23e-06
1.92562e+00 4.23e-06
1.92596e+00 4.24e-06
1.92630e+00 4.24e-06
1.92664e+00 4.25e-06
1.92699e+00 4.26e-06
1.92734e+00 4.26e-06
1.92767e+00 4.27e-06
1.92802e+00 4.28e-06
1.92837e+00 4.28e-06
1.92871e+00 4.29e-06
1.92905e+00 4.30e-06
1.92940e+00 4.30e-06
1.92975e+00 4.31e-06
1.93009e+00 4.32e-06
1.93043e+00 4.32e-06
1.93078e+00 4.33e-06
1.93113e+00 4.34e-06
1.93148e+00 4.34e-06
1.93183e+00 4.35e-06
1.93217e+00 4.36e-06
1.93252e+00 4.37e-06
1.93287e+00 4.37e-06
1.93322e+00 4.38e-06
1.93356e+00 4.39e-06
1.93391e+00 4.39e-06
1.93426e+00 4.40e-06
1.93460e+00 4.41e-06
1.93495e+00 4.41e-06
1.93531e+00 4.42e-06
1.93566e+00 4.43e-06
1.93600e+00 4.44e-06
1.93635e+00 4.44e-06
1.93671e+00 4.45e-06
1.93706e+00 4.46e-06
1.93740e+00 4.46e-06
1.93776e+00 4.47e-06
1.93811e+00 4.48e-06
1.93845e+00 4.49e-06
1.93881e+00 4.49e-06
1.93916e+00 4.50e-06
1.93952e+00 4.51e-06
1.93986e+00 4.51e-06
1.94022e+00 4.52e-06
1.94057e+00 4.53e-06
1.94093e+00 4.54e-06
1.94129e+00 4.54e-06
1.94163e+00 4.55e-06
1.94199e+00 4.56e-06
1.94235e+00 4.57e-06
1.94269e+00 4.57e-06
1.94305e+00 4.58e-06
1.94341e+00 4.59e-06
1.94376e+00 4.60e-06
1.94411e+00 4.60e-06
1.94447e+00 4.61e-06
1.94482e+00 4.62e-06
1.94518e+00 4.63e-06
1.94554e+00 4.63e-06
1.94590e+00 4.64e-06
1.94625e+00 4.65e-06
1.94661e+00 4.66e-06
1.94697e+00 4.66e-06
1.94732e+00 4.67e-06
1.94768e+00 4.68e-06
1.94804e+00 4.69e-06
1.94839e+00 4.70e-06
1.94876e+00 4.70e-06
1.94912e+00 4.71e-06
1.94948e+00 4.72e-06
1.94983e+00 4.73e-06
1.95020e+00 4.74e-06
1.95056e+00 4.74e-06
1.95091e+00 4.75e-06
1.95128e+00 4.76e-06
1.95164e+00 4.77e-06
1.95199e+00 4.78e-06
1.95236e+00 4.78e-06
1.95272e+00 4.79e-06
1.95308e+00 4.80e-06
1.95344e+00 4.81e-06
1.95381e+00 4.82e-06
1.95418e+00 4.82e-06
1.95453e+00 4.83e-06
1.95490e+00 4.84e-06
1.95527e+00 4.85e-06
1.95562e+00 4.86e-06
1.95599e+00 4.87e-06
1.95636e+00 4.87e-06
1.95672e+00 4.88e-06
1.95708e+00 4.89e-06
1.95744e+00 4.90e-06
1.95781e+00 4.91e-06
1.95818e+00 4.92e-06
1.95854e+00 4.93e-06
1.95891e+00 4.93e-06
1.95928e+00 4.94e-06
1.95964e+00 4.95e-06
1.96001e+00 4.96e-06
1.96038e+00 4.97e-06
1.96074e+00 4.98e-06
1.96111e+00 4.99e-06
1.96149e+00 4.99e-06
1.96185e+00 5.00e-06
1.96222e+00 5.01e-06
1.96258e+00 5.02e-06
1.96296e+00 5.03e-06
1.96333e+00 5.04e-06
1.96369e+00 5.05e-06
1.96407e+00 5.06e-06
1.96444e+00 5.07e-06
1.96482e+00 5.07e-06
1.96518e+00 5.08e-06
1.96556e+00 5.09e-06
1.96592e+00 5.10e-06
1.96630e+00 5.11e-06
1.96666e+00 5.12e-06
1.96704e+00 5.13e-06
1.96742e+00 5.14e-06
1.96778e+00 5.15e-06
1.96816e+00 5.16e-06
1.96854e+00 5.17e-06
1.96891e+00 5.17e-06
1.96928e+00 5.18e-06
1.96965e+00 5.19e-06
1.97003e+00 5.20e-06
1.97041e+00 5.21e-06
1.97078e+00 5.22e-06
1.97116e+00 5.23e-06
1.97154e+00 5.24e-06
1.97191e+00 5.25e-06
1.97229e+00 5.26e-06
1.97266e+00 5.27e-06
1.97305e+00 5.28e-06
1.97343e+00 5.29e-06
1.97380e+00 5.30e-06
1.97418e+00 5.31e-06
1.97457e+00 5.32e-06
1.97494e+00 5.33e-06
1.97532e+00 5.34e-06
1.97570e+00 5.35e-06
1.97608e+00 5.36e-06
1.97645e+00 5.37e-06
1.97684e+00 5.38e-06
1.97721e+00 5.39e-06
1.97760e+00 5.40e-06
1.97799e+00 5.41e-06
1.97836e+00 5.42e-06
1.97875e+00 5.43e-06
1.97914e+00 5.44e-06
1.97951e+00 5.45e-06
1.97990e+00 5.46e-06
1.98028e+00 5.47e-06
1.98067e+00 5.48e-06
1.98106e+00 5.49e-06
1.98144e+00 5.50e-06
1.98181e+00 5.51e-06
1.98220e+00 5.52e-06
1.98259e+00 5.53e-06
1.98299e+00 5.54e-06
1.98337e+00 5.55e-06
1.98376e+00 5.56e-06
1.98414e+00 5.57e-06
1.98453e+00 5.58e-06
1.98491e+00 5.59e-06
1.98531e+00 5.61e-06
1.98569e+00 5.62e-06
1.98608e+00 5.63e-06
1.98648e+00 5.64e-06
1.98686e+00 5.65e-06
1.98724e+00 5.66e-06
1.98764e+00 5.67e-06
1.98803e+00 5.68e-06
1.98842e+00 5.69e-06
1.98882e+00 5.70e-06
1.98920e+00 5.72e-06
1.98960e+00 5.73e-06
1.99000e+00 5.74e-06
1.99038e+00 5.75e-06
1.99077e+00 5.76e-06
1.99117e+00 5.77e-06
1.99157e+00 5.78e-06
1.99196e+00 5.79e-06
1.99236e+00 5.81e-06
1.99274e+00 5.82e-06
1.99313e+00 5.83e-06
1.99354e+00 5.84e-06
1.99394e+00 5.85e-06
1.99433e+00 5.86e-06
1.99473e+00 5.87e-06
1.99512e+00 5.89e-06
1.99552e+00 5.90e-06
1.99592e+00 5.91e-06
1.99632e+00 5.92e-06
1.99671e+00 5.93e-06
1.99712e+00 5.95e-06
1.99751e+00 5.96e-06
1.99792e+00 5.97e-06
1.99831e+00 5.98e-06
1.99872e+00 5.99e-06
1.99911e+00 6.01e-06
1.99952e+00 6.02e-06
1.99992e+00 6.03e-06
2.00032e+00 6.04e-06
2.00072e+00 6.05e-06
2.00113e+00 6.07e-06
2.00153e+00 6.08e-06
2.00194e+00 6.09e-06
2.00234e+00 6.10e-06
2.00274e+00 6.12e-06
2.00314e+00 6.13e-06
2.00356e+00 6.14e-06
2.00396e+00 6.15e-06
2.00437e+00 6.17e-06
2.00477e+00 6.18e-06
2.00518e+00 6.19e-06
2.00558e+00 6.20e-06
2.00600e+00 6.22e-06
2.00640e+00 6.23e-06
2.00680e+00 6.24e-06
2.00722e+00 6.26e-06
2.00762e+00 6.27e-06
2.00804e+00 6.28e-06
2.00844e+00 6.30e-06
2.00886e+00 6.31e-06
2.00927e+00 6.32e-06
2.00968e+00 6.34e-06
2.01009e+00 6.35e-06
2.01051e+00 6.36e-06
2.01092e+00 6.38e-06
2.01134e+00 6.39e-06
2.01174e+00 6.40e-06
2.01215e+00 6.42e-06
2.01257e+00 6.43e-06
2.01298e+00 6.44e-06
2.01341e+00 6.46e-06
2.01382e+00 6.47e-06
2.01424e+00 6.49e-06
2.01465e+00 6.50e-06
2.01506e+00 6.51e-06
2.01549e+00 6.53e-06
2.01590e+00 6.54e-06
2.01632e+00 6.56e-06
2.01674e+00 6.57e-06
2.01715e+00 6.58e-06
2.01758e+00 6.60e-06
2.01800e+00 6.61e-06
2.01842e+00 6.63e-06
2.01884e+00 6.64e-06
2.01927e+00 6.66e-06
2.01968e+00 6.67e-06
2.02010e+00 6.68e-06
2.02053e+00 6.70e-06
2.02095e+00 6.71e-06
2.02138e+00 6.73e-06
2.02180e+00 6.74e-06
2.02222e+00 6.76e-06
2.02265e+00 6.77e-06
2.02307e+00 6.79e-06
2.02351e+00 6.80e-06
2.02393e+00 6.82e-06
2.02435e+00 6.83e-06
2.02479e+00 6.85e-06
2.02521e+00 6.86e-06
2.02563e+00 6.88e-06
2.02607e+00 6.90e-06
2.02650e+00 6.91e-06
2.02692e+00 6.93e-06
2.02736e+00 6.94e-06
2.02779e+00 6.96e-06
2.02821e+00 6.97e-06
2.02865e+00 6.99e-06
2.02908e+00 7.01e-06
2.02952e+00 7.02e-06
2.02995e+00 7.04e-06
2.03038e+00 7.05e-06
2.03082e+00 7.07e-06
2.03125e+00 7.09e-06
2.03168e+00 7.10e-06
2.03213e+00 7.12e-06
2.03256e+00 7.13e-06
2.03299e+00 7.15e-06
2.03344e+00 7.17e-06
2.03387e+00 7.18e-06
2.03431e+00 7.20e-06
2.03474e+00 7.22e-06
2.03519e+00 7.23e-06
2.03562e+00 7.25e-06
2.03606e+00 7.27e-06
2.03651e+00 7.28e-06
2.03695e+00 7.30e-06
2.03739e+00 7.32e-06
2.03784e+00 7.34e-06
2.03828e+00 7.35e-06
2.03872e+00 7.37e-06
2.03917e+00 7.39e-06
2.03961e+00 7.40e-06
2.04005e+00 7.42e-06
2.04049e+00 7.44e-06
2.04095e+00 7.46e-06
2.04139e+00 7.48e-06
2.04183e+00 7.49e-06
2.04228e+00 7.51e-06
2.04274e+00 7.53e-06
2.04318e+00 7.55e-06
2.04363e+00 7.57e-06
2.04409e+00 7.58e-06
2.04453e+00 7.60e-06
2.04498e+00 7.62e-06
2.04543e+00 7.64e-06
2.04588e+00 7.66e-06
2.04634e+00 7.68e-06
2.04679e+00 7.69e-06
2.04724e+00 7.71e-06
2.04771e+00 7.73e-06
2.04816e+00 7.75e-06
2.04861e+00 7.77e-06
2.04907e+00 7.79e-06
2.04952e+00 7.81e-06
2.04997e+00 7.83e-06
2.05044e+00 7.85e-06
2.05090e+00 7.87e-06
2.05135e+00 7.89e-06
2.05181e+00 7.91e-06
2.05228e+00 7.92e-06
2.05274e+00 7.94e-06
2.05320e+00 7.96e-06
2.05366e+00 7.98e-06
2.05412e+00 8.00e-06
2.05459e+00 8.02e-06
2.05505e+00 8.04e-06
2.05551e+00 8.06e-06
2.05598e+00 8.09e-06
2.05644e+00 8.11e-06
2.05691e+00 8.13e-06
2.05737e+00 8.15e-06
2.05785e+00 8.17e-06
2.05831e+00 8.19e-06
2.05878e+00 8.21e-06
2.05925e+00 8.23e-06
2.05972e+00 8.25e-06
2.06020e+00 8.27e-06
2.06067e+00 8.29e-06
2.06114e+00 8.32e-06
2.06161e+00 8.34e-06
2.06208e+00 8.36e-06
2.06255e+00 8.38e-06
2.06303e+00 8.40e-06
2.06350e+00 8.42e-06
2.06399e+00 8.45e-06
2.06445e+00 8.47e-06
2.06494e+00 8.49e-06
2.06541e+00 8.51e-06
2.06589e+00 8.53e-06
2.06637e+00 8.56e-06
2.06685e+00 8.58e-06
2.06733e+00 8.60e-06
2.06781e+00 8.62e-06
2.06829e+00 8.65e-06
2.06877e+00 8.67e-06
2.06925e+00 8.69e-06
2.06974e+00 8.72e-06
2.07022e+00 8.74e-06
2.07070e+00 8.76e-06
2.07120e+00 8.79e-06
2.07169e+00 8.81e-06
2.07217e+00 8.83e-06
2.07266e+00 8.86e-06
2.07315e+00 8.88e-06
2.07364e+00 8.91e-06
2.07413e+00 8.93e-06
2.07462e+00 8.96e-06
2.07511e+00 8.98e-06
2.07560e+00 9.00e-06
2.07609e+00 9.03e-06
2.07659e+00 9.05e-06
2.07708e+00 9.08e-06
2.07758e+00 9.10e-06
2.07807e+00 9.13e-06
2.07857e+00 9.15e-06
2.07907e+00 9.18e-06
2.07957e+00 9.21e-06
2.08007e+00 9.23e-06
2.08057e+00 9.26e-06
2.08107e+00 9.28e-06
2.08156e+00 9.31e-06
2.08206e+00 9.33e-06
2.08256e+00 9.36e-06
2.08307e+00 9.39e-06
2.08357e+00 9.41e-06
2.08408e+00 9.44e-06
2.08459e+00 9.47e-06
2.08509e+00 9.49e-06
2.08560e+00 9.52e-06
2.08611e+00 9.55e-06
2.08662e+00 9.58e-06
2.08712e+00 9.60e-06
2.08763e+00 9.63e-06
2.08814e+00 9.66e-06
2.08866e+00 9.69e-06
2.08917e+00 9.72e-06
2.08969e+00 9.74e-06
2.09020e+00 9.77e-06
2.09072e+00 9.80e-06
2.09123e+00 9.83e-06
2.09175e+00 9.86e-06
2.09227e+00 9.89e-06
2.09279e+00 9.92e-06
2.09331e+00 9.95e-06
2.09383e+00 9.97e-06
2.09434e+00 1.00e-05
2.09487e+00 1.00e-05
2.09539e+00 1.01e-05
2.09592e+00 1.01e-05
2.09643e+00 1.01e-05
2.09696e+00 1.02e-05
2.09749e+00 1.02e-05
2.09802e+00 1.02e-05
2.09855e+00 1.02e-05
2.09907e+00 1.03e-05
2.09960e+00 1.03e-05
2.10014e+00 1.03e-05
2.10066e+00 1.04e-05
2.10120e+00 1.04e-05
2.10173e+00 1.04e-05
2.10227e+00 1.05e-05
2.10280e+00 1.05e-05
2.10334e+00 1.05e-05
2.10388e+00 1.06e-05
2.10441e+00 1.06e-05
2.10495e+00 1.06e-05
2.10549e+00 1.07e-05
2.10603e+00 1.07e-05
2.10657e+00 1.07e-05
2.10712e+00 1.08e-05
2.10766e+00 1.08e-05
2.10820e+00 1.08e-05
2.10875e+00 1.09e-05
2.10929e+00 1.09e-05
2.10985e+00 1.09e-05
2.11040e+00 1.10e-05
2.11094e+00 1.10e-05
2.11150e+00 1.10e-05
2.11204e+00 1.11e-05
2.11260e+00 1.11e-05
2.11315e+00 1.11e-05
2.11371e+00 1.12e-05
2.11427e+00 1.12e-05
2.11482e+00 1.13e-05
2.11538e+00 1.13e-05
2.11593e+00 1.13e-05
2.11650e+00 1.14e-05
2.11705e+00 1.14e-05
2.11762e+00 1.14e-05
2.11818e+00 1.15e-05
2.11875e+00 1.15e-05
2.11931e+00 1.16e-05
2.11988e+00 1.16e-05
2.12044e+00 1.16e-05
2.12100e+00 1.17e-05
2.12158e+00 1.17e-05
2.12214e+00 1.17e-05
2.12272e+00 1.18e-05
2.12329e+00 1.18e-05
2.12387e+00 1.19e-05
2.12444e+00 1.19e-05
2.12501e+00 1.19e-05
2.12559e+00 1.20e-05
2.12617e+00 1.20e-05
2.12674e+00 1.21e-05
2.12733e+00 1.21e-05
2.12791e+00 1.22e-05
2.12849e+00 1.22e-05
2.12908e+00 1.22e-05
2.12966e+00 1.23e-05
2.13024e+00 1.23e-05
2.13084e+00 1.24e-05
2.13142e+00 1.24e-05
2.13201e+00 1.25e-05
2.13260e+00 1.25e-05
2.13320e+00 1.25e-05
2.13379e+00 1.26e-05
2.13438e+00 1.26e-05
2.13497e+00 1.27e-05
2.13557e+00 1.27e-05
2.13618e+00 1.28e-05
2.13677e+00 1.28e-05
2.13737e+00 1.29e-05
2.13797e+00 1.29e-05
2.13857e+00 1.30e-05
2.13918e+00 1.30e-05
2.13978e+00 1.30e-05
2.14040e+00 1.31e-05
2.14101e+00 1.31e-05
2.14161e+00 1.32e-05
2.14222e+00 1.32e-05
2.14284e+00 1.33e-05
2.14345e+00 1.33e-05
2.14406e+00 1.34e-05
2.14468e+00 1.34e-05
2.14530e+00 1.35e-05
2.14592e+00 1.35e-05
2.14654e+00 1.36e-05
2.14716e+00 1.36e-05
2.14778e+00 1.37e-05
2.14841e+00 1.37e-05
2.14903e+00 1.38e-05
2.14966e+00 1.38e-05
2.15028e+00 1.39e-05
2.15091e+00 1.40e-05
2.15155e+00 1.40e-05
2.15218e+00 1.41e-05
2.15282e+00 1.41e-05
2.15345e+00 1.42e-05
2.15409e+00 1.42e-05
2.15472e+00 1.43e-05
2.15537e+00 1.43e-05
2.15601e+00 1.44e-05
2.15666e+00 1.44e-05
2.15729e+00 1.45e-05
2.15794e+00 1.46e-05
2.15859e+00 1.46e-05
2.15923e+00 1.47e-05
2.15989e+00 1.47e-05
2.16054e+00 1.48e-05
2.16119e+00 1.49e-05
2.16185e+00 1.49e-05
2.16251e+00 1.50e-05
2.16317e+00 1.50e-05
2.16383e+00 1.51e-05
2.16449e+00 1.52e-05
2.16516e+00 1.52e-05
2.16583e+00 1.53e-05
2.16649e+00 1.54e-05
2.16715e+00 1.54e-05
2.16783e+00 1.55e-05
2.16849e+00 1.55e-05
2.16917e+00 1.56e-05
2.16984e+00 1.57e-05
2.17053e+00 1.57e-05
2.17120e+00 1.58e-05
2.17188e+00 1.59e-05
2.17257e+00 1.59e-05
2.17325e+00 1.60e-05
2.17393e+00 1.61e-05
2.17463e+00 1.61e-05
2.17531e+00 1.62e-05
2.17600e+00 1.63e-05
2.17669e+00 1.64e-05
2.17740e+00 1.64e-05
2.17809e+00 1.65e-05
2.17879e+00 1.66e-05
2.17949e+00 1.66e-05
2.18019e+00 1.67e-05
2.18089e+00 1.68e-05
2.18160e+00 1.69e-05
2.18231e+00 1.69e-05
2.18302e+00 1.70e-05
2.18373e+00 1.71e-05
2.18444e+00 1.72e-05
2.18516e+00 1.73e-05
2.18588e+00 1.73e-05
2.18660e+00 1.74e-05
2.18732e+00 1.75e-05
2.18805e+00 1.76e-05
2.18878e+00 1.76e-05
2.18951e+00 1.77e-05
2.19023e+00 1.78e-05
2.19096e+00 1.79e-05
2.19170e+00 1.80e-05
2.19244e+00 1.81e-05
2.19317e+00 1.81e-05
2.19392e+00 1.82e-05
2.19465e+00 1.83e-05
2.19540e+00 1.84e-05
2.19615e+00 1.85e-05
2.19690e+00 1.86e-05
2.19766e+00 1.87e-05
2.19841e+00 1.88e-05
2.19917e+00 1.89e-05
2.19992e+00 1.90e-05
2.20069e+00 1.90e-05
2.20145e+00 1.91e-05
2.20221e+00 1.92e-05
2.20299e+00 1.93e-05
2.20376e+00 1.94e-05
2.20453e+00 1.95e-05
2.20530e+00 1.96e-05
2.20609e+00 1.97e-05
2.20687e+00 1.98e-05
2.20765e+00 1.99e-05
2.20843e+00 2.00e-05
2.20922e+00 2.01e-05
2.21001e+00 2.02e-05
2.21081e+00 2.03e-05
2.21160e+00 2.04e-05
2.21240e+00 2.05e-05
2.21320e+00 2.07e-05
2.21401e+00 2.08e-05
2.21481e+00 2.09e-05
2.21562e+00 2.10e-05
2.21643e+00 2.11e-05
2.21725e+00 2.12e-05
2.21806e+00 2.13e-05
2.21889e+00 2.14e-05
2.21971e+00 2.16e-05
2.22054e+00 2.17e-05
2.22136e+00 2.18e-05
2.22220e+00 2.19e-05
2.22303e+00 2.20e-05
2.22387e+00 2.22e-05
2.22471e+00 2.23e-05
2.22555e+00 2.24e-05
2.22641e+00 2.25e-05
2.22725e+00 2.27e-05
2.22811e+00 2.28e-05
2.22896e+00 2.29e-05
2.22982e+00 2.30e-05
2.23068e+00 2.32e-05
2.23155e+00 2.33e-05
2.23242e+00 2.35e-05
2.23329e+00 2.36e-05
2.23417e+00 2.37e-05
2.23504e+00 2.39e-05
2.23593e+00 2.40e-05
2.23681e+00 2.42e-05
2.23771e+00 2.43e-05
2.23859e+00 2.44e-05
2.23950e+00 2.46e-05
2.24039e+00 2.47e-05
2.24129e+00 2.49e-05
2.24220e+00 2.50e-05
2.24311e+00 2.52e-05
2.24402e+00 2.54e-05
2.24495e+00 2.55e-05
2.24587e+00 2.57e-05
2.24679e+00 2.58e-05
2.24772e+00 2.60e-05
2.24866e+00 2.62e-05
2.24960e+00 2.63e-05
2.25053e+00 2.65e-05
2.25148e+00 2.67e-05
2.25243e+00 2.69e-05
2.25338e+00 2.70e-05
2.25434e+00 2.72e-05
2.25529e+00 2.74e-05
2.25627e+00 2.76e-05
2.25723e+00 2.78e-05
2.25820e+00 2.79e-05
2.25919e+00 2.81e-05
2.26017e+00 2.83e-05
2.26116e+00 2.85e-05
2.26215e+00 2.87e-05
2.26315e+00 2.89e-05
2.26415e+00 2.91e-05
2.26515e+00 2.93e-05
2.26616e+00 2.95e-05
2.26718e+00 2.97e-05
2.26820e+00 3.00e-05
2.26922e+00 3.02e-05
2.27026e+00 3.04e-05
2.27129e+00 3.06e-05
2.27233e+00 3.08e-05
2.27337e+00 3.11e-05
2.27442e+00 3.13e-05
2.27548e+00 3.15e-05
2.27654e+00 3.18e-05
2.27761e+00 3.20e-05
2.27868e+00 3.23e-05
2.27976e+00 3.25e-05
2.28084e+00 3.28e-05
2.28193e+00 3.30e-05
2.28303e+00 3.33e-05
2.28413e+00 3.35e-05
2.28523e+00 3.38e-05
2.28634e+00 3.41e-05
2.28746e+00 3.44e-05
2.28858e+00 3.46e-05
2.28971e+00 3.49e-05
2.29085e+00 3.52e-05
2.29199e+00 3.55e-05
2.29314e+00 3.58e-05
2.29429e+00 3.61e-05
2.29546e+00 3.64e-05
2.29663e+00 3.67e-05
2.29780e+00 3.70e-05
2.29898e+00 3.74e-05
2.30017e+00 3.77e-05
2.30136e+00 3.80e-05
2.30258e+00 3.84e-05
2.30378e+00 3.87e-05
2.30498e+00 3.90e-05
2.30618e+00 3.94e-05
2.30747e+00 3.98e-05
2.30867e+00 4.01e-05
2.30996e+00 4.05e-05
2.31125e+00 4.09e-05
2.31244e+00 4.13e-05
2.31372e+00 4.17e-05
2.31501e+00 4.21e-05
2.31629e+00 4.25e-05
2.31757e+00 4.29e-05
2.31895e+00 4.33e-05
2.32023e+00 4.38e-05
2.32160e+00 4.42e-05
2.32288e+00 4.47e-05
2.32425e+00 4.51e-05
2.32562e+00 4.56e-05
2.32698e+00 4.61e-05
2.32835e+00 4.65e-05
2.32971e+00 4.70e-05
2.33108e+00 4.76e-05
2.33253e+00 4.81e-05
2.33389e+00 4.86e-05
2.33534e+00 4.91e-05
2.33679e+00 4.97e-05
2.33824e+00 5.03e-05
2.33969e+00 5.08e-05
2.34113e+00 5.14e-05
2.34267e+00 5.20e-05
2.34411e+00 5.26e-05
2.34564e+00 5.33e-05
2.34718e+00 5.39e-05
2.34871e+00 5.46e-05
2.35023e+00 5.52e-05
2.35176e+00 5.59e-05
2.35337e+00 5.66e-05
2.35499e+00 5.74e-05
2.35650e+00 5.81e-05
2.35811e+00 5.89e-05
2.35982e+00 5.96e-05
2.36142e+00 6.04e-05
2.36312e+00 6.13e-05
2.36471e+00 6.21e-05
2.36640e+00 6.30e-05
2.36819e+00 6.39e-05
2.36987e+00 6.48e-05
2.37164e+00 6.57e-05
2.37332e+00 6.67e-05
2.37518e+00 6.77e-05
2.37695e+00 6.87e-05
2.37871e+00 6.97e-05
2.38056e+00 7.08e-05
2.38241e+00 7.19e-05
2.38426e+00 7.31e-05
2.38619e+00 7.43e-05
2.38812e+00 7.55e-05
2.39005e+00 7.68e-05
2.39197e+00 7.81e-05
2.39398e+00 7.94e-05
2.39598e+00 8.08e-05
2.39799e+00 8.23e-05
2.40007e+00 8.38e-05
2.40216e+00 8.53e-05
2.40424e+00 8.69e-05
2.40640e+00 8.86e-05
2.40848e+00 9.03e-05
2.41072e+00 9.21e-05
2.41296e+00 9.40e-05
2.41520e+00 9.59e-05
2.41743e+00 9.80e-05
2.41975e+00 1.00e-04
2.42214e+00 1.02e-04
2.42454e+00 1.05e-04
2.42692e+00 1.07e-04
2.42939e+00 1.09e-04
2.43186e+00 1.12e-04
2.43440e+00 1.15e-04
2.43694e+00 1.18e-04
2.43956e+00 1.21e-04
2.44226e+00 1.24e-04
2.44495e+00 1.27e-04
2.44772e+00 1.31e-04
2.45057e+00 1.35e-04
2.45342e+00 1.38e-04
2.45634e+00 1.43e-04
2.45933e+00 1.47e-04
2.46241e+00 1.52e-04
2.46394e+00 1.54e-04
2.46547e+00 1.57e-04
2.46708e+00 1.59e-04
2.46861e+00 1.62e-04
2.47022e+00 1.65e-04
2.47191e+00 1.68e-04
2.47351e+00 1.71e-04
2.47519e+00 1.74e-04
2.47687e+00 1.77e-04
2.47855e+00 1.80e-04
2.48031e+00 1.84e-04
2.48207e+00 1.88e-04
2.48382e+00 1.91e-04
2.48566e+00 1.95e-04
2.48740e+00 1.99e-04
2.48923e+00 2.03e-04
2.49114e+00 2.08e-04
2.49304e+00 2.12e-04
2.49494e+00 2.17e-04
2.49684e+00 2.22e-04
2.49881e+00 2.27e-04
2.50078e+00 2.33e-04
2.50283e+00 2.38e-04
2.50487e+00 2.44e-04
2.50699e+00 2.51e-04
2.50911e+00 2.57e-04
2.51122e+00 2.64e-04
2.51341e+00 2.72e-04
2.51568e+00 2.80e-04
2.51786e+00 2.88e-04
2.52019e+00 2.96e-04
2.52252e+00 3.06e-04
2.52493e+00 3.15e-04
2.52733e+00 3.26e-04
2.52980e+00 3.37e-04
2.53227e+00 3.49e-04
2.53481e+00 3.61e-04
2.53742e+00 3.75e-04
2.54010e+00 3.89e-04
2.54286e+00 4.05e-04
2.54561e+00 4.22e-04
2.54843e+00 4.41e-04
2.55132e+00 4.61e-04
2.55428e+00 4.82e-04
2.55730e+00 5.06e-04
2.56048e+00 5.33e-04
2.56364e+00 5.62e-04
2.56695e+00 5.94e-04
2.57024e+00 6.29e-04
2.57376e+00 6.69e-04
2.57726e+00 7.15e-04
2.58097e+00 7.66e-04
2.58475e+00 8.24e-04
2.58867e+00 8.91e-04
2.59264e+00 9.70e-04
2.59682e+00 1.06e-03
2.60113e+00 1.17e-03
2.60565e+00 1.30e-03
2.61029e+00 1.46e-03
2.61513e+00 1.67e-03
2.62024e+00 1.92e-03
2.62554e+00 2.26e-03
2.63110e+00 2.71e-03
2.63698e+00 3.36e-03
2.64319e+00 4.31e-03
2.64971e+00 5.85e-03
2.65669e+00 8.56e-03
2.66410e+00 1.42e-02
2.67215e+00 2.94e-02
2.68082e+00 1.05e-01
2.69029e+00 3.75e+01
2.70069e+00 1.06e-01
2.71231e+00 2.29e-02
2.72543e+00 9.19e-03
2.74065e+00 4.92e-03
2.75874e+00 3.33e-03
2.78130e+00 3.06e-03
2.81151e+00 4.94e-03
2.85859e+00 3.78e-01
2.99573e+00 1.10e+00
