# OPACITY Project tables
-2.61515e+00 4.22e+00
-2.27341e+00 1.46e+00
-2.07433e+00 7.90e-01
-1.93351e+00 5.11e-01
-1.82455e+00 3.65e-01
-1.73574e+00 2.78e-01
-1.66078e+00 2.21e-01
-1.59603e+00 1.87e-01
-1.53898e+00 1.54e-01
-1.48802e+00 1.34e-01
-1.44198e+00 1.15e-01
-1.40003e+00 1.01e-01
-1.36148e+00 9.02e-02
-1.32584e+00 8.42e-02
-1.29269e+00 8.18e-02
-1.26174e+00 9.07e-02
-1.23268e+00 9.14e-02
-1.20531e+00 6.68e-02
-1.17944e+00 5.80e-02
-1.15493e+00 5.03e-02
-1.13165e+00 4.62e-02
-1.10945e+00 4.29e-02
-1.08827e+00 4.01e-02
-1.06799e+00 3.78e-02
-1.04857e+00 3.77e-02
-1.02994e+00 3.41e-02
-1.01200e+00 3.21e-02
-9.94739e-01 3.03e-02
-9.78086e-01 2.86e-02
-9.62021e-01 2.80e-02
-9.46492e-01 2.72e-02
-9.31455e-01 2.62e-02
-9.16916e-01 2.51e-02
-9.02807e-01 2.42e-02
-8.89113e-01 2.32e-02
-8.75797e-01 2.23e-02
-8.50292e-01 2.09e-02
-8.38057e-01 2.02e-02
-8.26130e-01 1.96e-02
-8.14502e-01 1.90e-02
-8.03185e-01 1.84e-02
-7.92106e-01 1.82e-02
-7.81301e-01 1.74e-02
-7.70741e-01 1.70e-02
-7.60420e-01 1.66e-02
-7.50331e-01 1.64e-02
-7.40469e-01 1.59e-02
-7.30787e-01 1.56e-02
-7.21320e-01 1.55e-02
-7.12045e-01 1.55e-02
-7.02955e-01 1.56e-02
-6.94048e-01 1.53e-02
-6.85298e-01 1.51e-02
-6.76723e-01 1.48e-02
-6.68298e-01 1.46e-02
-6.60041e-01 1.46e-02
-6.51909e-01 1.46e-02
-6.43938e-01 1.44e-02
-6.36087e-01 1.40e-02
-6.20808e-01 1.32e-02
-6.13357e-01 1.29e-02
-6.06016e-01 1.30e-02
-5.98801e-01 1.26e-02
-5.91692e-01 1.26e-02
-5.84687e-01 1.23e-02
-5.77803e-01 1.19e-02
-5.71018e-01 1.16e-02
-5.64314e-01 1.13e-02
-5.57725e-01 1.11e-02
-5.51231e-01 1.10e-02
-5.44831e-01 1.11e-02
-5.38505e-01 1.15e-02
-5.32288e-01 1.22e-02
-5.26142e-01 1.26e-02
-5.20085e-01 1.34e-02
-5.14098e-01 1.46e-02
-5.08196e-01 1.65e-02
-5.02362e-01 1.93e-02
-4.96610e-01 2.44e-02
-4.90925e-01 3.33e-02
-4.85320e-01 4.60e-02
-4.79779e-01 6.29e-02
-4.74301e-01 9.78e-02
-4.68884e-01 5.27e-02
-4.63545e-01 4.52e-02
-4.58265e-01 3.43e-02
-4.53044e-01 2.89e-02
-4.47882e-01 2.61e-02
-4.42778e-01 2.45e-02
-4.37730e-01 2.23e-02
-4.32739e-01 2.00e-02
-4.27803e-01 1.76e-02
-4.22922e-01 1.56e-02
-4.18095e-01 1.38e-02
-4.13321e-01 1.22e-02
-4.08585e-01 1.11e-02
-4.03901e-01 1.03e-02
-3.99284e-01 1.01e-02
-3.94688e-01 1.02e-02
-3.90158e-01 9.92e-03
-3.85662e-01 9.76e-03
-3.81216e-01 9.94e-03
-3.76819e-01 9.84e-03
-3.72456e-01 9.69e-03
-3.68126e-01 9.46e-03
-3.63858e-01 9.24e-03
-3.59622e-01 8.75e-03
-3.55419e-01 8.38e-03
-3.51261e-01 8.07e-03
-3.47135e-01 7.73e-03
-3.43054e-01 7.46e-03
-3.39003e-01 7.18e-03
-3.34997e-01 6.96e-03
-3.31021e-01 6.76e-03
-3.27088e-01 6.58e-03
-3.23185e-01 6.43e-03
-3.19310e-01 6.29e-03
-3.15464e-01 6.18e-03
-3.11661e-01 6.09e-03
-3.07885e-01 5.95e-03
-3.04150e-01 5.87e-03
-3.00430e-01 5.76e-03
-2.96750e-01 5.67e-03
-2.93097e-01 5.66e-03
-2.89484e-01 5.51e-03
-2.85884e-01 5.45e-03
-2.82323e-01 5.37e-03
-2.78788e-01 5.31e-03
-2.75279e-01 5.24e-03
-2.71796e-01 5.20e-03
-2.68350e-01 5.13e-03
-2.61521e-01 5.02e-03
-2.58149e-01 4.97e-03
-2.54802e-01 4.98e-03
-2.51466e-01 4.86e-03
-2.48167e-01 4.83e-03
-2.44891e-01 4.76e-03
-2.41639e-01 4.72e-03
-2.38409e-01 4.72e-03
-2.35203e-01 4.63e-03
-2.32020e-01 4.62e-03
-2.28860e-01 4.54e-03
-2.25722e-01 4.48e-03
-2.22606e-01 4.50e-03
-2.19513e-01 4.39e-03
-2.16441e-01 4.38e-03
-2.13391e-01 4.29e-03
-2.10363e-01 4.26e-03
-2.07344e-01 4.22e-03
-2.04359e-01 4.19e-03
-2.01382e-01 4.15e-03
-1.98439e-01 4.13e-03
-1.95504e-01 4.09e-03
-1.92590e-01 4.44e-03
-1.89697e-01 4.02e-03
-1.86824e-01 3.98e-03
-1.83971e-01 3.95e-03
-1.81126e-01 4.02e-03
-1.78314e-01 3.93e-03
-1.75509e-01 3.90e-03
-1.72724e-01 3.88e-03
-1.69958e-01 3.90e-03
-1.67200e-01 3.85e-03
-1.64474e-01 3.84e-03
-1.61755e-01 3.80e-03
-1.59054e-01 3.80e-03
-1.56373e-01 3.79e-03
-1.53699e-01 3.82e-03
-1.51044e-01 3.79e-03
-1.48407e-01 3.79e-03
-1.45789e-01 3.80e-03
-1.43189e-01 3.82e-03
-1.40596e-01 3.86e-03
-1.38021e-01 3.96e-03
-1.35453e-01 4.09e-03
-1.32914e-01 4.10e-03
-1.30382e-01 4.21e-03
-1.27867e-01 4.32e-03
-1.25359e-01 4.62e-03
-1.22868e-01 4.58e-03
-1.20395e-01 4.57e-03
-1.17928e-01 4.71e-03
-1.15489e-01 4.93e-03
-1.13057e-01 4.89e-03
-1.10630e-01 4.93e-03
-1.08220e-01 4.94e-03
-1.05827e-01 5.26e-03
-1.03440e-01 5.01e-03
-1.01070e-01 4.77e-03
-9.87160e-02 4.69e-03
-9.63788e-02 4.61e-03
-9.40360e-02 4.56e-03
-9.17206e-02 4.62e-03
-8.94106e-02 4.75e-03
-8.71168e-02 4.93e-03
-8.48283e-02 5.04e-03
-8.25559e-02 5.10e-03
-8.02994e-02 5.13e-03
-7.80480e-02 5.10e-03
-7.58125e-02 5.03e-03
-7.13671e-02 4.81e-03
-6.91679e-02 4.75e-03
-6.69735e-02 4.60e-03
-6.47839e-02 4.46e-03
-6.26097e-02 4.28e-03
-6.04509e-02 4.15e-03
-5.82967e-02 4.03e-03
-5.61577e-02 3.95e-03
-5.40233e-02 4.12e-03
-5.19040e-02 3.73e-03
-4.97997e-02 3.64e-03
-4.76998e-02 3.57e-03
-4.56042e-02 3.53e-03
-4.35236e-02 3.81e-03
-4.14576e-02 3.40e-03
-3.93959e-02 3.34e-03
-3.73385e-02 3.29e-03
-3.52956e-02 3.39e-03
-3.32673e-02 3.24e-03
-3.12430e-02 3.25e-03
-2.92229e-02 3.17e-03
-2.72170e-02 3.11e-03
-2.52255e-02 3.08e-03
-2.32379e-02 3.23e-03
-2.12543e-02 3.04e-03
-1.92848e-02 3.13e-03
-1.73293e-02 2.97e-03
-1.53675e-02 2.96e-03
-1.34298e-02 2.92e-03
-1.14958e-02 2.93e-03
-9.56560e-03 2.87e-03
-7.64918e-03 2.93e-03
-5.73642e-03 2.89e-03
-3.83735e-03 2.80e-03
-1.94188e-03 2.79e-03
-5.00013e-05 2.74e-03
1.79838e-03 2.72e-03
3.69317e-03 2.71e-03
5.58438e-03 2.95e-03
7.37275e-03 2.74e-03
9.25702e-03 2.63e-03
1.11377e-02 2.60e-03
1.29162e-02 2.63e-03
1.47901e-02 2.59e-03
1.65621e-02 2.55e-03
2.01947e-02 2.53e-03
2.19572e-02 2.51e-03
2.38142e-02 2.49e-03
2.55703e-02 2.62e-03
2.73233e-02 2.58e-03
2.90732e-02 2.48e-03
3.08201e-02 2.47e-03
3.43048e-02 2.45e-03
3.60426e-02 2.45e-03
3.77774e-02 2.60e-03
3.95091e-02 2.44e-03
4.12379e-02 2.55e-03
4.29637e-02 2.43e-03
4.46865e-02 2.43e-03
4.64064e-02 2.53e-03
4.80280e-02 2.42e-03
4.97421e-02 2.44e-03
5.14533e-02 2.39e-03
5.30667e-02 2.41e-03
5.47722e-02 2.39e-03
5.64748e-02 2.38e-03
5.80802e-02 2.43e-03
5.97772e-02 2.40e-03
6.29748e-02 2.43e-03
6.46635e-02 2.44e-03
6.62558e-02 2.44e-03
6.78455e-02 2.41e-03
6.95261e-02 2.42e-03
7.11106e-02 2.40e-03
7.26927e-02 2.63e-03
7.42722e-02 2.39e-03
7.58493e-02 2.40e-03
7.74239e-02 2.39e-03
7.90884e-02 2.37e-03
8.06579e-02 2.37e-03
8.22249e-02 2.35e-03
8.52598e-02 2.33e-03
8.68197e-02 2.32e-03
8.99321e-02 2.30e-03
9.30349e-02 2.29e-03
9.44917e-02 2.32e-03
9.60372e-02 2.25e-03
9.75803e-02 2.29e-03
9.90305e-02 2.27e-03
1.00569e-01 2.26e-03
1.02015e-01 2.25e-03
1.03549e-01 2.24e-03
1.05080e-01 2.22e-03
1.06520e-01 2.21e-03
1.07957e-01 2.20e-03
1.10915e-01 2.18e-03
1.12435e-01 2.17e-03
1.15291e-01 2.15e-03
1.16805e-01 2.14e-03
1.18227e-01 2.13e-03
1.19648e-01 2.11e-03
1.22483e-01 2.12e-03
1.23898e-01 2.10e-03
1.25398e-01 2.08e-03
1.28217e-01 2.07e-03
1.31028e-01 2.06e-03
1.33831e-01 2.04e-03
1.35143e-01 2.04e-03
1.36539e-01 2.03e-03
1.37934e-01 2.03e-03
1.39327e-01 2.02e-03
1.40718e-01 2.02e-03
1.42107e-01 2.02e-03
1.43407e-01 2.03e-03
1.44793e-01 2.02e-03
1.46176e-01 2.01e-03
1.47471e-01 2.02e-03
1.48851e-01 2.01e-03
1.51519e-01 2.01e-03
1.54179e-01 2.00e-03
1.56833e-01 2.00e-03
1.59479e-01 1.99e-03
1.60757e-01 1.99e-03
1.62119e-01 2.01e-03
1.63394e-01 1.98e-03
1.64751e-01 1.97e-03
1.66023e-01 1.97e-03
1.67293e-01 1.96e-03
1.68561e-01 1.96e-03
1.71176e-01 1.94e-03
1.72440e-01 1.93e-03
1.73701e-01 1.92e-03
1.74961e-01 1.90e-03
1.77477e-01 1.89e-03
1.78732e-01 1.88e-03
1.80069e-01 1.87e-03
1.81321e-01 1.87e-03
1.82572e-01 1.85e-03
1.83737e-01 1.84e-03
1.84985e-01 1.83e-03
1.86231e-01 1.85e-03
1.87475e-01 1.83e-03
1.88718e-01 1.81e-03
1.89959e-01 1.81e-03
1.91199e-01 1.80e-03
1.93591e-01 1.79e-03
1.94826e-01 1.79e-03
1.96060e-01 1.78e-03
1.98441e-01 1.78e-03
1.99670e-01 1.78e-03
2.06770e-01 1.78e-03
2.07989e-01 1.78e-03
2.09126e-01 1.79e-03
2.10342e-01 1.78e-03
2.11476e-01 1.78e-03
2.12689e-01 1.78e-03
2.13820e-01 1.78e-03
2.15031e-01 1.78e-03
2.17286e-01 1.77e-03
2.18493e-01 1.76e-03
2.19617e-01 1.75e-03
2.20741e-01 1.74e-03
2.21943e-01 1.73e-03
2.23064e-01 1.73e-03
2.24183e-01 1.71e-03
2.26418e-01 1.69e-03
2.28728e-01 1.67e-03
2.30953e-01 1.66e-03
2.32064e-01 1.67e-03
2.33173e-01 1.65e-03
2.34281e-01 1.64e-03
2.35388e-01 1.64e-03
2.36494e-01 1.64e-03
2.37599e-01 1.63e-03
2.38702e-01 1.63e-03
2.39804e-01 1.63e-03
2.40905e-01 1.63e-03
2.42005e-01 1.63e-03
2.44200e-01 1.64e-03
2.45296e-01 1.64e-03
2.47407e-01 1.65e-03
2.48499e-01 1.64e-03
2.49591e-01 1.64e-03
2.50681e-01 1.64e-03
2.52780e-01 1.63e-03
2.54875e-01 1.62e-03
2.57042e-01 1.60e-03
2.58047e-01 1.99e-03
2.59128e-01 1.97e-03
2.60208e-01 1.96e-03
2.61210e-01 1.95e-03
2.62287e-01 1.94e-03
2.63287e-01 1.93e-03
2.64362e-01 1.93e-03
2.65360e-01 1.93e-03
2.66433e-01 1.92e-03
2.68499e-01 1.93e-03
2.69493e-01 1.93e-03
2.70561e-01 1.93e-03
2.71553e-01 1.92e-03
2.72619e-01 1.92e-03
2.73609e-01 2.23e-03
2.75660e-01 2.20e-03
2.76646e-01 2.18e-03
2.77632e-01 2.16e-03
2.78692e-01 2.15e-03
2.79675e-01 2.13e-03
2.80657e-01 2.11e-03
2.82695e-01 2.07e-03
2.83674e-01 2.05e-03
2.84652e-01 2.04e-03
2.85630e-01 2.03e-03
2.86606e-01 2.02e-03
2.87582e-01 2.01e-03
2.88632e-01 2.01e-03
2.89605e-01 2.01e-03
2.91550e-01 2.03e-03
2.92520e-01 2.02e-03
2.93490e-01 2.01e-03
2.94459e-01 1.98e-03
2.95427e-01 1.95e-03
2.96394e-01 1.92e-03
2.97360e-01 1.90e-03
2.98325e-01 1.89e-03
2.99289e-01 1.87e-03
3.01215e-01 1.85e-03
3.02177e-01 1.84e-03
3.03137e-01 1.84e-03
3.04097e-01 1.83e-03
3.04982e-01 1.83e-03
3.05939e-01 1.83e-03
3.06896e-01 1.84e-03
3.07852e-01 1.85e-03
3.08807e-01 1.86e-03
3.10641e-01 1.87e-03
3.11594e-01 1.86e-03
3.12545e-01 1.85e-03
3.13496e-01 1.83e-03
3.14373e-01 1.82e-03
3.15322e-01 1.89e-03
3.16270e-01 1.87e-03
3.17144e-01 1.86e-03
3.18090e-01 1.85e-03
3.19035e-01 1.84e-03
3.19907e-01 1.84e-03
3.20851e-01 1.83e-03
3.21794e-01 1.84e-03
3.22663e-01 1.84e-03
3.23604e-01 1.85e-03
3.25411e-01 1.87e-03
3.26278e-01 1.89e-03
3.28080e-01 1.88e-03
3.29016e-01 1.88e-03
3.29879e-01 1.87e-03
3.30813e-01 1.87e-03
3.31675e-01 1.87e-03
3.32608e-01 1.86e-03
3.33468e-01 1.85e-03
3.34399e-01 1.83e-03
3.35257e-01 1.82e-03
3.36115e-01 1.81e-03
3.37044e-01 1.80e-03
3.37900e-01 1.79e-03
3.38827e-01 1.79e-03
3.39681e-01 1.78e-03
3.40535e-01 1.77e-03
3.41389e-01 1.76e-03
3.42312e-01 1.76e-03
3.43164e-01 1.75e-03
3.44015e-01 1.74e-03
3.45786e-01 1.71e-03
3.46635e-01 1.69e-03
3.47483e-01 1.68e-03
3.48330e-01 1.67e-03
3.49247e-01 1.66e-03
3.50093e-01 1.65e-03
3.50939e-01 1.65e-03
3.51783e-01 1.64e-03
3.52627e-01 1.64e-03
3.53470e-01 1.64e-03
3.54382e-01 1.63e-03
3.56905e-01 1.63e-03
3.57744e-01 1.63e-03
3.58583e-01 1.63e-03
3.59421e-01 1.64e-03
3.60259e-01 1.64e-03
3.61095e-01 1.66e-03
3.61931e-01 1.67e-03
3.62766e-01 1.69e-03
3.63601e-01 1.72e-03
3.64435e-01 1.76e-03
3.65268e-01 1.79e-03
3.66100e-01 1.81e-03
3.66932e-01 1.82e-03
3.67763e-01 1.80e-03
3.68594e-01 1.77e-03
3.69354e-01 1.75e-03
3.70183e-01 1.72e-03
3.71012e-01 1.71e-03
3.71839e-01 1.70e-03
3.72666e-01 1.71e-03
3.73493e-01 1.72e-03
3.74318e-01 1.74e-03
3.75075e-01 1.78e-03
3.75899e-01 1.82e-03
3.76723e-01 1.88e-03
3.77546e-01 1.93e-03
3.78299e-01 1.96e-03
3.79121e-01 1.96e-03
3.79942e-01 1.94e-03
3.80762e-01 1.91e-03
3.81514e-01 1.88e-03
3.82333e-01 1.84e-03
3.83151e-01 1.79e-03
3.83969e-01 1.75e-03
3.84718e-01 1.71e-03
3.85534e-01 1.68e-03
3.86282e-01 1.66e-03
3.87097e-01 1.65e-03
3.87912e-01 1.65e-03
3.88658e-01 1.65e-03
3.89471e-01 1.65e-03
3.90284e-01 1.66e-03
3.91028e-01 1.68e-03
3.92582e-01 1.71e-03
3.93393e-01 1.73e-03
3.94134e-01 1.72e-03
3.94943e-01 1.71e-03
3.96492e-01 1.67e-03
3.97231e-01 1.65e-03
3.98038e-01 1.64e-03
3.98776e-01 1.63e-03
3.99581e-01 1.62e-03
4.00319e-01 1.62e-03
4.01122e-01 1.63e-03
4.01859e-01 1.63e-03
4.02661e-01 1.64e-03
4.03396e-01 1.66e-03
4.04131e-01 1.67e-03
4.04932e-01 1.68e-03
4.05665e-01 1.67e-03
4.06465e-01 1.66e-03
4.07197e-01 1.65e-03
4.07929e-01 1.66e-03
4.08726e-01 1.66e-03
4.09457e-01 1.67e-03
4.10187e-01 1.69e-03
4.10983e-01 1.71e-03
4.11712e-01 1.74e-03
4.12441e-01 1.77e-03
4.13169e-01 1.81e-03
4.13962e-01 1.86e-03
4.14689e-01 1.93e-03
4.15415e-01 2.01e-03
4.16141e-01 2.11e-03
4.16932e-01 2.24e-03
4.17657e-01 2.41e-03
4.18381e-01 2.60e-03
4.19105e-01 2.83e-03
4.19828e-01 3.08e-03
4.20616e-01 3.34e-03
4.21338e-01 3.57e-03
4.22060e-01 3.70e-03
4.22781e-01 3.67e-03
4.23501e-01 3.52e-03
4.24221e-01 3.30e-03
4.25006e-01 3.10e-03
4.25725e-01 2.96e-03
4.26444e-01 2.88e-03
4.27161e-01 2.88e-03
4.27879e-01 2.95e-03
4.28596e-01 3.08e-03
4.29312e-01 3.25e-03
4.30028e-01 3.41e-03
4.30743e-01 3.48e-03
4.31458e-01 3.43e-03
4.32172e-01 3.27e-03
4.32886e-01 3.05e-03
4.33599e-01 2.83e-03
4.34312e-01 2.63e-03
4.35024e-01 2.48e-03
4.35736e-01 2.35e-03
4.36447e-01 2.25e-03
4.37158e-01 2.16e-03
4.37868e-01 2.07e-03
4.38577e-01 2.00e-03
4.39287e-01 1.94e-03
4.39995e-01 1.89e-03
4.40704e-01 1.85e-03
4.41411e-01 1.83e-03
4.42118e-01 1.82e-03
4.42761e-01 1.81e-03
4.43467e-01 1.82e-03
4.44173e-01 1.83e-03
4.44878e-01 1.85e-03
4.45583e-01 1.87e-03
4.46287e-01 1.89e-03
4.46927e-01 1.89e-03
4.47630e-01 1.89e-03
4.48333e-01 1.90e-03
4.49035e-01 1.91e-03
4.49737e-01 1.93e-03
4.50438e-01 1.96e-03
4.51076e-01 2.00e-03
4.51776e-01 2.06e-03
4.52476e-01 2.14e-03
4.53175e-01 2.24e-03
4.53811e-01 2.36e-03
4.54509e-01 2.52e-03
4.55207e-01 2.72e-03
4.55841e-01 2.99e-03
4.56538e-01 3.32e-03
4.57235e-01 3.74e-03
4.57931e-01 4.23e-03
4.58563e-01 4.75e-03
4.59259e-01 5.20e-03
4.59953e-01 5.51e-03
4.60584e-01 5.75e-03
4.61278e-01 6.19e-03
4.61971e-01 7.01e-03
4.62601e-01 7.35e-03
4.63294e-01 6.19e-03
4.63923e-01 4.81e-03
4.64614e-01 3.92e-03
4.65305e-01 3.40e-03
4.65933e-01 3.11e-03
4.66623e-01 2.95e-03
4.67250e-01 2.87e-03
4.67939e-01 2.85e-03
4.68565e-01 2.86e-03
4.69253e-01 2.85e-03
4.69941e-01 2.80e-03
4.70566e-01 2.70e-03
4.71253e-01 2.59e-03
4.71877e-01 2.47e-03
4.72563e-01 2.38e-03
4.73186e-01 2.31e-03
4.73871e-01 2.25e-03
4.74494e-01 2.21e-03
4.75178e-01 2.17e-03
4.75799e-01 2.15e-03
4.76420e-01 2.13e-03
4.77103e-01 2.12e-03
4.77724e-01 2.12e-03
4.78406e-01 2.12e-03
4.79025e-01 2.11e-03
4.81623e-01 2.12e-03
4.82920e-01 2.12e-03
4.84153e-01 2.13e-03
4.85446e-01 2.16e-03
4.86062e-01 2.18e-03
4.86738e-01 2.20e-03
4.87352e-01 2.23e-03
4.87966e-01 2.27e-03
4.88641e-01 2.32e-03
4.89255e-01 2.38e-03
4.89868e-01 2.46e-03
4.90480e-01 2.56e-03
4.91153e-01 2.69e-03
4.91765e-01 2.86e-03
4.92376e-01 3.09e-03
4.93049e-01 3.41e-03
4.93659e-01 3.87e-03
4.94269e-01 4.55e-03
4.94879e-01 5.62e-03
4.95489e-01 7.39e-03
4.96159e-01 1.04e-02
4.96767e-01 1.50e-02
4.97376e-01 1.88e-02
4.97984e-01 1.72e-02
4.98591e-01 1.26e-02
4.99259e-01 9.18e-03
4.99866e-01 7.26e-03
5.00472e-01 6.28e-03
5.01078e-01 5.89e-03
5.01684e-01 5.91e-03
5.02289e-01 6.28e-03
5.02955e-01 7.05e-03
5.03559e-01 8.39e-03
5.04163e-01 1.06e-02
5.04767e-01 1.43e-02
5.05371e-01 2.02e-02
5.05974e-01 2.78e-02
5.06577e-01 3.15e-02
5.07179e-01 2.67e-02
5.07781e-01 1.94e-02
5.08383e-01 1.42e-02
5.09044e-01 1.11e-02
5.09645e-01 9.44e-03
5.10245e-01 8.67e-03
5.10846e-01 8.46e-03
5.11445e-01 8.54e-03
5.12045e-01 8.61e-03
5.12644e-01 8.36e-03
5.13243e-01 7.71e-03
5.14439e-01 5.98e-03
5.15037e-01 5.23e-03
5.15634e-01 4.64e-03
5.16231e-01 4.19e-03
5.16828e-01 3.84e-03
5.17424e-01 3.57e-03
5.18020e-01 3.36e-03
5.18615e-01 3.20e-03
5.19210e-01 3.07e-03
5.19746e-01 2.97e-03
5.20340e-01 2.89e-03
5.20934e-01 2.82e-03
5.21528e-01 2.76e-03
5.22122e-01 2.72e-03
5.22715e-01 2.67e-03
5.23307e-01 2.64e-03
5.23900e-01 2.61e-03
5.25083e-01 2.56e-03
5.25616e-01 2.54e-03
5.26207e-01 2.53e-03
5.26797e-01 2.53e-03
5.27388e-01 2.53e-03
5.27978e-01 2.55e-03
5.28567e-01 2.57e-03
5.29157e-01 2.61e-03
5.29687e-01 2.66e-03
5.30275e-01 2.73e-03
5.30864e-01 2.81e-03
5.32039e-01 2.99e-03
5.32568e-01 3.07e-03
5.33154e-01 3.13e-03
5.33741e-01 3.17e-03
5.34327e-01 3.19e-03
5.34855e-01 3.22e-03
5.35440e-01 3.27e-03
5.36025e-01 3.36e-03
5.36610e-01 3.48e-03
5.37136e-01 3.65e-03
5.37721e-01 3.87e-03
5.38305e-01 4.17e-03
5.38888e-01 4.58e-03
5.39413e-01 5.09e-03
5.39996e-01 5.78e-03
5.40579e-01 6.69e-03
5.41103e-01 7.92e-03
5.41685e-01 9.56e-03
5.42266e-01 1.17e-02
5.42789e-01 1.43e-02
5.43370e-01 1.70e-02
5.43951e-01 1.91e-02
5.44473e-01 1.94e-02
5.45053e-01 1.78e-02
5.45633e-01 1.51e-02
5.46154e-01 1.25e-02
5.46733e-01 1.02e-02
5.47312e-01 8.41e-03
5.47832e-01 7.07e-03
5.48410e-01 6.07e-03
5.48930e-01 5.31e-03
5.49508e-01 4.73e-03
5.50085e-01 4.29e-03
5.50604e-01 3.95e-03
5.51180e-01 3.68e-03
5.51699e-01 3.48e-03
5.52275e-01 3.38e-03
5.52850e-01 3.19e-03
5.53368e-01 3.07e-03
5.53943e-01 2.98e-03
5.54460e-01 2.92e-03
5.55034e-01 2.88e-03
5.55550e-01 2.84e-03
5.56124e-01 2.82e-03
5.56640e-01 2.81e-03
5.57213e-01 2.81e-03
5.57728e-01 2.82e-03
5.58301e-01 2.84e-03
5.58815e-01 2.88e-03
5.59387e-01 2.93e-03
5.59901e-01 3.05e-03
5.60473e-01 3.18e-03
5.60986e-01 3.32e-03
5.61557e-01 3.47e-03
5.62070e-01 3.64e-03
5.62640e-01 3.84e-03
5.63152e-01 4.07e-03
5.63722e-01 4.33e-03
5.64234e-01 4.63e-03
5.64745e-01 5.00e-03
5.65314e-01 5.43e-03
5.65825e-01 5.95e-03
5.66393e-01 6.56e-03
5.66903e-01 7.29e-03
5.67471e-01 8.17e-03
5.67981e-01 9.18e-03
5.68491e-01 1.03e-02
5.69057e-01 1.16e-02
5.69566e-01 1.29e-02
5.70075e-01 1.39e-02
5.70641e-01 1.42e-02
5.71149e-01 1.37e-02
5.71714e-01 1.25e-02
5.72222e-01 1.11e-02
5.72729e-01 9.83e-03
5.73293e-01 8.75e-03
5.73800e-01 7.90e-03
5.74307e-01 7.25e-03
5.74870e-01 6.76e-03
5.75377e-01 6.38e-03
5.75883e-01 6.11e-03
5.76445e-01 5.91e-03
5.76950e-01 5.82e-03
5.77456e-01 5.77e-03
5.77961e-01 5.74e-03
5.78522e-01 5.63e-03
5.79026e-01 5.59e-03
5.79530e-01 5.40e-03
5.80090e-01 5.23e-03
5.80594e-01 5.07e-03
5.81098e-01 4.94e-03
5.81601e-01 4.82e-03
5.82160e-01 4.72e-03
5.82662e-01 4.63e-03
5.83165e-01 4.56e-03
5.83667e-01 4.47e-03
5.84225e-01 4.39e-03
5.84726e-01 4.33e-03
5.85228e-01 4.29e-03
5.85729e-01 4.31e-03
5.86230e-01 4.33e-03
5.87287e-01 4.39e-03
5.87787e-01 4.42e-03
5.88287e-01 4.54e-03
5.88786e-01 4.67e-03
5.89286e-01 4.82e-03
5.89840e-01 4.95e-03
5.90339e-01 5.07e-03
5.90838e-01 5.19e-03
5.91336e-01 5.32e-03
5.92332e-01 5.57e-03
5.92885e-01 5.68e-03
5.93382e-01 5.89e-03
5.93879e-01 6.15e-03
5.94376e-01 6.44e-03
5.94873e-01 6.72e-03
5.95369e-01 6.86e-03
5.95865e-01 7.04e-03
5.96361e-01 7.27e-03
5.96857e-01 7.60e-03
5.97407e-01 8.04e-03
5.97902e-01 8.41e-03
5.98397e-01 8.78e-03
5.98891e-01 9.05e-03
5.99386e-01 9.40e-03
5.99880e-01 9.83e-03
6.00374e-01 1.05e-02
6.00867e-01 1.14e-02
6.01361e-01 1.21e-02
6.01854e-01 1.28e-02
6.02347e-01 1.31e-02
6.02839e-01 1.39e-02
6.03332e-01 1.51e-02
6.03824e-01 1.65e-02
6.04316e-01 1.81e-02
6.04808e-01 2.01e-02
6.05299e-01 2.26e-02
6.05790e-01 2.55e-02
6.06281e-01 2.90e-02
6.06772e-01 3.33e-02
6.07262e-01 3.85e-02
6.07753e-01 4.52e-02
6.08243e-01 5.38e-02
6.08732e-01 6.52e-02
6.09222e-01 8.04e-02
6.09711e-01 1.01e-01
6.10200e-01 1.30e-01
6.10689e-01 1.70e-01
6.11178e-01 2.25e-01
6.11666e-01 2.96e-01
6.12154e-01 3.69e-01
6.12642e-01 4.13e-01
6.13129e-01 3.98e-01
6.13617e-01 3.36e-01
6.14104e-01 2.63e-01
6.14591e-01 2.01e-01
6.15023e-01 1.53e-01
6.15510e-01 1.19e-01
6.15996e-01 9.41e-02
6.16482e-01 7.57e-02
6.16968e-01 6.21e-02
6.17453e-01 5.16e-02
6.17939e-01 4.35e-02
6.18424e-01 3.74e-02
6.18908e-01 3.26e-02
6.19339e-01 2.87e-02
6.19824e-01 2.54e-02
6.20308e-01 2.26e-02
6.20792e-01 2.02e-02
6.21275e-01 1.82e-02
6.21759e-01 1.65e-02
6.22242e-01 1.50e-02
6.22671e-01 1.37e-02
6.23154e-01 1.26e-02
6.23636e-01 1.17e-02
6.24119e-01 1.08e-02
6.24601e-01 1.01e-02
6.25082e-01 9.44e-03
6.25511e-01 8.87e-03
6.25992e-01 8.34e-03
6.26473e-01 7.86e-03
6.26954e-01 7.43e-03
6.27435e-01 7.05e-03
6.27862e-01 6.71e-03
6.28342e-01 6.41e-03
6.28822e-01 6.15e-03
6.29302e-01 5.92e-03
6.29728e-01 5.73e-03
6.30207e-01 5.58e-03
6.30686e-01 5.46e-03
6.31165e-01 5.37e-03
6.31591e-01 5.32e-03
6.32069e-01 5.29e-03
6.32548e-01 5.30e-03
6.33026e-01 5.31e-03
6.33450e-01 5.30e-03
6.33928e-01 5.26e-03
6.34405e-01 5.13e-03
6.34882e-01 4.93e-03
6.35306e-01 4.69e-03
6.35783e-01 4.44e-03
6.36259e-01 4.20e-03
6.36683e-01 3.99e-03
6.37159e-01 3.81e-03
6.37634e-01 3.66e-03
6.38110e-01 3.54e-03
6.38533e-01 3.48e-03
6.39008e-01 3.46e-03
6.39483e-01 3.30e-03
6.39905e-01 3.25e-03
6.40379e-01 3.22e-03
6.40853e-01 3.19e-03
6.41275e-01 3.18e-03
6.41749e-01 3.19e-03
6.42222e-01 3.21e-03
6.42643e-01 3.17e-03
6.43116e-01 3.16e-03
6.43537e-01 3.12e-03
6.44482e-01 3.04e-03
6.44902e-01 3.01e-03
6.45374e-01 2.99e-03
6.45846e-01 3.03e-03
6.46265e-01 3.08e-03
6.46737e-01 3.17e-03
6.47156e-01 3.24e-03
6.47627e-01 3.30e-03
6.48098e-01 3.41e-03
6.48516e-01 3.50e-03
6.48986e-01 3.54e-03
6.49404e-01 3.50e-03
6.49874e-01 3.38e-03
6.50292e-01 3.22e-03
6.51231e-01 2.86e-03
6.51648e-01 2.70e-03
6.52117e-01 2.56e-03
6.52533e-01 2.45e-03
6.53002e-01 2.35e-03
6.53418e-01 2.27e-03
6.53886e-01 2.20e-03
6.54302e-01 2.15e-03
6.54770e-01 2.10e-03
6.55186e-01 2.07e-03
6.55653e-01 2.04e-03
6.56120e-01 2.01e-03
6.56535e-01 1.99e-03
6.57002e-01 1.99e-03
6.57416e-01 1.97e-03
6.57883e-01 1.96e-03
6.58297e-01 1.94e-03
6.58763e-01 1.93e-03
6.59177e-01 1.92e-03
6.59642e-01 1.91e-03
6.60056e-01 1.89e-03
6.60469e-01 1.86e-03
6.60934e-01 1.83e-03
6.61811e-01 1.78e-03
6.62688e-01 1.73e-03
6.63564e-01 1.68e-03
6.63976e-01 1.66e-03
6.64439e-01 1.65e-03
6.64851e-01 1.62e-03
6.65262e-01 1.59e-03
6.65725e-01 1.57e-03
6.66136e-01 1.55e-03
6.66598e-01 1.54e-03
6.67009e-01 1.54e-03
6.67470e-01 1.53e-03
6.67881e-01 1.51e-03
6.68291e-01 1.51e-03
6.68752e-01 1.50e-03
6.69162e-01 1.49e-03
6.69623e-01 1.49e-03
6.70441e-01 1.51e-03
6.70902e-01 1.52e-03
6.71719e-01 1.55e-03
6.72179e-01 1.58e-03
6.72587e-01 1.60e-03
6.73047e-01 1.64e-03
6.73455e-01 1.68e-03
6.74321e-01 1.75e-03
6.75136e-01 1.83e-03
6.75594e-01 1.87e-03
6.76001e-01 1.90e-03
6.76865e-01 1.92e-03
6.77678e-01 1.94e-03
6.78135e-01 1.95e-03
6.78541e-01 1.97e-03
6.78947e-01 1.98e-03
6.79403e-01 2.01e-03
6.79809e-01 2.02e-03
6.80214e-01 2.03e-03
6.80619e-01 2.05e-03
6.81075e-01 2.03e-03
6.81479e-01 2.00e-03
6.81884e-01 1.97e-03
6.82339e-01 1.95e-03
6.82743e-01 1.92e-03
6.83551e-01 1.89e-03
6.84006e-01 1.92e-03
6.84409e-01 1.87e-03
6.84813e-01 1.78e-03
6.85266e-01 1.76e-03
6.85669e-01 1.75e-03
6.86072e-01 1.74e-03
6.86475e-01 1.74e-03
6.86878e-01 1.74e-03
6.87330e-01 1.73e-03
6.87733e-01 1.73e-03
6.88135e-01 1.75e-03
6.88537e-01 1.80e-03
6.88989e-01 1.86e-03
6.89792e-01 1.99e-03
6.90594e-01 2.13e-03
6.91045e-01 2.21e-03
6.91446e-01 2.21e-03
6.91846e-01 2.24e-03
6.92247e-01 2.26e-03
6.92647e-01 2.28e-03
6.93097e-01 2.30e-03
6.93897e-01 2.35e-03
6.94297e-01 2.40e-03
6.94696e-01 2.47e-03
6.95145e-01 2.54e-03
6.95544e-01 2.67e-03
6.95943e-01 2.83e-03
6.96342e-01 3.01e-03
6.96741e-01 3.09e-03
6.97139e-01 3.16e-03
6.97538e-01 3.26e-03
6.97985e-01 3.37e-03
6.98383e-01 3.57e-03
6.98781e-01 3.84e-03
6.99179e-01 4.15e-03
6.99576e-01 4.48e-03
6.99974e-01 4.70e-03
7.00371e-01 4.89e-03
7.00818e-01 5.12e-03
7.01215e-01 5.40e-03
7.01611e-01 5.86e-03
7.02008e-01 6.39e-03
7.02404e-01 7.43e-03
7.02800e-01 8.39e-03
7.03197e-01 8.96e-03
7.03592e-01 9.65e-03
7.03988e-01 1.09e-02
7.04384e-01 1.24e-02
7.04829e-01 1.37e-02
7.05224e-01 1.54e-02
7.05619e-01 1.77e-02
7.06014e-01 2.04e-02
7.06409e-01 2.40e-02
7.06804e-01 2.83e-02
7.07198e-01 3.37e-02
7.07592e-01 3.99e-02
7.07987e-01 4.64e-02
7.08381e-01 5.23e-02
7.08774e-01 5.64e-02
7.09168e-01 5.72e-02
7.09562e-01 5.46e-02
7.09955e-01 4.94e-02
7.10741e-01 3.66e-02
7.11134e-01 3.08e-02
7.11527e-01 2.59e-02
7.11920e-01 2.20e-02
7.12361e-01 1.87e-02
7.12754e-01 1.61e-02
7.13146e-01 1.40e-02
7.13538e-01 1.22e-02
7.13930e-01 1.08e-02
7.14321e-01 9.54e-03
7.14713e-01 8.55e-03
7.15104e-01 7.73e-03
7.15496e-01 7.07e-03
7.15887e-01 6.52e-03
7.16278e-01 6.19e-03
7.16668e-01 5.53e-03
7.17059e-01 5.02e-03
7.17401e-01 4.66e-03
7.17791e-01 4.37e-03
7.18181e-01 4.14e-03
7.18571e-01 3.92e-03
7.18961e-01 3.73e-03
7.19351e-01 3.55e-03
7.20130e-01 3.23e-03
7.20519e-01 3.08e-03
7.20908e-01 2.94e-03
7.21686e-01 2.71e-03
7.22075e-01 2.60e-03
7.22463e-01 2.50e-03
7.22852e-01 2.41e-03
7.23240e-01 2.33e-03
7.23628e-01 2.27e-03
7.24016e-01 2.21e-03
7.24404e-01 2.17e-03
7.24743e-01 2.12e-03
7.25130e-01 2.09e-03
7.25518e-01 2.04e-03
7.25905e-01 2.00e-03
7.26292e-01 1.96e-03
7.26679e-01 1.91e-03
7.27452e-01 1.86e-03
7.27838e-01 1.82e-03
7.28225e-01 1.79e-03
7.28611e-01 1.79e-03
7.28949e-01 1.77e-03
7.29334e-01 1.76e-03
7.29720e-01 1.76e-03
7.30106e-01 1.75e-03
7.30491e-01 1.76e-03
7.30876e-01 1.78e-03
7.31262e-01 1.79e-03
7.31598e-01 1.76e-03
7.31983e-01 1.71e-03
7.32368e-01 1.68e-03
7.32752e-01 1.63e-03
7.33137e-01 1.59e-03
7.33521e-01 1.56e-03
7.33905e-01 1.52e-03
7.34241e-01 1.49e-03
7.34625e-01 1.47e-03
7.35009e-01 1.45e-03
7.35392e-01 1.48e-03
7.35776e-01 1.44e-03
7.36159e-01 1.42e-03
7.36494e-01 1.41e-03
7.36877e-01 1.40e-03
7.37642e-01 1.39e-03
7.38025e-01 1.38e-03
7.38360e-01 1.38e-03
7.38742e-01 1.38e-03
7.39506e-01 1.39e-03
7.39888e-01 1.42e-03
7.40222e-01 1.42e-03
7.40603e-01 1.42e-03
7.40985e-01 1.43e-03
7.41366e-01 1.45e-03
7.42080e-01 1.49e-03
7.42461e-01 1.52e-03
7.42842e-01 1.54e-03
7.43222e-01 1.56e-03
7.43603e-01 1.58e-03
7.43935e-01 1.58e-03
7.44695e-01 1.56e-03
7.45408e-01 1.54e-03
7.45787e-01 1.53e-03
7.46166e-01 1.52e-03
7.46546e-01 1.51e-03
7.46878e-01 1.51e-03
7.47257e-01 1.50e-03
7.47635e-01 1.50e-03
7.47967e-01 1.51e-03
7.48345e-01 1.51e-03
7.48724e-01 1.51e-03
7.49102e-01 1.52e-03
7.49811e-01 1.53e-03
7.50189e-01 1.58e-03
7.50567e-01 1.56e-03
7.50897e-01 1.54e-03
7.51275e-01 1.54e-03
7.51652e-01 1.55e-03
7.51982e-01 1.54e-03
7.52359e-01 1.53e-03
7.52736e-01 1.52e-03
7.53066e-01 1.51e-03
7.53442e-01 1.51e-03
7.53819e-01 1.50e-03
7.54148e-01 1.47e-03
7.54901e-01 1.45e-03
7.55605e-01 1.42e-03
7.55981e-01 1.41e-03
7.56357e-01 1.40e-03
7.56685e-01 1.39e-03
7.57061e-01 1.38e-03
7.57436e-01 1.38e-03
7.57764e-01 1.37e-03
7.58139e-01 1.37e-03
7.58467e-01 1.41e-03
7.58841e-01 1.45e-03
7.59216e-01 1.42e-03
7.59543e-01 1.40e-03
7.60292e-01 1.39e-03
7.60619e-01 1.38e-03
7.60993e-01 1.39e-03
7.61366e-01 1.42e-03
7.61693e-01 1.43e-03
7.62067e-01 1.46e-03
7.62393e-01 1.50e-03
7.62767e-01 1.48e-03
7.63140e-01 1.50e-03
7.63466e-01 1.53e-03
7.63839e-01 1.57e-03
7.64211e-01 1.61e-03
7.64537e-01 1.65e-03
7.64910e-01 1.71e-03
7.65235e-01 1.77e-03
7.65607e-01 1.84e-03
7.65979e-01 1.92e-03
7.66305e-01 2.01e-03
7.66676e-01 2.11e-03
7.67002e-01 2.23e-03
7.67373e-01 2.42e-03
7.67698e-01 2.52e-03
7.68069e-01 2.57e-03
7.68440e-01 2.68e-03
7.68765e-01 2.78e-03
7.69136e-01 2.85e-03
7.69460e-01 2.88e-03
7.69830e-01 2.87e-03
7.70155e-01 2.83e-03
7.70525e-01 2.75e-03
7.70895e-01 2.66e-03
7.71219e-01 2.54e-03
7.71912e-01 2.30e-03
7.72282e-01 2.19e-03
7.72605e-01 2.08e-03
7.72974e-01 1.99e-03
7.73298e-01 1.92e-03
7.73667e-01 1.85e-03
7.73990e-01 1.76e-03
7.74358e-01 1.71e-03
7.74681e-01 1.68e-03
7.75050e-01 1.64e-03
7.75418e-01 1.59e-03
7.75740e-01 1.55e-03
7.76109e-01 1.49e-03
7.76431e-01 1.45e-03
7.76799e-01 1.41e-03
7.77121e-01 1.38e-03
7.77488e-01 1.35e-03
7.77810e-01 1.32e-03
7.78177e-01 1.30e-03
7.78499e-01 1.27e-03
7.78866e-01 1.25e-03
7.79187e-01 1.23e-03
7.79554e-01 1.21e-03
7.79875e-01 1.26e-03
7.80242e-01 1.21e-03
7.80563e-01 1.18e-03
7.80929e-01 1.17e-03
7.81250e-01 1.16e-03
7.81570e-01 1.15e-03
7.81936e-01 1.14e-03
7.82256e-01 1.13e-03
7.82622e-01 1.12e-03
7.83308e-01 1.10e-03
7.83628e-01 1.10e-03
7.83993e-01 1.09e-03
7.84677e-01 1.08e-03
7.84997e-01 1.07e-03
7.85362e-01 1.07e-03
7.86000e-01 1.06e-03
7.86364e-01 1.12e-03
7.86683e-01 1.08e-03
7.87047e-01 1.05e-03
7.87366e-01 1.04e-03
7.87730e-01 1.12e-03
7.88048e-01 1.10e-03
7.88366e-01 1.05e-03
7.88730e-01 1.06e-03
7.89048e-01 1.04e-03
7.89729e-01 1.04e-03
7.90092e-01 1.04e-03
7.90728e-01 1.05e-03
7.91090e-01 1.06e-03
7.91770e-01 1.06e-03
7.92087e-01 1.06e-03
7.92404e-01 1.06e-03
7.93083e-01 1.07e-03
7.93445e-01 1.08e-03
7.93761e-01 1.09e-03
7.94078e-01 1.10e-03
7.94756e-01 1.11e-03
7.95117e-01 1.12e-03
7.95433e-01 1.13e-03
7.96110e-01 1.16e-03
7.96426e-01 1.17e-03
7.96741e-01 1.19e-03
7.97102e-01 1.27e-03
7.97417e-01 1.33e-03
7.97732e-01 1.25e-03
7.98093e-01 1.27e-03
7.98408e-01 1.29e-03
7.98768e-01 1.31e-03
7.99083e-01 1.33e-03
7.99397e-01 1.36e-03
7.99757e-01 1.38e-03
8.00071e-01 1.41e-03
8.00386e-01 1.44e-03
8.00745e-01 1.47e-03
8.01059e-01 1.51e-03
8.01732e-01 1.56e-03
8.02046e-01 1.57e-03
8.02360e-01 1.60e-03
8.02719e-01 1.62e-03
8.03032e-01 1.65e-03
8.03346e-01 1.67e-03
8.03704e-01 1.68e-03
8.04017e-01 1.68e-03
8.04331e-01 1.69e-03
8.04644e-01 1.69e-03
8.05002e-01 1.68e-03
8.05314e-01 1.67e-03
8.05627e-01 1.67e-03
8.05985e-01 1.66e-03
8.06297e-01 1.62e-03
8.06610e-01 1.60e-03
8.06967e-01 1.58e-03
8.07279e-01 1.55e-03
8.07591e-01 1.53e-03
8.07903e-01 1.50e-03
8.08260e-01 1.49e-03
8.08572e-01 1.50e-03
8.08884e-01 1.43e-03
8.09551e-01 1.38e-03
8.09863e-01 1.35e-03
8.10174e-01 1.33e-03
8.10530e-01 1.31e-03
8.10841e-01 1.29e-03
8.11152e-01 1.28e-03
8.11463e-01 1.26e-03
8.11819e-01 1.30e-03
8.12129e-01 1.26e-03
8.12440e-01 1.21e-03
8.12751e-01 1.20e-03
8.13106e-01 1.19e-03
8.13416e-01 1.18e-03
8.14036e-01 1.16e-03
8.14391e-01 1.16e-03
8.14701e-01 1.17e-03
8.15011e-01 1.16e-03
8.15321e-01 1.15e-03
8.15674e-01 1.14e-03
8.15984e-01 1.14e-03
8.16294e-01 1.14e-03
8.16603e-01 1.23e-03
8.16956e-01 1.19e-03
8.17266e-01 1.15e-03
8.17575e-01 1.19e-03
8.17884e-01 1.24e-03
8.18193e-01 1.19e-03
8.18546e-01 1.20e-03
8.18854e-01 1.18e-03
8.19163e-01 1.16e-03
8.19471e-01 1.15e-03
8.19824e-01 1.13e-03
8.20440e-01 1.10e-03
8.20749e-01 1.09e-03
8.21364e-01 1.05e-03
8.21716e-01 1.05e-03
8.22024e-01 1.03e-03
8.22332e-01 1.03e-03
8.22639e-01 1.03e-03
8.22947e-01 1.04e-03
8.23298e-01 1.04e-03
8.23605e-01 1.04e-03
8.23912e-01 1.04e-03
8.24219e-01 1.04e-03
8.24833e-01 1.03e-03
8.25184e-01 1.04e-03
8.25490e-01 1.04e-03
8.25797e-01 1.02e-03
8.26103e-01 1.01e-03
8.26410e-01 1.01e-03
8.26716e-01 9.99e-04
8.27066e-01 1.04e-03
8.27372e-01 1.07e-03
8.27678e-01 1.00e-03
8.28290e-01 1.01e-03
8.28945e-01 1.02e-03
8.29556e-01 1.03e-03
8.29861e-01 1.02e-03
8.30471e-01 1.01e-03
8.31081e-01 9.95e-04
8.31735e-01 9.79e-04
8.32344e-01 9.64e-04
8.32648e-01 9.66e-04
8.32953e-01 9.69e-04
8.33257e-01 9.62e-04
8.34213e-01 9.63e-04
8.34820e-01 9.65e-04
8.35124e-01 9.66e-04
8.35428e-01 9.70e-04
8.35731e-01 9.71e-04
8.36035e-01 9.69e-04
8.36338e-01 9.77e-04
8.36641e-01 9.78e-04
8.36988e-01 9.83e-04
8.37291e-01 1.00e-03
8.37897e-01 1.01e-03
8.38199e-01 1.00e-03
8.38502e-01 1.01e-03
8.38805e-01 1.02e-03
8.39107e-01 1.03e-03
8.39410e-01 1.00e-03
8.39712e-01 1.00e-03
8.40014e-01 1.01e-03
8.40618e-01 1.05e-03
8.40964e-01 1.08e-03
8.41265e-01 1.10e-03
8.41567e-01 1.12e-03
8.42170e-01 1.16e-03
8.42472e-01 1.18e-03
8.42773e-01 1.20e-03
8.43376e-01 1.16e-03
8.43978e-01 1.13e-03
8.44279e-01 1.12e-03
8.44580e-01 1.12e-03
8.44881e-01 1.12e-03
8.45181e-01 1.11e-03
8.45482e-01 1.11e-03
8.46083e-01 1.13e-03
8.46683e-01 1.14e-03
8.46984e-01 1.22e-03
8.47284e-01 1.32e-03
8.47584e-01 1.43e-03
8.47883e-01 1.54e-03
8.48226e-01 1.64e-03
8.48526e-01 1.73e-03
8.48825e-01 1.82e-03
8.49424e-01 2.00e-03
8.49723e-01 1.95e-03
8.50023e-01 1.85e-03
8.50322e-01 1.82e-03
8.50621e-01 1.86e-03
8.50920e-01 1.92e-03
8.51219e-01 2.02e-03
8.51518e-01 2.11e-03
8.52115e-01 1.49e-03
8.52413e-01 1.44e-03
8.52712e-01 1.48e-03
8.53010e-01 1.53e-03
8.53308e-01 1.58e-03
8.53606e-01 1.69e-03
8.54160e-01 1.54e-03
8.54458e-01 1.47e-03
8.54756e-01 1.43e-03
8.55053e-01 1.39e-03
8.55351e-01 1.36e-03
8.55649e-01 1.32e-03
8.55946e-01 1.28e-03
8.56243e-01 1.25e-03
8.56838e-01 1.26e-03
8.57135e-01 1.27e-03
8.57432e-01 1.27e-03
8.57729e-01 1.27e-03
8.58026e-01 1.26e-03
8.58323e-01 1.25e-03
8.58619e-01 1.25e-03
8.58916e-01 1.26e-03
8.59509e-01 1.31e-03
8.59805e-01 1.34e-03
8.60101e-01 1.37e-03
8.60693e-01 1.44e-03
8.61243e-01 1.51e-03
8.61539e-01 1.54e-03
8.62130e-01 1.49e-03
8.62426e-01 1.47e-03
8.62721e-01 1.45e-03
8.63017e-01 1.43e-03
8.63607e-01 1.38e-03
8.64197e-01 1.34e-03
8.64492e-01 1.35e-03
8.64745e-01 1.35e-03
8.65040e-01 1.36e-03
8.65334e-01 1.37e-03
8.65629e-01 1.38e-03
8.65923e-01 1.39e-03
8.66218e-01 1.40e-03
8.66806e-01 1.42e-03
8.67395e-01 1.44e-03
8.67689e-01 1.45e-03
8.68234e-01 1.48e-03
8.68822e-01 1.50e-03
8.69409e-01 1.52e-03
8.69995e-01 1.55e-03
8.70289e-01 1.56e-03
8.70833e-01 1.59e-03
8.71126e-01 1.61e-03
8.71419e-01 1.63e-03
8.71712e-01 1.65e-03
8.72004e-01 1.66e-03
8.72297e-01 1.70e-03
8.72548e-01 1.76e-03
8.72840e-01 1.70e-03
8.73425e-01 1.73e-03
8.74009e-01 1.77e-03
8.74552e-01 1.81e-03
8.74844e-01 1.83e-03
8.75427e-01 1.87e-03
8.76010e-01 1.92e-03
8.76551e-01 1.96e-03
8.76843e-01 1.98e-03
8.77425e-01 2.02e-03
8.78007e-01 2.11e-03
8.78257e-01 2.13e-03
8.78547e-01 2.13e-03
8.78838e-01 2.15e-03
8.79419e-01 2.20e-03
8.79710e-01 2.23e-03
8.79959e-01 2.27e-03
8.80249e-01 2.33e-03
8.80539e-01 2.34e-03
8.80829e-01 2.36e-03
8.81119e-01 2.40e-03
8.81368e-01 2.43e-03
8.81658e-01 2.48e-03
8.81948e-01 2.52e-03
8.82237e-01 2.97e-03
8.82527e-01 2.77e-03
8.82775e-01 2.67e-03
8.83065e-01 2.71e-03
8.83354e-01 2.75e-03
8.83644e-01 2.80e-03
8.83933e-01 2.85e-03
8.84181e-01 2.91e-03
8.84470e-01 2.96e-03
8.85048e-01 3.08e-03
8.85337e-01 3.14e-03
8.85873e-01 3.27e-03
8.86161e-01 3.34e-03
8.86450e-01 3.41e-03
8.86985e-01 3.56e-03
8.87562e-01 3.71e-03
8.87850e-01 3.78e-03
8.88097e-01 4.12e-03
8.88385e-01 4.03e-03
8.88673e-01 4.02e-03
8.89248e-01 4.18e-03
8.89782e-01 4.35e-03
8.90357e-01 4.52e-03
8.90891e-01 4.70e-03
8.91178e-01 4.79e-03
8.91465e-01 4.88e-03
8.91711e-01 4.98e-03
8.91998e-01 5.09e-03
8.92285e-01 5.20e-03
8.92572e-01 5.31e-03
8.92817e-01 5.44e-03
8.93104e-01 5.57e-03
8.93391e-01 5.71e-03
8.93677e-01 5.86e-03
8.93922e-01 6.02e-03
8.94209e-01 6.20e-03
8.94495e-01 6.39e-03
8.94781e-01 6.60e-03
8.95026e-01 6.82e-03
8.95312e-01 7.06e-03
8.95598e-01 7.32e-03
8.95843e-01 7.60e-03
8.96129e-01 7.91e-03
8.96415e-01 8.22e-03
8.96700e-01 8.57e-03
8.96945e-01 8.95e-03
8.97230e-01 9.36e-03
8.97516e-01 9.80e-03
8.97760e-01 1.03e-02
8.98330e-01 1.13e-02
8.98615e-01 1.19e-02
8.99145e-01 1.31e-02
8.99429e-01 1.38e-02
8.99673e-01 1.44e-02
8.99958e-01 1.51e-02
9.00243e-01 1.58e-02
9.00771e-01 1.73e-02
9.01055e-01 1.80e-02
9.01340e-01 1.87e-02
9.01583e-01 1.95e-02
9.01867e-01 2.04e-02
9.02151e-01 2.05e-02
9.02395e-01 2.10e-02
9.02679e-01 2.13e-02
9.02962e-01 2.15e-02
9.03205e-01 2.17e-02
9.03489e-01 2.17e-02
9.03773e-01 2.16e-02
9.04056e-01 2.14e-02
9.04299e-01 2.12e-02
9.04582e-01 2.09e-02
9.04866e-01 2.01e-02
9.05108e-01 1.92e-02
9.05392e-01 1.83e-02
9.05675e-01 1.76e-02
9.06200e-01 1.61e-02
9.06483e-01 1.53e-02
9.06725e-01 1.46e-02
9.07008e-01 1.39e-02
9.07290e-01 1.32e-02
9.07532e-01 1.26e-02
9.07815e-01 1.19e-02
9.08097e-01 1.14e-02
9.08339e-01 1.08e-02
9.08621e-01 1.03e-02
9.08904e-01 9.83e-03
9.09145e-01 9.40e-03
9.09427e-01 9.00e-03
9.09669e-01 8.62e-03
9.09951e-01 8.27e-03
9.10232e-01 7.94e-03
9.10474e-01 7.64e-03
9.10755e-01 7.36e-03
9.11037e-01 7.09e-03
9.11278e-01 6.79e-03
9.11560e-01 6.51e-03
9.11841e-01 6.25e-03
9.12082e-01 6.00e-03
9.12363e-01 5.76e-03
9.12644e-01 5.54e-03
9.12885e-01 5.32e-03
9.13166e-01 5.14e-03
9.13407e-01 4.97e-03
9.13687e-01 4.75e-03
9.13968e-01 4.58e-03
9.14209e-01 4.43e-03
9.14489e-01 4.31e-03
9.14770e-01 4.20e-03
9.15010e-01 4.36e-03
9.15290e-01 4.07e-03
9.15530e-01 3.83e-03
9.15811e-01 3.73e-03
9.16091e-01 3.64e-03
9.16331e-01 3.66e-03
9.16611e-01 3.68e-03
9.16851e-01 3.58e-03
9.17130e-01 3.39e-03
9.17410e-01 3.23e-03
9.17650e-01 3.16e-03
9.17929e-01 3.09e-03
9.18169e-01 3.03e-03
9.18448e-01 2.96e-03
9.18728e-01 2.91e-03
9.18967e-01 2.85e-03
9.19246e-01 2.79e-03
9.19486e-01 2.74e-03
9.19765e-01 2.69e-03
9.20044e-01 2.65e-03
9.20283e-01 2.61e-03
9.20801e-01 2.56e-03
9.21079e-01 2.54e-03
9.21358e-01 2.67e-03
9.21597e-01 2.82e-03
9.21875e-01 2.98e-03
9.22114e-01 3.15e-03
9.22392e-01 3.30e-03
9.22909e-01 2.53e-03
9.23187e-01 2.38e-03
9.23425e-01 2.30e-03
9.23703e-01 2.21e-03
9.24219e-01 2.10e-03
9.24457e-01 2.31e-03
9.24735e-01 2.15e-03
9.25013e-01 2.04e-03
9.25528e-01 2.01e-03
9.26043e-01 1.96e-03
9.26281e-01 1.93e-03
9.26558e-01 1.91e-03
9.26835e-01 1.89e-03
9.27349e-01 1.92e-03
9.27864e-01 1.96e-03
9.28101e-01 1.95e-03
9.28614e-01 1.81e-03
9.29128e-01 1.78e-03
9.29404e-01 1.77e-03
9.29681e-01 1.75e-03
9.29917e-01 1.75e-03
9.30430e-01 1.80e-03
9.30706e-01 1.77e-03
9.30943e-01 1.72e-03
9.31219e-01 1.68e-03
9.31731e-01 1.67e-03
9.31967e-01 1.65e-03
9.32243e-01 1.64e-03
9.32479e-01 1.64e-03
9.32754e-01 1.63e-03
9.32991e-01 1.66e-03
9.33541e-01 1.84e-03
9.33777e-01 2.01e-03
9.34052e-01 2.21e-03
9.34288e-01 2.30e-03
9.34798e-01 1.78e-03
9.35073e-01 1.67e-03
9.35309e-01 1.65e-03
9.35583e-01 1.62e-03
9.36093e-01 1.57e-03
9.36603e-01 1.55e-03
9.36838e-01 1.55e-03
9.37112e-01 1.53e-03
9.37347e-01 1.52e-03
9.37857e-01 1.51e-03
9.38130e-01 1.50e-03
9.38365e-01 1.50e-03
9.38639e-01 1.51e-03
9.39148e-01 1.49e-03
9.39382e-01 1.47e-03
9.39656e-01 1.46e-03
9.39890e-01 1.45e-03
9.40398e-01 1.46e-03
9.40671e-01 1.43e-03
9.40905e-01 1.43e-03
9.41139e-01 1.44e-03
9.41647e-01 1.47e-03
9.42153e-01 1.51e-03
9.42426e-01 1.51e-03
9.42933e-01 1.48e-03
9.43439e-01 1.44e-03
9.43672e-01 1.44e-03
9.43945e-01 1.44e-03
9.44178e-01 1.45e-03
9.44684e-01 1.47e-03
9.44956e-01 1.45e-03
9.45189e-01 1.46e-03
9.45422e-01 1.50e-03
9.45927e-01 1.65e-03
9.46199e-01 1.74e-03
9.46432e-01 1.82e-03
9.46704e-01 1.83e-03
9.46936e-01 1.77e-03
9.47208e-01 1.71e-03
9.47712e-01 1.54e-03
9.47944e-01 1.51e-03
9.48177e-01 1.52e-03
9.48448e-01 1.47e-03
9.48952e-01 1.47e-03
9.49184e-01 1.47e-03
9.49455e-01 1.48e-03
9.49687e-01 1.48e-03
9.50190e-01 1.50e-03
9.50422e-01 1.61e-03
9.50692e-01 1.62e-03
9.50924e-01 1.77e-03
9.51426e-01 2.48e-03
9.51696e-01 2.54e-03
9.51928e-01 1.99e-03
9.52160e-01 1.71e-03
9.52430e-01 1.72e-03
9.52661e-01 2.29e-03
9.53163e-01 1.69e-03
9.53394e-01 1.52e-03
9.53664e-01 1.52e-03
9.53895e-01 1.51e-03
9.54395e-01 1.54e-03
9.54665e-01 1.56e-03
9.54896e-01 1.58e-03
9.55127e-01 1.60e-03
9.55627e-01 1.58e-03
9.55896e-01 1.56e-03
9.56127e-01 1.55e-03
9.56357e-01 1.55e-03
9.56857e-01 1.62e-03
9.57356e-01 1.70e-03
9.57586e-01 1.72e-03
9.58085e-01 1.67e-03
9.58584e-01 1.62e-03
9.58814e-01 1.60e-03
9.59312e-01 1.62e-03
9.59810e-01 1.64e-03
9.60040e-01 1.66e-03
9.60537e-01 1.69e-03
9.61035e-01 1.71e-03
9.61264e-01 1.72e-03
9.61761e-01 1.75e-03
9.62258e-01 1.77e-03
9.62716e-01 1.79e-03
9.63212e-01 1.81e-03
9.63480e-01 1.82e-03
9.63709e-01 1.90e-03
9.63937e-01 1.89e-03
9.64204e-01 1.87e-03
9.64662e-01 1.89e-03
9.64929e-01 1.96e-03
9.65157e-01 2.04e-03
9.65386e-01 2.00e-03
9.65881e-01 2.00e-03
9.66147e-01 2.00e-03
9.66375e-01 2.02e-03
9.66604e-01 2.04e-03
9.67098e-01 2.08e-03
9.67326e-01 2.12e-03
9.67592e-01 2.17e-03
9.67820e-01 2.25e-03
9.68314e-01 2.27e-03
9.68542e-01 2.29e-03
9.68769e-01 2.32e-03
9.69035e-01 2.36e-03
9.69263e-01 2.44e-03
9.69490e-01 2.52e-03
9.69756e-01 2.71e-03
9.69983e-01 2.93e-03
9.70211e-01 2.59e-03
9.70476e-01 2.61e-03
9.70703e-01 2.62e-03
9.70930e-01 2.65e-03
9.71195e-01 2.71e-03
9.71423e-01 2.76e-03
9.71650e-01 2.84e-03
9.71915e-01 2.92e-03
9.72142e-01 2.97e-03
9.72369e-01 3.01e-03
9.72633e-01 3.06e-03
9.72860e-01 3.11e-03
9.73087e-01 3.17e-03
9.73351e-01 3.26e-03
9.73578e-01 3.37e-03
9.73805e-01 3.51e-03
9.74069e-01 3.61e-03
9.74295e-01 3.72e-03
9.74522e-01 3.68e-03
9.74786e-01 3.77e-03
9.75012e-01 3.92e-03
9.75239e-01 4.02e-03
9.75503e-01 4.13e-03
9.75729e-01 4.25e-03
9.75955e-01 4.37e-03
9.76181e-01 4.50e-03
9.76445e-01 4.63e-03
9.76671e-01 4.77e-03
9.76897e-01 4.91e-03
9.77386e-01 5.20e-03
9.77875e-01 5.48e-03
9.78101e-01 5.62e-03
9.78326e-01 5.75e-03
9.78552e-01 5.87e-03
9.78815e-01 6.00e-03
9.79040e-01 6.11e-03
9.79266e-01 6.22e-03
9.79528e-01 6.31e-03
9.79754e-01 6.39e-03
9.79979e-01 6.44e-03
9.80242e-01 6.48e-03
9.80467e-01 6.49e-03
9.80692e-01 6.49e-03
9.81179e-01 6.45e-03
9.81404e-01 6.41e-03
9.81629e-01 6.33e-03
9.81891e-01 6.25e-03
9.82116e-01 6.16e-03
9.82341e-01 6.05e-03
9.82565e-01 5.92e-03
9.82827e-01 5.83e-03
9.83052e-01 5.67e-03
9.83276e-01 5.51e-03
9.83762e-01 5.23e-03
9.83987e-01 5.09e-03
9.84211e-01 4.96e-03
9.84473e-01 4.83e-03
9.84697e-01 4.70e-03
9.84921e-01 4.58e-03
9.85145e-01 4.46e-03
9.85406e-01 4.35e-03
9.85854e-01 4.14e-03
9.86078e-01 4.03e-03
9.86339e-01 3.94e-03
9.86563e-01 3.85e-03
9.86786e-01 3.76e-03
9.87010e-01 3.70e-03
9.87271e-01 3.63e-03
9.87494e-01 3.57e-03
9.87718e-01 3.49e-03
9.87941e-01 3.42e-03
9.88202e-01 3.36e-03
9.88425e-01 3.29e-03
9.88649e-01 3.26e-03
9.88872e-01 3.25e-03
9.89132e-01 3.25e-03
9.89355e-01 3.17e-03
9.89578e-01 3.09e-03
9.89801e-01 3.02e-03
9.90062e-01 2.99e-03
9.90284e-01 2.95e-03
9.90507e-01 2.94e-03
9.90730e-01 2.90e-03
9.90990e-01 2.91e-03
9.91435e-01 3.10e-03
9.91658e-01 3.07e-03
9.91918e-01 2.90e-03
9.92140e-01 2.76e-03
9.92585e-01 2.70e-03
9.92844e-01 2.78e-03
9.93067e-01 2.75e-03
9.93289e-01 2.74e-03
9.93733e-01 2.77e-03
9.93992e-01 2.75e-03
9.94214e-01 2.71e-03
9.94436e-01 2.67e-03
9.94917e-01 2.65e-03
9.95139e-01 2.64e-03
9.95361e-01 2.63e-03
9.95582e-01 2.61e-03
9.96063e-01 2.64e-03
9.96284e-01 2.65e-03
9.96727e-01 2.64e-03
9.97207e-01 2.68e-03
9.97428e-01 2.66e-03
9.97871e-01 2.62e-03
9.98129e-01 2.64e-03
9.98350e-01 2.65e-03
9.98571e-01 2.65e-03
9.99013e-01 2.63e-03
9.99271e-01 2.63e-03
9.99492e-01 2.63e-03
9.99712e-01 2.66e-03
1.00015e+00 2.66e-03
1.00041e+00 2.66e-03
1.00085e+00 2.67e-03
1.00129e+00 2.69e-03
1.00155e+00 2.71e-03
1.00199e+00 2.73e-03
1.00243e+00 2.78e-03
1.00269e+00 2.80e-03
1.00313e+00 2.86e-03
1.00357e+00 2.87e-03
1.00379e+00 2.87e-03
1.00426e+00 2.90e-03
1.00470e+00 2.92e-03
1.00492e+00 2.93e-03
1.00540e+00 2.95e-03
1.00584e+00 2.98e-03
1.00606e+00 3.00e-03
1.00653e+00 3.08e-03
1.00675e+00 3.08e-03
1.00719e+00 3.15e-03
1.00763e+00 3.15e-03
1.00788e+00 3.16e-03
1.00832e+00 3.20e-03
1.00876e+00 3.26e-03
1.00898e+00 3.29e-03
1.00945e+00 3.35e-03
1.00967e+00 3.36e-03
1.00989e+00 3.36e-03
1.01011e+00 3.37e-03
1.01058e+00 3.41e-03
1.01080e+00 3.43e-03
1.01102e+00 3.45e-03
1.01124e+00 3.47e-03
1.01167e+00 3.46e-03
1.01189e+00 3.48e-03
1.01236e+00 3.48e-03
1.01280e+00 3.52e-03
1.01302e+00 3.55e-03
1.01345e+00 3.61e-03
1.01371e+00 3.62e-03
1.01393e+00 3.65e-03
1.01414e+00 3.70e-03
1.01458e+00 3.54e-03
1.01480e+00 3.52e-03
1.01501e+00 3.51e-03
1.01527e+00 3.46e-03
1.01570e+00 3.49e-03
1.01592e+00 3.45e-03
1.01635e+00 3.38e-03
1.01657e+00 3.37e-03
1.01679e+00 3.34e-03
1.01704e+00 3.33e-03
1.01747e+00 3.35e-03
1.01769e+00 3.38e-03
1.01791e+00 3.42e-03
1.01813e+00 3.43e-03
1.01856e+00 3.31e-03
1.01881e+00 3.25e-03
1.01903e+00 3.19e-03
1.01924e+00 3.13e-03
1.01968e+00 3.07e-03
1.02011e+00 3.00e-03
1.02033e+00 2.97e-03
1.02054e+00 2.95e-03
1.02079e+00 2.92e-03
1.02123e+00 2.88e-03
1.02144e+00 2.86e-03
1.02166e+00 2.83e-03
1.02209e+00 2.76e-03
1.02252e+00 2.71e-03
1.02299e+00 2.67e-03
1.02321e+00 2.64e-03
1.02342e+00 2.71e-03
1.02364e+00 2.71e-03
1.02385e+00 2.65e-03
1.02428e+00 2.61e-03
1.02471e+00 2.57e-03
1.02497e+00 2.55e-03
1.02540e+00 2.51e-03
1.02561e+00 2.49e-03
1.02583e+00 2.47e-03
1.02604e+00 2.50e-03
1.02647e+00 2.49e-03
1.02669e+00 2.48e-03
1.02712e+00 2.53e-03
1.02737e+00 2.51e-03
1.02758e+00 2.50e-03
1.02780e+00 2.49e-03
1.02823e+00 2.63e-03
1.02844e+00 2.62e-03
1.02865e+00 2.57e-03
1.02887e+00 2.53e-03
1.02930e+00 2.44e-03
1.02951e+00 2.37e-03
1.02998e+00 2.19e-03
1.03019e+00 2.17e-03
1.03040e+00 2.14e-03
1.03062e+00 2.24e-03
1.03105e+00 3.10e-03
1.03126e+00 2.96e-03
1.03147e+00 2.51e-03
1.03169e+00 2.13e-03
1.03212e+00 2.07e-03
1.03233e+00 2.07e-03
1.03276e+00 2.05e-03
1.03297e+00 2.04e-03
1.03343e+00 2.02e-03
1.03386e+00 2.00e-03
1.03407e+00 2.00e-03
1.03429e+00 1.99e-03
1.03450e+00 1.98e-03
1.03493e+00 2.01e-03
1.03514e+00 2.01e-03
1.03557e+00 2.01e-03
1.03578e+00 2.41e-03
1.03599e+00 2.17e-03
1.03620e+00 1.96e-03
1.03663e+00 1.95e-03
1.03684e+00 1.94e-03
1.03730e+00 1.94e-03
1.03752e+00 1.93e-03
1.03773e+00 1.92e-03
1.03794e+00 1.91e-03
1.03837e+00 1.91e-03
1.03858e+00 1.99e-03
1.03879e+00 1.95e-03
1.03900e+00 1.91e-03
1.03943e+00 1.91e-03
1.03985e+00 1.90e-03
1.04028e+00 1.90e-03
1.04049e+00 1.89e-03
1.04070e+00 1.88e-03
1.04112e+00 1.88e-03
1.04155e+00 1.87e-03
1.04176e+00 1.87e-03
1.04218e+00 1.88e-03
1.04239e+00 1.87e-03
1.04282e+00 1.88e-03
1.04303e+00 1.87e-03
1.04324e+00 1.87e-03
1.04370e+00 1.89e-03
1.04391e+00 1.89e-03
1.04412e+00 1.89e-03
1.04454e+00 1.90e-03
1.04475e+00 1.89e-03
1.04497e+00 1.89e-03
1.04518e+00 1.90e-03
1.04560e+00 1.88e-03
1.04581e+00 1.89e-03
1.04602e+00 1.90e-03
1.04623e+00 1.88e-03
1.04665e+00 1.88e-03
1.04686e+00 1.89e-03
1.04728e+00 1.89e-03
1.04749e+00 1.93e-03
1.04770e+00 1.94e-03
1.04792e+00 1.90e-03
1.04834e+00 1.91e-03
1.04855e+00 1.95e-03
1.04897e+00 1.92e-03
1.04918e+00 1.92e-03
1.04939e+00 1.92e-03
1.04960e+00 1.91e-03
1.05002e+00 1.94e-03
1.05023e+00 1.97e-03
1.05044e+00 2.02e-03
1.05065e+00 1.95e-03
1.05107e+00 1.94e-03
1.05128e+00 1.93e-03
1.05170e+00 1.94e-03
1.05190e+00 1.95e-03
1.05211e+00 1.96e-03
1.05232e+00 1.95e-03
1.05274e+00 1.98e-03
1.05295e+00 1.99e-03
1.05337e+00 1.98e-03
1.05358e+00 1.99e-03
1.05400e+00 2.01e-03
1.05442e+00 2.01e-03
1.05463e+00 2.02e-03
1.05504e+00 2.03e-03
1.05522e+00 2.03e-03
1.05543e+00 2.04e-03
1.05564e+00 2.08e-03
1.05605e+00 2.14e-03
1.05626e+00 2.12e-03
1.05647e+00 2.09e-03
1.05668e+00 2.06e-03
1.05710e+00 2.06e-03
1.05751e+00 2.07e-03
1.05772e+00 2.07e-03
1.05793e+00 2.08e-03
1.05814e+00 2.08e-03
1.05835e+00 2.09e-03
1.05876e+00 2.10e-03
1.05897e+00 2.10e-03
1.05939e+00 2.12e-03
1.05959e+00 2.12e-03
1.05980e+00 2.13e-03
1.06001e+00 2.15e-03
1.06043e+00 2.22e-03
1.06063e+00 2.15e-03
1.06105e+00 2.17e-03
1.06143e+00 2.18e-03
1.06164e+00 2.19e-03
1.06205e+00 2.24e-03
1.06226e+00 2.24e-03
1.06267e+00 2.21e-03
1.06309e+00 2.22e-03
1.06330e+00 2.22e-03
1.06371e+00 2.23e-03
1.06392e+00 2.24e-03
1.06433e+00 2.25e-03
1.06475e+00 2.26e-03
1.06495e+00 2.28e-03
1.06537e+00 2.27e-03
1.06554e+00 2.29e-03
1.06595e+00 2.35e-03
1.06616e+00 2.34e-03
1.06636e+00 2.32e-03
1.06678e+00 2.31e-03
1.06698e+00 2.31e-03
1.06740e+00 2.32e-03
1.06760e+00 2.32e-03
1.06781e+00 2.33e-03
1.06802e+00 2.33e-03
1.06822e+00 2.33e-03
1.06881e+00 2.34e-03
1.06922e+00 2.35e-03
1.06942e+00 2.35e-03
1.06963e+00 2.35e-03
1.06984e+00 2.38e-03
1.07025e+00 2.39e-03
1.07066e+00 2.39e-03
1.07107e+00 2.39e-03
1.07128e+00 2.40e-03
1.07145e+00 2.40e-03
1.07186e+00 2.41e-03
1.07206e+00 2.42e-03
1.07247e+00 2.45e-03
1.07268e+00 2.43e-03
1.07288e+00 2.44e-03
1.07309e+00 2.51e-03
1.07350e+00 2.57e-03
1.07370e+00 2.48e-03
1.07408e+00 2.52e-03
1.07429e+00 2.49e-03
1.07449e+00 2.45e-03
1.07470e+00 2.42e-03
1.07510e+00 2.43e-03
1.07531e+00 2.44e-03
1.07572e+00 2.43e-03
1.07609e+00 2.44e-03
1.07630e+00 2.45e-03
1.07671e+00 2.45e-03
1.07691e+00 2.46e-03
1.07732e+00 2.49e-03
1.07773e+00 2.49e-03
1.07793e+00 2.49e-03
1.07831e+00 2.49e-03
1.07851e+00 2.49e-03
1.07892e+00 2.48e-03
1.07912e+00 2.52e-03
1.07933e+00 2.50e-03
1.07953e+00 2.49e-03
1.07991e+00 2.50e-03
1.08011e+00 2.50e-03
1.08072e+00 2.51e-03
1.08153e+00 2.51e-03
1.08191e+00 2.52e-03
1.08231e+00 2.52e-03
1.08411e+00 2.53e-03
1.08451e+00 2.55e-03
1.08472e+00 2.56e-03
1.08492e+00 2.61e-03
1.08529e+00 2.63e-03
1.08549e+00 2.53e-03
1.08570e+00 2.51e-03
1.08590e+00 2.49e-03
1.08630e+00 2.49e-03
1.08651e+00 2.51e-03
1.08688e+00 2.52e-03
1.08708e+00 3.01e-03
1.08748e+00 4.67e-03
1.08769e+00 3.97e-03
1.08789e+00 3.17e-03
1.08806e+00 2.47e-03
1.08846e+00 2.47e-03
1.08866e+00 2.47e-03
1.08907e+00 2.47e-03
1.08947e+00 2.45e-03
1.08964e+00 2.44e-03
1.09004e+00 2.44e-03
1.09045e+00 2.44e-03
1.09085e+00 2.43e-03
1.09122e+00 2.43e-03
1.09162e+00 2.42e-03
1.09223e+00 2.42e-03
1.09239e+00 2.42e-03
1.09280e+00 2.42e-03
1.09300e+00 2.45e-03
1.09320e+00 2.46e-03
1.09340e+00 2.40e-03
1.09377e+00 2.40e-03
1.09397e+00 2.40e-03
1.09437e+00 2.41e-03
1.09457e+00 2.51e-03
1.09477e+00 2.57e-03
1.09494e+00 2.60e-03
1.09534e+00 2.46e-03
1.09554e+00 2.43e-03
1.09594e+00 2.43e-03
1.09611e+00 2.43e-03
1.09651e+00 2.43e-03
1.09691e+00 2.44e-03
1.09711e+00 2.43e-03
1.09748e+00 2.42e-03
1.09768e+00 2.42e-03
1.09808e+00 2.42e-03
1.09845e+00 2.42e-03
1.09885e+00 2.41e-03
1.09905e+00 2.41e-03
1.09925e+00 2.41e-03
1.09961e+00 2.41e-03
1.09981e+00 2.42e-03
1.10001e+00 2.44e-03
1.10021e+00 2.46e-03
1.10061e+00 2.40e-03
1.10078e+00 2.39e-03
1.10118e+00 2.38e-03
1.10138e+00 2.37e-03
1.10177e+00 2.36e-03
1.10194e+00 2.36e-03
1.10234e+00 2.35e-03
1.10274e+00 2.34e-03
1.10290e+00 2.34e-03
1.10330e+00 2.32e-03
1.10350e+00 2.33e-03
1.10370e+00 2.34e-03
1.10390e+00 2.31e-03
1.10426e+00 2.29e-03
1.10446e+00 2.28e-03
1.10486e+00 2.27e-03
1.10503e+00 2.26e-03
1.10542e+00 2.27e-03
1.10562e+00 2.25e-03
1.10582e+00 2.24e-03
1.10599e+00 2.22e-03
1.10638e+00 2.21e-03
1.10678e+00 2.20e-03
1.10714e+00 2.18e-03
1.10754e+00 2.17e-03
1.10794e+00 2.16e-03
1.10830e+00 2.15e-03
1.10869e+00 2.14e-03
1.10906e+00 2.13e-03
1.10945e+00 2.12e-03
1.10985e+00 2.12e-03
1.11021e+00 2.11e-03
1.11061e+00 2.10e-03
1.11097e+00 2.10e-03
1.11136e+00 2.10e-03
1.11212e+00 2.09e-03
1.11232e+00 2.10e-03
1.11268e+00 2.10e-03
1.11288e+00 2.10e-03
1.11307e+00 2.10e-03
1.11327e+00 2.12e-03
1.11363e+00 2.16e-03
1.11383e+00 2.12e-03
1.11422e+00 2.12e-03
1.11458e+00 2.13e-03
1.11478e+00 2.13e-03
1.11498e+00 2.18e-03
1.11517e+00 2.16e-03
1.11534e+00 2.15e-03
1.11573e+00 2.17e-03
1.11612e+00 2.17e-03
1.11629e+00 2.17e-03
1.11648e+00 2.20e-03
1.11668e+00 2.23e-03
1.11688e+00 2.20e-03
1.11724e+00 2.21e-03
1.11743e+00 2.22e-03
1.11783e+00 2.23e-03
1.11799e+00 2.24e-03
1.11838e+00 2.24e-03
1.11874e+00 2.26e-03
1.11894e+00 2.28e-03
1.11933e+00 2.42e-03
1.11953e+00 2.43e-03
1.11988e+00 2.29e-03
1.12008e+00 2.27e-03
1.12044e+00 2.27e-03
1.12103e+00 2.28e-03
1.12138e+00 2.27e-03
1.12178e+00 2.27e-03
1.12197e+00 2.27e-03
1.12213e+00 2.26e-03
1.12252e+00 2.25e-03
1.12272e+00 2.28e-03
1.12308e+00 2.24e-03
1.12347e+00 2.22e-03
1.12363e+00 2.23e-03
1.12402e+00 2.22e-03
1.12438e+00 2.21e-03
1.12477e+00 2.20e-03
1.12512e+00 2.18e-03
1.12551e+00 2.17e-03
1.12587e+00 2.16e-03
1.12626e+00 2.15e-03
1.12662e+00 2.14e-03
1.12701e+00 2.13e-03
1.12720e+00 2.14e-03
1.12756e+00 2.13e-03
1.12775e+00 2.19e-03
1.12811e+00 2.43e-03
1.12830e+00 2.13e-03
1.12849e+00 2.13e-03
1.12869e+00 2.14e-03
1.12904e+00 2.14e-03
1.12924e+00 2.14e-03
1.12959e+00 2.15e-03
1.12979e+00 2.16e-03
1.13018e+00 2.17e-03
1.13034e+00 2.18e-03
1.13053e+00 2.18e-03
1.13072e+00 2.19e-03
1.13108e+00 2.21e-03
1.13127e+00 2.21e-03
1.13166e+00 2.23e-03
1.13201e+00 2.25e-03
1.13256e+00 2.27e-03
1.13276e+00 2.27e-03
1.13311e+00 2.29e-03
1.13330e+00 2.30e-03
1.13369e+00 2.31e-03
1.13424e+00 2.31e-03
1.13443e+00 2.32e-03
1.13459e+00 2.32e-03
1.13478e+00 2.32e-03
1.13498e+00 2.43e-03
1.13514e+00 2.35e-03
1.13533e+00 2.29e-03
1.13572e+00 2.28e-03
1.13607e+00 2.26e-03
1.13645e+00 2.24e-03
1.13681e+00 2.22e-03
1.13700e+00 2.21e-03
1.13716e+00 2.19e-03
1.13735e+00 2.19e-03
1.13774e+00 2.17e-03
1.13809e+00 2.15e-03
1.13844e+00 2.14e-03
1.13883e+00 2.12e-03
1.13902e+00 2.12e-03
1.13937e+00 2.11e-03
1.13991e+00 2.11e-03
1.14030e+00 2.11e-03
1.14065e+00 2.11e-03
1.14084e+00 2.12e-03
1.14119e+00 2.13e-03
1.14138e+00 2.14e-03
1.14174e+00 2.30e-03
1.14193e+00 2.15e-03
1.14228e+00 2.17e-03
1.14266e+00 2.18e-03
1.14285e+00 2.19e-03
1.14301e+00 2.19e-03
1.14320e+00 2.19e-03
1.14339e+00 2.20e-03
1.14355e+00 2.20e-03
1.14374e+00 2.19e-03
1.14394e+00 3.15e-03
1.14413e+00 3.14e-03
1.14429e+00 3.13e-03
1.14448e+00 3.12e-03
1.14467e+00 3.10e-03
1.14502e+00 3.07e-03
1.14537e+00 3.04e-03
1.14556e+00 3.00e-03
1.14594e+00 2.96e-03
1.14629e+00 2.91e-03
1.14664e+00 2.86e-03
1.14702e+00 2.82e-03
1.14737e+00 2.77e-03
1.14775e+00 2.73e-03
1.14810e+00 2.69e-03
1.14845e+00 2.66e-03
1.14883e+00 2.63e-03
1.14918e+00 2.60e-03
1.14956e+00 2.57e-03
1.14991e+00 2.54e-03
1.15026e+00 2.52e-03
1.15064e+00 2.50e-03
1.15098e+00 2.48e-03
1.15133e+00 2.46e-03
1.15152e+00 2.45e-03
1.15187e+00 2.42e-03
1.15206e+00 2.43e-03
1.15225e+00 2.42e-03
1.15260e+00 2.41e-03
1.15278e+00 2.41e-03
1.15297e+00 2.40e-03
1.15332e+00 2.41e-03
1.15351e+00 2.46e-03
1.15386e+00 2.37e-03
1.15405e+00 2.36e-03
1.15439e+00 2.35e-03
1.15474e+00 2.34e-03
1.15512e+00 2.34e-03
1.15547e+00 2.33e-03
1.15581e+00 2.32e-03
1.15619e+00 2.31e-03
1.15654e+00 2.31e-03
1.15691e+00 2.30e-03
1.15726e+00 2.30e-03
1.15760e+00 2.29e-03
1.15798e+00 2.29e-03
1.15833e+00 2.29e-03
1.15867e+00 2.28e-03
1.15905e+00 2.28e-03
1.15939e+00 2.28e-03
1.15974e+00 2.28e-03
1.16080e+00 2.27e-03
1.16118e+00 2.28e-03
1.16134e+00 2.28e-03
1.16171e+00 2.27e-03
1.16187e+00 2.26e-03
1.16331e+00 2.26e-03
1.16346e+00 2.26e-03
1.16452e+00 2.25e-03
1.16487e+00 2.25e-03
1.16524e+00 2.25e-03
1.16559e+00 2.25e-03
1.16593e+00 2.24e-03
1.16630e+00 2.24e-03
1.16664e+00 2.24e-03
1.16699e+00 2.23e-03
1.16736e+00 2.23e-03
1.16770e+00 2.22e-03
1.16805e+00 2.22e-03
1.16842e+00 2.21e-03
1.16876e+00 2.21e-03
1.16910e+00 2.20e-03
1.16944e+00 2.20e-03
1.16982e+00 2.19e-03
1.17016e+00 2.18e-03
1.17050e+00 2.18e-03
1.17087e+00 2.17e-03
1.17121e+00 2.17e-03
1.17155e+00 2.16e-03
1.17189e+00 2.15e-03
1.17227e+00 2.15e-03
1.17261e+00 2.14e-03
1.17295e+00 2.14e-03
1.17332e+00 2.13e-03
1.17366e+00 2.12e-03
1.17400e+00 2.12e-03
1.17434e+00 2.11e-03
1.17471e+00 2.11e-03
1.17505e+00 2.11e-03
1.17539e+00 2.10e-03
1.17573e+00 2.10e-03
1.17610e+00 2.09e-03
1.17644e+00 2.09e-03
1.17678e+00 2.09e-03
1.17715e+00 2.09e-03
1.17749e+00 2.08e-03
1.17782e+00 2.08e-03
1.17939e+00 2.08e-03
1.18041e+00 2.08e-03
1.18111e+00 2.09e-03
1.18179e+00 2.09e-03
1.18301e+00 2.10e-03
1.18455e+00 2.10e-03
1.18525e+00 2.10e-03
1.18592e+00 2.09e-03
1.18626e+00 2.09e-03
1.18662e+00 2.09e-03
1.18696e+00 2.08e-03
1.18729e+00 2.07e-03
1.18763e+00 2.07e-03
1.18800e+00 2.06e-03
1.18833e+00 2.06e-03
1.18867e+00 2.05e-03
1.18900e+00 2.04e-03
1.18934e+00 2.04e-03
1.18970e+00 2.03e-03
1.19004e+00 2.02e-03
1.19037e+00 2.02e-03
1.19071e+00 2.01e-03
1.19107e+00 2.01e-03
1.19140e+00 2.00e-03
1.19174e+00 2.00e-03
1.19326e+00 1.99e-03
1.19395e+00 1.99e-03
1.19462e+00 1.99e-03
1.19495e+00 1.99e-03
1.19532e+00 2.00e-03
1.19565e+00 2.00e-03
1.19598e+00 2.00e-03
1.19631e+00 2.01e-03
1.19665e+00 2.01e-03
1.19801e+00 2.02e-03
1.19834e+00 2.01e-03
1.19867e+00 2.01e-03
1.19903e+00 2.01e-03
1.19936e+00 2.00e-03
1.19969e+00 1.99e-03
1.20003e+00 1.99e-03
1.20036e+00 1.98e-03
1.20069e+00 1.97e-03
1.20105e+00 1.96e-03
1.20138e+00 1.95e-03
1.20171e+00 1.94e-03
1.20204e+00 1.94e-03
1.20237e+00 1.93e-03
1.20270e+00 1.93e-03
1.20306e+00 1.92e-03
1.20339e+00 1.92e-03
1.20390e+00 1.92e-03
1.20456e+00 1.92e-03
1.20489e+00 1.92e-03
1.20522e+00 1.92e-03
1.20555e+00 1.93e-03
1.20591e+00 1.93e-03
1.20690e+00 1.94e-03
1.20708e+00 1.94e-03
1.20741e+00 1.94e-03
1.20756e+00 1.93e-03
1.20774e+00 2.27e-03
1.20806e+00 2.26e-03
1.20839e+00 2.25e-03
1.20872e+00 2.24e-03
1.20905e+00 2.22e-03
1.20941e+00 2.20e-03
1.20974e+00 2.19e-03
1.21006e+00 2.17e-03
1.21039e+00 2.15e-03
1.21072e+00 2.14e-03
1.21105e+00 2.12e-03
1.21138e+00 2.11e-03
1.21173e+00 2.09e-03
1.21206e+00 2.08e-03
1.21239e+00 2.07e-03
1.21271e+00 2.06e-03
1.21304e+00 2.05e-03
1.21337e+00 2.04e-03
1.21370e+00 2.03e-03
1.21405e+00 2.03e-03
1.21438e+00 2.02e-03
1.21471e+00 2.01e-03
1.21503e+00 2.00e-03
1.21536e+00 2.00e-03
1.21568e+00 1.99e-03
1.21601e+00 1.99e-03
1.21634e+00 1.98e-03
1.21669e+00 1.98e-03
1.21702e+00 1.97e-03
1.21734e+00 1.97e-03
1.21767e+00 1.96e-03
1.21799e+00 1.96e-03
1.21832e+00 1.96e-03
1.21864e+00 1.95e-03
1.21897e+00 1.95e-03
1.21932e+00 1.94e-03
1.21965e+00 1.94e-03
1.21997e+00 1.94e-03
1.22030e+00 1.94e-03
1.22062e+00 1.93e-03
1.22095e+00 1.93e-03
1.22127e+00 1.93e-03
1.22160e+00 1.92e-03
1.22192e+00 1.91e-03
1.22227e+00 1.91e-03
1.22260e+00 1.90e-03
1.22292e+00 1.89e-03
1.22325e+00 1.89e-03
1.22357e+00 1.88e-03
1.22389e+00 1.88e-03
1.22422e+00 1.87e-03
1.22454e+00 1.86e-03
1.22486e+00 1.86e-03
1.22519e+00 1.85e-03
1.22554e+00 1.84e-03
1.22586e+00 1.84e-03
1.22618e+00 1.83e-03
1.22633e+00 1.83e-03
1.22651e+00 1.83e-03
1.23122e+00 1.83e-03
1.23154e+00 1.83e-03
1.23186e+00 1.83e-03
1.23218e+00 1.82e-03
1.23250e+00 1.82e-03
1.23282e+00 1.82e-03
1.23314e+00 1.82e-03
1.23346e+00 1.82e-03
1.23378e+00 1.81e-03
1.23410e+00 1.81e-03
1.23442e+00 1.81e-03
1.23474e+00 1.81e-03
1.23509e+00 1.81e-03
1.23541e+00 1.81e-03
1.23573e+00 1.80e-03
1.23605e+00 1.80e-03
1.23637e+00 1.80e-03
1.23669e+00 1.80e-03
1.23701e+00 1.80e-03
1.23733e+00 1.79e-03
1.23765e+00 1.79e-03
1.23797e+00 1.79e-03
1.23829e+00 1.79e-03
1.23861e+00 1.79e-03
1.23892e+00 1.78e-03
1.23924e+00 1.78e-03
1.23959e+00 1.78e-03
1.23991e+00 1.78e-03
1.24023e+00 1.78e-03
1.24055e+00 1.77e-03
1.25182e+00 1.72e-03
1.25621e+00 1.70e-03
1.25653e+00 1.70e-03
1.25684e+00 1.69e-03
1.25715e+00 1.69e-03
1.25749e+00 1.69e-03
1.25781e+00 1.69e-03
1.25812e+00 1.68e-03
1.25843e+00 1.68e-03
1.25875e+00 1.68e-03
1.25906e+00 1.68e-03
1.25937e+00 1.67e-03
1.25968e+00 1.67e-03
1.25999e+00 1.67e-03
1.26045e+00 1.67e-03
1.28631e+00 1.54e-03
1.28661e+00 1.54e-03
1.28692e+00 1.54e-03
1.28752e+00 1.54e-03
1.28783e+00 1.54e-03
1.28813e+00 1.53e-03
1.28843e+00 1.53e-03
1.28874e+00 1.53e-03
1.28904e+00 1.53e-03
1.28934e+00 1.53e-03
1.28965e+00 1.53e-03
1.28995e+00 1.53e-03
1.29025e+00 1.52e-03
1.29055e+00 1.52e-03
1.29086e+00 1.52e-03
1.29116e+00 1.52e-03
1.29146e+00 1.52e-03
1.29176e+00 1.52e-03
1.29207e+00 1.51e-03
1.29237e+00 1.51e-03
1.29267e+00 1.51e-03
1.29297e+00 1.51e-03
1.29327e+00 1.51e-03
1.30229e+00 1.47e-03
1.32761e+00 1.37e-03
1.32790e+00 1.37e-03
1.33284e+00 1.35e-03
1.34380e+00 1.31e-03
1.34409e+00 1.31e-03
1.34438e+00 1.31e-03
1.34537e+00 1.30e-03
1.34766e+00 1.30e-03
1.35222e+00 1.28e-03
1.35250e+00 1.28e-03
1.35944e+00 1.26e-03
1.36128e+00 1.25e-03
1.36228e+00 1.25e-03
1.36257e+00 1.25e-03
1.36285e+00 1.25e-03
1.36313e+00 1.25e-03
1.36341e+00 1.24e-03
1.36369e+00 1.24e-03
1.37141e+00 1.22e-03
1.37364e+00 1.21e-03
1.37392e+00 1.21e-03
1.37420e+00 1.20e-03
1.37447e+00 1.20e-03
1.37475e+00 1.20e-03
1.37518e+00 1.20e-03
1.37740e+00 1.19e-03
1.37907e+00 1.19e-03
1.37935e+00 1.19e-03
1.37962e+00 1.19e-03
1.37990e+00 1.18e-03
1.38018e+00 1.18e-03
1.38045e+00 1.18e-03
1.38060e+00 1.18e-03
1.38281e+00 1.18e-03
1.39634e+00 1.13e-03
1.40236e+00 1.12e-03
1.40727e+00 1.10e-03
1.40754e+00 1.10e-03
1.40781e+00 1.10e-03
1.40808e+00 1.10e-03
1.40837e+00 1.09e-03
1.40864e+00 1.09e-03
1.40876e+00 1.09e-03
1.41082e+00 1.09e-03
1.41568e+00 1.08e-03
1.41719e+00 1.07e-03
1.41908e+00 1.07e-03
1.42243e+00 1.06e-03
1.42299e+00 1.06e-03
1.42648e+00 1.05e-03
1.42674e+00 1.04e-03
1.42700e+00 1.04e-03
1.42768e+00 1.04e-03
1.42876e+00 1.04e-03
1.43399e+00 1.02e-03
1.43466e+00 1.02e-03
1.43480e+00 1.02e-03
1.43506e+00 1.02e-03
1.43532e+00 1.03e-03
1.43547e+00 1.03e-03
1.43573e+00 1.02e-03
1.43599e+00 1.02e-03
1.43613e+00 1.02e-03
1.43625e+00 1.01e-03
1.43867e+00 1.01e-03
1.44187e+00 1.00e-03
1.44213e+00 1.00e-03
1.44331e+00 9.96e-04
1.44798e+00 9.85e-04
1.44809e+00 9.85e-04
1.44838e+00 9.84e-04
1.44849e+00 9.83e-04
1.45089e+00 9.77e-04
1.45129e+00 9.75e-04
1.45393e+00 9.70e-04
1.45407e+00 9.70e-04
1.45433e+00 9.66e-04
1.45458e+00 9.62e-04
1.45472e+00 9.60e-04
1.45486e+00 9.60e-04
1.45512e+00 9.65e-04
1.45526e+00 9.64e-04
1.45552e+00 9.58e-04
1.45577e+00 9.60e-04
1.45605e+00 9.61e-04
1.45617e+00 9.62e-04
1.45671e+00 9.61e-04
1.45696e+00 9.59e-04
1.45724e+00 9.57e-04
1.45750e+00 9.56e-04
1.45775e+00 9.54e-04
1.45803e+00 9.52e-04
1.45815e+00 9.52e-04
1.45908e+00 9.54e-04
1.45961e+00 9.54e-04
1.46066e+00 9.52e-04
1.46080e+00 9.51e-04
1.46224e+00 9.50e-04
1.46251e+00 9.50e-04
1.46277e+00 9.48e-04
1.46305e+00 9.46e-04
1.46330e+00 9.44e-04
1.46356e+00 9.42e-04
1.46370e+00 9.41e-04
1.46434e+00 9.41e-04
1.46462e+00 9.35e-04
1.46474e+00 9.33e-04
1.46501e+00 9.37e-04
1.46515e+00 9.38e-04
1.46605e+00 9.37e-04
1.46658e+00 9.38e-04
1.46686e+00 9.37e-04
1.46711e+00 9.34e-04
1.46725e+00 9.33e-04
1.46907e+00 9.29e-04
1.46935e+00 9.27e-04
1.46949e+00 9.26e-04
1.46988e+00 9.27e-04
1.47158e+00 9.25e-04
1.47171e+00 9.22e-04
1.47197e+00 9.23e-04
1.47222e+00 9.20e-04
1.47236e+00 9.19e-04
1.47275e+00 9.19e-04
1.47511e+00 9.15e-04
1.48008e+00 9.03e-04
1.48113e+00 9.00e-04
1.48124e+00 9.00e-04
1.48165e+00 9.01e-04
1.48176e+00 9.01e-04
1.48204e+00 8.98e-04
1.48217e+00 8.97e-04
1.48256e+00 8.97e-04
1.48269e+00 8.96e-04
1.48281e+00 8.97e-04
1.48308e+00 8.95e-04
1.48322e+00 8.94e-04
1.48738e+00 8.86e-04
1.48894e+00 8.82e-04
1.48919e+00 8.80e-04
1.48932e+00 8.81e-04
1.48984e+00 8.80e-04
1.48998e+00 8.79e-04
1.49023e+00 8.78e-04
1.49036e+00 8.78e-04
1.49101e+00 8.78e-04
1.49128e+00 8.71e-04
1.49140e+00 8.69e-04
1.49167e+00 8.70e-04
1.49191e+00 8.72e-04
1.49205e+00 8.72e-04
1.49245e+00 8.72e-04
1.49270e+00 8.74e-04
1.49284e+00 8.70e-04
1.49349e+00 8.69e-04
1.49362e+00 8.69e-04
1.49452e+00 8.67e-04
1.49466e+00 8.65e-04
1.49479e+00 8.66e-04
1.49490e+00 8.66e-04
1.49517e+00 8.66e-04
1.49531e+00 8.61e-04
1.49555e+00 8.63e-04
1.49569e+00 8.64e-04
1.49699e+00 8.61e-04
1.49842e+00 8.59e-04
1.49866e+00 8.56e-04
1.49893e+00 8.52e-04
1.49906e+00 8.51e-04
1.49920e+00 8.50e-04
1.49944e+00 8.53e-04
1.49958e+00 8.53e-04
1.49985e+00 8.54e-04
1.49996e+00 8.55e-04
1.50009e+00 8.55e-04
1.50023e+00 8.58e-04
1.50049e+00 8.54e-04
1.50060e+00 8.52e-04
1.50138e+00 8.51e-04
1.50541e+00 8.43e-04
1.50552e+00 8.46e-04
1.50579e+00 8.42e-04
1.50592e+00 8.41e-04
1.50619e+00 8.42e-04
1.50630e+00 8.41e-04
1.50798e+00 8.38e-04
1.50825e+00 8.38e-04
1.50838e+00 8.37e-04
1.50849e+00 8.35e-04
1.50953e+00 8.33e-04
1.50966e+00 8.32e-04
1.50979e+00 8.33e-04
1.51894e+00 8.14e-04
1.51908e+00 8.15e-04
1.51934e+00 8.12e-04
1.51945e+00 8.11e-04
1.51997e+00 8.10e-04
1.52242e+00 8.05e-04
1.52255e+00 8.07e-04
1.52281e+00 8.21e-04
1.52292e+00 8.18e-04
1.52318e+00 8.08e-04
1.52331e+00 8.03e-04
1.52525e+00 8.00e-04
1.52562e+00 7.98e-04
1.52601e+00 7.97e-04
1.52627e+00 7.97e-04
1.52640e+00 7.98e-04
1.52653e+00 7.98e-04
1.52666e+00 7.95e-04
1.52729e+00 7.95e-04
1.52756e+00 7.93e-04
1.52782e+00 7.91e-04
1.52795e+00 7.90e-04
1.52808e+00 7.90e-04
1.52831e+00 7.91e-04
1.52844e+00 7.92e-04
1.53128e+00 7.86e-04
1.53141e+00 7.85e-04
1.53167e+00 7.86e-04
1.53180e+00 7.84e-04
1.53230e+00 7.84e-04
1.54332e+00 7.61e-04
1.54358e+00 7.60e-04
1.54434e+00 7.59e-04
1.54460e+00 7.57e-04
1.54473e+00 7.56e-04
1.54511e+00 7.57e-04
1.55431e+00 7.39e-04
1.55509e+00 7.37e-04
1.55534e+00 7.35e-04
1.55547e+00 7.36e-04
1.55635e+00 7.34e-04
1.55648e+00 7.33e-04
1.55699e+00 7.33e-04
1.56197e+00 7.24e-04
1.56209e+00 7.23e-04
1.56235e+00 7.23e-04
1.56262e+00 7.21e-04
1.56274e+00 7.24e-04
1.56300e+00 7.25e-04
1.56325e+00 7.22e-04
1.56337e+00 7.21e-04
1.56720e+00 7.14e-04
1.56732e+00 7.13e-04
1.56759e+00 7.13e-04
1.56772e+00 7.12e-04
1.58071e+00 6.87e-04
1.58531e+00 6.79e-04
1.58555e+00 6.80e-04
1.58568e+00 6.79e-04
1.59231e+00 6.67e-04
1.59243e+00 6.66e-04
1.59345e+00 6.65e-04
1.59983e+00 6.54e-04
1.60340e+00 6.48e-04
1.60443e+00 6.46e-04
1.60455e+00 6.45e-04
1.60507e+00 6.45e-04
1.60633e+00 6.43e-04
1.63894e+00 5.88e-04
1.66867e+00 5.43e-04
1.70798e+00 4.88e-04
1.72295e+00 4.68e-04
1.74372e+00 4.42e-04
1.75910e+00 4.24e-04
1.78136e+00 4.00e-04
1.80496e+00 3.75e-04
1.80970e+00 3.70e-04
1.80984e+00 3.70e-04
1.83929e+00 3.42e-04
1.87403e+00 3.11e-04
1.89008e+00 2.98e-04
1.92699e+00 2.71e-04
1.93009e+00 2.69e-04
1.93566e+00 2.64e-04
1.97136e+00 2.41e-04
1.99058e+00 2.29e-04
1.99097e+00 2.29e-04
1.99452e+00 2.27e-04
1.99492e+00 2.26e-04
1.99533e+00 2.26e-04
1.99572e+00 2.26e-04
1.99611e+00 2.26e-04
1.99652e+00 2.25e-04
1.99692e+00 2.25e-04
1.99731e+00 2.25e-04
1.99772e+00 2.25e-04
1.99811e+00 2.24e-04
1.99852e+00 2.24e-04
1.99891e+00 2.24e-04
1.99932e+00 2.24e-04
1.99972e+00 2.23e-04
2.00011e+00 2.23e-04
2.00052e+00 2.23e-04
2.00093e+00 2.23e-04
2.00133e+00 2.23e-04
2.00174e+00 2.22e-04
2.00214e+00 2.22e-04
2.00253e+00 2.22e-04
2.00294e+00 2.22e-04
2.00334e+00 2.21e-04
2.00376e+00 2.21e-04
2.00417e+00 2.21e-04
2.00457e+00 2.21e-04
2.00497e+00 2.20e-04
2.00538e+00 2.20e-04
2.00580e+00 2.20e-04
2.00620e+00 2.20e-04
2.00660e+00 2.19e-04
2.00702e+00 2.19e-04
2.00742e+00 2.19e-04
2.00784e+00 2.19e-04
2.00824e+00 2.18e-04
2.00866e+00 2.18e-04
2.00906e+00 2.18e-04
2.00947e+00 2.18e-04
2.00989e+00 2.17e-04
2.01029e+00 2.17e-04
2.01071e+00 2.17e-04
2.01112e+00 2.17e-04
2.01154e+00 2.17e-04
2.01195e+00 2.16e-04
2.01237e+00 2.16e-04
2.01278e+00 2.16e-04
2.01319e+00 2.16e-04
2.01361e+00 2.15e-04
2.01402e+00 2.15e-04
2.01444e+00 2.15e-04
2.01486e+00 2.15e-04
2.01528e+00 2.14e-04
2.01569e+00 2.14e-04
2.01612e+00 2.14e-04
2.01653e+00 2.14e-04
2.01695e+00 2.13e-04
2.01737e+00 2.13e-04
2.01779e+00 2.13e-04
2.01820e+00 2.13e-04
2.01863e+00 2.12e-04
2.01905e+00 2.12e-04
2.01947e+00 2.12e-04
2.01989e+00 2.12e-04
2.02032e+00 2.11e-04
2.02074e+00 2.11e-04
2.02116e+00 2.11e-04
2.02159e+00 2.11e-04
2.02201e+00 2.11e-04
2.02243e+00 2.10e-04
2.02286e+00 2.10e-04
2.02328e+00 2.10e-04
2.02372e+00 2.10e-04
2.02414e+00 2.09e-04
2.02456e+00 2.09e-04
2.02500e+00 2.09e-04
2.02542e+00 2.09e-04
2.02586e+00 2.08e-04
2.02628e+00 2.08e-04
2.02671e+00 2.08e-04
2.02713e+00 2.08e-04
2.02757e+00 2.08e-04
2.02800e+00 2.07e-04
2.02844e+00 2.07e-04
2.02887e+00 2.07e-04
2.02929e+00 2.07e-04
2.02973e+00 2.06e-04
2.03016e+00 2.06e-04
2.03059e+00 2.06e-04
2.03104e+00 2.06e-04
2.03147e+00 2.05e-04
2.03190e+00 2.05e-04
2.03234e+00 2.05e-04
2.03278e+00 2.05e-04
2.03321e+00 2.04e-04
2.03365e+00 2.04e-04
2.03409e+00 2.04e-04
2.03452e+00 2.04e-04
2.03497e+00 2.04e-04
2.03541e+00 2.03e-04
2.03584e+00 2.03e-04
2.03629e+00 2.03e-04
2.03673e+00 2.03e-04
2.03717e+00 2.02e-04
2.03762e+00 2.02e-04
2.03806e+00 2.02e-04
2.03850e+00 2.02e-04
2.03895e+00 2.01e-04
2.03939e+00 2.01e-04
2.03983e+00 2.01e-04
2.04027e+00 2.01e-04
2.04071e+00 2.00e-04
2.04117e+00 2.00e-04
2.04161e+00 2.00e-04
2.04206e+00 2.00e-04
2.04251e+00 1.99e-04
2.04296e+00 1.99e-04
2.04340e+00 1.99e-04
2.04385e+00 1.99e-04
2.04431e+00 1.98e-04
2.04476e+00 1.98e-04
2.04521e+00 1.98e-04
2.04566e+00 1.98e-04
2.04612e+00 1.98e-04
2.04657e+00 1.97e-04
2.04702e+00 1.97e-04
2.04747e+00 1.97e-04
2.04793e+00 1.97e-04
2.04838e+00 1.96e-04
2.04884e+00 1.96e-04
2.04929e+00 1.96e-04
2.04976e+00 1.96e-04
2.05021e+00 1.95e-04
2.05067e+00 1.95e-04
2.05113e+00 1.95e-04
2.05158e+00 1.95e-04
2.05204e+00 1.94e-04
2.05251e+00 1.94e-04
2.05297e+00 1.94e-04
2.05343e+00 1.94e-04
2.05389e+00 1.94e-04
2.05435e+00 1.93e-04
2.05482e+00 1.93e-04
2.05528e+00 1.93e-04
2.05575e+00 1.93e-04
2.05621e+00 1.92e-04
2.05667e+00 1.92e-04
2.05714e+00 1.92e-04
2.05760e+00 1.92e-04
2.05808e+00 1.91e-04
2.05855e+00 1.91e-04
2.05902e+00 1.91e-04
2.05948e+00 1.91e-04
2.05995e+00 1.90e-04
2.06042e+00 1.90e-04
2.06090e+00 1.90e-04
2.06137e+00 1.90e-04
2.06184e+00 1.89e-04
2.06232e+00 1.89e-04
2.06279e+00 1.89e-04
2.06326e+00 1.89e-04
2.06374e+00 1.88e-04
2.06421e+00 1.88e-04
2.06470e+00 1.88e-04
2.06517e+00 1.88e-04
2.06565e+00 1.88e-04
2.06613e+00 1.87e-04
2.06661e+00 1.87e-04
2.06709e+00 1.87e-04
2.06757e+00 1.87e-04
2.06805e+00 1.86e-04
2.06853e+00 1.86e-04
2.06901e+00 1.86e-04
2.06949e+00 1.86e-04
2.06998e+00 1.85e-04
2.07046e+00 1.85e-04
2.07096e+00 1.85e-04
2.07143e+00 1.85e-04
2.07193e+00 1.84e-04
2.07242e+00 1.84e-04
2.07290e+00 1.84e-04
2.07339e+00 1.84e-04
2.07388e+00 1.83e-04
2.07437e+00 1.83e-04
2.07486e+00 1.83e-04
2.07536e+00 1.83e-04
2.07585e+00 1.82e-04
2.07634e+00 1.82e-04
2.07684e+00 1.82e-04
2.07733e+00 1.82e-04
2.07783e+00 1.81e-04
2.07832e+00 1.81e-04
2.07882e+00 1.81e-04
2.07932e+00 1.81e-04
2.07982e+00 1.81e-04
2.08032e+00 1.80e-04
2.08082e+00 1.80e-04
2.08131e+00 1.80e-04
2.08181e+00 1.80e-04
2.08231e+00 1.79e-04
2.08282e+00 1.79e-04
2.08332e+00 1.79e-04
2.08383e+00 1.79e-04
2.08433e+00 1.78e-04
2.08484e+00 1.78e-04
2.08535e+00 1.78e-04
2.08586e+00 1.78e-04
2.08636e+00 1.77e-04
2.08686e+00 1.77e-04
2.08738e+00 1.77e-04
2.08789e+00 1.77e-04
2.08840e+00 1.76e-04
2.08891e+00 1.76e-04
2.08943e+00 1.76e-04
2.08994e+00 1.76e-04
2.09046e+00 1.75e-04
2.09097e+00 1.75e-04
2.09149e+00 1.75e-04
2.09201e+00 1.75e-04
2.09253e+00 1.74e-04
2.09305e+00 1.74e-04
2.09357e+00 1.74e-04
2.09408e+00 1.74e-04
2.09460e+00 1.73e-04
2.09513e+00 1.73e-04
2.09565e+00 1.73e-04
2.09618e+00 1.73e-04
2.09670e+00 1.73e-04
2.09723e+00 1.72e-04
2.09775e+00 1.72e-04
2.09828e+00 1.72e-04
2.09855e+00 1.72e-04
2.09907e+00 1.71e-04
2.09960e+00 1.71e-04
2.10014e+00 1.71e-04
2.10066e+00 1.71e-04
2.10120e+00 1.70e-04
2.10173e+00 1.70e-04
2.10227e+00 1.70e-04
2.10280e+00 1.70e-04
2.10334e+00 1.69e-04
2.10388e+00 1.69e-04
2.10441e+00 1.69e-04
2.10495e+00 1.69e-04
2.10549e+00 1.69e-04
2.10603e+00 1.68e-04
2.10657e+00 1.68e-04
2.10712e+00 1.68e-04
2.10766e+00 1.68e-04
2.10820e+00 1.67e-04
2.10875e+00 1.67e-04
2.10929e+00 1.67e-04
2.10985e+00 1.67e-04
2.11040e+00 1.66e-04
2.11094e+00 1.66e-04
2.11150e+00 1.66e-04
2.11204e+00 1.66e-04
2.11260e+00 1.65e-04
2.11315e+00 1.65e-04
2.11371e+00 1.65e-04
2.11427e+00 1.65e-04
2.11482e+00 1.65e-04
2.11538e+00 1.64e-04
2.11593e+00 1.64e-04
2.11650e+00 1.64e-04
2.11705e+00 1.64e-04
2.11762e+00 1.63e-04
2.11818e+00 1.63e-04
2.11875e+00 1.63e-04
2.11931e+00 1.63e-04
2.11988e+00 1.62e-04
2.12044e+00 1.62e-04
2.12100e+00 1.62e-04
2.12129e+00 1.61e-04
2.12187e+00 1.61e-04
2.12243e+00 1.61e-04
2.12300e+00 1.61e-04
2.12358e+00 1.61e-04
2.12415e+00 1.60e-04
2.12473e+00 1.60e-04
2.12530e+00 1.60e-04
2.12588e+00 1.60e-04
2.12646e+00 1.59e-04
2.12704e+00 1.59e-04
2.12761e+00 1.59e-04
2.12820e+00 1.59e-04
2.12878e+00 1.58e-04
2.12936e+00 1.58e-04
2.12996e+00 1.58e-04
2.13054e+00 1.58e-04
2.13113e+00 1.57e-04
2.13171e+00 1.57e-04
2.13231e+00 1.57e-04
2.13290e+00 1.57e-04
2.13349e+00 1.57e-04
2.13408e+00 1.56e-04
2.13468e+00 1.56e-04
2.13528e+00 1.56e-04
2.13587e+00 1.56e-04
2.13647e+00 1.55e-04
2.13707e+00 1.55e-04
2.13768e+00 1.55e-04
2.13828e+00 1.55e-04
2.13888e+00 1.54e-04
2.13948e+00 1.54e-04
2.14009e+00 1.54e-04
2.14070e+00 1.54e-04
2.14130e+00 1.54e-04
2.14191e+00 1.53e-04
2.14253e+00 1.53e-04
2.14314e+00 1.53e-04
2.14375e+00 1.53e-04
2.14437e+00 1.52e-04
2.14498e+00 1.52e-04
2.14560e+00 1.52e-04
2.14622e+00 1.52e-04
2.14684e+00 1.51e-04
2.14747e+00 1.51e-04
2.14809e+00 1.51e-04
2.14872e+00 1.51e-04
2.14934e+00 1.50e-04
2.14997e+00 1.50e-04
2.15060e+00 1.50e-04
2.15123e+00 1.50e-04
2.15187e+00 1.49e-04
2.15249e+00 1.49e-04
2.15313e+00 1.49e-04
2.15377e+00 1.49e-04
2.15441e+00 1.48e-04
2.15505e+00 1.48e-04
2.15568e+00 1.48e-04
2.15633e+00 1.48e-04
2.15697e+00 1.48e-04
2.15762e+00 1.47e-04
2.15826e+00 1.47e-04
2.15891e+00 1.47e-04
2.15957e+00 1.47e-04
2.16021e+00 1.46e-04
2.16087e+00 1.46e-04
2.16153e+00 1.46e-04
2.16218e+00 1.46e-04
2.16284e+00 1.45e-04
2.16350e+00 1.45e-04
2.16416e+00 1.45e-04
2.16483e+00 1.45e-04
2.16548e+00 1.44e-04
2.16616e+00 1.44e-04
2.16682e+00 1.44e-04
2.16749e+00 1.44e-04
2.16816e+00 1.43e-04
2.16884e+00 1.43e-04
2.16951e+00 1.43e-04
2.17018e+00 1.43e-04
2.17086e+00 1.42e-04
2.17154e+00 1.42e-04
2.17223e+00 1.42e-04
2.17291e+00 1.42e-04
2.17359e+00 1.41e-04
2.17427e+00 1.41e-04
2.17497e+00 1.41e-04
2.17566e+00 1.41e-04
2.17635e+00 1.41e-04
2.17704e+00 1.40e-04
2.17774e+00 1.40e-04
2.17844e+00 1.40e-04
2.17914e+00 1.40e-04
2.17984e+00 1.39e-04
2.18054e+00 1.39e-04
2.18125e+00 1.39e-04
2.18195e+00 1.39e-04
2.18266e+00 1.38e-04
2.18337e+00 1.38e-04
2.18408e+00 1.38e-04
2.18480e+00 1.38e-04
2.18552e+00 1.37e-04
2.18624e+00 1.37e-04
2.18696e+00 1.37e-04
2.18768e+00 1.37e-04
2.18841e+00 1.36e-04
2.18914e+00 1.36e-04
2.18986e+00 1.36e-04
2.19060e+00 1.36e-04
2.19133e+00 1.35e-04
2.19207e+00 1.35e-04
2.19280e+00 1.35e-04
2.19354e+00 1.35e-04
2.19429e+00 1.34e-04
2.19503e+00 1.34e-04
2.19578e+00 1.34e-04
2.19652e+00 1.34e-04
2.19728e+00 1.33e-04
2.19804e+00 1.33e-04
2.19879e+00 1.33e-04
2.19954e+00 1.33e-04
2.20031e+00 1.32e-04
2.20107e+00 1.32e-04
2.20184e+00 1.32e-04
2.20260e+00 1.32e-04
2.20337e+00 1.31e-04
2.20415e+00 1.31e-04
2.20492e+00 1.31e-04
2.20569e+00 1.31e-04
2.20647e+00 1.31e-04
2.20725e+00 1.30e-04
2.20804e+00 1.30e-04
2.20882e+00 1.30e-04
2.20961e+00 1.30e-04
2.21040e+00 1.29e-04
2.21120e+00 1.29e-04
2.21200e+00 1.29e-04
2.21280e+00 1.29e-04
2.21360e+00 1.28e-04
2.21441e+00 1.28e-04
2.21522e+00 1.28e-04
2.21602e+00 1.28e-04
2.21684e+00 1.27e-04
2.21766e+00 1.27e-04
2.21847e+00 1.27e-04
2.21930e+00 1.27e-04
2.22013e+00 1.26e-04
2.22095e+00 1.26e-04
2.22178e+00 1.26e-04
2.22261e+00 1.26e-04
2.22346e+00 1.25e-04
2.22429e+00 1.25e-04
2.22513e+00 1.25e-04
2.22597e+00 1.25e-04
2.22683e+00 1.24e-04
2.22768e+00 1.24e-04
2.22853e+00 1.24e-04
2.22939e+00 1.24e-04
2.23025e+00 1.23e-04
2.23111e+00 1.23e-04
2.23198e+00 1.23e-04
2.23285e+00 1.23e-04
2.23373e+00 1.23e-04
2.23461e+00 1.22e-04
2.23548e+00 1.22e-04
2.23637e+00 1.22e-04
2.23726e+00 1.22e-04
2.23815e+00 1.21e-04
2.23904e+00 1.21e-04
2.23994e+00 1.21e-04
2.24084e+00 1.21e-04
2.24175e+00 1.20e-04
2.24265e+00 1.20e-04
2.24357e+00 1.20e-04
2.24449e+00 1.20e-04
2.24540e+00 1.19e-04
2.24633e+00 1.19e-04
2.24725e+00 1.19e-04
2.24818e+00 1.19e-04
2.24912e+00 1.18e-04
2.25006e+00 1.18e-04
2.25101e+00 1.18e-04
2.25195e+00 1.18e-04
2.25290e+00 1.17e-04
2.25386e+00 1.17e-04
2.25482e+00 1.17e-04
2.25578e+00 1.17e-04
2.25675e+00 1.16e-04
2.25772e+00 1.16e-04
2.25870e+00 1.16e-04
2.25968e+00 1.16e-04
2.26067e+00 1.15e-04
2.26166e+00 1.15e-04
2.26265e+00 1.15e-04
2.26365e+00 1.15e-04
2.26465e+00 1.14e-04
2.26566e+00 1.14e-04
2.26667e+00 1.14e-04
2.26769e+00 1.14e-04
2.26871e+00 1.13e-04
2.26974e+00 1.13e-04
2.27077e+00 1.13e-04
2.27181e+00 1.13e-04
2.27285e+00 1.12e-04
2.27390e+00 1.12e-04
2.27496e+00 1.12e-04
2.27602e+00 1.12e-04
2.27707e+00 1.11e-04
2.27814e+00 1.11e-04
2.27921e+00 1.11e-04
2.28030e+00 1.11e-04
2.28138e+00 1.11e-04
2.28247e+00 1.10e-04
2.28358e+00 1.10e-04
2.28468e+00 1.10e-04
2.28578e+00 1.10e-04
2.28690e+00 1.09e-04
2.28802e+00 1.09e-04
2.28915e+00 1.09e-04
2.29028e+00 1.09e-04
2.29141e+00 1.08e-04
2.29257e+00 1.08e-04
2.29372e+00 1.08e-04
2.29488e+00 1.08e-04
2.29604e+00 1.08e-04
2.29721e+00 1.07e-04
2.29839e+00 1.07e-04
2.29958e+00 1.07e-04
2.30077e+00 1.07e-04
2.30197e+00 1.06e-04
2.30318e+00 1.06e-04
2.30438e+00 1.06e-04
2.30558e+00 1.06e-04
2.30688e+00 1.05e-04
2.30807e+00 1.05e-04
2.30936e+00 1.05e-04
2.31055e+00 1.05e-04
2.31184e+00 1.05e-04
2.31313e+00 1.04e-04
2.31441e+00 1.04e-04
2.31570e+00 1.04e-04
2.31698e+00 1.04e-04
2.31826e+00 1.03e-04
2.31954e+00 1.03e-04
2.32092e+00 1.03e-04
2.32219e+00 1.03e-04
2.32356e+00 1.03e-04
2.32493e+00 1.02e-04
2.32630e+00 1.02e-04
2.32767e+00 1.02e-04
2.32903e+00 1.02e-04
2.33039e+00 1.01e-04
2.33185e+00 1.01e-04
2.33321e+00 1.01e-04
2.33466e+00 1.01e-04
2.33612e+00 1.01e-04
2.33679e+00 1.01e-04
2.33747e+00 1.00e-04
2.33901e+00 1.00e-04
2.34046e+00 9.98e-05
2.34190e+00 9.96e-05
2.34344e+00 9.94e-05
2.34488e+00 9.92e-05
2.34641e+00 9.90e-05
2.34794e+00 9.89e-05
2.34947e+00 9.87e-05
2.35099e+00 9.85e-05
2.35261e+00 9.84e-05
2.35413e+00 9.82e-05
2.35575e+00 9.81e-05
2.35736e+00 9.79e-05
2.35897e+00 9.78e-05
2.36057e+00 9.77e-05
2.36227e+00 9.76e-05
2.36396e+00 9.74e-05
2.36556e+00 9.73e-05
2.37695e+00 9.67e-05
2.38334e+00 9.65e-05
2.39005e+00 9.65e-05
2.39598e+00 9.66e-05
2.40007e+00 9.68e-05
2.40216e+00 9.69e-05
2.40424e+00 9.70e-05
2.40640e+00 9.71e-05
2.40848e+00 9.73e-05
2.41072e+00 9.75e-05
2.41296e+00 9.78e-05
2.41520e+00 9.81e-05
2.41743e+00 9.84e-05
2.41975e+00 9.88e-05
2.42214e+00 9.92e-05
2.42454e+00 9.97e-05
2.42692e+00 1.00e-04
2.42939e+00 1.01e-04
2.43186e+00 1.01e-04
2.43440e+00 1.02e-04
2.43694e+00 1.03e-04
2.43956e+00 1.04e-04
2.44226e+00 1.05e-04
2.44495e+00 1.06e-04
2.44772e+00 1.07e-04
2.45057e+00 1.09e-04
2.45342e+00 1.10e-04
2.45634e+00 1.12e-04
2.45779e+00 1.13e-04
2.45933e+00 1.14e-04
2.46087e+00 1.15e-04
2.46241e+00 1.16e-04
2.46394e+00 1.17e-04
2.46547e+00 1.19e-04
2.46708e+00 1.20e-04
2.46861e+00 1.22e-04
2.47022e+00 1.23e-04
2.47191e+00 1.26e-04
2.47351e+00 1.27e-04
2.47519e+00 1.29e-04
2.47687e+00 1.31e-04
2.47855e+00 1.33e-04
2.48031e+00 1.35e-04
2.48207e+00 1.38e-04
2.48382e+00 1.41e-04
2.48566e+00 1.44e-04
2.48740e+00 1.47e-04
2.48923e+00 1.51e-04
2.49114e+00 1.55e-04
2.49304e+00 1.60e-04
2.49494e+00 1.65e-04
2.49684e+00 1.71e-04
2.49881e+00 1.76e-04
2.50078e+00 1.81e-04
2.50283e+00 1.88e-04
2.50487e+00 1.96e-04
2.50699e+00 2.05e-04
2.50911e+00 2.16e-04
2.51122e+00 2.28e-04
2.51341e+00 2.42e-04
2.51568e+00 2.59e-04
2.51786e+00 3.18e-04
2.52019e+00 3.45e-04
2.52252e+00 2.26e-03
2.52493e+00 4.47e-04
2.52733e+00 4.46e-04
2.52980e+00 4.57e-04
2.53227e+00 5.44e-04
2.53481e+00 7.07e-04
2.53742e+00 8.92e-04
2.54010e+00 1.03e-03
2.54286e+00 1.07e-03
2.54561e+00 1.17e-03
2.54843e+00 1.55e-03
2.55132e+00 2.79e-03
2.55428e+00 2.17e-02
2.55730e+00 2.16e-02
2.56048e+00 9.09e-03
2.56364e+00 1.11e-02
2.56695e+00 2.07e-02
2.57024e+00 1.05e-01
2.57376e+00 3.52e-02
2.57726e+00 1.07e-02
2.58097e+00 4.95e-03
2.58475e+00 2.75e-03
2.58867e+00 1.72e-03
2.59264e+00 1.17e-03
2.59682e+00 8.40e-04
2.60113e+00 6.31e-04
2.60565e+00 4.91e-04
2.61029e+00 3.93e-04
2.61513e+00 3.23e-04
2.62024e+00 2.71e-04
2.62554e+00 2.32e-04
2.63110e+00 2.13e-04
2.63698e+00 1.97e-04
2.64319e+00 1.77e-04
2.64971e+00 1.62e-04
2.65669e+00 1.79e-04
2.66410e+00 2.05e-04
2.67215e+00 4.67e-04
2.68082e+00 5.65e-04
2.69029e+00 2.18e-03
2.70069e+00 2.42e-03
2.71231e+00 1.27e-03
2.72543e+00 1.23e-02
2.74065e+00 3.20e-03
2.75874e+00 2.26e-03
2.78130e+00 3.20e-03
2.81151e+00 5.00e-03
2.85859e+00 4.27e-03
2.99573e+00 2.97e-03
