# OPACITY Project tables
-2.61515e+00 2.46e+02
-2.27341e+00 8.57e+01
-2.07433e+00 4.62e+01
-1.93351e+00 2.99e+01
-1.82455e+00 2.13e+01
-1.73574e+00 1.62e+01
-1.66078e+00 1.28e+01
-1.59603e+00 1.05e+01
-1.53898e+00 8.81e+00
-1.48802e+00 7.52e+00
-1.44198e+00 6.52e+00
-1.40003e+00 5.73e+00
-1.36148e+00 5.09e+00
-1.32584e+00 4.55e+00
-1.29269e+00 4.11e+00
-1.26174e+00 3.74e+00
-1.23268e+00 3.42e+00
-1.20531e+00 3.14e+00
-1.17944e+00 2.90e+00
-1.15493e+00 2.69e+00
-1.13165e+00 2.50e+00
-1.10945e+00 2.34e+00
-1.08827e+00 2.19e+00
-1.06799e+00 2.06e+00
-1.04857e+00 1.94e+00
-1.02994e+00 1.83e+00
-1.01200e+00 1.73e+00
-9.94739e-01 1.64e+00
-9.78086e-01 1.56e+00
-9.62021e-01 1.49e+00
-9.46492e-01 1.42e+00
-9.31455e-01 1.35e+00
-9.16916e-01 1.30e+00
-9.02807e-01 1.24e+00
-8.89113e-01 1.19e+00
-8.75797e-01 1.14e+00
-8.62868e-01 1.10e+00
-8.50292e-01 1.06e+00
-8.38057e-01 1.02e+00
-8.26130e-01 9.84e-01
-8.14502e-01 9.49e-01
-8.03185e-01 9.17e-01
-7.92106e-01 8.87e-01
-7.81301e-01 8.58e-01
-7.70741e-01 8.31e-01
-7.60420e-01 8.06e-01
-7.50331e-01 7.82e-01
-7.40469e-01 7.59e-01
-7.30787e-01 7.37e-01
-7.21320e-01 7.16e-01
-7.12045e-01 6.97e-01
-7.02955e-01 6.78e-01
-6.94048e-01 6.60e-01
-6.85298e-01 6.43e-01
-6.76723e-01 6.27e-01
-6.68298e-01 6.11e-01
-6.60041e-01 5.96e-01
-6.51909e-01 5.82e-01
-6.43938e-01 5.68e-01
-6.36087e-01 5.55e-01
-6.28390e-01 5.42e-01
-6.20808e-01 5.30e-01
-6.13357e-01 5.19e-01
-5.98801e-01 4.99e-01
-5.91692e-01 4.88e-01
-5.84687e-01 4.78e-01
-5.77803e-01 4.69e-01
-5.71018e-01 4.60e-01
-5.64314e-01 4.51e-01
-5.57725e-01 4.42e-01
-5.51231e-01 4.34e-01
-5.44831e-01 4.26e-01
-5.38505e-01 4.18e-01
-5.32288e-01 4.11e-01
-5.26142e-01 4.04e-01
-5.20085e-01 3.97e-01
-5.14098e-01 3.90e-01
-5.08196e-01 3.84e-01
-5.02362e-01 3.77e-01
-4.96610e-01 3.71e-01
-4.90925e-01 3.65e-01
-4.79779e-01 3.54e-01
-4.68884e-01 3.44e-01
-4.58265e-01 3.34e-01
-4.47882e-01 3.25e-01
-4.37730e-01 3.16e-01
-4.27803e-01 3.08e-01
-4.18095e-01 3.00e-01
-4.08585e-01 2.93e-01
-3.99284e-01 2.86e-01
-3.94688e-01 2.82e-01
-3.85662e-01 2.76e-01
-3.76819e-01 2.71e-01
-3.68126e-01 2.66e-01
-3.59622e-01 2.61e-01
-3.51261e-01 2.56e-01
-3.43054e-01 2.52e-01
-3.34997e-01 2.47e-01
-3.27088e-01 2.43e-01
-3.19310e-01 2.39e-01
-3.11661e-01 2.35e-01
-3.04150e-01 2.31e-01
-2.96750e-01 2.28e-01
-2.89484e-01 2.24e-01
-2.82323e-01 2.21e-01
-2.75279e-01 2.18e-01
-2.68350e-01 2.15e-01
-2.61521e-01 2.12e-01
-2.54802e-01 2.10e-01
-2.48167e-01 2.07e-01
-2.41639e-01 2.05e-01
-2.35203e-01 2.02e-01
-2.28860e-01 2.00e-01
-2.22606e-01 1.98e-01
-2.16441e-01 1.96e-01
-2.10363e-01 1.94e-01
-2.07344e-01 1.92e-01
-2.01382e-01 1.90e-01
-1.95504e-01 1.88e-01
-1.89697e-01 1.87e-01
-1.83971e-01 1.85e-01
-1.78314e-01 1.83e-01
-1.72724e-01 1.81e-01
-1.67200e-01 1.80e-01
-1.61755e-01 1.78e-01
-1.56373e-01 1.77e-01
-1.53699e-01 1.76e-01
-1.48407e-01 1.75e-01
-1.43189e-01 1.74e-01
-1.38021e-01 1.72e-01
-1.32914e-01 1.71e-01
-1.27867e-01 1.70e-01
-1.22868e-01 1.69e-01
-1.17928e-01 1.68e-01
-1.13057e-01 1.67e-01
-1.08220e-01 1.66e-01
-1.03440e-01 1.65e-01
-9.87160e-02 1.64e-01
-9.40360e-02 1.63e-01
-8.94106e-02 1.62e-01
-8.48283e-02 1.61e-01
-8.02994e-02 1.61e-01
-7.58125e-02 1.60e-01
-7.13671e-02 1.59e-01
-6.69735e-02 1.59e-01
-6.26097e-02 1.58e-01
-5.82967e-02 1.57e-01
-5.40233e-02 1.57e-01
-5.19040e-02 1.57e-01
-4.97997e-02 1.56e-01
-3.93959e-02 1.56e-01
-3.73385e-02 1.55e-01
-3.32673e-02 1.54e-01
-2.92229e-02 1.54e-01
-2.52255e-02 1.53e-01
-2.12543e-02 1.53e-01
-1.73293e-02 1.53e-01
-1.34298e-02 1.52e-01
-1.14958e-02 1.52e-01
-9.56560e-03 1.52e-01
-5.73642e-03 1.52e-01
-1.94188e-03 1.52e-01
1.79838e-03 1.51e-01
5.58438e-03 1.51e-01
9.25702e-03 1.51e-01
1.11377e-02 1.51e-01
1.29162e-02 1.51e-01
1.47901e-02 1.51e-01
2.01947e-02 1.51e-01
2.90732e-02 1.51e-01
3.25640e-02 1.51e-01
3.60426e-02 1.51e-01
4.12379e-02 1.51e-01
4.64064e-02 1.51e-01
4.97421e-02 1.51e-01
5.30667e-02 1.51e-01
5.47722e-02 1.52e-01
5.64748e-02 1.52e-01
5.80802e-02 1.52e-01
6.13773e-02 1.52e-01
6.46635e-02 1.52e-01
6.62558e-02 1.53e-01
6.95261e-02 1.53e-01
7.26927e-02 1.53e-01
7.58493e-02 1.53e-01
7.74239e-02 1.53e-01
7.90884e-02 1.53e-01
8.06579e-02 1.54e-01
8.22249e-02 1.54e-01
8.37895e-02 1.54e-01
8.68197e-02 1.55e-01
8.99321e-02 1.55e-01
9.14847e-02 1.55e-01
9.44917e-02 1.55e-01
9.75803e-02 1.56e-01
1.00569e-01 1.56e-01
1.02015e-01 1.56e-01
1.03549e-01 1.57e-01
1.05080e-01 1.57e-01
1.06520e-01 1.58e-01
1.07957e-01 1.58e-01
1.09482e-01 1.58e-01
1.10915e-01 1.59e-01
1.12435e-01 1.59e-01
1.13864e-01 1.59e-01
1.15291e-01 1.59e-01
1.16805e-01 1.60e-01
1.18227e-01 1.60e-01
1.19648e-01 1.60e-01
1.22483e-01 1.61e-01
1.23898e-01 1.61e-01
1.25398e-01 1.61e-01
1.26809e-01 1.62e-01
1.28217e-01 1.62e-01
1.29624e-01 1.62e-01
1.32431e-01 1.63e-01
1.33831e-01 1.63e-01
1.35143e-01 1.64e-01
1.36539e-01 1.64e-01
1.39327e-01 1.65e-01
1.40718e-01 1.65e-01
1.42107e-01 1.65e-01
1.43407e-01 1.66e-01
1.44793e-01 1.66e-01
1.46176e-01 1.67e-01
1.47471e-01 1.67e-01
1.48851e-01 1.68e-01
1.50229e-01 1.69e-01
1.52893e-01 1.69e-01
1.54179e-01 1.70e-01
1.56833e-01 1.71e-01
1.58200e-01 1.71e-01
1.59479e-01 1.72e-01
1.60757e-01 1.73e-01
1.62119e-01 1.73e-01
1.64751e-01 1.75e-01
1.66023e-01 1.75e-01
1.67293e-01 1.75e-01
1.68561e-01 1.76e-01
1.69912e-01 1.77e-01
1.71176e-01 1.78e-01
1.72440e-01 1.78e-01
1.73701e-01 1.79e-01
1.74961e-01 1.80e-01
1.76220e-01 1.81e-01
1.77477e-01 1.81e-01
1.78732e-01 1.81e-01
1.80069e-01 1.81e-01
1.81321e-01 1.82e-01
1.82572e-01 1.82e-01
1.83737e-01 1.83e-01
1.84985e-01 1.83e-01
1.86231e-01 1.83e-01
1.87475e-01 1.84e-01
1.88718e-01 1.84e-01
1.91199e-01 1.85e-01
1.92437e-01 1.86e-01
1.93591e-01 1.87e-01
1.94826e-01 1.87e-01
1.97292e-01 1.88e-01
1.98441e-01 1.89e-01
2.00898e-01 1.90e-01
2.02042e-01 1.91e-01
2.03267e-01 1.92e-01
2.04409e-01 1.92e-01
2.05631e-01 1.93e-01
2.06770e-01 1.94e-01
2.07989e-01 1.95e-01
2.09126e-01 1.96e-01
2.10342e-01 1.97e-01
2.11476e-01 1.97e-01
2.12689e-01 1.97e-01
2.13820e-01 1.98e-01
2.15031e-01 1.99e-01
2.16159e-01 2.00e-01
2.17286e-01 2.01e-01
2.18493e-01 2.01e-01
2.19617e-01 2.02e-01
2.21943e-01 2.02e-01
2.23064e-01 2.03e-01
2.24183e-01 2.04e-01
2.25301e-01 2.05e-01
2.26418e-01 2.05e-01
2.27614e-01 2.06e-01
2.28728e-01 2.07e-01
2.29841e-01 2.08e-01
2.30953e-01 2.08e-01
2.32064e-01 2.09e-01
2.34281e-01 2.10e-01
2.36494e-01 2.11e-01
2.38702e-01 2.13e-01
2.40905e-01 2.14e-01
2.42005e-01 2.15e-01
2.43103e-01 2.16e-01
2.45296e-01 2.17e-01
2.47407e-01 2.19e-01
2.49591e-01 2.20e-01
2.50681e-01 2.21e-01
2.51692e-01 2.22e-01
2.52780e-01 2.22e-01
2.53867e-01 2.23e-01
2.54875e-01 2.24e-01
2.57042e-01 2.25e-01
2.59128e-01 2.26e-01
2.61210e-01 2.28e-01
2.62287e-01 2.29e-01
2.64362e-01 2.30e-01
2.66433e-01 2.31e-01
2.68499e-01 2.33e-01
2.70561e-01 2.34e-01
2.72619e-01 2.35e-01
2.73609e-01 2.36e-01
2.75660e-01 2.37e-01
2.77632e-01 2.38e-01
2.79675e-01 2.39e-01
2.81639e-01 2.40e-01
2.83674e-01 2.42e-01
2.85630e-01 2.43e-01
2.87582e-01 2.44e-01
2.89605e-01 2.45e-01
2.91550e-01 2.46e-01
2.93490e-01 2.47e-01
2.95427e-01 2.48e-01
2.97360e-01 2.49e-01
2.99289e-01 2.50e-01
3.01215e-01 2.50e-01
3.03137e-01 2.51e-01
3.04982e-01 2.52e-01
3.06896e-01 2.52e-01
3.08807e-01 2.53e-01
3.10641e-01 2.54e-01
3.12545e-01 2.54e-01
3.14373e-01 2.55e-01
3.16270e-01 2.55e-01
3.18090e-01 2.56e-01
3.19907e-01 2.56e-01
3.21794e-01 2.57e-01
3.23604e-01 2.57e-01
3.25411e-01 2.57e-01
3.27215e-01 2.57e-01
3.37044e-01 2.58e-01
3.45786e-01 2.57e-01
3.47483e-01 2.57e-01
3.49247e-01 2.57e-01
3.50939e-01 2.57e-01
3.52627e-01 2.56e-01
3.54382e-01 2.56e-01
3.56065e-01 2.55e-01
3.57744e-01 2.55e-01
3.59421e-01 2.54e-01
3.61095e-01 2.54e-01
3.62766e-01 2.53e-01
3.64435e-01 2.53e-01
3.65268e-01 2.52e-01
3.66932e-01 2.51e-01
3.67763e-01 2.51e-01
3.69354e-01 2.50e-01
3.71012e-01 2.49e-01
3.72666e-01 2.49e-01
3.74318e-01 2.48e-01
3.75075e-01 2.48e-01
3.76723e-01 2.47e-01
3.78299e-01 2.45e-01
3.79942e-01 2.44e-01
3.81514e-01 2.43e-01
3.83151e-01 2.42e-01
3.84718e-01 2.42e-01
3.86282e-01 2.41e-01
3.87912e-01 2.39e-01
3.89471e-01 2.38e-01
3.91028e-01 2.37e-01
3.91839e-01 2.37e-01
3.93393e-01 2.35e-01
3.94943e-01 2.34e-01
3.96492e-01 2.33e-01
3.98038e-01 2.32e-01
3.98776e-01 2.31e-01
4.00319e-01 2.30e-01
4.01859e-01 2.29e-01
4.03396e-01 2.28e-01
4.04932e-01 2.26e-01
4.06465e-01 2.25e-01
4.07929e-01 2.24e-01
4.09457e-01 2.23e-01
4.10983e-01 2.21e-01
4.12441e-01 2.20e-01
4.13962e-01 2.19e-01
4.15415e-01 2.17e-01
4.16932e-01 2.16e-01
4.18381e-01 2.15e-01
4.19828e-01 2.13e-01
4.20616e-01 2.13e-01
4.21338e-01 2.12e-01
4.22060e-01 2.11e-01
4.23501e-01 2.10e-01
4.25006e-01 2.09e-01
4.26444e-01 2.07e-01
4.27879e-01 2.06e-01
4.29312e-01 2.05e-01
4.30743e-01 2.03e-01
4.32172e-01 2.02e-01
4.33599e-01 2.01e-01
4.35024e-01 1.99e-01
4.36447e-01 1.98e-01
4.37868e-01 1.97e-01
4.39287e-01 1.95e-01
4.40704e-01 1.94e-01
4.42118e-01 1.93e-01
4.43467e-01 1.92e-01
4.44878e-01 1.90e-01
4.45583e-01 1.90e-01
4.46287e-01 1.89e-01
4.47630e-01 1.88e-01
4.49035e-01 1.86e-01
4.50438e-01 1.85e-01
4.51776e-01 1.84e-01
4.53175e-01 1.83e-01
4.54509e-01 1.81e-01
4.55841e-01 1.80e-01
4.57235e-01 1.79e-01
4.58563e-01 1.78e-01
4.59953e-01 1.76e-01
4.61278e-01 1.75e-01
4.62601e-01 1.74e-01
4.63923e-01 1.73e-01
4.65305e-01 1.72e-01
4.66623e-01 1.71e-01
4.67939e-01 1.69e-01
4.69253e-01 1.68e-01
4.69941e-01 1.68e-01
4.71253e-01 1.67e-01
4.72563e-01 1.66e-01
4.73871e-01 1.64e-01
4.75178e-01 1.63e-01
4.76420e-01 1.62e-01
4.77724e-01 1.61e-01
4.79025e-01 1.60e-01
4.79706e-01 1.59e-01
4.80325e-01 1.59e-01
4.80944e-01 1.58e-01
4.82241e-01 1.57e-01
4.83537e-01 1.56e-01
4.84831e-01 1.55e-01
4.86062e-01 1.54e-01
4.87352e-01 1.53e-01
4.88641e-01 1.52e-01
4.89868e-01 1.51e-01
4.90480e-01 1.50e-01
4.91153e-01 1.50e-01
4.92376e-01 1.49e-01
4.93659e-01 1.48e-01
4.94879e-01 1.47e-01
4.96159e-01 1.46e-01
4.97376e-01 1.45e-01
4.98591e-01 1.44e-01
4.99259e-01 1.44e-01
5.00472e-01 1.43e-01
5.01684e-01 1.42e-01
5.02955e-01 1.41e-01
5.04163e-01 1.40e-01
5.05371e-01 1.39e-01
5.06577e-01 1.38e-01
5.07781e-01 1.37e-01
5.09044e-01 1.36e-01
5.10245e-01 1.36e-01
5.11445e-01 1.35e-01
5.12045e-01 1.34e-01
5.12644e-01 1.34e-01
5.13243e-01 1.34e-01
5.14439e-01 1.33e-01
5.15037e-01 1.32e-01
5.15634e-01 1.32e-01
5.16828e-01 1.31e-01
5.18020e-01 1.30e-01
5.19210e-01 1.29e-01
5.20340e-01 1.29e-01
5.20934e-01 1.28e-01
5.21528e-01 1.28e-01
5.22122e-01 1.28e-01
5.22715e-01 1.27e-01
5.23900e-01 1.26e-01
5.25083e-01 1.26e-01
5.26207e-01 1.25e-01
5.26797e-01 1.25e-01
5.27388e-01 1.24e-01
5.27978e-01 1.24e-01
5.29157e-01 1.23e-01
5.30275e-01 1.22e-01
5.31451e-01 1.21e-01
5.32568e-01 1.21e-01
5.33741e-01 1.20e-01
5.34855e-01 1.19e-01
5.36025e-01 1.19e-01
5.37136e-01 1.18e-01
5.38305e-01 1.17e-01
5.39413e-01 1.17e-01
5.40579e-01 1.16e-01
5.41103e-01 1.16e-01
5.42266e-01 1.15e-01
5.43370e-01 1.14e-01
5.44473e-01 1.14e-01
5.45633e-01 1.13e-01
5.46733e-01 1.13e-01
5.47832e-01 1.12e-01
5.48410e-01 1.12e-01
5.48930e-01 1.12e-01
5.49508e-01 1.11e-01
5.50085e-01 1.11e-01
5.51180e-01 1.10e-01
5.51699e-01 1.10e-01
5.52275e-01 1.10e-01
5.53368e-01 1.09e-01
5.54460e-01 1.09e-01
5.55550e-01 1.08e-01
5.56640e-01 1.08e-01
5.57728e-01 1.07e-01
5.58815e-01 1.07e-01
5.59901e-01 1.06e-01
5.60986e-01 1.06e-01
5.62070e-01 1.06e-01
5.63152e-01 1.05e-01
5.64234e-01 1.05e-01
5.65314e-01 1.04e-01
5.66393e-01 1.04e-01
5.67471e-01 1.04e-01
5.67981e-01 1.03e-01
5.68491e-01 1.03e-01
5.69057e-01 1.03e-01
5.69566e-01 1.03e-01
5.70641e-01 1.03e-01
5.71149e-01 1.02e-01
5.72222e-01 1.02e-01
5.73293e-01 1.01e-01
5.74307e-01 1.01e-01
5.75377e-01 1.01e-01
5.76445e-01 1.00e-01
5.77456e-01 1.00e-01
5.77961e-01 1.00e-01
5.78522e-01 9.98e-02
5.79026e-01 9.97e-02
5.79530e-01 9.95e-02
5.80594e-01 9.92e-02
5.81601e-01 9.89e-02
5.82662e-01 9.85e-02
5.83667e-01 9.83e-02
5.84726e-01 9.81e-02
5.85729e-01 9.78e-02
5.86786e-01 9.76e-02
5.87287e-01 9.75e-02
5.87787e-01 9.73e-02
5.88786e-01 9.71e-02
5.89286e-01 9.69e-02
5.89840e-01 9.69e-02
5.90339e-01 9.67e-02
5.91336e-01 9.64e-02
5.91834e-01 9.63e-02
5.92332e-01 9.62e-02
5.93382e-01 9.60e-02
5.93879e-01 9.59e-02
5.94376e-01 9.59e-02
5.95369e-01 9.57e-02
5.95865e-01 9.60e-02
5.96361e-01 9.56e-02
5.96857e-01 9.53e-02
5.97902e-01 9.51e-02
5.98891e-01 9.50e-02
5.99880e-01 9.48e-02
6.00867e-01 9.46e-02
6.01361e-01 9.45e-02
6.02347e-01 9.43e-02
6.03332e-01 9.41e-02
6.04316e-01 9.40e-02
6.05299e-01 9.39e-02
6.05790e-01 9.38e-02
6.06772e-01 9.36e-02
6.07753e-01 9.34e-02
6.08732e-01 9.33e-02
6.09711e-01 9.32e-02
6.10689e-01 9.31e-02
6.11666e-01 9.30e-02
6.12642e-01 9.28e-02
6.14591e-01 9.26e-02
6.15023e-01 9.26e-02
6.15996e-01 9.25e-02
6.16968e-01 9.24e-02
6.17453e-01 9.23e-02
6.20308e-01 9.21e-02
6.21759e-01 9.19e-02
6.22671e-01 9.18e-02
6.24119e-01 9.16e-02
6.25082e-01 9.15e-02
6.25992e-01 9.14e-02
6.27435e-01 9.13e-02
6.28822e-01 9.13e-02
6.29728e-01 9.12e-02
6.30207e-01 9.11e-02
6.31165e-01 9.12e-02
6.32069e-01 9.11e-02
6.33928e-01 9.10e-02
6.34405e-01 9.09e-02
6.36683e-01 9.09e-02
6.37634e-01 9.09e-02
6.38110e-01 9.08e-02
6.39483e-01 9.07e-02
6.40379e-01 9.08e-02
6.40853e-01 9.06e-02
6.41275e-01 9.05e-02
6.43537e-01 9.06e-02
6.44482e-01 9.05e-02
6.48516e-01 9.03e-02
6.53886e-01 9.02e-02
6.54302e-01 9.03e-02
6.55653e-01 9.02e-02
6.56535e-01 9.02e-02
6.59642e-01 9.01e-02
6.71719e-01 9.01e-02
6.72179e-01 9.01e-02
6.72587e-01 9.03e-02
6.73047e-01 9.01e-02
6.75136e-01 9.02e-02
6.84409e-01 9.06e-02
6.86475e-01 9.07e-02
6.94297e-01 9.11e-02
6.94696e-01 9.12e-02
6.95145e-01 9.11e-02
7.03592e-01 9.15e-02
7.03988e-01 9.16e-02
7.05619e-01 9.16e-02
7.06014e-01 9.17e-02
7.11920e-01 9.17e-02
7.17791e-01 9.16e-02
7.18571e-01 9.17e-02
7.18961e-01 9.16e-02
7.25518e-01 9.16e-02
7.28949e-01 9.18e-02
7.36494e-01 9.22e-02
7.38742e-01 9.25e-02
7.45408e-01 9.33e-02
7.49811e-01 9.39e-02
7.52736e-01 9.43e-02
7.53442e-01 9.44e-02
7.54148e-01 9.45e-02
7.54901e-01 9.46e-02
7.55605e-01 9.48e-02
7.56357e-01 9.49e-02
7.57061e-01 9.50e-02
7.57764e-01 9.52e-02
7.58467e-01 9.53e-02
7.59216e-01 9.55e-02
7.59918e-01 9.56e-02
7.60619e-01 9.58e-02
7.61366e-01 9.60e-02
7.62067e-01 9.61e-02
7.62767e-01 9.63e-02
7.63466e-01 9.65e-02
7.64211e-01 9.67e-02
7.64910e-01 9.68e-02
7.65607e-01 9.70e-02
7.66305e-01 9.72e-02
7.67002e-01 9.74e-02
7.67698e-01 9.76e-02
7.68440e-01 9.79e-02
7.69136e-01 9.81e-02
7.69830e-01 9.83e-02
7.70525e-01 9.85e-02
7.71219e-01 9.88e-02
7.71912e-01 9.90e-02
7.72605e-01 9.92e-02
7.73298e-01 9.95e-02
7.73990e-01 9.97e-02
7.74681e-01 9.99e-02
7.75418e-01 1.00e-01
7.76109e-01 1.00e-01
7.76799e-01 1.01e-01
7.77488e-01 1.01e-01
7.78177e-01 1.01e-01
7.78866e-01 1.01e-01
7.79554e-01 1.02e-01
7.80242e-01 1.02e-01
7.80929e-01 1.02e-01
7.81570e-01 1.03e-01
7.82256e-01 1.03e-01
7.82942e-01 1.03e-01
7.83628e-01 1.03e-01
7.84312e-01 1.04e-01
7.84997e-01 1.04e-01
7.85681e-01 1.04e-01
7.86364e-01 1.04e-01
7.87047e-01 1.05e-01
7.87730e-01 1.05e-01
7.88366e-01 1.05e-01
7.89048e-01 1.05e-01
7.89729e-01 1.06e-01
7.90410e-01 1.06e-01
7.91090e-01 1.06e-01
7.91770e-01 1.06e-01
7.92404e-01 1.07e-01
7.93083e-01 1.07e-01
7.93761e-01 1.07e-01
7.94439e-01 1.07e-01
7.95117e-01 1.08e-01
7.95749e-01 1.08e-01
7.96426e-01 1.08e-01
7.97102e-01 1.08e-01
7.97732e-01 1.09e-01
7.98408e-01 1.09e-01
7.99083e-01 1.09e-01
7.99757e-01 1.09e-01
8.00386e-01 1.10e-01
8.01059e-01 1.10e-01
8.01732e-01 1.10e-01
8.02360e-01 1.10e-01
8.03032e-01 1.11e-01
8.03704e-01 1.11e-01
8.04331e-01 1.11e-01
8.05002e-01 1.11e-01
8.05627e-01 1.12e-01
8.06297e-01 1.12e-01
8.06967e-01 1.12e-01
8.07591e-01 1.12e-01
8.08260e-01 1.13e-01
8.08884e-01 1.13e-01
8.09551e-01 1.13e-01
8.10174e-01 1.13e-01
8.10841e-01 1.13e-01
8.11463e-01 1.14e-01
8.12129e-01 1.14e-01
8.12751e-01 1.14e-01
8.13416e-01 1.14e-01
8.14036e-01 1.14e-01
8.14701e-01 1.15e-01
8.15321e-01 1.15e-01
8.15984e-01 1.15e-01
8.16603e-01 1.15e-01
8.17266e-01 1.15e-01
8.17884e-01 1.16e-01
8.20749e-01 1.16e-01
8.26716e-01 1.17e-01
8.32648e-01 1.17e-01
8.37291e-01 1.17e-01
8.48226e-01 1.17e-01
8.55946e-01 1.16e-01
8.59509e-01 1.16e-01
8.61243e-01 1.16e-01
8.63607e-01 1.15e-01
8.78838e-01 1.13e-01
8.87562e-01 1.11e-01
8.90604e-01 1.11e-01
8.96415e-01 1.11e-01
9.01583e-01 1.11e-01
9.06483e-01 1.11e-01
9.09669e-01 1.11e-01
9.12885e-01 1.12e-01
9.16611e-01 1.12e-01
9.19246e-01 1.13e-01
9.21875e-01 1.13e-01
9.26043e-01 1.14e-01
9.38639e-01 1.17e-01
9.46432e-01 1.18e-01
9.51696e-01 1.19e-01
9.57356e-01 1.19e-01
9.64433e-01 1.19e-01
9.71650e-01 1.19e-01
9.75012e-01 1.19e-01
9.77875e-01 1.18e-01
9.80692e-01 1.18e-01
9.83052e-01 1.17e-01
9.89132e-01 1.16e-01
9.97649e-01 1.14e-01
1.01146e+00 1.11e-01
1.02144e+00 1.10e-01
1.02737e+00 1.09e-01
1.03365e+00 1.09e-01
1.05730e+00 1.08e-01
1.06392e+00 1.07e-01
1.06963e+00 1.07e-01
1.07773e+00 1.06e-01
1.08292e+00 1.05e-01
1.09808e+00 1.02e-01
1.09828e+00 1.02e-01
1.11403e+00 9.93e-02
1.12551e+00 9.73e-02
1.12943e+00 9.68e-02
1.13588e+00 9.63e-02
1.14193e+00 9.60e-02
1.14918e+00 9.60e-02
1.16577e+00 9.64e-02
1.18848e+00 9.63e-02
1.20021e+00 9.62e-02
1.22242e+00 9.61e-02
1.22601e+00 9.60e-02
1.23023e+00 9.57e-02
1.25165e+00 9.37e-02
1.25670e+00 9.30e-02
1.26325e+00 9.21e-02
1.26700e+00 9.15e-02
1.27455e+00 9.01e-02
1.27718e+00 8.98e-02
1.28007e+00 8.95e-02
1.29297e+00 8.88e-02
1.29763e+00 8.87e-02
1.29959e+00 8.87e-02
1.30229e+00 8.88e-02
1.30242e+00 8.89e-02
1.30733e+00 8.90e-02
1.32397e+00 8.85e-02
1.32747e+00 8.81e-02
1.33039e+00 8.77e-02
1.33358e+00 8.71e-02
1.33703e+00 8.64e-02
1.35292e+00 8.28e-02
1.35987e+00 8.15e-02
1.37237e+00 7.95e-02
1.38809e+00 7.74e-02
1.39387e+00 7.66e-02
1.40099e+00 7.56e-02
1.43010e+00 7.10e-02
1.43532e+00 7.03e-02
1.45168e+00 6.85e-02
1.46080e+00 6.78e-02
1.48256e+00 6.61e-02
1.49582e+00 6.46e-02
1.50268e+00 6.38e-02
1.51675e+00 6.27e-02
1.53833e+00 6.13e-02
1.53846e+00 6.14e-02
1.55202e+00 6.07e-02
1.55789e+00 6.03e-02
1.58007e+00 5.87e-02
1.60225e+00 5.66e-02
1.63188e+00 5.35e-02
1.64509e+00 5.21e-02
1.65525e+00 5.11e-02
1.66260e+00 5.05e-02
1.66970e+00 5.01e-02
1.67827e+00 4.97e-02
1.68334e+00 4.94e-02
1.68347e+00 4.94e-02
1.69365e+00 4.89e-02
1.70271e+00 4.83e-02
1.70983e+00 4.79e-02
1.72334e+00 4.70e-02
1.72814e+00 4.65e-02
1.74589e+00 4.45e-02
1.75554e+00 4.33e-02
1.76941e+00 4.18e-02
1.77648e+00 4.12e-02
1.78723e+00 4.05e-02
1.79542e+00 4.00e-02
1.80568e+00 3.93e-02
1.80726e+00 3.93e-02
1.80753e+00 3.93e-02
1.80768e+00 3.92e-02
1.81751e+00 3.86e-02
1.81765e+00 3.86e-02
1.81795e+00 3.86e-02
1.81809e+00 3.85e-02
1.82995e+00 3.77e-02
1.84666e+00 3.66e-02
1.84968e+00 3.63e-02
1.85423e+00 3.60e-02
1.86592e+00 3.50e-02
1.86701e+00 3.49e-02
1.87183e+00 3.45e-02
1.87231e+00 3.45e-02
1.87246e+00 3.45e-02
1.88145e+00 3.37e-02
1.88928e+00 3.32e-02
1.90344e+00 3.22e-02
1.92169e+00 3.12e-02
1.92288e+00 3.11e-02
1.92305e+00 3.11e-02
1.92339e+00 3.11e-02
1.95164e+00 2.93e-02
1.95928e+00 2.88e-02
1.96666e+00 2.83e-02
1.96910e+00 2.82e-02
1.96928e+00 2.82e-02
1.96985e+00 2.82e-02
1.97286e+00 2.80e-02
1.97570e+00 2.78e-02
1.97588e+00 2.78e-02
1.97608e+00 2.78e-02
1.99274e+00 2.67e-02
1.99373e+00 2.67e-02
2.00886e+00 2.58e-02
2.01257e+00 2.56e-02
2.01278e+00 2.56e-02
2.01298e+00 2.55e-02
2.01800e+00 2.53e-02
2.01989e+00 2.51e-02
2.02010e+00 2.52e-02
2.02032e+00 2.52e-02
2.02053e+00 2.51e-02
2.03147e+00 2.45e-02
2.03168e+00 2.45e-02
2.03190e+00 2.45e-02
2.03497e+00 2.43e-02
2.03762e+00 2.42e-02
2.04838e+00 2.36e-02
2.04884e+00 2.36e-02
2.04929e+00 2.36e-02
2.04976e+00 2.35e-02
2.05067e+00 2.35e-02
2.05113e+00 2.35e-02
2.05158e+00 2.34e-02
2.05204e+00 2.34e-02
2.05251e+00 2.34e-02
2.05297e+00 2.34e-02
2.05482e+00 2.33e-02
2.05505e+00 2.33e-02
2.05551e+00 2.32e-02
2.05598e+00 2.32e-02
2.05644e+00 2.32e-02
2.05691e+00 2.32e-02
2.05737e+00 2.31e-02
2.05785e+00 2.31e-02
2.05831e+00 2.31e-02
2.05878e+00 2.31e-02
2.05925e+00 2.30e-02
2.05972e+00 2.30e-02
2.06020e+00 2.30e-02
2.06067e+00 2.30e-02
2.06114e+00 2.30e-02
2.06161e+00 2.29e-02
2.06208e+00 2.29e-02
2.06255e+00 2.29e-02
2.06303e+00 2.29e-02
2.06350e+00 2.28e-02
2.06399e+00 2.28e-02
2.06445e+00 2.28e-02
2.06494e+00 2.28e-02
2.06541e+00 2.27e-02
2.06589e+00 2.27e-02
2.06637e+00 2.27e-02
2.06685e+00 2.27e-02
2.06781e+00 2.26e-02
2.06805e+00 2.26e-02
2.06853e+00 2.26e-02
2.06901e+00 2.26e-02
2.06949e+00 2.25e-02
2.06998e+00 2.25e-02
2.07046e+00 2.25e-02
2.07096e+00 2.25e-02
2.07143e+00 2.24e-02
2.07193e+00 2.24e-02
2.07242e+00 2.24e-02
2.07290e+00 2.24e-02
2.07339e+00 2.23e-02
2.07634e+00 2.22e-02
2.08408e+00 2.18e-02
2.08459e+00 2.18e-02
2.08509e+00 2.18e-02
2.08560e+00 2.17e-02
2.08611e+00 2.17e-02
2.08662e+00 2.17e-02
2.08712e+00 2.17e-02
2.08763e+00 2.16e-02
2.08814e+00 2.16e-02
2.08866e+00 2.16e-02
2.08917e+00 2.16e-02
2.08969e+00 2.15e-02
2.09020e+00 2.15e-02
2.09072e+00 2.15e-02
2.09123e+00 2.15e-02
2.09175e+00 2.14e-02
2.09227e+00 2.14e-02
2.09279e+00 2.14e-02
2.09331e+00 2.14e-02
2.09383e+00 2.13e-02
2.09434e+00 2.13e-02
2.09487e+00 2.13e-02
2.09539e+00 2.13e-02
2.09592e+00 2.12e-02
2.09643e+00 2.12e-02
2.09696e+00 2.12e-02
2.09749e+00 2.12e-02
2.09802e+00 2.11e-02
2.09855e+00 2.11e-02
2.09907e+00 2.11e-02
2.09960e+00 2.11e-02
2.10014e+00 2.10e-02
2.10066e+00 2.10e-02
2.10120e+00 2.10e-02
2.10173e+00 2.10e-02
2.10227e+00 2.10e-02
2.10280e+00 2.09e-02
2.10334e+00 2.09e-02
2.10388e+00 2.09e-02
2.10441e+00 2.08e-02
2.10495e+00 2.08e-02
2.10549e+00 2.08e-02
2.10603e+00 2.08e-02
2.10657e+00 2.07e-02
2.10712e+00 2.07e-02
2.10766e+00 2.07e-02
2.10820e+00 2.07e-02
2.10875e+00 2.07e-02
2.10929e+00 2.06e-02
2.10985e+00 2.06e-02
2.11012e+00 2.07e-02
2.11040e+00 2.06e-02
2.11094e+00 2.06e-02
2.11150e+00 2.05e-02
2.11204e+00 2.05e-02
2.11260e+00 2.05e-02
2.11315e+00 2.04e-02
2.11371e+00 2.04e-02
2.11427e+00 2.04e-02
2.11482e+00 2.04e-02
2.11538e+00 2.03e-02
2.11593e+00 2.03e-02
2.11650e+00 2.03e-02
2.11705e+00 2.03e-02
2.11762e+00 2.02e-02
2.11818e+00 2.02e-02
2.11875e+00 2.02e-02
2.11931e+00 2.02e-02
2.11988e+00 2.01e-02
2.12044e+00 2.01e-02
2.12100e+00 2.01e-02
2.12129e+00 2.01e-02
2.12158e+00 2.01e-02
2.12187e+00 2.01e-02
2.12243e+00 2.00e-02
2.12300e+00 2.00e-02
2.12358e+00 2.00e-02
2.12415e+00 1.99e-02
2.12473e+00 1.99e-02
2.12530e+00 1.99e-02
2.12588e+00 1.99e-02
2.12646e+00 1.98e-02
2.12704e+00 1.98e-02
2.12761e+00 1.98e-02
2.12820e+00 1.98e-02
2.12878e+00 1.97e-02
2.12936e+00 1.97e-02
2.12996e+00 1.97e-02
2.13054e+00 1.97e-02
2.13113e+00 1.96e-02
2.13171e+00 1.96e-02
2.13231e+00 1.96e-02
2.13290e+00 1.96e-02
2.13349e+00 1.95e-02
2.13408e+00 1.95e-02
2.13468e+00 1.95e-02
2.13497e+00 1.95e-02
2.13557e+00 1.95e-02
2.13587e+00 1.94e-02
2.13647e+00 1.94e-02
2.13707e+00 1.94e-02
2.13768e+00 1.93e-02
2.13828e+00 1.93e-02
2.13888e+00 1.93e-02
2.13948e+00 1.93e-02
2.14009e+00 1.92e-02
2.14070e+00 1.92e-02
2.14130e+00 1.92e-02
2.14191e+00 1.92e-02
2.14253e+00 1.91e-02
2.14314e+00 1.91e-02
2.14375e+00 1.91e-02
2.14437e+00 1.91e-02
2.14498e+00 1.90e-02
2.14560e+00 1.90e-02
2.14622e+00 1.90e-02
2.14654e+00 1.90e-02
2.14716e+00 1.89e-02
2.14778e+00 1.89e-02
2.14841e+00 1.89e-02
2.14903e+00 1.89e-02
2.14966e+00 1.88e-02
2.15028e+00 1.88e-02
2.15091e+00 1.88e-02
2.15155e+00 1.87e-02
2.15218e+00 1.87e-02
2.15282e+00 1.87e-02
2.15345e+00 1.87e-02
2.15409e+00 1.86e-02
2.15472e+00 1.86e-02
2.15537e+00 1.86e-02
2.15601e+00 1.86e-02
2.15666e+00 1.85e-02
2.15729e+00 1.85e-02
2.15794e+00 1.85e-02
2.15859e+00 1.85e-02
2.15923e+00 1.84e-02
2.15989e+00 1.84e-02
2.16054e+00 1.84e-02
2.16119e+00 1.83e-02
2.16185e+00 1.83e-02
2.16251e+00 1.83e-02
2.16317e+00 1.83e-02
2.16383e+00 1.82e-02
2.16449e+00 1.82e-02
2.16516e+00 1.82e-02
2.16583e+00 1.81e-02
2.16649e+00 1.81e-02
2.16715e+00 1.81e-02
2.16783e+00 1.81e-02
2.16849e+00 1.80e-02
2.16917e+00 1.80e-02
2.16984e+00 1.80e-02
2.17053e+00 1.80e-02
2.17120e+00 1.79e-02
2.17188e+00 1.79e-02
2.17257e+00 1.79e-02
2.17325e+00 1.78e-02
2.17393e+00 1.78e-02
2.17463e+00 1.78e-02
2.17531e+00 1.78e-02
2.17600e+00 1.77e-02
2.17669e+00 1.77e-02
2.17740e+00 1.77e-02
2.17809e+00 1.77e-02
2.17879e+00 1.76e-02
2.17949e+00 1.76e-02
2.18019e+00 1.76e-02
2.18089e+00 1.75e-02
2.18160e+00 1.75e-02
2.18231e+00 1.75e-02
2.18302e+00 1.75e-02
2.18373e+00 1.74e-02
2.18444e+00 1.74e-02
2.18516e+00 1.74e-02
2.18588e+00 1.73e-02
2.18660e+00 1.73e-02
2.18732e+00 1.73e-02
2.18805e+00 1.73e-02
2.18878e+00 1.72e-02
2.18951e+00 1.72e-02
2.19023e+00 1.72e-02
2.19096e+00 1.71e-02
2.19170e+00 1.71e-02
2.19244e+00 1.71e-02
2.19317e+00 1.71e-02
2.19392e+00 1.70e-02
2.19465e+00 1.70e-02
2.19540e+00 1.70e-02
2.19615e+00 1.69e-02
2.19690e+00 1.69e-02
2.19766e+00 1.69e-02
2.19841e+00 1.69e-02
2.19917e+00 1.68e-02
2.19992e+00 1.68e-02
2.20069e+00 1.68e-02
2.20145e+00 1.67e-02
2.20221e+00 1.67e-02
2.20299e+00 1.67e-02
2.20376e+00 1.67e-02
2.20453e+00 1.66e-02
2.20530e+00 1.66e-02
2.20609e+00 1.66e-02
2.20687e+00 1.65e-02
2.20765e+00 1.65e-02
2.20843e+00 1.65e-02
2.20922e+00 1.65e-02
2.21001e+00 1.64e-02
2.21081e+00 1.64e-02
2.21160e+00 1.64e-02
2.21240e+00 1.63e-02
2.21320e+00 1.63e-02
2.21401e+00 1.63e-02
2.21481e+00 1.62e-02
2.21562e+00 1.62e-02
2.21643e+00 1.62e-02
2.21725e+00 1.62e-02
2.21806e+00 1.61e-02
2.21889e+00 1.61e-02
2.21971e+00 1.61e-02
2.22054e+00 1.60e-02
2.22136e+00 1.60e-02
2.22220e+00 1.60e-02
2.22303e+00 1.59e-02
2.22387e+00 1.59e-02
2.22471e+00 1.59e-02
2.22555e+00 1.59e-02
2.22641e+00 1.58e-02
2.22725e+00 1.58e-02
2.22811e+00 1.58e-02
2.22896e+00 1.58e-02
2.22982e+00 1.57e-02
2.23068e+00 1.57e-02
2.23155e+00 1.57e-02
2.23242e+00 1.57e-02
2.23329e+00 1.56e-02
2.23417e+00 1.56e-02
2.23504e+00 1.56e-02
2.23593e+00 1.55e-02
2.23681e+00 1.55e-02
2.23771e+00 1.55e-02
2.23859e+00 1.54e-02
2.23950e+00 1.54e-02
2.24039e+00 1.54e-02
2.24129e+00 1.53e-02
2.24220e+00 1.53e-02
2.24311e+00 1.53e-02
2.24402e+00 1.53e-02
2.24495e+00 1.52e-02
2.24587e+00 1.52e-02
2.24679e+00 1.52e-02
2.24772e+00 1.51e-02
2.24866e+00 1.51e-02
2.24960e+00 1.51e-02
2.25053e+00 1.50e-02
2.25148e+00 1.50e-02
2.25243e+00 1.50e-02
2.25338e+00 1.49e-02
2.25434e+00 1.49e-02
2.25529e+00 1.49e-02
2.25627e+00 1.48e-02
2.25723e+00 1.48e-02
2.25820e+00 1.48e-02
2.25919e+00 1.47e-02
2.26017e+00 1.47e-02
2.26116e+00 1.47e-02
2.26215e+00 1.46e-02
2.26315e+00 1.46e-02
2.26415e+00 1.46e-02
2.26515e+00 1.45e-02
2.26616e+00 1.45e-02
2.26718e+00 1.45e-02
2.26820e+00 1.44e-02
2.26922e+00 1.44e-02
2.27026e+00 1.44e-02
2.27129e+00 1.43e-02
2.27233e+00 1.43e-02
2.27337e+00 1.43e-02
2.27442e+00 1.42e-02
2.27548e+00 1.42e-02
2.27654e+00 1.42e-02
2.27761e+00 1.41e-02
2.27868e+00 1.41e-02
2.27976e+00 1.41e-02
2.28084e+00 1.40e-02
2.28193e+00 1.40e-02
2.28303e+00 1.39e-02
2.28413e+00 1.39e-02
2.28523e+00 1.39e-02
2.28634e+00 1.38e-02
2.28746e+00 1.38e-02
2.28858e+00 1.38e-02
2.28971e+00 1.37e-02
2.29085e+00 1.37e-02
2.29199e+00 1.37e-02
2.29314e+00 1.36e-02
2.29429e+00 1.36e-02
2.29546e+00 1.36e-02
2.29663e+00 1.35e-02
2.29780e+00 1.35e-02
2.29898e+00 1.34e-02
2.30017e+00 1.34e-02
2.30136e+00 1.34e-02
2.30258e+00 1.33e-02
2.30378e+00 1.33e-02
2.30498e+00 1.33e-02
2.30618e+00 1.32e-02
2.30747e+00 1.32e-02
2.30867e+00 1.31e-02
2.30996e+00 1.31e-02
2.31125e+00 1.31e-02
2.31244e+00 1.30e-02
2.31372e+00 1.30e-02
2.31501e+00 1.30e-02
2.31629e+00 1.29e-02
2.31757e+00 1.29e-02
2.31895e+00 1.28e-02
2.32023e+00 1.28e-02
2.32160e+00 1.28e-02
2.32288e+00 1.27e-02
2.32425e+00 1.27e-02
2.32562e+00 1.26e-02
2.32698e+00 1.26e-02
2.32835e+00 1.26e-02
2.32971e+00 1.25e-02
2.33108e+00 1.25e-02
2.33253e+00 1.24e-02
2.33389e+00 1.24e-02
2.33534e+00 1.24e-02
2.33679e+00 1.23e-02
2.33824e+00 1.23e-02
2.33969e+00 1.22e-02
2.34113e+00 1.22e-02
2.34267e+00 1.22e-02
2.34411e+00 1.21e-02
2.34564e+00 1.21e-02
2.34718e+00 1.20e-02
2.34871e+00 1.20e-02
2.35023e+00 1.20e-02
2.35176e+00 1.19e-02
2.35337e+00 1.19e-02
2.35499e+00 1.18e-02
2.35650e+00 1.18e-02
2.35811e+00 1.17e-02
2.35982e+00 1.17e-02
2.36142e+00 1.17e-02
2.36312e+00 1.16e-02
2.36471e+00 1.16e-02
2.36640e+00 1.15e-02
2.36819e+00 1.15e-02
2.36987e+00 1.14e-02
2.37164e+00 1.14e-02
2.37332e+00 1.13e-02
2.37518e+00 1.13e-02
2.37695e+00 1.12e-02
2.37871e+00 1.12e-02
2.38056e+00 1.12e-02
2.38241e+00 1.11e-02
2.38426e+00 1.11e-02
2.38619e+00 1.10e-02
2.38812e+00 1.10e-02
2.39005e+00 1.09e-02
2.39197e+00 1.09e-02
2.39398e+00 1.08e-02
2.39598e+00 1.08e-02
2.39799e+00 1.07e-02
2.40007e+00 1.07e-02
2.40216e+00 1.06e-02
2.40424e+00 1.06e-02
2.40640e+00 1.05e-02
2.40848e+00 1.05e-02
2.41072e+00 1.04e-02
2.41296e+00 1.04e-02
2.41520e+00 1.03e-02
2.41743e+00 1.02e-02
2.41975e+00 1.02e-02
2.42214e+00 1.01e-02
2.42454e+00 1.01e-02
2.42692e+00 1.00e-02
2.42939e+00 9.97e-03
2.43186e+00 9.92e-03
2.43440e+00 9.86e-03
2.43694e+00 9.80e-03
2.43956e+00 9.74e-03
2.44226e+00 9.68e-03
2.44495e+00 9.62e-03
2.44772e+00 9.56e-03
2.45057e+00 9.50e-03
2.45342e+00 9.44e-03
2.45634e+00 9.38e-03
2.45933e+00 9.31e-03
2.46241e+00 9.25e-03
2.46547e+00 9.18e-03
2.46861e+00 9.12e-03
2.47191e+00 9.05e-03
2.47519e+00 8.98e-03
2.47855e+00 8.92e-03
2.48207e+00 8.85e-03
2.48566e+00 8.78e-03
2.48923e+00 8.70e-03
2.49304e+00 8.63e-03
2.49684e+00 8.55e-03
2.50078e+00 8.48e-03
2.50487e+00 8.40e-03
2.50911e+00 8.32e-03
2.51341e+00 8.24e-03
2.51786e+00 8.15e-03
2.52252e+00 8.07e-03
2.52733e+00 7.98e-03
2.53227e+00 7.89e-03
2.53742e+00 7.81e-03
2.54286e+00 7.72e-03
2.54843e+00 7.62e-03
2.55428e+00 7.52e-03
2.56048e+00 7.41e-03
2.56695e+00 7.30e-03
2.57376e+00 7.19e-03
2.58097e+00 7.07e-03
2.58867e+00 6.95e-03
2.59682e+00 6.82e-03
2.60565e+00 6.68e-03
2.61513e+00 6.54e-03
2.62554e+00 6.38e-03
2.63110e+00 6.30e-03
2.63698e+00 6.21e-03
2.64319e+00 6.12e-03
2.64971e+00 6.03e-03
2.65669e+00 5.93e-03
2.66410e+00 5.82e-03
2.67215e+00 5.71e-03
2.68082e+00 5.60e-03
2.69029e+00 5.47e-03
2.70069e+00 5.33e-03
2.71231e+00 5.18e-03
2.72543e+00 5.02e-03
2.74065e+00 4.83e-03
2.75874e+00 4.61e-03
2.78130e+00 4.36e-03
2.81151e+00 4.04e-03
2.85859e+00 3.57e-03
2.99573e+00 2.52e-03
