# OPACITY Project tables
-2.61515e+00 1.56e+01
-2.27341e+00 5.36e+00
-2.07433e+00 2.88e+00
-1.93351e+00 1.86e+00
-1.82455e+00 1.32e+00
-1.73574e+00 1.00e+00
-1.66078e+00 7.94e-01
-1.59603e+00 6.49e-01
-1.53898e+00 5.43e-01
-1.48802e+00 4.64e-01
-1.44198e+00 4.03e-01
-1.40003e+00 3.54e-01
-1.36148e+00 3.15e-01
-1.32584e+00 2.82e-01
-1.29269e+00 2.55e-01
-1.26174e+00 2.32e-01
-1.23268e+00 2.13e-01
-1.20531e+00 1.96e-01
-1.17944e+00 1.81e-01
-1.15493e+00 1.68e-01
-1.13165e+00 1.57e-01
-1.10945e+00 1.47e-01
-1.08827e+00 1.38e-01
-1.06799e+00 1.30e-01
-1.04857e+00 1.22e-01
-1.01200e+00 1.09e-01
-9.94739e-01 1.04e-01
-9.78086e-01 9.89e-02
-9.62021e-01 9.42e-02
-9.46492e-01 8.98e-02
-9.31455e-01 8.57e-02
-9.16916e-01 8.19e-02
-9.02807e-01 7.84e-02
-8.89113e-01 7.55e-02
-8.75797e-01 7.22e-02
-8.62868e-01 6.96e-02
-8.50292e-01 6.71e-02
-8.38057e-01 6.53e-02
-8.26130e-01 6.25e-02
-8.14502e-01 6.03e-02
-8.03185e-01 5.95e-02
-7.92106e-01 5.65e-02
-7.81301e-01 5.47e-02
-7.70741e-01 5.32e-02
-7.60420e-01 5.14e-02
-7.50331e-01 4.98e-02
-7.30787e-01 4.69e-02
-7.21320e-01 4.55e-02
-7.12045e-01 4.44e-02
-7.02955e-01 4.31e-02
-6.94048e-01 4.19e-02
-6.76723e-01 3.98e-02
-6.68298e-01 3.88e-02
-6.60041e-01 3.80e-02
-6.51909e-01 3.69e-02
-6.43938e-01 3.60e-02
-6.36087e-01 3.52e-02
-6.28390e-01 3.48e-02
-6.13357e-01 3.33e-02
-6.06016e-01 3.26e-02
-5.98801e-01 3.18e-02
-5.91692e-01 3.11e-02
-5.84687e-01 3.05e-02
-5.77803e-01 2.99e-02
-5.71018e-01 2.92e-02
-5.64314e-01 2.86e-02
-5.57725e-01 2.81e-02
-5.51231e-01 2.74e-02
-5.44831e-01 2.71e-02
-5.38505e-01 2.64e-02
-5.32288e-01 2.59e-02
-5.26142e-01 2.52e-02
-5.20085e-01 2.51e-02
-5.14098e-01 2.46e-02
-5.08196e-01 2.42e-02
-5.02362e-01 2.37e-02
-4.96610e-01 2.34e-02
-4.90925e-01 2.29e-02
-4.79779e-01 2.21e-02
-4.74301e-01 2.17e-02
-4.63545e-01 2.10e-02
-4.53044e-01 2.04e-02
-4.47882e-01 2.00e-02
-4.37730e-01 1.94e-02
-4.32739e-01 1.91e-02
-4.22922e-01 1.86e-02
-4.18095e-01 1.83e-02
-4.08585e-01 1.78e-02
-3.99284e-01 1.73e-02
-3.90158e-01 1.68e-02
-3.81216e-01 1.63e-02
-3.72456e-01 1.59e-02
-3.68126e-01 1.57e-02
-3.63858e-01 1.55e-02
-3.59622e-01 1.53e-02
-3.51261e-01 1.49e-02
-3.43054e-01 1.46e-02
-3.39003e-01 1.44e-02
-3.34997e-01 1.42e-02
-3.31021e-01 1.41e-02
-3.23185e-01 1.37e-02
-3.15464e-01 1.34e-02
-3.07885e-01 1.31e-02
-3.00430e-01 1.28e-02
-2.93097e-01 1.26e-02
-2.85884e-01 1.23e-02
-2.78788e-01 1.21e-02
-2.71796e-01 1.18e-02
-2.64917e-01 1.16e-02
-2.58149e-01 1.13e-02
-2.51466e-01 1.11e-02
-2.44891e-01 1.09e-02
-2.38409e-01 1.07e-02
-2.32020e-01 1.05e-02
-2.25722e-01 1.03e-02
-2.19513e-01 1.01e-02
-2.13391e-01 9.96e-03
-2.07344e-01 9.79e-03
-2.01382e-01 9.62e-03
-1.95504e-01 9.46e-03
-1.89697e-01 9.30e-03
-1.83971e-01 9.15e-03
-1.78314e-01 9.00e-03
-1.72724e-01 8.86e-03
-1.67200e-01 8.72e-03
-1.61755e-01 8.58e-03
-1.56373e-01 8.45e-03
-1.51044e-01 8.33e-03
-1.45789e-01 8.20e-03
-1.40596e-01 8.08e-03
-1.35453e-01 7.97e-03
-1.30382e-01 7.85e-03
-1.25359e-01 7.74e-03
-1.20395e-01 7.64e-03
-1.15489e-01 7.53e-03
-1.10630e-01 7.43e-03
-1.05827e-01 7.33e-03
-1.01070e-01 7.23e-03
-9.63788e-02 7.14e-03
-9.17206e-02 7.05e-03
-8.71168e-02 6.96e-03
-8.25559e-02 6.87e-03
-7.80480e-02 6.79e-03
-7.35820e-02 6.70e-03
-6.91679e-02 6.62e-03
-6.47839e-02 6.54e-03
-6.04509e-02 6.47e-03
-5.61577e-02 6.39e-03
-5.19040e-02 6.32e-03
-4.76998e-02 6.25e-03
-4.35236e-02 6.18e-03
-3.93959e-02 6.11e-03
-3.52956e-02 6.04e-03
-3.12430e-02 5.98e-03
-2.72170e-02 5.91e-03
-2.32379e-02 5.85e-03
-1.92848e-02 5.79e-03
-1.53675e-02 5.73e-03
-1.14958e-02 5.67e-03
-7.64918e-03 5.62e-03
-3.83735e-03 5.56e-03
-5.00013e-05 5.50e-03
3.69317e-03 5.45e-03
7.37275e-03 5.40e-03
1.11377e-02 5.35e-03
1.47901e-02 5.30e-03
1.84291e-02 5.25e-03
2.19572e-02 5.20e-03
2.55703e-02 5.15e-03
2.90732e-02 5.11e-03
3.25640e-02 5.06e-03
3.60426e-02 5.02e-03
3.95091e-02 4.97e-03
4.29637e-02 4.93e-03
4.64064e-02 4.89e-03
4.97421e-02 4.85e-03
5.30667e-02 4.81e-03
5.64748e-02 4.77e-03
5.97772e-02 4.73e-03
6.29748e-02 4.69e-03
6.62558e-02 4.66e-03
6.95261e-02 4.62e-03
7.26927e-02 4.59e-03
7.58493e-02 4.55e-03
7.90884e-02 4.52e-03
8.22249e-02 4.48e-03
8.52598e-02 4.45e-03
8.83771e-02 4.42e-03
9.14847e-02 4.39e-03
9.44917e-02 4.35e-03
9.75803e-02 4.32e-03
1.00569e-01 4.29e-03
1.03549e-01 4.27e-03
1.06520e-01 4.24e-03
1.09482e-01 4.21e-03
1.12435e-01 4.18e-03
1.15291e-01 4.15e-03
1.18227e-01 4.13e-03
1.21067e-01 4.10e-03
1.23898e-01 4.07e-03
1.26809e-01 4.05e-03
1.29624e-01 4.02e-03
1.32431e-01 4.00e-03
1.35143e-01 3.98e-03
1.37934e-01 3.95e-03
1.40718e-01 3.93e-03
1.43407e-01 3.91e-03
1.46176e-01 3.89e-03
1.48851e-01 3.86e-03
1.51519e-01 3.84e-03
1.54179e-01 3.82e-03
1.56833e-01 3.80e-03
1.59479e-01 3.78e-03
1.62119e-01 3.76e-03
1.64751e-01 3.74e-03
1.67293e-01 3.72e-03
1.69912e-01 3.70e-03
1.72440e-01 3.69e-03
1.74961e-01 3.67e-03
1.77477e-01 3.65e-03
1.80069e-01 3.63e-03
1.82572e-01 3.62e-03
1.84985e-01 3.60e-03
1.87475e-01 3.58e-03
1.89959e-01 3.57e-03
1.92437e-01 3.55e-03
1.94826e-01 3.53e-03
1.97292e-01 3.52e-03
1.99670e-01 3.51e-03
2.02042e-01 3.49e-03
2.04409e-01 3.48e-03
2.06770e-01 3.46e-03
2.09126e-01 3.45e-03
2.11476e-01 3.44e-03
2.13820e-01 3.42e-03
2.16159e-01 3.41e-03
2.18493e-01 3.40e-03
2.20741e-01 3.38e-03
2.23064e-01 3.37e-03
2.25301e-01 3.36e-03
2.27614e-01 3.35e-03
2.29841e-01 3.34e-03
2.32064e-01 3.33e-03
2.34281e-01 3.32e-03
2.36494e-01 3.31e-03
2.38702e-01 3.29e-03
2.40905e-01 3.28e-03
2.43103e-01 3.28e-03
2.45296e-01 3.27e-03
2.47407e-01 3.26e-03
2.49591e-01 3.25e-03
2.51692e-01 3.24e-03
2.53867e-01 3.23e-03
2.55959e-01 3.22e-03
2.58047e-01 3.21e-03
2.60208e-01 3.21e-03
2.62287e-01 3.20e-03
2.64362e-01 3.19e-03
2.66433e-01 3.18e-03
2.68499e-01 3.18e-03
2.70561e-01 3.17e-03
2.72619e-01 3.16e-03
2.74597e-01 3.16e-03
2.76646e-01 3.15e-03
2.78692e-01 3.14e-03
2.80657e-01 3.14e-03
2.82695e-01 3.13e-03
2.84652e-01 3.13e-03
2.86606e-01 3.12e-03
2.88632e-01 3.12e-03
2.90578e-01 3.11e-03
2.92520e-01 3.11e-03
2.94459e-01 3.10e-03
2.96394e-01 3.10e-03
2.98325e-01 3.09e-03
3.00253e-01 3.09e-03
3.02177e-01 3.09e-03
3.04097e-01 3.08e-03
3.18090e-01 3.06e-03
3.29879e-01 3.05e-03
3.38827e-01 3.05e-03
3.47483e-01 3.05e-03
3.56065e-01 3.06e-03
3.61095e-01 3.07e-03
3.64435e-01 3.07e-03
3.66100e-01 3.07e-03
3.67763e-01 3.08e-03
3.69354e-01 3.08e-03
3.71012e-01 3.08e-03
3.72666e-01 3.09e-03
3.74318e-01 3.09e-03
3.75899e-01 3.10e-03
3.77546e-01 3.10e-03
3.79121e-01 3.11e-03
3.80762e-01 3.11e-03
3.82333e-01 3.11e-03
3.83969e-01 3.12e-03
3.85534e-01 3.12e-03
3.87097e-01 3.13e-03
3.88658e-01 3.14e-03
3.90284e-01 3.14e-03
3.91839e-01 3.15e-03
3.93393e-01 3.15e-03
3.94943e-01 3.16e-03
3.96492e-01 3.17e-03
3.98038e-01 3.17e-03
3.99581e-01 3.18e-03
4.01122e-01 3.19e-03
4.02661e-01 3.19e-03
4.04131e-01 3.20e-03
4.05665e-01 3.21e-03
4.07197e-01 3.22e-03
4.08726e-01 3.23e-03
4.10187e-01 3.24e-03
4.11712e-01 3.24e-03
4.13169e-01 3.25e-03
4.14689e-01 3.26e-03
4.16141e-01 3.27e-03
4.17657e-01 3.28e-03
4.19105e-01 3.29e-03
4.20616e-01 3.30e-03
4.22060e-01 3.31e-03
4.23501e-01 3.32e-03
4.25006e-01 3.33e-03
4.26444e-01 3.34e-03
4.27879e-01 3.35e-03
4.29312e-01 3.37e-03
4.30743e-01 3.38e-03
4.32172e-01 3.39e-03
4.33599e-01 3.40e-03
4.35024e-01 3.41e-03
4.36447e-01 3.43e-03
4.37868e-01 3.44e-03
4.39287e-01 3.45e-03
4.40704e-01 3.47e-03
4.42118e-01 3.48e-03
4.43467e-01 3.49e-03
4.44878e-01 3.51e-03
4.46287e-01 3.52e-03
4.47630e-01 3.54e-03
4.49035e-01 3.55e-03
4.50438e-01 3.57e-03
4.51776e-01 3.58e-03
4.53175e-01 3.60e-03
4.54509e-01 3.62e-03
4.55841e-01 3.63e-03
4.57235e-01 3.65e-03
4.58563e-01 3.67e-03
4.59953e-01 3.68e-03
4.61278e-01 3.70e-03
4.62601e-01 3.72e-03
4.63923e-01 3.74e-03
4.65305e-01 3.76e-03
4.66623e-01 3.78e-03
4.67939e-01 3.80e-03
4.69253e-01 3.82e-03
4.70566e-01 3.84e-03
4.71877e-01 3.86e-03
4.73186e-01 3.88e-03
4.74494e-01 3.90e-03
4.75799e-01 3.92e-03
4.77103e-01 3.94e-03
4.78406e-01 3.96e-03
4.79706e-01 3.99e-03
4.80944e-01 4.01e-03
4.82241e-01 4.03e-03
4.83537e-01 4.06e-03
4.84831e-01 4.08e-03
4.86062e-01 4.11e-03
4.87352e-01 4.13e-03
4.88641e-01 4.16e-03
4.89868e-01 4.18e-03
4.91153e-01 4.21e-03
4.92376e-01 4.23e-03
4.93659e-01 4.26e-03
4.94879e-01 4.29e-03
4.96159e-01 4.32e-03
4.97376e-01 4.35e-03
4.98591e-01 4.37e-03
4.99866e-01 4.40e-03
5.01078e-01 4.43e-03
5.02289e-01 4.46e-03
5.03559e-01 4.49e-03
5.04767e-01 4.53e-03
5.05974e-01 4.56e-03
5.07179e-01 4.59e-03
5.08383e-01 4.62e-03
5.09645e-01 4.66e-03
5.10846e-01 4.69e-03
5.12045e-01 4.72e-03
5.13243e-01 4.76e-03
5.14439e-01 4.79e-03
5.15634e-01 4.83e-03
5.16828e-01 4.87e-03
5.18020e-01 4.90e-03
5.19210e-01 4.94e-03
5.20340e-01 4.98e-03
5.21528e-01 5.02e-03
5.22715e-01 5.06e-03
5.23900e-01 5.10e-03
5.25083e-01 5.14e-03
5.26207e-01 5.18e-03
5.27388e-01 5.22e-03
5.28567e-01 5.26e-03
5.29687e-01 5.31e-03
5.30864e-01 5.35e-03
5.32039e-01 5.39e-03
5.33154e-01 5.44e-03
5.34327e-01 5.49e-03
5.35440e-01 5.53e-03
5.36610e-01 5.58e-03
5.37721e-01 5.63e-03
5.38888e-01 5.68e-03
5.39996e-01 5.73e-03
5.41103e-01 5.78e-03
5.42266e-01 5.83e-03
5.43370e-01 5.88e-03
5.44473e-01 5.93e-03
5.45633e-01 5.99e-03
5.46733e-01 6.04e-03
5.47832e-01 6.10e-03
5.48930e-01 6.15e-03
5.50085e-01 6.21e-03
5.51180e-01 6.27e-03
5.52275e-01 6.32e-03
5.53368e-01 6.38e-03
5.54460e-01 6.44e-03
5.55550e-01 6.50e-03
5.56640e-01 6.57e-03
5.57728e-01 6.63e-03
5.58815e-01 6.69e-03
5.59901e-01 6.76e-03
5.60986e-01 6.82e-03
5.62070e-01 6.89e-03
5.63152e-01 6.96e-03
5.64234e-01 7.03e-03
5.65314e-01 7.10e-03
5.66393e-01 7.17e-03
5.67471e-01 7.24e-03
5.68491e-01 7.31e-03
5.69566e-01 7.39e-03
5.70641e-01 7.46e-03
5.71714e-01 7.54e-03
5.72729e-01 7.62e-03
5.73800e-01 7.69e-03
5.74870e-01 7.77e-03
5.75883e-01 7.85e-03
5.76950e-01 7.94e-03
5.77961e-01 8.02e-03
5.79026e-01 8.10e-03
5.80090e-01 8.19e-03
5.81098e-01 8.27e-03
5.82160e-01 8.36e-03
5.83165e-01 8.45e-03
5.84225e-01 8.54e-03
5.85228e-01 8.63e-03
5.86230e-01 8.72e-03
5.87287e-01 8.82e-03
5.88287e-01 8.91e-03
5.89286e-01 9.01e-03
5.90339e-01 9.11e-03
5.91336e-01 9.20e-03
5.92332e-01 9.30e-03
5.93382e-01 9.40e-03
5.94376e-01 9.51e-03
5.95369e-01 9.61e-03
5.96361e-01 9.71e-03
5.97407e-01 9.82e-03
5.98397e-01 9.93e-03
5.99386e-01 1.00e-02
6.00374e-01 1.01e-02
6.01361e-01 1.03e-02
6.02347e-01 1.04e-02
6.03332e-01 1.05e-02
6.04316e-01 1.06e-02
6.05299e-01 1.07e-02
6.06281e-01 1.08e-02
6.07262e-01 1.09e-02
6.08243e-01 1.11e-02
6.09222e-01 1.12e-02
6.10200e-01 1.13e-02
6.11178e-01 1.14e-02
6.12154e-01 1.15e-02
6.13129e-01 1.17e-02
6.14104e-01 1.18e-02
6.15023e-01 1.19e-02
6.15996e-01 1.21e-02
6.16968e-01 1.22e-02
6.17939e-01 1.23e-02
6.18908e-01 1.24e-02
6.19824e-01 1.26e-02
6.20792e-01 1.27e-02
6.21759e-01 1.28e-02
6.22671e-01 1.30e-02
6.23636e-01 1.31e-02
6.24601e-01 1.32e-02
6.25511e-01 1.34e-02
6.26473e-01 1.35e-02
6.27435e-01 1.36e-02
6.28342e-01 1.38e-02
6.29302e-01 1.39e-02
6.30207e-01 1.40e-02
6.31165e-01 1.42e-02
6.32069e-01 1.43e-02
6.33026e-01 1.44e-02
6.33928e-01 1.45e-02
6.34882e-01 1.47e-02
6.35783e-01 1.48e-02
6.36683e-01 1.49e-02
6.37634e-01 1.51e-02
6.38533e-01 1.52e-02
6.39483e-01 1.53e-02
6.40379e-01 1.55e-02
6.41275e-01 1.56e-02
6.42222e-01 1.57e-02
6.43116e-01 1.58e-02
6.44009e-01 1.59e-02
6.44902e-01 1.61e-02
6.45846e-01 1.62e-02
6.46737e-01 1.63e-02
6.47627e-01 1.64e-02
6.48516e-01 1.65e-02
6.49404e-01 1.66e-02
6.50292e-01 1.67e-02
6.51231e-01 1.68e-02
6.52117e-01 1.69e-02
6.53002e-01 1.70e-02
6.53886e-01 1.71e-02
6.54770e-01 1.72e-02
6.55653e-01 1.73e-02
6.56535e-01 1.74e-02
6.57416e-01 1.75e-02
6.58297e-01 1.76e-02
6.59177e-01 1.76e-02
6.60056e-01 1.77e-02
6.60934e-01 1.78e-02
6.61811e-01 1.79e-02
6.62688e-01 1.79e-02
6.63564e-01 1.80e-02
6.64439e-01 1.80e-02
6.65262e-01 1.81e-02
6.66136e-01 1.81e-02
6.67009e-01 1.81e-02
6.67881e-01 1.82e-02
6.70902e-01 1.82e-02
6.73047e-01 1.82e-02
6.74729e-01 1.82e-02
6.75594e-01 1.82e-02
6.76408e-01 1.82e-02
6.77272e-01 1.81e-02
6.78135e-01 1.81e-02
6.78947e-01 1.80e-02
6.79809e-01 1.80e-02
6.80619e-01 1.79e-02
6.81479e-01 1.79e-02
6.82339e-01 1.78e-02
6.83147e-01 1.77e-02
6.84006e-01 1.76e-02
6.84813e-01 1.75e-02
6.85669e-01 1.74e-02
6.86475e-01 1.73e-02
6.87330e-01 1.72e-02
6.88135e-01 1.71e-02
6.88989e-01 1.70e-02
6.89792e-01 1.68e-02
6.90594e-01 1.67e-02
6.91446e-01 1.66e-02
6.92247e-01 1.64e-02
6.93097e-01 1.63e-02
6.93897e-01 1.62e-02
6.94696e-01 1.60e-02
6.95544e-01 1.59e-02
6.96342e-01 1.58e-02
6.97139e-01 1.56e-02
6.97985e-01 1.55e-02
6.98781e-01 1.53e-02
6.99576e-01 1.52e-02
7.00371e-01 1.51e-02
7.01215e-01 1.49e-02
7.02008e-01 1.48e-02
7.02800e-01 1.46e-02
7.03592e-01 1.45e-02
7.04384e-01 1.44e-02
7.05224e-01 1.42e-02
7.06014e-01 1.41e-02
7.06804e-01 1.39e-02
7.07592e-01 1.38e-02
7.08381e-01 1.37e-02
7.09168e-01 1.35e-02
7.09955e-01 1.34e-02
7.10741e-01 1.32e-02
7.11527e-01 1.31e-02
7.12361e-01 1.30e-02
7.13146e-01 1.28e-02
7.13930e-01 1.27e-02
7.14713e-01 1.26e-02
7.15496e-01 1.25e-02
7.16278e-01 1.23e-02
7.17059e-01 1.22e-02
7.17791e-01 1.21e-02
7.18571e-01 1.20e-02
7.19351e-01 1.18e-02
7.20130e-01 1.17e-02
7.20908e-01 1.16e-02
7.21686e-01 1.15e-02
7.22463e-01 1.14e-02
7.23240e-01 1.13e-02
7.24016e-01 1.12e-02
7.24743e-01 1.11e-02
7.25518e-01 1.09e-02
7.26292e-01 1.08e-02
7.27065e-01 1.07e-02
7.27838e-01 1.06e-02
7.28611e-01 1.05e-02
7.29334e-01 1.04e-02
7.30106e-01 1.04e-02
7.30876e-01 1.03e-02
7.31262e-01 1.03e-02
7.31598e-01 1.03e-02
7.32368e-01 1.02e-02
7.33137e-01 1.02e-02
7.33521e-01 1.01e-02
7.33905e-01 1.02e-02
7.34625e-01 1.01e-02
7.35009e-01 1.00e-02
7.35776e-01 9.95e-03
7.36494e-01 9.86e-03
7.37260e-01 9.76e-03
7.37642e-01 9.77e-03
7.38360e-01 9.67e-03
7.39124e-01 9.58e-03
7.39506e-01 9.53e-03
7.39888e-01 9.51e-03
7.40603e-01 9.42e-03
7.40985e-01 9.40e-03
7.41747e-01 9.30e-03
7.42461e-01 9.21e-03
7.43222e-01 9.13e-03
7.43935e-01 9.04e-03
7.44695e-01 8.95e-03
7.45408e-01 8.87e-03
7.46166e-01 8.78e-03
7.46546e-01 8.74e-03
7.46878e-01 8.71e-03
7.47257e-01 8.67e-03
7.47635e-01 8.66e-03
7.48345e-01 8.58e-03
7.49102e-01 8.50e-03
7.49811e-01 8.43e-03
7.50567e-01 8.36e-03
7.51275e-01 8.29e-03
7.51982e-01 8.22e-03
7.52736e-01 8.16e-03
7.53442e-01 8.10e-03
7.54148e-01 8.05e-03
7.54901e-01 8.00e-03
7.55605e-01 7.96e-03
7.56357e-01 7.92e-03
7.57061e-01 7.90e-03
7.57436e-01 7.89e-03
7.57764e-01 7.89e-03
7.58139e-01 7.89e-03
7.58467e-01 7.90e-03
7.58841e-01 7.91e-03
7.59216e-01 7.94e-03
7.59543e-01 7.97e-03
7.59918e-01 8.01e-03
7.60292e-01 8.07e-03
7.60619e-01 8.14e-03
7.60993e-01 8.23e-03
7.61366e-01 8.34e-03
7.61693e-01 8.47e-03
7.62067e-01 8.62e-03
7.62767e-01 8.96e-03
7.63140e-01 9.11e-03
7.63466e-01 9.21e-03
7.63839e-01 9.73e-03
7.64211e-01 9.70e-03
7.64537e-01 9.59e-03
7.64910e-01 9.43e-03
7.65235e-01 9.22e-03
7.65607e-01 9.01e-03
7.65979e-01 8.80e-03
7.66305e-01 8.60e-03
7.66676e-01 8.43e-03
7.67002e-01 8.27e-03
7.67373e-01 8.14e-03
7.67698e-01 8.02e-03
7.68069e-01 7.91e-03
7.68440e-01 7.83e-03
7.68765e-01 7.76e-03
7.69136e-01 7.71e-03
7.69460e-01 7.65e-03
7.70155e-01 7.56e-03
7.70895e-01 7.48e-03
7.71219e-01 7.44e-03
7.71589e-01 7.42e-03
7.72282e-01 7.36e-03
7.72974e-01 7.31e-03
7.73667e-01 7.28e-03
7.74358e-01 7.24e-03
7.75050e-01 7.20e-03
7.75418e-01 7.34e-03
7.76109e-01 7.30e-03
7.76799e-01 7.26e-03
7.77488e-01 7.23e-03
7.78177e-01 7.20e-03
7.78866e-01 7.17e-03
7.79554e-01 7.14e-03
7.80242e-01 7.11e-03
7.80929e-01 7.08e-03
7.81250e-01 7.07e-03
7.81936e-01 7.15e-03
7.82622e-01 7.12e-03
7.83308e-01 7.09e-03
7.83993e-01 7.07e-03
7.84677e-01 7.04e-03
7.85362e-01 7.01e-03
7.86000e-01 6.99e-03
7.86683e-01 6.96e-03
7.87366e-01 6.94e-03
7.88048e-01 6.91e-03
7.88730e-01 6.89e-03
7.89411e-01 6.87e-03
7.90092e-01 6.84e-03
7.90410e-01 6.84e-03
7.91090e-01 6.82e-03
7.91770e-01 6.79e-03
7.92404e-01 6.75e-03
7.93083e-01 6.71e-03
7.93445e-01 6.69e-03
7.93761e-01 6.65e-03
7.94078e-01 6.62e-03
7.94756e-01 6.54e-03
7.95117e-01 6.50e-03
7.95433e-01 6.46e-03
7.95749e-01 6.43e-03
7.96426e-01 6.38e-03
7.97102e-01 6.34e-03
7.97732e-01 6.30e-03
7.98408e-01 6.27e-03
7.99083e-01 6.24e-03
7.99757e-01 6.21e-03
8.00386e-01 6.18e-03
8.01059e-01 6.15e-03
8.01732e-01 6.13e-03
8.02046e-01 6.11e-03
8.02360e-01 6.16e-03
8.03032e-01 6.14e-03
8.03704e-01 6.11e-03
8.04331e-01 6.10e-03
8.05002e-01 6.07e-03
8.05627e-01 6.05e-03
8.06297e-01 6.03e-03
8.06967e-01 6.00e-03
8.07591e-01 5.98e-03
8.08260e-01 5.96e-03
8.08884e-01 5.94e-03
8.09551e-01 5.91e-03
8.10174e-01 5.89e-03
8.10841e-01 5.87e-03
8.11463e-01 5.85e-03
8.12129e-01 5.83e-03
8.12751e-01 5.81e-03
8.13416e-01 5.78e-03
8.14036e-01 5.76e-03
8.14701e-01 5.74e-03
8.15321e-01 5.72e-03
8.15984e-01 5.70e-03
8.16603e-01 5.68e-03
8.17266e-01 5.66e-03
8.17884e-01 5.64e-03
8.18546e-01 5.62e-03
8.19163e-01 5.60e-03
8.19824e-01 5.58e-03
8.20440e-01 5.57e-03
8.21057e-01 5.55e-03
8.21716e-01 5.53e-03
8.22332e-01 5.51e-03
8.22947e-01 5.49e-03
8.23605e-01 5.47e-03
8.24219e-01 5.45e-03
8.24833e-01 5.44e-03
8.25490e-01 5.42e-03
8.26103e-01 5.40e-03
8.26716e-01 5.38e-03
8.27372e-01 5.37e-03
8.27984e-01 5.35e-03
8.28595e-01 5.33e-03
8.29250e-01 5.32e-03
8.29861e-01 5.30e-03
8.30471e-01 5.28e-03
8.31081e-01 5.27e-03
8.31735e-01 5.25e-03
8.32344e-01 5.23e-03
8.32953e-01 5.22e-03
8.33561e-01 5.20e-03
8.34213e-01 5.19e-03
8.34820e-01 5.17e-03
8.35428e-01 5.16e-03
8.36035e-01 5.14e-03
8.36641e-01 5.12e-03
8.37291e-01 5.11e-03
8.37897e-01 5.09e-03
8.38502e-01 5.08e-03
8.39107e-01 5.06e-03
8.39712e-01 5.05e-03
8.40316e-01 5.04e-03
8.40964e-01 5.02e-03
8.41567e-01 5.01e-03
8.42170e-01 4.99e-03
8.42773e-01 4.98e-03
8.43376e-01 4.96e-03
8.43978e-01 4.95e-03
8.44580e-01 4.94e-03
8.45181e-01 4.92e-03
8.45782e-01 4.91e-03
8.46383e-01 4.90e-03
8.46984e-01 4.88e-03
8.47584e-01 4.87e-03
8.48226e-01 4.85e-03
8.48825e-01 4.84e-03
8.49424e-01 4.83e-03
8.50023e-01 4.82e-03
8.50621e-01 4.80e-03
8.51219e-01 4.79e-03
8.51816e-01 4.78e-03
8.52413e-01 4.76e-03
8.53010e-01 4.75e-03
8.53606e-01 4.74e-03
8.54160e-01 4.73e-03
8.54756e-01 4.71e-03
8.55351e-01 4.70e-03
8.55946e-01 4.69e-03
8.56541e-01 4.68e-03
8.57135e-01 4.67e-03
8.57729e-01 4.65e-03
8.58323e-01 4.64e-03
8.58916e-01 4.63e-03
8.59509e-01 4.62e-03
8.60101e-01 4.61e-03
8.60693e-01 4.59e-03
8.61243e-01 4.58e-03
8.61835e-01 4.57e-03
8.62426e-01 4.56e-03
8.63017e-01 4.55e-03
8.63607e-01 4.54e-03
8.64197e-01 4.52e-03
8.64745e-01 4.51e-03
8.65334e-01 4.50e-03
8.65923e-01 4.49e-03
8.66512e-01 4.48e-03
8.67100e-01 4.47e-03
8.67689e-01 4.46e-03
8.68234e-01 4.45e-03
8.68822e-01 4.43e-03
8.69409e-01 4.42e-03
8.69995e-01 4.41e-03
8.70540e-01 4.40e-03
8.71126e-01 4.39e-03
8.71712e-01 4.38e-03
8.72297e-01 4.37e-03
8.72840e-01 4.36e-03
8.73425e-01 4.35e-03
8.74009e-01 4.34e-03
8.74552e-01 4.33e-03
8.75135e-01 4.32e-03
8.75719e-01 4.31e-03
8.76302e-01 4.30e-03
8.76843e-01 4.29e-03
8.77425e-01 4.28e-03
8.78007e-01 4.27e-03
8.78547e-01 4.26e-03
8.79129e-01 4.25e-03
8.79710e-01 4.24e-03
8.80249e-01 4.23e-03
8.80829e-01 4.22e-03
8.81368e-01 4.21e-03
8.81948e-01 4.20e-03
8.82527e-01 4.19e-03
8.83065e-01 4.18e-03
8.83644e-01 4.17e-03
8.84181e-01 4.16e-03
8.84759e-01 4.15e-03
8.85337e-01 4.14e-03
8.85873e-01 4.13e-03
8.86450e-01 4.12e-03
8.86985e-01 4.11e-03
8.87562e-01 4.10e-03
8.88097e-01 4.09e-03
8.88673e-01 4.08e-03
8.89248e-01 4.07e-03
8.89782e-01 4.07e-03
8.90070e-01 4.06e-03
8.90357e-01 4.06e-03
8.90891e-01 4.05e-03
8.91465e-01 4.04e-03
8.91998e-01 4.03e-03
8.92572e-01 4.02e-03
8.93104e-01 4.01e-03
8.93677e-01 4.00e-03
8.94209e-01 4.00e-03
8.94781e-01 3.99e-03
8.95312e-01 3.98e-03
8.95843e-01 3.97e-03
8.96415e-01 3.96e-03
8.96945e-01 3.95e-03
8.97230e-01 3.95e-03
8.97760e-01 3.95e-03
8.98330e-01 3.94e-03
8.98860e-01 3.93e-03
8.99429e-01 3.92e-03
8.99958e-01 3.91e-03
9.00527e-01 3.90e-03
9.01055e-01 3.89e-03
9.01583e-01 3.88e-03
9.02151e-01 3.88e-03
9.02679e-01 3.87e-03
9.03205e-01 3.86e-03
9.03773e-01 3.85e-03
9.04299e-01 3.84e-03
9.04866e-01 3.83e-03
9.05392e-01 3.83e-03
9.05917e-01 3.82e-03
9.06483e-01 3.81e-03
9.07008e-01 3.80e-03
9.07532e-01 3.79e-03
9.08097e-01 3.79e-03
9.08621e-01 3.78e-03
9.09145e-01 3.77e-03
9.09669e-01 3.76e-03
9.10232e-01 3.75e-03
9.10755e-01 3.75e-03
9.11278e-01 3.74e-03
9.11841e-01 3.73e-03
9.12363e-01 3.72e-03
9.12885e-01 3.71e-03
9.13407e-01 3.71e-03
9.13968e-01 3.70e-03
9.14489e-01 3.69e-03
9.15010e-01 3.68e-03
9.15530e-01 3.68e-03
9.16091e-01 3.67e-03
9.16611e-01 3.66e-03
9.17130e-01 3.65e-03
9.17650e-01 3.65e-03
9.18169e-01 3.64e-03
9.18728e-01 3.63e-03
9.18967e-01 3.63e-03
9.19246e-01 3.63e-03
9.19765e-01 3.62e-03
9.20283e-01 3.62e-03
9.20801e-01 3.61e-03
9.21358e-01 3.60e-03
9.21875e-01 3.60e-03
9.22392e-01 3.59e-03
9.22909e-01 3.58e-03
9.23425e-01 3.57e-03
9.23941e-01 3.57e-03
9.24457e-01 3.56e-03
9.25013e-01 3.55e-03
9.25528e-01 3.55e-03
9.26043e-01 3.54e-03
9.26558e-01 3.53e-03
9.27072e-01 3.53e-03
9.27587e-01 3.52e-03
9.28101e-01 3.51e-03
9.28614e-01 3.50e-03
9.29128e-01 3.50e-03
9.29681e-01 3.49e-03
9.30194e-01 3.48e-03
9.30706e-01 3.48e-03
9.31219e-01 3.47e-03
9.31731e-01 3.46e-03
9.32243e-01 3.46e-03
9.32754e-01 3.45e-03
9.33266e-01 3.44e-03
9.33777e-01 3.44e-03
9.34288e-01 3.43e-03
9.34798e-01 3.42e-03
9.35309e-01 3.42e-03
9.35819e-01 3.41e-03
9.36329e-01 3.40e-03
9.36838e-01 3.40e-03
9.37347e-01 3.39e-03
9.37857e-01 3.39e-03
9.38365e-01 3.38e-03
9.38874e-01 3.37e-03
9.39382e-01 3.37e-03
9.39890e-01 3.36e-03
9.40398e-01 3.35e-03
9.40905e-01 3.35e-03
9.41413e-01 3.34e-03
9.41919e-01 3.33e-03
9.42426e-01 3.33e-03
9.42933e-01 3.32e-03
9.43439e-01 3.32e-03
9.43945e-01 3.31e-03
9.44450e-01 3.30e-03
9.44956e-01 3.30e-03
9.45422e-01 3.29e-03
9.45927e-01 3.29e-03
9.46432e-01 3.28e-03
9.46936e-01 3.27e-03
9.47441e-01 3.27e-03
9.47944e-01 3.26e-03
9.48448e-01 3.26e-03
9.48952e-01 3.25e-03
9.49455e-01 3.24e-03
9.49919e-01 3.24e-03
9.50422e-01 3.23e-03
9.50924e-01 3.23e-03
9.51426e-01 3.22e-03
9.51928e-01 3.22e-03
9.52430e-01 3.21e-03
9.52931e-01 3.20e-03
9.53394e-01 3.20e-03
9.53895e-01 3.19e-03
9.54395e-01 3.19e-03
9.54896e-01 3.18e-03
9.55396e-01 3.17e-03
9.55896e-01 3.17e-03
9.56357e-01 3.16e-03
9.56857e-01 3.16e-03
9.57356e-01 3.15e-03
9.57855e-01 3.15e-03
9.58354e-01 3.14e-03
9.58814e-01 3.14e-03
9.59312e-01 3.13e-03
9.59810e-01 3.12e-03
9.60308e-01 3.12e-03
9.60767e-01 3.11e-03
9.61264e-01 3.11e-03
9.61761e-01 3.10e-03
9.62258e-01 3.10e-03
9.62716e-01 3.09e-03
9.63212e-01 3.09e-03
9.63709e-01 3.08e-03
9.64204e-01 3.08e-03
9.64662e-01 3.07e-03
9.65157e-01 3.07e-03
9.65652e-01 3.06e-03
9.66147e-01 3.05e-03
9.66604e-01 3.05e-03
9.67098e-01 3.04e-03
9.67592e-01 3.04e-03
9.68048e-01 3.03e-03
9.68542e-01 3.03e-03
9.69035e-01 3.02e-03
9.69490e-01 3.02e-03
9.69983e-01 3.01e-03
9.70476e-01 3.01e-03
9.70930e-01 3.00e-03
9.71423e-01 3.00e-03
9.71915e-01 2.99e-03
9.72369e-01 2.99e-03
9.72860e-01 2.98e-03
9.73351e-01 2.98e-03
9.73805e-01 2.97e-03
9.74295e-01 2.97e-03
9.74786e-01 2.96e-03
9.75239e-01 2.96e-03
9.75729e-01 2.95e-03
9.76181e-01 2.95e-03
9.76671e-01 2.94e-03
9.77160e-01 2.94e-03
9.77612e-01 2.93e-03
9.78101e-01 2.93e-03
9.78552e-01 2.92e-03
9.79040e-01 2.92e-03
9.79528e-01 2.91e-03
9.79979e-01 2.91e-03
9.80467e-01 2.90e-03
9.80917e-01 2.90e-03
9.81404e-01 2.89e-03
9.81891e-01 2.89e-03
9.82341e-01 2.88e-03
9.82827e-01 2.88e-03
9.83276e-01 2.88e-03
9.83762e-01 2.87e-03
9.84211e-01 2.87e-03
9.84697e-01 2.86e-03
9.85145e-01 2.86e-03
9.85630e-01 2.85e-03
9.86078e-01 2.85e-03
9.86563e-01 2.84e-03
9.87010e-01 2.84e-03
9.87494e-01 2.83e-03
9.87941e-01 2.83e-03
9.88425e-01 2.82e-03
9.88872e-01 2.82e-03
9.89355e-01 2.81e-03
9.89801e-01 2.81e-03
9.90284e-01 2.81e-03
9.90730e-01 2.80e-03
9.91213e-01 2.80e-03
9.91658e-01 2.79e-03
9.92140e-01 2.79e-03
9.92585e-01 2.78e-03
9.93067e-01 2.78e-03
9.93511e-01 2.77e-03
9.93992e-01 2.77e-03
9.94436e-01 2.77e-03
9.94917e-01 2.76e-03
9.95361e-01 2.76e-03
9.95804e-01 2.75e-03
9.96284e-01 2.75e-03
9.96727e-01 2.74e-03
9.97207e-01 2.74e-03
9.97649e-01 2.74e-03
9.98129e-01 2.73e-03
9.98571e-01 2.73e-03
9.99013e-01 2.72e-03
9.99492e-01 2.72e-03
9.99933e-01 2.72e-03
1.00041e+00 2.71e-03
1.00085e+00 2.71e-03
1.00129e+00 2.70e-03
1.00177e+00 2.70e-03
1.00221e+00 2.69e-03
1.00269e+00 2.69e-03
1.00313e+00 2.69e-03
1.00357e+00 2.68e-03
1.00405e+00 2.68e-03
1.00448e+00 2.67e-03
1.00492e+00 2.67e-03
1.00540e+00 2.67e-03
1.00584e+00 2.66e-03
1.00628e+00 2.66e-03
1.00675e+00 2.65e-03
1.00719e+00 2.65e-03
1.00763e+00 2.65e-03
1.00810e+00 2.64e-03
1.00854e+00 2.64e-03
1.00898e+00 2.63e-03
1.00945e+00 2.63e-03
1.00989e+00 2.63e-03
1.01033e+00 2.62e-03
1.01080e+00 2.62e-03
1.01124e+00 2.61e-03
1.01167e+00 2.61e-03
1.01215e+00 2.61e-03
1.01258e+00 2.60e-03
1.01302e+00 2.60e-03
1.01345e+00 2.60e-03
1.01393e+00 2.59e-03
1.01436e+00 2.59e-03
1.01480e+00 2.58e-03
1.01527e+00 2.58e-03
1.01570e+00 2.58e-03
1.01614e+00 2.57e-03
1.01657e+00 2.57e-03
1.01704e+00 2.56e-03
1.01747e+00 2.56e-03
1.01791e+00 2.56e-03
1.01834e+00 2.55e-03
1.01881e+00 2.55e-03
1.01924e+00 2.55e-03
1.01968e+00 2.54e-03
1.02011e+00 2.54e-03
1.02054e+00 2.54e-03
1.02101e+00 2.53e-03
1.02144e+00 2.53e-03
1.02188e+00 2.52e-03
1.02231e+00 2.52e-03
1.02277e+00 2.52e-03
1.02321e+00 2.51e-03
1.02364e+00 2.51e-03
1.02407e+00 2.51e-03
1.02450e+00 2.50e-03
1.02497e+00 2.50e-03
1.02540e+00 2.50e-03
1.02583e+00 2.49e-03
1.02626e+00 2.49e-03
1.02669e+00 2.48e-03
1.02712e+00 2.48e-03
1.02758e+00 2.48e-03
1.02801e+00 2.47e-03
1.02844e+00 2.47e-03
1.02887e+00 2.47e-03
1.02930e+00 2.46e-03
1.02973e+00 2.46e-03
1.03019e+00 2.46e-03
1.03062e+00 2.45e-03
1.03105e+00 2.45e-03
1.03147e+00 2.45e-03
1.03190e+00 2.44e-03
1.03233e+00 2.44e-03
1.03276e+00 2.43e-03
1.03322e+00 2.43e-03
1.03365e+00 2.43e-03
1.03407e+00 2.42e-03
1.03450e+00 2.42e-03
1.03493e+00 2.42e-03
1.03535e+00 2.41e-03
1.03578e+00 2.41e-03
1.03620e+00 2.41e-03
1.03663e+00 2.40e-03
1.03706e+00 2.40e-03
1.03752e+00 2.40e-03
1.03794e+00 2.39e-03
1.03837e+00 2.39e-03
1.03879e+00 2.39e-03
1.03922e+00 2.38e-03
1.03964e+00 2.38e-03
1.04006e+00 2.38e-03
1.04049e+00 2.37e-03
1.04091e+00 2.37e-03
1.04134e+00 2.37e-03
1.04176e+00 2.36e-03
1.04218e+00 2.36e-03
1.04261e+00 2.36e-03
1.04303e+00 2.36e-03
1.04349e+00 2.35e-03
1.04391e+00 2.35e-03
1.04433e+00 2.35e-03
1.04475e+00 2.34e-03
1.04518e+00 2.34e-03
1.04560e+00 2.34e-03
1.04602e+00 2.33e-03
1.04644e+00 2.33e-03
1.04686e+00 2.33e-03
1.04728e+00 2.32e-03
1.04770e+00 2.32e-03
1.04813e+00 2.32e-03
1.04855e+00 2.31e-03
1.04897e+00 2.31e-03
1.04939e+00 2.31e-03
1.04981e+00 2.31e-03
1.05023e+00 2.30e-03
1.05065e+00 2.30e-03
1.05107e+00 2.30e-03
1.05149e+00 2.29e-03
1.05190e+00 2.29e-03
1.05232e+00 2.29e-03
1.05274e+00 2.28e-03
1.05316e+00 2.28e-03
1.05358e+00 2.28e-03
1.05400e+00 2.28e-03
1.05442e+00 2.27e-03
1.05483e+00 2.27e-03
1.05522e+00 2.27e-03
1.05564e+00 2.26e-03
1.05605e+00 2.26e-03
1.05647e+00 2.26e-03
1.05689e+00 2.25e-03
1.05730e+00 2.25e-03
1.05772e+00 2.25e-03
1.05814e+00 2.25e-03
1.05855e+00 2.24e-03
1.05897e+00 2.24e-03
1.05939e+00 2.24e-03
1.05980e+00 2.23e-03
1.06022e+00 2.23e-03
1.06063e+00 2.23e-03
1.06105e+00 2.23e-03
1.06143e+00 2.22e-03
1.06184e+00 2.22e-03
1.06226e+00 2.22e-03
1.06267e+00 2.21e-03
1.06309e+00 2.21e-03
1.06350e+00 2.21e-03
1.06392e+00 2.21e-03
1.06433e+00 2.20e-03
1.06475e+00 2.20e-03
1.06516e+00 2.20e-03
1.06554e+00 2.19e-03
1.06595e+00 2.19e-03
1.06636e+00 2.19e-03
1.06678e+00 2.19e-03
1.06719e+00 2.18e-03
1.06760e+00 2.18e-03
1.06802e+00 2.18e-03
1.06843e+00 2.18e-03
1.06881e+00 2.17e-03
1.06922e+00 2.17e-03
1.06963e+00 2.17e-03
1.07004e+00 2.16e-03
1.07045e+00 2.16e-03
1.07086e+00 2.16e-03
1.07128e+00 2.16e-03
1.07165e+00 2.15e-03
1.07206e+00 2.15e-03
1.07247e+00 2.15e-03
1.07288e+00 2.14e-03
1.07329e+00 2.14e-03
1.07370e+00 2.14e-03
1.07408e+00 2.14e-03
1.07449e+00 2.13e-03
1.07490e+00 2.13e-03
1.07531e+00 2.13e-03
1.07572e+00 2.13e-03
1.07609e+00 2.12e-03
1.07650e+00 2.12e-03
1.07691e+00 2.12e-03
1.07732e+00 2.12e-03
1.07773e+00 2.11e-03
1.07810e+00 2.11e-03
1.07851e+00 2.11e-03
1.07892e+00 2.10e-03
1.07933e+00 2.10e-03
1.07974e+00 2.10e-03
1.08011e+00 2.10e-03
1.08052e+00 2.09e-03
1.08092e+00 2.09e-03
1.08133e+00 2.09e-03
1.08170e+00 2.09e-03
1.08211e+00 2.08e-03
1.08252e+00 2.08e-03
1.08292e+00 2.08e-03
1.08333e+00 2.08e-03
1.08370e+00 2.07e-03
1.08411e+00 2.07e-03
1.08451e+00 2.07e-03
1.08492e+00 2.07e-03
1.08529e+00 2.06e-03
1.08570e+00 2.06e-03
1.08610e+00 2.06e-03
1.08651e+00 2.06e-03
1.08688e+00 2.05e-03
1.08728e+00 2.05e-03
1.08769e+00 2.05e-03
1.08806e+00 2.05e-03
1.08846e+00 2.04e-03
1.08886e+00 2.04e-03
1.08927e+00 2.04e-03
1.08964e+00 2.04e-03
1.09004e+00 2.03e-03
1.09045e+00 2.03e-03
1.09085e+00 2.03e-03
1.09122e+00 2.03e-03
1.09162e+00 2.02e-03
1.09202e+00 2.02e-03
1.09239e+00 2.02e-03
1.09280e+00 2.02e-03
1.09320e+00 2.01e-03
1.09357e+00 2.01e-03
1.09397e+00 2.01e-03
1.09437e+00 2.01e-03
1.09477e+00 2.00e-03
1.09514e+00 2.00e-03
1.09554e+00 2.00e-03
1.09594e+00 2.00e-03
1.09631e+00 2.00e-03
1.09671e+00 1.99e-03
1.09711e+00 1.99e-03
1.09748e+00 1.99e-03
1.09788e+00 1.99e-03
1.09828e+00 1.98e-03
1.09865e+00 1.98e-03
1.09905e+00 1.98e-03
1.09945e+00 1.98e-03
1.09981e+00 1.97e-03
1.10021e+00 1.97e-03
1.10061e+00 1.97e-03
1.10098e+00 1.97e-03
1.10138e+00 1.97e-03
1.10177e+00 1.96e-03
1.10214e+00 1.96e-03
1.10254e+00 1.96e-03
1.10290e+00 1.96e-03
1.10330e+00 1.95e-03
1.10370e+00 1.95e-03
1.10406e+00 1.95e-03
1.10446e+00 1.95e-03
1.10486e+00 1.94e-03
1.10522e+00 1.94e-03
1.10562e+00 1.94e-03
1.10599e+00 1.94e-03
1.10638e+00 1.94e-03
1.10678e+00 1.93e-03
1.10714e+00 1.93e-03
1.10754e+00 1.93e-03
1.10794e+00 1.93e-03
1.10830e+00 1.92e-03
1.10869e+00 1.92e-03
1.10906e+00 1.92e-03
1.10945e+00 1.92e-03
1.10985e+00 1.92e-03
1.11021e+00 1.91e-03
1.11061e+00 1.91e-03
1.11097e+00 1.91e-03
1.11136e+00 1.91e-03
1.11176e+00 1.90e-03
1.11212e+00 1.90e-03
1.11252e+00 1.90e-03
1.11288e+00 1.90e-03
1.11327e+00 1.90e-03
1.11363e+00 1.89e-03
1.11403e+00 1.89e-03
1.11442e+00 1.89e-03
1.11478e+00 1.89e-03
1.11517e+00 1.89e-03
1.11553e+00 1.88e-03
1.11593e+00 1.88e-03
1.11629e+00 1.88e-03
1.11668e+00 1.88e-03
1.11704e+00 1.87e-03
1.11743e+00 1.87e-03
1.11783e+00 1.87e-03
1.11819e+00 1.87e-03
1.11858e+00 1.87e-03
1.11894e+00 1.86e-03
1.11933e+00 1.86e-03
1.11969e+00 1.86e-03
1.12008e+00 1.86e-03
1.12044e+00 1.86e-03
1.12083e+00 1.85e-03
1.12119e+00 1.85e-03
1.12158e+00 1.85e-03
1.12197e+00 1.85e-03
1.12233e+00 1.84e-03
1.12272e+00 1.84e-03
1.12308e+00 1.84e-03
1.12347e+00 1.84e-03
1.12383e+00 1.84e-03
1.12422e+00 1.83e-03
1.12457e+00 1.83e-03
1.12496e+00 1.83e-03
1.12532e+00 1.83e-03
1.12571e+00 1.83e-03
1.12607e+00 1.82e-03
1.12645e+00 1.82e-03
1.12681e+00 1.82e-03
1.12720e+00 1.82e-03
1.12756e+00 1.82e-03
1.12794e+00 1.81e-03
1.12830e+00 1.81e-03
1.12869e+00 1.81e-03
1.12904e+00 1.81e-03
1.12943e+00 1.81e-03
1.12979e+00 1.80e-03
1.13018e+00 1.80e-03
1.13053e+00 1.80e-03
1.13092e+00 1.80e-03
1.13127e+00 1.80e-03
1.13166e+00 1.79e-03
1.13201e+00 1.79e-03
1.13237e+00 1.79e-03
1.13276e+00 1.79e-03
1.13311e+00 1.79e-03
1.13350e+00 1.78e-03
1.13385e+00 1.78e-03
1.13424e+00 1.78e-03
1.13459e+00 1.78e-03
1.13498e+00 1.78e-03
1.13533e+00 1.77e-03
1.13572e+00 1.77e-03
1.13607e+00 1.77e-03
1.13645e+00 1.77e-03
1.13681e+00 1.77e-03
1.13716e+00 1.76e-03
1.13754e+00 1.76e-03
1.13790e+00 1.76e-03
1.13828e+00 1.76e-03
1.13863e+00 1.76e-03
1.13902e+00 1.76e-03
1.13937e+00 1.75e-03
1.13972e+00 1.75e-03
1.14011e+00 1.75e-03
1.14046e+00 1.75e-03
1.14084e+00 1.75e-03
1.14119e+00 1.74e-03
1.14158e+00 1.74e-03
1.14193e+00 1.74e-03
1.14228e+00 1.74e-03
1.14266e+00 1.74e-03
1.14301e+00 1.73e-03
1.14339e+00 1.73e-03
1.14374e+00 1.73e-03
1.14413e+00 1.73e-03
1.14448e+00 1.73e-03
1.14483e+00 1.73e-03
1.14521e+00 1.72e-03
1.14556e+00 1.72e-03
1.14594e+00 1.72e-03
1.14629e+00 1.72e-03
1.14664e+00 1.72e-03
1.14702e+00 1.71e-03
1.14737e+00 1.71e-03
1.14775e+00 1.71e-03
1.14810e+00 1.71e-03
1.14845e+00 1.71e-03
1.14883e+00 1.70e-03
1.14918e+00 1.70e-03
1.14956e+00 1.70e-03
1.14991e+00 1.70e-03
1.15026e+00 1.70e-03
1.15064e+00 1.70e-03
1.15098e+00 1.69e-03
1.15133e+00 1.69e-03
1.15171e+00 1.69e-03
1.15206e+00 1.69e-03
1.15244e+00 1.69e-03
1.15278e+00 1.69e-03
1.15313e+00 1.68e-03
1.15351e+00 1.68e-03
1.15386e+00 1.68e-03
1.15420e+00 1.68e-03
1.15458e+00 1.68e-03
1.15493e+00 1.67e-03
1.15528e+00 1.67e-03
1.15565e+00 1.67e-03
1.15600e+00 1.67e-03
1.15638e+00 1.67e-03
1.15672e+00 1.67e-03
1.15707e+00 1.66e-03
1.15745e+00 1.66e-03
1.15779e+00 1.66e-03
1.15814e+00 1.66e-03
1.15852e+00 1.66e-03
1.15886e+00 1.66e-03
1.15921e+00 1.65e-03
1.15958e+00 1.65e-03
1.15993e+00 1.65e-03
1.16027e+00 1.65e-03
1.16065e+00 1.65e-03
1.16099e+00 1.64e-03
1.16134e+00 1.64e-03
1.16171e+00 1.64e-03
1.16206e+00 1.64e-03
1.16240e+00 1.64e-03
1.16278e+00 1.64e-03
1.16312e+00 1.63e-03
1.16346e+00 1.63e-03
1.16384e+00 1.63e-03
1.16418e+00 1.63e-03
1.16452e+00 1.63e-03
1.16487e+00 1.63e-03
1.16524e+00 1.62e-03
1.16559e+00 1.62e-03
1.16593e+00 1.62e-03
1.16630e+00 1.62e-03
1.16664e+00 1.62e-03
1.16699e+00 1.62e-03
1.16736e+00 1.61e-03
1.16770e+00 1.61e-03
1.16805e+00 1.61e-03
1.16842e+00 1.61e-03
1.16876e+00 1.61e-03
1.16910e+00 1.61e-03
1.16944e+00 1.60e-03
1.16982e+00 1.60e-03
1.17016e+00 1.60e-03
1.17050e+00 1.60e-03
1.17087e+00 1.60e-03
1.17121e+00 1.60e-03
1.17155e+00 1.59e-03
1.17189e+00 1.59e-03
1.17227e+00 1.59e-03
1.17261e+00 1.59e-03
1.17295e+00 1.59e-03
1.17332e+00 1.59e-03
1.17366e+00 1.58e-03
1.17400e+00 1.58e-03
1.17434e+00 1.58e-03
1.17471e+00 1.58e-03
1.17505e+00 1.58e-03
1.17539e+00 1.58e-03
1.17573e+00 1.57e-03
1.17610e+00 1.57e-03
1.17644e+00 1.57e-03
1.17678e+00 1.57e-03
1.17715e+00 1.57e-03
1.17749e+00 1.57e-03
1.17782e+00 1.56e-03
1.17816e+00 1.56e-03
1.19749e+00 1.48e-03
1.21370e+00 1.41e-03
1.22307e+00 1.37e-03
1.23008e+00 1.35e-03
1.24643e+00 1.28e-03
1.25070e+00 1.27e-03
1.26931e+00 1.20e-03
1.27840e+00 1.17e-03
1.29642e+00 1.11e-03
1.31649e+00 1.05e-03
1.32747e+00 1.02e-03
1.34550e+00 9.69e-04
1.36269e+00 9.22e-04
1.37098e+00 9.01e-04
1.39165e+00 8.51e-04
1.40850e+00 8.11e-04
1.41379e+00 7.99e-04
1.43547e+00 7.52e-04
1.45577e+00 7.10e-04
1.45843e+00 7.05e-04
1.45855e+00 7.04e-04
1.48517e+00 6.54e-04
1.50294e+00 6.23e-04
1.52988e+00 5.78e-04
1.54178e+00 5.59e-04
1.55060e+00 5.45e-04
1.56822e+00 5.19e-04
1.56835e+00 5.19e-04
1.59219e+00 4.85e-04
1.62089e+00 4.48e-04
1.63713e+00 4.28e-04
1.66842e+00 3.93e-04
1.68047e+00 3.79e-04
1.71100e+00 3.49e-04
1.72548e+00 3.35e-04
1.76046e+00 3.04e-04
1.77300e+00 2.94e-04
1.80668e+00 2.67e-04
1.81780e+00 2.59e-04
1.85423e+00 2.34e-04
1.89852e+00 2.07e-04
1.92940e+00 1.90e-04
1.93287e+00 1.88e-04
1.96129e+00 1.74e-04
1.96149e+00 1.73e-04
1.96185e+00 1.73e-04
1.96222e+00 1.73e-04
1.96258e+00 1.73e-04
1.96296e+00 1.73e-04
1.96333e+00 1.72e-04
1.96369e+00 1.72e-04
1.96407e+00 1.72e-04
1.96444e+00 1.72e-04
1.96482e+00 1.72e-04
1.96518e+00 1.71e-04
1.96556e+00 1.71e-04
1.96592e+00 1.71e-04
1.96630e+00 1.71e-04
1.96666e+00 1.71e-04
1.96704e+00 1.71e-04
1.96742e+00 1.70e-04
1.96778e+00 1.70e-04
1.96816e+00 1.70e-04
1.96854e+00 1.70e-04
1.96891e+00 1.70e-04
1.96928e+00 1.70e-04
1.96965e+00 1.69e-04
1.97003e+00 1.69e-04
1.97041e+00 1.69e-04
1.97078e+00 1.69e-04
1.97116e+00 1.69e-04
1.97154e+00 1.68e-04
1.97191e+00 1.68e-04
1.97229e+00 1.68e-04
1.97266e+00 1.68e-04
1.97305e+00 1.68e-04
1.97343e+00 1.68e-04
1.97380e+00 1.67e-04
1.97418e+00 1.67e-04
1.97457e+00 1.67e-04
1.97494e+00 1.67e-04
1.97532e+00 1.67e-04
1.97570e+00 1.66e-04
1.97608e+00 1.66e-04
1.97645e+00 1.66e-04
1.97684e+00 1.66e-04
1.97721e+00 1.66e-04
1.97760e+00 1.66e-04
1.97799e+00 1.65e-04
1.97836e+00 1.65e-04
1.97875e+00 1.65e-04
1.97914e+00 1.65e-04
1.97951e+00 1.65e-04
1.97990e+00 1.64e-04
1.98028e+00 1.64e-04
1.98067e+00 1.64e-04
1.98106e+00 1.64e-04
1.98144e+00 1.64e-04
1.98181e+00 1.64e-04
1.98220e+00 1.63e-04
1.98259e+00 1.63e-04
1.98299e+00 1.63e-04
1.98337e+00 1.63e-04
1.98376e+00 1.63e-04
1.98414e+00 1.63e-04
1.98453e+00 1.62e-04
1.98491e+00 1.62e-04
1.98531e+00 1.62e-04
1.98569e+00 1.62e-04
1.98608e+00 1.62e-04
1.98648e+00 1.62e-04
1.98686e+00 1.61e-04
1.98724e+00 1.61e-04
1.98764e+00 1.61e-04
1.98803e+00 1.61e-04
1.98842e+00 1.61e-04
1.98882e+00 1.61e-04
1.98920e+00 1.60e-04
1.98960e+00 1.60e-04
1.99000e+00 1.60e-04
1.99038e+00 1.60e-04
1.99077e+00 1.60e-04
1.99117e+00 1.59e-04
1.99157e+00 1.59e-04
1.99196e+00 1.59e-04
1.99236e+00 1.59e-04
1.99274e+00 1.59e-04
1.99313e+00 1.59e-04
1.99354e+00 1.58e-04
1.99394e+00 1.58e-04
1.99433e+00 1.58e-04
1.99473e+00 1.58e-04
1.99512e+00 1.58e-04
1.99552e+00 1.58e-04
1.99592e+00 1.57e-04
1.99632e+00 1.57e-04
1.99671e+00 1.57e-04
1.99712e+00 1.57e-04
1.99751e+00 1.57e-04
1.99792e+00 1.57e-04
1.99831e+00 1.56e-04
1.99872e+00 1.56e-04
1.99911e+00 1.56e-04
1.99952e+00 1.56e-04
1.99992e+00 1.56e-04
2.00032e+00 1.55e-04
2.00072e+00 1.55e-04
2.00113e+00 1.55e-04
2.00153e+00 1.55e-04
2.00194e+00 1.55e-04
2.00234e+00 1.55e-04
2.00274e+00 1.54e-04
2.00314e+00 1.54e-04
2.00356e+00 1.54e-04
2.00396e+00 1.54e-04
2.00437e+00 1.54e-04
2.00477e+00 1.54e-04
2.00518e+00 1.53e-04
2.00558e+00 1.53e-04
2.00600e+00 1.53e-04
2.00640e+00 1.53e-04
2.00680e+00 1.53e-04
2.00722e+00 1.52e-04
2.00762e+00 1.52e-04
2.00804e+00 1.52e-04
2.00844e+00 1.52e-04
2.00886e+00 1.52e-04
2.00927e+00 1.52e-04
2.00968e+00 1.51e-04
2.01009e+00 1.51e-04
2.01051e+00 1.51e-04
2.01092e+00 1.51e-04
2.01134e+00 1.51e-04
2.01174e+00 1.51e-04
2.01215e+00 1.50e-04
2.01257e+00 1.50e-04
2.01298e+00 1.50e-04
2.01341e+00 1.50e-04
2.01382e+00 1.50e-04
2.01424e+00 1.50e-04
2.01465e+00 1.49e-04
2.01506e+00 1.49e-04
2.01549e+00 1.49e-04
2.01590e+00 1.49e-04
2.01632e+00 1.49e-04
2.01674e+00 1.48e-04
2.01715e+00 1.48e-04
2.01758e+00 1.48e-04
2.01800e+00 1.48e-04
2.01842e+00 1.48e-04
2.01884e+00 1.48e-04
2.01927e+00 1.47e-04
2.01968e+00 1.47e-04
2.02010e+00 1.47e-04
2.02053e+00 1.47e-04
2.02095e+00 1.47e-04
2.02138e+00 1.46e-04
2.02180e+00 1.46e-04
2.02222e+00 1.46e-04
2.02265e+00 1.46e-04
2.02307e+00 1.46e-04
2.02351e+00 1.46e-04
2.02393e+00 1.45e-04
2.02435e+00 1.45e-04
2.02479e+00 1.45e-04
2.02521e+00 1.45e-04
2.02563e+00 1.45e-04
2.02607e+00 1.45e-04
2.02650e+00 1.44e-04
2.02692e+00 1.44e-04
2.02736e+00 1.44e-04
2.02779e+00 1.44e-04
2.02821e+00 1.44e-04
2.02865e+00 1.44e-04
2.02908e+00 1.43e-04
2.02952e+00 1.43e-04
2.02995e+00 1.43e-04
2.03038e+00 1.43e-04
2.03082e+00 1.43e-04
2.03125e+00 1.43e-04
2.03168e+00 1.42e-04
2.03213e+00 1.42e-04
2.03256e+00 1.42e-04
2.03299e+00 1.42e-04
2.03344e+00 1.42e-04
2.03387e+00 1.42e-04
2.03431e+00 1.41e-04
2.03474e+00 1.41e-04
2.03519e+00 1.41e-04
2.03562e+00 1.41e-04
2.03606e+00 1.41e-04
2.03651e+00 1.40e-04
2.03695e+00 1.40e-04
2.03739e+00 1.40e-04
2.03784e+00 1.40e-04
2.03828e+00 1.40e-04
2.03872e+00 1.40e-04
2.03917e+00 1.39e-04
2.03961e+00 1.39e-04
2.04005e+00 1.39e-04
2.04049e+00 1.39e-04
2.04095e+00 1.39e-04
2.04139e+00 1.39e-04
2.04183e+00 1.38e-04
2.04228e+00 1.38e-04
2.04274e+00 1.38e-04
2.04318e+00 1.38e-04
2.04363e+00 1.38e-04
2.04409e+00 1.38e-04
2.04453e+00 1.37e-04
2.04498e+00 1.37e-04
2.04543e+00 1.37e-04
2.04588e+00 1.37e-04
2.04634e+00 1.37e-04
2.04679e+00 1.37e-04
2.04724e+00 1.36e-04
2.04771e+00 1.36e-04
2.04816e+00 1.36e-04
2.04861e+00 1.36e-04
2.04907e+00 1.36e-04
2.04952e+00 1.35e-04
2.04997e+00 1.35e-04
2.05044e+00 1.35e-04
2.05090e+00 1.35e-04
2.05135e+00 1.35e-04
2.05181e+00 1.35e-04
2.05228e+00 1.34e-04
2.05274e+00 1.34e-04
2.05320e+00 1.34e-04
2.05366e+00 1.34e-04
2.05412e+00 1.34e-04
2.05459e+00 1.34e-04
2.05505e+00 1.33e-04
2.05551e+00 1.33e-04
2.05598e+00 1.33e-04
2.05644e+00 1.33e-04
2.05691e+00 1.33e-04
2.05737e+00 1.32e-04
2.05785e+00 1.32e-04
2.05831e+00 1.32e-04
2.05878e+00 1.32e-04
2.05925e+00 1.32e-04
2.05972e+00 1.32e-04
2.06020e+00 1.31e-04
2.06067e+00 1.31e-04
2.06114e+00 1.31e-04
2.06161e+00 1.31e-04
2.06208e+00 1.31e-04
2.06255e+00 1.31e-04
2.06303e+00 1.30e-04
2.06350e+00 1.30e-04
2.06399e+00 1.30e-04
2.06445e+00 1.30e-04
2.06494e+00 1.30e-04
2.06541e+00 1.30e-04
2.06589e+00 1.29e-04
2.06637e+00 1.29e-04
2.06685e+00 1.29e-04
2.06733e+00 1.29e-04
2.06781e+00 1.29e-04
2.06829e+00 1.28e-04
2.06877e+00 1.28e-04
2.06925e+00 1.28e-04
2.06974e+00 1.28e-04
2.07022e+00 1.28e-04
2.07070e+00 1.28e-04
2.07120e+00 1.27e-04
2.07169e+00 1.27e-04
2.07217e+00 1.27e-04
2.07266e+00 1.27e-04
2.07315e+00 1.27e-04
2.07364e+00 1.27e-04
2.07413e+00 1.26e-04
2.07462e+00 1.26e-04
2.07511e+00 1.26e-04
2.07560e+00 1.26e-04
2.07609e+00 1.26e-04
2.07659e+00 1.26e-04
2.07708e+00 1.25e-04
2.07758e+00 1.25e-04
2.07807e+00 1.25e-04
2.07857e+00 1.25e-04
2.07907e+00 1.25e-04
2.07957e+00 1.25e-04
2.08007e+00 1.24e-04
2.08057e+00 1.24e-04
2.08107e+00 1.24e-04
2.08156e+00 1.24e-04
2.08206e+00 1.24e-04
2.08256e+00 1.24e-04
2.08307e+00 1.23e-04
2.08357e+00 1.23e-04
2.08408e+00 1.23e-04
2.08459e+00 1.23e-04
2.08509e+00 1.23e-04
2.08560e+00 1.22e-04
2.08611e+00 1.22e-04
2.08662e+00 1.22e-04
2.08712e+00 1.22e-04
2.08763e+00 1.22e-04
2.08814e+00 1.22e-04
2.08866e+00 1.21e-04
2.08917e+00 1.21e-04
2.08969e+00 1.21e-04
2.09020e+00 1.21e-04
2.09072e+00 1.21e-04
2.09123e+00 1.21e-04
2.09175e+00 1.20e-04
2.09227e+00 1.20e-04
2.09279e+00 1.20e-04
2.09331e+00 1.20e-04
2.09383e+00 1.20e-04
2.09434e+00 1.20e-04
2.09487e+00 1.19e-04
2.09539e+00 1.19e-04
2.09592e+00 1.19e-04
2.09643e+00 1.19e-04
2.09696e+00 1.19e-04
2.09749e+00 1.18e-04
2.09802e+00 1.18e-04
2.09855e+00 1.18e-04
2.09907e+00 1.18e-04
2.09960e+00 1.18e-04
2.10014e+00 1.18e-04
2.10066e+00 1.17e-04
2.10120e+00 1.17e-04
2.10173e+00 1.17e-04
2.10227e+00 1.17e-04
2.10280e+00 1.17e-04
2.10334e+00 1.16e-04
2.10388e+00 1.16e-04
2.10441e+00 1.16e-04
2.10495e+00 1.16e-04
2.10549e+00 1.16e-04
2.10603e+00 1.16e-04
2.10657e+00 1.15e-04
2.10712e+00 1.15e-04
2.10766e+00 1.15e-04
2.10820e+00 1.15e-04
2.10875e+00 1.15e-04
2.10929e+00 1.15e-04
2.10985e+00 1.14e-04
2.11040e+00 1.14e-04
2.11094e+00 1.14e-04
2.11150e+00 1.14e-04
2.11204e+00 1.14e-04
2.11260e+00 1.14e-04
2.11315e+00 1.13e-04
2.11371e+00 1.13e-04
2.11427e+00 1.13e-04
2.11482e+00 1.13e-04
2.11538e+00 1.13e-04
2.11593e+00 1.12e-04
2.11650e+00 1.12e-04
2.11705e+00 1.12e-04
2.11762e+00 1.12e-04
2.11818e+00 1.12e-04
2.11875e+00 1.12e-04
2.11931e+00 1.11e-04
2.11988e+00 1.11e-04
2.12044e+00 1.11e-04
2.12100e+00 1.11e-04
2.12158e+00 1.11e-04
2.12214e+00 1.11e-04
2.12272e+00 1.10e-04
2.12329e+00 1.10e-04
2.12387e+00 1.10e-04
2.12444e+00 1.10e-04
2.12501e+00 1.10e-04
2.12559e+00 1.10e-04
2.12617e+00 1.09e-04
2.12674e+00 1.09e-04
2.12733e+00 1.09e-04
2.12791e+00 1.09e-04
2.12849e+00 1.09e-04
2.12908e+00 1.08e-04
2.12966e+00 1.08e-04
2.13024e+00 1.08e-04
2.13084e+00 1.08e-04
2.13142e+00 1.08e-04
2.13201e+00 1.08e-04
2.13260e+00 1.07e-04
2.13320e+00 1.07e-04
2.13379e+00 1.07e-04
2.13438e+00 1.07e-04
2.13497e+00 1.07e-04
2.13557e+00 1.06e-04
2.13618e+00 1.06e-04
2.13677e+00 1.06e-04
2.13737e+00 1.06e-04
2.13797e+00 1.06e-04
2.13857e+00 1.06e-04
2.13918e+00 1.05e-04
2.13978e+00 1.05e-04
2.14040e+00 1.05e-04
2.14101e+00 1.05e-04
2.14161e+00 1.05e-04
2.14222e+00 1.04e-04
2.14284e+00 1.04e-04
2.14345e+00 1.04e-04
2.14406e+00 1.04e-04
2.14468e+00 1.04e-04
2.14530e+00 1.03e-04
2.14592e+00 1.03e-04
2.14654e+00 1.03e-04
2.14716e+00 1.03e-04
2.14778e+00 1.03e-04
2.14841e+00 1.03e-04
2.14903e+00 1.02e-04
2.14966e+00 1.02e-04
2.15028e+00 1.02e-04
2.15091e+00 1.02e-04
2.15155e+00 1.02e-04
2.15218e+00 1.02e-04
2.15282e+00 1.01e-04
2.15345e+00 1.01e-04
2.15409e+00 1.01e-04
2.15472e+00 1.01e-04
2.15537e+00 1.01e-04
2.15601e+00 1.00e-04
2.15666e+00 1.00e-04
2.15729e+00 1.00e-04
2.15794e+00 1.00e-04
2.15859e+00 9.98e-05
2.15891e+00 9.95e-05
2.15957e+00 9.94e-05
2.16021e+00 9.92e-05
2.16087e+00 9.90e-05
2.16153e+00 9.88e-05
2.16218e+00 9.87e-05
2.16284e+00 9.85e-05
2.16350e+00 9.83e-05
2.16416e+00 9.81e-05
2.16483e+00 9.79e-05
2.16548e+00 9.77e-05
2.16616e+00 9.76e-05
2.16682e+00 9.74e-05
2.16749e+00 9.72e-05
2.16816e+00 9.70e-05
2.16884e+00 9.68e-05
2.16951e+00 9.67e-05
2.17018e+00 9.65e-05
2.17086e+00 9.63e-05
2.17154e+00 9.61e-05
2.17223e+00 9.59e-05
2.17291e+00 9.57e-05
2.17359e+00 9.55e-05
2.17427e+00 9.54e-05
2.17497e+00 9.52e-05
2.17566e+00 9.50e-05
2.17635e+00 9.48e-05
2.17704e+00 9.46e-05
2.17774e+00 9.44e-05
2.17844e+00 9.42e-05
2.17914e+00 9.41e-05
2.17984e+00 9.39e-05
2.18054e+00 9.37e-05
2.18125e+00 9.35e-05
2.18195e+00 9.33e-05
2.18266e+00 9.31e-05
2.18337e+00 9.29e-05
2.18408e+00 9.27e-05
2.18480e+00 9.26e-05
2.18552e+00 9.24e-05
2.18624e+00 9.22e-05
2.18696e+00 9.20e-05
2.18768e+00 9.18e-05
2.18841e+00 9.16e-05
2.18914e+00 9.14e-05
2.18986e+00 9.12e-05
2.19060e+00 9.11e-05
2.19133e+00 9.09e-05
2.19207e+00 9.07e-05
2.19280e+00 9.05e-05
2.19354e+00 9.03e-05
2.19429e+00 9.01e-05
2.19503e+00 9.00e-05
2.19578e+00 8.98e-05
2.19652e+00 8.96e-05
2.19728e+00 8.94e-05
2.19804e+00 8.92e-05
2.19879e+00 8.90e-05
2.19954e+00 8.88e-05
2.20031e+00 8.87e-05
2.20107e+00 8.85e-05
2.20184e+00 8.83e-05
2.20260e+00 8.81e-05
2.20337e+00 8.79e-05
2.20415e+00 8.77e-05
2.20492e+00 8.75e-05
2.20569e+00 8.73e-05
2.20647e+00 8.71e-05
2.20725e+00 8.69e-05
2.20804e+00 8.68e-05
2.20882e+00 8.66e-05
2.20961e+00 8.64e-05
2.21040e+00 8.62e-05
2.21120e+00 8.60e-05
2.21200e+00 8.58e-05
2.21280e+00 8.56e-05
2.21360e+00 8.54e-05
2.21441e+00 8.52e-05
2.21522e+00 8.50e-05
2.21602e+00 8.48e-05
2.21684e+00 8.46e-05
2.21766e+00 8.44e-05
2.21847e+00 8.42e-05
2.21930e+00 8.40e-05
2.22013e+00 8.38e-05
2.22095e+00 8.36e-05
2.22178e+00 8.34e-05
2.22261e+00 8.32e-05
2.22346e+00 8.30e-05
2.22429e+00 8.28e-05
2.22513e+00 8.26e-05
2.22597e+00 8.24e-05
2.22683e+00 8.22e-05
2.22768e+00 8.20e-05
2.22853e+00 8.18e-05
2.22939e+00 8.17e-05
2.23025e+00 8.15e-05
2.23111e+00 8.13e-05
2.23198e+00 8.11e-05
2.23285e+00 8.09e-05
2.23373e+00 8.07e-05
2.23461e+00 8.05e-05
2.23548e+00 8.03e-05
2.23637e+00 8.01e-05
2.23726e+00 7.99e-05
2.23815e+00 7.97e-05
2.23904e+00 7.95e-05
2.23994e+00 7.93e-05
2.24084e+00 7.91e-05
2.24175e+00 7.89e-05
2.24265e+00 7.87e-05
2.24357e+00 7.85e-05
2.24449e+00 7.83e-05
2.24540e+00 7.81e-05
2.24633e+00 7.79e-05
2.24725e+00 7.77e-05
2.24818e+00 7.75e-05
2.24912e+00 7.73e-05
2.25006e+00 7.71e-05
2.25101e+00 7.69e-05
2.25195e+00 7.67e-05
2.25290e+00 7.65e-05
2.25386e+00 7.63e-05
2.25482e+00 7.61e-05
2.25578e+00 7.59e-05
2.25675e+00 7.57e-05
2.25772e+00 7.55e-05
2.25870e+00 7.52e-05
2.25968e+00 7.50e-05
2.26067e+00 7.48e-05
2.26166e+00 7.46e-05
2.26265e+00 7.44e-05
2.26365e+00 7.42e-05
2.26465e+00 7.40e-05
2.26566e+00 7.38e-05
2.26667e+00 7.36e-05
2.26769e+00 7.33e-05
2.26871e+00 7.31e-05
2.26974e+00 7.29e-05
2.27077e+00 7.27e-05
2.27181e+00 7.25e-05
2.27285e+00 7.23e-05
2.27390e+00 7.21e-05
2.27496e+00 7.19e-05
2.27602e+00 7.17e-05
2.27707e+00 7.15e-05
2.27814e+00 7.12e-05
2.27921e+00 7.10e-05
2.28030e+00 7.08e-05
2.28138e+00 7.06e-05
2.28247e+00 7.04e-05
2.28358e+00 7.02e-05
2.28468e+00 7.00e-05
2.28578e+00 6.97e-05
2.28634e+00 6.95e-05
2.28746e+00 6.93e-05
2.28858e+00 6.90e-05
2.28971e+00 6.88e-05
2.29085e+00 6.86e-05
2.29199e+00 6.84e-05
2.29314e+00 6.82e-05
2.29429e+00 6.79e-05
2.29546e+00 6.77e-05
2.29663e+00 6.75e-05
2.29780e+00 6.73e-05
2.29898e+00 6.70e-05
2.30017e+00 6.68e-05
2.30136e+00 6.66e-05
2.30258e+00 6.64e-05
2.30378e+00 6.61e-05
2.30498e+00 6.59e-05
2.30618e+00 6.57e-05
2.30747e+00 6.54e-05
2.30867e+00 6.52e-05
2.30996e+00 6.50e-05
2.31125e+00 6.48e-05
2.31244e+00 6.45e-05
2.31372e+00 6.43e-05
2.31501e+00 6.41e-05
2.31629e+00 6.38e-05
2.31757e+00 6.36e-05
2.31895e+00 6.34e-05
2.32023e+00 6.32e-05
2.32160e+00 6.29e-05
2.32288e+00 6.27e-05
2.32425e+00 6.25e-05
2.32562e+00 6.22e-05
2.32698e+00 6.20e-05
2.32835e+00 6.18e-05
2.32971e+00 6.15e-05
2.33108e+00 6.13e-05
2.33253e+00 6.10e-05
2.33389e+00 6.08e-05
2.33534e+00 6.05e-05
2.33679e+00 6.03e-05
2.33824e+00 6.01e-05
2.33969e+00 5.98e-05
2.34113e+00 5.96e-05
2.34267e+00 5.93e-05
2.34411e+00 5.90e-05
2.34564e+00 5.88e-05
2.34718e+00 5.85e-05
2.34871e+00 5.83e-05
2.35023e+00 5.80e-05
2.35176e+00 5.78e-05
2.35337e+00 5.75e-05
2.35499e+00 5.73e-05
2.35650e+00 5.70e-05
2.35811e+00 5.68e-05
2.35982e+00 5.65e-05
2.36142e+00 5.63e-05
2.36312e+00 5.60e-05
2.36471e+00 5.57e-05
2.36640e+00 5.55e-05
2.36819e+00 5.52e-05
2.36987e+00 5.50e-05
2.37164e+00 5.47e-05
2.37332e+00 5.44e-05
2.37518e+00 5.41e-05
2.37695e+00 5.39e-05
2.37871e+00 5.36e-05
2.38056e+00 5.33e-05
2.38241e+00 5.30e-05
2.38426e+00 5.28e-05
2.38619e+00 5.25e-05
2.38812e+00 5.22e-05
2.39005e+00 5.19e-05
2.39197e+00 5.16e-05
2.39398e+00 5.13e-05
2.39598e+00 5.11e-05
2.39799e+00 5.08e-05
2.40007e+00 5.05e-05
2.40216e+00 5.02e-05
2.40424e+00 4.99e-05
2.40640e+00 4.96e-05
2.40848e+00 4.93e-05
2.41072e+00 4.90e-05
2.41296e+00 4.87e-05
2.41520e+00 4.84e-05
2.41743e+00 4.81e-05
2.41975e+00 4.78e-05
2.42214e+00 4.75e-05
2.42454e+00 4.71e-05
2.42692e+00 4.68e-05
2.42939e+00 4.65e-05
2.43186e+00 4.62e-05
2.43440e+00 4.58e-05
2.43694e+00 4.55e-05
2.43956e+00 4.52e-05
2.44226e+00 4.49e-05
2.44495e+00 4.45e-05
2.44772e+00 4.42e-05
2.45057e+00 4.38e-05
2.45342e+00 4.35e-05
2.45634e+00 4.31e-05
2.45933e+00 4.28e-05
2.46241e+00 4.24e-05
2.46547e+00 4.20e-05
2.46861e+00 4.16e-05
2.47191e+00 4.13e-05
2.47519e+00 4.09e-05
2.47855e+00 4.05e-05
2.48207e+00 4.01e-05
2.48566e+00 3.97e-05
2.48923e+00 3.93e-05
2.49304e+00 3.89e-05
2.49684e+00 3.85e-05
2.50078e+00 3.80e-05
2.50487e+00 3.76e-05
2.50911e+00 3.72e-05
2.51341e+00 3.67e-05
2.51786e+00 3.63e-05
2.52252e+00 3.58e-05
2.52733e+00 3.53e-05
2.53227e+00 3.48e-05
2.53742e+00 3.43e-05
2.54286e+00 3.38e-05
2.54843e+00 3.33e-05
2.55428e+00 3.27e-05
2.56048e+00 3.22e-05
2.56695e+00 3.16e-05
2.57376e+00 3.10e-05
2.58097e+00 3.04e-05
2.58867e+00 2.97e-05
2.59682e+00 2.91e-05
2.60565e+00 2.84e-05
2.61513e+00 2.76e-05
2.62024e+00 2.72e-05
2.63110e+00 2.64e-05
2.63698e+00 2.60e-05
2.64319e+00 2.55e-05
2.64971e+00 2.51e-05
2.65669e+00 2.46e-05
2.66410e+00 2.41e-05
2.67215e+00 2.35e-05
2.68082e+00 2.30e-05
2.69029e+00 2.24e-05
2.70069e+00 2.17e-05
2.71231e+00 2.11e-05
2.72543e+00 2.03e-05
2.74065e+00 1.95e-05
2.75874e+00 1.85e-05
2.78130e+00 1.74e-05
2.81151e+00 1.60e-05
2.85859e+00 1.40e-05
2.99573e+00 9.61e-06
