# OPACITY Project tables
-2.61515e+00 4.81e+02
-2.27341e+00 1.67e+02
-2.07433e+00 8.98e+01
-1.93351e+00 5.80e+01
-1.82455e+00 4.14e+01
-1.73574e+00 3.14e+01
-1.66078e+00 2.49e+01
-1.59603e+00 2.04e+01
-1.53898e+00 1.71e+01
-1.48802e+00 1.46e+01
-1.44198e+00 1.27e+01
-1.40003e+00 1.11e+01
-1.36148e+00 9.91e+00
-1.32584e+00 8.87e+00
-1.29269e+00 8.01e+00
-1.26174e+00 7.29e+00
-1.23268e+00 6.67e+00
-1.20531e+00 6.14e+00
-1.17944e+00 5.68e+00
-1.15493e+00 5.27e+00
-1.13165e+00 4.92e+00
-1.10945e+00 4.60e+00
-1.08827e+00 4.33e+00
-1.06799e+00 4.10e+00
-1.04857e+00 3.84e+00
-1.02994e+00 3.64e+00
-1.01200e+00 3.45e+00
-9.94739e-01 3.29e+00
-9.78086e-01 3.15e+00
-9.62021e-01 3.00e+00
-9.46492e-01 2.89e+00
-9.31455e-01 2.79e+00
-9.16916e-01 2.65e+00
-9.02807e-01 2.54e+00
-8.89113e-01 2.43e+00
-8.75797e-01 2.34e+00
-8.62868e-01 2.25e+00
-8.50292e-01 2.17e+00
-8.38057e-01 2.09e+00
-8.26130e-01 2.02e+00
-8.14502e-01 1.95e+00
-8.03185e-01 1.89e+00
-7.92106e-01 1.83e+00
-7.81301e-01 1.77e+00
-7.70741e-01 1.72e+00
-7.60420e-01 1.67e+00
-7.50331e-01 1.63e+00
-7.40469e-01 1.76e+00
-7.30787e-01 1.55e+00
-7.21320e-01 1.51e+00
-7.12045e-01 1.48e+00
-7.02955e-01 1.46e+00
-6.94048e-01 1.42e+00
-6.85298e-01 1.37e+00
-6.76723e-01 1.33e+00
-6.68298e-01 1.30e+00
-6.60041e-01 1.26e+00
-6.51909e-01 1.24e+00
-6.43938e-01 1.21e+00
-6.36087e-01 1.20e+00
-6.28390e-01 1.18e+00
-6.20808e-01 1.14e+00
-6.13357e-01 1.16e+00
-6.06016e-01 1.13e+00
-5.98801e-01 1.07e+00
-5.91692e-01 1.05e+00
-5.84687e-01 1.03e+00
-5.77803e-01 1.01e+00
-5.71018e-01 9.92e-01
-5.64314e-01 1.01e+00
-5.57725e-01 9.68e-01
-5.51231e-01 9.65e-01
-5.44831e-01 9.30e-01
-5.38505e-01 9.03e-01
-5.32288e-01 8.89e-01
-5.26142e-01 8.76e-01
-5.20085e-01 8.60e-01
-5.14098e-01 8.43e-01
-5.08196e-01 8.34e-01
-5.02362e-01 8.20e-01
-4.96610e-01 8.05e-01
-4.90925e-01 7.92e-01
-4.85320e-01 7.90e-01
-4.79779e-01 7.75e-01
-4.74301e-01 7.63e-01
-4.68884e-01 7.59e-01
-4.63545e-01 7.49e-01
-4.58265e-01 7.34e-01
-4.53044e-01 7.26e-01
-4.47882e-01 7.13e-01
-4.42778e-01 7.06e-01
-4.37730e-01 7.00e-01
-4.32739e-01 6.89e-01
-4.27803e-01 6.82e-01
-4.22922e-01 6.74e-01
-4.18095e-01 6.65e-01
-4.13321e-01 6.58e-01
-4.08585e-01 6.55e-01
-4.03901e-01 6.48e-01
-3.99284e-01 6.50e-01
-3.94688e-01 6.40e-01
-3.90158e-01 6.31e-01
-3.85662e-01 6.21e-01
-3.81216e-01 6.23e-01
-3.76819e-01 6.07e-01
-3.72456e-01 5.97e-01
-3.68126e-01 5.91e-01
-3.63858e-01 5.86e-01
-3.59622e-01 5.81e-01
-3.55419e-01 5.95e-01
-3.51261e-01 5.71e-01
-3.43054e-01 5.63e-01
-3.39003e-01 5.65e-01
-3.34997e-01 5.60e-01
-3.31021e-01 5.51e-01
-3.27088e-01 5.45e-01
-3.23185e-01 5.40e-01
-3.19310e-01 5.42e-01
-3.15464e-01 5.31e-01
-3.11661e-01 5.28e-01
-3.07885e-01 5.33e-01
-3.04150e-01 5.32e-01
-3.00430e-01 6.07e-01
-2.96750e-01 5.28e-01
-2.93097e-01 5.09e-01
-2.89484e-01 5.02e-01
-2.85884e-01 4.98e-01
-2.82323e-01 4.96e-01
-2.78788e-01 4.93e-01
-2.75279e-01 5.22e-01
-2.71796e-01 4.81e-01
-2.68350e-01 4.81e-01
-2.64917e-01 4.78e-01
-2.61521e-01 4.76e-01
-2.58149e-01 4.69e-01
-2.54802e-01 4.66e-01
-2.51466e-01 4.65e-01
-2.48167e-01 4.64e-01
-2.44891e-01 4.61e-01
-2.41639e-01 4.60e-01
-2.38409e-01 4.57e-01
-2.35203e-01 4.56e-01
-2.32020e-01 4.59e-01
-2.28860e-01 4.59e-01
-2.25722e-01 4.92e-01
-2.22606e-01 7.18e-01
-2.19513e-01 4.65e-01
-2.16441e-01 4.48e-01
-2.13391e-01 4.47e-01
-2.10363e-01 4.43e-01
-2.07344e-01 4.41e-01
-2.04359e-01 4.39e-01
-2.01382e-01 4.36e-01
-1.98439e-01 4.35e-01
-1.95504e-01 4.35e-01
-1.92590e-01 4.34e-01
-1.89697e-01 4.31e-01
-1.86824e-01 4.30e-01
-1.83971e-01 4.30e-01
-1.78314e-01 4.25e-01
-1.75509e-01 4.24e-01
-1.72724e-01 4.23e-01
-1.69958e-01 4.23e-01
-1.67200e-01 4.20e-01
-1.64474e-01 4.24e-01
-1.61755e-01 4.20e-01
-1.59054e-01 4.19e-01
-1.56373e-01 4.21e-01
-1.53699e-01 4.23e-01
-1.51044e-01 4.20e-01
-1.48407e-01 4.19e-01
-1.43189e-01 4.19e-01
-1.40596e-01 4.19e-01
-1.38021e-01 4.19e-01
-1.35453e-01 4.34e-01
-1.32914e-01 4.16e-01
-1.30382e-01 4.16e-01
-1.27867e-01 4.16e-01
-1.25359e-01 4.18e-01
-1.22868e-01 4.19e-01
-1.20395e-01 4.19e-01
-1.17928e-01 4.22e-01
-1.15489e-01 4.22e-01
-1.13057e-01 4.27e-01
-1.10630e-01 4.25e-01
-1.08220e-01 4.25e-01
-1.03440e-01 4.26e-01
-1.01070e-01 4.28e-01
-9.87160e-02 4.62e-01
-9.63788e-02 4.27e-01
-9.40360e-02 4.28e-01
-9.17206e-02 4.29e-01
-8.94106e-02 4.31e-01
-8.71168e-02 4.36e-01
-8.48283e-02 4.35e-01
-8.25559e-02 4.36e-01
-8.02994e-02 4.38e-01
-7.80480e-02 4.39e-01
-7.58125e-02 4.42e-01
-7.35820e-02 4.42e-01
-7.13671e-02 4.44e-01
-6.91679e-02 4.48e-01
-6.69735e-02 4.46e-01
-6.26097e-02 4.47e-01
-6.04509e-02 4.49e-01
-5.82967e-02 4.52e-01
-5.61577e-02 4.58e-01
-5.40233e-02 4.60e-01
-5.19040e-02 4.65e-01
-4.97997e-02 4.65e-01
-4.76998e-02 4.93e-01
-4.56042e-02 4.75e-01
-4.35236e-02 4.73e-01
-4.14576e-02 4.72e-01
-3.93959e-02 4.72e-01
-3.73385e-02 4.73e-01
-3.52956e-02 4.74e-01
-3.12430e-02 4.82e-01
-2.92229e-02 4.85e-01
-2.52255e-02 4.95e-01
-2.32379e-02 5.01e-01
-2.12543e-02 5.09e-01
-1.92848e-02 5.27e-01
-1.73293e-02 5.21e-01
-1.53675e-02 5.25e-01
-1.34298e-02 5.32e-01
-1.14958e-02 5.41e-01
-9.56560e-03 5.54e-01
-7.64918e-03 5.66e-01
-5.73642e-03 5.56e-01
-3.83735e-03 5.63e-01
-1.94188e-03 5.53e-01
-5.00013e-05 5.52e-01
1.79838e-03 5.41e-01
3.69317e-03 5.33e-01
5.58438e-03 5.31e-01
7.37275e-03 5.31e-01
9.25702e-03 5.33e-01
1.11377e-02 5.35e-01
1.29162e-02 5.37e-01
1.47901e-02 5.38e-01
1.65621e-02 5.37e-01
1.84291e-02 5.35e-01
2.01947e-02 5.45e-01
2.19572e-02 5.46e-01
2.38142e-02 5.61e-01
2.55703e-02 5.58e-01
2.73233e-02 5.43e-01
2.90732e-02 5.36e-01
3.08201e-02 5.37e-01
3.25640e-02 5.38e-01
3.43048e-02 5.48e-01
3.60426e-02 5.35e-01
3.77774e-02 5.32e-01
3.95091e-02 5.30e-01
4.29637e-02 5.28e-01
4.46865e-02 5.27e-01
4.64064e-02 5.27e-01
4.80280e-02 5.29e-01
4.97421e-02 5.31e-01
5.30667e-02 5.38e-01
5.47722e-02 5.46e-01
5.64748e-02 5.58e-01
5.80802e-02 6.14e-01
5.97772e-02 5.57e-01
6.13773e-02 5.40e-01
6.29748e-02 5.31e-01
6.46635e-02 5.25e-01
6.62558e-02 5.21e-01
6.78455e-02 5.20e-01
6.95261e-02 5.22e-01
7.11106e-02 5.26e-01
7.26927e-02 5.29e-01
7.42722e-02 5.31e-01
7.74239e-02 5.32e-01
7.90884e-02 5.24e-01
8.06579e-02 5.17e-01
8.22249e-02 5.11e-01
8.52598e-02 5.01e-01
8.68197e-02 5.00e-01
8.83771e-02 4.99e-01
8.99321e-02 4.99e-01
9.14847e-02 5.00e-01
9.30349e-02 4.98e-01
9.44917e-02 4.96e-01
9.75803e-02 4.93e-01
1.00569e-01 4.89e-01
1.02015e-01 4.87e-01
1.03549e-01 4.84e-01
1.05080e-01 4.79e-01
1.06520e-01 4.78e-01
1.07957e-01 4.79e-01
1.09482e-01 4.83e-01
1.10915e-01 4.87e-01
1.12435e-01 4.88e-01
1.13864e-01 4.84e-01
1.15291e-01 4.82e-01
1.16805e-01 4.77e-01
1.18227e-01 4.71e-01
1.19648e-01 4.67e-01
1.21067e-01 4.65e-01
1.22483e-01 4.63e-01
1.23898e-01 4.62e-01
1.25398e-01 4.64e-01
1.26809e-01 4.61e-01
1.28217e-01 4.62e-01
1.29624e-01 4.61e-01
1.31028e-01 4.58e-01
1.33831e-01 4.47e-01
1.36539e-01 4.41e-01
1.37934e-01 4.38e-01
1.39327e-01 4.36e-01
1.40718e-01 4.35e-01
1.42107e-01 4.37e-01
1.43407e-01 4.35e-01
1.44793e-01 4.33e-01
1.46176e-01 4.31e-01
1.48851e-01 4.26e-01
1.50229e-01 4.23e-01
1.51519e-01 4.21e-01
1.52893e-01 4.20e-01
1.54179e-01 4.20e-01
1.55550e-01 4.19e-01
1.56833e-01 4.18e-01
1.58200e-01 4.17e-01
1.59479e-01 4.16e-01
1.60757e-01 4.15e-01
1.62119e-01 4.14e-01
1.63394e-01 4.10e-01
1.64751e-01 4.09e-01
1.66023e-01 4.09e-01
1.67293e-01 4.09e-01
1.68561e-01 4.06e-01
1.69912e-01 4.03e-01
1.71176e-01 4.00e-01
1.72440e-01 4.01e-01
1.73701e-01 3.99e-01
1.74961e-01 3.99e-01
1.76220e-01 3.97e-01
1.77477e-01 4.00e-01
1.78732e-01 4.04e-01
1.80069e-01 4.01e-01
1.81321e-01 3.96e-01
1.82572e-01 3.93e-01
1.83737e-01 3.95e-01
1.84985e-01 3.93e-01
1.86231e-01 3.93e-01
1.87475e-01 3.92e-01
1.88718e-01 3.91e-01
1.89959e-01 3.89e-01
1.91199e-01 3.85e-01
1.93591e-01 3.81e-01
1.96060e-01 3.75e-01
1.97292e-01 3.72e-01
1.98441e-01 3.70e-01
1.99670e-01 3.67e-01
2.00898e-01 3.66e-01
2.02042e-01 3.62e-01
2.03267e-01 3.60e-01
2.04409e-01 3.58e-01
2.05631e-01 3.59e-01
2.06770e-01 3.64e-01
2.07989e-01 3.63e-01
2.09126e-01 3.55e-01
2.10342e-01 3.52e-01
2.11476e-01 3.52e-01
2.12689e-01 3.51e-01
2.13820e-01 3.48e-01
2.15031e-01 3.46e-01
2.16159e-01 3.45e-01
2.18493e-01 3.42e-01
2.19617e-01 3.52e-01
2.20741e-01 3.63e-01
2.21943e-01 3.63e-01
2.23064e-01 3.52e-01
2.24183e-01 3.47e-01
2.25301e-01 3.57e-01
2.26418e-01 3.43e-01
2.27614e-01 3.39e-01
2.28728e-01 3.39e-01
2.29841e-01 3.35e-01
2.30953e-01 3.34e-01
2.33173e-01 3.33e-01
2.34281e-01 3.32e-01
2.35388e-01 3.29e-01
2.36494e-01 3.29e-01
2.37599e-01 3.35e-01
2.38702e-01 3.27e-01
2.39804e-01 3.27e-01
2.40905e-01 3.24e-01
2.42005e-01 3.24e-01
2.43103e-01 3.24e-01
2.44200e-01 3.25e-01
2.45296e-01 3.28e-01
2.46313e-01 3.28e-01
2.47407e-01 3.25e-01
2.48499e-01 3.24e-01
2.49591e-01 3.28e-01
2.50681e-01 3.41e-01
2.51692e-01 3.36e-01
2.52780e-01 3.25e-01
2.53867e-01 3.20e-01
2.54875e-01 3.17e-01
2.55959e-01 3.15e-01
2.57042e-01 3.14e-01
2.58047e-01 3.13e-01
2.59128e-01 3.13e-01
2.60208e-01 3.13e-01
2.62287e-01 3.14e-01
2.63287e-01 3.14e-01
2.64362e-01 3.14e-01
2.65360e-01 3.13e-01
2.67428e-01 3.09e-01
2.68499e-01 3.07e-01
2.69493e-01 3.06e-01
2.70561e-01 3.01e-01
2.71553e-01 2.97e-01
2.72619e-01 2.95e-01
2.74597e-01 2.92e-01
2.75660e-01 2.91e-01
2.77632e-01 2.89e-01
2.78692e-01 2.88e-01
2.80657e-01 2.86e-01
2.81639e-01 2.83e-01
2.82695e-01 2.82e-01
2.83674e-01 2.81e-01
2.84652e-01 2.82e-01
2.85630e-01 2.81e-01
2.86606e-01 2.82e-01
2.87582e-01 2.81e-01
2.88632e-01 2.82e-01
2.89605e-01 2.83e-01
2.90578e-01 2.80e-01
2.91550e-01 2.78e-01
2.92520e-01 2.73e-01
2.93490e-01 2.75e-01
2.94459e-01 2.75e-01
2.95427e-01 2.86e-01
2.96394e-01 2.96e-01
2.97360e-01 2.76e-01
2.98325e-01 2.73e-01
2.99289e-01 2.79e-01
3.00253e-01 3.05e-01
3.01215e-01 2.90e-01
3.02177e-01 2.79e-01
3.03137e-01 2.76e-01
3.04097e-01 2.72e-01
3.04982e-01 2.69e-01
3.05939e-01 2.66e-01
3.06896e-01 2.64e-01
3.07852e-01 2.62e-01
3.08807e-01 2.61e-01
3.09762e-01 2.62e-01
3.10641e-01 2.65e-01
3.11594e-01 2.65e-01
3.12545e-01 2.65e-01
3.13496e-01 2.60e-01
3.14373e-01 2.64e-01
3.15322e-01 2.66e-01
3.16270e-01 2.61e-01
3.17144e-01 2.57e-01
3.18090e-01 2.53e-01
3.19035e-01 2.49e-01
3.19907e-01 2.46e-01
3.20851e-01 2.50e-01
3.21794e-01 2.52e-01
3.22663e-01 2.54e-01
3.23604e-01 2.64e-01
3.24472e-01 2.60e-01
3.25411e-01 2.61e-01
3.26278e-01 2.56e-01
3.27215e-01 2.51e-01
3.28080e-01 2.48e-01
3.29016e-01 2.47e-01
3.29879e-01 2.47e-01
3.30813e-01 2.55e-01
3.31675e-01 2.52e-01
3.32608e-01 2.48e-01
3.33468e-01 2.43e-01
3.34399e-01 2.41e-01
3.35257e-01 2.41e-01
3.36115e-01 2.41e-01
3.37044e-01 2.45e-01
3.37900e-01 2.47e-01
3.38827e-01 2.53e-01
3.39681e-01 2.59e-01
3.40535e-01 2.52e-01
3.41389e-01 2.55e-01
3.42312e-01 2.51e-01
3.43164e-01 2.41e-01
3.44015e-01 2.38e-01
3.44936e-01 2.39e-01
3.45786e-01 2.36e-01
3.46635e-01 2.36e-01
3.47483e-01 2.37e-01
3.48330e-01 2.42e-01
3.49247e-01 2.61e-01
3.50093e-01 2.46e-01
3.50939e-01 2.39e-01
3.51783e-01 2.35e-01
3.52627e-01 2.34e-01
3.53470e-01 2.33e-01
3.54382e-01 2.32e-01
3.55224e-01 2.30e-01
3.56065e-01 2.34e-01
3.56905e-01 2.35e-01
3.58583e-01 2.34e-01
3.59421e-01 2.33e-01
3.60259e-01 2.32e-01
3.61095e-01 2.31e-01
3.61931e-01 2.30e-01
3.64435e-01 2.31e-01
3.66100e-01 2.30e-01
3.66932e-01 2.30e-01
3.67763e-01 2.30e-01
3.68594e-01 2.29e-01
3.69354e-01 2.29e-01
3.70183e-01 2.35e-01
3.71012e-01 2.26e-01
3.71839e-01 2.24e-01
3.72666e-01 2.28e-01
3.73493e-01 2.25e-01
3.74318e-01 2.24e-01
3.75075e-01 2.23e-01
3.75899e-01 2.20e-01
3.76723e-01 2.21e-01
3.77546e-01 2.22e-01
3.78299e-01 2.21e-01
3.79121e-01 2.21e-01
3.79942e-01 2.20e-01
3.80762e-01 2.19e-01
3.81514e-01 2.18e-01
3.82333e-01 2.18e-01
3.83151e-01 2.18e-01
3.83969e-01 2.18e-01
3.84718e-01 2.19e-01
3.85534e-01 2.17e-01
3.86282e-01 2.24e-01
3.87097e-01 2.12e-01
3.87912e-01 2.15e-01
3.88658e-01 2.15e-01
3.89471e-01 2.15e-01
3.90284e-01 2.12e-01
3.91028e-01 2.15e-01
3.91839e-01 2.14e-01
3.92582e-01 2.14e-01
3.93393e-01 2.13e-01
3.94134e-01 2.11e-01
3.94943e-01 2.12e-01
3.95684e-01 2.13e-01
3.96492e-01 2.15e-01
3.97231e-01 2.14e-01
3.98038e-01 2.12e-01
3.98776e-01 2.10e-01
3.99581e-01 2.07e-01
4.00319e-01 2.11e-01
4.01122e-01 2.10e-01
4.01859e-01 2.09e-01
4.02661e-01 2.08e-01
4.03396e-01 2.07e-01
4.04131e-01 2.08e-01
4.04932e-01 2.12e-01
4.05665e-01 2.09e-01
4.06465e-01 2.07e-01
4.07197e-01 2.07e-01
4.07929e-01 2.09e-01
4.08726e-01 2.09e-01
4.10187e-01 2.08e-01
4.11712e-01 2.06e-01
4.13169e-01 2.05e-01
4.14689e-01 2.04e-01
4.16141e-01 2.03e-01
4.17657e-01 2.02e-01
4.19105e-01 2.01e-01
4.20616e-01 2.00e-01
4.22060e-01 2.00e-01
4.23501e-01 1.99e-01
4.24221e-01 2.01e-01
4.25725e-01 2.00e-01
4.27161e-01 2.00e-01
4.29312e-01 1.99e-01
4.30743e-01 2.00e-01
4.32172e-01 2.01e-01
4.32886e-01 2.01e-01
4.33599e-01 2.00e-01
4.35024e-01 1.99e-01
4.36447e-01 1.97e-01
4.37158e-01 1.96e-01
4.38577e-01 1.95e-01
4.39995e-01 1.94e-01
4.40704e-01 1.93e-01
4.42118e-01 1.92e-01
4.43467e-01 1.92e-01
4.44878e-01 1.91e-01
4.46287e-01 1.91e-01
4.47630e-01 1.90e-01
4.49035e-01 1.89e-01
4.50438e-01 1.89e-01
4.51776e-01 1.89e-01
4.53811e-01 1.88e-01
4.57235e-01 1.88e-01
4.58563e-01 1.88e-01
4.59953e-01 1.89e-01
4.61278e-01 1.90e-01
4.62601e-01 1.90e-01
4.63923e-01 1.91e-01
4.65305e-01 1.92e-01
4.66623e-01 1.93e-01
4.67250e-01 1.93e-01
4.69941e-01 1.93e-01
4.71253e-01 1.92e-01
4.72563e-01 1.91e-01
4.73871e-01 1.89e-01
4.74494e-01 1.88e-01
4.75799e-01 1.86e-01
4.77103e-01 1.84e-01
4.78406e-01 1.82e-01
4.79025e-01 1.81e-01
4.80944e-01 1.81e-01
4.82920e-01 1.80e-01
4.84153e-01 1.80e-01
4.85446e-01 1.79e-01
4.86738e-01 1.79e-01
4.87966e-01 1.79e-01
4.89255e-01 1.78e-01
4.90480e-01 1.78e-01
4.91765e-01 1.77e-01
4.93049e-01 1.77e-01
4.94269e-01 1.77e-01
4.95489e-01 1.76e-01
4.96767e-01 1.76e-01
4.97984e-01 1.75e-01
4.99259e-01 1.75e-01
5.00472e-01 1.74e-01
5.01684e-01 1.74e-01
5.02955e-01 1.74e-01
5.04163e-01 1.73e-01
5.05371e-01 1.73e-01
5.06577e-01 1.73e-01
5.07781e-01 1.72e-01
5.09044e-01 1.72e-01
5.10245e-01 1.72e-01
5.11445e-01 1.71e-01
5.12644e-01 1.71e-01
5.14439e-01 1.71e-01
5.15634e-01 1.71e-01
5.16828e-01 1.70e-01
5.18020e-01 1.70e-01
5.19210e-01 1.69e-01
5.20340e-01 1.69e-01
5.21528e-01 1.69e-01
5.26797e-01 1.68e-01
5.34327e-01 1.67e-01
5.45053e-01 1.66e-01
5.46154e-01 1.66e-01
5.47312e-01 1.65e-01
5.47832e-01 1.65e-01
5.48930e-01 1.64e-01
5.49508e-01 1.63e-01
5.50085e-01 1.63e-01
5.50604e-01 1.64e-01
5.51180e-01 1.65e-01
5.51699e-01 1.66e-01
5.52275e-01 1.67e-01
5.52850e-01 1.68e-01
5.53943e-01 1.67e-01
5.54460e-01 1.67e-01
5.57213e-01 1.67e-01
5.58301e-01 1.67e-01
5.59387e-01 1.67e-01
5.60473e-01 1.68e-01
5.61557e-01 1.68e-01
5.62640e-01 1.68e-01
5.63722e-01 1.69e-01
5.64234e-01 1.69e-01
5.65314e-01 1.69e-01
5.65825e-01 1.70e-01
5.66393e-01 1.70e-01
5.66903e-01 1.71e-01
5.67471e-01 1.73e-01
5.67981e-01 1.74e-01
5.69057e-01 1.77e-01
5.69566e-01 1.78e-01
5.70641e-01 1.79e-01
5.71149e-01 1.78e-01
5.72222e-01 1.77e-01
5.73293e-01 1.76e-01
5.74307e-01 1.75e-01
5.74870e-01 1.74e-01
5.75883e-01 1.74e-01
5.76950e-01 1.73e-01
5.78522e-01 1.72e-01
5.81098e-01 1.72e-01
5.82662e-01 1.72e-01
5.83667e-01 1.72e-01
5.84225e-01 1.72e-01
5.84726e-01 1.71e-01
5.85228e-01 1.70e-01
5.85729e-01 1.69e-01
5.86230e-01 1.71e-01
5.86786e-01 1.72e-01
5.87287e-01 1.73e-01
5.87787e-01 1.73e-01
5.88786e-01 1.73e-01
5.93382e-01 1.73e-01
5.94376e-01 1.73e-01
5.94873e-01 1.74e-01
5.95369e-01 1.73e-01
5.96361e-01 1.73e-01
6.02839e-01 1.74e-01
6.03824e-01 1.74e-01
6.04316e-01 1.74e-01
6.04808e-01 1.74e-01
6.05299e-01 1.73e-01
6.05790e-01 1.72e-01
6.06281e-01 1.73e-01
6.06772e-01 1.75e-01
6.07262e-01 1.75e-01
6.08243e-01 1.75e-01
6.08732e-01 1.75e-01
6.09222e-01 1.75e-01
6.09711e-01 1.76e-01
6.10200e-01 1.76e-01
6.10689e-01 1.77e-01
6.11178e-01 1.76e-01
6.11666e-01 1.77e-01
6.12154e-01 1.75e-01
6.12642e-01 1.76e-01
6.13617e-01 1.76e-01
6.14104e-01 1.77e-01
6.14591e-01 1.77e-01
6.15023e-01 1.78e-01
6.15510e-01 1.80e-01
6.16482e-01 1.84e-01
6.16968e-01 1.86e-01
6.17453e-01 1.86e-01
6.17939e-01 1.85e-01
6.18424e-01 1.83e-01
6.18908e-01 1.81e-01
6.19339e-01 1.84e-01
6.19824e-01 1.83e-01
6.20792e-01 1.82e-01
6.21275e-01 1.81e-01
6.21759e-01 1.81e-01
6.22242e-01 1.82e-01
6.22671e-01 1.81e-01
6.23154e-01 1.80e-01
6.23636e-01 1.80e-01
6.25511e-01 1.80e-01
6.25992e-01 1.80e-01
6.26473e-01 1.79e-01
6.26954e-01 1.79e-01
6.27435e-01 1.80e-01
6.27862e-01 1.82e-01
6.29302e-01 1.81e-01
6.29728e-01 1.82e-01
6.30207e-01 1.79e-01
6.30686e-01 1.79e-01
6.31591e-01 1.79e-01
6.32069e-01 1.80e-01
6.32548e-01 1.80e-01
6.33026e-01 1.78e-01
6.33450e-01 1.80e-01
6.33928e-01 1.82e-01
6.34405e-01 1.82e-01
6.34882e-01 1.81e-01
6.36683e-01 1.81e-01
6.38110e-01 1.81e-01
6.38533e-01 1.81e-01
6.39483e-01 1.82e-01
6.39905e-01 1.82e-01
6.40379e-01 1.82e-01
6.40853e-01 1.82e-01
6.41275e-01 1.83e-01
6.41749e-01 1.84e-01
6.42222e-01 1.88e-01
6.42643e-01 1.94e-01
6.43116e-01 1.95e-01
6.44009e-01 1.93e-01
6.44482e-01 1.93e-01
6.44902e-01 1.93e-01
6.45846e-01 1.93e-01
6.46265e-01 1.93e-01
6.46737e-01 1.93e-01
6.47627e-01 1.94e-01
6.48098e-01 1.94e-01
6.48516e-01 1.94e-01
6.49404e-01 1.91e-01
6.49874e-01 1.90e-01
6.50761e-01 1.87e-01
6.51648e-01 1.83e-01
6.52117e-01 1.83e-01
6.53002e-01 1.82e-01
6.53886e-01 1.80e-01
6.54770e-01 1.79e-01
6.55186e-01 1.79e-01
6.55653e-01 1.78e-01
6.56120e-01 1.78e-01
6.56535e-01 1.78e-01
6.57002e-01 1.79e-01
6.57416e-01 1.80e-01
6.57883e-01 1.85e-01
6.58297e-01 1.86e-01
6.58763e-01 1.86e-01
6.59177e-01 1.84e-01
6.60056e-01 1.82e-01
6.60469e-01 1.81e-01
6.60934e-01 1.80e-01
6.61347e-01 1.80e-01
6.61811e-01 1.79e-01
6.62224e-01 1.79e-01
6.63100e-01 1.79e-01
6.63976e-01 1.79e-01
6.64851e-01 1.79e-01
6.65725e-01 1.78e-01
6.66136e-01 1.78e-01
6.66598e-01 1.77e-01
6.67009e-01 1.77e-01
6.67470e-01 1.78e-01
6.67881e-01 1.80e-01
6.68291e-01 1.87e-01
6.68752e-01 1.83e-01
6.69162e-01 1.82e-01
6.69623e-01 1.82e-01
6.70032e-01 1.81e-01
6.70441e-01 1.80e-01
6.70902e-01 1.79e-01
6.71310e-01 1.79e-01
6.71719e-01 1.79e-01
6.72179e-01 1.79e-01
6.72587e-01 1.79e-01
6.73455e-01 1.79e-01
6.73862e-01 1.78e-01
6.74321e-01 1.77e-01
6.74729e-01 1.78e-01
6.75136e-01 1.85e-01
6.75594e-01 1.82e-01
6.76001e-01 1.81e-01
6.76408e-01 1.80e-01
6.76865e-01 1.80e-01
6.77272e-01 1.79e-01
6.77678e-01 1.78e-01
6.78135e-01 1.78e-01
6.78541e-01 1.77e-01
6.78947e-01 1.79e-01
6.79809e-01 1.78e-01
6.80214e-01 1.78e-01
6.80619e-01 1.78e-01
6.81075e-01 1.78e-01
6.81479e-01 1.77e-01
6.82339e-01 1.77e-01
6.83147e-01 1.76e-01
6.84006e-01 1.76e-01
6.84813e-01 1.76e-01
6.85669e-01 1.75e-01
6.86475e-01 1.75e-01
6.87330e-01 1.75e-01
6.88135e-01 1.74e-01
6.88989e-01 1.74e-01
6.89792e-01 1.74e-01
6.90594e-01 1.73e-01
6.91446e-01 1.73e-01
6.92247e-01 1.73e-01
6.93097e-01 1.73e-01
6.93897e-01 1.72e-01
6.94696e-01 1.72e-01
6.95544e-01 1.72e-01
6.96342e-01 1.71e-01
6.97139e-01 1.71e-01
6.97985e-01 1.71e-01
6.98781e-01 1.70e-01
6.99576e-01 1.70e-01
7.00371e-01 1.70e-01
7.01215e-01 1.70e-01
7.02008e-01 1.69e-01
7.02800e-01 1.69e-01
7.03592e-01 1.69e-01
7.04384e-01 1.68e-01
7.05224e-01 1.68e-01
7.06014e-01 1.68e-01
7.06804e-01 1.67e-01
7.07592e-01 1.67e-01
7.08381e-01 1.67e-01
7.09168e-01 1.67e-01
7.09955e-01 1.66e-01
7.10741e-01 1.66e-01
7.11527e-01 1.66e-01
7.12361e-01 1.65e-01
7.13146e-01 1.65e-01
7.13930e-01 1.65e-01
7.14713e-01 1.65e-01
7.15496e-01 1.64e-01
7.16278e-01 1.64e-01
7.17059e-01 1.64e-01
7.17791e-01 1.63e-01
7.18571e-01 1.63e-01
7.19351e-01 1.63e-01
7.20130e-01 1.63e-01
7.20908e-01 1.62e-01
7.21686e-01 1.62e-01
7.22463e-01 1.62e-01
7.23240e-01 1.62e-01
7.24016e-01 1.61e-01
7.24743e-01 1.61e-01
7.25518e-01 1.61e-01
7.26292e-01 1.61e-01
7.27065e-01 1.60e-01
7.27838e-01 1.60e-01
7.28611e-01 1.60e-01
7.29334e-01 1.60e-01
7.30106e-01 1.60e-01
7.30876e-01 1.59e-01
7.31598e-01 1.59e-01
7.32368e-01 1.59e-01
7.33137e-01 1.59e-01
7.33905e-01 1.59e-01
7.34625e-01 1.58e-01
7.35392e-01 1.58e-01
7.36159e-01 1.58e-01
7.36877e-01 1.58e-01
7.37642e-01 1.58e-01
7.38360e-01 1.57e-01
7.43222e-01 1.57e-01
7.45787e-01 1.56e-01
7.47635e-01 1.56e-01
7.48345e-01 1.56e-01
7.49102e-01 1.57e-01
7.49811e-01 1.57e-01
7.50567e-01 1.58e-01
7.51275e-01 1.58e-01
7.51652e-01 1.58e-01
7.53066e-01 1.58e-01
7.53819e-01 1.58e-01
7.54524e-01 1.58e-01
7.55277e-01 1.58e-01
7.55605e-01 1.57e-01
7.57436e-01 1.57e-01
7.59918e-01 1.57e-01
7.60619e-01 1.57e-01
7.61366e-01 1.57e-01
7.61693e-01 1.56e-01
7.62067e-01 1.56e-01
7.62767e-01 1.55e-01
7.63466e-01 1.55e-01
7.64537e-01 1.54e-01
7.65235e-01 1.54e-01
7.65979e-01 1.54e-01
7.66305e-01 1.54e-01
7.66676e-01 1.54e-01
7.67373e-01 1.53e-01
7.68069e-01 1.53e-01
7.68440e-01 1.52e-01
7.69136e-01 1.52e-01
7.69830e-01 1.52e-01
7.70525e-01 1.52e-01
7.71219e-01 1.52e-01
7.71912e-01 1.51e-01
7.77488e-01 1.50e-01
7.78177e-01 1.50e-01
7.78866e-01 1.50e-01
7.79554e-01 1.50e-01
7.80242e-01 1.49e-01
7.80929e-01 1.49e-01
7.81570e-01 1.49e-01
7.82256e-01 1.49e-01
7.82942e-01 1.49e-01
7.83628e-01 1.49e-01
7.84312e-01 1.48e-01
7.84997e-01 1.48e-01
7.85681e-01 1.48e-01
7.86683e-01 1.48e-01
7.87730e-01 1.48e-01
7.88366e-01 1.48e-01
7.89048e-01 1.47e-01
7.94078e-01 1.46e-01
7.96426e-01 1.46e-01
7.97102e-01 1.46e-01
7.97417e-01 1.46e-01
7.98093e-01 1.46e-01
7.98768e-01 1.47e-01
7.99397e-01 1.48e-01
8.00071e-01 1.47e-01
8.00745e-01 1.47e-01
8.01732e-01 1.47e-01
8.03032e-01 1.47e-01
8.03704e-01 1.47e-01
8.04331e-01 1.47e-01
8.05314e-01 1.46e-01
8.05627e-01 1.46e-01
8.05985e-01 1.47e-01
8.06297e-01 1.47e-01
8.06610e-01 1.46e-01
8.06967e-01 1.46e-01
8.07279e-01 1.45e-01
8.08572e-01 1.45e-01
8.09240e-01 1.45e-01
8.09863e-01 1.46e-01
8.10530e-01 1.46e-01
8.10841e-01 1.46e-01
8.11463e-01 1.46e-01
8.11819e-01 1.47e-01
8.12129e-01 1.48e-01
8.12751e-01 1.50e-01
8.13416e-01 1.52e-01
8.13726e-01 1.53e-01
8.14391e-01 1.50e-01
8.14701e-01 1.50e-01
8.15321e-01 1.48e-01
8.15674e-01 1.48e-01
8.16603e-01 1.47e-01
8.17266e-01 1.47e-01
8.18854e-01 1.47e-01
8.20132e-01 1.47e-01
8.20749e-01 1.48e-01
8.21364e-01 1.48e-01
8.22024e-01 1.48e-01
8.22639e-01 1.48e-01
8.22947e-01 1.49e-01
8.23298e-01 1.49e-01
8.23605e-01 1.50e-01
8.23912e-01 1.50e-01
8.24219e-01 1.50e-01
8.24833e-01 1.50e-01
8.25490e-01 1.51e-01
8.26103e-01 1.51e-01
8.26410e-01 1.51e-01
8.26716e-01 1.51e-01
8.27066e-01 1.51e-01
8.27372e-01 1.51e-01
8.27678e-01 1.52e-01
8.27984e-01 1.51e-01
8.28290e-01 1.51e-01
8.28595e-01 1.51e-01
8.29250e-01 1.51e-01
8.29861e-01 1.51e-01
8.30471e-01 1.51e-01
8.31081e-01 1.52e-01
8.31735e-01 1.52e-01
8.32953e-01 1.53e-01
8.33561e-01 1.53e-01
8.34213e-01 1.53e-01
8.34820e-01 1.54e-01
8.35428e-01 1.54e-01
8.36035e-01 1.55e-01
8.36641e-01 1.55e-01
8.37291e-01 1.55e-01
8.37594e-01 1.56e-01
8.38199e-01 1.57e-01
8.38502e-01 1.57e-01
8.38805e-01 1.58e-01
8.39107e-01 1.58e-01
8.39712e-01 1.58e-01
8.40014e-01 1.58e-01
8.40316e-01 1.58e-01
8.40618e-01 1.58e-01
8.40964e-01 1.58e-01
8.41265e-01 1.57e-01
8.41869e-01 1.58e-01
8.42472e-01 1.58e-01
8.43075e-01 1.58e-01
8.43677e-01 1.59e-01
8.44279e-01 1.59e-01
8.44881e-01 1.59e-01
8.45482e-01 1.59e-01
8.46083e-01 1.60e-01
8.46683e-01 1.60e-01
8.46984e-01 1.60e-01
8.47284e-01 1.61e-01
8.47584e-01 1.62e-01
8.47883e-01 1.62e-01
8.48526e-01 1.62e-01
8.48825e-01 1.62e-01
8.49125e-01 1.62e-01
8.49424e-01 1.61e-01
8.49723e-01 1.61e-01
8.52413e-01 1.62e-01
8.53010e-01 1.62e-01
8.53308e-01 1.62e-01
8.53606e-01 1.63e-01
8.53862e-01 1.63e-01
8.54160e-01 1.64e-01
8.54458e-01 1.64e-01
8.54756e-01 1.64e-01
8.55053e-01 1.62e-01
8.55351e-01 1.62e-01
8.55649e-01 1.62e-01
8.56243e-01 1.62e-01
8.56541e-01 1.62e-01
8.57729e-01 1.62e-01
8.58026e-01 1.62e-01
8.58323e-01 1.62e-01
8.59805e-01 1.62e-01
8.60397e-01 1.62e-01
8.60947e-01 1.62e-01
8.61539e-01 1.62e-01
8.62130e-01 1.61e-01
8.62721e-01 1.61e-01
8.63312e-01 1.61e-01
8.63902e-01 1.61e-01
8.64492e-01 1.60e-01
8.65040e-01 1.60e-01
8.65629e-01 1.60e-01
8.66218e-01 1.59e-01
8.66806e-01 1.59e-01
8.67395e-01 1.59e-01
8.67940e-01 1.58e-01
8.68528e-01 1.58e-01
8.69115e-01 1.57e-01
8.69702e-01 1.57e-01
8.69995e-01 1.57e-01
8.70540e-01 1.57e-01
8.70833e-01 1.56e-01
8.71419e-01 1.56e-01
8.72004e-01 1.56e-01
8.72548e-01 1.55e-01
8.73133e-01 1.55e-01
8.73717e-01 1.54e-01
8.74301e-01 1.54e-01
8.74844e-01 1.54e-01
8.75427e-01 1.54e-01
8.76010e-01 1.53e-01
8.76551e-01 1.53e-01
8.77134e-01 1.53e-01
8.77716e-01 1.52e-01
8.78257e-01 1.52e-01
8.78838e-01 1.51e-01
8.79129e-01 1.51e-01
8.79710e-01 1.51e-01
8.79959e-01 1.51e-01
8.80539e-01 1.50e-01
8.81119e-01 1.50e-01
8.81658e-01 1.50e-01
8.82237e-01 1.50e-01
8.83065e-01 1.49e-01
8.83354e-01 1.49e-01
8.83644e-01 1.49e-01
8.83933e-01 1.49e-01
8.84470e-01 1.49e-01
8.85048e-01 1.48e-01
8.85337e-01 1.48e-01
8.85584e-01 1.48e-01
8.85873e-01 1.48e-01
8.86161e-01 1.48e-01
8.86738e-01 1.47e-01
8.87274e-01 1.47e-01
8.88097e-01 1.47e-01
8.88673e-01 1.47e-01
8.89248e-01 1.47e-01
8.89495e-01 1.46e-01
8.90070e-01 1.46e-01
8.90357e-01 1.46e-01
8.90604e-01 1.46e-01
8.91178e-01 1.46e-01
8.91711e-01 1.46e-01
8.92285e-01 1.46e-01
8.92817e-01 1.45e-01
8.93391e-01 1.45e-01
8.93922e-01 1.45e-01
8.94495e-01 1.45e-01
8.95026e-01 1.44e-01
8.95598e-01 1.44e-01
8.96129e-01 1.44e-01
8.96700e-01 1.44e-01
8.97230e-01 1.44e-01
8.97760e-01 1.43e-01
8.98330e-01 1.43e-01
8.98860e-01 1.43e-01
8.99429e-01 1.42e-01
8.99958e-01 1.42e-01
9.00527e-01 1.42e-01
9.01055e-01 1.41e-01
9.01583e-01 1.41e-01
9.02151e-01 1.41e-01
9.02679e-01 1.40e-01
9.03205e-01 1.40e-01
9.03773e-01 1.40e-01
9.04299e-01 1.40e-01
9.04866e-01 1.39e-01
9.05392e-01 1.39e-01
9.05917e-01 1.39e-01
9.06483e-01 1.38e-01
9.07008e-01 1.38e-01
9.07532e-01 1.38e-01
9.08097e-01 1.37e-01
9.08621e-01 1.37e-01
9.09145e-01 1.37e-01
9.09669e-01 1.37e-01
9.10232e-01 1.37e-01
9.10755e-01 1.36e-01
9.12644e-01 1.36e-01
9.14489e-01 1.36e-01
9.16091e-01 1.36e-01
9.16611e-01 1.36e-01
9.17130e-01 1.36e-01
9.17650e-01 1.36e-01
9.18169e-01 1.37e-01
9.18728e-01 1.37e-01
9.19246e-01 1.37e-01
9.19765e-01 1.37e-01
9.20283e-01 1.38e-01
9.20801e-01 1.38e-01
9.21358e-01 1.38e-01
9.21875e-01 1.39e-01
9.22392e-01 1.39e-01
9.22909e-01 1.39e-01
9.23425e-01 1.40e-01
9.23941e-01 1.40e-01
9.24457e-01 1.40e-01
9.25013e-01 1.41e-01
9.25528e-01 1.41e-01
9.26043e-01 1.41e-01
9.26558e-01 1.42e-01
9.27072e-01 1.42e-01
9.27587e-01 1.42e-01
9.28101e-01 1.42e-01
9.28614e-01 1.43e-01
9.29128e-01 1.43e-01
9.29681e-01 1.43e-01
9.32479e-01 1.44e-01
9.34563e-01 1.44e-01
9.35073e-01 1.44e-01
9.35583e-01 1.44e-01
9.36093e-01 1.45e-01
9.36603e-01 1.45e-01
9.37112e-01 1.45e-01
9.37622e-01 1.45e-01
9.38130e-01 1.45e-01
9.38639e-01 1.46e-01
9.39148e-01 1.46e-01
9.39656e-01 1.46e-01
9.40163e-01 1.46e-01
9.40671e-01 1.47e-01
9.41139e-01 1.47e-01
9.41647e-01 1.47e-01
9.42153e-01 1.48e-01
9.42660e-01 1.48e-01
9.43166e-01 1.48e-01
9.43672e-01 1.49e-01
9.44178e-01 1.49e-01
9.44684e-01 1.49e-01
9.45189e-01 1.50e-01
9.46432e-01 1.50e-01
9.47441e-01 1.50e-01
9.47944e-01 1.50e-01
9.48448e-01 1.49e-01
9.48952e-01 1.49e-01
9.49455e-01 1.48e-01
9.49919e-01 1.48e-01
9.50422e-01 1.47e-01
9.50924e-01 1.47e-01
9.51426e-01 1.46e-01
9.51928e-01 1.45e-01
9.52430e-01 1.44e-01
9.52931e-01 1.44e-01
9.53394e-01 1.43e-01
9.53895e-01 1.42e-01
9.54395e-01 1.41e-01
9.54896e-01 1.40e-01
9.55396e-01 1.40e-01
9.55896e-01 1.39e-01
9.56357e-01 1.38e-01
9.56857e-01 1.37e-01
9.57356e-01 1.36e-01
9.57855e-01 1.36e-01
9.58354e-01 1.35e-01
9.58814e-01 1.34e-01
9.59312e-01 1.34e-01
9.59810e-01 1.33e-01
9.60308e-01 1.32e-01
9.60767e-01 1.31e-01
9.61264e-01 1.31e-01
9.61761e-01 1.30e-01
9.62258e-01 1.29e-01
9.62716e-01 1.29e-01
9.63212e-01 1.28e-01
9.63709e-01 1.28e-01
9.64204e-01 1.27e-01
9.64662e-01 1.26e-01
9.65157e-01 1.26e-01
9.65652e-01 1.25e-01
9.66147e-01 1.25e-01
9.66604e-01 1.24e-01
9.67098e-01 1.24e-01
9.67592e-01 1.23e-01
9.68048e-01 1.23e-01
9.68542e-01 1.22e-01
9.69035e-01 1.22e-01
9.69490e-01 1.22e-01
9.69983e-01 1.21e-01
9.70476e-01 1.21e-01
9.70930e-01 1.21e-01
9.71423e-01 1.20e-01
9.71915e-01 1.20e-01
9.72369e-01 1.20e-01
9.72860e-01 1.19e-01
9.73351e-01 1.19e-01
9.73805e-01 1.19e-01
9.74295e-01 1.19e-01
9.74786e-01 1.19e-01
9.76445e-01 1.18e-01
9.77875e-01 1.18e-01
9.79266e-01 1.18e-01
9.79754e-01 1.18e-01
9.80242e-01 1.18e-01
9.80692e-01 1.19e-01
9.81179e-01 1.19e-01
9.81629e-01 1.19e-01
9.82116e-01 1.19e-01
9.82565e-01 1.19e-01
9.83052e-01 1.20e-01
9.83501e-01 1.20e-01
9.83987e-01 1.20e-01
9.84473e-01 1.21e-01
9.84921e-01 1.21e-01
9.85406e-01 1.21e-01
9.85854e-01 1.22e-01
9.86339e-01 1.22e-01
9.86786e-01 1.23e-01
9.87271e-01 1.23e-01
9.87718e-01 1.23e-01
9.88202e-01 1.24e-01
9.88649e-01 1.24e-01
9.89132e-01 1.25e-01
9.89578e-01 1.25e-01
9.90062e-01 1.26e-01
9.90507e-01 1.26e-01
9.90990e-01 1.27e-01
9.91435e-01 1.27e-01
9.91918e-01 1.27e-01
9.92362e-01 1.28e-01
9.92844e-01 1.28e-01
9.93289e-01 1.29e-01
9.93733e-01 1.29e-01
9.94214e-01 1.29e-01
9.94658e-01 1.29e-01
9.95139e-01 1.30e-01
9.96284e-01 1.30e-01
9.97428e-01 1.30e-01
9.97871e-01 1.30e-01
9.98350e-01 1.30e-01
9.98792e-01 1.29e-01
9.99271e-01 1.29e-01
9.99712e-01 1.29e-01
1.00015e+00 1.29e-01
1.00063e+00 1.28e-01
1.00107e+00 1.28e-01
1.00155e+00 1.27e-01
1.00199e+00 1.27e-01
1.00243e+00 1.26e-01
1.00291e+00 1.26e-01
1.00335e+00 1.25e-01
1.00379e+00 1.25e-01
1.00426e+00 1.24e-01
1.00470e+00 1.23e-01
1.00518e+00 1.23e-01
1.00562e+00 1.22e-01
1.00606e+00 1.21e-01
1.00653e+00 1.21e-01
1.00697e+00 1.20e-01
1.00741e+00 1.19e-01
1.00788e+00 1.19e-01
1.00832e+00 1.18e-01
1.00876e+00 1.18e-01
1.00923e+00 1.17e-01
1.00967e+00 1.17e-01
1.01011e+00 1.16e-01
1.01058e+00 1.16e-01
1.01102e+00 1.15e-01
1.01146e+00 1.15e-01
1.01189e+00 1.14e-01
1.01236e+00 1.14e-01
1.01280e+00 1.14e-01
1.01324e+00 1.14e-01
1.01371e+00 1.13e-01
1.01480e+00 1.13e-01
1.01570e+00 1.13e-01
1.01614e+00 1.13e-01
1.01657e+00 1.13e-01
1.01704e+00 1.14e-01
1.01747e+00 1.14e-01
1.01791e+00 1.14e-01
1.01834e+00 1.14e-01
1.01881e+00 1.15e-01
1.01924e+00 1.15e-01
1.01968e+00 1.16e-01
1.02011e+00 1.16e-01
1.02054e+00 1.17e-01
1.02101e+00 1.17e-01
1.02144e+00 1.18e-01
1.02188e+00 1.18e-01
1.02231e+00 1.19e-01
1.02277e+00 1.20e-01
1.02299e+00 1.20e-01
1.02321e+00 1.33e-01
1.02364e+00 1.33e-01
1.02407e+00 1.34e-01
1.02450e+00 1.34e-01
1.02497e+00 1.35e-01
1.02540e+00 1.36e-01
1.02583e+00 1.36e-01
1.02626e+00 1.37e-01
1.02669e+00 1.37e-01
1.02712e+00 1.37e-01
1.02780e+00 1.37e-01
1.02844e+00 1.38e-01
1.02887e+00 1.37e-01
1.02930e+00 1.37e-01
1.02973e+00 1.37e-01
1.03019e+00 1.36e-01
1.03062e+00 1.36e-01
1.03105e+00 1.35e-01
1.03147e+00 1.35e-01
1.03190e+00 1.34e-01
1.03233e+00 1.33e-01
1.03276e+00 1.32e-01
1.03322e+00 1.31e-01
1.03365e+00 1.31e-01
1.03407e+00 1.30e-01
1.03450e+00 1.29e-01
1.03493e+00 1.28e-01
1.03535e+00 1.27e-01
1.03578e+00 1.26e-01
1.03620e+00 1.26e-01
1.03663e+00 1.25e-01
1.03706e+00 1.24e-01
1.03752e+00 1.24e-01
1.03794e+00 1.23e-01
1.03837e+00 1.23e-01
1.03879e+00 1.22e-01
1.03922e+00 1.22e-01
1.03985e+00 1.22e-01
1.04049e+00 1.22e-01
1.04091e+00 1.22e-01
1.04134e+00 1.22e-01
1.04176e+00 1.22e-01
1.04218e+00 1.23e-01
1.04261e+00 1.23e-01
1.04303e+00 1.24e-01
1.04349e+00 1.24e-01
1.04391e+00 1.25e-01
1.04433e+00 1.26e-01
1.04475e+00 1.27e-01
1.04518e+00 1.27e-01
1.04560e+00 1.28e-01
1.04602e+00 1.29e-01
1.04644e+00 1.30e-01
1.04686e+00 1.31e-01
1.04728e+00 1.31e-01
1.04770e+00 1.32e-01
1.04813e+00 1.32e-01
1.04876e+00 1.33e-01
1.04918e+00 1.33e-01
1.04960e+00 1.33e-01
1.05002e+00 1.32e-01
1.05044e+00 1.32e-01
1.05086e+00 1.31e-01
1.05128e+00 1.30e-01
1.05170e+00 1.29e-01
1.05211e+00 1.28e-01
1.05253e+00 1.27e-01
1.05295e+00 1.26e-01
1.05337e+00 1.25e-01
1.05379e+00 1.23e-01
1.05421e+00 1.22e-01
1.05463e+00 1.21e-01
1.05504e+00 1.20e-01
1.05543e+00 1.19e-01
1.05584e+00 1.18e-01
1.05626e+00 1.18e-01
1.05668e+00 1.17e-01
1.05710e+00 1.17e-01
1.05772e+00 1.16e-01
1.05814e+00 1.16e-01
1.05855e+00 1.17e-01
1.05897e+00 1.17e-01
1.05939e+00 1.18e-01
1.05980e+00 1.18e-01
1.06022e+00 1.19e-01
1.06063e+00 1.20e-01
1.06105e+00 1.21e-01
1.06143e+00 1.22e-01
1.06184e+00 1.23e-01
1.06226e+00 1.23e-01
1.06267e+00 1.24e-01
1.06288e+00 1.24e-01
1.06309e+00 1.24e-01
1.06330e+00 1.24e-01
1.06350e+00 1.24e-01
1.06371e+00 1.24e-01
1.06392e+00 1.24e-01
1.06412e+00 1.23e-01
1.06433e+00 1.23e-01
1.06454e+00 1.22e-01
1.06475e+00 1.22e-01
1.06495e+00 1.21e-01
1.06516e+00 1.20e-01
1.06537e+00 1.19e-01
1.06574e+00 1.17e-01
1.06616e+00 1.15e-01
1.06657e+00 1.13e-01
1.06698e+00 1.10e-01
1.06740e+00 1.08e-01
1.06781e+00 1.05e-01
1.06822e+00 1.03e-01
1.06860e+00 1.00e-01
1.06901e+00 9.81e-02
1.06942e+00 9.59e-02
1.06984e+00 9.38e-02
1.07025e+00 9.18e-02
1.07066e+00 8.99e-02
1.07107e+00 8.81e-02
1.07145e+00 8.64e-02
1.07186e+00 8.49e-02
1.07227e+00 8.34e-02
1.07268e+00 8.20e-02
1.07309e+00 8.07e-02
1.07350e+00 7.95e-02
1.07388e+00 7.84e-02
1.07429e+00 7.73e-02
1.07470e+00 7.63e-02
1.07510e+00 7.54e-02
1.07551e+00 7.45e-02
1.07592e+00 7.37e-02
1.07630e+00 7.29e-02
1.07671e+00 7.21e-02
1.07712e+00 7.14e-02
1.07752e+00 7.07e-02
1.07793e+00 7.01e-02
1.07831e+00 6.95e-02
1.07872e+00 6.89e-02
1.07912e+00 6.83e-02
1.07953e+00 6.78e-02
1.07991e+00 6.73e-02
1.08031e+00 6.68e-02
1.08072e+00 6.63e-02
1.08113e+00 6.59e-02
1.08153e+00 6.55e-02
1.08191e+00 6.50e-02
1.08231e+00 6.46e-02
1.08272e+00 6.42e-02
1.08313e+00 6.39e-02
1.08350e+00 6.35e-02
1.08390e+00 6.32e-02
1.08431e+00 6.28e-02
1.08472e+00 6.25e-02
1.08509e+00 6.22e-02
1.08549e+00 6.19e-02
1.08590e+00 6.16e-02
1.08630e+00 6.13e-02
1.08667e+00 6.10e-02
1.08708e+00 6.07e-02
1.08748e+00 6.05e-02
1.08789e+00 6.02e-02
1.08826e+00 6.00e-02
1.08866e+00 5.97e-02
1.08907e+00 5.95e-02
1.08947e+00 5.92e-02
1.08984e+00 5.90e-02
1.09024e+00 5.88e-02
1.09065e+00 5.85e-02
1.09102e+00 5.83e-02
1.09142e+00 5.81e-02
1.09182e+00 5.79e-02
1.09223e+00 5.77e-02
1.09259e+00 5.75e-02
1.09300e+00 5.73e-02
1.09340e+00 5.71e-02
1.09377e+00 5.69e-02
1.09417e+00 5.67e-02
1.09457e+00 5.65e-02
1.09494e+00 5.64e-02
1.09534e+00 5.62e-02
1.09574e+00 5.60e-02
1.09611e+00 5.58e-02
1.09651e+00 5.57e-02
1.09691e+00 5.55e-02
1.09728e+00 5.53e-02
1.09768e+00 5.52e-02
1.09808e+00 5.50e-02
1.09845e+00 5.49e-02
1.09885e+00 5.47e-02
1.09925e+00 5.46e-02
1.09961e+00 5.44e-02
1.10001e+00 5.43e-02
1.10041e+00 5.41e-02
1.10078e+00 5.40e-02
1.10118e+00 5.38e-02
1.10157e+00 5.37e-02
1.10194e+00 5.35e-02
1.10234e+00 5.34e-02
1.10274e+00 5.33e-02
1.10310e+00 5.31e-02
1.10350e+00 5.30e-02
1.10390e+00 5.29e-02
1.10426e+00 5.27e-02
1.10466e+00 5.26e-02
1.10503e+00 5.25e-02
1.10542e+00 5.23e-02
1.10582e+00 5.22e-02
1.10618e+00 5.21e-02
1.10658e+00 5.20e-02
1.10698e+00 5.19e-02
1.10734e+00 5.17e-02
1.10774e+00 5.16e-02
1.10810e+00 5.15e-02
1.10850e+00 5.14e-02
1.10889e+00 5.13e-02
1.10926e+00 5.12e-02
1.10965e+00 5.10e-02
1.11001e+00 5.09e-02
1.11041e+00 5.08e-02
1.11080e+00 5.07e-02
1.11117e+00 5.06e-02
1.11156e+00 5.05e-02
1.11192e+00 5.04e-02
1.11232e+00 5.03e-02
1.11268e+00 5.02e-02
1.11307e+00 5.01e-02
1.11347e+00 5.00e-02
1.11383e+00 4.99e-02
1.11422e+00 4.98e-02
1.11458e+00 4.97e-02
1.11498e+00 4.96e-02
1.11534e+00 4.95e-02
1.11573e+00 4.94e-02
1.11612e+00 4.93e-02
1.11648e+00 4.92e-02
1.11688e+00 4.91e-02
1.11724e+00 4.90e-02
1.11763e+00 4.89e-02
1.11799e+00 4.88e-02
1.11838e+00 4.87e-02
1.11874e+00 4.86e-02
1.11913e+00 4.85e-02
1.11953e+00 4.84e-02
1.11988e+00 4.83e-02
1.12028e+00 4.82e-02
1.12063e+00 4.81e-02
1.12103e+00 4.80e-02
1.12138e+00 4.79e-02
1.12178e+00 4.79e-02
1.12213e+00 4.78e-02
1.12252e+00 4.77e-02
1.12288e+00 4.76e-02
1.12327e+00 4.75e-02
1.12363e+00 4.74e-02
1.12383e+00 1.14e-01
1.12422e+00 1.14e-01
1.12457e+00 1.13e-01
1.12496e+00 1.13e-01
1.12532e+00 1.13e-01
1.12571e+00 1.13e-01
1.12607e+00 1.13e-01
1.12645e+00 1.13e-01
1.12681e+00 1.13e-01
1.12720e+00 1.13e-01
1.12756e+00 1.12e-01
1.12794e+00 1.12e-01
1.12830e+00 1.12e-01
1.12869e+00 1.12e-01
1.12904e+00 1.12e-01
1.12943e+00 1.12e-01
1.13918e+00 1.09e-01
1.14810e+00 1.07e-01
1.15798e+00 1.04e-01
1.17050e+00 1.01e-01
1.17869e+00 9.94e-02
1.19969e+00 9.48e-02
1.20890e+00 9.29e-02
1.21864e+00 9.11e-02
1.23040e+00 8.91e-02
1.23750e+00 8.77e-02
1.24534e+00 8.62e-02
1.25119e+00 8.52e-02
1.25937e+00 8.40e-02
1.26186e+00 8.35e-02
1.26886e+00 8.22e-02
1.27271e+00 8.16e-02
1.27824e+00 8.09e-02
1.28007e+00 8.05e-02
1.28221e+00 8.01e-02
1.28600e+00 7.94e-02
1.28890e+00 7.90e-02
1.29132e+00 7.87e-02
1.29223e+00 7.85e-02
1.29283e+00 7.84e-02
1.29344e+00 7.82e-02
1.29374e+00 7.82e-02
1.29404e+00 7.81e-02
1.29434e+00 7.80e-02
1.29464e+00 7.79e-02
1.29495e+00 7.78e-02
1.29525e+00 7.78e-02
1.29555e+00 7.77e-02
1.29582e+00 7.76e-02
1.29612e+00 7.75e-02
1.29642e+00 7.74e-02
1.29673e+00 7.74e-02
1.29989e+00 7.66e-02
1.30451e+00 7.57e-02
1.31267e+00 7.43e-02
1.32106e+00 7.30e-02
1.33168e+00 7.14e-02
1.34380e+00 6.97e-02
1.34393e+00 7.11e-02
1.35165e+00 7.00e-02
1.36453e+00 6.81e-02
1.37642e+00 6.65e-02
1.39894e+00 6.35e-02
1.40945e+00 6.21e-02
1.42849e+00 5.97e-02
1.44918e+00 5.72e-02
1.46487e+00 5.54e-02
1.47013e+00 5.48e-02
1.50643e+00 5.07e-02
1.52666e+00 4.85e-02
1.54191e+00 4.69e-02
1.55329e+00 4.57e-02
1.56159e+00 4.49e-02
1.56835e+00 4.42e-02
1.59091e+00 4.20e-02
1.59627e+00 4.16e-02
1.61399e+00 4.00e-02
1.63624e+00 3.82e-02
1.64779e+00 3.72e-02
1.65357e+00 3.67e-02
1.66093e+00 3.60e-02
1.66531e+00 3.57e-02
1.67113e+00 3.52e-02
1.68021e+00 3.44e-02
1.68725e+00 3.38e-02
1.70691e+00 3.23e-02
1.73739e+00 2.99e-02
1.75132e+00 2.88e-02
1.76926e+00 2.76e-02
1.77370e+00 2.72e-02
1.79118e+00 2.60e-02
1.80196e+00 2.53e-02
1.81158e+00 2.47e-02
1.81707e+00 2.43e-02
1.81824e+00 2.43e-02
1.82218e+00 2.40e-02
1.82232e+00 2.40e-02
1.82319e+00 2.39e-02
1.82716e+00 2.37e-02
1.82788e+00 2.36e-02
1.82803e+00 2.36e-02
1.82819e+00 2.37e-02
1.82833e+00 2.38e-02
1.82862e+00 2.56e-02
1.82877e+00 2.39e-02
1.82891e+00 2.37e-02
1.82907e+00 2.36e-02
1.82922e+00 2.35e-02
1.82965e+00 2.35e-02
1.82995e+00 2.34e-02
1.83483e+00 2.31e-02
1.84064e+00 2.27e-02
1.85180e+00 2.19e-02
1.85791e+00 2.15e-02
1.86236e+00 2.12e-02
1.86980e+00 2.08e-02
1.87074e+00 2.07e-02
1.87106e+00 2.07e-02
1.87137e+00 2.07e-02
1.87168e+00 2.07e-02
1.87199e+00 2.06e-02
1.87231e+00 2.06e-02
1.87262e+00 2.06e-02
1.87294e+00 2.06e-02
1.87325e+00 2.06e-02
1.87702e+00 2.03e-02
1.87734e+00 2.03e-02
1.87765e+00 2.03e-02
1.87797e+00 2.02e-02
1.87829e+00 2.02e-02
1.87859e+00 2.02e-02
1.88082e+00 2.01e-02
1.88098e+00 2.01e-02
1.88162e+00 2.01e-02
1.88194e+00 2.00e-02
1.88224e+00 2.00e-02
1.88256e+00 2.00e-02
1.88288e+00 2.00e-02
1.88320e+00 1.99e-02
1.88352e+00 1.99e-02
1.88384e+00 1.99e-02
1.88416e+00 1.99e-02
1.88448e+00 1.99e-02
1.88479e+00 1.98e-02
1.88511e+00 1.98e-02
1.88543e+00 1.98e-02
1.88560e+00 1.98e-02
1.88575e+00 1.99e-02
1.88607e+00 1.99e-02
1.88639e+00 1.98e-02
1.88672e+00 1.98e-02
1.88704e+00 1.98e-02
1.88736e+00 1.98e-02
1.88768e+00 1.97e-02
1.88799e+00 1.97e-02
1.88831e+00 1.97e-02
1.88864e+00 1.97e-02
1.88896e+00 1.96e-02
1.88928e+00 1.96e-02
1.88961e+00 1.96e-02
1.88993e+00 1.96e-02
1.89025e+00 1.95e-02
1.89056e+00 1.95e-02
1.89090e+00 1.95e-02
1.89121e+00 1.95e-02
1.89154e+00 1.94e-02
1.89186e+00 1.94e-02
1.89218e+00 1.94e-02
1.89251e+00 1.94e-02
1.89283e+00 1.93e-02
1.89316e+00 1.93e-02
1.89347e+00 1.93e-02
1.89380e+00 1.93e-02
1.89412e+00 1.92e-02
1.89445e+00 1.92e-02
1.89478e+00 1.92e-02
1.89510e+00 1.92e-02
1.89543e+00 1.91e-02
1.89574e+00 1.91e-02
1.89607e+00 1.91e-02
1.89640e+00 1.91e-02
1.89672e+00 1.91e-02
1.89705e+00 1.90e-02
1.89738e+00 1.90e-02
1.89771e+00 1.90e-02
1.89802e+00 1.90e-02
1.89835e+00 1.89e-02
1.89868e+00 1.89e-02
1.89901e+00 1.89e-02
1.89934e+00 1.89e-02
1.89967e+00 1.89e-02
1.89999e+00 1.88e-02
1.90031e+00 1.88e-02
1.90064e+00 1.88e-02
1.90097e+00 1.88e-02
1.90130e+00 1.87e-02
1.90163e+00 1.87e-02
1.90196e+00 1.87e-02
1.90229e+00 1.87e-02
1.90261e+00 1.86e-02
1.90294e+00 1.86e-02
1.90327e+00 1.86e-02
1.90360e+00 1.86e-02
1.90394e+00 1.86e-02
1.90427e+00 1.85e-02
1.90460e+00 1.85e-02
1.90492e+00 1.85e-02
1.90525e+00 1.85e-02
1.90558e+00 1.85e-02
1.90592e+00 1.84e-02
1.90625e+00 1.84e-02
1.90658e+00 1.84e-02
1.90692e+00 1.84e-02
1.90724e+00 1.83e-02
1.90757e+00 1.83e-02
1.90791e+00 1.83e-02
1.90824e+00 1.83e-02
1.90856e+00 1.83e-02
1.90891e+00 1.82e-02
1.90923e+00 1.82e-02
1.90957e+00 1.82e-02
1.90990e+00 1.82e-02
1.91024e+00 1.82e-02
1.91056e+00 1.81e-02
1.91090e+00 1.81e-02
1.91123e+00 1.81e-02
1.91157e+00 1.81e-02
1.91191e+00 1.81e-02
1.91224e+00 1.80e-02
1.91257e+00 1.80e-02
1.91291e+00 1.80e-02
1.91324e+00 1.80e-02
1.91358e+00 1.80e-02
1.91392e+00 1.79e-02
1.91424e+00 1.79e-02
1.91458e+00 1.79e-02
1.91492e+00 1.79e-02
1.91526e+00 1.78e-02
1.91560e+00 1.78e-02
1.91594e+00 1.78e-02
1.91628e+00 1.78e-02
1.91660e+00 1.78e-02
1.91694e+00 1.77e-02
1.91728e+00 1.77e-02
1.91761e+00 1.77e-02
1.91795e+00 1.77e-02
1.91829e+00 1.77e-02
1.91863e+00 1.76e-02
1.91896e+00 1.76e-02
1.91932e+00 1.76e-02
1.91965e+00 1.76e-02
1.91999e+00 1.76e-02
1.92033e+00 1.75e-02
1.92067e+00 1.75e-02
1.92100e+00 1.75e-02
1.92135e+00 1.75e-02
1.92169e+00 1.75e-02
1.92203e+00 1.74e-02
1.92236e+00 1.74e-02
1.92271e+00 1.74e-02
1.92305e+00 1.74e-02
1.92339e+00 1.74e-02
1.92374e+00 1.73e-02
1.92407e+00 1.73e-02
1.92442e+00 1.73e-02
1.92476e+00 1.73e-02
1.92510e+00 1.73e-02
1.92545e+00 1.72e-02
1.92578e+00 1.72e-02
1.92613e+00 1.72e-02
1.92648e+00 1.72e-02
1.92681e+00 1.71e-02
1.92716e+00 1.71e-02
1.92750e+00 1.71e-02
1.92785e+00 1.71e-02
1.92820e+00 1.71e-02
1.92855e+00 1.70e-02
1.92888e+00 1.70e-02
1.92923e+00 1.70e-02
1.92958e+00 1.70e-02
1.92993e+00 1.69e-02
1.93026e+00 1.69e-02
1.93061e+00 1.69e-02
1.93096e+00 1.69e-02
1.93130e+00 1.68e-02
1.93165e+00 1.68e-02
1.93200e+00 1.68e-02
1.93235e+00 1.68e-02
1.93269e+00 1.68e-02
1.93304e+00 1.67e-02
1.93339e+00 1.67e-02
1.93374e+00 1.67e-02
1.93408e+00 1.67e-02
1.93443e+00 1.67e-02
1.93478e+00 1.66e-02
1.93514e+00 1.66e-02
1.93548e+00 1.66e-02
1.93583e+00 1.66e-02
1.93618e+00 1.65e-02
1.93652e+00 1.65e-02
1.93688e+00 1.65e-02
1.93723e+00 1.65e-02
1.93758e+00 1.65e-02
1.93794e+00 1.64e-02
1.93828e+00 1.64e-02
1.93864e+00 1.64e-02
1.93899e+00 1.64e-02
1.93935e+00 1.64e-02
1.93969e+00 1.63e-02
1.94005e+00 1.63e-02
1.94039e+00 1.63e-02
1.94075e+00 1.63e-02
1.94110e+00 1.63e-02
1.94146e+00 1.62e-02
1.94182e+00 1.62e-02
1.94216e+00 1.62e-02
1.94252e+00 1.62e-02
1.94288e+00 1.62e-02
1.94322e+00 1.61e-02
1.94358e+00 1.61e-02
1.94394e+00 1.61e-02
1.94429e+00 1.61e-02
1.94465e+00 1.61e-02
1.94501e+00 1.60e-02
1.94537e+00 1.60e-02
1.94571e+00 1.60e-02
1.94607e+00 1.60e-02
1.94642e+00 1.60e-02
1.94678e+00 1.59e-02
1.94715e+00 1.59e-02
1.94751e+00 1.59e-02
1.94787e+00 1.59e-02
1.94822e+00 1.59e-02
1.94858e+00 1.58e-02
1.94893e+00 1.58e-02
1.94929e+00 1.58e-02
1.94966e+00 1.58e-02
1.95002e+00 1.58e-02
1.95037e+00 1.57e-02
1.95074e+00 1.57e-02
1.95110e+00 1.57e-02
1.95145e+00 1.57e-02
1.95182e+00 1.57e-02
1.95218e+00 1.56e-02
1.95255e+00 1.56e-02
1.95290e+00 1.56e-02
1.95327e+00 1.56e-02
1.95362e+00 1.55e-02
1.95399e+00 1.55e-02
1.95435e+00 1.55e-02
1.95471e+00 1.55e-02
1.95508e+00 1.54e-02
1.95527e+00 1.54e-02
1.95544e+00 1.54e-02
1.95580e+00 1.54e-02
1.95617e+00 1.54e-02
1.95654e+00 1.53e-02
1.95689e+00 1.53e-02
1.95726e+00 1.53e-02
1.95763e+00 1.53e-02
1.95799e+00 1.52e-02
1.95836e+00 1.52e-02
1.95873e+00 1.52e-02
1.95909e+00 1.52e-02
1.95946e+00 1.51e-02
1.95983e+00 1.51e-02
1.96019e+00 1.51e-02
1.96056e+00 1.50e-02
1.96093e+00 1.50e-02
1.96129e+00 1.50e-02
1.96167e+00 1.50e-02
1.96204e+00 1.49e-02
1.96240e+00 1.49e-02
1.96277e+00 1.49e-02
1.96315e+00 1.49e-02
1.96351e+00 1.48e-02
1.96388e+00 1.48e-02
1.96426e+00 1.48e-02
1.96462e+00 1.48e-02
1.96500e+00 1.47e-02
1.96536e+00 1.47e-02
1.96574e+00 1.47e-02
1.96610e+00 1.47e-02
1.96648e+00 1.46e-02
1.96686e+00 1.46e-02
1.96722e+00 1.46e-02
1.96760e+00 1.46e-02
1.96798e+00 1.46e-02
1.96834e+00 1.45e-02
1.96872e+00 1.45e-02
1.96910e+00 1.45e-02
1.96947e+00 1.45e-02
1.96985e+00 1.44e-02
1.97023e+00 1.44e-02
1.97060e+00 1.44e-02
1.97098e+00 1.44e-02
1.97136e+00 1.43e-02
1.97173e+00 1.43e-02
1.97211e+00 1.43e-02
1.97248e+00 1.42e-02
1.97286e+00 1.42e-02
1.97323e+00 1.42e-02
1.97361e+00 1.42e-02
1.97400e+00 1.41e-02
1.97437e+00 1.41e-02
1.97475e+00 1.41e-02
1.97514e+00 1.40e-02
1.97551e+00 1.40e-02
1.97588e+00 1.40e-02
1.97627e+00 1.39e-02
1.97665e+00 1.39e-02
1.97703e+00 1.39e-02
1.97741e+00 1.38e-02
1.97780e+00 1.38e-02
1.97817e+00 1.38e-02
1.97856e+00 1.38e-02
1.97894e+00 1.37e-02
1.97932e+00 1.37e-02
1.97970e+00 1.37e-02
1.98009e+00 1.37e-02
1.98048e+00 1.36e-02
1.98086e+00 1.36e-02
1.98125e+00 1.36e-02
1.98162e+00 1.36e-02
1.98201e+00 1.35e-02
1.98239e+00 1.35e-02
1.98278e+00 1.35e-02
1.98318e+00 1.35e-02
1.98356e+00 1.34e-02
1.98395e+00 1.34e-02
1.98433e+00 1.34e-02
1.98453e+00 1.34e-02
1.98472e+00 1.37e-02
1.98510e+00 1.36e-02
1.98550e+00 1.36e-02
1.98589e+00 1.36e-02
1.98627e+00 1.35e-02
1.98667e+00 1.35e-02
1.98705e+00 1.34e-02
1.98745e+00 1.34e-02
1.98783e+00 1.34e-02
1.98823e+00 1.33e-02
1.98861e+00 1.33e-02
1.98901e+00 1.33e-02
1.98939e+00 1.32e-02
1.98960e+00 1.32e-02
1.99000e+00 1.32e-02
1.99038e+00 1.31e-02
1.99077e+00 1.31e-02
1.99117e+00 1.31e-02
1.99157e+00 1.30e-02
1.99196e+00 1.30e-02
1.99236e+00 1.30e-02
1.99274e+00 1.29e-02
1.99313e+00 1.29e-02
1.99354e+00 1.29e-02
1.99394e+00 1.29e-02
1.99433e+00 1.28e-02
1.99473e+00 1.28e-02
1.99512e+00 1.28e-02
1.99552e+00 1.27e-02
1.99592e+00 1.27e-02
1.99632e+00 1.27e-02
1.99671e+00 1.27e-02
1.99712e+00 1.26e-02
1.99751e+00 1.26e-02
1.99792e+00 1.26e-02
1.99831e+00 1.25e-02
1.99872e+00 1.25e-02
1.99911e+00 1.25e-02
1.99952e+00 1.25e-02
1.99992e+00 1.24e-02
2.00032e+00 1.24e-02
2.00072e+00 1.24e-02
2.00113e+00 1.24e-02
2.00153e+00 1.23e-02
2.00194e+00 1.23e-02
2.00234e+00 1.23e-02
2.00274e+00 1.23e-02
2.00314e+00 1.22e-02
2.00356e+00 1.22e-02
2.00396e+00 1.22e-02
2.00437e+00 1.22e-02
2.00477e+00 1.21e-02
2.00518e+00 1.21e-02
2.00558e+00 1.21e-02
2.00600e+00 1.21e-02
2.00640e+00 1.20e-02
2.00680e+00 1.20e-02
2.00722e+00 1.20e-02
2.00762e+00 1.20e-02
2.00804e+00 1.20e-02
2.00844e+00 1.19e-02
2.00886e+00 1.19e-02
2.00927e+00 1.19e-02
2.00968e+00 1.19e-02
2.01009e+00 1.18e-02
2.01051e+00 1.18e-02
2.01092e+00 1.18e-02
2.01134e+00 1.18e-02
2.01174e+00 1.18e-02
2.01215e+00 1.17e-02
2.01257e+00 1.17e-02
2.01298e+00 1.17e-02
2.01341e+00 1.17e-02
2.01382e+00 1.17e-02
2.01424e+00 1.16e-02
2.01465e+00 1.16e-02
2.01506e+00 1.16e-02
2.01549e+00 1.16e-02
2.01590e+00 1.16e-02
2.01632e+00 1.16e-02
2.01674e+00 1.15e-02
2.01715e+00 1.15e-02
2.01758e+00 1.15e-02
2.01800e+00 1.15e-02
2.01842e+00 1.15e-02
2.01884e+00 1.15e-02
2.01927e+00 1.15e-02
2.01968e+00 1.14e-02
2.02010e+00 1.14e-02
2.02053e+00 1.14e-02
2.02095e+00 1.14e-02
2.02138e+00 1.14e-02
2.02180e+00 1.14e-02
2.02222e+00 1.14e-02
2.02265e+00 1.14e-02
2.02542e+00 1.13e-02
2.02757e+00 1.13e-02
2.03344e+00 1.13e-02
2.03365e+00 1.15e-02
2.03850e+00 1.15e-02
2.04543e+00 1.14e-02
2.04747e+00 1.14e-02
2.05090e+00 1.14e-02
2.05135e+00 1.14e-02
2.05181e+00 1.13e-02
2.05228e+00 1.13e-02
2.05274e+00 1.13e-02
2.05320e+00 1.13e-02
2.05366e+00 1.13e-02
2.05412e+00 1.13e-02
2.05459e+00 1.13e-02
2.05505e+00 1.12e-02
2.05551e+00 1.12e-02
2.05598e+00 1.12e-02
2.05644e+00 1.12e-02
2.05691e+00 1.12e-02
2.05737e+00 1.12e-02
2.05785e+00 1.12e-02
2.05831e+00 1.11e-02
2.05878e+00 1.11e-02
2.05925e+00 1.11e-02
2.05972e+00 1.11e-02
2.06374e+00 1.10e-02
2.07022e+00 1.09e-02
2.07290e+00 1.09e-02
2.07462e+00 1.09e-02
2.08007e+00 1.09e-02
2.08459e+00 1.10e-02
2.08509e+00 1.10e-02
2.08560e+00 1.10e-02
2.08611e+00 1.10e-02
2.08662e+00 1.10e-02
2.08712e+00 1.11e-02
2.08763e+00 1.11e-02
2.08814e+00 1.11e-02
2.08866e+00 1.11e-02
2.08917e+00 1.11e-02
2.08969e+00 1.11e-02
2.09020e+00 1.12e-02
2.09072e+00 1.12e-02
2.09123e+00 1.12e-02
2.09175e+00 1.12e-02
2.09227e+00 1.13e-02
2.09279e+00 1.13e-02
2.09331e+00 1.13e-02
2.09383e+00 1.13e-02
2.09408e+00 1.13e-02
2.09460e+00 1.14e-02
2.09513e+00 1.15e-02
2.09565e+00 1.15e-02
2.09618e+00 1.16e-02
2.09670e+00 1.16e-02
2.09723e+00 1.17e-02
2.09775e+00 1.17e-02
2.09828e+00 1.18e-02
2.09882e+00 1.19e-02
2.09934e+00 1.20e-02
2.09987e+00 1.21e-02
2.10040e+00 1.21e-02
2.10093e+00 1.22e-02
2.10146e+00 1.23e-02
2.10200e+00 1.24e-02
2.10227e+00 1.24e-02
2.10577e+00 1.24e-02
2.10603e+00 1.24e-02
2.10657e+00 1.23e-02
2.10712e+00 1.22e-02
2.10766e+00 1.21e-02
2.10820e+00 1.21e-02
2.10875e+00 1.20e-02
2.10929e+00 1.19e-02
2.10985e+00 1.18e-02
2.11040e+00 1.18e-02
2.11066e+00 1.17e-02
2.11094e+00 1.17e-02
2.11150e+00 1.17e-02
2.11204e+00 1.16e-02
2.11260e+00 1.16e-02
2.11315e+00 1.16e-02
2.11371e+00 1.15e-02
2.11399e+00 1.15e-02
2.11705e+00 1.15e-02
2.11988e+00 1.15e-02
2.12272e+00 1.15e-02
2.12617e+00 1.16e-02
2.12849e+00 1.16e-02
2.12908e+00 1.16e-02
2.12966e+00 1.16e-02
2.13024e+00 1.16e-02
2.13084e+00 1.17e-02
2.13142e+00 1.17e-02
2.13201e+00 1.17e-02
2.13260e+00 1.17e-02
2.13320e+00 1.17e-02
2.13379e+00 1.17e-02
2.13438e+00 1.17e-02
2.13497e+00 1.17e-02
2.13557e+00 1.18e-02
2.13618e+00 1.18e-02
2.13677e+00 1.18e-02
2.13737e+00 1.18e-02
2.13797e+00 1.18e-02
2.13857e+00 1.18e-02
2.13918e+00 1.19e-02
2.13978e+00 1.19e-02
2.14040e+00 1.19e-02
2.14101e+00 1.19e-02
2.14161e+00 1.19e-02
2.14222e+00 1.20e-02
2.14284e+00 1.20e-02
2.14345e+00 1.20e-02
2.14406e+00 1.20e-02
2.14468e+00 1.20e-02
2.14530e+00 1.21e-02
2.14592e+00 1.21e-02
2.14654e+00 1.21e-02
2.14716e+00 1.21e-02
2.14778e+00 1.22e-02
2.14841e+00 1.22e-02
2.14903e+00 1.22e-02
2.14966e+00 1.22e-02
2.15028e+00 1.23e-02
2.15091e+00 1.23e-02
2.15155e+00 1.23e-02
2.15218e+00 1.24e-02
2.15282e+00 1.24e-02
2.15345e+00 1.24e-02
2.15409e+00 1.24e-02
2.15472e+00 1.25e-02
2.15537e+00 1.25e-02
2.15601e+00 1.25e-02
2.15666e+00 1.26e-02
2.15729e+00 1.26e-02
2.15794e+00 1.26e-02
2.15859e+00 1.27e-02
2.15923e+00 1.27e-02
2.15989e+00 1.28e-02
2.16054e+00 1.28e-02
2.16119e+00 1.28e-02
2.16185e+00 1.29e-02
2.16251e+00 1.29e-02
2.16317e+00 1.30e-02
2.16383e+00 1.30e-02
2.16449e+00 1.30e-02
2.16516e+00 1.31e-02
2.16583e+00 1.31e-02
2.16649e+00 1.32e-02
2.16715e+00 1.32e-02
2.16783e+00 1.33e-02
2.16849e+00 1.33e-02
2.16917e+00 1.34e-02
2.16984e+00 1.34e-02
2.17053e+00 1.35e-02
2.17120e+00 1.35e-02
2.17188e+00 1.36e-02
2.17257e+00 1.37e-02
2.17325e+00 1.37e-02
2.17393e+00 1.38e-02
2.17463e+00 1.38e-02
2.17531e+00 1.39e-02
2.17600e+00 1.40e-02
2.17669e+00 1.40e-02
2.17740e+00 1.41e-02
2.17809e+00 1.42e-02
2.17879e+00 1.42e-02
2.17949e+00 1.43e-02
2.18019e+00 1.44e-02
2.18089e+00 1.44e-02
2.18160e+00 1.45e-02
2.18231e+00 1.46e-02
2.18302e+00 1.47e-02
2.18373e+00 1.47e-02
2.18444e+00 1.48e-02
2.18516e+00 1.49e-02
2.18588e+00 1.50e-02
2.18660e+00 1.51e-02
2.18732e+00 1.52e-02
2.18805e+00 1.53e-02
2.18878e+00 1.54e-02
2.18951e+00 1.55e-02
2.19023e+00 1.56e-02
2.19096e+00 1.57e-02
2.19170e+00 1.58e-02
2.19244e+00 1.59e-02
2.19317e+00 1.60e-02
2.19392e+00 1.61e-02
2.19465e+00 1.62e-02
2.19540e+00 1.63e-02
2.19615e+00 1.65e-02
2.19690e+00 1.66e-02
2.19766e+00 1.67e-02
2.19841e+00 1.68e-02
2.19917e+00 1.70e-02
2.19992e+00 1.71e-02
2.20069e+00 1.73e-02
2.20145e+00 1.74e-02
2.20221e+00 1.76e-02
2.20299e+00 1.77e-02
2.20376e+00 1.79e-02
2.20453e+00 1.80e-02
2.20530e+00 1.82e-02
2.20609e+00 1.84e-02
2.20687e+00 1.85e-02
2.20765e+00 1.87e-02
2.20843e+00 1.89e-02
2.20922e+00 1.91e-02
2.21001e+00 1.93e-02
2.21081e+00 1.95e-02
2.21160e+00 1.97e-02
2.21240e+00 2.00e-02
2.21320e+00 2.02e-02
2.21401e+00 2.04e-02
2.21481e+00 2.07e-02
2.21562e+00 2.09e-02
2.21643e+00 2.12e-02
2.21725e+00 2.14e-02
2.21806e+00 2.17e-02
2.21889e+00 2.20e-02
2.21971e+00 2.23e-02
2.22054e+00 2.26e-02
2.22136e+00 2.29e-02
2.22220e+00 2.32e-02
2.22303e+00 2.36e-02
2.22387e+00 2.39e-02
2.22471e+00 2.43e-02
2.22513e+00 2.45e-02
2.22555e+00 2.46e-02
2.22641e+00 2.50e-02
2.22725e+00 2.54e-02
2.22811e+00 2.59e-02
2.22896e+00 2.63e-02
2.22982e+00 2.68e-02
2.23068e+00 2.73e-02
2.23155e+00 2.78e-02
2.23242e+00 2.83e-02
2.23329e+00 2.88e-02
2.23417e+00 2.94e-02
2.23504e+00 3.00e-02
2.23593e+00 3.06e-02
2.23681e+00 3.13e-02
2.23771e+00 3.19e-02
2.23859e+00 3.26e-02
2.23950e+00 3.34e-02
2.24039e+00 3.42e-02
2.24129e+00 3.50e-02
2.24220e+00 3.59e-02
2.24311e+00 3.68e-02
2.24402e+00 3.77e-02
2.24495e+00 3.88e-02
2.24587e+00 3.98e-02
2.24679e+00 4.10e-02
2.24772e+00 4.21e-02
2.24866e+00 4.34e-02
2.24960e+00 4.48e-02
2.25006e+00 4.55e-02
2.25101e+00 4.69e-02
2.25148e+00 4.77e-02
2.25195e+00 4.85e-02
2.25243e+00 4.93e-02
2.25290e+00 5.02e-02
2.25338e+00 5.10e-02
2.25386e+00 5.19e-02
2.25434e+00 5.29e-02
2.25482e+00 5.38e-02
2.25529e+00 5.48e-02
2.25578e+00 5.59e-02
2.25627e+00 5.69e-02
2.25675e+00 5.80e-02
2.25723e+00 5.92e-02
2.25772e+00 6.04e-02
2.25820e+00 6.16e-02
2.25870e+00 6.29e-02
2.25919e+00 6.42e-02
2.25968e+00 6.56e-02
2.26017e+00 6.70e-02
2.26067e+00 6.85e-02
2.26116e+00 7.01e-02
2.26166e+00 7.17e-02
2.26215e+00 7.34e-02
2.26265e+00 7.51e-02
2.26315e+00 7.70e-02
2.26365e+00 7.89e-02
2.26415e+00 8.09e-02
2.26465e+00 8.29e-02
2.26515e+00 8.51e-02
2.26566e+00 8.74e-02
2.26616e+00 8.98e-02
2.26667e+00 9.22e-02
2.26718e+00 9.49e-02
2.26769e+00 9.76e-02
2.26820e+00 1.00e-01
2.26871e+00 1.03e-01
2.26922e+00 1.07e-01
2.26974e+00 1.10e-01
2.27026e+00 1.14e-01
2.27077e+00 1.17e-01
2.27129e+00 1.21e-01
2.27181e+00 1.25e-01
2.27233e+00 1.30e-01
2.27285e+00 1.34e-01
2.27337e+00 1.39e-01
2.27390e+00 1.44e-01
2.27442e+00 1.50e-01
2.27496e+00 1.56e-01
2.27548e+00 1.62e-01
2.27602e+00 1.68e-01
2.27654e+00 1.75e-01
2.27707e+00 1.83e-01
2.27761e+00 1.91e-01
2.27814e+00 2.00e-01
2.27868e+00 2.09e-01
2.27921e+00 2.19e-01
2.27976e+00 2.29e-01
2.28030e+00 2.41e-01
2.28084e+00 2.53e-01
2.28138e+00 2.66e-01
2.28193e+00 2.80e-01
2.28247e+00 2.96e-01
2.28303e+00 3.13e-01
2.28358e+00 3.31e-01
2.28413e+00 3.51e-01
2.28468e+00 3.72e-01
2.28523e+00 3.95e-01
2.28578e+00 4.21e-01
2.28634e+00 4.49e-01
2.28690e+00 4.79e-01
2.28746e+00 5.12e-01
2.28802e+00 5.49e-01
2.28858e+00 5.88e-01
2.28915e+00 6.31e-01
2.28971e+00 6.79e-01
2.29028e+00 7.30e-01
2.29085e+00 7.86e-01
2.29141e+00 8.46e-01
2.29199e+00 9.10e-01
2.29257e+00 9.79e-01
2.29314e+00 1.05e+00
2.29372e+00 1.13e+00
2.29488e+00 1.28e+00
2.29546e+00 1.35e+00
2.29604e+00 1.42e+00
2.29663e+00 1.47e+00
2.29721e+00 1.52e+00
2.29780e+00 1.55e+00
2.29839e+00 1.56e+00
2.29898e+00 1.56e+00
2.29958e+00 1.53e+00
2.30017e+00 1.49e+00
2.30077e+00 1.44e+00
2.30136e+00 1.37e+00
2.30197e+00 1.30e+00
2.30258e+00 1.22e+00
2.30378e+00 1.07e+00
2.30438e+00 9.92e-01
2.30498e+00 9.19e-01
2.30558e+00 8.51e-01
2.30618e+00 7.88e-01
2.30688e+00 7.29e-01
2.30747e+00 6.74e-01
2.30807e+00 6.25e-01
2.30867e+00 5.79e-01
2.30936e+00 5.38e-01
2.30996e+00 5.00e-01
2.31055e+00 4.65e-01
2.31125e+00 4.34e-01
2.31184e+00 4.05e-01
2.31244e+00 3.79e-01
2.31313e+00 3.55e-01
2.31372e+00 3.33e-01
2.31441e+00 3.13e-01
2.31501e+00 2.95e-01
2.31570e+00 2.78e-01
2.31629e+00 2.63e-01
2.31698e+00 2.49e-01
2.31757e+00 2.36e-01
2.31826e+00 2.24e-01
2.31895e+00 2.13e-01
2.31954e+00 2.02e-01
2.32023e+00 1.93e-01
2.32092e+00 1.84e-01
2.32160e+00 1.76e-01
2.32219e+00 1.68e-01
2.32288e+00 1.61e-01
2.32356e+00 1.55e-01
2.32425e+00 1.49e-01
2.32493e+00 1.43e-01
2.32562e+00 1.38e-01
2.32630e+00 1.33e-01
2.32698e+00 1.28e-01
2.32767e+00 1.24e-01
2.32835e+00 1.20e-01
2.32903e+00 1.16e-01
2.32971e+00 1.12e-01
2.33039e+00 1.09e-01
2.33108e+00 1.06e-01
2.33185e+00 1.03e-01
2.33253e+00 1.00e-01
2.33321e+00 9.76e-02
2.33389e+00 9.52e-02
2.33466e+00 9.29e-02
2.33534e+00 9.07e-02
2.33612e+00 8.87e-02
2.33679e+00 8.68e-02
2.33747e+00 8.50e-02
2.33824e+00 8.34e-02
2.33901e+00 8.18e-02
2.33969e+00 8.03e-02
2.34046e+00 7.90e-02
2.34113e+00 7.77e-02
2.34190e+00 7.65e-02
2.34267e+00 7.55e-02
2.34344e+00 7.44e-02
2.34411e+00 7.35e-02
2.34488e+00 7.26e-02
2.34564e+00 7.18e-02
2.34641e+00 7.10e-02
2.34718e+00 7.03e-02
2.34871e+00 6.91e-02
2.34947e+00 6.85e-02
2.35023e+00 6.80e-02
2.35099e+00 6.76e-02
2.35176e+00 6.72e-02
2.35261e+00 6.69e-02
2.35337e+00 6.66e-02
2.35413e+00 6.64e-02
2.35499e+00 6.62e-02
2.35575e+00 6.61e-02
2.35650e+00 6.61e-02
2.35736e+00 6.60e-02
2.35811e+00 6.61e-02
2.35897e+00 6.62e-02
2.35982e+00 6.63e-02
2.36057e+00 6.64e-02
2.36142e+00 6.67e-02
2.36227e+00 6.69e-02
2.36312e+00 6.72e-02
2.36396e+00 6.76e-02
2.36471e+00 6.80e-02
2.36556e+00 6.85e-02
2.36640e+00 6.90e-02
2.36734e+00 6.96e-02
2.36819e+00 7.02e-02
2.36903e+00 7.09e-02
2.36987e+00 7.16e-02
2.37071e+00 7.24e-02
2.37164e+00 7.33e-02
2.37248e+00 7.42e-02
2.37332e+00 7.52e-02
2.37425e+00 7.63e-02
2.37518e+00 7.74e-02
2.37602e+00 7.86e-02
2.37695e+00 7.99e-02
2.37788e+00 8.12e-02
2.37871e+00 8.27e-02
2.37964e+00 8.43e-02
2.38056e+00 8.60e-02
2.38149e+00 8.78e-02
2.38241e+00 8.97e-02
2.38334e+00 9.17e-02
2.38426e+00 9.38e-02
2.38527e+00 9.60e-02
2.38619e+00 9.84e-02
2.38711e+00 1.01e-01
2.38812e+00 1.04e-01
2.38904e+00 1.07e-01
2.39005e+00 1.10e-01
2.39096e+00 1.13e-01
2.39197e+00 1.16e-01
2.39297e+00 1.20e-01
2.39398e+00 1.24e-01
2.39498e+00 1.28e-01
2.39598e+00 1.33e-01
2.39699e+00 1.38e-01
2.39799e+00 1.43e-01
2.39899e+00 1.48e-01
2.40007e+00 1.54e-01
2.40107e+00 1.61e-01
2.40216e+00 1.68e-01
2.40315e+00 1.75e-01
2.40424e+00 1.84e-01
2.40532e+00 1.92e-01
2.40640e+00 2.02e-01
2.40740e+00 2.13e-01
2.40848e+00 2.24e-01
2.40964e+00 2.37e-01
2.41072e+00 2.51e-01
2.41180e+00 2.66e-01
2.41296e+00 2.83e-01
2.41404e+00 3.02e-01
2.41520e+00 3.23e-01
2.41627e+00 3.47e-01
2.41743e+00 3.73e-01
2.41859e+00 4.03e-01
2.41975e+00 4.36e-01
2.42090e+00 4.75e-01
2.42214e+00 5.19e-01
2.42330e+00 5.70e-01
2.42454e+00 6.29e-01
2.42569e+00 6.98e-01
2.42692e+00 7.79e-01
2.42816e+00 8.76e-01
2.42939e+00 9.93e-01
2.43063e+00 1.13e+00
2.43186e+00 1.31e+00
2.43317e+00 1.52e+00
2.43440e+00 1.79e+00
2.43572e+00 2.14e+00
2.43694e+00 2.59e+00
2.43825e+00 3.17e+00
2.43956e+00 3.93e+00
2.44095e+00 4.92e+00
2.44226e+00 6.16e+00
2.44365e+00 7.59e+00
2.44495e+00 8.95e+00
2.44634e+00 9.75e+00
2.44772e+00 9.55e+00
2.44911e+00 8.45e+00
2.45057e+00 6.97e+00
2.45195e+00 5.54e+00
2.45342e+00 4.35e+00
2.45488e+00 3.43e+00
2.45634e+00 2.73e+00
2.45779e+00 2.20e+00
2.45933e+00 1.80e+00
2.46087e+00 1.49e+00
2.46241e+00 1.25e+00
2.46394e+00 1.06e+00
2.46547e+00 9.08e-01
2.46708e+00 7.85e-01
2.46861e+00 6.85e-01
2.47022e+00 6.01e-01
2.47191e+00 5.32e-01
2.47351e+00 4.74e-01
2.47519e+00 4.25e-01
2.47687e+00 3.82e-01
2.47855e+00 3.46e-01
2.48031e+00 3.15e-01
2.48207e+00 2.88e-01
2.48382e+00 2.64e-01
2.48566e+00 2.43e-01
2.48740e+00 2.25e-01
2.48923e+00 2.09e-01
2.49114e+00 1.95e-01
2.49304e+00 1.83e-01
2.49494e+00 1.71e-01
2.49684e+00 1.62e-01
2.49881e+00 1.53e-01
2.50078e+00 1.45e-01
2.50283e+00 1.38e-01
2.50487e+00 1.32e-01
2.50699e+00 1.27e-01
2.50911e+00 1.22e-01
2.51122e+00 1.18e-01
2.51341e+00 1.15e-01
2.51568e+00 1.12e-01
2.51786e+00 1.10e-01
2.52019e+00 1.08e-01
2.52252e+00 1.07e-01
2.52493e+00 1.07e-01
2.52733e+00 1.07e-01
2.52980e+00 1.07e-01
2.53227e+00 1.08e-01
2.53481e+00 1.10e-01
2.53742e+00 1.13e-01
2.54010e+00 1.16e-01
2.54286e+00 1.21e-01
2.54561e+00 1.26e-01
2.54843e+00 1.33e-01
2.55132e+00 1.41e-01
2.55428e+00 1.52e-01
2.55730e+00 1.64e-01
2.56048e+00 1.79e-01
2.56364e+00 1.97e-01
2.56695e+00 2.17e-01
2.57024e+00 2.41e-01
2.57376e+00 2.67e-01
2.57726e+00 2.95e-01
2.58097e+00 3.25e-01
2.58475e+00 3.61e-01
2.58867e+00 4.07e-01
2.59264e+00 4.68e-01
2.59682e+00 5.43e-01
2.60113e+00 6.31e-01
2.60565e+00 7.10e-01
2.61029e+00 7.44e-01
2.61513e+00 6.97e-01
2.62024e+00 6.00e-01
2.62554e+00 4.90e-01
2.63110e+00 3.95e-01
2.63698e+00 3.23e-01
2.64319e+00 2.74e-01
2.64971e+00 2.43e-01
2.65669e+00 2.29e-01
2.66410e+00 2.29e-01
2.67215e+00 2.39e-01
2.68082e+00 2.46e-01
2.69029e+00 2.33e-01
2.70069e+00 2.21e-01
2.71231e+00 2.53e-01
2.72543e+00 2.47e-01
2.74065e+00 2.67e-01
2.75874e+00 2.19e-01
2.78130e+00 2.28e-01
2.81151e+00 1.54e-01
2.85859e+00 9.96e-02
2.99573e+00 2.93e-02
