# OPACITY Project tables
-2.61515e+00 7.91e+01
-2.27341e+00 2.74e+01
-2.07433e+00 1.48e+01
-1.93351e+00 9.53e+00
-1.82455e+00 6.79e+00
-1.73574e+00 5.15e+00
-1.66078e+00 4.09e+00
-1.59603e+00 3.34e+00
-1.53898e+00 2.80e+00
-1.48802e+00 2.39e+00
-1.44198e+00 2.08e+00
-1.40003e+00 1.83e+00
-1.36148e+00 1.63e+00
-1.32584e+00 1.46e+00
-1.29269e+00 1.31e+00
-1.26174e+00 1.19e+00
-1.23268e+00 1.09e+00
-1.20531e+00 1.00e+00
-1.17944e+00 9.26e-01
-1.15493e+00 8.57e-01
-1.13165e+00 7.98e-01
-1.10945e+00 7.48e-01
-1.08827e+00 7.02e-01
-1.06799e+00 6.62e-01
-1.04857e+00 6.28e-01
-1.02994e+00 5.97e-01
-1.01200e+00 5.70e-01
-9.94739e-01 5.42e-01
-9.78086e-01 5.11e-01
-9.62021e-01 4.86e-01
-9.46492e-01 4.63e-01
-9.31455e-01 4.41e-01
-9.16916e-01 4.24e-01
-9.02807e-01 4.03e-01
-8.89113e-01 3.87e-01
-8.75797e-01 3.73e-01
-8.62868e-01 3.60e-01
-8.50292e-01 3.47e-01
-8.38057e-01 3.35e-01
-8.26130e-01 3.25e-01
-8.14502e-01 3.14e-01
-8.03185e-01 3.04e-01
-7.92106e-01 2.95e-01
-7.81301e-01 2.86e-01
-7.70741e-01 2.79e-01
-7.60420e-01 2.72e-01
-7.50331e-01 2.64e-01
-7.40469e-01 2.55e-01
-7.30787e-01 2.52e-01
-7.21320e-01 2.44e-01
-7.12045e-01 2.35e-01
-7.02955e-01 2.30e-01
-6.94048e-01 2.23e-01
-6.85298e-01 2.20e-01
-6.76723e-01 2.13e-01
-6.68298e-01 2.07e-01
-6.60041e-01 2.04e-01
-6.51909e-01 1.98e-01
-6.43938e-01 1.95e-01
-6.36087e-01 1.89e-01
-6.28390e-01 1.86e-01
-6.20808e-01 1.82e-01
-6.13357e-01 1.78e-01
-6.06016e-01 1.75e-01
-5.98801e-01 1.72e-01
-5.91692e-01 1.68e-01
-5.84687e-01 1.64e-01
-5.77803e-01 1.61e-01
-5.71018e-01 1.59e-01
-5.64314e-01 1.57e-01
-5.57725e-01 1.54e-01
-5.51231e-01 1.50e-01
-5.44831e-01 1.48e-01
-5.38505e-01 1.45e-01
-5.32288e-01 1.43e-01
-5.26142e-01 1.41e-01
-5.20085e-01 1.39e-01
-5.14098e-01 1.36e-01
-5.08196e-01 1.35e-01
-5.02362e-01 1.32e-01
-4.96610e-01 1.30e-01
-4.90925e-01 1.32e-01
-4.85320e-01 1.28e-01
-4.79779e-01 1.29e-01
-4.74301e-01 1.22e-01
-4.68884e-01 1.20e-01
-4.63545e-01 1.20e-01
-4.58265e-01 1.24e-01
-4.53044e-01 1.15e-01
-4.47882e-01 1.13e-01
-4.42778e-01 1.13e-01
-4.37730e-01 1.10e-01
-4.32739e-01 1.09e-01
-4.27803e-01 1.06e-01
-4.18095e-01 1.06e-01
-4.13321e-01 1.03e-01
-4.08585e-01 1.01e-01
-4.03901e-01 1.01e-01
-3.99284e-01 9.97e-02
-3.94688e-01 9.94e-02
-3.90158e-01 1.02e-01
-3.85662e-01 1.01e-01
-3.81216e-01 9.53e-02
-3.76819e-01 9.61e-02
-3.72456e-01 9.47e-02
-3.68126e-01 9.17e-02
-3.63858e-01 9.04e-02
-3.59622e-01 8.90e-02
-3.55419e-01 8.78e-02
-3.51261e-01 8.68e-02
-3.47135e-01 8.69e-02
-3.43054e-01 8.57e-02
-3.39003e-01 8.36e-02
-3.34997e-01 8.24e-02
-3.31021e-01 8.29e-02
-3.27088e-01 8.03e-02
-3.23185e-01 7.97e-02
-3.19310e-01 7.94e-02
-3.15464e-01 7.99e-02
-3.11661e-01 7.77e-02
-3.07885e-01 7.60e-02
-3.04150e-01 7.51e-02
-3.00430e-01 7.50e-02
-2.96750e-01 7.42e-02
-2.93097e-01 7.57e-02
-2.89484e-01 7.26e-02
-2.85884e-01 7.65e-02
-2.82323e-01 7.20e-02
-2.78788e-01 7.09e-02
-2.75279e-01 7.09e-02
-2.71796e-01 6.94e-02
-2.68350e-01 6.91e-02
-2.64917e-01 6.90e-02
-2.61521e-01 6.90e-02
-2.58149e-01 6.80e-02
-2.54802e-01 6.71e-02
-2.51466e-01 6.65e-02
-2.48167e-01 6.55e-02
-2.44891e-01 6.56e-02
-2.41639e-01 6.48e-02
-2.38409e-01 6.65e-02
-2.35203e-01 6.99e-02
-2.32020e-01 6.35e-02
-2.28860e-01 6.25e-02
-2.25722e-01 6.17e-02
-2.22606e-01 6.13e-02
-2.19513e-01 6.13e-02
-2.16441e-01 6.08e-02
-2.13391e-01 6.06e-02
-2.07344e-01 6.00e-02
-2.04359e-01 5.87e-02
-2.01382e-01 5.89e-02
-1.98439e-01 5.86e-02
-1.95504e-01 5.78e-02
-1.92590e-01 5.74e-02
-1.89697e-01 5.71e-02
-1.86824e-01 5.63e-02
-1.83971e-01 5.73e-02
-1.81126e-01 5.61e-02
-1.78314e-01 5.57e-02
-1.75509e-01 5.47e-02
-1.72724e-01 5.45e-02
-1.69958e-01 5.41e-02
-1.67200e-01 5.30e-02
-1.64474e-01 5.55e-02
-1.61755e-01 5.37e-02
-1.59054e-01 5.44e-02
-1.56373e-01 5.39e-02
-1.53699e-01 5.13e-02
-1.51044e-01 5.30e-02
-1.48407e-01 5.06e-02
-1.45789e-01 5.13e-02
-1.43189e-01 4.98e-02
-1.40596e-01 4.95e-02
-1.38021e-01 5.04e-02
-1.35453e-01 4.92e-02
-1.32914e-01 4.89e-02
-1.30382e-01 4.88e-02
-1.27867e-01 4.92e-02
-1.25359e-01 5.07e-02
-1.22868e-01 4.74e-02
-1.17928e-01 4.68e-02
-1.15489e-01 5.14e-02
-1.13057e-01 4.70e-02
-1.10630e-01 4.54e-02
-1.08220e-01 4.56e-02
-1.05827e-01 4.51e-02
-1.03440e-01 4.45e-02
-1.01070e-01 4.70e-02
-9.87160e-02 4.41e-02
-9.63788e-02 4.39e-02
-9.40360e-02 4.34e-02
-9.17206e-02 4.32e-02
-8.94106e-02 4.32e-02
-8.71168e-02 4.43e-02
-8.48283e-02 4.37e-02
-8.25559e-02 4.21e-02
-8.02994e-02 4.19e-02
-7.80480e-02 4.24e-02
-7.58125e-02 4.16e-02
-7.35820e-02 4.24e-02
-7.13671e-02 4.11e-02
-6.91679e-02 4.07e-02
-6.69735e-02 4.05e-02
-6.47839e-02 4.13e-02
-6.26097e-02 4.06e-02
-6.04509e-02 4.01e-02
-5.82967e-02 3.98e-02
-5.61577e-02 3.98e-02
-5.40233e-02 4.18e-02
-5.19040e-02 4.03e-02
-4.97997e-02 3.93e-02
-4.76998e-02 3.93e-02
-4.56042e-02 3.89e-02
-4.35236e-02 3.93e-02
-4.14576e-02 4.88e-02
-3.93959e-02 4.25e-02
-3.73385e-02 3.83e-02
-3.52956e-02 3.99e-02
-3.32673e-02 3.79e-02
-3.12430e-02 3.95e-02
-2.92229e-02 3.78e-02
-2.72170e-02 3.74e-02
-2.52255e-02 3.65e-02
-2.32379e-02 3.62e-02
-2.12543e-02 3.60e-02
-1.92848e-02 3.79e-02
-1.73293e-02 3.66e-02
-1.53675e-02 4.03e-02
-1.34298e-02 3.58e-02
-1.14958e-02 3.63e-02
-9.56560e-03 3.51e-02
-7.64918e-03 3.49e-02
-5.73642e-03 3.47e-02
-3.83735e-03 3.46e-02
-1.94188e-03 3.45e-02
-5.00013e-05 3.44e-02
1.79838e-03 4.62e-02
3.69317e-03 3.42e-02
5.58438e-03 3.42e-02
7.37275e-03 3.36e-02
9.25702e-03 3.43e-02
1.11377e-02 3.36e-02
1.29162e-02 3.33e-02
1.47901e-02 3.37e-02
1.65621e-02 3.33e-02
1.84291e-02 3.28e-02
2.01947e-02 3.26e-02
2.38142e-02 3.30e-02
2.55703e-02 3.25e-02
2.73233e-02 3.43e-02
2.90732e-02 3.22e-02
3.08201e-02 3.19e-02
3.25640e-02 3.18e-02
3.43048e-02 3.23e-02
3.60426e-02 3.16e-02
3.77774e-02 3.18e-02
3.95091e-02 3.97e-02
4.12379e-02 3.26e-02
4.29637e-02 3.11e-02
4.46865e-02 3.11e-02
4.64064e-02 3.08e-02
4.80280e-02 3.27e-02
4.97421e-02 3.26e-02
5.14533e-02 3.03e-02
5.30667e-02 3.02e-02
5.47722e-02 3.00e-02
5.64748e-02 2.98e-02
5.80802e-02 2.99e-02
5.97772e-02 3.03e-02
6.13773e-02 2.97e-02
6.29748e-02 3.09e-02
6.46635e-02 3.06e-02
6.62558e-02 2.98e-02
6.78455e-02 2.98e-02
6.95261e-02 2.92e-02
7.11106e-02 2.90e-02
7.26927e-02 3.01e-02
7.42722e-02 2.90e-02
7.58493e-02 2.88e-02
7.74239e-02 2.94e-02
7.90884e-02 2.87e-02
8.06579e-02 3.96e-02
8.22249e-02 2.90e-02
8.37895e-02 2.84e-02
8.52598e-02 2.81e-02
8.68197e-02 2.83e-02
8.83771e-02 2.91e-02
8.99321e-02 2.92e-02
9.14847e-02 2.79e-02
9.30349e-02 2.80e-02
9.44917e-02 2.76e-02
9.60372e-02 2.74e-02
9.75803e-02 2.79e-02
9.90305e-02 2.74e-02
1.00569e-01 2.71e-02
1.02015e-01 2.69e-02
1.03549e-01 2.69e-02
1.05080e-01 2.79e-02
1.06520e-01 2.66e-02
1.07957e-01 2.65e-02
1.09482e-01 3.07e-02
1.10915e-01 2.65e-02
1.12435e-01 2.71e-02
1.13864e-01 2.63e-02
1.15291e-01 2.61e-02
1.16805e-01 2.61e-02
1.18227e-01 2.59e-02
1.19648e-01 2.60e-02
1.21067e-01 2.66e-02
1.22483e-01 2.59e-02
1.23898e-01 2.59e-02
1.25398e-01 2.55e-02
1.26809e-01 2.54e-02
1.28217e-01 2.55e-02
1.29624e-01 2.54e-02
1.31028e-01 2.55e-02
1.32431e-01 2.61e-02
1.33831e-01 2.52e-02
1.35143e-01 2.53e-02
1.36539e-01 2.53e-02
1.37934e-01 2.53e-02
1.39327e-01 2.52e-02
1.40718e-01 2.55e-02
1.42107e-01 2.49e-02
1.43407e-01 2.60e-02
1.44793e-01 2.49e-02
1.46176e-01 2.48e-02
1.47471e-01 2.46e-02
1.48851e-01 2.47e-02
1.50229e-01 2.44e-02
1.51519e-01 2.43e-02
1.52893e-01 2.62e-02
1.54179e-01 2.43e-02
1.55550e-01 2.42e-02
1.56833e-01 2.53e-02
1.58200e-01 2.41e-02
1.59479e-01 2.40e-02
1.60757e-01 2.47e-02
1.62119e-01 2.40e-02
1.63394e-01 2.39e-02
1.64751e-01 2.38e-02
1.66023e-01 2.55e-02
1.67293e-01 2.41e-02
1.68561e-01 2.41e-02
1.69912e-01 2.40e-02
1.71176e-01 2.40e-02
1.72440e-01 2.45e-02
1.73701e-01 2.46e-02
1.74961e-01 2.43e-02
1.76220e-01 2.45e-02
1.77477e-01 2.41e-02
1.78732e-01 2.40e-02
1.80069e-01 2.42e-02
1.81321e-01 2.42e-02
1.82572e-01 2.50e-02
1.83737e-01 2.40e-02
1.84985e-01 2.39e-02
1.86231e-01 2.60e-02
1.87475e-01 2.39e-02
1.88718e-01 2.39e-02
1.89959e-01 2.38e-02
1.91199e-01 2.37e-02
1.92437e-01 2.36e-02
1.93591e-01 2.38e-02
1.94826e-01 2.41e-02
1.96060e-01 2.37e-02
1.97292e-01 2.35e-02
1.98441e-01 2.45e-02
1.99670e-01 2.32e-02
2.00898e-01 2.32e-02
2.02042e-01 2.31e-02
2.03267e-01 2.32e-02
2.04409e-01 2.31e-02
2.05631e-01 2.30e-02
2.06770e-01 2.30e-02
2.07989e-01 2.34e-02
2.09126e-01 2.43e-02
2.10342e-01 2.39e-02
2.11476e-01 2.37e-02
2.12689e-01 2.35e-02
2.13820e-01 2.34e-02
2.15031e-01 2.33e-02
2.16159e-01 2.33e-02
2.17286e-01 2.34e-02
2.18493e-01 2.32e-02
2.19617e-01 2.31e-02
2.20741e-01 2.31e-02
2.21943e-01 2.52e-02
2.23064e-01 2.31e-02
2.25301e-01 2.30e-02
2.27614e-01 2.29e-02
2.28728e-01 2.31e-02
2.29841e-01 2.30e-02
2.30953e-01 2.29e-02
2.32064e-01 2.31e-02
2.33173e-01 2.30e-02
2.34281e-01 2.26e-02
2.35388e-01 2.29e-02
2.36494e-01 2.29e-02
2.37599e-01 2.30e-02
2.38702e-01 2.28e-02
2.39804e-01 2.32e-02
2.40905e-01 2.29e-02
2.42005e-01 2.29e-02
2.43103e-01 2.32e-02
2.44200e-01 2.39e-02
2.45296e-01 2.27e-02
2.46313e-01 2.26e-02
2.47407e-01 2.30e-02
2.48499e-01 2.55e-02
2.49591e-01 2.26e-02
2.50681e-01 2.25e-02
2.51692e-01 2.25e-02
2.52780e-01 2.25e-02
2.53867e-01 2.26e-02
2.54875e-01 3.54e-02
2.55959e-01 2.28e-02
2.57042e-01 2.27e-02
2.58047e-01 2.28e-02
2.59128e-01 2.25e-02
2.60208e-01 2.25e-02
2.61210e-01 2.25e-02
2.62287e-01 2.30e-02
2.63287e-01 2.42e-02
2.64362e-01 2.27e-02
2.65360e-01 2.26e-02
2.66433e-01 2.27e-02
2.67428e-01 2.27e-02
2.68499e-01 2.28e-02
2.69493e-01 2.26e-02
2.70561e-01 2.26e-02
2.71553e-01 2.26e-02
2.72619e-01 2.29e-02
2.73609e-01 2.26e-02
2.75660e-01 2.26e-02
2.76646e-01 2.32e-02
2.77632e-01 2.27e-02
2.78692e-01 2.26e-02
2.79675e-01 2.26e-02
2.81639e-01 2.27e-02
2.82695e-01 2.29e-02
2.83674e-01 2.38e-02
2.84652e-01 2.92e-02
2.85630e-01 2.32e-02
2.86606e-01 2.28e-02
2.87582e-01 2.27e-02
2.88632e-01 2.26e-02
2.89605e-01 2.26e-02
2.90578e-01 2.28e-02
2.91550e-01 2.26e-02
2.92520e-01 2.30e-02
2.93490e-01 2.29e-02
2.94459e-01 2.35e-02
2.95427e-01 2.43e-02
2.96394e-01 2.33e-02
2.97360e-01 2.29e-02
2.98325e-01 2.27e-02
2.99289e-01 2.27e-02
3.00253e-01 2.27e-02
3.01215e-01 2.44e-02
3.02177e-01 2.40e-02
3.03137e-01 2.34e-02
3.04097e-01 2.27e-02
3.04982e-01 2.35e-02
3.05939e-01 2.28e-02
3.06896e-01 2.26e-02
3.07852e-01 2.26e-02
3.08807e-01 2.28e-02
3.09762e-01 2.30e-02
3.10641e-01 2.26e-02
3.11594e-01 2.26e-02
3.13496e-01 2.27e-02
3.14373e-01 2.30e-02
3.15322e-01 2.28e-02
3.16270e-01 2.29e-02
3.17144e-01 2.39e-02
3.18090e-01 2.29e-02
3.19035e-01 2.30e-02
3.19907e-01 2.29e-02
3.20851e-01 2.29e-02
3.21794e-01 2.29e-02
3.22663e-01 2.36e-02
3.23604e-01 2.29e-02
3.24472e-01 2.30e-02
3.25411e-01 2.30e-02
3.26278e-01 2.30e-02
3.27215e-01 2.30e-02
3.28080e-01 2.33e-02
3.29016e-01 2.31e-02
3.29879e-01 2.31e-02
3.30813e-01 2.32e-02
3.31675e-01 2.33e-02
3.32608e-01 2.37e-02
3.33468e-01 2.35e-02
3.34399e-01 2.33e-02
3.35257e-01 2.33e-02
3.36115e-01 2.33e-02
3.37044e-01 2.33e-02
3.37900e-01 2.35e-02
3.38827e-01 2.33e-02
3.39681e-01 2.33e-02
3.40535e-01 2.34e-02
3.41389e-01 2.34e-02
3.42312e-01 2.34e-02
3.43164e-01 2.34e-02
3.44015e-01 2.35e-02
3.44936e-01 2.35e-02
3.45786e-01 2.35e-02
3.46635e-01 2.35e-02
3.47483e-01 2.36e-02
3.48330e-01 2.38e-02
3.49247e-01 2.39e-02
3.50093e-01 2.38e-02
3.50939e-01 2.37e-02
3.52627e-01 2.38e-02
3.53470e-01 2.39e-02
3.54382e-01 2.51e-02
3.55224e-01 2.49e-02
3.56065e-01 2.54e-02
3.56905e-01 2.43e-02
3.57744e-01 2.40e-02
3.58583e-01 2.42e-02
3.59421e-01 2.42e-02
3.60259e-01 2.42e-02
3.61095e-01 2.43e-02
3.61931e-01 2.43e-02
3.62766e-01 2.59e-02
3.63601e-01 2.47e-02
3.64435e-01 2.43e-02
3.65268e-01 2.44e-02
3.66100e-01 2.61e-02
3.66932e-01 2.44e-02
3.67763e-01 2.51e-02
3.68594e-01 2.49e-02
3.70183e-01 2.49e-02
3.71012e-01 2.49e-02
3.71839e-01 2.50e-02
3.72666e-01 2.51e-02
3.73493e-01 2.52e-02
3.74318e-01 2.52e-02
3.75075e-01 2.55e-02
3.75899e-01 2.55e-02
3.76723e-01 2.52e-02
3.77546e-01 2.55e-02
3.78299e-01 2.62e-02
3.79121e-01 2.56e-02
3.79942e-01 2.55e-02
3.80762e-01 2.56e-02
3.81514e-01 2.56e-02
3.83151e-01 2.56e-02
3.83969e-01 2.57e-02
3.84718e-01 2.61e-02
3.86282e-01 2.62e-02
3.87097e-01 2.62e-02
3.87912e-01 2.62e-02
3.88658e-01 2.62e-02
3.89471e-01 2.63e-02
3.90284e-01 2.62e-02
3.91028e-01 2.63e-02
3.91839e-01 2.63e-02
3.92582e-01 2.65e-02
3.93393e-01 2.66e-02
3.94134e-01 2.66e-02
3.94943e-01 2.66e-02
3.95684e-01 2.65e-02
3.97231e-01 2.66e-02
3.98038e-01 2.66e-02
3.98776e-01 2.68e-02
3.99581e-01 2.69e-02
4.00319e-01 2.70e-02
4.01122e-01 2.70e-02
4.01859e-01 2.69e-02
4.02661e-01 2.71e-02
4.03396e-01 2.72e-02
4.04131e-01 2.70e-02
4.05665e-01 2.71e-02
4.06465e-01 2.73e-02
4.07197e-01 2.73e-02
4.07929e-01 2.73e-02
4.08726e-01 2.78e-02
4.09457e-01 2.75e-02
4.10187e-01 2.74e-02
4.10983e-01 2.75e-02
4.11712e-01 2.79e-02
4.12441e-01 2.76e-02
4.13169e-01 2.77e-02
4.13962e-01 2.77e-02
4.14689e-01 2.78e-02
4.15415e-01 2.80e-02
4.16141e-01 2.83e-02
4.16932e-01 2.83e-02
4.17657e-01 2.81e-02
4.18381e-01 2.82e-02
4.19105e-01 3.24e-02
4.19828e-01 2.83e-02
4.20616e-01 2.84e-02
4.21338e-01 2.85e-02
4.22060e-01 2.88e-02
4.22781e-01 3.15e-02
4.23501e-01 2.93e-02
4.24221e-01 2.94e-02
4.25006e-01 3.02e-02
4.25725e-01 3.00e-02
4.26444e-01 2.97e-02
4.27161e-01 2.95e-02
4.27879e-01 2.92e-02
4.28596e-01 2.92e-02
4.29312e-01 2.91e-02
4.30028e-01 2.94e-02
4.30743e-01 2.94e-02
4.31458e-01 2.96e-02
4.32172e-01 2.98e-02
4.32886e-01 2.98e-02
4.33599e-01 2.98e-02
4.34312e-01 2.96e-02
4.35024e-01 3.01e-02
4.35736e-01 2.97e-02
4.36447e-01 3.03e-02
4.37158e-01 2.98e-02
4.37868e-01 2.99e-02
4.38577e-01 3.00e-02
4.39287e-01 3.00e-02
4.39995e-01 3.01e-02
4.40704e-01 3.01e-02
4.41411e-01 3.03e-02
4.42118e-01 3.04e-02
4.42761e-01 3.08e-02
4.43467e-01 3.09e-02
4.44173e-01 3.16e-02
4.44878e-01 3.08e-02
4.45583e-01 3.14e-02
4.46287e-01 3.09e-02
4.46927e-01 3.10e-02
4.47630e-01 3.12e-02
4.48333e-01 3.18e-02
4.49035e-01 3.27e-02
4.49737e-01 3.23e-02
4.50438e-01 3.20e-02
4.51076e-01 3.20e-02
4.51776e-01 3.16e-02
4.52476e-01 3.19e-02
4.53175e-01 3.16e-02
4.54509e-01 3.16e-02
4.55207e-01 3.16e-02
4.55841e-01 3.16e-02
4.57235e-01 3.18e-02
4.57931e-01 3.18e-02
4.58563e-01 3.19e-02
4.59259e-01 3.21e-02
4.59953e-01 3.20e-02
4.60584e-01 3.22e-02
4.62601e-01 3.23e-02
4.63294e-01 3.24e-02
4.64614e-01 3.25e-02
4.65305e-01 3.28e-02
4.65933e-01 3.39e-02
4.66623e-01 3.29e-02
4.67250e-01 3.29e-02
4.67939e-01 3.29e-02
4.69253e-01 3.31e-02
4.69941e-01 3.32e-02
4.70566e-01 3.34e-02
4.71253e-01 3.42e-02
4.71877e-01 3.44e-02
4.72563e-01 3.50e-02
4.73186e-01 3.43e-02
4.73871e-01 3.43e-02
4.74494e-01 3.43e-02
4.75178e-01 3.43e-02
4.75799e-01 4.00e-02
4.76420e-01 3.43e-02
4.77103e-01 3.41e-02
4.77724e-01 3.80e-02
4.78406e-01 3.42e-02
4.79706e-01 3.43e-02
4.80325e-01 3.44e-02
4.80944e-01 3.51e-02
4.82241e-01 3.53e-02
4.82920e-01 3.56e-02
4.83537e-01 3.49e-02
4.84831e-01 3.51e-02
4.85446e-01 3.52e-02
4.86062e-01 3.52e-02
4.86738e-01 3.53e-02
4.87352e-01 3.53e-02
4.87966e-01 3.54e-02
4.88641e-01 3.55e-02
4.89255e-01 3.56e-02
4.89868e-01 3.58e-02
4.90480e-01 3.58e-02
4.91153e-01 3.58e-02
4.92376e-01 3.60e-02
4.93659e-01 3.62e-02
4.94879e-01 3.64e-02
4.95489e-01 3.66e-02
4.96159e-01 3.66e-02
4.96767e-01 3.67e-02
4.97376e-01 3.68e-02
4.97984e-01 3.70e-02
4.98591e-01 3.73e-02
4.99259e-01 3.81e-02
4.99866e-01 4.30e-02
5.00472e-01 4.17e-02
5.01078e-01 3.85e-02
5.01684e-01 4.06e-02
5.02289e-01 4.07e-02
5.02955e-01 3.90e-02
5.03559e-01 3.82e-02
5.04163e-01 3.82e-02
5.04767e-01 3.84e-02
5.05371e-01 3.91e-02
5.05974e-01 3.91e-02
5.06577e-01 3.86e-02
5.07179e-01 3.86e-02
5.07781e-01 3.86e-02
5.08383e-01 3.88e-02
5.09044e-01 3.97e-02
5.09645e-01 3.94e-02
5.10245e-01 3.92e-02
5.10846e-01 3.94e-02
5.11445e-01 3.98e-02
5.12045e-01 4.03e-02
5.12644e-01 4.04e-02
5.13841e-01 3.97e-02
5.14439e-01 3.96e-02
5.15037e-01 3.96e-02
5.15634e-01 3.96e-02
5.16828e-01 3.98e-02
5.17424e-01 3.99e-02
5.18020e-01 3.99e-02
5.18615e-01 3.99e-02
5.19210e-01 4.00e-02
5.19746e-01 4.01e-02
5.20340e-01 4.04e-02
5.20934e-01 4.03e-02
5.22122e-01 4.04e-02
5.22715e-01 4.04e-02
5.23900e-01 4.13e-02
5.24492e-01 4.13e-02
5.25083e-01 4.11e-02
5.25616e-01 4.13e-02
5.26207e-01 4.29e-02
5.26797e-01 4.27e-02
5.27388e-01 4.21e-02
5.27978e-01 4.15e-02
5.28567e-01 4.14e-02
5.29157e-01 4.19e-02
5.29687e-01 4.16e-02
5.30275e-01 4.16e-02
5.30864e-01 4.18e-02
5.31451e-01 4.26e-02
5.32039e-01 4.20e-02
5.33154e-01 4.22e-02
5.33741e-01 4.26e-02
5.34327e-01 4.27e-02
5.34855e-01 4.28e-02
5.35440e-01 4.30e-02
5.36025e-01 4.31e-02
5.36610e-01 4.32e-02
5.37136e-01 4.37e-02
5.37721e-01 4.82e-02
5.38305e-01 4.68e-02
5.38888e-01 4.32e-02
5.39413e-01 4.32e-02
5.39996e-01 4.39e-02
5.40579e-01 5.29e-02
5.41103e-01 4.40e-02
5.41685e-01 4.41e-02
5.42266e-01 4.68e-02
5.42789e-01 4.39e-02
5.43370e-01 4.36e-02
5.43951e-01 4.37e-02
5.44473e-01 4.37e-02
5.45053e-01 4.44e-02
5.45633e-01 4.41e-02
5.46154e-01 4.47e-02
5.46733e-01 4.46e-02
5.47312e-01 4.50e-02
5.47832e-01 4.52e-02
5.48410e-01 4.46e-02
5.48930e-01 4.52e-02
5.49508e-01 4.48e-02
5.50604e-01 4.47e-02
5.51180e-01 4.51e-02
5.51699e-01 4.64e-02
5.52275e-01 4.57e-02
5.52850e-01 4.58e-02
5.53368e-01 4.77e-02
5.53943e-01 4.56e-02
5.54460e-01 4.61e-02
5.55034e-01 4.55e-02
5.55550e-01 4.55e-02
5.56640e-01 4.56e-02
5.57213e-01 4.57e-02
5.57728e-01 4.58e-02
5.58301e-01 4.59e-02
5.59387e-01 4.61e-02
5.59901e-01 4.63e-02
5.60473e-01 4.65e-02
5.60986e-01 4.71e-02
5.61557e-01 4.77e-02
5.62070e-01 4.82e-02
5.62640e-01 4.70e-02
5.63152e-01 4.82e-02
5.63722e-01 4.95e-02
5.64234e-01 4.83e-02
5.64745e-01 4.75e-02
5.65314e-01 4.84e-02
5.65825e-01 4.88e-02
5.66393e-01 4.91e-02
5.66903e-01 4.81e-02
5.67471e-01 4.81e-02
5.67981e-01 4.79e-02
5.68491e-01 4.79e-02
5.69057e-01 4.80e-02
5.69566e-01 4.83e-02
5.70075e-01 4.90e-02
5.70641e-01 4.87e-02
5.71149e-01 4.85e-02
5.71714e-01 4.86e-02
5.72222e-01 4.87e-02
5.72729e-01 4.89e-02
5.73293e-01 4.93e-02
5.73800e-01 4.91e-02
5.74307e-01 4.92e-02
5.74870e-01 4.94e-02
5.75377e-01 5.00e-02
5.75883e-01 5.19e-02
5.76445e-01 5.03e-02
5.76950e-01 5.01e-02
5.77456e-01 5.06e-02
5.77961e-01 5.08e-02
5.78522e-01 5.04e-02
5.79026e-01 5.04e-02
5.79530e-01 5.05e-02
5.80090e-01 5.07e-02
5.80594e-01 5.08e-02
5.81098e-01 5.11e-02
5.81601e-01 5.16e-02
5.82160e-01 5.13e-02
5.82662e-01 5.17e-02
5.83165e-01 5.16e-02
5.84225e-01 5.23e-02
5.84726e-01 5.24e-02
5.85228e-01 5.34e-02
5.85729e-01 5.32e-02
5.86230e-01 5.33e-02
5.86786e-01 5.40e-02
5.87287e-01 5.32e-02
5.87787e-01 5.31e-02
5.88287e-01 5.31e-02
5.88786e-01 5.34e-02
5.89286e-01 5.43e-02
5.89840e-01 5.38e-02
5.90339e-01 5.35e-02
5.90838e-01 5.39e-02
5.91336e-01 5.47e-02
5.91834e-01 5.38e-02
5.92332e-01 5.40e-02
5.92885e-01 5.42e-02
5.93382e-01 5.47e-02
5.93879e-01 5.40e-02
5.94376e-01 5.41e-02
5.94873e-01 5.42e-02
5.95369e-01 5.42e-02
5.95865e-01 5.49e-02
5.96361e-01 5.43e-02
5.96857e-01 5.44e-02
5.97407e-01 5.45e-02
5.97902e-01 5.47e-02
5.98397e-01 5.47e-02
5.98891e-01 5.49e-02
5.99386e-01 5.50e-02
6.00374e-01 5.53e-02
6.00867e-01 5.52e-02
6.01361e-01 5.54e-02
6.01854e-01 5.54e-02
6.02347e-01 5.55e-02
6.02839e-01 5.63e-02
6.03332e-01 5.58e-02
6.03824e-01 5.61e-02
6.04808e-01 5.57e-02
6.05790e-01 5.58e-02
6.06281e-01 5.58e-02
6.07262e-01 5.60e-02
6.07753e-01 5.61e-02
6.08243e-01 5.65e-02
6.08732e-01 5.65e-02
6.09222e-01 5.67e-02
6.09711e-01 5.71e-02
6.10200e-01 5.72e-02
6.10689e-01 5.88e-02
6.11178e-01 5.67e-02
6.11666e-01 5.66e-02
6.12154e-01 5.72e-02
6.12642e-01 5.66e-02
6.13129e-01 5.67e-02
6.13617e-01 6.10e-02
6.14104e-01 5.77e-02
6.14591e-01 5.91e-02
6.15023e-01 5.70e-02
6.15510e-01 5.75e-02
6.15996e-01 5.74e-02
6.16482e-01 5.74e-02
6.16968e-01 5.65e-02
6.17453e-01 5.67e-02
6.17939e-01 5.72e-02
6.18424e-01 5.76e-02
6.18908e-01 5.79e-02
6.19339e-01 5.78e-02
6.19824e-01 5.78e-02
6.20308e-01 5.80e-02
6.20792e-01 5.84e-02
6.21759e-01 5.80e-02
6.22242e-01 5.78e-02
6.22671e-01 5.79e-02
6.23636e-01 5.72e-02
6.24119e-01 5.70e-02
6.24601e-01 5.68e-02
6.25082e-01 5.75e-02
6.25511e-01 5.70e-02
6.25992e-01 5.65e-02
6.26473e-01 5.64e-02
6.26954e-01 5.64e-02
6.27435e-01 5.64e-02
6.27862e-01 5.63e-02
6.28342e-01 5.64e-02
6.28822e-01 5.66e-02
6.29302e-01 5.78e-02
6.29728e-01 5.72e-02
6.30207e-01 5.73e-02
6.30686e-01 5.69e-02
6.31165e-01 5.73e-02
6.31591e-01 5.70e-02
6.32069e-01 5.68e-02
6.33026e-01 5.64e-02
6.33450e-01 5.62e-02
6.33928e-01 5.66e-02
6.34405e-01 5.64e-02
6.34882e-01 5.80e-02
6.35306e-01 5.63e-02
6.35783e-01 5.58e-02
6.36259e-01 5.57e-02
6.36683e-01 5.59e-02
6.37159e-01 5.63e-02
6.37634e-01 5.54e-02
6.38110e-01 5.54e-02
6.38533e-01 5.63e-02
6.39008e-01 5.50e-02
6.39483e-01 5.49e-02
6.39905e-01 5.55e-02
6.40379e-01 5.48e-02
6.40853e-01 5.48e-02
6.41275e-01 5.46e-02
6.41749e-01 5.55e-02
6.42222e-01 5.44e-02
6.42643e-01 5.44e-02
6.43537e-01 5.43e-02
6.44009e-01 5.42e-02
6.44482e-01 5.43e-02
6.44902e-01 5.45e-02
6.45374e-01 5.47e-02
6.45846e-01 5.43e-02
6.46265e-01 5.42e-02
6.46737e-01 5.45e-02
6.47156e-01 5.46e-02
6.47627e-01 5.50e-02
6.48098e-01 5.49e-02
6.48516e-01 5.41e-02
6.48986e-01 5.39e-02
6.49404e-01 5.38e-02
6.49874e-01 5.38e-02
6.50292e-01 5.49e-02
6.50761e-01 5.62e-02
6.51231e-01 5.51e-02
6.51648e-01 5.59e-02
6.52117e-01 5.41e-02
6.52533e-01 5.39e-02
6.53002e-01 5.36e-02
6.53418e-01 5.35e-02
6.53886e-01 5.34e-02
6.54302e-01 5.34e-02
6.54770e-01 5.35e-02
6.55186e-01 5.37e-02
6.55653e-01 5.34e-02
6.56120e-01 5.33e-02
6.56535e-01 5.33e-02
6.57002e-01 5.34e-02
6.57883e-01 5.37e-02
6.58297e-01 5.38e-02
6.58763e-01 5.41e-02
6.59177e-01 5.46e-02
6.59642e-01 5.45e-02
6.60056e-01 5.44e-02
6.60934e-01 5.43e-02
6.61347e-01 5.50e-02
6.61811e-01 5.43e-02
6.62224e-01 5.41e-02
6.62688e-01 5.31e-02
6.63100e-01 5.27e-02
6.63564e-01 5.26e-02
6.63976e-01 5.28e-02
6.64439e-01 5.27e-02
6.64851e-01 5.53e-02
6.65262e-01 5.29e-02
6.66136e-01 5.31e-02
6.67009e-01 5.33e-02
6.67881e-01 5.37e-02
6.68291e-01 5.61e-02
6.68752e-01 5.45e-02
6.69162e-01 5.59e-02
6.69623e-01 5.48e-02
6.70032e-01 5.52e-02
6.70441e-01 5.53e-02
6.70902e-01 5.58e-02
6.71310e-01 5.71e-02
6.71719e-01 5.81e-02
6.72179e-01 5.92e-02
6.72587e-01 5.98e-02
6.73047e-01 6.10e-02
6.73455e-01 6.12e-02
6.73862e-01 5.99e-02
6.74321e-01 5.93e-02
6.74729e-01 5.93e-02
6.75136e-01 5.97e-02
6.75594e-01 6.03e-02
6.76001e-01 6.04e-02
6.76408e-01 6.07e-02
6.76865e-01 6.15e-02
6.77272e-01 6.25e-02
6.77678e-01 6.38e-02
6.78135e-01 6.61e-02
6.78541e-01 6.80e-02
6.78947e-01 7.16e-02
6.79403e-01 7.44e-02
6.79809e-01 7.51e-02
6.80214e-01 7.61e-02
6.80619e-01 7.76e-02
6.81075e-01 8.21e-02
6.81884e-01 9.56e-02
6.82339e-01 1.02e-01
6.82743e-01 1.09e-01
6.83147e-01 1.16e-01
6.83551e-01 1.25e-01
6.84006e-01 1.27e-01
6.84409e-01 1.19e-01
6.84813e-01 1.12e-01
6.85266e-01 1.05e-01
6.85669e-01 9.78e-02
6.86072e-01 9.05e-02
6.86475e-01 8.34e-02
6.86878e-01 7.72e-02
6.87330e-01 7.91e-02
6.87733e-01 7.29e-02
6.88135e-01 7.17e-02
6.88537e-01 7.00e-02
6.88989e-01 6.76e-02
6.89390e-01 6.53e-02
6.89792e-01 6.37e-02
6.90193e-01 6.58e-02
6.90594e-01 6.80e-02
6.91045e-01 7.07e-02
6.91446e-01 7.40e-02
6.91846e-01 7.73e-02
6.92647e-01 8.56e-02
6.93097e-01 8.74e-02
6.93497e-01 8.90e-02
6.93897e-01 8.76e-02
6.94297e-01 8.36e-02
6.94696e-01 8.03e-02
6.95145e-01 7.56e-02
6.95544e-01 7.19e-02
6.95943e-01 6.79e-02
6.96342e-01 7.12e-02
6.96741e-01 6.99e-02
6.97139e-01 7.12e-02
6.97538e-01 7.54e-02
6.97985e-01 7.95e-02
6.98383e-01 8.38e-02
6.99179e-01 9.19e-02
6.99576e-01 9.54e-02
6.99974e-01 9.94e-02
7.00371e-01 9.75e-02
7.00818e-01 9.42e-02
7.01215e-01 9.30e-02
7.01611e-01 8.74e-02
7.02008e-01 8.35e-02
7.02404e-01 8.02e-02
7.02800e-01 7.73e-02
7.03197e-01 7.39e-02
7.03592e-01 7.20e-02
7.03988e-01 7.14e-02
7.04384e-01 7.05e-02
7.04829e-01 6.84e-02
7.05224e-01 6.91e-02
7.05619e-01 6.88e-02
7.06014e-01 6.56e-02
7.06409e-01 6.40e-02
7.06804e-01 6.32e-02
7.07198e-01 6.35e-02
7.07592e-01 6.29e-02
7.07987e-01 6.28e-02
7.08381e-01 7.15e-02
7.08774e-01 6.34e-02
7.09168e-01 6.38e-02
7.09562e-01 6.35e-02
7.09955e-01 6.33e-02
7.10348e-01 6.27e-02
7.10741e-01 6.27e-02
7.11134e-01 6.31e-02
7.11527e-01 6.37e-02
7.11920e-01 6.50e-02
7.12361e-01 6.80e-02
7.12754e-01 6.93e-02
7.13146e-01 6.96e-02
7.13538e-01 7.51e-02
7.13930e-01 7.22e-02
7.14321e-01 6.94e-02
7.14713e-01 6.88e-02
7.15104e-01 6.77e-02
7.15496e-01 6.95e-02
7.15887e-01 8.25e-02
7.16278e-01 6.82e-02
7.16668e-01 6.85e-02
7.17059e-01 6.99e-02
7.17401e-01 7.21e-02
7.17791e-01 7.55e-02
7.18181e-01 7.87e-02
7.18571e-01 7.94e-02
7.18961e-01 7.53e-02
7.19351e-01 7.25e-02
7.19740e-01 6.94e-02
7.20130e-01 6.88e-02
7.20519e-01 6.89e-02
7.20908e-01 6.94e-02
7.21297e-01 6.88e-02
7.21686e-01 7.02e-02
7.22075e-01 7.27e-02
7.22463e-01 7.31e-02
7.22852e-01 7.22e-02
7.23240e-01 7.15e-02
7.23628e-01 7.18e-02
7.24016e-01 7.18e-02
7.24404e-01 7.11e-02
7.24743e-01 7.26e-02
7.25130e-01 7.38e-02
7.25518e-01 7.39e-02
7.25905e-01 7.31e-02
7.26292e-01 7.27e-02
7.26679e-01 7.16e-02
7.27065e-01 7.12e-02
7.27452e-01 7.10e-02
7.27838e-01 7.06e-02
7.28225e-01 6.99e-02
7.28611e-01 6.88e-02
7.28949e-01 6.79e-02
7.29720e-01 6.61e-02
7.30106e-01 6.59e-02
7.30491e-01 6.49e-02
7.30876e-01 6.52e-02
7.31262e-01 6.65e-02
7.31598e-01 6.49e-02
7.31983e-01 6.45e-02
7.32368e-01 6.44e-02
7.32752e-01 6.38e-02
7.33137e-01 6.37e-02
7.33521e-01 6.36e-02
7.33905e-01 6.39e-02
7.34241e-01 6.44e-02
7.34625e-01 6.33e-02
7.35009e-01 6.27e-02
7.35392e-01 6.28e-02
7.35776e-01 6.24e-02
7.36159e-01 6.19e-02
7.36494e-01 6.15e-02
7.36877e-01 6.13e-02
7.37642e-01 6.12e-02
7.38025e-01 6.20e-02
7.38360e-01 6.01e-02
7.38742e-01 5.98e-02
7.39124e-01 5.93e-02
7.39506e-01 5.87e-02
7.39888e-01 5.84e-02
7.40222e-01 5.85e-02
7.40603e-01 5.88e-02
7.40985e-01 5.90e-02
7.41366e-01 5.94e-02
7.41747e-01 5.97e-02
7.42080e-01 5.96e-02
7.42461e-01 5.95e-02
7.42842e-01 5.82e-02
7.43222e-01 5.74e-02
7.43603e-01 5.65e-02
7.43935e-01 5.57e-02
7.44315e-01 5.49e-02
7.44695e-01 5.45e-02
7.45075e-01 5.42e-02
7.45408e-01 5.43e-02
7.45787e-01 5.38e-02
7.46166e-01 5.35e-02
7.46546e-01 5.34e-02
7.46878e-01 5.31e-02
7.47635e-01 5.25e-02
7.47967e-01 5.23e-02
7.48345e-01 5.26e-02
7.48724e-01 5.26e-02
7.49102e-01 5.43e-02
7.49433e-01 5.50e-02
7.49811e-01 5.81e-02
7.50189e-01 6.24e-02
7.50567e-01 5.85e-02
7.50897e-01 5.34e-02
7.51275e-01 5.24e-02
7.51652e-01 5.12e-02
7.51982e-01 5.30e-02
7.52359e-01 5.44e-02
7.52736e-01 5.47e-02
7.53066e-01 5.15e-02
7.53442e-01 4.91e-02
7.53819e-01 4.82e-02
7.54148e-01 4.84e-02
7.54524e-01 4.72e-02
7.54901e-01 4.70e-02
7.55277e-01 4.73e-02
7.55605e-01 4.68e-02
7.55981e-01 4.65e-02
7.56685e-01 4.63e-02
7.57061e-01 4.64e-02
7.57436e-01 4.60e-02
7.57764e-01 4.57e-02
7.58139e-01 4.53e-02
7.58467e-01 4.56e-02
7.58841e-01 4.49e-02
7.59216e-01 4.46e-02
7.59543e-01 4.42e-02
7.59918e-01 4.41e-02
7.60292e-01 4.58e-02
7.60619e-01 4.34e-02
7.60993e-01 4.30e-02
7.61366e-01 4.28e-02
7.61693e-01 4.70e-02
7.62067e-01 4.56e-02
7.62393e-01 4.45e-02
7.62767e-01 4.36e-02
7.63140e-01 4.32e-02
7.63466e-01 4.41e-02
7.63839e-01 4.26e-02
7.64211e-01 4.33e-02
7.64537e-01 4.29e-02
7.64910e-01 4.27e-02
7.65235e-01 4.18e-02
7.65607e-01 4.16e-02
7.65979e-01 4.15e-02
7.66676e-01 4.07e-02
7.67002e-01 4.04e-02
7.67373e-01 4.02e-02
7.67698e-01 3.98e-02
7.68069e-01 3.94e-02
7.68440e-01 3.97e-02
7.68765e-01 3.89e-02
7.69136e-01 3.90e-02
7.69460e-01 3.89e-02
7.69830e-01 3.94e-02
7.70525e-01 3.80e-02
7.70895e-01 3.78e-02
7.71219e-01 3.82e-02
7.71589e-01 3.75e-02
7.71912e-01 3.74e-02
7.72282e-01 3.73e-02
7.72605e-01 3.72e-02
7.72974e-01 3.75e-02
7.73298e-01 3.75e-02
7.73667e-01 3.71e-02
7.73990e-01 3.72e-02
7.74358e-01 3.81e-02
7.74681e-01 4.17e-02
7.75050e-01 3.70e-02
7.75418e-01 3.68e-02
7.75740e-01 3.69e-02
7.76109e-01 4.20e-02
7.76431e-01 3.69e-02
7.76799e-01 3.75e-02
7.77121e-01 4.02e-02
7.77488e-01 3.74e-02
7.77810e-01 3.72e-02
7.78177e-01 3.82e-02
7.78499e-01 3.73e-02
7.78866e-01 3.96e-02
7.79187e-01 3.90e-02
7.79554e-01 3.80e-02
7.79875e-01 4.12e-02
7.80242e-01 3.86e-02
7.80563e-01 3.77e-02
7.80929e-01 3.72e-02
7.81250e-01 3.71e-02
7.81570e-01 3.73e-02
7.81936e-01 4.26e-02
7.82256e-01 3.59e-02
7.82622e-01 3.49e-02
7.82942e-01 3.70e-02
7.83308e-01 3.46e-02
7.83628e-01 3.40e-02
7.83993e-01 3.37e-02
7.84312e-01 3.37e-02
7.84677e-01 3.37e-02
7.84997e-01 3.39e-02
7.85362e-01 3.51e-02
7.85681e-01 4.41e-02
7.86000e-01 6.12e-02
7.86364e-01 3.52e-02
7.86683e-01 3.38e-02
7.87047e-01 3.33e-02
7.87366e-01 3.30e-02
7.87730e-01 3.31e-02
7.88048e-01 3.32e-02
7.88366e-01 3.37e-02
7.88730e-01 3.33e-02
7.89048e-01 3.26e-02
7.89411e-01 3.29e-02
7.89729e-01 3.29e-02
7.90092e-01 3.86e-02
7.90410e-01 3.25e-02
7.90728e-01 3.22e-02
7.91090e-01 3.27e-02
7.91408e-01 3.34e-02
7.91770e-01 3.41e-02
7.92087e-01 3.48e-02
7.92404e-01 3.54e-02
7.92766e-01 3.61e-02
7.93445e-01 3.80e-02
7.93761e-01 3.88e-02
7.94078e-01 3.90e-02
7.94439e-01 3.89e-02
7.94756e-01 3.89e-02
7.95117e-01 3.91e-02
7.95433e-01 3.95e-02
7.95749e-01 4.16e-02
7.96110e-01 4.62e-02
7.96426e-01 5.03e-02
7.96741e-01 4.14e-02
7.97102e-01 4.16e-02
7.97417e-01 4.06e-02
7.97732e-01 3.87e-02
7.98093e-01 3.74e-02
7.98408e-01 3.71e-02
7.98768e-01 4.01e-02
7.99083e-01 4.41e-02
7.99397e-01 3.76e-02
7.99757e-01 3.60e-02
8.00071e-01 3.82e-02
8.00386e-01 3.58e-02
8.00745e-01 3.56e-02
8.01059e-01 3.51e-02
8.01374e-01 3.48e-02
8.01732e-01 3.56e-02
8.02046e-01 3.81e-02
8.02360e-01 3.54e-02
8.03032e-01 3.46e-02
8.03346e-01 3.40e-02
8.04017e-01 3.68e-02
8.04331e-01 3.90e-02
8.05002e-01 4.24e-02
8.05314e-01 4.28e-02
8.05985e-01 4.54e-02
8.06297e-01 4.51e-02
8.06967e-01 4.19e-02
8.07279e-01 4.02e-02
8.07903e-01 3.70e-02
8.08260e-01 3.57e-02
8.08884e-01 3.25e-02
8.09240e-01 3.14e-02
8.09863e-01 3.08e-02
8.10174e-01 3.06e-02
8.10841e-01 3.31e-02
8.11152e-01 3.39e-02
8.11819e-01 3.08e-02
8.12129e-01 3.04e-02
8.12751e-01 3.02e-02
8.13106e-01 2.95e-02
8.13726e-01 2.96e-02
8.14036e-01 2.97e-02
8.14391e-01 2.98e-02
8.15011e-01 2.97e-02
8.15321e-01 3.04e-02
8.15984e-01 3.11e-02
8.16294e-01 3.07e-02
8.16956e-01 3.02e-02
8.17266e-01 3.04e-02
8.17884e-01 2.99e-02
8.18193e-01 3.06e-02
8.18854e-01 3.17e-02
8.19163e-01 3.08e-02
8.19824e-01 3.36e-02
8.20132e-01 3.14e-02
8.20749e-01 3.30e-02
8.21057e-01 3.28e-02
8.21716e-01 3.20e-02
8.22024e-01 3.25e-02
8.22639e-01 3.39e-02
8.22947e-01 4.44e-02
8.23605e-01 3.87e-02
8.23912e-01 3.07e-02
8.24526e-01 2.99e-02
8.24833e-01 2.95e-02
8.25184e-01 3.49e-02
8.25797e-01 3.13e-02
8.26103e-01 3.56e-02
8.26716e-01 4.53e-02
8.27066e-01 3.48e-02
8.27678e-01 3.18e-02
8.27984e-01 3.05e-02
8.28595e-01 3.00e-02
8.28945e-01 2.98e-02
8.29556e-01 2.93e-02
8.29861e-01 3.61e-02
8.30471e-01 5.01e-02
8.30776e-01 2.94e-02
8.31430e-01 2.92e-02
8.31735e-01 2.86e-02
8.32344e-01 2.88e-02
8.32648e-01 2.89e-02
8.32953e-01 2.94e-02
8.33561e-01 2.86e-02
8.33909e-01 2.85e-02
8.34517e-01 2.83e-02
8.34820e-01 2.83e-02
8.35731e-01 2.83e-02
8.36338e-01 2.83e-02
8.36641e-01 2.83e-02
8.37291e-01 2.83e-02
8.37594e-01 2.83e-02
8.38199e-01 2.79e-02
8.38502e-01 2.80e-02
8.39107e-01 2.82e-02
8.39410e-01 2.84e-02
8.39712e-01 3.27e-02
8.40316e-01 3.35e-02
8.40618e-01 2.76e-02
8.41265e-01 2.75e-02
8.41567e-01 2.94e-02
8.42170e-01 2.90e-02
8.42472e-01 2.75e-02
8.43075e-01 2.74e-02
8.43376e-01 3.12e-02
8.43978e-01 2.89e-02
8.44279e-01 2.73e-02
8.44881e-01 2.73e-02
8.45181e-01 2.72e-02
8.45482e-01 3.11e-02
8.46083e-01 3.35e-02
8.46383e-01 3.92e-02
8.46984e-01 3.49e-02
8.47284e-01 3.05e-02
8.47883e-01 3.12e-02
8.48226e-01 2.66e-02
8.48825e-01 2.65e-02
8.49125e-01 2.62e-02
8.49723e-01 2.61e-02
8.50023e-01 2.63e-02
8.50621e-01 2.62e-02
8.50920e-01 2.61e-02
8.51219e-01 2.99e-02
8.51816e-01 2.81e-02
8.52115e-01 2.61e-02
8.52712e-01 2.64e-02
8.53010e-01 3.08e-02
8.53606e-01 2.98e-02
8.53862e-01 2.57e-02
8.54458e-01 2.56e-02
8.54756e-01 2.55e-02
8.55351e-01 2.59e-02
8.55649e-01 2.61e-02
8.55946e-01 2.61e-02
8.56541e-01 2.57e-02
8.56838e-01 2.52e-02
8.57432e-01 2.51e-02
8.57729e-01 2.50e-02
8.58323e-01 2.50e-02
8.58619e-01 2.55e-02
8.59212e-01 2.58e-02
8.59509e-01 2.62e-02
8.60101e-01 2.56e-02
8.60397e-01 2.53e-02
8.60693e-01 2.50e-02
8.61243e-01 2.50e-02
8.61539e-01 2.53e-02
8.62130e-01 2.52e-02
8.62426e-01 2.72e-02
8.63017e-01 2.63e-02
8.63312e-01 3.41e-02
8.63902e-01 2.92e-02
8.64197e-01 2.52e-02
8.64745e-01 2.64e-02
8.65040e-01 2.70e-02
8.65334e-01 2.49e-02
8.65923e-01 2.49e-02
8.66218e-01 2.48e-02
8.66806e-01 2.47e-02
8.67100e-01 2.46e-02
8.67689e-01 2.46e-02
8.67940e-01 2.46e-02
8.68528e-01 2.44e-02
8.68822e-01 2.43e-02
8.69115e-01 2.87e-02
8.69702e-01 3.68e-02
8.69995e-01 2.43e-02
8.70540e-01 2.42e-02
8.70833e-01 2.41e-02
8.71419e-01 2.41e-02
8.71712e-01 2.64e-02
8.72297e-01 2.60e-02
8.72548e-01 2.58e-02
8.72840e-01 2.69e-02
8.73425e-01 2.45e-02
8.73717e-01 2.35e-02
8.74301e-01 2.34e-02
8.74552e-01 3.25e-02
8.75135e-01 2.74e-02
8.75427e-01 2.35e-02
8.76010e-01 2.34e-02
8.76302e-01 2.33e-02
8.76843e-01 2.33e-02
8.77134e-01 2.32e-02
8.77425e-01 2.32e-02
8.78007e-01 2.31e-02
8.78547e-01 2.30e-02
8.78838e-01 2.30e-02
8.79129e-01 2.42e-02
8.79710e-01 2.33e-02
8.79959e-01 2.28e-02
8.80249e-01 2.56e-02
8.80829e-01 3.15e-02
8.81119e-01 2.26e-02
8.81658e-01 2.24e-02
8.81948e-01 2.24e-02
8.82527e-01 2.23e-02
8.82775e-01 2.23e-02
8.83065e-01 2.26e-02
8.83644e-01 2.25e-02
8.83933e-01 2.30e-02
8.84470e-01 2.26e-02
8.84759e-01 2.23e-02
8.85337e-01 2.24e-02
8.85584e-01 2.22e-02
8.86161e-01 2.21e-02
8.86450e-01 2.21e-02
8.86738e-01 2.20e-02
8.87274e-01 2.20e-02
8.87562e-01 2.27e-02
8.88097e-01 2.36e-02
8.88385e-01 2.75e-02
8.88961e-01 2.51e-02
8.89248e-01 2.40e-02
8.89495e-01 2.26e-02
8.90070e-01 2.23e-02
8.90357e-01 2.22e-02
8.90891e-01 2.21e-02
8.91465e-01 2.20e-02
8.91711e-01 2.20e-02
8.91998e-01 2.21e-02
8.92572e-01 2.20e-02
8.92817e-01 2.20e-02
8.93104e-01 2.23e-02
8.93677e-01 2.23e-02
8.93922e-01 2.22e-02
8.94495e-01 2.22e-02
8.94781e-01 2.21e-02
8.95312e-01 2.21e-02
8.95598e-01 2.20e-02
8.95843e-01 2.22e-02
8.96415e-01 2.23e-02
8.96700e-01 2.20e-02
8.97230e-01 2.19e-02
8.97516e-01 2.19e-02
8.98045e-01 2.22e-02
8.98330e-01 2.23e-02
8.98615e-01 2.26e-02
8.99145e-01 2.27e-02
8.99429e-01 2.29e-02
8.99958e-01 2.20e-02
9.00243e-01 2.16e-02
9.01055e-01 2.16e-02
9.01583e-01 2.16e-02
9.01867e-01 2.15e-02
9.02151e-01 2.15e-02
9.02679e-01 2.13e-02
9.02962e-01 2.13e-02
9.03489e-01 2.12e-02
9.03773e-01 2.12e-02
9.04056e-01 2.12e-02
9.04582e-01 2.12e-02
9.05108e-01 2.11e-02
9.05675e-01 2.11e-02
9.06200e-01 2.12e-02
9.06725e-01 2.12e-02
9.07532e-01 2.13e-02
9.08097e-01 2.11e-02
9.08339e-01 2.10e-02
9.08904e-01 2.10e-02
9.09145e-01 2.09e-02
9.09427e-01 2.13e-02
9.09951e-01 2.10e-02
9.10232e-01 2.09e-02
9.10755e-01 2.08e-02
9.11037e-01 2.07e-02
9.11841e-01 2.07e-02
9.12082e-01 2.09e-02
9.12644e-01 2.10e-02
9.12885e-01 3.01e-02
9.13407e-01 2.80e-02
9.13687e-01 2.12e-02
9.14209e-01 2.10e-02
9.14489e-01 2.09e-02
9.14770e-01 2.07e-02
9.15290e-01 2.05e-02
9.15530e-01 2.04e-02
9.16091e-01 2.04e-02
9.16331e-01 2.04e-02
9.16851e-01 2.05e-02
9.17130e-01 2.06e-02
9.17410e-01 2.06e-02
9.17929e-01 2.04e-02
9.18169e-01 2.06e-02
9.18967e-01 2.06e-02
9.19246e-01 2.05e-02
9.19765e-01 2.04e-02
9.20044e-01 2.05e-02
9.20562e-01 2.08e-02
9.20801e-01 2.10e-02
9.21358e-01 2.09e-02
9.21597e-01 2.09e-02
9.21875e-01 2.10e-02
9.22392e-01 2.14e-02
9.22631e-01 2.15e-02
9.23187e-01 2.08e-02
9.23425e-01 2.05e-02
9.23703e-01 2.03e-02
9.24219e-01 2.01e-02
9.24457e-01 2.02e-02
9.25013e-01 2.10e-02
9.25250e-01 2.01e-02
9.25766e-01 2.04e-02
9.26043e-01 2.05e-02
9.26281e-01 2.02e-02
9.26835e-01 2.01e-02
9.27072e-01 2.01e-02
9.27587e-01 2.04e-02
9.27864e-01 2.05e-02
9.28101e-01 2.14e-02
9.28614e-01 2.14e-02
9.28891e-01 2.16e-02
9.29404e-01 2.11e-02
9.29681e-01 2.13e-02
9.30194e-01 2.15e-02
9.30430e-01 2.15e-02
9.30706e-01 2.14e-02
9.31219e-01 2.14e-02
9.31455e-01 2.13e-02
9.31967e-01 2.10e-02
9.32243e-01 2.09e-02
9.32479e-01 2.13e-02
9.32991e-01 2.23e-02
9.33266e-01 2.62e-02
9.33777e-01 2.63e-02
9.34052e-01 2.63e-02
9.34288e-01 2.11e-02
9.34798e-01 2.10e-02
9.35073e-01 2.08e-02
9.35583e-01 2.04e-02
9.35819e-01 2.01e-02
9.36329e-01 2.03e-02
9.36603e-01 2.03e-02
9.36838e-01 2.03e-02
9.37347e-01 2.02e-02
9.37622e-01 2.01e-02
9.38130e-01 2.01e-02
9.38365e-01 2.00e-02
9.38639e-01 2.04e-02
9.39148e-01 2.14e-02
9.39382e-01 2.21e-02
9.39890e-01 2.12e-02
9.40163e-01 2.07e-02
9.40398e-01 2.04e-02
9.40905e-01 2.01e-02
9.41139e-01 2.00e-02
9.41919e-01 2.01e-02
9.42426e-01 2.03e-02
9.42660e-01 2.04e-02
9.42933e-01 2.05e-02
9.43439e-01 2.07e-02
9.43672e-01 2.09e-02
9.44178e-01 2.17e-02
9.44450e-01 2.21e-02
9.44684e-01 2.21e-02
9.45189e-01 2.10e-02
9.45422e-01 2.06e-02
9.45927e-01 2.08e-02
9.46199e-01 2.09e-02
9.46432e-01 2.10e-02
9.46936e-01 2.21e-02
9.47208e-01 2.39e-02
9.47712e-01 2.52e-02
9.47944e-01 2.59e-02
9.48177e-01 2.48e-02
9.48680e-01 2.36e-02
9.48952e-01 2.29e-02
9.49455e-01 2.16e-02
9.49687e-01 2.10e-02
9.50190e-01 2.07e-02
9.50422e-01 2.06e-02
9.50692e-01 2.06e-02
9.51194e-01 2.07e-02
9.51426e-01 2.07e-02
9.51928e-01 2.13e-02
9.52160e-01 2.16e-02
9.52430e-01 2.48e-02
9.52931e-01 3.58e-02
9.53163e-01 4.04e-02
9.53664e-01 3.08e-02
9.53895e-01 2.60e-02
9.54164e-01 2.21e-02
9.54665e-01 2.08e-02
9.54896e-01 2.02e-02
9.55396e-01 2.03e-02
9.55627e-01 2.04e-02
9.55896e-01 2.04e-02
9.56357e-01 2.10e-02
9.56626e-01 2.12e-02
9.57126e-01 2.09e-02
9.57356e-01 2.07e-02
9.57855e-01 2.06e-02
9.58085e-01 2.05e-02
9.58354e-01 2.09e-02
9.58814e-01 2.58e-02
9.59082e-01 2.82e-02
9.59312e-01 2.81e-02
9.59810e-01 2.56e-02
9.60040e-01 2.38e-02
9.60537e-01 2.16e-02
9.60767e-01 2.06e-02
9.61035e-01 2.05e-02
9.61532e-01 2.13e-02
9.61761e-01 2.18e-02
9.62258e-01 2.20e-02
9.62487e-01 2.22e-02
9.62716e-01 2.21e-02
9.63212e-01 2.17e-02
9.63480e-01 2.09e-02
9.63937e-01 2.09e-02
9.64204e-01 2.09e-02
9.64433e-01 2.79e-02
9.64929e-01 4.45e-02
9.65157e-01 2.65e-02
9.65652e-01 2.56e-02
9.65881e-01 2.52e-02
9.66147e-01 2.16e-02
9.66604e-01 2.25e-02
9.66870e-01 2.03e-02
9.67326e-01 2.04e-02
9.67592e-01 2.04e-02
9.67820e-01 1.97e-02
9.68314e-01 2.03e-02
9.68542e-01 2.05e-02
9.69035e-01 1.96e-02
9.69263e-01 1.92e-02
9.69490e-01 1.90e-02
9.69983e-01 1.90e-02
9.70211e-01 1.89e-02
9.70703e-01 1.94e-02
9.70930e-01 1.96e-02
9.71195e-01 1.96e-02
9.71650e-01 1.91e-02
9.71915e-01 1.89e-02
9.72369e-01 1.88e-02
9.72633e-01 1.88e-02
9.72860e-01 1.88e-02
9.73351e-01 1.88e-02
9.73578e-01 1.87e-02
9.74069e-01 1.90e-02
9.74295e-01 1.91e-02
9.74522e-01 1.93e-02
9.75012e-01 1.99e-02
9.75239e-01 2.02e-02
9.75503e-01 1.98e-02
9.75955e-01 1.90e-02
9.76181e-01 1.88e-02
9.76671e-01 1.86e-02
9.76897e-01 1.85e-02
9.77160e-01 1.85e-02
9.77612e-01 1.84e-02
9.77875e-01 1.84e-02
9.78552e-01 1.83e-02
9.78815e-01 1.88e-02
9.79266e-01 2.00e-02
9.79528e-01 2.02e-02
9.79979e-01 1.90e-02
9.80242e-01 1.84e-02
9.80467e-01 1.84e-02
9.80917e-01 1.87e-02
9.81179e-01 1.82e-02
9.82565e-01 1.82e-02
9.82827e-01 1.84e-02
9.83276e-01 1.95e-02
9.83501e-01 2.01e-02
9.83762e-01 2.38e-02
9.84211e-01 2.09e-02
9.84473e-01 1.95e-02
9.84697e-01 1.90e-02
9.85145e-01 1.87e-02
9.85406e-01 1.82e-02
9.85854e-01 1.81e-02
9.86339e-01 1.81e-02
9.86563e-01 1.80e-02
9.86786e-01 1.80e-02
9.87010e-01 1.81e-02
9.87494e-01 1.83e-02
9.87718e-01 1.83e-02
9.87941e-01 1.94e-02
9.88425e-01 1.94e-02
9.88649e-01 1.82e-02
9.89132e-01 1.81e-02
9.89355e-01 1.81e-02
9.89578e-01 1.80e-02
9.90062e-01 1.80e-02
9.90284e-01 1.86e-02
9.90730e-01 2.71e-02
9.90990e-01 3.14e-02
9.91213e-01 1.82e-02
9.91658e-01 1.81e-02
9.91918e-01 1.80e-02
9.92140e-01 1.79e-02
9.92585e-01 1.79e-02
9.92844e-01 1.81e-02
9.93289e-01 1.81e-02
9.93511e-01 1.82e-02
9.93733e-01 1.90e-02
9.94214e-01 1.96e-02
9.94436e-01 3.76e-02
9.94917e-01 6.44e-02
9.95139e-01 7.78e-02
9.95361e-01 2.21e-02
9.95804e-01 2.08e-02
9.96063e-01 2.01e-02
9.96284e-01 1.88e-02
9.96727e-01 1.85e-02
9.96986e-01 1.85e-02
9.97428e-01 1.83e-02
9.97649e-01 1.82e-02
9.97871e-01 1.80e-02
9.98350e-01 1.79e-02
9.98571e-01 1.79e-02
9.99271e-01 1.79e-02
9.99492e-01 1.77e-02
1.00199e+00 1.76e-02
1.00243e+00 1.76e-02
1.00269e+00 1.77e-02
1.00313e+00 1.75e-02
1.00335e+00 1.75e-02
1.00357e+00 1.78e-02
1.00405e+00 1.78e-02
1.00426e+00 1.78e-02
1.00448e+00 1.82e-02
1.00492e+00 1.82e-02
1.00518e+00 2.11e-02
1.00562e+00 2.09e-02
1.00584e+00 2.08e-02
1.00606e+00 1.83e-02
1.00653e+00 1.80e-02
1.00675e+00 1.77e-02
1.00741e+00 1.77e-02
1.00788e+00 1.78e-02
1.00832e+00 1.79e-02
1.00854e+00 1.85e-02
1.00898e+00 1.81e-02
1.00923e+00 1.79e-02
1.00967e+00 1.78e-02
1.00989e+00 1.77e-02
1.01167e+00 1.77e-02
1.01215e+00 1.77e-02
1.01236e+00 1.77e-02
1.01258e+00 1.79e-02
1.01302e+00 1.82e-02
1.01324e+00 1.83e-02
1.01371e+00 1.85e-02
1.01393e+00 1.86e-02
1.01414e+00 3.25e-02
1.01458e+00 4.34e-02
1.01480e+00 4.88e-02
1.01501e+00 1.89e-02
1.01548e+00 1.85e-02
1.01570e+00 1.83e-02
1.01635e+00 1.83e-02
1.01657e+00 1.76e-02
1.01726e+00 1.75e-02
1.01747e+00 1.75e-02
1.01791e+00 1.75e-02
1.01813e+00 1.75e-02
1.01856e+00 1.76e-02
1.01881e+00 1.76e-02
1.01903e+00 1.75e-02
1.01946e+00 1.77e-02
1.01968e+00 1.91e-02
1.02011e+00 1.87e-02
1.02033e+00 1.86e-02
1.02054e+00 1.77e-02
1.02101e+00 1.75e-02
1.02123e+00 1.74e-02
1.02144e+00 1.73e-02
1.02188e+00 1.73e-02
1.02209e+00 1.74e-02
1.02252e+00 1.76e-02
1.02277e+00 1.77e-02
1.02299e+00 1.87e-02
1.02342e+00 1.85e-02
1.02364e+00 1.85e-02
1.02385e+00 5.09e-02
1.02428e+00 5.18e-02
1.02450e+00 1.80e-02
1.02497e+00 1.82e-02
1.02518e+00 1.84e-02
1.02540e+00 1.80e-02
1.02583e+00 1.78e-02
1.02626e+00 1.76e-02
1.02669e+00 1.73e-02
1.02690e+00 1.80e-02
1.02737e+00 1.74e-02
1.02758e+00 1.71e-02
1.02780e+00 1.72e-02
1.02823e+00 1.79e-02
1.02844e+00 1.82e-02
1.02865e+00 1.88e-02
1.02908e+00 2.08e-02
1.02930e+00 1.72e-02
1.02973e+00 1.69e-02
1.02998e+00 1.67e-02
1.03019e+00 1.67e-02
1.03083e+00 1.67e-02
1.03105e+00 1.72e-02
1.03147e+00 1.69e-02
1.03169e+00 1.68e-02
1.03212e+00 1.69e-02
1.03233e+00 1.70e-02
1.03254e+00 1.70e-02
1.03297e+00 1.74e-02
1.03322e+00 1.76e-02
1.03343e+00 1.75e-02
1.03386e+00 1.69e-02
1.03407e+00 1.67e-02
1.03450e+00 1.67e-02
1.03471e+00 1.66e-02
1.03493e+00 1.69e-02
1.03557e+00 1.69e-02
1.03578e+00 1.78e-02
1.03620e+00 1.84e-02
1.03642e+00 1.79e-02
1.03684e+00 1.75e-02
1.03706e+00 1.72e-02
1.03730e+00 1.67e-02
1.03773e+00 1.74e-02
1.03794e+00 1.77e-02
1.03815e+00 1.73e-02
1.03858e+00 1.70e-02
1.03879e+00 1.69e-02
1.03900e+00 1.68e-02
1.03943e+00 1.68e-02
1.03964e+00 2.70e-02
1.04006e+00 2.43e-02
1.04028e+00 2.29e-02
1.04049e+00 1.82e-02
1.04091e+00 1.87e-02
1.04112e+00 1.90e-02
1.04134e+00 1.75e-02
1.04176e+00 1.77e-02
1.04197e+00 1.96e-02
1.04239e+00 2.11e-02
1.04261e+00 2.19e-02
1.04282e+00 1.88e-02
1.04349e+00 1.88e-02
1.04370e+00 1.90e-02
1.04412e+00 1.83e-02
1.04433e+00 2.29e-02
1.04475e+00 2.46e-02
1.04497e+00 2.54e-02
1.04518e+00 1.73e-02
1.04560e+00 1.76e-02
1.04581e+00 1.77e-02
1.04602e+00 2.32e-02
1.04644e+00 3.68e-02
1.04665e+00 4.35e-02
1.04686e+00 2.65e-02
1.04728e+00 2.24e-02
1.04749e+00 1.96e-02
1.04792e+00 1.81e-02
1.04813e+00 1.74e-02
1.04834e+00 1.87e-02
1.04876e+00 1.88e-02
1.04897e+00 1.89e-02
1.04918e+00 2.30e-02
1.04960e+00 2.15e-02
1.04981e+00 1.86e-02
1.05023e+00 1.76e-02
1.05044e+00 1.70e-02
1.05065e+00 1.68e-02
1.05107e+00 1.75e-02
1.05128e+00 1.78e-02
1.05149e+00 1.87e-02
1.05190e+00 2.10e-02
1.05211e+00 2.22e-02
1.05232e+00 1.99e-02
1.05274e+00 2.08e-02
1.05295e+00 2.56e-02
1.05337e+00 2.36e-02
1.05358e+00 2.26e-02
1.05379e+00 1.67e-02
1.05421e+00 1.64e-02
1.05442e+00 1.63e-02
1.05463e+00 1.71e-02
1.05504e+00 1.78e-02
1.05522e+00 1.81e-02
1.05564e+00 2.93e-02
1.05584e+00 3.49e-02
1.05605e+00 1.65e-02
1.05647e+00 1.63e-02
1.05668e+00 1.62e-02
1.05689e+00 1.90e-02
1.05730e+00 1.79e-02
1.05751e+00 1.73e-02
1.05772e+00 2.22e-02
1.05814e+00 1.91e-02
1.05835e+00 1.69e-02
1.05876e+00 1.72e-02
1.05897e+00 1.73e-02
1.05918e+00 1.87e-02
1.05959e+00 1.82e-02
1.05980e+00 1.80e-02
1.06001e+00 2.00e-02
1.06043e+00 1.78e-02
1.06063e+00 1.67e-02
1.06084e+00 1.68e-02
1.06126e+00 1.65e-02
1.06143e+00 3.33e-02
1.06184e+00 2.93e-02
1.06205e+00 2.73e-02
1.06226e+00 1.69e-02
1.06267e+00 1.78e-02
1.06288e+00 1.82e-02
1.06309e+00 1.60e-02
1.06350e+00 1.60e-02
1.06371e+00 1.60e-02
1.06392e+00 1.84e-02
1.06433e+00 1.79e-02
1.06454e+00 1.59e-02
1.06495e+00 1.59e-02
1.06516e+00 1.59e-02
1.06537e+00 1.57e-02
1.06574e+00 1.58e-02
1.06595e+00 1.58e-02
1.06616e+00 1.73e-02
1.06657e+00 1.66e-02
1.06678e+00 1.63e-02
1.06698e+00 1.62e-02
1.06740e+00 1.62e-02
1.06760e+00 1.62e-02
1.06802e+00 1.68e-02
1.06822e+00 1.71e-02
1.06843e+00 1.59e-02
1.06881e+00 1.59e-02
1.06901e+00 1.59e-02
1.06922e+00 1.76e-02
1.06963e+00 1.69e-02
1.06984e+00 1.65e-02
1.07004e+00 1.62e-02
1.07045e+00 1.66e-02
1.07066e+00 1.61e-02
1.07107e+00 1.66e-02
1.07128e+00 1.69e-02
1.07145e+00 1.56e-02
1.07186e+00 1.56e-02
1.07206e+00 1.56e-02
1.07227e+00 1.69e-02
1.07268e+00 2.10e-02
1.07288e+00 2.30e-02
1.07309e+00 1.58e-02
1.07350e+00 1.58e-02
1.07370e+00 1.59e-02
1.07388e+00 1.65e-02
1.07429e+00 1.68e-02
1.07449e+00 1.60e-02
1.07490e+00 1.59e-02
1.07510e+00 1.59e-02
1.07531e+00 1.66e-02
1.07572e+00 1.68e-02
1.07592e+00 1.68e-02
1.07609e+00 1.65e-02
1.07650e+00 1.65e-02
1.07671e+00 1.65e-02
1.07691e+00 1.64e-02
1.07732e+00 1.64e-02
1.07752e+00 1.72e-02
1.07793e+00 1.95e-02
1.07810e+00 2.06e-02
1.07831e+00 1.93e-02
1.07872e+00 1.76e-02
1.07892e+00 1.68e-02
1.07912e+00 1.64e-02
1.07953e+00 1.63e-02
1.07974e+00 1.63e-02
1.08011e+00 1.63e-02
1.08052e+00 1.63e-02
1.08072e+00 1.67e-02
1.08113e+00 1.70e-02
1.08133e+00 1.63e-02
1.08170e+00 1.63e-02
1.08191e+00 1.62e-02
1.08211e+00 1.64e-02
1.08252e+00 1.65e-02
1.08272e+00 1.65e-02
1.08292e+00 1.87e-02
1.08333e+00 1.78e-02
1.08350e+00 1.73e-02
1.08370e+00 1.60e-02
1.08411e+00 1.60e-02
1.08431e+00 1.59e-02
1.08451e+00 1.70e-02
1.08492e+00 1.63e-02
1.08509e+00 1.57e-02
1.08549e+00 1.57e-02
1.08570e+00 1.56e-02
1.08590e+00 1.56e-02
1.08630e+00 1.56e-02
1.08651e+00 1.55e-02
1.08667e+00 1.54e-02
1.08708e+00 1.53e-02
1.08728e+00 1.53e-02
1.08748e+00 1.53e-02
1.08789e+00 1.52e-02
1.08806e+00 1.52e-02
1.08846e+00 1.51e-02
1.08866e+00 1.51e-02
1.08886e+00 1.51e-02
1.08927e+00 1.51e-02
1.08947e+00 1.51e-02
1.08964e+00 1.52e-02
1.09004e+00 1.56e-02
1.09024e+00 1.59e-02
1.09045e+00 1.52e-02
1.09085e+00 1.55e-02
1.09102e+00 1.57e-02
1.09122e+00 1.51e-02
1.09162e+00 1.50e-02
1.09182e+00 1.49e-02
1.09202e+00 1.50e-02
1.09239e+00 1.49e-02
1.09259e+00 1.61e-02
1.09300e+00 1.54e-02
1.09320e+00 1.51e-02
1.09340e+00 2.01e-02
1.09377e+00 2.94e-02
1.09397e+00 3.40e-02
1.09417e+00 1.71e-02
1.09457e+00 1.69e-02
1.09477e+00 1.68e-02
1.09494e+00 1.76e-02
1.09534e+00 1.71e-02
1.09554e+00 1.69e-02
1.09574e+00 1.65e-02
1.09611e+00 1.64e-02
1.09631e+00 1.64e-02
1.09671e+00 1.66e-02
1.09691e+00 1.66e-02
1.09711e+00 1.64e-02
1.09748e+00 1.63e-02
1.09768e+00 1.63e-02
1.09845e+00 1.63e-02
1.09865e+00 1.78e-02
1.09905e+00 1.71e-02
1.09925e+00 1.67e-02
1.09945e+00 1.68e-02
1.09981e+00 1.66e-02
1.10001e+00 1.65e-02
1.10021e+00 1.65e-02
1.10061e+00 1.63e-02
1.10078e+00 1.60e-02
1.10118e+00 1.60e-02
1.10138e+00 1.60e-02
1.10157e+00 1.62e-02
1.10194e+00 1.61e-02
1.10214e+00 1.60e-02
1.10234e+00 1.60e-02
1.10274e+00 1.60e-02
1.10290e+00 1.61e-02
1.10310e+00 1.64e-02
1.10350e+00 1.63e-02
1.10370e+00 1.62e-02
1.10390e+00 1.67e-02
1.10426e+00 1.80e-02
1.10446e+00 1.86e-02
1.10466e+00 1.78e-02
1.10503e+00 1.81e-02
1.10522e+00 1.60e-02
1.10562e+00 1.63e-02
1.10582e+00 1.64e-02
1.10599e+00 1.59e-02
1.10638e+00 1.60e-02
1.10658e+00 1.60e-02
1.10678e+00 1.61e-02
1.10714e+00 1.60e-02
1.10734e+00 1.60e-02
1.10754e+00 1.60e-02
1.10810e+00 1.60e-02
1.10830e+00 1.67e-02
1.10869e+00 1.62e-02
1.10889e+00 1.60e-02
1.10906e+00 1.59e-02
1.10945e+00 1.59e-02
1.10965e+00 1.77e-02
1.11001e+00 1.79e-02
1.11021e+00 1.81e-02
1.11041e+00 1.62e-02
1.11080e+00 1.60e-02
1.11097e+00 1.60e-02
1.11117e+00 1.57e-02
1.11176e+00 1.57e-02
1.11192e+00 1.60e-02
1.11232e+00 1.61e-02
1.11252e+00 1.61e-02
1.11268e+00 1.58e-02
1.11327e+00 1.58e-02
1.11347e+00 1.56e-02
1.11403e+00 1.56e-02
1.11422e+00 1.57e-02
1.11458e+00 1.56e-02
1.11478e+00 2.32e-02
1.11517e+00 1.92e-02
1.11534e+00 1.72e-02
1.11553e+00 1.68e-02
1.11593e+00 1.63e-02
1.11612e+00 1.60e-02
1.11629e+00 1.58e-02
1.11668e+00 1.59e-02
1.11688e+00 1.59e-02
1.11704e+00 1.72e-02
1.11743e+00 1.91e-02
1.11763e+00 2.01e-02
1.11783e+00 2.28e-02
1.11819e+00 1.90e-02
1.11838e+00 1.71e-02
1.11858e+00 1.56e-02
1.11894e+00 1.55e-02
1.11913e+00 1.54e-02
1.11933e+00 1.53e-02
1.11969e+00 1.53e-02
1.11988e+00 1.51e-02
1.12028e+00 1.51e-02
1.12063e+00 1.51e-02
1.12103e+00 1.51e-02
1.12119e+00 1.50e-02
1.12138e+00 1.52e-02
1.12178e+00 1.51e-02
1.12197e+00 1.51e-02
1.12213e+00 1.56e-02
1.12252e+00 1.51e-02
1.12272e+00 1.49e-02
1.12288e+00 1.47e-02
1.12327e+00 1.47e-02
1.12347e+00 1.47e-02
1.12363e+00 1.53e-02
1.12402e+00 1.63e-02
1.12422e+00 1.68e-02
1.12438e+00 1.63e-02
1.12477e+00 1.52e-02
1.12496e+00 1.47e-02
1.12532e+00 1.46e-02
1.12551e+00 1.46e-02
1.12571e+00 1.46e-02
1.12607e+00 1.47e-02
1.12626e+00 1.47e-02
1.12645e+00 1.96e-02
1.12681e+00 1.94e-02
1.12701e+00 1.93e-02
1.12720e+00 1.63e-02
1.12756e+00 1.60e-02
1.12775e+00 1.59e-02
1.12794e+00 1.49e-02
1.12830e+00 1.47e-02
1.12849e+00 1.46e-02
1.12869e+00 1.58e-02
1.12904e+00 1.59e-02
1.12924e+00 1.59e-02
1.12943e+00 1.69e-02
1.12979e+00 1.68e-02
1.12998e+00 1.68e-02
1.13018e+00 1.56e-02
1.13053e+00 1.56e-02
1.13072e+00 1.56e-02
1.13092e+00 1.57e-02
1.13127e+00 1.58e-02
1.13147e+00 1.96e-02
1.13182e+00 1.95e-02
1.13201e+00 1.94e-02
1.13221e+00 1.63e-02
1.13256e+00 1.60e-02
1.13276e+00 1.58e-02
1.13295e+00 1.55e-02
1.13350e+00 1.55e-02
1.13369e+00 1.56e-02
1.13404e+00 1.56e-02
1.13424e+00 1.57e-02
1.13443e+00 1.60e-02
1.13478e+00 1.61e-02
1.13498e+00 1.62e-02
1.13514e+00 2.38e-02
1.13552e+00 2.05e-02
1.13572e+00 1.89e-02
1.13588e+00 1.79e-02
1.13626e+00 1.65e-02
1.13645e+00 1.59e-02
1.13661e+00 1.59e-02
1.13700e+00 1.57e-02
1.13716e+00 1.55e-02
1.13735e+00 1.55e-02
1.13774e+00 1.50e-02
1.13790e+00 1.77e-02
1.13828e+00 1.72e-02
1.13844e+00 1.69e-02
1.13863e+00 1.64e-02
1.13902e+00 1.63e-02
1.13918e+00 1.63e-02
1.13937e+00 1.46e-02
1.13991e+00 1.46e-02
1.14011e+00 1.47e-02
1.14046e+00 1.51e-02
1.14065e+00 1.52e-02
1.14084e+00 1.51e-02
1.14119e+00 1.48e-02
1.14138e+00 1.46e-02
1.14158e+00 1.45e-02
1.14193e+00 1.46e-02
1.14212e+00 1.46e-02
1.14228e+00 1.55e-02
1.14266e+00 1.56e-02
1.14285e+00 1.56e-02
1.14301e+00 1.50e-02
1.14339e+00 1.51e-02
1.14355e+00 1.51e-02
1.14374e+00 1.47e-02
1.14413e+00 1.48e-02
1.14429e+00 1.49e-02
1.14448e+00 1.59e-02
1.14483e+00 1.72e-02
1.14502e+00 1.79e-02
1.14521e+00 1.55e-02
1.14556e+00 1.50e-02
1.14575e+00 1.52e-02
1.14610e+00 1.65e-02
1.14629e+00 1.71e-02
1.14648e+00 1.61e-02
1.14683e+00 1.54e-02
1.14702e+00 1.51e-02
1.14718e+00 1.46e-02
1.14756e+00 1.46e-02
1.14775e+00 1.46e-02
1.14791e+00 1.46e-02
1.14829e+00 1.47e-02
1.14845e+00 1.47e-02
1.14864e+00 1.54e-02
1.14899e+00 1.57e-02
1.14918e+00 1.58e-02
1.14937e+00 1.54e-02
1.14972e+00 1.54e-02
1.14991e+00 1.53e-02
1.15010e+00 1.69e-02
1.15045e+00 2.31e-02
1.15064e+00 2.62e-02
1.15079e+00 1.44e-02
1.15117e+00 1.44e-02
1.15133e+00 1.44e-02
1.15152e+00 1.43e-02
1.15187e+00 1.42e-02
1.15206e+00 1.42e-02
1.15244e+00 1.45e-02
1.15278e+00 1.47e-02
1.15297e+00 1.54e-02
1.15332e+00 1.48e-02
1.15351e+00 1.45e-02
1.15367e+00 1.55e-02
1.15405e+00 1.59e-02
1.15420e+00 1.42e-02
1.15458e+00 1.42e-02
1.15474e+00 1.42e-02
1.15493e+00 1.46e-02
1.15528e+00 1.57e-02
1.15547e+00 1.62e-02
1.15565e+00 1.44e-02
1.15600e+00 1.44e-02
1.15619e+00 1.45e-02
1.15638e+00 1.42e-02
1.15672e+00 1.43e-02
1.15691e+00 1.43e-02
1.15707e+00 1.42e-02
1.15745e+00 1.42e-02
1.15760e+00 1.42e-02
1.15779e+00 1.42e-02
1.15833e+00 1.42e-02
1.15852e+00 1.42e-02
1.15886e+00 1.42e-02
1.15905e+00 1.42e-02
1.15921e+00 1.41e-02
1.15974e+00 1.41e-02
1.15993e+00 1.42e-02
1.16027e+00 1.42e-02
1.16046e+00 1.42e-02
1.16065e+00 1.50e-02
1.16099e+00 1.52e-02
1.16118e+00 1.54e-02
1.16134e+00 1.51e-02
1.16171e+00 1.49e-02
1.16187e+00 1.48e-02
1.16206e+00 2.29e-02
1.16240e+00 1.74e-02
1.16259e+00 1.46e-02
1.16278e+00 1.38e-02
1.16312e+00 1.38e-02
1.16331e+00 1.37e-02
1.16346e+00 1.36e-02
1.16384e+00 1.37e-02
1.16399e+00 1.37e-02
1.16418e+00 1.46e-02
1.16452e+00 1.42e-02
1.16471e+00 1.38e-02
1.16506e+00 1.39e-02
1.16524e+00 1.39e-02
1.16540e+00 1.40e-02
1.16577e+00 1.40e-02
1.16593e+00 1.39e-02
1.16612e+00 1.38e-02
1.16664e+00 1.38e-02
1.16683e+00 1.42e-02
1.16717e+00 1.46e-02
1.16736e+00 1.48e-02
1.16752e+00 1.40e-02
1.16789e+00 1.39e-02
1.16805e+00 1.38e-02
1.16823e+00 1.43e-02
1.16857e+00 1.44e-02
1.16876e+00 1.45e-02
1.16892e+00 1.45e-02
1.16929e+00 1.46e-02
1.16944e+00 1.46e-02
1.16963e+00 1.39e-02
1.16997e+00 1.38e-02
1.17016e+00 1.38e-02
1.17034e+00 1.46e-02
1.17068e+00 1.46e-02
1.17087e+00 1.47e-02
1.17103e+00 1.42e-02
1.17140e+00 1.41e-02
1.17155e+00 1.41e-02
1.17174e+00 1.41e-02
1.17208e+00 1.42e-02
1.17227e+00 1.42e-02
1.17242e+00 1.42e-02
1.17279e+00 1.43e-02
1.17295e+00 1.44e-02
1.17313e+00 1.38e-02
1.17347e+00 1.38e-02
1.17366e+00 1.38e-02
1.17381e+00 1.59e-02
1.17418e+00 1.55e-02
1.17434e+00 1.53e-02
1.17452e+00 1.49e-02
1.17486e+00 1.55e-02
1.17505e+00 1.58e-02
1.17523e+00 1.42e-02
1.17557e+00 1.43e-02
1.17573e+00 1.44e-02
1.17591e+00 1.40e-02
1.17625e+00 1.41e-02
1.17644e+00 1.42e-02
1.17662e+00 1.40e-02
1.17715e+00 1.40e-02
1.17730e+00 1.55e-02
1.17764e+00 1.49e-02
1.17782e+00 1.46e-02
1.17801e+00 1.41e-02
1.17835e+00 1.42e-02
1.17853e+00 1.42e-02
1.17869e+00 1.48e-02
1.17902e+00 1.51e-02
1.17921e+00 1.40e-02
1.17955e+00 1.39e-02
1.17973e+00 1.39e-02
1.17992e+00 1.38e-02
1.18025e+00 1.38e-02
1.18041e+00 1.38e-02
1.18059e+00 1.47e-02
1.18093e+00 1.43e-02
1.18111e+00 1.41e-02
1.18130e+00 1.38e-02
1.18164e+00 1.38e-02
1.18179e+00 1.38e-02
1.18197e+00 2.30e-02
1.18231e+00 1.87e-02
1.18249e+00 1.65e-02
1.18268e+00 1.43e-02
1.18301e+00 1.74e-02
1.18317e+00 1.89e-02
1.18335e+00 1.37e-02
1.18369e+00 1.37e-02
1.18387e+00 1.37e-02
1.18406e+00 1.38e-02
1.18439e+00 1.38e-02
1.18455e+00 1.37e-02
1.18473e+00 1.37e-02
1.18525e+00 1.37e-02
1.18540e+00 1.39e-02
1.18577e+00 1.39e-02
1.18592e+00 1.39e-02
1.18626e+00 1.39e-02
1.18662e+00 1.39e-02
1.18678e+00 1.42e-02
1.18714e+00 1.40e-02
1.18729e+00 1.40e-02
1.18748e+00 1.53e-02
1.18781e+00 1.58e-02
1.18800e+00 1.60e-02
1.18815e+00 1.41e-02
1.18848e+00 1.41e-02
1.18867e+00 1.40e-02
1.18885e+00 1.43e-02
1.18918e+00 1.45e-02
1.18934e+00 1.45e-02
1.18952e+00 1.44e-02
1.18985e+00 1.44e-02
1.19004e+00 1.44e-02
1.19022e+00 3.16e-02
1.19055e+00 2.21e-02
1.19071e+00 1.74e-02
1.19089e+00 1.42e-02
1.19122e+00 1.41e-02
1.19140e+00 1.40e-02
1.19156e+00 1.38e-02
1.19207e+00 1.38e-02
1.19225e+00 1.42e-02
1.19259e+00 1.47e-02
1.19277e+00 1.50e-02
1.19292e+00 1.39e-02
1.19326e+00 1.38e-02
1.19344e+00 1.38e-02
1.19362e+00 1.45e-02
1.19395e+00 1.40e-02
1.19410e+00 1.38e-02
1.19429e+00 1.37e-02
1.19462e+00 1.37e-02
1.19480e+00 1.37e-02
1.19495e+00 1.37e-02
1.19547e+00 1.37e-02
1.19565e+00 1.39e-02
1.19616e+00 1.39e-02
1.19631e+00 1.39e-02
1.19683e+00 1.40e-02
1.19698e+00 1.39e-02
1.19734e+00 1.39e-02
1.19749e+00 1.39e-02
1.19767e+00 1.55e-02
1.19801e+00 1.49e-02
1.19819e+00 1.46e-02
1.19834e+00 1.58e-02
1.19867e+00 1.66e-02
1.19885e+00 1.71e-02
1.19903e+00 1.36e-02
1.19951e+00 1.37e-02
1.19969e+00 1.41e-02
1.20003e+00 1.39e-02
1.20021e+00 1.37e-02
1.20036e+00 1.36e-02
1.20087e+00 1.36e-02
1.20105e+00 1.36e-02
1.20288e+00 1.36e-02
1.20306e+00 1.36e-02
1.20339e+00 1.35e-02
1.20372e+00 1.35e-02
1.20405e+00 1.36e-02
1.20423e+00 1.37e-02
1.20438e+00 1.33e-02
1.20471e+00 1.33e-02
1.20489e+00 1.33e-02
1.20507e+00 1.34e-02
1.20540e+00 1.34e-02
1.20555e+00 1.34e-02
1.20573e+00 1.34e-02
1.20606e+00 1.35e-02
1.20624e+00 1.35e-02
1.20639e+00 1.35e-02
1.20690e+00 1.35e-02
1.20723e+00 1.36e-02
1.20756e+00 1.36e-02
1.20774e+00 1.36e-02
1.20806e+00 1.37e-02
1.20824e+00 1.37e-02
1.20839e+00 1.52e-02
1.20872e+00 1.56e-02
1.20890e+00 1.57e-02
1.20905e+00 1.45e-02
1.20941e+00 1.49e-02
1.20956e+00 1.51e-02
1.20974e+00 1.39e-02
1.21021e+00 1.39e-02
1.21039e+00 1.41e-02
1.21072e+00 1.41e-02
1.21090e+00 1.42e-02
1.21105e+00 1.40e-02
1.21155e+00 1.40e-02
1.21173e+00 1.40e-02
1.21221e+00 1.40e-02
1.21239e+00 1.40e-02
1.21271e+00 1.40e-02
1.21304e+00 1.40e-02
1.21337e+00 1.39e-02
1.21355e+00 1.39e-02
1.21370e+00 1.41e-02
1.21405e+00 1.42e-02
1.21420e+00 1.43e-02
1.21438e+00 1.39e-02
1.21471e+00 1.39e-02
1.21503e+00 1.38e-02
1.21536e+00 1.38e-02
1.21554e+00 1.38e-02
1.21568e+00 1.38e-02
1.21619e+00 1.38e-02
1.21651e+00 1.55e-02
1.21684e+00 1.73e-02
1.21702e+00 1.37e-02
1.21734e+00 1.37e-02
1.21749e+00 1.37e-02
1.21767e+00 1.36e-02
1.21799e+00 1.36e-02
1.21817e+00 1.36e-02
1.21832e+00 1.37e-02
1.21864e+00 1.37e-02
1.21882e+00 1.37e-02
1.21897e+00 1.35e-02
1.21932e+00 1.35e-02
1.21947e+00 1.35e-02
1.21965e+00 1.35e-02
1.21997e+00 1.35e-02
1.22012e+00 1.35e-02
1.22030e+00 1.34e-02
1.22062e+00 1.34e-02
1.22095e+00 1.34e-02
1.22210e+00 1.33e-02
1.22227e+00 1.43e-02
1.22260e+00 1.37e-02
1.22275e+00 1.34e-02
1.22292e+00 1.32e-02
1.22325e+00 1.32e-02
1.22339e+00 1.32e-02
1.22357e+00 1.32e-02
1.22407e+00 1.32e-02
1.22422e+00 1.35e-02
1.22454e+00 1.37e-02
1.22472e+00 1.37e-02
1.22486e+00 1.33e-02
1.22519e+00 1.33e-02
1.22536e+00 1.33e-02
1.22554e+00 1.33e-02
1.22586e+00 1.33e-02
1.22601e+00 1.33e-02
1.22618e+00 1.32e-02
1.22665e+00 1.32e-02
1.22698e+00 1.32e-02
1.22733e+00 1.32e-02
1.22747e+00 1.32e-02
1.22797e+00 1.32e-02
1.22812e+00 1.32e-02
1.22862e+00 1.32e-02
1.22876e+00 1.33e-02
1.22911e+00 1.37e-02
1.22926e+00 1.38e-02
1.22944e+00 1.31e-02
1.22976e+00 1.32e-02
1.22990e+00 1.32e-02
1.23008e+00 1.32e-02
1.23055e+00 1.32e-02
1.23072e+00 1.33e-02
1.23122e+00 1.33e-02
1.23136e+00 1.33e-02
1.23186e+00 1.33e-02
1.23201e+00 1.34e-02
1.23233e+00 1.34e-02
1.23250e+00 1.34e-02
1.23265e+00 1.51e-02
1.23300e+00 1.42e-02
1.23314e+00 1.38e-02
1.23332e+00 1.31e-02
1.23364e+00 1.31e-02
1.23396e+00 1.31e-02
1.23428e+00 1.31e-02
1.23442e+00 1.30e-02
1.23460e+00 1.37e-02
1.23492e+00 1.42e-02
1.23509e+00 1.44e-02
1.23524e+00 1.43e-02
1.23556e+00 1.37e-02
1.23573e+00 1.34e-02
1.23588e+00 1.45e-02
1.23620e+00 1.38e-02
1.23637e+00 1.34e-02
1.23652e+00 1.29e-02
1.23684e+00 1.29e-02
1.23719e+00 1.28e-02
1.23750e+00 1.28e-02
1.23765e+00 1.28e-02
1.23782e+00 1.28e-02
1.23814e+00 1.28e-02
1.23846e+00 1.28e-02
1.23861e+00 1.27e-02
1.23892e+00 1.27e-02
1.23910e+00 1.27e-02
1.23924e+00 1.27e-02
1.23959e+00 1.27e-02
1.23974e+00 1.27e-02
1.23991e+00 1.27e-02
1.24023e+00 1.27e-02
1.24037e+00 1.27e-02
1.24055e+00 1.28e-02
1.24086e+00 1.30e-02
1.24101e+00 1.31e-02
1.24118e+00 1.34e-02
1.24150e+00 1.46e-02
1.24164e+00 1.53e-02
1.24182e+00 1.27e-02
1.24214e+00 1.27e-02
1.24231e+00 1.27e-02
1.24245e+00 1.28e-02
1.24277e+00 1.28e-02
1.24294e+00 1.28e-02
1.24309e+00 1.31e-02
1.24341e+00 1.34e-02
1.24358e+00 1.36e-02
1.24372e+00 1.29e-02
1.24404e+00 1.29e-02
1.24421e+00 1.29e-02
1.24436e+00 1.28e-02
1.24485e+00 1.28e-02
1.24499e+00 1.28e-02
1.24548e+00 1.28e-02
1.24565e+00 1.29e-02
1.24597e+00 1.28e-02
1.24611e+00 1.28e-02
1.24628e+00 1.28e-02
1.24674e+00 1.28e-02
1.24692e+00 1.28e-02
1.24738e+00 1.28e-02
1.24755e+00 1.31e-02
1.24787e+00 1.34e-02
1.24801e+00 1.36e-02
1.24818e+00 1.26e-02
1.24850e+00 1.26e-02
1.24867e+00 1.26e-02
1.24881e+00 1.45e-02
1.24913e+00 1.45e-02
1.24930e+00 1.44e-02
1.24944e+00 1.25e-02
1.24976e+00 1.25e-02
1.24993e+00 1.24e-02
1.25025e+00 1.24e-02
1.25056e+00 1.24e-02
1.25070e+00 1.29e-02
1.25102e+00 1.42e-02
1.25119e+00 1.49e-02
1.25133e+00 1.25e-02
1.25182e+00 1.25e-02
1.25196e+00 1.24e-02
1.25228e+00 1.24e-02
1.25245e+00 1.24e-02
1.25262e+00 1.25e-02
1.25308e+00 1.25e-02
1.25325e+00 1.24e-02
1.25419e+00 1.24e-02
1.25433e+00 1.24e-02
1.25450e+00 1.24e-02
1.25496e+00 1.24e-02
1.25576e+00 1.24e-02
1.25590e+00 1.40e-02
1.25621e+00 1.40e-02
1.25638e+00 1.39e-02
1.25653e+00 1.48e-02
1.25684e+00 1.46e-02
1.25701e+00 1.45e-02
1.25715e+00 1.38e-02
1.25749e+00 1.38e-02
1.25764e+00 1.37e-02
1.25781e+00 1.43e-02
1.25812e+00 1.38e-02
1.25826e+00 1.35e-02
1.25843e+00 1.35e-02
1.25875e+00 1.35e-02
1.25889e+00 1.35e-02
1.25906e+00 1.54e-02
1.25937e+00 1.56e-02
1.25951e+00 1.58e-02
1.25968e+00 1.38e-02
1.25999e+00 1.35e-02
1.26014e+00 1.33e-02
1.26031e+00 1.31e-02
1.26062e+00 1.31e-02
1.26076e+00 1.30e-02
1.26093e+00 1.43e-02
1.26124e+00 1.42e-02
1.26138e+00 1.42e-02
1.26155e+00 1.30e-02
1.26186e+00 1.30e-02
1.26201e+00 1.30e-02
1.26218e+00 1.29e-02
1.26249e+00 1.29e-02
1.26263e+00 1.29e-02
1.26280e+00 1.84e-02
1.26311e+00 1.70e-02
1.26325e+00 1.63e-02
1.26342e+00 1.28e-02
1.26373e+00 1.28e-02
1.26387e+00 1.28e-02
1.26404e+00 1.27e-02
1.26449e+00 1.27e-02
1.26466e+00 1.27e-02
1.26514e+00 1.27e-02
1.26528e+00 1.27e-02
1.26559e+00 1.27e-02
1.26576e+00 1.27e-02
1.26590e+00 1.26e-02
1.26621e+00 1.26e-02
1.26652e+00 1.26e-02
1.26683e+00 1.25e-02
1.26700e+00 1.25e-02
1.26714e+00 1.26e-02
1.26762e+00 1.26e-02
1.26776e+00 1.25e-02
1.26838e+00 1.24e-02
1.26855e+00 1.26e-02
1.26886e+00 1.25e-02
1.26917e+00 1.25e-02
1.26948e+00 1.25e-02
1.26979e+00 1.25e-02
1.27010e+00 1.25e-02
1.27041e+00 1.25e-02
1.27072e+00 1.24e-02
1.27086e+00 1.24e-02
1.27102e+00 1.24e-02
1.27147e+00 1.24e-02
1.27164e+00 1.24e-02
1.27209e+00 1.24e-02
1.27226e+00 1.24e-02
1.27271e+00 1.23e-02
1.27287e+00 1.24e-02
1.27332e+00 1.24e-02
1.27349e+00 1.23e-02
1.27394e+00 1.23e-02
1.27411e+00 1.23e-02
1.27455e+00 1.22e-02
1.27472e+00 1.22e-02
1.27533e+00 1.22e-02
1.27564e+00 1.22e-02
1.27578e+00 1.22e-02
1.27595e+00 1.22e-02
1.27762e+00 1.22e-02
1.27779e+00 1.21e-02
1.27824e+00 1.21e-02
1.27840e+00 1.21e-02
1.27871e+00 1.21e-02
1.27885e+00 1.21e-02
1.27902e+00 1.21e-02
1.28007e+00 1.21e-02
1.28024e+00 1.21e-02
1.28038e+00 1.21e-02
1.28068e+00 1.21e-02
1.28085e+00 1.21e-02
1.28099e+00 1.20e-02
1.28160e+00 1.20e-02
1.28191e+00 1.20e-02
1.28207e+00 1.20e-02
1.28221e+00 1.20e-02
1.28268e+00 1.20e-02
1.28282e+00 1.20e-02
1.28329e+00 1.20e-02
1.28512e+00 1.19e-02
1.28526e+00 1.19e-02
1.28573e+00 1.19e-02
1.28587e+00 1.19e-02
1.28678e+00 1.19e-02
1.28739e+00 1.18e-02
1.28769e+00 1.18e-02
1.28799e+00 1.18e-02
1.28830e+00 1.18e-02
1.28860e+00 1.18e-02
1.28890e+00 1.18e-02
1.28921e+00 1.18e-02
1.28934e+00 1.18e-02
1.28951e+00 1.18e-02
1.28995e+00 1.18e-02
1.29011e+00 1.17e-02
1.29042e+00 1.17e-02
1.29072e+00 1.17e-02
1.29102e+00 1.17e-02
1.29132e+00 1.17e-02
1.29163e+00 1.17e-02
1.29327e+00 1.16e-02
1.29508e+00 1.16e-02
1.29538e+00 1.15e-02
1.29569e+00 1.15e-02
1.29599e+00 1.15e-02
1.29629e+00 1.14e-02
1.29659e+00 1.14e-02
1.29673e+00 1.14e-02
1.29689e+00 1.14e-02
1.29973e+00 1.13e-02
1.30481e+00 1.13e-02
1.30511e+00 1.13e-02
1.30541e+00 1.12e-02
1.30571e+00 1.12e-02
1.30601e+00 1.12e-02
1.30630e+00 1.12e-02
1.30868e+00 1.11e-02
1.30898e+00 1.10e-02
1.30925e+00 1.10e-02
1.30955e+00 1.10e-02
1.30985e+00 1.10e-02
1.31014e+00 1.10e-02
1.31149e+00 1.09e-02
1.31281e+00 1.09e-02
1.31474e+00 1.09e-02
1.31783e+00 1.09e-02
1.31842e+00 1.08e-02
1.31871e+00 1.08e-02
1.31901e+00 1.08e-02
1.31930e+00 1.08e-02
1.31959e+00 1.08e-02
1.31989e+00 1.08e-02
1.32018e+00 1.08e-02
1.32048e+00 1.07e-02
1.32077e+00 1.07e-02
1.32106e+00 1.07e-02
1.32266e+00 1.06e-02
1.32354e+00 1.06e-02
1.32383e+00 1.06e-02
1.32413e+00 1.07e-02
1.32442e+00 1.07e-02
1.32471e+00 1.07e-02
1.32500e+00 1.07e-02
1.32530e+00 1.07e-02
1.32559e+00 1.07e-02
1.32588e+00 1.07e-02
1.32617e+00 1.08e-02
1.32689e+00 1.08e-02
1.32718e+00 1.07e-02
1.32734e+00 1.07e-02
1.32747e+00 1.12e-02
1.32776e+00 1.11e-02
1.32806e+00 1.10e-02
1.32835e+00 1.11e-02
1.32864e+00 1.11e-02
1.32893e+00 1.10e-02
1.32922e+00 1.09e-02
1.32951e+00 1.08e-02
1.32980e+00 1.06e-02
1.33009e+00 1.05e-02
1.33039e+00 1.04e-02
1.33052e+00 1.04e-02
1.33371e+00 1.03e-02
1.33400e+00 1.03e-02
1.33429e+00 1.03e-02
1.33458e+00 1.03e-02
1.33487e+00 1.03e-02
1.33516e+00 1.03e-02
1.33545e+00 1.03e-02
1.33574e+00 1.03e-02
1.33603e+00 1.02e-02
1.33632e+00 1.02e-02
1.34049e+00 1.01e-02
1.34164e+00 1.01e-02
1.34807e+00 9.88e-03
1.35648e+00 9.66e-03
1.35887e+00 9.61e-03
1.36100e+00 9.58e-03
1.36269e+00 9.59e-03
1.36397e+00 9.62e-03
1.36410e+00 9.61e-03
1.36438e+00 9.54e-03
1.36466e+00 9.48e-03
1.36494e+00 9.41e-03
1.36522e+00 9.35e-03
1.36550e+00 9.28e-03
1.36566e+00 9.25e-03
1.36579e+00 9.23e-03
1.36790e+00 9.24e-03
1.37042e+00 9.20e-03
1.37518e+00 9.10e-03
1.38919e+00 8.78e-03
1.39195e+00 8.72e-03
1.39223e+00 8.71e-03
1.39250e+00 8.70e-03
1.39731e+00 8.59e-03
1.39882e+00 8.60e-03
1.39909e+00 8.58e-03
1.39936e+00 8.56e-03
1.39963e+00 8.54e-03
1.39990e+00 8.52e-03
1.40017e+00 8.50e-03
1.40044e+00 8.49e-03
1.40059e+00 8.49e-03
1.40428e+00 8.47e-03
1.40455e+00 8.44e-03
1.40482e+00 8.41e-03
1.40509e+00 8.37e-03
1.40536e+00 8.34e-03
1.40563e+00 8.30e-03
1.40590e+00 8.28e-03
1.40605e+00 8.27e-03
1.40754e+00 8.29e-03
1.43038e+00 7.81e-03
1.43986e+00 7.63e-03
1.44147e+00 7.61e-03
1.44173e+00 7.60e-03
1.44199e+00 7.59e-03
1.44225e+00 7.57e-03
1.44253e+00 7.56e-03
1.44293e+00 7.55e-03
1.44506e+00 7.51e-03
1.44772e+00 7.46e-03
1.44798e+00 7.45e-03
1.44824e+00 7.44e-03
1.44849e+00 7.43e-03
1.44878e+00 7.42e-03
1.44903e+00 7.41e-03
1.44929e+00 7.40e-03
1.44957e+00 7.39e-03
1.45023e+00 7.38e-03
1.45115e+00 7.39e-03
1.45129e+00 7.39e-03
1.45143e+00 7.38e-03
1.45168e+00 7.34e-03
1.45182e+00 7.32e-03
1.45194e+00 7.32e-03
1.45222e+00 7.33e-03
1.45234e+00 7.33e-03
1.45472e+00 7.31e-03
1.45724e+00 7.25e-03
1.46054e+00 7.20e-03
1.46066e+00 7.21e-03
1.46094e+00 7.20e-03
1.46119e+00 7.19e-03
1.46224e+00 7.16e-03
1.46251e+00 7.17e-03
1.46277e+00 7.18e-03
1.46305e+00 7.16e-03
1.46330e+00 7.15e-03
1.46344e+00 7.14e-03
1.46474e+00 7.12e-03
1.46501e+00 7.11e-03
1.46527e+00 7.10e-03
1.47380e+00 6.96e-03
1.47538e+00 6.97e-03
1.47550e+00 6.97e-03
1.47563e+00 6.96e-03
1.47588e+00 6.89e-03
1.47602e+00 6.86e-03
1.47616e+00 6.83e-03
1.47641e+00 6.78e-03
1.47655e+00 6.76e-03
1.47668e+00 6.75e-03
1.47693e+00 6.78e-03
1.47707e+00 6.79e-03
1.47721e+00 6.80e-03
1.47785e+00 6.81e-03
1.47969e+00 6.80e-03
1.47994e+00 6.82e-03
1.48019e+00 6.83e-03
1.48033e+00 6.83e-03
1.48124e+00 6.82e-03
1.48165e+00 6.83e-03
1.48176e+00 6.84e-03
1.48204e+00 6.87e-03
1.48217e+00 6.89e-03
1.48229e+00 6.83e-03
1.48256e+00 6.62e-03
1.48269e+00 6.52e-03
1.48281e+00 6.54e-03
1.48308e+00 6.62e-03
1.48322e+00 6.66e-03
1.48347e+00 6.68e-03
1.48372e+00 6.69e-03
1.48385e+00 6.69e-03
1.48829e+00 6.64e-03
1.49011e+00 6.61e-03
1.49245e+00 6.57e-03
1.49308e+00 6.55e-03
1.49517e+00 6.52e-03
1.49531e+00 6.50e-03
1.49712e+00 6.49e-03
1.50060e+00 6.44e-03
1.50074e+00 6.43e-03
1.50087e+00 6.48e-03
1.50114e+00 6.60e-03
1.50125e+00 6.65e-03
1.50138e+00 6.60e-03
1.50165e+00 6.47e-03
1.50179e+00 6.40e-03
1.50321e+00 6.39e-03
1.50332e+00 6.39e-03
1.50359e+00 6.38e-03
1.50372e+00 6.38e-03
1.50734e+00 6.33e-03
1.51057e+00 6.29e-03
1.51070e+00 6.29e-03
1.51094e+00 6.26e-03
1.51108e+00 6.24e-03
1.51121e+00 6.26e-03
1.51405e+00 6.26e-03
1.51418e+00 6.23e-03
1.51442e+00 6.13e-03
1.51456e+00 6.09e-03
1.51469e+00 6.08e-03
1.51495e+00 6.11e-03
1.51508e+00 6.12e-03
1.51546e+00 6.13e-03
1.51675e+00 6.13e-03
1.51894e+00 6.11e-03
1.51908e+00 6.12e-03
1.51934e+00 6.10e-03
1.51945e+00 6.09e-03
1.52152e+00 6.07e-03
1.52176e+00 6.06e-03
1.52190e+00 6.05e-03
1.52281e+00 6.05e-03
1.52292e+00 6.06e-03
1.52318e+00 6.08e-03
1.52331e+00 6.09e-03
1.52344e+00 6.01e-03
1.52408e+00 6.01e-03
1.52434e+00 6.01e-03
1.52447e+00 6.03e-03
1.52473e+00 6.01e-03
1.52486e+00 6.01e-03
1.52525e+00 6.01e-03
1.52538e+00 6.01e-03
1.52562e+00 5.99e-03
1.52575e+00 5.98e-03
1.52588e+00 5.99e-03
1.52690e+00 5.98e-03
1.52716e+00 5.98e-03
1.52729e+00 5.98e-03
1.52870e+00 5.97e-03
1.52884e+00 5.96e-03
1.52910e+00 5.96e-03
1.52923e+00 5.93e-03
1.53011e+00 5.94e-03
1.53063e+00 5.94e-03
1.53076e+00 5.93e-03
1.53102e+00 5.82e-03
1.53128e+00 5.83e-03
1.53154e+00 5.85e-03
1.53167e+00 5.86e-03
1.53191e+00 5.85e-03
1.53204e+00 5.84e-03
1.53217e+00 5.87e-03
1.53359e+00 5.87e-03
1.53385e+00 5.86e-03
1.53396e+00 5.85e-03
1.53487e+00 5.84e-03
1.53499e+00 5.86e-03
1.53525e+00 5.82e-03
1.53538e+00 5.81e-03
1.53551e+00 5.79e-03
1.53577e+00 5.80e-03
1.53590e+00 5.81e-03
1.53652e+00 5.80e-03
1.53691e+00 5.80e-03
1.53717e+00 5.78e-03
1.53730e+00 5.77e-03
1.53743e+00 5.82e-03
1.53781e+00 5.81e-03
1.53794e+00 5.79e-03
1.53820e+00 5.71e-03
1.53833e+00 5.67e-03
1.53846e+00 5.67e-03
1.53871e+00 5.69e-03
1.53884e+00 5.73e-03
1.53910e+00 5.75e-03
1.53923e+00 5.76e-03
1.53936e+00 5.77e-03
1.53962e+00 5.77e-03
1.53987e+00 5.78e-03
1.54013e+00 5.79e-03
1.54024e+00 5.79e-03
1.54037e+00 5.82e-03
1.54062e+00 5.68e-03
1.54075e+00 5.70e-03
1.54101e+00 5.67e-03
1.54114e+00 5.66e-03
1.54127e+00 5.70e-03
1.54306e+00 5.70e-03
1.54319e+00 5.69e-03
1.54498e+00 5.69e-03
1.54511e+00 5.69e-03
1.54550e+00 5.70e-03
1.54562e+00 5.65e-03
1.54588e+00 5.66e-03
1.54601e+00 5.65e-03
1.55022e+00 5.61e-03
1.55047e+00 5.62e-03
1.55060e+00 5.62e-03
1.55073e+00 5.61e-03
1.55164e+00 5.60e-03
1.55177e+00 5.59e-03
1.55215e+00 5.59e-03
1.55240e+00 5.52e-03
1.55253e+00 5.49e-03
1.55266e+00 5.47e-03
1.55291e+00 5.49e-03
1.55304e+00 5.50e-03
1.55316e+00 5.47e-03
1.55342e+00 5.49e-03
1.55354e+00 5.50e-03
1.55380e+00 5.51e-03
1.55393e+00 5.52e-03
1.55405e+00 5.52e-03
1.55431e+00 5.47e-03
1.55443e+00 5.45e-03
1.55456e+00 5.33e-03
1.55483e+00 5.42e-03
1.55496e+00 5.46e-03
1.55509e+00 5.49e-03
1.55585e+00 5.48e-03
1.55597e+00 5.47e-03
1.55686e+00 5.47e-03
1.55726e+00 5.47e-03
1.55739e+00 5.48e-03
1.55764e+00 5.47e-03
1.55814e+00 5.46e-03
1.55827e+00 5.47e-03
1.55865e+00 5.46e-03
1.55903e+00 5.46e-03
1.55955e+00 5.46e-03
1.55968e+00 5.40e-03
1.55993e+00 5.36e-03
1.56006e+00 5.35e-03
1.56018e+00 5.42e-03
1.56096e+00 5.43e-03
1.56109e+00 5.42e-03
1.56197e+00 5.42e-03
1.56209e+00 5.39e-03
1.56235e+00 5.39e-03
1.56249e+00 5.40e-03
1.56337e+00 5.39e-03
1.56350e+00 5.38e-03
1.56427e+00 5.37e-03
1.56440e+00 5.36e-03
1.56567e+00 5.36e-03
1.56580e+00 5.33e-03
1.56605e+00 5.34e-03
1.56618e+00 5.35e-03
1.56630e+00 5.30e-03
1.56657e+00 5.31e-03
1.56670e+00 5.33e-03
1.56797e+00 5.33e-03
1.56809e+00 5.39e-03
1.56835e+00 5.46e-03
1.56847e+00 5.50e-03
1.56862e+00 5.56e-03
1.56887e+00 5.39e-03
1.56899e+00 5.31e-03
1.56912e+00 5.34e-03
1.56937e+00 5.34e-03
1.56949e+00 5.35e-03
1.56976e+00 5.40e-03
1.56989e+00 5.43e-03
1.57001e+00 5.25e-03
1.57026e+00 5.27e-03
1.57039e+00 5.28e-03
1.57051e+00 5.05e-03
1.57078e+00 5.18e-03
1.57090e+00 5.24e-03
1.57115e+00 5.26e-03
1.57128e+00 5.26e-03
1.57217e+00 5.28e-03
1.57230e+00 5.36e-03
1.57257e+00 5.17e-03
1.57269e+00 5.08e-03
1.57282e+00 5.24e-03
1.57319e+00 5.24e-03
1.57346e+00 5.25e-03
1.57358e+00 5.26e-03
1.57371e+00 5.21e-03
1.57536e+00 5.21e-03
1.57561e+00 5.20e-03
1.57588e+00 5.19e-03
1.57601e+00 5.19e-03
1.57625e+00 5.20e-03
1.57650e+00 5.20e-03
1.57727e+00 5.21e-03
1.57741e+00 5.18e-03
1.57791e+00 5.19e-03
1.57817e+00 5.18e-03
1.57830e+00 5.16e-03
1.57855e+00 5.18e-03
1.57867e+00 5.18e-03
1.57881e+00 5.17e-03
1.57906e+00 5.19e-03
1.57918e+00 5.16e-03
1.58007e+00 5.15e-03
1.58034e+00 5.14e-03
1.58059e+00 5.12e-03
1.58085e+00 5.11e-03
1.58098e+00 5.10e-03
1.58110e+00 5.10e-03
1.58135e+00 5.11e-03
1.58161e+00 5.12e-03
1.58186e+00 5.13e-03
1.58237e+00 5.14e-03
1.58250e+00 5.12e-03
1.58277e+00 5.13e-03
1.58289e+00 5.12e-03
1.58314e+00 5.13e-03
1.58326e+00 5.14e-03
1.58340e+00 5.12e-03
1.58365e+00 5.13e-03
1.58377e+00 5.01e-03
1.58404e+00 5.04e-03
1.58416e+00 5.05e-03
1.58428e+00 5.10e-03
1.58453e+00 5.09e-03
1.58467e+00 5.09e-03
1.58480e+00 5.08e-03
1.58785e+00 5.05e-03
1.58799e+00 5.06e-03
1.58823e+00 5.07e-03
1.58836e+00 5.01e-03
1.58862e+00 5.03e-03
1.58875e+00 5.03e-03
1.58887e+00 5.03e-03
1.58913e+00 5.03e-03
1.58926e+00 5.03e-03
1.59001e+00 5.03e-03
1.59015e+00 5.00e-03
1.59052e+00 5.01e-03
1.59091e+00 5.01e-03
1.59103e+00 5.01e-03
1.59117e+00 5.02e-03
1.59142e+00 4.95e-03
1.59154e+00 4.99e-03
1.59193e+00 5.00e-03
1.59207e+00 4.99e-03
1.59371e+00 4.98e-03
1.59384e+00 4.97e-03
1.59473e+00 4.97e-03
1.59499e+00 4.96e-03
1.59512e+00 4.96e-03
1.59524e+00 4.92e-03
1.59550e+00 4.89e-03
1.59562e+00 4.87e-03
1.59589e+00 4.91e-03
1.59601e+00 4.93e-03
1.59613e+00 4.95e-03
1.59639e+00 4.94e-03
1.59651e+00 4.88e-03
1.59678e+00 4.73e-03
1.59690e+00 4.66e-03
1.59702e+00 4.88e-03
1.59728e+00 4.89e-03
1.59741e+00 4.90e-03
1.59767e+00 4.89e-03
1.59779e+00 4.89e-03
1.59817e+00 4.89e-03
1.59830e+00 4.87e-03
1.59856e+00 4.89e-03
1.59868e+00 4.89e-03
1.59919e+00 4.90e-03
1.59945e+00 4.91e-03
1.59957e+00 4.92e-03
1.59971e+00 4.87e-03
1.59995e+00 4.88e-03
1.60009e+00 4.88e-03
1.60022e+00 4.88e-03
1.60048e+00 4.90e-03
1.60060e+00 4.76e-03
1.60086e+00 4.79e-03
1.60098e+00 4.80e-03
1.60110e+00 4.84e-03
1.60137e+00 4.85e-03
1.60149e+00 4.84e-03
1.60175e+00 4.85e-03
1.60187e+00 4.86e-03
1.60199e+00 4.84e-03
1.60225e+00 4.84e-03
1.60251e+00 4.86e-03
1.60276e+00 4.87e-03
1.60290e+00 4.83e-03
1.60328e+00 4.83e-03
1.60352e+00 4.85e-03
1.60366e+00 4.86e-03
1.60378e+00 4.82e-03
1.60493e+00 4.82e-03
1.60507e+00 4.81e-03
1.60531e+00 4.81e-03
1.60545e+00 4.81e-03
1.60557e+00 4.80e-03
1.60710e+00 4.81e-03
1.60724e+00 4.81e-03
1.60736e+00 4.79e-03
1.60762e+00 4.80e-03
1.60774e+00 4.75e-03
1.60800e+00 4.77e-03
1.60826e+00 4.77e-03
1.60850e+00 4.78e-03
1.60864e+00 4.77e-03
1.60952e+00 4.77e-03
1.60978e+00 4.73e-03
1.60990e+00 4.71e-03
1.61004e+00 4.71e-03
1.61030e+00 4.73e-03
1.61042e+00 4.73e-03
1.61068e+00 4.74e-03
1.61080e+00 4.74e-03
1.61094e+00 4.71e-03
1.61156e+00 4.72e-03
1.61170e+00 4.72e-03
1.61182e+00 4.72e-03
1.61207e+00 4.72e-03
1.61219e+00 4.71e-03
1.61245e+00 4.72e-03
1.61259e+00 4.73e-03
1.61271e+00 4.71e-03
1.61297e+00 4.72e-03
1.61309e+00 4.69e-03
1.61335e+00 4.70e-03
1.61347e+00 4.71e-03
1.61361e+00 4.71e-03
1.61387e+00 4.70e-03
1.61399e+00 4.68e-03
1.61425e+00 4.69e-03
1.61451e+00 4.70e-03
1.61476e+00 4.70e-03
1.61488e+00 4.69e-03
1.61526e+00 4.69e-03
1.61540e+00 4.68e-03
1.61655e+00 4.68e-03
1.61667e+00 4.69e-03
1.61693e+00 4.67e-03
1.61705e+00 4.66e-03
1.61719e+00 4.66e-03
1.61745e+00 4.67e-03
1.61756e+00 4.64e-03
1.61782e+00 4.64e-03
1.61794e+00 4.65e-03
1.61808e+00 4.65e-03
1.61834e+00 4.66e-03
1.61846e+00 4.63e-03
1.61871e+00 4.64e-03
1.61883e+00 4.65e-03
1.61923e+00 4.65e-03
1.61935e+00 4.62e-03
1.61961e+00 4.63e-03
1.61974e+00 4.62e-03
1.62050e+00 4.62e-03
1.62063e+00 4.61e-03
1.62089e+00 4.62e-03
1.62101e+00 4.62e-03
1.62115e+00 4.61e-03
1.62141e+00 4.61e-03
1.62152e+00 4.59e-03
1.62178e+00 4.60e-03
1.62190e+00 4.60e-03
1.62204e+00 4.60e-03
1.62318e+00 4.60e-03
1.62344e+00 4.62e-03
1.62358e+00 4.64e-03
1.62370e+00 4.58e-03
1.62395e+00 4.59e-03
1.62409e+00 4.59e-03
1.62421e+00 4.57e-03
1.62446e+00 4.58e-03
1.62498e+00 4.60e-03
1.62509e+00 4.57e-03
1.62535e+00 4.58e-03
1.62549e+00 4.57e-03
1.62574e+00 4.61e-03
1.62586e+00 4.63e-03
1.62600e+00 4.54e-03
1.62626e+00 4.54e-03
1.62637e+00 4.53e-03
1.62714e+00 4.54e-03
1.62728e+00 4.51e-03
1.62753e+00 4.53e-03
1.62765e+00 4.53e-03
1.62804e+00 4.54e-03
1.62818e+00 4.53e-03
1.62844e+00 4.54e-03
1.62855e+00 4.56e-03
1.62881e+00 4.51e-03
1.62895e+00 4.49e-03
1.62906e+00 4.52e-03
1.62932e+00 4.52e-03
1.62946e+00 4.52e-03
1.62971e+00 4.52e-03
1.62983e+00 4.50e-03
1.63008e+00 4.48e-03
1.63022e+00 4.47e-03
1.63034e+00 4.50e-03
1.63061e+00 4.50e-03
1.63073e+00 4.49e-03
1.63202e+00 4.49e-03
1.63228e+00 4.48e-03
1.63239e+00 4.48e-03
1.63380e+00 4.46e-03
1.63598e+00 4.45e-03
1.63624e+00 4.46e-03
1.63637e+00 4.44e-03
1.63674e+00 4.44e-03
1.63688e+00 4.44e-03
1.63713e+00 4.44e-03
1.63727e+00 4.43e-03
1.63766e+00 4.44e-03
1.63777e+00 4.42e-03
1.63803e+00 4.42e-03
1.63816e+00 4.40e-03
1.63841e+00 4.41e-03
1.63855e+00 4.30e-03
1.63880e+00 4.34e-03
1.63894e+00 4.36e-03
1.63905e+00 4.40e-03
1.63931e+00 4.40e-03
1.63944e+00 4.39e-03
1.63970e+00 4.36e-03
1.63983e+00 4.34e-03
1.64008e+00 4.37e-03
1.64022e+00 4.38e-03
1.64034e+00 4.38e-03
1.64111e+00 4.38e-03
1.64125e+00 4.37e-03
1.64150e+00 4.37e-03
1.64161e+00 4.36e-03
1.64189e+00 4.36e-03
1.64200e+00 4.37e-03
1.64227e+00 4.36e-03
1.64239e+00 4.36e-03
1.64252e+00 4.34e-03
1.64380e+00 4.34e-03
1.64405e+00 4.35e-03
1.64419e+00 4.34e-03
1.64457e+00 4.33e-03
1.64535e+00 4.34e-03
1.64548e+00 4.30e-03
1.64573e+00 4.31e-03
1.64587e+00 4.31e-03
1.64598e+00 4.31e-03
1.64625e+00 4.31e-03
1.64637e+00 4.31e-03
1.64843e+00 4.30e-03
1.64856e+00 4.29e-03
1.64895e+00 4.29e-03
1.65075e+00 4.27e-03
1.65100e+00 4.27e-03
1.65114e+00 4.26e-03
1.65139e+00 4.25e-03
1.65152e+00 4.26e-03
1.65267e+00 4.26e-03
1.65280e+00 4.22e-03
1.65395e+00 4.23e-03
1.65409e+00 4.23e-03
1.65525e+00 4.23e-03
1.65539e+00 4.23e-03
1.65563e+00 4.21e-03
1.65577e+00 4.20e-03
1.65602e+00 4.20e-03
1.65615e+00 4.19e-03
1.65693e+00 4.19e-03
1.65705e+00 4.18e-03
1.65859e+00 4.18e-03
1.65872e+00 4.19e-03
1.65899e+00 4.26e-03
1.65912e+00 4.18e-03
1.65950e+00 4.18e-03
1.65964e+00 4.21e-03
1.65988e+00 4.16e-03
1.66002e+00 4.15e-03
1.66028e+00 4.16e-03
1.66040e+00 4.16e-03
1.66118e+00 4.15e-03
1.66131e+00 4.14e-03
1.66157e+00 4.13e-03
1.66169e+00 4.14e-03
1.66453e+00 4.12e-03
1.66466e+00 4.09e-03
1.66493e+00 4.10e-03
1.66506e+00 4.11e-03
1.66584e+00 4.11e-03
1.66595e+00 4.09e-03
1.66661e+00 4.09e-03
1.66673e+00 4.10e-03
1.66699e+00 4.09e-03
1.66712e+00 4.09e-03
1.66829e+00 4.09e-03
1.66842e+00 4.06e-03
1.66867e+00 4.07e-03
1.66880e+00 4.08e-03
1.66893e+00 4.06e-03
1.66957e+00 4.05e-03
1.66970e+00 4.06e-03
1.67050e+00 4.06e-03
1.67061e+00 4.05e-03
1.67087e+00 4.04e-03
1.67100e+00 4.04e-03
1.67127e+00 3.96e-03
1.67140e+00 4.02e-03
1.67166e+00 4.03e-03
1.67177e+00 4.04e-03
1.67296e+00 4.04e-03
1.67307e+00 4.01e-03
1.67710e+00 3.98e-03
1.67749e+00 3.98e-03
1.67762e+00 3.95e-03
1.67788e+00 3.96e-03
1.67801e+00 3.97e-03
1.67906e+00 3.96e-03
1.67982e+00 3.96e-03
1.68008e+00 3.95e-03
1.68021e+00 3.96e-03
1.68139e+00 3.95e-03
1.68165e+00 3.94e-03
1.68178e+00 3.92e-03
1.68204e+00 3.93e-03
1.68217e+00 3.93e-03
1.68256e+00 3.93e-03
1.68269e+00 3.93e-03
1.68295e+00 3.88e-03
1.68308e+00 3.91e-03
1.68425e+00 3.91e-03
1.68438e+00 3.90e-03
1.68464e+00 3.90e-03
1.68490e+00 3.89e-03
1.68503e+00 3.88e-03
1.68516e+00 3.89e-03
1.68621e+00 3.88e-03
1.68634e+00 3.87e-03
1.68660e+00 3.88e-03
1.68673e+00 3.88e-03
1.68725e+00 3.87e-03
1.68751e+00 3.87e-03
1.68764e+00 3.87e-03
1.68973e+00 3.85e-03
1.69011e+00 3.84e-03
1.69039e+00 3.85e-03
1.69052e+00 3.85e-03
1.69117e+00 3.84e-03
1.69129e+00 3.83e-03
1.69286e+00 3.82e-03
1.69301e+00 3.81e-03
1.69326e+00 3.81e-03
1.69339e+00 3.81e-03
1.69444e+00 3.81e-03
1.69457e+00 3.80e-03
1.69536e+00 3.79e-03
1.69549e+00 3.78e-03
1.69615e+00 3.79e-03
1.69653e+00 3.78e-03
1.69666e+00 3.77e-03
1.69694e+00 3.76e-03
1.69706e+00 3.77e-03
1.69732e+00 3.77e-03
1.69745e+00 3.76e-03
1.69836e+00 3.76e-03
1.69864e+00 3.76e-03
1.69877e+00 3.75e-03
1.69955e+00 3.75e-03
1.70140e+00 3.74e-03
1.70152e+00 3.71e-03
1.70178e+00 3.72e-03
1.70191e+00 3.73e-03
1.70218e+00 3.72e-03
1.70244e+00 3.72e-03
1.70271e+00 3.71e-03
1.70284e+00 3.72e-03
1.70428e+00 3.70e-03
1.70442e+00 3.71e-03
1.70626e+00 3.69e-03
1.70638e+00 3.68e-03
1.70771e+00 3.67e-03
1.71207e+00 3.63e-03
1.71234e+00 3.62e-03
1.71246e+00 3.63e-03
1.71273e+00 3.62e-03
1.71353e+00 3.61e-03
1.71365e+00 3.62e-03
1.71775e+00 3.57e-03
1.71922e+00 3.56e-03
1.71935e+00 3.56e-03
1.72121e+00 3.54e-03
1.72521e+00 3.50e-03
1.72747e+00 3.48e-03
1.72761e+00 3.48e-03
1.73029e+00 3.45e-03
1.73042e+00 3.46e-03
1.73229e+00 3.44e-03
1.73243e+00 3.44e-03
1.73270e+00 3.44e-03
1.73404e+00 3.42e-03
1.73498e+00 3.41e-03
1.73510e+00 3.41e-03
1.73579e+00 3.40e-03
1.73591e+00 3.41e-03
1.73618e+00 3.40e-03
1.73646e+00 3.40e-03
1.73658e+00 3.40e-03
1.73672e+00 3.40e-03
1.73699e+00 3.40e-03
1.73725e+00 3.39e-03
1.73739e+00 3.39e-03
1.73753e+00 3.39e-03
1.73780e+00 3.39e-03
1.73806e+00 3.38e-03
1.73887e+00 3.38e-03
1.73901e+00 3.37e-03
1.73915e+00 3.38e-03
1.75554e+00 3.23e-03
1.79797e+00 2.89e-03
1.84274e+00 2.55e-03
1.85317e+00 2.48e-03
1.87216e+00 2.35e-03
1.90576e+00 2.15e-03
1.94322e+00 1.95e-03
1.96296e+00 1.85e-03
1.99274e+00 1.72e-03
1.99313e+00 1.71e-03
1.99354e+00 1.71e-03
1.99394e+00 1.71e-03
1.99433e+00 1.71e-03
1.99473e+00 1.71e-03
1.99512e+00 1.71e-03
1.99552e+00 1.70e-03
1.99592e+00 1.70e-03
1.99632e+00 1.70e-03
1.99671e+00 1.70e-03
1.99712e+00 1.70e-03
1.99751e+00 1.70e-03
1.99792e+00 1.69e-03
1.99831e+00 1.69e-03
1.99872e+00 1.69e-03
1.99911e+00 1.69e-03
1.99952e+00 1.69e-03
1.99992e+00 1.68e-03
2.00032e+00 1.68e-03
2.00072e+00 1.68e-03
2.00113e+00 1.68e-03
2.00153e+00 1.68e-03
2.00194e+00 1.68e-03
2.00234e+00 1.67e-03
2.00274e+00 1.67e-03
2.00314e+00 1.67e-03
2.00600e+00 1.66e-03
2.00640e+00 1.66e-03
2.00680e+00 1.66e-03
2.00722e+00 1.65e-03
2.00762e+00 1.65e-03
2.00804e+00 1.65e-03
2.00844e+00 1.65e-03
2.00886e+00 1.65e-03
2.00927e+00 1.65e-03
2.00968e+00 1.64e-03
2.01009e+00 1.64e-03
2.01051e+00 1.64e-03
2.01092e+00 1.64e-03
2.01134e+00 1.64e-03
2.01174e+00 1.63e-03
2.01215e+00 1.63e-03
2.01257e+00 1.63e-03
2.01298e+00 1.63e-03
2.01341e+00 1.63e-03
2.01382e+00 1.63e-03
2.01424e+00 1.62e-03
2.01465e+00 1.62e-03
2.01506e+00 1.62e-03
2.01549e+00 1.62e-03
2.01590e+00 1.62e-03
2.01632e+00 1.62e-03
2.01674e+00 1.61e-03
2.01715e+00 1.61e-03
2.01758e+00 1.61e-03
2.01800e+00 1.61e-03
2.01842e+00 1.61e-03
2.01884e+00 1.61e-03
2.01927e+00 1.60e-03
2.01968e+00 1.60e-03
2.02010e+00 1.60e-03
2.02053e+00 1.60e-03
2.02095e+00 1.60e-03
2.02138e+00 1.60e-03
2.02180e+00 1.59e-03
2.02222e+00 1.59e-03
2.02265e+00 1.59e-03
2.02307e+00 1.59e-03
2.02351e+00 1.59e-03
2.02393e+00 1.58e-03
2.02435e+00 1.58e-03
2.02479e+00 1.58e-03
2.02521e+00 1.58e-03
2.02563e+00 1.58e-03
2.02607e+00 1.58e-03
2.02650e+00 1.57e-03
2.02692e+00 1.57e-03
2.02736e+00 1.57e-03
2.02779e+00 1.57e-03
2.02821e+00 1.57e-03
2.02865e+00 1.57e-03
2.02908e+00 1.56e-03
2.02952e+00 1.56e-03
2.02995e+00 1.56e-03
2.03038e+00 1.56e-03
2.03082e+00 1.56e-03
2.03125e+00 1.55e-03
2.03168e+00 1.55e-03
2.03213e+00 1.55e-03
2.03256e+00 1.55e-03
2.03299e+00 1.55e-03
2.03344e+00 1.55e-03
2.03387e+00 1.54e-03
2.03431e+00 1.54e-03
2.03474e+00 1.54e-03
2.03519e+00 1.54e-03
2.03562e+00 1.54e-03
2.03606e+00 1.54e-03
2.03651e+00 1.53e-03
2.03695e+00 1.53e-03
2.03739e+00 1.53e-03
2.03784e+00 1.53e-03
2.03828e+00 1.53e-03
2.03872e+00 1.52e-03
2.03917e+00 1.52e-03
2.03961e+00 1.52e-03
2.04005e+00 1.52e-03
2.04049e+00 1.52e-03
2.04095e+00 1.52e-03
2.04139e+00 1.51e-03
2.04183e+00 1.51e-03
2.04228e+00 1.51e-03
2.04274e+00 1.51e-03
2.04318e+00 1.51e-03
2.04363e+00 1.51e-03
2.04409e+00 1.50e-03
2.04453e+00 1.50e-03
2.04498e+00 1.50e-03
2.04543e+00 1.50e-03
2.04588e+00 1.50e-03
2.04634e+00 1.49e-03
2.04679e+00 1.49e-03
2.04724e+00 1.49e-03
2.04771e+00 1.49e-03
2.04816e+00 1.49e-03
2.04861e+00 1.49e-03
2.04907e+00 1.48e-03
2.04952e+00 1.48e-03
2.04997e+00 1.48e-03
2.05044e+00 1.48e-03
2.05090e+00 1.48e-03
2.05135e+00 1.48e-03
2.05181e+00 1.47e-03
2.05228e+00 1.47e-03
2.05274e+00 1.47e-03
2.05320e+00 1.47e-03
2.05366e+00 1.47e-03
2.05412e+00 1.46e-03
2.05459e+00 1.46e-03
2.05505e+00 1.46e-03
2.05551e+00 1.46e-03
2.05598e+00 1.46e-03
2.05644e+00 1.46e-03
2.05691e+00 1.45e-03
2.05737e+00 1.45e-03
2.05785e+00 1.45e-03
2.05831e+00 1.45e-03
2.05878e+00 1.45e-03
2.05925e+00 1.44e-03
2.05972e+00 1.44e-03
2.06020e+00 1.44e-03
2.06067e+00 1.44e-03
2.06114e+00 1.44e-03
2.06161e+00 1.44e-03
2.06208e+00 1.43e-03
2.06255e+00 1.43e-03
2.06303e+00 1.43e-03
2.06350e+00 1.43e-03
2.06399e+00 1.43e-03
2.06445e+00 1.43e-03
2.06494e+00 1.42e-03
2.06541e+00 1.42e-03
2.06589e+00 1.42e-03
2.06637e+00 1.42e-03
2.06685e+00 1.42e-03
2.06733e+00 1.41e-03
2.06781e+00 1.41e-03
2.06829e+00 1.41e-03
2.06877e+00 1.41e-03
2.06925e+00 1.41e-03
2.06974e+00 1.41e-03
2.07022e+00 1.40e-03
2.07070e+00 1.40e-03
2.07120e+00 1.40e-03
2.07169e+00 1.40e-03
2.07217e+00 1.40e-03
2.07266e+00 1.39e-03
2.07315e+00 1.39e-03
2.07364e+00 1.39e-03
2.07413e+00 1.39e-03
2.07462e+00 1.39e-03
2.07511e+00 1.39e-03
2.07560e+00 1.38e-03
2.07609e+00 1.38e-03
2.07659e+00 1.38e-03
2.07708e+00 1.38e-03
2.07758e+00 1.38e-03
2.07807e+00 1.38e-03
2.07857e+00 1.37e-03
2.07907e+00 1.37e-03
2.07957e+00 1.37e-03
2.08007e+00 1.37e-03
2.08057e+00 1.37e-03
2.08107e+00 1.36e-03
2.08156e+00 1.36e-03
2.08206e+00 1.36e-03
2.08256e+00 1.36e-03
2.08307e+00 1.36e-03
2.08357e+00 1.36e-03
2.08408e+00 1.35e-03
2.08459e+00 1.35e-03
2.08509e+00 1.35e-03
2.08560e+00 1.35e-03
2.08611e+00 1.35e-03
2.08662e+00 1.35e-03
2.08712e+00 1.34e-03
2.08763e+00 1.34e-03
2.08814e+00 1.34e-03
2.08866e+00 1.34e-03
2.08917e+00 1.34e-03
2.08969e+00 1.33e-03
2.09020e+00 1.33e-03
2.09072e+00 1.33e-03
2.09123e+00 1.33e-03
2.09175e+00 1.33e-03
2.09227e+00 1.33e-03
2.09279e+00 1.32e-03
2.09331e+00 1.32e-03
2.09383e+00 1.32e-03
2.09434e+00 1.32e-03
2.09487e+00 1.32e-03
2.09539e+00 1.32e-03
2.09592e+00 1.31e-03
2.09643e+00 1.31e-03
2.09696e+00 1.31e-03
2.09749e+00 1.31e-03
2.09802e+00 1.31e-03
2.09855e+00 1.31e-03
2.09907e+00 1.30e-03
2.09960e+00 1.30e-03
2.10014e+00 1.30e-03
2.10066e+00 1.30e-03
2.10120e+00 1.30e-03
2.10173e+00 1.29e-03
2.10227e+00 1.29e-03
2.10280e+00 1.29e-03
2.10334e+00 1.29e-03
2.10388e+00 1.29e-03
2.10441e+00 1.29e-03
2.10495e+00 1.28e-03
2.10549e+00 1.28e-03
2.10603e+00 1.28e-03
2.10657e+00 1.28e-03
2.10712e+00 1.28e-03
2.10766e+00 1.27e-03
2.10820e+00 1.27e-03
2.10875e+00 1.27e-03
2.10929e+00 1.27e-03
2.10985e+00 1.27e-03
2.11040e+00 1.27e-03
2.11094e+00 1.26e-03
2.11150e+00 1.26e-03
2.11204e+00 1.26e-03
2.11260e+00 1.26e-03
2.11315e+00 1.26e-03
2.11371e+00 1.26e-03
2.11427e+00 1.25e-03
2.11482e+00 1.25e-03
2.11538e+00 1.25e-03
2.11593e+00 1.25e-03
2.11650e+00 1.25e-03
2.11705e+00 1.24e-03
2.11762e+00 1.24e-03
2.11818e+00 1.24e-03
2.11875e+00 1.24e-03
2.11931e+00 1.24e-03
2.11988e+00 1.24e-03
2.12044e+00 1.23e-03
2.12100e+00 1.23e-03
2.12158e+00 1.23e-03
2.12214e+00 1.23e-03
2.12272e+00 1.23e-03
2.12329e+00 1.22e-03
2.12387e+00 1.22e-03
2.12444e+00 1.22e-03
2.12501e+00 1.22e-03
2.12559e+00 1.22e-03
2.12617e+00 1.22e-03
2.12674e+00 1.21e-03
2.12733e+00 1.21e-03
2.12791e+00 1.21e-03
2.12849e+00 1.21e-03
2.12908e+00 1.21e-03
2.12966e+00 1.20e-03
2.13024e+00 1.20e-03
2.13084e+00 1.20e-03
2.13142e+00 1.20e-03
2.13201e+00 1.20e-03
2.13260e+00 1.19e-03
2.13320e+00 1.19e-03
2.13379e+00 1.19e-03
2.13438e+00 1.19e-03
2.13497e+00 1.19e-03
2.13557e+00 1.19e-03
2.13618e+00 1.18e-03
2.13677e+00 1.18e-03
2.13737e+00 1.18e-03
2.13797e+00 1.18e-03
2.13857e+00 1.18e-03
2.13918e+00 1.17e-03
2.13978e+00 1.17e-03
2.14040e+00 1.17e-03
2.14101e+00 1.17e-03
2.14161e+00 1.17e-03
2.14222e+00 1.16e-03
2.14284e+00 1.16e-03
2.14345e+00 1.16e-03
2.14406e+00 1.16e-03
2.14468e+00 1.16e-03
2.14530e+00 1.15e-03
2.14592e+00 1.15e-03
2.14654e+00 1.15e-03
2.14716e+00 1.15e-03
2.14778e+00 1.15e-03
2.14841e+00 1.15e-03
2.14903e+00 1.14e-03
2.14966e+00 1.14e-03
2.15028e+00 1.14e-03
2.15091e+00 1.14e-03
2.15155e+00 1.14e-03
2.15218e+00 1.13e-03
2.15282e+00 1.13e-03
2.15345e+00 1.13e-03
2.15409e+00 1.13e-03
2.15472e+00 1.13e-03
2.15537e+00 1.12e-03
2.15601e+00 1.12e-03
2.15666e+00 1.12e-03
2.15729e+00 1.12e-03
2.15794e+00 1.12e-03
2.15859e+00 1.11e-03
2.15923e+00 1.11e-03
2.15989e+00 1.11e-03
2.16054e+00 1.11e-03
2.16119e+00 1.11e-03
2.16185e+00 1.10e-03
2.16251e+00 1.10e-03
2.16317e+00 1.10e-03
2.16383e+00 1.10e-03
2.16449e+00 1.10e-03
2.16516e+00 1.09e-03
2.16583e+00 1.09e-03
2.16649e+00 1.09e-03
2.16715e+00 1.09e-03
2.16783e+00 1.09e-03
2.16849e+00 1.09e-03
2.16917e+00 1.08e-03
2.16984e+00 1.08e-03
2.17053e+00 1.08e-03
2.17120e+00 1.08e-03
2.17188e+00 1.08e-03
2.17257e+00 1.07e-03
2.17325e+00 1.07e-03
2.17393e+00 1.07e-03
2.17463e+00 1.07e-03
2.17531e+00 1.07e-03
2.17600e+00 1.06e-03
2.17669e+00 1.06e-03
2.17740e+00 1.06e-03
2.17809e+00 1.06e-03
2.17879e+00 1.06e-03
2.17949e+00 1.05e-03
2.18019e+00 1.05e-03
2.18089e+00 1.05e-03
2.18160e+00 1.05e-03
2.18231e+00 1.05e-03
2.18302e+00 1.05e-03
2.18373e+00 1.04e-03
2.18444e+00 1.04e-03
2.18516e+00 1.04e-03
2.18588e+00 1.04e-03
2.18660e+00 1.04e-03
2.18732e+00 1.03e-03
2.18805e+00 1.03e-03
2.18878e+00 1.03e-03
2.18951e+00 1.03e-03
2.19023e+00 1.03e-03
2.19096e+00 1.02e-03
2.19170e+00 1.02e-03
2.19244e+00 1.02e-03
2.19317e+00 1.02e-03
2.19392e+00 1.02e-03
2.19465e+00 1.01e-03
2.19540e+00 1.01e-03
2.19615e+00 1.01e-03
2.19690e+00 1.01e-03
2.19766e+00 1.01e-03
2.19841e+00 1.00e-03
2.19917e+00 1.00e-03
2.19992e+00 1.00e-03
2.20069e+00 9.98e-04
2.20145e+00 9.96e-04
2.20221e+00 9.94e-04
2.20299e+00 9.91e-04
2.20376e+00 9.89e-04
2.20453e+00 9.87e-04
2.20530e+00 9.85e-04
2.20609e+00 9.83e-04
2.20687e+00 9.81e-04
2.20765e+00 9.79e-04
2.20843e+00 9.77e-04
2.20922e+00 9.75e-04
2.21001e+00 9.73e-04
2.21081e+00 9.71e-04
2.21160e+00 9.69e-04
2.21240e+00 9.67e-04
2.21320e+00 9.65e-04
2.21401e+00 9.63e-04
2.21481e+00 9.61e-04
2.21562e+00 9.59e-04
2.21643e+00 9.56e-04
2.21725e+00 9.54e-04
2.21806e+00 9.52e-04
2.21889e+00 9.50e-04
2.21971e+00 9.48e-04
2.22054e+00 9.46e-04
2.22136e+00 9.44e-04
2.22220e+00 9.42e-04
2.22303e+00 9.40e-04
2.22387e+00 9.38e-04
2.22471e+00 9.35e-04
2.22555e+00 9.33e-04
2.22641e+00 9.31e-04
2.22725e+00 9.29e-04
2.22811e+00 9.27e-04
2.22896e+00 9.25e-04
2.22982e+00 9.23e-04
2.23068e+00 9.20e-04
2.23155e+00 9.18e-04
2.23242e+00 9.16e-04
2.23329e+00 9.14e-04
2.23417e+00 9.12e-04
2.23504e+00 9.10e-04
2.23593e+00 9.08e-04
2.23681e+00 9.06e-04
2.23771e+00 9.04e-04
2.23859e+00 9.02e-04
2.23950e+00 9.00e-04
2.24039e+00 8.98e-04
2.24129e+00 8.96e-04
2.24220e+00 8.94e-04
2.24311e+00 8.92e-04
2.24402e+00 8.90e-04
2.24495e+00 8.88e-04
2.24587e+00 8.86e-04
2.24679e+00 8.84e-04
2.24772e+00 8.82e-04
2.24866e+00 8.80e-04
2.24960e+00 8.78e-04
2.25053e+00 8.76e-04
2.25148e+00 8.74e-04
2.25243e+00 8.72e-04
2.25338e+00 8.70e-04
2.25434e+00 8.68e-04
2.25529e+00 8.66e-04
2.25627e+00 8.64e-04
2.25723e+00 8.62e-04
2.25820e+00 8.60e-04
2.25919e+00 8.58e-04
2.26017e+00 8.56e-04
2.26116e+00 8.54e-04
2.26215e+00 8.52e-04
2.26315e+00 8.50e-04
2.26415e+00 8.48e-04
2.26515e+00 8.46e-04
2.26616e+00 8.44e-04
2.26718e+00 8.41e-04
2.26820e+00 8.39e-04
2.26922e+00 8.37e-04
2.27026e+00 8.35e-04
2.27129e+00 8.33e-04
2.27233e+00 8.31e-04
2.27337e+00 8.29e-04
2.27442e+00 8.27e-04
2.27548e+00 8.25e-04
2.27654e+00 8.23e-04
2.27761e+00 8.21e-04
2.27868e+00 8.19e-04
2.27976e+00 8.17e-04
2.28084e+00 8.15e-04
2.28193e+00 8.13e-04
2.28303e+00 8.10e-04
2.28413e+00 8.08e-04
2.28523e+00 8.06e-04
2.28634e+00 8.04e-04
2.28746e+00 8.02e-04
2.28858e+00 8.00e-04
2.28971e+00 7.98e-04
2.29085e+00 7.96e-04
2.29199e+00 7.93e-04
2.29314e+00 7.91e-04
2.29429e+00 7.89e-04
2.29546e+00 7.87e-04
2.29663e+00 7.85e-04
2.29780e+00 7.83e-04
2.29898e+00 7.81e-04
2.30017e+00 7.78e-04
2.30136e+00 7.76e-04
2.30258e+00 7.74e-04
2.30378e+00 7.72e-04
2.30498e+00 7.70e-04
2.30618e+00 7.67e-04
2.30747e+00 7.65e-04
2.30867e+00 7.63e-04
2.30996e+00 7.61e-04
2.31125e+00 7.59e-04
2.31244e+00 7.56e-04
2.31372e+00 7.54e-04
2.31501e+00 7.52e-04
2.31629e+00 7.50e-04
2.31757e+00 7.47e-04
2.31895e+00 7.45e-04
2.32023e+00 7.43e-04
2.32160e+00 7.41e-04
2.32288e+00 7.38e-04
2.32425e+00 7.36e-04
2.32562e+00 7.34e-04
2.32698e+00 7.32e-04
2.32835e+00 7.29e-04
2.32971e+00 7.27e-04
2.33108e+00 7.25e-04
2.33253e+00 7.22e-04
2.33389e+00 7.20e-04
2.33534e+00 7.18e-04
2.33679e+00 7.16e-04
2.33824e+00 7.13e-04
2.33901e+00 7.12e-04
2.33969e+00 7.10e-04
2.34113e+00 7.08e-04
2.34267e+00 7.06e-04
2.34411e+00 7.03e-04
2.34564e+00 7.01e-04
2.34641e+00 7.00e-04
2.34718e+00 6.98e-04
2.34871e+00 6.96e-04
2.35023e+00 6.93e-04
2.35176e+00 6.91e-04
2.35337e+00 6.89e-04
2.35499e+00 6.86e-04
2.35650e+00 6.84e-04
2.35811e+00 6.82e-04
2.35982e+00 6.79e-04
2.36142e+00 6.77e-04
2.36312e+00 6.75e-04
2.36471e+00 6.72e-04
2.36640e+00 6.70e-04
2.36819e+00 6.68e-04
2.36987e+00 6.65e-04
2.37164e+00 6.63e-04
2.37332e+00 6.61e-04
2.37518e+00 6.58e-04
2.37695e+00 6.56e-04
2.37871e+00 6.54e-04
2.38056e+00 6.51e-04
2.38241e+00 6.49e-04
2.38426e+00 6.47e-04
2.38619e+00 6.44e-04
2.38812e+00 6.42e-04
2.39005e+00 6.40e-04
2.39197e+00 6.38e-04
2.39398e+00 6.35e-04
2.39598e+00 6.33e-04
2.39799e+00 6.31e-04
2.40007e+00 6.28e-04
2.40216e+00 6.26e-04
2.40424e+00 6.24e-04
2.40640e+00 6.22e-04
2.40848e+00 6.19e-04
2.41072e+00 6.17e-04
2.41296e+00 6.15e-04
2.41520e+00 6.13e-04
2.41743e+00 6.10e-04
2.41975e+00 6.08e-04
2.42214e+00 6.06e-04
2.42454e+00 6.04e-04
2.42692e+00 6.02e-04
2.42939e+00 6.00e-04
2.43186e+00 5.98e-04
2.43440e+00 5.96e-04
2.43694e+00 5.94e-04
2.43956e+00 5.92e-04
2.44226e+00 5.90e-04
2.44495e+00 5.88e-04
2.44772e+00 5.86e-04
2.45057e+00 5.84e-04
2.45342e+00 5.82e-04
2.45634e+00 5.81e-04
2.45933e+00 5.79e-04
2.46241e+00 5.78e-04
2.46547e+00 5.76e-04
2.46861e+00 5.75e-04
2.47191e+00 5.74e-04
2.47519e+00 5.73e-04
2.47687e+00 5.72e-04
2.48031e+00 5.72e-04
2.48382e+00 5.71e-04
2.49304e+00 5.71e-04
2.49684e+00 5.71e-04
2.50078e+00 5.71e-04
2.50487e+00 5.73e-04
2.50911e+00 5.74e-04
2.51341e+00 5.76e-04
2.51786e+00 5.79e-04
2.52252e+00 5.83e-04
2.52493e+00 5.85e-04
2.52980e+00 5.90e-04
2.53481e+00 5.96e-04
2.53742e+00 6.00e-04
2.54010e+00 6.04e-04
2.54286e+00 6.10e-04
2.54561e+00 6.15e-04
2.54843e+00 6.21e-04
2.55132e+00 6.28e-04
2.55428e+00 6.35e-04
2.55730e+00 6.43e-04
2.56048e+00 6.52e-04
2.56364e+00 6.62e-04
2.56695e+00 6.74e-04
2.57024e+00 6.87e-04
2.57376e+00 7.02e-04
2.57726e+00 7.20e-04
2.58097e+00 7.41e-04
2.58475e+00 7.63e-04
2.58867e+00 7.88e-04
2.59264e+00 8.18e-04
2.59682e+00 8.58e-04
2.60113e+00 9.11e-04
2.60565e+00 9.85e-04
2.61029e+00 1.04e-03
2.61513e+00 1.11e-03
2.62024e+00 1.22e-03
2.62554e+00 1.37e-03
2.63110e+00 1.60e-03
2.63698e+00 1.95e-03
2.64319e+00 2.59e-03
2.64971e+00 3.95e-03
2.65669e+00 6.14e-03
2.66410e+00 1.28e-02
2.67215e+00 9.50e-03
2.68082e+00 9.41e-03
2.69029e+00 1.22e-02
2.70069e+00 8.78e-02
2.71231e+00 2.67e-02
2.72543e+00 7.18e-03
2.74065e+00 3.19e-03
2.75874e+00 2.33e-03
2.78130e+00 2.57e-03
2.81151e+00 4.51e-03
2.85859e+00 1.02e-02
2.99573e+00 5.19e-03
