# OPACITY Project tables
-2.61515e+00 2.83e+01
-2.27341e+00 9.78e+00
-2.07433e+00 5.28e+00
-1.93351e+00 3.42e+00
-1.82455e+00 2.46e+00
-1.73574e+00 1.89e+00
-1.66078e+00 1.52e+00
-1.59603e+00 1.25e+00
-1.53898e+00 1.06e+00
-1.48802e+00 9.15e-01
-1.44198e+00 8.00e-01
-1.40003e+00 7.08e-01
-1.36148e+00 6.33e-01
-1.32584e+00 5.71e-01
-1.29269e+00 5.19e-01
-1.26174e+00 4.75e-01
-1.23268e+00 4.37e-01
-1.20531e+00 4.04e-01
-1.17944e+00 3.75e-01
-1.15493e+00 3.51e-01
-1.13165e+00 3.30e-01
-1.10945e+00 3.12e-01
-1.08827e+00 2.95e-01
-1.06799e+00 2.81e-01
-1.04857e+00 2.68e-01
-1.02994e+00 2.58e-01
-1.01200e+00 2.49e-01
-9.94739e-01 2.42e-01
-9.78086e-01 2.36e-01
-9.62021e-01 2.32e-01
-9.46492e-01 2.30e-01
-9.31455e-01 2.30e-01
-9.16916e-01 2.31e-01
-9.02807e-01 2.32e-01
-8.89113e-01 2.28e-01
-8.75797e-01 2.21e-01
-8.62868e-01 2.13e-01
-8.50292e-01 2.06e-01
-8.38057e-01 1.99e-01
-8.26130e-01 1.94e-01
-8.14502e-01 1.89e-01
-8.03185e-01 1.85e-01
-7.92106e-01 1.82e-01
-7.81301e-01 1.80e-01
-7.60420e-01 1.78e-01
-7.50331e-01 1.77e-01
-7.40469e-01 1.78e-01
-7.30787e-01 1.79e-01
-7.21320e-01 1.83e-01
-7.12045e-01 1.88e-01
-7.02955e-01 1.96e-01
-6.94048e-01 2.06e-01
-6.85298e-01 2.20e-01
-6.76723e-01 2.37e-01
-6.68298e-01 2.59e-01
-6.60041e-01 2.83e-01
-6.51909e-01 3.07e-01
-6.43938e-01 3.25e-01
-6.36087e-01 3.34e-01
-6.28390e-01 3.29e-01
-6.20808e-01 3.13e-01
-6.13357e-01 2.91e-01
-6.06016e-01 2.69e-01
-5.98801e-01 2.49e-01
-5.91692e-01 2.31e-01
-5.84687e-01 2.16e-01
-5.77803e-01 2.04e-01
-5.71018e-01 1.94e-01
-5.64314e-01 1.87e-01
-5.57725e-01 1.81e-01
-5.51231e-01 1.77e-01
-5.38505e-01 1.71e-01
-5.32288e-01 1.67e-01
-5.26142e-01 1.60e-01
-5.20085e-01 1.53e-01
-5.14098e-01 1.45e-01
-5.08196e-01 1.38e-01
-5.02362e-01 1.32e-01
-4.96610e-01 1.27e-01
-4.90925e-01 1.22e-01
-4.85320e-01 1.18e-01
-4.79779e-01 1.15e-01
-4.74301e-01 1.12e-01
-4.68884e-01 1.10e-01
-4.63545e-01 1.09e-01
-4.58265e-01 1.08e-01
-4.53044e-01 1.08e-01
-4.47882e-01 1.09e-01
-4.42778e-01 1.12e-01
-4.37730e-01 1.16e-01
-4.32739e-01 1.24e-01
-4.27803e-01 1.33e-01
-4.22922e-01 1.42e-01
-4.18095e-01 1.44e-01
-4.13321e-01 1.38e-01
-4.08585e-01 1.28e-01
-4.03901e-01 1.21e-01
-3.99284e-01 1.15e-01
-3.94688e-01 1.12e-01
-3.90158e-01 1.11e-01
-3.85662e-01 1.12e-01
-3.81216e-01 1.15e-01
-3.76819e-01 1.20e-01
-3.72456e-01 1.27e-01
-3.68126e-01 1.35e-01
-3.63858e-01 1.41e-01
-3.59622e-01 1.43e-01
-3.55419e-01 1.38e-01
-3.51261e-01 1.30e-01
-3.47135e-01 1.21e-01
-3.43054e-01 1.14e-01
-3.39003e-01 1.09e-01
-3.34997e-01 1.06e-01
-3.31021e-01 1.05e-01
-3.27088e-01 1.06e-01
-3.23185e-01 1.09e-01
-3.19310e-01 1.13e-01
-3.15464e-01 1.17e-01
-3.11661e-01 1.20e-01
-3.07885e-01 1.19e-01
-3.04150e-01 1.18e-01
-3.00430e-01 1.15e-01
-2.96750e-01 1.14e-01
-2.93097e-01 1.14e-01
-2.89484e-01 1.17e-01
-2.85884e-01 1.22e-01
-2.82323e-01 1.31e-01
-2.78788e-01 1.45e-01
-2.75279e-01 1.63e-01
-2.71796e-01 1.88e-01
-2.68350e-01 2.19e-01
-2.64917e-01 2.51e-01
-2.61521e-01 2.77e-01
-2.58149e-01 2.84e-01
-2.54802e-01 2.69e-01
-2.51466e-01 2.40e-01
-2.48167e-01 2.08e-01
-2.44891e-01 1.79e-01
-2.41639e-01 1.55e-01
-2.38409e-01 1.37e-01
-2.35203e-01 1.23e-01
-2.32020e-01 1.12e-01
-2.28860e-01 1.05e-01
-2.25722e-01 9.88e-02
-2.22606e-01 9.45e-02
-2.19513e-01 9.13e-02
-2.16441e-01 8.90e-02
-2.13391e-01 8.76e-02
-2.10363e-01 8.71e-02
-2.07344e-01 8.77e-02
-2.04359e-01 8.98e-02
-2.01382e-01 9.36e-02
-1.98439e-01 9.94e-02
-1.95504e-01 1.07e-01
-1.92590e-01 1.18e-01
-1.89697e-01 1.31e-01
-1.83971e-01 1.60e-01
-1.81126e-01 1.72e-01
-1.78314e-01 1.76e-01
-1.75509e-01 1.72e-01
-1.72724e-01 1.61e-01
-1.69958e-01 1.46e-01
-1.67200e-01 1.31e-01
-1.64474e-01 1.17e-01
-1.61755e-01 1.04e-01
-1.59054e-01 9.38e-02
-1.56373e-01 8.53e-02
-1.53699e-01 7.83e-02
-1.51044e-01 7.25e-02
-1.48407e-01 6.74e-02
-1.45789e-01 6.30e-02
-1.43189e-01 5.90e-02
-1.40596e-01 5.57e-02
-1.38021e-01 5.29e-02
-1.35453e-01 5.07e-02
-1.32914e-01 4.90e-02
-1.30382e-01 4.75e-02
-1.27867e-01 4.60e-02
-1.25359e-01 4.43e-02
-1.22868e-01 4.25e-02
-1.20395e-01 4.13e-02
-1.17928e-01 3.99e-02
-1.15489e-01 3.87e-02
-1.13057e-01 3.77e-02
-1.10630e-01 3.67e-02
-1.08220e-01 3.58e-02
-1.05827e-01 3.49e-02
-1.03440e-01 3.68e-02
-1.01070e-01 3.61e-02
-9.87160e-02 3.54e-02
-9.63788e-02 3.49e-02
-9.40360e-02 3.44e-02
-9.17206e-02 3.39e-02
-8.94106e-02 3.36e-02
-8.71168e-02 3.32e-02
-8.48283e-02 3.29e-02
-8.25559e-02 3.25e-02
-8.02994e-02 3.20e-02
-7.80480e-02 3.26e-02
-7.58125e-02 3.21e-02
-7.35820e-02 3.17e-02
-7.13671e-02 3.14e-02
-6.91679e-02 3.12e-02
-6.69735e-02 3.11e-02
-6.47839e-02 3.09e-02
-6.26097e-02 3.05e-02
-6.04509e-02 3.00e-02
-5.82967e-02 2.95e-02
-5.61577e-02 2.90e-02
-5.40233e-02 2.85e-02
-5.19040e-02 2.81e-02
-4.97997e-02 2.77e-02
-4.76998e-02 2.74e-02
-4.56042e-02 2.71e-02
-4.35236e-02 2.68e-02
-4.14576e-02 3.06e-02
-3.73385e-02 3.01e-02
-3.32673e-02 2.96e-02
-2.92229e-02 2.91e-02
-2.52255e-02 2.87e-02
-2.12543e-02 2.83e-02
-1.73293e-02 2.79e-02
-1.34298e-02 2.75e-02
-9.56560e-03 2.72e-02
-5.73642e-03 2.68e-02
-1.94188e-03 2.65e-02
1.79838e-03 2.62e-02
5.58438e-03 2.58e-02
9.25702e-03 2.55e-02
1.29162e-02 2.52e-02
1.65621e-02 2.50e-02
1.84291e-02 2.66e-02
2.19572e-02 2.63e-02
2.55703e-02 2.61e-02
2.90732e-02 2.58e-02
3.25640e-02 2.55e-02
3.60426e-02 2.53e-02
3.95091e-02 2.50e-02
4.29637e-02 2.48e-02
4.64064e-02 2.45e-02
4.97421e-02 2.43e-02
5.30667e-02 2.41e-02
5.64748e-02 2.38e-02
5.97772e-02 2.36e-02
6.29748e-02 2.34e-02
6.62558e-02 2.32e-02
6.95261e-02 2.30e-02
7.26927e-02 2.28e-02
7.58493e-02 2.26e-02
7.90884e-02 2.24e-02
8.22249e-02 2.22e-02
8.52598e-02 2.20e-02
8.83771e-02 2.18e-02
9.14847e-02 2.17e-02
9.44917e-02 2.15e-02
9.75803e-02 2.13e-02
1.00569e-01 2.11e-02
1.03549e-01 2.09e-02
1.06520e-01 2.08e-02
1.09482e-01 2.06e-02
1.12435e-01 2.04e-02
1.15291e-01 2.03e-02
1.18227e-01 2.01e-02
1.21067e-01 2.00e-02
1.23898e-01 1.98e-02
1.26809e-01 1.97e-02
1.29624e-01 1.95e-02
1.32431e-01 1.94e-02
1.35143e-01 1.92e-02
1.37934e-01 1.91e-02
1.40718e-01 1.90e-02
1.43407e-01 1.88e-02
1.46176e-01 1.87e-02
1.48851e-01 1.85e-02
1.51519e-01 1.84e-02
1.54179e-01 1.83e-02
1.56833e-01 1.81e-02
1.59479e-01 1.80e-02
1.62119e-01 1.78e-02
1.64751e-01 1.77e-02
1.67293e-01 1.76e-02
1.69912e-01 1.74e-02
1.72440e-01 1.73e-02
1.74961e-01 1.72e-02
1.77477e-01 1.70e-02
1.80069e-01 1.69e-02
1.82572e-01 1.68e-02
1.84985e-01 1.67e-02
1.87475e-01 1.66e-02
1.89959e-01 1.65e-02
1.92437e-01 1.64e-02
1.94826e-01 1.63e-02
1.97292e-01 1.62e-02
1.99670e-01 1.61e-02
2.02042e-01 1.60e-02
2.04409e-01 1.59e-02
2.06770e-01 1.59e-02
2.09126e-01 1.58e-02
2.11476e-01 1.57e-02
2.13820e-01 1.57e-02
2.16159e-01 1.56e-02
2.18493e-01 1.55e-02
2.20741e-01 1.55e-02
2.23064e-01 1.54e-02
2.25301e-01 1.53e-02
2.27614e-01 1.52e-02
2.29841e-01 1.51e-02
2.32064e-01 1.50e-02
2.34281e-01 1.49e-02
2.36494e-01 1.48e-02
2.38702e-01 1.47e-02
2.40905e-01 1.46e-02
2.43103e-01 1.45e-02
2.45296e-01 1.45e-02
2.47407e-01 1.44e-02
2.49591e-01 1.43e-02
2.51692e-01 1.43e-02
2.53867e-01 1.42e-02
2.55959e-01 1.42e-02
2.58047e-01 1.41e-02
2.60208e-01 1.41e-02
2.62287e-01 1.40e-02
2.64362e-01 1.40e-02
2.66433e-01 1.39e-02
2.69493e-01 1.39e-02
2.72619e-01 1.39e-02
2.73609e-01 1.39e-02
2.78692e-01 1.40e-02
2.80657e-01 1.40e-02
2.82695e-01 1.39e-02
2.85630e-01 1.39e-02
2.87582e-01 1.39e-02
2.88632e-01 1.39e-02
2.89605e-01 1.39e-02
2.90578e-01 1.39e-02
2.91550e-01 1.38e-02
2.92520e-01 1.38e-02
2.93490e-01 1.37e-02
2.94459e-01 1.37e-02
2.96394e-01 1.35e-02
2.98325e-01 1.34e-02
2.99289e-01 1.33e-02
3.00253e-01 1.33e-02
3.02177e-01 1.32e-02
3.04097e-01 1.31e-02
3.05939e-01 1.30e-02
3.07852e-01 1.29e-02
3.09762e-01 1.28e-02
3.11594e-01 1.27e-02
3.13496e-01 1.26e-02
3.14373e-01 1.26e-02
3.15322e-01 1.26e-02
3.16270e-01 1.26e-02
3.17144e-01 1.26e-02
3.18090e-01 1.26e-02
3.19907e-01 1.26e-02
3.21794e-01 1.26e-02
3.22663e-01 1.26e-02
3.23604e-01 1.26e-02
3.24472e-01 1.26e-02
3.25411e-01 1.26e-02
3.26278e-01 1.26e-02
3.27215e-01 1.25e-02
3.28080e-01 1.25e-02
3.29016e-01 1.24e-02
3.30813e-01 1.22e-02
3.31675e-01 1.21e-02
3.32608e-01 1.21e-02
3.33468e-01 1.20e-02
3.34399e-01 1.19e-02
3.35257e-01 1.19e-02
3.36115e-01 1.19e-02
3.37044e-01 1.18e-02
3.38827e-01 1.18e-02
3.39681e-01 1.18e-02
3.40535e-01 1.18e-02
3.41389e-01 1.17e-02
3.42312e-01 1.17e-02
3.43164e-01 1.16e-02
3.44936e-01 1.14e-02
3.45786e-01 1.13e-02
3.46635e-01 1.12e-02
3.47483e-01 1.11e-02
3.48330e-01 1.10e-02
3.49247e-01 1.09e-02
3.50093e-01 1.09e-02
3.50939e-01 1.08e-02
3.52627e-01 1.07e-02
3.53470e-01 1.07e-02
3.54382e-01 1.13e-02
3.56065e-01 1.12e-02
3.57744e-01 1.12e-02
3.59421e-01 1.11e-02
3.61095e-01 1.11e-02
3.62766e-01 1.10e-02
3.63601e-01 1.10e-02
3.64435e-01 1.10e-02
3.66100e-01 1.09e-02
3.67763e-01 1.08e-02
3.69354e-01 1.07e-02
3.71012e-01 1.06e-02
3.72666e-01 1.05e-02
3.74318e-01 1.05e-02
3.75899e-01 1.04e-02
3.77546e-01 1.03e-02
3.78299e-01 1.05e-02
3.79942e-01 1.05e-02
3.81514e-01 1.04e-02
3.83151e-01 1.04e-02
3.84718e-01 1.03e-02
3.86282e-01 1.03e-02
3.87912e-01 1.02e-02
3.89471e-01 1.02e-02
3.91028e-01 1.01e-02
3.92582e-01 1.01e-02
3.94134e-01 1.00e-02
3.95684e-01 9.99e-03
3.97231e-01 9.96e-03
3.98038e-01 1.11e-02
4.00319e-01 1.11e-02
4.03396e-01 1.11e-02
4.04932e-01 1.11e-02
4.06465e-01 1.10e-02
4.07929e-01 1.10e-02
4.09457e-01 1.10e-02
4.11712e-01 1.10e-02
4.16141e-01 1.09e-02
4.17657e-01 1.09e-02
4.18381e-01 1.09e-02
4.19828e-01 1.08e-02
4.21338e-01 1.08e-02
4.22781e-01 1.07e-02
4.24221e-01 1.06e-02
4.25725e-01 1.06e-02
4.27161e-01 1.06e-02
4.29312e-01 1.05e-02
4.31458e-01 1.05e-02
4.32886e-01 1.06e-02
4.34312e-01 1.06e-02
4.35736e-01 1.06e-02
4.37158e-01 1.06e-02
4.38577e-01 1.07e-02
4.39995e-01 1.08e-02
4.41411e-01 1.08e-02
4.42761e-01 1.09e-02
4.44173e-01 1.09e-02
4.44878e-01 1.09e-02
4.45583e-01 1.09e-02
4.46287e-01 1.09e-02
4.46927e-01 1.09e-02
4.47630e-01 1.09e-02
4.48333e-01 1.08e-02
4.49035e-01 1.08e-02
4.50438e-01 1.07e-02
4.51776e-01 1.06e-02
4.53175e-01 1.05e-02
4.54509e-01 1.04e-02
4.55841e-01 1.03e-02
4.57235e-01 1.01e-02
4.58563e-01 1.00e-02
4.59953e-01 9.96e-03
4.61278e-01 9.87e-03
4.62601e-01 9.79e-03
4.63923e-01 9.72e-03
4.65305e-01 9.65e-03
4.66623e-01 9.59e-03
4.67939e-01 9.53e-03
4.69253e-01 9.48e-03
4.70566e-01 9.42e-03
4.71877e-01 9.37e-03
4.72563e-01 9.78e-03
4.73871e-01 9.73e-03
4.75178e-01 9.69e-03
4.76420e-01 9.65e-03
4.77724e-01 9.61e-03
4.79025e-01 9.57e-03
4.80325e-01 9.54e-03
4.81623e-01 9.51e-03
4.82920e-01 9.47e-03
4.84153e-01 9.44e-03
4.85446e-01 9.42e-03
4.86738e-01 9.39e-03
4.87966e-01 9.37e-03
4.89255e-01 9.34e-03
4.90480e-01 9.32e-03
4.91765e-01 9.30e-03
4.93049e-01 9.27e-03
4.94269e-01 9.24e-03
4.95489e-01 9.21e-03
4.96767e-01 9.18e-03
4.97984e-01 9.15e-03
4.99259e-01 9.11e-03
5.00472e-01 9.07e-03
5.01684e-01 9.04e-03
5.02955e-01 9.00e-03
5.04163e-01 8.97e-03
5.05371e-01 8.94e-03
5.06577e-01 8.91e-03
5.07781e-01 8.88e-03
5.09044e-01 8.85e-03
5.10245e-01 8.82e-03
5.11445e-01 8.79e-03
5.12644e-01 8.77e-03
5.13841e-01 8.74e-03
5.15037e-01 8.72e-03
5.16231e-01 8.69e-03
5.17424e-01 8.67e-03
5.18615e-01 8.65e-03
5.19746e-01 8.62e-03
5.20934e-01 8.60e-03
5.22122e-01 8.58e-03
5.23307e-01 8.56e-03
5.24492e-01 8.54e-03
5.25616e-01 8.52e-03
5.26797e-01 8.49e-03
5.27978e-01 8.47e-03
5.29157e-01 8.45e-03
5.30275e-01 8.43e-03
5.31451e-01 8.41e-03
5.32568e-01 8.39e-03
5.33741e-01 8.37e-03
5.34855e-01 8.35e-03
5.36025e-01 8.33e-03
5.37136e-01 8.31e-03
5.38305e-01 8.29e-03
5.39413e-01 8.26e-03
5.40579e-01 8.24e-03
5.41685e-01 8.22e-03
5.42789e-01 8.20e-03
5.43951e-01 8.18e-03
5.45053e-01 8.17e-03
5.46154e-01 8.15e-03
5.47312e-01 8.13e-03
5.48410e-01 8.11e-03
5.49508e-01 8.09e-03
5.50604e-01 8.07e-03
5.51699e-01 8.06e-03
5.52850e-01 8.04e-03
5.53943e-01 8.02e-03
5.55034e-01 8.01e-03
5.56124e-01 7.99e-03
5.57213e-01 7.97e-03
5.58301e-01 7.96e-03
5.59387e-01 7.94e-03
5.60473e-01 7.93e-03
5.61557e-01 7.92e-03
5.62640e-01 7.90e-03
5.63722e-01 7.89e-03
5.64745e-01 7.88e-03
5.65825e-01 7.87e-03
5.66903e-01 7.85e-03
5.67981e-01 7.84e-03
5.69057e-01 7.83e-03
5.70075e-01 7.82e-03
5.71149e-01 7.81e-03
5.72222e-01 7.80e-03
5.73293e-01 7.79e-03
5.74307e-01 7.78e-03
5.75377e-01 7.77e-03
5.80090e-01 7.74e-03
5.83165e-01 7.73e-03
5.84225e-01 7.72e-03
5.85228e-01 7.71e-03
5.86230e-01 7.70e-03
5.87287e-01 7.69e-03
5.88287e-01 7.67e-03
5.89286e-01 7.65e-03
5.90339e-01 7.63e-03
5.91336e-01 7.60e-03
5.92332e-01 7.58e-03
5.93382e-01 7.55e-03
5.94376e-01 7.53e-03
5.95369e-01 7.51e-03
5.96361e-01 7.49e-03
5.97407e-01 7.47e-03
5.98397e-01 7.45e-03
5.99386e-01 7.43e-03
6.00374e-01 7.41e-03
6.01361e-01 7.40e-03
6.02347e-01 7.38e-03
6.03332e-01 7.36e-03
6.04316e-01 7.35e-03
6.05299e-01 7.33e-03
6.06281e-01 7.32e-03
6.07262e-01 7.30e-03
6.08243e-01 7.29e-03
6.09222e-01 7.27e-03
6.10200e-01 7.26e-03
6.11178e-01 7.24e-03
6.12154e-01 7.23e-03
6.13129e-01 7.22e-03
6.14104e-01 7.20e-03
6.15023e-01 7.19e-03
6.15996e-01 7.17e-03
6.16968e-01 7.16e-03
6.17939e-01 7.15e-03
6.18908e-01 7.13e-03
6.19824e-01 7.12e-03
6.20792e-01 7.11e-03
6.21759e-01 7.09e-03
6.22671e-01 7.08e-03
6.23636e-01 7.07e-03
6.24601e-01 7.05e-03
6.25511e-01 7.04e-03
6.26473e-01 7.03e-03
6.27435e-01 7.02e-03
6.28342e-01 7.00e-03
6.29302e-01 6.99e-03
6.30207e-01 6.98e-03
6.31165e-01 6.97e-03
6.32069e-01 6.96e-03
6.33026e-01 6.94e-03
6.33928e-01 6.93e-03
6.34882e-01 6.92e-03
6.35783e-01 6.91e-03
6.36683e-01 6.89e-03
6.37634e-01 6.88e-03
6.38533e-01 6.87e-03
6.39483e-01 6.86e-03
6.40379e-01 6.85e-03
6.41275e-01 6.84e-03
6.42222e-01 6.82e-03
6.43116e-01 6.81e-03
6.44009e-01 6.80e-03
6.44902e-01 6.79e-03
6.45846e-01 6.78e-03
6.46737e-01 6.77e-03
6.47627e-01 6.77e-03
6.48516e-01 6.76e-03
6.49404e-01 6.75e-03
6.50292e-01 6.74e-03
6.56120e-01 6.70e-03
6.60056e-01 6.69e-03
6.70032e-01 6.68e-03
6.71719e-01 6.68e-03
6.72587e-01 6.67e-03
6.73455e-01 6.66e-03
6.74321e-01 6.65e-03
6.75136e-01 6.64e-03
6.76001e-01 6.63e-03
6.76865e-01 6.62e-03
6.77678e-01 6.60e-03
6.78541e-01 6.59e-03
6.79403e-01 6.57e-03
6.80214e-01 6.56e-03
6.81075e-01 6.54e-03
6.81884e-01 6.53e-03
6.82743e-01 6.51e-03
6.83551e-01 6.49e-03
6.84409e-01 6.48e-03
6.85266e-01 6.46e-03
6.86072e-01 6.45e-03
6.86878e-01 6.43e-03
6.87733e-01 6.42e-03
6.88537e-01 6.41e-03
6.89390e-01 6.39e-03
6.90193e-01 6.38e-03
6.91045e-01 6.37e-03
6.92647e-01 6.35e-03
6.93497e-01 6.33e-03
6.94297e-01 6.32e-03
6.95145e-01 6.31e-03
6.95943e-01 6.30e-03
6.96741e-01 6.29e-03
6.97538e-01 6.28e-03
6.98383e-01 6.27e-03
6.99179e-01 6.26e-03
6.99974e-01 6.25e-03
7.00818e-01 6.23e-03
7.01611e-01 6.22e-03
7.02404e-01 6.20e-03
7.03197e-01 6.19e-03
7.03988e-01 6.17e-03
7.04829e-01 6.15e-03
7.05619e-01 6.14e-03
7.06409e-01 6.12e-03
7.06804e-01 6.11e-03
7.07592e-01 6.09e-03
7.08381e-01 6.08e-03
7.09168e-01 6.06e-03
7.09955e-01 6.05e-03
7.10741e-01 6.03e-03
7.11527e-01 6.01e-03
7.12361e-01 6.00e-03
7.13146e-01 5.99e-03
7.13930e-01 5.97e-03
7.14713e-01 5.96e-03
7.15496e-01 5.95e-03
7.16278e-01 5.93e-03
7.17059e-01 5.92e-03
7.17791e-01 5.91e-03
7.18571e-01 5.89e-03
7.19351e-01 5.88e-03
7.20130e-01 5.87e-03
7.20908e-01 5.85e-03
7.21686e-01 5.84e-03
7.22463e-01 5.83e-03
7.23240e-01 5.82e-03
7.24016e-01 5.81e-03
7.24743e-01 5.80e-03
7.25518e-01 5.79e-03
7.26292e-01 5.78e-03
7.27065e-01 5.76e-03
7.27838e-01 5.75e-03
7.28611e-01 5.74e-03
7.29334e-01 5.73e-03
7.30491e-01 5.71e-03
7.31262e-01 5.70e-03
7.31983e-01 5.68e-03
7.32752e-01 5.67e-03
7.33521e-01 5.66e-03
7.34241e-01 5.65e-03
7.35009e-01 5.64e-03
7.35776e-01 5.63e-03
7.36494e-01 5.62e-03
7.37260e-01 5.61e-03
7.38025e-01 5.60e-03
7.38742e-01 5.59e-03
7.39506e-01 5.58e-03
7.40222e-01 5.57e-03
7.40985e-01 5.56e-03
7.41747e-01 5.55e-03
7.42461e-01 5.54e-03
7.43222e-01 5.54e-03
7.43935e-01 5.53e-03
7.44695e-01 5.52e-03
7.45408e-01 5.51e-03
7.46166e-01 5.51e-03
7.46878e-01 5.50e-03
7.47635e-01 5.49e-03
7.48345e-01 5.48e-03
7.49102e-01 5.47e-03
7.49811e-01 5.47e-03
7.50567e-01 5.46e-03
7.51275e-01 5.45e-03
7.51982e-01 5.44e-03
7.52736e-01 5.43e-03
7.53442e-01 5.42e-03
7.54148e-01 5.41e-03
7.54901e-01 5.40e-03
7.55605e-01 5.40e-03
7.56357e-01 5.39e-03
7.57061e-01 5.38e-03
7.57764e-01 5.38e-03
7.58467e-01 5.37e-03
7.59216e-01 5.36e-03
7.59918e-01 5.36e-03
7.60619e-01 5.35e-03
7.61366e-01 5.35e-03
7.62067e-01 5.34e-03
7.62767e-01 5.33e-03
7.63466e-01 5.33e-03
7.64211e-01 5.32e-03
7.64910e-01 5.31e-03
7.65607e-01 5.31e-03
7.66305e-01 5.30e-03
7.67002e-01 5.29e-03
7.67698e-01 5.28e-03
7.68440e-01 5.28e-03
7.68765e-01 5.29e-03
7.69460e-01 5.28e-03
7.70155e-01 5.28e-03
7.70895e-01 5.27e-03
7.73667e-01 5.25e-03
7.74358e-01 5.25e-03
7.75050e-01 5.24e-03
7.75740e-01 5.23e-03
7.76431e-01 5.22e-03
7.77121e-01 5.21e-03
7.77810e-01 5.20e-03
7.78499e-01 5.19e-03
7.79187e-01 5.19e-03
7.79875e-01 5.18e-03
7.80563e-01 5.17e-03
7.81250e-01 5.16e-03
7.81936e-01 5.15e-03
7.82622e-01 5.14e-03
7.83308e-01 5.13e-03
7.83993e-01 5.12e-03
7.84677e-01 5.11e-03
7.85362e-01 5.10e-03
7.86000e-01 5.09e-03
7.86683e-01 5.09e-03
7.87366e-01 5.08e-03
7.88048e-01 5.07e-03
7.88730e-01 5.06e-03
7.89411e-01 5.05e-03
7.90092e-01 5.04e-03
7.90728e-01 5.04e-03
7.91408e-01 5.03e-03
7.92087e-01 5.02e-03
7.92766e-01 5.01e-03
7.93445e-01 5.00e-03
7.94078e-01 4.99e-03
7.94756e-01 4.99e-03
7.95433e-01 4.98e-03
7.96110e-01 4.97e-03
7.96741e-01 4.96e-03
7.97417e-01 4.95e-03
7.98093e-01 4.95e-03
7.98768e-01 4.94e-03
7.99397e-01 4.93e-03
8.00071e-01 4.92e-03
8.00745e-01 4.91e-03
8.01374e-01 4.91e-03
8.02046e-01 4.90e-03
8.02719e-01 4.89e-03
8.03346e-01 4.89e-03
8.04017e-01 4.88e-03
8.04644e-01 4.87e-03
8.05314e-01 4.86e-03
8.05985e-01 4.86e-03
8.06610e-01 4.85e-03
8.07279e-01 4.84e-03
8.07903e-01 4.84e-03
8.08572e-01 4.83e-03
8.09240e-01 4.82e-03
8.09863e-01 4.82e-03
8.10530e-01 4.81e-03
8.11152e-01 4.80e-03
8.11819e-01 4.80e-03
8.12440e-01 4.79e-03
8.13106e-01 4.78e-03
8.13726e-01 4.78e-03
8.14391e-01 4.77e-03
8.15011e-01 4.77e-03
8.15674e-01 4.76e-03
8.15984e-01 4.81e-03
8.16603e-01 4.81e-03
8.17266e-01 4.80e-03
8.17884e-01 4.79e-03
8.18546e-01 4.79e-03
8.19163e-01 4.78e-03
8.19824e-01 4.78e-03
8.20440e-01 4.77e-03
8.21057e-01 4.77e-03
8.21716e-01 4.76e-03
8.22332e-01 4.76e-03
8.22947e-01 4.75e-03
8.23605e-01 4.75e-03
8.28945e-01 4.71e-03
8.32039e-01 4.69e-03
8.32648e-01 4.68e-03
8.33257e-01 4.68e-03
8.33909e-01 4.67e-03
8.34517e-01 4.67e-03
8.35124e-01 4.66e-03
8.35731e-01 4.66e-03
8.36338e-01 4.65e-03
8.36988e-01 4.64e-03
8.38199e-01 4.63e-03
8.39107e-01 4.62e-03
8.39712e-01 4.61e-03
8.40316e-01 4.61e-03
8.40964e-01 4.60e-03
8.41567e-01 4.59e-03
8.42170e-01 4.59e-03
8.42773e-01 4.58e-03
8.43376e-01 4.57e-03
8.43978e-01 4.57e-03
8.44580e-01 4.56e-03
8.45181e-01 4.55e-03
8.45782e-01 4.55e-03
8.46383e-01 4.54e-03
8.46984e-01 4.54e-03
8.47584e-01 4.53e-03
8.48226e-01 4.52e-03
8.48825e-01 4.52e-03
8.49424e-01 4.51e-03
8.50023e-01 4.51e-03
8.50621e-01 4.50e-03
8.51219e-01 4.50e-03
8.51816e-01 4.49e-03
8.52413e-01 4.48e-03
8.53010e-01 4.48e-03
8.53606e-01 4.47e-03
8.54160e-01 4.47e-03
8.54756e-01 4.46e-03
8.55351e-01 4.46e-03
8.55946e-01 4.45e-03
8.56541e-01 4.44e-03
8.57135e-01 4.44e-03
8.57729e-01 4.43e-03
8.58323e-01 4.43e-03
8.58916e-01 4.42e-03
8.59509e-01 4.42e-03
8.60101e-01 4.41e-03
8.60693e-01 4.41e-03
8.61243e-01 4.40e-03
8.61835e-01 4.40e-03
8.62426e-01 4.39e-03
8.64197e-01 4.38e-03
8.64745e-01 4.37e-03
8.65334e-01 4.37e-03
8.65923e-01 4.36e-03
8.66512e-01 4.36e-03
8.67100e-01 4.35e-03
8.67689e-01 4.35e-03
8.68234e-01 4.34e-03
8.68822e-01 4.34e-03
8.69409e-01 4.33e-03
8.69995e-01 4.33e-03
8.70540e-01 4.32e-03
8.71126e-01 4.32e-03
8.71712e-01 4.31e-03
8.72297e-01 4.31e-03
8.72840e-01 4.30e-03
8.73425e-01 4.30e-03
8.74009e-01 4.29e-03
8.74552e-01 4.29e-03
8.75135e-01 4.28e-03
8.75719e-01 4.28e-03
8.76302e-01 4.27e-03
8.76843e-01 4.27e-03
8.77425e-01 4.26e-03
8.78007e-01 4.26e-03
8.78547e-01 4.25e-03
8.79129e-01 4.25e-03
8.79710e-01 4.25e-03
8.80249e-01 4.24e-03
8.80829e-01 4.24e-03
8.81368e-01 4.23e-03
8.81948e-01 4.23e-03
8.82527e-01 4.22e-03
8.83065e-01 4.22e-03
8.83644e-01 4.21e-03
8.84181e-01 4.21e-03
8.84759e-01 4.20e-03
8.85337e-01 4.20e-03
8.85873e-01 4.20e-03
8.86450e-01 4.19e-03
8.86985e-01 4.19e-03
8.87562e-01 4.18e-03
8.88097e-01 4.18e-03
8.88673e-01 4.17e-03
8.89248e-01 4.17e-03
8.89782e-01 4.16e-03
8.90357e-01 4.16e-03
8.90891e-01 4.15e-03
8.91465e-01 4.15e-03
8.91998e-01 4.14e-03
8.92572e-01 4.14e-03
8.93104e-01 4.14e-03
8.93677e-01 4.13e-03
8.94209e-01 4.13e-03
8.94781e-01 4.12e-03
8.95312e-01 4.12e-03
8.95843e-01 4.11e-03
8.96415e-01 4.11e-03
8.96945e-01 4.10e-03
8.97516e-01 4.10e-03
8.98045e-01 4.09e-03
8.98615e-01 4.09e-03
8.99145e-01 4.09e-03
8.99673e-01 4.08e-03
9.00243e-01 4.08e-03
9.00771e-01 4.07e-03
9.01340e-01 4.07e-03
9.01867e-01 4.06e-03
9.02395e-01 4.06e-03
9.02962e-01 4.05e-03
9.03489e-01 4.05e-03
9.04056e-01 4.04e-03
9.04582e-01 4.04e-03
9.05108e-01 4.04e-03
9.05675e-01 4.03e-03
9.06200e-01 4.03e-03
9.06725e-01 4.02e-03
9.07290e-01 4.02e-03
9.07815e-01 4.01e-03
9.08339e-01 4.01e-03
9.08904e-01 4.01e-03
9.09427e-01 4.00e-03
9.09951e-01 4.00e-03
9.10474e-01 3.99e-03
9.11037e-01 3.99e-03
9.11560e-01 3.98e-03
9.12082e-01 3.98e-03
9.12644e-01 3.98e-03
9.13166e-01 3.97e-03
9.13687e-01 3.97e-03
9.14209e-01 3.96e-03
9.14770e-01 3.96e-03
9.15290e-01 3.95e-03
9.15811e-01 3.95e-03
9.16331e-01 3.95e-03
9.16851e-01 3.94e-03
9.17410e-01 3.94e-03
9.17929e-01 3.93e-03
9.18448e-01 3.93e-03
9.18967e-01 3.93e-03
9.19486e-01 3.92e-03
9.20044e-01 3.92e-03
9.20562e-01 3.91e-03
9.21079e-01 3.91e-03
9.21597e-01 3.90e-03
9.22114e-01 3.90e-03
9.22631e-01 3.90e-03
9.23187e-01 3.89e-03
9.23703e-01 3.89e-03
9.24219e-01 3.88e-03
9.24735e-01 3.88e-03
9.25250e-01 3.88e-03
9.25766e-01 3.87e-03
9.26281e-01 3.87e-03
9.26835e-01 3.86e-03
9.27349e-01 3.86e-03
9.27864e-01 3.86e-03
9.28377e-01 3.85e-03
9.44450e-01 3.73e-03
9.57586e-01 3.64e-03
9.58584e-01 3.63e-03
9.59082e-01 3.63e-03
9.79979e-01 3.48e-03
9.94658e-01 3.38e-03
1.01033e+00 3.28e-03
1.01813e+00 3.24e-03
1.02231e+00 3.22e-03
1.02471e+00 3.21e-03
1.02647e+00 3.21e-03
1.02758e+00 3.21e-03
1.02951e+00 3.22e-03
1.03040e+00 3.21e-03
1.03083e+00 3.21e-03
1.03126e+00 3.20e-03
1.03169e+00 3.20e-03
1.03212e+00 3.19e-03
1.03254e+00 3.19e-03
1.03297e+00 3.18e-03
1.03343e+00 3.18e-03
1.03386e+00 3.17e-03
1.03429e+00 3.16e-03
1.03471e+00 3.16e-03
1.03514e+00 3.15e-03
1.03557e+00 3.15e-03
1.03599e+00 3.15e-03
1.03642e+00 3.14e-03
1.03684e+00 3.14e-03
1.03730e+00 3.13e-03
1.03773e+00 3.13e-03
1.04049e+00 3.11e-03
1.04370e+00 3.10e-03
1.04644e+00 3.09e-03
1.04813e+00 3.09e-03
1.04876e+00 3.09e-03
1.04939e+00 3.09e-03
1.05065e+00 3.09e-03
1.05107e+00 3.08e-03
1.05149e+00 3.08e-03
1.05190e+00 3.08e-03
1.05232e+00 3.07e-03
1.05274e+00 3.07e-03
1.05316e+00 3.06e-03
1.05358e+00 3.06e-03
1.05400e+00 3.05e-03
1.05442e+00 3.05e-03
1.05483e+00 3.04e-03
1.05522e+00 3.04e-03
1.05564e+00 3.04e-03
1.05605e+00 3.03e-03
1.05647e+00 3.03e-03
1.05689e+00 3.02e-03
1.05730e+00 3.02e-03
1.05772e+00 3.02e-03
1.06001e+00 3.00e-03
1.06267e+00 2.99e-03
1.06495e+00 2.98e-03
1.06678e+00 2.99e-03
1.06843e+00 2.99e-03
1.07206e+00 3.01e-03
1.07350e+00 3.02e-03
1.07449e+00 3.02e-03
1.07490e+00 3.01e-03
1.07531e+00 3.01e-03
1.07572e+00 3.01e-03
1.07609e+00 3.00e-03
1.07650e+00 2.99e-03
1.07691e+00 2.99e-03
1.07732e+00 2.98e-03
1.07773e+00 2.97e-03
1.07810e+00 2.96e-03
1.07851e+00 2.96e-03
1.07892e+00 2.95e-03
1.07933e+00 2.94e-03
1.07974e+00 2.93e-03
1.08011e+00 2.92e-03
1.08052e+00 2.92e-03
1.08072e+00 2.92e-03
1.08113e+00 2.91e-03
1.08153e+00 2.90e-03
1.08191e+00 2.89e-03
1.08231e+00 2.89e-03
1.08272e+00 2.88e-03
1.08313e+00 2.88e-03
1.08350e+00 2.87e-03
1.08390e+00 2.87e-03
1.08431e+00 2.86e-03
1.08472e+00 2.86e-03
1.08509e+00 2.86e-03
1.08549e+00 2.85e-03
1.08590e+00 2.85e-03
1.08630e+00 2.84e-03
1.08667e+00 2.84e-03
1.08708e+00 2.84e-03
1.08748e+00 2.83e-03
1.08789e+00 2.83e-03
1.08826e+00 2.83e-03
1.08866e+00 2.82e-03
1.08907e+00 2.82e-03
1.08947e+00 2.82e-03
1.08984e+00 2.81e-03
1.09024e+00 2.81e-03
1.09065e+00 2.81e-03
1.09102e+00 2.80e-03
1.09748e+00 2.76e-03
1.10194e+00 2.74e-03
1.10234e+00 2.73e-03
1.10274e+00 2.73e-03
1.11021e+00 2.69e-03
1.11212e+00 2.68e-03
1.11874e+00 2.64e-03
1.12347e+00 2.63e-03
1.12496e+00 2.62e-03
1.12587e+00 2.62e-03
1.12756e+00 2.61e-03
1.13572e+00 2.60e-03
1.13716e+00 2.59e-03
1.13828e+00 2.58e-03
1.13902e+00 2.58e-03
1.13937e+00 2.58e-03
1.13972e+00 2.58e-03
1.14011e+00 2.57e-03
1.14046e+00 2.57e-03
1.14084e+00 2.57e-03
1.14119e+00 2.56e-03
1.14158e+00 2.56e-03
1.14193e+00 2.56e-03
1.14228e+00 2.56e-03
1.14266e+00 2.55e-03
1.14301e+00 2.55e-03
1.14339e+00 2.55e-03
1.14374e+00 2.54e-03
1.14413e+00 2.54e-03
1.14448e+00 2.54e-03
1.14483e+00 2.53e-03
1.14521e+00 2.53e-03
1.14556e+00 2.53e-03
1.14594e+00 2.53e-03
1.14629e+00 2.52e-03
1.14664e+00 2.52e-03
1.14702e+00 2.52e-03
1.14737e+00 2.51e-03
1.14775e+00 2.51e-03
1.14810e+00 2.51e-03
1.14845e+00 2.51e-03
1.14883e+00 2.50e-03
1.14918e+00 2.50e-03
1.14956e+00 2.50e-03
1.14991e+00 2.49e-03
1.15026e+00 2.49e-03
1.15064e+00 2.49e-03
1.15098e+00 2.49e-03
1.15133e+00 2.48e-03
1.15171e+00 2.48e-03
1.15206e+00 2.48e-03
1.15691e+00 2.45e-03
1.16312e+00 2.41e-03
1.16929e+00 2.38e-03
1.17573e+00 2.35e-03
1.18216e+00 2.33e-03
1.18696e+00 2.31e-03
1.19565e+00 2.27e-03
1.19918e+00 2.26e-03
1.20237e+00 2.26e-03
1.20522e+00 2.26e-03
1.20756e+00 2.26e-03
1.20956e+00 2.26e-03
1.21155e+00 2.27e-03
1.21568e+00 2.29e-03
1.21749e+00 2.29e-03
1.21882e+00 2.29e-03
1.21980e+00 2.29e-03
1.22045e+00 2.28e-03
1.22080e+00 2.28e-03
1.22112e+00 2.28e-03
1.22145e+00 2.28e-03
1.22192e+00 2.27e-03
1.22292e+00 2.27e-03
1.22325e+00 2.27e-03
1.22357e+00 2.26e-03
1.22389e+00 2.25e-03
1.22422e+00 2.25e-03
1.22454e+00 2.24e-03
1.22486e+00 2.23e-03
1.22519e+00 2.23e-03
1.22554e+00 2.22e-03
1.22586e+00 2.22e-03
1.22618e+00 2.22e-03
1.22651e+00 2.21e-03
1.22683e+00 2.21e-03
1.22715e+00 2.20e-03
1.22747e+00 2.20e-03
1.22780e+00 2.19e-03
1.22812e+00 2.19e-03
1.22844e+00 2.18e-03
1.22876e+00 2.18e-03
1.22911e+00 2.17e-03
1.22944e+00 2.17e-03
1.22976e+00 2.17e-03
1.23008e+00 2.16e-03
1.23040e+00 2.16e-03
1.23072e+00 2.16e-03
1.23104e+00 2.15e-03
1.23136e+00 2.15e-03
1.23169e+00 2.14e-03
1.23201e+00 2.14e-03
1.23233e+00 2.14e-03
1.23265e+00 2.13e-03
1.23300e+00 2.13e-03
1.23332e+00 2.13e-03
1.23364e+00 2.12e-03
1.23396e+00 2.12e-03
1.23428e+00 2.12e-03
1.23460e+00 2.12e-03
1.23492e+00 2.11e-03
1.23524e+00 2.11e-03
1.23556e+00 2.11e-03
1.23588e+00 2.10e-03
1.23620e+00 2.10e-03
1.23652e+00 2.10e-03
1.23684e+00 2.10e-03
1.23719e+00 2.09e-03
1.23750e+00 2.09e-03
1.23782e+00 2.09e-03
1.23814e+00 2.09e-03
1.23846e+00 2.08e-03
1.23878e+00 2.08e-03
1.23910e+00 2.08e-03
1.23942e+00 2.08e-03
1.23974e+00 2.07e-03
1.24005e+00 2.07e-03
1.24277e+00 2.06e-03
1.24358e+00 2.05e-03
1.24390e+00 2.05e-03
1.24421e+00 2.05e-03
1.24565e+00 2.04e-03
1.25402e+00 1.99e-03
1.26700e+00 1.93e-03
1.26931e+00 1.92e-03
1.26962e+00 1.92e-03
1.26993e+00 1.93e-03
1.27024e+00 1.93e-03
1.27055e+00 1.93e-03
1.27102e+00 1.94e-03
1.27133e+00 1.93e-03
1.27164e+00 1.93e-03
1.27195e+00 1.92e-03
1.27226e+00 1.91e-03
1.27257e+00 1.91e-03
1.27287e+00 1.91e-03
1.27640e+00 1.89e-03
1.27932e+00 1.88e-03
1.28038e+00 1.88e-03
1.28068e+00 1.88e-03
1.28099e+00 1.88e-03
1.28129e+00 1.87e-03
1.28160e+00 1.87e-03
1.28191e+00 1.87e-03
1.28221e+00 1.87e-03
1.28482e+00 1.86e-03
1.29283e+00 1.83e-03
1.29327e+00 1.83e-03
1.29358e+00 1.82e-03
1.29388e+00 1.82e-03
1.29495e+00 1.82e-03
1.29673e+00 1.81e-03
1.29689e+00 1.81e-03
1.29719e+00 1.82e-03
1.29733e+00 1.82e-03
1.29749e+00 1.82e-03
1.29779e+00 1.81e-03
1.29793e+00 1.81e-03
1.30229e+00 1.79e-03
1.30525e+00 1.78e-03
1.30601e+00 1.78e-03
1.30630e+00 1.78e-03
1.30660e+00 1.78e-03
1.30690e+00 1.77e-03
1.30822e+00 1.77e-03
1.30852e+00 1.77e-03
1.31014e+00 1.76e-03
1.31149e+00 1.76e-03
1.31192e+00 1.76e-03
1.31222e+00 1.75e-03
1.31560e+00 1.74e-03
1.32133e+00 1.72e-03
1.32221e+00 1.72e-03
1.32617e+00 1.71e-03
1.33110e+00 1.71e-03
1.33284e+00 1.70e-03
1.33371e+00 1.70e-03
1.33429e+00 1.70e-03
1.33458e+00 1.69e-03
1.33487e+00 1.69e-03
1.33516e+00 1.69e-03
1.33545e+00 1.69e-03
1.33574e+00 1.69e-03
1.33603e+00 1.68e-03
1.33632e+00 1.68e-03
1.33661e+00 1.68e-03
1.33689e+00 1.68e-03
1.33718e+00 1.68e-03
1.33747e+00 1.68e-03
1.33805e+00 1.67e-03
1.33834e+00 1.67e-03
1.33847e+00 1.67e-03
1.33863e+00 1.67e-03
1.33891e+00 1.67e-03
1.34020e+00 1.66e-03
1.34250e+00 1.65e-03
1.34636e+00 1.64e-03
1.34664e+00 1.64e-03
1.34709e+00 1.64e-03
1.34737e+00 1.64e-03
1.34779e+00 1.63e-03
1.34851e+00 1.63e-03
1.34893e+00 1.63e-03
1.34909e+00 1.63e-03
1.35320e+00 1.61e-03
1.35421e+00 1.61e-03
1.35462e+00 1.61e-03
1.35506e+00 1.61e-03
1.35535e+00 1.61e-03
1.35547e+00 1.61e-03
1.35761e+00 1.60e-03
1.35846e+00 1.60e-03
1.35931e+00 1.60e-03
1.35959e+00 1.60e-03
1.36000e+00 1.59e-03
1.36482e+00 1.58e-03
1.36538e+00 1.58e-03
1.36775e+00 1.57e-03
1.37237e+00 1.55e-03
1.37280e+00 1.55e-03
1.37308e+00 1.56e-03
1.37336e+00 1.56e-03
1.37364e+00 1.56e-03
1.37392e+00 1.56e-03
1.37420e+00 1.55e-03
1.37447e+00 1.55e-03
1.37490e+00 1.55e-03
1.37503e+00 1.55e-03
1.37518e+00 1.55e-03
1.37546e+00 1.55e-03
1.38060e+00 1.53e-03
1.38131e+00 1.53e-03
1.38171e+00 1.53e-03
1.38544e+00 1.52e-03
1.38587e+00 1.52e-03
1.38602e+00 1.52e-03
1.38629e+00 1.53e-03
1.38642e+00 1.53e-03
1.38657e+00 1.52e-03
1.38837e+00 1.52e-03
1.39098e+00 1.51e-03
1.39262e+00 1.51e-03
1.39344e+00 1.52e-03
1.39429e+00 1.52e-03
1.39553e+00 1.52e-03
1.39620e+00 1.52e-03
1.39674e+00 1.52e-03
1.39770e+00 1.52e-03
1.39812e+00 1.52e-03
1.39840e+00 1.52e-03
1.39867e+00 1.51e-03
1.39909e+00 1.51e-03
1.40059e+00 1.51e-03
1.40195e+00 1.51e-03
1.40278e+00 1.51e-03
1.40332e+00 1.52e-03
1.40386e+00 1.52e-03
1.40401e+00 1.52e-03
1.40413e+00 1.52e-03
1.40428e+00 1.52e-03
1.40440e+00 1.52e-03
1.40467e+00 1.52e-03
1.40497e+00 1.52e-03
1.40524e+00 1.53e-03
1.40563e+00 1.53e-03
1.40605e+00 1.53e-03
1.40632e+00 1.53e-03
1.40659e+00 1.53e-03
1.40686e+00 1.53e-03
1.40713e+00 1.54e-03
1.40742e+00 1.54e-03
1.40754e+00 1.54e-03
1.40769e+00 1.55e-03
1.40781e+00 1.55e-03
1.40796e+00 1.54e-03
1.40823e+00 1.54e-03
1.40850e+00 1.55e-03
1.40876e+00 1.55e-03
1.40903e+00 1.55e-03
1.40930e+00 1.55e-03
1.40960e+00 1.56e-03
1.40986e+00 1.56e-03
1.41013e+00 1.56e-03
1.41040e+00 1.56e-03
1.41067e+00 1.57e-03
1.41094e+00 1.57e-03
1.41121e+00 1.57e-03
1.41150e+00 1.58e-03
1.41177e+00 1.58e-03
1.41204e+00 1.58e-03
1.41230e+00 1.58e-03
1.41257e+00 1.59e-03
1.41284e+00 1.59e-03
1.41311e+00 1.59e-03
1.41340e+00 1.60e-03
1.41367e+00 1.60e-03
1.41461e+00 1.60e-03
1.41556e+00 1.60e-03
1.41610e+00 1.60e-03
1.41636e+00 1.60e-03
1.41663e+00 1.60e-03
1.41690e+00 1.60e-03
1.41719e+00 1.60e-03
1.41745e+00 1.59e-03
1.41772e+00 1.59e-03
1.41799e+00 1.59e-03
1.41825e+00 1.58e-03
1.41852e+00 1.58e-03
1.41881e+00 1.58e-03
1.41908e+00 1.58e-03
1.41934e+00 1.57e-03
1.41961e+00 1.57e-03
1.41987e+00 1.56e-03
1.42014e+00 1.56e-03
1.42043e+00 1.55e-03
1.42070e+00 1.55e-03
1.42082e+00 1.55e-03
1.42096e+00 1.55e-03
1.42123e+00 1.54e-03
1.42149e+00 1.54e-03
1.42176e+00 1.53e-03
1.42205e+00 1.53e-03
1.42231e+00 1.53e-03
1.42258e+00 1.52e-03
1.42284e+00 1.52e-03
1.42311e+00 1.51e-03
1.42337e+00 1.51e-03
1.42366e+00 1.51e-03
1.42393e+00 1.50e-03
1.42419e+00 1.50e-03
1.42446e+00 1.50e-03
1.42472e+00 1.49e-03
1.42501e+00 1.49e-03
1.42527e+00 1.48e-03
1.42554e+00 1.48e-03
1.42580e+00 1.48e-03
1.42607e+00 1.47e-03
1.42636e+00 1.47e-03
1.42662e+00 1.47e-03
1.42688e+00 1.47e-03
1.42715e+00 1.46e-03
1.42741e+00 1.46e-03
1.42768e+00 1.46e-03
1.42796e+00 1.45e-03
1.42823e+00 1.45e-03
1.42849e+00 1.45e-03
1.42876e+00 1.45e-03
1.42902e+00 1.44e-03
1.42931e+00 1.44e-03
1.42943e+00 1.45e-03
1.42969e+00 1.46e-03
1.42998e+00 1.45e-03
1.43010e+00 1.44e-03
1.43024e+00 1.44e-03
1.43038e+00 1.44e-03
1.43050e+00 1.44e-03
1.43065e+00 1.44e-03
1.43077e+00 1.44e-03
1.43105e+00 1.43e-03
1.43132e+00 1.43e-03
1.43158e+00 1.42e-03
1.43184e+00 1.42e-03
1.43210e+00 1.42e-03
1.43239e+00 1.42e-03
1.43265e+00 1.42e-03
1.43292e+00 1.41e-03
1.43318e+00 1.41e-03
1.43480e+00 1.41e-03
1.43506e+00 1.41e-03
1.43532e+00 1.41e-03
1.43547e+00 1.41e-03
1.43558e+00 1.40e-03
1.43680e+00 1.40e-03
1.43920e+00 1.39e-03
1.44107e+00 1.38e-03
1.44187e+00 1.38e-03
1.44213e+00 1.38e-03
1.44239e+00 1.38e-03
1.44265e+00 1.38e-03
1.44293e+00 1.37e-03
1.44319e+00 1.37e-03
1.44345e+00 1.37e-03
1.44371e+00 1.37e-03
1.44400e+00 1.37e-03
1.44426e+00 1.37e-03
1.44452e+00 1.36e-03
1.44478e+00 1.36e-03
1.44506e+00 1.36e-03
1.44532e+00 1.36e-03
1.44558e+00 1.36e-03
1.44586e+00 1.36e-03
1.44612e+00 1.36e-03
1.44864e+00 1.34e-03
1.45194e+00 1.33e-03
1.45208e+00 1.33e-03
1.45222e+00 1.33e-03
1.45234e+00 1.34e-03
1.45262e+00 1.33e-03
1.45458e+00 1.32e-03
1.45538e+00 1.32e-03
1.45552e+00 1.32e-03
1.45566e+00 1.33e-03
1.45577e+00 1.33e-03
1.45591e+00 1.32e-03
1.45815e+00 1.31e-03
1.46383e+00 1.30e-03
1.46554e+00 1.29e-03
1.46566e+00 1.31e-03
1.46594e+00 1.39e-03
1.46605e+00 1.36e-03
1.46619e+00 1.29e-03
1.46633e+00 1.29e-03
1.46644e+00 1.30e-03
1.46658e+00 1.30e-03
1.46686e+00 1.29e-03
1.46698e+00 1.29e-03
1.46921e+00 1.28e-03
1.47105e+00 1.28e-03
1.47433e+00 1.27e-03
1.48256e+00 1.26e-03
1.48360e+00 1.25e-03
1.48919e+00 1.24e-03
1.48932e+00 1.24e-03
1.48946e+00 1.25e-03
1.48960e+00 1.24e-03
1.48971e+00 1.24e-03
1.48984e+00 1.24e-03
1.48998e+00 1.24e-03
1.49011e+00 1.25e-03
1.49023e+00 1.25e-03
1.49036e+00 1.24e-03
1.49101e+00 1.24e-03
1.49634e+00 1.23e-03
1.49647e+00 1.23e-03
1.49828e+00 1.22e-03
1.49842e+00 1.23e-03
1.50268e+00 1.22e-03
1.50410e+00 1.22e-03
1.50437e+00 1.21e-03
1.50463e+00 1.21e-03
1.50528e+00 1.21e-03
1.50643e+00 1.21e-03
1.50656e+00 1.21e-03
1.50670e+00 1.21e-03
1.50825e+00 1.21e-03
1.51328e+00 1.20e-03
1.52305e+00 1.18e-03
1.52318e+00 1.18e-03
1.52884e+00 1.17e-03
1.52910e+00 1.17e-03
1.52936e+00 1.17e-03
1.52975e+00 1.17e-03
1.53115e+00 1.17e-03
1.53974e+00 1.16e-03
1.54945e+00 1.14e-03
1.55673e+00 1.14e-03
1.55699e+00 1.14e-03
1.55739e+00 1.14e-03
1.55777e+00 1.13e-03
1.55814e+00 1.13e-03
1.55852e+00 1.13e-03
1.56235e+00 1.13e-03
1.56249e+00 1.13e-03
1.56312e+00 1.13e-03
1.56390e+00 1.14e-03
1.56415e+00 1.13e-03
1.56440e+00 1.13e-03
1.56478e+00 1.13e-03
1.56670e+00 1.13e-03
1.56887e+00 1.13e-03
1.56949e+00 1.13e-03
1.56989e+00 1.13e-03
1.57001e+00 1.13e-03
1.57039e+00 1.13e-03
1.57727e+00 1.13e-03
1.58250e+00 1.12e-03
1.58453e+00 1.12e-03
1.58519e+00 1.12e-03
1.58568e+00 1.12e-03
1.58594e+00 1.13e-03
1.58619e+00 1.13e-03
1.58633e+00 1.13e-03
1.58658e+00 1.13e-03
1.58682e+00 1.12e-03
1.58848e+00 1.12e-03
1.58887e+00 1.13e-03
1.58899e+00 1.13e-03
1.58913e+00 1.14e-03
1.58926e+00 1.15e-03
1.58938e+00 1.13e-03
1.58950e+00 1.13e-03
1.58977e+00 1.13e-03
1.59052e+00 1.13e-03
1.59079e+00 1.13e-03
1.59103e+00 1.14e-03
1.59129e+00 1.14e-03
1.59154e+00 1.14e-03
1.59180e+00 1.14e-03
1.59207e+00 1.15e-03
1.59231e+00 1.15e-03
1.59258e+00 1.15e-03
1.59282e+00 1.16e-03
1.59308e+00 1.17e-03
1.59333e+00 1.17e-03
1.59359e+00 1.18e-03
1.59384e+00 1.19e-03
1.59398e+00 1.19e-03
1.59410e+00 1.19e-03
1.59434e+00 1.20e-03
1.59461e+00 1.21e-03
1.59485e+00 1.21e-03
1.59524e+00 1.21e-03
1.59550e+00 1.21e-03
1.59574e+00 1.21e-03
1.59601e+00 1.20e-03
1.59627e+00 1.20e-03
1.59651e+00 1.19e-03
1.59678e+00 1.18e-03
1.59690e+00 1.18e-03
1.59716e+00 1.17e-03
1.59728e+00 1.17e-03
1.59755e+00 1.16e-03
1.59779e+00 1.15e-03
1.59805e+00 1.15e-03
1.59830e+00 1.14e-03
1.59856e+00 1.14e-03
1.59882e+00 1.14e-03
1.59906e+00 1.13e-03
1.59933e+00 1.13e-03
1.59957e+00 1.13e-03
1.59983e+00 1.12e-03
1.60009e+00 1.12e-03
1.60034e+00 1.12e-03
1.60060e+00 1.12e-03
1.60086e+00 1.12e-03
1.60110e+00 1.12e-03
1.60137e+00 1.11e-03
1.60276e+00 1.11e-03
1.60519e+00 1.10e-03
1.60838e+00 1.10e-03
1.60902e+00 1.10e-03
1.60966e+00 1.10e-03
1.60990e+00 1.10e-03
1.61004e+00 1.10e-03
1.61042e+00 1.10e-03
1.61488e+00 1.09e-03
1.61552e+00 1.09e-03
1.61566e+00 1.09e-03
1.61590e+00 1.09e-03
1.61834e+00 1.09e-03
1.61846e+00 1.10e-03
1.62024e+00 1.10e-03
1.62458e+00 1.10e-03
1.62626e+00 1.10e-03
1.62997e+00 1.10e-03
1.63138e+00 1.10e-03
1.63188e+00 1.11e-03
1.63202e+00 1.12e-03
1.63228e+00 1.16e-03
1.63239e+00 1.17e-03
1.63265e+00 1.11e-03
1.63278e+00 1.10e-03
1.64252e+00 1.11e-03
1.64355e+00 1.11e-03
1.64380e+00 1.11e-03
1.64394e+00 1.11e-03
1.64432e+00 1.11e-03
1.64818e+00 1.12e-03
1.64972e+00 1.12e-03
1.65357e+00 1.12e-03
1.65370e+00 1.12e-03
1.65395e+00 1.14e-03
1.65422e+00 1.13e-03
1.65435e+00 1.12e-03
1.65447e+00 1.12e-03
1.65474e+00 1.12e-03
1.65512e+00 1.12e-03
1.65615e+00 1.12e-03
1.65628e+00 1.12e-03
1.65642e+00 1.12e-03
1.65705e+00 1.12e-03
1.65834e+00 1.12e-03
1.65859e+00 1.13e-03
1.65886e+00 1.13e-03
1.65899e+00 1.13e-03
1.65924e+00 1.13e-03
1.65964e+00 1.13e-03
1.66104e+00 1.13e-03
1.66118e+00 1.13e-03
1.66157e+00 1.13e-03
1.66169e+00 1.13e-03
1.66182e+00 1.14e-03
1.66195e+00 1.15e-03
1.66222e+00 1.13e-03
1.66233e+00 1.13e-03
1.67010e+00 1.14e-03
1.67217e+00 1.14e-03
1.67243e+00 1.15e-03
1.67269e+00 1.15e-03
1.67296e+00 1.15e-03
1.67307e+00 1.15e-03
1.67320e+00 1.15e-03
1.67346e+00 1.15e-03
1.67386e+00 1.15e-03
1.67541e+00 1.15e-03
1.67554e+00 1.15e-03
1.67567e+00 1.15e-03
1.67683e+00 1.15e-03
1.67969e+00 1.16e-03
1.68073e+00 1.16e-03
1.68113e+00 1.16e-03
1.68139e+00 1.16e-03
1.68269e+00 1.16e-03
1.68282e+00 1.20e-03
1.68295e+00 1.26e-03
1.68308e+00 1.28e-03
1.68321e+00 1.17e-03
1.68738e+00 1.18e-03
1.69026e+00 1.19e-03
1.69117e+00 1.19e-03
1.69129e+00 1.19e-03
1.69142e+00 1.19e-03
1.69170e+00 1.20e-03
1.69209e+00 1.19e-03
1.69418e+00 1.20e-03
1.69444e+00 1.20e-03
1.69483e+00 1.20e-03
1.69758e+00 1.21e-03
1.70178e+00 1.23e-03
1.70191e+00 1.23e-03
1.70205e+00 1.23e-03
1.70218e+00 1.23e-03
1.70244e+00 1.23e-03
1.70284e+00 1.23e-03
1.70309e+00 1.23e-03
1.70600e+00 1.24e-03
1.70731e+00 1.25e-03
1.70811e+00 1.25e-03
1.71022e+00 1.26e-03
1.71075e+00 1.26e-03
1.71127e+00 1.27e-03
1.71154e+00 1.27e-03
1.71167e+00 1.27e-03
1.71194e+00 1.27e-03
1.71246e+00 1.27e-03
1.71326e+00 1.27e-03
1.71353e+00 1.28e-03
1.71378e+00 1.28e-03
1.71405e+00 1.28e-03
1.71432e+00 1.28e-03
1.71457e+00 1.28e-03
1.71484e+00 1.28e-03
1.71538e+00 1.28e-03
1.71563e+00 1.29e-03
1.71590e+00 1.29e-03
1.71617e+00 1.29e-03
1.71657e+00 1.29e-03
1.71684e+00 1.29e-03
1.71709e+00 1.29e-03
1.71736e+00 1.29e-03
1.71763e+00 1.30e-03
1.71790e+00 1.30e-03
1.71817e+00 1.30e-03
1.71842e+00 1.30e-03
1.71869e+00 1.30e-03
1.71896e+00 1.30e-03
1.71922e+00 1.31e-03
1.71935e+00 1.31e-03
1.71974e+00 1.31e-03
1.71989e+00 1.31e-03
1.72016e+00 1.31e-03
1.72042e+00 1.31e-03
1.72068e+00 1.31e-03
1.72094e+00 1.32e-03
1.72121e+00 1.32e-03
1.72148e+00 1.32e-03
1.72175e+00 1.32e-03
1.72202e+00 1.32e-03
1.72228e+00 1.32e-03
1.72255e+00 1.33e-03
1.72280e+00 1.33e-03
1.72307e+00 1.33e-03
1.72334e+00 1.33e-03
1.72361e+00 1.33e-03
1.72387e+00 1.33e-03
1.72414e+00 1.34e-03
1.72441e+00 1.34e-03
1.72468e+00 1.34e-03
1.72494e+00 1.34e-03
1.72521e+00 1.34e-03
1.72548e+00 1.34e-03
1.72574e+00 1.35e-03
1.72601e+00 1.35e-03
1.72628e+00 1.35e-03
1.72655e+00 1.35e-03
1.72681e+00 1.35e-03
1.72708e+00 1.35e-03
1.72735e+00 1.36e-03
1.72761e+00 1.36e-03
1.72788e+00 1.36e-03
1.72814e+00 1.36e-03
1.72841e+00 1.36e-03
1.72868e+00 1.36e-03
1.72894e+00 1.37e-03
1.72921e+00 1.37e-03
1.72948e+00 1.37e-03
1.72974e+00 1.37e-03
1.73001e+00 1.37e-03
1.73029e+00 1.37e-03
1.73056e+00 1.38e-03
1.73082e+00 1.38e-03
1.73109e+00 1.38e-03
1.73135e+00 1.38e-03
1.73162e+00 1.38e-03
1.73189e+00 1.38e-03
1.73215e+00 1.39e-03
1.73243e+00 1.39e-03
1.73270e+00 1.39e-03
1.73296e+00 1.39e-03
1.73309e+00 1.39e-03
1.73337e+00 1.39e-03
1.73364e+00 1.40e-03
1.73390e+00 1.40e-03
1.73417e+00 1.40e-03
1.73443e+00 1.40e-03
1.73471e+00 1.40e-03
1.73498e+00 1.41e-03
1.73524e+00 1.41e-03
1.73551e+00 1.41e-03
1.73579e+00 1.41e-03
1.73605e+00 1.41e-03
1.73632e+00 1.42e-03
1.73658e+00 1.42e-03
1.73686e+00 1.42e-03
1.73699e+00 1.42e-03
1.73713e+00 1.42e-03
1.73739e+00 1.42e-03
1.73766e+00 1.43e-03
1.73794e+00 1.43e-03
1.73820e+00 1.43e-03
1.73846e+00 1.43e-03
1.73875e+00 1.43e-03
1.73901e+00 1.44e-03
1.73927e+00 1.44e-03
1.73955e+00 1.44e-03
1.73982e+00 1.44e-03
1.74008e+00 1.45e-03
1.74036e+00 1.45e-03
1.74062e+00 1.45e-03
1.74089e+00 1.45e-03
1.74117e+00 1.46e-03
1.74143e+00 1.46e-03
1.74171e+00 1.46e-03
1.74197e+00 1.46e-03
1.74224e+00 1.47e-03
1.74252e+00 1.47e-03
1.74278e+00 1.47e-03
1.74306e+00 1.47e-03
1.74318e+00 1.48e-03
1.74332e+00 1.48e-03
1.74346e+00 1.48e-03
1.74372e+00 1.48e-03
1.74400e+00 1.48e-03
1.74427e+00 1.48e-03
1.74455e+00 1.49e-03
1.74481e+00 1.49e-03
1.74509e+00 1.49e-03
1.74535e+00 1.49e-03
1.74563e+00 1.50e-03
1.74589e+00 1.50e-03
1.74617e+00 1.50e-03
1.74643e+00 1.50e-03
1.74671e+00 1.51e-03
1.74697e+00 1.51e-03
1.74725e+00 1.51e-03
1.74751e+00 1.51e-03
1.74779e+00 1.52e-03
1.74807e+00 1.52e-03
1.74833e+00 1.52e-03
1.74861e+00 1.52e-03
1.74887e+00 1.52e-03
1.74915e+00 1.53e-03
1.74943e+00 1.53e-03
1.74969e+00 1.53e-03
1.74996e+00 1.54e-03
1.75023e+00 1.54e-03
1.75050e+00 1.54e-03
1.75078e+00 1.54e-03
1.75104e+00 1.55e-03
1.75132e+00 1.55e-03
1.75160e+00 1.55e-03
1.75186e+00 1.55e-03
1.75213e+00 1.56e-03
1.75241e+00 1.56e-03
1.75267e+00 1.56e-03
1.75295e+00 1.57e-03
1.75323e+00 1.57e-03
1.75350e+00 1.57e-03
1.75376e+00 1.58e-03
1.75404e+00 1.58e-03
1.75432e+00 1.58e-03
1.75459e+00 1.59e-03
1.75485e+00 1.59e-03
1.75513e+00 1.59e-03
1.75541e+00 1.60e-03
1.75568e+00 1.60e-03
1.75596e+00 1.60e-03
1.75622e+00 1.61e-03
1.75649e+00 1.61e-03
1.75677e+00 1.61e-03
1.75691e+00 1.61e-03
1.75705e+00 1.62e-03
1.75719e+00 1.62e-03
1.75746e+00 1.62e-03
1.75772e+00 1.62e-03
1.75786e+00 1.62e-03
1.75800e+00 1.64e-03
1.75827e+00 1.64e-03
1.75855e+00 1.65e-03
1.75882e+00 1.65e-03
1.75910e+00 1.65e-03
1.75937e+00 1.66e-03
1.75965e+00 1.66e-03
1.75991e+00 1.66e-03
1.76018e+00 1.67e-03
1.76046e+00 1.67e-03
1.76073e+00 1.67e-03
1.76101e+00 1.68e-03
1.76115e+00 1.68e-03
1.76128e+00 1.68e-03
1.76142e+00 1.68e-03
1.76170e+00 1.69e-03
1.76197e+00 1.69e-03
1.76224e+00 1.69e-03
1.76252e+00 1.69e-03
1.76279e+00 1.70e-03
1.76307e+00 1.70e-03
1.76334e+00 1.71e-03
1.76362e+00 1.71e-03
1.76389e+00 1.71e-03
1.76417e+00 1.72e-03
1.76444e+00 1.72e-03
1.76471e+00 1.72e-03
1.76499e+00 1.73e-03
1.76526e+00 1.73e-03
1.76555e+00 1.73e-03
1.76583e+00 1.74e-03
1.76610e+00 1.74e-03
1.76637e+00 1.75e-03
1.76665e+00 1.75e-03
1.76692e+00 1.75e-03
1.76719e+00 1.76e-03
1.76747e+00 1.76e-03
1.76774e+00 1.77e-03
1.76803e+00 1.77e-03
1.76830e+00 1.77e-03
1.76858e+00 1.78e-03
1.76885e+00 1.78e-03
1.76912e+00 1.79e-03
1.76941e+00 1.79e-03
1.76968e+00 1.80e-03
1.76996e+00 1.80e-03
1.77023e+00 1.81e-03
1.77050e+00 1.81e-03
1.77079e+00 1.81e-03
1.77106e+00 1.82e-03
1.77134e+00 1.82e-03
1.77161e+00 1.83e-03
1.77176e+00 1.83e-03
1.77203e+00 1.84e-03
1.77230e+00 1.85e-03
1.77258e+00 1.85e-03
1.77273e+00 1.86e-03
1.77356e+00 1.86e-03
1.77383e+00 1.87e-03
1.77397e+00 1.87e-03
1.77410e+00 1.87e-03
1.77439e+00 1.87e-03
1.77466e+00 1.88e-03
1.77494e+00 1.88e-03
1.77522e+00 1.89e-03
1.77549e+00 1.90e-03
1.77578e+00 1.90e-03
1.77605e+00 1.91e-03
1.77632e+00 1.91e-03
1.77661e+00 1.92e-03
1.77688e+00 1.92e-03
1.77717e+00 1.93e-03
1.77744e+00 1.93e-03
1.77773e+00 1.94e-03
1.77800e+00 1.94e-03
1.77829e+00 1.95e-03
1.77856e+00 1.95e-03
1.77884e+00 1.96e-03
1.77911e+00 1.97e-03
1.77940e+00 1.97e-03
1.77967e+00 1.98e-03
1.77996e+00 1.98e-03
1.78023e+00 1.99e-03
1.78051e+00 2.00e-03
1.78078e+00 2.00e-03
1.78107e+00 2.01e-03
1.78136e+00 2.01e-03
1.78162e+00 2.02e-03
1.78191e+00 2.03e-03
1.78218e+00 2.03e-03
1.78247e+00 2.04e-03
1.78275e+00 2.04e-03
1.78302e+00 2.05e-03
1.78331e+00 2.06e-03
1.78359e+00 2.06e-03
1.78386e+00 2.07e-03
1.78415e+00 2.08e-03
1.78443e+00 2.08e-03
1.78470e+00 2.09e-03
1.78499e+00 2.10e-03
1.78527e+00 2.10e-03
1.78554e+00 2.11e-03
1.78583e+00 2.12e-03
1.78611e+00 2.12e-03
1.78640e+00 2.13e-03
1.78666e+00 2.14e-03
1.78695e+00 2.14e-03
1.78723e+00 2.15e-03
1.78752e+00 2.16e-03
1.78780e+00 2.17e-03
1.78807e+00 2.17e-03
1.78835e+00 2.18e-03
1.78864e+00 2.19e-03
1.78892e+00 2.20e-03
1.78921e+00 2.20e-03
1.78949e+00 2.21e-03
1.78976e+00 2.22e-03
1.79004e+00 2.23e-03
1.79033e+00 2.24e-03
1.79061e+00 2.24e-03
1.79089e+00 2.25e-03
1.79118e+00 2.26e-03
1.79146e+00 2.27e-03
1.79174e+00 2.28e-03
1.79203e+00 2.28e-03
1.79231e+00 2.29e-03
1.79259e+00 2.30e-03
1.79288e+00 2.31e-03
1.79316e+00 2.32e-03
1.79344e+00 2.33e-03
1.79372e+00 2.34e-03
1.79401e+00 2.34e-03
1.79429e+00 2.35e-03
1.79457e+00 2.36e-03
1.79485e+00 2.37e-03
1.79514e+00 2.38e-03
1.79542e+00 2.39e-03
1.79570e+00 2.40e-03
1.79598e+00 2.41e-03
1.79627e+00 2.42e-03
1.79655e+00 2.43e-03
1.79683e+00 2.44e-03
1.79711e+00 2.45e-03
1.79739e+00 2.46e-03
1.79769e+00 2.47e-03
1.79797e+00 2.48e-03
1.79825e+00 2.49e-03
1.79854e+00 2.50e-03
1.79882e+00 2.51e-03
1.79910e+00 2.52e-03
1.79940e+00 2.53e-03
1.79968e+00 2.54e-03
1.79996e+00 2.55e-03
1.80024e+00 2.56e-03
1.80054e+00 2.57e-03
1.80082e+00 2.58e-03
1.80110e+00 2.60e-03
1.80138e+00 2.61e-03
1.80168e+00 2.62e-03
1.80196e+00 2.63e-03
1.80224e+00 2.64e-03
1.80253e+00 2.66e-03
1.80281e+00 2.67e-03
1.80309e+00 2.68e-03
1.80339e+00 2.69e-03
1.80367e+00 2.70e-03
1.80395e+00 2.72e-03
1.80425e+00 2.73e-03
1.80453e+00 2.74e-03
1.80482e+00 2.76e-03
1.80510e+00 2.77e-03
1.80538e+00 2.78e-03
1.80568e+00 2.80e-03
1.80596e+00 2.81e-03
1.80625e+00 2.82e-03
1.80653e+00 2.84e-03
1.80683e+00 2.85e-03
1.80711e+00 2.87e-03
1.80740e+00 2.88e-03
1.80768e+00 2.90e-03
1.80798e+00 2.91e-03
1.80826e+00 2.92e-03
1.80855e+00 2.94e-03
1.80883e+00 2.95e-03
1.80912e+00 2.97e-03
1.80940e+00 2.98e-03
1.80970e+00 3.00e-03
1.80999e+00 3.01e-03
1.81027e+00 3.03e-03
1.81056e+00 3.05e-03
1.81084e+00 3.06e-03
1.81114e+00 3.08e-03
1.81143e+00 3.09e-03
1.81171e+00 3.11e-03
1.81200e+00 3.13e-03
1.81230e+00 3.14e-03
1.81257e+00 3.16e-03
1.81287e+00 3.18e-03
1.81316e+00 3.20e-03
1.81346e+00 3.21e-03
1.81373e+00 3.23e-03
1.81403e+00 3.25e-03
1.81432e+00 3.27e-03
1.81461e+00 3.29e-03
1.81489e+00 3.31e-03
1.81518e+00 3.32e-03
1.81548e+00 3.34e-03
1.81577e+00 3.36e-03
1.81606e+00 3.38e-03
1.81634e+00 3.40e-03
1.81663e+00 3.42e-03
1.81692e+00 3.44e-03
1.81722e+00 3.47e-03
1.81751e+00 3.49e-03
1.81780e+00 3.51e-03
1.81809e+00 3.53e-03
1.81839e+00 3.55e-03
1.81868e+00 3.57e-03
1.81895e+00 3.60e-03
1.81924e+00 3.62e-03
1.81954e+00 3.64e-03
1.81983e+00 3.67e-03
1.82012e+00 3.69e-03
1.82041e+00 3.72e-03
1.82070e+00 3.74e-03
1.82099e+00 3.76e-03
1.82129e+00 3.79e-03
1.82158e+00 3.82e-03
1.82188e+00 3.84e-03
1.82218e+00 3.87e-03
1.82247e+00 3.89e-03
1.82276e+00 3.92e-03
1.82305e+00 3.95e-03
1.82334e+00 3.98e-03
1.82363e+00 4.00e-03
1.82392e+00 4.03e-03
1.82421e+00 4.06e-03
1.82452e+00 4.09e-03
1.82481e+00 4.12e-03
1.82510e+00 4.15e-03
1.82539e+00 4.18e-03
1.82568e+00 4.21e-03
1.82598e+00 4.24e-03
1.82627e+00 4.28e-03
1.82656e+00 4.31e-03
1.82685e+00 4.34e-03
1.82716e+00 4.37e-03
1.82745e+00 4.41e-03
1.82774e+00 4.44e-03
1.82803e+00 4.48e-03
1.82833e+00 4.51e-03
1.82862e+00 4.55e-03
1.82891e+00 4.59e-03
1.82922e+00 4.62e-03
1.82950e+00 4.66e-03
1.82981e+00 4.70e-03
1.83010e+00 4.74e-03
1.83039e+00 4.78e-03
1.83069e+00 4.82e-03
1.83098e+00 4.86e-03
1.83128e+00 4.90e-03
1.83157e+00 4.94e-03
1.83188e+00 4.99e-03
1.83217e+00 5.03e-03
1.83247e+00 5.08e-03
1.83276e+00 5.12e-03
1.83306e+00 5.17e-03
1.83335e+00 5.21e-03
1.83365e+00 5.26e-03
1.83394e+00 5.31e-03
1.83424e+00 5.36e-03
1.83453e+00 5.41e-03
1.83483e+00 5.46e-03
1.83514e+00 5.51e-03
1.83543e+00 5.57e-03
1.83573e+00 5.62e-03
1.83602e+00 5.68e-03
1.83617e+00 5.71e-03
1.83646e+00 5.76e-03
1.83676e+00 5.82e-03
1.83707e+00 5.88e-03
1.83737e+00 5.93e-03
1.83766e+00 6.00e-03
1.83796e+00 6.06e-03
1.83826e+00 6.12e-03
1.83855e+00 6.19e-03
1.83885e+00 6.25e-03
1.83915e+00 6.32e-03
1.83945e+00 6.39e-03
1.83976e+00 6.46e-03
1.84004e+00 6.53e-03
1.84034e+00 6.60e-03
1.84064e+00 6.68e-03
1.84095e+00 6.75e-03
1.84125e+00 6.83e-03
1.84155e+00 6.91e-03
1.84185e+00 6.99e-03
1.84215e+00 7.07e-03
1.84244e+00 7.15e-03
1.84274e+00 7.24e-03
1.84304e+00 7.33e-03
1.84334e+00 7.41e-03
1.84364e+00 7.51e-03
1.84394e+00 7.60e-03
1.84424e+00 7.70e-03
1.84454e+00 7.79e-03
1.84484e+00 7.89e-03
1.84514e+00 7.99e-03
1.84544e+00 8.10e-03
1.84576e+00 8.21e-03
1.84606e+00 8.32e-03
1.84636e+00 8.43e-03
1.84666e+00 8.54e-03
1.84696e+00 8.66e-03
1.84726e+00 8.78e-03
1.84756e+00 8.90e-03
1.84786e+00 9.03e-03
1.84817e+00 9.16e-03
1.84847e+00 9.29e-03
1.84877e+00 9.43e-03
1.84907e+00 9.57e-03
1.84937e+00 9.71e-03
1.84968e+00 9.86e-03
1.84998e+00 1.00e-02
1.85028e+00 1.02e-02
1.85059e+00 1.03e-02
1.85089e+00 1.05e-02
1.85119e+00 1.07e-02
1.85151e+00 1.08e-02
1.85180e+00 1.10e-02
1.85210e+00 1.12e-02
1.85242e+00 1.14e-02
1.85271e+00 1.16e-02
1.85301e+00 1.18e-02
1.85332e+00 1.20e-02
1.85362e+00 1.22e-02
1.85394e+00 1.24e-02
1.85423e+00 1.26e-02
1.85455e+00 1.29e-02
1.85484e+00 1.31e-02
1.85516e+00 1.33e-02
1.85545e+00 1.36e-02
1.85577e+00 1.39e-02
1.85606e+00 1.41e-02
1.85638e+00 1.44e-02
1.85667e+00 1.47e-02
1.85699e+00 1.50e-02
1.85730e+00 1.53e-02
1.85759e+00 1.56e-02
1.85791e+00 1.59e-02
1.85822e+00 1.63e-02
1.85851e+00 1.66e-02
1.85883e+00 1.70e-02
1.85914e+00 1.74e-02
1.85943e+00 1.78e-02
1.85975e+00 1.82e-02
1.86006e+00 1.86e-02
1.86037e+00 1.91e-02
1.86066e+00 1.95e-02
1.86097e+00 2.00e-02
1.86129e+00 2.05e-02
1.86160e+00 2.10e-02
1.86191e+00 2.15e-02
1.86220e+00 2.21e-02
1.86251e+00 2.27e-02
1.86282e+00 2.33e-02
1.86313e+00 2.39e-02
1.86344e+00 2.46e-02
1.86375e+00 2.53e-02
1.86406e+00 2.60e-02
1.86437e+00 2.67e-02
1.86468e+00 2.75e-02
1.86499e+00 2.84e-02
1.86530e+00 2.92e-02
1.86561e+00 3.01e-02
1.86592e+00 3.11e-02
1.86623e+00 3.21e-02
1.86654e+00 3.32e-02
1.86685e+00 3.43e-02
1.86716e+00 3.54e-02
1.86747e+00 3.67e-02
1.86778e+00 3.80e-02
1.86793e+00 3.87e-02
1.86809e+00 3.94e-02
1.86824e+00 4.01e-02
1.86841e+00 4.08e-02
1.86857e+00 4.16e-02
1.86872e+00 4.24e-02
1.86887e+00 4.32e-02
1.86903e+00 4.40e-02
1.86918e+00 4.49e-02
1.86934e+00 4.58e-02
1.86949e+00 4.67e-02
1.86965e+00 4.76e-02
1.86980e+00 4.86e-02
1.86997e+00 4.96e-02
1.87012e+00 5.06e-02
1.87028e+00 5.17e-02
1.87043e+00 5.28e-02
1.87059e+00 5.40e-02
1.87074e+00 5.51e-02
1.87089e+00 5.64e-02
1.87106e+00 5.76e-02
1.87122e+00 5.89e-02
1.87137e+00 6.03e-02
1.87153e+00 6.17e-02
1.87168e+00 6.31e-02
1.87183e+00 6.46e-02
1.87199e+00 6.62e-02
1.87216e+00 6.78e-02
1.87231e+00 6.95e-02
1.87246e+00 7.12e-02
1.87262e+00 7.31e-02
1.87277e+00 7.49e-02
1.87294e+00 7.69e-02
1.87309e+00 7.90e-02
1.87325e+00 8.11e-02
1.87340e+00 8.33e-02
1.87355e+00 8.56e-02
1.87372e+00 8.80e-02
1.87388e+00 9.05e-02
1.87403e+00 9.31e-02
1.87418e+00 9.59e-02
1.87435e+00 9.88e-02
1.87451e+00 1.02e-01
1.87466e+00 1.05e-01
1.87481e+00 1.08e-01
1.87498e+00 1.12e-01
1.87514e+00 1.15e-01
1.87529e+00 1.19e-01
1.87544e+00 1.23e-01
1.87561e+00 1.27e-01
1.87576e+00 1.32e-01
1.87592e+00 1.36e-01
1.87607e+00 1.41e-01
1.87624e+00 1.46e-01
1.87639e+00 1.52e-01
1.87654e+00 1.58e-01
1.87671e+00 1.64e-01
1.87687e+00 1.70e-01
1.87702e+00 1.77e-01
1.87717e+00 1.85e-01
1.87734e+00 1.92e-01
1.87749e+00 2.01e-01
1.87765e+00 2.10e-01
1.87781e+00 2.19e-01
1.87797e+00 2.29e-01
1.87812e+00 2.40e-01
1.87829e+00 2.52e-01
1.87844e+00 2.64e-01
1.87859e+00 2.78e-01
1.87876e+00 2.92e-01
1.87892e+00 3.08e-01
1.87907e+00 3.25e-01
1.87924e+00 3.43e-01
1.87939e+00 3.63e-01
1.87956e+00 3.85e-01
1.87971e+00 4.09e-01
1.87986e+00 4.35e-01
1.88003e+00 4.64e-01
1.88018e+00 4.96e-01
1.88033e+00 5.31e-01
1.88050e+00 5.70e-01
1.88066e+00 6.13e-01
1.88082e+00 6.62e-01
1.88098e+00 7.16e-01
1.88113e+00 7.78e-01
1.88130e+00 8.47e-01
1.88145e+00 9.26e-01
1.88162e+00 1.02e+00
1.88177e+00 1.12e+00
1.88194e+00 1.24e+00
1.88209e+00 1.38e+00
1.88224e+00 1.55e+00
1.88241e+00 1.75e+00
1.88256e+00 1.98e+00
1.88273e+00 2.27e+00
1.88288e+00 2.62e+00
1.88305e+00 3.05e+00
1.88320e+00 3.59e+00
1.88337e+00 4.27e+00
1.88352e+00 5.16e+00
1.88369e+00 6.31e+00
1.88384e+00 7.83e+00
1.88400e+00 9.83e+00
1.88416e+00 1.25e+01
1.88432e+00 1.57e+01
1.88448e+00 1.94e+01
1.88464e+00 2.27e+01
1.88479e+00 2.41e+01
1.88496e+00 2.30e+01
1.88511e+00 2.00e+01
1.88528e+00 1.63e+01
1.88543e+00 1.29e+01
1.88560e+00 1.02e+01
1.88575e+00 8.10e+00
1.88592e+00 6.52e+00
1.88607e+00 5.31e+00
1.88624e+00 4.39e+00
1.88639e+00 3.68e+00
1.88655e+00 3.12e+00
1.88672e+00 2.67e+00
1.88687e+00 2.31e+00
1.88704e+00 2.02e+00
1.88719e+00 1.78e+00
1.88736e+00 1.57e+00
1.88751e+00 1.40e+00
1.88768e+00 1.26e+00
1.88784e+00 1.14e+00
1.88799e+00 1.03e+00
1.88816e+00 9.36e-01
1.88831e+00 8.56e-01
1.88848e+00 7.85e-01
1.88864e+00 7.22e-01
1.88880e+00 6.67e-01
1.88896e+00 6.18e-01
1.88913e+00 5.74e-01
1.88928e+00 5.34e-01
1.88945e+00 4.99e-01
1.88961e+00 4.67e-01
1.88976e+00 4.37e-01
1.88993e+00 4.11e-01
1.89008e+00 3.87e-01
1.89025e+00 3.65e-01
1.89041e+00 3.44e-01
1.89056e+00 3.26e-01
1.89073e+00 3.09e-01
1.89090e+00 2.93e-01
1.89106e+00 2.78e-01
1.89121e+00 2.64e-01
1.89138e+00 2.52e-01
1.89154e+00 2.40e-01
1.89170e+00 2.29e-01
1.89186e+00 2.19e-01
1.89203e+00 2.10e-01
1.89218e+00 2.01e-01
1.89234e+00 1.92e-01
1.89251e+00 1.84e-01
1.89268e+00 1.77e-01
1.89283e+00 1.70e-01
1.89299e+00 1.64e-01
1.89316e+00 1.57e-01
1.89332e+00 1.52e-01
1.89347e+00 1.46e-01
1.89364e+00 1.41e-01
1.89380e+00 1.36e-01
1.89397e+00 1.31e-01
1.89412e+00 1.27e-01
1.89429e+00 1.23e-01
1.89445e+00 1.19e-01
1.89462e+00 1.15e-01
1.89478e+00 1.11e-01
1.89493e+00 1.08e-01
1.89510e+00 1.05e-01
1.89526e+00 1.01e-01
1.89543e+00 9.85e-02
1.89559e+00 9.56e-02
1.89574e+00 9.29e-02
1.89591e+00 9.03e-02
1.89607e+00 8.78e-02
1.89624e+00 8.54e-02
1.89640e+00 8.31e-02
1.89657e+00 8.09e-02
1.89672e+00 7.88e-02
1.89688e+00 7.68e-02
1.89705e+00 7.48e-02
1.89721e+00 7.29e-02
1.89738e+00 7.11e-02
1.89754e+00 6.94e-02
1.89771e+00 6.77e-02
1.89787e+00 6.61e-02
1.89802e+00 6.46e-02
1.89819e+00 6.31e-02
1.89835e+00 6.16e-02
1.89852e+00 6.02e-02
1.89868e+00 5.89e-02
1.89885e+00 5.76e-02
1.89901e+00 5.64e-02
1.89918e+00 5.52e-02
1.89934e+00 5.40e-02
1.89951e+00 5.29e-02
1.89967e+00 5.18e-02
1.89982e+00 5.07e-02
1.89999e+00 4.97e-02
1.90015e+00 4.87e-02
1.90031e+00 4.77e-02
1.90048e+00 4.68e-02
1.90064e+00 4.59e-02
1.90081e+00 4.50e-02
1.90097e+00 4.42e-02
1.90114e+00 4.34e-02
1.90130e+00 4.26e-02
1.90147e+00 4.18e-02
1.90163e+00 4.11e-02
1.90179e+00 4.03e-02
1.90196e+00 3.96e-02
1.90212e+00 3.89e-02
1.90245e+00 3.76e-02
1.90278e+00 3.64e-02
1.90311e+00 3.52e-02
1.90344e+00 3.41e-02
1.90378e+00 3.30e-02
1.90411e+00 3.20e-02
1.90443e+00 3.11e-02
1.90476e+00 3.02e-02
1.90509e+00 2.93e-02
1.90542e+00 2.85e-02
1.90576e+00 2.77e-02
1.90608e+00 2.69e-02
1.90641e+00 2.62e-02
1.90674e+00 2.55e-02
1.90708e+00 2.49e-02
1.90741e+00 2.43e-02
1.90773e+00 2.37e-02
1.90807e+00 2.31e-02
1.90840e+00 2.26e-02
1.90874e+00 2.21e-02
1.90907e+00 2.16e-02
1.90939e+00 2.11e-02
1.90974e+00 2.06e-02
1.91006e+00 2.02e-02
1.91040e+00 1.98e-02
1.91074e+00 1.94e-02
1.91107e+00 1.90e-02
1.91141e+00 1.86e-02
1.91173e+00 1.82e-02
1.91207e+00 1.79e-02
1.91241e+00 1.75e-02
1.91274e+00 1.72e-02
1.91308e+00 1.69e-02
1.91342e+00 1.66e-02
1.91374e+00 1.63e-02
1.91408e+00 1.61e-02
1.91442e+00 1.58e-02
1.91476e+00 1.55e-02
1.91508e+00 1.53e-02
1.91542e+00 1.50e-02
1.91576e+00 1.48e-02
1.91610e+00 1.46e-02
1.91644e+00 1.44e-02
1.91678e+00 1.42e-02
1.91711e+00 1.40e-02
1.91745e+00 1.38e-02
1.91779e+00 1.36e-02
1.91813e+00 1.34e-02
1.91847e+00 1.32e-02
1.91880e+00 1.30e-02
1.91914e+00 1.29e-02
1.91948e+00 1.27e-02
1.91982e+00 1.26e-02
1.92015e+00 1.24e-02
1.92050e+00 1.23e-02
1.92084e+00 1.21e-02
1.92118e+00 1.20e-02
1.92151e+00 1.19e-02
1.92185e+00 1.17e-02
1.92220e+00 1.16e-02
1.92254e+00 1.15e-02
1.92288e+00 1.14e-02
1.92323e+00 1.13e-02
1.92356e+00 1.12e-02
1.92390e+00 1.11e-02
1.92425e+00 1.10e-02
1.92458e+00 1.09e-02
1.92493e+00 1.08e-02
1.92527e+00 1.07e-02
1.92562e+00 1.06e-02
1.92596e+00 1.05e-02
1.92630e+00 1.04e-02
1.92664e+00 1.03e-02
1.92699e+00 1.03e-02
1.92734e+00 1.02e-02
1.92767e+00 1.01e-02
1.92802e+00 1.00e-02
1.92837e+00 9.98e-03
1.92871e+00 9.91e-03
1.92905e+00 9.85e-03
1.92940e+00 9.79e-03
1.92975e+00 9.73e-03
1.93009e+00 9.67e-03
1.93043e+00 9.61e-03
1.93078e+00 9.56e-03
1.93113e+00 9.51e-03
1.93148e+00 9.46e-03
1.93183e+00 9.41e-03
1.93217e+00 9.37e-03
1.93252e+00 9.32e-03
1.93287e+00 9.28e-03
1.93322e+00 9.24e-03
1.93356e+00 9.20e-03
1.93391e+00 9.16e-03
1.93426e+00 9.12e-03
1.93460e+00 9.09e-03
1.93495e+00 9.05e-03
1.93531e+00 9.02e-03
1.93566e+00 8.99e-03
1.93600e+00 8.96e-03
1.93635e+00 8.93e-03
1.93671e+00 8.91e-03
1.93706e+00 8.88e-03
1.93740e+00 8.86e-03
1.93776e+00 8.84e-03
1.93811e+00 8.81e-03
1.93845e+00 8.79e-03
1.93881e+00 8.77e-03
1.93916e+00 8.76e-03
1.93952e+00 8.74e-03
1.93986e+00 8.72e-03
1.94022e+00 8.71e-03
1.94057e+00 8.70e-03
1.94093e+00 8.68e-03
1.94129e+00 8.67e-03
1.94163e+00 8.66e-03
1.94322e+00 8.63e-03
1.94482e+00 8.61e-03
1.94625e+00 8.61e-03
1.94732e+00 8.62e-03
1.94839e+00 8.64e-03
1.94876e+00 8.65e-03
1.94912e+00 8.66e-03
1.94948e+00 8.67e-03
1.94983e+00 8.68e-03
1.95020e+00 8.69e-03
1.95056e+00 8.70e-03
1.95091e+00 8.72e-03
1.95128e+00 8.73e-03
1.95164e+00 8.74e-03
1.95199e+00 8.76e-03
1.95236e+00 8.77e-03
1.95272e+00 8.79e-03
1.95308e+00 8.81e-03
1.95344e+00 8.83e-03
1.95381e+00 8.85e-03
1.95418e+00 8.86e-03
1.95453e+00 8.89e-03
1.95490e+00 8.91e-03
1.95527e+00 8.93e-03
1.95562e+00 8.95e-03
1.95599e+00 8.98e-03
1.95636e+00 9.00e-03
1.95672e+00 9.03e-03
1.95708e+00 9.05e-03
1.95744e+00 9.08e-03
1.95781e+00 9.11e-03
1.95818e+00 9.13e-03
1.95854e+00 9.16e-03
1.95891e+00 9.19e-03
1.95928e+00 9.23e-03
1.95964e+00 9.26e-03
1.96001e+00 9.29e-03
1.96038e+00 9.32e-03
1.96074e+00 9.36e-03
1.96111e+00 9.39e-03
1.96149e+00 9.43e-03
1.96185e+00 9.46e-03
1.96222e+00 9.50e-03
1.96258e+00 9.54e-03
1.96296e+00 9.58e-03
1.96333e+00 9.62e-03
1.96369e+00 9.66e-03
1.96407e+00 9.70e-03
1.96444e+00 9.74e-03
1.96482e+00 9.79e-03
1.96518e+00 9.83e-03
1.96556e+00 9.88e-03
1.96592e+00 9.92e-03
1.96630e+00 9.97e-03
1.96666e+00 1.00e-02
1.96704e+00 1.01e-02
1.96742e+00 1.01e-02
1.96778e+00 1.02e-02
1.96816e+00 1.02e-02
1.96854e+00 1.03e-02
1.96891e+00 1.03e-02
1.96928e+00 1.04e-02
1.96965e+00 1.04e-02
1.97003e+00 1.05e-02
1.97041e+00 1.05e-02
1.97078e+00 1.06e-02
1.97116e+00 1.07e-02
1.97154e+00 1.07e-02
1.97191e+00 1.08e-02
1.97229e+00 1.08e-02
1.97266e+00 1.09e-02
1.97305e+00 1.10e-02
1.97343e+00 1.10e-02
1.97380e+00 1.11e-02
1.97418e+00 1.12e-02
1.97457e+00 1.12e-02
1.97494e+00 1.13e-02
1.97532e+00 1.14e-02
1.97570e+00 1.15e-02
1.97608e+00 1.15e-02
1.97645e+00 1.16e-02
1.97684e+00 1.17e-02
1.97721e+00 1.18e-02
1.97760e+00 1.18e-02
1.97799e+00 1.19e-02
1.97836e+00 1.20e-02
1.97875e+00 1.21e-02
1.97914e+00 1.22e-02
1.97951e+00 1.22e-02
1.97990e+00 1.23e-02
1.98028e+00 1.24e-02
1.98067e+00 1.25e-02
1.98106e+00 1.26e-02
1.98144e+00 1.27e-02
1.98181e+00 1.28e-02
1.98220e+00 1.29e-02
1.98259e+00 1.30e-02
1.98299e+00 1.31e-02
1.98337e+00 1.32e-02
1.98376e+00 1.33e-02
1.98414e+00 1.34e-02
1.98453e+00 1.35e-02
1.98491e+00 1.36e-02
1.98531e+00 1.37e-02
1.98569e+00 1.38e-02
1.98608e+00 1.39e-02
1.98648e+00 1.40e-02
1.98686e+00 1.41e-02
1.98724e+00 1.42e-02
1.98764e+00 1.44e-02
1.98803e+00 1.45e-02
1.98842e+00 1.46e-02
1.98882e+00 1.47e-02
1.98920e+00 1.48e-02
1.98960e+00 1.50e-02
1.99000e+00 1.51e-02
1.99038e+00 1.52e-02
1.99077e+00 1.54e-02
1.99117e+00 1.55e-02
1.99157e+00 1.56e-02
1.99196e+00 1.58e-02
1.99236e+00 1.59e-02
1.99274e+00 1.61e-02
1.99313e+00 1.62e-02
1.99354e+00 1.64e-02
1.99394e+00 1.65e-02
1.99433e+00 1.67e-02
1.99473e+00 1.68e-02
1.99512e+00 1.70e-02
1.99552e+00 1.72e-02
1.99592e+00 1.73e-02
1.99632e+00 1.75e-02
1.99671e+00 1.77e-02
1.99712e+00 1.78e-02
1.99751e+00 1.80e-02
1.99792e+00 1.82e-02
1.99831e+00 1.84e-02
1.99872e+00 1.86e-02
1.99911e+00 1.88e-02
1.99952e+00 1.90e-02
1.99992e+00 1.92e-02
2.00032e+00 1.94e-02
2.00072e+00 1.96e-02
2.00113e+00 1.98e-02
2.00153e+00 2.00e-02
2.00194e+00 2.02e-02
2.00234e+00 2.04e-02
2.00274e+00 2.07e-02
2.00314e+00 2.09e-02
2.00356e+00 2.11e-02
2.00396e+00 2.14e-02
2.00437e+00 2.16e-02
2.00477e+00 2.19e-02
2.00518e+00 2.21e-02
2.00558e+00 2.24e-02
2.00600e+00 2.26e-02
2.00640e+00 2.29e-02
2.00680e+00 2.32e-02
2.00722e+00 2.34e-02
2.00762e+00 2.37e-02
2.00804e+00 2.40e-02
2.00844e+00 2.43e-02
2.00886e+00 2.46e-02
2.00927e+00 2.49e-02
2.00968e+00 2.52e-02
2.01009e+00 2.55e-02
2.01051e+00 2.58e-02
2.01092e+00 2.62e-02
2.01134e+00 2.65e-02
2.01174e+00 2.69e-02
2.01215e+00 2.72e-02
2.01257e+00 2.76e-02
2.01298e+00 2.79e-02
2.01341e+00 2.83e-02
2.01382e+00 2.87e-02
2.01424e+00 2.91e-02
2.01465e+00 2.95e-02
2.01506e+00 2.99e-02
2.01549e+00 3.04e-02
2.01590e+00 3.08e-02
2.01632e+00 3.12e-02
2.01674e+00 3.17e-02
2.01715e+00 3.21e-02
2.01758e+00 3.26e-02
2.01800e+00 3.31e-02
2.01842e+00 3.36e-02
2.01884e+00 3.41e-02
2.01927e+00 3.46e-02
2.01968e+00 3.52e-02
2.02010e+00 3.57e-02
2.02053e+00 3.63e-02
2.02095e+00 3.68e-02
2.02138e+00 3.74e-02
2.02180e+00 3.81e-02
2.02222e+00 3.87e-02
2.02265e+00 3.93e-02
2.02307e+00 4.00e-02
2.02351e+00 4.07e-02
2.02393e+00 4.14e-02
2.02435e+00 4.21e-02
2.02479e+00 4.29e-02
2.02521e+00 4.36e-02
2.02563e+00 4.44e-02
2.02607e+00 4.53e-02
2.02650e+00 4.61e-02
2.02692e+00 4.70e-02
2.02736e+00 4.79e-02
2.02779e+00 4.89e-02
2.02821e+00 4.98e-02
2.02865e+00 5.08e-02
2.02908e+00 5.19e-02
2.02952e+00 5.30e-02
2.02973e+00 5.36e-02
2.03016e+00 5.49e-02
2.03059e+00 5.61e-02
2.03082e+00 5.66e-02
2.03104e+00 5.71e-02
2.03147e+00 5.84e-02
2.03190e+00 5.97e-02
2.03234e+00 6.11e-02
2.03278e+00 6.26e-02
2.03321e+00 6.41e-02
2.03365e+00 6.57e-02
2.03409e+00 6.74e-02
2.03452e+00 6.92e-02
2.03497e+00 7.10e-02
2.03541e+00 7.29e-02
2.03584e+00 7.49e-02
2.03629e+00 7.71e-02
2.03673e+00 7.93e-02
2.03717e+00 8.16e-02
2.03762e+00 8.41e-02
2.03806e+00 8.67e-02
2.03850e+00 8.95e-02
2.03872e+00 9.10e-02
2.03895e+00 9.25e-02
2.03917e+00 9.40e-02
2.03939e+00 9.56e-02
2.03961e+00 9.73e-02
2.03983e+00 9.90e-02
2.04005e+00 1.01e-01
2.04027e+00 1.03e-01
2.04049e+00 1.05e-01
2.04071e+00 1.06e-01
2.04095e+00 1.09e-01
2.04117e+00 1.11e-01
2.04139e+00 1.13e-01
2.04161e+00 1.15e-01
2.04183e+00 1.17e-01
2.04206e+00 1.20e-01
2.04228e+00 1.22e-01
2.04251e+00 1.25e-01
2.04274e+00 1.28e-01
2.04296e+00 1.31e-01
2.04318e+00 1.34e-01
2.04340e+00 1.37e-01
2.04363e+00 1.40e-01
2.04385e+00 1.44e-01
2.04409e+00 1.47e-01
2.04431e+00 1.51e-01
2.04453e+00 1.55e-01
2.04476e+00 1.59e-01
2.04498e+00 1.63e-01
2.04521e+00 1.68e-01
2.04543e+00 1.72e-01
2.04566e+00 1.77e-01
2.04588e+00 1.82e-01
2.04612e+00 1.88e-01
2.04634e+00 1.93e-01
2.04657e+00 1.99e-01
2.04679e+00 2.06e-01
2.04702e+00 2.12e-01
2.04724e+00 2.19e-01
2.04747e+00 2.27e-01
2.04771e+00 2.35e-01
2.04793e+00 2.43e-01
2.04816e+00 2.52e-01
2.04838e+00 2.61e-01
2.04861e+00 2.71e-01
2.04884e+00 2.82e-01
2.04907e+00 2.93e-01
2.04929e+00 3.05e-01
2.04952e+00 3.18e-01
2.04976e+00 3.32e-01
2.04997e+00 3.46e-01
2.05021e+00 3.62e-01
2.05044e+00 3.79e-01
2.05067e+00 3.97e-01
2.05090e+00 4.16e-01
2.05113e+00 4.37e-01
2.05135e+00 4.60e-01
2.05158e+00 4.84e-01
2.05181e+00 5.11e-01
2.05204e+00 5.39e-01
2.05228e+00 5.69e-01
2.05251e+00 6.02e-01
2.05274e+00 6.37e-01
2.05297e+00 6.75e-01
2.05320e+00 7.15e-01
2.05343e+00 7.58e-01
2.05366e+00 8.03e-01
2.05389e+00 8.52e-01
2.05412e+00 9.03e-01
2.05435e+00 9.57e-01
2.05459e+00 1.01e+00
2.05505e+00 1.13e+00
2.05551e+00 1.25e+00
2.05575e+00 1.31e+00
2.05598e+00 1.36e+00
2.05621e+00 1.41e+00
2.05644e+00 1.46e+00
2.05667e+00 1.50e+00
2.05691e+00 1.54e+00
2.05714e+00 1.57e+00
2.05737e+00 1.59e+00
2.05785e+00 1.64e+00
2.05808e+00 1.67e+00
2.05831e+00 1.70e+00
2.05855e+00 1.74e+00
2.05878e+00 1.78e+00
2.05902e+00 1.84e+00
2.05925e+00 1.90e+00
2.05948e+00 1.98e+00
2.05972e+00 2.07e+00
2.06020e+00 2.26e+00
2.06042e+00 2.34e+00
2.06067e+00 2.42e+00
2.06090e+00 2.46e+00
2.06114e+00 2.47e+00
2.06137e+00 2.43e+00
2.06161e+00 2.36e+00
2.06184e+00 2.25e+00
2.06208e+00 2.12e+00
2.06232e+00 1.97e+00
2.06255e+00 1.81e+00
2.06279e+00 1.66e+00
2.06303e+00 1.52e+00
2.06326e+00 1.38e+00
2.06350e+00 1.26e+00
2.06374e+00 1.15e+00
2.06399e+00 1.05e+00
2.06421e+00 9.66e-01
2.06445e+00 8.88e-01
2.06470e+00 8.19e-01
2.06494e+00 7.57e-01
2.06517e+00 7.02e-01
2.06541e+00 6.54e-01
2.06565e+00 6.10e-01
2.06589e+00 5.71e-01
2.06613e+00 5.36e-01
2.06637e+00 5.04e-01
2.06661e+00 4.76e-01
2.06685e+00 4.50e-01
2.06709e+00 4.26e-01
2.06733e+00 4.05e-01
2.06757e+00 3.85e-01
2.06781e+00 3.66e-01
2.06805e+00 3.50e-01
2.06829e+00 3.35e-01
2.06853e+00 3.22e-01
2.06877e+00 3.10e-01
2.06901e+00 2.99e-01
2.06925e+00 2.89e-01
2.06949e+00 2.80e-01
2.06998e+00 2.60e-01
2.07022e+00 2.50e-01
2.07046e+00 2.41e-01
2.07070e+00 2.34e-01
2.07096e+00 2.27e-01
2.07120e+00 2.21e-01
2.07143e+00 2.15e-01
2.07169e+00 2.09e-01
2.07193e+00 2.04e-01
2.07217e+00 1.99e-01
2.07242e+00 1.95e-01
2.07266e+00 1.90e-01
2.07290e+00 1.86e-01
2.07315e+00 1.83e-01
2.07339e+00 1.79e-01
2.07364e+00 1.76e-01
2.07388e+00 1.72e-01
2.07413e+00 1.69e-01
2.07437e+00 1.67e-01
2.07462e+00 1.64e-01
2.07486e+00 1.62e-01
2.07511e+00 1.59e-01
2.07536e+00 1.57e-01
2.07560e+00 1.55e-01
2.07585e+00 1.54e-01
2.07609e+00 1.53e-01
2.07634e+00 1.51e-01
2.07659e+00 1.50e-01
2.07684e+00 1.48e-01
2.07708e+00 1.47e-01
2.07733e+00 1.45e-01
2.07758e+00 1.44e-01
2.07783e+00 1.42e-01
2.07807e+00 1.41e-01
2.07832e+00 1.39e-01
2.07857e+00 1.38e-01
2.07882e+00 1.37e-01
2.07907e+00 1.37e-01
2.07932e+00 1.36e-01
2.07957e+00 1.35e-01
2.07982e+00 1.35e-01
2.08007e+00 1.35e-01
2.08032e+00 1.34e-01
2.08057e+00 1.35e-01
2.08082e+00 1.35e-01
2.08107e+00 1.35e-01
2.08131e+00 1.37e-01
2.08156e+00 1.39e-01
2.08181e+00 1.45e-01
2.08206e+00 1.64e-01
2.08231e+00 2.84e-01
2.08256e+00 7.80e+00
2.08282e+00 2.23e-01
2.08307e+00 1.57e-01
2.08332e+00 1.43e-01
2.08357e+00 1.38e-01
2.08383e+00 1.36e-01
2.08408e+00 1.35e-01
2.08433e+00 1.35e-01
2.08459e+00 1.35e-01
2.08484e+00 1.35e-01
2.08509e+00 1.35e-01
2.08535e+00 1.35e-01
2.08560e+00 1.35e-01
2.08586e+00 1.36e-01
2.08636e+00 1.37e-01
2.08686e+00 1.38e-01
2.08738e+00 1.40e-01
2.08763e+00 1.41e-01
2.08814e+00 1.43e-01
2.08866e+00 1.45e-01
2.08917e+00 1.47e-01
2.08969e+00 1.50e-01
2.09020e+00 1.52e-01
2.09072e+00 1.55e-01
2.09123e+00 1.58e-01
2.09175e+00 1.62e-01
2.09227e+00 1.65e-01
2.09279e+00 1.69e-01
2.09331e+00 1.73e-01
2.09383e+00 1.77e-01
2.09434e+00 1.82e-01
2.09487e+00 1.86e-01
2.09539e+00 1.91e-01
2.09592e+00 1.96e-01
2.09643e+00 2.02e-01
2.09696e+00 2.07e-01
2.09749e+00 2.13e-01
2.09802e+00 2.19e-01
2.09855e+00 2.25e-01
2.09907e+00 2.31e-01
2.09960e+00 2.38e-01
2.10014e+00 2.45e-01
2.10066e+00 2.51e-01
2.10120e+00 2.58e-01
2.10173e+00 2.65e-01
2.10227e+00 2.72e-01
2.10280e+00 2.79e-01
2.10334e+00 2.85e-01
2.10388e+00 2.92e-01
2.10441e+00 2.98e-01
2.10495e+00 3.04e-01
2.10549e+00 3.10e-01
2.10603e+00 3.15e-01
2.10657e+00 3.20e-01
2.10712e+00 3.24e-01
2.10766e+00 3.28e-01
2.10793e+00 3.29e-01
2.10820e+00 3.30e-01
2.10848e+00 3.32e-01
2.10902e+00 3.33e-01
2.10929e+00 3.34e-01
2.10957e+00 3.34e-01
2.11012e+00 3.34e-01
2.11066e+00 3.34e-01
2.11122e+00 3.32e-01
2.11150e+00 3.32e-01
2.11204e+00 3.30e-01
2.11260e+00 3.27e-01
2.11315e+00 3.24e-01
2.11371e+00 3.21e-01
2.11427e+00 3.18e-01
2.11482e+00 3.14e-01
2.11538e+00 3.11e-01
2.11565e+00 3.09e-01
2.11621e+00 3.06e-01
2.11677e+00 3.03e-01
2.11734e+00 3.00e-01
2.11789e+00 2.98e-01
2.11846e+00 2.96e-01
2.11875e+00 2.95e-01
2.11902e+00 2.94e-01
2.11931e+00 2.94e-01
2.11959e+00 2.94e-01
2.11988e+00 2.94e-01
2.12015e+00 2.94e-01
2.12044e+00 2.94e-01
2.12073e+00 2.95e-01
2.12100e+00 2.95e-01
2.12129e+00 2.96e-01
2.12158e+00 2.98e-01
2.12187e+00 2.99e-01
2.12243e+00 3.03e-01
2.12272e+00 3.05e-01
2.12300e+00 3.07e-01
2.12329e+00 3.10e-01
2.12358e+00 3.13e-01
2.12387e+00 3.16e-01
2.12415e+00 3.20e-01
2.12444e+00 3.24e-01
2.12473e+00 3.28e-01
2.12501e+00 3.32e-01
2.12530e+00 3.36e-01
2.12559e+00 3.41e-01
2.12617e+00 3.51e-01
2.12674e+00 3.62e-01
2.12733e+00 3.72e-01
2.12791e+00 3.83e-01
2.12820e+00 3.88e-01
2.12849e+00 3.93e-01
2.12908e+00 4.01e-01
2.12936e+00 4.05e-01
2.12966e+00 4.08e-01
2.12996e+00 4.10e-01
2.13024e+00 4.12e-01
2.13054e+00 4.13e-01
2.13084e+00 4.14e-01
2.13113e+00 4.14e-01
2.13142e+00 4.13e-01
2.13171e+00 4.11e-01
2.13201e+00 4.09e-01
2.13231e+00 4.06e-01
2.13260e+00 4.03e-01
2.13290e+00 4.00e-01
2.13349e+00 3.92e-01
2.13408e+00 3.84e-01
2.13438e+00 3.80e-01
2.13468e+00 3.76e-01
2.13497e+00 3.73e-01
2.13528e+00 3.70e-01
2.13557e+00 3.67e-01
2.13587e+00 3.64e-01
2.13618e+00 3.63e-01
2.13647e+00 3.62e-01
2.13677e+00 3.62e-01
2.13707e+00 3.62e-01
2.13737e+00 3.64e-01
2.13768e+00 3.66e-01
2.13797e+00 3.69e-01
2.13828e+00 3.74e-01
2.13857e+00 3.79e-01
2.13888e+00 3.85e-01
2.13918e+00 3.93e-01
2.13948e+00 4.01e-01
2.13978e+00 4.09e-01
2.14040e+00 4.27e-01
2.14070e+00 4.37e-01
2.14101e+00 4.45e-01
2.14130e+00 4.53e-01
2.14161e+00 4.59e-01
2.14191e+00 4.63e-01
2.14222e+00 4.66e-01
2.14253e+00 4.66e-01
2.14284e+00 4.63e-01
2.14314e+00 4.59e-01
2.14345e+00 4.53e-01
2.14375e+00 4.45e-01
2.14437e+00 4.29e-01
2.14468e+00 4.21e-01
2.14498e+00 4.14e-01
2.14530e+00 4.08e-01
2.14560e+00 4.05e-01
2.14592e+00 4.03e-01
2.14622e+00 4.03e-01
2.14654e+00 4.06e-01
2.14684e+00 4.12e-01
2.14716e+00 4.21e-01
2.14747e+00 4.33e-01
2.14778e+00 4.47e-01
2.14809e+00 4.61e-01
2.14841e+00 4.75e-01
2.14872e+00 4.86e-01
2.14903e+00 4.94e-01
2.14934e+00 4.96e-01
2.14966e+00 4.91e-01
2.14997e+00 4.81e-01
2.15028e+00 4.68e-01
2.15060e+00 4.54e-01
2.15091e+00 4.41e-01
2.15123e+00 4.31e-01
2.15155e+00 4.26e-01
2.15187e+00 4.27e-01
2.15218e+00 4.35e-01
2.15249e+00 4.50e-01
2.15282e+00 4.70e-01
2.15313e+00 4.91e-01
2.15345e+00 5.08e-01
2.15377e+00 5.13e-01
2.15409e+00 5.05e-01
2.15441e+00 4.85e-01
2.15472e+00 4.63e-01
2.15505e+00 4.45e-01
2.15537e+00 4.38e-01
2.15568e+00 4.44e-01
2.15601e+00 4.66e-01
2.15633e+00 4.95e-01
2.15666e+00 5.16e-01
2.15697e+00 5.11e-01
2.15729e+00 4.82e-01
2.15762e+00 4.49e-01
2.15794e+00 4.30e-01
2.15826e+00 4.39e-01
2.15859e+00 4.68e-01
2.15891e+00 4.84e-01
2.15923e+00 4.43e-01
2.15957e+00 3.65e-01
2.15989e+00 2.91e-01
2.16021e+00 2.37e-01
2.16054e+00 1.98e-01
2.16087e+00 1.71e-01
2.16119e+00 1.52e-01
2.16153e+00 1.37e-01
2.16185e+00 1.25e-01
2.16218e+00 1.15e-01
2.16251e+00 1.08e-01
2.16284e+00 1.01e-01
2.16317e+00 9.56e-02
2.16350e+00 9.07e-02
2.16383e+00 8.65e-02
2.16416e+00 8.27e-02
2.16449e+00 7.93e-02
2.16483e+00 7.62e-02
2.16516e+00 7.35e-02
2.16548e+00 7.09e-02
2.16583e+00 6.86e-02
2.16616e+00 6.64e-02
2.16649e+00 6.44e-02
2.16682e+00 6.25e-02
2.16715e+00 6.08e-02
2.16749e+00 5.92e-02
2.16783e+00 5.76e-02
2.16816e+00 5.61e-02
2.16849e+00 5.18e-01
2.16917e+00 5.15e-01
2.16984e+00 5.13e-01
2.17053e+00 5.12e-01
2.17120e+00 5.10e-01
2.17188e+00 5.08e-01
2.17257e+00 5.07e-01
2.17325e+00 5.06e-01
2.17393e+00 5.05e-01
2.17463e+00 5.04e-01
2.17531e+00 5.03e-01
2.17600e+00 5.02e-01
2.17669e+00 5.01e-01
2.17740e+00 5.01e-01
2.17809e+00 5.00e-01
2.17879e+00 4.99e-01
2.17949e+00 4.99e-01
2.18337e+00 4.96e-01
2.18805e+00 4.95e-01
2.19354e+00 4.94e-01
2.20031e+00 4.94e-01
2.20725e+00 4.95e-01
2.21522e+00 4.96e-01
2.22346e+00 4.98e-01
2.23198e+00 5.01e-01
2.23994e+00 5.04e-01
2.24540e+00 5.06e-01
2.25290e+00 5.09e-01
2.25968e+00 5.12e-01
2.26566e+00 5.15e-01
2.27077e+00 5.17e-01
2.27496e+00 5.19e-01
2.27814e+00 5.21e-01
2.27921e+00 5.21e-01
2.28138e+00 5.22e-01
2.28247e+00 5.23e-01
2.28358e+00 5.23e-01
2.28468e+00 5.24e-01
2.28578e+00 5.24e-01
2.28802e+00 5.25e-01
2.28915e+00 5.26e-01
2.29028e+00 5.26e-01
2.29141e+00 5.27e-01
2.29257e+00 5.28e-01
2.29372e+00 5.28e-01
2.29488e+00 5.29e-01
2.29604e+00 5.29e-01
2.29721e+00 5.30e-01
2.29839e+00 5.31e-01
2.29958e+00 5.31e-01
2.30077e+00 5.32e-01
2.30197e+00 5.32e-01
2.30318e+00 5.33e-01
2.30438e+00 5.34e-01
2.30558e+00 5.34e-01
2.30688e+00 5.35e-01
2.30807e+00 5.36e-01
2.30936e+00 5.36e-01
2.31055e+00 5.37e-01
2.31184e+00 5.38e-01
2.31313e+00 5.39e-01
2.31441e+00 5.39e-01
2.31570e+00 5.40e-01
2.31698e+00 5.41e-01
2.31826e+00 5.42e-01
2.31954e+00 5.42e-01
2.32092e+00 5.43e-01
2.32219e+00 5.44e-01
2.32356e+00 5.45e-01
2.32493e+00 5.46e-01
2.32630e+00 5.47e-01
2.32767e+00 5.48e-01
2.32903e+00 5.49e-01
2.33039e+00 5.50e-01
2.33185e+00 5.51e-01
2.33321e+00 5.52e-01
2.33466e+00 5.53e-01
2.33612e+00 5.55e-01
2.33747e+00 5.56e-01
2.33901e+00 5.58e-01
2.34046e+00 5.59e-01
2.34190e+00 5.61e-01
2.34344e+00 5.64e-01
2.34488e+00 5.66e-01
2.34641e+00 5.69e-01
2.34794e+00 5.73e-01
2.34947e+00 5.77e-01
2.35023e+00 5.80e-01
2.35099e+00 5.83e-01
2.35176e+00 5.87e-01
2.35261e+00 5.91e-01
2.35337e+00 5.96e-01
2.35413e+00 6.02e-01
2.35499e+00 6.09e-01
2.35575e+00 6.18e-01
2.35650e+00 6.29e-01
2.35736e+00 6.44e-01
2.35811e+00 6.63e-01
2.35897e+00 6.90e-01
2.35982e+00 7.28e-01
2.36057e+00 7.87e-01
2.36142e+00 8.81e-01
2.36227e+00 1.05e+00
2.36312e+00 1.38e+00
2.36396e+00 2.21e+00
2.36471e+00 4.90e+00
2.36556e+00 1.19e+01
2.36640e+00 6.03e+00
2.36734e+00 2.49e+00
2.36819e+00 1.48e+00
2.36903e+00 1.08e+00
2.36987e+00 8.99e-01
2.37071e+00 7.97e-01
2.37164e+00 7.36e-01
2.37248e+00 6.96e-01
2.37332e+00 6.69e-01
2.37425e+00 6.50e-01
2.37518e+00 6.35e-01
2.37602e+00 6.25e-01
2.37695e+00 6.16e-01
2.37788e+00 6.10e-01
2.37871e+00 6.05e-01
2.37964e+00 6.00e-01
2.38056e+00 5.97e-01
2.38149e+00 5.94e-01
2.38241e+00 5.92e-01
2.38334e+00 5.90e-01
2.38527e+00 5.87e-01
2.38711e+00 5.85e-01
2.38904e+00 5.83e-01
2.39096e+00 5.82e-01
2.39598e+00 5.81e-01
2.40107e+00 5.80e-01
2.40532e+00 5.81e-01
2.40740e+00 5.82e-01
2.40964e+00 5.82e-01
2.41180e+00 5.83e-01
2.41404e+00 5.85e-01
2.41627e+00 5.87e-01
2.41743e+00 5.88e-01
2.41859e+00 5.91e-01
2.41975e+00 6.10e-01
2.42090e+00 5.97e-01
2.42214e+00 5.99e-01
2.42330e+00 6.04e-01
2.42454e+00 6.13e-01
2.42569e+00 6.26e-01
2.42692e+00 6.49e-01
2.42816e+00 6.97e-01
2.42939e+00 8.19e-01
2.43063e+00 1.31e+00
2.43186e+00 5.22e+00
2.43317e+00 1.92e+00
2.43440e+00 9.15e-01
2.43572e+00 7.25e-01
2.43694e+00 6.61e-01
2.43825e+00 6.33e-01
2.43956e+00 6.18e-01
2.44095e+00 6.09e-01
2.44226e+00 6.04e-01
2.44365e+00 6.01e-01
2.44495e+00 5.98e-01
2.44634e+00 5.97e-01
2.44772e+00 5.97e-01
2.44911e+00 5.97e-01
2.45057e+00 5.98e-01
2.45195e+00 6.01e-01
2.45342e+00 6.06e-01
2.45488e+00 6.18e-01
2.45634e+00 6.53e-01
2.45779e+00 8.54e-01
2.45933e+00 1.46e+01
2.46087e+00 7.94e-01
2.46241e+00 6.45e-01
2.46394e+00 6.15e-01
2.46547e+00 6.05e-01
2.46708e+00 6.00e-01
2.46861e+00 5.98e-01
2.47022e+00 5.97e-01
2.47191e+00 5.96e-01
2.47687e+00 5.95e-01
2.48031e+00 5.96e-01
2.48382e+00 5.96e-01
2.48740e+00 5.97e-01
2.49114e+00 5.98e-01
2.49494e+00 5.99e-01
2.49881e+00 6.00e-01
2.50283e+00 6.02e-01
2.50699e+00 6.03e-01
2.51122e+00 6.05e-01
2.51568e+00 6.07e-01
2.52019e+00 6.10e-01
2.52252e+00 6.12e-01
2.52493e+00 6.14e-01
2.52733e+00 6.16e-01
2.52980e+00 6.21e-01
2.53227e+00 6.26e-01
2.53481e+00 6.35e-01
2.53742e+00 6.59e-01
2.54010e+00 7.71e-01
2.54286e+00 4.53e+00
2.54561e+00 7.84e-01
2.54843e+00 6.71e-01
2.55132e+00 6.55e-01
2.55428e+00 6.56e-01
2.55730e+00 6.64e-01
2.56048e+00 6.81e-01
2.56364e+00 7.14e-01
2.56695e+00 7.85e-01
2.57024e+00 9.93e-01
2.57376e+00 2.29e+00
2.57726e+00 1.20e+01
2.58097e+00 1.46e+00
2.58475e+00 1.31e+00
2.58867e+00 9.30e+00
2.59264e+00 1.31e+00
2.59682e+00 8.18e-01
2.60113e+00 7.33e-01
2.60565e+00 7.20e-01
2.61029e+00 7.88e-01
2.61513e+00 1.28e+00
2.62024e+00 7.84e-01
2.62554e+00 7.67e-01
2.63110e+00 5.32e+00
2.63698e+00 7.72e-01
2.64319e+00 7.35e-01
2.64971e+00 8.33e-01
2.65669e+00 2.87e+00
2.66410e+00 1.01e+00
2.67215e+00 3.31e+00
2.68082e+00 1.20e+00
2.69029e+00 8.98e-01
2.70069e+00 9.82e-01
2.71231e+00 1.13e+00
2.72543e+00 1.59e+00
2.74065e+00 1.26e+00
2.75874e+00 1.10e+00
2.78130e+00 1.37e+00
2.81151e+00 1.37e+00
2.85859e+00 1.29e+00
2.99573e+00 6.76e-01
