# OPACITY Project tables
-2.61515e+00 5.07e+00
-2.27341e+00 1.75e+00
-2.07433e+00 9.48e-01
-1.93351e+00 6.15e-01
-1.82455e+00 4.42e-01
-1.73574e+00 3.39e-01
-1.66078e+00 2.71e-01
-1.59603e+00 2.24e-01
-1.53898e+00 1.92e-01
-1.48802e+00 1.67e-01
-1.44198e+00 1.47e-01
-1.40003e+00 1.30e-01
-1.36148e+00 1.18e-01
-1.32584e+00 1.07e-01
-1.29269e+00 9.79e-02
-1.26174e+00 8.99e-02
-1.23268e+00 8.37e-02
-1.20531e+00 7.93e-02
-1.17944e+00 7.50e-02
-1.15493e+00 7.01e-02
-1.13165e+00 6.51e-02
-1.10945e+00 6.11e-02
-1.08827e+00 5.89e-02
-1.06799e+00 5.52e-02
-1.04857e+00 5.12e-02
-1.02994e+00 4.76e-02
-1.01200e+00 4.45e-02
-9.94739e-01 4.18e-02
-9.78086e-01 3.95e-02
-9.62021e-01 3.75e-02
-9.46492e-01 3.57e-02
-9.31455e-01 3.42e-02
-9.16916e-01 3.31e-02
-9.02807e-01 3.19e-02
-8.89113e-01 3.04e-02
-8.75797e-01 2.92e-02
-8.62868e-01 2.82e-02
-8.50292e-01 2.75e-02
-8.38057e-01 2.70e-02
-8.26130e-01 2.61e-02
-8.14502e-01 2.54e-02
-8.03185e-01 2.49e-02
-7.92106e-01 2.47e-02
-7.81301e-01 2.51e-02
-7.70741e-01 2.62e-02
-7.60420e-01 2.65e-02
-7.50331e-01 2.64e-02
-7.40469e-01 2.50e-02
-7.30787e-01 2.51e-02
-7.21320e-01 2.50e-02
-7.12045e-01 2.36e-02
-7.02955e-01 2.32e-02
-6.94048e-01 2.33e-02
-6.85298e-01 2.18e-02
-6.76723e-01 1.98e-02
-6.68298e-01 1.87e-02
-6.60041e-01 1.81e-02
-6.43938e-01 1.76e-02
-6.36087e-01 1.73e-02
-6.28390e-01 1.67e-02
-6.20808e-01 1.61e-02
-6.13357e-01 1.57e-02
-6.06016e-01 1.55e-02
-5.98801e-01 1.53e-02
-5.91692e-01 1.57e-02
-5.84687e-01 1.68e-02
-5.77803e-01 1.85e-02
-5.71018e-01 1.98e-02
-5.64314e-01 1.99e-02
-5.57725e-01 1.82e-02
-5.51231e-01 1.60e-02
-5.44831e-01 1.47e-02
-5.38505e-01 1.41e-02
-5.32288e-01 1.42e-02
-5.26142e-01 1.47e-02
-5.20085e-01 1.53e-02
-5.14098e-01 1.53e-02
-5.08196e-01 1.49e-02
-5.02362e-01 1.49e-02
-4.96610e-01 1.50e-02
-4.90925e-01 1.57e-02
-4.85320e-01 1.79e-02
-4.79779e-01 2.19e-02
-4.74301e-01 2.73e-02
-4.68884e-01 3.30e-02
-4.63545e-01 3.53e-02
-4.58265e-01 3.36e-02
-4.53044e-01 3.29e-02
-4.47882e-01 3.30e-02
-4.37730e-01 2.43e-02
-4.32739e-01 2.30e-02
-4.27803e-01 2.50e-02
-4.22922e-01 2.93e-02
-4.18095e-01 3.28e-02
-4.13321e-01 3.28e-02
-4.08585e-01 2.85e-02
-4.03901e-01 2.29e-02
-3.99284e-01 1.90e-02
-3.94688e-01 1.67e-02
-3.90158e-01 1.56e-02
-3.85662e-01 1.58e-02
-3.81216e-01 1.71e-02
-3.76819e-01 2.02e-02
-3.72456e-01 2.48e-02
-3.68126e-01 2.59e-02
-3.63858e-01 2.15e-02
-3.59622e-01 1.76e-02
-3.55419e-01 1.57e-02
-3.51261e-01 1.40e-02
-3.47135e-01 1.19e-02
-3.43054e-01 1.03e-02
-3.39003e-01 9.39e-03
-3.34997e-01 8.93e-03
-3.31021e-01 9.06e-03
-3.27088e-01 8.44e-03
-3.23185e-01 8.17e-03
-3.19310e-01 8.13e-03
-3.15464e-01 8.48e-03
-3.11661e-01 1.07e-02
-3.07885e-01 2.10e-02
-3.04150e-01 1.21e-02
-3.00430e-01 8.36e-03
-2.96750e-01 7.50e-03
-2.93097e-01 7.28e-03
-2.89484e-01 7.34e-03
-2.85884e-01 7.65e-03
-2.82323e-01 8.24e-03
-2.78788e-01 9.19e-03
-2.75279e-01 1.06e-02
-2.71796e-01 1.21e-02
-2.68350e-01 1.19e-02
-2.64917e-01 1.08e-02
-2.61521e-01 1.05e-02
-2.58149e-01 1.19e-02
-2.54802e-01 1.78e-02
-2.51466e-01 4.20e-02
-2.48167e-01 5.30e-02
-2.44891e-01 2.17e-02
-2.41639e-01 1.32e-02
-2.38409e-01 1.16e-02
-2.35203e-01 1.48e-02
-2.32020e-01 2.83e-02
-2.28860e-01 2.74e-02
-2.25722e-01 1.39e-02
-2.22606e-01 9.38e-03
-2.19513e-01 8.46e-03
-2.16441e-01 9.71e-03
-2.13391e-01 1.67e-02
-2.10363e-01 1.61e-02
-2.07344e-01 1.03e-02
-2.04359e-01 1.19e-02
-2.01382e-01 1.55e-02
-1.98439e-01 9.37e-03
-1.95504e-01 7.52e-03
-1.92590e-01 8.43e-03
-1.89697e-01 8.01e-03
-1.86824e-01 6.94e-03
-1.83971e-01 7.44e-03
-1.81126e-01 9.62e-03
-1.78314e-01 1.74e-02
-1.75509e-01 3.64e-02
-1.72724e-01 1.97e-02
-1.69958e-01 1.19e-02
-1.67200e-01 1.30e-02
-1.64474e-01 1.27e-02
-1.61755e-01 8.22e-03
-1.59054e-01 6.84e-03
-1.56373e-01 6.53e-03
-1.53699e-01 6.74e-03
-1.51044e-01 7.46e-03
-1.48407e-01 9.12e-03
-1.45789e-01 1.32e-02
-1.43189e-01 2.57e-02
-1.40596e-01 6.12e-02
-1.38021e-01 4.07e-02
-1.35453e-01 2.32e-02
-1.32914e-01 2.89e-02
-1.30382e-01 4.23e-02
-1.27867e-01 2.11e-02
-1.25359e-01 1.15e-02
-1.22868e-01 8.16e-03
-1.20395e-01 6.66e-03
-1.17928e-01 5.87e-03
-1.15489e-01 5.40e-03
-1.13057e-01 5.11e-03
-1.10630e-01 4.94e-03
-1.08220e-01 4.88e-03
-1.05827e-01 4.93e-03
-1.03440e-01 5.22e-03
-1.01070e-01 6.12e-03
-9.87160e-02 9.08e-03
-9.63788e-02 1.17e-02
-9.40360e-02 7.33e-03
-9.17206e-02 5.47e-03
-8.94106e-02 4.83e-03
-8.71168e-02 4.58e-03
-8.48283e-02 4.48e-03
-8.25559e-02 4.47e-03
-8.02994e-02 4.55e-03
-7.80480e-02 4.73e-03
-7.58125e-02 5.10e-03
-7.35820e-02 5.87e-03
-7.13671e-02 7.65e-03
-6.91679e-02 1.12e-02
-6.69735e-02 1.33e-02
-6.47839e-02 1.59e-02
-6.26097e-02 1.19e-02
-6.04509e-02 7.29e-03
-5.82967e-02 5.60e-03
-5.61577e-02 4.87e-03
-5.40233e-02 4.49e-03
-5.19040e-02 4.27e-03
-4.97997e-02 4.12e-03
-4.76998e-02 4.01e-03
-4.56042e-02 3.92e-03
-4.35236e-02 3.86e-03
-4.14576e-02 3.80e-03
-3.93959e-02 3.75e-03
-3.73385e-02 3.71e-03
-3.32673e-02 3.63e-03
-2.92229e-02 3.55e-03
-2.52255e-02 3.47e-03
-2.12543e-02 3.40e-03
-1.73293e-02 3.33e-03
-1.34298e-02 3.27e-03
-9.56560e-03 3.22e-03
-5.73642e-03 3.17e-03
-1.94188e-03 3.12e-03
1.79838e-03 3.07e-03
5.58438e-03 3.01e-03
9.25702e-03 2.95e-03
1.29162e-02 2.89e-03
1.65621e-02 2.83e-03
2.01947e-02 2.77e-03
2.38142e-02 2.72e-03
2.73233e-02 2.67e-03
3.08201e-02 2.63e-03
3.43048e-02 2.59e-03
3.77774e-02 2.55e-03
4.12379e-02 2.52e-03
4.46865e-02 2.50e-03
4.80280e-02 2.48e-03
5.14533e-02 2.46e-03
5.47722e-02 2.44e-03
5.80802e-02 2.42e-03
6.13773e-02 2.41e-03
6.46635e-02 2.40e-03
6.78455e-02 2.39e-03
7.11106e-02 2.37e-03
7.42722e-02 2.35e-03
7.74239e-02 2.32e-03
8.06579e-02 2.30e-03
8.37895e-02 2.27e-03
8.68197e-02 2.24e-03
8.99321e-02 2.22e-03
9.30349e-02 2.19e-03
9.60372e-02 2.17e-03
9.90305e-02 2.15e-03
1.02015e-01 2.13e-03
1.05080e-01 2.11e-03
1.07957e-01 2.09e-03
1.10915e-01 2.07e-03
1.13864e-01 2.06e-03
1.15291e-01 2.05e-03
1.18227e-01 2.04e-03
1.21067e-01 2.02e-03
1.23898e-01 2.01e-03
1.26809e-01 2.00e-03
1.29624e-01 1.99e-03
1.32431e-01 1.98e-03
1.35143e-01 1.97e-03
1.37934e-01 1.96e-03
1.40718e-01 1.95e-03
1.43407e-01 1.94e-03
1.46176e-01 1.93e-03
1.48851e-01 1.91e-03
1.51519e-01 1.90e-03
1.54179e-01 1.89e-03
1.56833e-01 1.88e-03
1.59479e-01 1.87e-03
1.62119e-01 1.86e-03
1.64751e-01 1.85e-03
1.67293e-01 1.84e-03
1.69912e-01 1.84e-03
1.72440e-01 1.83e-03
1.74961e-01 1.82e-03
1.77477e-01 1.80e-03
1.78732e-01 1.79e-03
1.81321e-01 1.78e-03
1.83737e-01 1.75e-03
1.86231e-01 1.73e-03
1.88718e-01 1.72e-03
1.89959e-01 1.71e-03
1.91199e-01 1.70e-03
1.92437e-01 1.70e-03
1.93591e-01 1.69e-03
1.94826e-01 1.69e-03
1.96060e-01 1.69e-03
1.97292e-01 1.68e-03
2.03267e-01 1.68e-03
2.04409e-01 1.68e-03
2.05631e-01 1.67e-03
2.07989e-01 1.66e-03
2.10342e-01 1.65e-03
2.12689e-01 1.64e-03
2.15031e-01 1.63e-03
2.17286e-01 1.62e-03
2.18493e-01 1.61e-03
2.19617e-01 1.60e-03
2.20741e-01 1.60e-03
2.23064e-01 1.58e-03
2.24183e-01 1.57e-03
2.25301e-01 1.56e-03
2.26418e-01 1.56e-03
2.27614e-01 1.56e-03
2.29841e-01 1.57e-03
2.30953e-01 1.58e-03
2.32064e-01 1.66e-03
2.33173e-01 1.67e-03
2.34281e-01 1.66e-03
2.36494e-01 1.61e-03
2.37599e-01 1.59e-03
2.38702e-01 1.57e-03
2.39804e-01 1.55e-03
2.40905e-01 1.54e-03
2.42005e-01 1.53e-03
2.44200e-01 1.51e-03
2.45296e-01 1.56e-03
2.47407e-01 1.54e-03
2.48499e-01 1.53e-03
2.49591e-01 1.52e-03
2.50681e-01 1.51e-03
2.51692e-01 1.50e-03
2.53867e-01 1.47e-03
2.54875e-01 1.46e-03
2.55959e-01 1.45e-03
2.57042e-01 1.44e-03
2.58047e-01 1.44e-03
2.60208e-01 1.43e-03
2.61210e-01 1.43e-03
2.62287e-01 1.59e-03
2.63287e-01 1.57e-03
2.65360e-01 1.53e-03
2.66433e-01 1.51e-03
2.67428e-01 1.49e-03
2.68499e-01 1.47e-03
2.69493e-01 1.46e-03
2.70561e-01 1.44e-03
2.71553e-01 1.43e-03
2.72619e-01 1.42e-03
2.74597e-01 1.40e-03
2.76646e-01 1.38e-03
2.78692e-01 1.36e-03
2.80657e-01 1.35e-03
2.82695e-01 1.34e-03
2.84652e-01 1.33e-03
2.86606e-01 1.32e-03
2.88632e-01 1.31e-03
2.90578e-01 1.30e-03
2.92520e-01 1.29e-03
2.94459e-01 1.28e-03
2.96394e-01 1.27e-03
2.98325e-01 1.26e-03
3.00253e-01 1.25e-03
3.02177e-01 1.24e-03
3.04097e-01 1.24e-03
3.04982e-01 1.23e-03
3.05939e-01 1.23e-03
3.06896e-01 1.23e-03
3.08807e-01 1.21e-03
3.09762e-01 1.21e-03
3.10641e-01 1.20e-03
3.11594e-01 1.20e-03
3.12545e-01 1.20e-03
3.14373e-01 1.19e-03
3.15322e-01 1.19e-03
3.16270e-01 1.18e-03
3.17144e-01 1.23e-03
3.18090e-01 1.22e-03
3.19907e-01 1.20e-03
3.20851e-01 1.20e-03
3.21794e-01 1.19e-03
3.22663e-01 1.18e-03
3.24472e-01 1.17e-03
3.26278e-01 1.16e-03
3.28080e-01 1.15e-03
3.29879e-01 1.14e-03
3.31675e-01 1.13e-03
3.33468e-01 1.12e-03
3.35257e-01 1.11e-03
3.37044e-01 1.10e-03
3.38827e-01 1.10e-03
3.40535e-01 1.09e-03
3.42312e-01 1.08e-03
3.44015e-01 1.08e-03
3.45786e-01 1.07e-03
3.47483e-01 1.06e-03
3.49247e-01 1.06e-03
3.50939e-01 1.05e-03
3.52627e-01 1.04e-03
3.54382e-01 1.04e-03
3.56065e-01 1.03e-03
3.57744e-01 1.03e-03
3.59421e-01 1.02e-03
3.61095e-01 1.02e-03
3.62766e-01 1.01e-03
3.64435e-01 1.01e-03
3.66100e-01 1.00e-03
3.67763e-01 9.98e-04
3.69354e-01 9.95e-04
3.71839e-01 9.91e-04
3.74318e-01 9.90e-04
3.76723e-01 9.90e-04
3.77546e-01 9.92e-04
3.78299e-01 9.96e-04
3.79121e-01 9.98e-04
3.79942e-01 1.00e-03
3.80762e-01 1.01e-03
3.81514e-01 1.01e-03
3.82333e-01 9.95e-04
3.83151e-01 9.80e-04
3.83969e-01 9.72e-04
3.84718e-01 9.68e-04
3.85534e-01 9.67e-04
3.86282e-01 9.67e-04
3.87097e-01 9.68e-04
3.87912e-01 9.68e-04
3.88658e-01 9.67e-04
3.89471e-01 9.64e-04
3.90284e-01 9.62e-04
3.91028e-01 9.63e-04
3.91839e-01 9.67e-04
3.92582e-01 9.77e-04
3.93393e-01 9.93e-04
3.94134e-01 9.98e-04
3.94943e-01 9.89e-04
3.95684e-01 9.88e-04
3.96492e-01 9.99e-04
3.97231e-01 1.01e-03
3.98038e-01 1.01e-03
3.98776e-01 9.93e-04
3.99581e-01 9.80e-04
4.00319e-01 9.74e-04
4.01122e-01 9.72e-04
4.01859e-01 9.73e-04
4.02661e-01 9.75e-04
4.03396e-01 9.79e-04
4.04932e-01 9.87e-04
4.05665e-01 9.92e-04
4.06465e-01 9.99e-04
4.07197e-01 1.01e-03
4.07929e-01 1.03e-03
4.08726e-01 1.06e-03
4.09457e-01 1.09e-03
4.10187e-01 1.11e-03
4.10983e-01 1.10e-03
4.11712e-01 1.11e-03
4.12441e-01 1.12e-03
4.13169e-01 1.08e-03
4.13962e-01 1.02e-03
4.14689e-01 9.89e-04
4.15415e-01 9.68e-04
4.16141e-01 9.55e-04
4.16932e-01 9.46e-04
4.17657e-01 9.39e-04
4.18381e-01 9.33e-04
4.19105e-01 9.30e-04
4.20616e-01 9.24e-04
4.21338e-01 9.21e-04
4.22060e-01 9.17e-04
4.23501e-01 9.09e-04
4.24221e-01 9.05e-04
4.25006e-01 9.02e-04
4.25725e-01 8.99e-04
4.26444e-01 8.98e-04
4.27161e-01 8.97e-04
4.27879e-01 8.98e-04
4.28596e-01 9.02e-04
4.29312e-01 9.10e-04
4.30028e-01 9.24e-04
4.30743e-01 9.36e-04
4.31458e-01 9.29e-04
4.32172e-01 9.17e-04
4.32886e-01 9.11e-04
4.33599e-01 9.09e-04
4.34312e-01 9.09e-04
4.35024e-01 9.12e-04
4.35736e-01 9.16e-04
4.36447e-01 9.23e-04
4.37158e-01 9.33e-04
4.37868e-01 9.45e-04
4.38577e-01 9.49e-04
4.39995e-01 9.34e-04
4.40704e-01 9.31e-04
4.41411e-01 9.33e-04
4.42118e-01 9.41e-04
4.42761e-01 9.45e-04
4.43467e-01 9.30e-04
4.44173e-01 9.11e-04
4.44878e-01 8.97e-04
4.45583e-01 8.88e-04
4.46287e-01 8.84e-04
4.46927e-01 8.82e-04
4.47630e-01 8.83e-04
4.48333e-01 8.89e-04
4.49035e-01 9.01e-04
4.49737e-01 9.19e-04
4.50438e-01 9.29e-04
4.51076e-01 9.26e-04
4.51776e-01 9.18e-04
4.52476e-01 9.06e-04
4.53175e-01 8.97e-04
4.53811e-01 8.91e-04
4.54509e-01 8.88e-04
4.55207e-01 8.86e-04
4.55841e-01 8.86e-04
4.56538e-01 8.86e-04
4.57235e-01 8.86e-04
4.58563e-01 8.88e-04
4.59259e-01 8.89e-04
4.59953e-01 8.89e-04
4.60584e-01 8.88e-04
4.61278e-01 8.86e-04
4.61971e-01 8.83e-04
4.63294e-01 8.75e-04
4.63923e-01 8.72e-04
4.65305e-01 8.63e-04
4.65933e-01 8.60e-04
4.66623e-01 8.60e-04
4.67250e-01 8.62e-04
4.67939e-01 8.67e-04
4.68565e-01 8.72e-04
4.69253e-01 8.74e-04
4.69941e-01 8.70e-04
4.70566e-01 8.64e-04
4.71253e-01 8.58e-04
4.72563e-01 8.47e-04
4.73871e-01 8.35e-04
4.74494e-01 8.29e-04
4.75799e-01 8.18e-04
4.76420e-01 8.10e-04
4.77103e-01 8.01e-04
4.77724e-01 7.93e-04
4.78406e-01 7.87e-04
4.79025e-01 7.83e-04
4.79706e-01 7.79e-04
4.80325e-01 7.75e-04
4.80944e-01 7.68e-04
4.81623e-01 7.61e-04
4.82241e-01 7.54e-04
4.82920e-01 7.49e-04
4.83537e-01 7.45e-04
4.84153e-01 7.42e-04
4.85446e-01 7.38e-04
4.86062e-01 7.35e-04
4.87352e-01 7.30e-04
4.87966e-01 7.28e-04
4.88641e-01 7.27e-04
4.89255e-01 7.29e-04
4.89868e-01 7.32e-04
4.90480e-01 7.41e-04
4.91153e-01 7.58e-04
4.91765e-01 7.86e-04
4.92376e-01 8.27e-04
4.93049e-01 8.56e-04
4.93659e-01 8.31e-04
4.94269e-01 7.84e-04
4.94879e-01 7.51e-04
4.95489e-01 7.30e-04
4.96159e-01 7.19e-04
4.96767e-01 7.12e-04
4.97376e-01 7.07e-04
4.97984e-01 7.05e-04
4.98591e-01 7.04e-04
4.99259e-01 7.04e-04
4.99866e-01 7.05e-04
5.00472e-01 7.08e-04
5.01078e-01 7.10e-04
5.01684e-01 7.10e-04
5.02289e-01 7.07e-04
5.02955e-01 7.01e-04
5.03559e-01 6.93e-04
5.04163e-01 6.86e-04
5.04767e-01 6.82e-04
5.05371e-01 6.79e-04
5.05974e-01 6.77e-04
5.06577e-01 6.75e-04
5.07179e-01 6.76e-04
5.07781e-01 6.80e-04
5.08383e-01 6.89e-04
5.09044e-01 7.00e-04
5.09645e-01 7.12e-04
5.10245e-01 7.16e-04
5.10846e-01 7.08e-04
5.11445e-01 7.01e-04
5.12045e-01 6.94e-04
5.12644e-01 6.87e-04
5.13243e-01 6.77e-04
5.13841e-01 6.67e-04
5.14439e-01 6.57e-04
5.15037e-01 6.49e-04
5.15634e-01 6.44e-04
5.16231e-01 6.40e-04
5.16828e-01 6.38e-04
5.17424e-01 6.39e-04
5.18020e-01 6.42e-04
5.18615e-01 6.50e-04
5.19210e-01 6.64e-04
5.19746e-01 6.88e-04
5.20340e-01 7.24e-04
5.20934e-01 7.54e-04
5.21528e-01 7.47e-04
5.22122e-01 7.18e-04
5.22715e-01 6.95e-04
5.23307e-01 6.85e-04
5.23900e-01 6.89e-04
5.24492e-01 7.05e-04
5.25083e-01 7.22e-04
5.25616e-01 7.19e-04
5.26207e-01 6.92e-04
5.26797e-01 6.64e-04
5.27388e-01 6.45e-04
5.27978e-01 6.35e-04
5.28567e-01 6.31e-04
5.29157e-01 6.34e-04
5.29687e-01 6.44e-04
5.30275e-01 6.66e-04
5.30864e-01 7.05e-04
5.31451e-01 7.64e-04
5.32039e-01 8.05e-04
5.32568e-01 7.75e-04
5.33154e-01 7.11e-04
5.33741e-01 6.62e-04
5.34327e-01 6.31e-04
5.34855e-01 6.12e-04
5.35440e-01 6.00e-04
5.36025e-01 5.92e-04
5.36610e-01 5.87e-04
5.37136e-01 5.83e-04
5.37721e-01 5.81e-04
5.38305e-01 5.80e-04
5.38888e-01 5.81e-04
5.39413e-01 5.82e-04
5.39996e-01 5.86e-04
5.40579e-01 5.93e-04
5.41103e-01 6.02e-04
5.41685e-01 6.13e-04
5.42266e-01 6.22e-04
5.42789e-01 6.25e-04
5.43370e-01 6.15e-04
5.43951e-01 5.98e-04
5.44473e-01 5.83e-04
5.45053e-01 5.75e-04
5.45633e-01 5.71e-04
5.46154e-01 5.70e-04
5.46733e-01 5.72e-04
5.47312e-01 5.69e-04
5.47832e-01 5.64e-04
5.48410e-01 5.60e-04
5.48930e-01 5.57e-04
5.49508e-01 5.56e-04
5.50085e-01 5.57e-04
5.50604e-01 5.59e-04
5.51180e-01 5.62e-04
5.51699e-01 5.65e-04
5.52275e-01 5.66e-04
5.52850e-01 5.64e-04
5.53368e-01 5.59e-04
5.53943e-01 5.54e-04
5.54460e-01 5.50e-04
5.55034e-01 5.47e-04
5.55550e-01 5.46e-04
5.56124e-01 5.47e-04
5.56640e-01 5.50e-04
5.57213e-01 5.55e-04
5.57728e-01 5.57e-04
5.58301e-01 5.53e-04
5.58815e-01 5.48e-04
5.59387e-01 5.45e-04
5.59901e-01 5.44e-04
5.60473e-01 5.45e-04
5.60986e-01 5.48e-04
5.61557e-01 5.53e-04
5.62070e-01 5.58e-04
5.62640e-01 5.61e-04
5.63152e-01 5.60e-04
5.63722e-01 5.55e-04
5.64234e-01 5.48e-04
5.64745e-01 5.41e-04
5.65314e-01 5.35e-04
5.65825e-01 5.31e-04
5.66393e-01 5.28e-04
5.66903e-01 5.26e-04
5.67471e-01 5.24e-04
5.67981e-01 5.24e-04
5.68491e-01 5.24e-04
5.69057e-01 5.24e-04
5.69566e-01 5.26e-04
5.70075e-01 5.27e-04
5.70641e-01 5.30e-04
5.71149e-01 5.34e-04
5.71714e-01 5.41e-04
5.72729e-01 5.56e-04
5.73293e-01 5.60e-04
5.73800e-01 5.58e-04
5.74307e-01 5.50e-04
5.74870e-01 5.40e-04
5.75377e-01 5.30e-04
5.75883e-01 5.23e-04
5.76445e-01 5.17e-04
5.76950e-01 5.12e-04
5.77456e-01 5.09e-04
5.77961e-01 5.06e-04
5.79026e-01 5.01e-04
5.79530e-01 4.99e-04
5.80594e-01 4.96e-04
5.81601e-01 4.93e-04
5.82662e-01 4.91e-04
5.83667e-01 4.89e-04
5.84726e-01 4.87e-04
5.85729e-01 4.86e-04
5.86230e-01 4.86e-04
5.87287e-01 4.86e-04
5.87787e-01 4.86e-04
5.88287e-01 4.87e-04
5.88786e-01 4.88e-04
5.89286e-01 4.90e-04
5.89840e-01 4.92e-04
5.90838e-01 4.98e-04
5.91336e-01 5.00e-04
5.91834e-01 5.01e-04
5.92332e-01 5.02e-04
5.92885e-01 5.05e-04
5.93382e-01 5.08e-04
5.93879e-01 5.07e-04
5.94376e-01 5.03e-04
5.95369e-01 4.91e-04
5.95865e-01 4.86e-04
5.96361e-01 4.82e-04
5.96857e-01 4.79e-04
5.97407e-01 4.76e-04
5.97902e-01 4.75e-04
5.98397e-01 4.73e-04
5.98891e-01 4.72e-04
5.99386e-01 4.71e-04
6.00374e-01 4.70e-04
6.01361e-01 4.70e-04
6.01854e-01 4.69e-04
6.02839e-01 4.68e-04
6.03824e-01 4.67e-04
6.04808e-01 4.65e-04
6.05299e-01 4.65e-04
6.05790e-01 4.65e-04
6.06281e-01 4.65e-04
6.06772e-01 4.66e-04
6.07262e-01 4.67e-04
6.07753e-01 4.69e-04
6.08243e-01 4.73e-04
6.08732e-01 4.77e-04
6.09222e-01 4.83e-04
6.09711e-01 4.91e-04
6.10200e-01 5.02e-04
6.10689e-01 5.12e-04
6.11178e-01 5.10e-04
6.11666e-01 4.96e-04
6.12154e-01 4.82e-04
6.12642e-01 4.72e-04
6.13129e-01 4.65e-04
6.13617e-01 4.60e-04
6.14104e-01 4.57e-04
6.14591e-01 4.54e-04
6.15023e-01 4.53e-04
6.15510e-01 4.52e-04
6.15996e-01 4.52e-04
6.16482e-01 4.52e-04
6.16968e-01 4.53e-04
6.17453e-01 4.55e-04
6.18424e-01 4.60e-04
6.18908e-01 4.62e-04
6.19339e-01 4.61e-04
6.19824e-01 4.57e-04
6.20308e-01 4.53e-04
6.20792e-01 4.49e-04
6.21275e-01 4.46e-04
6.21759e-01 4.43e-04
6.22242e-01 4.41e-04
6.22671e-01 4.40e-04
6.23154e-01 4.39e-04
6.23636e-01 4.38e-04
6.24119e-01 4.37e-04
6.24601e-01 4.37e-04
6.25082e-01 4.38e-04
6.25511e-01 4.38e-04
6.25992e-01 4.40e-04
6.26473e-01 4.42e-04
6.26954e-01 4.46e-04
6.27435e-01 4.51e-04
6.28342e-01 4.63e-04
6.28822e-01 4.67e-04
6.29302e-01 4.66e-04
6.29728e-01 4.60e-04
6.30207e-01 4.53e-04
6.30686e-01 4.47e-04
6.31165e-01 4.42e-04
6.31591e-01 4.38e-04
6.32069e-01 4.35e-04
6.32548e-01 4.34e-04
6.33026e-01 4.33e-04
6.33450e-01 4.34e-04
6.33928e-01 4.36e-04
6.34405e-01 4.39e-04
6.34882e-01 4.45e-04
6.35306e-01 4.53e-04
6.35783e-01 4.58e-04
6.36259e-01 4.54e-04
6.36683e-01 4.44e-04
6.37159e-01 4.35e-04
6.37634e-01 4.28e-04
6.38110e-01 4.23e-04
6.38533e-01 4.20e-04
6.39008e-01 4.17e-04
6.39483e-01 4.14e-04
6.39905e-01 4.13e-04
6.40379e-01 4.11e-04
6.40853e-01 4.10e-04
6.41749e-01 4.08e-04
6.42643e-01 4.06e-04
6.43537e-01 4.05e-04
6.44482e-01 4.03e-04
6.45374e-01 4.01e-04
6.46265e-01 4.00e-04
6.47156e-01 3.99e-04
6.47627e-01 3.99e-04
6.48098e-01 3.99e-04
6.48516e-01 3.99e-04
6.48986e-01 4.01e-04
6.49404e-01 4.03e-04
6.49874e-01 4.07e-04
6.50292e-01 4.10e-04
6.50761e-01 4.09e-04
6.51231e-01 4.04e-04
6.51648e-01 3.99e-04
6.52117e-01 3.96e-04
6.52533e-01 3.93e-04
6.53002e-01 3.91e-04
6.53418e-01 3.90e-04
6.53886e-01 3.89e-04
6.54302e-01 3.88e-04
6.54770e-01 3.87e-04
6.56120e-01 3.87e-04
6.57002e-01 3.86e-04
6.57416e-01 3.86e-04
6.57883e-01 3.85e-04
6.58763e-01 3.82e-04
6.59642e-01 3.80e-04
6.60469e-01 3.78e-04
6.61347e-01 3.76e-04
6.62224e-01 3.75e-04
6.63100e-01 3.73e-04
6.63976e-01 3.72e-04
6.64851e-01 3.71e-04
6.65725e-01 3.70e-04
6.66598e-01 3.69e-04
6.67470e-01 3.68e-04
6.68291e-01 3.67e-04
6.69162e-01 3.66e-04
6.70032e-01 3.66e-04
6.70902e-01 3.65e-04
6.71719e-01 3.65e-04
6.72587e-01 3.64e-04
6.73455e-01 3.62e-04
6.74321e-01 3.61e-04
6.75136e-01 3.61e-04
6.76001e-01 3.60e-04
6.76865e-01 3.59e-04
6.77678e-01 3.59e-04
6.78541e-01 3.58e-04
6.79403e-01 3.57e-04
6.80214e-01 3.56e-04
6.81075e-01 3.55e-04
6.81884e-01 3.53e-04
6.82743e-01 3.51e-04
6.83551e-01 3.49e-04
6.84409e-01 3.48e-04
6.85266e-01 3.47e-04
6.86072e-01 3.46e-04
6.86878e-01 3.46e-04
6.87330e-01 3.45e-04
6.88135e-01 3.44e-04
6.88989e-01 3.43e-04
6.89792e-01 3.41e-04
6.90594e-01 3.40e-04
6.91446e-01 3.38e-04
6.92247e-01 3.37e-04
6.93097e-01 3.36e-04
6.93897e-01 3.35e-04
6.94696e-01 3.34e-04
6.95544e-01 3.33e-04
6.96342e-01 3.33e-04
6.97139e-01 3.32e-04
6.97538e-01 3.32e-04
6.99179e-01 3.32e-04
6.99974e-01 3.33e-04
7.00818e-01 3.34e-04
7.01215e-01 3.34e-04
7.01611e-01 3.34e-04
7.02008e-01 3.34e-04
7.02404e-01 3.33e-04
7.02800e-01 3.32e-04
7.03592e-01 3.29e-04
7.04384e-01 3.27e-04
7.05224e-01 3.24e-04
7.06014e-01 3.23e-04
7.06804e-01 3.21e-04
7.07592e-01 3.20e-04
7.08381e-01 3.19e-04
7.09168e-01 3.18e-04
7.09955e-01 3.17e-04
7.10741e-01 3.16e-04
7.11527e-01 3.15e-04
7.12361e-01 3.14e-04
7.13146e-01 3.14e-04
7.13930e-01 3.13e-04
7.14713e-01 3.13e-04
7.15496e-01 3.12e-04
7.15887e-01 3.12e-04
7.16668e-01 3.11e-04
7.17401e-01 3.09e-04
7.18181e-01 3.07e-04
7.18961e-01 3.05e-04
7.19740e-01 3.04e-04
7.20519e-01 3.03e-04
7.20908e-01 3.06e-04
7.21686e-01 3.05e-04
7.22463e-01 3.04e-04
7.23240e-01 3.04e-04
7.24016e-01 3.04e-04
7.24404e-01 3.03e-04
7.25130e-01 3.02e-04
7.25905e-01 3.01e-04
7.26679e-01 3.00e-04
7.27452e-01 2.98e-04
7.28225e-01 2.97e-04
7.28949e-01 2.96e-04
7.29720e-01 2.95e-04
7.30491e-01 2.94e-04
7.31262e-01 2.94e-04
7.31983e-01 2.93e-04
7.32752e-01 2.92e-04
7.33521e-01 2.91e-04
7.34241e-01 2.90e-04
7.35009e-01 2.90e-04
7.35776e-01 2.89e-04
7.36494e-01 2.88e-04
7.37260e-01 2.87e-04
7.38025e-01 2.86e-04
7.38742e-01 2.86e-04
7.39506e-01 2.85e-04
7.40222e-01 2.84e-04
7.40985e-01 2.84e-04
7.41747e-01 2.83e-04
7.42461e-01 2.82e-04
7.43222e-01 2.82e-04
7.43935e-01 2.81e-04
7.44695e-01 2.81e-04
7.45408e-01 2.80e-04
7.46166e-01 2.79e-04
7.46878e-01 2.79e-04
7.47635e-01 2.78e-04
7.48345e-01 2.77e-04
7.49102e-01 2.76e-04
7.49811e-01 2.75e-04
7.50567e-01 2.75e-04
7.51275e-01 2.74e-04
7.51982e-01 2.74e-04
7.52736e-01 2.73e-04
7.53442e-01 2.73e-04
7.54148e-01 2.72e-04
7.54901e-01 2.71e-04
7.55605e-01 2.70e-04
7.56357e-01 2.70e-04
7.57061e-01 2.69e-04
7.57764e-01 2.68e-04
7.58467e-01 2.67e-04
7.59216e-01 2.66e-04
7.59918e-01 2.65e-04
7.60292e-01 2.68e-04
7.60993e-01 2.67e-04
7.61693e-01 2.67e-04
7.62393e-01 2.66e-04
7.63140e-01 2.65e-04
7.63839e-01 2.65e-04
7.64537e-01 2.64e-04
7.65235e-01 2.63e-04
7.65979e-01 2.63e-04
7.66676e-01 2.62e-04
7.67373e-01 2.61e-04
7.68069e-01 2.61e-04
7.68765e-01 2.60e-04
7.69460e-01 2.60e-04
7.70155e-01 2.59e-04
7.70895e-01 2.58e-04
7.71589e-01 2.58e-04
7.72282e-01 2.57e-04
7.72974e-01 2.57e-04
7.73667e-01 2.56e-04
7.74358e-01 2.55e-04
7.75050e-01 2.55e-04
7.75740e-01 2.54e-04
7.76431e-01 2.54e-04
7.77121e-01 2.53e-04
7.77810e-01 2.52e-04
7.78499e-01 2.52e-04
7.79187e-01 2.51e-04
7.79875e-01 2.51e-04
7.80563e-01 2.50e-04
7.81250e-01 2.50e-04
7.81936e-01 2.49e-04
7.82622e-01 2.49e-04
7.83308e-01 2.48e-04
7.83993e-01 2.47e-04
7.84677e-01 2.47e-04
7.85362e-01 2.46e-04
7.86000e-01 2.46e-04
7.86683e-01 2.45e-04
7.87366e-01 2.45e-04
7.88048e-01 2.44e-04
7.88730e-01 2.44e-04
7.89411e-01 2.43e-04
7.90092e-01 2.43e-04
7.90728e-01 2.42e-04
7.91408e-01 2.41e-04
7.92087e-01 2.41e-04
7.92766e-01 2.40e-04
7.93445e-01 2.40e-04
7.94078e-01 2.39e-04
7.94756e-01 2.39e-04
7.95433e-01 2.38e-04
7.96110e-01 2.38e-04
7.96741e-01 2.37e-04
7.97417e-01 2.37e-04
7.98093e-01 2.36e-04
7.98768e-01 2.36e-04
7.99397e-01 2.35e-04
8.00071e-01 2.35e-04
8.00745e-01 2.34e-04
8.01374e-01 2.34e-04
8.02046e-01 2.33e-04
8.02719e-01 2.33e-04
8.03346e-01 2.32e-04
8.04017e-01 2.32e-04
8.04644e-01 2.31e-04
8.05314e-01 2.31e-04
8.05985e-01 2.30e-04
8.06610e-01 2.30e-04
8.07279e-01 2.29e-04
8.07903e-01 2.29e-04
8.08572e-01 2.28e-04
8.09240e-01 2.28e-04
8.09863e-01 2.27e-04
8.10530e-01 2.27e-04
8.11152e-01 2.26e-04
8.11819e-01 2.26e-04
8.12440e-01 2.25e-04
8.13106e-01 2.25e-04
8.13726e-01 2.25e-04
8.14391e-01 2.24e-04
8.15011e-01 2.24e-04
8.15674e-01 2.23e-04
8.16294e-01 2.23e-04
8.16956e-01 2.22e-04
8.17575e-01 2.22e-04
8.18193e-01 2.21e-04
8.18854e-01 2.21e-04
8.19471e-01 2.20e-04
8.20132e-01 2.20e-04
8.20749e-01 2.19e-04
8.21364e-01 2.19e-04
8.22024e-01 2.18e-04
8.22639e-01 2.18e-04
8.23298e-01 2.18e-04
8.23912e-01 2.17e-04
8.24526e-01 2.17e-04
8.25184e-01 2.16e-04
8.25797e-01 2.16e-04
8.26410e-01 2.15e-04
8.27066e-01 2.15e-04
8.27678e-01 2.14e-04
8.28290e-01 2.14e-04
8.28945e-01 2.14e-04
8.29556e-01 2.13e-04
8.30166e-01 2.13e-04
8.30776e-01 2.12e-04
8.31430e-01 2.12e-04
8.32039e-01 2.11e-04
8.32648e-01 2.11e-04
8.33257e-01 2.10e-04
8.33909e-01 2.10e-04
8.34517e-01 2.10e-04
8.35124e-01 2.09e-04
8.35731e-01 2.09e-04
8.36338e-01 2.08e-04
8.36988e-01 2.08e-04
8.37594e-01 2.07e-04
8.38199e-01 2.07e-04
8.38805e-01 2.07e-04
8.39410e-01 2.06e-04
8.40014e-01 2.06e-04
8.40618e-01 2.05e-04
8.41265e-01 2.05e-04
8.41869e-01 2.05e-04
8.42472e-01 2.04e-04
8.43075e-01 2.04e-04
8.43677e-01 2.03e-04
8.44279e-01 2.03e-04
8.44881e-01 2.02e-04
8.45482e-01 2.02e-04
8.46083e-01 2.02e-04
8.46683e-01 2.01e-04
8.47284e-01 2.01e-04
8.47883e-01 2.00e-04
8.48526e-01 2.00e-04
8.49125e-01 2.00e-04
8.49723e-01 1.99e-04
8.50322e-01 1.99e-04
8.50920e-01 1.98e-04
8.51518e-01 1.98e-04
8.52115e-01 1.98e-04
8.52712e-01 1.97e-04
8.53308e-01 1.97e-04
8.53862e-01 1.96e-04
8.54458e-01 1.96e-04
8.55053e-01 1.96e-04
8.55649e-01 1.95e-04
8.56243e-01 1.95e-04
8.56838e-01 1.95e-04
8.57432e-01 1.94e-04
8.58026e-01 1.94e-04
8.58619e-01 1.93e-04
8.59212e-01 1.93e-04
8.59805e-01 1.93e-04
8.60397e-01 1.92e-04
8.60947e-01 1.92e-04
8.61539e-01 1.92e-04
8.62130e-01 1.91e-04
8.62721e-01 1.91e-04
8.63312e-01 1.90e-04
8.63902e-01 1.90e-04
8.64492e-01 1.90e-04
8.65040e-01 1.89e-04
8.65629e-01 1.89e-04
8.66218e-01 1.89e-04
8.66806e-01 1.88e-04
8.67395e-01 1.88e-04
8.67940e-01 1.88e-04
8.68528e-01 1.87e-04
8.69115e-01 1.87e-04
8.69702e-01 1.87e-04
8.70289e-01 1.86e-04
8.70833e-01 1.86e-04
8.71419e-01 1.85e-04
8.72004e-01 1.85e-04
8.72548e-01 1.85e-04
8.73133e-01 1.84e-04
8.73717e-01 1.84e-04
8.74301e-01 1.84e-04
8.74844e-01 1.83e-04
8.75427e-01 1.83e-04
8.76010e-01 1.83e-04
8.76551e-01 1.82e-04
8.77134e-01 1.82e-04
8.77716e-01 1.82e-04
8.78257e-01 1.82e-04
8.78838e-01 1.81e-04
8.79419e-01 1.81e-04
8.79959e-01 1.81e-04
8.80539e-01 1.80e-04
8.81119e-01 1.80e-04
8.81658e-01 1.80e-04
8.82237e-01 1.79e-04
8.82775e-01 1.79e-04
8.83354e-01 1.79e-04
8.83933e-01 1.78e-04
8.84470e-01 1.78e-04
8.85048e-01 1.78e-04
8.85584e-01 1.78e-04
8.86161e-01 1.77e-04
8.86738e-01 1.77e-04
8.87274e-01 1.77e-04
8.87850e-01 1.76e-04
8.88385e-01 1.76e-04
8.88961e-01 1.76e-04
8.89495e-01 1.75e-04
8.90070e-01 1.75e-04
8.90604e-01 1.75e-04
8.91178e-01 1.75e-04
8.91711e-01 1.74e-04
8.92285e-01 1.74e-04
8.92817e-01 1.74e-04
8.93391e-01 1.73e-04
8.93922e-01 1.73e-04
8.94495e-01 1.73e-04
8.95026e-01 1.73e-04
8.95598e-01 1.72e-04
8.96129e-01 1.72e-04
8.96700e-01 1.72e-04
8.97230e-01 1.71e-04
8.97760e-01 1.71e-04
8.98330e-01 1.71e-04
8.98860e-01 1.71e-04
8.99429e-01 1.70e-04
8.99958e-01 1.70e-04
9.00527e-01 1.70e-04
9.01055e-01 1.69e-04
9.01583e-01 1.69e-04
9.02151e-01 1.69e-04
9.02679e-01 1.69e-04
9.03205e-01 1.68e-04
9.03773e-01 1.68e-04
9.04299e-01 1.68e-04
9.04866e-01 1.68e-04
9.05392e-01 1.67e-04
9.05917e-01 1.67e-04
9.06483e-01 1.67e-04
9.07008e-01 1.67e-04
9.07532e-01 1.66e-04
9.08097e-01 1.66e-04
9.08621e-01 1.66e-04
9.09145e-01 1.66e-04
9.09669e-01 1.65e-04
9.10232e-01 1.65e-04
9.10755e-01 1.65e-04
9.11278e-01 1.65e-04
9.11841e-01 1.64e-04
9.12363e-01 1.64e-04
9.12885e-01 1.64e-04
9.13407e-01 1.64e-04
9.13968e-01 1.64e-04
9.14489e-01 1.63e-04
9.15010e-01 1.63e-04
9.15530e-01 1.63e-04
9.16091e-01 1.63e-04
9.16611e-01 1.62e-04
9.17130e-01 1.62e-04
9.17650e-01 1.62e-04
9.18169e-01 1.62e-04
9.18728e-01 1.62e-04
9.19246e-01 1.61e-04
9.19765e-01 1.61e-04
9.20283e-01 1.61e-04
9.20801e-01 1.61e-04
9.21358e-01 1.61e-04
9.21875e-01 1.60e-04
9.22392e-01 1.60e-04
9.22909e-01 1.60e-04
9.23425e-01 1.60e-04
9.23941e-01 1.60e-04
9.24457e-01 1.59e-04
9.25013e-01 1.59e-04
9.25528e-01 1.59e-04
9.26043e-01 1.59e-04
9.26558e-01 1.58e-04
9.27072e-01 1.58e-04
9.27587e-01 1.58e-04
9.28101e-01 1.58e-04
9.28614e-01 1.57e-04
9.29128e-01 1.57e-04
9.29681e-01 1.57e-04
9.30194e-01 1.56e-04
9.30706e-01 1.56e-04
9.31219e-01 1.56e-04
9.31731e-01 1.56e-04
9.32243e-01 1.55e-04
9.32754e-01 1.55e-04
9.33266e-01 1.55e-04
9.33777e-01 1.54e-04
9.34288e-01 1.54e-04
9.34798e-01 1.54e-04
9.35309e-01 1.54e-04
9.35819e-01 1.53e-04
9.36329e-01 1.53e-04
9.36838e-01 1.53e-04
9.37347e-01 1.53e-04
9.37857e-01 1.52e-04
9.38365e-01 1.52e-04
9.38874e-01 1.52e-04
9.39382e-01 1.51e-04
9.39890e-01 1.51e-04
9.40398e-01 1.51e-04
9.40905e-01 1.51e-04
9.41413e-01 1.50e-04
9.41919e-01 1.50e-04
9.42426e-01 1.50e-04
9.42933e-01 1.50e-04
9.43439e-01 1.50e-04
9.43945e-01 1.49e-04
9.44450e-01 1.49e-04
9.44956e-01 1.49e-04
9.45422e-01 1.49e-04
9.45927e-01 1.48e-04
9.46432e-01 1.48e-04
9.46936e-01 1.48e-04
9.47441e-01 1.48e-04
9.47944e-01 1.48e-04
9.48448e-01 1.47e-04
9.48952e-01 1.47e-04
9.49455e-01 1.47e-04
9.49919e-01 1.47e-04
9.50422e-01 1.47e-04
9.50924e-01 1.46e-04
9.51426e-01 1.46e-04
9.51928e-01 1.46e-04
9.52430e-01 1.46e-04
9.52931e-01 1.46e-04
9.53394e-01 1.45e-04
9.53895e-01 1.45e-04
9.54395e-01 1.45e-04
9.54896e-01 1.45e-04
9.58584e-01 1.44e-04
9.60767e-01 1.44e-04
9.62716e-01 1.44e-04
9.65386e-01 1.44e-04
9.66604e-01 1.44e-04
9.67098e-01 1.44e-04
9.67592e-01 1.44e-04
9.68048e-01 1.43e-04
9.68542e-01 1.43e-04
9.69035e-01 1.43e-04
9.69490e-01 1.42e-04
9.69983e-01 1.42e-04
9.70476e-01 1.41e-04
9.70930e-01 1.41e-04
9.71423e-01 1.40e-04
9.71915e-01 1.40e-04
9.72369e-01 1.39e-04
9.72860e-01 1.39e-04
9.73351e-01 1.39e-04
9.73805e-01 1.38e-04
9.74295e-01 1.38e-04
9.74786e-01 1.37e-04
9.75239e-01 1.37e-04
9.75729e-01 1.37e-04
9.76181e-01 1.36e-04
9.76671e-01 1.36e-04
9.77160e-01 1.36e-04
9.77612e-01 1.35e-04
9.78101e-01 1.35e-04
9.78552e-01 1.35e-04
9.79040e-01 1.35e-04
9.79528e-01 1.34e-04
9.79979e-01 1.34e-04
9.80467e-01 1.34e-04
9.80917e-01 1.34e-04
9.81404e-01 1.34e-04
9.81891e-01 1.33e-04
9.82341e-01 1.33e-04
9.82827e-01 1.33e-04
9.83276e-01 1.33e-04
9.83762e-01 1.32e-04
9.84211e-01 1.32e-04
9.84697e-01 1.32e-04
9.85145e-01 1.32e-04
9.85630e-01 1.31e-04
9.86078e-01 1.31e-04
9.86563e-01 1.31e-04
9.87010e-01 1.31e-04
9.87494e-01 1.31e-04
9.87941e-01 1.30e-04
9.88425e-01 1.30e-04
9.88872e-01 1.30e-04
9.89355e-01 1.30e-04
9.89801e-01 1.30e-04
9.90284e-01 1.30e-04
9.90730e-01 1.29e-04
9.91213e-01 1.29e-04
9.91658e-01 1.29e-04
9.92140e-01 1.29e-04
9.92585e-01 1.29e-04
9.93067e-01 1.28e-04
9.93511e-01 1.28e-04
9.93992e-01 1.28e-04
9.94436e-01 1.28e-04
9.94917e-01 1.28e-04
9.95361e-01 1.28e-04
9.95804e-01 1.27e-04
9.96284e-01 1.27e-04
9.96727e-01 1.27e-04
9.97207e-01 1.27e-04
9.97649e-01 1.27e-04
9.98129e-01 1.27e-04
9.98571e-01 1.26e-04
9.99013e-01 1.26e-04
9.99492e-01 1.26e-04
9.99933e-01 1.26e-04
1.00041e+00 1.26e-04
1.00085e+00 1.26e-04
1.00129e+00 1.26e-04
1.00177e+00 1.25e-04
1.00221e+00 1.25e-04
1.00269e+00 1.25e-04
1.00313e+00 1.25e-04
1.00357e+00 1.25e-04
1.00405e+00 1.25e-04
1.00448e+00 1.24e-04
1.00492e+00 1.24e-04
1.00540e+00 1.24e-04
1.00584e+00 1.24e-04
1.00628e+00 1.24e-04
1.00675e+00 1.24e-04
1.00719e+00 1.24e-04
1.00763e+00 1.23e-04
1.00810e+00 1.23e-04
1.00854e+00 1.23e-04
1.00898e+00 1.23e-04
1.00945e+00 1.23e-04
1.00989e+00 1.23e-04
1.01033e+00 1.23e-04
1.01080e+00 1.23e-04
1.01124e+00 1.22e-04
1.01167e+00 1.22e-04
1.01215e+00 1.22e-04
1.01258e+00 1.22e-04
1.01302e+00 1.22e-04
1.01345e+00 1.22e-04
1.02011e+00 1.20e-04
1.02054e+00 1.20e-04
1.02101e+00 1.20e-04
1.02144e+00 1.20e-04
1.02188e+00 1.19e-04
1.02231e+00 1.19e-04
1.02277e+00 1.19e-04
1.02321e+00 1.19e-04
1.02364e+00 1.19e-04
1.02407e+00 1.19e-04
1.02450e+00 1.19e-04
1.02497e+00 1.19e-04
1.02540e+00 1.18e-04
1.02583e+00 1.18e-04
1.02626e+00 1.18e-04
1.02669e+00 1.18e-04
1.02712e+00 1.18e-04
1.02758e+00 1.18e-04
1.02801e+00 1.18e-04
1.02844e+00 1.17e-04
1.02887e+00 1.17e-04
1.02930e+00 1.17e-04
1.02973e+00 1.17e-04
1.03019e+00 1.17e-04
1.03062e+00 1.17e-04
1.03105e+00 1.16e-04
1.03147e+00 1.16e-04
1.03190e+00 1.16e-04
1.03233e+00 1.16e-04
1.03276e+00 1.16e-04
1.03322e+00 1.16e-04
1.03365e+00 1.16e-04
1.03407e+00 1.15e-04
1.03450e+00 1.15e-04
1.03493e+00 1.15e-04
1.03535e+00 1.15e-04
1.03773e+00 1.14e-04
1.03964e+00 1.14e-04
1.04134e+00 1.14e-04
1.04324e+00 1.14e-04
1.04412e+00 1.14e-04
1.04454e+00 1.14e-04
1.04497e+00 1.14e-04
1.04539e+00 1.14e-04
1.04581e+00 1.14e-04
1.04623e+00 1.13e-04
1.04665e+00 1.13e-04
1.04707e+00 1.13e-04
1.04749e+00 1.12e-04
1.04792e+00 1.12e-04
1.04834e+00 1.12e-04
1.04876e+00 1.11e-04
1.04918e+00 1.11e-04
1.04960e+00 1.11e-04
1.05002e+00 1.10e-04
1.05044e+00 1.10e-04
1.05086e+00 1.10e-04
1.05149e+00 1.10e-04
1.05211e+00 1.10e-04
1.05358e+00 1.10e-04
1.05421e+00 1.10e-04
1.05463e+00 1.09e-04
1.05504e+00 1.09e-04
1.05543e+00 1.09e-04
1.05584e+00 1.08e-04
1.05626e+00 1.08e-04
1.05668e+00 1.08e-04
1.05710e+00 1.07e-04
1.05751e+00 1.07e-04
1.05793e+00 1.07e-04
1.05835e+00 1.07e-04
1.05876e+00 1.07e-04
1.05980e+00 1.07e-04
1.06126e+00 1.07e-04
1.06164e+00 1.07e-04
1.06205e+00 1.07e-04
1.06247e+00 1.07e-04
1.06267e+00 1.07e-04
1.06288e+00 1.07e-04
1.06330e+00 1.07e-04
1.06371e+00 1.06e-04
1.06412e+00 1.06e-04
1.06454e+00 1.06e-04
1.06495e+00 1.06e-04
1.06537e+00 1.05e-04
1.06678e+00 1.05e-04
1.06781e+00 1.05e-04
1.06843e+00 1.05e-04
1.06881e+00 1.05e-04
1.06922e+00 1.06e-04
1.06942e+00 1.06e-04
1.06963e+00 1.06e-04
1.07004e+00 1.05e-04
1.07045e+00 1.05e-04
1.07107e+00 1.05e-04
1.07165e+00 1.05e-04
1.07268e+00 1.05e-04
1.07288e+00 1.05e-04
1.07329e+00 1.05e-04
1.07350e+00 1.05e-04
1.07370e+00 1.05e-04
1.07388e+00 1.05e-04
1.07408e+00 1.05e-04
1.07449e+00 1.04e-04
1.07470e+00 1.04e-04
1.07490e+00 1.04e-04
1.07531e+00 1.04e-04
1.07551e+00 1.03e-04
1.07592e+00 1.03e-04
1.07630e+00 1.03e-04
1.07671e+00 1.03e-04
1.07712e+00 1.02e-04
1.07752e+00 1.02e-04
1.07793e+00 1.02e-04
1.07851e+00 1.02e-04
1.07974e+00 1.02e-04
1.08031e+00 1.02e-04
1.08052e+00 1.02e-04
1.08092e+00 1.02e-04
1.08113e+00 1.02e-04
1.08133e+00 1.02e-04
1.08153e+00 1.03e-04
1.08170e+00 1.03e-04
1.08191e+00 1.04e-04
1.08211e+00 1.05e-04
1.08231e+00 1.06e-04
1.08252e+00 1.07e-04
1.08272e+00 1.09e-04
1.08292e+00 1.11e-04
1.08313e+00 1.12e-04
1.08333e+00 1.13e-04
1.08350e+00 1.12e-04
1.08370e+00 1.11e-04
1.08390e+00 1.09e-04
1.08411e+00 1.07e-04
1.08431e+00 1.06e-04
1.08451e+00 1.04e-04
1.08472e+00 1.03e-04
1.08492e+00 1.03e-04
1.08509e+00 1.02e-04
1.08529e+00 1.01e-04
1.08549e+00 1.01e-04
1.08570e+00 1.01e-04
1.08610e+00 1.00e-04
1.08651e+00 9.98e-05
1.08688e+00 9.95e-05
1.08728e+00 9.93e-05
1.08769e+00 9.91e-05
1.08806e+00 9.89e-05
1.08846e+00 9.87e-05
1.09024e+00 9.83e-05
1.09085e+00 9.82e-05
1.09122e+00 9.82e-05
1.09162e+00 9.83e-05
1.09202e+00 9.86e-05
1.09239e+00 9.90e-05
1.09259e+00 9.91e-05
1.09280e+00 9.91e-05
1.09300e+00 9.89e-05
1.09340e+00 9.83e-05
1.09377e+00 9.78e-05
1.09417e+00 9.74e-05
1.09457e+00 9.71e-05
1.09494e+00 9.69e-05
1.09534e+00 9.67e-05
1.09574e+00 9.66e-05
1.09611e+00 9.64e-05
1.09651e+00 9.62e-05
1.09691e+00 9.61e-05
1.09728e+00 9.60e-05
1.10274e+00 9.47e-05
1.10830e+00 9.35e-05
1.10985e+00 9.31e-05
1.11021e+00 9.30e-05
1.11061e+00 9.28e-05
1.11097e+00 9.27e-05
1.11422e+00 9.19e-05
1.11573e+00 9.16e-05
1.11612e+00 9.15e-05
1.11648e+00 9.14e-05
1.11688e+00 9.13e-05
1.11724e+00 9.11e-05
1.11763e+00 9.10e-05
1.11799e+00 9.09e-05
1.11838e+00 9.08e-05
1.11874e+00 9.06e-05
1.11913e+00 9.05e-05
1.11953e+00 9.04e-05
1.11988e+00 9.03e-05
1.12028e+00 9.01e-05
1.12063e+00 9.00e-05
1.12103e+00 8.99e-05
1.12571e+00 8.88e-05
1.13053e+00 8.77e-05
1.13092e+00 8.76e-05
1.13127e+00 8.75e-05
1.13166e+00 8.74e-05
1.13201e+00 8.73e-05
1.13237e+00 8.73e-05
1.13276e+00 8.72e-05
1.13514e+00 8.66e-05
1.13809e+00 8.61e-05
1.14266e+00 8.52e-05
1.14845e+00 8.42e-05
1.14991e+00 8.39e-05
1.15133e+00 8.36e-05
1.15171e+00 8.35e-05
1.15206e+00 8.34e-05
1.15244e+00 8.33e-05
1.15278e+00 8.32e-05
1.15313e+00 8.31e-05
1.15351e+00 8.30e-05
1.15386e+00 8.29e-05
1.15420e+00 8.28e-05
1.15458e+00 8.27e-05
1.15493e+00 8.27e-05
1.15528e+00 8.26e-05
1.15565e+00 8.25e-05
1.15600e+00 8.24e-05
1.15638e+00 8.23e-05
1.15672e+00 8.22e-05
1.15707e+00 8.21e-05
1.15745e+00 8.21e-05
1.15779e+00 8.20e-05
1.15814e+00 8.19e-05
1.15852e+00 8.18e-05
1.15886e+00 8.17e-05
1.15921e+00 8.16e-05
1.15958e+00 8.15e-05
1.15993e+00 8.14e-05
1.16027e+00 8.14e-05
1.16065e+00 8.13e-05
1.16099e+00 8.12e-05
1.16134e+00 8.11e-05
1.16171e+00 8.10e-05
1.16206e+00 8.09e-05
1.16240e+00 8.08e-05
1.16278e+00 8.07e-05
1.16944e+00 7.93e-05
1.16982e+00 7.92e-05
1.17016e+00 7.92e-05
1.17050e+00 7.91e-05
1.17087e+00 7.90e-05
1.17121e+00 7.89e-05
1.17155e+00 7.88e-05
1.17189e+00 7.87e-05
1.18421e+00 7.61e-05
1.19022e+00 7.49e-05
1.19429e+00 7.41e-05
1.19532e+00 7.39e-05
1.19987e+00 7.30e-05
1.20255e+00 7.26e-05
1.20741e+00 7.17e-05
1.21485e+00 7.04e-05
1.22260e+00 6.93e-05
1.22536e+00 6.91e-05
1.22554e+00 6.91e-05
1.22586e+00 6.92e-05
1.22618e+00 6.94e-05
1.22633e+00 6.95e-05
1.22651e+00 6.94e-05
1.22683e+00 6.92e-05
1.22698e+00 6.90e-05
1.22733e+00 6.88e-05
1.22780e+00 6.87e-05
1.22894e+00 6.85e-05
1.23186e+00 6.81e-05
1.23265e+00 6.80e-05
1.23346e+00 6.79e-05
1.23378e+00 6.80e-05
1.23396e+00 6.81e-05
1.23410e+00 6.83e-05
1.23442e+00 6.88e-05
1.23460e+00 6.89e-05
1.23474e+00 6.87e-05
1.23509e+00 6.81e-05
1.23524e+00 6.79e-05
1.23541e+00 6.77e-05
1.23573e+00 6.75e-05
1.23605e+00 6.74e-05
1.23637e+00 6.73e-05
1.23669e+00 6.72e-05
1.23701e+00 6.71e-05
1.23733e+00 6.71e-05
1.23765e+00 6.70e-05
1.23797e+00 6.69e-05
1.23829e+00 6.69e-05
1.23861e+00 6.68e-05
1.23892e+00 6.67e-05
1.24801e+00 6.52e-05
1.26590e+00 6.24e-05
1.28054e+00 6.04e-05
1.29207e+00 5.88e-05
1.30451e+00 5.73e-05
1.31531e+00 5.61e-05
1.32455e+00 5.53e-05
1.32964e+00 5.49e-05
1.33271e+00 5.48e-05
1.33574e+00 5.47e-05
1.33847e+00 5.47e-05
1.33978e+00 5.47e-05
1.34179e+00 5.47e-05
1.34323e+00 5.49e-05
1.34409e+00 5.50e-05
1.34464e+00 5.51e-05
1.34493e+00 5.51e-05
1.34521e+00 5.52e-05
1.34550e+00 5.52e-05
1.34578e+00 5.53e-05
1.34607e+00 5.54e-05
1.34636e+00 5.54e-05
1.34664e+00 5.55e-05
1.34693e+00 5.56e-05
1.34722e+00 5.57e-05
1.34750e+00 5.58e-05
1.34779e+00 5.59e-05
1.34807e+00 5.60e-05
1.34836e+00 5.61e-05
1.34864e+00 5.62e-05
1.34893e+00 5.63e-05
1.34922e+00 5.64e-05
1.34950e+00 5.66e-05
1.34979e+00 5.67e-05
1.35007e+00 5.68e-05
1.35036e+00 5.70e-05
1.35064e+00 5.71e-05
1.35093e+00 5.73e-05
1.35121e+00 5.75e-05
1.35150e+00 5.76e-05
1.35178e+00 5.78e-05
1.35207e+00 5.80e-05
1.35235e+00 5.82e-05
1.35263e+00 5.83e-05
1.35292e+00 5.85e-05
1.35320e+00 5.87e-05
1.35349e+00 5.89e-05
1.35377e+00 5.91e-05
1.35406e+00 5.92e-05
1.35434e+00 5.94e-05
1.35462e+00 5.96e-05
1.35491e+00 5.97e-05
1.35519e+00 5.98e-05
1.35547e+00 6.00e-05
1.35576e+00 6.01e-05
1.35604e+00 6.02e-05
1.35676e+00 6.03e-05
1.35746e+00 6.03e-05
1.35802e+00 6.03e-05
1.35831e+00 6.02e-05
1.35859e+00 6.01e-05
1.35887e+00 6.00e-05
1.35915e+00 5.99e-05
1.35944e+00 5.98e-05
1.35972e+00 5.97e-05
1.36000e+00 5.95e-05
1.36028e+00 5.93e-05
1.36057e+00 5.92e-05
1.36085e+00 5.90e-05
1.36113e+00 5.88e-05
1.36141e+00 5.86e-05
1.36172e+00 5.83e-05
1.36200e+00 5.81e-05
1.36228e+00 5.79e-05
1.36257e+00 5.77e-05
1.36285e+00 5.75e-05
1.36313e+00 5.72e-05
1.36341e+00 5.70e-05
1.36369e+00 5.68e-05
1.36397e+00 5.66e-05
1.36425e+00 5.64e-05
1.36453e+00 5.62e-05
1.36482e+00 5.61e-05
1.36510e+00 5.59e-05
1.36538e+00 5.57e-05
1.36566e+00 5.56e-05
1.36594e+00 5.55e-05
1.36622e+00 5.53e-05
1.36650e+00 5.52e-05
1.36678e+00 5.51e-05
1.36706e+00 5.50e-05
1.36734e+00 5.49e-05
1.36762e+00 5.48e-05
1.36790e+00 5.47e-05
1.36818e+00 5.46e-05
1.36846e+00 5.45e-05
1.36874e+00 5.44e-05
1.36902e+00 5.43e-05
1.36930e+00 5.42e-05
1.36958e+00 5.41e-05
1.36986e+00 5.39e-05
1.37014e+00 5.38e-05
1.37042e+00 5.37e-05
1.37070e+00 5.36e-05
1.37098e+00 5.35e-05
1.37126e+00 5.33e-05
1.37154e+00 5.32e-05
1.37182e+00 5.31e-05
1.37225e+00 5.29e-05
1.37321e+00 5.27e-05
1.37392e+00 5.27e-05
1.37503e+00 5.27e-05
1.37546e+00 5.27e-05
1.37574e+00 5.26e-05
1.37602e+00 5.26e-05
1.37698e+00 5.25e-05
1.37935e+00 5.24e-05
1.37990e+00 5.24e-05
1.38045e+00 5.24e-05
1.38073e+00 5.25e-05
1.38103e+00 5.25e-05
1.38131e+00 5.26e-05
1.38158e+00 5.27e-05
1.38186e+00 5.29e-05
1.38214e+00 5.31e-05
1.38241e+00 5.33e-05
1.38269e+00 5.35e-05
1.38296e+00 5.37e-05
1.38324e+00 5.40e-05
1.38352e+00 5.44e-05
1.38379e+00 5.47e-05
1.38407e+00 5.51e-05
1.38434e+00 5.56e-05
1.38462e+00 5.60e-05
1.38489e+00 5.64e-05
1.38517e+00 5.68e-05
1.38544e+00 5.72e-05
1.38572e+00 5.75e-05
1.38614e+00 5.76e-05
1.38629e+00 5.76e-05
1.38657e+00 5.75e-05
1.38684e+00 5.73e-05
1.38712e+00 5.70e-05
1.38739e+00 5.67e-05
1.38767e+00 5.62e-05
1.38794e+00 5.58e-05
1.38822e+00 5.54e-05
1.38849e+00 5.49e-05
1.38877e+00 5.45e-05
1.38904e+00 5.41e-05
1.38931e+00 5.37e-05
1.38959e+00 5.34e-05
1.38986e+00 5.31e-05
1.39016e+00 5.28e-05
1.39044e+00 5.25e-05
1.39071e+00 5.23e-05
1.39098e+00 5.21e-05
1.39126e+00 5.20e-05
1.39153e+00 5.18e-05
1.39180e+00 5.17e-05
1.39208e+00 5.16e-05
1.39235e+00 5.15e-05
1.39262e+00 5.14e-05
1.39290e+00 5.13e-05
1.39317e+00 5.12e-05
1.39344e+00 5.12e-05
1.39374e+00 5.11e-05
1.39468e+00 5.09e-05
1.39538e+00 5.09e-05
1.39592e+00 5.10e-05
1.39647e+00 5.10e-05
1.39674e+00 5.11e-05
1.39704e+00 5.12e-05
1.39731e+00 5.12e-05
1.39758e+00 5.13e-05
1.39785e+00 5.14e-05
1.39812e+00 5.15e-05
1.39840e+00 5.16e-05
1.39867e+00 5.17e-05
1.39894e+00 5.19e-05
1.39921e+00 5.20e-05
1.39948e+00 5.22e-05
1.39975e+00 5.24e-05
1.40005e+00 5.26e-05
1.40032e+00 5.29e-05
1.40059e+00 5.32e-05
1.40086e+00 5.35e-05
1.40113e+00 5.38e-05
1.40140e+00 5.42e-05
1.40168e+00 5.45e-05
1.40195e+00 5.50e-05
1.40222e+00 5.54e-05
1.40251e+00 5.59e-05
1.40278e+00 5.64e-05
1.40305e+00 5.69e-05
1.40332e+00 5.74e-05
1.40359e+00 5.80e-05
1.40386e+00 5.86e-05
1.40413e+00 5.92e-05
1.40440e+00 5.99e-05
1.40467e+00 6.05e-05
1.40497e+00 6.12e-05
1.40524e+00 6.17e-05
1.40551e+00 6.22e-05
1.40578e+00 6.26e-05
1.40590e+00 6.27e-05
1.40605e+00 6.28e-05
1.40620e+00 6.29e-05
1.40632e+00 6.29e-05
1.40646e+00 6.28e-05
1.40659e+00 6.27e-05
1.40673e+00 6.26e-05
1.40686e+00 6.24e-05
1.40700e+00 6.21e-05
1.40713e+00 6.19e-05
1.40742e+00 6.12e-05
1.40769e+00 6.05e-05
1.40796e+00 5.97e-05
1.40823e+00 5.89e-05
1.40850e+00 5.81e-05
1.40876e+00 5.73e-05
1.40903e+00 5.66e-05
1.40930e+00 5.59e-05
1.40960e+00 5.53e-05
1.40986e+00 5.47e-05
1.41013e+00 5.42e-05
1.41040e+00 5.37e-05
1.41067e+00 5.33e-05
1.41094e+00 5.29e-05
1.41121e+00 5.25e-05
1.41150e+00 5.22e-05
1.41177e+00 5.19e-05
1.41204e+00 5.16e-05
1.41230e+00 5.13e-05
1.41257e+00 5.11e-05
1.41284e+00 5.09e-05
1.41311e+00 5.07e-05
1.41340e+00 5.05e-05
1.41367e+00 5.03e-05
1.41393e+00 5.02e-05
1.41420e+00 5.00e-05
1.41447e+00 4.99e-05
1.41474e+00 4.98e-05
1.41500e+00 4.96e-05
1.41529e+00 4.95e-05
1.41556e+00 4.94e-05
1.41583e+00 4.93e-05
1.41610e+00 4.92e-05
1.41636e+00 4.91e-05
1.41663e+00 4.90e-05
1.41690e+00 4.89e-05
1.41719e+00 4.88e-05
1.41745e+00 4.87e-05
1.41772e+00 4.86e-05
1.41799e+00 4.85e-05
1.41825e+00 4.85e-05
1.41852e+00 4.84e-05
1.41881e+00 4.83e-05
1.41908e+00 4.82e-05
1.41934e+00 4.81e-05
1.41961e+00 4.81e-05
1.41987e+00 4.80e-05
1.42014e+00 4.79e-05
1.42043e+00 4.78e-05
1.42070e+00 4.78e-05
1.42096e+00 4.77e-05
1.42123e+00 4.76e-05
1.42149e+00 4.75e-05
1.42176e+00 4.75e-05
1.42205e+00 4.74e-05
1.42419e+00 4.70e-05
1.42446e+00 4.70e-05
1.42472e+00 4.69e-05
1.42501e+00 4.68e-05
1.42527e+00 4.67e-05
1.42554e+00 4.66e-05
1.42580e+00 4.66e-05
1.42607e+00 4.65e-05
1.42636e+00 4.64e-05
1.42890e+00 4.59e-05
1.42916e+00 4.59e-05
1.42943e+00 4.58e-05
1.42969e+00 4.58e-05
1.42998e+00 4.57e-05
1.43225e+00 4.53e-05
1.43439e+00 4.51e-05
1.43492e+00 4.50e-05
1.43518e+00 4.49e-05
1.43547e+00 4.49e-05
1.43573e+00 4.48e-05
1.43599e+00 4.48e-05
1.43625e+00 4.47e-05
1.43654e+00 4.47e-05
1.43680e+00 4.46e-05
1.43960e+00 4.42e-05
1.44345e+00 4.38e-05
1.44838e+00 4.33e-05
1.45274e+00 4.29e-05
1.45750e+00 4.26e-05
1.46105e+00 4.23e-05
1.46462e+00 4.21e-05
1.46764e+00 4.20e-05
1.46960e+00 4.20e-05
1.46974e+00 4.21e-05
1.47130e+00 4.22e-05
1.47236e+00 4.22e-05
1.47314e+00 4.23e-05
1.47366e+00 4.24e-05
1.47394e+00 4.25e-05
1.47419e+00 4.25e-05
1.47447e+00 4.26e-05
1.47472e+00 4.26e-05
1.47497e+00 4.27e-05
1.47524e+00 4.27e-05
1.47550e+00 4.28e-05
1.47577e+00 4.29e-05
1.47602e+00 4.30e-05
1.47630e+00 4.31e-05
1.47655e+00 4.32e-05
1.47680e+00 4.33e-05
1.47707e+00 4.34e-05
1.47732e+00 4.36e-05
1.47760e+00 4.37e-05
1.47785e+00 4.39e-05
1.47812e+00 4.40e-05
1.47837e+00 4.42e-05
1.47865e+00 4.45e-05
1.47890e+00 4.47e-05
1.47917e+00 4.50e-05
1.47942e+00 4.52e-05
1.47969e+00 4.56e-05
1.47994e+00 4.59e-05
1.48019e+00 4.63e-05
1.48047e+00 4.67e-05
1.48072e+00 4.72e-05
1.48099e+00 4.77e-05
1.48124e+00 4.83e-05
1.48151e+00 4.90e-05
1.48176e+00 4.97e-05
1.48204e+00 5.06e-05
1.48229e+00 5.15e-05
1.48256e+00 5.25e-05
1.48269e+00 5.30e-05
1.48281e+00 5.36e-05
1.48308e+00 5.48e-05
1.48333e+00 5.62e-05
1.48360e+00 5.76e-05
1.48385e+00 5.91e-05
1.48412e+00 6.06e-05
1.48437e+00 6.22e-05
1.48465e+00 6.37e-05
1.48476e+00 6.44e-05
1.48489e+00 6.50e-05
1.48503e+00 6.56e-05
1.48517e+00 6.61e-05
1.48528e+00 6.65e-05
1.48542e+00 6.69e-05
1.48555e+00 6.71e-05
1.48569e+00 6.72e-05
1.48582e+00 6.73e-05
1.48594e+00 6.72e-05
1.48607e+00 6.70e-05
1.48621e+00 6.67e-05
1.48634e+00 6.63e-05
1.48646e+00 6.58e-05
1.48659e+00 6.53e-05
1.48673e+00 6.47e-05
1.48686e+00 6.40e-05
1.48698e+00 6.33e-05
1.48725e+00 6.17e-05
1.48750e+00 6.02e-05
1.48777e+00 5.86e-05
1.48802e+00 5.70e-05
1.48829e+00 5.56e-05
1.48854e+00 5.43e-05
1.48867e+00 5.36e-05
1.48881e+00 5.30e-05
1.48894e+00 5.24e-05
1.48908e+00 5.19e-05
1.48932e+00 5.09e-05
1.48960e+00 4.99e-05
1.48984e+00 4.91e-05
1.49011e+00 4.83e-05
1.49036e+00 4.76e-05
1.49063e+00 4.70e-05
1.49088e+00 4.65e-05
1.49115e+00 4.60e-05
1.49140e+00 4.55e-05
1.49167e+00 4.51e-05
1.49191e+00 4.47e-05
1.49218e+00 4.44e-05
1.49245e+00 4.41e-05
1.49270e+00 4.38e-05
1.49297e+00 4.36e-05
1.49322e+00 4.33e-05
1.49349e+00 4.31e-05
1.49374e+00 4.29e-05
1.49400e+00 4.27e-05
1.49425e+00 4.25e-05
1.49452e+00 4.24e-05
1.49479e+00 4.22e-05
1.49504e+00 4.21e-05
1.49531e+00 4.20e-05
1.49555e+00 4.18e-05
1.49582e+00 4.17e-05
1.49607e+00 4.16e-05
1.49634e+00 4.15e-05
1.49661e+00 4.14e-05
1.49685e+00 4.13e-05
1.49712e+00 4.13e-05
1.49737e+00 4.12e-05
1.49763e+00 4.11e-05
1.49790e+00 4.10e-05
1.49815e+00 4.10e-05
1.49842e+00 4.09e-05
1.49866e+00 4.08e-05
1.49893e+00 4.08e-05
1.49920e+00 4.07e-05
1.49944e+00 4.07e-05
1.49971e+00 4.06e-05
1.49996e+00 4.05e-05
1.50023e+00 4.05e-05
1.50049e+00 4.04e-05
1.50074e+00 4.04e-05
1.50101e+00 4.03e-05
1.50125e+00 4.03e-05
1.50152e+00 4.03e-05
1.50179e+00 4.02e-05
1.50372e+00 3.99e-05
1.50565e+00 3.97e-05
1.50760e+00 3.96e-05
1.50953e+00 3.95e-05
1.51108e+00 3.96e-05
1.51211e+00 3.96e-05
1.51288e+00 3.97e-05
1.51365e+00 3.98e-05
1.51559e+00 4.01e-05
1.51649e+00 4.01e-05
1.51702e+00 4.01e-05
1.51728e+00 4.00e-05
1.51752e+00 4.00e-05
1.51778e+00 4.00e-05
1.51805e+00 3.99e-05
1.51831e+00 3.99e-05
1.51855e+00 3.98e-05
1.51881e+00 3.97e-05
1.51908e+00 3.97e-05
1.51934e+00 3.96e-05
1.51958e+00 3.95e-05
1.51984e+00 3.95e-05
1.52010e+00 3.94e-05
1.52037e+00 3.94e-05
1.52061e+00 3.93e-05
1.52087e+00 3.92e-05
1.52113e+00 3.92e-05
1.52139e+00 3.91e-05
1.52163e+00 3.91e-05
1.52190e+00 3.90e-05
1.52216e+00 3.90e-05
1.52242e+00 3.89e-05
1.52268e+00 3.89e-05
1.52292e+00 3.88e-05
1.52318e+00 3.88e-05
1.52344e+00 3.88e-05
1.52371e+00 3.87e-05
1.52397e+00 3.87e-05
1.52421e+00 3.86e-05
1.52447e+00 3.86e-05
1.52473e+00 3.85e-05
1.52588e+00 3.84e-05
1.52703e+00 3.83e-05
1.52756e+00 3.83e-05
1.52782e+00 3.83e-05
1.52808e+00 3.84e-05
1.52870e+00 3.84e-05
1.52897e+00 3.83e-05
1.52923e+00 3.83e-05
1.52949e+00 3.82e-05
1.52975e+00 3.81e-05
1.52998e+00 3.80e-05
1.53024e+00 3.80e-05
1.53050e+00 3.80e-05
1.53269e+00 3.78e-05
1.53768e+00 3.75e-05
1.54293e+00 3.73e-05
1.54843e+00 3.72e-05
1.55443e+00 3.71e-05
1.55597e+00 3.71e-05
1.55713e+00 3.71e-05
1.56069e+00 3.72e-05
1.56337e+00 3.73e-05
1.56362e+00 3.73e-05
1.56390e+00 3.73e-05
1.56427e+00 3.74e-05
1.56490e+00 3.73e-05
1.56695e+00 3.75e-05
1.56847e+00 3.76e-05
1.56976e+00 3.78e-05
1.57078e+00 3.79e-05
1.57128e+00 3.80e-05
1.57155e+00 3.80e-05
1.57180e+00 3.80e-05
1.57205e+00 3.81e-05
1.57230e+00 3.81e-05
1.57257e+00 3.81e-05
1.57282e+00 3.82e-05
1.57306e+00 3.82e-05
1.57333e+00 3.83e-05
1.57358e+00 3.83e-05
1.57383e+00 3.84e-05
1.57408e+00 3.84e-05
1.57435e+00 3.85e-05
1.57460e+00 3.85e-05
1.57485e+00 3.86e-05
1.57512e+00 3.86e-05
1.57536e+00 3.87e-05
1.57561e+00 3.88e-05
1.57588e+00 3.88e-05
1.57613e+00 3.89e-05
1.57638e+00 3.90e-05
1.57665e+00 3.90e-05
1.57689e+00 3.91e-05
1.57714e+00 3.92e-05
1.57741e+00 3.93e-05
1.57766e+00 3.94e-05
1.57791e+00 3.94e-05
1.57817e+00 3.95e-05
1.57842e+00 3.96e-05
1.57867e+00 3.97e-05
1.57894e+00 3.98e-05
1.57918e+00 3.99e-05
1.57943e+00 4.00e-05
1.57970e+00 4.01e-05
1.57995e+00 4.02e-05
1.58022e+00 4.03e-05
1.58046e+00 4.05e-05
1.58071e+00 4.06e-05
1.58098e+00 4.07e-05
1.58122e+00 4.08e-05
1.58149e+00 4.10e-05
1.58174e+00 4.11e-05
1.58198e+00 4.13e-05
1.58225e+00 4.14e-05
1.58250e+00 4.16e-05
1.58277e+00 4.18e-05
1.58301e+00 4.19e-05
1.58326e+00 4.21e-05
1.58353e+00 4.23e-05
1.58377e+00 4.25e-05
1.58404e+00 4.28e-05
1.58428e+00 4.31e-05
1.58453e+00 4.34e-05
1.58480e+00 4.37e-05
1.58504e+00 4.38e-05
1.58531e+00 4.40e-05
1.58555e+00 4.42e-05
1.58582e+00 4.44e-05
1.58607e+00 4.46e-05
1.58633e+00 4.49e-05
1.58658e+00 4.52e-05
1.58682e+00 4.55e-05
1.58709e+00 4.59e-05
1.58734e+00 4.62e-05
1.58760e+00 4.66e-05
1.58785e+00 4.69e-05
1.58811e+00 4.73e-05
1.58836e+00 4.77e-05
1.58862e+00 4.81e-05
1.58887e+00 4.86e-05
1.58913e+00 4.90e-05
1.58938e+00 4.95e-05
1.58964e+00 5.00e-05
1.58989e+00 5.06e-05
1.59015e+00 5.11e-05
1.59040e+00 5.17e-05
1.59066e+00 5.23e-05
1.59091e+00 5.29e-05
1.59117e+00 5.36e-05
1.59142e+00 5.43e-05
1.59168e+00 5.50e-05
1.59193e+00 5.58e-05
1.59219e+00 5.66e-05
1.59243e+00 5.74e-05
1.59270e+00 5.83e-05
1.59294e+00 5.92e-05
1.59321e+00 6.02e-05
1.59345e+00 6.12e-05
1.59371e+00 6.23e-05
1.59398e+00 6.33e-05
1.59422e+00 6.45e-05
1.59449e+00 6.57e-05
1.59473e+00 6.69e-05
1.59499e+00 6.82e-05
1.59524e+00 6.96e-05
1.59550e+00 7.09e-05
1.59574e+00 7.24e-05
1.59601e+00 7.39e-05
1.59627e+00 7.54e-05
1.59651e+00 7.69e-05
1.59678e+00 7.85e-05
1.59702e+00 8.01e-05
1.59728e+00 8.18e-05
1.59755e+00 8.34e-05
1.59779e+00 8.50e-05
1.59805e+00 8.66e-05
1.59830e+00 8.81e-05
1.59856e+00 8.96e-05
1.59882e+00 9.11e-05
1.59906e+00 9.24e-05
1.59933e+00 9.36e-05
1.59957e+00 9.47e-05
1.59983e+00 9.57e-05
1.60009e+00 9.64e-05
1.60034e+00 9.70e-05
1.60060e+00 9.75e-05
1.60072e+00 9.76e-05
1.60086e+00 9.77e-05
1.60098e+00 9.77e-05
1.60110e+00 9.77e-05
1.60124e+00 9.76e-05
1.60137e+00 9.75e-05
1.60149e+00 9.74e-05
1.60175e+00 9.69e-05
1.60199e+00 9.62e-05
1.60225e+00 9.54e-05
1.60251e+00 9.44e-05
1.60276e+00 9.33e-05
1.60302e+00 9.20e-05
1.60328e+00 9.07e-05
1.60352e+00 8.92e-05
1.60378e+00 8.77e-05
1.60404e+00 8.61e-05
1.60428e+00 8.45e-05
1.60455e+00 8.29e-05
1.60481e+00 8.13e-05
1.60507e+00 7.97e-05
1.60531e+00 7.81e-05
1.60557e+00 7.65e-05
1.60583e+00 7.50e-05
1.60607e+00 7.35e-05
1.60633e+00 7.21e-05
1.60659e+00 7.07e-05
1.60685e+00 6.93e-05
1.60710e+00 6.80e-05
1.60736e+00 6.67e-05
1.60762e+00 6.55e-05
1.60786e+00 6.44e-05
1.60812e+00 6.33e-05
1.60838e+00 6.23e-05
1.60864e+00 6.13e-05
1.60888e+00 6.03e-05
1.60914e+00 5.94e-05
1.60940e+00 5.85e-05
1.60966e+00 5.77e-05
1.60990e+00 5.69e-05
1.61016e+00 5.62e-05
1.61042e+00 5.55e-05
1.61068e+00 5.48e-05
1.61094e+00 5.42e-05
1.61118e+00 5.36e-05
1.61144e+00 5.31e-05
1.61170e+00 5.25e-05
1.61195e+00 5.20e-05
1.61219e+00 5.16e-05
1.61245e+00 5.11e-05
1.61271e+00 5.07e-05
1.61297e+00 5.03e-05
1.61323e+00 4.99e-05
1.61347e+00 4.96e-05
1.61373e+00 4.92e-05
1.61399e+00 4.89e-05
1.61425e+00 4.86e-05
1.61451e+00 4.83e-05
1.61476e+00 4.81e-05
1.61500e+00 4.78e-05
1.61526e+00 4.75e-05
1.61552e+00 4.73e-05
1.61578e+00 4.71e-05
1.61604e+00 4.68e-05
1.61629e+00 4.66e-05
1.61655e+00 4.64e-05
1.61679e+00 4.62e-05
1.61705e+00 4.60e-05
1.61731e+00 4.58e-05
1.61756e+00 4.56e-05
1.61782e+00 4.54e-05
1.61808e+00 4.52e-05
1.61834e+00 4.50e-05
1.61860e+00 4.48e-05
1.61883e+00 4.46e-05
1.61909e+00 4.45e-05
1.61935e+00 4.43e-05
1.61961e+00 4.41e-05
1.61986e+00 4.40e-05
1.62012e+00 4.38e-05
1.62038e+00 4.37e-05
1.62063e+00 4.35e-05
1.62075e+00 4.35e-05
1.62101e+00 4.34e-05
1.62127e+00 4.33e-05
1.62164e+00 4.32e-05
1.62190e+00 4.32e-05
1.62204e+00 4.33e-05
1.62229e+00 4.34e-05
1.62241e+00 4.35e-05
1.62255e+00 4.36e-05
1.62267e+00 4.36e-05
1.62281e+00 4.35e-05
1.62293e+00 4.33e-05
1.62306e+00 4.31e-05
1.62318e+00 4.29e-05
1.62332e+00 4.27e-05
1.62344e+00 4.26e-05
1.62358e+00 4.25e-05
1.62383e+00 4.23e-05
1.62409e+00 4.22e-05
1.62433e+00 4.21e-05
1.62458e+00 4.20e-05
1.62484e+00 4.20e-05
1.62549e+00 4.19e-05
1.62612e+00 4.19e-05
1.62637e+00 4.19e-05
1.62663e+00 4.20e-05
1.62688e+00 4.21e-05
1.62702e+00 4.22e-05
1.62714e+00 4.23e-05
1.62728e+00 4.25e-05
1.62740e+00 4.26e-05
1.62753e+00 4.29e-05
1.62765e+00 4.31e-05
1.62793e+00 4.38e-05
1.62804e+00 4.40e-05
1.62818e+00 4.41e-05
1.62830e+00 4.40e-05
1.62844e+00 4.37e-05
1.62869e+00 4.32e-05
1.62881e+00 4.30e-05
1.62895e+00 4.28e-05
1.62906e+00 4.27e-05
1.62920e+00 4.26e-05
1.62932e+00 4.25e-05
1.62971e+00 4.24e-05
1.62997e+00 4.24e-05
1.63022e+00 4.24e-05
1.63048e+00 4.25e-05
1.63073e+00 4.25e-05
1.63098e+00 4.26e-05
1.63124e+00 4.27e-05
1.63149e+00 4.28e-05
1.63175e+00 4.29e-05
1.63202e+00 4.30e-05
1.63228e+00 4.31e-05
1.63253e+00 4.32e-05
1.63278e+00 4.33e-05
1.63304e+00 4.35e-05
1.63329e+00 4.36e-05
1.63354e+00 4.37e-05
1.63380e+00 4.39e-05
1.63405e+00 4.41e-05
1.63433e+00 4.42e-05
1.63458e+00 4.44e-05
1.63483e+00 4.46e-05
1.63509e+00 4.48e-05
1.63534e+00 4.49e-05
1.63559e+00 4.51e-05
1.63585e+00 4.53e-05
1.63612e+00 4.56e-05
1.63637e+00 4.58e-05
1.63662e+00 4.60e-05
1.63688e+00 4.62e-05
1.63713e+00 4.65e-05
1.63738e+00 4.67e-05
1.63766e+00 4.70e-05
1.63791e+00 4.72e-05
1.63816e+00 4.75e-05
1.63841e+00 4.78e-05
1.63867e+00 4.81e-05
1.63894e+00 4.83e-05
1.63919e+00 4.86e-05
1.63944e+00 4.89e-05
1.63970e+00 4.92e-05
1.63995e+00 4.94e-05
1.64022e+00 4.97e-05
1.64047e+00 4.99e-05
1.64072e+00 5.02e-05
1.64098e+00 5.04e-05
1.64125e+00 5.06e-05
1.64150e+00 5.08e-05
1.64175e+00 5.10e-05
1.64200e+00 5.12e-05
1.64227e+00 5.14e-05
1.64252e+00 5.15e-05
1.64278e+00 5.17e-05
1.64303e+00 5.18e-05
1.64330e+00 5.19e-05
1.64355e+00 5.20e-05
1.64419e+00 5.21e-05
1.64471e+00 5.22e-05
1.64496e+00 5.21e-05
1.64521e+00 5.21e-05
1.64548e+00 5.20e-05
1.64573e+00 5.19e-05
1.64598e+00 5.18e-05
1.64625e+00 5.17e-05
1.64650e+00 5.15e-05
1.64675e+00 5.14e-05
1.64702e+00 5.12e-05
1.64727e+00 5.10e-05
1.64752e+00 5.08e-05
1.64779e+00 5.06e-05
1.64804e+00 5.04e-05
1.64829e+00 5.01e-05
1.64856e+00 4.99e-05
1.64881e+00 4.97e-05
1.64906e+00 4.94e-05
1.64933e+00 4.92e-05
1.64958e+00 4.89e-05
1.64985e+00 4.86e-05
1.65010e+00 4.84e-05
1.65035e+00 4.81e-05
1.65062e+00 4.78e-05
1.65087e+00 4.75e-05
1.65114e+00 4.73e-05
1.65139e+00 4.70e-05
1.65163e+00 4.67e-05
1.65190e+00 4.64e-05
1.65215e+00 4.62e-05
1.65242e+00 4.59e-05
1.65267e+00 4.56e-05
1.65294e+00 4.53e-05
1.65319e+00 4.51e-05
1.65345e+00 4.48e-05
1.65370e+00 4.46e-05
1.65395e+00 4.43e-05
1.65422e+00 4.40e-05
1.65447e+00 4.38e-05
1.65474e+00 4.35e-05
1.65498e+00 4.33e-05
1.65525e+00 4.31e-05
1.65550e+00 4.28e-05
1.65577e+00 4.26e-05
1.65602e+00 4.24e-05
1.65628e+00 4.21e-05
1.65653e+00 4.19e-05
1.65680e+00 4.17e-05
1.65693e+00 4.16e-05
1.65718e+00 4.15e-05
1.65745e+00 4.12e-05
1.65769e+00 4.10e-05
1.65796e+00 4.08e-05
1.65821e+00 4.06e-05
1.65848e+00 4.04e-05
1.65872e+00 4.03e-05
1.65899e+00 4.01e-05
1.65924e+00 3.99e-05
1.65950e+00 3.97e-05
1.65975e+00 3.96e-05
1.66002e+00 3.94e-05
1.66028e+00 3.92e-05
1.66053e+00 3.91e-05
1.66080e+00 3.89e-05
1.66104e+00 3.88e-05
1.66131e+00 3.86e-05
1.66157e+00 3.85e-05
1.66182e+00 3.84e-05
1.66209e+00 3.82e-05
1.66233e+00 3.81e-05
1.66260e+00 3.80e-05
1.66286e+00 3.79e-05
1.66311e+00 3.77e-05
1.66338e+00 3.76e-05
1.66362e+00 3.75e-05
1.66389e+00 3.74e-05
1.66415e+00 3.73e-05
1.66440e+00 3.72e-05
1.66466e+00 3.71e-05
1.66493e+00 3.70e-05
1.66518e+00 3.69e-05
1.66544e+00 3.68e-05
1.66570e+00 3.67e-05
1.66595e+00 3.66e-05
1.66622e+00 3.65e-05
1.66648e+00 3.64e-05
1.66673e+00 3.64e-05
1.66699e+00 3.63e-05
1.66725e+00 3.62e-05
1.66752e+00 3.61e-05
1.66776e+00 3.60e-05
1.66803e+00 3.60e-05
1.66829e+00 3.59e-05
1.66854e+00 3.58e-05
1.66880e+00 3.58e-05
1.66906e+00 3.57e-05
1.66933e+00 3.56e-05
1.66957e+00 3.56e-05
1.66984e+00 3.55e-05
1.67010e+00 3.55e-05
1.67036e+00 3.54e-05
1.67061e+00 3.54e-05
1.67087e+00 3.53e-05
1.67113e+00 3.53e-05
1.67140e+00 3.52e-05
1.67166e+00 3.52e-05
1.67191e+00 3.51e-05
1.67217e+00 3.51e-05
1.67243e+00 3.51e-05
1.67412e+00 3.49e-05
1.67554e+00 3.47e-05
1.67775e+00 3.46e-05
1.67930e+00 3.46e-05
1.68008e+00 3.46e-05
1.68034e+00 3.47e-05
1.68047e+00 3.47e-05
1.68178e+00 3.47e-05
1.68256e+00 3.48e-05
1.68308e+00 3.49e-05
1.68334e+00 3.49e-05
1.68360e+00 3.49e-05
1.68386e+00 3.50e-05
1.68412e+00 3.50e-05
1.68438e+00 3.51e-05
1.68464e+00 3.51e-05
1.68490e+00 3.52e-05
1.68516e+00 3.52e-05
1.68542e+00 3.53e-05
1.68570e+00 3.53e-05
1.68595e+00 3.54e-05
1.68621e+00 3.54e-05
1.68647e+00 3.55e-05
1.68673e+00 3.56e-05
1.68699e+00 3.57e-05
1.68725e+00 3.58e-05
1.68751e+00 3.58e-05
1.68777e+00 3.59e-05
1.68803e+00 3.60e-05
1.68829e+00 3.61e-05
1.68856e+00 3.62e-05
1.68882e+00 3.64e-05
1.68908e+00 3.65e-05
1.68934e+00 3.66e-05
1.68960e+00 3.68e-05
1.68986e+00 3.69e-05
1.69011e+00 3.71e-05
1.69039e+00 3.72e-05
1.69065e+00 3.74e-05
1.69091e+00 3.76e-05
1.69117e+00 3.78e-05
1.69142e+00 3.80e-05
1.69170e+00 3.83e-05
1.69196e+00 3.85e-05
1.69222e+00 3.88e-05
1.69247e+00 3.91e-05
1.69273e+00 3.94e-05
1.69301e+00 3.97e-05
1.69326e+00 4.01e-05
1.69352e+00 4.05e-05
1.69378e+00 4.09e-05
1.69405e+00 4.14e-05
1.69431e+00 4.18e-05
1.69457e+00 4.24e-05
1.69483e+00 4.30e-05
1.69510e+00 4.36e-05
1.69536e+00 4.43e-05
1.69562e+00 4.51e-05
1.69587e+00 4.59e-05
1.69600e+00 4.64e-05
1.69628e+00 4.73e-05
1.69640e+00 4.78e-05
1.69653e+00 4.84e-05
1.69666e+00 4.90e-05
1.69679e+00 4.96e-05
1.69694e+00 5.02e-05
1.69706e+00 5.09e-05
1.69719e+00 5.16e-05
1.69732e+00 5.23e-05
1.69745e+00 5.31e-05
1.69758e+00 5.39e-05
1.69771e+00 5.48e-05
1.69785e+00 5.57e-05
1.69798e+00 5.67e-05
1.69811e+00 5.77e-05
1.69824e+00 5.88e-05
1.69836e+00 6.00e-05
1.69849e+00 6.12e-05
1.69864e+00 6.25e-05
1.69877e+00 6.39e-05
1.69889e+00 6.54e-05
1.69902e+00 6.69e-05
1.69915e+00 6.86e-05
1.69930e+00 7.04e-05
1.69942e+00 7.23e-05
1.69955e+00 7.44e-05
1.69968e+00 7.65e-05
1.69981e+00 7.89e-05
1.69994e+00 8.13e-05
1.70008e+00 8.40e-05
1.70021e+00 8.68e-05
1.70034e+00 8.98e-05
1.70047e+00 9.31e-05
1.70059e+00 9.65e-05
1.70074e+00 1.00e-04
1.70087e+00 1.04e-04
1.70100e+00 1.08e-04
1.70112e+00 1.13e-04
1.70125e+00 1.17e-04
1.70140e+00 1.22e-04
1.70152e+00 1.28e-04
1.70165e+00 1.33e-04
1.70178e+00 1.39e-04
1.70191e+00 1.44e-04
1.70218e+00 1.56e-04
1.70231e+00 1.62e-04
1.70244e+00 1.68e-04
1.70256e+00 1.74e-04
1.70271e+00 1.79e-04
1.70284e+00 1.84e-04
1.70296e+00 1.88e-04
1.70309e+00 1.92e-04
1.70324e+00 1.94e-04
1.70337e+00 1.96e-04
1.70349e+00 1.96e-04
1.70362e+00 1.96e-04
1.70375e+00 1.94e-04
1.70389e+00 1.92e-04
1.70402e+00 1.88e-04
1.70415e+00 1.84e-04
1.70428e+00 1.80e-04
1.70442e+00 1.74e-04
1.70455e+00 1.69e-04
1.70468e+00 1.63e-04
1.70495e+00 1.51e-04
1.70508e+00 1.45e-04
1.70520e+00 1.39e-04
1.70533e+00 1.33e-04
1.70548e+00 1.28e-04
1.70560e+00 1.23e-04
1.70573e+00 1.17e-04
1.70586e+00 1.13e-04
1.70600e+00 1.08e-04
1.70613e+00 1.04e-04
1.70626e+00 1.00e-04
1.70638e+00 9.63e-05
1.70653e+00 9.28e-05
1.70666e+00 8.96e-05
1.70678e+00 8.65e-05
1.70691e+00 8.36e-05
1.70705e+00 8.10e-05
1.70718e+00 7.84e-05
1.70731e+00 7.61e-05
1.70744e+00 7.39e-05
1.70758e+00 7.18e-05
1.70771e+00 6.99e-05
1.70783e+00 6.81e-05
1.70798e+00 6.64e-05
1.70811e+00 6.48e-05
1.70823e+00 6.33e-05
1.70836e+00 6.19e-05
1.70850e+00 6.05e-05
1.70863e+00 5.93e-05
1.70876e+00 5.81e-05
1.70890e+00 5.70e-05
1.70903e+00 5.59e-05
1.70916e+00 5.50e-05
1.70928e+00 5.40e-05
1.70943e+00 5.31e-05
1.70955e+00 5.23e-05
1.70968e+00 5.15e-05
1.70983e+00 5.08e-05
1.70995e+00 5.00e-05
1.71008e+00 4.94e-05
1.71022e+00 4.87e-05
1.71035e+00 4.81e-05
1.71048e+00 4.75e-05
1.71060e+00 4.70e-05
1.71075e+00 4.64e-05
1.71087e+00 4.59e-05
1.71115e+00 4.50e-05
1.71140e+00 4.41e-05
1.71167e+00 4.34e-05
1.71194e+00 4.27e-05
1.71219e+00 4.20e-05
1.71246e+00 4.14e-05
1.71273e+00 4.08e-05
1.71299e+00 4.03e-05
1.71326e+00 3.98e-05
1.71353e+00 3.94e-05
1.71378e+00 3.90e-05
1.71405e+00 3.86e-05
1.71432e+00 3.83e-05
1.71457e+00 3.79e-05
1.71484e+00 3.76e-05
1.71511e+00 3.73e-05
1.71538e+00 3.71e-05
1.71563e+00 3.68e-05
1.71590e+00 3.66e-05
1.71617e+00 3.64e-05
1.71644e+00 3.61e-05
1.71669e+00 3.60e-05
1.71696e+00 3.58e-05
1.71723e+00 3.56e-05
1.71750e+00 3.54e-05
1.71775e+00 3.53e-05
1.71802e+00 3.51e-05
1.71829e+00 3.50e-05
1.71856e+00 3.48e-05
1.71883e+00 3.47e-05
1.71908e+00 3.46e-05
1.71935e+00 3.44e-05
1.71962e+00 3.43e-05
1.71989e+00 3.42e-05
1.72016e+00 3.41e-05
1.72042e+00 3.40e-05
1.72068e+00 3.39e-05
1.72094e+00 3.38e-05
1.72121e+00 3.37e-05
1.72148e+00 3.36e-05
1.72175e+00 3.35e-05
1.72202e+00 3.35e-05
1.72228e+00 3.34e-05
1.72255e+00 3.33e-05
1.72280e+00 3.32e-05
1.72307e+00 3.31e-05
1.72334e+00 3.31e-05
1.72361e+00 3.30e-05
1.72387e+00 3.29e-05
1.72414e+00 3.29e-05
1.72441e+00 3.28e-05
1.72468e+00 3.27e-05
1.72494e+00 3.27e-05
1.72521e+00 3.26e-05
1.72548e+00 3.25e-05
1.72574e+00 3.25e-05
1.72601e+00 3.24e-05
1.72628e+00 3.23e-05
1.72655e+00 3.23e-05
1.72681e+00 3.22e-05
1.72708e+00 3.22e-05
1.72735e+00 3.21e-05
1.72761e+00 3.21e-05
1.72788e+00 3.20e-05
1.72814e+00 3.20e-05
1.72841e+00 3.19e-05
1.72868e+00 3.19e-05
1.72894e+00 3.18e-05
1.72921e+00 3.18e-05
1.72948e+00 3.17e-05
1.72974e+00 3.17e-05
1.73001e+00 3.16e-05
1.73029e+00 3.16e-05
1.73056e+00 3.15e-05
1.73082e+00 3.15e-05
1.73109e+00 3.14e-05
1.73135e+00 3.14e-05
1.73162e+00 3.14e-05
1.73189e+00 3.13e-05
1.73215e+00 3.13e-05
1.73243e+00 3.12e-05
1.73270e+00 3.12e-05
1.73296e+00 3.12e-05
1.73323e+00 3.11e-05
1.73349e+00 3.11e-05
1.73376e+00 3.11e-05
1.73404e+00 3.10e-05
1.73431e+00 3.10e-05
1.73658e+00 3.07e-05
1.74131e+00 3.03e-05
1.74427e+00 3.02e-05
1.74575e+00 3.01e-05
1.74807e+00 3.00e-05
1.75337e+00 2.98e-05
1.75951e+00 2.97e-05
1.76156e+00 2.96e-05
1.76170e+00 2.97e-05
1.76183e+00 2.98e-05
1.76197e+00 2.96e-05
1.76844e+00 2.96e-05
1.77287e+00 2.96e-05
1.77397e+00 2.96e-05
1.77410e+00 2.99e-05
1.77424e+00 2.96e-05
1.77758e+00 2.97e-05
1.77954e+00 2.98e-05
1.78065e+00 2.98e-05
1.78120e+00 2.99e-05
1.78149e+00 2.99e-05
1.78176e+00 2.99e-05
1.78205e+00 3.00e-05
1.78302e+00 3.01e-05
1.78373e+00 3.01e-05
1.78569e+00 3.00e-05
1.78710e+00 3.01e-05
1.78822e+00 3.01e-05
1.78934e+00 3.02e-05
1.79019e+00 3.03e-05
1.79048e+00 3.03e-05
1.79074e+00 3.04e-05
1.79103e+00 3.04e-05
1.79131e+00 3.04e-05
1.79159e+00 3.05e-05
1.79188e+00 3.05e-05
1.79216e+00 3.05e-05
1.79244e+00 3.06e-05
1.79273e+00 3.06e-05
1.79301e+00 3.07e-05
1.79329e+00 3.07e-05
1.79357e+00 3.08e-05
1.79386e+00 3.08e-05
1.79414e+00 3.09e-05
1.79442e+00 3.09e-05
1.79471e+00 3.10e-05
1.79499e+00 3.10e-05
1.79527e+00 3.11e-05
1.79542e+00 3.11e-05
1.79555e+00 3.12e-05
1.79583e+00 3.13e-05
1.79612e+00 3.14e-05
1.79642e+00 3.15e-05
1.79670e+00 3.15e-05
1.79698e+00 3.16e-05
1.79726e+00 3.17e-05
1.79754e+00 3.18e-05
1.79782e+00 3.19e-05
1.79811e+00 3.20e-05
1.79839e+00 3.21e-05
1.79869e+00 3.23e-05
1.79897e+00 3.24e-05
1.79925e+00 3.25e-05
1.79953e+00 3.27e-05
1.79981e+00 3.28e-05
1.80011e+00 3.30e-05
1.80039e+00 3.31e-05
1.80067e+00 3.33e-05
1.80095e+00 3.35e-05
1.80125e+00 3.37e-05
1.80153e+00 3.40e-05
1.80181e+00 3.42e-05
1.80211e+00 3.44e-05
1.80239e+00 3.47e-05
1.80267e+00 3.50e-05
1.80296e+00 3.53e-05
1.80324e+00 3.56e-05
1.80352e+00 3.60e-05
1.80382e+00 3.64e-05
1.80410e+00 3.68e-05
1.80438e+00 3.72e-05
1.80453e+00 3.74e-05
1.80468e+00 3.76e-05
1.80496e+00 3.81e-05
1.80525e+00 3.86e-05
1.80553e+00 3.91e-05
1.80581e+00 3.97e-05
1.80611e+00 4.03e-05
1.80639e+00 4.09e-05
1.80668e+00 4.15e-05
1.80696e+00 4.21e-05
1.80726e+00 4.27e-05
1.80753e+00 4.34e-05
1.80783e+00 4.40e-05
1.80811e+00 4.45e-05
1.80840e+00 4.50e-05
1.80868e+00 4.55e-05
1.80898e+00 4.59e-05
1.80912e+00 4.60e-05
1.80927e+00 4.62e-05
1.80940e+00 4.63e-05
1.80955e+00 4.64e-05
1.80970e+00 4.64e-05
1.80984e+00 4.65e-05
1.80999e+00 4.65e-05
1.81012e+00 4.65e-05
1.81027e+00 4.64e-05
1.81042e+00 4.63e-05
1.81056e+00 4.62e-05
1.81071e+00 4.61e-05
1.81099e+00 4.58e-05
1.81128e+00 4.54e-05
1.81158e+00 4.49e-05
1.81186e+00 4.44e-05
1.81215e+00 4.38e-05
1.81244e+00 4.32e-05
1.81272e+00 4.26e-05
1.81302e+00 4.20e-05
1.81331e+00 4.14e-05
1.81359e+00 4.08e-05
1.81388e+00 4.02e-05
1.81417e+00 3.96e-05
1.81447e+00 3.90e-05
1.81474e+00 3.85e-05
1.81504e+00 3.80e-05
1.81533e+00 3.76e-05
1.81562e+00 3.71e-05
1.81592e+00 3.67e-05
1.81619e+00 3.63e-05
1.81648e+00 3.60e-05
1.81678e+00 3.57e-05
1.81707e+00 3.54e-05
1.81736e+00 3.51e-05
1.81751e+00 3.50e-05
1.81780e+00 3.47e-05
1.81809e+00 3.44e-05
1.81839e+00 3.41e-05
1.81853e+00 3.40e-05
1.81882e+00 3.38e-05
1.81910e+00 3.36e-05
1.81939e+00 3.34e-05
1.81968e+00 3.32e-05
1.81997e+00 3.31e-05
1.82027e+00 3.29e-05
1.82056e+00 3.28e-05
1.82085e+00 3.26e-05
1.82114e+00 3.25e-05
1.82143e+00 3.24e-05
1.82172e+00 3.23e-05
1.82203e+00 3.22e-05
1.82232e+00 3.21e-05
1.82261e+00 3.20e-05
1.82290e+00 3.19e-05
1.82319e+00 3.18e-05
1.82348e+00 3.17e-05
1.82377e+00 3.17e-05
1.82407e+00 3.16e-05
1.82436e+00 3.15e-05
1.82466e+00 3.15e-05
1.82495e+00 3.14e-05
1.82524e+00 3.14e-05
1.82553e+00 3.13e-05
1.82582e+00 3.13e-05
1.82613e+00 3.12e-05
1.82642e+00 3.12e-05
1.82671e+00 3.11e-05
1.82700e+00 3.11e-05
1.82730e+00 3.11e-05
1.82891e+00 3.09e-05
1.83112e+00 3.08e-05
1.83365e+00 3.07e-05
1.83676e+00 3.07e-05
1.83945e+00 3.07e-05
1.84244e+00 3.08e-05
1.84514e+00 3.09e-05
1.84696e+00 3.10e-05
1.84877e+00 3.11e-05
1.85028e+00 3.12e-05
1.85151e+00 3.13e-05
1.85210e+00 3.14e-05
1.85242e+00 3.14e-05
1.85271e+00 3.14e-05
1.85301e+00 3.15e-05
1.85332e+00 3.15e-05
1.85362e+00 3.15e-05
1.85394e+00 3.16e-05
1.85423e+00 3.16e-05
1.85455e+00 3.16e-05
1.85484e+00 3.17e-05
1.85516e+00 3.17e-05
1.85545e+00 3.18e-05
1.85577e+00 3.18e-05
1.85606e+00 3.19e-05
1.85638e+00 3.19e-05
1.85667e+00 3.19e-05
1.85699e+00 3.20e-05
1.85730e+00 3.20e-05
1.85759e+00 3.21e-05
1.85791e+00 3.21e-05
1.85822e+00 3.22e-05
1.85851e+00 3.23e-05
1.85883e+00 3.23e-05
1.85914e+00 3.24e-05
1.85943e+00 3.24e-05
1.85975e+00 3.25e-05
1.86006e+00 3.26e-05
1.86037e+00 3.27e-05
1.86066e+00 3.27e-05
1.86097e+00 3.28e-05
1.86129e+00 3.29e-05
1.86160e+00 3.30e-05
1.86191e+00 3.31e-05
1.86220e+00 3.31e-05
1.86251e+00 3.32e-05
1.86282e+00 3.33e-05
1.86313e+00 3.34e-05
1.86344e+00 3.35e-05
1.86375e+00 3.36e-05
1.86406e+00 3.38e-05
1.86437e+00 3.39e-05
1.86468e+00 3.40e-05
1.86499e+00 3.41e-05
1.86530e+00 3.43e-05
1.86561e+00 3.44e-05
1.86592e+00 3.46e-05
1.86623e+00 3.47e-05
1.86654e+00 3.49e-05
1.86685e+00 3.51e-05
1.86716e+00 3.53e-05
1.86747e+00 3.55e-05
1.86778e+00 3.57e-05
1.86809e+00 3.60e-05
1.86841e+00 3.63e-05
1.86872e+00 3.66e-05
1.86903e+00 3.70e-05
1.86934e+00 3.74e-05
1.86949e+00 3.77e-05
1.86965e+00 3.79e-05
1.86980e+00 3.82e-05
1.86997e+00 3.86e-05
1.87012e+00 3.89e-05
1.87028e+00 3.93e-05
1.87043e+00 3.97e-05
1.87059e+00 4.01e-05
1.87074e+00 4.06e-05
1.87089e+00 4.11e-05
1.87106e+00 4.17e-05
1.87137e+00 4.28e-05
1.87168e+00 4.39e-05
1.87183e+00 4.45e-05
1.87199e+00 4.49e-05
1.87216e+00 4.53e-05
1.87231e+00 4.55e-05
1.87246e+00 4.57e-05
1.87262e+00 4.56e-05
1.87277e+00 4.55e-05
1.87294e+00 4.52e-05
1.87309e+00 4.48e-05
1.87325e+00 4.43e-05
1.87340e+00 4.38e-05
1.87372e+00 4.26e-05
1.87403e+00 4.14e-05
1.87418e+00 4.09e-05
1.87435e+00 4.03e-05
1.87451e+00 3.99e-05
1.87466e+00 3.94e-05
1.87481e+00 3.90e-05
1.87498e+00 3.86e-05
1.87514e+00 3.82e-05
1.87529e+00 3.79e-05
1.87544e+00 3.76e-05
1.87561e+00 3.73e-05
1.87576e+00 3.71e-05
1.87607e+00 3.67e-05
1.87639e+00 3.63e-05
1.87671e+00 3.60e-05
1.87702e+00 3.57e-05
1.87734e+00 3.54e-05
1.87765e+00 3.52e-05
1.87797e+00 3.50e-05
1.87829e+00 3.49e-05
1.87859e+00 3.47e-05
1.87892e+00 3.46e-05
1.87924e+00 3.45e-05
1.87956e+00 3.44e-05
1.87986e+00 3.43e-05
1.88018e+00 3.42e-05
1.88050e+00 3.41e-05
1.88082e+00 3.40e-05
1.88113e+00 3.40e-05
1.88145e+00 3.39e-05
1.88177e+00 3.38e-05
1.88209e+00 3.38e-05
1.88241e+00 3.38e-05
1.88273e+00 3.37e-05
1.88416e+00 3.36e-05
1.88607e+00 3.35e-05
1.88624e+00 3.35e-05
1.88799e+00 3.34e-05
1.88993e+00 3.34e-05
1.89251e+00 3.35e-05
1.89543e+00 3.36e-05
1.89738e+00 3.37e-05
1.89999e+00 3.38e-05
1.90229e+00 3.40e-05
1.90394e+00 3.42e-05
1.90411e+00 3.41e-05
1.90608e+00 3.43e-05
1.90773e+00 3.44e-05
1.90907e+00 3.46e-05
1.91006e+00 3.47e-05
1.91074e+00 3.47e-05
1.91141e+00 3.48e-05
1.91173e+00 3.48e-05
1.91207e+00 3.49e-05
1.91241e+00 3.49e-05
1.91274e+00 3.49e-05
1.91308e+00 3.50e-05
1.91342e+00 3.50e-05
1.91374e+00 3.50e-05
1.91408e+00 3.51e-05
1.91442e+00 3.51e-05
1.91476e+00 3.52e-05
1.91508e+00 3.52e-05
1.91542e+00 3.52e-05
1.91576e+00 3.53e-05
1.91610e+00 3.53e-05
1.91644e+00 3.53e-05
1.91678e+00 3.54e-05
1.91711e+00 3.54e-05
1.91745e+00 3.55e-05
1.91779e+00 3.55e-05
1.91813e+00 3.56e-05
1.91847e+00 3.56e-05
1.91880e+00 3.56e-05
1.91914e+00 3.57e-05
1.91948e+00 3.57e-05
1.91982e+00 3.58e-05
1.92015e+00 3.58e-05
1.92050e+00 3.58e-05
1.92084e+00 3.59e-05
1.92118e+00 3.59e-05
1.92151e+00 3.60e-05
1.92185e+00 3.60e-05
1.92220e+00 3.61e-05
1.92254e+00 3.62e-05
1.92288e+00 3.62e-05
1.92323e+00 3.63e-05
1.92356e+00 3.63e-05
1.92374e+00 3.62e-05
1.92407e+00 3.63e-05
1.92442e+00 3.63e-05
1.92458e+00 3.63e-05
1.92493e+00 3.63e-05
1.92527e+00 3.64e-05
1.92562e+00 3.64e-05
1.92596e+00 3.65e-05
1.92630e+00 3.65e-05
1.92664e+00 3.66e-05
1.92699e+00 3.66e-05
1.92734e+00 3.67e-05
1.92767e+00 3.67e-05
1.92802e+00 3.67e-05
1.92837e+00 3.68e-05
1.92871e+00 3.68e-05
1.92905e+00 3.69e-05
1.92940e+00 3.70e-05
1.92975e+00 3.70e-05
1.93009e+00 3.71e-05
1.93043e+00 3.71e-05
1.93078e+00 3.71e-05
1.93113e+00 3.72e-05
1.93148e+00 3.73e-05
1.93183e+00 3.73e-05
1.93217e+00 3.74e-05
1.93252e+00 3.74e-05
1.93287e+00 3.75e-05
1.93322e+00 3.75e-05
1.93356e+00 3.76e-05
1.93391e+00 3.76e-05
1.93426e+00 3.77e-05
1.93460e+00 3.77e-05
1.93495e+00 3.78e-05
1.93531e+00 3.78e-05
1.93566e+00 3.79e-05
1.93600e+00 3.80e-05
1.93635e+00 3.80e-05
1.93671e+00 3.81e-05
1.93706e+00 3.81e-05
1.93740e+00 3.82e-05
1.93776e+00 3.82e-05
1.93811e+00 3.83e-05
1.93845e+00 3.84e-05
1.93881e+00 3.84e-05
1.93916e+00 3.85e-05
1.93952e+00 3.86e-05
1.93986e+00 3.86e-05
1.94005e+00 3.87e-05
1.94039e+00 3.88e-05
1.94110e+00 3.88e-05
1.94146e+00 3.89e-05
1.94182e+00 3.90e-05
1.94216e+00 3.90e-05
1.94252e+00 3.91e-05
1.94288e+00 3.91e-05
1.94322e+00 3.92e-05
1.94358e+00 3.93e-05
1.94394e+00 3.93e-05
1.94429e+00 3.94e-05
1.94465e+00 3.95e-05
1.94501e+00 3.95e-05
1.94537e+00 3.96e-05
1.94554e+00 3.97e-05
1.94590e+00 3.97e-05
1.94661e+00 3.98e-05
1.94697e+00 3.99e-05
1.94732e+00 4.00e-05
1.94768e+00 4.00e-05
1.94804e+00 4.01e-05
1.94839e+00 4.02e-05
1.94876e+00 4.02e-05
1.94912e+00 4.03e-05
1.94948e+00 4.04e-05
1.94983e+00 4.05e-05
1.95020e+00 4.05e-05
1.95056e+00 4.06e-05
1.95091e+00 4.07e-05
1.95128e+00 4.07e-05
1.95164e+00 4.08e-05
1.95199e+00 4.09e-05
1.95236e+00 4.10e-05
1.95272e+00 4.11e-05
1.95308e+00 4.11e-05
1.95344e+00 4.12e-05
1.95381e+00 4.13e-05
1.95418e+00 4.14e-05
1.95453e+00 4.15e-05
1.95490e+00 4.15e-05
1.95527e+00 4.16e-05
1.95562e+00 4.17e-05
1.95599e+00 4.18e-05
1.95636e+00 4.19e-05
1.95672e+00 4.19e-05
1.95708e+00 4.20e-05
1.95744e+00 4.21e-05
1.95781e+00 4.22e-05
1.95818e+00 4.23e-05
1.95854e+00 4.24e-05
1.95891e+00 4.24e-05
1.95928e+00 4.25e-05
1.95946e+00 4.26e-05
1.95964e+00 4.27e-05
1.96001e+00 4.28e-05
1.96038e+00 4.29e-05
1.96056e+00 4.28e-05
1.96093e+00 4.29e-05
1.96129e+00 4.30e-05
1.96167e+00 4.31e-05
1.96204e+00 4.32e-05
1.96240e+00 4.33e-05
1.96277e+00 4.34e-05
1.96315e+00 4.35e-05
1.96351e+00 4.36e-05
1.96388e+00 4.37e-05
1.96426e+00 4.38e-05
1.96462e+00 4.38e-05
1.96500e+00 4.39e-05
1.96536e+00 4.40e-05
1.96574e+00 4.41e-05
1.96610e+00 4.42e-05
1.96648e+00 4.43e-05
1.96686e+00 4.44e-05
1.96722e+00 4.45e-05
1.96760e+00 4.46e-05
1.96798e+00 4.47e-05
1.96834e+00 4.49e-05
1.96872e+00 4.50e-05
1.96910e+00 4.51e-05
1.96947e+00 4.52e-05
1.96985e+00 4.53e-05
1.97023e+00 4.54e-05
1.97060e+00 4.55e-05
1.97098e+00 4.56e-05
1.97136e+00 4.57e-05
1.97173e+00 4.58e-05
1.97211e+00 4.59e-05
1.97248e+00 4.60e-05
1.97286e+00 4.62e-05
1.97323e+00 4.63e-05
1.97361e+00 4.64e-05
1.97400e+00 4.65e-05
1.97437e+00 4.66e-05
1.97475e+00 4.67e-05
1.97514e+00 4.69e-05
1.97551e+00 4.70e-05
1.97588e+00 4.71e-05
1.97627e+00 4.72e-05
1.97665e+00 4.73e-05
1.97703e+00 4.75e-05
1.97741e+00 4.76e-05
1.97780e+00 4.77e-05
1.97817e+00 4.78e-05
1.97856e+00 4.80e-05
1.97894e+00 4.81e-05
1.97932e+00 4.82e-05
1.97970e+00 4.84e-05
1.98009e+00 4.85e-05
1.98048e+00 4.86e-05
1.98086e+00 4.88e-05
1.98125e+00 4.89e-05
1.98162e+00 4.90e-05
1.98201e+00 4.92e-05
1.98239e+00 4.93e-05
1.98278e+00 4.95e-05
1.98318e+00 4.96e-05
1.98356e+00 4.97e-05
1.98395e+00 4.99e-05
1.98433e+00 5.00e-05
1.98472e+00 5.02e-05
1.98510e+00 5.03e-05
1.98550e+00 5.05e-05
1.98589e+00 5.06e-05
1.98627e+00 5.08e-05
1.98667e+00 5.09e-05
1.98705e+00 5.11e-05
1.98745e+00 5.13e-05
1.98783e+00 5.14e-05
1.98823e+00 5.16e-05
1.98861e+00 5.18e-05
1.98901e+00 5.19e-05
1.98939e+00 5.21e-05
1.98979e+00 5.23e-05
1.99019e+00 5.25e-05
1.99058e+00 5.26e-05
1.99097e+00 5.28e-05
1.99136e+00 5.30e-05
1.99176e+00 5.32e-05
1.99215e+00 5.34e-05
1.99255e+00 5.36e-05
1.99294e+00 5.38e-05
1.99334e+00 5.40e-05
1.99373e+00 5.42e-05
1.99413e+00 5.44e-05
1.99452e+00 5.46e-05
1.99492e+00 5.49e-05
1.99533e+00 5.51e-05
1.99572e+00 5.53e-05
1.99611e+00 5.56e-05
1.99652e+00 5.58e-05
1.99692e+00 5.61e-05
1.99731e+00 5.64e-05
1.99772e+00 5.66e-05
1.99811e+00 5.69e-05
1.99852e+00 5.71e-05
1.99891e+00 5.73e-05
1.99932e+00 5.75e-05
1.99972e+00 5.77e-05
2.00011e+00 5.79e-05
2.00052e+00 5.80e-05
2.00093e+00 5.82e-05
2.00133e+00 5.83e-05
2.00174e+00 5.84e-05
2.00214e+00 5.86e-05
2.00253e+00 5.87e-05
2.00294e+00 5.89e-05
2.00334e+00 5.91e-05
2.00376e+00 5.93e-05
2.00417e+00 5.94e-05
2.00457e+00 5.96e-05
2.00497e+00 5.98e-05
2.00538e+00 6.00e-05
2.00580e+00 6.03e-05
2.00620e+00 6.06e-05
2.00660e+00 6.08e-05
2.00702e+00 6.09e-05
2.00722e+00 6.10e-05
2.00762e+00 6.12e-05
2.00804e+00 6.14e-05
2.00844e+00 6.16e-05
2.00886e+00 6.19e-05
2.00927e+00 6.21e-05
2.00968e+00 6.24e-05
2.01009e+00 6.26e-05
2.01051e+00 6.29e-05
2.01071e+00 6.30e-05
2.01112e+00 6.33e-05
2.01134e+00 6.34e-05
2.01154e+00 6.35e-05
2.01195e+00 6.37e-05
2.01237e+00 6.40e-05
2.01278e+00 6.43e-05
2.01319e+00 6.46e-05
2.01361e+00 6.48e-05
2.01402e+00 6.51e-05
2.01444e+00 6.54e-05
2.01486e+00 6.57e-05
2.01528e+00 6.60e-05
2.01569e+00 6.63e-05
2.01612e+00 6.66e-05
2.01653e+00 6.69e-05
2.01695e+00 6.72e-05
2.01737e+00 6.75e-05
2.01779e+00 6.78e-05
2.01820e+00 6.81e-05
2.01863e+00 6.85e-05
2.01905e+00 6.88e-05
2.01947e+00 6.91e-05
2.01989e+00 6.95e-05
2.02032e+00 6.98e-05
2.02074e+00 7.01e-05
2.02116e+00 7.05e-05
2.02159e+00 7.08e-05
2.02201e+00 7.12e-05
2.02243e+00 7.16e-05
2.02286e+00 7.19e-05
2.02328e+00 7.23e-05
2.02372e+00 7.27e-05
2.02414e+00 7.31e-05
2.02456e+00 7.35e-05
2.02500e+00 7.38e-05
2.02542e+00 7.42e-05
2.02586e+00 7.46e-05
2.02628e+00 7.50e-05
2.02671e+00 7.54e-05
2.02713e+00 7.58e-05
2.02757e+00 7.63e-05
2.02800e+00 7.67e-05
2.02844e+00 7.71e-05
2.02887e+00 7.76e-05
2.02929e+00 7.80e-05
2.02973e+00 7.85e-05
2.03016e+00 7.89e-05
2.03059e+00 7.94e-05
2.03104e+00 7.98e-05
2.03147e+00 8.03e-05
2.03190e+00 8.08e-05
2.03234e+00 8.13e-05
2.03278e+00 8.18e-05
2.03321e+00 8.23e-05
2.03365e+00 8.28e-05
2.03409e+00 8.33e-05
2.03452e+00 8.39e-05
2.03497e+00 8.44e-05
2.03541e+00 8.49e-05
2.03584e+00 8.54e-05
2.03629e+00 8.60e-05
2.03651e+00 8.62e-05
2.03695e+00 8.68e-05
2.03739e+00 8.74e-05
2.03784e+00 8.80e-05
2.03828e+00 8.85e-05
2.03872e+00 8.92e-05
2.03917e+00 8.98e-05
2.03961e+00 9.04e-05
2.04005e+00 9.10e-05
2.04049e+00 9.17e-05
2.04095e+00 9.23e-05
2.04139e+00 9.30e-05
2.04183e+00 9.37e-05
2.04228e+00 9.44e-05
2.04274e+00 9.51e-05
2.04318e+00 9.58e-05
2.04363e+00 9.65e-05
2.04409e+00 9.72e-05
2.04453e+00 9.80e-05
2.04498e+00 9.87e-05
2.04543e+00 9.95e-05
2.04588e+00 1.00e-04
2.04634e+00 1.01e-04
2.04679e+00 1.02e-04
2.04724e+00 1.03e-04
2.04771e+00 1.04e-04
2.04816e+00 1.04e-04
2.04861e+00 1.05e-04
2.04907e+00 1.06e-04
2.04952e+00 1.07e-04
2.04997e+00 1.08e-04
2.05044e+00 1.09e-04
2.05090e+00 1.10e-04
2.05135e+00 1.11e-04
2.05181e+00 1.12e-04
2.05228e+00 1.13e-04
2.05274e+00 1.14e-04
2.05320e+00 1.15e-04
2.05366e+00 1.16e-04
2.05412e+00 1.17e-04
2.05459e+00 1.18e-04
2.05505e+00 1.20e-04
2.05551e+00 1.21e-04
2.05598e+00 1.22e-04
2.05644e+00 1.23e-04
2.05691e+00 1.24e-04
2.05737e+00 1.26e-04
2.05785e+00 1.27e-04
2.05831e+00 1.28e-04
2.05878e+00 1.30e-04
2.05925e+00 1.31e-04
2.05972e+00 1.33e-04
2.06020e+00 1.34e-04
2.06067e+00 1.36e-04
2.06114e+00 1.37e-04
2.06161e+00 1.39e-04
2.06208e+00 1.40e-04
2.06255e+00 1.42e-04
2.06303e+00 1.44e-04
2.06350e+00 1.45e-04
2.06399e+00 1.47e-04
2.06445e+00 1.49e-04
2.06494e+00 1.51e-04
2.06541e+00 1.53e-04
2.06589e+00 1.55e-04
2.06637e+00 1.57e-04
2.06685e+00 1.59e-04
2.06733e+00 1.61e-04
2.06781e+00 1.63e-04
2.06829e+00 1.65e-04
2.06877e+00 1.68e-04
2.06925e+00 1.70e-04
2.06974e+00 1.73e-04
2.07022e+00 1.75e-04
2.07070e+00 1.78e-04
2.07120e+00 1.80e-04
2.07169e+00 1.83e-04
2.07217e+00 1.86e-04
2.07266e+00 1.89e-04
2.07315e+00 1.92e-04
2.07339e+00 1.93e-04
2.07388e+00 1.97e-04
2.07437e+00 2.00e-04
2.07486e+00 2.03e-04
2.07536e+00 2.07e-04
2.07585e+00 2.11e-04
2.07634e+00 2.14e-04
2.07684e+00 2.18e-04
2.07733e+00 2.22e-04
2.07783e+00 2.26e-04
2.07832e+00 2.31e-04
2.07882e+00 2.35e-04
2.07932e+00 2.40e-04
2.07982e+00 2.45e-04
2.08032e+00 2.50e-04
2.08082e+00 2.55e-04
2.08131e+00 2.61e-04
2.08181e+00 2.66e-04
2.08231e+00 2.72e-04
2.08282e+00 2.79e-04
2.08332e+00 2.85e-04
2.08383e+00 2.92e-04
2.08433e+00 2.99e-04
2.08484e+00 3.06e-04
2.08535e+00 3.14e-04
2.08586e+00 3.22e-04
2.08636e+00 3.30e-04
2.08686e+00 3.39e-04
2.08738e+00 3.48e-04
2.08789e+00 3.58e-04
2.08840e+00 3.68e-04
2.08891e+00 3.79e-04
2.08943e+00 3.91e-04
2.08994e+00 4.03e-04
2.09046e+00 4.15e-04
2.09097e+00 4.29e-04
2.09149e+00 4.43e-04
2.09201e+00 4.58e-04
2.09227e+00 4.65e-04
2.09253e+00 4.74e-04
2.09279e+00 4.82e-04
2.09305e+00 4.90e-04
2.09331e+00 4.99e-04
2.09357e+00 5.08e-04
2.09383e+00 5.18e-04
2.09408e+00 5.27e-04
2.09434e+00 5.37e-04
2.09460e+00 5.48e-04
2.09487e+00 5.58e-04
2.09513e+00 5.69e-04
2.09539e+00 5.81e-04
2.09565e+00 5.93e-04
2.09592e+00 6.05e-04
2.09618e+00 6.17e-04
2.09643e+00 6.31e-04
2.09670e+00 6.44e-04
2.09696e+00 6.58e-04
2.09723e+00 6.73e-04
2.09749e+00 6.88e-04
2.09775e+00 7.04e-04
2.09802e+00 7.20e-04
2.09828e+00 7.37e-04
2.09855e+00 7.54e-04
2.09882e+00 7.73e-04
2.09907e+00 7.92e-04
2.09934e+00 8.12e-04
2.09960e+00 8.32e-04
2.09987e+00 8.54e-04
2.10014e+00 8.77e-04
2.10040e+00 9.00e-04
2.10066e+00 9.25e-04
2.10093e+00 9.50e-04
2.10120e+00 9.77e-04
2.10146e+00 1.01e-03
2.10173e+00 1.03e-03
2.10200e+00 1.07e-03
2.10227e+00 1.10e-03
2.10254e+00 1.13e-03
2.10280e+00 1.17e-03
2.10307e+00 1.21e-03
2.10334e+00 1.25e-03
2.10361e+00 1.29e-03
2.10388e+00 1.33e-03
2.10415e+00 1.38e-03
2.10441e+00 1.43e-03
2.10468e+00 1.48e-03
2.10495e+00 1.53e-03
2.10522e+00 1.59e-03
2.10549e+00 1.65e-03
2.10577e+00 1.72e-03
2.10603e+00 1.79e-03
2.10630e+00 1.86e-03
2.10657e+00 1.94e-03
2.10685e+00 2.03e-03
2.10712e+00 2.12e-03
2.10738e+00 2.22e-03
2.10766e+00 2.32e-03
2.10793e+00 2.43e-03
2.10820e+00 2.55e-03
2.10848e+00 2.69e-03
2.10875e+00 2.83e-03
2.10902e+00 2.98e-03
2.10929e+00 3.15e-03
2.10957e+00 3.33e-03
2.10985e+00 3.53e-03
2.11012e+00 3.75e-03
2.11040e+00 3.98e-03
2.11066e+00 4.25e-03
2.11094e+00 4.54e-03
2.11122e+00 4.86e-03
2.11150e+00 5.22e-03
2.11176e+00 5.62e-03
2.11204e+00 6.07e-03
2.11232e+00 6.57e-03
2.11260e+00 7.15e-03
2.11288e+00 7.80e-03
2.11315e+00 8.55e-03
2.11343e+00 9.41e-03
2.11371e+00 1.04e-02
2.11399e+00 1.16e-02
2.11427e+00 1.30e-02
2.11454e+00 1.46e-02
2.11482e+00 1.66e-02
2.11510e+00 1.91e-02
2.11538e+00 2.21e-02
2.11565e+00 2.59e-02
2.11593e+00 3.07e-02
2.11621e+00 3.71e-02
2.11650e+00 4.57e-02
2.11677e+00 5.77e-02
2.11705e+00 7.52e-02
2.11734e+00 1.02e-01
2.11762e+00 1.46e-01
2.11789e+00 2.27e-01
2.11818e+00 3.99e-01
2.11846e+00 8.75e-01
2.11875e+00 3.19e+00
2.11902e+00 4.97e+01
2.11931e+00 3.82e+00
2.11959e+00 9.61e-01
2.11988e+00 4.24e-01
2.12015e+00 2.37e-01
2.12044e+00 1.51e-01
2.12073e+00 1.05e-01
2.12100e+00 7.67e-02
2.12129e+00 5.86e-02
2.12158e+00 4.62e-02
2.12187e+00 3.74e-02
2.12214e+00 3.08e-02
2.12243e+00 2.59e-02
2.12272e+00 2.20e-02
2.12300e+00 1.90e-02
2.12329e+00 1.65e-02
2.12358e+00 1.45e-02
2.12387e+00 1.28e-02
2.12415e+00 1.15e-02
2.12444e+00 1.03e-02
2.12473e+00 9.28e-03
2.12501e+00 8.41e-03
2.12530e+00 7.67e-03
2.12559e+00 7.01e-03
2.12588e+00 6.44e-03
2.12617e+00 5.94e-03
2.12646e+00 5.49e-03
2.12674e+00 5.10e-03
2.12704e+00 4.74e-03
2.12733e+00 4.42e-03
2.12761e+00 4.14e-03
2.12791e+00 3.88e-03
2.12820e+00 3.64e-03
2.12849e+00 3.43e-03
2.12878e+00 3.23e-03
2.12908e+00 3.06e-03
2.12936e+00 2.89e-03
2.12966e+00 2.74e-03
2.12996e+00 2.60e-03
2.13024e+00 2.47e-03
2.13054e+00 2.36e-03
2.13084e+00 2.25e-03
2.13113e+00 2.15e-03
2.13142e+00 2.05e-03
2.13171e+00 1.96e-03
2.13201e+00 1.88e-03
2.13231e+00 1.80e-03
2.13260e+00 1.73e-03
2.13290e+00 1.66e-03
2.13320e+00 1.60e-03
2.13349e+00 1.54e-03
2.13379e+00 1.49e-03
2.13408e+00 1.43e-03
2.13438e+00 1.38e-03
2.13468e+00 1.34e-03
2.13497e+00 1.29e-03
2.13528e+00 1.25e-03
2.13557e+00 1.21e-03
2.13587e+00 1.17e-03
2.13618e+00 1.14e-03
2.13647e+00 1.10e-03
2.13677e+00 1.07e-03
2.13707e+00 1.04e-03
2.13737e+00 1.01e-03
2.13768e+00 9.85e-04
2.13797e+00 9.59e-04
2.13828e+00 9.34e-04
2.13857e+00 9.10e-04
2.13888e+00 8.87e-04
2.13918e+00 8.65e-04
2.13948e+00 8.45e-04
2.13978e+00 8.25e-04
2.14009e+00 8.06e-04
2.14040e+00 7.87e-04
2.14070e+00 7.70e-04
2.14101e+00 7.53e-04
2.14130e+00 7.37e-04
2.14161e+00 7.22e-04
2.14191e+00 7.07e-04
2.14222e+00 6.93e-04
2.14253e+00 6.80e-04
2.14284e+00 6.67e-04
2.14314e+00 6.54e-04
2.14345e+00 6.42e-04
2.14375e+00 6.31e-04
2.14406e+00 6.20e-04
2.14437e+00 6.09e-04
2.14468e+00 5.99e-04
2.14498e+00 5.89e-04
2.14530e+00 5.79e-04
2.14560e+00 5.70e-04
2.14592e+00 5.61e-04
2.14654e+00 5.45e-04
2.14684e+00 5.37e-04
2.14716e+00 5.29e-04
2.14747e+00 5.22e-04
2.14809e+00 5.08e-04
2.14872e+00 4.95e-04
2.14934e+00 4.83e-04
2.14997e+00 4.71e-04
2.15060e+00 4.61e-04
2.15123e+00 4.51e-04
2.15187e+00 4.42e-04
2.15249e+00 4.33e-04
2.15313e+00 4.25e-04
2.15377e+00 4.18e-04
2.15441e+00 4.11e-04
2.15505e+00 4.04e-04
2.15568e+00 3.98e-04
2.15633e+00 3.93e-04
2.15697e+00 3.88e-04
2.15762e+00 3.83e-04
2.15826e+00 3.78e-04
2.15891e+00 3.74e-04
2.15957e+00 3.70e-04
2.16021e+00 3.67e-04
2.16087e+00 3.63e-04
2.16153e+00 3.60e-04
2.16218e+00 3.58e-04
2.16284e+00 3.55e-04
2.16350e+00 3.53e-04
2.16416e+00 3.51e-04
2.16483e+00 3.49e-04
2.16548e+00 3.48e-04
2.16616e+00 3.46e-04
2.16682e+00 3.45e-04
2.16749e+00 3.44e-04
2.16816e+00 3.43e-04
2.16884e+00 3.43e-04
2.16984e+00 3.42e-04
2.17154e+00 3.42e-04
2.17223e+00 3.42e-04
2.17291e+00 3.42e-04
2.17359e+00 3.43e-04
2.17427e+00 3.43e-04
2.17497e+00 3.44e-04
2.17566e+00 3.45e-04
2.17635e+00 3.46e-04
2.17704e+00 3.48e-04
2.17774e+00 3.49e-04
2.17844e+00 3.50e-04
2.17914e+00 3.52e-04
2.17984e+00 3.54e-04
2.18054e+00 3.56e-04
2.18125e+00 3.58e-04
2.18195e+00 3.60e-04
2.18266e+00 3.63e-04
2.18337e+00 3.65e-04
2.18408e+00 3.68e-04
2.18480e+00 3.71e-04
2.18552e+00 3.74e-04
2.18624e+00 3.77e-04
2.18696e+00 3.80e-04
2.18768e+00 3.84e-04
2.18841e+00 3.87e-04
2.18914e+00 3.91e-04
2.18986e+00 3.95e-04
2.19060e+00 3.99e-04
2.19133e+00 4.03e-04
2.19207e+00 4.08e-04
2.19280e+00 4.12e-04
2.19354e+00 4.17e-04
2.19429e+00 4.22e-04
2.19503e+00 4.27e-04
2.19578e+00 4.33e-04
2.19652e+00 4.38e-04
2.19728e+00 4.44e-04
2.19804e+00 4.50e-04
2.19879e+00 4.56e-04
2.19954e+00 4.63e-04
2.20031e+00 4.70e-04
2.20107e+00 4.77e-04
2.20184e+00 4.84e-04
2.20260e+00 4.92e-04
2.20337e+00 5.00e-04
2.20415e+00 5.08e-04
2.20492e+00 5.16e-04
2.20569e+00 5.25e-04
2.20647e+00 5.34e-04
2.20725e+00 5.44e-04
2.20804e+00 5.54e-04
2.20882e+00 5.64e-04
2.20961e+00 5.75e-04
2.21040e+00 5.86e-04
2.21120e+00 5.97e-04
2.21200e+00 6.09e-04
2.21280e+00 6.22e-04
2.21360e+00 6.35e-04
2.21441e+00 6.49e-04
2.21522e+00 6.63e-04
2.21602e+00 6.78e-04
2.21643e+00 6.86e-04
2.21725e+00 7.02e-04
2.21806e+00 7.19e-04
2.21889e+00 7.36e-04
2.21971e+00 7.54e-04
2.22054e+00 7.74e-04
2.22136e+00 7.94e-04
2.22220e+00 8.15e-04
2.22303e+00 8.38e-04
2.22387e+00 8.61e-04
2.22471e+00 8.86e-04
2.22555e+00 9.13e-04
2.22641e+00 9.41e-04
2.22725e+00 9.70e-04
2.22811e+00 1.00e-03
2.22896e+00 1.03e-03
2.22939e+00 1.05e-03
2.22982e+00 1.07e-03
2.23025e+00 1.09e-03
2.23068e+00 1.11e-03
2.23111e+00 1.13e-03
2.23155e+00 1.15e-03
2.23198e+00 1.17e-03
2.23242e+00 1.19e-03
2.23285e+00 1.22e-03
2.23329e+00 1.24e-03
2.23373e+00 1.26e-03
2.23417e+00 1.29e-03
2.23461e+00 1.32e-03
2.23504e+00 1.34e-03
2.23548e+00 1.37e-03
2.23593e+00 1.40e-03
2.23637e+00 1.43e-03
2.23681e+00 1.47e-03
2.23726e+00 1.50e-03
2.23771e+00 1.54e-03
2.23815e+00 1.58e-03
2.23859e+00 1.61e-03
2.23904e+00 1.66e-03
2.23950e+00 1.70e-03
2.23994e+00 1.75e-03
2.24039e+00 1.79e-03
2.24084e+00 1.84e-03
2.24129e+00 1.90e-03
2.24175e+00 1.95e-03
2.24220e+00 2.01e-03
2.24265e+00 2.08e-03
2.24311e+00 2.15e-03
2.24357e+00 2.22e-03
2.24402e+00 2.30e-03
2.24449e+00 2.38e-03
2.24495e+00 2.47e-03
2.24540e+00 2.56e-03
2.24587e+00 2.66e-03
2.24633e+00 2.78e-03
2.24679e+00 2.89e-03
2.24725e+00 3.03e-03
2.24772e+00 3.17e-03
2.24818e+00 3.32e-03
2.24866e+00 3.49e-03
2.24912e+00 3.68e-03
2.24960e+00 3.89e-03
2.25006e+00 4.12e-03
2.25053e+00 4.38e-03
2.25101e+00 4.67e-03
2.25148e+00 5.00e-03
2.25195e+00 5.37e-03
2.25243e+00 5.80e-03
2.25290e+00 6.29e-03
2.25338e+00 6.87e-03
2.25386e+00 7.54e-03
2.25434e+00 8.34e-03
2.25482e+00 9.31e-03
2.25529e+00 1.05e-02
2.25578e+00 1.19e-02
2.25627e+00 1.38e-02
2.25675e+00 1.61e-02
2.25723e+00 1.92e-02
2.25772e+00 2.34e-02
2.25820e+00 2.94e-02
2.25870e+00 3.81e-02
2.25919e+00 5.16e-02
2.25968e+00 7.42e-02
2.26017e+00 1.16e-01
2.26067e+00 2.05e-01
2.26116e+00 4.30e-01
2.26166e+00 1.01e+00
2.26215e+00 1.09e+00
2.26265e+00 4.77e-01
2.26315e+00 2.21e-01
2.26365e+00 1.23e-01
2.26415e+00 7.79e-02
2.26465e+00 5.41e-02
2.26515e+00 4.01e-02
2.26566e+00 3.13e-02
2.26616e+00 2.55e-02
2.26667e+00 2.15e-02
2.26718e+00 1.87e-02
2.26769e+00 1.67e-02
2.26820e+00 1.53e-02
2.26871e+00 1.43e-02
2.26922e+00 1.38e-02
2.26974e+00 1.36e-02
2.27026e+00 1.37e-02
2.27077e+00 1.41e-02
2.27129e+00 1.50e-02
2.27181e+00 1.65e-02
2.27233e+00 1.87e-02
2.27285e+00 2.22e-02
2.27337e+00 2.78e-02
2.27390e+00 3.72e-02
2.27442e+00 5.47e-02
2.27496e+00 9.21e-02
2.27548e+00 1.92e-01
2.27602e+00 5.49e-01
2.27654e+00 9.61e-01
2.27707e+00 3.40e-01
2.27761e+00 1.36e-01
2.27814e+00 7.17e-02
2.27868e+00 4.52e-02
2.27921e+00 3.20e-02
2.27976e+00 2.45e-02
2.28030e+00 1.99e-02
2.28084e+00 1.69e-02
2.28138e+00 1.49e-02
2.28193e+00 1.36e-02
2.28247e+00 1.26e-02
2.28303e+00 1.19e-02
2.28358e+00 1.15e-02
2.28413e+00 1.12e-02
2.28468e+00 1.10e-02
2.28523e+00 1.09e-02
2.28578e+00 1.09e-02
2.28634e+00 1.11e-02
2.28690e+00 1.12e-02
2.28746e+00 1.15e-02
2.28802e+00 1.18e-02
2.28858e+00 1.21e-02
2.28915e+00 1.26e-02
2.28971e+00 1.31e-02
2.29028e+00 1.36e-02
2.29085e+00 1.43e-02
2.29141e+00 1.50e-02
2.29199e+00 1.58e-02
2.29257e+00 1.67e-02
2.29314e+00 1.78e-02
2.29372e+00 1.90e-02
2.29429e+00 2.04e-02
2.29488e+00 2.20e-02
2.29546e+00 2.39e-02
2.29604e+00 2.61e-02
2.29663e+00 2.88e-02
2.29721e+00 3.21e-02
2.29780e+00 3.62e-02
2.29839e+00 4.14e-02
2.29898e+00 4.82e-02
2.29958e+00 5.70e-02
2.30017e+00 6.78e-02
2.30077e+00 7.97e-02
2.30136e+00 8.98e-02
2.30197e+00 9.39e-02
2.30258e+00 9.07e-02
2.30318e+00 8.36e-02
2.30378e+00 7.69e-02
2.30438e+00 7.28e-02
2.30498e+00 7.20e-02
2.30558e+00 7.45e-02
2.30618e+00 7.93e-02
2.30688e+00 8.40e-02
2.30747e+00 8.49e-02
2.30807e+00 8.01e-02
2.30867e+00 7.18e-02
2.30936e+00 6.33e-02
2.30996e+00 5.64e-02
2.31055e+00 5.12e-02
2.31125e+00 4.76e-02
2.31184e+00 4.52e-02
2.31244e+00 4.38e-02
2.31313e+00 4.31e-02
2.31372e+00 4.31e-02
2.31441e+00 4.37e-02
2.31501e+00 4.48e-02
2.31570e+00 4.63e-02
2.31629e+00 4.82e-02
2.31698e+00 5.04e-02
2.31826e+00 5.51e-02
2.31895e+00 5.72e-02
2.31954e+00 5.89e-02
2.32023e+00 6.01e-02
2.32092e+00 6.06e-02
2.32160e+00 6.04e-02
2.32219e+00 5.95e-02
2.32288e+00 5.83e-02
2.32356e+00 5.73e-02
2.32425e+00 5.70e-02
2.32493e+00 5.78e-02
2.32562e+00 5.98e-02
2.32630e+00 6.30e-02
2.32698e+00 6.68e-02
2.32767e+00 7.03e-02
2.32835e+00 7.21e-02
2.32903e+00 7.15e-02
2.32971e+00 6.88e-02
2.33039e+00 6.62e-02
2.33108e+00 6.63e-02
2.33185e+00 7.02e-02
2.33253e+00 7.59e-02
2.33321e+00 7.84e-02
2.33389e+00 7.45e-02
2.33466e+00 7.06e-02
2.33534e+00 7.49e-02
2.33612e+00 8.16e-02
2.33679e+00 7.62e-02
2.33747e+00 7.46e-02
2.33824e+00 8.26e-02
2.33901e+00 7.18e-02
2.33969e+00 1.53e-01
2.34046e+00 1.19e-01
2.34113e+00 1.01e-01
2.34190e+00 9.45e-02
2.34267e+00 9.12e-02
2.34344e+00 8.91e-02
2.34411e+00 8.77e-02
2.34488e+00 8.67e-02
2.34564e+00 8.60e-02
2.34641e+00 8.54e-02
2.34718e+00 8.49e-02
2.34794e+00 8.45e-02
2.34871e+00 8.42e-02
2.34947e+00 8.39e-02
2.35099e+00 8.35e-02
2.35261e+00 8.32e-02
2.35413e+00 8.31e-02
2.35499e+00 8.30e-02
2.35897e+00 8.29e-02
2.36227e+00 8.30e-02
2.36396e+00 8.31e-02
2.36556e+00 8.32e-02
2.36734e+00 8.33e-02
2.36903e+00 8.35e-02
2.37071e+00 8.37e-02
2.37248e+00 8.39e-02
2.37425e+00 8.41e-02
2.37602e+00 8.43e-02
2.37788e+00 8.45e-02
2.37964e+00 8.47e-02
2.38149e+00 8.50e-02
2.38334e+00 8.52e-02
2.38527e+00 8.55e-02
2.38711e+00 8.57e-02
2.38904e+00 8.60e-02
2.39096e+00 8.63e-02
2.39297e+00 8.66e-02
2.39498e+00 8.69e-02
2.39699e+00 8.72e-02
2.39899e+00 8.75e-02
2.40107e+00 8.78e-02
2.40315e+00 8.81e-02
2.40532e+00 8.85e-02
2.40740e+00 8.88e-02
2.40964e+00 8.92e-02
2.41072e+00 8.94e-02
2.41296e+00 8.96e-02
2.41520e+00 8.98e-02
2.41743e+00 9.01e-02
2.41975e+00 9.03e-02
2.42214e+00 9.05e-02
2.42454e+00 9.08e-02
2.42692e+00 9.11e-02
2.42939e+00 9.13e-02
2.43186e+00 9.16e-02
2.43440e+00 9.19e-02
2.43694e+00 9.22e-02
2.43956e+00 9.24e-02
2.44226e+00 9.27e-02
2.44495e+00 9.30e-02
2.44772e+00 9.34e-02
2.45057e+00 9.37e-02
2.45342e+00 9.40e-02
2.45634e+00 9.43e-02
2.45933e+00 9.47e-02
2.46241e+00 9.50e-02
2.46394e+00 9.69e-02
2.46547e+00 9.55e-02
2.46708e+00 9.56e-02
2.47022e+00 9.60e-02
2.47351e+00 9.63e-02
2.47687e+00 9.67e-02
2.48031e+00 9.71e-02
2.48382e+00 9.76e-02
2.48740e+00 9.80e-02
2.49114e+00 9.84e-02
2.49494e+00 9.89e-02
2.49881e+00 9.94e-02
2.50283e+00 9.99e-02
2.50699e+00 1.00e-01
2.51122e+00 1.01e-01
2.51341e+00 1.01e-01
2.51568e+00 1.02e-01
2.51786e+00 1.04e-01
2.52019e+00 1.12e-01
2.52252e+00 1.06e-01
2.52493e+00 1.03e-01
2.52733e+00 1.03e-01
2.52980e+00 1.03e-01
2.53481e+00 1.03e-01
2.53742e+00 1.03e-01
2.54010e+00 1.04e-01
2.54286e+00 1.04e-01
2.54561e+00 1.05e-01
2.54843e+00 1.07e-01
2.55132e+00 1.11e-01
2.55428e+00 1.51e-01
2.55730e+00 5.10e+00
2.56048e+00 1.80e-01
2.56364e+00 1.12e-01
2.56695e+00 1.08e-01
2.57024e+00 1.06e-01
2.57376e+00 1.06e-01
2.57726e+00 1.06e-01
2.58097e+00 1.06e-01
2.58867e+00 1.06e-01
2.59682e+00 1.07e-01
2.60565e+00 1.07e-01
2.61513e+00 1.08e-01
2.62554e+00 1.08e-01
2.63110e+00 1.09e-01
2.63698e+00 1.10e-01
2.64319e+00 1.11e-01
2.64971e+00 1.83e-01
2.65669e+00 1.16e-01
2.66410e+00 1.11e-01
2.67215e+00 1.11e-01
2.68082e+00 1.10e-01
2.70069e+00 1.11e-01
2.71231e+00 1.11e-01
2.72543e+00 1.11e-01
2.74065e+00 1.12e-01
2.75874e+00 1.14e-01
2.78130e+00 2.06e-01
2.81151e+00 1.14e-01
2.85859e+00 1.44e-01
2.99573e+00 3.31e-01
