# OPACITY Project tables
-2.61515e+00 4.18e+01
-2.27341e+00 1.42e+01
-2.07433e+00 7.61e+00
-1.93351e+00 4.89e+00
-1.82455e+00 3.48e+00
-1.73574e+00 2.64e+00
-1.66078e+00 2.08e+00
-1.59603e+00 1.70e+00
-1.53898e+00 1.43e+00
-1.48802e+00 1.22e+00
-1.44198e+00 1.05e+00
-1.40003e+00 9.25e-01
-1.36148e+00 8.20e-01
-1.32584e+00 7.34e-01
-1.29269e+00 6.62e-01
-1.26174e+00 6.02e-01
-1.23268e+00 5.50e-01
-1.20531e+00 5.05e-01
-1.17944e+00 4.66e-01
-1.15493e+00 4.32e-01
-1.13165e+00 4.02e-01
-1.10945e+00 3.75e-01
-1.08827e+00 3.51e-01
-1.06799e+00 3.30e-01
-1.04857e+00 3.11e-01
-1.02994e+00 2.93e-01
-1.01200e+00 2.78e-01
-9.94739e-01 2.63e-01
-9.78086e-01 2.50e-01
-9.62021e-01 2.38e-01
-9.46492e-01 2.27e-01
-9.31455e-01 2.17e-01
-9.16916e-01 2.07e-01
-9.02807e-01 1.98e-01
-8.89113e-01 1.90e-01
-8.75797e-01 1.83e-01
-8.62868e-01 1.75e-01
-8.50292e-01 1.69e-01
-8.38057e-01 1.63e-01
-8.26130e-01 1.60e-01
-8.14502e-01 1.54e-01
-8.03185e-01 1.49e-01
-7.92106e-01 1.44e-01
-7.81301e-01 1.40e-01
-7.70741e-01 1.35e-01
-7.60420e-01 1.31e-01
-7.50331e-01 1.27e-01
-7.40469e-01 1.24e-01
-7.30787e-01 1.20e-01
-7.21320e-01 1.17e-01
-7.12045e-01 1.14e-01
-7.02955e-01 1.12e-01
-6.94048e-01 1.09e-01
-6.85298e-01 1.07e-01
-6.76723e-01 1.06e-01
-6.68298e-01 1.04e-01
-6.60041e-01 1.04e-01
-6.51909e-01 1.05e-01
-6.43938e-01 1.11e-01
-6.36087e-01 1.14e-01
-6.28390e-01 1.15e-01
-6.20808e-01 1.18e-01
-6.13357e-01 1.21e-01
-6.06016e-01 1.24e-01
-5.98801e-01 1.25e-01
-5.91692e-01 1.24e-01
-5.84687e-01 1.20e-01
-5.77803e-01 1.14e-01
-5.71018e-01 1.08e-01
-5.64314e-01 1.03e-01
-5.57725e-01 9.88e-02
-5.51231e-01 9.34e-02
-5.44831e-01 8.36e-02
-5.38505e-01 7.74e-02
-5.32288e-01 7.38e-02
-5.26142e-01 7.09e-02
-5.20085e-01 6.85e-02
-5.14098e-01 6.64e-02
-5.08196e-01 6.45e-02
-5.02362e-01 6.28e-02
-4.96610e-01 6.13e-02
-4.90925e-01 5.99e-02
-4.85320e-01 5.86e-02
-4.79779e-01 5.74e-02
-4.74301e-01 5.63e-02
-4.63545e-01 5.42e-02
-4.53044e-01 5.23e-02
-4.42778e-01 5.05e-02
-4.32739e-01 4.89e-02
-4.22922e-01 4.73e-02
-4.13321e-01 4.59e-02
-4.08585e-01 4.52e-02
-4.03901e-01 8.28e-02
-3.94688e-01 8.05e-02
-3.85662e-01 7.84e-02
-3.76819e-01 7.64e-02
-3.68126e-01 7.44e-02
-3.59622e-01 7.26e-02
-3.51261e-01 7.08e-02
-3.43054e-01 6.91e-02
-3.34997e-01 6.75e-02
-3.27088e-01 6.60e-02
-3.19310e-01 6.45e-02
-3.11661e-01 6.30e-02
-3.04150e-01 6.17e-02
-2.96750e-01 6.03e-02
-2.89484e-01 5.91e-02
-2.82323e-01 5.78e-02
-2.75279e-01 5.67e-02
-2.68350e-01 5.55e-02
-2.61521e-01 5.44e-02
-2.54802e-01 5.34e-02
-2.48167e-01 5.23e-02
-2.41639e-01 5.13e-02
-2.35203e-01 5.04e-02
-2.28860e-01 4.95e-02
-2.22606e-01 4.86e-02
-2.16441e-01 4.77e-02
-2.10363e-01 4.68e-02
-2.04359e-01 4.60e-02
-1.98439e-01 4.52e-02
-1.92590e-01 4.45e-02
-1.86824e-01 4.37e-02
-1.81126e-01 4.30e-02
-1.75509e-01 4.23e-02
-1.69958e-01 4.16e-02
-1.64474e-01 4.10e-02
-1.59054e-01 4.03e-02
-1.53699e-01 3.97e-02
-1.48407e-01 3.91e-02
-1.43189e-01 3.85e-02
-1.38021e-01 3.79e-02
-1.32914e-01 3.74e-02
-1.27867e-01 3.68e-02
-1.22868e-01 3.63e-02
-1.17928e-01 3.58e-02
-1.13057e-01 3.53e-02
-1.08220e-01 3.48e-02
-1.03440e-01 3.43e-02
-9.87160e-02 3.38e-02
-9.40360e-02 3.34e-02
-8.94106e-02 3.29e-02
-8.48283e-02 3.25e-02
-8.02994e-02 3.20e-02
-7.58125e-02 3.16e-02
-7.13671e-02 3.12e-02
-6.69735e-02 3.08e-02
-6.26097e-02 3.04e-02
-5.82967e-02 3.00e-02
-5.40233e-02 2.97e-02
-4.97997e-02 2.93e-02
-4.56042e-02 2.90e-02
-4.14576e-02 2.86e-02
-3.73385e-02 2.83e-02
-3.32673e-02 2.79e-02
-2.92229e-02 2.76e-02
-2.52255e-02 2.73e-02
-2.12543e-02 2.70e-02
-1.73293e-02 2.67e-02
-1.34298e-02 2.64e-02
-9.56560e-03 2.61e-02
-5.73642e-03 2.58e-02
-1.94188e-03 2.55e-02
1.79838e-03 2.52e-02
5.58438e-03 2.49e-02
9.25702e-03 2.47e-02
1.29162e-02 2.44e-02
1.65621e-02 2.42e-02
2.01947e-02 2.39e-02
2.38142e-02 2.37e-02
2.73233e-02 2.34e-02
3.08201e-02 2.32e-02
3.43048e-02 2.29e-02
3.77774e-02 2.27e-02
4.12379e-02 2.25e-02
4.46865e-02 2.23e-02
4.80280e-02 2.20e-02
5.14533e-02 2.18e-02
5.47722e-02 2.16e-02
5.80802e-02 2.14e-02
6.13773e-02 2.12e-02
6.46635e-02 2.10e-02
6.78455e-02 2.08e-02
7.11106e-02 2.06e-02
7.42722e-02 2.04e-02
7.74239e-02 2.02e-02
8.06579e-02 2.00e-02
8.37895e-02 1.99e-02
8.68197e-02 1.97e-02
8.99321e-02 1.95e-02
9.30349e-02 1.93e-02
9.60372e-02 1.92e-02
9.90305e-02 1.90e-02
1.02015e-01 1.88e-02
1.05080e-01 1.87e-02
1.07957e-01 1.85e-02
1.10915e-01 1.83e-02
1.13864e-01 1.82e-02
1.16805e-01 1.80e-02
1.19648e-01 1.79e-02
1.22483e-01 1.77e-02
1.25398e-01 1.76e-02
1.28217e-01 1.74e-02
1.31028e-01 1.73e-02
1.33831e-01 1.72e-02
1.36539e-01 1.70e-02
1.39327e-01 1.69e-02
1.42107e-01 1.67e-02
1.44793e-01 1.66e-02
1.47471e-01 1.65e-02
1.50229e-01 1.64e-02
1.52893e-01 1.62e-02
1.55550e-01 1.61e-02
1.58200e-01 1.60e-02
1.60757e-01 1.59e-02
1.63394e-01 1.57e-02
1.66023e-01 1.56e-02
1.68561e-01 1.55e-02
1.71176e-01 1.54e-02
1.73701e-01 1.53e-02
1.76220e-01 1.52e-02
1.78732e-01 1.50e-02
1.81321e-01 1.49e-02
1.83737e-01 1.48e-02
1.86231e-01 1.47e-02
1.88718e-01 1.46e-02
1.91199e-01 1.45e-02
1.93591e-01 1.44e-02
1.96060e-01 1.43e-02
1.98441e-01 1.42e-02
2.00898e-01 1.41e-02
2.03267e-01 1.40e-02
2.05631e-01 1.39e-02
2.07989e-01 1.38e-02
2.10342e-01 1.37e-02
2.12689e-01 1.36e-02
2.15031e-01 1.35e-02
2.17286e-01 1.34e-02
2.19617e-01 1.34e-02
2.21943e-01 1.33e-02
2.24183e-01 1.32e-02
2.26418e-01 1.31e-02
2.28728e-01 1.30e-02
2.30953e-01 1.29e-02
2.33173e-01 1.28e-02
2.35388e-01 1.28e-02
2.37599e-01 1.27e-02
2.39804e-01 1.26e-02
2.42005e-01 1.25e-02
2.44200e-01 1.24e-02
2.46313e-01 1.24e-02
2.48499e-01 1.23e-02
2.50681e-01 1.22e-02
2.52780e-01 1.21e-02
2.54875e-01 1.20e-02
2.57042e-01 1.20e-02
2.59128e-01 1.19e-02
2.61210e-01 1.18e-02
2.63287e-01 1.18e-02
2.65360e-01 1.17e-02
2.67428e-01 1.16e-02
2.69493e-01 1.15e-02
2.71553e-01 1.15e-02
2.73609e-01 1.14e-02
2.75660e-01 1.13e-02
2.77632e-01 1.13e-02
2.79675e-01 1.12e-02
2.81639e-01 1.11e-02
2.83674e-01 1.11e-02
2.85630e-01 1.10e-02
2.87582e-01 1.10e-02
2.89605e-01 1.09e-02
2.91550e-01 1.08e-02
2.93490e-01 1.08e-02
2.95427e-01 1.07e-02
2.97360e-01 1.06e-02
2.99289e-01 1.06e-02
3.01215e-01 1.05e-02
3.03137e-01 1.05e-02
3.04982e-01 1.04e-02
3.06896e-01 1.03e-02
3.08807e-01 1.03e-02
3.10641e-01 1.02e-02
3.12545e-01 1.02e-02
3.14373e-01 1.01e-02
3.16270e-01 1.01e-02
3.18090e-01 1.00e-02
3.19907e-01 9.96e-03
3.21794e-01 9.91e-03
3.23604e-01 9.86e-03
3.25411e-01 9.80e-03
3.27215e-01 9.75e-03
3.29016e-01 9.70e-03
3.30813e-01 9.65e-03
3.32608e-01 9.60e-03
3.34399e-01 9.55e-03
3.36115e-01 9.50e-03
3.37900e-01 9.45e-03
3.39681e-01 9.40e-03
3.41389e-01 9.35e-03
3.43164e-01 9.31e-03
3.44936e-01 9.26e-03
3.46635e-01 9.21e-03
3.48330e-01 9.17e-03
3.50093e-01 9.12e-03
3.51783e-01 9.08e-03
3.53470e-01 9.03e-03
3.55224e-01 8.99e-03
3.56905e-01 8.94e-03
3.58583e-01 8.90e-03
3.60259e-01 8.85e-03
3.61931e-01 8.81e-03
3.63601e-01 8.77e-03
3.65268e-01 8.72e-03
3.66932e-01 8.68e-03
3.68594e-01 8.64e-03
3.70183e-01 8.60e-03
3.71839e-01 8.56e-03
3.73493e-01 8.52e-03
3.75075e-01 8.48e-03
3.76723e-01 8.44e-03
3.78299e-01 8.40e-03
3.79942e-01 8.36e-03
3.81514e-01 8.32e-03
3.83151e-01 8.28e-03
3.84718e-01 8.24e-03
3.86282e-01 8.20e-03
3.87912e-01 8.16e-03
3.89471e-01 8.13e-03
3.91028e-01 8.09e-03
3.92582e-01 8.05e-03
3.94134e-01 8.02e-03
3.95684e-01 7.98e-03
3.97231e-01 7.94e-03
3.98776e-01 7.91e-03
4.00319e-01 7.87e-03
4.01859e-01 7.84e-03
4.03396e-01 7.80e-03
4.04932e-01 7.77e-03
4.06465e-01 7.73e-03
4.07929e-01 7.70e-03
4.09457e-01 7.66e-03
4.10983e-01 7.63e-03
4.12441e-01 7.60e-03
4.13962e-01 7.56e-03
4.15415e-01 7.53e-03
4.16932e-01 7.50e-03
4.18381e-01 7.47e-03
4.19828e-01 7.43e-03
4.21338e-01 7.40e-03
4.22781e-01 7.37e-03
4.24221e-01 7.34e-03
4.25725e-01 7.31e-03
4.27161e-01 7.28e-03
4.28596e-01 7.25e-03
4.30028e-01 7.22e-03
4.31458e-01 7.19e-03
4.32886e-01 7.16e-03
4.34312e-01 7.13e-03
4.35736e-01 7.10e-03
4.37158e-01 7.07e-03
4.38577e-01 7.04e-03
4.39995e-01 7.01e-03
4.41411e-01 6.98e-03
4.42761e-01 6.95e-03
4.44173e-01 6.92e-03
4.45583e-01 6.90e-03
4.46927e-01 6.87e-03
4.48333e-01 6.84e-03
4.49737e-01 6.81e-03
4.51076e-01 6.79e-03
4.52476e-01 6.76e-03
4.53811e-01 6.73e-03
4.55207e-01 6.70e-03
4.56538e-01 6.68e-03
4.57931e-01 6.65e-03
4.59259e-01 6.62e-03
4.60584e-01 6.60e-03
4.61971e-01 6.57e-03
4.63294e-01 6.55e-03
4.64614e-01 6.52e-03
4.65933e-01 6.50e-03
4.67250e-01 6.47e-03
4.68565e-01 6.45e-03
4.69941e-01 6.42e-03
4.71253e-01 6.40e-03
4.72563e-01 6.37e-03
4.73871e-01 6.35e-03
4.75178e-01 6.32e-03
4.76420e-01 6.30e-03
4.77724e-01 6.28e-03
4.79025e-01 6.25e-03
4.80325e-01 6.23e-03
4.81623e-01 6.21e-03
4.82920e-01 6.18e-03
4.84153e-01 6.16e-03
4.85446e-01 6.14e-03
4.86738e-01 6.11e-03
4.87966e-01 6.09e-03
4.89255e-01 6.07e-03
4.90480e-01 6.05e-03
4.91765e-01 6.02e-03
4.93049e-01 6.00e-03
4.94269e-01 5.98e-03
4.95489e-01 5.96e-03
4.96767e-01 5.94e-03
4.97984e-01 5.92e-03
4.99259e-01 5.89e-03
5.00472e-01 5.87e-03
5.01684e-01 5.85e-03
5.02955e-01 5.83e-03
5.04163e-01 5.81e-03
5.05371e-01 5.79e-03
5.06577e-01 5.77e-03
5.07781e-01 5.75e-03
5.09044e-01 5.73e-03
5.10245e-01 5.71e-03
5.11445e-01 5.69e-03
5.12644e-01 5.67e-03
5.13841e-01 5.65e-03
5.15037e-01 5.63e-03
5.16231e-01 5.61e-03
5.17424e-01 5.59e-03
5.18615e-01 5.57e-03
5.19746e-01 5.55e-03
5.20934e-01 5.53e-03
5.22122e-01 5.51e-03
5.23307e-01 5.49e-03
5.24492e-01 5.48e-03
5.25616e-01 5.46e-03
5.26797e-01 5.44e-03
5.27978e-01 5.42e-03
5.29157e-01 5.40e-03
5.30275e-01 5.38e-03
5.31451e-01 5.37e-03
5.32568e-01 5.35e-03
5.33741e-01 5.33e-03
5.34855e-01 5.31e-03
5.36025e-01 5.29e-03
5.37136e-01 5.28e-03
5.38305e-01 5.26e-03
5.39413e-01 5.24e-03
5.40579e-01 5.22e-03
5.41685e-01 5.21e-03
5.42789e-01 5.19e-03
5.43951e-01 5.17e-03
5.45053e-01 5.16e-03
5.46154e-01 5.14e-03
5.47312e-01 5.12e-03
5.48410e-01 5.11e-03
5.49508e-01 5.09e-03
5.50604e-01 5.07e-03
5.51699e-01 5.06e-03
5.52850e-01 5.04e-03
5.53943e-01 5.03e-03
5.55034e-01 5.01e-03
5.56124e-01 4.99e-03
5.57213e-01 4.98e-03
5.58301e-01 4.96e-03
5.59387e-01 4.95e-03
5.60473e-01 4.93e-03
5.61557e-01 4.92e-03
5.62640e-01 4.90e-03
5.63722e-01 4.89e-03
5.64745e-01 4.87e-03
5.65825e-01 4.85e-03
5.66903e-01 4.84e-03
5.67981e-01 4.82e-03
5.69057e-01 4.81e-03
5.70075e-01 4.80e-03
5.71149e-01 4.78e-03
5.72222e-01 4.77e-03
5.73293e-01 4.75e-03
5.74307e-01 4.74e-03
5.75377e-01 4.72e-03
5.76445e-01 4.71e-03
5.77456e-01 4.69e-03
5.78522e-01 4.68e-03
5.79530e-01 4.67e-03
5.80594e-01 4.65e-03
5.81601e-01 4.64e-03
5.82662e-01 4.62e-03
5.83667e-01 4.61e-03
5.84726e-01 4.60e-03
5.85729e-01 4.58e-03
5.86786e-01 4.57e-03
5.87787e-01 4.56e-03
5.88786e-01 4.54e-03
5.89840e-01 4.53e-03
5.90838e-01 4.52e-03
5.91834e-01 4.50e-03
5.92885e-01 4.49e-03
5.93879e-01 4.48e-03
5.94873e-01 4.46e-03
5.95865e-01 4.45e-03
5.96857e-01 4.44e-03
5.97902e-01 4.43e-03
5.98891e-01 4.41e-03
5.99880e-01 4.40e-03
6.00867e-01 4.39e-03
6.01854e-01 4.38e-03
6.02839e-01 4.36e-03
6.03824e-01 4.35e-03
6.04808e-01 4.34e-03
6.05790e-01 4.33e-03
6.06772e-01 4.31e-03
6.07753e-01 4.30e-03
6.08732e-01 4.29e-03
6.09711e-01 4.28e-03
6.10689e-01 4.27e-03
6.11666e-01 4.25e-03
6.12642e-01 4.24e-03
6.13617e-01 4.23e-03
6.14591e-01 4.22e-03
6.15510e-01 4.21e-03
6.16482e-01 4.20e-03
6.17453e-01 4.18e-03
6.18424e-01 4.17e-03
6.19339e-01 4.16e-03
6.20308e-01 4.15e-03
6.21275e-01 4.14e-03
6.22242e-01 4.13e-03
6.23154e-01 4.12e-03
6.24119e-01 4.11e-03
6.25082e-01 4.09e-03
6.25992e-01 4.08e-03
6.26954e-01 4.07e-03
6.27862e-01 4.06e-03
6.28822e-01 4.05e-03
6.29728e-01 4.04e-03
6.30686e-01 4.03e-03
6.31591e-01 4.02e-03
6.32548e-01 4.01e-03
6.33450e-01 4.00e-03
6.34405e-01 3.99e-03
6.35306e-01 3.98e-03
6.36259e-01 3.97e-03
6.37159e-01 3.96e-03
6.38110e-01 3.95e-03
6.39008e-01 3.94e-03
6.39905e-01 3.93e-03
6.40853e-01 3.92e-03
6.41749e-01 3.91e-03
6.42643e-01 3.90e-03
6.43537e-01 3.89e-03
6.44482e-01 3.88e-03
6.45374e-01 3.87e-03
6.46265e-01 3.86e-03
6.47156e-01 3.85e-03
6.48098e-01 3.84e-03
6.48986e-01 3.83e-03
6.49874e-01 3.82e-03
6.50761e-01 3.81e-03
6.51648e-01 3.80e-03
6.52533e-01 3.79e-03
6.53418e-01 3.78e-03
6.54302e-01 3.77e-03
6.55186e-01 3.76e-03
6.56120e-01 3.75e-03
6.57002e-01 3.74e-03
6.57883e-01 3.73e-03
6.58763e-01 3.72e-03
6.59642e-01 3.71e-03
6.60469e-01 3.71e-03
6.61347e-01 3.70e-03
6.62224e-01 3.69e-03
6.63100e-01 3.68e-03
6.63976e-01 3.67e-03
6.64851e-01 3.66e-03
6.65725e-01 3.65e-03
6.66598e-01 3.64e-03
6.67470e-01 3.63e-03
6.68291e-01 3.63e-03
6.69162e-01 3.62e-03
6.70032e-01 3.61e-03
6.70902e-01 3.60e-03
6.71719e-01 3.59e-03
6.72587e-01 3.58e-03
6.73455e-01 3.57e-03
6.74321e-01 3.57e-03
6.75136e-01 3.56e-03
6.76001e-01 3.55e-03
6.76865e-01 3.54e-03
6.77678e-01 3.53e-03
6.78541e-01 3.53e-03
6.79403e-01 3.52e-03
6.80214e-01 3.51e-03
6.81075e-01 3.50e-03
6.81884e-01 3.49e-03
6.82743e-01 3.49e-03
6.83551e-01 3.48e-03
6.84409e-01 3.47e-03
6.85266e-01 3.46e-03
6.86072e-01 3.45e-03
6.86878e-01 3.45e-03
6.87733e-01 3.44e-03
6.88537e-01 3.43e-03
6.89390e-01 3.42e-03
6.90193e-01 3.42e-03
6.91045e-01 3.41e-03
6.91846e-01 3.40e-03
6.92647e-01 3.39e-03
6.93497e-01 3.39e-03
6.94297e-01 3.38e-03
6.95145e-01 3.37e-03
6.95943e-01 3.36e-03
6.96741e-01 3.36e-03
6.97538e-01 3.35e-03
6.98383e-01 3.34e-03
6.99179e-01 3.33e-03
6.99974e-01 3.33e-03
7.00818e-01 3.32e-03
7.01611e-01 3.31e-03
7.02404e-01 3.31e-03
7.03197e-01 3.30e-03
7.03988e-01 3.29e-03
7.04829e-01 3.28e-03
7.05619e-01 3.28e-03
7.06409e-01 3.27e-03
7.07198e-01 3.26e-03
7.07987e-01 3.26e-03
7.08774e-01 3.25e-03
7.09562e-01 3.24e-03
7.10348e-01 3.24e-03
7.11134e-01 3.23e-03
7.11920e-01 3.22e-03
7.12754e-01 3.22e-03
7.13538e-01 3.21e-03
7.14321e-01 3.20e-03
7.15104e-01 3.20e-03
7.15887e-01 3.19e-03
7.16668e-01 3.18e-03
7.17401e-01 3.18e-03
7.32368e-01 3.06e-03
7.46878e-01 2.95e-03
7.60993e-01 2.86e-03
7.74681e-01 2.77e-03
7.88048e-01 2.70e-03
8.00386e-01 2.64e-03
8.11819e-01 2.60e-03
8.22947e-01 2.57e-03
8.33257e-01 2.54e-03
8.42773e-01 2.53e-03
8.51518e-01 2.53e-03
8.59212e-01 2.54e-03
8.66218e-01 2.56e-03
8.72004e-01 2.58e-03
8.77134e-01 2.60e-03
8.81119e-01 2.62e-03
8.84470e-01 2.64e-03
8.87274e-01 2.66e-03
8.89495e-01 2.68e-03
8.91711e-01 2.70e-03
8.92817e-01 2.71e-03
8.93922e-01 2.72e-03
8.94495e-01 2.73e-03
8.95026e-01 2.73e-03
8.95598e-01 2.74e-03
8.96129e-01 2.74e-03
8.96700e-01 2.75e-03
8.97230e-01 2.76e-03
8.97760e-01 2.76e-03
8.98330e-01 2.77e-03
8.98860e-01 2.78e-03
8.99429e-01 2.78e-03
8.99958e-01 2.79e-03
9.00527e-01 2.79e-03
9.01055e-01 2.80e-03
9.01583e-01 2.81e-03
9.02151e-01 2.82e-03
9.02679e-01 2.82e-03
9.03205e-01 2.83e-03
9.03773e-01 2.84e-03
9.04299e-01 2.84e-03
9.04866e-01 2.85e-03
9.05392e-01 2.86e-03
9.05917e-01 2.87e-03
9.06483e-01 2.88e-03
9.07008e-01 2.88e-03
9.07532e-01 2.89e-03
9.08097e-01 2.90e-03
9.08621e-01 2.91e-03
9.09145e-01 2.92e-03
9.09669e-01 2.93e-03
9.10232e-01 2.93e-03
9.10755e-01 2.94e-03
9.11278e-01 2.95e-03
9.11841e-01 2.96e-03
9.12363e-01 2.97e-03
9.12885e-01 2.98e-03
9.13407e-01 2.99e-03
9.13968e-01 3.00e-03
9.14489e-01 3.01e-03
9.15010e-01 3.02e-03
9.15530e-01 3.03e-03
9.16091e-01 3.04e-03
9.16611e-01 3.05e-03
9.17130e-01 3.06e-03
9.17650e-01 3.07e-03
9.18169e-01 3.09e-03
9.18728e-01 3.10e-03
9.19246e-01 3.11e-03
9.19765e-01 3.12e-03
9.20283e-01 3.13e-03
9.20801e-01 3.14e-03
9.21358e-01 3.16e-03
9.21875e-01 3.17e-03
9.22392e-01 3.18e-03
9.22909e-01 3.19e-03
9.23425e-01 3.21e-03
9.23941e-01 3.22e-03
9.24457e-01 3.23e-03
9.25013e-01 3.25e-03
9.25528e-01 3.26e-03
9.26043e-01 3.28e-03
9.26558e-01 3.29e-03
9.27072e-01 3.30e-03
9.27587e-01 3.32e-03
9.28101e-01 3.33e-03
9.28614e-01 3.35e-03
9.29128e-01 3.36e-03
9.29681e-01 3.38e-03
9.30194e-01 3.40e-03
9.30706e-01 3.41e-03
9.31219e-01 3.43e-03
9.31731e-01 3.44e-03
9.32243e-01 3.46e-03
9.32754e-01 3.48e-03
9.33266e-01 3.50e-03
9.33777e-01 3.51e-03
9.34288e-01 3.53e-03
9.34798e-01 3.55e-03
9.35309e-01 3.57e-03
9.35819e-01 3.59e-03
9.36329e-01 3.60e-03
9.36838e-01 3.62e-03
9.37347e-01 3.64e-03
9.37857e-01 3.66e-03
9.38365e-01 3.68e-03
9.38874e-01 3.70e-03
9.39382e-01 3.72e-03
9.39890e-01 3.74e-03
9.40398e-01 3.77e-03
9.40905e-01 3.79e-03
9.41413e-01 3.81e-03
9.41919e-01 3.83e-03
9.42426e-01 3.85e-03
9.42933e-01 3.88e-03
9.43439e-01 3.90e-03
9.43945e-01 3.92e-03
9.44450e-01 3.95e-03
9.44956e-01 3.97e-03
9.45422e-01 4.00e-03
9.45927e-01 4.02e-03
9.46432e-01 4.05e-03
9.46936e-01 4.07e-03
9.47441e-01 4.10e-03
9.47944e-01 4.12e-03
9.48448e-01 4.15e-03
9.48952e-01 4.18e-03
9.49455e-01 4.21e-03
9.49919e-01 4.23e-03
9.50422e-01 4.26e-03
9.50924e-01 4.29e-03
9.51426e-01 4.32e-03
9.51928e-01 4.35e-03
9.52430e-01 4.38e-03
9.52931e-01 4.41e-03
9.53394e-01 4.44e-03
9.53895e-01 4.47e-03
9.54395e-01 4.50e-03
9.54896e-01 4.54e-03
9.55396e-01 4.57e-03
9.55896e-01 4.60e-03
9.56357e-01 4.64e-03
9.56857e-01 4.67e-03
9.57356e-01 4.70e-03
9.57855e-01 4.74e-03
9.58354e-01 4.77e-03
9.58814e-01 4.81e-03
9.59312e-01 4.85e-03
9.59810e-01 4.88e-03
9.60308e-01 4.92e-03
9.60767e-01 4.96e-03
9.61264e-01 5.00e-03
9.61761e-01 5.04e-03
9.62258e-01 5.08e-03
9.62716e-01 5.12e-03
9.63212e-01 5.16e-03
9.63709e-01 5.20e-03
9.64204e-01 5.25e-03
9.64662e-01 5.29e-03
9.65157e-01 5.33e-03
9.65652e-01 5.38e-03
9.66147e-01 5.42e-03
9.66604e-01 5.47e-03
9.67098e-01 5.52e-03
9.67592e-01 5.57e-03
9.68048e-01 5.61e-03
9.68542e-01 5.66e-03
9.69035e-01 5.71e-03
9.69490e-01 5.76e-03
9.69983e-01 5.82e-03
9.70476e-01 5.87e-03
9.70930e-01 5.92e-03
9.71423e-01 5.98e-03
9.71915e-01 6.03e-03
9.72369e-01 6.09e-03
9.72860e-01 6.14e-03
9.73351e-01 6.20e-03
9.73805e-01 6.26e-03
9.74295e-01 6.32e-03
9.74786e-01 6.38e-03
9.75239e-01 6.44e-03
9.75729e-01 6.50e-03
9.76181e-01 6.57e-03
9.76671e-01 6.63e-03
9.77160e-01 6.70e-03
9.77612e-01 6.76e-03
9.78101e-01 6.83e-03
9.78552e-01 6.90e-03
9.79040e-01 6.97e-03
9.79528e-01 7.04e-03
9.79979e-01 7.12e-03
9.80467e-01 7.19e-03
9.80917e-01 7.26e-03
9.81404e-01 7.34e-03
9.81891e-01 7.42e-03
9.82341e-01 7.50e-03
9.82827e-01 7.58e-03
9.83276e-01 7.66e-03
9.83762e-01 7.74e-03
9.84211e-01 7.83e-03
9.84697e-01 7.91e-03
9.85145e-01 8.00e-03
9.85630e-01 8.09e-03
9.86078e-01 8.18e-03
9.86563e-01 8.27e-03
9.87010e-01 8.37e-03
9.87494e-01 8.46e-03
9.87941e-01 8.56e-03
9.88425e-01 8.66e-03
9.88872e-01 8.76e-03
9.89355e-01 8.86e-03
9.89801e-01 8.97e-03
9.90284e-01 9.07e-03
9.90730e-01 9.18e-03
9.91213e-01 9.29e-03
9.91658e-01 9.40e-03
9.92140e-01 9.52e-03
9.92585e-01 9.63e-03
9.93067e-01 9.75e-03
9.93511e-01 9.87e-03
9.93992e-01 1.00e-02
9.94436e-01 1.01e-02
9.94917e-01 1.03e-02
9.95361e-01 1.04e-02
9.95804e-01 1.05e-02
9.96284e-01 1.06e-02
9.96727e-01 1.08e-02
9.97207e-01 1.09e-02
9.97649e-01 1.11e-02
9.98129e-01 1.12e-02
9.98571e-01 1.14e-02
9.99013e-01 1.15e-02
9.99492e-01 1.17e-02
9.99933e-01 1.18e-02
1.00041e+00 1.20e-02
1.00085e+00 1.21e-02
1.00129e+00 1.23e-02
1.00177e+00 1.25e-02
1.00221e+00 1.27e-02
1.00269e+00 1.28e-02
1.00313e+00 1.30e-02
1.00357e+00 1.32e-02
1.00405e+00 1.34e-02
1.00448e+00 1.36e-02
1.00492e+00 1.38e-02
1.00540e+00 1.40e-02
1.00584e+00 1.42e-02
1.00628e+00 1.44e-02
1.00675e+00 1.46e-02
1.00719e+00 1.48e-02
1.00763e+00 1.50e-02
1.00810e+00 1.52e-02
1.00854e+00 1.54e-02
1.00898e+00 1.57e-02
1.00945e+00 1.59e-02
1.00989e+00 1.61e-02
1.01033e+00 1.64e-02
1.01080e+00 1.66e-02
1.01124e+00 1.68e-02
1.01167e+00 1.71e-02
1.01215e+00 1.73e-02
1.01258e+00 1.76e-02
1.01302e+00 1.79e-02
1.01345e+00 1.81e-02
1.01393e+00 1.84e-02
1.01436e+00 1.87e-02
1.01480e+00 1.90e-02
1.01527e+00 1.93e-02
1.01570e+00 1.96e-02
1.01614e+00 1.99e-02
1.01657e+00 2.02e-02
1.01704e+00 2.05e-02
1.01747e+00 2.09e-02
1.01791e+00 2.12e-02
1.01834e+00 2.15e-02
1.01881e+00 2.19e-02
1.01924e+00 2.23e-02
1.01968e+00 2.26e-02
1.02011e+00 2.30e-02
1.02054e+00 2.34e-02
1.02101e+00 2.38e-02
1.02144e+00 2.42e-02
1.02188e+00 2.46e-02
1.02231e+00 2.50e-02
1.02277e+00 2.55e-02
1.02321e+00 2.59e-02
1.02364e+00 2.64e-02
1.02407e+00 2.68e-02
1.02450e+00 2.73e-02
1.02497e+00 2.78e-02
1.02540e+00 2.83e-02
1.02583e+00 2.88e-02
1.02626e+00 2.93e-02
1.02669e+00 2.99e-02
1.02712e+00 3.04e-02
1.02758e+00 3.10e-02
1.02801e+00 3.16e-02
1.02844e+00 3.22e-02
1.02887e+00 3.28e-02
1.02930e+00 3.34e-02
1.02973e+00 3.40e-02
1.03019e+00 3.47e-02
1.03062e+00 3.54e-02
1.03105e+00 3.61e-02
1.03147e+00 3.68e-02
1.03190e+00 3.75e-02
1.03233e+00 3.83e-02
1.03276e+00 3.90e-02
1.03322e+00 3.98e-02
1.03365e+00 4.07e-02
1.03407e+00 4.15e-02
1.03450e+00 4.24e-02
1.03493e+00 4.33e-02
1.03535e+00 4.42e-02
1.03578e+00 4.51e-02
1.03620e+00 4.61e-02
1.03663e+00 4.71e-02
1.03706e+00 4.81e-02
1.03752e+00 4.92e-02
1.03794e+00 5.02e-02
1.03837e+00 5.14e-02
1.03879e+00 5.25e-02
1.03922e+00 5.37e-02
1.03964e+00 5.48e-02
1.04006e+00 5.60e-02
1.04049e+00 5.72e-02
1.04091e+00 5.85e-02
1.04134e+00 5.98e-02
1.04176e+00 6.11e-02
1.04218e+00 6.25e-02
1.04261e+00 6.40e-02
1.04303e+00 6.55e-02
1.04349e+00 6.71e-02
1.04391e+00 6.87e-02
1.04433e+00 7.04e-02
1.04475e+00 7.22e-02
1.04518e+00 7.40e-02
1.04560e+00 7.60e-02
1.04602e+00 7.80e-02
1.04644e+00 8.01e-02
1.04686e+00 8.24e-02
1.04728e+00 8.47e-02
1.04770e+00 8.72e-02
1.04813e+00 8.98e-02
1.04855e+00 9.26e-02
1.04897e+00 9.55e-02
1.04939e+00 9.86e-02
1.04981e+00 1.02e-01
1.05023e+00 1.05e-01
1.05065e+00 1.09e-01
1.05107e+00 1.13e-01
1.05149e+00 1.18e-01
1.05190e+00 1.23e-01
1.05211e+00 1.25e-01
1.05253e+00 1.31e-01
1.05274e+00 1.34e-01
1.05295e+00 1.37e-01
1.05316e+00 1.40e-01
1.05337e+00 1.44e-01
1.05358e+00 1.47e-01
1.05379e+00 1.51e-01
1.05400e+00 1.55e-01
1.05421e+00 1.60e-01
1.05442e+00 1.64e-01
1.05463e+00 1.69e-01
1.05483e+00 1.75e-01
1.05504e+00 1.81e-01
1.05522e+00 1.87e-01
1.05543e+00 1.94e-01
1.05564e+00 2.02e-01
1.05584e+00 2.10e-01
1.05605e+00 2.20e-01
1.05626e+00 2.30e-01
1.05647e+00 2.42e-01
1.05668e+00 2.55e-01
1.05689e+00 2.69e-01
1.05710e+00 2.86e-01
1.05730e+00 3.04e-01
1.05751e+00 3.25e-01
1.05772e+00 3.48e-01
1.05793e+00 3.73e-01
1.05835e+00 4.28e-01
1.05855e+00 4.56e-01
1.05876e+00 4.86e-01
1.05897e+00 5.13e-01
1.05918e+00 5.40e-01
1.05939e+00 5.65e-01
1.05959e+00 5.89e-01
1.05980e+00 6.12e-01
1.06001e+00 6.33e-01
1.06043e+00 6.75e-01
1.06084e+00 7.13e-01
1.06126e+00 7.51e-01
1.06164e+00 7.89e-01
1.06205e+00 8.26e-01
1.06247e+00 8.65e-01
1.06288e+00 9.04e-01
1.06330e+00 9.44e-01
1.06371e+00 9.85e-01
1.06412e+00 1.03e+00
1.06454e+00 1.07e+00
1.06495e+00 1.12e+00
1.06537e+00 1.17e+00
1.06574e+00 1.21e+00
1.06616e+00 1.26e+00
1.06657e+00 1.31e+00
1.06698e+00 1.36e+00
1.06740e+00 1.41e+00
1.06781e+00 1.46e+00
1.06802e+00 1.48e+00
1.06843e+00 1.51e+00
1.06860e+00 1.52e+00
1.06881e+00 1.53e+00
1.06901e+00 1.54e+00
1.06922e+00 1.54e+00
1.06942e+00 1.53e+00
1.06963e+00 1.52e+00
1.06984e+00 1.50e+00
1.07004e+00 1.48e+00
1.07025e+00 1.46e+00
1.07045e+00 1.42e+00
1.07066e+00 1.40e+00
1.07086e+00 1.37e+00
1.07107e+00 1.35e+00
1.07128e+00 1.33e+00
1.07145e+00 1.31e+00
1.07165e+00 1.30e+00
1.07186e+00 1.29e+00
1.07206e+00 1.28e+00
1.07227e+00 1.28e+00
1.07247e+00 1.29e+00
1.07268e+00 1.29e+00
1.07288e+00 1.30e+00
1.07309e+00 1.31e+00
1.07329e+00 1.32e+00
1.07370e+00 1.35e+00
1.07408e+00 1.38e+00
1.07449e+00 1.42e+00
1.07490e+00 1.46e+00
1.07531e+00 1.50e+00
1.07572e+00 1.55e+00
1.07609e+00 1.61e+00
1.07650e+00 1.66e+00
1.07691e+00 1.72e+00
1.07732e+00 1.78e+00
1.07773e+00 1.85e+00
1.07810e+00 1.91e+00
1.07851e+00 1.98e+00
1.07892e+00 2.06e+00
1.07933e+00 2.13e+00
1.07974e+00 2.21e+00
1.08011e+00 2.30e+00
1.08052e+00 2.39e+00
1.08092e+00 2.48e+00
1.08133e+00 2.58e+00
1.08170e+00 2.69e+00
1.08211e+00 2.80e+00
1.08252e+00 2.93e+00
1.08292e+00 3.07e+00
1.08313e+00 3.14e+00
1.08333e+00 3.22e+00
1.08350e+00 3.31e+00
1.08370e+00 3.40e+00
1.08390e+00 3.49e+00
1.08411e+00 3.60e+00
1.08431e+00 3.71e+00
1.08451e+00 3.83e+00
1.08472e+00 3.96e+00
1.08492e+00 4.10e+00
1.08509e+00 4.25e+00
1.08529e+00 4.42e+00
1.08549e+00 4.59e+00
1.08570e+00 4.79e+00
1.08590e+00 5.00e+00
1.08610e+00 5.23e+00
1.08630e+00 5.48e+00
1.08651e+00 5.75e+00
1.08667e+00 6.05e+00
1.08688e+00 6.37e+00
1.08708e+00 6.72e+00
1.08728e+00 7.09e+00
1.08748e+00 7.50e+00
1.08769e+00 7.92e+00
1.08789e+00 8.37e+00
1.08826e+00 9.32e+00
1.08846e+00 9.81e+00
1.08886e+00 1.08e+01
1.08907e+00 1.12e+01
1.08927e+00 1.16e+01
1.08947e+00 1.19e+01
1.08964e+00 1.21e+01
1.08984e+00 1.23e+01
1.09004e+00 1.24e+01
1.09024e+00 1.50e+00
1.09045e+00 1.49e+00
1.09065e+00 1.47e+00
1.09085e+00 1.44e+00
1.09102e+00 1.39e+00
1.09122e+00 1.35e+00
1.09162e+00 1.24e+00
1.09202e+00 1.12e+00
1.09239e+00 1.01e+00
1.09259e+00 9.58e-01
1.09280e+00 9.08e-01
1.09300e+00 8.62e-01
1.09320e+00 8.18e-01
1.09340e+00 7.78e-01
1.09357e+00 7.41e-01
1.09377e+00 7.06e-01
1.09397e+00 6.75e-01
1.09417e+00 6.46e-01
1.09437e+00 6.19e-01
1.09457e+00 5.95e-01
1.09477e+00 5.72e-01
1.09494e+00 5.52e-01
1.09514e+00 5.32e-01
1.09534e+00 5.15e-01
1.09554e+00 4.99e-01
1.09574e+00 4.84e-01
1.09594e+00 4.70e-01
1.09611e+00 4.57e-01
1.09631e+00 4.45e-01
1.09651e+00 4.34e-01
1.09671e+00 4.23e-01
1.09691e+00 4.13e-01
1.09711e+00 4.04e-01
1.09728e+00 3.95e-01
1.09748e+00 3.87e-01
1.09768e+00 3.79e-01
1.09808e+00 3.64e-01
1.09845e+00 3.51e-01
1.09885e+00 3.38e-01
1.09925e+00 3.26e-01
1.09961e+00 3.15e-01
1.10001e+00 3.05e-01
1.10041e+00 2.95e-01
1.10078e+00 2.86e-01
1.10118e+00 2.77e-01
1.10157e+00 2.68e-01
1.10194e+00 2.60e-01
1.10234e+00 2.52e-01
1.10274e+00 2.44e-01
1.10310e+00 2.37e-01
1.10350e+00 2.30e-01
1.10390e+00 2.24e-01
1.10426e+00 2.17e-01
1.10466e+00 2.11e-01
1.10503e+00 2.06e-01
1.10542e+00 2.01e-01
1.10582e+00 1.96e-01
1.10618e+00 1.93e-01
1.10658e+00 1.89e-01
1.10678e+00 1.88e-01
1.10714e+00 1.86e-01
1.10734e+00 1.85e-01
1.10754e+00 1.85e-01
1.10774e+00 1.85e-01
1.10794e+00 1.86e-01
1.10810e+00 1.87e-01
1.10830e+00 1.88e-01
1.10850e+00 1.90e-01
1.10869e+00 1.92e-01
1.10889e+00 1.95e-01
1.10906e+00 1.99e-01
1.10945e+00 2.06e-01
1.10965e+00 2.10e-01
1.10985e+00 2.13e-01
1.11001e+00 2.16e-01
1.11021e+00 2.19e-01
1.11041e+00 2.20e-01
1.11061e+00 2.21e-01
1.11080e+00 2.21e-01
1.11097e+00 2.20e-01
1.11117e+00 2.19e-01
1.11136e+00 2.18e-01
1.11176e+00 2.14e-01
1.11192e+00 2.11e-01
1.11232e+00 2.06e-01
1.11268e+00 2.00e-01
1.11307e+00 1.94e-01
1.11347e+00 1.88e-01
1.11383e+00 1.82e-01
1.11422e+00 1.76e-01
1.11458e+00 1.70e-01
1.11498e+00 1.64e-01
1.11534e+00 1.59e-01
1.11573e+00 1.53e-01
1.11612e+00 1.48e-01
1.11648e+00 1.43e-01
1.11688e+00 1.38e-01
1.11724e+00 1.34e-01
1.11763e+00 1.29e-01
1.11799e+00 1.24e-01
1.11838e+00 1.19e-01
1.11874e+00 1.15e-01
1.11913e+00 1.10e-01
1.11933e+00 1.07e-01
1.11953e+00 1.04e-01
1.11969e+00 1.01e-01
1.11988e+00 9.83e-02
1.12008e+00 9.51e-02
1.12028e+00 9.17e-02
1.12044e+00 8.82e-02
1.12083e+00 8.09e-02
1.12119e+00 7.37e-02
1.12138e+00 7.04e-02
1.12158e+00 6.73e-02
1.12178e+00 6.45e-02
1.12197e+00 6.19e-02
1.12213e+00 5.97e-02
1.12233e+00 5.77e-02
1.12252e+00 5.58e-02
1.12272e+00 5.43e-02
1.12288e+00 5.28e-02
1.12308e+00 5.15e-02
1.12327e+00 5.04e-02
1.12347e+00 4.93e-02
1.12363e+00 4.84e-02
1.12383e+00 4.75e-02
1.12402e+00 4.67e-02
1.12422e+00 4.60e-02
1.12438e+00 4.53e-02
1.12477e+00 4.41e-02
1.12512e+00 4.30e-02
1.12551e+00 4.21e-02
1.12587e+00 4.12e-02
1.12626e+00 4.05e-02
1.12662e+00 3.98e-02
1.12701e+00 3.92e-02
1.12736e+00 3.87e-02
1.12775e+00 3.82e-02
1.12811e+00 3.77e-02
1.12849e+00 3.73e-02
1.12885e+00 3.69e-02
1.12924e+00 3.65e-02
1.12959e+00 3.61e-02
1.12998e+00 3.58e-02
1.13034e+00 3.55e-02
1.13072e+00 3.52e-02
1.13108e+00 3.50e-02
1.13147e+00 3.47e-02
1.13182e+00 3.45e-02
1.13221e+00 3.42e-02
1.13256e+00 3.40e-02
1.13295e+00 3.38e-02
1.13330e+00 3.36e-02
1.13369e+00 3.35e-02
1.13404e+00 3.33e-02
1.13443e+00 3.31e-02
1.13478e+00 3.30e-02
1.13514e+00 3.28e-02
1.13552e+00 3.27e-02
1.13588e+00 3.26e-02
1.13626e+00 3.25e-02
1.13661e+00 3.23e-02
1.13700e+00 3.22e-02
1.13735e+00 3.21e-02
1.13774e+00 3.20e-02
1.13809e+00 3.19e-02
1.13844e+00 3.18e-02
1.13883e+00 3.18e-02
1.13918e+00 3.17e-02
1.13956e+00 3.16e-02
1.13991e+00 3.15e-02
1.14030e+00 3.14e-02
1.14065e+00 3.13e-02
1.14100e+00 3.13e-02
1.14138e+00 3.12e-02
1.14228e+00 3.10e-02
1.14247e+00 3.10e-02
1.14483e+00 3.07e-02
1.14756e+00 3.05e-02
1.15064e+00 3.04e-02
1.15386e+00 3.04e-02
1.15707e+00 3.05e-02
1.16027e+00 3.08e-02
1.16346e+00 3.10e-02
1.16630e+00 3.14e-02
1.16944e+00 3.17e-02
1.17227e+00 3.21e-02
1.17505e+00 3.25e-02
1.17749e+00 3.29e-02
1.17992e+00 3.33e-02
1.18231e+00 3.37e-02
1.18473e+00 3.41e-02
1.18714e+00 3.46e-02
1.18952e+00 3.50e-02
1.19192e+00 3.55e-02
1.19429e+00 3.60e-02
1.19698e+00 3.65e-02
1.19969e+00 3.71e-02
1.20306e+00 3.78e-02
1.20774e+00 3.88e-02
1.21503e+00 4.03e-02
1.22062e+00 4.16e-02
1.22486e+00 4.26e-02
1.22747e+00 4.32e-02
1.22944e+00 4.36e-02
1.23169e+00 4.42e-02
1.23332e+00 4.46e-02
1.23460e+00 4.50e-02
1.23556e+00 4.52e-02
1.23620e+00 4.54e-02
1.23652e+00 4.55e-02
1.23684e+00 4.56e-02
1.23719e+00 4.57e-02
1.23750e+00 4.58e-02
1.23782e+00 4.59e-02
1.23814e+00 4.59e-02
1.23846e+00 4.60e-02
1.23878e+00 4.61e-02
1.23910e+00 4.62e-02
1.23942e+00 4.63e-02
1.23974e+00 4.64e-02
1.24005e+00 4.65e-02
1.24037e+00 4.66e-02
1.24069e+00 4.67e-02
1.24101e+00 4.68e-02
1.24133e+00 4.69e-02
1.24164e+00 4.70e-02
1.24196e+00 4.71e-02
1.24231e+00 4.72e-02
1.24263e+00 4.73e-02
1.24294e+00 4.74e-02
1.24326e+00 4.76e-02
1.24358e+00 4.77e-02
1.24390e+00 4.78e-02
1.24421e+00 4.79e-02
1.24453e+00 4.80e-02
1.24485e+00 4.81e-02
1.24516e+00 4.82e-02
1.24548e+00 4.83e-02
1.24580e+00 4.84e-02
1.24611e+00 4.85e-02
1.24643e+00 4.86e-02
1.24674e+00 4.87e-02
1.24706e+00 4.88e-02
1.24738e+00 4.89e-02
1.24769e+00 4.90e-02
1.25196e+00 5.03e-02
1.25496e+00 5.10e-02
1.25826e+00 5.16e-02
1.26062e+00 5.18e-02
1.26294e+00 5.19e-02
1.26545e+00 5.17e-02
1.26793e+00 5.14e-02
1.26948e+00 5.12e-02
1.27226e+00 5.06e-02
1.27626e+00 4.97e-02
1.28221e+00 4.84e-02
1.28752e+00 4.75e-02
1.29237e+00 4.68e-02
1.29253e+00 4.74e-02
1.29869e+00 4.64e-02
1.30690e+00 4.51e-02
1.31796e+00 4.36e-02
1.33213e+00 4.19e-02
1.34950e+00 3.99e-02
1.36719e+00 3.80e-02
1.38657e+00 3.60e-02
1.40673e+00 3.41e-02
1.42768e+00 3.22e-02
1.44889e+00 3.04e-02
1.47066e+00 2.87e-02
1.49270e+00 2.70e-02
1.51482e+00 2.55e-02
1.53730e+00 2.40e-02
1.56018e+00 2.25e-02
1.58353e+00 2.11e-02
1.60736e+00 1.98e-02
1.63149e+00 1.85e-02
1.65628e+00 1.73e-02
1.68152e+00 1.62e-02
1.70758e+00 1.50e-02
1.73431e+00 1.40e-02
1.76211e+00 1.29e-02
1.79089e+00 1.19e-02
1.82114e+00 1.10e-02
1.85317e+00 1.00e-02
1.88799e+00 9.12e-03
1.92664e+00 8.18e-03
1.97211e+00 7.20e-03
2.04095e+00 5.92e-03
2.09539e+00 5.08e-03
2.12158e+00 4.71e-03
2.14040e+00 4.47e-03
2.15472e+00 4.29e-03
2.16516e+00 4.16e-03
2.17257e+00 4.07e-03
2.17740e+00 4.02e-03
2.17879e+00 4.00e-03
2.17949e+00 3.99e-03
2.18019e+00 3.98e-03
2.18089e+00 3.98e-03
2.18160e+00 3.97e-03
2.18231e+00 3.96e-03
2.18302e+00 3.95e-03
2.18373e+00 3.94e-03
2.18444e+00 3.94e-03
2.18516e+00 3.93e-03
2.18588e+00 3.92e-03
2.18660e+00 3.91e-03
2.18732e+00 3.90e-03
2.18805e+00 3.90e-03
2.18878e+00 3.89e-03
2.18951e+00 3.88e-03
2.19023e+00 3.87e-03
2.19096e+00 3.86e-03
2.19170e+00 3.86e-03
2.19244e+00 3.85e-03
2.19317e+00 3.84e-03
2.19392e+00 3.83e-03
2.19465e+00 3.82e-03
2.19540e+00 3.81e-03
2.19615e+00 3.81e-03
2.19690e+00 3.80e-03
2.19766e+00 3.79e-03
2.19841e+00 3.78e-03
2.19917e+00 3.77e-03
2.19992e+00 3.77e-03
2.20069e+00 3.76e-03
2.20145e+00 3.75e-03
2.20221e+00 3.74e-03
2.20299e+00 3.73e-03
2.20376e+00 3.72e-03
2.20453e+00 3.72e-03
2.20530e+00 3.71e-03
2.20609e+00 3.70e-03
2.20687e+00 3.69e-03
2.20765e+00 3.68e-03
2.20843e+00 3.68e-03
2.20922e+00 3.67e-03
2.21001e+00 3.66e-03
2.21081e+00 3.65e-03
2.21160e+00 3.64e-03
2.21240e+00 3.63e-03
2.21320e+00 3.62e-03
2.21401e+00 3.62e-03
2.21481e+00 3.61e-03
2.21562e+00 3.60e-03
2.21643e+00 3.59e-03
2.21725e+00 3.58e-03
2.21806e+00 3.57e-03
2.21889e+00 3.57e-03
2.21971e+00 3.56e-03
2.22054e+00 3.55e-03
2.22136e+00 3.54e-03
2.22220e+00 3.53e-03
2.22303e+00 3.52e-03
2.22387e+00 3.52e-03
2.22471e+00 3.51e-03
2.22555e+00 3.50e-03
2.22641e+00 3.49e-03
2.22725e+00 3.48e-03
2.22811e+00 3.47e-03
2.22896e+00 3.46e-03
2.22982e+00 3.46e-03
2.23068e+00 3.45e-03
2.23155e+00 3.44e-03
2.23242e+00 3.43e-03
2.23329e+00 3.42e-03
2.23417e+00 3.41e-03
2.23504e+00 3.40e-03
2.23593e+00 3.40e-03
2.23681e+00 3.39e-03
2.23771e+00 3.38e-03
2.23859e+00 3.37e-03
2.23950e+00 3.36e-03
2.24039e+00 3.35e-03
2.24129e+00 3.34e-03
2.24220e+00 3.34e-03
2.24311e+00 3.33e-03
2.24402e+00 3.32e-03
2.24495e+00 3.31e-03
2.24587e+00 3.30e-03
2.24679e+00 3.29e-03
2.24772e+00 3.28e-03
2.24866e+00 3.27e-03
2.24960e+00 3.27e-03
2.25053e+00 3.26e-03
2.25148e+00 3.25e-03
2.25243e+00 3.24e-03
2.25338e+00 3.23e-03
2.25434e+00 3.22e-03
2.25529e+00 3.21e-03
2.25627e+00 3.20e-03
2.25723e+00 3.19e-03
2.25820e+00 3.19e-03
2.25919e+00 3.18e-03
2.26017e+00 3.17e-03
2.26116e+00 3.16e-03
2.26215e+00 3.15e-03
2.26315e+00 3.14e-03
2.26415e+00 3.13e-03
2.26515e+00 3.12e-03
2.26616e+00 3.11e-03
2.26718e+00 3.10e-03
2.26820e+00 3.09e-03
2.26922e+00 3.09e-03
2.27026e+00 3.08e-03
2.27129e+00 3.07e-03
2.27233e+00 3.06e-03
2.27337e+00 3.05e-03
2.27442e+00 3.04e-03
2.27548e+00 3.03e-03
2.27654e+00 3.02e-03
2.27761e+00 3.01e-03
2.27868e+00 3.00e-03
2.27976e+00 2.99e-03
2.28084e+00 2.98e-03
2.28193e+00 2.97e-03
2.28303e+00 2.97e-03
2.28413e+00 2.96e-03
2.28523e+00 2.95e-03
2.28634e+00 2.94e-03
2.28746e+00 2.93e-03
2.28858e+00 2.92e-03
2.28971e+00 2.91e-03
2.29085e+00 2.90e-03
2.29199e+00 2.89e-03
2.29314e+00 2.88e-03
2.29429e+00 2.87e-03
2.29546e+00 2.86e-03
2.29663e+00 2.85e-03
2.29780e+00 2.84e-03
2.29898e+00 2.83e-03
2.30017e+00 2.82e-03
2.30136e+00 2.81e-03
2.30258e+00 2.80e-03
2.30378e+00 2.79e-03
2.30498e+00 2.78e-03
2.30618e+00 2.77e-03
2.30747e+00 2.76e-03
2.30867e+00 2.75e-03
2.30996e+00 2.74e-03
2.31125e+00 2.73e-03
2.31244e+00 2.72e-03
2.31372e+00 2.71e-03
2.31501e+00 2.70e-03
2.31629e+00 2.69e-03
2.31757e+00 2.68e-03
2.31895e+00 2.67e-03
2.32023e+00 2.66e-03
2.32160e+00 2.65e-03
2.32288e+00 2.64e-03
2.32425e+00 2.63e-03
2.32562e+00 2.62e-03
2.32698e+00 2.61e-03
2.32835e+00 2.60e-03
2.32971e+00 2.59e-03
2.33108e+00 2.58e-03
2.33253e+00 2.57e-03
2.33389e+00 2.56e-03
2.33534e+00 2.55e-03
2.33679e+00 2.54e-03
2.33824e+00 2.53e-03
2.33969e+00 2.52e-03
2.34113e+00 2.51e-03
2.34267e+00 2.50e-03
2.34411e+00 2.49e-03
2.34564e+00 2.47e-03
2.34718e+00 2.46e-03
2.34871e+00 2.45e-03
2.35023e+00 2.44e-03
2.35176e+00 2.43e-03
2.35337e+00 2.42e-03
2.35499e+00 2.41e-03
2.35650e+00 2.40e-03
2.35811e+00 2.39e-03
2.35982e+00 2.37e-03
2.36142e+00 2.36e-03
2.36312e+00 2.35e-03
2.36471e+00 2.34e-03
2.36640e+00 2.33e-03
2.36819e+00 2.32e-03
2.36987e+00 2.31e-03
2.37164e+00 2.30e-03
2.37332e+00 2.28e-03
2.37518e+00 2.27e-03
2.37695e+00 2.26e-03
2.37871e+00 2.25e-03
2.38056e+00 2.24e-03
2.38241e+00 2.22e-03
2.38426e+00 2.21e-03
2.38619e+00 2.20e-03
2.38812e+00 2.19e-03
2.39005e+00 2.18e-03
2.39197e+00 2.16e-03
2.39398e+00 2.15e-03
2.39598e+00 2.14e-03
2.39799e+00 2.13e-03
2.40007e+00 2.11e-03
2.40216e+00 2.10e-03
2.40424e+00 2.09e-03
2.40640e+00 2.07e-03
2.40848e+00 2.06e-03
2.41072e+00 2.05e-03
2.41296e+00 2.04e-03
2.41520e+00 2.02e-03
2.41743e+00 2.01e-03
2.41975e+00 2.00e-03
2.42214e+00 1.98e-03
2.42454e+00 1.97e-03
2.42692e+00 1.95e-03
2.42939e+00 1.94e-03
2.43186e+00 1.93e-03
2.43440e+00 1.91e-03
2.43694e+00 1.90e-03
2.43956e+00 1.88e-03
2.44226e+00 1.87e-03
2.44495e+00 1.85e-03
2.44772e+00 1.84e-03
2.45057e+00 1.82e-03
2.45342e+00 1.81e-03
2.45634e+00 1.79e-03
2.45933e+00 1.78e-03
2.46241e+00 1.76e-03
2.46547e+00 1.75e-03
2.46861e+00 1.73e-03
2.47191e+00 1.71e-03
2.47519e+00 1.70e-03
2.47855e+00 1.68e-03
2.48207e+00 1.66e-03
2.48566e+00 1.65e-03
2.48923e+00 1.63e-03
2.49304e+00 1.61e-03
2.49684e+00 1.59e-03
2.50078e+00 1.58e-03
2.50487e+00 1.56e-03
2.50911e+00 1.54e-03
2.51341e+00 1.52e-03
2.51786e+00 1.50e-03
2.52252e+00 1.48e-03
2.52733e+00 1.46e-03
2.53227e+00 1.44e-03
2.53742e+00 1.41e-03
2.54286e+00 1.39e-03
2.54843e+00 1.37e-03
2.55428e+00 1.35e-03
2.56048e+00 1.32e-03
2.56695e+00 1.30e-03
2.57376e+00 1.27e-03
2.58097e+00 1.25e-03
2.58867e+00 1.22e-03
2.59682e+00 1.19e-03
2.60565e+00 1.16e-03
2.61513e+00 1.13e-03
2.62554e+00 1.09e-03
2.63698e+00 1.06e-03
2.64971e+00 1.02e-03
2.66410e+00 9.75e-04
2.67215e+00 9.52e-04
2.68082e+00 9.28e-04
2.69029e+00 9.03e-04
2.70069e+00 8.75e-04
2.71231e+00 8.46e-04
2.72543e+00 8.13e-04
2.74065e+00 7.78e-04
2.75874e+00 7.37e-04
2.78130e+00 6.89e-04
2.81151e+00 6.30e-04
2.85859e+00 5.48e-04
2.99573e+00 3.64e-04
