# OPACITY Project tables
-2.61515e+00 8.01e-01
-2.27341e+00 2.90e-01
-2.07433e+00 1.61e-01
-1.93351e+00 1.07e-01
-1.82455e+00 7.75e-02
-1.73574e+00 6.02e-02
-1.66078e+00 4.80e-02
-1.59603e+00 3.98e-02
-1.53898e+00 3.37e-02
-1.48802e+00 2.93e-02
-1.44198e+00 2.57e-02
-1.40003e+00 2.27e-02
-1.36148e+00 2.03e-02
-1.32584e+00 1.84e-02
-1.29269e+00 1.67e-02
-1.26174e+00 1.53e-02
-1.23268e+00 1.41e-02
-1.20531e+00 1.33e-02
-1.17944e+00 1.27e-02
-1.15493e+00 1.32e-02
-1.13165e+00 1.22e-02
-1.10945e+00 1.04e-02
-1.08827e+00 9.53e-03
-1.06799e+00 8.87e-03
-1.04857e+00 8.37e-03
-1.02994e+00 7.93e-03
-1.01200e+00 7.53e-03
-9.94739e-01 7.17e-03
-9.78086e-01 6.84e-03
-9.62021e-01 6.53e-03
-9.46492e-01 6.26e-03
-9.31455e-01 6.00e-03
-9.16916e-01 5.76e-03
-9.02807e-01 5.54e-03
-8.89113e-01 5.33e-03
-8.75797e-01 5.13e-03
-8.62868e-01 4.95e-03
-8.50292e-01 4.78e-03
-8.38057e-01 4.62e-03
-8.26130e-01 4.47e-03
-8.14502e-01 4.33e-03
-8.03185e-01 4.19e-03
-7.92106e-01 4.07e-03
-7.81301e-01 3.95e-03
-7.70741e-01 3.83e-03
-7.60420e-01 3.73e-03
-7.50331e-01 3.63e-03
-7.30787e-01 3.45e-03
-7.21320e-01 3.36e-03
-7.12045e-01 3.28e-03
-6.94048e-01 3.12e-03
-6.76723e-01 2.96e-03
-6.68298e-01 2.89e-03
-6.60041e-01 2.83e-03
-6.51909e-01 2.76e-03
-6.36087e-01 2.64e-03
-6.20808e-01 2.53e-03
-6.13357e-01 2.48e-03
-6.06016e-01 2.53e-03
-5.91692e-01 2.43e-03
-5.77803e-01 2.34e-03
-5.64314e-01 2.26e-03
-5.51231e-01 2.18e-03
-5.38505e-01 2.11e-03
-5.26142e-01 2.04e-03
-5.14098e-01 1.97e-03
-5.02362e-01 1.91e-03
-4.90925e-01 1.86e-03
-4.79779e-01 1.81e-03
-4.74301e-01 1.78e-03
-4.68884e-01 1.76e-03
-4.63545e-01 1.75e-03
-4.53044e-01 1.73e-03
-4.47882e-01 1.72e-03
-4.37730e-01 1.75e-03
-4.32739e-01 1.78e-03
-4.27803e-01 1.84e-03
-4.22922e-01 1.89e-03
-4.18095e-01 1.94e-03
-4.13321e-01 2.00e-03
-4.08585e-01 2.05e-03
-4.03901e-01 2.20e-03
-3.99284e-01 2.66e-03
-3.94688e-01 3.35e-03
-3.90158e-01 3.87e-03
-3.85662e-01 4.47e-03
-3.81216e-01 5.10e-03
-3.76819e-01 4.94e-03
-3.72456e-01 4.31e-03
-3.68126e-01 3.78e-03
-3.63858e-01 3.18e-03
-3.59622e-01 2.48e-03
-3.55419e-01 2.06e-03
-3.51261e-01 1.91e-03
-3.47135e-01 1.83e-03
-3.43054e-01 1.74e-03
-3.34997e-01 1.57e-03
-3.31021e-01 1.49e-03
-3.27088e-01 1.40e-03
-3.23185e-01 1.35e-03
-3.15464e-01 1.25e-03
-3.11661e-01 1.22e-03
-3.04150e-01 1.17e-03
-3.00430e-01 1.14e-03
-2.96750e-01 1.13e-03
-2.93097e-01 1.11e-03
-2.89484e-01 1.09e-03
-2.82323e-01 1.07e-03
-2.75279e-01 1.05e-03
-2.68350e-01 1.03e-03
-2.61521e-01 1.01e-03
-2.54802e-01 9.89e-04
-2.48167e-01 9.71e-04
-2.41639e-01 9.55e-04
-2.35203e-01 9.40e-04
-2.28860e-01 9.26e-04
-2.22606e-01 9.14e-04
-2.16441e-01 9.02e-04
-2.10363e-01 8.91e-04
-2.04359e-01 8.80e-04
-1.98439e-01 8.70e-04
-1.92590e-01 8.61e-04
-1.86824e-01 8.52e-04
-1.81126e-01 8.43e-04
-1.75509e-01 8.35e-04
-1.69958e-01 8.28e-04
-1.64474e-01 8.20e-04
-1.59054e-01 8.13e-04
-1.53699e-01 8.06e-04
-1.48407e-01 8.00e-04
-1.43189e-01 7.94e-04
-1.38021e-01 7.87e-04
-1.32914e-01 7.82e-04
-1.27867e-01 7.76e-04
-1.22868e-01 7.71e-04
-1.17928e-01 7.66e-04
-1.13057e-01 7.61e-04
-1.08220e-01 7.56e-04
-1.03440e-01 7.51e-04
-9.87160e-02 7.47e-04
-9.40360e-02 7.43e-04
-8.94106e-02 7.39e-04
-8.48283e-02 7.35e-04
-8.02994e-02 7.31e-04
-7.58125e-02 7.28e-04
-7.13671e-02 7.25e-04
-6.69735e-02 7.22e-04
-6.26097e-02 7.19e-04
-5.82967e-02 7.17e-04
-4.76998e-02 7.14e-04
-4.35236e-02 7.14e-04
-3.93959e-02 7.15e-04
-3.52956e-02 7.19e-04
-3.12430e-02 7.24e-04
-2.72170e-02 7.32e-04
-2.32379e-02 7.40e-04
-1.92848e-02 7.47e-04
-1.34298e-02 7.54e-04
-1.14958e-02 7.55e-04
-9.56560e-03 7.54e-04
-5.73642e-03 7.52e-04
-1.94188e-03 7.48e-04
3.69317e-03 7.45e-04
9.25702e-03 7.45e-04
1.11377e-02 7.44e-04
1.29162e-02 7.42e-04
1.47901e-02 7.39e-04
1.65621e-02 7.36e-04
1.84291e-02 7.31e-04
2.19572e-02 7.20e-04
2.55703e-02 7.08e-04
2.90732e-02 6.95e-04
3.25640e-02 6.83e-04
3.60426e-02 6.72e-04
3.95091e-02 6.64e-04
4.29637e-02 6.57e-04
4.64064e-02 6.51e-04
4.97421e-02 6.47e-04
5.30667e-02 6.42e-04
5.64748e-02 6.39e-04
5.97772e-02 6.35e-04
6.29748e-02 6.32e-04
6.62558e-02 6.29e-04
6.95261e-02 6.27e-04
7.26927e-02 6.24e-04
7.58493e-02 6.22e-04
7.90884e-02 6.19e-04
8.22249e-02 6.17e-04
8.52598e-02 6.15e-04
8.83771e-02 6.13e-04
9.14847e-02 6.11e-04
9.44917e-02 6.09e-04
9.75803e-02 6.07e-04
1.00569e-01 6.05e-04
1.03549e-01 6.04e-04
1.06520e-01 6.02e-04
1.09482e-01 6.00e-04
1.12435e-01 5.98e-04
1.15291e-01 5.97e-04
1.18227e-01 5.95e-04
1.21067e-01 5.94e-04
1.23898e-01 5.92e-04
1.26809e-01 5.91e-04
1.29624e-01 5.90e-04
1.32431e-01 5.88e-04
1.56833e-01 5.78e-04
1.58200e-01 5.77e-04
1.59479e-01 6.30e-04
1.62119e-01 6.28e-04
1.64751e-01 6.26e-04
1.67293e-01 6.24e-04
1.69912e-01 6.23e-04
1.72440e-01 6.21e-04
1.74961e-01 6.19e-04
1.77477e-01 6.17e-04
1.80069e-01 6.15e-04
1.82572e-01 6.13e-04
1.84985e-01 6.11e-04
1.87475e-01 6.09e-04
1.89959e-01 6.07e-04
1.92437e-01 6.06e-04
1.94826e-01 6.04e-04
1.97292e-01 6.02e-04
1.99670e-01 6.01e-04
2.02042e-01 5.99e-04
2.04409e-01 5.98e-04
2.05631e-01 5.97e-04
2.06770e-01 5.97e-04
2.09126e-01 5.96e-04
2.11476e-01 5.94e-04
2.13820e-01 5.93e-04
2.16159e-01 5.91e-04
2.18493e-01 5.90e-04
2.20741e-01 5.88e-04
2.23064e-01 5.87e-04
2.25301e-01 5.85e-04
2.27614e-01 5.84e-04
2.29841e-01 5.83e-04
2.32064e-01 5.81e-04
2.34281e-01 5.80e-04
2.36494e-01 5.78e-04
2.38702e-01 5.77e-04
2.40905e-01 5.76e-04
2.43103e-01 5.74e-04
2.45296e-01 5.73e-04
2.47407e-01 5.72e-04
2.49591e-01 5.70e-04
2.51692e-01 5.69e-04
2.53867e-01 5.68e-04
2.55959e-01 5.66e-04
2.58047e-01 5.65e-04
2.60208e-01 5.64e-04
2.62287e-01 5.63e-04
2.64362e-01 5.61e-04
2.66433e-01 5.60e-04
2.68499e-01 5.59e-04
2.70561e-01 5.58e-04
2.72619e-01 5.57e-04
2.74597e-01 5.55e-04
2.76646e-01 5.54e-04
2.78692e-01 5.53e-04
2.80657e-01 5.52e-04
2.82695e-01 5.51e-04
2.84652e-01 5.49e-04
2.86606e-01 5.48e-04
2.88632e-01 5.47e-04
2.90578e-01 5.46e-04
2.92520e-01 5.45e-04
2.94459e-01 5.44e-04
3.02177e-01 5.39e-04
3.04097e-01 5.38e-04
3.05939e-01 5.37e-04
3.46635e-01 5.15e-04
3.79121e-01 4.97e-04
4.09457e-01 4.81e-04
4.37868e-01 4.67e-04
4.68565e-01 4.52e-04
4.98591e-01 4.37e-04
5.30275e-01 4.22e-04
5.59901e-01 4.09e-04
5.83667e-01 4.00e-04
5.96361e-01 3.96e-04
6.02839e-01 3.96e-04
6.07753e-01 3.96e-04
6.10689e-01 3.98e-04
6.12642e-01 3.99e-04
6.13617e-01 4.00e-04
6.16482e-01 4.03e-04
6.17453e-01 4.04e-04
6.18424e-01 4.05e-04
6.19339e-01 4.06e-04
6.20308e-01 4.08e-04
6.21275e-01 4.09e-04
6.22242e-01 4.11e-04
6.23154e-01 4.13e-04
6.24119e-01 4.16e-04
6.25082e-01 4.18e-04
6.25992e-01 4.21e-04
6.26954e-01 4.25e-04
6.27862e-01 4.29e-04
6.28822e-01 4.31e-04
6.29728e-01 4.35e-04
6.30686e-01 4.38e-04
6.31591e-01 4.42e-04
6.32548e-01 4.46e-04
6.33450e-01 4.50e-04
6.34405e-01 4.55e-04
6.35306e-01 4.61e-04
6.36259e-01 4.67e-04
6.37159e-01 4.73e-04
6.38110e-01 4.81e-04
6.39008e-01 4.90e-04
6.39905e-01 4.99e-04
6.40853e-01 5.10e-04
6.41749e-01 5.22e-04
6.42643e-01 5.36e-04
6.43537e-01 5.52e-04
6.44009e-01 5.60e-04
6.44482e-01 5.69e-04
6.44902e-01 5.79e-04
6.45374e-01 5.90e-04
6.46265e-01 6.12e-04
6.46737e-01 6.24e-04
6.47156e-01 6.37e-04
6.47627e-01 6.51e-04
6.48098e-01 6.66e-04
6.48516e-01 6.82e-04
6.48986e-01 7.00e-04
6.49404e-01 7.21e-04
6.49874e-01 7.44e-04
6.50292e-01 7.71e-04
6.50761e-01 7.99e-04
6.51231e-01 8.29e-04
6.51648e-01 8.59e-04
6.52117e-01 8.91e-04
6.52533e-01 9.25e-04
6.53002e-01 9.62e-04
6.53418e-01 1.00e-03
6.53886e-01 1.04e-03
6.54302e-01 1.09e-03
6.54770e-01 1.14e-03
6.55186e-01 1.19e-03
6.55653e-01 1.25e-03
6.56120e-01 1.32e-03
6.56535e-01 1.39e-03
6.57002e-01 1.47e-03
6.57416e-01 1.56e-03
6.57883e-01 1.65e-03
6.58297e-01 1.75e-03
6.58763e-01 1.85e-03
6.59177e-01 1.96e-03
6.59642e-01 2.08e-03
6.60056e-01 2.22e-03
6.60469e-01 2.38e-03
6.60934e-01 2.56e-03
6.61811e-01 2.99e-03
6.62224e-01 3.07e-03
6.62688e-01 3.05e-03
6.63100e-01 3.22e-03
6.63564e-01 3.49e-03
6.63976e-01 3.82e-03
6.64439e-01 4.22e-03
6.64851e-01 4.68e-03
6.65262e-01 5.22e-03
6.65725e-01 5.81e-03
6.66136e-01 6.46e-03
6.66598e-01 7.11e-03
6.67009e-01 7.74e-03
6.67470e-01 8.38e-03
6.67881e-01 9.14e-03
6.68291e-01 1.01e-02
6.68752e-01 1.14e-02
6.69162e-01 1.31e-02
6.69623e-01 1.48e-02
6.70032e-01 1.59e-02
6.70441e-01 1.55e-02
6.70902e-01 1.40e-02
6.71310e-01 1.22e-02
6.71719e-01 1.07e-02
6.72179e-01 9.63e-03
6.72587e-01 8.79e-03
6.73047e-01 8.12e-03
6.73455e-01 7.51e-03
6.73862e-01 6.87e-03
6.74321e-01 6.22e-03
6.74729e-01 5.60e-03
6.75136e-01 5.04e-03
6.75594e-01 4.54e-03
6.76001e-01 4.11e-03
6.76408e-01 3.75e-03
6.76865e-01 3.44e-03
6.77272e-01 3.20e-03
6.77678e-01 3.12e-03
6.78135e-01 3.14e-03
6.78541e-01 2.99e-03
6.78947e-01 2.78e-03
6.79403e-01 2.57e-03
6.79809e-01 2.40e-03
6.80214e-01 2.25e-03
6.80619e-01 2.12e-03
6.81075e-01 2.00e-03
6.81479e-01 1.89e-03
6.81884e-01 1.78e-03
6.82339e-01 1.69e-03
6.82743e-01 1.59e-03
6.83147e-01 1.51e-03
6.83551e-01 1.43e-03
6.84006e-01 1.36e-03
6.84409e-01 1.29e-03
6.84813e-01 1.23e-03
6.85266e-01 1.18e-03
6.85669e-01 1.13e-03
6.86072e-01 1.08e-03
6.86475e-01 1.04e-03
6.86878e-01 9.97e-04
6.87330e-01 9.59e-04
6.87733e-01 9.24e-04
6.88135e-01 8.91e-04
6.88537e-01 8.60e-04
6.88989e-01 8.29e-04
6.89390e-01 7.99e-04
6.89792e-01 7.71e-04
6.90193e-01 7.46e-04
6.90594e-01 7.23e-04
6.91045e-01 7.03e-04
6.91446e-01 6.85e-04
6.91846e-01 6.69e-04
6.92247e-01 6.54e-04
6.92647e-01 6.40e-04
6.93097e-01 6.27e-04
6.93897e-01 6.03e-04
6.94297e-01 5.91e-04
6.94696e-01 5.81e-04
6.95145e-01 5.70e-04
6.95943e-01 5.51e-04
6.96741e-01 5.35e-04
6.97538e-01 5.20e-04
6.98383e-01 5.06e-04
6.99179e-01 4.94e-04
6.99974e-01 4.83e-04
7.00818e-01 4.73e-04
7.01611e-01 4.65e-04
7.02404e-01 4.57e-04
7.03197e-01 4.49e-04
7.03988e-01 4.43e-04
7.04829e-01 4.37e-04
7.05619e-01 4.31e-04
7.06409e-01 4.26e-04
7.07198e-01 4.21e-04
7.07987e-01 4.16e-04
7.08774e-01 4.12e-04
7.09562e-01 4.08e-04
7.10348e-01 4.05e-04
7.11134e-01 4.00e-04
7.11920e-01 3.96e-04
7.12754e-01 3.92e-04
7.13538e-01 3.88e-04
7.14321e-01 3.85e-04
7.15104e-01 3.81e-04
7.15887e-01 3.78e-04
7.16668e-01 3.76e-04
7.17401e-01 3.73e-04
7.18181e-01 3.71e-04
7.18961e-01 3.69e-04
7.19740e-01 3.67e-04
7.20519e-01 3.65e-04
7.21297e-01 3.63e-04
7.22075e-01 3.61e-04
7.22852e-01 3.60e-04
7.23628e-01 3.58e-04
7.24404e-01 3.56e-04
7.25130e-01 3.55e-04
7.25905e-01 3.53e-04
7.26679e-01 3.52e-04
7.27452e-01 3.50e-04
7.28225e-01 3.49e-04
7.28949e-01 3.48e-04
7.29720e-01 3.47e-04
7.30491e-01 3.46e-04
7.31262e-01 3.45e-04
7.31983e-01 3.44e-04
7.32752e-01 3.43e-04
7.33521e-01 3.42e-04
7.34241e-01 3.42e-04
7.35009e-01 3.41e-04
7.35776e-01 3.40e-04
7.39888e-01 3.37e-04
7.50567e-01 3.30e-04
7.66676e-01 3.23e-04
7.86364e-01 3.14e-04
8.16956e-01 3.02e-04
8.43376e-01 2.92e-04
8.68528e-01 2.84e-04
8.87562e-01 2.78e-04
9.01583e-01 2.74e-04
9.09951e-01 2.73e-04
9.16091e-01 2.73e-04
9.20283e-01 2.74e-04
9.23425e-01 2.75e-04
9.25528e-01 2.76e-04
9.27072e-01 2.78e-04
9.27587e-01 2.78e-04
9.28101e-01 2.79e-04
9.28614e-01 2.79e-04
9.29128e-01 2.80e-04
9.29681e-01 2.81e-04
9.30194e-01 2.82e-04
9.30706e-01 2.82e-04
9.31219e-01 2.83e-04
9.31731e-01 2.84e-04
9.32243e-01 2.85e-04
9.32754e-01 2.86e-04
9.33266e-01 2.87e-04
9.33777e-01 2.88e-04
9.34288e-01 2.90e-04
9.34798e-01 2.91e-04
9.35309e-01 2.92e-04
9.35819e-01 2.94e-04
9.36329e-01 2.95e-04
9.36838e-01 2.97e-04
9.37347e-01 2.98e-04
9.37857e-01 3.00e-04
9.38365e-01 3.02e-04
9.38874e-01 3.04e-04
9.39382e-01 3.07e-04
9.39890e-01 3.09e-04
9.40398e-01 3.11e-04
9.40905e-01 3.14e-04
9.41413e-01 3.17e-04
9.41919e-01 3.21e-04
9.42426e-01 3.24e-04
9.42933e-01 3.28e-04
9.43439e-01 3.32e-04
9.43945e-01 3.37e-04
9.44450e-01 3.42e-04
9.44956e-01 3.46e-04
9.45422e-01 3.51e-04
9.45927e-01 3.57e-04
9.46432e-01 3.62e-04
9.46936e-01 3.68e-04
9.47441e-01 3.74e-04
9.47944e-01 3.80e-04
9.48448e-01 3.87e-04
9.48952e-01 3.94e-04
9.49455e-01 4.02e-04
9.49919e-01 4.10e-04
9.50422e-01 4.18e-04
9.50924e-01 4.27e-04
9.51426e-01 4.36e-04
9.51928e-01 4.46e-04
9.52430e-01 4.55e-04
9.52931e-01 4.65e-04
9.53394e-01 4.75e-04
9.53895e-01 4.84e-04
9.54395e-01 4.94e-04
9.54896e-01 5.04e-04
9.55396e-01 5.15e-04
9.55896e-01 5.26e-04
9.56357e-01 5.37e-04
9.56857e-01 5.48e-04
9.57356e-01 5.60e-04
9.57855e-01 5.72e-04
9.58354e-01 5.84e-04
9.58814e-01 5.96e-04
9.59312e-01 6.08e-04
9.59810e-01 6.20e-04
9.60308e-01 6.31e-04
9.60767e-01 6.42e-04
9.61264e-01 6.53e-04
9.61761e-01 6.63e-04
9.62258e-01 6.71e-04
9.62716e-01 6.79e-04
9.63212e-01 6.86e-04
9.63709e-01 6.92e-04
9.64204e-01 6.95e-04
9.64929e-01 6.98e-04
9.65386e-01 6.99e-04
9.65881e-01 6.97e-04
9.66375e-01 6.95e-04
9.66870e-01 6.92e-04
9.67326e-01 6.88e-04
9.67820e-01 6.84e-04
9.68314e-01 6.80e-04
9.68769e-01 6.77e-04
9.69490e-01 6.74e-04
9.70211e-01 6.73e-04
9.70476e-01 6.95e-04
9.70930e-01 6.96e-04
9.71423e-01 6.98e-04
9.71915e-01 7.02e-04
9.72369e-01 7.06e-04
9.72860e-01 7.11e-04
9.73351e-01 7.15e-04
9.73805e-01 7.20e-04
9.74295e-01 7.23e-04
9.74786e-01 7.26e-04
9.75503e-01 7.27e-04
9.75955e-01 7.26e-04
9.76445e-01 7.24e-04
9.76897e-01 7.20e-04
9.77386e-01 7.14e-04
9.77875e-01 7.08e-04
9.78326e-01 7.00e-04
9.78815e-01 6.91e-04
9.79266e-01 6.81e-04
9.79754e-01 6.71e-04
9.80242e-01 6.60e-04
9.80692e-01 6.49e-04
9.81179e-01 6.37e-04
9.81629e-01 6.25e-04
9.82116e-01 6.13e-04
9.82565e-01 6.01e-04
9.83052e-01 5.89e-04
9.83501e-01 5.77e-04
9.83987e-01 5.66e-04
9.84473e-01 5.55e-04
9.84921e-01 5.44e-04
9.85406e-01 5.33e-04
9.85854e-01 5.23e-04
9.86339e-01 5.13e-04
9.86786e-01 5.03e-04
9.87271e-01 4.93e-04
9.87718e-01 4.83e-04
9.88202e-01 4.74e-04
9.88649e-01 4.64e-04
9.89132e-01 4.54e-04
9.89578e-01 4.45e-04
9.90062e-01 4.36e-04
9.90507e-01 4.28e-04
9.90990e-01 4.20e-04
9.91435e-01 4.12e-04
9.91918e-01 4.05e-04
9.92362e-01 3.98e-04
9.92844e-01 3.92e-04
9.93289e-01 3.86e-04
9.93733e-01 3.80e-04
9.94214e-01 3.74e-04
9.94658e-01 3.69e-04
9.95139e-01 3.63e-04
9.95582e-01 3.58e-04
9.96063e-01 3.53e-04
9.96506e-01 3.49e-04
9.96986e-01 3.44e-04
9.97428e-01 3.40e-04
9.97871e-01 3.36e-04
9.98350e-01 3.32e-04
9.98792e-01 3.29e-04
9.99271e-01 3.26e-04
9.99712e-01 3.23e-04
1.00015e+00 3.20e-04
1.00063e+00 3.18e-04
1.00107e+00 3.16e-04
1.00155e+00 3.13e-04
1.00199e+00 3.11e-04
1.00243e+00 3.09e-04
1.00291e+00 3.07e-04
1.00335e+00 3.06e-04
1.00379e+00 3.04e-04
1.00426e+00 3.02e-04
1.00470e+00 3.01e-04
1.00518e+00 2.99e-04
1.00562e+00 2.98e-04
1.00606e+00 2.96e-04
1.00653e+00 2.95e-04
1.00697e+00 2.94e-04
1.00741e+00 2.92e-04
1.00788e+00 2.91e-04
1.00832e+00 2.90e-04
1.00876e+00 2.89e-04
1.00923e+00 2.88e-04
1.00967e+00 2.87e-04
1.01011e+00 2.86e-04
1.01058e+00 2.85e-04
1.01102e+00 2.85e-04
1.01146e+00 2.84e-04
1.01189e+00 2.83e-04
1.01236e+00 2.83e-04
1.01280e+00 2.82e-04
1.01324e+00 2.81e-04
1.01614e+00 2.78e-04
1.01989e+00 2.75e-04
1.02407e+00 2.73e-04
1.02951e+00 2.71e-04
1.03578e+00 2.70e-04
1.04218e+00 2.70e-04
1.04770e+00 2.72e-04
1.05190e+00 2.73e-04
1.05522e+00 2.75e-04
1.05772e+00 2.77e-04
1.05939e+00 2.79e-04
1.06063e+00 2.80e-04
1.06143e+00 2.81e-04
1.06184e+00 2.82e-04
1.06226e+00 2.82e-04
1.06267e+00 2.83e-04
1.06309e+00 2.84e-04
1.06350e+00 2.84e-04
1.06392e+00 2.85e-04
1.06433e+00 2.86e-04
1.06475e+00 2.87e-04
1.06516e+00 2.88e-04
1.06554e+00 2.89e-04
1.06595e+00 2.90e-04
1.06636e+00 2.91e-04
1.06678e+00 2.92e-04
1.06719e+00 2.93e-04
1.06760e+00 2.94e-04
1.06802e+00 2.95e-04
1.06843e+00 2.97e-04
1.06881e+00 2.98e-04
1.06922e+00 2.99e-04
1.06963e+00 3.01e-04
1.07004e+00 3.02e-04
1.07045e+00 3.04e-04
1.07086e+00 3.05e-04
1.07128e+00 3.06e-04
1.07165e+00 3.08e-04
1.07206e+00 3.09e-04
1.07247e+00 3.11e-04
1.07288e+00 3.12e-04
1.07329e+00 3.14e-04
1.07370e+00 3.15e-04
1.07408e+00 3.16e-04
1.07449e+00 3.18e-04
1.07490e+00 3.19e-04
1.07531e+00 3.20e-04
1.07572e+00 3.21e-04
1.07609e+00 3.22e-04
1.07650e+00 3.23e-04
1.07691e+00 3.24e-04
1.07732e+00 3.25e-04
1.07912e+00 3.27e-04
1.08133e+00 3.28e-04
1.08390e+00 3.28e-04
1.08651e+00 3.29e-04
1.08826e+00 3.29e-04
1.08947e+00 3.28e-04
1.08984e+00 3.27e-04
1.09024e+00 3.26e-04
1.09065e+00 3.26e-04
1.09102e+00 3.25e-04
1.09142e+00 3.24e-04
1.09182e+00 3.23e-04
1.09223e+00 3.22e-04
1.09259e+00 3.21e-04
1.09300e+00 3.20e-04
1.09340e+00 3.18e-04
1.09377e+00 3.17e-04
1.09417e+00 3.16e-04
1.09457e+00 3.14e-04
1.09494e+00 3.13e-04
1.09534e+00 3.12e-04
1.09574e+00 3.10e-04
1.09611e+00 3.09e-04
1.09651e+00 3.08e-04
1.09691e+00 3.06e-04
1.09728e+00 3.05e-04
1.09768e+00 3.03e-04
1.09808e+00 3.02e-04
1.09845e+00 3.01e-04
1.09885e+00 3.00e-04
1.09925e+00 2.98e-04
1.09961e+00 2.97e-04
1.10001e+00 2.96e-04
1.10041e+00 2.95e-04
1.10078e+00 2.94e-04
1.10118e+00 2.93e-04
1.10157e+00 2.92e-04
1.10194e+00 2.91e-04
1.10234e+00 2.90e-04
1.10274e+00 2.89e-04
1.10310e+00 2.89e-04
1.10350e+00 2.88e-04
1.10390e+00 2.87e-04
1.10426e+00 2.87e-04
1.10678e+00 2.83e-04
1.11001e+00 2.80e-04
1.11403e+00 2.77e-04
1.11913e+00 2.75e-04
1.12496e+00 2.74e-04
1.13147e+00 2.73e-04
1.13700e+00 2.73e-04
1.14138e+00 2.72e-04
1.14575e+00 2.70e-04
1.15672e+00 2.63e-04
1.15814e+00 2.62e-04
1.15833e+00 2.64e-04
1.16842e+00 2.58e-04
1.18558e+00 2.50e-04
1.20806e+00 2.40e-04
1.23442e+00 2.30e-04
1.26155e+00 2.19e-04
1.28783e+00 2.10e-04
1.31842e+00 1.99e-04
1.34807e+00 1.89e-04
1.37783e+00 1.80e-04
1.40823e+00 1.71e-04
1.43960e+00 1.62e-04
1.47222e+00 1.53e-04
1.50619e+00 1.45e-04
1.54127e+00 1.36e-04
1.57817e+00 1.28e-04
1.61679e+00 1.20e-04
1.64997e+00 1.13e-04
1.69314e+00 1.06e-04
1.73968e+00 9.77e-05
1.78906e+00 9.02e-05
1.84139e+00 8.30e-05
1.86965e+00 7.95e-05
1.91308e+00 7.47e-05
1.94751e+00 7.14e-05
1.97494e+00 6.93e-05
1.99492e+00 6.80e-05
2.01382e+00 6.71e-05
2.03016e+00 6.67e-05
2.04453e+00 6.65e-05
2.05691e+00 6.67e-05
2.06781e+00 6.70e-05
2.07708e+00 6.75e-05
2.08509e+00 6.81e-05
2.09227e+00 6.88e-05
2.09855e+00 6.95e-05
2.10388e+00 7.03e-05
2.10820e+00 7.10e-05
2.11204e+00 7.17e-05
2.11538e+00 7.24e-05
2.11818e+00 7.30e-05
2.12044e+00 7.35e-05
2.12214e+00 7.39e-05
2.12329e+00 7.42e-05
2.12387e+00 7.44e-05
2.12444e+00 7.45e-05
2.12501e+00 7.47e-05
2.12559e+00 7.48e-05
2.12617e+00 7.50e-05
2.12674e+00 7.51e-05
2.12733e+00 7.53e-05
2.12791e+00 7.55e-05
2.12849e+00 7.56e-05
2.12908e+00 7.58e-05
2.12966e+00 7.60e-05
2.13024e+00 7.62e-05
2.13084e+00 7.63e-05
2.13142e+00 7.65e-05
2.13201e+00 7.67e-05
2.13260e+00 7.69e-05
2.13320e+00 7.71e-05
2.13379e+00 7.73e-05
2.13438e+00 7.75e-05
2.13497e+00 7.77e-05
2.13557e+00 7.79e-05
2.13618e+00 7.81e-05
2.13677e+00 7.83e-05
2.13737e+00 7.85e-05
2.13797e+00 7.87e-05
2.13857e+00 7.90e-05
2.13918e+00 7.92e-05
2.13978e+00 7.94e-05
2.14040e+00 7.97e-05
2.14101e+00 7.99e-05
2.14161e+00 8.01e-05
2.14222e+00 8.04e-05
2.14284e+00 8.06e-05
2.14345e+00 8.09e-05
2.14406e+00 8.12e-05
2.14468e+00 8.14e-05
2.14530e+00 8.17e-05
2.14592e+00 8.20e-05
2.14654e+00 8.23e-05
2.14716e+00 8.26e-05
2.14778e+00 8.28e-05
2.14841e+00 8.32e-05
2.14903e+00 8.35e-05
2.14966e+00 8.38e-05
2.15028e+00 8.41e-05
2.15091e+00 8.44e-05
2.15155e+00 8.47e-05
2.15218e+00 8.51e-05
2.15282e+00 8.54e-05
2.15345e+00 8.58e-05
2.15409e+00 8.61e-05
2.15472e+00 8.65e-05
2.15537e+00 8.69e-05
2.15601e+00 8.72e-05
2.15666e+00 8.76e-05
2.15729e+00 8.80e-05
2.15794e+00 8.84e-05
2.15859e+00 8.88e-05
2.15923e+00 8.92e-05
2.15989e+00 8.96e-05
2.16054e+00 9.00e-05
2.16119e+00 9.05e-05
2.16185e+00 9.09e-05
2.16251e+00 9.14e-05
2.16317e+00 9.18e-05
2.16383e+00 9.23e-05
2.16449e+00 9.27e-05
2.16516e+00 9.32e-05
2.16583e+00 9.37e-05
2.16649e+00 9.42e-05
2.16715e+00 9.47e-05
2.16783e+00 9.53e-05
2.16849e+00 9.58e-05
2.16917e+00 9.63e-05
2.16984e+00 9.69e-05
2.17053e+00 9.74e-05
2.17120e+00 9.80e-05
2.17188e+00 9.86e-05
2.17257e+00 9.92e-05
2.17325e+00 9.98e-05
2.17393e+00 1.00e-04
2.17463e+00 1.01e-04
2.17531e+00 1.02e-04
2.17600e+00 1.02e-04
2.17669e+00 1.03e-04
2.17740e+00 1.04e-04
2.17809e+00 1.04e-04
2.17879e+00 1.05e-04
2.17949e+00 1.06e-04
2.18019e+00 1.07e-04
2.18089e+00 1.07e-04
2.18160e+00 1.08e-04
2.18231e+00 1.09e-04
2.18302e+00 1.10e-04
2.18373e+00 1.11e-04
2.18444e+00 1.11e-04
2.18516e+00 1.12e-04
2.18588e+00 1.13e-04
2.18660e+00 1.14e-04
2.18732e+00 1.15e-04
2.18805e+00 1.16e-04
2.18878e+00 1.17e-04
2.18951e+00 1.18e-04
2.19023e+00 1.19e-04
2.19096e+00 1.20e-04
2.19170e+00 1.21e-04
2.19244e+00 1.22e-04
2.19317e+00 1.23e-04
2.19392e+00 1.24e-04
2.19465e+00 1.25e-04
2.19540e+00 1.27e-04
2.19615e+00 1.28e-04
2.19690e+00 1.29e-04
2.19766e+00 1.30e-04
2.19841e+00 1.32e-04
2.19917e+00 1.33e-04
2.19992e+00 1.34e-04
2.20069e+00 1.36e-04
2.20145e+00 1.37e-04
2.20221e+00 1.39e-04
2.20299e+00 1.40e-04
2.20376e+00 1.42e-04
2.20453e+00 1.43e-04
2.20530e+00 1.45e-04
2.20609e+00 1.46e-04
2.20687e+00 1.48e-04
2.20765e+00 1.50e-04
2.20843e+00 1.52e-04
2.20922e+00 1.53e-04
2.21001e+00 1.55e-04
2.21081e+00 1.57e-04
2.21160e+00 1.59e-04
2.21240e+00 1.61e-04
2.21320e+00 1.63e-04
2.21401e+00 1.66e-04
2.21481e+00 1.68e-04
2.21562e+00 1.70e-04
2.21643e+00 1.72e-04
2.21725e+00 1.75e-04
2.21806e+00 1.77e-04
2.21889e+00 1.80e-04
2.21971e+00 1.83e-04
2.22054e+00 1.85e-04
2.22136e+00 1.88e-04
2.22220e+00 1.91e-04
2.22303e+00 1.94e-04
2.22387e+00 1.97e-04
2.22471e+00 2.00e-04
2.22555e+00 2.03e-04
2.22641e+00 2.07e-04
2.22725e+00 2.10e-04
2.22811e+00 2.14e-04
2.22896e+00 2.17e-04
2.22982e+00 2.21e-04
2.23068e+00 2.25e-04
2.23155e+00 2.29e-04
2.23242e+00 2.34e-04
2.23329e+00 2.38e-04
2.23417e+00 2.42e-04
2.23504e+00 2.47e-04
2.23593e+00 2.52e-04
2.23681e+00 2.57e-04
2.23771e+00 2.62e-04
2.23859e+00 2.67e-04
2.23950e+00 2.73e-04
2.24039e+00 2.79e-04
2.24129e+00 2.85e-04
2.24220e+00 2.91e-04
2.24311e+00 2.97e-04
2.24402e+00 3.04e-04
2.24495e+00 3.11e-04
2.24587e+00 3.18e-04
2.24679e+00 3.25e-04
2.24772e+00 3.33e-04
2.24866e+00 3.41e-04
2.24960e+00 3.50e-04
2.25053e+00 3.59e-04
2.25148e+00 3.68e-04
2.25243e+00 3.77e-04
2.25338e+00 3.87e-04
2.25434e+00 3.98e-04
2.25529e+00 4.08e-04
2.25627e+00 4.20e-04
2.25723e+00 4.32e-04
2.25820e+00 4.44e-04
2.25919e+00 4.57e-04
2.26017e+00 4.71e-04
2.26116e+00 4.85e-04
2.26215e+00 5.00e-04
2.26315e+00 5.15e-04
2.26415e+00 5.32e-04
2.26515e+00 5.49e-04
2.26616e+00 5.67e-04
2.26718e+00 5.87e-04
2.26820e+00 6.06e-04
2.26922e+00 6.27e-04
2.27026e+00 6.49e-04
2.27129e+00 6.73e-04
2.27233e+00 6.97e-04
2.27337e+00 7.23e-04
2.27442e+00 7.50e-04
2.27548e+00 7.79e-04
2.27654e+00 8.10e-04
2.27761e+00 8.43e-04
2.27868e+00 8.77e-04
2.27976e+00 9.14e-04
2.28084e+00 9.53e-04
2.28193e+00 9.95e-04
2.28303e+00 1.04e-03
2.28413e+00 1.09e-03
2.28523e+00 1.14e-03
2.28634e+00 1.19e-03
2.28746e+00 1.25e-03
2.28858e+00 1.31e-03
2.28971e+00 1.38e-03
2.29085e+00 1.45e-03
2.29199e+00 1.53e-03
2.29257e+00 1.57e-03
2.29314e+00 1.61e-03
2.29372e+00 1.66e-03
2.29429e+00 1.71e-03
2.29488e+00 1.75e-03
2.29546e+00 1.81e-03
2.29604e+00 1.86e-03
2.29663e+00 1.91e-03
2.29721e+00 1.97e-03
2.29780e+00 2.03e-03
2.29839e+00 2.09e-03
2.29898e+00 2.16e-03
2.29958e+00 2.22e-03
2.30017e+00 2.30e-03
2.30077e+00 2.37e-03
2.30136e+00 2.45e-03
2.30197e+00 2.53e-03
2.30258e+00 2.61e-03
2.30318e+00 2.70e-03
2.30378e+00 2.80e-03
2.30438e+00 2.90e-03
2.30498e+00 3.00e-03
2.30558e+00 3.11e-03
2.30618e+00 3.23e-03
2.30688e+00 3.35e-03
2.30747e+00 3.47e-03
2.30807e+00 3.61e-03
2.30867e+00 3.75e-03
2.30936e+00 3.91e-03
2.30996e+00 4.16e-03
2.31055e+00 4.42e-03
2.31125e+00 4.71e-03
2.31184e+00 5.02e-03
2.31244e+00 5.36e-03
2.31313e+00 5.72e-03
2.31372e+00 6.12e-03
2.31441e+00 6.56e-03
2.31501e+00 7.03e-03
2.31570e+00 7.55e-03
2.31629e+00 8.12e-03
2.31698e+00 8.74e-03
2.31757e+00 9.43e-03
2.31826e+00 1.02e-02
2.31895e+00 1.10e-02
2.31954e+00 1.19e-02
2.32023e+00 1.30e-02
2.32092e+00 1.41e-02
2.32160e+00 1.54e-02
2.32219e+00 1.68e-02
2.32288e+00 1.83e-02
2.32356e+00 2.01e-02
2.32425e+00 2.21e-02
2.32493e+00 2.43e-02
2.32562e+00 2.69e-02
2.32630e+00 2.97e-02
2.32698e+00 3.30e-02
2.32767e+00 3.67e-02
2.32835e+00 4.10e-02
2.32903e+00 4.59e-02
2.32971e+00 5.15e-02
2.33039e+00 5.81e-02
2.33108e+00 6.57e-02
2.33253e+00 7.71e-02
2.33321e+00 8.34e-02
2.33389e+00 9.05e-02
2.33466e+00 9.84e-02
2.33534e+00 1.07e-01
2.33612e+00 1.18e-01
2.33679e+00 1.29e-01
2.33747e+00 1.43e-01
2.33824e+00 1.58e-01
2.33901e+00 1.76e-01
2.33969e+00 1.97e-01
2.34046e+00 2.21e-01
2.34113e+00 2.50e-01
2.34190e+00 2.85e-01
2.34267e+00 3.26e-01
2.34344e+00 3.76e-01
2.34411e+00 4.38e-01
2.34488e+00 5.15e-01
2.34564e+00 6.12e-01
2.34641e+00 7.37e-01
2.34718e+00 9.01e-01
2.34794e+00 1.12e+00
2.34871e+00 1.43e+00
2.34947e+00 1.86e+00
2.35023e+00 2.47e+00
2.35099e+00 3.42e+00
2.35176e+00 4.99e+00
2.35261e+00 7.80e+00
2.35337e+00 1.34e+01
2.35413e+00 2.72e+01
2.35499e+00 7.44e+01
2.35575e+00 1.97e+02
2.35650e+00 2.59e+02
2.35736e+00 2.25e+01
2.35811e+00 8.22e+00
2.35897e+00 3.04e+00
2.35982e+00 1.51e+00
2.36057e+00 8.71e-01
2.36142e+00 5.54e-01
2.36227e+00 3.78e-01
2.36312e+00 2.71e-01
2.36396e+00 2.02e-01
2.36471e+00 1.54e-01
2.36556e+00 1.20e-01
2.36640e+00 9.57e-02
2.36734e+00 7.78e-02
2.36819e+00 6.42e-02
2.36903e+00 5.37e-02
2.36987e+00 4.54e-02
2.37071e+00 3.87e-02
2.37164e+00 3.34e-02
2.37248e+00 2.90e-02
2.37332e+00 2.54e-02
2.37425e+00 2.24e-02
2.37518e+00 1.99e-02
2.37602e+00 1.77e-02
2.37695e+00 1.59e-02
2.37788e+00 1.44e-02
2.37871e+00 1.30e-02
2.37964e+00 1.19e-02
2.38056e+00 1.09e-02
2.38149e+00 9.77e-03
2.38241e+00 8.48e-03
2.38334e+00 7.43e-03
2.38426e+00 6.56e-03
2.38527e+00 5.83e-03
2.38619e+00 5.23e-03
2.38711e+00 4.72e-03
2.38812e+00 4.29e-03
2.38904e+00 3.93e-03
2.39005e+00 3.63e-03
2.39096e+00 3.37e-03
2.39197e+00 3.15e-03
2.39297e+00 2.96e-03
2.39398e+00 2.80e-03
2.39498e+00 2.66e-03
2.39598e+00 2.54e-03
2.39699e+00 2.44e-03
2.39799e+00 2.35e-03
2.39899e+00 2.27e-03
2.40007e+00 2.21e-03
2.40107e+00 2.16e-03
2.40216e+00 2.12e-03
2.40315e+00 2.10e-03
2.40424e+00 2.08e-03
2.40532e+00 2.06e-03
2.40640e+00 2.05e-03
2.40740e+00 2.04e-03
2.40848e+00 2.03e-03
2.41180e+00 2.02e-03
2.41404e+00 2.02e-03
2.41627e+00 2.02e-03
2.41859e+00 2.04e-03
2.42090e+00 2.05e-03
2.42330e+00 2.08e-03
2.42569e+00 2.10e-03
2.42816e+00 2.13e-03
2.43063e+00 2.17e-03
2.43317e+00 2.21e-03
2.43572e+00 2.25e-03
2.43825e+00 2.30e-03
2.44095e+00 2.35e-03
2.44365e+00 2.41e-03
2.44634e+00 2.48e-03
2.44911e+00 2.55e-03
2.45195e+00 2.62e-03
2.45488e+00 2.70e-03
2.45779e+00 2.79e-03
2.46087e+00 2.89e-03
2.46394e+00 3.00e-03
2.46708e+00 3.11e-03
2.47022e+00 3.24e-03
2.47191e+00 3.31e-03
2.47351e+00 3.38e-03
2.47519e+00 3.46e-03
2.47687e+00 3.53e-03
2.47855e+00 3.62e-03
2.48031e+00 3.71e-03
2.48207e+00 3.80e-03
2.48382e+00 3.89e-03
2.48566e+00 4.00e-03
2.48740e+00 4.10e-03
2.48923e+00 4.22e-03
2.49114e+00 4.34e-03
2.49304e+00 4.47e-03
2.49494e+00 4.60e-03
2.49684e+00 4.75e-03
2.49881e+00 4.90e-03
2.50078e+00 5.07e-03
2.50283e+00 5.24e-03
2.50487e+00 5.43e-03
2.50699e+00 5.63e-03
2.50911e+00 5.85e-03
2.51122e+00 6.08e-03
2.51341e+00 6.33e-03
2.51568e+00 6.60e-03
2.51786e+00 6.90e-03
2.52019e+00 7.22e-03
2.52252e+00 1.18e+00
2.52493e+00 3.65e+00
2.52733e+00 4.19e+00
2.52980e+00 1.59e+00
2.53227e+00 4.89e-01
2.53481e+00 1.77e-01
2.53742e+00 8.40e-02
2.54010e+00 5.00e-02
2.54286e+00 2.86e-02
2.54561e+00 2.21e-02
2.54843e+00 1.98e-02
2.55132e+00 1.94e-02
2.55428e+00 2.03e-02
2.55730e+00 2.17e-02
2.56048e+00 2.37e-02
2.56364e+00 2.63e-02
2.56695e+00 2.96e-02
2.57024e+00 3.37e-02
2.57376e+00 3.89e-02
2.57726e+00 4.55e-02
2.58097e+00 8.44e-01
2.58475e+00 3.92e-01
2.58867e+00 1.52e-01
2.59264e+00 1.15e-01
2.59682e+00 1.27e-01
2.60113e+00 1.51e-01
2.60565e+00 2.80e-01
2.61029e+00 2.30e-01
2.61513e+00 2.31e-01
2.62024e+00 2.46e-01
2.62554e+00 2.38e-01
2.63110e+00 2.33e-01
2.64319e+00 2.25e-01
2.65669e+00 2.17e-01
2.66410e+00 2.13e-01
2.67215e+00 2.08e-01
2.68082e+00 2.04e-01
2.69029e+00 1.99e-01
2.70069e+00 1.93e-01
2.71231e+00 1.87e-01
2.72543e+00 1.81e-01
2.74065e+00 1.73e-01
2.75874e+00 1.65e-01
2.78130e+00 1.55e-01
2.81151e+00 1.43e-01
2.85859e+00 1.26e-01
2.99573e+00 8.65e-02
