# OPACITY Project tables
-2.61515e+00 5.09e+01
-2.27341e+00 1.70e+01
-2.07433e+00 8.97e+00
-1.93351e+00 5.69e+00
-1.82455e+00 4.00e+00
-1.73574e+00 3.00e+00
-1.66078e+00 2.36e+00
-1.59603e+00 1.91e+00
-1.53898e+00 1.60e+00
-1.48802e+00 1.37e+00
-1.44198e+00 1.19e+00
-1.40003e+00 1.04e+00
-1.36148e+00 9.25e-01
-1.32584e+00 8.30e-01
-1.29269e+00 7.51e-01
-1.26174e+00 6.83e-01
-1.23268e+00 6.26e-01
-1.20531e+00 5.77e-01
-1.17944e+00 5.34e-01
-1.15493e+00 4.96e-01
-1.13165e+00 4.62e-01
-1.10945e+00 4.31e-01
-1.08827e+00 4.04e-01
-1.06799e+00 3.80e-01
-1.04857e+00 3.58e-01
-1.02994e+00 3.38e-01
-1.01200e+00 3.20e-01
-9.94739e-01 3.04e-01
-9.78086e-01 2.90e-01
-9.62021e-01 2.76e-01
-9.46492e-01 2.64e-01
-9.31455e-01 2.53e-01
-9.16916e-01 2.42e-01
-8.89113e-01 2.23e-01
-8.75797e-01 2.13e-01
-8.62868e-01 2.05e-01
-8.50292e-01 1.97e-01
-8.38057e-01 1.89e-01
-8.26130e-01 1.83e-01
-8.14502e-01 1.77e-01
-8.03185e-01 1.72e-01
-7.92106e-01 1.66e-01
-7.81301e-01 1.60e-01
-7.70741e-01 1.55e-01
-7.60420e-01 1.51e-01
-7.50331e-01 1.46e-01
-7.40469e-01 1.42e-01
-7.30787e-01 1.38e-01
-7.21320e-01 1.34e-01
-7.12045e-01 1.30e-01
-7.02955e-01 1.27e-01
-6.94048e-01 1.23e-01
-6.85298e-01 1.20e-01
-6.76723e-01 1.17e-01
-6.68298e-01 1.15e-01
-6.60041e-01 1.12e-01
-6.51909e-01 1.09e-01
-6.43938e-01 1.06e-01
-6.36087e-01 1.03e-01
-6.20808e-01 9.82e-02
-6.13357e-01 9.59e-02
-5.98801e-01 9.18e-02
-5.84687e-01 8.79e-02
-5.77803e-01 8.63e-02
-5.64314e-01 8.28e-02
-5.57725e-01 8.11e-02
-5.51231e-01 7.94e-02
-5.44831e-01 7.78e-02
-5.38505e-01 7.63e-02
-5.32288e-01 7.48e-02
-5.26142e-01 7.34e-02
-5.20085e-01 7.20e-02
-5.14098e-01 7.07e-02
-5.08196e-01 6.95e-02
-5.02362e-01 6.83e-02
-4.90925e-01 6.62e-02
-4.79779e-01 6.39e-02
-4.74301e-01 6.28e-02
-4.68884e-01 6.17e-02
-4.63545e-01 6.07e-02
-4.58265e-01 5.98e-02
-4.47882e-01 5.81e-02
-4.42778e-01 5.72e-02
-4.37730e-01 5.62e-02
-4.32739e-01 5.53e-02
-4.22922e-01 5.39e-02
-4.18095e-01 5.30e-02
-4.13321e-01 5.24e-02
-4.08585e-01 5.27e-02
-4.03901e-01 5.17e-02
-3.99284e-01 5.11e-02
-3.94688e-01 5.03e-02
-3.90158e-01 4.95e-02
-3.85662e-01 4.88e-02
-3.81216e-01 4.86e-02
-3.76819e-01 4.78e-02
-3.72456e-01 4.71e-02
-3.68126e-01 4.64e-02
-3.63858e-01 4.58e-02
-3.55419e-01 4.46e-02
-3.47135e-01 4.35e-02
-3.43054e-01 4.29e-02
-3.34997e-01 4.19e-02
-3.27088e-01 4.09e-02
-3.19310e-01 3.99e-02
-3.11661e-01 3.90e-02
-3.04150e-01 3.81e-02
-2.96750e-01 3.72e-02
-2.89484e-01 3.64e-02
-2.82323e-01 3.56e-02
-2.78788e-01 3.53e-02
-2.75279e-01 3.48e-02
-2.68350e-01 3.41e-02
-2.61521e-01 3.34e-02
-2.54802e-01 3.27e-02
-2.48167e-01 3.21e-02
-2.41639e-01 3.14e-02
-2.35203e-01 3.08e-02
-2.32020e-01 3.05e-02
-2.28860e-01 3.00e-02
-2.22606e-01 2.95e-02
-2.16441e-01 2.89e-02
-2.10363e-01 2.84e-02
-2.04359e-01 2.79e-02
-1.98439e-01 2.74e-02
-1.92590e-01 2.69e-02
-1.86824e-01 2.65e-02
-1.81126e-01 2.60e-02
-1.75509e-01 2.56e-02
-1.69958e-01 2.52e-02
-1.64474e-01 2.47e-02
-1.59054e-01 2.44e-02
-1.53699e-01 2.40e-02
-1.48407e-01 2.36e-02
-1.43189e-01 2.32e-02
-1.38021e-01 2.29e-02
-1.32914e-01 2.25e-02
-1.27867e-01 2.22e-02
-1.22868e-01 2.19e-02
-1.17928e-01 2.16e-02
-1.13057e-01 2.13e-02
-1.08220e-01 2.10e-02
-1.03440e-01 2.07e-02
-9.87160e-02 2.04e-02
-9.40360e-02 2.01e-02
-8.94106e-02 1.98e-02
-8.48283e-02 1.96e-02
-8.02994e-02 1.93e-02
-7.58125e-02 1.91e-02
-7.13671e-02 1.88e-02
-6.69735e-02 1.86e-02
-6.26097e-02 1.84e-02
-5.82967e-02 1.82e-02
-5.40233e-02 1.80e-02
-4.97997e-02 1.78e-02
-4.56042e-02 1.76e-02
-4.14576e-02 1.74e-02
-3.73385e-02 1.72e-02
-3.32673e-02 1.70e-02
-2.92229e-02 1.68e-02
-2.52255e-02 1.67e-02
-2.12543e-02 1.65e-02
-1.73293e-02 1.64e-02
-1.34298e-02 1.62e-02
-9.56560e-03 1.61e-02
-5.73642e-03 1.60e-02
-1.94188e-03 1.59e-02
1.79838e-03 1.58e-02
5.58438e-03 1.57e-02
9.25702e-03 1.56e-02
1.29162e-02 1.55e-02
1.65621e-02 1.55e-02
2.01947e-02 1.55e-02
2.19572e-02 1.55e-02
2.55703e-02 1.55e-02
2.90732e-02 1.55e-02
3.08201e-02 1.55e-02
3.25640e-02 1.55e-02
3.43048e-02 1.56e-02
3.60426e-02 1.57e-02
3.77774e-02 1.58e-02
3.95091e-02 1.60e-02
4.12379e-02 1.62e-02
4.29637e-02 1.64e-02
4.46865e-02 1.67e-02
4.64064e-02 1.69e-02
4.80280e-02 1.70e-02
4.97421e-02 1.71e-02
5.30667e-02 1.74e-02
5.64748e-02 1.76e-02
5.80802e-02 1.78e-02
5.97772e-02 1.79e-02
6.13773e-02 1.81e-02
6.29748e-02 1.83e-02
6.46635e-02 1.85e-02
6.62558e-02 1.87e-02
6.78455e-02 1.89e-02
6.95261e-02 1.92e-02
7.11106e-02 1.94e-02
7.26927e-02 1.97e-02
7.42722e-02 2.01e-02
7.58493e-02 2.04e-02
7.90884e-02 2.11e-02
8.22249e-02 2.17e-02
8.37895e-02 2.20e-02
8.52598e-02 2.24e-02
8.68197e-02 2.26e-02
8.83771e-02 2.29e-02
8.99321e-02 2.32e-02
9.14847e-02 2.34e-02
9.30349e-02 2.36e-02
9.44917e-02 2.37e-02
9.60372e-02 2.38e-02
9.75803e-02 2.39e-02
9.90305e-02 2.38e-02
1.00569e-01 2.38e-02
1.02015e-01 2.36e-02
1.03549e-01 2.35e-02
1.05080e-01 2.32e-02
1.06520e-01 2.30e-02
1.07957e-01 2.27e-02
1.09482e-01 2.23e-02
1.10915e-01 2.20e-02
1.12435e-01 2.16e-02
1.15291e-01 2.08e-02
1.18227e-01 2.00e-02
1.21067e-01 1.91e-02
1.22483e-01 1.87e-02
1.23898e-01 1.83e-02
1.25398e-01 1.79e-02
1.26809e-01 1.76e-02
1.28217e-01 1.72e-02
1.29624e-01 1.69e-02
1.31028e-01 1.66e-02
1.32431e-01 1.63e-02
1.33831e-01 1.60e-02
1.35143e-01 1.57e-02
1.36539e-01 1.55e-02
1.37934e-01 1.52e-02
1.39327e-01 1.50e-02
1.40718e-01 1.48e-02
1.43407e-01 1.44e-02
1.46176e-01 1.40e-02
1.47471e-01 1.37e-02
1.48851e-01 1.35e-02
1.50229e-01 1.33e-02
1.51519e-01 1.30e-02
1.54179e-01 1.24e-02
1.55550e-01 1.21e-02
1.56833e-01 1.18e-02
1.58200e-01 1.16e-02
1.59479e-01 1.15e-02
1.60757e-01 1.13e-02
1.62119e-01 1.12e-02
1.63394e-01 1.10e-02
1.64751e-01 1.09e-02
1.66023e-01 1.08e-02
1.68561e-01 1.06e-02
1.71176e-01 1.04e-02
1.73701e-01 1.03e-02
1.76220e-01 1.01e-02
1.78732e-01 9.93e-03
1.81321e-01 9.78e-03
1.83737e-01 9.64e-03
1.86231e-01 9.51e-03
1.88718e-01 9.39e-03
1.91199e-01 9.27e-03
1.93591e-01 9.16e-03
1.96060e-01 9.05e-03
1.98441e-01 8.95e-03
2.00898e-01 8.86e-03
2.03267e-01 8.77e-03
2.05631e-01 8.68e-03
2.07989e-01 8.60e-03
2.10342e-01 8.52e-03
2.12689e-01 8.44e-03
2.15031e-01 8.36e-03
2.17286e-01 8.29e-03
2.19617e-01 8.22e-03
2.21943e-01 8.15e-03
2.24183e-01 8.08e-03
2.26418e-01 8.02e-03
2.28728e-01 7.95e-03
2.30953e-01 7.89e-03
2.33173e-01 7.83e-03
2.35388e-01 7.77e-03
2.37599e-01 7.71e-03
2.39804e-01 7.65e-03
2.42005e-01 7.60e-03
2.44200e-01 7.54e-03
2.46313e-01 7.49e-03
2.48499e-01 7.44e-03
2.50681e-01 7.38e-03
2.52780e-01 7.33e-03
2.54875e-01 7.28e-03
2.57042e-01 7.23e-03
2.59128e-01 7.18e-03
2.61210e-01 7.13e-03
2.63287e-01 7.09e-03
2.65360e-01 7.04e-03
2.67428e-01 6.99e-03
2.69493e-01 6.95e-03
2.71553e-01 6.90e-03
2.73609e-01 6.86e-03
2.75660e-01 6.82e-03
2.77632e-01 6.77e-03
2.79675e-01 6.73e-03
2.81639e-01 6.69e-03
2.83674e-01 6.65e-03
2.85630e-01 6.61e-03
2.87582e-01 6.57e-03
2.89605e-01 6.53e-03
2.91550e-01 6.49e-03
2.93490e-01 6.45e-03
2.95427e-01 6.41e-03
2.97360e-01 6.37e-03
2.99289e-01 6.34e-03
3.01215e-01 6.30e-03
3.03137e-01 6.26e-03
3.04982e-01 6.23e-03
3.06896e-01 6.19e-03
3.08807e-01 6.16e-03
3.10641e-01 6.12e-03
3.12545e-01 6.09e-03
3.14373e-01 6.06e-03
3.16270e-01 6.02e-03
3.18090e-01 5.99e-03
3.19907e-01 5.96e-03
3.21794e-01 5.92e-03
3.23604e-01 5.89e-03
3.25411e-01 5.86e-03
3.27215e-01 5.83e-03
3.29016e-01 5.80e-03
3.30813e-01 5.77e-03
3.32608e-01 5.74e-03
3.34399e-01 5.71e-03
3.36115e-01 5.68e-03
3.37900e-01 5.65e-03
3.39681e-01 5.62e-03
3.41389e-01 5.59e-03
3.43164e-01 5.56e-03
3.44936e-01 5.54e-03
3.46635e-01 5.51e-03
3.48330e-01 5.48e-03
3.50093e-01 5.45e-03
3.51783e-01 5.43e-03
3.53470e-01 5.40e-03
3.55224e-01 5.37e-03
3.56905e-01 5.35e-03
3.58583e-01 5.32e-03
3.60259e-01 5.30e-03
3.61931e-01 5.27e-03
3.63601e-01 5.25e-03
3.65268e-01 5.22e-03
3.66932e-01 5.20e-03
3.68594e-01 5.18e-03
3.70183e-01 5.15e-03
3.71839e-01 5.13e-03
3.73493e-01 5.11e-03
3.75075e-01 5.08e-03
3.76723e-01 5.06e-03
3.78299e-01 5.04e-03
3.79942e-01 5.01e-03
3.81514e-01 4.99e-03
3.83151e-01 4.97e-03
3.84718e-01 4.95e-03
3.86282e-01 4.93e-03
3.87912e-01 4.90e-03
3.89471e-01 4.88e-03
3.91028e-01 4.86e-03
3.92582e-01 4.84e-03
3.94134e-01 4.82e-03
3.95684e-01 4.79e-03
3.97231e-01 4.77e-03
3.98038e-01 4.76e-03
3.98776e-01 5.96e-03
3.99581e-01 6.91e-03
4.01122e-01 6.88e-03
4.02661e-01 6.85e-03
4.04131e-01 6.82e-03
4.05665e-01 6.79e-03
4.07197e-01 6.76e-03
4.08726e-01 6.74e-03
4.10187e-01 6.71e-03
4.11712e-01 6.68e-03
4.13169e-01 6.65e-03
4.14689e-01 6.62e-03
4.16141e-01 6.60e-03
4.17657e-01 6.57e-03
4.19105e-01 6.54e-03
4.20616e-01 6.51e-03
4.22060e-01 6.49e-03
4.23501e-01 6.46e-03
4.25006e-01 6.43e-03
4.26444e-01 6.41e-03
4.27879e-01 6.38e-03
4.29312e-01 6.35e-03
4.30743e-01 6.33e-03
4.32172e-01 6.30e-03
4.33599e-01 6.27e-03
4.35024e-01 6.25e-03
4.36447e-01 6.22e-03
4.37868e-01 6.20e-03
4.39287e-01 6.17e-03
4.40704e-01 6.15e-03
4.42118e-01 6.12e-03
4.43467e-01 6.10e-03
4.44878e-01 6.07e-03
4.46287e-01 6.05e-03
4.47630e-01 6.02e-03
4.49035e-01 6.00e-03
4.50438e-01 5.98e-03
4.51776e-01 5.95e-03
4.53175e-01 5.93e-03
4.54509e-01 5.91e-03
4.55841e-01 5.88e-03
4.57235e-01 5.86e-03
4.58563e-01 5.84e-03
4.59953e-01 5.81e-03
4.61278e-01 5.79e-03
4.62601e-01 5.77e-03
4.63923e-01 5.75e-03
4.65305e-01 5.73e-03
4.66623e-01 5.70e-03
4.67939e-01 5.69e-03
4.69253e-01 5.67e-03
4.70566e-01 5.65e-03
4.71877e-01 5.63e-03
4.73186e-01 5.60e-03
4.74494e-01 5.58e-03
4.75799e-01 5.56e-03
4.77103e-01 5.54e-03
4.78406e-01 5.52e-03
4.79706e-01 5.50e-03
4.80944e-01 5.48e-03
4.82241e-01 5.46e-03
4.83537e-01 5.44e-03
4.84831e-01 5.42e-03
4.86062e-01 5.40e-03
4.87352e-01 5.38e-03
4.88641e-01 5.36e-03
4.89868e-01 5.34e-03
4.91153e-01 5.32e-03
4.92376e-01 5.30e-03
4.93659e-01 5.28e-03
4.94879e-01 5.26e-03
4.96159e-01 5.24e-03
4.97376e-01 5.22e-03
4.98591e-01 5.21e-03
4.99866e-01 5.19e-03
5.01078e-01 5.17e-03
5.02289e-01 5.15e-03
5.03559e-01 5.13e-03
5.04767e-01 5.12e-03
5.05974e-01 5.10e-03
5.07179e-01 5.08e-03
5.08383e-01 5.06e-03
5.09645e-01 5.04e-03
5.10846e-01 5.03e-03
5.12045e-01 5.01e-03
5.13243e-01 4.99e-03
5.14439e-01 4.98e-03
5.15634e-01 4.96e-03
5.16828e-01 4.94e-03
5.18020e-01 4.93e-03
5.19210e-01 4.91e-03
5.20340e-01 4.89e-03
5.21528e-01 4.88e-03
5.22715e-01 4.86e-03
5.23900e-01 4.84e-03
5.25083e-01 4.83e-03
5.26207e-01 4.81e-03
5.27388e-01 4.80e-03
5.28567e-01 4.78e-03
5.29687e-01 4.76e-03
5.30864e-01 4.75e-03
5.32039e-01 4.73e-03
5.33154e-01 4.72e-03
5.34327e-01 4.70e-03
5.35440e-01 4.69e-03
5.36610e-01 4.67e-03
5.37721e-01 4.66e-03
5.38888e-01 4.64e-03
5.39996e-01 4.63e-03
5.41103e-01 4.61e-03
5.42266e-01 4.60e-03
5.43370e-01 4.58e-03
5.44473e-01 4.57e-03
5.45633e-01 4.55e-03
5.46733e-01 4.54e-03
5.47832e-01 4.52e-03
5.48930e-01 4.51e-03
5.50085e-01 4.50e-03
5.51180e-01 4.48e-03
5.52275e-01 4.47e-03
5.53368e-01 4.45e-03
5.54460e-01 4.44e-03
5.55550e-01 4.43e-03
5.56640e-01 4.41e-03
5.57728e-01 4.40e-03
5.58815e-01 4.38e-03
5.59901e-01 4.37e-03
5.60986e-01 4.36e-03
5.62070e-01 4.34e-03
5.63152e-01 4.33e-03
5.64234e-01 4.32e-03
5.65314e-01 4.31e-03
5.66393e-01 4.29e-03
5.67471e-01 4.28e-03
5.68491e-01 4.27e-03
5.69566e-01 4.25e-03
5.70641e-01 4.24e-03
5.71714e-01 4.23e-03
5.72729e-01 4.22e-03
5.73800e-01 4.20e-03
5.74870e-01 4.19e-03
5.75883e-01 4.18e-03
5.76950e-01 4.17e-03
5.77961e-01 4.15e-03
5.79026e-01 4.14e-03
5.80090e-01 4.13e-03
5.81098e-01 4.12e-03
5.82160e-01 4.11e-03
5.83165e-01 4.09e-03
5.84225e-01 4.08e-03
5.85228e-01 4.07e-03
5.86230e-01 4.06e-03
5.87287e-01 4.05e-03
5.88287e-01 4.04e-03
5.89286e-01 4.02e-03
5.90339e-01 4.01e-03
5.91336e-01 4.00e-03
5.92332e-01 3.99e-03
5.93382e-01 3.98e-03
5.94376e-01 3.97e-03
5.95369e-01 3.96e-03
5.96361e-01 3.94e-03
5.97407e-01 3.93e-03
5.98397e-01 3.92e-03
5.99386e-01 3.91e-03
6.00374e-01 3.90e-03
6.01361e-01 3.89e-03
6.02347e-01 3.88e-03
6.03332e-01 3.87e-03
6.04316e-01 3.86e-03
6.05299e-01 3.85e-03
6.06281e-01 3.84e-03
6.07262e-01 3.82e-03
6.08243e-01 3.81e-03
6.09222e-01 3.80e-03
6.10200e-01 3.79e-03
6.11178e-01 3.78e-03
6.12154e-01 3.77e-03
6.13129e-01 3.76e-03
6.14104e-01 3.75e-03
6.15023e-01 3.74e-03
6.15996e-01 3.73e-03
6.16968e-01 3.72e-03
6.17939e-01 3.71e-03
6.18908e-01 3.70e-03
6.19824e-01 3.69e-03
6.20792e-01 3.68e-03
6.21759e-01 3.67e-03
6.22671e-01 3.66e-03
6.23636e-01 3.65e-03
6.24601e-01 3.64e-03
6.25511e-01 3.63e-03
6.26473e-01 3.62e-03
6.27435e-01 3.61e-03
6.28342e-01 3.60e-03
6.29302e-01 3.59e-03
6.30207e-01 3.59e-03
6.31165e-01 3.58e-03
6.32069e-01 3.57e-03
6.33026e-01 3.56e-03
6.33928e-01 3.55e-03
6.34882e-01 3.54e-03
6.35783e-01 3.53e-03
6.36683e-01 3.52e-03
6.37634e-01 3.51e-03
6.38533e-01 3.50e-03
6.39483e-01 3.49e-03
6.40379e-01 3.49e-03
6.41275e-01 3.48e-03
6.42222e-01 3.47e-03
6.43116e-01 3.46e-03
6.44009e-01 3.45e-03
6.44902e-01 3.44e-03
6.45846e-01 3.43e-03
6.46737e-01 3.42e-03
6.47627e-01 3.42e-03
6.48516e-01 3.41e-03
6.49404e-01 3.40e-03
6.50292e-01 3.39e-03
6.51231e-01 3.38e-03
6.52117e-01 3.37e-03
6.53002e-01 3.36e-03
6.53886e-01 3.36e-03
6.54770e-01 3.35e-03
6.55653e-01 3.34e-03
6.56535e-01 3.33e-03
6.57416e-01 3.32e-03
6.58297e-01 3.32e-03
6.59177e-01 3.31e-03
6.60056e-01 3.30e-03
6.60934e-01 3.29e-03
6.61811e-01 3.28e-03
6.62688e-01 3.28e-03
6.63564e-01 3.27e-03
6.64439e-01 3.26e-03
6.65262e-01 3.25e-03
6.66136e-01 3.24e-03
6.67009e-01 3.24e-03
6.67881e-01 3.23e-03
6.68752e-01 3.22e-03
6.69623e-01 3.21e-03
6.70441e-01 3.20e-03
6.71310e-01 3.20e-03
6.72179e-01 3.19e-03
6.73047e-01 3.18e-03
6.73862e-01 3.17e-03
6.74729e-01 3.17e-03
6.75594e-01 3.16e-03
6.76408e-01 3.15e-03
6.77272e-01 3.14e-03
6.78135e-01 3.14e-03
6.78947e-01 3.13e-03
6.79809e-01 3.12e-03
6.80619e-01 3.12e-03
6.81479e-01 3.11e-03
6.82339e-01 3.10e-03
6.83147e-01 3.09e-03
6.84006e-01 3.09e-03
6.84813e-01 3.08e-03
6.85669e-01 3.07e-03
6.86475e-01 3.07e-03
6.87330e-01 3.06e-03
6.88135e-01 3.05e-03
6.88989e-01 3.04e-03
6.89792e-01 3.04e-03
6.90594e-01 3.03e-03
6.91446e-01 3.02e-03
6.92247e-01 3.02e-03
6.93097e-01 3.01e-03
6.93897e-01 3.00e-03
6.94696e-01 3.00e-03
6.95544e-01 2.99e-03
6.96342e-01 2.98e-03
6.97139e-01 2.98e-03
6.97985e-01 2.97e-03
6.98781e-01 2.96e-03
6.99576e-01 2.96e-03
7.00371e-01 2.95e-03
7.01215e-01 2.94e-03
7.02008e-01 2.94e-03
7.02800e-01 2.93e-03
7.03592e-01 2.92e-03
7.04384e-01 2.92e-03
7.05224e-01 2.91e-03
7.06014e-01 2.90e-03
7.06804e-01 2.90e-03
7.07592e-01 2.89e-03
7.08381e-01 2.89e-03
7.09168e-01 2.88e-03
7.09955e-01 2.87e-03
7.10741e-01 2.87e-03
7.11527e-01 2.86e-03
7.12361e-01 2.85e-03
7.13146e-01 2.85e-03
7.13930e-01 2.84e-03
7.14713e-01 2.84e-03
7.15496e-01 2.83e-03
7.16278e-01 2.82e-03
7.17059e-01 2.82e-03
7.17791e-01 2.81e-03
7.18571e-01 2.80e-03
7.19351e-01 2.80e-03
7.20130e-01 2.79e-03
7.20908e-01 2.79e-03
7.21686e-01 2.78e-03
7.22463e-01 2.78e-03
7.23240e-01 2.77e-03
7.24016e-01 2.76e-03
7.24743e-01 2.76e-03
7.25518e-01 2.75e-03
7.26292e-01 2.75e-03
7.27065e-01 2.74e-03
7.27838e-01 2.73e-03
7.28611e-01 2.73e-03
7.29334e-01 2.72e-03
7.30106e-01 2.72e-03
7.30876e-01 2.71e-03
7.31598e-01 2.71e-03
7.32368e-01 2.70e-03
7.33137e-01 2.70e-03
7.33905e-01 2.69e-03
7.34625e-01 2.68e-03
7.35392e-01 2.68e-03
7.36159e-01 2.67e-03
7.36877e-01 2.67e-03
7.37642e-01 2.66e-03
7.38360e-01 2.66e-03
7.39124e-01 2.65e-03
7.39888e-01 2.65e-03
7.40603e-01 2.64e-03
7.41366e-01 2.63e-03
7.42080e-01 2.63e-03
7.42842e-01 2.62e-03
7.43603e-01 2.62e-03
7.44315e-01 2.61e-03
7.45075e-01 2.61e-03
7.45787e-01 2.60e-03
7.46546e-01 2.60e-03
7.47257e-01 2.59e-03
7.47967e-01 2.59e-03
7.48724e-01 2.58e-03
7.49433e-01 2.58e-03
7.50189e-01 2.57e-03
7.50897e-01 2.57e-03
7.51652e-01 2.56e-03
7.52359e-01 2.56e-03
7.53066e-01 2.55e-03
7.53819e-01 2.55e-03
7.54524e-01 2.54e-03
7.55277e-01 2.54e-03
7.55981e-01 2.53e-03
7.56685e-01 2.53e-03
7.57436e-01 2.52e-03
7.58139e-01 2.52e-03
7.58841e-01 2.51e-03
7.59543e-01 2.51e-03
7.60292e-01 2.50e-03
7.60993e-01 2.50e-03
7.61693e-01 2.49e-03
7.62393e-01 2.49e-03
7.63140e-01 2.48e-03
7.63839e-01 2.48e-03
7.64537e-01 2.47e-03
7.65235e-01 2.47e-03
7.65979e-01 2.46e-03
7.66676e-01 2.46e-03
7.67373e-01 2.45e-03
7.68069e-01 2.45e-03
7.68765e-01 2.45e-03
7.69460e-01 2.44e-03
7.70155e-01 2.44e-03
7.70895e-01 2.43e-03
7.71589e-01 2.43e-03
7.72282e-01 2.42e-03
7.72974e-01 2.42e-03
7.73667e-01 2.41e-03
7.74358e-01 2.41e-03
7.75050e-01 2.40e-03
7.75740e-01 2.40e-03
7.76431e-01 2.40e-03
7.77121e-01 2.39e-03
7.77810e-01 2.39e-03
7.78499e-01 2.38e-03
7.79187e-01 2.38e-03
7.79875e-01 2.37e-03
7.80563e-01 2.37e-03
7.81250e-01 2.36e-03
7.81936e-01 2.36e-03
7.82622e-01 2.36e-03
7.83308e-01 2.35e-03
7.83993e-01 2.35e-03
7.84677e-01 2.34e-03
7.85362e-01 2.34e-03
7.86000e-01 2.33e-03
7.86683e-01 2.33e-03
7.87366e-01 2.33e-03
7.88048e-01 2.32e-03
7.88730e-01 2.32e-03
7.89411e-01 2.31e-03
7.90092e-01 2.31e-03
7.90728e-01 2.30e-03
7.91408e-01 2.30e-03
7.92087e-01 2.30e-03
7.92766e-01 2.29e-03
7.93445e-01 2.29e-03
7.94078e-01 2.28e-03
7.94756e-01 2.28e-03
7.95433e-01 2.28e-03
7.96110e-01 2.27e-03
7.96741e-01 2.27e-03
7.97417e-01 2.26e-03
7.98093e-01 2.26e-03
7.98768e-01 2.26e-03
7.99397e-01 2.25e-03
8.00071e-01 2.25e-03
8.00745e-01 2.24e-03
8.01374e-01 2.24e-03
8.02046e-01 2.24e-03
8.02719e-01 2.23e-03
8.03346e-01 2.23e-03
8.04017e-01 2.22e-03
8.04644e-01 2.22e-03
8.05314e-01 2.22e-03
8.05985e-01 2.21e-03
8.06610e-01 2.21e-03
8.07279e-01 2.21e-03
8.07903e-01 2.20e-03
8.08572e-01 2.20e-03
8.09240e-01 2.19e-03
8.09863e-01 2.19e-03
8.10530e-01 2.19e-03
8.11152e-01 2.18e-03
8.11819e-01 2.18e-03
8.12440e-01 2.17e-03
8.13106e-01 2.17e-03
8.13726e-01 2.17e-03
8.14391e-01 2.16e-03
8.15011e-01 2.16e-03
8.15674e-01 2.16e-03
8.16294e-01 2.15e-03
8.16956e-01 2.15e-03
8.17575e-01 2.15e-03
8.18193e-01 2.14e-03
8.18854e-01 2.14e-03
8.19471e-01 2.13e-03
8.20132e-01 2.13e-03
8.20749e-01 2.13e-03
8.21364e-01 2.12e-03
8.22024e-01 2.12e-03
8.22639e-01 2.12e-03
8.23298e-01 2.11e-03
8.23912e-01 2.11e-03
8.24526e-01 2.11e-03
8.25184e-01 2.10e-03
8.25797e-01 2.10e-03
8.26410e-01 2.10e-03
8.27066e-01 2.09e-03
8.27678e-01 2.09e-03
8.28290e-01 2.09e-03
8.28945e-01 2.08e-03
8.29556e-01 2.08e-03
8.30166e-01 2.08e-03
8.30776e-01 2.07e-03
8.31430e-01 2.07e-03
8.32039e-01 2.07e-03
8.32648e-01 2.06e-03
8.33257e-01 2.06e-03
8.33909e-01 2.06e-03
8.34517e-01 2.05e-03
8.35124e-01 2.05e-03
8.35731e-01 2.05e-03
8.36338e-01 2.04e-03
8.36988e-01 2.04e-03
8.37594e-01 2.04e-03
8.38199e-01 2.03e-03
8.38805e-01 2.03e-03
8.39410e-01 2.03e-03
8.40014e-01 2.02e-03
8.40618e-01 2.02e-03
8.41265e-01 2.02e-03
8.41869e-01 2.01e-03
8.42472e-01 2.01e-03
8.43075e-01 2.01e-03
8.43677e-01 2.00e-03
8.44279e-01 2.00e-03
8.44881e-01 2.00e-03
8.45482e-01 2.00e-03
8.46083e-01 1.99e-03
8.46683e-01 1.99e-03
8.47284e-01 1.99e-03
8.47883e-01 1.98e-03
8.48526e-01 1.98e-03
8.49125e-01 1.98e-03
8.49723e-01 1.97e-03
8.50322e-01 1.97e-03
8.50920e-01 1.97e-03
8.51518e-01 1.97e-03
8.52115e-01 1.96e-03
8.52712e-01 1.96e-03
8.53308e-01 1.96e-03
8.53862e-01 1.95e-03
8.54458e-01 1.95e-03
8.55053e-01 1.95e-03
8.55649e-01 1.94e-03
8.56243e-01 1.94e-03
8.56838e-01 1.94e-03
8.57432e-01 1.94e-03
8.58026e-01 1.93e-03
8.58619e-01 1.93e-03
8.59212e-01 1.93e-03
8.59805e-01 1.92e-03
8.60397e-01 1.92e-03
8.60947e-01 1.92e-03
8.61539e-01 1.92e-03
8.62130e-01 1.91e-03
8.62721e-01 1.91e-03
8.63312e-01 1.91e-03
8.63902e-01 1.90e-03
8.64492e-01 1.90e-03
8.65040e-01 1.90e-03
8.65629e-01 1.90e-03
8.66218e-01 1.89e-03
8.66806e-01 1.89e-03
8.67395e-01 1.89e-03
8.67940e-01 1.88e-03
8.68528e-01 1.88e-03
8.69115e-01 1.88e-03
8.69702e-01 1.88e-03
8.70289e-01 1.87e-03
8.70833e-01 1.87e-03
8.71419e-01 1.87e-03
8.72004e-01 1.87e-03
8.72548e-01 1.86e-03
8.73133e-01 1.86e-03
8.73717e-01 1.86e-03
8.74301e-01 1.86e-03
8.74844e-01 1.85e-03
8.75427e-01 1.85e-03
8.76010e-01 1.85e-03
8.76551e-01 1.84e-03
8.77134e-01 1.84e-03
8.77716e-01 1.84e-03
8.78257e-01 1.84e-03
8.78838e-01 1.83e-03
8.79419e-01 1.83e-03
8.79959e-01 1.83e-03
8.80539e-01 1.83e-03
8.81119e-01 1.82e-03
8.81658e-01 1.82e-03
8.82237e-01 1.82e-03
8.82775e-01 1.82e-03
8.83354e-01 1.81e-03
8.83933e-01 1.81e-03
8.84470e-01 1.81e-03
8.85048e-01 1.81e-03
8.85584e-01 1.80e-03
8.86161e-01 1.80e-03
8.86738e-01 1.80e-03
8.87274e-01 1.80e-03
8.87850e-01 1.80e-03
8.88385e-01 1.79e-03
8.88961e-01 1.79e-03
8.89495e-01 1.79e-03
8.90070e-01 1.79e-03
8.90604e-01 1.78e-03
8.91178e-01 1.78e-03
8.91711e-01 1.78e-03
8.92285e-01 1.78e-03
8.92817e-01 1.77e-03
8.93391e-01 1.77e-03
8.93922e-01 1.77e-03
8.94495e-01 1.77e-03
8.95026e-01 1.76e-03
8.95598e-01 1.76e-03
8.96129e-01 1.76e-03
8.96700e-01 1.76e-03
8.97230e-01 1.76e-03
8.97760e-01 1.75e-03
8.98330e-01 1.75e-03
8.98860e-01 1.75e-03
8.99429e-01 1.75e-03
8.99958e-01 1.74e-03
9.00527e-01 1.74e-03
9.01055e-01 1.74e-03
9.01583e-01 1.74e-03
9.02151e-01 1.74e-03
9.02679e-01 1.73e-03
9.03205e-01 1.73e-03
9.03773e-01 1.73e-03
9.04299e-01 1.73e-03
9.04866e-01 1.72e-03
9.05392e-01 1.72e-03
9.05917e-01 1.72e-03
9.06483e-01 1.72e-03
9.07008e-01 1.72e-03
9.07532e-01 1.71e-03
9.08097e-01 1.71e-03
9.08621e-01 1.71e-03
9.09145e-01 1.71e-03
9.09669e-01 1.71e-03
9.10232e-01 1.70e-03
9.10755e-01 1.70e-03
9.11278e-01 1.70e-03
9.11841e-01 1.70e-03
9.12363e-01 1.70e-03
9.12885e-01 1.69e-03
9.13407e-01 1.69e-03
9.13968e-01 1.69e-03
9.14489e-01 1.69e-03
9.15010e-01 1.69e-03
9.15530e-01 1.68e-03
9.16091e-01 1.68e-03
9.16611e-01 1.68e-03
9.17130e-01 1.68e-03
9.17650e-01 1.68e-03
9.18169e-01 1.67e-03
9.18728e-01 1.67e-03
9.19246e-01 1.67e-03
9.19765e-01 1.67e-03
9.20283e-01 1.67e-03
9.20801e-01 1.66e-03
9.21358e-01 1.66e-03
9.21875e-01 1.66e-03
9.22392e-01 1.66e-03
9.22909e-01 1.66e-03
9.23425e-01 1.65e-03
9.23941e-01 1.65e-03
9.24457e-01 1.65e-03
9.25013e-01 1.65e-03
9.25528e-01 1.65e-03
9.26043e-01 1.65e-03
9.26558e-01 1.64e-03
9.27072e-01 1.64e-03
9.27587e-01 1.64e-03
9.28101e-01 1.64e-03
9.28614e-01 1.64e-03
9.29128e-01 1.63e-03
9.29681e-01 1.63e-03
9.30194e-01 1.63e-03
9.30706e-01 1.63e-03
9.31219e-01 1.63e-03
9.31731e-01 1.63e-03
9.32243e-01 1.62e-03
9.32754e-01 1.62e-03
9.33266e-01 1.62e-03
9.33777e-01 1.62e-03
9.34288e-01 1.62e-03
9.34798e-01 1.62e-03
9.35309e-01 1.61e-03
9.35819e-01 1.61e-03
9.36329e-01 1.61e-03
9.36838e-01 1.61e-03
9.37347e-01 1.61e-03
9.37857e-01 1.61e-03
9.38365e-01 1.60e-03
9.38874e-01 1.60e-03
9.39382e-01 1.60e-03
9.39890e-01 1.60e-03
9.40398e-01 1.60e-03
9.40905e-01 1.60e-03
9.41413e-01 1.59e-03
9.49687e-01 1.57e-03
9.58814e-01 1.54e-03
9.67326e-01 1.52e-03
9.75239e-01 1.51e-03
9.82565e-01 1.49e-03
9.91213e-01 1.48e-03
1.00015e+00 1.47e-03
1.00719e+00 1.46e-03
1.01371e+00 1.46e-03
1.01946e+00 1.46e-03
1.02471e+00 1.46e-03
1.02908e+00 1.47e-03
1.03254e+00 1.47e-03
1.03557e+00 1.48e-03
1.03815e+00 1.48e-03
1.03985e+00 1.49e-03
1.04112e+00 1.49e-03
1.04197e+00 1.50e-03
1.04282e+00 1.50e-03
1.04324e+00 1.50e-03
1.04370e+00 1.50e-03
1.04412e+00 1.50e-03
1.04454e+00 1.51e-03
1.04497e+00 1.51e-03
1.04665e+00 1.51e-03
1.04707e+00 1.52e-03
1.04749e+00 1.52e-03
1.04792e+00 1.52e-03
1.04834e+00 1.52e-03
1.04876e+00 1.52e-03
1.04918e+00 1.53e-03
1.04960e+00 1.53e-03
1.05002e+00 1.53e-03
1.05044e+00 1.53e-03
1.05086e+00 1.53e-03
1.05128e+00 1.54e-03
1.05170e+00 1.54e-03
1.05211e+00 1.54e-03
1.05253e+00 1.54e-03
1.05295e+00 1.55e-03
1.05337e+00 1.55e-03
1.05379e+00 1.55e-03
1.05421e+00 1.55e-03
1.05463e+00 1.56e-03
1.05504e+00 1.56e-03
1.05543e+00 1.56e-03
1.05584e+00 1.57e-03
1.05626e+00 1.57e-03
1.05668e+00 1.57e-03
1.05710e+00 1.58e-03
1.05751e+00 1.58e-03
1.05793e+00 1.58e-03
1.05835e+00 1.58e-03
1.05876e+00 1.59e-03
1.05918e+00 1.59e-03
1.05959e+00 1.60e-03
1.06001e+00 1.60e-03
1.06043e+00 1.60e-03
1.06084e+00 1.61e-03
1.06126e+00 1.61e-03
1.06164e+00 1.61e-03
1.06205e+00 1.62e-03
1.06247e+00 1.62e-03
1.06288e+00 1.63e-03
1.06330e+00 1.63e-03
1.06371e+00 1.64e-03
1.06412e+00 1.64e-03
1.06454e+00 1.64e-03
1.06495e+00 1.65e-03
1.06537e+00 1.65e-03
1.06574e+00 1.66e-03
1.06616e+00 1.66e-03
1.06657e+00 1.67e-03
1.06698e+00 1.67e-03
1.06740e+00 1.68e-03
1.06781e+00 1.68e-03
1.06822e+00 1.69e-03
1.06860e+00 1.69e-03
1.06901e+00 1.70e-03
1.06942e+00 1.71e-03
1.06984e+00 1.71e-03
1.07025e+00 1.72e-03
1.07066e+00 1.72e-03
1.07107e+00 1.73e-03
1.07145e+00 1.74e-03
1.07186e+00 1.74e-03
1.07227e+00 1.75e-03
1.07268e+00 1.76e-03
1.07309e+00 1.76e-03
1.07350e+00 1.77e-03
1.07388e+00 1.78e-03
1.07429e+00 1.79e-03
1.07470e+00 1.79e-03
1.07510e+00 1.80e-03
1.07551e+00 1.81e-03
1.07592e+00 1.82e-03
1.07630e+00 1.83e-03
1.07671e+00 1.84e-03
1.07712e+00 1.84e-03
1.07752e+00 1.85e-03
1.07793e+00 1.86e-03
1.07831e+00 1.87e-03
1.07872e+00 1.88e-03
1.07912e+00 1.89e-03
1.07953e+00 1.90e-03
1.07991e+00 1.91e-03
1.08031e+00 1.93e-03
1.08072e+00 1.94e-03
1.08113e+00 1.95e-03
1.08153e+00 1.96e-03
1.08191e+00 1.97e-03
1.08231e+00 1.98e-03
1.08272e+00 1.99e-03
1.08313e+00 2.01e-03
1.08350e+00 2.02e-03
1.08390e+00 2.03e-03
1.08431e+00 2.05e-03
1.08472e+00 2.06e-03
1.08509e+00 2.07e-03
1.08549e+00 2.09e-03
1.08590e+00 2.10e-03
1.08630e+00 2.12e-03
1.08667e+00 2.13e-03
1.08708e+00 2.15e-03
1.08748e+00 2.17e-03
1.08789e+00 2.18e-03
1.08826e+00 2.20e-03
1.08866e+00 2.22e-03
1.08907e+00 2.24e-03
1.08947e+00 2.26e-03
1.08984e+00 2.28e-03
1.09024e+00 2.30e-03
1.09065e+00 2.32e-03
1.09102e+00 2.34e-03
1.09142e+00 2.36e-03
1.09182e+00 2.38e-03
1.09223e+00 2.41e-03
1.09259e+00 2.43e-03
1.09300e+00 2.46e-03
1.09340e+00 2.48e-03
1.09377e+00 2.51e-03
1.09417e+00 2.54e-03
1.09457e+00 2.56e-03
1.09494e+00 2.59e-03
1.09534e+00 2.62e-03
1.09574e+00 2.65e-03
1.09611e+00 2.69e-03
1.09651e+00 2.72e-03
1.09691e+00 2.75e-03
1.09728e+00 2.79e-03
1.09768e+00 2.83e-03
1.09808e+00 2.86e-03
1.09845e+00 2.90e-03
1.09885e+00 2.95e-03
1.09925e+00 2.99e-03
1.09961e+00 3.03e-03
1.10001e+00 3.08e-03
1.10021e+00 3.10e-03
1.10061e+00 3.15e-03
1.10098e+00 3.20e-03
1.10138e+00 3.26e-03
1.10157e+00 3.29e-03
1.10194e+00 3.34e-03
1.10234e+00 3.40e-03
1.10274e+00 3.47e-03
1.10290e+00 3.50e-03
1.10330e+00 3.56e-03
1.10350e+00 3.60e-03
1.10390e+00 3.67e-03
1.10426e+00 3.75e-03
1.10466e+00 3.83e-03
1.10486e+00 3.87e-03
1.10522e+00 3.95e-03
1.10562e+00 4.04e-03
1.10599e+00 4.14e-03
1.10618e+00 4.19e-03
1.10658e+00 4.29e-03
1.10678e+00 4.35e-03
1.10698e+00 4.40e-03
1.10734e+00 4.52e-03
1.10754e+00 4.58e-03
1.10794e+00 4.71e-03
1.10810e+00 4.78e-03
1.10830e+00 4.85e-03
1.10869e+00 5.00e-03
1.10889e+00 5.08e-03
1.10926e+00 5.25e-03
1.10945e+00 5.33e-03
1.10965e+00 5.43e-03
1.11001e+00 5.62e-03
1.11021e+00 5.72e-03
1.11061e+00 5.94e-03
1.11080e+00 6.05e-03
1.11097e+00 6.18e-03
1.11136e+00 6.45e-03
1.11156e+00 6.59e-03
1.11192e+00 6.90e-03
1.11212e+00 7.05e-03
1.11252e+00 7.42e-03
1.11268e+00 7.60e-03
1.11288e+00 7.81e-03
1.11327e+00 8.26e-03
1.11347e+00 8.49e-03
1.11383e+00 9.04e-03
1.11403e+00 9.32e-03
1.11422e+00 9.63e-03
1.11458e+00 1.03e-02
1.11478e+00 1.06e-02
1.11517e+00 1.14e-02
1.11534e+00 1.18e-02
1.11553e+00 1.23e-02
1.11593e+00 1.32e-02
1.11612e+00 1.36e-02
1.11648e+00 1.46e-02
1.11668e+00 1.50e-02
1.11704e+00 1.59e-02
1.11724e+00 1.64e-02
1.11743e+00 1.68e-02
1.11783e+00 1.75e-02
1.11799e+00 1.79e-02
1.11819e+00 1.82e-02
1.11858e+00 1.89e-02
1.11874e+00 1.91e-02
1.11913e+00 1.96e-02
1.11933e+00 1.99e-02
1.11969e+00 2.02e-02
1.11988e+00 2.04e-02
1.12008e+00 2.06e-02
1.12044e+00 2.09e-02
1.12063e+00 2.11e-02
1.12103e+00 2.13e-02
1.12138e+00 2.16e-02
1.12178e+00 2.18e-02
1.12213e+00 2.20e-02
1.12252e+00 2.23e-02
1.12288e+00 2.26e-02
1.12327e+00 2.29e-02
1.12363e+00 2.32e-02
1.12383e+00 2.34e-02
1.12402e+00 2.36e-02
1.12438e+00 2.40e-02
1.12457e+00 2.42e-02
1.12496e+00 2.47e-02
1.12512e+00 2.50e-02
1.12532e+00 2.53e-02
1.12571e+00 2.59e-02
1.12587e+00 2.63e-02
1.12626e+00 2.70e-02
1.12645e+00 2.74e-02
1.12662e+00 2.78e-02
1.12701e+00 2.87e-02
1.12720e+00 2.92e-02
1.12756e+00 3.01e-02
1.12794e+00 3.11e-02
1.12830e+00 3.22e-02
1.12849e+00 3.27e-02
1.12885e+00 3.37e-02
1.12904e+00 3.41e-02
1.12943e+00 3.50e-02
1.12959e+00 3.54e-02
1.12979e+00 3.58e-02
1.13018e+00 3.62e-02
1.13034e+00 3.64e-02
1.13053e+00 4.31e-02
1.13092e+00 5.96e-02
1.13108e+00 6.50e-02
1.13147e+00 6.39e-02
1.13166e+00 6.34e-02
1.13182e+00 6.33e-02
1.13221e+00 6.33e-02
1.13237e+00 6.33e-02
1.13276e+00 6.30e-02
1.13295e+00 6.29e-02
1.13311e+00 6.25e-02
1.13350e+00 6.16e-02
1.13369e+00 6.12e-02
1.13404e+00 6.01e-02
1.13443e+00 5.91e-02
1.13478e+00 5.80e-02
1.13514e+00 5.70e-02
1.13552e+00 5.59e-02
1.13588e+00 5.50e-02
1.13626e+00 5.41e-02
1.13661e+00 5.33e-02
1.13681e+00 5.28e-02
1.13716e+00 5.21e-02
1.13754e+00 5.15e-02
1.13790e+00 5.09e-02
1.13809e+00 5.06e-02
1.13844e+00 5.01e-02
1.13883e+00 4.97e-02
1.13918e+00 4.93e-02
1.13937e+00 4.91e-02
1.13972e+00 4.88e-02
1.14011e+00 4.84e-02
1.14046e+00 4.82e-02
1.14084e+00 4.79e-02
1.14119e+00 4.76e-02
1.14158e+00 4.74e-02
1.14193e+00 4.71e-02
1.14228e+00 4.68e-02
1.14266e+00 4.65e-02
1.14301e+00 4.62e-02
1.14320e+00 4.60e-02
1.14355e+00 4.56e-02
1.14394e+00 4.52e-02
1.14429e+00 4.47e-02
1.14448e+00 4.45e-02
1.14483e+00 4.39e-02
1.14521e+00 4.33e-02
1.14556e+00 4.26e-02
1.14575e+00 4.23e-02
1.14610e+00 4.16e-02
1.14648e+00 4.08e-02
1.14683e+00 4.01e-02
1.14702e+00 3.98e-02
1.14737e+00 3.91e-02
1.14775e+00 3.85e-02
1.14810e+00 3.79e-02
1.14829e+00 3.77e-02
1.14864e+00 3.72e-02
1.14899e+00 3.68e-02
1.14937e+00 3.64e-02
1.14956e+00 3.62e-02
1.14991e+00 3.59e-02
1.15026e+00 3.56e-02
1.15064e+00 3.54e-02
1.15098e+00 3.52e-02
1.15133e+00 3.50e-02
1.15171e+00 3.48e-02
1.15206e+00 3.46e-02
1.15244e+00 3.45e-02
1.15278e+00 3.43e-02
1.15313e+00 3.42e-02
1.15351e+00 3.41e-02
1.15386e+00 3.40e-02
1.15420e+00 3.39e-02
1.15458e+00 3.38e-02
1.15493e+00 3.37e-02
1.15528e+00 3.36e-02
1.15565e+00 3.35e-02
1.15600e+00 3.34e-02
1.15638e+00 3.34e-02
1.15672e+00 3.33e-02
1.15707e+00 3.33e-02
1.15745e+00 3.32e-02
1.15779e+00 3.31e-02
1.15814e+00 3.31e-02
1.15852e+00 3.30e-02
1.15886e+00 3.30e-02
1.15921e+00 3.30e-02
1.15958e+00 3.29e-02
1.15993e+00 3.29e-02
1.16027e+00 3.28e-02
1.16365e+00 3.26e-02
1.16770e+00 3.23e-02
1.17279e+00 3.21e-02
1.18678e+00 3.16e-02
1.19969e+00 3.11e-02
1.21006e+00 3.06e-02
1.21915e+00 3.03e-02
1.21980e+00 3.02e-02
1.25496e+00 2.84e-02
1.26311e+00 2.80e-02
1.26855e+00 2.78e-02
1.26931e+00 2.77e-02
1.26948e+00 5.95e-02
1.26979e+00 3.04e-01
1.26993e+00 4.27e-01
1.27010e+00 4.15e-01
1.27041e+00 2.30e-01
1.27055e+00 1.37e-01
1.27072e+00 1.07e-01
1.27102e+00 4.69e-02
1.27116e+00 4.90e-02
1.27147e+00 1.68e-01
1.27164e+00 2.28e-01
1.27178e+00 2.35e-01
1.27209e+00 2.10e-01
1.27226e+00 1.96e-01
1.27257e+00 1.39e-01
1.27271e+00 1.10e-01
1.27287e+00 1.13e-01
1.27318e+00 1.94e-01
1.27332e+00 2.35e-01
1.27349e+00 1.94e-01
1.27380e+00 7.59e-02
1.27394e+00 2.75e-02
1.33052e+00 2.52e-02
1.34966e+00 2.44e-02
1.42393e+00 2.16e-02
1.49582e+00 1.92e-02
1.54894e+00 1.77e-02
1.56287e+00 1.73e-02
1.59359e+00 1.67e-02
1.61462e+00 1.63e-02
1.62498e+00 1.61e-02
1.62946e+00 1.60e-02
1.64111e+00 1.59e-02
1.65048e+00 1.59e-02
1.65834e+00 1.59e-02
1.66531e+00 1.59e-02
1.67100e+00 1.60e-02
1.67620e+00 1.61e-02
1.68060e+00 1.62e-02
1.68582e+00 1.64e-02
1.68999e+00 1.66e-02
1.69234e+00 1.67e-02
1.69495e+00 1.68e-02
1.69679e+00 1.69e-02
1.69758e+00 1.70e-02
1.69785e+00 1.70e-02
1.69811e+00 1.70e-02
1.69836e+00 1.70e-02
1.69864e+00 1.70e-02
1.69889e+00 1.71e-02
1.69915e+00 1.71e-02
1.69942e+00 1.71e-02
1.69968e+00 1.71e-02
1.69994e+00 1.71e-02
1.70021e+00 1.71e-02
1.70047e+00 1.72e-02
1.70074e+00 1.72e-02
1.70100e+00 1.72e-02
1.70125e+00 1.72e-02
1.70152e+00 1.72e-02
1.70178e+00 1.73e-02
1.70205e+00 1.73e-02
1.70231e+00 1.73e-02
1.70256e+00 1.73e-02
1.70284e+00 1.73e-02
1.70309e+00 1.74e-02
1.70337e+00 1.74e-02
1.70362e+00 1.74e-02
1.70389e+00 1.74e-02
1.70415e+00 1.75e-02
1.70442e+00 1.75e-02
1.70468e+00 1.75e-02
1.70495e+00 1.75e-02
1.70520e+00 1.75e-02
1.70548e+00 1.76e-02
1.70573e+00 1.76e-02
1.70600e+00 1.76e-02
1.70626e+00 1.76e-02
1.70653e+00 1.77e-02
1.70678e+00 1.77e-02
1.70705e+00 1.77e-02
1.70731e+00 1.77e-02
1.70758e+00 1.78e-02
1.70783e+00 1.78e-02
1.70811e+00 1.78e-02
1.70836e+00 1.78e-02
1.70863e+00 1.79e-02
1.70890e+00 1.79e-02
1.70916e+00 1.79e-02
1.70943e+00 1.80e-02
1.70968e+00 1.80e-02
1.70995e+00 1.80e-02
1.71022e+00 1.81e-02
1.71048e+00 1.81e-02
1.71075e+00 1.81e-02
1.71100e+00 1.81e-02
1.71127e+00 1.82e-02
1.71154e+00 1.82e-02
1.71180e+00 1.82e-02
1.71207e+00 1.83e-02
1.71234e+00 1.83e-02
1.71259e+00 1.83e-02
1.71286e+00 1.84e-02
1.71313e+00 1.84e-02
1.71338e+00 1.84e-02
1.71365e+00 1.85e-02
1.71392e+00 1.85e-02
1.71418e+00 1.85e-02
1.71445e+00 1.86e-02
1.71472e+00 1.86e-02
1.71497e+00 1.87e-02
1.71524e+00 1.87e-02
1.71551e+00 1.87e-02
1.71578e+00 1.88e-02
1.71603e+00 1.88e-02
1.71630e+00 1.88e-02
1.71657e+00 1.89e-02
1.71684e+00 1.89e-02
1.71709e+00 1.90e-02
1.71736e+00 1.90e-02
1.71763e+00 1.90e-02
1.71790e+00 1.91e-02
1.71817e+00 1.91e-02
1.71842e+00 1.92e-02
1.71869e+00 1.92e-02
1.71896e+00 1.93e-02
1.71922e+00 1.93e-02
1.71949e+00 1.94e-02
1.71974e+00 1.94e-02
1.72001e+00 1.94e-02
1.72028e+00 1.95e-02
1.72055e+00 1.95e-02
1.72082e+00 1.96e-02
1.72109e+00 1.96e-02
1.72135e+00 1.97e-02
1.72161e+00 1.97e-02
1.72187e+00 1.98e-02
1.72214e+00 1.99e-02
1.72241e+00 1.99e-02
1.72268e+00 2.00e-02
1.72295e+00 2.00e-02
1.72321e+00 2.01e-02
1.72348e+00 2.01e-02
1.72375e+00 2.02e-02
1.72402e+00 2.02e-02
1.72428e+00 2.03e-02
1.72455e+00 2.04e-02
1.72480e+00 2.04e-02
1.72507e+00 2.05e-02
1.72533e+00 2.06e-02
1.72560e+00 2.06e-02
1.72587e+00 2.07e-02
1.72614e+00 2.08e-02
1.72640e+00 2.08e-02
1.72667e+00 2.09e-02
1.72694e+00 2.10e-02
1.72720e+00 2.10e-02
1.72747e+00 2.11e-02
1.72774e+00 2.12e-02
1.72800e+00 2.13e-02
1.72829e+00 2.13e-02
1.72855e+00 2.14e-02
1.72882e+00 2.15e-02
1.72909e+00 2.16e-02
1.72935e+00 2.16e-02
1.72962e+00 2.17e-02
1.72988e+00 2.18e-02
1.73015e+00 2.19e-02
1.73042e+00 2.20e-02
1.73068e+00 2.21e-02
1.73095e+00 2.22e-02
1.73121e+00 2.23e-02
1.73150e+00 2.23e-02
1.73176e+00 2.24e-02
1.73203e+00 2.25e-02
1.73229e+00 2.26e-02
1.73256e+00 2.27e-02
1.73282e+00 2.28e-02
1.73309e+00 2.29e-02
1.73337e+00 2.30e-02
1.73364e+00 2.31e-02
1.73390e+00 2.33e-02
1.73417e+00 2.34e-02
1.73443e+00 2.35e-02
1.73471e+00 2.36e-02
1.73498e+00 2.37e-02
1.73524e+00 2.39e-02
1.73551e+00 2.40e-02
1.73579e+00 2.41e-02
1.73605e+00 2.43e-02
1.73632e+00 2.44e-02
1.73658e+00 2.46e-02
1.73686e+00 2.47e-02
1.73713e+00 2.49e-02
1.73739e+00 2.50e-02
1.73766e+00 2.52e-02
1.73794e+00 2.53e-02
1.73820e+00 2.55e-02
1.73846e+00 2.57e-02
1.73875e+00 2.58e-02
1.73901e+00 2.60e-02
1.73927e+00 2.62e-02
1.73955e+00 2.64e-02
1.73982e+00 2.65e-02
1.74008e+00 2.67e-02
1.74036e+00 2.69e-02
1.74062e+00 2.71e-02
1.74089e+00 2.73e-02
1.74117e+00 2.75e-02
1.74143e+00 2.77e-02
1.74171e+00 2.79e-02
1.74197e+00 2.81e-02
1.74224e+00 2.83e-02
1.74252e+00 2.86e-02
1.74278e+00 2.88e-02
1.74306e+00 2.90e-02
1.74332e+00 2.93e-02
1.74360e+00 2.95e-02
1.74386e+00 2.98e-02
1.74414e+00 3.00e-02
1.74441e+00 3.03e-02
1.74467e+00 3.05e-02
1.74495e+00 3.08e-02
1.74521e+00 3.11e-02
1.74549e+00 3.13e-02
1.74575e+00 3.16e-02
1.74603e+00 3.19e-02
1.74629e+00 3.22e-02
1.74657e+00 3.25e-02
1.74685e+00 3.28e-02
1.74711e+00 3.31e-02
1.74739e+00 3.35e-02
1.74765e+00 3.38e-02
1.74793e+00 3.41e-02
1.74819e+00 3.45e-02
1.74847e+00 3.48e-02
1.74875e+00 3.52e-02
1.74901e+00 3.55e-02
1.74929e+00 3.59e-02
1.74955e+00 3.63e-02
1.74983e+00 3.68e-02
1.75010e+00 3.72e-02
1.75036e+00 3.77e-02
1.75064e+00 3.82e-02
1.75092e+00 3.87e-02
1.75104e+00 3.90e-02
1.75132e+00 3.95e-02
1.75160e+00 4.01e-02
1.75174e+00 4.04e-02
1.75200e+00 4.11e-02
1.75213e+00 4.15e-02
1.75241e+00 4.23e-02
1.75255e+00 4.27e-02
1.75281e+00 4.36e-02
1.75309e+00 4.47e-02
1.75323e+00 4.53e-02
1.75350e+00 4.67e-02
1.75376e+00 4.83e-02
1.75390e+00 4.91e-02
1.75418e+00 5.09e-02
1.75446e+00 5.28e-02
1.75459e+00 5.37e-02
1.75485e+00 5.55e-02
1.75513e+00 5.70e-02
1.75527e+00 5.78e-02
1.75554e+00 5.91e-02
1.75582e+00 6.04e-02
1.75608e+00 6.17e-02
1.75636e+00 6.29e-02
1.75663e+00 6.40e-02
1.75691e+00 6.52e-02
1.75719e+00 6.63e-02
1.75746e+00 6.75e-02
1.75772e+00 6.87e-02
1.75800e+00 6.99e-02
1.75827e+00 7.11e-02
1.75855e+00 7.23e-02
1.75882e+00 7.36e-02
1.75910e+00 7.48e-02
1.75937e+00 7.61e-02
1.75965e+00 7.75e-02
1.75991e+00 7.89e-02
1.76018e+00 8.03e-02
1.76046e+00 8.17e-02
1.76073e+00 8.32e-02
1.76101e+00 8.48e-02
1.76128e+00 8.64e-02
1.76156e+00 8.80e-02
1.76183e+00 8.97e-02
1.76211e+00 9.15e-02
1.76238e+00 9.33e-02
1.76266e+00 9.53e-02
1.76293e+00 9.72e-02
1.76321e+00 9.93e-02
1.76348e+00 1.01e-01
1.76375e+00 1.04e-01
1.76403e+00 1.06e-01
1.76417e+00 1.07e-01
1.76444e+00 1.10e-01
1.76471e+00 1.12e-01
1.76485e+00 1.13e-01
1.76512e+00 1.16e-01
1.76540e+00 1.19e-01
1.76555e+00 1.21e-01
1.76583e+00 1.24e-01
1.76610e+00 1.27e-01
1.76624e+00 1.29e-01
1.76651e+00 1.32e-01
1.76678e+00 1.36e-01
1.76692e+00 1.38e-01
1.76719e+00 1.42e-01
1.76747e+00 1.47e-01
1.76760e+00 1.49e-01
1.76789e+00 1.54e-01
1.76817e+00 1.59e-01
1.76830e+00 1.62e-01
1.76858e+00 1.67e-01
1.76871e+00 1.71e-01
1.76885e+00 1.74e-01
1.76899e+00 1.77e-01
1.76926e+00 1.85e-01
1.76941e+00 1.89e-01
1.76955e+00 1.93e-01
1.76968e+00 1.98e-01
1.76996e+00 2.08e-01
1.77009e+00 2.14e-01
1.77023e+00 2.20e-01
1.77037e+00 2.27e-01
1.77065e+00 2.42e-01
1.77093e+00 2.59e-01
1.77106e+00 2.69e-01
1.77134e+00 2.89e-01
1.77161e+00 3.10e-01
1.77190e+00 3.31e-01
1.77203e+00 3.41e-01
1.77230e+00 3.61e-01
1.77244e+00 3.70e-01
1.77258e+00 3.79e-01
1.77273e+00 3.88e-01
1.77300e+00 4.03e-01
1.77314e+00 4.10e-01
1.77327e+00 4.16e-01
1.77341e+00 4.23e-01
1.77370e+00 4.34e-01
1.77397e+00 4.43e-01
1.77410e+00 4.48e-01
1.77439e+00 4.56e-01
1.77466e+00 4.63e-01
1.77494e+00 4.70e-01
1.77522e+00 4.76e-01
1.77549e+00 4.83e-01
1.77578e+00 4.90e-01
1.77605e+00 4.98e-01
1.77632e+00 5.06e-01
1.77648e+00 5.11e-01
1.77675e+00 5.21e-01
1.77703e+00 5.32e-01
1.77717e+00 5.38e-01
1.77744e+00 5.52e-01
1.77773e+00 5.68e-01
1.77786e+00 5.76e-01
1.77813e+00 5.95e-01
1.77842e+00 6.15e-01
1.77856e+00 6.26e-01
1.77869e+00 6.38e-01
1.77884e+00 6.50e-01
1.77911e+00 6.77e-01
1.77940e+00 7.06e-01
1.77954e+00 7.22e-01
1.77980e+00 7.56e-01
1.78009e+00 7.93e-01
1.78023e+00 8.13e-01
1.78038e+00 8.35e-01
1.78051e+00 8.56e-01
1.78078e+00 9.04e-01
1.78093e+00 9.31e-01
1.78107e+00 9.58e-01
1.78120e+00 9.87e-01
1.78149e+00 1.05e+00
1.78176e+00 1.12e+00
1.78191e+00 1.16e+00
1.78205e+00 1.21e+00
1.78218e+00 1.25e+00
1.78247e+00 1.35e+00
1.78260e+00 1.41e+00
1.78275e+00 1.47e+00
1.78289e+00 1.54e+00
1.78317e+00 1.68e+00
1.78344e+00 1.86e+00
1.78359e+00 1.95e+00
1.78373e+00 2.05e+00
1.78386e+00 2.16e+00
1.78415e+00 2.39e+00
1.78428e+00 2.51e+00
1.78443e+00 2.63e+00
1.78457e+00 2.74e+00
1.78485e+00 2.97e+00
1.78512e+00 3.15e+00
1.78527e+00 3.21e+00
1.78541e+00 3.25e+00
1.78554e+00 3.28e+00
1.78583e+00 3.27e+00
1.78596e+00 3.22e+00
1.78611e+00 3.16e+00
1.78624e+00 3.08e+00
1.78653e+00 2.88e+00
1.78681e+00 2.64e+00
1.78710e+00 2.40e+00
1.78723e+00 2.29e+00
1.78752e+00 2.06e+00
1.78765e+00 1.97e+00
1.78780e+00 1.87e+00
1.78794e+00 1.78e+00
1.78807e+00 1.70e+00
1.78822e+00 1.62e+00
1.78850e+00 1.48e+00
1.78864e+00 1.42e+00
1.78877e+00 1.36e+00
1.78892e+00 1.30e+00
1.78921e+00 1.21e+00
1.78949e+00 1.13e+00
1.78962e+00 1.09e+00
1.78976e+00 1.05e+00
1.78991e+00 1.02e+00
1.79019e+00 9.60e-01
1.79033e+00 9.33e-01
1.79048e+00 9.07e-01
1.79061e+00 8.82e-01
1.79089e+00 8.36e-01
1.79118e+00 7.95e-01
1.79131e+00 7.76e-01
1.79146e+00 7.57e-01
1.79159e+00 7.40e-01
1.79188e+00 7.07e-01
1.79216e+00 6.78e-01
1.79231e+00 6.65e-01
1.79244e+00 6.52e-01
1.79259e+00 6.39e-01
1.79288e+00 6.16e-01
1.79316e+00 5.96e-01
1.79329e+00 5.87e-01
1.79357e+00 5.69e-01
1.79386e+00 5.54e-01
1.79414e+00 5.41e-01
1.79429e+00 5.35e-01
1.79457e+00 5.24e-01
1.79485e+00 5.14e-01
1.79514e+00 5.05e-01
1.79542e+00 4.97e-01
1.79570e+00 4.90e-01
1.79598e+00 4.83e-01
1.79627e+00 4.76e-01
1.79655e+00 4.69e-01
1.79683e+00 4.61e-01
1.79711e+00 4.52e-01
1.79726e+00 4.48e-01
1.79754e+00 4.37e-01
1.79782e+00 4.24e-01
1.79797e+00 4.17e-01
1.79811e+00 4.10e-01
1.79825e+00 4.02e-01
1.79854e+00 3.85e-01
1.79882e+00 3.65e-01
1.79897e+00 3.55e-01
1.79910e+00 3.44e-01
1.79925e+00 3.33e-01
1.79953e+00 3.11e-01
1.79981e+00 2.88e-01
1.79996e+00 2.78e-01
1.80011e+00 2.68e-01
1.80024e+00 2.59e-01
1.80039e+00 2.50e-01
1.80054e+00 2.41e-01
1.80082e+00 2.26e-01
1.80095e+00 2.20e-01
1.80110e+00 2.14e-01
1.80125e+00 2.09e-01
1.80138e+00 2.03e-01
1.80153e+00 1.99e-01
1.80181e+00 1.90e-01
1.80211e+00 1.82e-01
1.80224e+00 1.79e-01
1.80239e+00 1.75e-01
1.80253e+00 1.72e-01
1.80281e+00 1.66e-01
1.80309e+00 1.60e-01
1.80339e+00 1.55e-01
1.80352e+00 1.53e-01
1.80382e+00 1.48e-01
1.80410e+00 1.44e-01
1.80438e+00 1.40e-01
1.80453e+00 1.38e-01
1.80482e+00 1.34e-01
1.80510e+00 1.31e-01
1.80538e+00 1.27e-01
1.80568e+00 1.24e-01
1.80581e+00 1.22e-01
1.80611e+00 1.19e-01
1.80639e+00 1.17e-01
1.80668e+00 1.14e-01
1.80696e+00 1.11e-01
1.80711e+00 1.10e-01
1.80740e+00 1.08e-01
1.80768e+00 1.05e-01
1.80798e+00 1.03e-01
1.80826e+00 1.01e-01
1.80855e+00 9.91e-02
1.80883e+00 9.72e-02
1.80912e+00 9.53e-02
1.80940e+00 9.35e-02
1.80970e+00 9.18e-02
1.80999e+00 9.01e-02
1.81027e+00 8.85e-02
1.81056e+00 8.69e-02
1.81084e+00 8.54e-02
1.81114e+00 8.39e-02
1.81143e+00 8.25e-02
1.81171e+00 8.11e-02
1.81200e+00 7.98e-02
1.81230e+00 7.84e-02
1.81257e+00 7.72e-02
1.81287e+00 7.59e-02
1.81316e+00 7.46e-02
1.81346e+00 7.34e-02
1.81373e+00 7.21e-02
1.81403e+00 7.09e-02
1.81432e+00 6.96e-02
1.81461e+00 6.83e-02
1.81489e+00 6.69e-02
1.81518e+00 6.53e-02
1.81533e+00 6.45e-02
1.81562e+00 6.27e-02
1.81592e+00 6.07e-02
1.81619e+00 5.87e-02
1.81648e+00 5.67e-02
1.81663e+00 5.59e-02
1.81678e+00 5.50e-02
1.81692e+00 5.43e-02
1.81722e+00 5.29e-02
1.81751e+00 5.18e-02
1.81780e+00 5.09e-02
1.81795e+00 5.05e-02
1.81824e+00 4.97e-02
1.81853e+00 4.90e-02
1.81882e+00 4.84e-02
1.81910e+00 4.78e-02
1.81939e+00 4.72e-02
1.81968e+00 4.67e-02
1.81997e+00 4.63e-02
1.82027e+00 4.58e-02
1.82056e+00 4.54e-02
1.82085e+00 4.49e-02
1.82114e+00 4.46e-02
1.82143e+00 4.42e-02
1.82172e+00 4.38e-02
1.82203e+00 4.35e-02
1.82232e+00 4.31e-02
1.82261e+00 4.28e-02
1.82290e+00 4.24e-02
1.82319e+00 4.21e-02
1.82348e+00 4.18e-02
1.82377e+00 4.15e-02
1.82407e+00 4.12e-02
1.82436e+00 4.09e-02
1.82466e+00 4.06e-02
1.82495e+00 4.03e-02
1.82524e+00 4.00e-02
1.82553e+00 3.97e-02
1.82582e+00 3.95e-02
1.82613e+00 3.92e-02
1.82642e+00 3.89e-02
1.82671e+00 3.87e-02
1.82700e+00 3.84e-02
1.82730e+00 3.82e-02
1.82759e+00 3.80e-02
1.82788e+00 3.77e-02
1.82819e+00 3.75e-02
1.82848e+00 3.73e-02
1.82877e+00 3.71e-02
1.82907e+00 3.68e-02
1.82936e+00 3.66e-02
1.82965e+00 3.64e-02
1.82995e+00 3.62e-02
1.83024e+00 3.60e-02
1.83055e+00 3.59e-02
1.83084e+00 3.57e-02
1.83112e+00 3.55e-02
1.83143e+00 3.53e-02
1.83172e+00 3.52e-02
1.83202e+00 3.50e-02
1.83231e+00 3.48e-02
1.83261e+00 3.47e-02
1.83290e+00 3.45e-02
1.83321e+00 3.44e-02
1.83349e+00 3.42e-02
1.83380e+00 3.41e-02
1.83410e+00 3.39e-02
1.83439e+00 3.38e-02
1.83469e+00 3.37e-02
1.83498e+00 3.36e-02
1.83528e+00 3.34e-02
1.83558e+00 3.33e-02
1.83587e+00 3.32e-02
1.83617e+00 3.31e-02
1.83646e+00 3.30e-02
1.83676e+00 3.29e-02
1.83707e+00 3.28e-02
1.83737e+00 3.27e-02
1.83766e+00 3.26e-02
1.83796e+00 3.26e-02
1.83826e+00 3.25e-02
1.83855e+00 3.24e-02
1.83885e+00 3.23e-02
1.83915e+00 3.22e-02
1.83945e+00 3.22e-02
1.83976e+00 3.21e-02
1.84004e+00 3.20e-02
1.84034e+00 3.19e-02
1.84064e+00 3.19e-02
1.84095e+00 3.18e-02
1.84125e+00 3.17e-02
1.84155e+00 3.17e-02
1.84185e+00 3.16e-02
1.84215e+00 3.16e-02
1.84244e+00 3.15e-02
1.84274e+00 3.15e-02
1.84304e+00 3.14e-02
1.84334e+00 3.14e-02
1.84364e+00 3.13e-02
1.84394e+00 3.13e-02
1.84424e+00 3.12e-02
1.84454e+00 3.12e-02
1.84484e+00 3.11e-02
1.84514e+00 3.11e-02
1.84771e+00 3.08e-02
1.85059e+00 3.06e-02
1.85439e+00 3.04e-02
1.85638e+00 3.03e-02
1.85928e+00 3.02e-02
1.86097e+00 3.02e-02
1.86375e+00 3.02e-02
1.86623e+00 3.03e-02
1.86639e+00 3.03e-02
1.86857e+00 3.06e-02
1.86887e+00 3.06e-02
1.86918e+00 3.06e-02
1.86949e+00 3.07e-02
1.86980e+00 3.07e-02
1.87012e+00 3.07e-02
1.87043e+00 3.08e-02
1.87074e+00 3.08e-02
1.87106e+00 3.09e-02
1.87137e+00 3.09e-02
1.87168e+00 3.10e-02
1.87199e+00 3.10e-02
1.87231e+00 3.10e-02
1.87262e+00 3.11e-02
1.87294e+00 3.11e-02
1.87325e+00 3.12e-02
1.87355e+00 3.12e-02
1.87388e+00 3.13e-02
1.87418e+00 3.13e-02
1.87451e+00 3.14e-02
1.87481e+00 3.14e-02
1.87514e+00 3.14e-02
1.87544e+00 3.15e-02
1.87576e+00 3.15e-02
1.87607e+00 3.16e-02
1.87639e+00 3.16e-02
1.87671e+00 3.17e-02
1.87702e+00 3.17e-02
1.87734e+00 3.18e-02
1.87765e+00 3.18e-02
1.87797e+00 3.19e-02
1.87829e+00 3.20e-02
1.87859e+00 3.20e-02
1.87892e+00 3.21e-02
1.87924e+00 3.21e-02
1.87956e+00 3.22e-02
1.87986e+00 3.22e-02
1.88018e+00 3.23e-02
1.88050e+00 3.24e-02
1.88082e+00 3.24e-02
1.88113e+00 3.25e-02
1.88145e+00 3.25e-02
1.88177e+00 3.26e-02
1.88209e+00 3.27e-02
1.88241e+00 3.27e-02
1.88273e+00 3.28e-02
1.88305e+00 3.28e-02
1.88337e+00 3.29e-02
1.88369e+00 3.30e-02
1.88400e+00 3.30e-02
1.88432e+00 3.31e-02
1.88464e+00 3.32e-02
1.88496e+00 3.32e-02
1.88528e+00 3.33e-02
1.88560e+00 3.34e-02
1.88592e+00 3.34e-02
1.88624e+00 3.35e-02
1.88655e+00 3.36e-02
1.88687e+00 3.36e-02
1.88719e+00 3.37e-02
1.88751e+00 3.38e-02
1.88784e+00 3.38e-02
1.88816e+00 3.39e-02
1.88848e+00 3.40e-02
1.88880e+00 3.40e-02
1.88913e+00 3.41e-02
1.88945e+00 3.42e-02
1.88976e+00 3.43e-02
1.88993e+00 3.43e-02
1.89025e+00 3.44e-02
1.89056e+00 3.45e-02
1.89090e+00 3.45e-02
1.89121e+00 3.46e-02
1.89154e+00 3.47e-02
1.89186e+00 3.47e-02
1.89218e+00 3.48e-02
1.89251e+00 3.49e-02
1.89283e+00 3.50e-02
1.89316e+00 3.51e-02
1.89347e+00 3.51e-02
1.89380e+00 3.52e-02
1.89412e+00 3.53e-02
1.89445e+00 3.54e-02
1.89478e+00 3.54e-02
1.89493e+00 3.55e-02
1.89510e+00 3.56e-02
1.89543e+00 3.57e-02
1.89574e+00 3.58e-02
1.89607e+00 3.58e-02
1.89640e+00 3.59e-02
1.89672e+00 3.60e-02
1.89705e+00 3.61e-02
1.89738e+00 3.62e-02
1.89771e+00 3.63e-02
1.89802e+00 3.64e-02
1.89835e+00 3.64e-02
1.89868e+00 3.65e-02
1.89901e+00 3.66e-02
1.89934e+00 3.67e-02
1.89967e+00 3.68e-02
1.89999e+00 3.69e-02
1.90031e+00 3.70e-02
1.90064e+00 3.71e-02
1.90097e+00 3.72e-02
1.90130e+00 3.73e-02
1.90163e+00 3.74e-02
1.90196e+00 3.75e-02
1.90229e+00 3.76e-02
1.90261e+00 3.77e-02
1.90294e+00 3.78e-02
1.90327e+00 3.79e-02
1.90360e+00 3.80e-02
1.90394e+00 3.81e-02
1.90427e+00 3.82e-02
1.90460e+00 3.83e-02
1.90492e+00 3.84e-02
1.90525e+00 3.85e-02
1.90542e+00 3.86e-02
1.90558e+00 3.86e-02
1.90592e+00 3.88e-02
1.90625e+00 3.89e-02
1.90658e+00 3.90e-02
1.90692e+00 3.91e-02
1.90724e+00 3.92e-02
1.90757e+00 3.93e-02
1.90791e+00 3.95e-02
1.90824e+00 3.96e-02
1.90856e+00 3.97e-02
1.90891e+00 3.98e-02
1.90923e+00 3.99e-02
1.90957e+00 4.01e-02
1.90990e+00 4.02e-02
1.91024e+00 4.03e-02
1.91056e+00 4.05e-02
1.91090e+00 4.06e-02
1.91123e+00 4.08e-02
1.91157e+00 4.09e-02
1.91191e+00 4.10e-02
1.91224e+00 4.12e-02
1.91257e+00 4.13e-02
1.91291e+00 4.15e-02
1.91324e+00 4.16e-02
1.91358e+00 4.18e-02
1.91392e+00 4.19e-02
1.91424e+00 4.21e-02
1.91458e+00 4.23e-02
1.91492e+00 4.24e-02
1.91526e+00 4.26e-02
1.91560e+00 4.28e-02
1.91594e+00 4.29e-02
1.91628e+00 4.31e-02
1.91660e+00 4.33e-02
1.91694e+00 4.35e-02
1.91728e+00 4.37e-02
1.91761e+00 4.39e-02
1.91795e+00 4.40e-02
1.91829e+00 4.42e-02
1.91863e+00 4.44e-02
1.91896e+00 4.46e-02
1.91932e+00 4.49e-02
1.91965e+00 4.51e-02
1.91999e+00 4.53e-02
1.92033e+00 4.55e-02
1.92067e+00 4.57e-02
1.92100e+00 4.60e-02
1.92135e+00 4.62e-02
1.92169e+00 4.64e-02
1.92203e+00 4.67e-02
1.92236e+00 4.69e-02
1.92271e+00 4.72e-02
1.92305e+00 4.74e-02
1.92339e+00 4.77e-02
1.92374e+00 4.80e-02
1.92407e+00 4.83e-02
1.92442e+00 4.85e-02
1.92476e+00 4.88e-02
1.92510e+00 4.91e-02
1.92545e+00 4.94e-02
1.92578e+00 4.97e-02
1.92613e+00 5.01e-02
1.92648e+00 5.04e-02
1.92681e+00 5.07e-02
1.92716e+00 5.11e-02
1.92750e+00 5.14e-02
1.92785e+00 5.18e-02
1.92820e+00 5.22e-02
1.92855e+00 5.25e-02
1.92888e+00 5.29e-02
1.92923e+00 5.33e-02
1.92958e+00 5.37e-02
1.92993e+00 5.42e-02
1.93026e+00 5.46e-02
1.93061e+00 5.50e-02
1.93096e+00 5.55e-02
1.93130e+00 5.60e-02
1.93165e+00 5.64e-02
1.93200e+00 5.69e-02
1.93235e+00 5.74e-02
1.93269e+00 5.79e-02
1.93304e+00 5.85e-02
1.93339e+00 5.90e-02
1.93374e+00 5.96e-02
1.93408e+00 6.01e-02
1.93443e+00 6.07e-02
1.93478e+00 6.13e-02
1.93514e+00 6.19e-02
1.93548e+00 6.25e-02
1.93583e+00 6.32e-02
1.93618e+00 6.38e-02
1.93652e+00 6.44e-02
1.93688e+00 6.51e-02
1.93723e+00 6.58e-02
1.93758e+00 6.65e-02
1.93794e+00 6.72e-02
1.93828e+00 6.79e-02
1.93864e+00 6.86e-02
1.93899e+00 6.93e-02
1.93935e+00 7.01e-02
1.93969e+00 7.08e-02
1.94005e+00 7.16e-02
1.94039e+00 7.24e-02
1.94075e+00 7.31e-02
1.94110e+00 7.39e-02
1.94146e+00 7.47e-02
1.94182e+00 7.55e-02
1.94216e+00 7.63e-02
1.94252e+00 7.71e-02
1.94288e+00 7.79e-02
1.94322e+00 7.87e-02
1.94358e+00 7.95e-02
1.94394e+00 8.03e-02
1.94429e+00 8.10e-02
1.94465e+00 8.18e-02
1.94501e+00 8.25e-02
1.94537e+00 8.32e-02
1.94571e+00 8.40e-02
1.94607e+00 8.47e-02
1.94642e+00 8.54e-02
1.94678e+00 8.60e-02
1.94715e+00 8.67e-02
1.94751e+00 8.73e-02
1.94787e+00 8.79e-02
1.94822e+00 8.85e-02
1.94858e+00 8.91e-02
1.94893e+00 8.97e-02
1.94929e+00 9.02e-02
1.94966e+00 9.07e-02
1.95002e+00 9.12e-02
1.95037e+00 9.17e-02
1.95074e+00 9.22e-02
1.95110e+00 9.26e-02
1.95145e+00 9.30e-02
1.95182e+00 9.34e-02
1.95218e+00 9.38e-02
1.95255e+00 9.42e-02
1.95290e+00 9.45e-02
1.95327e+00 9.48e-02
1.95362e+00 9.51e-02
1.95399e+00 9.54e-02
1.95435e+00 9.56e-02
1.95471e+00 9.58e-02
1.95508e+00 9.60e-02
1.95544e+00 9.62e-02
1.95580e+00 9.64e-02
1.95617e+00 9.65e-02
1.95744e+00 9.68e-02
1.95836e+00 9.68e-02
1.95909e+00 9.67e-02
1.95983e+00 9.65e-02
1.96019e+00 9.64e-02
1.96056e+00 9.63e-02
1.96093e+00 9.61e-02
1.96129e+00 9.59e-02
1.96167e+00 9.57e-02
1.96204e+00 9.54e-02
1.96240e+00 9.52e-02
1.96277e+00 9.49e-02
1.96315e+00 9.46e-02
1.96351e+00 9.42e-02
1.96388e+00 9.39e-02
1.96426e+00 9.35e-02
1.96462e+00 9.31e-02
1.96500e+00 9.27e-02
1.96536e+00 9.23e-02
1.96574e+00 9.18e-02
1.96610e+00 9.13e-02
1.96648e+00 9.09e-02
1.96686e+00 9.04e-02
1.96722e+00 8.98e-02
1.96760e+00 8.93e-02
1.96798e+00 8.87e-02
1.96834e+00 8.82e-02
1.96872e+00 8.76e-02
1.96910e+00 8.71e-02
1.96947e+00 8.65e-02
1.96985e+00 8.59e-02
1.97023e+00 8.54e-02
1.97060e+00 8.48e-02
1.97098e+00 8.43e-02
1.97136e+00 8.38e-02
1.97173e+00 8.32e-02
1.97211e+00 8.27e-02
1.97248e+00 8.22e-02
1.97286e+00 8.17e-02
1.97323e+00 8.12e-02
1.97361e+00 8.07e-02
1.97400e+00 8.02e-02
1.97437e+00 7.98e-02
1.97475e+00 7.94e-02
1.97514e+00 7.89e-02
1.97551e+00 7.85e-02
1.97588e+00 7.81e-02
1.97627e+00 7.77e-02
1.97665e+00 7.73e-02
1.97703e+00 7.69e-02
1.97741e+00 7.66e-02
1.97780e+00 7.62e-02
1.97817e+00 7.59e-02
1.97856e+00 7.56e-02
1.97894e+00 7.53e-02
1.97932e+00 7.50e-02
1.97970e+00 7.47e-02
1.98009e+00 7.44e-02
1.98048e+00 7.42e-02
1.98086e+00 7.39e-02
1.98125e+00 7.37e-02
1.98162e+00 7.35e-02
1.98201e+00 7.32e-02
1.98239e+00 7.30e-02
1.98278e+00 7.28e-02
1.98318e+00 7.27e-02
1.98356e+00 7.25e-02
1.98395e+00 7.23e-02
1.98433e+00 7.21e-02
1.98472e+00 7.20e-02
1.98510e+00 7.18e-02
1.98550e+00 7.17e-02
1.98589e+00 7.16e-02
1.98627e+00 7.14e-02
1.98667e+00 7.13e-02
1.98705e+00 7.12e-02
1.98745e+00 7.11e-02
1.98783e+00 7.10e-02
1.98823e+00 7.09e-02
1.98861e+00 7.08e-02
1.98901e+00 7.07e-02
1.98939e+00 7.06e-02
1.98979e+00 7.05e-02
1.99019e+00 7.04e-02
1.99394e+00 6.98e-02
1.99972e+00 6.91e-02
2.00784e+00 6.81e-02
2.00824e+00 6.81e-02
2.00866e+00 6.80e-02
2.00906e+00 6.79e-02
2.00947e+00 6.79e-02
2.00989e+00 6.78e-02
2.01029e+00 6.77e-02
2.01071e+00 6.76e-02
2.01112e+00 6.75e-02
2.01154e+00 6.74e-02
2.01195e+00 6.73e-02
2.01237e+00 6.72e-02
2.01278e+00 6.71e-02
2.01319e+00 6.70e-02
2.01361e+00 6.69e-02
2.01402e+00 6.68e-02
2.01444e+00 6.67e-02
2.01486e+00 6.66e-02
2.01528e+00 6.65e-02
2.01569e+00 6.64e-02
2.01612e+00 6.63e-02
2.01653e+00 6.62e-02
2.01695e+00 6.61e-02
2.01737e+00 6.60e-02
2.01779e+00 6.59e-02
2.01820e+00 6.58e-02
2.01863e+00 6.57e-02
2.01905e+00 6.56e-02
2.01947e+00 6.55e-02
2.01989e+00 6.54e-02
2.02032e+00 6.52e-02
2.02074e+00 6.51e-02
2.02116e+00 6.50e-02
2.02159e+00 6.49e-02
2.02201e+00 6.48e-02
2.02243e+00 6.47e-02
2.02265e+00 6.49e-02
2.02286e+00 6.48e-02
2.02328e+00 6.47e-02
2.02372e+00 6.46e-02
2.02414e+00 6.45e-02
2.02456e+00 6.44e-02
2.02500e+00 6.43e-02
2.02542e+00 6.42e-02
2.02586e+00 6.40e-02
2.02628e+00 6.39e-02
2.02671e+00 6.38e-02
2.02713e+00 6.37e-02
2.02757e+00 6.36e-02
2.02800e+00 6.35e-02
2.02844e+00 6.34e-02
2.02887e+00 6.33e-02
2.02929e+00 6.32e-02
2.02973e+00 6.31e-02
2.03016e+00 6.30e-02
2.03059e+00 6.29e-02
2.03104e+00 6.28e-02
2.03147e+00 6.27e-02
2.03190e+00 6.26e-02
2.03234e+00 6.25e-02
2.03278e+00 6.24e-02
2.03321e+00 6.23e-02
2.03365e+00 6.22e-02
2.03409e+00 6.21e-02
2.03452e+00 6.20e-02
2.03497e+00 6.19e-02
2.03541e+00 6.18e-02
2.03584e+00 6.17e-02
2.03629e+00 6.16e-02
2.03673e+00 6.15e-02
2.03717e+00 6.14e-02
2.03762e+00 6.13e-02
2.03806e+00 6.12e-02
2.03850e+00 6.11e-02
2.03895e+00 6.11e-02
2.03939e+00 6.10e-02
2.03983e+00 6.09e-02
2.04027e+00 6.08e-02
2.04071e+00 6.07e-02
2.04117e+00 6.06e-02
2.04161e+00 6.05e-02
2.04206e+00 6.04e-02
2.04251e+00 6.03e-02
2.04296e+00 6.03e-02
2.04340e+00 6.02e-02
2.04385e+00 6.01e-02
2.04431e+00 6.00e-02
2.04476e+00 5.99e-02
2.04521e+00 5.98e-02
2.04566e+00 5.97e-02
2.04612e+00 5.97e-02
2.04657e+00 5.96e-02
2.04702e+00 5.95e-02
2.04747e+00 5.94e-02
2.04793e+00 5.93e-02
2.04838e+00 5.92e-02
2.04884e+00 5.91e-02
2.04929e+00 5.91e-02
2.04976e+00 5.90e-02
2.05021e+00 5.89e-02
2.05067e+00 5.88e-02
2.05113e+00 5.87e-02
2.05158e+00 5.86e-02
2.05204e+00 5.86e-02
2.05251e+00 5.85e-02
2.05297e+00 5.84e-02
2.05343e+00 5.83e-02
2.05389e+00 5.82e-02
2.05435e+00 5.82e-02
2.05482e+00 5.81e-02
2.05528e+00 5.80e-02
2.05575e+00 5.79e-02
2.05621e+00 5.78e-02
2.05667e+00 5.77e-02
2.05714e+00 5.77e-02
2.05760e+00 5.76e-02
2.05808e+00 5.75e-02
2.05855e+00 5.74e-02
2.05902e+00 5.73e-02
2.05948e+00 5.73e-02
2.05995e+00 5.72e-02
2.06042e+00 5.71e-02
2.06090e+00 5.70e-02
2.06137e+00 5.70e-02
2.06184e+00 5.69e-02
2.06232e+00 5.68e-02
2.06279e+00 5.67e-02
2.06326e+00 5.66e-02
2.06374e+00 5.66e-02
2.06421e+00 5.65e-02
2.06470e+00 5.64e-02
2.06517e+00 5.63e-02
2.06565e+00 5.63e-02
2.06613e+00 5.62e-02
2.06661e+00 5.61e-02
2.06709e+00 5.60e-02
2.06757e+00 5.59e-02
2.06805e+00 5.59e-02
2.06853e+00 5.58e-02
2.06901e+00 5.57e-02
2.06949e+00 5.56e-02
2.06998e+00 5.56e-02
2.07046e+00 5.55e-02
2.07096e+00 5.54e-02
2.07143e+00 5.53e-02
2.07193e+00 5.53e-02
2.07242e+00 5.52e-02
2.07290e+00 5.51e-02
2.07339e+00 5.50e-02
2.07388e+00 5.49e-02
2.07437e+00 5.49e-02
2.07486e+00 5.48e-02
2.07536e+00 5.47e-02
2.07585e+00 5.46e-02
2.07634e+00 5.46e-02
2.07684e+00 5.45e-02
2.07733e+00 5.44e-02
2.07783e+00 5.43e-02
2.07832e+00 5.43e-02
2.07882e+00 5.42e-02
2.07932e+00 5.41e-02
2.07982e+00 5.40e-02
2.08032e+00 5.40e-02
2.08082e+00 5.39e-02
2.08131e+00 5.38e-02
2.08181e+00 5.37e-02
2.08231e+00 5.37e-02
2.08282e+00 5.36e-02
2.08332e+00 5.35e-02
2.08383e+00 5.34e-02
2.08433e+00 5.34e-02
2.08484e+00 5.33e-02
2.08535e+00 5.32e-02
2.08586e+00 5.31e-02
2.08636e+00 5.31e-02
2.08686e+00 5.30e-02
2.08738e+00 5.29e-02
2.08789e+00 5.28e-02
2.08840e+00 5.28e-02
2.08891e+00 5.27e-02
2.08943e+00 5.26e-02
2.08994e+00 5.25e-02
2.09046e+00 5.25e-02
2.09097e+00 5.24e-02
2.09149e+00 5.23e-02
2.09201e+00 5.22e-02
2.09253e+00 5.22e-02
2.09305e+00 5.21e-02
2.09357e+00 5.20e-02
2.09408e+00 5.19e-02
2.09460e+00 5.19e-02
2.09513e+00 5.18e-02
2.09565e+00 5.17e-02
2.09618e+00 5.16e-02
2.09670e+00 5.16e-02
2.09723e+00 5.15e-02
2.09775e+00 5.14e-02
2.09828e+00 5.13e-02
2.09882e+00 5.13e-02
2.09934e+00 5.12e-02
2.09987e+00 5.11e-02
2.10040e+00 5.10e-02
2.10093e+00 5.10e-02
2.10146e+00 5.09e-02
2.10200e+00 5.08e-02
2.10254e+00 5.07e-02
2.10307e+00 5.07e-02
2.10361e+00 5.06e-02
2.10415e+00 5.05e-02
2.10468e+00 5.04e-02
2.10522e+00 5.04e-02
2.10577e+00 5.03e-02
2.10630e+00 5.02e-02
2.10685e+00 5.01e-02
2.10738e+00 5.01e-02
2.10793e+00 5.00e-02
2.10848e+00 4.99e-02
2.10902e+00 4.98e-02
2.10957e+00 4.98e-02
2.11012e+00 4.97e-02
2.11066e+00 4.96e-02
2.11122e+00 4.95e-02
2.11176e+00 4.95e-02
2.11232e+00 4.94e-02
2.11288e+00 4.93e-02
2.11343e+00 4.92e-02
2.11399e+00 4.92e-02
2.11454e+00 4.91e-02
2.11510e+00 4.90e-02
2.11565e+00 4.89e-02
2.11621e+00 4.89e-02
2.11677e+00 4.88e-02
2.11734e+00 4.87e-02
2.11789e+00 4.86e-02
2.11846e+00 4.86e-02
2.11902e+00 4.85e-02
2.11959e+00 4.84e-02
2.12015e+00 4.83e-02
2.12073e+00 4.83e-02
2.12129e+00 4.82e-02
2.12187e+00 4.81e-02
2.12243e+00 4.81e-02
2.12300e+00 4.80e-02
2.12358e+00 4.79e-02
2.12415e+00 4.78e-02
2.12473e+00 4.78e-02
2.12530e+00 4.77e-02
2.12588e+00 4.76e-02
2.12646e+00 4.75e-02
2.12704e+00 4.75e-02
2.12761e+00 4.74e-02
2.12820e+00 4.73e-02
2.12878e+00 4.72e-02
2.12936e+00 4.72e-02
2.12996e+00 4.71e-02
2.13054e+00 4.70e-02
2.13113e+00 4.69e-02
2.13171e+00 4.69e-02
2.13231e+00 4.68e-02
2.13290e+00 4.67e-02
2.13349e+00 4.66e-02
2.13408e+00 4.66e-02
2.13468e+00 4.65e-02
2.13528e+00 4.64e-02
2.13587e+00 4.63e-02
2.13647e+00 4.63e-02
2.13707e+00 4.62e-02
2.13768e+00 4.61e-02
2.13828e+00 4.60e-02
2.13888e+00 4.60e-02
2.13948e+00 4.59e-02
2.14009e+00 4.58e-02
2.14070e+00 4.57e-02
2.14130e+00 4.57e-02
2.14191e+00 4.56e-02
2.14253e+00 4.55e-02
2.14314e+00 4.54e-02
2.14375e+00 4.54e-02
2.14437e+00 4.53e-02
2.14498e+00 4.52e-02
2.14560e+00 4.51e-02
2.14622e+00 4.51e-02
2.14684e+00 4.50e-02
2.14747e+00 4.49e-02
2.14809e+00 4.48e-02
2.14872e+00 4.48e-02
2.14934e+00 4.47e-02
2.14997e+00 4.46e-02
2.15060e+00 4.45e-02
2.15123e+00 4.45e-02
2.15187e+00 4.44e-02
2.15249e+00 4.43e-02
2.15313e+00 4.42e-02
2.15377e+00 4.42e-02
2.15441e+00 4.41e-02
2.15505e+00 4.40e-02
2.15568e+00 4.39e-02
2.15633e+00 4.38e-02
2.15697e+00 4.38e-02
2.15762e+00 4.37e-02
2.15826e+00 4.36e-02
2.15891e+00 4.35e-02
2.15957e+00 4.35e-02
2.16021e+00 4.34e-02
2.16087e+00 4.33e-02
2.16153e+00 4.32e-02
2.16218e+00 4.32e-02
2.16284e+00 4.31e-02
2.16350e+00 4.30e-02
2.16416e+00 4.29e-02
2.16483e+00 4.29e-02
2.16548e+00 4.28e-02
2.16616e+00 4.27e-02
2.16682e+00 4.26e-02
2.16749e+00 4.25e-02
2.16816e+00 4.25e-02
2.16884e+00 4.24e-02
2.16951e+00 4.23e-02
2.17018e+00 4.22e-02
2.17086e+00 4.22e-02
2.17154e+00 4.21e-02
2.17223e+00 4.20e-02
2.17291e+00 4.19e-02
2.17359e+00 4.18e-02
2.17427e+00 4.18e-02
2.17497e+00 4.17e-02
2.17566e+00 4.16e-02
2.17635e+00 4.15e-02
2.17704e+00 4.15e-02
2.17774e+00 4.14e-02
2.17844e+00 4.13e-02
2.17914e+00 4.12e-02
2.17984e+00 4.12e-02
2.18054e+00 4.11e-02
2.18125e+00 4.10e-02
2.18195e+00 4.09e-02
2.18266e+00 4.08e-02
2.18337e+00 4.08e-02
2.18408e+00 4.07e-02
2.18480e+00 4.06e-02
2.18552e+00 4.05e-02
2.18624e+00 4.05e-02
2.18696e+00 4.04e-02
2.18768e+00 4.03e-02
2.18841e+00 4.02e-02
2.18914e+00 4.01e-02
2.18986e+00 4.01e-02
2.19060e+00 4.00e-02
2.19133e+00 3.99e-02
2.19207e+00 3.98e-02
2.19280e+00 3.97e-02
2.19354e+00 3.97e-02
2.19429e+00 3.96e-02
2.19503e+00 3.95e-02
2.19578e+00 3.94e-02
2.19652e+00 3.93e-02
2.19728e+00 3.93e-02
2.19804e+00 3.92e-02
2.19879e+00 3.91e-02
2.19954e+00 3.90e-02
2.20031e+00 3.90e-02
2.20107e+00 3.89e-02
2.20184e+00 3.88e-02
2.20260e+00 3.87e-02
2.20337e+00 3.86e-02
2.20415e+00 3.86e-02
2.20492e+00 3.85e-02
2.20569e+00 3.84e-02
2.20647e+00 3.83e-02
2.20725e+00 3.82e-02
2.20804e+00 3.81e-02
2.20882e+00 3.81e-02
2.20961e+00 3.80e-02
2.21040e+00 3.79e-02
2.21120e+00 3.78e-02
2.21200e+00 3.77e-02
2.21280e+00 3.77e-02
2.21360e+00 3.76e-02
2.21441e+00 3.75e-02
2.21522e+00 3.74e-02
2.21602e+00 3.73e-02
2.21684e+00 3.72e-02
2.21766e+00 3.72e-02
2.21847e+00 3.71e-02
2.21930e+00 3.70e-02
2.22013e+00 3.69e-02
2.22095e+00 3.68e-02
2.22178e+00 3.68e-02
2.22261e+00 3.67e-02
2.22346e+00 3.66e-02
2.22429e+00 3.65e-02
2.22513e+00 3.64e-02
2.22597e+00 3.63e-02
2.22683e+00 3.63e-02
2.22768e+00 3.62e-02
2.22853e+00 3.61e-02
2.22939e+00 3.60e-02
2.23025e+00 3.59e-02
2.23111e+00 3.58e-02
2.23198e+00 3.58e-02
2.23285e+00 3.57e-02
2.23373e+00 3.56e-02
2.23461e+00 3.55e-02
2.23548e+00 3.54e-02
2.23637e+00 3.53e-02
2.23726e+00 3.53e-02
2.23815e+00 3.52e-02
2.23904e+00 3.51e-02
2.23994e+00 3.50e-02
2.24084e+00 3.49e-02
2.24175e+00 3.48e-02
2.24265e+00 3.47e-02
2.24357e+00 3.47e-02
2.24449e+00 3.46e-02
2.24540e+00 3.45e-02
2.24633e+00 3.44e-02
2.24725e+00 3.43e-02
2.24818e+00 3.42e-02
2.24912e+00 3.41e-02
2.25006e+00 3.41e-02
2.25101e+00 3.40e-02
2.25195e+00 3.39e-02
2.25290e+00 3.38e-02
2.25386e+00 3.37e-02
2.25482e+00 3.36e-02
2.25578e+00 3.35e-02
2.25675e+00 3.35e-02
2.25772e+00 3.34e-02
2.25870e+00 3.33e-02
2.25968e+00 3.32e-02
2.26067e+00 3.31e-02
2.26166e+00 3.30e-02
2.26265e+00 3.29e-02
2.26365e+00 3.28e-02
2.26465e+00 3.27e-02
2.26566e+00 3.27e-02
2.26667e+00 3.26e-02
2.26769e+00 3.25e-02
2.26871e+00 3.24e-02
2.26974e+00 3.23e-02
2.27077e+00 3.22e-02
2.27181e+00 3.21e-02
2.27285e+00 3.20e-02
2.27390e+00 3.19e-02
2.27496e+00 3.18e-02
2.27602e+00 3.18e-02
2.27707e+00 3.17e-02
2.27814e+00 3.16e-02
2.27921e+00 3.15e-02
2.28030e+00 3.14e-02
2.28138e+00 3.13e-02
2.28247e+00 3.12e-02
2.28358e+00 3.11e-02
2.28468e+00 3.10e-02
2.28578e+00 3.09e-02
2.28690e+00 3.08e-02
2.28802e+00 3.07e-02
2.28915e+00 3.06e-02
2.29028e+00 3.06e-02
2.29141e+00 3.05e-02
2.29257e+00 3.04e-02
2.29372e+00 3.03e-02
2.29488e+00 3.02e-02
2.29604e+00 3.01e-02
2.29721e+00 3.00e-02
2.29839e+00 2.99e-02
2.29958e+00 2.98e-02
2.30077e+00 2.97e-02
2.30197e+00 2.96e-02
2.30318e+00 2.95e-02
2.30438e+00 2.94e-02
2.30558e+00 2.93e-02
2.30688e+00 2.92e-02
2.30807e+00 2.91e-02
2.30936e+00 2.90e-02
2.31055e+00 2.89e-02
2.31184e+00 2.88e-02
2.31313e+00 2.87e-02
2.31441e+00 2.86e-02
2.31570e+00 2.85e-02
2.31698e+00 2.84e-02
2.31826e+00 2.83e-02
2.31954e+00 2.82e-02
2.32092e+00 2.81e-02
2.32219e+00 2.80e-02
2.32356e+00 2.79e-02
2.32493e+00 2.78e-02
2.32630e+00 2.77e-02
2.32767e+00 2.76e-02
2.32903e+00 2.75e-02
2.33039e+00 2.74e-02
2.33185e+00 2.73e-02
2.33321e+00 2.72e-02
2.33466e+00 2.71e-02
2.33612e+00 2.70e-02
2.33747e+00 2.69e-02
2.33901e+00 2.68e-02
2.34046e+00 2.67e-02
2.34190e+00 2.66e-02
2.34344e+00 2.65e-02
2.34488e+00 2.63e-02
2.34641e+00 2.62e-02
2.34794e+00 2.61e-02
2.34947e+00 2.60e-02
2.35099e+00 2.59e-02
2.35261e+00 2.58e-02
2.35413e+00 2.57e-02
2.35575e+00 2.56e-02
2.35736e+00 2.55e-02
2.35897e+00 2.54e-02
2.36057e+00 2.52e-02
2.36227e+00 2.51e-02
2.36396e+00 2.50e-02
2.36556e+00 2.49e-02
2.36734e+00 2.48e-02
2.36903e+00 2.47e-02
2.37071e+00 2.46e-02
2.37248e+00 2.44e-02
2.37425e+00 2.43e-02
2.37602e+00 2.42e-02
2.37788e+00 2.41e-02
2.37964e+00 2.40e-02
2.38149e+00 2.38e-02
2.38334e+00 2.37e-02
2.38527e+00 2.36e-02
2.38711e+00 2.35e-02
2.38904e+00 2.34e-02
2.39096e+00 2.32e-02
2.39297e+00 2.31e-02
2.39498e+00 2.30e-02
2.39699e+00 2.29e-02
2.39899e+00 2.27e-02
2.40107e+00 2.26e-02
2.40315e+00 2.25e-02
2.40532e+00 2.23e-02
2.40740e+00 2.22e-02
2.40964e+00 2.21e-02
2.41180e+00 2.20e-02
2.41404e+00 2.18e-02
2.41627e+00 2.17e-02
2.41859e+00 2.15e-02
2.42090e+00 2.14e-02
2.42330e+00 2.13e-02
2.42569e+00 2.11e-02
2.42816e+00 2.10e-02
2.43063e+00 2.08e-02
2.43317e+00 2.07e-02
2.43572e+00 2.06e-02
2.43825e+00 2.04e-02
2.44095e+00 2.03e-02
2.44365e+00 2.01e-02
2.44634e+00 2.00e-02
2.44911e+00 1.98e-02
2.45195e+00 1.97e-02
2.45488e+00 1.95e-02
2.45779e+00 1.93e-02
2.46087e+00 1.92e-02
2.46394e+00 1.90e-02
2.46708e+00 1.89e-02
2.47022e+00 1.87e-02
2.47351e+00 1.85e-02
2.47687e+00 1.84e-02
2.48031e+00 1.82e-02
2.48382e+00 1.80e-02
2.48740e+00 1.78e-02
2.49114e+00 1.76e-02
2.49494e+00 1.75e-02
2.49881e+00 1.73e-02
2.50283e+00 1.71e-02
2.50699e+00 1.69e-02
2.51122e+00 1.67e-02
2.51568e+00 1.65e-02
2.52019e+00 1.63e-02
2.52493e+00 1.61e-02
2.52980e+00 1.59e-02
2.53481e+00 1.56e-02
2.54010e+00 1.54e-02
2.54561e+00 1.52e-02
2.55132e+00 1.49e-02
2.55730e+00 1.47e-02
2.56364e+00 1.44e-02
2.57024e+00 1.42e-02
2.57726e+00 1.39e-02
2.58475e+00 1.36e-02
2.59264e+00 1.33e-02
2.60113e+00 1.30e-02
2.61029e+00 1.27e-02
2.62024e+00 1.23e-02
2.62554e+00 1.21e-02
2.63698e+00 1.18e-02
2.64319e+00 1.16e-02
2.64971e+00 1.14e-02
2.65669e+00 1.11e-02
2.66410e+00 1.09e-02
2.67215e+00 1.07e-02
2.68082e+00 1.04e-02
2.69029e+00 1.01e-02
2.70069e+00 9.83e-03
2.71231e+00 9.52e-03
2.72543e+00 9.17e-03
2.74065e+00 8.78e-03
2.75874e+00 8.34e-03
2.78130e+00 7.82e-03
2.81151e+00 7.18e-03
2.85859e+00 6.27e-03
2.99573e+00 4.22e-03
