# OPACITY Project tables
-2.61515e+00 2.73e-02
-2.27341e+00 9.76e-03
-2.07433e+00 5.67e-03
-1.93351e+00 3.48e-03
-1.82455e+00 2.51e-03
-1.73574e+00 2.00e-03
-1.66078e+00 3.21e-03
-1.59603e+00 1.39e-03
-1.53898e+00 1.10e-03
-1.48802e+00 9.45e-04
-1.44198e+00 8.46e-04
-1.40003e+00 7.77e-04
-1.36148e+00 6.52e-04
-1.32584e+00 5.80e-04
-1.29269e+00 5.27e-04
-1.26174e+00 4.83e-04
-1.23268e+00 4.82e-04
-1.20531e+00 4.91e-04
-1.17944e+00 8.38e-04
-1.15493e+00 5.93e-04
-1.13165e+00 3.73e-04
-1.10945e+00 3.34e-04
-1.08827e+00 3.15e-04
-1.06799e+00 3.09e-04
-1.04857e+00 4.82e-04
-1.02994e+00 2.39e-03
-1.01200e+00 2.98e-04
-9.94739e-01 2.53e-04
-9.78086e-01 2.60e-04
-9.62021e-01 2.93e-04
-9.46492e-01 2.84e-04
-9.31455e-01 2.29e-04
-9.16916e-01 1.95e-04
-9.02807e-01 1.82e-04
-8.89113e-01 1.73e-04
-8.75797e-01 1.66e-04
-8.62868e-01 1.62e-04
-8.50292e-01 1.61e-04
-8.38057e-01 1.62e-04
-8.26130e-01 1.60e-04
-8.14502e-01 1.50e-04
-8.03185e-01 1.39e-04
-7.92106e-01 1.31e-04
-7.81301e-01 1.26e-04
-7.70741e-01 1.22e-04
-7.50331e-01 1.16e-04
-7.40469e-01 1.29e-04
-7.30787e-01 1.25e-04
-7.21320e-01 1.23e-04
-7.12045e-01 1.19e-04
-7.02955e-01 1.16e-04
-6.94048e-01 1.13e-04
-6.85298e-01 1.10e-04
-6.76723e-01 1.08e-04
-6.68298e-01 1.05e-04
-6.60041e-01 1.03e-04
-6.51909e-01 1.01e-04
-6.43938e-01 9.98e-05
-6.36087e-01 1.00e-04
-6.28390e-01 1.05e-04
-6.20808e-01 1.23e-04
-6.13357e-01 1.95e-04
-6.06016e-01 4.49e-04
-5.98801e-01 4.78e-04
-5.91692e-01 2.69e-04
-5.84687e-01 1.37e-04
-5.77803e-01 1.00e-04
-5.71018e-01 8.79e-05
-5.64314e-01 8.15e-05
-5.57725e-01 7.80e-05
-5.51231e-01 7.55e-05
-5.44831e-01 7.37e-05
-5.38505e-01 7.22e-05
-5.32288e-01 7.08e-05
-5.20085e-01 6.82e-05
-5.08196e-01 6.58e-05
-4.96610e-01 6.37e-05
-4.85320e-01 6.16e-05
-4.74301e-01 5.98e-05
-4.63545e-01 5.81e-05
-4.58265e-01 5.73e-05
-4.53044e-01 5.67e-05
-4.47882e-01 5.64e-05
-4.42778e-01 5.64e-05
-4.37730e-01 5.75e-05
-4.32739e-01 6.08e-05
-4.27803e-01 6.78e-05
-4.22922e-01 8.28e-05
-4.18095e-01 1.08e-04
-4.13321e-01 1.30e-04
-4.08585e-01 1.30e-04
-4.03901e-01 1.31e-04
-3.99284e-01 1.09e-04
-3.94688e-01 8.20e-05
-3.90158e-01 6.48e-05
-3.85662e-01 5.58e-05
-3.81216e-01 5.06e-05
-3.76819e-01 4.78e-05
-3.72456e-01 4.61e-05
-3.68126e-01 4.50e-05
-3.63858e-01 4.41e-05
-3.59622e-01 4.34e-05
-3.55419e-01 4.28e-05
-3.51261e-01 4.23e-05
-3.47135e-01 4.18e-05
-3.43054e-01 4.14e-05
-3.39003e-01 4.11e-05
-3.34997e-01 4.10e-05
-3.31021e-01 4.11e-05
-3.27088e-01 4.18e-05
-3.23185e-01 4.31e-05
-3.19310e-01 4.54e-05
-3.15464e-01 4.92e-05
-3.11661e-01 5.42e-05
-3.07885e-01 5.84e-05
-3.04150e-01 6.19e-05
-3.00430e-01 6.79e-05
-2.96750e-01 6.57e-05
-2.93097e-01 6.28e-05
-2.89484e-01 5.92e-05
-2.85884e-01 5.61e-05
-2.82323e-01 5.66e-05
-2.78788e-01 6.22e-05
-2.75279e-01 8.01e-05
-2.71796e-01 1.43e-04
-2.68350e-01 5.56e-04
-2.64917e-01 1.31e-02
-2.61521e-01 9.44e-04
-2.58149e-01 1.78e-04
-2.54802e-01 8.81e-05
-2.51466e-01 6.27e-05
-2.48167e-01 5.29e-05
-2.44891e-01 4.80e-05
-2.41639e-01 4.59e-05
-2.38409e-01 4.49e-05
-2.35203e-01 4.43e-05
-2.32020e-01 4.37e-05
-2.28860e-01 4.28e-05
-2.25722e-01 4.17e-05
-2.22606e-01 4.03e-05
-2.19513e-01 3.91e-05
-2.16441e-01 3.82e-05
-2.13391e-01 3.75e-05
-2.10363e-01 3.70e-05
-2.07344e-01 3.66e-05
-2.04359e-01 3.63e-05
-2.01382e-01 3.62e-05
-1.95504e-01 3.60e-05
-1.92590e-01 3.59e-05
-1.86824e-01 3.55e-05
-1.83971e-01 3.53e-05
-1.81126e-01 3.51e-05
-1.78314e-01 3.48e-05
-1.75509e-01 3.44e-05
-1.72724e-01 3.50e-05
-1.69958e-01 3.46e-05
-1.67200e-01 3.42e-05
-1.61755e-01 3.36e-05
-1.56373e-01 3.30e-05
-1.51044e-01 3.25e-05
-1.45789e-01 3.20e-05
-1.40596e-01 3.15e-05
-1.35453e-01 3.10e-05
-1.30382e-01 3.06e-05
-1.25359e-01 3.02e-05
-1.20395e-01 2.97e-05
-1.15489e-01 2.94e-05
-1.10630e-01 2.90e-05
-1.05827e-01 2.86e-05
-1.01070e-01 2.83e-05
-9.63788e-02 2.79e-05
-9.17206e-02 2.76e-05
-8.71168e-02 2.72e-05
-8.25559e-02 2.69e-05
-7.80480e-02 2.66e-05
-7.35820e-02 2.63e-05
-6.91679e-02 2.60e-05
-6.47839e-02 2.58e-05
-6.04509e-02 2.55e-05
-5.61577e-02 2.52e-05
-5.19040e-02 2.50e-05
-4.76998e-02 2.47e-05
-4.35236e-02 2.45e-05
-3.93959e-02 2.42e-05
-3.52956e-02 2.40e-05
-3.12430e-02 2.38e-05
-2.72170e-02 2.35e-05
-2.32379e-02 2.33e-05
-1.92848e-02 2.31e-05
-1.53675e-02 2.29e-05
-1.14958e-02 2.27e-05
-7.64918e-03 2.25e-05
-3.83735e-03 2.23e-05
-5.00013e-05 2.21e-05
3.69317e-03 2.19e-05
7.37275e-03 2.17e-05
1.11377e-02 2.15e-05
1.47901e-02 2.14e-05
1.84291e-02 2.12e-05
2.19572e-02 2.10e-05
2.55703e-02 2.09e-05
2.90732e-02 2.07e-05
3.25640e-02 2.05e-05
3.60426e-02 2.04e-05
3.95091e-02 2.02e-05
4.29637e-02 2.01e-05
4.64064e-02 1.99e-05
4.97421e-02 1.98e-05
5.30667e-02 1.97e-05
5.64748e-02 1.95e-05
5.97772e-02 1.94e-05
6.29748e-02 1.93e-05
6.62558e-02 1.92e-05
6.95261e-02 1.91e-05
7.42722e-02 1.90e-05
7.74239e-02 1.90e-05
8.06579e-02 1.90e-05
8.22249e-02 1.90e-05
8.37895e-02 1.91e-05
8.52598e-02 1.92e-05
8.83771e-02 1.94e-05
8.99321e-02 1.96e-05
9.14847e-02 1.98e-05
9.30349e-02 2.00e-05
9.44917e-02 2.05e-05
9.60372e-02 2.12e-05
9.75803e-02 2.22e-05
9.90305e-02 2.37e-05
1.00569e-01 2.55e-05
1.02015e-01 2.79e-05
1.03549e-01 3.15e-05
1.05080e-01 3.70e-05
1.06520e-01 4.59e-05
1.07957e-01 6.14e-05
1.09482e-01 9.02e-05
1.10915e-01 1.49e-04
1.12435e-01 2.80e-04
1.13864e-01 4.84e-04
1.15291e-01 4.85e-04
1.16805e-01 5.26e-04
1.18227e-01 4.30e-04
1.19648e-01 2.35e-04
1.21067e-01 1.30e-04
1.22483e-01 8.21e-05
1.23898e-01 5.75e-05
1.25398e-01 4.39e-05
1.26809e-01 3.57e-05
1.28217e-01 3.06e-05
1.29624e-01 2.71e-05
1.31028e-01 2.47e-05
1.32431e-01 2.28e-05
1.33831e-01 2.12e-05
1.35143e-01 2.01e-05
1.36539e-01 1.93e-05
1.37934e-01 1.87e-05
1.39327e-01 1.83e-05
1.40718e-01 1.80e-05
1.42107e-01 1.78e-05
1.44793e-01 1.73e-05
1.46176e-01 1.71e-05
1.47471e-01 1.69e-05
1.48851e-01 1.67e-05
1.51519e-01 1.65e-05
1.52893e-01 1.64e-05
1.55550e-01 1.61e-05
1.58200e-01 1.60e-05
1.60757e-01 1.59e-05
1.63394e-01 1.58e-05
1.66023e-01 1.57e-05
1.68561e-01 1.56e-05
1.71176e-01 1.55e-05
1.73701e-01 1.54e-05
1.76220e-01 1.53e-05
1.78732e-01 1.52e-05
1.81321e-01 1.51e-05
1.83737e-01 1.51e-05
1.86231e-01 1.50e-05
1.88718e-01 1.49e-05
1.91199e-01 1.48e-05
1.93591e-01 1.48e-05
1.96060e-01 1.47e-05
1.98441e-01 1.46e-05
2.00898e-01 1.46e-05
2.03267e-01 1.45e-05
2.05631e-01 1.44e-05
2.07989e-01 1.44e-05
2.10342e-01 1.43e-05
2.12689e-01 1.43e-05
2.15031e-01 1.42e-05
2.17286e-01 1.41e-05
2.19617e-01 1.41e-05
2.21943e-01 1.40e-05
2.24183e-01 1.40e-05
2.26418e-01 1.39e-05
2.28728e-01 1.39e-05
2.30953e-01 1.38e-05
2.33173e-01 1.38e-05
2.35388e-01 1.37e-05
2.40905e-01 1.37e-05
2.43103e-01 1.37e-05
2.45296e-01 1.37e-05
2.47407e-01 1.38e-05
2.48499e-01 1.39e-05
2.49591e-01 1.40e-05
2.50681e-01 1.41e-05
2.51692e-01 1.43e-05
2.52780e-01 1.45e-05
2.53867e-01 1.47e-05
2.54875e-01 1.50e-05
2.55959e-01 1.53e-05
2.57042e-01 1.58e-05
2.58047e-01 1.63e-05
2.59128e-01 1.69e-05
2.60208e-01 1.78e-05
2.61210e-01 1.91e-05
2.62287e-01 2.08e-05
2.63287e-01 2.32e-05
2.64362e-01 2.63e-05
2.65360e-01 3.05e-05
2.66433e-01 3.62e-05
2.67428e-01 4.41e-05
2.68499e-01 5.50e-05
2.69493e-01 6.92e-05
2.71553e-01 1.04e-04
2.72619e-01 1.15e-04
2.73609e-01 1.15e-04
2.74597e-01 1.13e-04
2.75660e-01 1.17e-04
2.76646e-01 1.14e-04
2.77632e-01 9.95e-05
2.78692e-01 8.18e-05
2.79675e-01 6.54e-05
2.80657e-01 5.22e-05
2.81639e-01 4.23e-05
2.82695e-01 3.51e-05
2.83674e-01 2.99e-05
2.84652e-01 2.60e-05
2.85630e-01 2.30e-05
2.86606e-01 2.07e-05
2.87582e-01 1.90e-05
2.88632e-01 1.78e-05
2.89605e-01 1.69e-05
2.90578e-01 1.62e-05
2.91550e-01 1.56e-05
2.92520e-01 1.52e-05
2.93490e-01 1.48e-05
2.94459e-01 1.44e-05
2.95427e-01 1.41e-05
2.96394e-01 1.39e-05
2.97360e-01 1.37e-05
2.98325e-01 1.35e-05
2.99289e-01 1.34e-05
3.00253e-01 1.32e-05
3.01215e-01 1.31e-05
3.03137e-01 1.30e-05
3.04982e-01 1.29e-05
3.06896e-01 1.28e-05
3.08807e-01 1.27e-05
3.10641e-01 1.27e-05
3.12545e-01 1.26e-05
3.14373e-01 1.26e-05
3.16270e-01 1.25e-05
3.20851e-01 1.25e-05
3.25411e-01 1.24e-05
3.29016e-01 1.24e-05
3.30813e-01 1.24e-05
3.32608e-01 1.25e-05
3.34399e-01 1.25e-05
3.36115e-01 1.26e-05
3.37044e-01 1.27e-05
3.37900e-01 1.28e-05
3.38827e-01 1.29e-05
3.39681e-01 1.31e-05
3.40535e-01 1.32e-05
3.41389e-01 1.35e-05
3.42312e-01 1.38e-05
3.43164e-01 1.41e-05
3.44015e-01 1.46e-05
3.44936e-01 1.52e-05
3.45786e-01 1.59e-05
3.46635e-01 1.68e-05
3.47483e-01 1.78e-05
3.48330e-01 1.90e-05
3.49247e-01 2.06e-05
3.50093e-01 2.25e-05
3.50939e-01 2.48e-05
3.51783e-01 2.77e-05
3.52627e-01 3.11e-05
3.54382e-01 3.83e-05
3.55224e-01 4.16e-05
3.56065e-01 4.42e-05
3.56905e-01 4.62e-05
3.57744e-01 4.77e-05
3.58583e-01 4.89e-05
3.59421e-01 4.92e-05
3.60259e-01 4.84e-05
3.61095e-01 4.71e-05
3.61931e-01 4.55e-05
3.62766e-01 4.32e-05
3.63601e-01 4.03e-05
3.64435e-01 3.68e-05
3.65268e-01 3.32e-05
3.66100e-01 2.97e-05
3.66932e-01 2.66e-05
3.67763e-01 2.40e-05
3.68594e-01 2.19e-05
3.69354e-01 2.02e-05
3.70183e-01 1.87e-05
3.71012e-01 1.76e-05
3.71839e-01 1.66e-05
3.72666e-01 1.58e-05
3.73493e-01 1.51e-05
3.74318e-01 1.46e-05
3.75075e-01 1.41e-05
3.75899e-01 1.37e-05
3.76723e-01 1.35e-05
3.77546e-01 1.32e-05
3.78299e-01 1.31e-05
3.79121e-01 1.29e-05
3.79942e-01 1.28e-05
3.80762e-01 1.27e-05
3.81514e-01 1.26e-05
3.82333e-01 1.26e-05
3.84718e-01 1.25e-05
3.86282e-01 1.25e-05
3.87912e-01 1.25e-05
3.89471e-01 1.26e-05
3.90284e-01 1.26e-05
3.91028e-01 1.27e-05
3.91839e-01 1.28e-05
3.92582e-01 1.29e-05
3.93393e-01 1.30e-05
3.94134e-01 1.31e-05
3.94943e-01 1.33e-05
3.95684e-01 1.35e-05
3.96492e-01 1.38e-05
3.97231e-01 1.41e-05
3.98038e-01 1.44e-05
3.98776e-01 1.49e-05
3.99581e-01 1.53e-05
4.00319e-01 1.59e-05
4.01122e-01 1.66e-05
4.01859e-01 1.74e-05
4.02661e-01 1.83e-05
4.03396e-01 1.94e-05
4.04131e-01 2.05e-05
4.04932e-01 2.15e-05
4.05665e-01 2.24e-05
4.06465e-01 2.31e-05
4.07197e-01 2.36e-05
4.07929e-01 2.42e-05
4.08726e-01 2.48e-05
4.09457e-01 2.53e-05
4.10187e-01 2.56e-05
4.10983e-01 2.56e-05
4.11712e-01 2.54e-05
4.12441e-01 2.49e-05
4.13169e-01 2.44e-05
4.13962e-01 2.39e-05
4.14689e-01 2.35e-05
4.15415e-01 2.29e-05
4.16141e-01 2.21e-05
4.16932e-01 2.11e-05
4.17657e-01 2.00e-05
4.18381e-01 1.90e-05
4.19105e-01 1.81e-05
4.19828e-01 1.74e-05
4.20616e-01 1.67e-05
4.21338e-01 1.62e-05
4.22060e-01 1.58e-05
4.22781e-01 1.54e-05
4.23501e-01 1.51e-05
4.24221e-01 1.48e-05
4.25006e-01 1.46e-05
4.25725e-01 1.44e-05
4.26444e-01 1.43e-05
4.27161e-01 1.42e-05
4.27879e-01 1.42e-05
4.28596e-01 1.41e-05
4.29312e-01 1.41e-05
4.30028e-01 1.41e-05
4.30743e-01 1.41e-05
4.31458e-01 1.42e-05
4.32172e-01 1.43e-05
4.32886e-01 1.44e-05
4.33599e-01 1.45e-05
4.34312e-01 1.47e-05
4.35024e-01 1.49e-05
4.35736e-01 1.51e-05
4.36447e-01 1.53e-05
4.37158e-01 1.56e-05
4.38577e-01 1.62e-05
4.39287e-01 1.64e-05
4.39995e-01 1.67e-05
4.40704e-01 1.69e-05
4.42118e-01 1.73e-05
4.42761e-01 1.74e-05
4.43467e-01 1.76e-05
4.44173e-01 1.77e-05
4.44878e-01 1.77e-05
4.45583e-01 1.76e-05
4.46927e-01 1.74e-05
4.48333e-01 1.72e-05
4.49035e-01 1.71e-05
4.49737e-01 1.69e-05
4.50438e-01 1.67e-05
4.51076e-01 1.64e-05
4.52476e-01 1.61e-05
4.53175e-01 1.59e-05
4.53811e-01 1.58e-05
4.54509e-01 1.56e-05
4.55207e-01 1.55e-05
4.55841e-01 1.55e-05
4.56538e-01 1.54e-05
4.57235e-01 1.54e-05
4.57931e-01 1.53e-05
4.59259e-01 1.54e-05
4.60584e-01 1.54e-05
4.61971e-01 1.55e-05
4.63294e-01 1.56e-05
4.65305e-01 1.57e-05
4.67250e-01 1.57e-05
4.68565e-01 1.57e-05
4.69941e-01 1.57e-05
4.71253e-01 1.58e-05
4.71877e-01 1.58e-05
4.73186e-01 1.57e-05
4.73871e-01 1.57e-05
4.75178e-01 1.56e-05
4.75799e-01 1.55e-05
4.76420e-01 1.61e-05
4.77724e-01 1.60e-05
4.79025e-01 1.59e-05
4.80325e-01 1.58e-05
4.81623e-01 1.57e-05
4.82920e-01 1.57e-05
4.84153e-01 1.56e-05
4.85446e-01 1.56e-05
4.86738e-01 1.55e-05
4.87966e-01 1.55e-05
4.89255e-01 1.54e-05
4.90480e-01 1.54e-05
4.91765e-01 1.53e-05
4.93049e-01 1.53e-05
4.94269e-01 1.52e-05
4.95489e-01 1.52e-05
4.96767e-01 1.52e-05
4.97984e-01 1.51e-05
4.99259e-01 1.51e-05
5.00472e-01 1.50e-05
5.01684e-01 1.50e-05
5.02955e-01 1.50e-05
5.04163e-01 1.49e-05
5.05371e-01 1.49e-05
5.06577e-01 1.48e-05
5.07781e-01 1.48e-05
5.09044e-01 1.48e-05
5.10245e-01 1.47e-05
5.11445e-01 1.47e-05
5.12644e-01 1.46e-05
5.13841e-01 1.46e-05
5.15037e-01 1.46e-05
5.16231e-01 1.45e-05
5.17424e-01 1.45e-05
5.18615e-01 1.45e-05
5.19746e-01 1.44e-05
5.20934e-01 1.44e-05
5.22122e-01 1.43e-05
5.23307e-01 1.43e-05
5.24492e-01 1.43e-05
5.25616e-01 1.42e-05
5.26797e-01 1.42e-05
5.27978e-01 1.42e-05
5.29157e-01 1.41e-05
5.30275e-01 1.41e-05
5.31451e-01 1.41e-05
5.32568e-01 1.40e-05
5.33741e-01 1.40e-05
5.34855e-01 1.40e-05
5.36025e-01 1.39e-05
5.37136e-01 1.39e-05
5.38305e-01 1.39e-05
5.39413e-01 1.38e-05
5.40579e-01 1.38e-05
5.41685e-01 1.38e-05
5.42789e-01 1.37e-05
5.43951e-01 1.37e-05
5.45053e-01 1.37e-05
5.46154e-01 1.36e-05
5.47312e-01 1.36e-05
5.48410e-01 1.36e-05
5.49508e-01 1.35e-05
5.50604e-01 1.35e-05
5.51699e-01 1.35e-05
5.52850e-01 1.34e-05
5.53943e-01 1.34e-05
5.55034e-01 1.34e-05
5.56124e-01 1.33e-05
5.57213e-01 1.33e-05
5.58301e-01 1.33e-05
5.59387e-01 1.33e-05
5.60473e-01 1.32e-05
5.61557e-01 1.32e-05
5.62640e-01 1.32e-05
5.63722e-01 1.31e-05
5.64745e-01 1.31e-05
5.65825e-01 1.31e-05
5.66903e-01 1.30e-05
5.67981e-01 1.30e-05
5.69057e-01 1.30e-05
5.70075e-01 1.30e-05
5.71149e-01 1.29e-05
5.72222e-01 1.29e-05
5.73293e-01 1.29e-05
5.74307e-01 1.28e-05
5.75377e-01 1.28e-05
5.76445e-01 1.28e-05
5.77456e-01 1.28e-05
5.78522e-01 1.27e-05
5.79530e-01 1.27e-05
5.80594e-01 1.27e-05
5.81601e-01 1.26e-05
5.82662e-01 1.26e-05
5.83667e-01 1.26e-05
5.84726e-01 1.26e-05
5.85729e-01 1.25e-05
5.86786e-01 1.25e-05
5.87787e-01 1.25e-05
5.88786e-01 1.25e-05
5.89840e-01 1.24e-05
5.90838e-01 1.24e-05
5.91834e-01 1.24e-05
5.92885e-01 1.24e-05
5.93879e-01 1.23e-05
5.94873e-01 1.23e-05
5.95865e-01 1.23e-05
5.96857e-01 1.22e-05
5.97902e-01 1.22e-05
5.98891e-01 1.22e-05
5.99880e-01 1.22e-05
6.00867e-01 1.21e-05
6.01854e-01 1.21e-05
6.02839e-01 1.21e-05
6.03824e-01 1.21e-05
6.04808e-01 1.20e-05
6.05790e-01 1.20e-05
6.06772e-01 1.20e-05
6.07753e-01 1.20e-05
6.08732e-01 1.20e-05
6.09711e-01 1.19e-05
6.10689e-01 1.19e-05
6.33026e-01 1.14e-05
6.53418e-01 1.09e-05
6.73047e-01 1.05e-05
6.94297e-01 1.00e-05
7.12361e-01 9.68e-06
7.27452e-01 9.42e-06
7.38360e-01 9.26e-06
7.45408e-01 9.18e-06
7.50189e-01 9.17e-06
7.53066e-01 9.18e-06
7.55981e-01 9.22e-06
7.57436e-01 9.25e-06
7.58139e-01 9.27e-06
7.58841e-01 9.29e-06
7.59543e-01 9.32e-06
7.60292e-01 9.35e-06
7.60993e-01 9.38e-06
7.61693e-01 9.43e-06
7.62393e-01 9.47e-06
7.63140e-01 9.53e-06
7.63839e-01 9.59e-06
7.64537e-01 9.67e-06
7.65235e-01 9.75e-06
7.65979e-01 9.85e-06
7.66676e-01 9.97e-06
7.67373e-01 1.01e-05
7.68069e-01 1.02e-05
7.68765e-01 1.04e-05
7.69460e-01 1.06e-05
7.70155e-01 1.08e-05
7.70525e-01 1.10e-05
7.70895e-01 1.11e-05
7.71219e-01 1.13e-05
7.71589e-01 1.14e-05
7.71912e-01 1.16e-05
7.72282e-01 1.18e-05
7.72605e-01 1.21e-05
7.72974e-01 1.23e-05
7.73298e-01 1.26e-05
7.73667e-01 1.29e-05
7.73990e-01 1.32e-05
7.74358e-01 1.36e-05
7.74681e-01 1.40e-05
7.75050e-01 1.45e-05
7.75418e-01 1.50e-05
7.75740e-01 1.56e-05
7.76109e-01 1.63e-05
7.76431e-01 1.71e-05
7.76799e-01 1.80e-05
7.77121e-01 1.90e-05
7.77488e-01 2.02e-05
7.77810e-01 2.16e-05
7.78177e-01 2.33e-05
7.78499e-01 2.52e-05
7.78866e-01 2.75e-05
7.79187e-01 3.03e-05
7.79554e-01 3.37e-05
7.79875e-01 3.79e-05
7.80242e-01 4.31e-05
7.80563e-01 4.96e-05
7.80929e-01 5.81e-05
7.81250e-01 6.91e-05
7.81570e-01 8.40e-05
7.81936e-01 1.04e-04
7.82256e-01 1.34e-04
7.82622e-01 1.77e-04
7.82942e-01 2.44e-04
7.83308e-01 3.56e-04
7.83628e-01 5.58e-04
7.83993e-01 9.69e-04
7.84312e-01 2.14e-03
7.84677e-01 6.70e-03
7.84997e-01 2.43e-02
7.85362e-01 7.90e-02
7.85681e-01 1.15e-02
7.86000e-01 3.65e-03
7.86364e-01 1.40e-03
7.86683e-01 7.34e-04
7.87047e-01 4.48e-04
7.87366e-01 2.98e-04
7.87730e-01 2.10e-04
7.88048e-01 1.56e-04
7.88366e-01 1.20e-04
7.88730e-01 9.53e-05
7.89048e-01 7.77e-05
7.89411e-01 6.47e-05
7.89729e-01 5.48e-05
7.90092e-01 4.72e-05
7.90410e-01 4.13e-05
7.90728e-01 3.65e-05
7.91090e-01 3.26e-05
7.91408e-01 2.95e-05
7.91770e-01 2.69e-05
7.92087e-01 2.47e-05
7.92404e-01 2.29e-05
7.92766e-01 2.13e-05
7.93083e-01 1.99e-05
7.93445e-01 1.88e-05
7.93761e-01 1.78e-05
7.94078e-01 1.69e-05
7.94439e-01 1.61e-05
7.94756e-01 1.55e-05
7.95117e-01 1.49e-05
7.95433e-01 1.43e-05
7.95749e-01 1.38e-05
7.96110e-01 1.34e-05
7.96426e-01 1.30e-05
7.96741e-01 1.27e-05
7.97102e-01 1.24e-05
7.97417e-01 1.21e-05
7.97732e-01 1.18e-05
7.98093e-01 1.16e-05
7.98408e-01 1.14e-05
7.98768e-01 1.12e-05
7.99083e-01 1.10e-05
7.99397e-01 1.08e-05
7.99757e-01 1.06e-05
8.00386e-01 1.04e-05
8.01059e-01 1.01e-05
8.01732e-01 9.92e-06
8.02360e-01 9.74e-06
8.03032e-01 9.58e-06
8.03704e-01 9.42e-06
8.04331e-01 9.29e-06
8.05002e-01 9.17e-06
8.05627e-01 9.06e-06
8.06297e-01 8.96e-06
8.06967e-01 8.87e-06
8.07591e-01 8.79e-06
8.08260e-01 8.72e-06
8.08884e-01 8.66e-06
8.09551e-01 8.60e-06
8.10174e-01 8.54e-06
8.10841e-01 8.49e-06
8.11463e-01 8.45e-06
8.12129e-01 8.40e-06
8.12751e-01 8.36e-06
8.13416e-01 8.32e-06
8.14036e-01 8.29e-06
8.14701e-01 8.26e-06
8.15321e-01 8.22e-06
8.15984e-01 8.19e-06
8.16603e-01 8.16e-06
8.17266e-01 8.13e-06
8.17884e-01 8.11e-06
8.18546e-01 8.08e-06
8.19163e-01 8.06e-06
8.19824e-01 8.03e-06
8.20440e-01 8.01e-06
8.21057e-01 7.99e-06
8.21716e-01 7.97e-06
8.22332e-01 7.95e-06
8.22947e-01 7.93e-06
8.23605e-01 7.91e-06
8.24219e-01 7.89e-06
8.24833e-01 7.88e-06
8.25490e-01 7.86e-06
8.31430e-01 7.72e-06
8.41567e-01 7.53e-06
8.53308e-01 7.34e-06
8.69409e-01 7.10e-06
8.91178e-01 6.80e-06
9.12644e-01 6.53e-06
9.37857e-01 6.22e-06
9.60040e-01 5.96e-06
9.82827e-01 5.71e-06
1.00470e+00 5.48e-06
1.02540e+00 5.28e-06
1.03985e+00 5.15e-06
1.04770e+00 5.09e-06
1.05253e+00 5.08e-06
1.05543e+00 5.09e-06
1.05751e+00 5.11e-06
1.05918e+00 5.13e-06
1.06001e+00 5.15e-06
1.06043e+00 5.16e-06
1.06084e+00 5.17e-06
1.06126e+00 5.18e-06
1.06164e+00 5.19e-06
1.06205e+00 5.21e-06
1.06247e+00 5.23e-06
1.06288e+00 5.24e-06
1.06330e+00 5.27e-06
1.06371e+00 5.29e-06
1.06412e+00 5.31e-06
1.06454e+00 5.34e-06
1.06495e+00 5.37e-06
1.06537e+00 5.41e-06
1.06574e+00 5.45e-06
1.06616e+00 5.49e-06
1.06657e+00 5.54e-06
1.06698e+00 5.57e-06
1.06740e+00 5.61e-06
1.06781e+00 5.66e-06
1.06822e+00 5.70e-06
1.06860e+00 5.75e-06
1.06901e+00 5.81e-06
1.06942e+00 5.87e-06
1.06984e+00 5.94e-06
1.07025e+00 6.01e-06
1.07066e+00 6.10e-06
1.07107e+00 6.19e-06
1.07145e+00 6.29e-06
1.07186e+00 6.41e-06
1.07206e+00 6.47e-06
1.07227e+00 6.54e-06
1.07268e+00 6.70e-06
1.07309e+00 6.88e-06
1.07329e+00 6.99e-06
1.07350e+00 7.10e-06
1.07370e+00 7.21e-06
1.07388e+00 7.34e-06
1.07408e+00 7.47e-06
1.07429e+00 7.61e-06
1.07449e+00 7.77e-06
1.07470e+00 7.93e-06
1.07490e+00 8.11e-06
1.07510e+00 8.30e-06
1.07531e+00 8.51e-06
1.07551e+00 8.74e-06
1.07572e+00 8.98e-06
1.07592e+00 9.25e-06
1.07630e+00 9.82e-06
1.07650e+00 1.01e-05
1.07671e+00 1.04e-05
1.07691e+00 1.08e-05
1.07712e+00 1.12e-05
1.07732e+00 1.16e-05
1.07752e+00 1.20e-05
1.07773e+00 1.25e-05
1.07793e+00 1.31e-05
1.07810e+00 1.37e-05
1.07831e+00 1.43e-05
1.07851e+00 1.50e-05
1.07872e+00 1.58e-05
1.07892e+00 1.68e-05
1.07912e+00 1.78e-05
1.07933e+00 1.90e-05
1.07953e+00 2.04e-05
1.07974e+00 2.20e-05
1.07991e+00 2.37e-05
1.08011e+00 2.58e-05
1.08031e+00 2.81e-05
1.08052e+00 3.09e-05
1.08072e+00 3.40e-05
1.08092e+00 3.77e-05
1.08113e+00 4.18e-05
1.08133e+00 4.66e-05
1.08153e+00 5.23e-05
1.08170e+00 5.92e-05
1.08191e+00 6.75e-05
1.08211e+00 7.76e-05
1.08231e+00 9.03e-05
1.08252e+00 1.06e-04
1.08272e+00 1.26e-04
1.08292e+00 1.51e-04
1.08313e+00 1.85e-04
1.08333e+00 2.29e-04
1.08350e+00 2.90e-04
1.08370e+00 3.74e-04
1.08390e+00 4.97e-04
1.08411e+00 6.78e-04
1.08431e+00 9.48e-04
1.08451e+00 1.34e-03
1.08472e+00 1.77e-03
1.08492e+00 2.15e-03
1.08509e+00 2.18e-03
1.08529e+00 1.87e-03
1.08549e+00 1.97e-03
1.08570e+00 2.22e-03
1.08590e+00 2.04e-03
1.08610e+00 1.61e-03
1.08630e+00 1.18e-03
1.08651e+00 8.36e-04
1.08667e+00 6.03e-04
1.08688e+00 4.48e-04
1.08708e+00 3.41e-04
1.08728e+00 2.66e-04
1.08748e+00 2.13e-04
1.08769e+00 1.73e-04
1.08789e+00 1.43e-04
1.08806e+00 1.19e-04
1.08826e+00 1.01e-04
1.08846e+00 8.63e-05
1.08866e+00 7.48e-05
1.08886e+00 6.52e-05
1.08907e+00 5.74e-05
1.08927e+00 5.09e-05
1.08947e+00 4.55e-05
1.08964e+00 4.09e-05
1.08984e+00 3.70e-05
1.09004e+00 3.35e-05
1.09024e+00 3.04e-05
1.09045e+00 2.78e-05
1.09065e+00 2.55e-05
1.09085e+00 2.36e-05
1.09102e+00 2.18e-05
1.09122e+00 2.03e-05
1.09142e+00 1.90e-05
1.09162e+00 1.78e-05
1.09182e+00 1.67e-05
1.09202e+00 1.59e-05
1.09223e+00 1.51e-05
1.09239e+00 1.43e-05
1.09259e+00 1.37e-05
1.09280e+00 1.31e-05
1.09300e+00 1.26e-05
1.09320e+00 1.21e-05
1.09340e+00 1.16e-05
1.09357e+00 1.12e-05
1.09377e+00 1.08e-05
1.09397e+00 1.05e-05
1.09417e+00 1.02e-05
1.09437e+00 9.86e-06
1.09477e+00 9.28e-06
1.09494e+00 9.01e-06
1.09514e+00 8.76e-06
1.09534e+00 8.53e-06
1.09554e+00 8.32e-06
1.09574e+00 8.12e-06
1.09594e+00 7.93e-06
1.09611e+00 7.76e-06
1.09631e+00 7.60e-06
1.09651e+00 7.45e-06
1.09671e+00 7.32e-06
1.09691e+00 7.19e-06
1.09711e+00 7.06e-06
1.09728e+00 6.95e-06
1.09768e+00 6.74e-06
1.09808e+00 6.56e-06
1.09828e+00 6.48e-06
1.09845e+00 6.40e-06
1.09885e+00 6.27e-06
1.09925e+00 6.15e-06
1.09961e+00 6.04e-06
1.10001e+00 5.95e-06
1.10041e+00 5.86e-06
1.10078e+00 5.78e-06
1.10118e+00 5.70e-06
1.10157e+00 5.64e-06
1.10194e+00 5.57e-06
1.10234e+00 5.52e-06
1.10274e+00 5.46e-06
1.10310e+00 5.41e-06
1.10350e+00 5.37e-06
1.10390e+00 5.32e-06
1.10426e+00 5.27e-06
1.10466e+00 5.22e-06
1.10503e+00 5.17e-06
1.10542e+00 5.13e-06
1.10582e+00 5.09e-06
1.10618e+00 5.05e-06
1.10658e+00 5.02e-06
1.10698e+00 4.99e-06
1.10734e+00 4.96e-06
1.10774e+00 4.93e-06
1.10810e+00 4.91e-06
1.10850e+00 4.88e-06
1.10889e+00 4.86e-06
1.10926e+00 4.84e-06
1.10965e+00 4.82e-06
1.11001e+00 4.81e-06
1.11041e+00 4.79e-06
1.11080e+00 4.78e-06
1.11117e+00 4.76e-06
1.11156e+00 4.75e-06
1.11192e+00 4.73e-06
1.11232e+00 4.72e-06
1.11268e+00 4.71e-06
1.11307e+00 4.70e-06
1.11347e+00 4.69e-06
1.11383e+00 4.68e-06
1.11629e+00 4.62e-06
1.11988e+00 4.56e-06
1.12383e+00 4.51e-06
1.13256e+00 4.43e-06
1.14448e+00 4.35e-06
1.15619e+00 4.27e-06
1.16452e+00 4.24e-06
1.17034e+00 4.22e-06
1.17400e+00 4.23e-06
1.17505e+00 4.24e-06
1.17610e+00 4.26e-06
1.17678e+00 4.27e-06
1.17715e+00 4.28e-06
1.17749e+00 4.29e-06
1.17782e+00 4.30e-06
1.17816e+00 4.31e-06
1.17853e+00 4.33e-06
1.17887e+00 4.34e-06
1.17921e+00 4.36e-06
1.17955e+00 4.38e-06
1.17992e+00 4.40e-06
1.18025e+00 4.42e-06
1.18059e+00 4.44e-06
1.18093e+00 4.46e-06
1.18130e+00 4.48e-06
1.18164e+00 4.50e-06
1.18197e+00 4.53e-06
1.18231e+00 4.56e-06
1.18268e+00 4.60e-06
1.18301e+00 4.63e-06
1.18335e+00 4.68e-06
1.18369e+00 4.72e-06
1.18406e+00 4.77e-06
1.18439e+00 4.83e-06
1.18473e+00 4.90e-06
1.18507e+00 4.97e-06
1.18540e+00 5.06e-06
1.18577e+00 5.16e-06
1.18610e+00 5.26e-06
1.18644e+00 5.39e-06
1.18678e+00 5.53e-06
1.18714e+00 5.69e-06
1.18729e+00 5.78e-06
1.18748e+00 5.88e-06
1.18781e+00 6.04e-06
1.18815e+00 6.23e-06
1.18848e+00 6.43e-06
1.18867e+00 6.54e-06
1.18885e+00 6.67e-06
1.18900e+00 6.80e-06
1.18918e+00 6.94e-06
1.18934e+00 7.09e-06
1.18952e+00 7.26e-06
1.18970e+00 7.44e-06
1.18985e+00 7.64e-06
1.19004e+00 7.87e-06
1.19022e+00 8.12e-06
1.19037e+00 8.41e-06
1.19055e+00 8.72e-06
1.19071e+00 9.05e-06
1.19089e+00 9.39e-06
1.19107e+00 9.75e-06
1.19122e+00 1.01e-05
1.19140e+00 1.05e-05
1.19156e+00 1.10e-05
1.19174e+00 1.14e-05
1.19192e+00 1.19e-05
1.19207e+00 1.25e-05
1.19225e+00 1.31e-05
1.19241e+00 1.37e-05
1.19259e+00 1.45e-05
1.19277e+00 1.53e-05
1.19292e+00 1.62e-05
1.19310e+00 1.72e-05
1.19326e+00 1.83e-05
1.19344e+00 1.95e-05
1.19362e+00 2.09e-05
1.19377e+00 2.25e-05
1.19395e+00 2.42e-05
1.19410e+00 2.62e-05
1.19429e+00 2.85e-05
1.19447e+00 3.11e-05
1.19462e+00 3.41e-05
1.19480e+00 3.75e-05
1.19495e+00 4.15e-05
1.19513e+00 4.61e-05
1.19532e+00 5.14e-05
1.19547e+00 5.77e-05
1.19565e+00 6.50e-05
1.19580e+00 7.35e-05
1.19598e+00 8.38e-05
1.19616e+00 9.57e-05
1.19631e+00 1.10e-04
1.19649e+00 1.27e-04
1.19665e+00 1.47e-04
1.19683e+00 1.72e-04
1.19698e+00 2.01e-04
1.19716e+00 2.34e-04
1.19734e+00 2.69e-04
1.19749e+00 3.07e-04
1.19767e+00 3.46e-04
1.19782e+00 3.83e-04
1.19801e+00 4.13e-04
1.19819e+00 4.32e-04
1.19834e+00 4.39e-04
1.19852e+00 4.35e-04
1.19867e+00 4.27e-04
1.19885e+00 4.35e-04
1.19903e+00 4.39e-04
1.19918e+00 4.35e-04
1.19936e+00 4.17e-04
1.19951e+00 3.88e-04
1.19969e+00 3.52e-04
1.19987e+00 3.13e-04
1.20003e+00 2.75e-04
1.20021e+00 2.39e-04
1.20036e+00 2.06e-04
1.20054e+00 1.77e-04
1.20069e+00 1.52e-04
1.20087e+00 1.31e-04
1.20105e+00 1.13e-04
1.20120e+00 9.84e-05
1.20138e+00 8.61e-05
1.20153e+00 7.56e-05
1.20171e+00 6.67e-05
1.20189e+00 5.93e-05
1.20204e+00 5.28e-05
1.20222e+00 4.73e-05
1.20237e+00 4.26e-05
1.20255e+00 3.85e-05
1.20270e+00 3.50e-05
1.20288e+00 3.20e-05
1.20306e+00 2.93e-05
1.20321e+00 2.70e-05
1.20339e+00 2.49e-05
1.20354e+00 2.31e-05
1.20372e+00 2.15e-05
1.20390e+00 2.00e-05
1.20405e+00 1.88e-05
1.20423e+00 1.76e-05
1.20438e+00 1.66e-05
1.20456e+00 1.57e-05
1.20471e+00 1.48e-05
1.20489e+00 1.41e-05
1.20507e+00 1.34e-05
1.20522e+00 1.28e-05
1.20540e+00 1.22e-05
1.20555e+00 1.17e-05
1.20573e+00 1.12e-05
1.20591e+00 1.08e-05
1.20606e+00 1.03e-05
1.20624e+00 9.96e-06
1.20639e+00 9.59e-06
1.20657e+00 9.24e-06
1.20672e+00 8.90e-06
1.20690e+00 8.58e-06
1.20708e+00 8.28e-06
1.20723e+00 8.00e-06
1.20741e+00 7.77e-06
1.20756e+00 7.55e-06
1.20774e+00 7.36e-06
1.20789e+00 7.19e-06
1.20806e+00 7.03e-06
1.20824e+00 6.88e-06
1.20839e+00 6.74e-06
1.20857e+00 6.61e-06
1.20872e+00 6.49e-06
1.20890e+00 6.38e-06
1.20923e+00 6.18e-06
1.20956e+00 6.00e-06
1.20974e+00 5.92e-06
1.21006e+00 5.72e-06
1.21021e+00 5.63e-06
1.21057e+00 5.47e-06
1.21090e+00 5.33e-06
1.21123e+00 5.21e-06
1.21155e+00 5.10e-06
1.21188e+00 5.00e-06
1.21221e+00 4.91e-06
1.21254e+00 4.83e-06
1.21289e+00 4.76e-06
1.21322e+00 4.70e-06
1.21355e+00 4.65e-06
1.21387e+00 4.60e-06
1.21420e+00 4.56e-06
1.21453e+00 4.52e-06
1.21485e+00 4.48e-06
1.21521e+00 4.45e-06
1.21554e+00 4.42e-06
1.21586e+00 4.39e-06
1.21619e+00 4.36e-06
1.21651e+00 4.34e-06
1.21684e+00 4.32e-06
1.21717e+00 4.30e-06
1.21749e+00 4.27e-06
1.21782e+00 4.25e-06
1.21817e+00 4.23e-06
1.21850e+00 4.21e-06
1.21882e+00 4.20e-06
1.21915e+00 4.18e-06
1.21947e+00 4.17e-06
1.21980e+00 4.16e-06
1.22012e+00 4.15e-06
1.22045e+00 4.14e-06
1.22192e+00 4.10e-06
1.22339e+00 4.09e-06
1.22651e+00 4.07e-06
1.22958e+00 4.07e-06
1.23186e+00 4.09e-06
1.23346e+00 4.10e-06
1.23509e+00 4.13e-06
1.23605e+00 4.15e-06
1.23637e+00 4.16e-06
1.23669e+00 4.17e-06
1.23701e+00 4.17e-06
1.23733e+00 4.18e-06
1.23765e+00 4.20e-06
1.23797e+00 4.21e-06
1.23829e+00 4.22e-06
1.23861e+00 4.23e-06
1.23892e+00 4.25e-06
1.23924e+00 4.27e-06
1.23959e+00 4.28e-06
1.23991e+00 4.31e-06
1.24023e+00 4.33e-06
1.24055e+00 4.36e-06
1.24086e+00 4.39e-06
1.24118e+00 4.42e-06
1.24150e+00 4.46e-06
1.24182e+00 4.51e-06
1.24214e+00 4.56e-06
1.24245e+00 4.62e-06
1.24277e+00 4.69e-06
1.24309e+00 4.76e-06
1.24341e+00 4.85e-06
1.24372e+00 4.94e-06
1.24404e+00 5.05e-06
1.24436e+00 5.18e-06
1.24453e+00 5.25e-06
1.24467e+00 5.33e-06
1.24485e+00 5.42e-06
1.24499e+00 5.52e-06
1.24516e+00 5.62e-06
1.24534e+00 5.73e-06
1.24548e+00 5.85e-06
1.24565e+00 5.97e-06
1.24597e+00 6.24e-06
1.24611e+00 6.38e-06
1.24643e+00 6.69e-06
1.24660e+00 6.85e-06
1.24674e+00 7.02e-06
1.24692e+00 7.20e-06
1.24706e+00 7.39e-06
1.24723e+00 7.59e-06
1.24738e+00 7.81e-06
1.24755e+00 8.04e-06
1.24769e+00 8.28e-06
1.24787e+00 8.55e-06
1.24801e+00 8.84e-06
1.24818e+00 9.15e-06
1.24832e+00 9.50e-06
1.24850e+00 9.87e-06
1.24867e+00 1.03e-05
1.24881e+00 1.07e-05
1.24898e+00 1.12e-05
1.24913e+00 1.18e-05
1.24930e+00 1.24e-05
1.24944e+00 1.30e-05
1.24962e+00 1.38e-05
1.24976e+00 1.46e-05
1.24993e+00 1.55e-05
1.25007e+00 1.66e-05
1.25025e+00 1.77e-05
1.25039e+00 1.91e-05
1.25056e+00 2.05e-05
1.25070e+00 2.21e-05
1.25088e+00 2.39e-05
1.25102e+00 2.59e-05
1.25119e+00 2.81e-05
1.25133e+00 3.05e-05
1.25151e+00 3.32e-05
1.25165e+00 3.62e-05
1.25182e+00 3.94e-05
1.25196e+00 4.31e-05
1.25213e+00 4.72e-05
1.25228e+00 5.17e-05
1.25245e+00 5.68e-05
1.25262e+00 6.24e-05
1.25276e+00 6.84e-05
1.25293e+00 7.48e-05
1.25308e+00 8.16e-05
1.25325e+00 8.86e-05
1.25339e+00 9.58e-05
1.25356e+00 1.03e-04
1.25371e+00 1.10e-04
1.25388e+00 1.17e-04
1.25402e+00 1.23e-04
1.25419e+00 1.29e-04
1.25433e+00 1.33e-04
1.25450e+00 1.36e-04
1.25465e+00 1.39e-04
1.25482e+00 1.40e-04
1.25496e+00 1.41e-04
1.25513e+00 1.42e-04
1.25527e+00 1.43e-04
1.25545e+00 1.42e-04
1.25559e+00 1.41e-04
1.25576e+00 1.40e-04
1.25590e+00 1.38e-04
1.25607e+00 1.36e-04
1.25621e+00 1.33e-04
1.25638e+00 1.28e-04
1.25653e+00 1.22e-04
1.25670e+00 1.16e-04
1.25684e+00 1.09e-04
1.25715e+00 9.46e-05
1.25732e+00 8.74e-05
1.25749e+00 8.05e-05
1.25764e+00 7.38e-05
1.25781e+00 6.75e-05
1.25795e+00 6.15e-05
1.25812e+00 5.61e-05
1.25826e+00 5.11e-05
1.25843e+00 4.67e-05
1.25857e+00 4.27e-05
1.25875e+00 3.91e-05
1.25889e+00 3.59e-05
1.25906e+00 3.30e-05
1.25920e+00 3.04e-05
1.25937e+00 2.80e-05
1.25951e+00 2.59e-05
1.25968e+00 2.39e-05
1.25982e+00 2.22e-05
1.25999e+00 2.06e-05
1.26014e+00 1.91e-05
1.26031e+00 1.79e-05
1.26045e+00 1.67e-05
1.26062e+00 1.57e-05
1.26076e+00 1.48e-05
1.26093e+00 1.40e-05
1.26107e+00 1.32e-05
1.26124e+00 1.26e-05
1.26138e+00 1.20e-05
1.26155e+00 1.14e-05
1.26169e+00 1.10e-05
1.26186e+00 1.05e-05
1.26201e+00 1.01e-05
1.26218e+00 9.75e-06
1.26232e+00 9.42e-06
1.26249e+00 9.11e-06
1.26263e+00 8.83e-06
1.26280e+00 8.56e-06
1.26294e+00 8.32e-06
1.26311e+00 8.09e-06
1.26325e+00 7.88e-06
1.26342e+00 7.69e-06
1.26356e+00 7.50e-06
1.26373e+00 7.32e-06
1.26387e+00 7.16e-06
1.26418e+00 6.84e-06
1.26435e+00 6.70e-06
1.26466e+00 6.42e-06
1.26480e+00 6.29e-06
1.26497e+00 6.17e-06
1.26514e+00 6.06e-06
1.26528e+00 5.95e-06
1.26545e+00 5.85e-06
1.26559e+00 5.76e-06
1.26576e+00 5.67e-06
1.26590e+00 5.60e-06
1.26607e+00 5.53e-06
1.26638e+00 5.41e-06
1.26669e+00 5.31e-06
1.26700e+00 5.23e-06
1.26731e+00 5.15e-06
1.26762e+00 5.09e-06
1.26793e+00 5.03e-06
1.26824e+00 4.99e-06
1.26855e+00 4.94e-06
1.26886e+00 4.91e-06
1.26917e+00 4.88e-06
1.26948e+00 4.86e-06
1.26979e+00 4.84e-06
1.27055e+00 4.82e-06
1.27133e+00 4.82e-06
1.27195e+00 4.83e-06
1.27226e+00 4.84e-06
1.27257e+00 4.85e-06
1.27287e+00 4.86e-06
1.27318e+00 4.88e-06
1.27349e+00 4.89e-06
1.27380e+00 4.91e-06
1.27411e+00 4.94e-06
1.27441e+00 4.96e-06
1.27472e+00 4.99e-06
1.27503e+00 5.03e-06
1.27533e+00 5.07e-06
1.27564e+00 5.11e-06
1.27595e+00 5.16e-06
1.27626e+00 5.21e-06
1.27656e+00 5.27e-06
1.27687e+00 5.35e-06
1.27718e+00 5.43e-06
1.27748e+00 5.53e-06
1.27779e+00 5.64e-06
1.27810e+00 5.77e-06
1.27824e+00 5.85e-06
1.27854e+00 6.01e-06
1.27885e+00 6.20e-06
1.27902e+00 6.31e-06
1.27915e+00 6.42e-06
1.27932e+00 6.54e-06
1.27946e+00 6.67e-06
1.27963e+00 6.81e-06
1.27977e+00 6.97e-06
1.27993e+00 7.14e-06
1.28007e+00 7.32e-06
1.28024e+00 7.52e-06
1.28038e+00 7.74e-06
1.28054e+00 7.99e-06
1.28068e+00 8.25e-06
1.28085e+00 8.54e-06
1.28099e+00 8.85e-06
1.28116e+00 9.19e-06
1.28129e+00 9.55e-06
1.28146e+00 9.95e-06
1.28160e+00 1.04e-05
1.28177e+00 1.08e-05
1.28191e+00 1.13e-05
1.28207e+00 1.18e-05
1.28221e+00 1.24e-05
1.28238e+00 1.30e-05
1.28252e+00 1.37e-05
1.28268e+00 1.44e-05
1.28282e+00 1.51e-05
1.28299e+00 1.60e-05
1.28313e+00 1.69e-05
1.28329e+00 1.79e-05
1.28343e+00 1.90e-05
1.28360e+00 2.02e-05
1.28374e+00 2.15e-05
1.28390e+00 2.29e-05
1.28404e+00 2.44e-05
1.28421e+00 2.61e-05
1.28434e+00 2.78e-05
1.28451e+00 2.96e-05
1.28465e+00 3.16e-05
1.28482e+00 3.36e-05
1.28495e+00 3.57e-05
1.28526e+00 4.02e-05
1.28542e+00 4.24e-05
1.28573e+00 4.68e-05
1.28600e+00 5.10e-05
1.28617e+00 5.29e-05
1.28631e+00 5.45e-05
1.28647e+00 5.59e-05
1.28661e+00 5.71e-05
1.28678e+00 5.80e-05
1.28692e+00 5.88e-05
1.28708e+00 5.94e-05
1.28739e+00 6.03e-05
1.28752e+00 6.04e-05
1.28769e+00 6.02e-05
1.28783e+00 6.01e-05
1.28799e+00 6.01e-05
1.28830e+00 6.06e-05
1.28860e+00 6.00e-05
1.28874e+00 5.95e-05
1.28890e+00 5.89e-05
1.28904e+00 5.81e-05
1.28921e+00 5.72e-05
1.28934e+00 5.59e-05
1.28951e+00 5.45e-05
1.28965e+00 5.29e-05
1.28981e+00 5.09e-05
1.29011e+00 4.68e-05
1.29042e+00 4.24e-05
1.29055e+00 4.01e-05
1.29086e+00 3.58e-05
1.29102e+00 3.37e-05
1.29116e+00 3.17e-05
1.29132e+00 2.98e-05
1.29146e+00 2.80e-05
1.29163e+00 2.64e-05
1.29176e+00 2.48e-05
1.29193e+00 2.33e-05
1.29207e+00 2.19e-05
1.29223e+00 2.07e-05
1.29237e+00 1.95e-05
1.29253e+00 1.85e-05
1.29267e+00 1.76e-05
1.29283e+00 1.67e-05
1.29297e+00 1.59e-05
1.29314e+00 1.51e-05
1.29327e+00 1.45e-05
1.29344e+00 1.39e-05
1.29358e+00 1.33e-05
1.29374e+00 1.28e-05
1.29388e+00 1.23e-05
1.29404e+00 1.18e-05
1.29418e+00 1.14e-05
1.29434e+00 1.10e-05
1.29448e+00 1.06e-05
1.29464e+00 1.03e-05
1.29478e+00 1.00e-05
1.29495e+00 9.73e-06
1.29508e+00 9.47e-06
1.29525e+00 9.24e-06
1.29538e+00 9.03e-06
1.29555e+00 8.84e-06
1.29569e+00 8.67e-06
1.29582e+00 8.52e-06
1.29599e+00 8.39e-06
1.29612e+00 8.27e-06
1.29629e+00 8.16e-06
1.29642e+00 8.07e-06
1.29659e+00 7.98e-06
1.29689e+00 7.84e-06
1.29719e+00 7.73e-06
1.29749e+00 7.64e-06
1.29779e+00 7.59e-06
1.29823e+00 7.56e-06
1.29853e+00 7.57e-06
1.29883e+00 7.60e-06
1.29913e+00 7.66e-06
1.29943e+00 7.74e-06
1.29973e+00 7.84e-06
1.30003e+00 7.98e-06
1.30033e+00 8.14e-06
1.30049e+00 8.23e-06
1.30079e+00 8.44e-06
1.30093e+00 8.56e-06
1.30123e+00 8.83e-06
1.30139e+00 8.98e-06
1.30169e+00 9.30e-06
1.30183e+00 9.47e-06
1.30199e+00 9.66e-06
1.30212e+00 9.87e-06
1.30229e+00 1.01e-05
1.30242e+00 1.03e-05
1.30259e+00 1.06e-05
1.30272e+00 1.09e-05
1.30286e+00 1.12e-05
1.30302e+00 1.15e-05
1.30316e+00 1.19e-05
1.30332e+00 1.23e-05
1.30346e+00 1.27e-05
1.30375e+00 1.36e-05
1.30392e+00 1.41e-05
1.30405e+00 1.47e-05
1.30422e+00 1.53e-05
1.30435e+00 1.59e-05
1.30451e+00 1.67e-05
1.30465e+00 1.75e-05
1.30495e+00 1.92e-05
1.30511e+00 2.01e-05
1.30525e+00 2.12e-05
1.30541e+00 2.21e-05
1.30555e+00 2.29e-05
1.30584e+00 2.45e-05
1.30601e+00 2.52e-05
1.30614e+00 2.58e-05
1.30630e+00 2.62e-05
1.30660e+00 2.70e-05
1.30674e+00 2.73e-05
1.30690e+00 2.77e-05
1.30703e+00 2.82e-05
1.30720e+00 2.87e-05
1.30749e+00 2.99e-05
1.30763e+00 3.05e-05
1.30779e+00 3.12e-05
1.30793e+00 3.19e-05
1.30809e+00 3.26e-05
1.30822e+00 3.30e-05
1.30839e+00 3.34e-05
1.30852e+00 3.35e-05
1.30868e+00 3.34e-05
1.30882e+00 3.31e-05
1.30898e+00 3.27e-05
1.30912e+00 3.21e-05
1.30925e+00 3.15e-05
1.30955e+00 3.03e-05
1.30985e+00 2.93e-05
1.31001e+00 2.89e-05
1.31014e+00 2.85e-05
1.31030e+00 2.83e-05
1.31044e+00 2.81e-05
1.31060e+00 2.77e-05
1.31074e+00 2.74e-05
1.31090e+00 2.70e-05
1.31103e+00 2.65e-05
1.31119e+00 2.59e-05
1.31149e+00 2.44e-05
1.31162e+00 2.36e-05
1.31179e+00 2.27e-05
1.31192e+00 2.18e-05
1.31222e+00 2.01e-05
1.31238e+00 1.93e-05
1.31251e+00 1.86e-05
1.31267e+00 1.80e-05
1.31281e+00 1.74e-05
1.31297e+00 1.69e-05
1.31311e+00 1.64e-05
1.31327e+00 1.60e-05
1.31356e+00 1.52e-05
1.31370e+00 1.49e-05
1.31386e+00 1.46e-05
1.31399e+00 1.43e-05
1.31415e+00 1.41e-05
1.31429e+00 1.39e-05
1.31445e+00 1.37e-05
1.31458e+00 1.35e-05
1.31474e+00 1.33e-05
1.31504e+00 1.31e-05
1.31517e+00 1.30e-05
1.31547e+00 1.29e-05
1.31560e+00 1.28e-05
1.31606e+00 1.27e-05
1.31619e+00 1.27e-05
1.31649e+00 1.28e-05
1.31665e+00 1.28e-05
1.31678e+00 1.28e-05
1.31694e+00 1.29e-05
1.31724e+00 1.31e-05
1.31737e+00 1.32e-05
1.31753e+00 1.33e-05
1.31767e+00 1.35e-05
1.31783e+00 1.36e-05
1.31796e+00 1.38e-05
1.31812e+00 1.40e-05
1.31826e+00 1.42e-05
1.31855e+00 1.46e-05
1.31884e+00 1.52e-05
1.31914e+00 1.57e-05
1.31930e+00 1.60e-05
1.31943e+00 1.64e-05
1.31973e+00 1.70e-05
1.32002e+00 1.75e-05
1.32018e+00 1.78e-05
1.32048e+00 1.82e-05
1.32061e+00 1.84e-05
1.32077e+00 1.86e-05
1.32106e+00 1.89e-05
1.32133e+00 1.93e-05
1.32149e+00 1.94e-05
1.32178e+00 1.97e-05
1.32208e+00 1.99e-05
1.32237e+00 2.00e-05
1.32280e+00 2.01e-05
1.32309e+00 2.02e-05
1.32325e+00 2.01e-05
1.32338e+00 2.01e-05
1.32354e+00 2.00e-05
1.32383e+00 1.99e-05
1.32413e+00 1.98e-05
1.32426e+00 1.97e-05
1.32442e+00 1.96e-05
1.32471e+00 1.94e-05
1.32500e+00 1.90e-05
1.32530e+00 1.86e-05
1.32559e+00 1.82e-05
1.32588e+00 1.78e-05
1.32617e+00 1.74e-05
1.32631e+00 1.73e-05
1.32660e+00 1.70e-05
1.32689e+00 1.68e-05
1.32718e+00 1.66e-05
1.32761e+00 1.65e-05
1.32806e+00 1.65e-05
1.32835e+00 1.65e-05
1.32864e+00 1.66e-05
1.32893e+00 1.67e-05
1.32906e+00 1.68e-05
1.32922e+00 1.69e-05
1.32951e+00 1.70e-05
1.32980e+00 1.71e-05
1.32994e+00 1.72e-05
1.33009e+00 1.73e-05
1.33039e+00 1.74e-05
1.33068e+00 1.75e-05
1.33110e+00 1.76e-05
1.33197e+00 1.76e-05
1.33226e+00 1.77e-05
1.33255e+00 1.77e-05
1.33284e+00 1.78e-05
1.33313e+00 1.79e-05
1.33342e+00 1.80e-05
1.33387e+00 1.81e-05
1.33416e+00 1.81e-05
1.33429e+00 1.81e-05
1.33445e+00 1.81e-05
1.33471e+00 1.80e-05
1.33500e+00 1.79e-05
1.33529e+00 1.79e-05
1.33545e+00 1.78e-05
1.33574e+00 1.77e-05
1.33587e+00 1.77e-05
1.33603e+00 1.90e-05
1.33632e+00 1.89e-05
1.33661e+00 1.88e-05
1.33689e+00 1.87e-05
1.33718e+00 1.86e-05
1.33747e+00 1.86e-05
1.33776e+00 1.85e-05
1.33805e+00 1.85e-05
1.33834e+00 1.84e-05
1.33991e+00 1.82e-05
1.34237e+00 1.81e-05
1.34794e+00 1.77e-05
1.36141e+00 1.71e-05
1.38116e+00 1.62e-05
1.40305e+00 1.53e-05
1.42460e+00 1.45e-05
1.44612e+00 1.37e-05
1.46790e+00 1.29e-05
1.48998e+00 1.22e-05
1.51238e+00 1.15e-05
1.53512e+00 1.08e-05
1.55827e+00 1.02e-05
1.58186e+00 9.60e-06
1.60621e+00 9.01e-06
1.63112e+00 8.45e-06
1.65642e+00 7.91e-06
1.68269e+00 7.39e-06
1.70983e+00 6.89e-06
1.73794e+00 6.41e-06
1.76610e+00 5.96e-06
1.79670e+00 5.51e-06
1.82922e+00 5.07e-06
1.86344e+00 4.64e-06
1.90212e+00 4.21e-06
1.94607e+00 3.77e-06
1.99077e+00 3.37e-06
2.06184e+00 2.84e-06
2.11818e+00 2.49e-06
2.15697e+00 2.30e-06
2.18302e+00 2.19e-06
2.20260e+00 2.12e-06
2.21806e+00 2.08e-06
2.23111e+00 2.06e-06
2.24220e+00 2.04e-06
2.25195e+00 2.04e-06
2.26067e+00 2.04e-06
2.26667e+00 2.05e-06
2.27181e+00 2.06e-06
2.27602e+00 2.07e-06
2.27814e+00 2.08e-06
2.28030e+00 2.09e-06
2.28138e+00 2.09e-06
2.28247e+00 2.10e-06
2.28358e+00 2.10e-06
2.28468e+00 2.11e-06
2.28578e+00 2.11e-06
2.28690e+00 2.12e-06
2.28802e+00 2.13e-06
2.28915e+00 2.13e-06
2.29028e+00 2.14e-06
2.29141e+00 2.14e-06
2.29257e+00 2.15e-06
2.29372e+00 2.16e-06
2.29488e+00 2.17e-06
2.29604e+00 2.18e-06
2.29721e+00 2.19e-06
2.29839e+00 2.19e-06
2.29958e+00 2.20e-06
2.30077e+00 2.21e-06
2.30197e+00 2.23e-06
2.30318e+00 2.24e-06
2.30438e+00 2.25e-06
2.30558e+00 2.26e-06
2.30688e+00 2.27e-06
2.30807e+00 2.29e-06
2.30936e+00 2.30e-06
2.31055e+00 2.32e-06
2.31184e+00 2.33e-06
2.31313e+00 2.35e-06
2.31441e+00 2.37e-06
2.31570e+00 2.39e-06
2.31698e+00 2.41e-06
2.31826e+00 2.43e-06
2.31954e+00 2.45e-06
2.32092e+00 2.47e-06
2.32219e+00 2.49e-06
2.32356e+00 2.52e-06
2.32493e+00 2.55e-06
2.32630e+00 2.57e-06
2.32767e+00 2.60e-06
2.32903e+00 2.63e-06
2.33039e+00 2.67e-06
2.33185e+00 2.70e-06
2.33321e+00 2.74e-06
2.33466e+00 2.78e-06
2.33612e+00 2.82e-06
2.33747e+00 2.86e-06
2.33901e+00 2.90e-06
2.34046e+00 2.95e-06
2.34190e+00 3.00e-06
2.34344e+00 3.06e-06
2.34488e+00 3.12e-06
2.34641e+00 3.18e-06
2.34794e+00 3.24e-06
2.34947e+00 3.31e-06
2.35099e+00 3.39e-06
2.35261e+00 3.47e-06
2.35413e+00 3.55e-06
2.35575e+00 3.64e-06
2.35736e+00 3.74e-06
2.35897e+00 3.84e-06
2.36057e+00 3.96e-06
2.36227e+00 4.08e-06
2.36396e+00 4.21e-06
2.36556e+00 4.35e-06
2.36734e+00 4.50e-06
2.36903e+00 4.66e-06
2.37071e+00 4.84e-06
2.37248e+00 5.03e-06
2.37425e+00 5.24e-06
2.37602e+00 5.47e-06
2.37788e+00 5.72e-06
2.37871e+00 5.85e-06
2.37964e+00 5.99e-06
2.38056e+00 6.14e-06
2.38149e+00 6.29e-06
2.38241e+00 6.45e-06
2.38334e+00 6.62e-06
2.38426e+00 6.80e-06
2.38527e+00 6.99e-06
2.38619e+00 7.18e-06
2.38711e+00 7.39e-06
2.38812e+00 7.61e-06
2.38904e+00 7.84e-06
2.39005e+00 8.08e-06
2.39096e+00 8.34e-06
2.39197e+00 8.61e-06
2.39297e+00 8.89e-06
2.39398e+00 9.20e-06
2.39498e+00 9.52e-06
2.39598e+00 9.86e-06
2.39699e+00 1.02e-05
2.39799e+00 1.06e-05
2.39899e+00 1.10e-05
2.40007e+00 1.15e-05
2.40107e+00 1.19e-05
2.40216e+00 1.24e-05
2.40315e+00 1.30e-05
2.40424e+00 1.35e-05
2.40532e+00 1.41e-05
2.40640e+00 1.48e-05
2.40740e+00 1.55e-05
2.40848e+00 1.63e-05
2.40964e+00 1.71e-05
2.41072e+00 1.80e-05
2.41180e+00 1.90e-05
2.41296e+00 2.00e-05
2.41404e+00 2.11e-05
2.41520e+00 2.24e-05
2.41627e+00 2.37e-05
2.41743e+00 2.52e-05
2.41859e+00 2.69e-05
2.41975e+00 2.92e-05
2.42090e+00 3.18e-05
2.42214e+00 3.48e-05
2.42330e+00 3.82e-05
2.42454e+00 4.20e-05
2.42569e+00 4.63e-05
2.42692e+00 5.13e-05
2.42816e+00 5.71e-05
2.42939e+00 6.37e-05
2.43063e+00 7.14e-05
2.43186e+00 8.05e-05
2.43317e+00 9.12e-05
2.43440e+00 1.04e-04
2.43572e+00 1.19e-04
2.43694e+00 1.37e-04
2.43825e+00 1.59e-04
2.43956e+00 1.86e-04
2.44095e+00 2.19e-04
2.44226e+00 2.60e-04
2.44365e+00 3.12e-04
2.44495e+00 3.79e-04
2.44634e+00 4.65e-04
2.44772e+00 5.79e-04
2.44911e+00 7.32e-04
2.45057e+00 9.42e-04
2.45195e+00 1.24e-03
2.45342e+00 1.53e-03
2.45488e+00 1.89e-03
2.45634e+00 2.40e-03
2.45779e+00 3.13e-03
2.45933e+00 4.22e-03
2.46087e+00 5.92e-03
2.46241e+00 8.77e-03
2.46394e+00 1.40e-02
2.46547e+00 2.48e-02
2.46708e+00 5.19e-02
2.46861e+00 1.50e-01
2.47022e+00 9.83e-01
2.47191e+00 1.03e+01
2.47351e+00 5.87e-02
2.47519e+00 1.22e-02
2.47687e+00 4.59e-03
2.47855e+00 2.27e-03
2.48031e+00 1.29e-03
2.48207e+00 8.09e-04
2.48382e+00 5.44e-04
2.48566e+00 3.86e-04
2.48740e+00 2.85e-04
2.48923e+00 2.18e-04
2.49114e+00 1.67e-04
2.49304e+00 1.21e-04
2.49494e+00 9.07e-05
2.49684e+00 7.02e-05
2.49881e+00 5.61e-05
2.50078e+00 4.61e-05
2.50283e+00 3.89e-05
2.50487e+00 3.37e-05
2.50699e+00 2.99e-05
2.50911e+00 2.70e-05
2.51122e+00 2.49e-05
2.51341e+00 2.33e-05
2.51568e+00 2.21e-05
2.51786e+00 2.13e-05
2.52019e+00 2.06e-05
2.52252e+00 2.03e-05
2.52493e+00 2.01e-05
2.52733e+00 2.00e-05
2.52980e+00 2.01e-05
2.53227e+00 2.02e-05
2.53481e+00 2.03e-05
2.53742e+00 2.05e-05
2.54010e+00 2.08e-05
2.54286e+00 2.11e-05
2.54561e+00 2.15e-05
2.54843e+00 2.20e-05
2.55132e+00 2.24e-05
2.55428e+00 2.30e-05
2.55730e+00 2.36e-05
2.56048e+00 2.43e-05
2.56364e+00 2.50e-05
2.56695e+00 2.59e-05
2.57024e+00 2.68e-05
2.57376e+00 2.78e-05
2.57726e+00 2.90e-05
2.58097e+00 3.02e-05
2.58475e+00 3.16e-05
2.58867e+00 3.32e-05
2.59264e+00 3.50e-05
2.59682e+00 3.71e-05
2.60113e+00 3.94e-05
2.60565e+00 4.21e-05
2.61029e+00 4.52e-05
2.61513e+00 4.88e-05
2.62024e+00 5.32e-05
2.62554e+00 5.84e-05
2.63110e+00 6.47e-05
2.63698e+00 7.26e-05
2.64319e+00 1.03e-01
2.64971e+00 1.45e-03
2.65669e+00 2.78e-04
2.66410e+00 1.84e-04
2.67215e+00 2.08e-04
2.68082e+00 2.73e-04
2.69029e+00 4.00e-04
2.70069e+00 2.80e-03
2.71231e+00 1.42e-03
2.72543e+00 4.75e-03
2.74065e+00 2.63e-01
2.75874e+00 2.18e-01
2.78130e+00 2.05e-01
2.81151e+00 1.89e-01
2.85859e+00 1.67e-01
2.99573e+00 1.15e-01
