# OPACITY Project tables
-2.61515e+00 1.53e+00
-2.27341e+00 5.30e-01
-2.07433e+00 2.86e-01
-1.93351e+00 1.85e-01
-1.82455e+00 1.32e-01
-1.73574e+00 1.00e-01
-1.66078e+00 7.96e-02
-1.59603e+00 6.54e-02
-1.53898e+00 5.52e-02
-1.48802e+00 4.75e-02
-1.44198e+00 4.20e-02
-1.40003e+00 3.97e-02
-1.36148e+00 3.40e-02
-1.32584e+00 3.02e-02
-1.29269e+00 2.79e-02
-1.26174e+00 2.64e-02
-1.23268e+00 2.67e-02
-1.20531e+00 2.21e-02
-1.17944e+00 2.02e-02
-1.15493e+00 1.84e-02
-1.13165e+00 1.71e-02
-1.10945e+00 1.64e-02
-1.08827e+00 1.61e-02
-1.06799e+00 1.45e-02
-1.04857e+00 1.33e-02
-1.02994e+00 1.25e-02
-1.01200e+00 1.18e-02
-9.94739e-01 1.12e-02
-9.78086e-01 1.07e-02
-9.62021e-01 1.02e-02
-9.46492e-01 9.67e-03
-9.31455e-01 9.24e-03
-9.16916e-01 8.84e-03
-9.02807e-01 8.48e-03
-8.89113e-01 8.16e-03
-8.75797e-01 7.88e-03
-8.62868e-01 7.62e-03
-8.50292e-01 7.37e-03
-8.38057e-01 7.12e-03
-8.26130e-01 6.87e-03
-8.14502e-01 6.62e-03
-8.03185e-01 6.39e-03
-7.92106e-01 6.17e-03
-7.81301e-01 5.99e-03
-7.70741e-01 5.82e-03
-7.60420e-01 5.66e-03
-7.50331e-01 5.48e-03
-7.40469e-01 5.31e-03
-7.30787e-01 5.17e-03
-7.21320e-01 5.05e-03
-7.12045e-01 4.94e-03
-7.02955e-01 4.81e-03
-6.94048e-01 4.67e-03
-6.85298e-01 4.57e-03
-6.76723e-01 4.48e-03
-6.68298e-01 4.56e-03
-6.60041e-01 4.42e-03
-6.51909e-01 4.50e-03
-6.43938e-01 4.34e-03
-6.36087e-01 4.19e-03
-6.28390e-01 4.12e-03
-6.20808e-01 4.03e-03
-6.13357e-01 3.94e-03
-6.06016e-01 3.84e-03
-5.91692e-01 3.66e-03
-5.84687e-01 3.58e-03
-5.77803e-01 3.50e-03
-5.71018e-01 3.43e-03
-5.64314e-01 3.37e-03
-5.57725e-01 3.31e-03
-5.51231e-01 3.30e-03
-5.44831e-01 3.23e-03
-5.38505e-01 3.17e-03
-5.32288e-01 3.12e-03
-5.26142e-01 3.07e-03
-5.20085e-01 3.02e-03
-5.08196e-01 2.92e-03
-5.02362e-01 2.87e-03
-4.96610e-01 2.83e-03
-4.90925e-01 2.78e-03
-4.85320e-01 2.87e-03
-4.79779e-01 2.83e-03
-4.74301e-01 2.87e-03
-4.68884e-01 2.83e-03
-4.63545e-01 2.81e-03
-4.58265e-01 2.82e-03
-4.53044e-01 2.80e-03
-4.47882e-01 2.77e-03
-4.42778e-01 2.75e-03
-4.37730e-01 2.74e-03
-4.27803e-01 2.76e-03
-4.22922e-01 2.75e-03
-4.18095e-01 2.74e-03
-4.13321e-01 2.76e-03
-4.08585e-01 2.83e-03
-4.03901e-01 2.95e-03
-3.99284e-01 3.09e-03
-3.94688e-01 3.16e-03
-3.90158e-01 3.12e-03
-3.85662e-01 3.02e-03
-3.81216e-01 2.92e-03
-3.76819e-01 2.87e-03
-3.72456e-01 2.91e-03
-3.68126e-01 3.00e-03
-3.63858e-01 3.07e-03
-3.59622e-01 3.12e-03
-3.55419e-01 3.34e-03
-3.51261e-01 3.69e-03
-3.47135e-01 3.94e-03
-3.43054e-01 4.03e-03
-3.39003e-01 4.28e-03
-3.34997e-01 4.93e-03
-3.31021e-01 6.02e-03
-3.27088e-01 8.00e-03
-3.23185e-01 1.15e-02
-3.19310e-01 1.61e-02
-3.15464e-01 1.80e-02
-3.11661e-01 1.45e-02
-3.07885e-01 1.01e-02
-3.04150e-01 7.20e-03
-3.00430e-01 5.45e-03
-2.96750e-01 4.41e-03
-2.93097e-01 3.75e-03
-2.89484e-01 3.30e-03
-2.85884e-01 2.99e-03
-2.82323e-01 2.76e-03
-2.78788e-01 2.61e-03
-2.75279e-01 2.57e-03
-2.71796e-01 2.57e-03
-2.68350e-01 2.56e-03
-2.64917e-01 2.51e-03
-2.61521e-01 2.51e-03
-2.58149e-01 2.62e-03
-2.54802e-01 2.84e-03
-2.51466e-01 3.20e-03
-2.48167e-01 3.55e-03
-2.44891e-01 3.81e-03
-2.41639e-01 3.77e-03
-2.38409e-01 3.45e-03
-2.35203e-01 3.07e-03
-2.32020e-01 2.75e-03
-2.28860e-01 2.51e-03
-2.25722e-01 2.36e-03
-2.22606e-01 2.27e-03
-2.19513e-01 2.24e-03
-2.16441e-01 2.26e-03
-2.13391e-01 2.35e-03
-2.10363e-01 2.52e-03
-2.07344e-01 2.82e-03
-2.04359e-01 3.32e-03
-2.01382e-01 4.13e-03
-1.98439e-01 5.14e-03
-1.95504e-01 5.59e-03
-1.92590e-01 4.98e-03
-1.89697e-01 4.16e-03
-1.86824e-01 3.65e-03
-1.83971e-01 3.47e-03
-1.81126e-01 3.52e-03
-1.78314e-01 3.78e-03
-1.75509e-01 4.31e-03
-1.72724e-01 5.28e-03
-1.69958e-01 6.95e-03
-1.67200e-01 9.54e-03
-1.64474e-01 1.24e-02
-1.61755e-01 1.29e-02
-1.59054e-01 1.04e-02
-1.56373e-01 7.53e-03
-1.53699e-01 5.56e-03
-1.51044e-01 4.33e-03
-1.48407e-01 3.58e-03
-1.45789e-01 3.12e-03
-1.43189e-01 2.84e-03
-1.40596e-01 2.70e-03
-1.38021e-01 2.68e-03
-1.35453e-01 2.77e-03
-1.32914e-01 2.94e-03
-1.30382e-01 3.13e-03
-1.27867e-01 3.18e-03
-1.25359e-01 2.99e-03
-1.20395e-01 2.36e-03
-1.17928e-01 2.10e-03
-1.15489e-01 1.91e-03
-1.13057e-01 1.77e-03
-1.10630e-01 1.66e-03
-1.08220e-01 1.57e-03
-1.05827e-01 1.51e-03
-1.03440e-01 1.46e-03
-1.01070e-01 1.42e-03
-9.87160e-02 1.39e-03
-9.63788e-02 1.36e-03
-9.40360e-02 1.34e-03
-9.17206e-02 1.32e-03
-8.94106e-02 1.31e-03
-8.71168e-02 1.30e-03
-8.48283e-02 1.29e-03
-8.25559e-02 1.28e-03
-8.02994e-02 1.28e-03
-7.80480e-02 1.27e-03
-7.58125e-02 1.27e-03
-7.35820e-02 1.27e-03
-7.13671e-02 1.33e-03
-6.91679e-02 1.38e-03
-6.69735e-02 1.37e-03
-6.47839e-02 1.37e-03
-6.26097e-02 1.37e-03
-6.04509e-02 1.39e-03
-5.82967e-02 1.45e-03
-5.61577e-02 1.47e-03
-5.40233e-02 1.52e-03
-5.19040e-02 1.59e-03
-4.97997e-02 1.69e-03
-4.76998e-02 1.82e-03
-4.56042e-02 1.98e-03
-4.35236e-02 2.08e-03
-4.14576e-02 2.23e-03
-3.93959e-02 5.02e-03
-3.73385e-02 4.51e-03
-3.52956e-02 2.25e-03
-3.32673e-02 2.14e-03
-3.12430e-02 2.05e-03
-2.92229e-02 1.93e-03
-2.72170e-02 1.82e-03
-2.52255e-02 1.73e-03
-2.32379e-02 1.66e-03
-2.12543e-02 1.60e-03
-1.92848e-02 1.55e-03
-1.73293e-02 1.52e-03
-1.53675e-02 1.48e-03
-1.34298e-02 1.46e-03
-1.14958e-02 1.42e-03
-9.56560e-03 1.36e-03
-7.64918e-03 1.32e-03
-5.73642e-03 1.30e-03
-3.83735e-03 1.28e-03
-1.94188e-03 1.26e-03
-5.00013e-05 1.25e-03
1.79838e-03 1.23e-03
3.69317e-03 1.19e-03
7.37275e-03 1.16e-03
9.25702e-03 1.15e-03
1.11377e-02 1.15e-03
1.29162e-02 1.13e-03
1.47901e-02 1.13e-03
1.84291e-02 1.12e-03
2.01947e-02 1.10e-03
2.19572e-02 1.11e-03
2.38142e-02 1.09e-03
2.55703e-02 1.11e-03
2.73233e-02 1.19e-03
2.90732e-02 1.20e-03
3.08201e-02 1.10e-03
3.25640e-02 1.08e-03
3.43048e-02 1.12e-03
3.60426e-02 1.11e-03
3.77774e-02 1.11e-03
3.95091e-02 1.07e-03
4.12379e-02 1.06e-03
4.29637e-02 1.12e-03
4.46865e-02 1.05e-03
4.64064e-02 1.08e-03
4.80280e-02 1.04e-03
4.97421e-02 1.03e-03
5.14533e-02 1.03e-03
5.30667e-02 1.03e-03
5.47722e-02 1.02e-03
5.64748e-02 1.02e-03
5.97772e-02 1.02e-03
6.13773e-02 1.02e-03
6.29748e-02 1.02e-03
6.46635e-02 1.11e-03
6.62558e-02 1.05e-03
6.78455e-02 1.03e-03
6.95261e-02 1.03e-03
7.26927e-02 1.03e-03
7.42722e-02 1.04e-03
7.58493e-02 1.04e-03
7.74239e-02 1.16e-03
7.90884e-02 1.05e-03
8.22249e-02 1.07e-03
8.37895e-02 1.09e-03
8.52598e-02 1.24e-03
8.68197e-02 1.22e-03
8.83771e-02 1.08e-03
8.99321e-02 1.16e-03
9.14847e-02 1.11e-03
9.30349e-02 1.09e-03
9.44917e-02 1.14e-03
9.60372e-02 1.12e-03
9.75803e-02 1.14e-03
9.90305e-02 1.12e-03
1.00569e-01 1.14e-03
1.02015e-01 1.13e-03
1.03549e-01 1.14e-03
1.05080e-01 1.15e-03
1.06520e-01 1.15e-03
1.07957e-01 1.16e-03
1.09482e-01 1.16e-03
1.10915e-01 1.17e-03
1.12435e-01 1.18e-03
1.13864e-01 1.19e-03
1.15291e-01 1.20e-03
1.16805e-01 1.21e-03
1.18227e-01 1.22e-03
1.19648e-01 1.22e-03
1.21067e-01 1.23e-03
1.22483e-01 1.25e-03
1.23898e-01 1.26e-03
1.25398e-01 1.28e-03
1.26809e-01 1.32e-03
1.28217e-01 1.30e-03
1.29624e-01 1.32e-03
1.31028e-01 1.32e-03
1.32431e-01 1.32e-03
1.33831e-01 1.32e-03
1.35143e-01 1.32e-03
1.36539e-01 1.34e-03
1.37934e-01 1.29e-03
1.39327e-01 1.28e-03
1.40718e-01 1.26e-03
1.42107e-01 1.26e-03
1.43407e-01 1.23e-03
1.44793e-01 1.22e-03
1.46176e-01 1.22e-03
1.47471e-01 1.18e-03
1.48851e-01 1.20e-03
1.50229e-01 1.15e-03
1.51519e-01 1.13e-03
1.52893e-01 1.12e-03
1.54179e-01 1.11e-03
1.55550e-01 1.10e-03
1.58200e-01 1.07e-03
1.59479e-01 1.08e-03
1.60757e-01 1.05e-03
1.62119e-01 1.05e-03
1.63394e-01 1.05e-03
1.64751e-01 1.04e-03
1.66023e-01 1.04e-03
1.67293e-01 1.03e-03
1.68561e-01 1.03e-03
1.69912e-01 1.03e-03
1.71176e-01 1.02e-03
1.72440e-01 1.02e-03
1.73701e-01 1.03e-03
1.74961e-01 1.01e-03
1.77477e-01 9.92e-04
1.78732e-01 9.81e-04
1.80069e-01 9.78e-04
1.81321e-01 9.83e-04
1.82572e-01 9.49e-04
1.83737e-01 9.41e-04
1.86231e-01 9.34e-04
1.87475e-01 9.33e-04
1.88718e-01 9.35e-04
1.89959e-01 9.39e-04
1.91199e-01 9.45e-04
1.92437e-01 9.49e-04
1.93591e-01 9.58e-04
1.94826e-01 9.51e-04
1.96060e-01 9.44e-04
1.97292e-01 9.34e-04
1.99670e-01 9.11e-04
2.00898e-01 9.02e-04
2.02042e-01 8.96e-04
2.03267e-01 8.99e-04
2.04409e-01 9.01e-04
2.06770e-01 9.14e-04
2.07989e-01 9.19e-04
2.09126e-01 1.10e-03
2.11476e-01 1.08e-03
2.12689e-01 1.07e-03
2.13820e-01 1.06e-03
2.15031e-01 1.07e-03
2.16159e-01 1.08e-03
2.17286e-01 1.09e-03
2.18493e-01 1.08e-03
2.19617e-01 1.07e-03
2.20741e-01 1.04e-03
2.21943e-01 1.02e-03
2.23064e-01 1.00e-03
2.24183e-01 9.86e-04
2.25301e-01 9.74e-04
2.26418e-01 9.64e-04
2.27614e-01 9.56e-04
2.28728e-01 9.49e-04
2.29841e-01 9.44e-04
2.30953e-01 9.39e-04
2.32064e-01 9.36e-04
2.33173e-01 9.33e-04
2.35388e-01 9.30e-04
2.36494e-01 9.29e-04
2.37599e-01 9.29e-04
2.38702e-01 9.31e-04
2.40905e-01 9.34e-04
2.42005e-01 9.36e-04
2.43103e-01 9.36e-04
2.44200e-01 9.34e-04
2.45296e-01 9.32e-04
2.47407e-01 9.25e-04
2.49591e-01 9.17e-04
2.51692e-01 9.09e-04
2.53867e-01 9.02e-04
2.54875e-01 9.58e-04
2.55959e-01 9.54e-04
2.57042e-01 9.48e-04
2.58047e-01 9.40e-04
2.59128e-01 9.31e-04
2.60208e-01 9.23e-04
2.61210e-01 9.28e-04
2.62287e-01 9.25e-04
2.63287e-01 9.25e-04
2.65360e-01 9.27e-04
2.66433e-01 9.29e-04
2.67428e-01 9.24e-04
2.69493e-01 9.11e-04
2.70561e-01 9.05e-04
2.72619e-01 8.96e-04
2.74597e-01 8.86e-04
2.76646e-01 8.75e-04
2.78692e-01 8.66e-04
2.80657e-01 8.57e-04
2.82695e-01 8.49e-04
2.84652e-01 8.41e-04
2.85630e-01 8.37e-04
2.87582e-01 8.31e-04
2.89605e-01 8.26e-04
2.91550e-01 8.21e-04
2.93490e-01 8.16e-04
2.95427e-01 8.11e-04
2.97360e-01 8.08e-04
2.99289e-01 8.03e-04
3.01215e-01 7.98e-04
3.03137e-01 7.92e-04
3.04982e-01 7.86e-04
3.06896e-01 7.81e-04
3.08807e-01 7.75e-04
3.10641e-01 7.69e-04
3.12545e-01 7.64e-04
3.14373e-01 7.59e-04
3.16270e-01 7.54e-04
3.17144e-01 7.52e-04
3.18090e-01 7.50e-04
3.19035e-01 7.49e-04
3.19907e-01 7.48e-04
3.20851e-01 7.48e-04
3.21794e-01 7.49e-04
3.23604e-01 7.51e-04
3.25411e-01 7.53e-04
3.27215e-01 7.56e-04
3.28080e-01 7.56e-04
3.29016e-01 7.56e-04
3.29879e-01 7.55e-04
3.30813e-01 7.53e-04
3.31675e-01 7.50e-04
3.32608e-01 7.46e-04
3.33468e-01 7.41e-04
3.35257e-01 7.31e-04
3.37044e-01 7.21e-04
3.37900e-01 7.16e-04
3.38827e-01 7.12e-04
3.39681e-01 7.09e-04
3.40535e-01 7.07e-04
3.41389e-01 7.06e-04
3.42312e-01 7.06e-04
3.43164e-01 7.07e-04
3.44936e-01 7.10e-04
3.46635e-01 7.12e-04
3.48330e-01 7.13e-04
3.49247e-01 7.14e-04
3.50093e-01 7.14e-04
3.50939e-01 7.13e-04
3.51783e-01 7.12e-04
3.52627e-01 7.10e-04
3.53470e-01 7.07e-04
3.54382e-01 7.03e-04
3.55224e-01 6.98e-04
3.56905e-01 6.85e-04
3.57744e-01 6.79e-04
3.58583e-01 6.75e-04
3.59421e-01 6.72e-04
3.60259e-01 6.70e-04
3.61095e-01 6.70e-04
3.61931e-01 6.70e-04
3.62766e-01 6.99e-04
3.63601e-01 6.99e-04
3.64435e-01 6.96e-04
3.65268e-01 6.92e-04
3.66100e-01 6.87e-04
3.66932e-01 6.80e-04
3.67763e-01 6.74e-04
3.68594e-01 6.69e-04
3.69354e-01 6.66e-04
3.70183e-01 6.65e-04
3.71012e-01 6.66e-04
3.72666e-01 6.71e-04
3.73493e-01 6.72e-04
3.74318e-01 6.70e-04
3.75075e-01 6.64e-04
3.75899e-01 6.54e-04
3.77546e-01 6.30e-04
3.78299e-01 6.18e-04
3.79121e-01 6.19e-04
3.79942e-01 6.10e-04
3.80762e-01 6.03e-04
3.81514e-01 6.90e-04
3.82333e-01 6.85e-04
3.83151e-01 6.80e-04
3.83969e-01 6.77e-04
3.84718e-01 6.74e-04
3.85534e-01 6.71e-04
3.87097e-01 6.68e-04
3.87912e-01 6.66e-04
3.88658e-01 6.64e-04
3.89471e-01 6.61e-04
3.90284e-01 6.58e-04
3.91839e-01 6.50e-04
3.92582e-01 6.47e-04
3.93393e-01 6.44e-04
3.94134e-01 6.41e-04
3.94943e-01 6.40e-04
3.95684e-01 6.38e-04
3.97231e-01 6.37e-04
3.98038e-01 6.35e-04
3.98776e-01 6.33e-04
3.99581e-01 6.29e-04
4.01122e-01 6.20e-04
4.01859e-01 6.15e-04
4.02661e-01 6.11e-04
4.03396e-01 6.07e-04
4.04131e-01 6.04e-04
4.04932e-01 6.01e-04
4.05665e-01 6.29e-04
4.07197e-01 6.24e-04
4.08726e-01 6.20e-04
4.10187e-01 6.16e-04
4.11712e-01 6.12e-04
4.13169e-01 6.08e-04
4.14689e-01 6.05e-04
4.16141e-01 6.02e-04
4.17657e-01 5.98e-04
4.19105e-01 5.95e-04
4.20616e-01 5.92e-04
4.22060e-01 5.89e-04
4.23501e-01 5.86e-04
4.25006e-01 5.83e-04
4.26444e-01 5.81e-04
4.27879e-01 5.78e-04
4.29312e-01 5.75e-04
4.30743e-01 5.72e-04
4.32172e-01 5.70e-04
4.33599e-01 5.67e-04
4.35024e-01 5.64e-04
4.36447e-01 5.62e-04
4.37868e-01 5.59e-04
4.39287e-01 5.57e-04
4.40704e-01 5.54e-04
4.42118e-01 5.52e-04
4.43467e-01 5.49e-04
4.44878e-01 5.47e-04
4.46287e-01 5.45e-04
4.47630e-01 5.42e-04
4.49035e-01 5.40e-04
4.50438e-01 5.38e-04
4.51776e-01 5.35e-04
4.53175e-01 5.33e-04
4.54509e-01 5.31e-04
4.55841e-01 5.28e-04
4.57235e-01 5.26e-04
4.58563e-01 5.24e-04
4.59953e-01 5.22e-04
4.61278e-01 5.20e-04
4.62601e-01 5.18e-04
4.63923e-01 5.16e-04
4.65305e-01 5.14e-04
4.66623e-01 5.12e-04
4.67250e-01 5.11e-04
4.68565e-01 5.08e-04
4.69253e-01 5.07e-04
4.70566e-01 5.05e-04
4.71877e-01 5.03e-04
4.73186e-01 5.01e-04
4.74494e-01 4.99e-04
4.75799e-01 4.97e-04
4.77103e-01 4.95e-04
4.78406e-01 4.93e-04
4.79706e-01 4.92e-04
4.80944e-01 4.90e-04
4.82241e-01 4.88e-04
4.83537e-01 4.86e-04
4.84831e-01 4.84e-04
4.86062e-01 4.82e-04
4.87352e-01 4.80e-04
4.88641e-01 4.78e-04
4.89868e-01 4.77e-04
4.91153e-01 4.75e-04
4.92376e-01 4.73e-04
4.93659e-01 4.72e-04
4.94269e-01 4.71e-04
4.95489e-01 4.69e-04
4.96767e-01 4.67e-04
4.97984e-01 4.65e-04
4.99259e-01 4.64e-04
5.00472e-01 4.62e-04
5.01684e-01 4.60e-04
5.02955e-01 4.59e-04
5.04163e-01 4.57e-04
5.05371e-01 4.55e-04
5.06577e-01 4.54e-04
5.07781e-01 4.52e-04
5.09044e-01 4.50e-04
5.10245e-01 4.49e-04
5.11445e-01 4.47e-04
5.12644e-01 4.46e-04
5.13841e-01 4.44e-04
5.15037e-01 4.42e-04
5.16231e-01 4.41e-04
5.17424e-01 4.39e-04
5.18615e-01 4.38e-04
5.19746e-01 4.36e-04
5.20934e-01 4.35e-04
5.22122e-01 4.33e-04
5.23307e-01 4.32e-04
5.24492e-01 4.31e-04
5.25616e-01 4.29e-04
5.26207e-01 4.28e-04
5.26797e-01 4.27e-04
5.27978e-01 4.26e-04
5.29157e-01 4.24e-04
5.30275e-01 4.23e-04
5.30864e-01 4.22e-04
5.31451e-01 4.22e-04
5.32039e-01 4.21e-04
5.32568e-01 4.20e-04
5.33741e-01 4.19e-04
5.34855e-01 4.17e-04
5.36025e-01 4.16e-04
5.37136e-01 4.15e-04
5.38305e-01 4.13e-04
5.39413e-01 4.12e-04
5.40579e-01 4.11e-04
5.41685e-01 4.09e-04
5.42789e-01 4.08e-04
5.43951e-01 4.07e-04
5.45053e-01 4.05e-04
5.46154e-01 4.04e-04
5.47312e-01 4.03e-04
5.48410e-01 4.01e-04
5.49508e-01 4.00e-04
5.50604e-01 3.99e-04
5.51699e-01 3.98e-04
5.52850e-01 3.96e-04
5.53368e-01 3.96e-04
5.53943e-01 3.95e-04
5.55034e-01 3.94e-04
5.56124e-01 3.92e-04
5.57213e-01 3.91e-04
5.58301e-01 3.90e-04
5.59387e-01 3.89e-04
5.60473e-01 3.88e-04
5.60986e-01 3.87e-04
5.61557e-01 3.87e-04
5.62070e-01 3.86e-04
5.63152e-01 3.84e-04
5.64234e-01 3.83e-04
5.65314e-01 3.82e-04
5.66393e-01 3.81e-04
5.67471e-01 3.80e-04
5.68491e-01 3.79e-04
5.69566e-01 3.78e-04
5.70641e-01 3.76e-04
5.71714e-01 3.75e-04
5.72729e-01 3.74e-04
5.73800e-01 3.73e-04
5.74870e-01 3.72e-04
5.75883e-01 3.71e-04
5.76950e-01 3.70e-04
5.77961e-01 3.69e-04
5.79026e-01 3.67e-04
5.79530e-01 3.67e-04
5.80090e-01 3.66e-04
5.80594e-01 3.67e-04
5.81098e-01 3.65e-04
5.82160e-01 3.64e-04
5.83165e-01 3.63e-04
5.83667e-01 3.62e-04
5.84726e-01 3.61e-04
5.85729e-01 3.60e-04
5.86786e-01 3.59e-04
5.87787e-01 3.58e-04
5.88786e-01 3.57e-04
5.89840e-01 3.56e-04
5.90838e-01 3.55e-04
5.91336e-01 3.55e-04
5.92332e-01 3.54e-04
5.93382e-01 3.53e-04
5.94376e-01 3.52e-04
5.95369e-01 3.51e-04
5.95865e-01 3.50e-04
5.96361e-01 3.49e-04
5.96857e-01 3.49e-04
5.97902e-01 3.48e-04
5.98891e-01 3.47e-04
5.99880e-01 3.46e-04
6.00867e-01 3.45e-04
6.01854e-01 3.44e-04
6.02839e-01 3.43e-04
6.03824e-01 3.42e-04
6.04316e-01 3.41e-04
6.04808e-01 3.41e-04
6.05790e-01 3.40e-04
6.06772e-01 3.39e-04
6.07753e-01 3.38e-04
6.08732e-01 3.37e-04
6.09711e-01 3.36e-04
6.10200e-01 3.36e-04
6.10689e-01 3.36e-04
6.11178e-01 3.35e-04
6.12154e-01 3.34e-04
6.13129e-01 3.33e-04
6.14104e-01 3.32e-04
6.15023e-01 3.31e-04
6.15996e-01 3.30e-04
6.16968e-01 3.29e-04
6.17939e-01 3.29e-04
6.18908e-01 3.28e-04
6.19824e-01 3.27e-04
6.20792e-01 3.26e-04
6.21759e-01 3.25e-04
6.22671e-01 3.24e-04
6.23636e-01 3.23e-04
6.24601e-01 3.22e-04
6.25511e-01 3.22e-04
6.26473e-01 3.21e-04
6.27435e-01 3.20e-04
6.28342e-01 3.19e-04
6.29302e-01 3.18e-04
6.30207e-01 3.17e-04
6.31165e-01 3.16e-04
6.32069e-01 3.16e-04
6.33026e-01 3.15e-04
6.33928e-01 3.14e-04
6.34882e-01 3.13e-04
6.35783e-01 3.12e-04
6.36683e-01 3.11e-04
6.37634e-01 3.11e-04
6.38533e-01 3.10e-04
6.39483e-01 3.09e-04
6.40379e-01 3.08e-04
6.41275e-01 3.07e-04
6.42222e-01 3.07e-04
6.43116e-01 3.06e-04
6.44009e-01 3.05e-04
6.44902e-01 3.04e-04
6.45846e-01 3.03e-04
6.46737e-01 3.03e-04
6.47627e-01 3.02e-04
6.48516e-01 3.01e-04
6.49404e-01 3.00e-04
6.50292e-01 3.00e-04
6.51231e-01 2.99e-04
6.52117e-01 2.98e-04
6.53002e-01 2.97e-04
6.53886e-01 2.96e-04
6.54770e-01 2.96e-04
6.55653e-01 2.95e-04
6.56535e-01 2.94e-04
6.57416e-01 2.93e-04
6.58297e-01 2.93e-04
6.59177e-01 2.92e-04
6.60056e-01 2.91e-04
6.60934e-01 2.91e-04
6.61811e-01 2.90e-04
6.62688e-01 2.89e-04
6.63564e-01 2.88e-04
6.64439e-01 2.88e-04
6.65262e-01 2.87e-04
6.66136e-01 2.86e-04
6.67009e-01 2.86e-04
6.67881e-01 2.85e-04
6.68752e-01 2.84e-04
6.69623e-01 2.84e-04
6.70441e-01 2.83e-04
6.71310e-01 2.82e-04
6.72179e-01 2.81e-04
6.73047e-01 2.81e-04
6.73862e-01 2.80e-04
6.74729e-01 2.79e-04
6.75594e-01 2.79e-04
6.76408e-01 2.78e-04
6.77272e-01 2.77e-04
6.78135e-01 2.77e-04
6.78947e-01 2.76e-04
6.79809e-01 2.75e-04
6.80619e-01 2.75e-04
6.81479e-01 2.74e-04
6.82339e-01 2.73e-04
6.83147e-01 2.73e-04
6.84006e-01 2.72e-04
6.84813e-01 2.71e-04
6.85669e-01 2.71e-04
6.86475e-01 2.70e-04
6.87330e-01 2.70e-04
6.88135e-01 2.69e-04
6.88989e-01 2.68e-04
6.89792e-01 2.68e-04
6.90594e-01 2.67e-04
6.91446e-01 2.66e-04
6.92247e-01 2.66e-04
6.93097e-01 2.65e-04
6.93897e-01 2.65e-04
6.94696e-01 2.64e-04
6.95544e-01 2.63e-04
6.96342e-01 2.63e-04
6.97139e-01 2.62e-04
6.97985e-01 2.62e-04
6.98781e-01 2.61e-04
6.99576e-01 2.60e-04
7.00371e-01 2.60e-04
7.01215e-01 2.59e-04
7.02008e-01 2.59e-04
7.02800e-01 2.58e-04
7.03592e-01 2.57e-04
7.04384e-01 2.57e-04
7.05224e-01 2.56e-04
7.06014e-01 2.56e-04
7.06804e-01 2.55e-04
7.07592e-01 2.54e-04
7.08381e-01 2.54e-04
7.09168e-01 2.53e-04
7.09955e-01 2.53e-04
7.10741e-01 2.52e-04
7.11527e-01 2.52e-04
7.12361e-01 2.51e-04
7.13146e-01 2.51e-04
7.13930e-01 2.50e-04
7.14713e-01 2.49e-04
7.15496e-01 2.49e-04
7.16278e-01 2.48e-04
7.17059e-01 2.48e-04
7.17791e-01 2.47e-04
7.18571e-01 2.47e-04
7.19351e-01 2.46e-04
7.20130e-01 2.46e-04
7.20908e-01 2.45e-04
7.21686e-01 2.44e-04
7.22463e-01 2.44e-04
7.23240e-01 2.43e-04
7.24016e-01 2.43e-04
7.24743e-01 2.42e-04
7.25518e-01 2.42e-04
7.26292e-01 2.41e-04
7.27065e-01 2.41e-04
7.27838e-01 2.40e-04
7.28611e-01 2.40e-04
7.29334e-01 2.39e-04
7.30106e-01 2.39e-04
7.30876e-01 2.38e-04
7.31598e-01 2.38e-04
7.32368e-01 2.37e-04
7.33137e-01 2.37e-04
7.33905e-01 2.36e-04
7.34625e-01 2.36e-04
7.35392e-01 2.35e-04
7.36159e-01 2.35e-04
7.36877e-01 2.34e-04
7.37642e-01 2.34e-04
7.38360e-01 2.33e-04
7.39124e-01 2.33e-04
7.39888e-01 2.32e-04
7.40603e-01 2.32e-04
7.41366e-01 2.31e-04
7.42080e-01 2.31e-04
7.42842e-01 2.30e-04
7.43603e-01 2.30e-04
7.44315e-01 2.29e-04
7.45075e-01 2.29e-04
7.45787e-01 2.28e-04
7.46546e-01 2.28e-04
7.47257e-01 2.27e-04
7.47967e-01 2.27e-04
7.48724e-01 2.26e-04
7.49433e-01 2.26e-04
7.50189e-01 2.25e-04
7.50897e-01 2.25e-04
7.51652e-01 2.25e-04
7.52359e-01 2.24e-04
7.53066e-01 2.24e-04
7.53819e-01 2.23e-04
7.54524e-01 2.23e-04
7.55277e-01 2.22e-04
7.55981e-01 2.22e-04
7.56685e-01 2.21e-04
7.57436e-01 2.21e-04
7.58139e-01 2.20e-04
7.58841e-01 2.20e-04
7.59543e-01 2.20e-04
7.60292e-01 2.19e-04
7.60993e-01 2.19e-04
7.61693e-01 2.18e-04
7.62393e-01 2.18e-04
7.63140e-01 2.17e-04
7.63839e-01 2.17e-04
7.64537e-01 2.17e-04
7.65235e-01 2.16e-04
7.65979e-01 2.16e-04
7.66676e-01 2.15e-04
7.67373e-01 2.15e-04
7.68069e-01 2.14e-04
7.68765e-01 2.14e-04
7.69460e-01 2.13e-04
7.70155e-01 2.13e-04
7.70895e-01 2.13e-04
7.71589e-01 2.12e-04
7.72282e-01 2.12e-04
7.72974e-01 2.11e-04
7.73667e-01 2.11e-04
7.74358e-01 2.11e-04
7.75050e-01 2.10e-04
7.75740e-01 2.10e-04
7.76431e-01 2.09e-04
7.77121e-01 2.09e-04
7.77810e-01 2.09e-04
7.78499e-01 2.08e-04
7.79187e-01 2.08e-04
7.79875e-01 2.07e-04
7.80563e-01 2.07e-04
7.81250e-01 2.06e-04
7.81936e-01 2.06e-04
7.82622e-01 2.06e-04
7.83308e-01 2.05e-04
7.83993e-01 2.05e-04
7.84677e-01 2.05e-04
7.85362e-01 2.04e-04
7.86000e-01 2.04e-04
7.86683e-01 2.03e-04
7.87366e-01 2.03e-04
7.88048e-01 2.03e-04
7.88730e-01 2.02e-04
7.89411e-01 2.02e-04
7.90092e-01 2.01e-04
7.90728e-01 2.01e-04
7.91408e-01 2.01e-04
7.92087e-01 2.00e-04
7.92766e-01 2.00e-04
7.93445e-01 2.00e-04
7.94078e-01 1.99e-04
7.94756e-01 1.99e-04
7.95433e-01 1.98e-04
7.96110e-01 1.98e-04
7.96741e-01 1.98e-04
7.97417e-01 1.97e-04
7.98093e-01 1.97e-04
7.98768e-01 1.97e-04
7.99397e-01 1.96e-04
8.00071e-01 1.96e-04
8.00745e-01 1.96e-04
8.01374e-01 1.95e-04
8.02046e-01 1.95e-04
8.02719e-01 1.94e-04
8.03346e-01 1.94e-04
8.04017e-01 1.94e-04
8.04644e-01 1.93e-04
8.05314e-01 1.93e-04
8.05985e-01 1.93e-04
8.06610e-01 1.92e-04
8.07279e-01 1.92e-04
8.07903e-01 1.92e-04
8.08572e-01 1.91e-04
8.09240e-01 1.91e-04
8.09863e-01 1.91e-04
8.10530e-01 1.90e-04
8.11152e-01 1.90e-04
8.11819e-01 1.89e-04
8.12440e-01 1.89e-04
8.13106e-01 1.89e-04
8.13726e-01 1.88e-04
8.14391e-01 1.88e-04
8.15011e-01 1.88e-04
8.15674e-01 1.87e-04
8.16294e-01 1.87e-04
8.16956e-01 1.87e-04
8.17575e-01 1.86e-04
8.18193e-01 1.86e-04
8.18854e-01 1.86e-04
8.19471e-01 1.85e-04
8.20132e-01 1.85e-04
8.20749e-01 1.85e-04
8.21364e-01 1.84e-04
8.22024e-01 1.84e-04
8.22639e-01 1.84e-04
8.23298e-01 1.84e-04
8.23912e-01 1.83e-04
8.24526e-01 1.83e-04
8.25184e-01 1.83e-04
8.25797e-01 1.82e-04
8.26410e-01 1.82e-04
8.27066e-01 1.82e-04
8.27678e-01 1.81e-04
8.28290e-01 1.81e-04
8.28945e-01 1.81e-04
8.29556e-01 1.80e-04
8.30166e-01 1.80e-04
8.30776e-01 1.80e-04
8.31430e-01 1.79e-04
8.32039e-01 1.79e-04
8.32648e-01 1.79e-04
8.33257e-01 1.78e-04
8.33909e-01 1.78e-04
8.34517e-01 1.78e-04
8.35124e-01 1.78e-04
8.35731e-01 1.77e-04
8.36338e-01 1.77e-04
8.36988e-01 1.77e-04
8.37594e-01 1.76e-04
8.38199e-01 1.76e-04
8.38805e-01 1.76e-04
8.39410e-01 1.75e-04
8.40014e-01 1.75e-04
8.40618e-01 1.75e-04
8.41265e-01 1.75e-04
8.41869e-01 1.74e-04
8.42472e-01 1.74e-04
8.43075e-01 1.74e-04
8.43677e-01 1.73e-04
8.44279e-01 1.73e-04
8.44881e-01 1.73e-04
8.45482e-01 1.72e-04
8.46083e-01 1.72e-04
8.46683e-01 1.72e-04
8.47284e-01 1.72e-04
8.47883e-01 1.71e-04
8.48526e-01 1.71e-04
8.49125e-01 1.71e-04
8.49723e-01 1.70e-04
8.50322e-01 1.70e-04
8.50920e-01 1.70e-04
8.51518e-01 1.69e-04
8.52115e-01 1.69e-04
8.52712e-01 1.69e-04
8.53308e-01 1.69e-04
8.53862e-01 1.68e-04
8.54458e-01 1.68e-04
8.55053e-01 1.68e-04
8.55649e-01 1.68e-04
8.56243e-01 1.67e-04
8.56838e-01 1.67e-04
8.57432e-01 1.67e-04
8.58026e-01 1.66e-04
8.58619e-01 1.66e-04
8.59212e-01 1.66e-04
8.59805e-01 1.66e-04
8.60397e-01 1.65e-04
8.60947e-01 1.65e-04
8.61539e-01 1.65e-04
8.62130e-01 1.65e-04
8.62721e-01 1.64e-04
8.63312e-01 1.64e-04
8.63902e-01 1.64e-04
8.64492e-01 1.63e-04
8.65040e-01 1.63e-04
8.65629e-01 1.63e-04
8.66218e-01 1.63e-04
8.66806e-01 1.62e-04
8.67395e-01 1.62e-04
8.67940e-01 1.62e-04
8.68528e-01 1.62e-04
8.69115e-01 1.61e-04
8.69702e-01 1.61e-04
8.70289e-01 1.61e-04
8.70833e-01 1.61e-04
8.71419e-01 1.60e-04
8.72004e-01 1.60e-04
8.72548e-01 1.60e-04
8.73133e-01 1.60e-04
8.73717e-01 1.59e-04
8.74301e-01 1.59e-04
8.74844e-01 1.59e-04
8.75427e-01 1.59e-04
8.76010e-01 1.58e-04
8.76551e-01 1.58e-04
8.77134e-01 1.58e-04
8.77716e-01 1.58e-04
8.78257e-01 1.57e-04
8.78838e-01 1.57e-04
8.79419e-01 1.57e-04
8.79959e-01 1.57e-04
8.80249e-01 1.56e-04
8.80829e-01 1.56e-04
8.81368e-01 1.56e-04
8.81948e-01 1.56e-04
8.82527e-01 1.55e-04
8.83065e-01 1.55e-04
8.83644e-01 1.55e-04
8.84181e-01 1.55e-04
8.84759e-01 1.54e-04
8.85337e-01 1.54e-04
8.85873e-01 1.54e-04
8.86450e-01 1.54e-04
8.86985e-01 1.53e-04
8.87562e-01 1.53e-04
8.88097e-01 1.53e-04
8.88673e-01 1.53e-04
8.89248e-01 1.52e-04
8.89782e-01 1.52e-04
8.90357e-01 1.52e-04
8.90891e-01 1.52e-04
8.91465e-01 1.52e-04
8.91998e-01 1.51e-04
8.92572e-01 1.51e-04
8.93104e-01 1.51e-04
8.93677e-01 1.51e-04
8.94209e-01 1.50e-04
8.94781e-01 1.50e-04
8.95312e-01 1.50e-04
8.95843e-01 1.50e-04
8.96415e-01 1.49e-04
8.96945e-01 1.49e-04
8.97516e-01 1.49e-04
8.98045e-01 1.49e-04
8.98615e-01 1.49e-04
8.99145e-01 1.48e-04
8.99673e-01 1.48e-04
9.00243e-01 1.48e-04
9.00771e-01 1.48e-04
9.01340e-01 1.47e-04
9.01867e-01 1.47e-04
9.02395e-01 1.47e-04
9.02962e-01 1.47e-04
9.03489e-01 1.47e-04
9.04056e-01 1.46e-04
9.04582e-01 1.46e-04
9.05108e-01 1.46e-04
9.05675e-01 1.46e-04
9.06200e-01 1.46e-04
9.06725e-01 1.45e-04
9.07290e-01 1.45e-04
9.07815e-01 1.45e-04
9.08339e-01 1.45e-04
9.08904e-01 1.44e-04
9.09427e-01 1.44e-04
9.09951e-01 1.44e-04
9.10474e-01 1.44e-04
9.11037e-01 1.44e-04
9.11560e-01 1.43e-04
9.12082e-01 1.43e-04
9.12644e-01 1.43e-04
9.13166e-01 1.43e-04
9.13687e-01 1.43e-04
9.14209e-01 1.42e-04
9.14770e-01 1.42e-04
9.15290e-01 1.42e-04
9.15811e-01 1.42e-04
9.16331e-01 1.42e-04
9.16851e-01 1.41e-04
9.17410e-01 1.41e-04
9.17929e-01 1.41e-04
9.18448e-01 1.41e-04
9.18967e-01 1.40e-04
9.19486e-01 1.40e-04
9.20044e-01 1.40e-04
9.20562e-01 1.40e-04
9.21079e-01 1.40e-04
9.21597e-01 1.39e-04
9.22114e-01 1.39e-04
9.22631e-01 1.39e-04
9.23187e-01 1.39e-04
9.23703e-01 1.39e-04
9.24219e-01 1.38e-04
9.24735e-01 1.38e-04
9.25250e-01 1.38e-04
9.25766e-01 1.38e-04
9.26281e-01 1.38e-04
9.26835e-01 1.37e-04
9.27349e-01 1.37e-04
9.27864e-01 1.37e-04
9.28377e-01 1.37e-04
9.28891e-01 1.37e-04
9.29404e-01 1.36e-04
9.29917e-01 1.36e-04
9.30430e-01 1.36e-04
9.30943e-01 1.36e-04
9.31455e-01 1.36e-04
9.31967e-01 1.35e-04
9.32479e-01 1.35e-04
9.32991e-01 1.35e-04
9.33541e-01 1.35e-04
9.34052e-01 1.35e-04
9.34563e-01 1.35e-04
9.35073e-01 1.34e-04
9.35583e-01 1.34e-04
9.36093e-01 1.34e-04
9.36603e-01 1.34e-04
9.37112e-01 1.34e-04
9.37622e-01 1.33e-04
9.38130e-01 1.33e-04
9.38639e-01 1.33e-04
9.39148e-01 1.33e-04
9.39656e-01 1.33e-04
9.40163e-01 1.33e-04
9.40671e-01 1.32e-04
9.41139e-01 1.32e-04
9.41647e-01 1.32e-04
9.42153e-01 1.32e-04
9.42660e-01 1.32e-04
9.43166e-01 1.31e-04
9.43672e-01 1.31e-04
9.44178e-01 1.31e-04
9.44684e-01 1.31e-04
9.45189e-01 1.31e-04
9.45694e-01 1.31e-04
9.46199e-01 1.30e-04
9.46704e-01 1.30e-04
9.47208e-01 1.30e-04
9.47712e-01 1.30e-04
9.48177e-01 1.30e-04
9.48680e-01 1.29e-04
9.49184e-01 1.29e-04
9.49687e-01 1.29e-04
9.50190e-01 1.29e-04
9.50692e-01 1.29e-04
9.51194e-01 1.29e-04
9.51696e-01 1.28e-04
9.52160e-01 1.28e-04
9.52661e-01 1.28e-04
9.53163e-01 1.28e-04
9.53664e-01 1.28e-04
9.54164e-01 1.28e-04
9.54665e-01 1.27e-04
9.55127e-01 1.27e-04
9.55627e-01 1.27e-04
9.56127e-01 1.27e-04
9.56626e-01 1.27e-04
9.57126e-01 1.27e-04
9.57586e-01 1.26e-04
9.58085e-01 1.26e-04
9.58584e-01 1.26e-04
9.59082e-01 1.26e-04
9.59580e-01 1.26e-04
9.60040e-01 1.26e-04
9.60537e-01 1.25e-04
9.61035e-01 1.25e-04
9.61532e-01 1.25e-04
9.61990e-01 1.25e-04
9.62487e-01 1.25e-04
9.62983e-01 1.25e-04
9.63480e-01 1.24e-04
9.63937e-01 1.24e-04
9.64433e-01 1.24e-04
9.64929e-01 1.24e-04
9.65386e-01 1.24e-04
9.65881e-01 1.24e-04
9.66375e-01 1.23e-04
9.66870e-01 1.23e-04
9.67326e-01 1.23e-04
9.67820e-01 1.23e-04
9.68314e-01 1.23e-04
9.68769e-01 1.23e-04
9.69263e-01 1.22e-04
9.69756e-01 1.22e-04
9.70211e-01 1.22e-04
9.70703e-01 1.22e-04
9.71195e-01 1.22e-04
9.71650e-01 1.22e-04
9.72142e-01 1.21e-04
9.72633e-01 1.21e-04
9.73087e-01 1.21e-04
9.73578e-01 1.21e-04
9.74069e-01 1.21e-04
9.74522e-01 1.21e-04
9.75012e-01 1.21e-04
9.75503e-01 1.20e-04
9.75955e-01 1.20e-04
9.76445e-01 1.20e-04
9.76897e-01 1.20e-04
9.77386e-01 1.20e-04
9.77875e-01 1.20e-04
9.78326e-01 1.19e-04
9.78815e-01 1.19e-04
9.79266e-01 1.19e-04
9.79754e-01 1.19e-04
9.80242e-01 1.19e-04
9.80692e-01 1.19e-04
9.81179e-01 1.19e-04
9.81629e-01 1.18e-04
9.82116e-01 1.18e-04
9.82565e-01 1.18e-04
9.83052e-01 1.18e-04
9.83501e-01 1.18e-04
9.83987e-01 1.18e-04
9.84473e-01 1.17e-04
9.84921e-01 1.17e-04
9.85406e-01 1.17e-04
9.85854e-01 1.17e-04
9.86339e-01 1.17e-04
9.86786e-01 1.17e-04
9.87271e-01 1.17e-04
9.87718e-01 1.16e-04
9.88202e-01 1.16e-04
9.88649e-01 1.16e-04
9.89132e-01 1.16e-04
9.89578e-01 1.16e-04
9.90062e-01 1.16e-04
9.90507e-01 1.16e-04
9.90990e-01 1.15e-04
9.91435e-01 1.15e-04
9.91918e-01 1.15e-04
9.92362e-01 1.15e-04
9.92844e-01 1.15e-04
9.93289e-01 1.15e-04
9.93733e-01 1.14e-04
9.94214e-01 1.14e-04
9.94658e-01 1.14e-04
9.95139e-01 1.14e-04
9.95582e-01 1.14e-04
9.96063e-01 1.14e-04
9.96506e-01 1.14e-04
9.96986e-01 1.13e-04
9.97428e-01 1.13e-04
9.97871e-01 1.13e-04
9.98350e-01 1.13e-04
9.98792e-01 1.13e-04
9.99271e-01 1.13e-04
9.99712e-01 1.13e-04
1.00015e+00 1.12e-04
1.00063e+00 1.12e-04
1.00107e+00 1.12e-04
1.00155e+00 1.12e-04
1.00199e+00 1.12e-04
1.00243e+00 1.12e-04
1.00291e+00 1.12e-04
1.00335e+00 1.11e-04
1.00379e+00 1.11e-04
1.00426e+00 1.11e-04
1.00470e+00 1.11e-04
1.00518e+00 1.11e-04
1.00562e+00 1.11e-04
1.00606e+00 1.11e-04
1.00653e+00 1.10e-04
1.00697e+00 1.10e-04
1.00741e+00 1.10e-04
1.00788e+00 1.10e-04
1.00832e+00 1.10e-04
1.00876e+00 1.10e-04
1.00923e+00 1.10e-04
1.00967e+00 1.10e-04
1.01011e+00 1.09e-04
1.01058e+00 1.09e-04
1.01102e+00 1.09e-04
1.01146e+00 1.09e-04
1.01189e+00 1.09e-04
1.01236e+00 1.09e-04
1.01280e+00 1.09e-04
1.01324e+00 1.09e-04
1.01371e+00 1.08e-04
1.01414e+00 1.08e-04
1.01458e+00 1.08e-04
1.01501e+00 1.08e-04
1.01548e+00 1.08e-04
1.01592e+00 1.08e-04
1.01635e+00 1.08e-04
1.01679e+00 1.08e-04
1.01726e+00 1.07e-04
1.01769e+00 1.07e-04
1.01813e+00 1.07e-04
1.01856e+00 1.07e-04
1.01903e+00 1.07e-04
1.01946e+00 1.07e-04
1.01989e+00 1.07e-04
1.02033e+00 1.06e-04
1.02079e+00 1.06e-04
1.02123e+00 1.06e-04
1.02166e+00 1.06e-04
1.02209e+00 1.06e-04
1.02252e+00 1.06e-04
1.02299e+00 1.06e-04
1.02342e+00 1.06e-04
1.02385e+00 1.05e-04
1.02428e+00 1.05e-04
1.02471e+00 1.05e-04
1.02518e+00 1.05e-04
1.02561e+00 1.05e-04
1.02604e+00 1.05e-04
1.02647e+00 1.05e-04
1.02690e+00 1.05e-04
1.02737e+00 1.05e-04
1.02780e+00 1.04e-04
1.02823e+00 1.04e-04
1.02865e+00 1.04e-04
1.02908e+00 1.04e-04
1.02951e+00 1.04e-04
1.02998e+00 1.04e-04
1.03040e+00 1.04e-04
1.03083e+00 1.04e-04
1.03126e+00 1.03e-04
1.03169e+00 1.03e-04
1.03212e+00 1.03e-04
1.03254e+00 1.03e-04
1.03297e+00 1.03e-04
1.03343e+00 1.03e-04
1.03386e+00 1.03e-04
1.03429e+00 1.03e-04
1.03471e+00 1.02e-04
1.03514e+00 1.02e-04
1.03557e+00 1.02e-04
1.03599e+00 1.02e-04
1.03642e+00 1.02e-04
1.03684e+00 1.02e-04
1.03730e+00 1.02e-04
1.03773e+00 1.02e-04
1.03815e+00 1.02e-04
1.03858e+00 1.01e-04
1.03900e+00 1.01e-04
1.03943e+00 1.01e-04
1.03985e+00 1.01e-04
1.04028e+00 1.01e-04
1.04070e+00 1.01e-04
1.04112e+00 1.01e-04
1.04155e+00 1.01e-04
1.04197e+00 1.00e-04
1.04239e+00 1.00e-04
1.04282e+00 1.00e-04
1.04324e+00 1.00e-04
1.04370e+00 1.00e-04
1.04412e+00 9.99e-05
1.04454e+00 9.98e-05
1.04497e+00 9.97e-05
1.04539e+00 9.95e-05
1.04581e+00 9.94e-05
1.04623e+00 9.93e-05
1.04665e+00 9.92e-05
1.04707e+00 9.91e-05
1.04749e+00 9.90e-05
1.04792e+00 9.89e-05
1.04834e+00 9.87e-05
1.04876e+00 9.86e-05
1.04918e+00 9.85e-05
1.04960e+00 9.84e-05
1.05002e+00 9.83e-05
1.05044e+00 9.82e-05
1.05086e+00 9.80e-05
1.05128e+00 9.79e-05
1.05170e+00 9.78e-05
1.05211e+00 9.77e-05
1.05253e+00 9.76e-05
1.05295e+00 9.75e-05
1.05337e+00 9.74e-05
1.05379e+00 9.73e-05
1.05421e+00 9.72e-05
1.05463e+00 9.71e-05
1.05504e+00 9.69e-05
1.05543e+00 9.68e-05
1.05584e+00 9.67e-05
1.05626e+00 9.66e-05
1.05668e+00 9.65e-05
1.05710e+00 9.64e-05
1.05751e+00 9.63e-05
1.05793e+00 9.62e-05
1.05835e+00 9.61e-05
1.05876e+00 9.60e-05
1.05918e+00 9.59e-05
1.05959e+00 9.58e-05
1.06001e+00 9.57e-05
1.06043e+00 9.56e-05
1.06084e+00 9.55e-05
1.06126e+00 9.54e-05
1.06164e+00 9.53e-05
1.06205e+00 9.52e-05
1.06247e+00 9.51e-05
1.06288e+00 9.50e-05
1.06330e+00 9.49e-05
1.06371e+00 9.48e-05
1.06412e+00 9.47e-05
1.06454e+00 9.45e-05
1.06495e+00 9.44e-05
1.06537e+00 9.43e-05
1.06574e+00 9.42e-05
1.06616e+00 9.41e-05
1.06657e+00 9.40e-05
1.06698e+00 9.39e-05
1.06740e+00 9.38e-05
1.06781e+00 9.37e-05
1.06822e+00 9.36e-05
1.06860e+00 9.35e-05
1.06901e+00 9.34e-05
1.06942e+00 9.33e-05
1.06984e+00 9.32e-05
1.07025e+00 9.31e-05
1.07066e+00 9.30e-05
1.07107e+00 9.29e-05
1.07145e+00 9.28e-05
1.07186e+00 9.27e-05
1.07227e+00 9.26e-05
1.07268e+00 9.25e-05
1.07309e+00 9.24e-05
1.07350e+00 9.23e-05
1.07388e+00 9.22e-05
1.07429e+00 9.21e-05
1.07470e+00 9.20e-05
1.07510e+00 9.19e-05
1.07551e+00 9.18e-05
1.07592e+00 9.18e-05
1.07630e+00 9.17e-05
1.07671e+00 9.16e-05
1.07712e+00 9.15e-05
1.07752e+00 9.14e-05
1.07793e+00 9.13e-05
1.07831e+00 9.12e-05
1.07872e+00 9.11e-05
1.07912e+00 9.10e-05
1.07953e+00 9.09e-05
1.07991e+00 9.08e-05
1.08031e+00 9.07e-05
1.08072e+00 9.06e-05
1.08113e+00 9.05e-05
1.08153e+00 9.04e-05
1.08191e+00 9.03e-05
1.08231e+00 9.02e-05
1.08272e+00 9.01e-05
1.08313e+00 9.00e-05
1.08350e+00 8.99e-05
1.08390e+00 8.98e-05
1.08431e+00 8.97e-05
1.08472e+00 8.96e-05
1.08509e+00 8.96e-05
1.08549e+00 8.95e-05
1.08590e+00 8.94e-05
1.08630e+00 8.93e-05
1.08667e+00 8.92e-05
1.08708e+00 8.91e-05
1.08748e+00 8.90e-05
1.08789e+00 8.89e-05
1.08826e+00 8.88e-05
1.08866e+00 8.87e-05
1.08907e+00 8.86e-05
1.08947e+00 8.85e-05
1.08984e+00 8.85e-05
1.09024e+00 8.84e-05
1.09065e+00 8.83e-05
1.09102e+00 8.82e-05
1.09142e+00 8.81e-05
1.09182e+00 8.80e-05
1.09223e+00 8.79e-05
1.09259e+00 8.78e-05
1.09300e+00 8.77e-05
1.09340e+00 8.76e-05
1.09377e+00 8.76e-05
1.09417e+00 8.75e-05
1.09457e+00 8.74e-05
1.09494e+00 8.73e-05
1.09534e+00 8.72e-05
1.09574e+00 8.71e-05
1.09611e+00 8.70e-05
1.09651e+00 8.69e-05
1.09691e+00 8.68e-05
1.09728e+00 8.68e-05
1.09768e+00 8.67e-05
1.09808e+00 8.66e-05
1.09845e+00 8.65e-05
1.09885e+00 8.64e-05
1.09925e+00 8.63e-05
1.09961e+00 8.62e-05
1.10001e+00 8.61e-05
1.10041e+00 8.61e-05
1.10078e+00 8.60e-05
1.10118e+00 8.59e-05
1.10157e+00 8.58e-05
1.10194e+00 8.57e-05
1.10234e+00 8.56e-05
1.10274e+00 8.55e-05
1.10310e+00 8.54e-05
1.10350e+00 8.54e-05
1.12119e+00 8.16e-05
1.13514e+00 7.87e-05
1.15278e+00 7.53e-05
1.16224e+00 7.36e-05
1.18164e+00 7.02e-05
1.19395e+00 6.82e-05
1.19410e+00 6.80e-05
1.21370e+00 6.51e-05
1.23154e+00 6.27e-05
1.24164e+00 6.14e-05
1.26014e+00 5.92e-05
1.27578e+00 5.75e-05
1.28874e+00 5.63e-05
1.30451e+00 5.51e-05
1.31649e+00 5.42e-05
1.33097e+00 5.34e-05
1.33834e+00 5.31e-05
1.34623e+00 5.28e-05
1.35661e+00 5.26e-05
1.36382e+00 5.25e-05
1.36510e+00 5.25e-05
1.36522e+00 5.25e-05
1.37725e+00 5.27e-05
1.38407e+00 5.29e-05
1.38422e+00 5.60e-05
1.39305e+00 5.66e-05
1.39770e+00 5.70e-05
1.40264e+00 5.75e-05
1.40700e+00 5.80e-05
1.40945e+00 5.83e-05
1.41272e+00 5.88e-05
1.41568e+00 5.92e-05
1.41784e+00 5.96e-05
1.41946e+00 5.99e-05
1.42137e+00 6.02e-05
1.42352e+00 6.06e-05
1.42460e+00 6.08e-05
1.42554e+00 6.10e-05
1.42568e+00 6.10e-05
1.42674e+00 6.12e-05
1.42756e+00 6.14e-05
1.42808e+00 6.15e-05
1.42835e+00 6.16e-05
1.42864e+00 6.16e-05
1.42890e+00 6.17e-05
1.42916e+00 6.18e-05
1.42943e+00 6.18e-05
1.42969e+00 6.19e-05
1.42998e+00 6.20e-05
1.43024e+00 6.20e-05
1.43050e+00 6.21e-05
1.43077e+00 6.22e-05
1.43105e+00 6.22e-05
1.43132e+00 6.23e-05
1.43158e+00 6.23e-05
1.43184e+00 6.24e-05
1.43210e+00 6.25e-05
1.43239e+00 6.25e-05
1.43265e+00 6.26e-05
1.43292e+00 6.27e-05
1.43318e+00 6.28e-05
1.43344e+00 6.28e-05
1.43373e+00 6.29e-05
1.43399e+00 6.30e-05
1.43425e+00 6.30e-05
1.43451e+00 6.31e-05
1.43480e+00 6.32e-05
1.43506e+00 6.33e-05
1.43532e+00 6.33e-05
1.43558e+00 6.34e-05
1.43587e+00 6.35e-05
1.43613e+00 6.36e-05
1.43639e+00 6.36e-05
1.43665e+00 6.37e-05
1.43692e+00 6.38e-05
1.43720e+00 6.39e-05
1.43746e+00 6.39e-05
1.43772e+00 6.40e-05
1.43799e+00 6.41e-05
1.43827e+00 6.42e-05
1.43853e+00 6.43e-05
1.43879e+00 6.43e-05
1.43905e+00 6.44e-05
1.43934e+00 6.45e-05
1.43960e+00 6.46e-05
1.43986e+00 6.47e-05
1.44012e+00 6.47e-05
1.44040e+00 6.48e-05
1.44066e+00 6.49e-05
1.44092e+00 6.50e-05
1.44118e+00 6.51e-05
1.44147e+00 6.52e-05
1.44173e+00 6.52e-05
1.44199e+00 6.53e-05
1.44225e+00 6.54e-05
1.44253e+00 6.55e-05
1.44279e+00 6.56e-05
1.44305e+00 6.57e-05
1.44331e+00 6.58e-05
1.44360e+00 6.59e-05
1.44386e+00 6.60e-05
1.44412e+00 6.61e-05
1.44440e+00 6.61e-05
1.44466e+00 6.62e-05
1.44492e+00 6.63e-05
1.44518e+00 6.64e-05
1.44546e+00 6.65e-05
1.44572e+00 6.66e-05
1.44598e+00 6.67e-05
1.44626e+00 6.68e-05
1.44652e+00 6.69e-05
1.44678e+00 6.70e-05
1.44704e+00 6.71e-05
1.44732e+00 6.72e-05
1.44758e+00 6.73e-05
1.44784e+00 6.74e-05
1.44809e+00 6.75e-05
1.44838e+00 6.76e-05
1.44864e+00 6.77e-05
1.44889e+00 6.78e-05
1.44918e+00 6.79e-05
1.44943e+00 6.80e-05
1.44969e+00 6.81e-05
1.44997e+00 6.82e-05
1.45023e+00 6.83e-05
1.45049e+00 6.85e-05
1.45075e+00 6.86e-05
1.45103e+00 6.87e-05
1.45129e+00 6.88e-05
1.45154e+00 6.89e-05
1.45182e+00 6.90e-05
1.45208e+00 6.91e-05
1.45234e+00 6.92e-05
1.45262e+00 6.93e-05
1.45288e+00 6.95e-05
1.45313e+00 6.96e-05
1.45342e+00 6.97e-05
1.45367e+00 6.98e-05
1.45393e+00 6.99e-05
1.45421e+00 7.01e-05
1.45447e+00 7.02e-05
1.45472e+00 7.03e-05
1.45498e+00 7.04e-05
1.45526e+00 7.05e-05
1.45552e+00 7.07e-05
1.45577e+00 7.08e-05
1.45605e+00 7.09e-05
1.45631e+00 7.10e-05
1.45657e+00 7.12e-05
1.45685e+00 7.13e-05
1.45710e+00 7.14e-05
1.45736e+00 7.16e-05
1.45764e+00 7.17e-05
1.45789e+00 7.18e-05
1.45815e+00 7.19e-05
1.45843e+00 7.21e-05
1.45868e+00 7.22e-05
1.45896e+00 7.24e-05
1.45922e+00 7.25e-05
1.45948e+00 7.26e-05
1.45975e+00 7.28e-05
1.46001e+00 7.29e-05
1.46026e+00 7.31e-05
1.46054e+00 7.32e-05
1.46080e+00 7.33e-05
1.46105e+00 7.35e-05
1.46133e+00 7.36e-05
1.46159e+00 7.38e-05
1.46184e+00 7.39e-05
1.46212e+00 7.41e-05
1.46238e+00 7.42e-05
1.46263e+00 7.44e-05
1.46291e+00 7.45e-05
1.46316e+00 7.47e-05
1.46344e+00 7.48e-05
1.46370e+00 7.50e-05
1.46395e+00 7.51e-05
1.46423e+00 7.53e-05
1.46448e+00 7.54e-05
1.46474e+00 7.56e-05
1.46501e+00 7.58e-05
1.46527e+00 7.59e-05
1.46554e+00 7.61e-05
1.46580e+00 7.62e-05
1.46605e+00 7.64e-05
1.46633e+00 7.66e-05
1.46658e+00 7.67e-05
1.46686e+00 7.69e-05
1.46711e+00 7.71e-05
1.46737e+00 7.72e-05
1.46764e+00 7.74e-05
1.46790e+00 7.76e-05
1.46817e+00 7.78e-05
1.46843e+00 7.80e-05
1.46868e+00 7.81e-05
1.46896e+00 7.83e-05
1.46921e+00 7.85e-05
1.46949e+00 7.87e-05
1.46974e+00 7.89e-05
1.46999e+00 7.90e-05
1.47027e+00 7.92e-05
1.47052e+00 7.94e-05
1.47080e+00 7.96e-05
1.47105e+00 7.98e-05
1.47130e+00 8.00e-05
1.47158e+00 8.02e-05
1.47183e+00 8.04e-05
1.47211e+00 8.06e-05
1.47236e+00 8.08e-05
1.47261e+00 8.10e-05
1.47288e+00 8.12e-05
1.47314e+00 8.14e-05
1.47341e+00 8.16e-05
1.47366e+00 8.18e-05
1.47394e+00 8.20e-05
1.47419e+00 8.22e-05
1.47447e+00 8.24e-05
1.47472e+00 8.26e-05
1.47497e+00 8.29e-05
1.47524e+00 8.31e-05
1.47550e+00 8.33e-05
1.47577e+00 8.35e-05
1.47602e+00 8.37e-05
1.47630e+00 8.40e-05
1.47655e+00 8.42e-05
1.47680e+00 8.44e-05
1.47707e+00 8.46e-05
1.47732e+00 8.49e-05
1.47760e+00 8.51e-05
1.47785e+00 8.53e-05
1.47812e+00 8.56e-05
1.47837e+00 8.58e-05
1.47865e+00 8.61e-05
1.47890e+00 8.63e-05
1.47917e+00 8.65e-05
1.47942e+00 8.68e-05
1.47969e+00 8.70e-05
1.47994e+00 8.73e-05
1.48019e+00 8.75e-05
1.48047e+00 8.78e-05
1.48072e+00 8.80e-05
1.48099e+00 8.83e-05
1.48124e+00 8.86e-05
1.48151e+00 8.88e-05
1.48176e+00 8.91e-05
1.48204e+00 8.94e-05
1.48229e+00 8.96e-05
1.48256e+00 8.99e-05
1.48281e+00 9.02e-05
1.48308e+00 9.04e-05
1.48333e+00 9.07e-05
1.48360e+00 9.10e-05
1.48385e+00 9.13e-05
1.48412e+00 9.16e-05
1.48437e+00 9.19e-05
1.48465e+00 9.21e-05
1.48489e+00 9.24e-05
1.48517e+00 9.27e-05
1.48542e+00 9.30e-05
1.48569e+00 9.33e-05
1.48594e+00 9.36e-05
1.48621e+00 9.39e-05
1.48646e+00 9.42e-05
1.48673e+00 9.46e-05
1.48698e+00 9.49e-05
1.48725e+00 9.52e-05
1.48750e+00 9.55e-05
1.48777e+00 9.58e-05
1.48802e+00 9.61e-05
1.48829e+00 9.65e-05
1.48854e+00 9.68e-05
1.48881e+00 9.71e-05
1.48908e+00 9.75e-05
1.48932e+00 9.78e-05
1.48960e+00 9.81e-05
1.48984e+00 9.85e-05
1.49011e+00 9.88e-05
1.49036e+00 9.92e-05
1.49063e+00 9.95e-05
1.49088e+00 9.99e-05
1.49115e+00 1.00e-04
1.49140e+00 1.01e-04
1.49167e+00 1.01e-04
1.49191e+00 1.01e-04
1.49218e+00 1.02e-04
1.49245e+00 1.02e-04
1.49270e+00 1.02e-04
1.49297e+00 1.03e-04
1.49322e+00 1.03e-04
1.49349e+00 1.04e-04
1.49374e+00 1.04e-04
1.49400e+00 1.04e-04
1.49425e+00 1.05e-04
1.49452e+00 1.05e-04
1.49479e+00 1.06e-04
1.49504e+00 1.06e-04
1.49531e+00 1.06e-04
1.49555e+00 1.07e-04
1.49582e+00 1.07e-04
1.49607e+00 1.08e-04
1.49634e+00 1.08e-04
1.49661e+00 1.09e-04
1.49685e+00 1.09e-04
1.49712e+00 1.10e-04
1.49737e+00 1.10e-04
1.49763e+00 1.10e-04
1.49790e+00 1.11e-04
1.49815e+00 1.11e-04
1.49842e+00 1.12e-04
1.49866e+00 1.12e-04
1.49893e+00 1.13e-04
1.49920e+00 1.13e-04
1.49944e+00 1.14e-04
1.49971e+00 1.14e-04
1.49996e+00 1.15e-04
1.50023e+00 1.15e-04
1.50049e+00 1.16e-04
1.50074e+00 1.16e-04
1.50101e+00 1.17e-04
1.50125e+00 1.17e-04
1.50152e+00 1.18e-04
1.50179e+00 1.18e-04
1.50203e+00 1.19e-04
1.50230e+00 1.19e-04
1.50257e+00 1.20e-04
1.50281e+00 1.21e-04
1.50308e+00 1.21e-04
1.50332e+00 1.22e-04
1.50359e+00 1.22e-04
1.50386e+00 1.23e-04
1.50410e+00 1.23e-04
1.50437e+00 1.24e-04
1.50463e+00 1.24e-04
1.50488e+00 1.25e-04
1.50514e+00 1.26e-04
1.50541e+00 1.26e-04
1.50565e+00 1.27e-04
1.50592e+00 1.28e-04
1.50619e+00 1.28e-04
1.50643e+00 1.29e-04
1.50670e+00 1.29e-04
1.50694e+00 1.30e-04
1.50721e+00 1.31e-04
1.50747e+00 1.31e-04
1.50772e+00 1.32e-04
1.50798e+00 1.33e-04
1.50825e+00 1.33e-04
1.50849e+00 1.34e-04
1.50876e+00 1.35e-04
1.50902e+00 1.36e-04
1.50929e+00 1.36e-04
1.50953e+00 1.37e-04
1.50979e+00 1.38e-04
1.51006e+00 1.38e-04
1.51030e+00 1.39e-04
1.51057e+00 1.40e-04
1.51083e+00 1.41e-04
1.51108e+00 1.42e-04
1.51134e+00 1.42e-04
1.51160e+00 1.43e-04
1.51185e+00 1.44e-04
1.51211e+00 1.45e-04
1.51238e+00 1.46e-04
1.51264e+00 1.46e-04
1.51288e+00 1.47e-04
1.51315e+00 1.48e-04
1.51341e+00 1.49e-04
1.51365e+00 1.50e-04
1.51392e+00 1.51e-04
1.51418e+00 1.52e-04
1.51442e+00 1.53e-04
1.51469e+00 1.53e-04
1.51495e+00 1.54e-04
1.51522e+00 1.55e-04
1.51546e+00 1.56e-04
1.51572e+00 1.57e-04
1.51598e+00 1.58e-04
1.51625e+00 1.59e-04
1.51649e+00 1.60e-04
1.51675e+00 1.61e-04
1.51702e+00 1.62e-04
1.51728e+00 1.63e-04
1.51752e+00 1.64e-04
1.51778e+00 1.65e-04
1.51805e+00 1.67e-04
1.51831e+00 1.68e-04
1.51855e+00 1.69e-04
1.51881e+00 1.70e-04
1.51908e+00 1.71e-04
1.51934e+00 1.72e-04
1.51958e+00 1.73e-04
1.51984e+00 1.74e-04
1.52010e+00 1.76e-04
1.52037e+00 1.77e-04
1.52061e+00 1.78e-04
1.52087e+00 1.79e-04
1.52113e+00 1.81e-04
1.52139e+00 1.82e-04
1.52163e+00 1.83e-04
1.52190e+00 1.84e-04
1.52216e+00 1.86e-04
1.52242e+00 1.87e-04
1.52268e+00 1.88e-04
1.52292e+00 1.90e-04
1.52318e+00 1.91e-04
1.52344e+00 1.93e-04
1.52371e+00 1.94e-04
1.52397e+00 1.95e-04
1.52421e+00 1.97e-04
1.52447e+00 1.98e-04
1.52473e+00 2.00e-04
1.52499e+00 2.02e-04
1.52525e+00 2.03e-04
1.52549e+00 2.05e-04
1.52575e+00 2.06e-04
1.52601e+00 2.08e-04
1.52627e+00 2.10e-04
1.52653e+00 2.11e-04
1.52680e+00 2.13e-04
1.52703e+00 2.15e-04
1.52729e+00 2.17e-04
1.52756e+00 2.18e-04
1.52782e+00 2.20e-04
1.52808e+00 2.22e-04
1.52831e+00 2.24e-04
1.52857e+00 2.26e-04
1.52884e+00 2.28e-04
1.52910e+00 2.30e-04
1.52936e+00 2.32e-04
1.52962e+00 2.34e-04
1.52988e+00 2.36e-04
1.53011e+00 2.38e-04
1.53037e+00 2.40e-04
1.53063e+00 2.42e-04
1.53089e+00 2.45e-04
1.53115e+00 2.47e-04
1.53141e+00 2.49e-04
1.53167e+00 2.52e-04
1.53191e+00 2.54e-04
1.53217e+00 2.57e-04
1.53243e+00 2.59e-04
1.53269e+00 2.62e-04
1.53295e+00 2.64e-04
1.53320e+00 2.67e-04
1.53346e+00 2.70e-04
1.53372e+00 2.73e-04
1.53396e+00 2.76e-04
1.53422e+00 2.79e-04
1.53448e+00 2.82e-04
1.53474e+00 2.85e-04
1.53499e+00 2.88e-04
1.53525e+00 2.91e-04
1.53551e+00 2.95e-04
1.53577e+00 2.98e-04
1.53603e+00 3.02e-04
1.53629e+00 3.06e-04
1.53652e+00 3.10e-04
1.53678e+00 3.15e-04
1.53704e+00 3.19e-04
1.53730e+00 3.25e-04
1.53756e+00 3.30e-04
1.53781e+00 3.37e-04
1.53794e+00 3.40e-04
1.53807e+00 3.44e-04
1.53820e+00 3.48e-04
1.53833e+00 3.52e-04
1.53846e+00 3.57e-04
1.53859e+00 3.63e-04
1.53871e+00 3.70e-04
1.53884e+00 3.79e-04
1.53897e+00 3.89e-04
1.53910e+00 4.02e-04
1.53923e+00 4.19e-04
1.53936e+00 4.40e-04
1.53949e+00 4.67e-04
1.53962e+00 5.03e-04
1.53974e+00 5.46e-04
1.53987e+00 5.94e-04
1.54000e+00 6.32e-04
1.54013e+00 6.43e-04
1.54024e+00 6.23e-04
1.54037e+00 5.83e-04
1.54050e+00 5.41e-04
1.54062e+00 5.06e-04
1.54075e+00 4.80e-04
1.54088e+00 4.61e-04
1.54101e+00 4.48e-04
1.54114e+00 4.39e-04
1.54127e+00 4.33e-04
1.54139e+00 4.30e-04
1.54152e+00 4.27e-04
1.54165e+00 4.26e-04
1.54178e+00 4.26e-04
1.54191e+00 4.26e-04
1.54242e+00 4.26e-04
1.54255e+00 4.26e-04
1.54268e+00 4.27e-04
1.54281e+00 4.27e-04
1.54293e+00 4.29e-04
1.54319e+00 4.32e-04
1.54345e+00 4.35e-04
1.54370e+00 4.39e-04
1.54383e+00 4.42e-04
1.54396e+00 4.45e-04
1.54422e+00 4.51e-04
1.54447e+00 4.57e-04
1.54473e+00 4.63e-04
1.54498e+00 4.69e-04
1.54524e+00 4.75e-04
1.54550e+00 4.83e-04
1.54575e+00 4.91e-04
1.54601e+00 4.98e-04
1.54614e+00 5.02e-04
1.54639e+00 5.07e-04
1.54665e+00 5.13e-04
1.54690e+00 5.20e-04
1.54716e+00 5.27e-04
1.54741e+00 5.36e-04
1.54767e+00 5.44e-04
1.54792e+00 5.52e-04
1.54818e+00 5.61e-04
1.54843e+00 5.71e-04
1.54869e+00 5.80e-04
1.54894e+00 5.90e-04
1.54920e+00 6.00e-04
1.54945e+00 6.11e-04
1.54971e+00 6.22e-04
1.54996e+00 6.33e-04
1.55022e+00 6.44e-04
1.55047e+00 6.56e-04
1.55073e+00 6.68e-04
1.55098e+00 6.81e-04
1.55126e+00 6.93e-04
1.55151e+00 7.06e-04
1.55177e+00 7.19e-04
1.55202e+00 7.32e-04
1.55227e+00 7.46e-04
1.55253e+00 7.60e-04
1.55278e+00 7.75e-04
1.55304e+00 7.90e-04
1.55329e+00 8.05e-04
1.55354e+00 8.20e-04
1.55380e+00 8.37e-04
1.55405e+00 8.53e-04
1.55431e+00 8.70e-04
1.55456e+00 8.88e-04
1.55483e+00 9.06e-04
1.55509e+00 9.25e-04
1.55534e+00 9.45e-04
1.55559e+00 9.66e-04
1.55585e+00 9.87e-04
1.55610e+00 1.01e-03
1.55635e+00 1.03e-03
1.55661e+00 1.06e-03
1.55686e+00 1.08e-03
1.55713e+00 1.11e-03
1.55739e+00 1.14e-03
1.55764e+00 1.17e-03
1.55789e+00 1.20e-03
1.55814e+00 1.24e-03
1.55840e+00 1.27e-03
1.55865e+00 1.31e-03
1.55878e+00 1.33e-03
1.55890e+00 1.35e-03
1.55903e+00 1.37e-03
1.55918e+00 1.40e-03
1.55930e+00 1.42e-03
1.55943e+00 1.44e-03
1.55955e+00 1.47e-03
1.55968e+00 1.49e-03
1.55981e+00 1.52e-03
1.55993e+00 1.55e-03
1.56006e+00 1.58e-03
1.56018e+00 1.61e-03
1.56031e+00 1.64e-03
1.56044e+00 1.68e-03
1.56056e+00 1.71e-03
1.56069e+00 1.75e-03
1.56081e+00 1.79e-03
1.56096e+00 1.83e-03
1.56109e+00 1.88e-03
1.56121e+00 1.92e-03
1.56134e+00 1.97e-03
1.56147e+00 2.03e-03
1.56159e+00 2.08e-03
1.56172e+00 2.15e-03
1.56184e+00 2.21e-03
1.56197e+00 2.29e-03
1.56209e+00 2.36e-03
1.56222e+00 2.45e-03
1.56235e+00 2.55e-03
1.56249e+00 2.65e-03
1.56262e+00 2.77e-03
1.56274e+00 2.90e-03
1.56287e+00 3.05e-03
1.56300e+00 3.22e-03
1.56312e+00 3.42e-03
1.56325e+00 3.66e-03
1.56337e+00 3.93e-03
1.56350e+00 4.27e-03
1.56362e+00 4.68e-03
1.56375e+00 5.19e-03
1.56390e+00 5.84e-03
1.56402e+00 6.67e-03
1.56415e+00 7.76e-03
1.56427e+00 9.20e-03
1.56440e+00 1.11e-02
1.56452e+00 1.34e-02
1.56465e+00 1.59e-02
1.56478e+00 1.78e-02
1.56490e+00 1.83e-02
1.56503e+00 1.71e-02
1.56517e+00 1.52e-02
1.56530e+00 1.33e-02
1.56542e+00 1.18e-02
1.56555e+00 1.08e-02
1.56567e+00 1.04e-02
1.56580e+00 1.03e-02
1.56592e+00 1.06e-02
1.56605e+00 1.14e-02
1.56618e+00 1.26e-02
1.56630e+00 1.44e-02
1.56645e+00 1.71e-02
1.56657e+00 2.06e-02
1.56670e+00 2.51e-02
1.56682e+00 2.97e-02
1.56695e+00 3.27e-02
1.56707e+00 3.24e-02
1.56720e+00 2.92e-02
1.56732e+00 2.52e-02
1.56745e+00 2.17e-02
1.56759e+00 1.95e-02
1.56772e+00 1.84e-02
1.56784e+00 1.84e-02
1.56797e+00 1.95e-02
1.56809e+00 2.14e-02
1.56822e+00 2.36e-02
1.56835e+00 2.48e-02
1.56847e+00 2.38e-02
1.56862e+00 2.11e-02
1.56874e+00 1.79e-02
1.56887e+00 1.51e-02
1.56899e+00 1.29e-02
1.56912e+00 1.13e-02
1.56924e+00 1.01e-02
1.56937e+00 9.24e-03
1.56949e+00 8.61e-03
1.56964e+00 8.15e-03
1.56976e+00 7.82e-03
1.56989e+00 7.57e-03
1.57001e+00 7.41e-03
1.57014e+00 7.30e-03
1.57026e+00 7.24e-03
1.57039e+00 7.22e-03
1.57051e+00 7.23e-03
1.57066e+00 7.28e-03
1.57078e+00 7.35e-03
1.57090e+00 7.45e-03
1.57103e+00 7.58e-03
1.57115e+00 7.73e-03
1.57128e+00 7.91e-03
1.57140e+00 8.11e-03
1.57155e+00 8.34e-03
1.57167e+00 8.60e-03
1.57180e+00 8.89e-03
1.57192e+00 9.21e-03
1.57205e+00 9.58e-03
1.57217e+00 9.99e-03
1.57230e+00 1.05e-02
1.57244e+00 1.10e-02
1.57257e+00 1.16e-02
1.57269e+00 1.24e-02
1.57282e+00 1.32e-02
1.57294e+00 1.42e-02
1.57306e+00 1.52e-02
1.57319e+00 1.60e-02
1.57333e+00 1.69e-02
1.57346e+00 1.77e-02
1.57358e+00 1.90e-02
1.57371e+00 2.05e-02
1.57383e+00 2.24e-02
1.57396e+00 2.49e-02
1.57408e+00 2.79e-02
1.57423e+00 3.16e-02
1.57435e+00 3.60e-02
1.57447e+00 4.17e-02
1.57460e+00 4.96e-02
1.57472e+00 6.15e-02
1.57485e+00 8.03e-02
1.57499e+00 1.13e-01
1.57512e+00 1.73e-01
1.57524e+00 2.75e-01
1.57536e+00 5.22e-01
1.57549e+00 7.66e-01
1.57561e+00 8.14e-01
1.57574e+00 6.47e-01
1.57588e+00 3.80e-01
1.57601e+00 2.22e-01
1.57613e+00 1.38e-01
1.57625e+00 9.61e-02
1.57638e+00 7.25e-02
1.57650e+00 5.80e-02
1.57665e+00 4.86e-02
1.57677e+00 4.22e-02
1.57689e+00 3.76e-02
1.57702e+00 3.42e-02
1.57714e+00 3.16e-02
1.57727e+00 2.96e-02
1.57741e+00 2.80e-02
1.57753e+00 2.67e-02
1.57766e+00 2.56e-02
1.57778e+00 2.46e-02
1.57791e+00 2.38e-02
1.57805e+00 2.31e-02
1.57817e+00 2.24e-02
1.57830e+00 2.17e-02
1.57842e+00 2.11e-02
1.57855e+00 2.05e-02
1.57881e+00 1.93e-02
1.57906e+00 1.82e-02
1.57931e+00 1.70e-02
1.57958e+00 1.59e-02
1.57970e+00 1.54e-02
1.57982e+00 1.48e-02
1.57995e+00 1.43e-02
1.58007e+00 1.38e-02
1.58022e+00 1.33e-02
1.58034e+00 1.28e-02
1.58046e+00 1.24e-02
1.58059e+00 1.19e-02
1.58071e+00 1.15e-02
1.58085e+00 1.11e-02
1.58098e+00 1.07e-02
1.58110e+00 1.03e-02
1.58122e+00 9.98e-03
1.58135e+00 9.64e-03
1.58149e+00 9.32e-03
1.58161e+00 9.02e-03
1.58174e+00 8.73e-03
1.58186e+00 8.46e-03
1.58198e+00 8.20e-03
1.58213e+00 7.95e-03
1.58225e+00 7.71e-03
1.58237e+00 7.48e-03
1.58250e+00 7.27e-03
1.58262e+00 7.06e-03
1.58277e+00 6.86e-03
1.58289e+00 6.68e-03
1.58301e+00 6.50e-03
1.58314e+00 6.32e-03
1.58326e+00 6.16e-03
1.58340e+00 6.00e-03
1.58353e+00 5.84e-03
1.58365e+00 5.70e-03
1.58377e+00 5.55e-03
1.58389e+00 5.42e-03
1.58404e+00 5.29e-03
1.58416e+00 5.16e-03
1.58428e+00 5.04e-03
1.58441e+00 4.92e-03
1.58453e+00 4.81e-03
1.58467e+00 4.70e-03
1.58480e+00 4.59e-03
1.58492e+00 4.49e-03
1.58504e+00 4.39e-03
1.58519e+00 4.29e-03
1.58531e+00 4.20e-03
1.58543e+00 4.11e-03
1.58555e+00 4.03e-03
1.58568e+00 3.94e-03
1.58582e+00 3.86e-03
1.58594e+00 3.78e-03
1.58607e+00 3.70e-03
1.58619e+00 3.63e-03
1.58633e+00 3.56e-03
1.58646e+00 3.49e-03
1.58658e+00 3.42e-03
1.58670e+00 3.35e-03
1.58682e+00 3.29e-03
1.58697e+00 3.22e-03
1.58709e+00 3.16e-03
1.58721e+00 3.10e-03
1.58748e+00 2.99e-03
1.58772e+00 2.88e-03
1.58799e+00 2.78e-03
1.58823e+00 2.68e-03
1.58848e+00 2.59e-03
1.58875e+00 2.50e-03
1.58899e+00 2.42e-03
1.58926e+00 2.34e-03
1.58950e+00 2.27e-03
1.58977e+00 2.19e-03
1.59001e+00 2.13e-03
1.59028e+00 2.06e-03
1.59052e+00 2.00e-03
1.59079e+00 1.94e-03
1.59103e+00 1.88e-03
1.59129e+00 1.83e-03
1.59154e+00 1.78e-03
1.59180e+00 1.73e-03
1.59207e+00 1.68e-03
1.59231e+00 1.63e-03
1.59258e+00 1.59e-03
1.59282e+00 1.55e-03
1.59308e+00 1.51e-03
1.59333e+00 1.47e-03
1.59359e+00 1.43e-03
1.59384e+00 1.40e-03
1.59410e+00 1.36e-03
1.59434e+00 1.33e-03
1.59461e+00 1.30e-03
1.59485e+00 1.27e-03
1.59512e+00 1.24e-03
1.59538e+00 1.21e-03
1.59562e+00 1.18e-03
1.59589e+00 1.16e-03
1.59613e+00 1.13e-03
1.59639e+00 1.11e-03
1.59664e+00 1.08e-03
1.59690e+00 1.06e-03
1.59716e+00 1.04e-03
1.59741e+00 1.02e-03
1.59767e+00 9.97e-04
1.59791e+00 9.77e-04
1.59817e+00 9.58e-04
1.59844e+00 9.40e-04
1.59868e+00 9.22e-04
1.59894e+00 9.05e-04
1.59919e+00 8.88e-04
1.59945e+00 8.72e-04
1.59971e+00 8.56e-04
1.59995e+00 8.41e-04
1.60022e+00 8.26e-04
1.60048e+00 8.12e-04
1.60072e+00 7.98e-04
1.60098e+00 7.85e-04
1.60124e+00 7.72e-04
1.60149e+00 7.59e-04
1.60175e+00 7.47e-04
1.60199e+00 7.35e-04
1.60225e+00 7.24e-04
1.60251e+00 7.13e-04
1.60276e+00 7.02e-04
1.60302e+00 6.92e-04
1.60328e+00 6.82e-04
1.60352e+00 6.72e-04
1.60378e+00 6.62e-04
1.60404e+00 6.53e-04
1.60428e+00 6.44e-04
1.60455e+00 6.35e-04
1.60481e+00 6.27e-04
1.60507e+00 6.19e-04
1.60531e+00 6.11e-04
1.60557e+00 6.03e-04
1.60583e+00 5.95e-04
1.60607e+00 5.88e-04
1.60633e+00 5.81e-04
1.60659e+00 5.74e-04
1.60685e+00 5.67e-04
1.60710e+00 5.61e-04
1.60736e+00 5.55e-04
1.60762e+00 5.49e-04
1.60786e+00 5.43e-04
1.60812e+00 5.37e-04
1.60838e+00 5.31e-04
1.60864e+00 5.26e-04
1.60888e+00 5.21e-04
1.60914e+00 5.16e-04
1.60940e+00 5.11e-04
1.60966e+00 5.06e-04
1.60990e+00 5.01e-04
1.61016e+00 4.97e-04
1.61042e+00 4.93e-04
1.61068e+00 4.88e-04
1.61094e+00 4.84e-04
1.61118e+00 4.81e-04
1.61144e+00 4.77e-04
1.61170e+00 4.73e-04
1.61195e+00 4.70e-04
1.61219e+00 4.66e-04
1.61245e+00 4.63e-04
1.61271e+00 4.60e-04
1.61297e+00 4.57e-04
1.61323e+00 4.54e-04
1.61347e+00 4.51e-04
1.61373e+00 4.48e-04
1.61399e+00 4.46e-04
1.61425e+00 4.43e-04
1.61451e+00 4.41e-04
1.61476e+00 4.39e-04
1.61500e+00 4.37e-04
1.61526e+00 4.35e-04
1.61540e+00 4.36e-04
1.61566e+00 4.34e-04
1.61590e+00 4.32e-04
1.61616e+00 4.31e-04
1.61641e+00 4.29e-04
1.61667e+00 4.28e-04
1.61693e+00 4.26e-04
1.61719e+00 4.25e-04
1.61745e+00 4.24e-04
1.61768e+00 4.23e-04
1.61794e+00 4.22e-04
1.61820e+00 4.22e-04
1.61846e+00 4.21e-04
1.61871e+00 4.21e-04
1.61909e+00 4.20e-04
1.61998e+00 4.20e-04
1.62050e+00 4.20e-04
1.62075e+00 4.21e-04
1.62089e+00 4.21e-04
1.62115e+00 4.22e-04
1.62127e+00 4.23e-04
1.62152e+00 4.24e-04
1.62178e+00 4.25e-04
1.62204e+00 4.26e-04
1.62229e+00 4.27e-04
1.62255e+00 4.28e-04
1.62281e+00 4.30e-04
1.62306e+00 4.31e-04
1.62332e+00 4.33e-04
1.62358e+00 4.35e-04
1.62383e+00 4.37e-04
1.62409e+00 4.40e-04
1.62433e+00 4.42e-04
1.62458e+00 4.45e-04
1.62484e+00 4.48e-04
1.62509e+00 4.50e-04
1.62535e+00 4.54e-04
1.62561e+00 4.57e-04
1.62586e+00 4.61e-04
1.62612e+00 4.64e-04
1.62637e+00 4.68e-04
1.62663e+00 4.72e-04
1.62688e+00 4.75e-04
1.62714e+00 4.80e-04
1.62740e+00 4.84e-04
1.62765e+00 4.88e-04
1.62793e+00 4.93e-04
1.62818e+00 4.98e-04
1.62844e+00 5.04e-04
1.62869e+00 5.09e-04
1.62895e+00 5.15e-04
1.62920e+00 5.21e-04
1.62946e+00 5.28e-04
1.62971e+00 5.34e-04
1.62997e+00 5.41e-04
1.63022e+00 5.49e-04
1.63048e+00 5.56e-04
1.63073e+00 5.64e-04
1.63098e+00 5.73e-04
1.63124e+00 5.82e-04
1.63149e+00 5.91e-04
1.63175e+00 6.01e-04
1.63202e+00 6.11e-04
1.63228e+00 6.22e-04
1.63253e+00 6.33e-04
1.63278e+00 6.45e-04
1.63304e+00 6.58e-04
1.63329e+00 6.71e-04
1.63354e+00 6.84e-04
1.63380e+00 6.99e-04
1.63405e+00 7.14e-04
1.63433e+00 7.31e-04
1.63458e+00 7.48e-04
1.63483e+00 7.66e-04
1.63509e+00 7.85e-04
1.63534e+00 8.05e-04
1.63559e+00 8.26e-04
1.63585e+00 8.49e-04
1.63612e+00 8.73e-04
1.63637e+00 8.98e-04
1.63662e+00 9.25e-04
1.63688e+00 9.54e-04
1.63701e+00 9.69e-04
1.63713e+00 9.84e-04
1.63727e+00 1.00e-03
1.63738e+00 1.02e-03
1.63752e+00 1.03e-03
1.63766e+00 1.05e-03
1.63777e+00 1.07e-03
1.63791e+00 1.09e-03
1.63803e+00 1.11e-03
1.63816e+00 1.13e-03
1.63830e+00 1.15e-03
1.63841e+00 1.18e-03
1.63855e+00 1.20e-03
1.63867e+00 1.22e-03
1.63880e+00 1.25e-03
1.63894e+00 1.28e-03
1.63905e+00 1.30e-03
1.63919e+00 1.33e-03
1.63931e+00 1.36e-03
1.63944e+00 1.40e-03
1.63958e+00 1.43e-03
1.63970e+00 1.46e-03
1.63983e+00 1.50e-03
1.63995e+00 1.54e-03
1.64008e+00 1.58e-03
1.64022e+00 1.62e-03
1.64034e+00 1.66e-03
1.64047e+00 1.71e-03
1.64059e+00 1.76e-03
1.64072e+00 1.81e-03
1.64086e+00 1.86e-03
1.64098e+00 1.92e-03
1.64111e+00 1.98e-03
1.64125e+00 2.04e-03
1.64136e+00 2.11e-03
1.64150e+00 2.18e-03
1.64161e+00 2.26e-03
1.64175e+00 2.34e-03
1.64189e+00 2.43e-03
1.64200e+00 2.52e-03
1.64214e+00 2.62e-03
1.64227e+00 2.73e-03
1.64239e+00 2.84e-03
1.64252e+00 2.97e-03
1.64264e+00 3.10e-03
1.64278e+00 3.24e-03
1.64291e+00 3.40e-03
1.64303e+00 3.57e-03
1.64316e+00 3.75e-03
1.64330e+00 3.95e-03
1.64341e+00 4.16e-03
1.64355e+00 4.37e-03
1.64368e+00 4.59e-03
1.64380e+00 4.84e-03
1.64394e+00 5.10e-03
1.64405e+00 5.39e-03
1.64419e+00 5.71e-03
1.64432e+00 6.06e-03
1.64444e+00 6.45e-03
1.64457e+00 6.88e-03
1.64471e+00 7.36e-03
1.64482e+00 7.89e-03
1.64496e+00 8.50e-03
1.64509e+00 9.18e-03
1.64521e+00 9.96e-03
1.64535e+00 1.09e-02
1.64548e+00 1.19e-02
1.64560e+00 1.31e-02
1.64573e+00 1.46e-02
1.64587e+00 1.61e-02
1.64598e+00 1.62e-02
1.64612e+00 1.63e-02
1.64637e+00 1.66e-02
1.64664e+00 1.68e-02
1.64689e+00 1.70e-02
1.64702e+00 1.70e-02
1.64714e+00 1.68e-02
1.64727e+00 1.72e-02
1.64741e+00 1.91e-02
1.64752e+00 2.50e-02
1.64766e+00 4.34e-02
1.64779e+00 1.31e-01
1.64791e+00 7.60e-01
1.64804e+00 1.66e-01
1.64818e+00 4.90e-02
1.64829e+00 2.70e-02
1.64843e+00 2.06e-02
1.64856e+00 1.87e-02
1.64868e+00 1.84e-02
1.64881e+00 1.88e-02
1.64895e+00 1.91e-02
1.64906e+00 1.92e-02
1.64920e+00 1.93e-02
1.64933e+00 1.93e-02
1.64947e+00 1.93e-02
1.64958e+00 1.93e-02
1.64972e+00 1.93e-02
1.64985e+00 1.92e-02
1.64997e+00 1.91e-02
1.65010e+00 1.77e-02
1.65023e+00 1.62e-02
1.65035e+00 1.49e-02
1.65048e+00 1.38e-02
1.65062e+00 1.29e-02
1.65075e+00 1.20e-02
1.65087e+00 1.13e-02
1.65100e+00 1.06e-02
1.65114e+00 1.00e-02
1.65125e+00 9.47e-03
1.65139e+00 8.99e-03
1.65152e+00 8.55e-03
1.65163e+00 8.15e-03
1.65177e+00 7.79e-03
1.65190e+00 7.46e-03
1.65204e+00 7.16e-03
1.65215e+00 6.89e-03
1.65229e+00 6.63e-03
1.65242e+00 6.39e-03
1.65254e+00 6.15e-03
1.65267e+00 5.91e-03
1.65280e+00 5.68e-03
1.65294e+00 5.47e-03
1.65305e+00 5.27e-03
1.65319e+00 5.07e-03
1.65332e+00 4.88e-03
1.65345e+00 4.70e-03
1.65357e+00 4.53e-03
1.65370e+00 4.36e-03
1.65384e+00 4.20e-03
1.65395e+00 4.04e-03
1.65409e+00 3.89e-03
1.65422e+00 3.75e-03
1.65435e+00 3.62e-03
1.65447e+00 3.49e-03
1.65460e+00 3.37e-03
1.65474e+00 3.26e-03
1.65487e+00 3.15e-03
1.65498e+00 3.04e-03
1.65512e+00 2.95e-03
1.65525e+00 2.85e-03
1.65539e+00 2.76e-03
1.65550e+00 2.68e-03
1.65563e+00 2.60e-03
1.65577e+00 2.52e-03
1.65590e+00 2.45e-03
1.65602e+00 2.38e-03
1.65615e+00 2.32e-03
1.65628e+00 2.25e-03
1.65642e+00 2.19e-03
1.65653e+00 2.13e-03
1.65666e+00 2.08e-03
1.65680e+00 2.02e-03
1.65693e+00 1.97e-03
1.65705e+00 1.92e-03
1.65718e+00 1.88e-03
1.65731e+00 1.83e-03
1.65745e+00 1.79e-03
1.65756e+00 1.75e-03
1.65769e+00 1.71e-03
1.65783e+00 1.67e-03
1.65796e+00 1.63e-03
1.65808e+00 1.60e-03
1.65821e+00 1.56e-03
1.65834e+00 1.53e-03
1.65848e+00 1.50e-03
1.65859e+00 1.47e-03
1.65872e+00 1.44e-03
1.65886e+00 1.41e-03
1.65899e+00 1.38e-03
1.65912e+00 1.35e-03
1.65924e+00 1.33e-03
1.65937e+00 1.30e-03
1.65950e+00 1.28e-03
1.65964e+00 1.25e-03
1.65975e+00 1.23e-03
1.65988e+00 1.21e-03
1.66002e+00 1.18e-03
1.66015e+00 1.16e-03
1.66028e+00 1.14e-03
1.66040e+00 1.12e-03
1.66053e+00 1.10e-03
1.66080e+00 1.07e-03
1.66104e+00 1.03e-03
1.66131e+00 9.98e-04
1.66157e+00 9.67e-04
1.66182e+00 9.37e-04
1.66209e+00 9.09e-04
1.66233e+00 8.82e-04
1.66260e+00 8.56e-04
1.66286e+00 8.32e-04
1.66311e+00 8.09e-04
1.66338e+00 7.87e-04
1.66362e+00 7.66e-04
1.66389e+00 7.46e-04
1.66415e+00 7.27e-04
1.66440e+00 7.09e-04
1.66466e+00 6.92e-04
1.66493e+00 6.75e-04
1.66518e+00 6.59e-04
1.66544e+00 6.44e-04
1.66570e+00 6.29e-04
1.66595e+00 6.15e-04
1.66622e+00 6.02e-04
1.66648e+00 5.89e-04
1.66673e+00 5.77e-04
1.66699e+00 5.65e-04
1.66725e+00 5.53e-04
1.66752e+00 5.42e-04
1.66776e+00 5.32e-04
1.66803e+00 5.22e-04
1.66829e+00 5.12e-04
1.66854e+00 5.02e-04
1.66880e+00 4.93e-04
1.66906e+00 4.85e-04
1.66933e+00 4.76e-04
1.66957e+00 4.68e-04
1.66984e+00 4.59e-04
1.67010e+00 4.51e-04
1.67036e+00 4.44e-04
1.67061e+00 4.36e-04
1.67087e+00 4.29e-04
1.67113e+00 4.22e-04
1.67140e+00 4.16e-04
1.67166e+00 4.09e-04
1.67191e+00 4.03e-04
1.67217e+00 3.97e-04
1.67243e+00 3.92e-04
1.67269e+00 3.86e-04
1.67296e+00 3.81e-04
1.67320e+00 3.76e-04
1.67346e+00 3.71e-04
1.67373e+00 3.66e-04
1.67399e+00 3.62e-04
1.67425e+00 3.57e-04
1.67450e+00 3.53e-04
1.67476e+00 3.49e-04
1.67502e+00 3.45e-04
1.67528e+00 3.41e-04
1.67554e+00 3.37e-04
1.67581e+00 3.34e-04
1.67607e+00 3.30e-04
1.67633e+00 3.27e-04
1.67657e+00 3.24e-04
1.67683e+00 3.21e-04
1.67710e+00 3.18e-04
1.67736e+00 3.15e-04
1.67762e+00 3.12e-04
1.67788e+00 3.10e-04
1.67814e+00 3.07e-04
1.67840e+00 3.05e-04
1.67867e+00 3.03e-04
1.67893e+00 3.00e-04
1.67917e+00 2.98e-04
1.67943e+00 2.96e-04
1.67969e+00 2.94e-04
1.67995e+00 2.92e-04
1.68021e+00 2.91e-04
1.68047e+00 2.89e-04
1.68073e+00 2.87e-04
1.68100e+00 2.86e-04
1.68126e+00 2.84e-04
1.68152e+00 2.83e-04
1.68178e+00 2.81e-04
1.68204e+00 2.80e-04
1.68230e+00 2.79e-04
1.68256e+00 2.78e-04
1.68282e+00 2.77e-04
1.68308e+00 2.76e-04
1.68334e+00 2.74e-04
1.68360e+00 2.73e-04
1.68386e+00 2.73e-04
1.68412e+00 2.72e-04
1.68438e+00 2.71e-04
1.68464e+00 2.70e-04
1.68490e+00 2.69e-04
1.68516e+00 2.69e-04
1.68542e+00 2.68e-04
1.68570e+00 2.68e-04
1.68595e+00 2.67e-04
1.68621e+00 2.67e-04
1.68647e+00 2.66e-04
1.68673e+00 2.66e-04
1.68712e+00 2.66e-04
1.68790e+00 2.65e-04
1.68843e+00 2.66e-04
1.68869e+00 2.66e-04
1.68895e+00 2.67e-04
1.68921e+00 2.67e-04
1.68947e+00 2.68e-04
1.68973e+00 2.69e-04
1.68999e+00 2.70e-04
1.69026e+00 2.71e-04
1.69052e+00 2.73e-04
1.69078e+00 2.74e-04
1.69104e+00 2.76e-04
1.69129e+00 2.77e-04
1.69155e+00 2.79e-04
1.69183e+00 2.81e-04
1.69209e+00 2.82e-04
1.69234e+00 2.84e-04
1.69260e+00 2.86e-04
1.69286e+00 2.87e-04
1.69314e+00 2.88e-04
1.69339e+00 2.89e-04
1.69365e+00 2.90e-04
1.69391e+00 2.91e-04
1.69418e+00 2.92e-04
1.69444e+00 2.92e-04
1.69470e+00 2.93e-04
1.69495e+00 2.94e-04
1.69523e+00 2.95e-04
1.69549e+00 2.96e-04
1.69574e+00 2.96e-04
1.69600e+00 2.97e-04
1.69628e+00 2.98e-04
1.69653e+00 2.99e-04
1.69679e+00 3.00e-04
1.69706e+00 3.02e-04
1.69732e+00 3.03e-04
1.69758e+00 3.05e-04
1.69785e+00 3.07e-04
1.69811e+00 3.09e-04
1.69836e+00 3.11e-04
1.69864e+00 3.14e-04
1.69889e+00 3.17e-04
1.69915e+00 3.21e-04
1.69942e+00 3.24e-04
1.69968e+00 3.28e-04
1.69994e+00 3.32e-04
1.70021e+00 3.36e-04
1.70047e+00 3.40e-04
1.70074e+00 3.45e-04
1.70100e+00 3.49e-04
1.70125e+00 3.54e-04
1.70152e+00 3.58e-04
1.70178e+00 3.64e-04
1.70191e+00 3.66e-04
1.70218e+00 3.72e-04
1.70244e+00 3.78e-04
1.70271e+00 3.85e-04
1.70296e+00 3.92e-04
1.70324e+00 4.00e-04
1.70337e+00 4.04e-04
1.70349e+00 4.08e-04
1.70362e+00 4.13e-04
1.70375e+00 4.18e-04
1.70389e+00 4.23e-04
1.70402e+00 4.28e-04
1.70415e+00 4.34e-04
1.70428e+00 4.40e-04
1.70442e+00 4.46e-04
1.70455e+00 4.52e-04
1.70468e+00 4.59e-04
1.70480e+00 4.67e-04
1.70495e+00 4.74e-04
1.70508e+00 4.82e-04
1.70520e+00 4.91e-04
1.70533e+00 5.00e-04
1.70548e+00 5.10e-04
1.70560e+00 5.20e-04
1.70573e+00 5.31e-04
1.70586e+00 5.42e-04
1.70600e+00 5.54e-04
1.70613e+00 5.67e-04
1.70626e+00 5.81e-04
1.70638e+00 5.95e-04
1.70653e+00 6.11e-04
1.70666e+00 6.27e-04
1.70678e+00 6.45e-04
1.70691e+00 6.64e-04
1.70705e+00 6.84e-04
1.70718e+00 7.05e-04
1.70731e+00 7.28e-04
1.70744e+00 7.52e-04
1.70758e+00 7.78e-04
1.70771e+00 8.05e-04
1.70783e+00 8.33e-04
1.70798e+00 8.63e-04
1.70811e+00 8.95e-04
1.70823e+00 9.27e-04
1.70836e+00 9.61e-04
1.70863e+00 1.03e-03
1.70890e+00 1.10e-03
1.70916e+00 1.17e-03
1.70943e+00 1.24e-03
1.70968e+00 1.30e-03
1.70995e+00 1.37e-03
1.71008e+00 1.40e-03
1.71022e+00 1.44e-03
1.71035e+00 1.47e-03
1.71060e+00 1.55e-03
1.71075e+00 1.59e-03
1.71087e+00 1.62e-03
1.71100e+00 1.66e-03
1.71115e+00 1.69e-03
1.71127e+00 1.72e-03
1.71140e+00 1.74e-03
1.71154e+00 1.76e-03
1.71167e+00 1.77e-03
1.71180e+00 1.78e-03
1.71194e+00 1.78e-03
1.71207e+00 1.78e-03
1.71219e+00 1.77e-03
1.71234e+00 1.75e-03
1.71246e+00 1.74e-03
1.71259e+00 1.72e-03
1.71286e+00 1.68e-03
1.71299e+00 1.67e-03
1.71313e+00 1.65e-03
1.71326e+00 1.64e-03
1.71338e+00 1.62e-03
1.71353e+00 1.61e-03
1.71365e+00 1.61e-03
1.71378e+00 1.60e-03
1.71392e+00 1.60e-03
1.71405e+00 1.60e-03
1.71418e+00 1.60e-03
1.71432e+00 1.61e-03
1.71457e+00 1.62e-03
1.71472e+00 1.62e-03
1.71484e+00 1.63e-03
1.71497e+00 1.63e-03
1.71511e+00 1.62e-03
1.71524e+00 1.62e-03
1.71538e+00 1.60e-03
1.71551e+00 1.59e-03
1.71563e+00 1.56e-03
1.71578e+00 1.54e-03
1.71590e+00 1.51e-03
1.71603e+00 1.47e-03
1.71617e+00 1.44e-03
1.71644e+00 1.37e-03
1.71657e+00 1.33e-03
1.71669e+00 1.29e-03
1.71684e+00 1.26e-03
1.71696e+00 1.23e-03
1.71709e+00 1.19e-03
1.71723e+00 1.17e-03
1.71736e+00 1.14e-03
1.71750e+00 1.11e-03
1.71763e+00 1.09e-03
1.71775e+00 1.07e-03
1.71790e+00 1.05e-03
1.71802e+00 1.04e-03
1.71817e+00 1.02e-03
1.71829e+00 1.01e-03
1.71842e+00 9.99e-04
1.71856e+00 9.90e-04
1.71869e+00 9.83e-04
1.71883e+00 9.78e-04
1.71896e+00 9.74e-04
1.71908e+00 9.72e-04
1.71922e+00 9.71e-04
1.71935e+00 9.72e-04
1.71949e+00 9.74e-04
1.71962e+00 9.78e-04
1.71974e+00 9.82e-04
1.71989e+00 9.89e-04
1.72001e+00 9.96e-04
1.72016e+00 1.00e-03
1.72028e+00 1.01e-03
1.72042e+00 1.02e-03
1.72055e+00 1.04e-03
1.72082e+00 1.06e-03
1.72109e+00 1.08e-03
1.72135e+00 1.11e-03
1.72148e+00 1.12e-03
1.72175e+00 1.14e-03
1.72202e+00 1.15e-03
1.72228e+00 1.17e-03
1.72241e+00 1.18e-03
1.72255e+00 1.19e-03
1.72268e+00 1.20e-03
1.72280e+00 1.21e-03
1.72295e+00 1.23e-03
1.72307e+00 1.24e-03
1.72321e+00 1.26e-03
1.72334e+00 1.27e-03
1.72348e+00 1.29e-03
1.72361e+00 1.31e-03
1.72375e+00 1.33e-03
1.72387e+00 1.36e-03
1.72402e+00 1.38e-03
1.72414e+00 1.41e-03
1.72428e+00 1.44e-03
1.72441e+00 1.47e-03
1.72455e+00 1.51e-03
1.72468e+00 1.54e-03
1.72480e+00 1.58e-03
1.72494e+00 1.63e-03
1.72507e+00 1.67e-03
1.72521e+00 1.72e-03
1.72533e+00 1.77e-03
1.72548e+00 1.82e-03
1.72560e+00 1.88e-03
1.72574e+00 1.94e-03
1.72587e+00 2.00e-03
1.72601e+00 2.07e-03
1.72614e+00 2.14e-03
1.72628e+00 2.21e-03
1.72640e+00 2.29e-03
1.72655e+00 2.37e-03
1.72667e+00 2.46e-03
1.72681e+00 2.55e-03
1.72694e+00 2.64e-03
1.72708e+00 2.74e-03
1.72720e+00 2.85e-03
1.72735e+00 2.96e-03
1.72747e+00 3.08e-03
1.72761e+00 3.20e-03
1.72774e+00 3.33e-03
1.72788e+00 3.46e-03
1.72800e+00 3.60e-03
1.72814e+00 3.74e-03
1.72829e+00 3.89e-03
1.72841e+00 4.04e-03
1.72855e+00 4.19e-03
1.72868e+00 4.35e-03
1.72882e+00 4.52e-03
1.72894e+00 4.68e-03
1.72909e+00 4.86e-03
1.72921e+00 5.04e-03
1.72935e+00 5.23e-03
1.72948e+00 5.43e-03
1.72962e+00 5.64e-03
1.72974e+00 5.87e-03
1.72988e+00 6.12e-03
1.73001e+00 6.39e-03
1.73015e+00 6.69e-03
1.73029e+00 7.02e-03
1.73042e+00 7.38e-03
1.73056e+00 7.79e-03
1.73068e+00 8.26e-03
1.73082e+00 8.78e-03
1.73095e+00 9.38e-03
1.73109e+00 1.01e-02
1.73121e+00 1.09e-02
1.73135e+00 1.19e-02
1.73150e+00 1.29e-02
1.73162e+00 1.41e-02
1.73176e+00 1.54e-02
1.73189e+00 1.69e-02
1.73203e+00 1.85e-02
1.73215e+00 2.02e-02
1.73229e+00 2.20e-02
1.73243e+00 2.37e-02
1.73256e+00 2.52e-02
1.73270e+00 2.65e-02
1.73282e+00 2.73e-02
1.73296e+00 2.76e-02
1.73309e+00 2.73e-02
1.73323e+00 2.64e-02
1.73337e+00 2.52e-02
1.73349e+00 2.36e-02
1.73364e+00 2.18e-02
1.73376e+00 2.00e-02
1.73390e+00 1.82e-02
1.73404e+00 1.65e-02
1.73417e+00 1.50e-02
1.73431e+00 1.36e-02
1.73443e+00 1.24e-02
1.73457e+00 1.13e-02
1.73471e+00 1.03e-02
1.73484e+00 9.43e-03
1.73498e+00 8.68e-03
1.73510e+00 8.02e-03
1.73524e+00 7.43e-03
1.73538e+00 6.91e-03
1.73551e+00 6.44e-03
1.73565e+00 6.02e-03
1.73579e+00 5.64e-03
1.73591e+00 5.31e-03
1.73605e+00 5.00e-03
1.73618e+00 4.72e-03
1.73632e+00 4.47e-03
1.73646e+00 4.24e-03
1.73658e+00 4.03e-03
1.73672e+00 3.83e-03
1.73686e+00 3.66e-03
1.73699e+00 3.49e-03
1.73713e+00 3.34e-03
1.73725e+00 3.20e-03
1.73739e+00 3.07e-03
1.73753e+00 2.95e-03
1.73766e+00 2.84e-03
1.73780e+00 2.74e-03
1.73794e+00 2.64e-03
1.73806e+00 2.55e-03
1.73820e+00 2.46e-03
1.73834e+00 2.38e-03
1.73846e+00 2.31e-03
1.73860e+00 2.24e-03
1.73875e+00 2.17e-03
1.73887e+00 2.11e-03
1.73901e+00 2.05e-03
1.73915e+00 1.99e-03
1.73927e+00 1.94e-03
1.73941e+00 1.89e-03
1.73955e+00 1.84e-03
1.73968e+00 1.80e-03
1.73982e+00 1.75e-03
1.73996e+00 1.71e-03
1.74008e+00 1.67e-03
1.74022e+00 1.63e-03
1.74036e+00 1.59e-03
1.74048e+00 1.55e-03
1.74062e+00 1.52e-03
1.74076e+00 1.49e-03
1.74089e+00 1.45e-03
1.74103e+00 1.42e-03
1.74117e+00 1.39e-03
1.74131e+00 1.37e-03
1.74143e+00 1.34e-03
1.74157e+00 1.31e-03
1.74171e+00 1.29e-03
1.74183e+00 1.26e-03
1.74197e+00 1.24e-03
1.74211e+00 1.22e-03
1.74224e+00 1.20e-03
1.74238e+00 1.18e-03
1.74252e+00 1.16e-03
1.74266e+00 1.14e-03
1.74278e+00 1.12e-03
1.74292e+00 1.10e-03
1.74306e+00 1.09e-03
1.74318e+00 1.07e-03
1.74332e+00 1.06e-03
1.74346e+00 1.04e-03
1.74360e+00 1.03e-03
1.74372e+00 1.01e-03
1.74386e+00 1.00e-03
1.74414e+00 9.77e-04
1.74427e+00 9.65e-04
1.74455e+00 9.44e-04
1.74481e+00 9.24e-04
1.74495e+00 9.14e-04
1.74521e+00 8.96e-04
1.74549e+00 8.79e-04
1.74575e+00 8.64e-04
1.74603e+00 8.50e-04
1.74629e+00 8.37e-04
1.74657e+00 8.25e-04
1.74685e+00 8.14e-04
1.74711e+00 8.04e-04
1.74739e+00 7.95e-04
1.74765e+00 7.87e-04
1.74793e+00 7.79e-04
1.74819e+00 7.73e-04
1.74847e+00 7.66e-04
1.74875e+00 7.61e-04
1.74901e+00 7.56e-04
1.74929e+00 7.52e-04
1.74955e+00 7.49e-04
1.74983e+00 7.46e-04
1.75010e+00 7.44e-04
1.75036e+00 7.42e-04
1.75078e+00 7.41e-04
1.75118e+00 7.40e-04
1.75174e+00 7.41e-04
1.75200e+00 7.42e-04
1.75227e+00 7.44e-04
1.75255e+00 7.46e-04
1.75281e+00 7.48e-04
1.75309e+00 7.50e-04
1.75337e+00 7.53e-04
1.75362e+00 7.56e-04
1.75390e+00 7.59e-04
1.75418e+00 7.63e-04
1.75446e+00 7.66e-04
1.75472e+00 7.70e-04
1.75499e+00 7.73e-04
1.75527e+00 7.77e-04
1.75554e+00 7.80e-04
1.75582e+00 7.84e-04
1.75608e+00 7.87e-04
1.75636e+00 7.90e-04
1.75663e+00 7.94e-04
1.75691e+00 7.97e-04
1.75719e+00 8.00e-04
1.75746e+00 8.03e-04
1.75772e+00 8.06e-04
1.75800e+00 8.08e-04
1.75827e+00 8.11e-04
1.75855e+00 8.14e-04
1.75882e+00 8.17e-04
1.75910e+00 8.19e-04
1.75937e+00 8.22e-04
1.75965e+00 8.24e-04
1.75991e+00 8.27e-04
1.76018e+00 8.30e-04
1.76046e+00 8.32e-04
1.76073e+00 8.35e-04
1.76101e+00 8.37e-04
1.76128e+00 8.40e-04
1.76156e+00 8.43e-04
1.76183e+00 8.46e-04
1.76211e+00 8.49e-04
1.76238e+00 8.52e-04
1.76266e+00 8.55e-04
1.76293e+00 8.59e-04
1.76321e+00 8.62e-04
1.76348e+00 8.66e-04
1.76375e+00 8.71e-04
1.76403e+00 8.75e-04
1.76430e+00 8.80e-04
1.76458e+00 8.85e-04
1.76485e+00 8.91e-04
1.76512e+00 8.97e-04
1.76540e+00 9.03e-04
1.76569e+00 9.10e-04
1.76596e+00 9.17e-04
1.76624e+00 9.25e-04
1.76651e+00 9.33e-04
1.76678e+00 9.41e-04
1.76706e+00 9.50e-04
1.76733e+00 9.59e-04
1.76760e+00 9.69e-04
1.76789e+00 9.79e-04
1.76817e+00 9.90e-04
1.76844e+00 1.00e-03
1.76871e+00 1.01e-03
1.76899e+00 1.03e-03
1.76926e+00 1.04e-03
1.76955e+00 1.05e-03
1.76982e+00 1.07e-03
1.77009e+00 1.08e-03
1.77037e+00 1.10e-03
1.77065e+00 1.11e-03
1.77093e+00 1.13e-03
1.77120e+00 1.15e-03
1.77147e+00 1.17e-03
1.77176e+00 1.19e-03
1.77203e+00 1.21e-03
1.77230e+00 1.23e-03
1.77258e+00 1.25e-03
1.77287e+00 1.27e-03
1.77314e+00 1.30e-03
1.77341e+00 1.32e-03
1.77370e+00 1.35e-03
1.77397e+00 1.38e-03
1.77424e+00 1.41e-03
1.77453e+00 1.43e-03
1.77480e+00 1.46e-03
1.77509e+00 1.50e-03
1.77536e+00 1.53e-03
1.77563e+00 1.56e-03
1.77592e+00 1.60e-03
1.77619e+00 1.63e-03
1.77648e+00 1.67e-03
1.77675e+00 1.71e-03
1.77703e+00 1.76e-03
1.77731e+00 1.80e-03
1.77758e+00 1.85e-03
1.77786e+00 1.90e-03
1.77813e+00 1.95e-03
1.77842e+00 2.01e-03
1.77869e+00 2.07e-03
1.77898e+00 2.14e-03
1.77925e+00 2.21e-03
1.77954e+00 2.28e-03
1.77980e+00 2.35e-03
1.78009e+00 2.43e-03
1.78038e+00 2.52e-03
1.78065e+00 2.60e-03
1.78093e+00 2.68e-03
1.78120e+00 2.76e-03
1.78136e+00 2.80e-03
1.78149e+00 2.83e-03
1.78162e+00 2.87e-03
1.78176e+00 2.90e-03
1.78191e+00 2.93e-03
1.78205e+00 2.96e-03
1.78218e+00 2.98e-03
1.78233e+00 3.00e-03
1.78247e+00 3.01e-03
1.78260e+00 3.03e-03
1.78275e+00 3.03e-03
1.78289e+00 3.04e-03
1.78302e+00 3.03e-03
1.78317e+00 3.03e-03
1.78331e+00 3.02e-03
1.78344e+00 3.00e-03
1.78359e+00 2.99e-03
1.78373e+00 2.97e-03
1.78386e+00 2.94e-03
1.78401e+00 2.91e-03
1.78415e+00 2.89e-03
1.78428e+00 2.85e-03
1.78443e+00 2.82e-03
1.78470e+00 2.75e-03
1.78499e+00 2.68e-03
1.78527e+00 2.61e-03
1.78554e+00 2.54e-03
1.78583e+00 2.47e-03
1.78611e+00 2.40e-03
1.78640e+00 2.34e-03
1.78666e+00 2.29e-03
1.78695e+00 2.24e-03
1.78710e+00 2.21e-03
1.78737e+00 2.17e-03
1.78752e+00 2.15e-03
1.78780e+00 2.11e-03
1.78807e+00 2.08e-03
1.78835e+00 2.05e-03
1.78864e+00 2.02e-03
1.78892e+00 2.00e-03
1.78921e+00 1.98e-03
1.78949e+00 1.96e-03
1.78976e+00 1.95e-03
1.79004e+00 1.94e-03
1.79033e+00 1.93e-03
1.79048e+00 1.93e-03
1.79089e+00 1.93e-03
1.79118e+00 1.93e-03
1.79146e+00 1.94e-03
1.79174e+00 1.95e-03
1.79188e+00 1.95e-03
1.79216e+00 1.95e-03
1.79244e+00 1.95e-03
1.79273e+00 1.94e-03
1.79316e+00 1.94e-03
1.79357e+00 1.93e-03
1.79372e+00 1.94e-03
1.79386e+00 1.94e-03
1.79401e+00 1.94e-03
1.79414e+00 1.95e-03
1.79429e+00 1.96e-03
1.79442e+00 1.97e-03
1.79457e+00 1.97e-03
1.79485e+00 2.00e-03
1.79514e+00 2.02e-03
1.79542e+00 2.05e-03
1.79570e+00 2.08e-03
1.79583e+00 2.09e-03
1.79598e+00 2.11e-03
1.79612e+00 2.13e-03
1.79627e+00 2.15e-03
1.79642e+00 2.17e-03
1.79655e+00 2.20e-03
1.79670e+00 2.23e-03
1.79683e+00 2.25e-03
1.79711e+00 2.32e-03
1.79726e+00 2.35e-03
1.79739e+00 2.38e-03
1.79754e+00 2.41e-03
1.79769e+00 2.43e-03
1.79782e+00 2.45e-03
1.79797e+00 2.46e-03
1.79811e+00 2.46e-03
1.79825e+00 2.46e-03
1.79839e+00 2.45e-03
1.79854e+00 2.44e-03
1.79869e+00 2.43e-03
1.79882e+00 2.41e-03
1.79897e+00 2.39e-03
1.79925e+00 2.35e-03
1.79953e+00 2.30e-03
1.79981e+00 2.25e-03
1.80011e+00 2.21e-03
1.80024e+00 2.18e-03
1.80039e+00 2.16e-03
1.80054e+00 2.14e-03
1.80067e+00 2.12e-03
1.80082e+00 2.11e-03
1.80095e+00 2.09e-03
1.80110e+00 2.08e-03
1.80125e+00 2.07e-03
1.80138e+00 2.06e-03
1.80153e+00 2.05e-03
1.80168e+00 2.04e-03
1.80196e+00 2.03e-03
1.80224e+00 2.02e-03
1.80253e+00 2.02e-03
1.80281e+00 2.01e-03
1.80296e+00 2.01e-03
1.80339e+00 2.01e-03
1.80367e+00 2.01e-03
1.80395e+00 2.01e-03
1.80425e+00 2.02e-03
1.80453e+00 2.02e-03
1.80482e+00 2.03e-03
1.80510e+00 2.04e-03
1.80538e+00 2.05e-03
1.80568e+00 2.06e-03
1.80596e+00 2.07e-03
1.80625e+00 2.08e-03
1.80653e+00 2.09e-03
1.80683e+00 2.11e-03
1.80711e+00 2.13e-03
1.80740e+00 2.15e-03
1.80768e+00 2.17e-03
1.80798e+00 2.20e-03
1.80826e+00 2.23e-03
1.80840e+00 2.24e-03
1.80855e+00 2.26e-03
1.80868e+00 2.29e-03
1.80898e+00 2.34e-03
1.80927e+00 2.40e-03
1.80955e+00 2.45e-03
1.80984e+00 2.51e-03
1.81012e+00 2.57e-03
1.81042e+00 2.64e-03
1.81056e+00 2.67e-03
1.81071e+00 2.71e-03
1.81084e+00 2.75e-03
1.81099e+00 2.79e-03
1.81114e+00 2.83e-03
1.81128e+00 2.87e-03
1.81143e+00 2.92e-03
1.81158e+00 2.97e-03
1.81171e+00 3.02e-03
1.81186e+00 3.07e-03
1.81200e+00 3.13e-03
1.81215e+00 3.18e-03
1.81230e+00 3.24e-03
1.81244e+00 3.30e-03
1.81257e+00 3.37e-03
1.81272e+00 3.44e-03
1.81287e+00 3.51e-03
1.81302e+00 3.58e-03
1.81316e+00 3.66e-03
1.81331e+00 3.74e-03
1.81346e+00 3.83e-03
1.81359e+00 3.92e-03
1.81373e+00 4.01e-03
1.81388e+00 4.11e-03
1.81403e+00 4.21e-03
1.81417e+00 4.31e-03
1.81447e+00 4.53e-03
1.81461e+00 4.63e-03
1.81474e+00 4.74e-03
1.81489e+00 4.83e-03
1.81504e+00 4.91e-03
1.81518e+00 4.98e-03
1.81533e+00 5.03e-03
1.81548e+00 5.05e-03
1.81562e+00 5.06e-03
1.81577e+00 5.03e-03
1.81592e+00 4.97e-03
1.81606e+00 4.89e-03
1.81619e+00 4.77e-03
1.81634e+00 4.63e-03
1.81648e+00 4.46e-03
1.81663e+00 4.28e-03
1.81678e+00 4.08e-03
1.81692e+00 3.88e-03
1.81707e+00 3.68e-03
1.81722e+00 3.50e-03
1.81736e+00 3.35e-03
1.81751e+00 3.23e-03
1.81765e+00 3.16e-03
1.81780e+00 3.13e-03
1.81795e+00 3.15e-03
1.81809e+00 3.22e-03
1.81824e+00 3.33e-03
1.81839e+00 3.48e-03
1.81853e+00 3.66e-03
1.81868e+00 3.86e-03
1.81895e+00 4.27e-03
1.81910e+00 4.47e-03
1.81924e+00 4.65e-03
1.81939e+00 4.81e-03
1.81954e+00 4.93e-03
1.81968e+00 5.03e-03
1.81983e+00 5.10e-03
1.81997e+00 5.13e-03
1.82012e+00 5.14e-03
1.82027e+00 5.12e-03
1.82041e+00 5.07e-03
1.82056e+00 5.01e-03
1.82070e+00 4.93e-03
1.82085e+00 4.83e-03
1.82099e+00 4.73e-03
1.82129e+00 4.51e-03
1.82158e+00 4.29e-03
1.82172e+00 4.18e-03
1.82188e+00 4.08e-03
1.82203e+00 3.98e-03
1.82218e+00 3.89e-03
1.82232e+00 3.79e-03
1.82247e+00 3.71e-03
1.82261e+00 3.62e-03
1.82276e+00 3.54e-03
1.82290e+00 3.47e-03
1.82305e+00 3.39e-03
1.82319e+00 3.32e-03
1.82334e+00 3.26e-03
1.82348e+00 3.19e-03
1.82363e+00 3.13e-03
1.82377e+00 3.07e-03
1.82392e+00 3.01e-03
1.82407e+00 2.95e-03
1.82421e+00 2.90e-03
1.82436e+00 2.85e-03
1.82452e+00 2.80e-03
1.82466e+00 2.75e-03
1.82481e+00 2.71e-03
1.82495e+00 2.67e-03
1.82510e+00 2.63e-03
1.82524e+00 2.59e-03
1.82539e+00 2.55e-03
1.82553e+00 2.51e-03
1.82568e+00 2.48e-03
1.82598e+00 2.41e-03
1.82627e+00 2.35e-03
1.82656e+00 2.29e-03
1.82685e+00 2.22e-03
1.82700e+00 2.19e-03
1.82716e+00 2.17e-03
1.82745e+00 2.13e-03
1.82774e+00 2.10e-03
1.82788e+00 2.08e-03
1.82819e+00 2.05e-03
1.82848e+00 2.03e-03
1.82877e+00 2.00e-03
1.82907e+00 1.98e-03
1.82936e+00 1.96e-03
1.82965e+00 1.94e-03
1.82995e+00 1.93e-03
1.83024e+00 1.91e-03
1.83055e+00 1.90e-03
1.83084e+00 1.89e-03
1.83112e+00 1.87e-03
1.83143e+00 1.86e-03
1.83172e+00 1.85e-03
1.83202e+00 1.84e-03
1.83231e+00 1.84e-03
1.83261e+00 1.83e-03
1.83290e+00 1.82e-03
1.83321e+00 1.81e-03
1.83349e+00 1.81e-03
1.83380e+00 1.80e-03
1.83410e+00 1.79e-03
1.83439e+00 1.78e-03
1.83469e+00 1.78e-03
1.83498e+00 1.77e-03
1.83528e+00 1.77e-03
1.83558e+00 1.76e-03
1.83587e+00 1.76e-03
1.83617e+00 1.75e-03
1.83646e+00 1.75e-03
1.83676e+00 1.75e-03
1.83707e+00 1.74e-03
1.83737e+00 1.74e-03
1.83901e+00 1.73e-03
1.84125e+00 1.73e-03
1.84274e+00 1.73e-03
1.84696e+00 1.73e-03
1.84786e+00 1.73e-03
1.84817e+00 1.73e-03
1.84847e+00 1.73e-03
1.84877e+00 1.72e-03
1.84907e+00 1.72e-03
1.84937e+00 1.72e-03
1.84968e+00 1.71e-03
1.84998e+00 1.71e-03
1.85028e+00 1.71e-03
1.85059e+00 1.71e-03
1.85089e+00 1.70e-03
1.85256e+00 1.69e-03
1.85423e+00 1.69e-03
1.85592e+00 1.69e-03
1.85714e+00 1.69e-03
1.85775e+00 1.70e-03
1.85806e+00 1.70e-03
1.85836e+00 1.70e-03
1.85867e+00 1.70e-03
1.85898e+00 1.70e-03
1.85928e+00 1.71e-03
1.85959e+00 1.71e-03
1.85990e+00 1.72e-03
1.86021e+00 1.72e-03
1.86051e+00 1.73e-03
1.86082e+00 1.73e-03
1.86113e+00 1.74e-03
1.86144e+00 1.75e-03
1.86175e+00 1.76e-03
1.86205e+00 1.77e-03
1.86236e+00 1.78e-03
1.86267e+00 1.79e-03
1.86298e+00 1.81e-03
1.86329e+00 1.82e-03
1.86360e+00 1.83e-03
1.86391e+00 1.84e-03
1.86406e+00 1.85e-03
1.86437e+00 1.86e-03
1.86468e+00 1.88e-03
1.86499e+00 1.90e-03
1.86530e+00 1.92e-03
1.86546e+00 1.93e-03
1.86577e+00 1.95e-03
1.86592e+00 1.96e-03
1.86608e+00 1.96e-03
1.86623e+00 1.97e-03
1.86639e+00 1.97e-03
1.86670e+00 1.97e-03
1.86685e+00 1.97e-03
1.86701e+00 1.97e-03
1.86732e+00 1.97e-03
1.86762e+00 1.97e-03
1.86793e+00 1.96e-03
1.86809e+00 1.97e-03
1.86841e+00 1.98e-03
1.86857e+00 1.98e-03
1.86887e+00 1.99e-03
1.86918e+00 1.99e-03
1.86934e+00 1.99e-03
1.86949e+00 2.00e-03
1.86965e+00 2.00e-03
1.86980e+00 2.01e-03
1.86997e+00 2.02e-03
1.87028e+00 2.04e-03
1.87043e+00 2.05e-03
1.87074e+00 2.07e-03
1.87089e+00 2.07e-03
1.87106e+00 2.07e-03
1.87122e+00 2.07e-03
1.87137e+00 2.07e-03
1.87153e+00 2.06e-03
1.87168e+00 2.05e-03
1.87199e+00 2.03e-03
1.87216e+00 2.02e-03
1.87231e+00 2.01e-03
1.87246e+00 2.01e-03
1.87262e+00 2.00e-03
1.87277e+00 2.00e-03
1.87355e+00 1.99e-03
1.87388e+00 1.98e-03
1.87403e+00 1.98e-03
1.87418e+00 1.98e-03
1.87451e+00 1.98e-03
1.87481e+00 1.99e-03
1.87514e+00 1.99e-03
1.87529e+00 1.99e-03
1.87561e+00 1.99e-03
1.87576e+00 1.99e-03
1.87592e+00 1.99e-03
1.87607e+00 1.98e-03
1.87624e+00 1.98e-03
1.87639e+00 1.97e-03
1.87671e+00 1.95e-03
1.87702e+00 1.94e-03
1.87734e+00 1.92e-03
1.87765e+00 1.90e-03
1.87781e+00 1.89e-03
1.87812e+00 1.88e-03
1.87844e+00 1.87e-03
1.87876e+00 1.87e-03
1.87907e+00 1.86e-03
1.87939e+00 1.85e-03
1.87971e+00 1.84e-03
1.88003e+00 1.83e-03
1.88033e+00 1.83e-03
1.88066e+00 1.82e-03
1.88098e+00 1.82e-03
1.88130e+00 1.81e-03
1.88162e+00 1.81e-03
1.88209e+00 1.81e-03
1.88320e+00 1.80e-03
1.88479e+00 1.81e-03
1.88575e+00 1.81e-03
1.88736e+00 1.82e-03
1.89299e+00 1.84e-03
1.89478e+00 1.84e-03
1.89672e+00 1.84e-03
1.89802e+00 1.84e-03
1.89999e+00 1.83e-03
1.90658e+00 1.81e-03
1.90990e+00 1.79e-03
1.91291e+00 1.78e-03
1.93794e+00 1.66e-03
1.96001e+00 1.56e-03
1.96518e+00 1.54e-03
1.96704e+00 1.53e-03
1.96816e+00 1.53e-03
1.96854e+00 1.53e-03
1.96891e+00 1.52e-03
1.96928e+00 1.52e-03
1.96965e+00 1.52e-03
1.97003e+00 1.52e-03
1.97041e+00 1.52e-03
1.97078e+00 1.52e-03
1.97116e+00 1.52e-03
1.97154e+00 1.51e-03
1.97191e+00 1.51e-03
1.97229e+00 1.51e-03
1.97266e+00 1.51e-03
1.97305e+00 1.51e-03
1.97343e+00 1.51e-03
1.97380e+00 1.50e-03
1.97418e+00 1.50e-03
1.97457e+00 1.50e-03
1.97494e+00 1.50e-03
1.97532e+00 1.50e-03
1.97570e+00 1.50e-03
1.97608e+00 1.50e-03
1.97645e+00 1.49e-03
1.97684e+00 1.49e-03
1.97721e+00 1.49e-03
1.97760e+00 1.49e-03
1.97799e+00 1.49e-03
1.97836e+00 1.49e-03
1.97875e+00 1.48e-03
1.97914e+00 1.48e-03
1.97951e+00 1.48e-03
1.97990e+00 1.48e-03
1.98028e+00 1.48e-03
1.98067e+00 1.48e-03
1.98106e+00 1.48e-03
1.98144e+00 1.47e-03
1.98181e+00 1.47e-03
1.98220e+00 1.47e-03
1.98259e+00 1.47e-03
1.98299e+00 1.47e-03
1.98337e+00 1.47e-03
1.98376e+00 1.46e-03
1.98414e+00 1.46e-03
1.98453e+00 1.46e-03
1.98491e+00 1.46e-03
1.98531e+00 1.46e-03
1.98569e+00 1.46e-03
1.98608e+00 1.46e-03
1.98648e+00 1.45e-03
1.98686e+00 1.45e-03
1.98724e+00 1.45e-03
1.98764e+00 1.45e-03
1.98803e+00 1.45e-03
1.98842e+00 1.45e-03
1.98882e+00 1.44e-03
1.98920e+00 1.44e-03
1.98960e+00 1.44e-03
1.99000e+00 1.44e-03
1.99038e+00 1.44e-03
1.99077e+00 1.44e-03
1.99117e+00 1.43e-03
1.99157e+00 1.43e-03
1.99196e+00 1.43e-03
1.99236e+00 1.43e-03
1.99274e+00 1.43e-03
1.99313e+00 1.43e-03
1.99354e+00 1.43e-03
1.99394e+00 1.42e-03
1.99433e+00 1.42e-03
1.99473e+00 1.42e-03
1.99512e+00 1.42e-03
1.99552e+00 1.42e-03
1.99592e+00 1.42e-03
1.99632e+00 1.41e-03
1.99671e+00 1.41e-03
1.99712e+00 1.41e-03
1.99751e+00 1.41e-03
1.99792e+00 1.41e-03
1.99831e+00 1.41e-03
1.99872e+00 1.41e-03
1.99911e+00 1.40e-03
1.99952e+00 1.40e-03
1.99992e+00 1.40e-03
2.00032e+00 1.40e-03
2.00072e+00 1.40e-03
2.00113e+00 1.40e-03
2.00153e+00 1.39e-03
2.00194e+00 1.39e-03
2.00234e+00 1.39e-03
2.00274e+00 1.39e-03
2.00314e+00 1.39e-03
2.00356e+00 1.39e-03
2.00396e+00 1.39e-03
2.00437e+00 1.38e-03
2.00477e+00 1.38e-03
2.00518e+00 1.38e-03
2.00558e+00 1.38e-03
2.00600e+00 1.38e-03
2.00640e+00 1.38e-03
2.00680e+00 1.38e-03
2.00722e+00 1.37e-03
2.00762e+00 1.37e-03
2.00804e+00 1.37e-03
2.00844e+00 1.37e-03
2.00886e+00 1.37e-03
2.00927e+00 1.37e-03
2.00968e+00 1.37e-03
2.01009e+00 1.36e-03
2.01051e+00 1.36e-03
2.01092e+00 1.36e-03
2.01134e+00 1.36e-03
2.01174e+00 1.36e-03
2.01215e+00 1.36e-03
2.01257e+00 1.35e-03
2.01298e+00 1.35e-03
2.01341e+00 1.35e-03
2.01382e+00 1.35e-03
2.01424e+00 1.35e-03
2.01465e+00 1.35e-03
2.01506e+00 1.35e-03
2.01549e+00 1.34e-03
2.01590e+00 1.34e-03
2.01632e+00 1.34e-03
2.01674e+00 1.34e-03
2.01715e+00 1.34e-03
2.01758e+00 1.34e-03
2.01800e+00 1.34e-03
2.01842e+00 1.33e-03
2.01884e+00 1.33e-03
2.01927e+00 1.33e-03
2.01968e+00 1.33e-03
2.02010e+00 1.33e-03
2.02053e+00 1.33e-03
2.02095e+00 1.32e-03
2.02138e+00 1.32e-03
2.02180e+00 1.32e-03
2.02222e+00 1.32e-03
2.02265e+00 1.32e-03
2.02307e+00 1.32e-03
2.02351e+00 1.32e-03
2.02393e+00 1.31e-03
2.02435e+00 1.31e-03
2.02479e+00 1.31e-03
2.02521e+00 1.31e-03
2.02563e+00 1.31e-03
2.02607e+00 1.31e-03
2.02650e+00 1.31e-03
2.02692e+00 1.30e-03
2.02736e+00 1.30e-03
2.02779e+00 1.30e-03
2.02821e+00 1.30e-03
2.02865e+00 1.30e-03
2.02908e+00 1.30e-03
2.02952e+00 1.29e-03
2.02995e+00 1.29e-03
2.03038e+00 1.29e-03
2.03082e+00 1.29e-03
2.03125e+00 1.29e-03
2.03168e+00 1.29e-03
2.03213e+00 1.29e-03
2.03256e+00 1.28e-03
2.03299e+00 1.28e-03
2.03344e+00 1.28e-03
2.03387e+00 1.28e-03
2.03431e+00 1.28e-03
2.03474e+00 1.28e-03
2.03519e+00 1.27e-03
2.03562e+00 1.27e-03
2.03606e+00 1.27e-03
2.03651e+00 1.27e-03
2.03695e+00 1.27e-03
2.03739e+00 1.27e-03
2.03784e+00 1.27e-03
2.03828e+00 1.26e-03
2.03872e+00 1.26e-03
2.03917e+00 1.26e-03
2.03961e+00 1.26e-03
2.04005e+00 1.26e-03
2.04049e+00 1.26e-03
2.04095e+00 1.25e-03
2.04139e+00 1.25e-03
2.04183e+00 1.25e-03
2.04228e+00 1.25e-03
2.04274e+00 1.25e-03
2.04318e+00 1.25e-03
2.04363e+00 1.25e-03
2.04409e+00 1.24e-03
2.04453e+00 1.24e-03
2.04498e+00 1.24e-03
2.04543e+00 1.24e-03
2.04588e+00 1.24e-03
2.04634e+00 1.24e-03
2.04679e+00 1.23e-03
2.04724e+00 1.23e-03
2.04771e+00 1.23e-03
2.04816e+00 1.23e-03
2.04861e+00 1.23e-03
2.04907e+00 1.23e-03
2.04952e+00 1.23e-03
2.04997e+00 1.22e-03
2.05044e+00 1.22e-03
2.05090e+00 1.22e-03
2.05135e+00 1.22e-03
2.05181e+00 1.22e-03
2.05228e+00 1.22e-03
2.05274e+00 1.22e-03
2.05320e+00 1.21e-03
2.05366e+00 1.21e-03
2.05412e+00 1.21e-03
2.05459e+00 1.21e-03
2.05505e+00 1.21e-03
2.05551e+00 1.21e-03
2.05598e+00 1.20e-03
2.05644e+00 1.20e-03
2.05691e+00 1.20e-03
2.05737e+00 1.20e-03
2.05785e+00 1.20e-03
2.05831e+00 1.20e-03
2.05878e+00 1.20e-03
2.05925e+00 1.19e-03
2.05972e+00 1.19e-03
2.06020e+00 1.19e-03
2.06067e+00 1.19e-03
2.06114e+00 1.19e-03
2.06161e+00 1.19e-03
2.06208e+00 1.19e-03
2.06255e+00 1.18e-03
2.06303e+00 1.18e-03
2.06350e+00 1.18e-03
2.06399e+00 1.18e-03
2.06445e+00 1.18e-03
2.06494e+00 1.18e-03
2.06541e+00 1.17e-03
2.06589e+00 1.17e-03
2.06637e+00 1.17e-03
2.06685e+00 1.17e-03
2.06733e+00 1.17e-03
2.06781e+00 1.17e-03
2.06829e+00 1.17e-03
2.06877e+00 1.16e-03
2.06925e+00 1.16e-03
2.06974e+00 1.16e-03
2.07022e+00 1.16e-03
2.07070e+00 1.16e-03
2.07120e+00 1.16e-03
2.07169e+00 1.15e-03
2.07217e+00 1.15e-03
2.07266e+00 1.15e-03
2.07315e+00 1.15e-03
2.07364e+00 1.15e-03
2.07413e+00 1.15e-03
2.07462e+00 1.15e-03
2.07511e+00 1.14e-03
2.07560e+00 1.14e-03
2.07609e+00 1.14e-03
2.07659e+00 1.14e-03
2.07708e+00 1.14e-03
2.07758e+00 1.14e-03
2.07807e+00 1.13e-03
2.07857e+00 1.13e-03
2.07907e+00 1.13e-03
2.07957e+00 1.13e-03
2.08007e+00 1.13e-03
2.08057e+00 1.13e-03
2.08107e+00 1.13e-03
2.08156e+00 1.12e-03
2.08206e+00 1.12e-03
2.08256e+00 1.12e-03
2.08307e+00 1.12e-03
2.08357e+00 1.12e-03
2.08408e+00 1.12e-03
2.08459e+00 1.11e-03
2.08509e+00 1.11e-03
2.08560e+00 1.11e-03
2.08611e+00 1.11e-03
2.08662e+00 1.11e-03
2.08712e+00 1.11e-03
2.08763e+00 1.10e-03
2.08814e+00 1.10e-03
2.08866e+00 1.10e-03
2.08917e+00 1.10e-03
2.08969e+00 1.10e-03
2.09020e+00 1.10e-03
2.09072e+00 1.09e-03
2.09123e+00 1.09e-03
2.09175e+00 1.09e-03
2.09227e+00 1.09e-03
2.09279e+00 1.09e-03
2.09331e+00 1.09e-03
2.09383e+00 1.09e-03
2.09434e+00 1.08e-03
2.09487e+00 1.08e-03
2.09539e+00 1.08e-03
2.09592e+00 1.08e-03
2.09643e+00 1.08e-03
2.09696e+00 1.08e-03
2.09749e+00 1.08e-03
2.09802e+00 1.07e-03
2.09855e+00 1.07e-03
2.09907e+00 1.07e-03
2.09960e+00 1.07e-03
2.10014e+00 1.07e-03
2.10066e+00 1.07e-03
2.10120e+00 1.06e-03
2.10173e+00 1.06e-03
2.10227e+00 1.06e-03
2.10280e+00 1.06e-03
2.10334e+00 1.06e-03
2.10388e+00 1.06e-03
2.10441e+00 1.06e-03
2.10495e+00 1.05e-03
2.10549e+00 1.05e-03
2.10603e+00 1.05e-03
2.10657e+00 1.05e-03
2.10712e+00 1.05e-03
2.10766e+00 1.05e-03
2.10820e+00 1.04e-03
2.10875e+00 1.04e-03
2.10929e+00 1.04e-03
2.10985e+00 1.04e-03
2.11040e+00 1.04e-03
2.11094e+00 1.04e-03
2.11150e+00 1.04e-03
2.11204e+00 1.03e-03
2.11260e+00 1.03e-03
2.11315e+00 1.03e-03
2.11371e+00 1.03e-03
2.11427e+00 1.03e-03
2.11482e+00 1.03e-03
2.11538e+00 1.02e-03
2.11593e+00 1.02e-03
2.11650e+00 1.02e-03
2.11705e+00 1.02e-03
2.11762e+00 1.02e-03
2.11818e+00 1.02e-03
2.11875e+00 1.01e-03
2.11931e+00 1.01e-03
2.11988e+00 1.01e-03
2.12044e+00 1.01e-03
2.12100e+00 1.01e-03
2.12158e+00 1.01e-03
2.12214e+00 1.00e-03
2.12272e+00 1.00e-03
2.12329e+00 1.00e-03
2.12387e+00 1.00e-03
2.12444e+00 9.98e-04
2.12501e+00 9.97e-04
2.12559e+00 9.95e-04
2.12617e+00 9.94e-04
2.12674e+00 9.92e-04
2.12733e+00 9.90e-04
2.12791e+00 9.89e-04
2.12849e+00 9.87e-04
2.12908e+00 9.85e-04
2.12966e+00 9.84e-04
2.13024e+00 9.82e-04
2.13084e+00 9.80e-04
2.13142e+00 9.79e-04
2.13201e+00 9.77e-04
2.13260e+00 9.75e-04
2.13320e+00 9.74e-04
2.13379e+00 9.72e-04
2.13438e+00 9.71e-04
2.13497e+00 9.69e-04
2.13557e+00 9.67e-04
2.13618e+00 9.66e-04
2.13677e+00 9.64e-04
2.13737e+00 9.62e-04
2.13797e+00 9.61e-04
2.13857e+00 9.59e-04
2.13918e+00 9.58e-04
2.13978e+00 9.56e-04
2.14040e+00 9.55e-04
2.14101e+00 9.53e-04
2.14161e+00 9.51e-04
2.14222e+00 9.50e-04
2.14284e+00 9.48e-04
2.14345e+00 9.47e-04
2.14406e+00 9.45e-04
2.14468e+00 9.44e-04
2.14530e+00 9.42e-04
2.14592e+00 9.40e-04
2.14654e+00 9.39e-04
2.14716e+00 9.37e-04
2.14778e+00 9.36e-04
2.14841e+00 9.34e-04
2.14903e+00 9.32e-04
2.14966e+00 9.31e-04
2.15028e+00 9.29e-04
2.15091e+00 9.28e-04
2.15155e+00 9.26e-04
2.15218e+00 9.24e-04
2.15282e+00 9.23e-04
2.15345e+00 9.21e-04
2.15409e+00 9.20e-04
2.15472e+00 9.18e-04
2.15537e+00 9.16e-04
2.15601e+00 9.15e-04
2.15666e+00 9.13e-04
2.15729e+00 9.12e-04
2.15794e+00 9.10e-04
2.15859e+00 9.08e-04
2.15923e+00 9.07e-04
2.15989e+00 9.05e-04
2.16054e+00 9.03e-04
2.16119e+00 9.02e-04
2.16185e+00 9.00e-04
2.16251e+00 8.98e-04
2.16317e+00 8.97e-04
2.16383e+00 8.95e-04
2.16449e+00 8.93e-04
2.16516e+00 8.92e-04
2.16583e+00 8.90e-04
2.16649e+00 8.88e-04
2.16715e+00 8.87e-04
2.16783e+00 8.85e-04
2.16849e+00 8.83e-04
2.16917e+00 8.82e-04
2.16984e+00 8.80e-04
2.17053e+00 8.78e-04
2.17120e+00 8.77e-04
2.17188e+00 8.75e-04
2.17257e+00 8.73e-04
2.17325e+00 8.72e-04
2.17393e+00 8.70e-04
2.17463e+00 8.68e-04
2.17531e+00 8.66e-04
2.17600e+00 8.65e-04
2.17669e+00 8.63e-04
2.17740e+00 8.61e-04
2.17809e+00 8.60e-04
2.17879e+00 8.58e-04
2.17949e+00 8.56e-04
2.18019e+00 8.54e-04
2.18089e+00 8.53e-04
2.18160e+00 8.51e-04
2.18231e+00 8.49e-04
2.18302e+00 8.47e-04
2.18373e+00 8.46e-04
2.18444e+00 8.44e-04
2.18516e+00 8.43e-04
2.18588e+00 8.41e-04
2.18660e+00 8.39e-04
2.18732e+00 8.38e-04
2.18805e+00 8.36e-04
2.18878e+00 8.34e-04
2.18951e+00 8.33e-04
2.19023e+00 8.31e-04
2.19096e+00 8.29e-04
2.19170e+00 8.28e-04
2.19244e+00 8.26e-04
2.19317e+00 8.24e-04
2.19392e+00 8.23e-04
2.19465e+00 8.21e-04
2.19540e+00 8.19e-04
2.19615e+00 8.18e-04
2.19690e+00 8.16e-04
2.19766e+00 8.14e-04
2.19841e+00 8.13e-04
2.19917e+00 8.11e-04
2.19992e+00 8.09e-04
2.20069e+00 8.07e-04
2.20145e+00 8.06e-04
2.20221e+00 8.04e-04
2.20299e+00 8.02e-04
2.20376e+00 8.01e-04
2.20453e+00 7.99e-04
2.20530e+00 7.97e-04
2.20609e+00 7.95e-04
2.20687e+00 7.94e-04
2.20765e+00 7.92e-04
2.20843e+00 7.90e-04
2.20922e+00 7.88e-04
2.21001e+00 7.87e-04
2.21081e+00 7.85e-04
2.21160e+00 7.83e-04
2.21240e+00 7.81e-04
2.21320e+00 7.80e-04
2.21401e+00 7.78e-04
2.21481e+00 7.76e-04
2.21562e+00 7.74e-04
2.21643e+00 7.72e-04
2.21725e+00 7.71e-04
2.21806e+00 7.69e-04
2.21889e+00 7.67e-04
2.21971e+00 7.65e-04
2.22054e+00 7.63e-04
2.22136e+00 7.62e-04
2.22220e+00 7.60e-04
2.22303e+00 7.58e-04
2.22387e+00 7.56e-04
2.22471e+00 7.54e-04
2.22555e+00 7.52e-04
2.22641e+00 7.50e-04
2.22725e+00 7.49e-04
2.22811e+00 7.47e-04
2.22896e+00 7.45e-04
2.22982e+00 7.43e-04
2.23068e+00 7.42e-04
2.23155e+00 7.40e-04
2.23242e+00 7.38e-04
2.23329e+00 7.36e-04
2.23417e+00 7.35e-04
2.23504e+00 7.33e-04
2.23593e+00 7.31e-04
2.23681e+00 7.29e-04
2.23771e+00 7.27e-04
2.23859e+00 7.26e-04
2.23950e+00 7.24e-04
2.24039e+00 7.22e-04
2.24129e+00 7.20e-04
2.24220e+00 7.18e-04
2.24311e+00 7.17e-04
2.24402e+00 7.15e-04
2.24495e+00 7.13e-04
2.24587e+00 7.11e-04
2.24679e+00 7.09e-04
2.24772e+00 7.07e-04
2.24866e+00 7.06e-04
2.24960e+00 7.04e-04
2.25053e+00 7.02e-04
2.25148e+00 7.00e-04
2.25243e+00 6.98e-04
2.25338e+00 6.96e-04
2.25434e+00 6.94e-04
2.25529e+00 6.92e-04
2.25627e+00 6.90e-04
2.25723e+00 6.89e-04
2.25820e+00 6.87e-04
2.25919e+00 6.85e-04
2.26017e+00 6.83e-04
2.26116e+00 6.81e-04
2.26215e+00 6.79e-04
2.26315e+00 6.77e-04
2.26415e+00 6.75e-04
2.26515e+00 6.73e-04
2.26616e+00 6.71e-04
2.26718e+00 6.69e-04
2.26820e+00 6.67e-04
2.26922e+00 6.65e-04
2.27026e+00 6.63e-04
2.27129e+00 6.61e-04
2.27233e+00 6.59e-04
2.27337e+00 6.57e-04
2.27442e+00 6.55e-04
2.27548e+00 6.53e-04
2.27654e+00 6.51e-04
2.27761e+00 6.49e-04
2.27868e+00 6.47e-04
2.27976e+00 6.45e-04
2.28084e+00 6.44e-04
2.28193e+00 6.42e-04
2.28303e+00 6.40e-04
2.28413e+00 6.38e-04
2.28523e+00 6.36e-04
2.28634e+00 6.34e-04
2.28746e+00 6.32e-04
2.28858e+00 6.30e-04
2.28971e+00 6.28e-04
2.29085e+00 6.26e-04
2.29199e+00 6.24e-04
2.29314e+00 6.22e-04
2.29429e+00 6.20e-04
2.29546e+00 6.18e-04
2.29663e+00 6.15e-04
2.29780e+00 6.13e-04
2.29898e+00 6.11e-04
2.30017e+00 6.09e-04
2.30136e+00 6.07e-04
2.30258e+00 6.05e-04
2.30378e+00 6.03e-04
2.30498e+00 6.01e-04
2.30618e+00 5.99e-04
2.30747e+00 5.96e-04
2.30867e+00 5.94e-04
2.30996e+00 5.92e-04
2.31125e+00 5.90e-04
2.31244e+00 5.88e-04
2.31372e+00 5.85e-04
2.31501e+00 5.83e-04
2.31629e+00 5.81e-04
2.31757e+00 5.79e-04
2.31895e+00 5.77e-04
2.32023e+00 5.75e-04
2.32160e+00 5.73e-04
2.32288e+00 5.71e-04
2.32425e+00 5.68e-04
2.32562e+00 5.66e-04
2.32698e+00 5.64e-04
2.32835e+00 5.62e-04
2.32971e+00 5.60e-04
2.33108e+00 5.58e-04
2.33253e+00 5.55e-04
2.33389e+00 5.53e-04
2.33534e+00 5.51e-04
2.33679e+00 5.49e-04
2.33824e+00 5.46e-04
2.33969e+00 5.44e-04
2.34113e+00 5.42e-04
2.34267e+00 5.39e-04
2.34411e+00 5.37e-04
2.34564e+00 5.35e-04
2.34718e+00 5.32e-04
2.34871e+00 5.30e-04
2.35023e+00 5.27e-04
2.35176e+00 5.25e-04
2.35337e+00 5.23e-04
2.35499e+00 5.20e-04
2.35650e+00 5.18e-04
2.35811e+00 5.15e-04
2.35982e+00 5.13e-04
2.36142e+00 5.10e-04
2.36312e+00 5.08e-04
2.36471e+00 5.06e-04
2.36640e+00 5.03e-04
2.36819e+00 5.01e-04
2.36987e+00 4.98e-04
2.37164e+00 4.96e-04
2.37332e+00 4.93e-04
2.37518e+00 4.91e-04
2.37695e+00 4.88e-04
2.37871e+00 4.86e-04
2.38056e+00 4.83e-04
2.38241e+00 4.81e-04
2.38426e+00 4.78e-04
2.38619e+00 4.75e-04
2.38812e+00 4.73e-04
2.39005e+00 4.70e-04
2.39197e+00 4.67e-04
2.39398e+00 4.65e-04
2.39598e+00 4.62e-04
2.39799e+00 4.59e-04
2.40007e+00 4.56e-04
2.40216e+00 4.54e-04
2.40424e+00 4.51e-04
2.40640e+00 4.48e-04
2.40848e+00 4.45e-04
2.41072e+00 4.43e-04
2.41296e+00 4.40e-04
2.41520e+00 4.37e-04
2.41743e+00 4.34e-04
2.41975e+00 4.31e-04
2.42214e+00 4.28e-04
2.42454e+00 4.25e-04
2.42692e+00 4.22e-04
2.42939e+00 4.19e-04
2.43186e+00 4.16e-04
2.43440e+00 4.13e-04
2.43694e+00 4.10e-04
2.43956e+00 4.06e-04
2.44226e+00 4.03e-04
2.44495e+00 4.00e-04
2.44772e+00 3.97e-04
2.45057e+00 3.94e-04
2.45342e+00 3.91e-04
2.45634e+00 3.87e-04
2.45933e+00 3.84e-04
2.46241e+00 3.80e-04
2.46547e+00 3.77e-04
2.46861e+00 3.73e-04
2.47191e+00 3.70e-04
2.47519e+00 3.66e-04
2.47855e+00 3.62e-04
2.48207e+00 3.59e-04
2.48566e+00 3.55e-04
2.48923e+00 3.51e-04
2.49304e+00 3.47e-04
2.49684e+00 3.43e-04
2.50078e+00 3.39e-04
2.50487e+00 3.35e-04
2.50911e+00 3.31e-04
2.51341e+00 3.27e-04
2.51786e+00 3.22e-04
2.52252e+00 3.18e-04
2.52733e+00 3.13e-04
2.53227e+00 3.09e-04
2.53742e+00 3.04e-04
2.54286e+00 2.99e-04
2.54843e+00 2.94e-04
2.55428e+00 2.89e-04
2.56048e+00 2.84e-04
2.56695e+00 2.78e-04
2.57376e+00 2.73e-04
2.58097e+00 2.67e-04
2.58867e+00 2.61e-04
2.59682e+00 2.55e-04
2.60113e+00 2.51e-04
2.60565e+00 2.48e-04
2.61513e+00 2.41e-04
2.62024e+00 2.37e-04
2.62554e+00 2.34e-04
2.63110e+00 2.30e-04
2.64319e+00 2.21e-04
2.64971e+00 2.17e-04
2.65669e+00 2.13e-04
2.66410e+00 2.08e-04
2.67215e+00 2.03e-04
2.68082e+00 1.97e-04
2.69029e+00 1.92e-04
2.70069e+00 1.86e-04
2.71231e+00 1.79e-04
2.72543e+00 1.72e-04
2.74065e+00 1.65e-04
2.75874e+00 1.56e-04
2.78130e+00 1.45e-04
2.81151e+00 1.32e-04
2.85859e+00 1.14e-04
2.99573e+00 7.46e-05
