# OPACITY Project tables
-2.61515e+00 1.76e+01
-2.27341e+00 6.07e+00
-2.07433e+00 3.27e+00
-1.93351e+00 2.11e+00
-1.82455e+00 1.50e+00
-1.73574e+00 1.14e+00
-1.66078e+00 9.02e-01
-1.59603e+00 7.37e-01
-1.53898e+00 6.18e-01
-1.48802e+00 5.29e-01
-1.44198e+00 4.58e-01
-1.40003e+00 4.02e-01
-1.36148e+00 3.57e-01
-1.32584e+00 3.20e-01
-1.29269e+00 2.89e-01
-1.26174e+00 2.62e-01
-1.23268e+00 2.40e-01
-1.20531e+00 2.20e-01
-1.17944e+00 2.03e-01
-1.15493e+00 1.89e-01
-1.13165e+00 1.75e-01
-1.10945e+00 1.64e-01
-1.08827e+00 1.53e-01
-1.06799e+00 1.44e-01
-1.04857e+00 1.36e-01
-1.02994e+00 1.28e-01
-1.01200e+00 1.21e-01
-9.94739e-01 1.15e-01
-9.78086e-01 1.09e-01
-9.62021e-01 1.04e-01
-9.46492e-01 9.92e-02
-9.31455e-01 9.48e-02
-9.16916e-01 9.06e-02
-9.02807e-01 8.67e-02
-8.89113e-01 8.32e-02
-8.75797e-01 8.01e-02
-8.62868e-01 7.70e-02
-8.50292e-01 7.43e-02
-8.38057e-01 7.16e-02
-8.26130e-01 7.13e-02
-8.14502e-01 6.68e-02
-8.03185e-01 6.46e-02
-7.92106e-01 6.24e-02
-7.81301e-01 6.04e-02
-7.70741e-01 5.87e-02
-7.60420e-01 5.69e-02
-7.40469e-01 5.36e-02
-7.30787e-01 5.21e-02
-7.21320e-01 5.07e-02
-7.12045e-01 4.95e-02
-6.94048e-01 4.70e-02
-6.85298e-01 4.59e-02
-6.76723e-01 4.48e-02
-6.68298e-01 4.38e-02
-6.60041e-01 4.33e-02
-6.51909e-01 4.24e-02
-6.43938e-01 4.20e-02
-6.36087e-01 4.09e-02
-6.20808e-01 3.92e-02
-6.13357e-01 3.84e-02
-6.06016e-01 3.79e-02
-5.98801e-01 3.71e-02
-5.91692e-01 3.65e-02
-5.84687e-01 3.58e-02
-5.77803e-01 3.52e-02
-5.71018e-01 3.47e-02
-5.64314e-01 3.42e-02
-5.57725e-01 3.37e-02
-5.44831e-01 3.28e-02
-5.38505e-01 3.23e-02
-5.32288e-01 3.19e-02
-5.26142e-01 3.16e-02
-5.20085e-01 3.12e-02
-5.14098e-01 3.08e-02
-5.08196e-01 3.06e-02
-5.02362e-01 3.02e-02
-4.90925e-01 2.96e-02
-4.79779e-01 2.91e-02
-4.74301e-01 2.89e-02
-4.68884e-01 2.86e-02
-4.63545e-01 2.85e-02
-4.53044e-01 2.80e-02
-4.47882e-01 2.79e-02
-4.42778e-01 2.78e-02
-4.37730e-01 2.76e-02
-4.32739e-01 2.76e-02
-4.27803e-01 2.74e-02
-4.22922e-01 2.73e-02
-4.18095e-01 2.71e-02
-4.13321e-01 2.70e-02
-4.03901e-01 2.69e-02
-3.99284e-01 2.69e-02
-3.94688e-01 2.68e-02
-3.90158e-01 2.65e-02
-3.85662e-01 2.63e-02
-3.81216e-01 2.65e-02
-3.76819e-01 2.62e-02
-3.72456e-01 2.61e-02
-3.68126e-01 2.65e-02
-3.63858e-01 2.65e-02
-3.59622e-01 2.71e-02
-3.55419e-01 2.79e-02
-3.51261e-01 2.83e-02
-3.47135e-01 2.94e-02
-3.43054e-01 3.24e-02
-3.39003e-01 2.97e-02
-3.34997e-01 2.80e-02
-3.31021e-01 2.82e-02
-3.27088e-01 2.85e-02
-3.23185e-01 2.73e-02
-3.19310e-01 2.59e-02
-3.15464e-01 2.54e-02
-3.11661e-01 2.53e-02
-3.07885e-01 2.55e-02
-3.00430e-01 2.48e-02
-2.96750e-01 2.47e-02
-2.93097e-01 2.46e-02
-2.85884e-01 2.39e-02
-2.82323e-01 2.51e-02
-2.78788e-01 2.45e-02
-2.75279e-01 2.41e-02
-2.71796e-01 2.32e-02
-2.68350e-01 2.32e-02
-2.61521e-01 2.33e-02
-2.54802e-01 2.25e-02
-2.51466e-01 2.23e-02
-2.48167e-01 2.24e-02
-2.44891e-01 2.28e-02
-2.41639e-01 2.30e-02
-2.38409e-01 2.26e-02
-2.35203e-01 2.18e-02
-2.32020e-01 2.12e-02
-2.28860e-01 2.12e-02
-2.25722e-01 2.09e-02
-2.22606e-01 2.06e-02
-2.19513e-01 2.05e-02
-2.16441e-01 2.03e-02
-2.13391e-01 2.01e-02
-2.10363e-01 1.99e-02
-2.07344e-01 2.02e-02
-2.04359e-01 2.11e-02
-2.01382e-01 1.94e-02
-1.98439e-01 1.94e-02
-1.95504e-01 1.92e-02
-1.92590e-01 1.96e-02
-1.89697e-01 1.96e-02
-1.86824e-01 1.88e-02
-1.83971e-01 1.87e-02
-1.81126e-01 1.90e-02
-1.78314e-01 1.85e-02
-1.75509e-01 1.84e-02
-1.72724e-01 1.83e-02
-1.69958e-01 1.83e-02
-1.67200e-01 1.84e-02
-1.64474e-01 1.80e-02
-1.61755e-01 1.88e-02
-1.59054e-01 1.81e-02
-1.56373e-01 1.78e-02
-1.53699e-01 1.94e-02
-1.51044e-01 1.75e-02
-1.48407e-01 1.74e-02
-1.45789e-01 1.75e-02
-1.43189e-01 1.73e-02
-1.40596e-01 1.73e-02
-1.38021e-01 1.70e-02
-1.35453e-01 1.70e-02
-1.32914e-01 1.80e-02
-1.30382e-01 1.68e-02
-1.27867e-01 1.66e-02
-1.25359e-01 1.65e-02
-1.22868e-01 1.66e-02
-1.20395e-01 1.65e-02
-1.17928e-01 1.63e-02
-1.15489e-01 1.64e-02
-1.13057e-01 1.61e-02
-1.10630e-01 1.61e-02
-1.08220e-01 1.60e-02
-1.05827e-01 1.59e-02
-1.03440e-01 1.60e-02
-1.01070e-01 1.59e-02
-9.87160e-02 1.57e-02
-9.63788e-02 1.57e-02
-9.40360e-02 1.64e-02
-9.17206e-02 1.56e-02
-8.94106e-02 1.55e-02
-8.71168e-02 1.54e-02
-8.48283e-02 1.54e-02
-8.25559e-02 1.54e-02
-8.02994e-02 1.53e-02
-7.80480e-02 1.55e-02
-7.58125e-02 1.53e-02
-7.35820e-02 1.57e-02
-7.13671e-02 1.68e-02
-6.91679e-02 1.72e-02
-6.69735e-02 1.64e-02
-6.47839e-02 1.50e-02
-6.26097e-02 1.49e-02
-6.04509e-02 1.52e-02
-5.82967e-02 1.51e-02
-5.61577e-02 1.46e-02
-5.19040e-02 1.45e-02
-4.97997e-02 1.45e-02
-4.76998e-02 1.43e-02
-4.56042e-02 1.43e-02
-4.35236e-02 1.43e-02
-4.14576e-02 1.42e-02
-3.93959e-02 1.41e-02
-3.52956e-02 1.39e-02
-3.32673e-02 1.39e-02
-3.12430e-02 1.38e-02
-2.92229e-02 1.37e-02
-2.72170e-02 1.37e-02
-2.52255e-02 1.37e-02
-2.32379e-02 1.37e-02
-2.12543e-02 1.35e-02
-1.92848e-02 1.49e-02
-1.73293e-02 1.45e-02
-1.53675e-02 1.36e-02
-1.34298e-02 1.33e-02
-1.14958e-02 1.34e-02
-9.56560e-03 1.35e-02
-7.64918e-03 1.33e-02
-5.73642e-03 1.36e-02
-3.83735e-03 1.32e-02
-1.94188e-03 1.28e-02
-5.00013e-05 1.30e-02
1.79838e-03 1.41e-02
3.69317e-03 1.31e-02
5.58438e-03 1.26e-02
7.37275e-03 1.26e-02
9.25702e-03 1.28e-02
1.11377e-02 1.24e-02
1.29162e-02 1.50e-02
1.47901e-02 1.24e-02
1.65621e-02 1.22e-02
1.84291e-02 1.20e-02
2.01947e-02 1.19e-02
2.19572e-02 1.20e-02
2.38142e-02 1.19e-02
2.55703e-02 1.28e-02
2.73233e-02 1.21e-02
2.90732e-02 1.19e-02
3.08201e-02 1.43e-02
3.25640e-02 1.17e-02
3.43048e-02 1.17e-02
3.60426e-02 1.17e-02
3.77774e-02 1.13e-02
3.95091e-02 1.14e-02
4.12379e-02 1.13e-02
4.29637e-02 1.14e-02
4.46865e-02 1.13e-02
4.64064e-02 1.12e-02
4.80280e-02 1.13e-02
4.97421e-02 1.11e-02
5.14533e-02 1.11e-02
5.30667e-02 1.16e-02
5.47722e-02 1.12e-02
5.64748e-02 1.12e-02
5.80802e-02 1.11e-02
5.97772e-02 1.11e-02
6.13773e-02 1.12e-02
6.29748e-02 1.10e-02
6.46635e-02 1.09e-02
6.62558e-02 1.09e-02
6.78455e-02 1.10e-02
6.95261e-02 1.09e-02
7.11106e-02 1.09e-02
7.26927e-02 1.14e-02
7.42722e-02 1.11e-02
7.58493e-02 1.13e-02
7.74239e-02 1.11e-02
7.90884e-02 1.10e-02
8.06579e-02 1.10e-02
8.22249e-02 1.10e-02
8.37895e-02 1.09e-02
8.52598e-02 1.09e-02
8.68197e-02 1.08e-02
8.83771e-02 1.09e-02
8.99321e-02 1.08e-02
9.14847e-02 1.07e-02
9.30349e-02 1.12e-02
9.44917e-02 1.07e-02
9.60372e-02 1.06e-02
9.75803e-02 1.08e-02
9.90305e-02 1.05e-02
1.00569e-01 1.04e-02
1.02015e-01 1.03e-02
1.03549e-01 1.05e-02
1.05080e-01 1.06e-02
1.06520e-01 1.07e-02
1.07957e-01 1.11e-02
1.09482e-01 9.98e-03
1.10915e-01 9.98e-03
1.12435e-01 9.86e-03
1.13864e-01 9.96e-03
1.15291e-01 9.82e-03
1.16805e-01 9.75e-03
1.18227e-01 9.72e-03
1.19648e-01 9.65e-03
1.21067e-01 9.62e-03
1.22483e-01 9.61e-03
1.23898e-01 9.59e-03
1.25398e-01 9.53e-03
1.26809e-01 9.63e-03
1.28217e-01 9.53e-03
1.29624e-01 9.81e-03
1.31028e-01 9.51e-03
1.32431e-01 9.52e-03
1.33831e-01 9.55e-03
1.35143e-01 9.90e-03
1.36539e-01 9.48e-03
1.37934e-01 9.51e-03
1.39327e-01 9.70e-03
1.40718e-01 9.60e-03
1.42107e-01 9.57e-03
1.43407e-01 9.57e-03
1.44793e-01 9.68e-03
1.46176e-01 9.57e-03
1.47471e-01 9.56e-03
1.48851e-01 9.59e-03
1.50229e-01 9.54e-03
1.51519e-01 9.57e-03
1.52893e-01 9.60e-03
1.54179e-01 9.35e-03
1.55550e-01 9.31e-03
1.58200e-01 9.27e-03
1.59479e-01 9.13e-03
1.60757e-01 9.08e-03
1.62119e-01 9.04e-03
1.63394e-01 9.09e-03
1.64751e-01 8.94e-03
1.66023e-01 9.63e-03
1.67293e-01 8.91e-03
1.68561e-01 8.89e-03
1.71176e-01 8.94e-03
1.72440e-01 8.90e-03
1.73701e-01 9.54e-03
1.74961e-01 9.10e-03
1.76220e-01 9.10e-03
1.77477e-01 9.08e-03
1.78732e-01 9.10e-03
1.81321e-01 8.95e-03
1.82572e-01 8.94e-03
1.83737e-01 8.82e-03
1.84985e-01 8.72e-03
1.86231e-01 8.64e-03
1.87475e-01 8.57e-03
1.88718e-01 8.51e-03
1.89959e-01 8.47e-03
1.91199e-01 8.44e-03
1.92437e-01 8.50e-03
1.93591e-01 8.45e-03
1.94826e-01 8.49e-03
1.96060e-01 8.51e-03
1.97292e-01 8.55e-03
1.98441e-01 9.16e-03
1.99670e-01 8.54e-03
2.00898e-01 8.52e-03
2.02042e-01 8.44e-03
2.03267e-01 8.39e-03
2.04409e-01 8.30e-03
2.05631e-01 8.23e-03
2.06770e-01 8.47e-03
2.07989e-01 8.19e-03
2.09126e-01 8.22e-03
2.11476e-01 8.30e-03
2.12689e-01 8.35e-03
2.13820e-01 8.90e-03
2.15031e-01 8.23e-03
2.16159e-01 8.11e-03
2.17286e-01 8.02e-03
2.18493e-01 7.95e-03
2.19617e-01 7.94e-03
2.20741e-01 8.46e-03
2.21943e-01 8.01e-03
2.23064e-01 9.41e-03
2.24183e-01 9.28e-03
2.25301e-01 9.02e-03
2.26418e-01 8.79e-03
2.27614e-01 8.59e-03
2.28728e-01 8.44e-03
2.29841e-01 8.32e-03
2.30953e-01 8.22e-03
2.32064e-01 8.18e-03
2.33173e-01 8.07e-03
2.34281e-01 8.01e-03
2.35388e-01 7.97e-03
2.36494e-01 7.92e-03
2.37599e-01 7.89e-03
2.38702e-01 7.86e-03
2.39804e-01 7.83e-03
2.40905e-01 7.80e-03
2.42005e-01 7.77e-03
2.43103e-01 7.76e-03
2.45296e-01 7.70e-03
2.47407e-01 7.63e-03
2.49591e-01 7.54e-03
2.51692e-01 7.46e-03
2.53867e-01 7.39e-03
2.54875e-01 7.35e-03
2.55959e-01 7.33e-03
2.57042e-01 7.30e-03
2.58047e-01 7.28e-03
2.59128e-01 7.27e-03
2.61210e-01 7.25e-03
2.63287e-01 7.23e-03
2.64362e-01 7.22e-03
2.65360e-01 7.19e-03
2.66433e-01 7.16e-03
2.68499e-01 7.08e-03
2.69493e-01 7.04e-03
2.70561e-01 7.01e-03
2.71553e-01 6.98e-03
2.72619e-01 6.96e-03
2.73609e-01 6.95e-03
2.75660e-01 6.94e-03
2.76646e-01 6.93e-03
2.77632e-01 6.91e-03
2.78692e-01 6.88e-03
2.80657e-01 6.79e-03
2.81639e-01 6.75e-03
2.82695e-01 6.73e-03
2.83674e-01 6.72e-03
2.85630e-01 6.72e-03
2.86606e-01 6.70e-03
2.87582e-01 7.10e-03
2.89605e-01 6.94e-03
2.90578e-01 6.88e-03
2.91550e-01 6.82e-03
2.92520e-01 6.77e-03
2.93490e-01 6.73e-03
2.94459e-01 6.70e-03
2.95427e-01 6.66e-03
2.96394e-01 6.64e-03
2.98325e-01 6.59e-03
3.00253e-01 6.55e-03
3.01215e-01 6.48e-03
3.03137e-01 6.33e-03
3.04982e-01 6.19e-03
3.05939e-01 6.17e-03
3.07852e-01 6.21e-03
3.09762e-01 6.24e-03
3.10641e-01 6.23e-03
3.12545e-01 6.20e-03
3.14373e-01 6.16e-03
3.16270e-01 6.13e-03
3.18090e-01 6.09e-03
3.19907e-01 6.06e-03
3.21794e-01 6.03e-03
3.23604e-01 6.00e-03
3.25411e-01 5.96e-03
3.27215e-01 5.93e-03
3.29016e-01 5.90e-03
3.29879e-01 5.88e-03
3.31675e-01 5.86e-03
3.33468e-01 5.84e-03
3.34399e-01 5.83e-03
3.35257e-01 5.81e-03
3.37044e-01 5.76e-03
3.38827e-01 5.71e-03
3.39681e-01 5.69e-03
3.41389e-01 5.67e-03
3.43164e-01 5.64e-03
3.44936e-01 5.62e-03
3.46635e-01 5.59e-03
3.48330e-01 5.57e-03
3.50093e-01 5.54e-03
3.51783e-01 5.51e-03
3.53470e-01 5.49e-03
3.54382e-01 5.48e-03
3.56065e-01 5.45e-03
3.57744e-01 5.42e-03
3.59421e-01 5.39e-03
3.61095e-01 5.36e-03
3.62766e-01 5.33e-03
3.64435e-01 5.30e-03
3.66100e-01 5.26e-03
3.67763e-01 5.23e-03
3.69354e-01 5.20e-03
3.71012e-01 5.17e-03
3.72666e-01 5.14e-03
3.73493e-01 5.13e-03
3.75075e-01 5.11e-03
3.76723e-01 5.10e-03
3.78299e-01 5.09e-03
3.79942e-01 5.07e-03
3.81514e-01 5.06e-03
3.83151e-01 5.04e-03
3.84718e-01 5.01e-03
3.86282e-01 4.99e-03
3.87912e-01 4.96e-03
3.89471e-01 4.93e-03
3.91028e-01 4.91e-03
3.92582e-01 4.88e-03
3.94134e-01 4.86e-03
3.95684e-01 4.83e-03
3.97231e-01 4.81e-03
3.98776e-01 4.78e-03
4.00319e-01 4.77e-03
4.01859e-01 4.75e-03
4.03396e-01 4.74e-03
4.04932e-01 4.72e-03
4.05665e-01 4.71e-03
4.07197e-01 4.67e-03
4.07929e-01 4.65e-03
4.08726e-01 4.64e-03
4.10187e-01 4.62e-03
4.10983e-01 4.60e-03
4.11712e-01 4.62e-03
4.13169e-01 4.60e-03
4.14689e-01 4.58e-03
4.16141e-01 4.57e-03
4.17657e-01 4.56e-03
4.19105e-01 4.54e-03
4.20616e-01 4.51e-03
4.22060e-01 4.48e-03
4.23501e-01 4.45e-03
4.24221e-01 4.43e-03
4.25725e-01 4.42e-03
4.27161e-01 4.41e-03
4.28596e-01 4.39e-03
4.29312e-01 4.38e-03
4.30028e-01 4.36e-03
4.31458e-01 4.32e-03
4.32172e-01 4.30e-03
4.32886e-01 4.29e-03
4.33599e-01 4.29e-03
4.35024e-01 4.26e-03
4.35736e-01 4.24e-03
4.36447e-01 4.34e-03
4.37868e-01 4.31e-03
4.39287e-01 4.29e-03
4.39995e-01 4.29e-03
4.40704e-01 4.29e-03
4.41411e-01 4.28e-03
4.42761e-01 4.24e-03
4.44173e-01 4.22e-03
4.45583e-01 4.20e-03
4.46927e-01 4.18e-03
4.48333e-01 4.17e-03
4.49737e-01 4.15e-03
4.51076e-01 4.14e-03
4.51776e-01 4.13e-03
4.52476e-01 4.13e-03
4.53811e-01 4.07e-03
4.54509e-01 4.06e-03
4.55207e-01 4.06e-03
4.55841e-01 4.06e-03
4.56538e-01 4.05e-03
4.57931e-01 4.05e-03
4.58563e-01 4.03e-03
4.59259e-01 4.00e-03
4.59953e-01 3.99e-03
4.60584e-01 3.99e-03
4.61278e-01 3.99e-03
4.62601e-01 3.97e-03
4.63923e-01 3.94e-03
4.65305e-01 3.92e-03
4.66623e-01 3.91e-03
4.67250e-01 3.93e-03
4.68565e-01 3.91e-03
4.69941e-01 3.90e-03
4.71253e-01 3.88e-03
4.72563e-01 3.87e-03
4.73871e-01 3.85e-03
4.75178e-01 3.84e-03
4.75799e-01 3.83e-03
4.76420e-01 3.82e-03
4.77724e-01 3.81e-03
4.79025e-01 3.80e-03
4.79706e-01 3.79e-03
4.80325e-01 3.78e-03
4.80944e-01 3.77e-03
4.82241e-01 3.76e-03
4.83537e-01 3.75e-03
4.84831e-01 3.74e-03
4.86062e-01 3.73e-03
4.86738e-01 3.71e-03
4.87352e-01 3.68e-03
4.87966e-01 3.67e-03
4.89255e-01 3.67e-03
4.90480e-01 3.66e-03
4.91765e-01 3.65e-03
4.93049e-01 3.64e-03
4.93659e-01 3.63e-03
4.94879e-01 3.62e-03
4.96159e-01 3.61e-03
4.97376e-01 3.59e-03
4.98591e-01 3.58e-03
4.99866e-01 3.57e-03
5.01078e-01 3.56e-03
5.02289e-01 3.54e-03
5.03559e-01 3.53e-03
5.04163e-01 3.53e-03
5.04767e-01 3.52e-03
5.05371e-01 3.52e-03
5.05974e-01 3.50e-03
5.06577e-01 3.49e-03
5.07179e-01 3.49e-03
5.07781e-01 3.49e-03
5.08383e-01 3.48e-03
5.09645e-01 3.47e-03
5.10846e-01 3.45e-03
5.12045e-01 3.44e-03
5.13243e-01 3.43e-03
5.13841e-01 3.43e-03
5.14439e-01 3.46e-03
5.15037e-01 3.41e-03
5.15634e-01 3.40e-03
5.16828e-01 3.39e-03
5.18020e-01 3.38e-03
5.19210e-01 3.37e-03
5.20340e-01 3.36e-03
5.21528e-01 3.34e-03
5.22122e-01 3.33e-03
5.23307e-01 3.32e-03
5.24492e-01 3.31e-03
5.25616e-01 3.30e-03
5.26797e-01 3.29e-03
5.27388e-01 3.29e-03
5.27978e-01 3.28e-03
5.29157e-01 3.27e-03
5.29687e-01 3.27e-03
5.30275e-01 3.26e-03
5.31451e-01 3.25e-03
5.32568e-01 3.25e-03
5.33154e-01 3.23e-03
5.33741e-01 3.19e-03
5.34327e-01 3.21e-03
5.34855e-01 3.21e-03
5.35440e-01 3.21e-03
5.36025e-01 3.20e-03
5.36610e-01 3.18e-03
5.37136e-01 3.17e-03
5.37721e-01 3.18e-03
5.38305e-01 3.19e-03
5.39413e-01 3.18e-03
5.39996e-01 3.17e-03
5.40579e-01 3.17e-03
5.41103e-01 3.17e-03
5.41685e-01 3.16e-03
5.42266e-01 3.14e-03
5.42789e-01 3.13e-03
5.43370e-01 3.13e-03
5.43951e-01 3.12e-03
5.44473e-01 3.12e-03
5.45053e-01 3.13e-03
5.45633e-01 3.13e-03
5.46154e-01 3.11e-03
5.47312e-01 3.10e-03
5.47832e-01 3.10e-03
5.48410e-01 3.08e-03
5.48930e-01 3.09e-03
5.50085e-01 3.08e-03
5.50604e-01 3.07e-03
5.51180e-01 3.06e-03
5.52275e-01 3.06e-03
5.53368e-01 3.05e-03
5.54460e-01 3.04e-03
5.55550e-01 3.03e-03
5.56640e-01 3.02e-03
5.57728e-01 3.01e-03
5.58815e-01 3.00e-03
5.60473e-01 2.99e-03
5.60986e-01 2.98e-03
5.61557e-01 2.98e-03
5.62070e-01 2.97e-03
5.63152e-01 2.96e-03
5.64234e-01 2.95e-03
5.65314e-01 2.95e-03
5.66393e-01 2.94e-03
5.67471e-01 2.93e-03
5.67981e-01 2.92e-03
5.68491e-01 2.92e-03
5.69057e-01 2.91e-03
5.69566e-01 2.91e-03
5.70075e-01 2.90e-03
5.70641e-01 2.88e-03
5.71149e-01 2.89e-03
5.71714e-01 2.90e-03
5.72222e-01 2.88e-03
5.72729e-01 2.88e-03
5.73293e-01 2.88e-03
5.73800e-01 2.87e-03
5.74307e-01 2.85e-03
5.74870e-01 2.86e-03
5.75377e-01 2.86e-03
5.76445e-01 2.85e-03
5.76950e-01 2.85e-03
5.77456e-01 2.84e-03
5.77961e-01 2.82e-03
5.78522e-01 2.82e-03
5.79026e-01 2.83e-03
5.79530e-01 2.82e-03
5.80594e-01 2.81e-03
5.81601e-01 2.81e-03
5.82662e-01 2.80e-03
5.83667e-01 2.79e-03
5.84225e-01 2.79e-03
5.84726e-01 2.79e-03
5.85228e-01 2.78e-03
5.85729e-01 2.78e-03
5.86786e-01 2.77e-03
5.87287e-01 2.77e-03
5.87787e-01 2.76e-03
5.88287e-01 2.76e-03
5.89286e-01 2.75e-03
5.90339e-01 2.74e-03
5.91336e-01 2.73e-03
5.92332e-01 2.72e-03
5.93382e-01 2.72e-03
5.94376e-01 2.71e-03
5.95369e-01 2.70e-03
5.96361e-01 2.70e-03
5.97407e-01 2.69e-03
5.97902e-01 2.69e-03
5.98397e-01 2.68e-03
5.98891e-01 2.67e-03
5.99880e-01 2.67e-03
6.00867e-01 2.66e-03
6.01361e-01 2.66e-03
6.01854e-01 2.72e-03
6.02347e-01 2.65e-03
6.03332e-01 2.64e-03
6.03824e-01 2.64e-03
6.04316e-01 2.63e-03
6.04808e-01 2.63e-03
6.05299e-01 2.63e-03
6.05790e-01 2.62e-03
6.06281e-01 2.62e-03
6.06772e-01 2.60e-03
6.07262e-01 2.61e-03
6.08243e-01 2.60e-03
6.09222e-01 2.60e-03
6.09711e-01 2.59e-03
6.10200e-01 2.59e-03
6.10689e-01 2.59e-03
6.11178e-01 2.58e-03
6.12154e-01 2.57e-03
6.13129e-01 2.57e-03
6.14104e-01 2.56e-03
6.15023e-01 2.55e-03
6.15996e-01 2.55e-03
6.16968e-01 2.54e-03
6.17939e-01 2.53e-03
6.18908e-01 2.53e-03
6.19824e-01 2.52e-03
6.20792e-01 2.51e-03
6.21759e-01 2.51e-03
6.22242e-01 2.51e-03
6.22671e-01 2.50e-03
6.23154e-01 2.50e-03
6.23636e-01 2.49e-03
6.24119e-01 2.49e-03
6.25082e-01 2.48e-03
6.25992e-01 2.48e-03
6.26954e-01 2.47e-03
6.27862e-01 2.46e-03
6.28822e-01 2.46e-03
6.29728e-01 2.45e-03
6.30686e-01 2.44e-03
6.31591e-01 2.44e-03
6.32548e-01 2.43e-03
6.33026e-01 2.43e-03
6.33450e-01 2.42e-03
6.33928e-01 2.42e-03
6.34405e-01 2.42e-03
6.35306e-01 2.41e-03
6.36259e-01 2.41e-03
6.37159e-01 2.40e-03
6.38110e-01 2.39e-03
6.39008e-01 2.39e-03
6.39905e-01 2.38e-03
6.40853e-01 2.38e-03
6.41275e-01 2.37e-03
6.41749e-01 2.38e-03
6.42643e-01 2.36e-03
6.43537e-01 2.36e-03
6.44482e-01 2.35e-03
6.45374e-01 2.35e-03
6.45846e-01 2.34e-03
6.46737e-01 2.33e-03
6.47627e-01 2.33e-03
6.48516e-01 2.32e-03
6.49404e-01 2.32e-03
6.50292e-01 2.31e-03
6.51231e-01 2.31e-03
6.52117e-01 2.30e-03
6.53002e-01 2.29e-03
6.53886e-01 2.29e-03
6.54770e-01 2.28e-03
6.55653e-01 2.28e-03
6.56535e-01 2.27e-03
6.57416e-01 2.27e-03
6.58297e-01 2.26e-03
6.59177e-01 2.25e-03
6.59642e-01 2.25e-03
6.60469e-01 2.25e-03
6.60934e-01 2.24e-03
6.61811e-01 2.24e-03
6.62688e-01 2.23e-03
6.63564e-01 2.23e-03
6.63976e-01 2.22e-03
6.64439e-01 2.22e-03
6.64851e-01 2.22e-03
6.65725e-01 2.21e-03
6.66598e-01 2.21e-03
6.67470e-01 2.20e-03
6.68291e-01 2.20e-03
6.69162e-01 2.19e-03
6.70032e-01 2.19e-03
6.70902e-01 2.18e-03
6.71719e-01 2.18e-03
6.72587e-01 2.17e-03
6.73455e-01 2.17e-03
6.74321e-01 2.16e-03
6.75136e-01 2.16e-03
6.76001e-01 2.15e-03
6.76865e-01 2.15e-03
6.77678e-01 2.14e-03
6.78541e-01 2.13e-03
6.78947e-01 2.13e-03
6.79809e-01 2.13e-03
6.80619e-01 2.12e-03
6.81479e-01 2.12e-03
6.82339e-01 2.11e-03
6.83147e-01 2.11e-03
6.83551e-01 2.10e-03
6.84409e-01 2.10e-03
6.85266e-01 2.10e-03
6.86072e-01 2.09e-03
6.86878e-01 2.09e-03
6.87733e-01 2.08e-03
6.88537e-01 2.08e-03
6.89390e-01 2.07e-03
6.90193e-01 2.07e-03
6.91045e-01 2.06e-03
6.91846e-01 2.06e-03
6.92647e-01 2.05e-03
6.93497e-01 2.05e-03
6.94297e-01 2.04e-03
6.95145e-01 2.04e-03
6.95943e-01 2.03e-03
6.96741e-01 2.03e-03
6.97538e-01 2.02e-03
6.98383e-01 2.02e-03
6.99179e-01 2.02e-03
6.99974e-01 2.01e-03
7.00818e-01 2.01e-03
7.01611e-01 2.00e-03
7.02404e-01 2.00e-03
7.03197e-01 1.99e-03
7.03988e-01 1.99e-03
7.04829e-01 1.98e-03
7.05619e-01 1.98e-03
7.06409e-01 1.97e-03
7.07198e-01 1.97e-03
7.07987e-01 1.97e-03
7.08774e-01 1.96e-03
7.09562e-01 1.96e-03
7.10348e-01 1.95e-03
7.11134e-01 1.95e-03
7.11920e-01 1.94e-03
7.12754e-01 1.94e-03
7.13538e-01 1.94e-03
7.14321e-01 1.93e-03
7.15104e-01 1.93e-03
7.15887e-01 1.92e-03
7.16668e-01 1.92e-03
7.17401e-01 1.91e-03
7.18181e-01 1.91e-03
7.18961e-01 1.91e-03
7.19740e-01 1.90e-03
7.20519e-01 1.90e-03
7.21297e-01 1.89e-03
7.22075e-01 1.89e-03
7.22852e-01 1.89e-03
7.23628e-01 1.88e-03
7.24404e-01 1.88e-03
7.25130e-01 1.87e-03
7.25905e-01 1.87e-03
7.26679e-01 1.86e-03
7.27452e-01 1.86e-03
7.28225e-01 1.86e-03
7.28949e-01 1.85e-03
7.29720e-01 1.85e-03
7.30491e-01 1.85e-03
7.31262e-01 1.84e-03
7.31983e-01 1.84e-03
7.32752e-01 1.83e-03
7.33521e-01 1.83e-03
7.34241e-01 1.83e-03
7.35009e-01 1.82e-03
7.35776e-01 1.82e-03
7.36494e-01 1.81e-03
7.37260e-01 1.81e-03
7.38025e-01 1.81e-03
7.38742e-01 1.80e-03
7.39506e-01 1.80e-03
7.40222e-01 1.80e-03
7.40985e-01 1.79e-03
7.41747e-01 1.79e-03
7.42461e-01 1.78e-03
7.43222e-01 1.78e-03
7.43935e-01 1.78e-03
7.44695e-01 1.77e-03
7.45408e-01 1.77e-03
7.46166e-01 1.77e-03
7.46878e-01 1.76e-03
7.47635e-01 1.76e-03
7.48345e-01 1.75e-03
7.49102e-01 1.75e-03
7.49811e-01 1.75e-03
7.50567e-01 1.74e-03
7.51275e-01 1.74e-03
7.51982e-01 1.74e-03
7.52736e-01 1.73e-03
7.53442e-01 1.73e-03
7.54148e-01 1.73e-03
7.54901e-01 1.72e-03
7.55605e-01 1.72e-03
7.56357e-01 1.72e-03
7.57061e-01 1.71e-03
7.57764e-01 1.71e-03
7.58467e-01 1.71e-03
7.59216e-01 1.70e-03
7.59918e-01 1.70e-03
7.60619e-01 1.70e-03
7.61366e-01 1.69e-03
7.62067e-01 1.69e-03
7.62767e-01 1.69e-03
7.63466e-01 1.68e-03
7.64211e-01 1.68e-03
7.64910e-01 1.68e-03
7.65607e-01 1.67e-03
7.66305e-01 1.67e-03
7.67002e-01 1.67e-03
7.67698e-01 1.66e-03
7.68440e-01 1.66e-03
7.69136e-01 1.66e-03
7.69830e-01 1.65e-03
7.70525e-01 1.65e-03
7.71219e-01 1.65e-03
7.71912e-01 1.64e-03
7.72605e-01 1.64e-03
7.73298e-01 1.64e-03
7.73990e-01 1.63e-03
7.74681e-01 1.63e-03
7.75418e-01 1.63e-03
7.76109e-01 1.62e-03
7.76799e-01 1.62e-03
7.77488e-01 1.62e-03
7.78177e-01 1.61e-03
7.78866e-01 1.61e-03
7.79554e-01 1.61e-03
7.80242e-01 1.61e-03
7.80929e-01 1.60e-03
7.81570e-01 1.60e-03
7.82256e-01 1.60e-03
7.82942e-01 1.59e-03
7.83628e-01 1.59e-03
7.84312e-01 1.59e-03
7.84997e-01 1.58e-03
7.85681e-01 1.58e-03
7.86364e-01 1.58e-03
7.87047e-01 1.57e-03
7.87730e-01 1.57e-03
7.88366e-01 1.57e-03
7.89048e-01 1.57e-03
7.89729e-01 1.56e-03
7.90410e-01 1.56e-03
7.91090e-01 1.56e-03
7.91770e-01 1.55e-03
7.92404e-01 1.55e-03
7.93083e-01 1.55e-03
7.93761e-01 1.54e-03
7.94439e-01 1.54e-03
7.95117e-01 1.54e-03
7.95749e-01 1.54e-03
7.96426e-01 1.53e-03
7.97102e-01 1.53e-03
7.97732e-01 1.53e-03
7.98408e-01 1.52e-03
7.99083e-01 1.52e-03
7.99757e-01 1.52e-03
8.00386e-01 1.52e-03
8.01059e-01 1.51e-03
8.01732e-01 1.51e-03
8.02360e-01 1.51e-03
8.03032e-01 1.50e-03
8.03704e-01 1.50e-03
8.04331e-01 1.50e-03
8.05002e-01 1.50e-03
8.05627e-01 1.49e-03
8.06297e-01 1.49e-03
8.06967e-01 1.49e-03
8.07591e-01 1.49e-03
8.08260e-01 1.48e-03
8.08884e-01 1.48e-03
8.09551e-01 1.48e-03
8.10174e-01 1.48e-03
8.10841e-01 1.47e-03
8.11463e-01 1.47e-03
8.12129e-01 1.47e-03
8.12751e-01 1.46e-03
8.13416e-01 1.46e-03
8.14036e-01 1.46e-03
8.14701e-01 1.46e-03
8.15321e-01 1.45e-03
8.15984e-01 1.45e-03
8.16603e-01 1.45e-03
8.17266e-01 1.45e-03
8.17884e-01 1.44e-03
8.18546e-01 1.44e-03
8.19163e-01 1.44e-03
8.19824e-01 1.44e-03
8.20440e-01 1.43e-03
8.21057e-01 1.43e-03
8.21716e-01 1.43e-03
8.22332e-01 1.43e-03
8.22947e-01 1.42e-03
8.23605e-01 1.42e-03
8.24219e-01 1.42e-03
8.24833e-01 1.42e-03
8.25490e-01 1.41e-03
8.26103e-01 1.41e-03
8.26716e-01 1.41e-03
8.27372e-01 1.41e-03
8.27984e-01 1.40e-03
8.28595e-01 1.40e-03
8.29250e-01 1.40e-03
8.29861e-01 1.40e-03
8.30471e-01 1.39e-03
8.31081e-01 1.39e-03
8.31735e-01 1.39e-03
8.32344e-01 1.39e-03
8.32953e-01 1.38e-03
8.33561e-01 1.38e-03
8.34213e-01 1.38e-03
8.34820e-01 1.38e-03
8.35428e-01 1.37e-03
8.36035e-01 1.37e-03
8.36641e-01 1.37e-03
8.37291e-01 1.37e-03
8.37897e-01 1.37e-03
8.38502e-01 1.36e-03
8.39107e-01 1.36e-03
8.39712e-01 1.36e-03
8.40316e-01 1.36e-03
8.40964e-01 1.35e-03
8.41567e-01 1.35e-03
8.42170e-01 1.35e-03
8.42773e-01 1.35e-03
8.43376e-01 1.35e-03
8.43978e-01 1.34e-03
8.44580e-01 1.34e-03
8.45181e-01 1.34e-03
8.45782e-01 1.34e-03
8.46383e-01 1.33e-03
8.46984e-01 1.33e-03
8.47584e-01 1.33e-03
8.48226e-01 1.33e-03
8.48825e-01 1.33e-03
8.49424e-01 1.32e-03
8.50023e-01 1.32e-03
8.50621e-01 1.32e-03
8.51219e-01 1.32e-03
8.51816e-01 1.31e-03
8.52413e-01 1.31e-03
8.53010e-01 1.31e-03
8.53606e-01 1.31e-03
8.54160e-01 1.31e-03
8.54756e-01 1.30e-03
8.55351e-01 1.30e-03
8.55946e-01 1.30e-03
8.56541e-01 1.30e-03
8.57135e-01 1.30e-03
8.57729e-01 1.29e-03
8.58323e-01 1.29e-03
8.58916e-01 1.29e-03
8.59509e-01 1.29e-03
8.60101e-01 1.29e-03
8.60693e-01 1.28e-03
8.61243e-01 1.28e-03
8.61835e-01 1.28e-03
8.62426e-01 1.28e-03
8.63017e-01 1.27e-03
8.63607e-01 1.27e-03
8.64197e-01 1.27e-03
8.64745e-01 1.27e-03
8.65334e-01 1.27e-03
8.65923e-01 1.26e-03
8.66512e-01 1.26e-03
8.67100e-01 1.26e-03
8.67689e-01 1.26e-03
8.68234e-01 1.26e-03
8.68822e-01 1.25e-03
8.69409e-01 1.25e-03
8.69995e-01 1.25e-03
8.70540e-01 1.25e-03
8.71126e-01 1.25e-03
8.71712e-01 1.25e-03
8.72297e-01 1.24e-03
8.72840e-01 1.24e-03
8.73425e-01 1.24e-03
8.74009e-01 1.24e-03
8.74552e-01 1.24e-03
8.75135e-01 1.23e-03
8.75719e-01 1.23e-03
8.76302e-01 1.23e-03
8.76843e-01 1.23e-03
8.77425e-01 1.23e-03
8.78007e-01 1.22e-03
8.78547e-01 1.22e-03
8.79129e-01 1.22e-03
8.79710e-01 1.22e-03
8.80249e-01 1.22e-03
8.80829e-01 1.21e-03
8.81368e-01 1.21e-03
8.81948e-01 1.21e-03
8.82527e-01 1.21e-03
8.83065e-01 1.21e-03
8.83644e-01 1.20e-03
8.83933e-01 1.23e-03
8.84470e-01 1.23e-03
8.85048e-01 1.22e-03
8.85584e-01 1.22e-03
8.86161e-01 1.22e-03
8.86738e-01 1.22e-03
8.87274e-01 1.22e-03
8.87850e-01 1.21e-03
8.88385e-01 1.21e-03
8.88961e-01 1.21e-03
8.89495e-01 1.21e-03
8.90070e-01 1.21e-03
8.90604e-01 1.20e-03
8.91178e-01 1.20e-03
8.91711e-01 1.20e-03
8.92285e-01 1.20e-03
8.92817e-01 1.20e-03
8.93391e-01 1.20e-03
8.93922e-01 1.19e-03
8.94495e-01 1.19e-03
8.95026e-01 1.19e-03
8.95598e-01 1.19e-03
8.96129e-01 1.19e-03
8.96700e-01 1.19e-03
8.97230e-01 1.18e-03
8.97760e-01 1.18e-03
8.98330e-01 1.18e-03
8.98860e-01 1.18e-03
8.99429e-01 1.18e-03
8.99958e-01 1.18e-03
9.00527e-01 1.17e-03
9.01055e-01 1.17e-03
9.01583e-01 1.17e-03
9.02151e-01 1.17e-03
9.02679e-01 1.17e-03
9.03205e-01 1.16e-03
9.03773e-01 1.16e-03
9.04299e-01 1.16e-03
9.04866e-01 1.16e-03
9.05392e-01 1.16e-03
9.05917e-01 1.16e-03
9.06483e-01 1.15e-03
9.07008e-01 1.15e-03
9.07532e-01 1.15e-03
9.08097e-01 1.15e-03
9.08621e-01 1.15e-03
9.09145e-01 1.15e-03
9.09669e-01 1.14e-03
9.10232e-01 1.14e-03
9.10755e-01 1.14e-03
9.11278e-01 1.14e-03
9.11841e-01 1.14e-03
9.12363e-01 1.14e-03
9.12885e-01 1.14e-03
9.13407e-01 1.13e-03
9.13968e-01 1.13e-03
9.14489e-01 1.13e-03
9.15010e-01 1.13e-03
9.15530e-01 1.13e-03
9.16091e-01 1.13e-03
9.16611e-01 1.12e-03
9.17130e-01 1.12e-03
9.17650e-01 1.12e-03
9.18169e-01 1.12e-03
9.18728e-01 1.12e-03
9.19246e-01 1.12e-03
9.19765e-01 1.12e-03
9.20283e-01 1.11e-03
9.20801e-01 1.11e-03
9.21358e-01 1.11e-03
9.21875e-01 1.11e-03
9.22392e-01 1.11e-03
9.22909e-01 1.11e-03
9.23425e-01 1.10e-03
9.23941e-01 1.10e-03
9.24457e-01 1.10e-03
9.25013e-01 1.10e-03
9.25528e-01 1.10e-03
9.26043e-01 1.10e-03
9.26558e-01 1.10e-03
9.27072e-01 1.09e-03
9.27587e-01 1.09e-03
9.28101e-01 1.09e-03
9.28614e-01 1.09e-03
9.29128e-01 1.09e-03
9.29681e-01 1.09e-03
9.30194e-01 1.08e-03
9.30706e-01 1.08e-03
9.31219e-01 1.08e-03
9.31731e-01 1.08e-03
9.32243e-01 1.08e-03
9.32754e-01 1.08e-03
9.33266e-01 1.08e-03
9.33777e-01 1.07e-03
9.34288e-01 1.07e-03
9.34798e-01 1.07e-03
9.35309e-01 1.07e-03
9.35819e-01 1.07e-03
9.36329e-01 1.07e-03
9.36838e-01 1.07e-03
9.37347e-01 1.06e-03
9.37857e-01 1.06e-03
9.38365e-01 1.06e-03
9.38874e-01 1.06e-03
9.39382e-01 1.06e-03
9.39890e-01 1.06e-03
9.40398e-01 1.06e-03
9.40905e-01 1.06e-03
9.41413e-01 1.05e-03
9.41919e-01 1.05e-03
9.42426e-01 1.05e-03
9.42933e-01 1.05e-03
9.43439e-01 1.05e-03
9.43945e-01 1.05e-03
9.44450e-01 1.05e-03
9.44956e-01 1.04e-03
9.45422e-01 1.04e-03
9.45927e-01 1.04e-03
9.46432e-01 1.04e-03
9.46936e-01 1.04e-03
9.47441e-01 1.04e-03
9.47944e-01 1.04e-03
9.48448e-01 1.03e-03
9.48952e-01 1.03e-03
9.49455e-01 1.03e-03
9.49919e-01 1.03e-03
9.50422e-01 1.03e-03
9.50924e-01 1.03e-03
9.51426e-01 1.03e-03
9.51928e-01 1.03e-03
9.52430e-01 1.02e-03
9.52931e-01 1.02e-03
9.53394e-01 1.02e-03
9.53895e-01 1.02e-03
9.54395e-01 1.02e-03
9.54896e-01 1.02e-03
9.55396e-01 1.02e-03
9.55896e-01 1.02e-03
9.56357e-01 1.01e-03
9.56857e-01 1.01e-03
9.57356e-01 1.01e-03
9.57855e-01 1.01e-03
9.58354e-01 1.01e-03
9.58814e-01 1.01e-03
9.59312e-01 1.01e-03
9.59810e-01 1.00e-03
9.60308e-01 1.00e-03
9.60767e-01 1.00e-03
9.61264e-01 1.00e-03
9.61761e-01 1.00e-03
9.62258e-01 9.98e-04
9.62716e-01 9.97e-04
9.63212e-01 9.96e-04
9.63709e-01 9.95e-04
9.64204e-01 9.94e-04
9.64662e-01 9.92e-04
9.65157e-01 9.91e-04
9.65652e-01 9.90e-04
9.66147e-01 9.89e-04
9.66604e-01 9.87e-04
9.67098e-01 9.86e-04
9.67592e-01 9.85e-04
9.68048e-01 9.84e-04
9.68542e-01 9.83e-04
9.69035e-01 9.82e-04
9.69490e-01 9.80e-04
9.69983e-01 9.79e-04
9.70476e-01 9.78e-04
9.70930e-01 9.77e-04
9.71423e-01 9.76e-04
9.71915e-01 9.74e-04
9.72369e-01 9.73e-04
9.72860e-01 9.72e-04
9.73351e-01 9.71e-04
9.73805e-01 9.70e-04
9.74295e-01 9.69e-04
9.74786e-01 9.67e-04
9.75239e-01 9.66e-04
9.75729e-01 9.65e-04
9.76181e-01 9.64e-04
9.76671e-01 9.63e-04
9.77160e-01 9.62e-04
9.77612e-01 9.60e-04
9.78101e-01 9.59e-04
9.78552e-01 9.58e-04
9.79040e-01 9.57e-04
9.79528e-01 9.56e-04
9.79979e-01 9.55e-04
9.80467e-01 9.53e-04
9.80917e-01 9.52e-04
9.81404e-01 9.51e-04
9.81891e-01 9.50e-04
9.82341e-01 9.49e-04
9.82827e-01 9.48e-04
9.83276e-01 9.47e-04
9.83762e-01 9.46e-04
9.84211e-01 9.44e-04
9.84697e-01 9.43e-04
9.85145e-01 9.42e-04
9.85630e-01 9.41e-04
9.86078e-01 9.40e-04
9.86563e-01 9.39e-04
9.87010e-01 9.38e-04
9.87494e-01 9.37e-04
9.87941e-01 9.36e-04
9.88425e-01 9.34e-04
9.88872e-01 9.33e-04
9.89355e-01 9.32e-04
9.89801e-01 9.31e-04
9.90284e-01 9.30e-04
9.90730e-01 9.29e-04
9.91213e-01 9.28e-04
9.91658e-01 9.27e-04
9.92140e-01 9.26e-04
9.92585e-01 9.25e-04
9.93067e-01 9.24e-04
9.93511e-01 9.23e-04
9.93992e-01 9.22e-04
9.94436e-01 9.20e-04
9.94917e-01 9.19e-04
9.95361e-01 9.18e-04
9.95804e-01 9.17e-04
9.96284e-01 9.16e-04
9.96727e-01 9.15e-04
9.97207e-01 9.14e-04
9.97649e-01 9.13e-04
9.98129e-01 9.12e-04
9.98571e-01 9.11e-04
9.99013e-01 9.10e-04
9.99492e-01 9.09e-04
9.99933e-01 9.08e-04
1.00041e+00 9.07e-04
1.00085e+00 9.06e-04
1.00129e+00 9.05e-04
1.00177e+00 9.04e-04
1.00221e+00 9.03e-04
1.00269e+00 9.01e-04
1.00313e+00 9.00e-04
1.00357e+00 8.99e-04
1.00405e+00 8.98e-04
1.00448e+00 8.97e-04
1.00492e+00 8.96e-04
1.00540e+00 8.95e-04
1.00584e+00 8.94e-04
1.00628e+00 8.93e-04
1.00675e+00 8.92e-04
1.00719e+00 8.91e-04
1.00763e+00 8.90e-04
1.00810e+00 8.89e-04
1.00854e+00 8.88e-04
1.00898e+00 8.87e-04
1.00945e+00 8.86e-04
1.00989e+00 8.85e-04
1.01033e+00 8.84e-04
1.01080e+00 8.83e-04
1.01124e+00 8.82e-04
1.01167e+00 8.81e-04
1.01215e+00 8.80e-04
1.01258e+00 8.79e-04
1.01302e+00 8.78e-04
1.01345e+00 8.77e-04
1.01393e+00 8.76e-04
1.01436e+00 8.75e-04
1.01480e+00 8.74e-04
1.01527e+00 8.73e-04
1.01570e+00 8.72e-04
1.01614e+00 8.71e-04
1.01657e+00 8.70e-04
1.01704e+00 8.69e-04
1.01747e+00 8.68e-04
1.01791e+00 8.67e-04
1.01834e+00 8.66e-04
1.01881e+00 8.65e-04
1.01924e+00 8.64e-04
1.01968e+00 8.63e-04
1.02011e+00 8.62e-04
1.02054e+00 8.61e-04
1.02101e+00 8.60e-04
1.02144e+00 8.59e-04
1.02188e+00 8.59e-04
1.02231e+00 8.58e-04
1.02277e+00 8.57e-04
1.02321e+00 8.56e-04
1.02364e+00 8.55e-04
1.02407e+00 8.54e-04
1.02450e+00 8.53e-04
1.02497e+00 8.52e-04
1.02540e+00 8.51e-04
1.02583e+00 8.50e-04
1.02626e+00 8.49e-04
1.02669e+00 8.48e-04
1.02712e+00 8.47e-04
1.02758e+00 8.46e-04
1.02801e+00 8.46e-04
1.02844e+00 8.45e-04
1.02887e+00 8.44e-04
1.02930e+00 8.43e-04
1.02973e+00 8.42e-04
1.03019e+00 8.41e-04
1.03062e+00 8.40e-04
1.03105e+00 8.39e-04
1.03147e+00 8.38e-04
1.03190e+00 8.37e-04
1.03233e+00 8.37e-04
1.03276e+00 8.36e-04
1.03322e+00 8.35e-04
1.03365e+00 8.34e-04
1.03407e+00 8.33e-04
1.03450e+00 8.32e-04
1.03493e+00 8.31e-04
1.03535e+00 8.30e-04
1.03578e+00 8.29e-04
1.03620e+00 8.28e-04
1.03663e+00 8.28e-04
1.03706e+00 8.27e-04
1.03752e+00 8.26e-04
1.03794e+00 8.25e-04
1.03837e+00 8.24e-04
1.03879e+00 8.23e-04
1.03922e+00 8.22e-04
1.03964e+00 8.22e-04
1.04006e+00 8.21e-04
1.04049e+00 8.20e-04
1.04091e+00 8.19e-04
1.04134e+00 8.18e-04
1.04176e+00 8.17e-04
1.04218e+00 8.16e-04
1.04261e+00 8.15e-04
1.04303e+00 8.15e-04
1.04349e+00 8.14e-04
1.04391e+00 8.13e-04
1.04433e+00 8.12e-04
1.04475e+00 8.11e-04
1.04518e+00 8.10e-04
1.04560e+00 8.10e-04
1.04602e+00 8.09e-04
1.04644e+00 8.08e-04
1.04686e+00 8.07e-04
1.04728e+00 8.06e-04
1.04770e+00 8.05e-04
1.04813e+00 8.05e-04
1.04855e+00 8.04e-04
1.04897e+00 8.03e-04
1.04939e+00 8.02e-04
1.04981e+00 8.01e-04
1.05023e+00 8.00e-04
1.05065e+00 8.00e-04
1.05107e+00 7.99e-04
1.05149e+00 7.98e-04
1.05190e+00 7.97e-04
1.05232e+00 7.96e-04
1.05274e+00 7.96e-04
1.05316e+00 7.95e-04
1.05358e+00 7.94e-04
1.05400e+00 7.93e-04
1.05442e+00 7.92e-04
1.05483e+00 7.92e-04
1.05522e+00 7.91e-04
1.05564e+00 7.90e-04
1.05605e+00 7.89e-04
1.07388e+00 7.56e-04
1.09122e+00 7.26e-04
1.10157e+00 7.08e-04
1.11858e+00 6.80e-04
1.13072e+00 6.62e-04
1.14483e+00 6.41e-04
1.15547e+00 6.25e-04
1.16944e+00 6.06e-04
1.17973e+00 5.93e-04
1.19631e+00 5.74e-04
1.19987e+00 5.70e-04
1.20003e+00 5.69e-04
1.21817e+00 5.50e-04
1.23233e+00 5.36e-04
1.24850e+00 5.22e-04
1.26155e+00 5.11e-04
1.27718e+00 5.00e-04
1.28890e+00 4.92e-04
1.30346e+00 4.85e-04
1.31576e+00 4.79e-04
1.32790e+00 4.75e-04
1.34049e+00 4.71e-04
1.35178e+00 4.70e-04
1.36382e+00 4.69e-04
1.37475e+00 4.71e-04
1.38143e+00 4.72e-04
1.39001e+00 4.74e-04
1.39825e+00 4.78e-04
1.40455e+00 4.81e-04
1.41162e+00 4.86e-04
1.41731e+00 4.90e-04
1.42082e+00 4.93e-04
1.42621e+00 4.99e-04
1.43050e+00 5.03e-04
1.43239e+00 5.05e-04
1.43639e+00 5.11e-04
1.43960e+00 5.15e-04
1.44279e+00 5.19e-04
1.44412e+00 5.22e-04
1.44678e+00 5.26e-04
1.44889e+00 5.29e-04
1.45103e+00 5.33e-04
1.45288e+00 5.36e-04
1.45421e+00 5.39e-04
1.45552e+00 5.41e-04
1.45657e+00 5.43e-04
1.45736e+00 5.45e-04
1.45815e+00 5.47e-04
1.45843e+00 5.47e-04
1.45868e+00 5.48e-04
1.45896e+00 5.48e-04
1.45922e+00 5.49e-04
1.45948e+00 5.49e-04
1.45975e+00 5.50e-04
1.46001e+00 5.50e-04
1.46026e+00 5.51e-04
1.46054e+00 5.52e-04
1.46080e+00 5.52e-04
1.46105e+00 5.53e-04
1.46133e+00 5.53e-04
1.46159e+00 5.54e-04
1.46184e+00 5.54e-04
1.46212e+00 5.55e-04
1.46238e+00 5.56e-04
1.46263e+00 5.56e-04
1.46291e+00 5.57e-04
1.46316e+00 5.57e-04
1.46344e+00 5.58e-04
1.46370e+00 5.59e-04
1.46395e+00 5.59e-04
1.46423e+00 5.60e-04
1.46448e+00 5.60e-04
1.46474e+00 5.61e-04
1.46501e+00 5.62e-04
1.46527e+00 5.62e-04
1.46554e+00 5.63e-04
1.46580e+00 5.63e-04
1.46605e+00 5.64e-04
1.46633e+00 5.65e-04
1.46658e+00 5.65e-04
1.46686e+00 5.66e-04
1.46711e+00 5.67e-04
1.46737e+00 5.67e-04
1.46764e+00 5.68e-04
1.46790e+00 5.69e-04
1.46817e+00 5.69e-04
1.46843e+00 5.70e-04
1.46868e+00 5.71e-04
1.46896e+00 5.71e-04
1.46921e+00 5.72e-04
1.46949e+00 5.73e-04
1.46974e+00 5.73e-04
1.46999e+00 5.74e-04
1.47027e+00 5.75e-04
1.47052e+00 5.75e-04
1.47080e+00 5.76e-04
1.47105e+00 5.77e-04
1.47130e+00 5.77e-04
1.47158e+00 5.78e-04
1.47183e+00 5.79e-04
1.47211e+00 5.79e-04
1.47236e+00 5.80e-04
1.47261e+00 5.81e-04
1.47288e+00 5.82e-04
1.47314e+00 5.82e-04
1.47341e+00 5.83e-04
1.47366e+00 5.84e-04
1.47394e+00 5.85e-04
1.47419e+00 5.85e-04
1.47447e+00 5.86e-04
1.47472e+00 5.87e-04
1.47497e+00 5.87e-04
1.47524e+00 5.88e-04
1.47550e+00 5.89e-04
1.47577e+00 5.90e-04
1.47602e+00 5.91e-04
1.47630e+00 5.91e-04
1.47655e+00 5.92e-04
1.47680e+00 5.93e-04
1.47707e+00 5.94e-04
1.47732e+00 5.94e-04
1.47760e+00 5.95e-04
1.47785e+00 5.96e-04
1.47812e+00 5.97e-04
1.47837e+00 5.98e-04
1.47865e+00 5.98e-04
1.47890e+00 5.99e-04
1.47917e+00 6.00e-04
1.47942e+00 6.01e-04
1.47969e+00 6.02e-04
1.47994e+00 6.02e-04
1.48019e+00 6.03e-04
1.48047e+00 6.04e-04
1.48072e+00 6.05e-04
1.48099e+00 6.06e-04
1.48124e+00 6.07e-04
1.48151e+00 6.07e-04
1.48176e+00 6.08e-04
1.48204e+00 6.09e-04
1.48229e+00 6.10e-04
1.48256e+00 6.11e-04
1.48281e+00 6.12e-04
1.48308e+00 6.13e-04
1.48333e+00 6.14e-04
1.48360e+00 6.14e-04
1.48385e+00 6.15e-04
1.48412e+00 6.16e-04
1.48437e+00 6.17e-04
1.48465e+00 6.18e-04
1.48489e+00 6.19e-04
1.48517e+00 6.20e-04
1.48542e+00 6.21e-04
1.48569e+00 6.22e-04
1.48594e+00 6.23e-04
1.48621e+00 6.24e-04
1.48646e+00 6.25e-04
1.48673e+00 6.25e-04
1.48698e+00 6.26e-04
1.48725e+00 6.27e-04
1.48750e+00 6.28e-04
1.48777e+00 6.29e-04
1.48802e+00 6.30e-04
1.48829e+00 6.31e-04
1.48854e+00 6.32e-04
1.48881e+00 6.33e-04
1.48908e+00 6.34e-04
1.48932e+00 6.35e-04
1.48960e+00 6.36e-04
1.48984e+00 6.37e-04
1.49011e+00 6.38e-04
1.49036e+00 6.39e-04
1.49063e+00 6.40e-04
1.49088e+00 6.41e-04
1.49115e+00 6.42e-04
1.49140e+00 6.43e-04
1.49167e+00 6.44e-04
1.49191e+00 6.45e-04
1.49218e+00 6.47e-04
1.49245e+00 6.48e-04
1.49270e+00 6.49e-04
1.49297e+00 6.50e-04
1.49322e+00 6.51e-04
1.49349e+00 6.52e-04
1.49374e+00 6.53e-04
1.49400e+00 6.54e-04
1.49425e+00 6.55e-04
1.49452e+00 6.56e-04
1.49479e+00 6.57e-04
1.49504e+00 6.59e-04
1.49531e+00 6.60e-04
1.49555e+00 6.61e-04
1.49582e+00 6.62e-04
1.49607e+00 6.63e-04
1.49634e+00 6.64e-04
1.49661e+00 6.65e-04
1.49685e+00 6.67e-04
1.49712e+00 6.68e-04
1.49737e+00 6.69e-04
1.49763e+00 6.70e-04
1.49790e+00 6.71e-04
1.49815e+00 6.73e-04
1.49842e+00 6.74e-04
1.49866e+00 6.75e-04
1.49893e+00 6.76e-04
1.49920e+00 6.77e-04
1.49944e+00 6.79e-04
1.49971e+00 6.80e-04
1.49996e+00 6.81e-04
1.50023e+00 6.82e-04
1.50049e+00 6.84e-04
1.50074e+00 6.85e-04
1.50101e+00 6.86e-04
1.50125e+00 6.88e-04
1.50152e+00 6.89e-04
1.50179e+00 6.90e-04
1.50203e+00 6.91e-04
1.50230e+00 6.93e-04
1.50257e+00 6.94e-04
1.50281e+00 6.95e-04
1.50308e+00 6.97e-04
1.50332e+00 6.98e-04
1.50359e+00 6.99e-04
1.50386e+00 7.01e-04
1.50410e+00 7.02e-04
1.50437e+00 7.03e-04
1.50463e+00 7.05e-04
1.50488e+00 7.06e-04
1.50514e+00 7.08e-04
1.50541e+00 7.09e-04
1.50565e+00 7.10e-04
1.50592e+00 7.12e-04
1.50619e+00 7.13e-04
1.50643e+00 7.15e-04
1.50670e+00 7.16e-04
1.50694e+00 7.18e-04
1.50721e+00 7.19e-04
1.50747e+00 7.21e-04
1.50772e+00 7.22e-04
1.50798e+00 7.23e-04
1.50825e+00 7.25e-04
1.50849e+00 7.26e-04
1.50876e+00 7.28e-04
1.50902e+00 7.29e-04
1.50929e+00 7.31e-04
1.50953e+00 7.33e-04
1.50979e+00 7.34e-04
1.51006e+00 7.36e-04
1.51030e+00 7.37e-04
1.51057e+00 7.39e-04
1.51083e+00 7.40e-04
1.51108e+00 7.42e-04
1.51134e+00 7.43e-04
1.51160e+00 7.45e-04
1.51185e+00 7.47e-04
1.51211e+00 7.48e-04
1.51238e+00 7.50e-04
1.51264e+00 7.52e-04
1.51288e+00 7.53e-04
1.51315e+00 7.55e-04
1.51341e+00 7.57e-04
1.51365e+00 7.58e-04
1.51392e+00 7.60e-04
1.51418e+00 7.62e-04
1.51442e+00 7.63e-04
1.51469e+00 7.65e-04
1.51495e+00 7.67e-04
1.51522e+00 7.69e-04
1.51546e+00 7.70e-04
1.51572e+00 7.72e-04
1.51598e+00 7.74e-04
1.51625e+00 7.76e-04
1.51649e+00 7.77e-04
1.51675e+00 7.79e-04
1.51702e+00 7.81e-04
1.51728e+00 7.83e-04
1.51752e+00 7.85e-04
1.51778e+00 7.86e-04
1.51805e+00 7.88e-04
1.51831e+00 7.90e-04
1.51855e+00 7.92e-04
1.51881e+00 7.94e-04
1.51908e+00 7.96e-04
1.51934e+00 7.98e-04
1.51958e+00 8.00e-04
1.51984e+00 8.02e-04
1.52010e+00 8.04e-04
1.52037e+00 8.06e-04
1.52061e+00 8.08e-04
1.52087e+00 8.10e-04
1.52113e+00 8.12e-04
1.52139e+00 8.14e-04
1.52163e+00 8.16e-04
1.52190e+00 8.18e-04
1.52216e+00 8.20e-04
1.52242e+00 8.22e-04
1.52268e+00 8.24e-04
1.52292e+00 8.26e-04
1.52318e+00 8.28e-04
1.52344e+00 8.30e-04
1.52371e+00 8.32e-04
1.52397e+00 8.34e-04
1.52421e+00 8.36e-04
1.52447e+00 8.39e-04
1.52473e+00 8.41e-04
1.52499e+00 8.43e-04
1.52525e+00 8.45e-04
1.52549e+00 8.47e-04
1.52575e+00 8.50e-04
1.52601e+00 8.52e-04
1.52627e+00 8.54e-04
1.52653e+00 8.56e-04
1.52680e+00 8.59e-04
1.52703e+00 8.61e-04
1.52729e+00 8.63e-04
1.52756e+00 8.66e-04
1.52782e+00 8.68e-04
1.52808e+00 8.70e-04
1.52831e+00 8.73e-04
1.52857e+00 8.75e-04
1.52884e+00 8.78e-04
1.52910e+00 8.80e-04
1.52936e+00 8.82e-04
1.52962e+00 8.85e-04
1.52988e+00 8.87e-04
1.53011e+00 8.90e-04
1.53037e+00 8.92e-04
1.53063e+00 8.95e-04
1.53089e+00 8.97e-04
1.53115e+00 9.00e-04
1.53141e+00 9.03e-04
1.53167e+00 9.05e-04
1.53191e+00 9.08e-04
1.53217e+00 9.10e-04
1.53243e+00 9.13e-04
1.53269e+00 9.16e-04
1.53295e+00 9.18e-04
1.53320e+00 9.21e-04
1.53346e+00 9.24e-04
1.53372e+00 9.27e-04
1.53396e+00 9.29e-04
1.53422e+00 9.32e-04
1.53448e+00 9.35e-04
1.53474e+00 9.38e-04
1.53499e+00 9.40e-04
1.53525e+00 9.43e-04
1.53551e+00 9.46e-04
1.53577e+00 9.49e-04
1.53603e+00 9.52e-04
1.53629e+00 9.55e-04
1.53652e+00 9.58e-04
1.53678e+00 9.61e-04
1.53704e+00 9.64e-04
1.53730e+00 9.67e-04
1.53756e+00 9.70e-04
1.53781e+00 9.73e-04
1.53807e+00 9.76e-04
1.53833e+00 9.79e-04
1.53859e+00 9.82e-04
1.53884e+00 9.85e-04
1.53910e+00 9.89e-04
1.53936e+00 9.92e-04
1.53962e+00 9.95e-04
1.53987e+00 9.98e-04
1.54013e+00 1.00e-03
1.54037e+00 1.00e-03
1.54062e+00 1.01e-03
1.54088e+00 1.01e-03
1.54114e+00 1.01e-03
1.54139e+00 1.02e-03
1.54165e+00 1.02e-03
1.54191e+00 1.02e-03
1.54216e+00 1.03e-03
1.54242e+00 1.03e-03
1.54268e+00 1.04e-03
1.54293e+00 1.04e-03
1.54319e+00 1.04e-03
1.54345e+00 1.05e-03
1.54370e+00 1.05e-03
1.54396e+00 1.05e-03
1.54422e+00 1.06e-03
1.54447e+00 1.06e-03
1.54473e+00 1.06e-03
1.54498e+00 1.07e-03
1.54524e+00 1.07e-03
1.54550e+00 1.08e-03
1.54575e+00 1.08e-03
1.54601e+00 1.08e-03
1.54626e+00 1.09e-03
1.54652e+00 1.09e-03
1.54677e+00 1.10e-03
1.54703e+00 1.10e-03
1.54729e+00 1.10e-03
1.54754e+00 1.11e-03
1.54780e+00 1.11e-03
1.54805e+00 1.12e-03
1.54831e+00 1.12e-03
1.54856e+00 1.12e-03
1.54882e+00 1.13e-03
1.54907e+00 1.13e-03
1.54933e+00 1.14e-03
1.54958e+00 1.14e-03
1.54984e+00 1.14e-03
1.55009e+00 1.15e-03
1.55035e+00 1.15e-03
1.55060e+00 1.16e-03
1.55085e+00 1.16e-03
1.55111e+00 1.17e-03
1.55138e+00 1.17e-03
1.55164e+00 1.18e-03
1.55189e+00 1.18e-03
1.55215e+00 1.18e-03
1.55240e+00 1.19e-03
1.55266e+00 1.19e-03
1.55291e+00 1.20e-03
1.55316e+00 1.20e-03
1.55342e+00 1.21e-03
1.55367e+00 1.21e-03
1.55393e+00 1.22e-03
1.55418e+00 1.22e-03
1.55443e+00 1.23e-03
1.55471e+00 1.23e-03
1.55496e+00 1.24e-03
1.55521e+00 1.24e-03
1.55547e+00 1.25e-03
1.55572e+00 1.25e-03
1.55597e+00 1.26e-03
1.55623e+00 1.26e-03
1.55648e+00 1.27e-03
1.55673e+00 1.27e-03
1.55699e+00 1.28e-03
1.55726e+00 1.28e-03
1.55751e+00 1.29e-03
1.55777e+00 1.29e-03
1.55802e+00 1.30e-03
1.55827e+00 1.31e-03
1.55852e+00 1.31e-03
1.55878e+00 1.32e-03
1.55903e+00 1.32e-03
1.55930e+00 1.33e-03
1.55955e+00 1.33e-03
1.55981e+00 1.34e-03
1.56006e+00 1.34e-03
1.56031e+00 1.35e-03
1.56056e+00 1.36e-03
1.56081e+00 1.36e-03
1.56109e+00 1.37e-03
1.56134e+00 1.38e-03
1.56159e+00 1.38e-03
1.56184e+00 1.39e-03
1.56209e+00 1.39e-03
1.56235e+00 1.40e-03
1.56262e+00 1.41e-03
1.56287e+00 1.41e-03
1.56312e+00 1.42e-03
1.56337e+00 1.43e-03
1.56362e+00 1.43e-03
1.56390e+00 1.44e-03
1.56415e+00 1.45e-03
1.56440e+00 1.45e-03
1.56465e+00 1.46e-03
1.56490e+00 1.47e-03
1.56517e+00 1.47e-03
1.56542e+00 1.48e-03
1.56567e+00 1.49e-03
1.56592e+00 1.50e-03
1.56618e+00 1.50e-03
1.56645e+00 1.51e-03
1.56670e+00 1.52e-03
1.56695e+00 1.53e-03
1.56720e+00 1.53e-03
1.56745e+00 1.54e-03
1.56772e+00 1.55e-03
1.56797e+00 1.56e-03
1.56822e+00 1.57e-03
1.56847e+00 1.57e-03
1.56874e+00 1.58e-03
1.56899e+00 1.59e-03
1.56924e+00 1.60e-03
1.56949e+00 1.61e-03
1.56976e+00 1.61e-03
1.57001e+00 1.62e-03
1.57026e+00 1.63e-03
1.57051e+00 1.64e-03
1.57078e+00 1.65e-03
1.57103e+00 1.66e-03
1.57128e+00 1.67e-03
1.57155e+00 1.68e-03
1.57180e+00 1.69e-03
1.57205e+00 1.70e-03
1.57230e+00 1.70e-03
1.57257e+00 1.71e-03
1.57282e+00 1.72e-03
1.57306e+00 1.73e-03
1.57333e+00 1.74e-03
1.57358e+00 1.75e-03
1.57383e+00 1.76e-03
1.57408e+00 1.77e-03
1.57435e+00 1.78e-03
1.57460e+00 1.79e-03
1.57485e+00 1.80e-03
1.57512e+00 1.82e-03
1.57536e+00 1.83e-03
1.57561e+00 1.84e-03
1.57588e+00 1.85e-03
1.57613e+00 1.86e-03
1.57638e+00 1.87e-03
1.57665e+00 1.88e-03
1.57689e+00 1.89e-03
1.57714e+00 1.91e-03
1.57741e+00 1.92e-03
1.57766e+00 1.93e-03
1.57791e+00 1.94e-03
1.57817e+00 1.95e-03
1.57842e+00 1.97e-03
1.57867e+00 1.98e-03
1.57894e+00 1.99e-03
1.57918e+00 2.00e-03
1.57943e+00 2.02e-03
1.57970e+00 2.03e-03
1.57995e+00 2.04e-03
1.58022e+00 2.06e-03
1.58046e+00 2.07e-03
1.58071e+00 2.09e-03
1.58098e+00 2.10e-03
1.58122e+00 2.11e-03
1.58149e+00 2.13e-03
1.58174e+00 2.14e-03
1.58198e+00 2.16e-03
1.58225e+00 2.17e-03
1.58250e+00 2.19e-03
1.58277e+00 2.21e-03
1.58301e+00 2.22e-03
1.58326e+00 2.24e-03
1.58353e+00 2.25e-03
1.58377e+00 2.27e-03
1.58404e+00 2.29e-03
1.58428e+00 2.30e-03
1.58453e+00 2.32e-03
1.58480e+00 2.34e-03
1.58504e+00 2.36e-03
1.58531e+00 2.37e-03
1.58555e+00 2.39e-03
1.58582e+00 2.41e-03
1.58607e+00 2.43e-03
1.58633e+00 2.45e-03
1.58658e+00 2.47e-03
1.58682e+00 2.49e-03
1.58709e+00 2.51e-03
1.58734e+00 2.53e-03
1.58760e+00 2.55e-03
1.58785e+00 2.57e-03
1.58811e+00 2.59e-03
1.58836e+00 2.61e-03
1.58862e+00 2.64e-03
1.58887e+00 2.66e-03
1.58913e+00 2.68e-03
1.58938e+00 2.70e-03
1.58964e+00 2.73e-03
1.58989e+00 2.75e-03
1.59015e+00 2.78e-03
1.59040e+00 2.80e-03
1.59066e+00 2.83e-03
1.59091e+00 2.85e-03
1.59117e+00 2.88e-03
1.59142e+00 2.91e-03
1.59168e+00 2.93e-03
1.59193e+00 2.96e-03
1.59219e+00 2.99e-03
1.59243e+00 3.02e-03
1.59270e+00 3.05e-03
1.59294e+00 3.08e-03
1.59321e+00 3.11e-03
1.59345e+00 3.14e-03
1.59371e+00 3.17e-03
1.59398e+00 3.20e-03
1.59422e+00 3.23e-03
1.59449e+00 3.27e-03
1.59473e+00 3.30e-03
1.59499e+00 3.33e-03
1.59524e+00 3.37e-03
1.59550e+00 3.40e-03
1.59574e+00 3.44e-03
1.59601e+00 3.48e-03
1.59627e+00 3.51e-03
1.59651e+00 3.55e-03
1.59678e+00 3.59e-03
1.59702e+00 3.63e-03
1.59728e+00 3.67e-03
1.59755e+00 3.71e-03
1.59779e+00 3.75e-03
1.59805e+00 3.79e-03
1.59830e+00 3.83e-03
1.59856e+00 3.87e-03
1.59882e+00 3.91e-03
1.59906e+00 3.95e-03
1.59933e+00 4.00e-03
1.59957e+00 4.04e-03
1.59983e+00 4.08e-03
1.60009e+00 4.12e-03
1.60034e+00 4.16e-03
1.60060e+00 4.20e-03
1.60086e+00 4.24e-03
1.60110e+00 4.28e-03
1.60137e+00 4.32e-03
1.60161e+00 4.36e-03
1.60187e+00 4.39e-03
1.60213e+00 4.43e-03
1.60237e+00 4.47e-03
1.60263e+00 4.50e-03
1.60290e+00 4.54e-03
1.60314e+00 4.57e-03
1.60340e+00 4.60e-03
1.60366e+00 4.64e-03
1.60390e+00 4.67e-03
1.60416e+00 4.70e-03
1.60443e+00 4.73e-03
1.60469e+00 4.77e-03
1.60493e+00 4.80e-03
1.60519e+00 4.83e-03
1.60545e+00 4.86e-03
1.60569e+00 4.90e-03
1.60595e+00 4.93e-03
1.60621e+00 4.96e-03
1.60645e+00 5.00e-03
1.60671e+00 5.03e-03
1.60697e+00 5.07e-03
1.60724e+00 5.10e-03
1.60748e+00 5.14e-03
1.60774e+00 5.18e-03
1.60800e+00 5.22e-03
1.60826e+00 5.26e-03
1.60850e+00 5.30e-03
1.60876e+00 5.34e-03
1.60902e+00 5.38e-03
1.60928e+00 5.43e-03
1.60952e+00 5.47e-03
1.60978e+00 5.52e-03
1.61004e+00 5.57e-03
1.61030e+00 5.62e-03
1.61054e+00 5.67e-03
1.61080e+00 5.72e-03
1.61106e+00 5.78e-03
1.61132e+00 5.83e-03
1.61156e+00 5.89e-03
1.61182e+00 5.95e-03
1.61207e+00 6.01e-03
1.61233e+00 6.08e-03
1.61259e+00 6.14e-03
1.61283e+00 6.21e-03
1.61309e+00 6.28e-03
1.61335e+00 6.35e-03
1.61361e+00 6.43e-03
1.61387e+00 6.50e-03
1.61413e+00 6.58e-03
1.61437e+00 6.67e-03
1.61462e+00 6.75e-03
1.61488e+00 6.84e-03
1.61514e+00 6.93e-03
1.61540e+00 7.03e-03
1.61566e+00 7.12e-03
1.61590e+00 7.22e-03
1.61616e+00 7.33e-03
1.61641e+00 7.43e-03
1.61667e+00 7.55e-03
1.61693e+00 7.66e-03
1.61719e+00 7.78e-03
1.61745e+00 7.90e-03
1.61768e+00 8.03e-03
1.61794e+00 8.16e-03
1.61820e+00 8.30e-03
1.61846e+00 8.44e-03
1.61871e+00 8.59e-03
1.61897e+00 8.74e-03
1.61923e+00 8.90e-03
1.61949e+00 9.06e-03
1.61974e+00 9.23e-03
1.61998e+00 9.41e-03
1.62024e+00 9.60e-03
1.62050e+00 9.79e-03
1.62075e+00 9.99e-03
1.62101e+00 1.02e-02
1.62127e+00 1.04e-02
1.62152e+00 1.06e-02
1.62178e+00 1.09e-02
1.62204e+00 1.11e-02
1.62229e+00 1.14e-02
1.62255e+00 1.16e-02
1.62267e+00 1.18e-02
1.62293e+00 1.21e-02
1.62318e+00 1.24e-02
1.62344e+00 1.27e-02
1.62370e+00 1.30e-02
1.62395e+00 1.33e-02
1.62421e+00 1.37e-02
1.62446e+00 1.41e-02
1.62472e+00 1.44e-02
1.62498e+00 1.49e-02
1.62523e+00 1.53e-02
1.62549e+00 1.57e-02
1.62574e+00 1.62e-02
1.62600e+00 1.67e-02
1.62626e+00 1.72e-02
1.62651e+00 1.78e-02
1.62677e+00 1.83e-02
1.62702e+00 1.90e-02
1.62728e+00 1.96e-02
1.62753e+00 2.02e-02
1.62779e+00 2.09e-02
1.62804e+00 2.17e-02
1.62830e+00 2.24e-02
1.62855e+00 2.32e-02
1.62881e+00 2.41e-02
1.62906e+00 2.49e-02
1.62932e+00 2.58e-02
1.62957e+00 2.67e-02
1.62983e+00 2.77e-02
1.63008e+00 2.87e-02
1.63034e+00 2.97e-02
1.63061e+00 3.07e-02
1.63087e+00 3.18e-02
1.63112e+00 3.28e-02
1.63138e+00 3.39e-02
1.63163e+00 3.50e-02
1.63188e+00 3.60e-02
1.63214e+00 3.71e-02
1.63239e+00 3.81e-02
1.63265e+00 3.91e-02
1.63290e+00 4.00e-02
1.63315e+00 4.09e-02
1.63343e+00 4.18e-02
1.63368e+00 4.26e-02
1.63394e+00 4.33e-02
1.63419e+00 4.40e-02
1.63444e+00 4.46e-02
1.63470e+00 4.50e-02
1.63483e+00 4.53e-02
1.63495e+00 4.54e-02
1.63509e+00 4.56e-02
1.63520e+00 4.57e-02
1.63534e+00 4.58e-02
1.63548e+00 4.59e-02
1.63559e+00 4.60e-02
1.63573e+00 4.60e-02
1.63585e+00 4.60e-02
1.63598e+00 4.60e-02
1.63612e+00 4.60e-02
1.63637e+00 4.58e-02
1.63662e+00 4.56e-02
1.63688e+00 4.53e-02
1.63713e+00 4.49e-02
1.63738e+00 4.44e-02
1.63766e+00 4.39e-02
1.63791e+00 4.34e-02
1.63816e+00 4.28e-02
1.63841e+00 4.23e-02
1.63867e+00 4.17e-02
1.63894e+00 4.11e-02
1.63919e+00 4.06e-02
1.63944e+00 4.01e-02
1.63970e+00 3.96e-02
1.63995e+00 3.92e-02
1.64022e+00 3.89e-02
1.64034e+00 3.88e-02
1.64047e+00 3.87e-02
1.64059e+00 3.86e-02
1.64072e+00 3.85e-02
1.64086e+00 3.84e-02
1.64098e+00 3.84e-02
1.64111e+00 3.84e-02
1.64125e+00 3.84e-02
1.64136e+00 3.85e-02
1.64150e+00 3.86e-02
1.64161e+00 3.87e-02
1.64175e+00 3.89e-02
1.64189e+00 3.90e-02
1.64200e+00 3.93e-02
1.64214e+00 3.95e-02
1.64227e+00 3.98e-02
1.64239e+00 4.01e-02
1.64252e+00 4.05e-02
1.64264e+00 4.10e-02
1.64278e+00 4.14e-02
1.64291e+00 4.20e-02
1.64303e+00 4.25e-02
1.64316e+00 4.32e-02
1.64330e+00 4.39e-02
1.64341e+00 4.47e-02
1.64355e+00 4.55e-02
1.64368e+00 4.65e-02
1.64380e+00 4.75e-02
1.64394e+00 4.86e-02
1.64405e+00 4.98e-02
1.64419e+00 5.11e-02
1.64432e+00 5.25e-02
1.64444e+00 5.40e-02
1.64457e+00 5.57e-02
1.64471e+00 5.75e-02
1.64482e+00 5.95e-02
1.64496e+00 6.17e-02
1.64509e+00 6.40e-02
1.64521e+00 6.66e-02
1.64535e+00 6.93e-02
1.64548e+00 7.23e-02
1.64560e+00 7.55e-02
1.64573e+00 7.90e-02
1.64587e+00 8.28e-02
1.64598e+00 8.68e-02
1.64612e+00 9.12e-02
1.64625e+00 9.58e-02
1.64637e+00 1.01e-01
1.64650e+00 1.06e-01
1.64664e+00 1.11e-01
1.64675e+00 1.17e-01
1.64702e+00 1.29e-01
1.64714e+00 1.35e-01
1.64727e+00 1.41e-01
1.64741e+00 1.46e-01
1.64752e+00 1.51e-01
1.64766e+00 1.55e-01
1.64779e+00 1.59e-01
1.64791e+00 1.61e-01
1.64804e+00 1.63e-01
1.64818e+00 1.63e-01
1.64829e+00 1.62e-01
1.64843e+00 1.60e-01
1.64856e+00 1.57e-01
1.64868e+00 1.53e-01
1.64881e+00 1.48e-01
1.64895e+00 1.42e-01
1.64906e+00 1.36e-01
1.64920e+00 1.30e-01
1.64947e+00 1.18e-01
1.64958e+00 1.12e-01
1.64972e+00 1.06e-01
1.64985e+00 1.00e-01
1.64997e+00 9.49e-02
1.65010e+00 8.98e-02
1.65023e+00 8.50e-02
1.65035e+00 8.04e-02
1.65048e+00 7.62e-02
1.65062e+00 7.23e-02
1.65075e+00 6.86e-02
1.65087e+00 6.51e-02
1.65100e+00 6.19e-02
1.65114e+00 5.90e-02
1.65125e+00 5.62e-02
1.65139e+00 5.36e-02
1.65152e+00 5.13e-02
1.65163e+00 4.90e-02
1.65177e+00 4.70e-02
1.65190e+00 4.50e-02
1.65204e+00 4.32e-02
1.65215e+00 4.15e-02
1.65229e+00 4.00e-02
1.65242e+00 3.85e-02
1.65254e+00 3.71e-02
1.65267e+00 3.58e-02
1.65280e+00 3.46e-02
1.65294e+00 3.35e-02
1.65305e+00 3.24e-02
1.65319e+00 3.14e-02
1.65332e+00 3.04e-02
1.65345e+00 2.95e-02
1.65357e+00 2.87e-02
1.65370e+00 2.79e-02
1.65384e+00 2.71e-02
1.65395e+00 2.64e-02
1.65409e+00 2.57e-02
1.65422e+00 2.51e-02
1.65435e+00 2.45e-02
1.65447e+00 2.39e-02
1.65460e+00 2.33e-02
1.65474e+00 2.28e-02
1.65487e+00 2.23e-02
1.65498e+00 2.18e-02
1.65512e+00 2.13e-02
1.65525e+00 2.09e-02
1.65539e+00 2.05e-02
1.65550e+00 2.01e-02
1.65563e+00 1.97e-02
1.65577e+00 1.93e-02
1.65590e+00 1.89e-02
1.65602e+00 1.86e-02
1.65615e+00 1.83e-02
1.65628e+00 1.79e-02
1.65642e+00 1.76e-02
1.65653e+00 1.73e-02
1.65666e+00 1.71e-02
1.65680e+00 1.68e-02
1.65693e+00 1.65e-02
1.65705e+00 1.63e-02
1.65718e+00 1.60e-02
1.65745e+00 1.56e-02
1.65769e+00 1.51e-02
1.65796e+00 1.47e-02
1.65821e+00 1.43e-02
1.65848e+00 1.40e-02
1.65872e+00 1.36e-02
1.65899e+00 1.33e-02
1.65924e+00 1.30e-02
1.65950e+00 1.27e-02
1.65975e+00 1.24e-02
1.66002e+00 1.21e-02
1.66028e+00 1.19e-02
1.66053e+00 1.16e-02
1.66080e+00 1.14e-02
1.66104e+00 1.12e-02
1.66131e+00 1.10e-02
1.66157e+00 1.08e-02
1.66182e+00 1.06e-02
1.66209e+00 1.04e-02
1.66233e+00 1.02e-02
1.66260e+00 1.00e-02
1.66286e+00 9.87e-03
1.66311e+00 9.71e-03
1.66338e+00 9.55e-03
1.66362e+00 9.40e-03
1.66389e+00 9.25e-03
1.66415e+00 9.11e-03
1.66440e+00 8.97e-03
1.66466e+00 8.83e-03
1.66493e+00 8.70e-03
1.66518e+00 8.58e-03
1.66544e+00 8.45e-03
1.66570e+00 8.33e-03
1.66595e+00 8.21e-03
1.66622e+00 8.10e-03
1.66648e+00 7.99e-03
1.66673e+00 7.88e-03
1.66699e+00 7.78e-03
1.66725e+00 7.67e-03
1.66752e+00 7.57e-03
1.66776e+00 7.47e-03
1.66803e+00 7.38e-03
1.66829e+00 7.28e-03
1.66854e+00 7.19e-03
1.66880e+00 7.10e-03
1.66906e+00 7.02e-03
1.66933e+00 6.93e-03
1.66957e+00 6.85e-03
1.66984e+00 6.76e-03
1.67010e+00 6.68e-03
1.67036e+00 6.60e-03
1.67061e+00 6.53e-03
1.67087e+00 6.45e-03
1.67113e+00 6.37e-03
1.67140e+00 6.30e-03
1.67166e+00 6.23e-03
1.67191e+00 6.16e-03
1.67217e+00 6.09e-03
1.67243e+00 6.02e-03
1.67269e+00 5.96e-03
1.67296e+00 5.89e-03
1.67320e+00 5.83e-03
1.67346e+00 5.76e-03
1.67373e+00 5.70e-03
1.67399e+00 5.64e-03
1.67425e+00 5.58e-03
1.67450e+00 5.52e-03
1.67476e+00 5.46e-03
1.67502e+00 5.41e-03
1.67528e+00 5.35e-03
1.67554e+00 5.30e-03
1.67581e+00 5.25e-03
1.67607e+00 5.19e-03
1.67633e+00 5.14e-03
1.67657e+00 5.09e-03
1.67683e+00 5.04e-03
1.67710e+00 4.99e-03
1.67736e+00 4.94e-03
1.67762e+00 4.89e-03
1.67788e+00 4.85e-03
1.67814e+00 4.80e-03
1.67840e+00 4.76e-03
1.67867e+00 4.71e-03
1.67893e+00 4.67e-03
1.67917e+00 4.62e-03
1.67943e+00 4.58e-03
1.67969e+00 4.54e-03
1.67995e+00 4.50e-03
1.68021e+00 4.46e-03
1.68047e+00 4.42e-03
1.68073e+00 4.38e-03
1.68100e+00 4.34e-03
1.68126e+00 4.30e-03
1.68152e+00 4.27e-03
1.68178e+00 4.23e-03
1.68204e+00 4.19e-03
1.68230e+00 4.16e-03
1.68256e+00 4.12e-03
1.68282e+00 4.09e-03
1.68308e+00 4.05e-03
1.68334e+00 4.02e-03
1.68360e+00 3.99e-03
1.68386e+00 3.96e-03
1.68412e+00 3.92e-03
1.68438e+00 3.89e-03
1.68464e+00 3.86e-03
1.68490e+00 3.83e-03
1.68516e+00 3.80e-03
1.68542e+00 3.77e-03
1.68570e+00 3.74e-03
1.68595e+00 3.72e-03
1.68621e+00 3.69e-03
1.68647e+00 3.66e-03
1.68673e+00 3.63e-03
1.68699e+00 3.61e-03
1.68725e+00 3.58e-03
1.68751e+00 3.56e-03
1.68777e+00 3.53e-03
1.68803e+00 3.51e-03
1.68829e+00 3.48e-03
1.68856e+00 3.46e-03
1.68882e+00 3.43e-03
1.68908e+00 3.41e-03
1.68934e+00 3.39e-03
1.68960e+00 3.36e-03
1.68986e+00 3.34e-03
1.69011e+00 3.32e-03
1.69039e+00 3.30e-03
1.69065e+00 3.28e-03
1.69091e+00 3.26e-03
1.69117e+00 3.23e-03
1.69142e+00 3.21e-03
1.69170e+00 3.19e-03
1.69196e+00 3.17e-03
1.69222e+00 3.15e-03
1.69247e+00 3.14e-03
1.69273e+00 3.12e-03
1.69301e+00 3.10e-03
1.69326e+00 3.08e-03
1.69352e+00 3.06e-03
1.69378e+00 3.05e-03
1.69405e+00 3.03e-03
1.69431e+00 3.01e-03
1.69457e+00 3.00e-03
1.69483e+00 2.98e-03
1.69510e+00 2.96e-03
1.69536e+00 2.95e-03
1.69562e+00 2.93e-03
1.69587e+00 2.92e-03
1.69615e+00 2.90e-03
1.69640e+00 2.89e-03
1.69666e+00 2.87e-03
1.69694e+00 2.86e-03
1.69719e+00 2.84e-03
1.69745e+00 2.83e-03
1.69771e+00 2.82e-03
1.69798e+00 2.80e-03
1.69824e+00 2.79e-03
1.69849e+00 2.78e-03
1.69877e+00 2.76e-03
1.69902e+00 2.75e-03
1.69930e+00 2.74e-03
1.69955e+00 2.73e-03
1.69981e+00 2.72e-03
1.70008e+00 2.70e-03
1.70034e+00 2.69e-03
1.70059e+00 2.68e-03
1.70087e+00 2.67e-03
1.70112e+00 2.66e-03
1.70140e+00 2.65e-03
1.70165e+00 2.64e-03
1.70191e+00 2.63e-03
1.70218e+00 2.62e-03
1.70244e+00 2.61e-03
1.70271e+00 2.60e-03
1.70296e+00 2.59e-03
1.70324e+00 2.58e-03
1.70349e+00 2.57e-03
1.70375e+00 2.56e-03
1.70402e+00 2.55e-03
1.70428e+00 2.55e-03
1.70455e+00 2.54e-03
1.70480e+00 2.53e-03
1.70508e+00 2.52e-03
1.70533e+00 2.52e-03
1.70560e+00 2.51e-03
1.70586e+00 2.50e-03
1.70613e+00 2.49e-03
1.70638e+00 2.49e-03
1.70666e+00 2.48e-03
1.70691e+00 2.47e-03
1.70718e+00 2.47e-03
1.70744e+00 2.46e-03
1.70771e+00 2.45e-03
1.70798e+00 2.45e-03
1.70823e+00 2.44e-03
1.70850e+00 2.44e-03
1.70876e+00 2.43e-03
1.70903e+00 2.43e-03
1.70928e+00 2.42e-03
1.70955e+00 2.42e-03
1.70983e+00 2.41e-03
1.71008e+00 2.41e-03
1.71035e+00 2.40e-03
1.71060e+00 2.40e-03
1.71087e+00 2.40e-03
1.71115e+00 2.39e-03
1.71140e+00 2.39e-03
1.71167e+00 2.39e-03
1.71194e+00 2.38e-03
1.71219e+00 2.38e-03
1.71392e+00 2.37e-03
1.71511e+00 2.36e-03
1.71630e+00 2.36e-03
1.71684e+00 2.36e-03
1.71696e+00 2.37e-03
1.71723e+00 2.37e-03
1.71750e+00 2.38e-03
1.71775e+00 2.38e-03
1.71802e+00 2.38e-03
1.71829e+00 2.39e-03
1.71856e+00 2.39e-03
1.71883e+00 2.40e-03
1.71908e+00 2.40e-03
1.71935e+00 2.41e-03
1.71962e+00 2.41e-03
1.71989e+00 2.42e-03
1.72016e+00 2.43e-03
1.72042e+00 2.44e-03
1.72068e+00 2.45e-03
1.72094e+00 2.46e-03
1.72121e+00 2.47e-03
1.72148e+00 2.48e-03
1.72175e+00 2.49e-03
1.72202e+00 2.50e-03
1.72228e+00 2.52e-03
1.72255e+00 2.53e-03
1.72280e+00 2.54e-03
1.72307e+00 2.55e-03
1.72334e+00 2.56e-03
1.72348e+00 2.56e-03
1.72361e+00 2.57e-03
1.72387e+00 2.58e-03
1.72402e+00 2.59e-03
1.72414e+00 2.60e-03
1.72441e+00 2.61e-03
1.72468e+00 2.62e-03
1.72494e+00 2.64e-03
1.72521e+00 2.65e-03
1.72548e+00 2.66e-03
1.72574e+00 2.68e-03
1.72601e+00 2.69e-03
1.72628e+00 2.71e-03
1.72655e+00 2.73e-03
1.72681e+00 2.75e-03
1.72708e+00 2.76e-03
1.72735e+00 2.78e-03
1.72761e+00 2.80e-03
1.72788e+00 2.83e-03
1.72814e+00 2.85e-03
1.72841e+00 2.87e-03
1.72868e+00 2.90e-03
1.72894e+00 2.92e-03
1.72921e+00 2.95e-03
1.72948e+00 2.98e-03
1.72974e+00 3.01e-03
1.73001e+00 3.05e-03
1.73029e+00 3.08e-03
1.73056e+00 3.12e-03
1.73082e+00 3.16e-03
1.73095e+00 3.18e-03
1.73121e+00 3.19e-03
1.73150e+00 3.21e-03
1.73176e+00 3.22e-03
1.73203e+00 3.24e-03
1.73229e+00 3.25e-03
1.73256e+00 3.27e-03
1.73282e+00 3.28e-03
1.73309e+00 3.30e-03
1.73337e+00 3.32e-03
1.73364e+00 3.33e-03
1.73390e+00 3.35e-03
1.73417e+00 3.37e-03
1.73443e+00 3.39e-03
1.73471e+00 3.41e-03
1.73498e+00 3.43e-03
1.73524e+00 3.45e-03
1.73551e+00 3.46e-03
1.73565e+00 3.47e-03
1.73646e+00 3.46e-03
1.73725e+00 3.46e-03
1.73739e+00 3.46e-03
1.73766e+00 3.46e-03
1.73780e+00 3.47e-03
1.73794e+00 3.48e-03
1.73806e+00 3.49e-03
1.73820e+00 3.50e-03
1.73834e+00 3.52e-03
1.73846e+00 3.54e-03
1.73860e+00 3.57e-03
1.73875e+00 3.61e-03
1.73887e+00 3.66e-03
1.73901e+00 3.72e-03
1.73915e+00 3.79e-03
1.73927e+00 3.88e-03
1.73941e+00 4.00e-03
1.73955e+00 4.15e-03
1.73968e+00 4.33e-03
1.73982e+00 4.58e-03
1.73996e+00 4.90e-03
1.74008e+00 5.34e-03
1.74022e+00 5.94e-03
1.74036e+00 6.79e-03
1.74048e+00 8.04e-03
1.74062e+00 9.96e-03
1.74076e+00 1.30e-02
1.74089e+00 1.76e-02
1.74103e+00 2.41e-02
1.74117e+00 3.00e-02
1.74131e+00 3.06e-02
1.74143e+00 2.53e-02
1.74157e+00 1.86e-02
1.74171e+00 1.36e-02
1.74183e+00 1.04e-02
1.74197e+00 8.33e-03
1.74211e+00 7.00e-03
1.74224e+00 6.10e-03
1.74238e+00 5.48e-03
1.74252e+00 5.03e-03
1.74266e+00 4.70e-03
1.74278e+00 4.46e-03
1.74292e+00 4.27e-03
1.74306e+00 4.13e-03
1.74318e+00 4.01e-03
1.74332e+00 3.93e-03
1.74346e+00 3.86e-03
1.74360e+00 3.81e-03
1.74372e+00 3.77e-03
1.74386e+00 3.74e-03
1.74400e+00 3.71e-03
1.74414e+00 3.70e-03
1.74427e+00 3.69e-03
1.74441e+00 3.68e-03
1.74455e+00 3.68e-03
1.74467e+00 3.68e-03
1.74481e+00 3.68e-03
1.74509e+00 3.69e-03
1.74535e+00 3.71e-03
1.74563e+00 3.72e-03
1.74589e+00 3.74e-03
1.74617e+00 3.76e-03
1.74643e+00 3.78e-03
1.74671e+00 3.80e-03
1.74685e+00 3.81e-03
1.74697e+00 3.81e-03
1.74847e+00 3.80e-03
1.74955e+00 3.79e-03
1.75064e+00 3.80e-03
1.75146e+00 3.81e-03
1.75174e+00 3.78e-03
1.75200e+00 3.76e-03
1.75227e+00 3.74e-03
1.75255e+00 3.72e-03
1.75281e+00 3.70e-03
1.75309e+00 3.69e-03
1.75337e+00 3.68e-03
1.75362e+00 3.67e-03
1.75390e+00 3.66e-03
1.75418e+00 3.65e-03
1.75446e+00 3.65e-03
1.75541e+00 3.63e-03
1.75636e+00 3.63e-03
1.75691e+00 3.64e-03
1.75719e+00 3.64e-03
1.75746e+00 3.65e-03
1.75772e+00 3.65e-03
1.75800e+00 3.65e-03
1.75827e+00 3.66e-03
1.75855e+00 3.67e-03
1.75882e+00 3.67e-03
1.75910e+00 3.68e-03
1.75937e+00 3.69e-03
1.75951e+00 3.69e-03
1.76032e+00 3.70e-03
1.76060e+00 3.70e-03
1.76087e+00 3.71e-03
1.76115e+00 3.71e-03
1.76142e+00 3.72e-03
1.76170e+00 3.73e-03
1.76197e+00 3.74e-03
1.76224e+00 3.75e-03
1.76252e+00 3.76e-03
1.76279e+00 3.77e-03
1.76307e+00 3.78e-03
1.76334e+00 3.79e-03
1.76362e+00 3.80e-03
1.76389e+00 3.81e-03
1.76417e+00 3.83e-03
1.76444e+00 3.84e-03
1.76471e+00 3.85e-03
1.76499e+00 3.87e-03
1.76526e+00 3.88e-03
1.76555e+00 3.89e-03
1.76583e+00 3.91e-03
1.76610e+00 3.92e-03
1.76637e+00 3.94e-03
1.76665e+00 3.95e-03
1.76692e+00 3.97e-03
1.76719e+00 3.98e-03
1.76747e+00 4.00e-03
1.76774e+00 4.01e-03
1.76803e+00 4.03e-03
1.76830e+00 4.05e-03
1.76858e+00 4.06e-03
1.76885e+00 4.08e-03
1.76912e+00 4.09e-03
1.76941e+00 4.11e-03
1.76968e+00 4.13e-03
1.76996e+00 4.15e-03
1.77023e+00 4.16e-03
1.77050e+00 4.18e-03
1.77079e+00 4.20e-03
1.77106e+00 4.21e-03
1.77134e+00 4.23e-03
1.77161e+00 4.25e-03
1.77190e+00 4.26e-03
1.77217e+00 4.28e-03
1.77244e+00 4.30e-03
1.77273e+00 4.32e-03
1.77300e+00 4.33e-03
1.77327e+00 4.35e-03
1.77356e+00 4.37e-03
1.77383e+00 4.39e-03
1.77410e+00 4.41e-03
1.77439e+00 4.42e-03
1.77466e+00 4.44e-03
1.77494e+00 4.46e-03
1.77522e+00 4.48e-03
1.77549e+00 4.50e-03
1.77578e+00 4.51e-03
1.77605e+00 4.53e-03
1.77632e+00 4.55e-03
1.77661e+00 4.57e-03
1.77688e+00 4.59e-03
1.77717e+00 4.61e-03
1.77744e+00 4.63e-03
1.77773e+00 4.65e-03
1.77800e+00 4.67e-03
1.77829e+00 4.69e-03
1.77856e+00 4.71e-03
1.77884e+00 4.73e-03
1.77911e+00 4.74e-03
1.77940e+00 4.76e-03
1.77967e+00 4.78e-03
1.77996e+00 4.81e-03
1.78023e+00 4.83e-03
1.78051e+00 4.85e-03
1.78078e+00 4.87e-03
1.78107e+00 4.89e-03
1.78136e+00 4.91e-03
1.78162e+00 4.93e-03
1.78191e+00 4.95e-03
1.78218e+00 4.97e-03
1.78247e+00 4.99e-03
1.78275e+00 5.02e-03
1.78302e+00 5.04e-03
1.78331e+00 5.06e-03
1.78359e+00 5.09e-03
1.78386e+00 5.11e-03
1.78415e+00 5.14e-03
1.78443e+00 5.16e-03
1.78470e+00 5.19e-03
1.78499e+00 5.22e-03
1.78527e+00 5.24e-03
1.78554e+00 5.27e-03
1.78583e+00 5.30e-03
1.78611e+00 5.33e-03
1.78640e+00 5.36e-03
1.78666e+00 5.39e-03
1.78695e+00 5.41e-03
1.78723e+00 5.44e-03
1.78752e+00 5.47e-03
1.78780e+00 5.51e-03
1.78807e+00 5.54e-03
1.78835e+00 5.57e-03
1.78864e+00 5.60e-03
1.78892e+00 5.63e-03
1.78921e+00 5.67e-03
1.78949e+00 5.70e-03
1.78976e+00 5.73e-03
1.79004e+00 5.76e-03
1.79033e+00 5.80e-03
1.79061e+00 5.83e-03
1.79089e+00 5.87e-03
1.79118e+00 5.90e-03
1.79146e+00 5.94e-03
1.79174e+00 5.97e-03
1.79203e+00 6.00e-03
1.79231e+00 6.04e-03
1.79259e+00 6.07e-03
1.79288e+00 6.11e-03
1.79316e+00 6.14e-03
1.79344e+00 6.18e-03
1.79372e+00 6.21e-03
1.79401e+00 6.25e-03
1.79429e+00 6.28e-03
1.79457e+00 6.31e-03
1.79485e+00 6.35e-03
1.79514e+00 6.38e-03
1.79542e+00 6.41e-03
1.79570e+00 6.45e-03
1.79598e+00 6.48e-03
1.79627e+00 6.51e-03
1.79655e+00 6.54e-03
1.79683e+00 6.57e-03
1.79711e+00 6.60e-03
1.79739e+00 6.63e-03
1.79769e+00 6.65e-03
1.79797e+00 6.68e-03
1.79825e+00 6.70e-03
1.79854e+00 6.73e-03
1.79882e+00 6.75e-03
1.79910e+00 6.77e-03
1.79940e+00 6.79e-03
1.79968e+00 6.81e-03
1.79996e+00 6.82e-03
1.80024e+00 6.84e-03
1.80054e+00 6.85e-03
1.80082e+00 6.86e-03
1.80125e+00 6.88e-03
1.80224e+00 6.89e-03
1.80309e+00 6.89e-03
1.80425e+00 6.88e-03
1.80453e+00 6.87e-03
1.80482e+00 6.86e-03
1.80510e+00 6.85e-03
1.80538e+00 6.84e-03
1.80568e+00 6.83e-03
1.80596e+00 6.82e-03
1.80625e+00 6.80e-03
1.80653e+00 6.79e-03
1.80683e+00 6.77e-03
1.80711e+00 6.75e-03
1.80740e+00 6.73e-03
1.80768e+00 6.72e-03
1.80798e+00 6.70e-03
1.80826e+00 6.68e-03
1.80855e+00 6.65e-03
1.80883e+00 6.63e-03
1.80912e+00 6.61e-03
1.80940e+00 6.59e-03
1.80970e+00 6.57e-03
1.80999e+00 6.55e-03
1.81027e+00 6.53e-03
1.81056e+00 6.51e-03
1.81084e+00 6.48e-03
1.81114e+00 6.46e-03
1.81143e+00 6.44e-03
1.81171e+00 6.41e-03
1.81200e+00 6.39e-03
1.81230e+00 6.37e-03
1.81257e+00 6.35e-03
1.81287e+00 6.32e-03
1.81316e+00 6.30e-03
1.81346e+00 6.28e-03
1.81373e+00 6.26e-03
1.81403e+00 6.24e-03
1.81432e+00 6.22e-03
1.81461e+00 6.20e-03
1.81489e+00 6.18e-03
1.81518e+00 6.16e-03
1.81548e+00 6.14e-03
1.81577e+00 6.12e-03
1.81606e+00 6.10e-03
1.81634e+00 6.08e-03
1.81663e+00 6.06e-03
1.81692e+00 6.05e-03
1.81707e+00 6.04e-03
1.81722e+00 6.04e-03
1.81751e+00 6.02e-03
1.81765e+00 6.01e-03
1.81780e+00 6.01e-03
1.81809e+00 5.99e-03
1.81839e+00 5.98e-03
1.81868e+00 5.96e-03
1.81895e+00 5.94e-03
1.81924e+00 5.93e-03
1.81954e+00 5.92e-03
1.81983e+00 5.90e-03
1.82012e+00 5.89e-03
1.82041e+00 5.87e-03
1.82070e+00 5.86e-03
1.82099e+00 5.85e-03
1.82129e+00 5.83e-03
1.82158e+00 5.82e-03
1.82188e+00 5.81e-03
1.82218e+00 5.80e-03
1.82247e+00 5.79e-03
1.82276e+00 5.78e-03
1.82305e+00 5.77e-03
1.82334e+00 5.76e-03
1.82377e+00 5.75e-03
1.82407e+00 5.74e-03
1.82436e+00 5.73e-03
1.82466e+00 5.72e-03
1.82495e+00 5.71e-03
1.82524e+00 5.70e-03
1.82553e+00 5.69e-03
1.82582e+00 5.68e-03
1.82613e+00 5.67e-03
1.82642e+00 5.67e-03
1.82671e+00 5.66e-03
1.82700e+00 5.65e-03
1.82730e+00 5.64e-03
1.82759e+00 5.63e-03
1.82788e+00 5.63e-03
1.82819e+00 5.62e-03
1.82848e+00 5.61e-03
1.82877e+00 5.60e-03
1.82907e+00 5.60e-03
1.82936e+00 5.59e-03
1.82965e+00 5.58e-03
1.82995e+00 5.58e-03
1.83024e+00 5.57e-03
1.83055e+00 5.56e-03
1.83084e+00 5.56e-03
1.83112e+00 5.55e-03
1.83143e+00 5.55e-03
1.83172e+00 5.54e-03
1.83202e+00 5.53e-03
1.83231e+00 5.53e-03
1.83261e+00 5.52e-03
1.83290e+00 5.52e-03
1.83321e+00 5.51e-03
1.83349e+00 5.50e-03
1.83380e+00 5.50e-03
1.83410e+00 5.49e-03
1.83439e+00 5.49e-03
1.83469e+00 5.48e-03
1.83498e+00 5.48e-03
1.83528e+00 5.47e-03
1.83558e+00 5.46e-03
1.84424e+00 5.31e-03
1.84440e+00 5.32e-03
1.84454e+00 5.32e-03
1.84470e+00 5.32e-03
1.84500e+00 5.31e-03
1.84530e+00 5.31e-03
1.84560e+00 5.30e-03
1.84680e+00 5.28e-03
1.84712e+00 5.27e-03
1.84741e+00 5.27e-03
1.84771e+00 5.26e-03
1.84801e+00 5.26e-03
1.84831e+00 5.25e-03
1.84861e+00 5.25e-03
1.84893e+00 5.24e-03
1.84923e+00 5.23e-03
1.84953e+00 5.23e-03
1.84982e+00 5.22e-03
1.85014e+00 5.22e-03
1.85044e+00 5.21e-03
1.85074e+00 5.21e-03
1.85105e+00 5.20e-03
1.85135e+00 5.19e-03
1.85165e+00 5.19e-03
1.85196e+00 5.18e-03
1.85378e+00 5.15e-03
1.85394e+00 5.17e-03
1.85408e+00 5.17e-03
1.85530e+00 5.15e-03
1.85561e+00 5.14e-03
1.85592e+00 5.14e-03
1.85622e+00 5.13e-03
1.85653e+00 5.13e-03
1.85683e+00 5.12e-03
1.85714e+00 5.12e-03
1.85744e+00 5.11e-03
1.85775e+00 5.11e-03
1.85806e+00 5.10e-03
1.85836e+00 5.10e-03
1.85867e+00 5.09e-03
1.85898e+00 5.08e-03
1.85928e+00 5.08e-03
1.85959e+00 5.07e-03
1.85990e+00 5.07e-03
1.86021e+00 5.06e-03
1.86051e+00 5.06e-03
1.86082e+00 5.05e-03
1.86113e+00 5.05e-03
1.86144e+00 5.04e-03
1.86175e+00 5.04e-03
1.86205e+00 5.03e-03
1.86236e+00 5.03e-03
1.86267e+00 5.02e-03
1.86298e+00 5.02e-03
1.86329e+00 5.01e-03
1.86360e+00 5.01e-03
1.86391e+00 5.00e-03
1.86422e+00 5.00e-03
1.86453e+00 4.99e-03
1.86484e+00 4.98e-03
1.86515e+00 4.98e-03
1.86546e+00 4.97e-03
1.86577e+00 4.97e-03
1.86608e+00 4.96e-03
1.87561e+00 4.82e-03
1.87717e+00 4.80e-03
1.88066e+00 4.75e-03
1.88162e+00 4.74e-03
1.88224e+00 4.73e-03
1.88256e+00 4.72e-03
1.88288e+00 4.72e-03
1.88320e+00 4.71e-03
1.88352e+00 4.71e-03
1.88384e+00 4.70e-03
1.88416e+00 4.70e-03
1.88448e+00 4.69e-03
1.88479e+00 4.69e-03
1.88736e+00 4.65e-03
1.88768e+00 4.65e-03
1.88799e+00 4.64e-03
1.88831e+00 4.64e-03
1.89299e+00 4.58e-03
1.89624e+00 4.54e-03
1.89999e+00 4.50e-03
1.90147e+00 4.49e-03
1.90360e+00 4.49e-03
1.90460e+00 4.48e-03
1.90492e+00 4.47e-03
1.90525e+00 4.47e-03
1.90558e+00 4.46e-03
1.90592e+00 4.45e-03
1.90625e+00 4.45e-03
1.90658e+00 4.44e-03
1.90692e+00 4.43e-03
1.90724e+00 4.42e-03
1.90757e+00 4.41e-03
1.90791e+00 4.40e-03
1.90824e+00 4.40e-03
1.90856e+00 4.39e-03
1.90891e+00 4.38e-03
1.90923e+00 4.37e-03
1.90957e+00 4.37e-03
1.90990e+00 4.36e-03
1.91024e+00 4.35e-03
1.91141e+00 4.34e-03
1.91257e+00 4.33e-03
1.91442e+00 4.33e-03
1.91694e+00 4.32e-03
1.91795e+00 4.32e-03
1.91829e+00 4.31e-03
1.91863e+00 4.31e-03
1.91896e+00 4.30e-03
1.91932e+00 4.29e-03
1.91965e+00 4.29e-03
1.91999e+00 4.28e-03
1.92033e+00 4.27e-03
1.92067e+00 4.26e-03
1.92100e+00 4.25e-03
1.92135e+00 4.25e-03
1.92169e+00 4.24e-03
1.92203e+00 4.23e-03
1.92236e+00 4.23e-03
1.92271e+00 4.22e-03
1.92305e+00 4.22e-03
1.92339e+00 4.21e-03
1.92374e+00 4.21e-03
1.92407e+00 4.20e-03
1.92442e+00 4.20e-03
1.92476e+00 4.19e-03
1.92510e+00 4.19e-03
1.92545e+00 4.18e-03
1.92578e+00 4.18e-03
1.92613e+00 4.17e-03
1.92648e+00 4.17e-03
1.92681e+00 4.17e-03
1.92716e+00 4.16e-03
1.92750e+00 4.16e-03
1.92785e+00 4.15e-03
1.92820e+00 4.15e-03
1.92855e+00 4.14e-03
1.92888e+00 4.13e-03
1.92923e+00 4.13e-03
1.92958e+00 4.12e-03
1.92993e+00 4.12e-03
1.93026e+00 4.11e-03
1.93061e+00 4.11e-03
1.93096e+00 4.10e-03
1.93130e+00 4.10e-03
1.93165e+00 4.10e-03
1.94093e+00 4.00e-03
1.94804e+00 3.93e-03
1.97003e+00 3.71e-03
1.97154e+00 3.70e-03
1.97191e+00 3.70e-03
1.97229e+00 3.69e-03
1.97266e+00 3.69e-03
1.97305e+00 3.68e-03
1.97343e+00 3.68e-03
1.97532e+00 3.66e-03
1.97570e+00 3.66e-03
1.97608e+00 3.65e-03
1.97645e+00 3.65e-03
1.97684e+00 3.65e-03
1.97721e+00 3.64e-03
1.97760e+00 3.64e-03
1.97799e+00 3.64e-03
1.97836e+00 3.63e-03
1.97875e+00 3.63e-03
1.97914e+00 3.62e-03
1.97951e+00 3.62e-03
1.97990e+00 3.62e-03
1.98028e+00 3.61e-03
1.98067e+00 3.61e-03
1.98106e+00 3.61e-03
1.98144e+00 3.60e-03
1.98181e+00 3.60e-03
1.98220e+00 3.59e-03
1.98259e+00 3.59e-03
1.98299e+00 3.59e-03
1.98337e+00 3.58e-03
1.98376e+00 3.58e-03
1.98414e+00 3.57e-03
1.98453e+00 3.57e-03
1.98491e+00 3.57e-03
1.98531e+00 3.56e-03
1.98569e+00 3.56e-03
1.98608e+00 3.56e-03
1.98648e+00 3.55e-03
1.98686e+00 3.55e-03
1.98724e+00 3.54e-03
1.98764e+00 3.54e-03
1.98803e+00 3.54e-03
1.98842e+00 3.53e-03
1.98882e+00 3.53e-03
1.98920e+00 3.52e-03
1.98960e+00 3.52e-03
1.99000e+00 3.52e-03
1.99038e+00 3.51e-03
1.99077e+00 3.51e-03
1.99117e+00 3.51e-03
1.99157e+00 3.50e-03
1.99196e+00 3.50e-03
1.99236e+00 3.49e-03
1.99274e+00 3.49e-03
1.99313e+00 3.49e-03
1.99354e+00 3.48e-03
1.99394e+00 3.48e-03
1.99433e+00 3.47e-03
1.99473e+00 3.47e-03
1.99512e+00 3.47e-03
1.99552e+00 3.46e-03
1.99592e+00 3.46e-03
1.99632e+00 3.45e-03
1.99671e+00 3.45e-03
1.99712e+00 3.45e-03
1.99751e+00 3.44e-03
1.99792e+00 3.44e-03
1.99831e+00 3.44e-03
1.99872e+00 3.43e-03
1.99911e+00 3.43e-03
1.99952e+00 3.42e-03
1.99992e+00 3.42e-03
2.00032e+00 3.42e-03
2.00072e+00 3.41e-03
2.00113e+00 3.41e-03
2.00153e+00 3.41e-03
2.00194e+00 3.40e-03
2.00234e+00 3.40e-03
2.00274e+00 3.40e-03
2.00314e+00 3.39e-03
2.00356e+00 3.39e-03
2.00396e+00 3.38e-03
2.00437e+00 3.38e-03
2.00477e+00 3.38e-03
2.00518e+00 3.37e-03
2.00558e+00 3.37e-03
2.00600e+00 3.37e-03
2.00640e+00 3.36e-03
2.00680e+00 3.36e-03
2.00722e+00 3.35e-03
2.00762e+00 3.35e-03
2.00804e+00 3.35e-03
2.00844e+00 3.34e-03
2.00886e+00 3.34e-03
2.00927e+00 3.34e-03
2.00968e+00 3.33e-03
2.01009e+00 3.33e-03
2.01051e+00 3.32e-03
2.01092e+00 3.32e-03
2.01134e+00 3.32e-03
2.01174e+00 3.31e-03
2.01215e+00 3.31e-03
2.01257e+00 3.31e-03
2.01298e+00 3.30e-03
2.01341e+00 3.30e-03
2.01382e+00 3.30e-03
2.01424e+00 3.29e-03
2.01465e+00 3.29e-03
2.01506e+00 3.28e-03
2.01549e+00 3.28e-03
2.01590e+00 3.28e-03
2.01632e+00 3.27e-03
2.01674e+00 3.27e-03
2.01715e+00 3.27e-03
2.01758e+00 3.26e-03
2.01800e+00 3.26e-03
2.01842e+00 3.25e-03
2.01884e+00 3.25e-03
2.01927e+00 3.25e-03
2.01968e+00 3.24e-03
2.02010e+00 3.24e-03
2.02053e+00 3.24e-03
2.02095e+00 3.23e-03
2.02138e+00 3.23e-03
2.02180e+00 3.22e-03
2.02222e+00 3.22e-03
2.02265e+00 3.22e-03
2.02307e+00 3.21e-03
2.02351e+00 3.21e-03
2.02393e+00 3.21e-03
2.02435e+00 3.20e-03
2.02479e+00 3.20e-03
2.02521e+00 3.19e-03
2.02563e+00 3.19e-03
2.02607e+00 3.19e-03
2.02650e+00 3.18e-03
2.02692e+00 3.18e-03
2.02736e+00 3.18e-03
2.02779e+00 3.17e-03
2.02821e+00 3.17e-03
2.02865e+00 3.16e-03
2.02908e+00 3.16e-03
2.02952e+00 3.16e-03
2.02995e+00 3.15e-03
2.03038e+00 3.15e-03
2.03082e+00 3.15e-03
2.03125e+00 3.14e-03
2.03168e+00 3.14e-03
2.03213e+00 3.13e-03
2.03256e+00 3.13e-03
2.03299e+00 3.13e-03
2.03344e+00 3.12e-03
2.03387e+00 3.12e-03
2.03431e+00 3.12e-03
2.03474e+00 3.11e-03
2.03519e+00 3.11e-03
2.03562e+00 3.10e-03
2.03606e+00 3.10e-03
2.03651e+00 3.10e-03
2.03695e+00 3.09e-03
2.03739e+00 3.09e-03
2.03784e+00 3.09e-03
2.03828e+00 3.08e-03
2.03872e+00 3.08e-03
2.03917e+00 3.07e-03
2.03961e+00 3.07e-03
2.04005e+00 3.07e-03
2.04049e+00 3.06e-03
2.04095e+00 3.06e-03
2.04139e+00 3.06e-03
2.04183e+00 3.05e-03
2.04228e+00 3.05e-03
2.04274e+00 3.04e-03
2.04318e+00 3.04e-03
2.04363e+00 3.04e-03
2.04409e+00 3.03e-03
2.04453e+00 3.03e-03
2.04498e+00 3.03e-03
2.04543e+00 3.02e-03
2.04588e+00 3.02e-03
2.04634e+00 3.02e-03
2.04679e+00 3.01e-03
2.04724e+00 3.01e-03
2.04771e+00 3.00e-03
2.04816e+00 3.00e-03
2.04861e+00 3.00e-03
2.04907e+00 2.99e-03
2.04952e+00 2.99e-03
2.04997e+00 2.99e-03
2.05044e+00 2.98e-03
2.05090e+00 2.98e-03
2.05135e+00 2.98e-03
2.05181e+00 2.97e-03
2.05228e+00 2.97e-03
2.05274e+00 2.97e-03
2.05320e+00 2.96e-03
2.05366e+00 2.96e-03
2.05412e+00 2.95e-03
2.05459e+00 2.95e-03
2.05505e+00 2.95e-03
2.05551e+00 2.94e-03
2.05598e+00 2.94e-03
2.05644e+00 2.94e-03
2.05691e+00 2.93e-03
2.05737e+00 2.93e-03
2.05785e+00 2.93e-03
2.05831e+00 2.92e-03
2.05878e+00 2.92e-03
2.05925e+00 2.91e-03
2.05972e+00 2.91e-03
2.06020e+00 2.91e-03
2.06067e+00 2.90e-03
2.06114e+00 2.90e-03
2.06161e+00 2.90e-03
2.06208e+00 2.89e-03
2.06255e+00 2.89e-03
2.06303e+00 2.89e-03
2.06350e+00 2.88e-03
2.06399e+00 2.88e-03
2.06445e+00 2.87e-03
2.06494e+00 2.87e-03
2.06541e+00 2.87e-03
2.06589e+00 2.86e-03
2.06637e+00 2.86e-03
2.06685e+00 2.86e-03
2.06733e+00 2.85e-03
2.06781e+00 2.85e-03
2.06829e+00 2.85e-03
2.06877e+00 2.84e-03
2.06925e+00 2.84e-03
2.06974e+00 2.83e-03
2.07022e+00 2.83e-03
2.07070e+00 2.83e-03
2.07120e+00 2.82e-03
2.07169e+00 2.82e-03
2.07217e+00 2.82e-03
2.07266e+00 2.81e-03
2.07315e+00 2.81e-03
2.07364e+00 2.80e-03
2.07413e+00 2.80e-03
2.07462e+00 2.80e-03
2.07511e+00 2.79e-03
2.07560e+00 2.79e-03
2.07609e+00 2.79e-03
2.07659e+00 2.78e-03
2.07708e+00 2.78e-03
2.07758e+00 2.78e-03
2.07807e+00 2.77e-03
2.07857e+00 2.77e-03
2.07907e+00 2.76e-03
2.07957e+00 2.76e-03
2.08007e+00 2.76e-03
2.08057e+00 2.75e-03
2.08107e+00 2.75e-03
2.08156e+00 2.75e-03
2.08206e+00 2.74e-03
2.08256e+00 2.74e-03
2.08307e+00 2.73e-03
2.08357e+00 2.73e-03
2.08408e+00 2.73e-03
2.08459e+00 2.72e-03
2.08509e+00 2.72e-03
2.08560e+00 2.72e-03
2.08611e+00 2.71e-03
2.08662e+00 2.71e-03
2.08712e+00 2.70e-03
2.08763e+00 2.70e-03
2.08814e+00 2.70e-03
2.08866e+00 2.69e-03
2.08917e+00 2.69e-03
2.08969e+00 2.69e-03
2.09020e+00 2.68e-03
2.09072e+00 2.68e-03
2.09123e+00 2.67e-03
2.09175e+00 2.67e-03
2.09227e+00 2.67e-03
2.09279e+00 2.66e-03
2.09331e+00 2.66e-03
2.09383e+00 2.66e-03
2.09434e+00 2.65e-03
2.09487e+00 2.65e-03
2.09539e+00 2.65e-03
2.09592e+00 2.64e-03
2.09643e+00 2.64e-03
2.09696e+00 2.64e-03
2.09749e+00 2.63e-03
2.09802e+00 2.63e-03
2.09855e+00 2.62e-03
2.09907e+00 2.62e-03
2.09960e+00 2.62e-03
2.10014e+00 2.61e-03
2.10066e+00 2.61e-03
2.10120e+00 2.61e-03
2.10173e+00 2.60e-03
2.10227e+00 2.60e-03
2.10280e+00 2.60e-03
2.10334e+00 2.59e-03
2.10388e+00 2.59e-03
2.10441e+00 2.58e-03
2.10495e+00 2.58e-03
2.10549e+00 2.58e-03
2.10603e+00 2.57e-03
2.10657e+00 2.57e-03
2.10712e+00 2.57e-03
2.10766e+00 2.56e-03
2.10820e+00 2.56e-03
2.10875e+00 2.56e-03
2.10929e+00 2.55e-03
2.10985e+00 2.55e-03
2.11040e+00 2.54e-03
2.11094e+00 2.54e-03
2.11150e+00 2.54e-03
2.11204e+00 2.53e-03
2.11260e+00 2.53e-03
2.11315e+00 2.53e-03
2.11371e+00 2.52e-03
2.11427e+00 2.52e-03
2.11482e+00 2.51e-03
2.11538e+00 2.51e-03
2.11593e+00 2.51e-03
2.11650e+00 2.50e-03
2.11705e+00 2.50e-03
2.11762e+00 2.50e-03
2.11818e+00 2.49e-03
2.11875e+00 2.49e-03
2.11931e+00 2.48e-03
2.11988e+00 2.48e-03
2.12044e+00 2.48e-03
2.12100e+00 2.47e-03
2.12158e+00 2.47e-03
2.12214e+00 2.47e-03
2.12272e+00 2.46e-03
2.12329e+00 2.46e-03
2.12387e+00 2.45e-03
2.12444e+00 2.45e-03
2.12501e+00 2.45e-03
2.12559e+00 2.44e-03
2.12617e+00 2.44e-03
2.12674e+00 2.44e-03
2.12733e+00 2.43e-03
2.12791e+00 2.43e-03
2.12849e+00 2.42e-03
2.12908e+00 2.42e-03
2.12966e+00 2.42e-03
2.13024e+00 2.41e-03
2.13084e+00 2.41e-03
2.13142e+00 2.40e-03
2.13201e+00 2.40e-03
2.13260e+00 2.40e-03
2.13320e+00 2.39e-03
2.13379e+00 2.39e-03
2.13438e+00 2.39e-03
2.13497e+00 2.38e-03
2.13557e+00 2.38e-03
2.13618e+00 2.37e-03
2.13677e+00 2.37e-03
2.13737e+00 2.37e-03
2.13797e+00 2.36e-03
2.13857e+00 2.36e-03
2.13918e+00 2.36e-03
2.13978e+00 2.35e-03
2.14040e+00 2.35e-03
2.14101e+00 2.34e-03
2.14161e+00 2.34e-03
2.14222e+00 2.34e-03
2.14284e+00 2.33e-03
2.14345e+00 2.33e-03
2.14406e+00 2.33e-03
2.14468e+00 2.32e-03
2.14530e+00 2.32e-03
2.14592e+00 2.31e-03
2.14654e+00 2.31e-03
2.14716e+00 2.31e-03
2.14778e+00 2.30e-03
2.14841e+00 2.30e-03
2.14903e+00 2.30e-03
2.14966e+00 2.29e-03
2.15028e+00 2.29e-03
2.15091e+00 2.29e-03
2.15155e+00 2.28e-03
2.15218e+00 2.28e-03
2.15282e+00 2.27e-03
2.15345e+00 2.27e-03
2.15409e+00 2.27e-03
2.15472e+00 2.26e-03
2.15537e+00 2.26e-03
2.15601e+00 2.25e-03
2.15666e+00 2.25e-03
2.15729e+00 2.25e-03
2.15794e+00 2.24e-03
2.15859e+00 2.24e-03
2.15923e+00 2.24e-03
2.15989e+00 2.23e-03
2.16054e+00 2.23e-03
2.16119e+00 2.22e-03
2.16185e+00 2.22e-03
2.16251e+00 2.22e-03
2.16317e+00 2.21e-03
2.16383e+00 2.21e-03
2.16449e+00 2.20e-03
2.16516e+00 2.20e-03
2.16583e+00 2.20e-03
2.16649e+00 2.19e-03
2.16715e+00 2.19e-03
2.16783e+00 2.19e-03
2.16849e+00 2.18e-03
2.16917e+00 2.18e-03
2.16984e+00 2.17e-03
2.17053e+00 2.17e-03
2.17120e+00 2.17e-03
2.17188e+00 2.16e-03
2.17257e+00 2.16e-03
2.17325e+00 2.15e-03
2.17393e+00 2.15e-03
2.17463e+00 2.15e-03
2.17531e+00 2.14e-03
2.17600e+00 2.14e-03
2.17669e+00 2.13e-03
2.17740e+00 2.13e-03
2.17809e+00 2.13e-03
2.17879e+00 2.12e-03
2.17949e+00 2.12e-03
2.18019e+00 2.11e-03
2.18089e+00 2.11e-03
2.18160e+00 2.11e-03
2.18231e+00 2.10e-03
2.18302e+00 2.10e-03
2.18373e+00 2.09e-03
2.18444e+00 2.09e-03
2.18516e+00 2.09e-03
2.18588e+00 2.08e-03
2.18660e+00 2.08e-03
2.18732e+00 2.08e-03
2.18805e+00 2.07e-03
2.18878e+00 2.07e-03
2.18951e+00 2.06e-03
2.19023e+00 2.06e-03
2.19096e+00 2.06e-03
2.19170e+00 2.05e-03
2.19244e+00 2.05e-03
2.19317e+00 2.04e-03
2.19392e+00 2.04e-03
2.19465e+00 2.04e-03
2.19540e+00 2.03e-03
2.19615e+00 2.03e-03
2.19690e+00 2.02e-03
2.19766e+00 2.02e-03
2.19841e+00 2.02e-03
2.19917e+00 2.01e-03
2.19992e+00 2.01e-03
2.20069e+00 2.01e-03
2.20145e+00 2.00e-03
2.20221e+00 2.00e-03
2.20299e+00 1.99e-03
2.20376e+00 1.99e-03
2.20453e+00 1.99e-03
2.20530e+00 1.98e-03
2.20609e+00 1.98e-03
2.20687e+00 1.97e-03
2.20765e+00 1.97e-03
2.20843e+00 1.97e-03
2.20922e+00 1.96e-03
2.21001e+00 1.96e-03
2.21081e+00 1.95e-03
2.21160e+00 1.95e-03
2.21240e+00 1.94e-03
2.21320e+00 1.94e-03
2.21401e+00 1.94e-03
2.21481e+00 1.93e-03
2.21562e+00 1.93e-03
2.21643e+00 1.92e-03
2.21725e+00 1.92e-03
2.21806e+00 1.92e-03
2.21889e+00 1.91e-03
2.21971e+00 1.91e-03
2.22054e+00 1.90e-03
2.22136e+00 1.90e-03
2.22220e+00 1.89e-03
2.22303e+00 1.89e-03
2.22387e+00 1.89e-03
2.22471e+00 1.88e-03
2.22555e+00 1.88e-03
2.22641e+00 1.87e-03
2.22725e+00 1.87e-03
2.22811e+00 1.86e-03
2.22896e+00 1.86e-03
2.22982e+00 1.86e-03
2.23068e+00 1.85e-03
2.23155e+00 1.85e-03
2.23242e+00 1.84e-03
2.23329e+00 1.84e-03
2.23417e+00 1.84e-03
2.23504e+00 1.83e-03
2.23593e+00 1.83e-03
2.23681e+00 1.82e-03
2.23771e+00 1.82e-03
2.23859e+00 1.81e-03
2.23950e+00 1.81e-03
2.24039e+00 1.81e-03
2.24129e+00 1.80e-03
2.24220e+00 1.80e-03
2.24311e+00 1.79e-03
2.24402e+00 1.79e-03
2.24495e+00 1.79e-03
2.24587e+00 1.78e-03
2.24679e+00 1.78e-03
2.24772e+00 1.77e-03
2.24866e+00 1.77e-03
2.24960e+00 1.76e-03
2.25053e+00 1.76e-03
2.25148e+00 1.76e-03
2.25243e+00 1.75e-03
2.25338e+00 1.75e-03
2.25434e+00 1.74e-03
2.25529e+00 1.74e-03
2.25627e+00 1.73e-03
2.25723e+00 1.73e-03
2.25820e+00 1.72e-03
2.25919e+00 1.72e-03
2.26017e+00 1.72e-03
2.26116e+00 1.71e-03
2.26215e+00 1.71e-03
2.26315e+00 1.70e-03
2.26415e+00 1.70e-03
2.26515e+00 1.69e-03
2.26616e+00 1.69e-03
2.26718e+00 1.68e-03
2.26820e+00 1.68e-03
2.26922e+00 1.67e-03
2.27026e+00 1.67e-03
2.27129e+00 1.67e-03
2.27233e+00 1.66e-03
2.27337e+00 1.66e-03
2.27442e+00 1.65e-03
2.27548e+00 1.65e-03
2.27654e+00 1.64e-03
2.27761e+00 1.64e-03
2.27868e+00 1.63e-03
2.27976e+00 1.63e-03
2.28084e+00 1.62e-03
2.28193e+00 1.62e-03
2.28303e+00 1.62e-03
2.28413e+00 1.61e-03
2.28523e+00 1.61e-03
2.28634e+00 1.60e-03
2.28746e+00 1.60e-03
2.28858e+00 1.59e-03
2.28971e+00 1.59e-03
2.29085e+00 1.58e-03
2.29199e+00 1.58e-03
2.29314e+00 1.57e-03
2.29429e+00 1.57e-03
2.29546e+00 1.56e-03
2.29604e+00 1.56e-03
2.29721e+00 1.56e-03
2.29839e+00 1.55e-03
2.29958e+00 1.55e-03
2.30077e+00 1.54e-03
2.30197e+00 1.54e-03
2.30318e+00 1.53e-03
2.30438e+00 1.53e-03
2.30558e+00 1.52e-03
2.30688e+00 1.52e-03
2.30807e+00 1.51e-03
2.30936e+00 1.51e-03
2.31055e+00 1.50e-03
2.31184e+00 1.50e-03
2.31313e+00 1.49e-03
2.31441e+00 1.49e-03
2.31570e+00 1.48e-03
2.31698e+00 1.48e-03
2.31826e+00 1.47e-03
2.31954e+00 1.47e-03
2.32092e+00 1.46e-03
2.32219e+00 1.46e-03
2.32356e+00 1.45e-03
2.32493e+00 1.45e-03
2.32630e+00 1.44e-03
2.32767e+00 1.44e-03
2.32903e+00 1.43e-03
2.33039e+00 1.43e-03
2.33185e+00 1.42e-03
2.33321e+00 1.42e-03
2.33466e+00 1.41e-03
2.33612e+00 1.41e-03
2.33747e+00 1.40e-03
2.33901e+00 1.39e-03
2.34046e+00 1.39e-03
2.34190e+00 1.38e-03
2.34344e+00 1.38e-03
2.34488e+00 1.37e-03
2.34641e+00 1.37e-03
2.34794e+00 1.36e-03
2.34947e+00 1.36e-03
2.35099e+00 1.35e-03
2.35261e+00 1.35e-03
2.35413e+00 1.34e-03
2.35575e+00 1.34e-03
2.35736e+00 1.33e-03
2.35897e+00 1.32e-03
2.36057e+00 1.32e-03
2.36227e+00 1.31e-03
2.36396e+00 1.31e-03
2.36556e+00 1.30e-03
2.36734e+00 1.30e-03
2.36903e+00 1.29e-03
2.37071e+00 1.28e-03
2.37248e+00 1.28e-03
2.37425e+00 1.27e-03
2.37602e+00 1.27e-03
2.37788e+00 1.26e-03
2.37964e+00 1.25e-03
2.38149e+00 1.25e-03
2.38334e+00 1.24e-03
2.38527e+00 1.24e-03
2.38711e+00 1.23e-03
2.38904e+00 1.22e-03
2.39096e+00 1.22e-03
2.39297e+00 1.21e-03
2.39498e+00 1.21e-03
2.39699e+00 1.20e-03
2.39899e+00 1.19e-03
2.40107e+00 1.19e-03
2.40315e+00 1.18e-03
2.40532e+00 1.17e-03
2.40740e+00 1.17e-03
2.40964e+00 1.16e-03
2.41180e+00 1.15e-03
2.41404e+00 1.15e-03
2.41627e+00 1.14e-03
2.41859e+00 1.13e-03
2.42090e+00 1.13e-03
2.42214e+00 1.12e-03
2.42454e+00 1.11e-03
2.42692e+00 1.11e-03
2.42939e+00 1.10e-03
2.43186e+00 1.09e-03
2.43440e+00 1.09e-03
2.43694e+00 1.08e-03
2.43956e+00 1.07e-03
2.44226e+00 1.06e-03
2.44495e+00 1.06e-03
2.44772e+00 1.05e-03
2.45057e+00 1.04e-03
2.45342e+00 1.03e-03
2.45634e+00 1.03e-03
2.45933e+00 1.02e-03
2.46241e+00 1.01e-03
2.46547e+00 1.00e-03
2.46861e+00 9.93e-04
2.47191e+00 9.85e-04
2.47519e+00 9.77e-04
2.47855e+00 9.69e-04
2.48207e+00 9.60e-04
2.48566e+00 9.51e-04
2.48923e+00 9.42e-04
2.49304e+00 9.33e-04
2.49684e+00 9.23e-04
2.50078e+00 9.14e-04
2.50487e+00 9.04e-04
2.50911e+00 8.94e-04
2.51341e+00 8.84e-04
2.51786e+00 8.74e-04
2.52252e+00 8.64e-04
2.52733e+00 8.53e-04
2.53227e+00 8.42e-04
2.53742e+00 8.31e-04
2.54286e+00 8.19e-04
2.54843e+00 8.07e-04
2.55428e+00 7.95e-04
2.56048e+00 7.82e-04
2.56695e+00 7.69e-04
2.57376e+00 7.56e-04
2.58097e+00 7.42e-04
2.58867e+00 7.27e-04
2.59264e+00 7.20e-04
2.60113e+00 7.04e-04
2.61029e+00 6.87e-04
2.62024e+00 6.70e-04
2.62554e+00 6.61e-04
2.63110e+00 6.51e-04
2.63698e+00 6.41e-04
2.64319e+00 6.31e-04
2.65669e+00 6.09e-04
2.66410e+00 5.97e-04
2.67215e+00 5.85e-04
2.68082e+00 5.72e-04
2.69029e+00 5.58e-04
2.70069e+00 5.43e-04
2.71231e+00 5.27e-04
2.72543e+00 5.10e-04
2.74065e+00 4.89e-04
2.75874e+00 4.67e-04
2.78130e+00 4.41e-04
2.81151e+00 4.07e-04
2.85859e+00 3.60e-04
2.99573e+00 2.52e-04
