# OPACITY Project tables
-2.61515e+00 6.18e+00
-2.27341e+00 2.14e+00
-2.07433e+00 1.16e+00
-1.93351e+00 7.48e-01
-1.82455e+00 5.35e-01
-1.73574e+00 4.09e-01
-1.66078e+00 3.28e-01
-1.59603e+00 2.72e-01
-1.53898e+00 2.32e-01
-1.48802e+00 2.03e-01
-1.44198e+00 1.79e-01
-1.40003e+00 1.60e-01
-1.36148e+00 1.44e-01
-1.32584e+00 1.31e-01
-1.29269e+00 1.20e-01
-1.26174e+00 1.11e-01
-1.23268e+00 1.03e-01
-1.20531e+00 9.56e-02
-1.17944e+00 8.93e-02
-1.15493e+00 8.37e-02
-1.13165e+00 7.87e-02
-1.10945e+00 7.43e-02
-1.08827e+00 7.04e-02
-1.06799e+00 6.69e-02
-1.04857e+00 6.36e-02
-1.02994e+00 6.06e-02
-1.01200e+00 5.79e-02
-9.94739e-01 5.54e-02
-9.78086e-01 5.31e-02
-9.62021e-01 5.10e-02
-9.46492e-01 4.91e-02
-9.31455e-01 4.75e-02
-9.16916e-01 4.60e-02
-9.02807e-01 4.47e-02
-8.89113e-01 4.35e-02
-8.75797e-01 4.24e-02
-8.62868e-01 4.13e-02
-8.50292e-01 4.04e-02
-8.38057e-01 3.96e-02
-8.26130e-01 3.89e-02
-8.14502e-01 3.82e-02
-8.03185e-01 3.77e-02
-7.92106e-01 3.73e-02
-7.81301e-01 3.70e-02
-7.70741e-01 3.69e-02
-7.60420e-01 3.68e-02
-7.50331e-01 3.69e-02
-7.40469e-01 3.71e-02
-7.30787e-01 3.75e-02
-7.21320e-01 3.80e-02
-7.12045e-01 3.87e-02
-7.02955e-01 3.95e-02
-6.94048e-01 4.04e-02
-6.85298e-01 4.13e-02
-6.76723e-01 4.20e-02
-6.68298e-01 4.25e-02
-6.60041e-01 4.24e-02
-6.51909e-01 4.19e-02
-6.43938e-01 4.13e-02
-6.28390e-01 3.97e-02
-6.20808e-01 3.91e-02
-6.13357e-01 3.84e-02
-6.06016e-01 3.78e-02
-5.98801e-01 3.73e-02
-5.91692e-01 3.69e-02
-5.84687e-01 3.66e-02
-5.77803e-01 3.64e-02
-5.71018e-01 3.62e-02
-5.64314e-01 3.60e-02
-5.57725e-01 3.60e-02
-5.51231e-01 3.61e-02
-5.44831e-01 3.63e-02
-5.38505e-01 3.65e-02
-5.32288e-01 3.67e-02
-5.26142e-01 3.70e-02
-5.20085e-01 3.73e-02
-5.14098e-01 3.78e-02
-5.08196e-01 3.83e-02
-5.02362e-01 3.90e-02
-4.96610e-01 3.99e-02
-4.90925e-01 4.09e-02
-4.85320e-01 4.22e-02
-4.79779e-01 4.37e-02
-4.74301e-01 4.54e-02
-4.68884e-01 4.76e-02
-4.63545e-01 4.99e-02
-4.58265e-01 5.24e-02
-4.53044e-01 5.53e-02
-4.47882e-01 5.86e-02
-4.42778e-01 6.21e-02
-4.32739e-01 7.01e-02
-4.27803e-01 7.42e-02
-4.22922e-01 7.81e-02
-4.18095e-01 8.16e-02
-4.13321e-01 8.42e-02
-4.08585e-01 8.60e-02
-4.03901e-01 8.67e-02
-3.99284e-01 8.60e-02
-3.94688e-01 8.44e-02
-3.90158e-01 8.19e-02
-3.85662e-01 7.89e-02
-3.81216e-01 7.57e-02
-3.76819e-01 7.26e-02
-3.72456e-01 6.93e-02
-3.68126e-01 6.62e-02
-3.63858e-01 6.33e-02
-3.59622e-01 6.07e-02
-3.55419e-01 5.82e-02
-3.51261e-01 5.60e-02
-3.47135e-01 5.41e-02
-3.43054e-01 5.23e-02
-3.39003e-01 5.08e-02
-3.34997e-01 4.95e-02
-3.31021e-01 4.84e-02
-3.23185e-01 4.68e-02
-3.19310e-01 4.61e-02
-3.11661e-01 4.48e-02
-3.07885e-01 4.41e-02
-3.04150e-01 4.34e-02
-3.00430e-01 4.25e-02
-2.96750e-01 4.15e-02
-2.93097e-01 4.04e-02
-2.85884e-01 3.81e-02
-2.82323e-01 3.69e-02
-2.78788e-01 3.59e-02
-2.75279e-01 3.48e-02
-2.71796e-01 3.39e-02
-2.68350e-01 3.30e-02
-2.64917e-01 3.22e-02
-2.61521e-01 3.14e-02
-2.58149e-01 3.07e-02
-2.54802e-01 3.01e-02
-2.51466e-01 2.96e-02
-2.48167e-01 2.92e-02
-2.44891e-01 2.88e-02
-2.41639e-01 2.85e-02
-2.38409e-01 2.83e-02
-2.35203e-01 2.81e-02
-2.32020e-01 2.81e-02
-2.28860e-01 2.81e-02
-2.25722e-01 2.83e-02
-2.22606e-01 2.85e-02
-2.19513e-01 2.89e-02
-2.16441e-01 2.95e-02
-2.13391e-01 3.02e-02
-2.10363e-01 3.11e-02
-2.07344e-01 3.22e-02
-2.04359e-01 3.36e-02
-2.01382e-01 3.51e-02
-1.98439e-01 3.67e-02
-1.95504e-01 3.82e-02
-1.92590e-01 3.94e-02
-1.89697e-01 4.01e-02
-1.86824e-01 4.00e-02
-1.83971e-01 3.92e-02
-1.81126e-01 3.81e-02
-1.78314e-01 3.68e-02
-1.75509e-01 3.56e-02
-1.72724e-01 3.45e-02
-1.69958e-01 3.36e-02
-1.67200e-01 3.29e-02
-1.64474e-01 3.25e-02
-1.61755e-01 3.23e-02
-1.59054e-01 3.23e-02
-1.56373e-01 3.26e-02
-1.53699e-01 3.30e-02
-1.51044e-01 3.37e-02
-1.48407e-01 3.45e-02
-1.45789e-01 3.55e-02
-1.43189e-01 3.67e-02
-1.40596e-01 3.79e-02
-1.38021e-01 3.91e-02
-1.35453e-01 4.01e-02
-1.32914e-01 4.09e-02
-1.30382e-01 4.12e-02
-1.27867e-01 4.09e-02
-1.25359e-01 4.03e-02
-1.22868e-01 3.93e-02
-1.20395e-01 3.82e-02
-1.17928e-01 3.70e-02
-1.15489e-01 3.58e-02
-1.13057e-01 3.48e-02
-1.10630e-01 3.39e-02
-1.08220e-01 3.33e-02
-1.05827e-01 3.28e-02
-1.03440e-01 3.25e-02
-1.01070e-01 3.24e-02
-9.87160e-02 3.25e-02
-9.63788e-02 3.28e-02
-9.40360e-02 3.32e-02
-9.17206e-02 3.38e-02
-8.94106e-02 3.44e-02
-8.71168e-02 3.50e-02
-8.48283e-02 3.56e-02
-8.25559e-02 3.62e-02
-8.02994e-02 3.65e-02
-7.80480e-02 3.67e-02
-7.58125e-02 3.68e-02
-7.13671e-02 3.69e-02
-6.91679e-02 3.70e-02
-6.69735e-02 3.72e-02
-6.47839e-02 3.76e-02
-6.26097e-02 3.82e-02
-6.04509e-02 3.90e-02
-5.82967e-02 4.02e-02
-5.61577e-02 4.17e-02
-5.40233e-02 4.36e-02
-5.19040e-02 4.59e-02
-4.97997e-02 4.86e-02
-4.76998e-02 5.18e-02
-4.56042e-02 5.55e-02
-4.35236e-02 5.96e-02
-4.14576e-02 6.42e-02
-3.93959e-02 6.90e-02
-3.73385e-02 7.39e-02
-3.52956e-02 7.85e-02
-3.32673e-02 8.25e-02
-3.12430e-02 8.55e-02
-2.92229e-02 8.72e-02
-2.72170e-02 8.69e-02
-2.52255e-02 8.50e-02
-2.32379e-02 8.18e-02
-2.12543e-02 7.78e-02
-1.92848e-02 7.32e-02
-1.73293e-02 6.84e-02
-1.53675e-02 6.37e-02
-1.34298e-02 5.92e-02
-1.14958e-02 5.50e-02
-9.56560e-03 5.13e-02
-7.64918e-03 4.79e-02
-5.73642e-03 4.50e-02
-3.83735e-03 4.24e-02
-1.94188e-03 4.02e-02
-5.00013e-05 3.83e-02
1.79838e-03 3.66e-02
3.69317e-03 3.52e-02
5.58438e-03 3.41e-02
7.37275e-03 3.31e-02
9.25702e-03 3.22e-02
1.11377e-02 3.16e-02
1.29162e-02 3.10e-02
1.47901e-02 3.06e-02
1.65621e-02 3.03e-02
1.84291e-02 3.02e-02
2.01947e-02 3.01e-02
2.19572e-02 3.03e-02
2.38142e-02 3.06e-02
2.55703e-02 3.11e-02
2.73233e-02 3.18e-02
2.90732e-02 3.27e-02
3.08201e-02 3.38e-02
3.25640e-02 3.52e-02
3.43048e-02 3.67e-02
3.60426e-02 3.84e-02
3.77774e-02 4.03e-02
3.95091e-02 4.24e-02
4.29637e-02 4.67e-02
4.46865e-02 4.87e-02
4.64064e-02 5.06e-02
4.80280e-02 5.22e-02
4.97421e-02 5.33e-02
5.14533e-02 5.39e-02
5.30667e-02 5.37e-02
5.47722e-02 5.29e-02
5.64748e-02 5.16e-02
5.80802e-02 4.98e-02
5.97772e-02 4.78e-02
6.13773e-02 4.55e-02
6.46635e-02 4.08e-02
6.62558e-02 3.84e-02
6.78455e-02 3.62e-02
6.95261e-02 3.41e-02
7.11106e-02 3.22e-02
7.26927e-02 3.04e-02
7.42722e-02 2.88e-02
7.58493e-02 2.73e-02
7.74239e-02 2.59e-02
7.90884e-02 2.47e-02
8.06579e-02 2.35e-02
8.22249e-02 2.24e-02
8.37895e-02 2.14e-02
8.52598e-02 2.04e-02
8.68197e-02 1.95e-02
8.83771e-02 1.87e-02
8.99321e-02 1.80e-02
9.14847e-02 1.73e-02
9.30349e-02 1.67e-02
9.44917e-02 1.61e-02
9.60372e-02 1.57e-02
9.75803e-02 1.52e-02
9.90305e-02 1.49e-02
1.02015e-01 1.41e-02
1.03549e-01 1.37e-02
1.06520e-01 1.29e-02
1.07957e-01 1.25e-02
1.09482e-01 1.22e-02
1.10915e-01 1.20e-02
1.12435e-01 1.17e-02
1.13864e-01 1.14e-02
1.15291e-01 1.11e-02
1.16805e-01 1.09e-02
1.18227e-01 1.07e-02
1.19648e-01 1.04e-02
1.21067e-01 1.02e-02
1.22483e-01 1.00e-02
1.23898e-01 9.84e-03
1.25398e-01 9.66e-03
1.26809e-01 1.03e-02
1.28217e-01 1.01e-02
1.29624e-01 9.93e-03
1.31028e-01 9.78e-03
1.32431e-01 9.65e-03
1.33831e-01 9.52e-03
1.35143e-01 9.40e-03
1.36539e-01 9.30e-03
1.37934e-01 9.20e-03
1.39327e-01 9.11e-03
1.42107e-01 8.95e-03
1.44793e-01 8.79e-03
1.47471e-01 8.62e-03
1.50229e-01 8.42e-03
1.51519e-01 8.63e-03
1.52893e-01 8.54e-03
1.54179e-01 8.44e-03
1.55550e-01 8.36e-03
1.56833e-01 8.28e-03
1.58200e-01 8.21e-03
1.59479e-01 8.15e-03
1.60757e-01 8.10e-03
1.62119e-01 8.11e-03
1.63394e-01 8.07e-03
1.64751e-01 8.02e-03
1.66023e-01 7.96e-03
1.67293e-01 7.88e-03
1.68561e-01 7.80e-03
1.71176e-01 7.60e-03
1.72440e-01 7.50e-03
1.73701e-01 7.41e-03
1.74961e-01 7.32e-03
1.76220e-01 7.24e-03
1.77477e-01 7.16e-03
1.78732e-01 7.09e-03
1.80069e-01 7.03e-03
1.82572e-01 6.91e-03
1.84985e-01 6.80e-03
1.87475e-01 6.70e-03
1.88718e-01 7.80e-03
1.91199e-01 7.70e-03
1.93591e-01 7.61e-03
1.96060e-01 7.53e-03
1.98441e-01 7.44e-03
2.00898e-01 7.37e-03
2.03267e-01 7.29e-03
2.05631e-01 7.22e-03
2.07989e-01 7.14e-03
2.10342e-01 7.07e-03
2.12689e-01 7.01e-03
2.15031e-01 6.94e-03
2.17286e-01 6.88e-03
2.19617e-01 6.82e-03
2.21943e-01 6.76e-03
2.24183e-01 6.70e-03
2.26418e-01 6.64e-03
2.28728e-01 6.58e-03
2.30953e-01 6.53e-03
2.33173e-01 6.47e-03
2.35388e-01 6.42e-03
2.37599e-01 6.37e-03
2.39804e-01 6.32e-03
2.42005e-01 6.27e-03
2.44200e-01 6.23e-03
2.46313e-01 6.18e-03
2.47407e-01 6.68e-03
2.49591e-01 6.64e-03
2.51692e-01 6.59e-03
2.53867e-01 6.54e-03
2.55959e-01 6.50e-03
2.58047e-01 6.46e-03
2.60208e-01 6.41e-03
2.62287e-01 6.37e-03
2.64362e-01 6.33e-03
2.66433e-01 6.29e-03
2.68499e-01 6.25e-03
2.70561e-01 6.21e-03
2.72619e-01 6.17e-03
2.74597e-01 6.13e-03
2.76646e-01 6.10e-03
2.78692e-01 6.06e-03
2.80657e-01 6.03e-03
2.82695e-01 5.99e-03
2.84652e-01 5.96e-03
2.86606e-01 5.92e-03
2.88632e-01 5.89e-03
2.90578e-01 5.85e-03
2.92520e-01 5.82e-03
2.94459e-01 5.79e-03
2.96394e-01 5.76e-03
2.98325e-01 5.73e-03
3.00253e-01 5.70e-03
3.02177e-01 5.66e-03
3.04097e-01 5.63e-03
3.05939e-01 5.60e-03
3.07852e-01 5.58e-03
3.09762e-01 5.55e-03
3.11594e-01 5.52e-03
3.13496e-01 5.49e-03
3.15322e-01 5.46e-03
3.17144e-01 5.43e-03
3.19035e-01 5.41e-03
3.20851e-01 5.38e-03
3.22663e-01 5.35e-03
3.24472e-01 5.32e-03
3.26278e-01 5.30e-03
3.28080e-01 5.27e-03
3.29879e-01 5.24e-03
3.31675e-01 5.22e-03
3.33468e-01 5.19e-03
3.35257e-01 5.17e-03
3.37044e-01 5.14e-03
3.38827e-01 5.12e-03
3.40535e-01 5.09e-03
3.42312e-01 5.07e-03
3.44015e-01 5.05e-03
3.45786e-01 5.02e-03
3.47483e-01 5.00e-03
3.49247e-01 4.98e-03
3.50939e-01 4.95e-03
3.52627e-01 4.93e-03
3.54382e-01 4.91e-03
3.56065e-01 4.89e-03
3.57744e-01 4.87e-03
3.59421e-01 4.85e-03
3.61095e-01 4.82e-03
3.62766e-01 4.80e-03
3.64435e-01 4.78e-03
3.66100e-01 4.76e-03
3.67763e-01 4.74e-03
3.69354e-01 4.72e-03
3.71012e-01 4.70e-03
3.72666e-01 4.68e-03
3.74318e-01 4.66e-03
3.75899e-01 4.64e-03
3.77546e-01 4.62e-03
3.79121e-01 4.59e-03
3.80762e-01 4.57e-03
3.82333e-01 4.55e-03
3.83969e-01 4.53e-03
3.85534e-01 4.51e-03
3.87097e-01 4.49e-03
3.88658e-01 4.47e-03
3.90284e-01 4.45e-03
3.91839e-01 4.43e-03
3.93393e-01 4.41e-03
3.94943e-01 4.39e-03
3.96492e-01 4.37e-03
3.98038e-01 4.35e-03
3.99581e-01 4.33e-03
4.01122e-01 4.31e-03
4.02661e-01 4.29e-03
4.04131e-01 4.27e-03
4.05665e-01 4.25e-03
4.07197e-01 4.23e-03
4.08726e-01 4.21e-03
4.10187e-01 4.19e-03
4.11712e-01 4.17e-03
4.13169e-01 4.15e-03
4.14689e-01 4.13e-03
4.16141e-01 4.12e-03
4.17657e-01 4.10e-03
4.19105e-01 4.09e-03
4.20616e-01 4.07e-03
4.22060e-01 4.06e-03
4.23501e-01 4.04e-03
4.25006e-01 4.03e-03
4.26444e-01 4.02e-03
4.27879e-01 4.00e-03
4.29312e-01 3.99e-03
4.30743e-01 3.98e-03
4.32172e-01 3.97e-03
4.33599e-01 3.96e-03
4.35024e-01 3.95e-03
4.36447e-01 3.94e-03
4.37868e-01 3.94e-03
4.39287e-01 3.93e-03
4.40704e-01 3.92e-03
4.42118e-01 3.92e-03
4.43467e-01 3.91e-03
4.44878e-01 3.90e-03
4.46287e-01 3.89e-03
4.47630e-01 3.89e-03
4.49035e-01 3.88e-03
4.50438e-01 3.87e-03
4.51776e-01 3.86e-03
4.53175e-01 3.85e-03
4.54509e-01 3.84e-03
4.55841e-01 3.83e-03
4.57235e-01 3.81e-03
4.58563e-01 3.80e-03
4.59953e-01 3.78e-03
4.61278e-01 3.77e-03
4.62601e-01 3.75e-03
4.63923e-01 3.74e-03
4.65305e-01 3.72e-03
4.66623e-01 3.71e-03
4.67939e-01 3.69e-03
4.69253e-01 3.67e-03
4.70566e-01 3.66e-03
4.71877e-01 3.65e-03
4.73186e-01 3.63e-03
4.74494e-01 3.62e-03
4.75799e-01 3.61e-03
4.77103e-01 3.60e-03
4.78406e-01 3.59e-03
4.79706e-01 3.58e-03
4.80944e-01 3.58e-03
4.82241e-01 3.57e-03
4.83537e-01 3.56e-03
4.84831e-01 3.56e-03
4.86062e-01 3.55e-03
4.87352e-01 3.55e-03
4.88641e-01 3.54e-03
4.89868e-01 3.53e-03
4.91153e-01 3.52e-03
4.92376e-01 3.51e-03
4.93659e-01 3.50e-03
4.94879e-01 3.49e-03
4.96159e-01 3.49e-03
4.97376e-01 3.48e-03
5.00472e-01 3.47e-03
5.02955e-01 3.47e-03
5.03559e-01 3.48e-03
5.05974e-01 3.47e-03
5.07179e-01 3.47e-03
5.08383e-01 3.46e-03
5.09645e-01 3.45e-03
5.10846e-01 3.44e-03
5.12045e-01 3.43e-03
5.13243e-01 3.41e-03
5.14439e-01 3.39e-03
5.15634e-01 3.38e-03
5.16828e-01 3.37e-03
5.18020e-01 3.36e-03
5.19210e-01 3.35e-03
5.20340e-01 3.34e-03
5.21528e-01 3.34e-03
5.22715e-01 3.33e-03
5.23900e-01 3.32e-03
5.25083e-01 3.31e-03
5.26207e-01 3.30e-03
5.27388e-01 3.28e-03
5.28567e-01 3.27e-03
5.29687e-01 3.25e-03
5.30864e-01 3.24e-03
5.32039e-01 3.23e-03
5.33154e-01 3.23e-03
5.34327e-01 3.22e-03
5.35440e-01 3.21e-03
5.36610e-01 3.20e-03
5.37721e-01 3.19e-03
5.38888e-01 3.17e-03
5.39996e-01 3.16e-03
5.41103e-01 3.14e-03
5.42266e-01 3.12e-03
5.43370e-01 3.10e-03
5.44473e-01 3.08e-03
5.45633e-01 3.06e-03
5.46733e-01 3.05e-03
5.48410e-01 3.04e-03
5.50085e-01 3.04e-03
5.53368e-01 3.04e-03
5.54460e-01 3.04e-03
5.55550e-01 3.03e-03
5.56640e-01 3.02e-03
5.57728e-01 3.01e-03
5.58815e-01 2.99e-03
5.59901e-01 2.97e-03
5.60986e-01 2.94e-03
5.62070e-01 2.92e-03
5.63152e-01 2.90e-03
5.64234e-01 2.89e-03
5.64745e-01 2.89e-03
5.65314e-01 2.88e-03
5.66393e-01 2.88e-03
5.67471e-01 2.88e-03
5.68491e-01 2.89e-03
5.69566e-01 2.89e-03
5.70075e-01 2.89e-03
5.70641e-01 2.89e-03
5.71149e-01 2.88e-03
5.71714e-01 2.88e-03
5.72222e-01 2.86e-03
5.72729e-01 2.85e-03
5.73800e-01 2.82e-03
5.74870e-01 2.78e-03
5.75883e-01 2.75e-03
5.76950e-01 2.71e-03
5.77961e-01 2.69e-03
5.79026e-01 2.66e-03
5.80090e-01 2.64e-03
5.81098e-01 2.62e-03
5.82160e-01 2.60e-03
5.83165e-01 2.59e-03
5.83667e-01 2.58e-03
5.84225e-01 2.77e-03
5.85228e-01 2.76e-03
5.86230e-01 2.75e-03
5.87287e-01 2.74e-03
5.88287e-01 2.73e-03
5.89286e-01 2.71e-03
5.90339e-01 2.70e-03
5.91336e-01 2.69e-03
5.92332e-01 2.68e-03
5.93382e-01 2.67e-03
5.94376e-01 2.67e-03
5.95369e-01 2.66e-03
5.96361e-01 2.65e-03
5.97407e-01 2.64e-03
5.98397e-01 2.63e-03
5.99386e-01 2.62e-03
6.00374e-01 2.61e-03
6.01361e-01 2.61e-03
6.02347e-01 2.60e-03
6.03332e-01 2.60e-03
6.04316e-01 2.59e-03
6.05299e-01 2.59e-03
6.06281e-01 2.58e-03
6.07262e-01 2.58e-03
6.07753e-01 2.58e-03
6.08243e-01 2.63e-03
6.09222e-01 2.63e-03
6.10200e-01 2.63e-03
6.11178e-01 2.63e-03
6.12154e-01 2.62e-03
6.13129e-01 2.62e-03
6.14104e-01 2.62e-03
6.15023e-01 2.61e-03
6.15996e-01 2.61e-03
6.16968e-01 2.60e-03
6.17939e-01 2.59e-03
6.18908e-01 2.59e-03
6.19824e-01 2.58e-03
6.20792e-01 2.57e-03
6.21759e-01 2.56e-03
6.22671e-01 2.56e-03
6.23636e-01 2.55e-03
6.24601e-01 2.54e-03
6.25511e-01 2.54e-03
6.27862e-01 2.53e-03
6.28342e-01 2.91e-03
6.33928e-01 2.91e-03
6.34882e-01 2.91e-03
6.35783e-01 2.90e-03
6.36683e-01 2.90e-03
6.37634e-01 2.89e-03
6.38533e-01 2.88e-03
6.39483e-01 2.88e-03
6.40379e-01 2.87e-03
6.41275e-01 2.86e-03
6.42643e-01 2.86e-03
6.44009e-01 2.86e-03
6.47156e-01 2.86e-03
6.48098e-01 2.86e-03
6.48986e-01 2.85e-03
6.49874e-01 2.84e-03
6.50761e-01 2.83e-03
6.51648e-01 2.82e-03
6.52533e-01 2.80e-03
6.53418e-01 2.79e-03
6.54302e-01 2.78e-03
6.55186e-01 2.77e-03
6.56120e-01 2.76e-03
6.57002e-01 2.75e-03
6.57883e-01 2.74e-03
6.58763e-01 2.74e-03
6.59642e-01 2.73e-03
6.60469e-01 2.72e-03
6.61347e-01 2.72e-03
6.62224e-01 2.71e-03
6.63100e-01 2.71e-03
6.63976e-01 2.70e-03
6.64851e-01 2.70e-03
6.65725e-01 2.70e-03
6.66598e-01 2.69e-03
6.67470e-01 2.69e-03
6.68291e-01 2.69e-03
6.69162e-01 2.68e-03
6.70032e-01 2.68e-03
6.70902e-01 2.67e-03
6.71719e-01 2.67e-03
6.72587e-01 2.66e-03
6.73455e-01 2.66e-03
6.74321e-01 2.66e-03
6.75136e-01 2.65e-03
6.76001e-01 2.65e-03
6.76865e-01 2.64e-03
6.77678e-01 2.64e-03
6.78541e-01 2.63e-03
6.79403e-01 2.63e-03
6.80214e-01 2.62e-03
6.81075e-01 2.61e-03
6.81884e-01 2.61e-03
6.82743e-01 2.60e-03
6.83551e-01 2.60e-03
6.84409e-01 2.59e-03
6.85266e-01 2.58e-03
6.86072e-01 2.58e-03
6.86878e-01 2.57e-03
6.87733e-01 2.56e-03
6.88537e-01 2.56e-03
6.89390e-01 2.55e-03
6.90193e-01 2.54e-03
6.91045e-01 2.54e-03
6.91846e-01 2.53e-03
6.92647e-01 2.52e-03
6.93497e-01 2.52e-03
6.94297e-01 2.51e-03
6.95145e-01 2.50e-03
6.95943e-01 2.50e-03
6.96741e-01 2.49e-03
6.97538e-01 2.49e-03
6.98383e-01 2.48e-03
6.99179e-01 2.47e-03
6.99974e-01 2.47e-03
7.00818e-01 2.46e-03
7.01611e-01 2.45e-03
7.02008e-01 2.45e-03
7.02404e-01 2.59e-03
7.03197e-01 2.59e-03
7.03988e-01 2.58e-03
7.04829e-01 2.57e-03
7.05619e-01 2.57e-03
7.06409e-01 2.56e-03
7.07198e-01 2.56e-03
7.07987e-01 2.55e-03
7.08774e-01 2.55e-03
7.09562e-01 2.54e-03
7.10348e-01 2.53e-03
7.11134e-01 2.53e-03
7.11920e-01 2.52e-03
7.12754e-01 2.52e-03
7.13538e-01 2.51e-03
7.14321e-01 2.51e-03
7.15104e-01 2.50e-03
7.15887e-01 2.50e-03
7.16668e-01 2.49e-03
7.17401e-01 2.49e-03
7.18181e-01 2.48e-03
7.18961e-01 2.48e-03
7.19740e-01 2.47e-03
7.20519e-01 2.47e-03
7.21297e-01 2.46e-03
7.22075e-01 2.46e-03
7.22852e-01 2.45e-03
7.23628e-01 2.45e-03
7.24404e-01 2.44e-03
7.25130e-01 2.44e-03
7.25905e-01 2.43e-03
7.26679e-01 2.43e-03
7.27452e-01 2.42e-03
7.28225e-01 2.42e-03
7.28949e-01 2.42e-03
7.29720e-01 2.41e-03
7.30491e-01 2.41e-03
7.31262e-01 2.40e-03
7.31983e-01 2.40e-03
7.32752e-01 2.39e-03
7.33521e-01 2.39e-03
7.34241e-01 2.39e-03
7.35009e-01 2.38e-03
7.35776e-01 2.38e-03
7.36494e-01 2.37e-03
7.37260e-01 2.37e-03
7.38025e-01 2.37e-03
7.38742e-01 2.36e-03
7.39506e-01 2.36e-03
7.40222e-01 2.35e-03
7.40985e-01 2.35e-03
7.41747e-01 2.35e-03
7.42461e-01 2.34e-03
7.43222e-01 2.34e-03
7.43935e-01 2.33e-03
7.44695e-01 2.33e-03
7.45408e-01 2.33e-03
7.46166e-01 2.32e-03
7.46878e-01 2.32e-03
7.47635e-01 2.32e-03
7.48345e-01 2.31e-03
7.49102e-01 2.31e-03
7.49811e-01 2.31e-03
7.50567e-01 2.30e-03
7.51275e-01 2.30e-03
7.51982e-01 2.30e-03
7.52736e-01 2.29e-03
7.53442e-01 2.29e-03
7.54148e-01 2.29e-03
7.54901e-01 2.28e-03
7.55605e-01 2.28e-03
7.56357e-01 2.28e-03
7.57061e-01 2.27e-03
7.57764e-01 2.27e-03
7.58467e-01 2.27e-03
7.59216e-01 2.26e-03
7.59918e-01 2.26e-03
7.60619e-01 2.26e-03
7.61366e-01 2.25e-03
7.62067e-01 2.25e-03
7.62767e-01 2.25e-03
7.63466e-01 2.24e-03
7.64211e-01 2.24e-03
7.64910e-01 2.24e-03
7.65607e-01 2.23e-03
7.66305e-01 2.23e-03
7.67002e-01 2.23e-03
7.67698e-01 2.23e-03
7.68440e-01 2.22e-03
7.69136e-01 2.22e-03
7.69830e-01 2.22e-03
7.70525e-01 2.21e-03
7.71219e-01 2.21e-03
7.71912e-01 2.21e-03
7.72605e-01 2.20e-03
7.73298e-01 2.20e-03
7.73990e-01 2.20e-03
7.74681e-01 2.20e-03
7.75418e-01 2.19e-03
7.76109e-01 2.19e-03
7.76799e-01 2.19e-03
7.77488e-01 2.19e-03
7.78177e-01 2.18e-03
7.78866e-01 2.18e-03
7.79554e-01 2.18e-03
7.80242e-01 2.17e-03
7.80929e-01 2.17e-03
7.81570e-01 2.17e-03
7.82256e-01 2.17e-03
7.82942e-01 2.16e-03
7.83628e-01 2.16e-03
7.84312e-01 2.16e-03
7.84997e-01 2.16e-03
7.85681e-01 2.15e-03
7.86364e-01 2.15e-03
7.87047e-01 2.15e-03
7.87730e-01 2.14e-03
7.88366e-01 2.14e-03
7.89048e-01 2.14e-03
7.89729e-01 2.14e-03
7.90410e-01 2.13e-03
7.91090e-01 2.13e-03
7.91770e-01 2.13e-03
7.92404e-01 2.13e-03
7.93083e-01 2.12e-03
7.93761e-01 2.12e-03
7.94439e-01 2.12e-03
7.95117e-01 2.12e-03
7.95749e-01 2.11e-03
7.96426e-01 2.11e-03
7.97102e-01 2.11e-03
7.97732e-01 2.11e-03
7.98408e-01 2.11e-03
7.99083e-01 2.10e-03
7.99757e-01 2.10e-03
8.00386e-01 2.10e-03
8.01059e-01 2.10e-03
8.01732e-01 2.09e-03
8.02360e-01 2.09e-03
8.03032e-01 2.09e-03
8.03704e-01 2.09e-03
8.04331e-01 2.08e-03
8.05002e-01 2.08e-03
8.05627e-01 2.08e-03
8.06297e-01 2.08e-03
8.06967e-01 2.07e-03
8.07591e-01 2.07e-03
8.08260e-01 2.07e-03
8.08884e-01 2.07e-03
8.09551e-01 2.07e-03
8.10174e-01 2.06e-03
8.10841e-01 2.06e-03
8.11463e-01 2.06e-03
8.12129e-01 2.06e-03
8.12751e-01 2.05e-03
8.13416e-01 2.05e-03
8.14036e-01 2.05e-03
8.14701e-01 2.05e-03
8.15321e-01 2.05e-03
8.15984e-01 2.04e-03
8.16603e-01 2.04e-03
8.17266e-01 2.04e-03
8.17884e-01 2.04e-03
8.18546e-01 2.03e-03
8.19163e-01 2.03e-03
8.19824e-01 2.03e-03
8.20440e-01 2.03e-03
8.21057e-01 2.02e-03
8.21716e-01 2.02e-03
8.22332e-01 2.02e-03
8.22947e-01 2.02e-03
8.23605e-01 2.02e-03
8.62721e-01 1.88e-03
8.63312e-01 1.88e-03
8.63902e-01 1.88e-03
8.64492e-01 1.88e-03
8.65040e-01 1.88e-03
8.65629e-01 1.87e-03
8.66218e-01 1.87e-03
8.66806e-01 1.87e-03
8.67395e-01 1.87e-03
8.67940e-01 1.87e-03
8.68528e-01 1.87e-03
8.69115e-01 1.86e-03
8.69702e-01 1.86e-03
8.70289e-01 1.86e-03
8.70833e-01 1.86e-03
8.71419e-01 1.86e-03
8.72004e-01 1.85e-03
8.72548e-01 1.85e-03
8.73133e-01 1.85e-03
8.73717e-01 1.85e-03
8.74301e-01 1.85e-03
8.74844e-01 1.84e-03
8.75427e-01 1.84e-03
8.76010e-01 1.84e-03
8.76551e-01 1.84e-03
8.77134e-01 1.84e-03
8.77716e-01 1.83e-03
8.78257e-01 1.83e-03
8.78838e-01 1.83e-03
8.79419e-01 1.83e-03
8.79959e-01 1.83e-03
8.80539e-01 1.82e-03
8.81119e-01 1.82e-03
8.81658e-01 1.82e-03
8.82237e-01 1.82e-03
8.82775e-01 1.82e-03
8.83354e-01 1.81e-03
8.83933e-01 1.81e-03
8.84470e-01 1.81e-03
8.93104e-01 1.78e-03
9.03205e-01 1.76e-03
9.07008e-01 1.75e-03
9.09145e-01 1.74e-03
9.11278e-01 1.73e-03
9.12885e-01 1.73e-03
9.13968e-01 1.73e-03
9.15010e-01 1.72e-03
9.15530e-01 1.72e-03
9.16091e-01 1.72e-03
9.16611e-01 1.72e-03
9.17130e-01 1.72e-03
9.17650e-01 1.71e-03
9.18169e-01 1.71e-03
9.18728e-01 1.71e-03
9.19246e-01 1.71e-03
9.19765e-01 1.71e-03
9.20283e-01 1.71e-03
9.20801e-01 1.70e-03
9.21358e-01 1.70e-03
9.21875e-01 1.70e-03
9.22392e-01 1.70e-03
9.22909e-01 1.70e-03
9.23425e-01 1.69e-03
9.32754e-01 1.67e-03
9.33266e-01 1.66e-03
9.33777e-01 1.66e-03
9.34288e-01 1.66e-03
9.34798e-01 1.66e-03
9.35309e-01 1.66e-03
9.35819e-01 1.65e-03
9.36329e-01 1.65e-03
9.36838e-01 1.65e-03
9.41139e-01 1.64e-03
9.47712e-01 1.62e-03
9.49184e-01 1.62e-03
9.54395e-01 1.60e-03
9.56857e-01 1.60e-03
9.57356e-01 1.60e-03
9.57855e-01 1.59e-03
9.58354e-01 1.59e-03
9.58814e-01 1.59e-03
9.59312e-01 1.59e-03
9.59810e-01 1.59e-03
9.60308e-01 1.58e-03
9.60767e-01 1.58e-03
9.61264e-01 1.58e-03
9.61761e-01 1.58e-03
9.62258e-01 1.58e-03
9.62716e-01 1.57e-03
9.63212e-01 1.57e-03
9.63709e-01 1.57e-03
9.64204e-01 1.57e-03
9.64662e-01 1.57e-03
9.65157e-01 1.57e-03
9.69756e-01 1.55e-03
9.79754e-01 1.53e-03
9.80692e-01 1.52e-03
9.81179e-01 1.52e-03
9.81629e-01 1.52e-03
9.82116e-01 1.52e-03
9.82565e-01 1.52e-03
9.87010e-01 1.50e-03
9.91918e-01 1.49e-03
9.93733e-01 1.49e-03
9.94658e-01 1.49e-03
9.95139e-01 1.49e-03
9.95582e-01 1.48e-03
9.96063e-01 1.48e-03
9.96506e-01 1.48e-03
9.96986e-01 1.48e-03
9.97428e-01 1.48e-03
9.97871e-01 1.48e-03
9.98571e-01 1.47e-03
9.98792e-01 1.48e-03
1.00177e+00 1.47e-03
1.00448e+00 1.47e-03
1.00492e+00 1.47e-03
1.00540e+00 1.47e-03
1.00584e+00 1.46e-03
1.00628e+00 1.46e-03
1.00675e+00 1.46e-03
1.00719e+00 1.46e-03
1.00763e+00 1.46e-03
1.00810e+00 1.45e-03
1.00854e+00 1.45e-03
1.00898e+00 1.45e-03
1.00945e+00 1.45e-03
1.00989e+00 1.45e-03
1.01033e+00 1.44e-03
1.01080e+00 1.44e-03
1.01124e+00 1.44e-03
1.01167e+00 1.44e-03
1.01215e+00 1.44e-03
1.01258e+00 1.43e-03
1.01302e+00 1.43e-03
1.01345e+00 1.43e-03
1.01393e+00 1.43e-03
1.01436e+00 1.43e-03
1.01480e+00 1.43e-03
1.01527e+00 1.42e-03
1.01570e+00 1.42e-03
1.01614e+00 1.42e-03
1.02166e+00 1.40e-03
1.03233e+00 1.38e-03
1.04454e+00 1.35e-03
1.04581e+00 1.34e-03
1.04602e+00 1.36e-03
1.06247e+00 1.32e-03
1.07933e+00 1.29e-03
1.09574e+00 1.25e-03
1.11933e+00 1.20e-03
1.13809e+00 1.16e-03
1.15886e+00 1.11e-03
1.17939e+00 1.07e-03
1.20405e+00 1.03e-03
1.22472e+00 9.89e-04
1.24263e+00 9.57e-04
1.26700e+00 9.16e-04
1.29374e+00 8.72e-04
1.30985e+00 8.46e-04
1.32500e+00 8.22e-04
1.34823e+00 7.88e-04
1.36200e+00 7.70e-04
1.38837e+00 7.36e-04
1.40497e+00 7.16e-04
1.43050e+00 6.87e-04
1.44718e+00 6.70e-04
1.47105e+00 6.44e-04
1.49180e+00 6.24e-04
1.51006e+00 6.06e-04
1.52434e+00 5.95e-04
1.53346e+00 5.88e-04
1.54945e+00 5.78e-04
1.57103e+00 5.66e-04
1.58519e+00 5.60e-04
1.60086e+00 5.55e-04
1.61347e+00 5.51e-04
1.62204e+00 5.49e-04
1.63573e+00 5.48e-04
1.65912e+00 5.48e-04
1.66635e+00 5.50e-04
1.67723e+00 5.54e-04
1.68582e+00 5.57e-04
1.69444e+00 5.62e-04
1.69600e+00 5.63e-04
1.69628e+00 5.64e-04
1.69653e+00 5.63e-04
1.70442e+00 5.69e-04
1.71180e+00 5.75e-04
1.71869e+00 5.81e-04
1.72507e+00 5.87e-04
1.73095e+00 5.94e-04
1.73686e+00 6.01e-04
1.74224e+00 6.08e-04
1.74711e+00 6.14e-04
1.75174e+00 6.21e-04
1.75636e+00 6.28e-04
1.76073e+00 6.35e-04
1.76375e+00 6.41e-04
1.76706e+00 6.47e-04
1.77009e+00 6.52e-04
1.77287e+00 6.58e-04
1.77563e+00 6.64e-04
1.77813e+00 6.69e-04
1.78038e+00 6.74e-04
1.78233e+00 6.78e-04
1.78401e+00 6.82e-04
1.78485e+00 6.84e-04
1.78596e+00 6.86e-04
1.78681e+00 6.88e-04
1.78710e+00 6.89e-04
1.78737e+00 6.90e-04
1.78794e+00 6.91e-04
1.78822e+00 6.92e-04
1.78877e+00 6.93e-04
1.78906e+00 6.94e-04
1.78934e+00 6.95e-04
1.78962e+00 6.95e-04
1.78991e+00 6.96e-04
1.79019e+00 6.97e-04
1.79048e+00 6.98e-04
1.79074e+00 6.98e-04
1.79103e+00 6.99e-04
1.79131e+00 7.00e-04
1.79159e+00 7.00e-04
1.79188e+00 7.01e-04
1.79216e+00 7.02e-04
1.79244e+00 7.03e-04
1.79273e+00 7.03e-04
1.79301e+00 7.04e-04
1.79329e+00 7.05e-04
1.79357e+00 7.06e-04
1.79386e+00 7.06e-04
1.79414e+00 7.07e-04
1.79442e+00 7.08e-04
1.79471e+00 7.09e-04
1.79499e+00 7.09e-04
1.79527e+00 7.10e-04
1.79555e+00 7.11e-04
1.79583e+00 7.12e-04
1.79612e+00 7.12e-04
1.79642e+00 7.13e-04
1.79670e+00 7.14e-04
1.79698e+00 7.15e-04
1.79726e+00 7.16e-04
1.79754e+00 7.16e-04
1.79782e+00 7.17e-04
1.79811e+00 7.18e-04
1.79839e+00 7.19e-04
1.79869e+00 7.20e-04
1.79897e+00 7.20e-04
1.79925e+00 7.21e-04
1.79953e+00 7.22e-04
1.79981e+00 7.23e-04
1.80011e+00 7.24e-04
1.80039e+00 7.25e-04
1.80067e+00 7.25e-04
1.80095e+00 7.26e-04
1.80125e+00 7.27e-04
1.80153e+00 7.28e-04
1.80181e+00 7.29e-04
1.80211e+00 7.30e-04
1.80239e+00 7.31e-04
1.80267e+00 7.31e-04
1.80296e+00 7.32e-04
1.80324e+00 7.33e-04
1.80352e+00 7.34e-04
1.80382e+00 7.35e-04
1.80410e+00 7.36e-04
1.80438e+00 7.37e-04
1.80468e+00 7.38e-04
1.80496e+00 7.39e-04
1.80525e+00 7.39e-04
1.80553e+00 7.40e-04
1.80581e+00 7.41e-04
1.80611e+00 7.42e-04
1.80639e+00 7.43e-04
1.80668e+00 7.44e-04
1.80696e+00 7.45e-04
1.80726e+00 7.46e-04
1.80753e+00 7.47e-04
1.80783e+00 7.48e-04
1.80811e+00 7.49e-04
1.80840e+00 7.50e-04
1.80868e+00 7.50e-04
1.80898e+00 7.51e-04
1.80927e+00 7.52e-04
1.80955e+00 7.53e-04
1.80984e+00 7.54e-04
1.81012e+00 7.55e-04
1.81042e+00 7.56e-04
1.81071e+00 7.57e-04
1.81099e+00 7.58e-04
1.81128e+00 7.59e-04
1.81158e+00 7.60e-04
1.81186e+00 7.61e-04
1.81215e+00 7.62e-04
1.81244e+00 7.63e-04
1.81272e+00 7.64e-04
1.81302e+00 7.65e-04
1.81331e+00 7.66e-04
1.81359e+00 7.67e-04
1.81388e+00 7.68e-04
1.81417e+00 7.69e-04
1.81447e+00 7.70e-04
1.81474e+00 7.71e-04
1.81504e+00 7.72e-04
1.81533e+00 7.73e-04
1.81562e+00 7.74e-04
1.81592e+00 7.75e-04
1.81619e+00 7.76e-04
1.81648e+00 7.77e-04
1.81678e+00 7.78e-04
1.81707e+00 7.79e-04
1.81736e+00 7.80e-04
1.81765e+00 7.81e-04
1.81795e+00 7.82e-04
1.81824e+00 7.83e-04
1.81853e+00 7.84e-04
1.81882e+00 7.86e-04
1.81910e+00 7.87e-04
1.81939e+00 7.88e-04
1.81968e+00 7.89e-04
1.81997e+00 7.90e-04
1.82027e+00 7.91e-04
1.82056e+00 7.92e-04
1.82085e+00 7.93e-04
1.82114e+00 7.94e-04
1.82143e+00 7.95e-04
1.82172e+00 7.97e-04
1.82203e+00 7.98e-04
1.82232e+00 7.99e-04
1.82261e+00 8.00e-04
1.82290e+00 8.01e-04
1.82319e+00 8.02e-04
1.82348e+00 8.04e-04
1.82377e+00 8.05e-04
1.82407e+00 8.06e-04
1.82436e+00 8.07e-04
1.82466e+00 8.09e-04
1.82495e+00 8.10e-04
1.82524e+00 8.11e-04
1.82553e+00 8.12e-04
1.82582e+00 8.13e-04
1.82613e+00 8.14e-04
1.82642e+00 8.16e-04
1.82671e+00 8.17e-04
1.82700e+00 8.18e-04
1.82730e+00 8.19e-04
1.82759e+00 8.20e-04
1.82788e+00 8.21e-04
1.82819e+00 8.22e-04
1.82848e+00 8.23e-04
1.82877e+00 8.25e-04
1.82907e+00 8.26e-04
1.82936e+00 8.27e-04
1.82965e+00 8.28e-04
1.82995e+00 8.29e-04
1.83024e+00 8.30e-04
1.83055e+00 8.32e-04
1.83084e+00 8.33e-04
1.83112e+00 8.34e-04
1.83143e+00 8.35e-04
1.83172e+00 8.37e-04
1.83202e+00 8.38e-04
1.83231e+00 8.39e-04
1.83261e+00 8.40e-04
1.83290e+00 8.42e-04
1.83321e+00 8.43e-04
1.83349e+00 8.44e-04
1.83380e+00 8.46e-04
1.83410e+00 8.47e-04
1.83439e+00 8.48e-04
1.83469e+00 8.49e-04
1.83498e+00 8.51e-04
1.83528e+00 8.52e-04
1.83558e+00 8.53e-04
1.83587e+00 8.55e-04
1.83617e+00 8.56e-04
1.83646e+00 8.57e-04
1.83676e+00 8.59e-04
1.83707e+00 8.60e-04
1.83737e+00 8.61e-04
1.83766e+00 8.63e-04
1.83796e+00 8.64e-04
1.83826e+00 8.66e-04
1.83855e+00 8.67e-04
1.83885e+00 8.68e-04
1.83915e+00 8.70e-04
1.83945e+00 8.71e-04
1.83976e+00 8.73e-04
1.84004e+00 8.74e-04
1.84034e+00 8.75e-04
1.84064e+00 8.77e-04
1.84095e+00 8.78e-04
1.84125e+00 8.80e-04
1.84155e+00 8.81e-04
1.84185e+00 8.82e-04
1.84215e+00 8.84e-04
1.84244e+00 8.85e-04
1.84274e+00 8.87e-04
1.84304e+00 8.88e-04
1.84334e+00 8.90e-04
1.84364e+00 8.91e-04
1.84394e+00 8.93e-04
1.84424e+00 8.94e-04
1.84454e+00 8.96e-04
1.84484e+00 8.97e-04
1.84514e+00 8.99e-04
1.84544e+00 9.00e-04
1.84576e+00 9.02e-04
1.84606e+00 9.03e-04
1.84636e+00 9.05e-04
1.84666e+00 9.06e-04
1.84696e+00 9.08e-04
1.84726e+00 9.10e-04
1.84756e+00 9.11e-04
1.84786e+00 9.13e-04
1.84817e+00 9.14e-04
1.84847e+00 9.16e-04
1.84877e+00 9.17e-04
1.84907e+00 9.19e-04
1.84937e+00 9.21e-04
1.84968e+00 9.22e-04
1.84998e+00 9.24e-04
1.85028e+00 9.26e-04
1.85059e+00 9.27e-04
1.85089e+00 9.29e-04
1.85119e+00 9.30e-04
1.85151e+00 9.32e-04
1.85180e+00 9.34e-04
1.85210e+00 9.35e-04
1.85242e+00 9.37e-04
1.85271e+00 9.39e-04
1.85301e+00 9.40e-04
1.85332e+00 9.42e-04
1.85362e+00 9.44e-04
1.85394e+00 9.46e-04
1.85423e+00 9.47e-04
1.85455e+00 9.49e-04
1.85484e+00 9.51e-04
1.85516e+00 9.52e-04
1.85545e+00 9.54e-04
1.85577e+00 9.56e-04
1.85606e+00 9.58e-04
1.85638e+00 9.59e-04
1.85667e+00 9.61e-04
1.85699e+00 9.63e-04
1.85730e+00 9.65e-04
1.85759e+00 9.67e-04
1.85791e+00 9.68e-04
1.85822e+00 9.70e-04
1.85851e+00 9.72e-04
1.85883e+00 9.74e-04
1.85914e+00 9.76e-04
1.85943e+00 9.78e-04
1.85975e+00 9.79e-04
1.86006e+00 9.81e-04
1.86037e+00 9.83e-04
1.86066e+00 9.85e-04
1.86097e+00 9.87e-04
1.86129e+00 9.89e-04
1.86160e+00 9.91e-04
1.86191e+00 9.93e-04
1.86220e+00 9.95e-04
1.86251e+00 9.97e-04
1.86282e+00 9.99e-04
1.86313e+00 1.00e-03
1.86344e+00 1.00e-03
1.86375e+00 1.00e-03
1.86406e+00 1.01e-03
1.86437e+00 1.01e-03
1.86468e+00 1.01e-03
1.86499e+00 1.01e-03
1.86530e+00 1.01e-03
1.86561e+00 1.02e-03
1.86592e+00 1.02e-03
1.86623e+00 1.02e-03
1.86654e+00 1.02e-03
1.86685e+00 1.02e-03
1.86716e+00 1.03e-03
1.86747e+00 1.03e-03
1.86778e+00 1.03e-03
1.86809e+00 1.03e-03
1.86841e+00 1.03e-03
1.86872e+00 1.04e-03
1.86903e+00 1.04e-03
1.86934e+00 1.04e-03
1.86965e+00 1.04e-03
1.86997e+00 1.05e-03
1.87028e+00 1.05e-03
1.87059e+00 1.05e-03
1.87089e+00 1.05e-03
1.87122e+00 1.05e-03
1.87153e+00 1.06e-03
1.87183e+00 1.06e-03
1.87216e+00 1.06e-03
1.87246e+00 1.06e-03
1.87277e+00 1.07e-03
1.87309e+00 1.07e-03
1.87340e+00 1.07e-03
1.87372e+00 1.07e-03
1.87403e+00 1.07e-03
1.87435e+00 1.08e-03
1.87466e+00 1.08e-03
1.87498e+00 1.08e-03
1.87529e+00 1.08e-03
1.87561e+00 1.09e-03
1.87592e+00 1.09e-03
1.87624e+00 1.09e-03
1.87654e+00 1.09e-03
1.87687e+00 1.10e-03
1.87717e+00 1.10e-03
1.87749e+00 1.10e-03
1.87781e+00 1.10e-03
1.87812e+00 1.10e-03
1.87844e+00 1.11e-03
1.87876e+00 1.11e-03
1.87907e+00 1.11e-03
1.87939e+00 1.11e-03
1.87971e+00 1.12e-03
1.88003e+00 1.12e-03
1.88033e+00 1.12e-03
1.88066e+00 1.12e-03
1.88098e+00 1.13e-03
1.88130e+00 1.13e-03
1.88162e+00 1.13e-03
1.88194e+00 1.13e-03
1.88224e+00 1.14e-03
1.88256e+00 1.14e-03
1.88288e+00 1.14e-03
1.88320e+00 1.14e-03
1.88352e+00 1.15e-03
1.88384e+00 1.15e-03
1.88416e+00 1.15e-03
1.88448e+00 1.16e-03
1.88479e+00 1.16e-03
1.88511e+00 1.16e-03
1.88543e+00 1.16e-03
1.88575e+00 1.17e-03
1.88607e+00 1.17e-03
1.88639e+00 1.17e-03
1.88672e+00 1.17e-03
1.88704e+00 1.18e-03
1.88736e+00 1.18e-03
1.88768e+00 1.18e-03
1.88799e+00 1.19e-03
1.88831e+00 1.19e-03
1.88864e+00 1.19e-03
1.88896e+00 1.19e-03
1.88928e+00 1.20e-03
1.88961e+00 1.20e-03
1.88993e+00 1.20e-03
1.89025e+00 1.21e-03
1.89056e+00 1.21e-03
1.89090e+00 1.21e-03
1.89121e+00 1.21e-03
1.89154e+00 1.22e-03
1.89186e+00 1.22e-03
1.89218e+00 1.22e-03
1.89251e+00 1.23e-03
1.89283e+00 1.23e-03
1.89316e+00 1.23e-03
1.89347e+00 1.23e-03
1.89380e+00 1.24e-03
1.89412e+00 1.24e-03
1.89445e+00 1.24e-03
1.89478e+00 1.25e-03
1.89510e+00 1.25e-03
1.89543e+00 1.25e-03
1.89574e+00 1.26e-03
1.89607e+00 1.26e-03
1.89640e+00 1.26e-03
1.89672e+00 1.27e-03
1.89705e+00 1.27e-03
1.89738e+00 1.27e-03
1.89771e+00 1.28e-03
1.89802e+00 1.28e-03
1.89835e+00 1.28e-03
1.89868e+00 1.29e-03
1.89901e+00 1.29e-03
1.89934e+00 1.29e-03
1.89967e+00 1.30e-03
1.89999e+00 1.30e-03
1.90031e+00 1.30e-03
1.90064e+00 1.31e-03
1.90097e+00 1.31e-03
1.90130e+00 1.31e-03
1.90163e+00 1.32e-03
1.90196e+00 1.32e-03
1.90229e+00 1.32e-03
1.90261e+00 1.33e-03
1.90294e+00 1.33e-03
1.90327e+00 1.33e-03
1.90360e+00 1.34e-03
1.90394e+00 1.34e-03
1.90427e+00 1.34e-03
1.90460e+00 1.35e-03
1.90492e+00 1.35e-03
1.90525e+00 1.35e-03
1.90558e+00 1.36e-03
1.90592e+00 1.36e-03
1.90625e+00 1.37e-03
1.90658e+00 1.37e-03
1.90692e+00 1.37e-03
1.90724e+00 1.38e-03
1.90757e+00 1.38e-03
1.90791e+00 1.38e-03
1.90824e+00 1.39e-03
1.90856e+00 1.39e-03
1.90891e+00 1.40e-03
1.90923e+00 1.40e-03
1.90957e+00 1.40e-03
1.90990e+00 1.41e-03
1.91024e+00 1.41e-03
1.91056e+00 1.42e-03
1.91090e+00 1.42e-03
1.91123e+00 1.42e-03
1.91157e+00 1.43e-03
1.91191e+00 1.43e-03
1.91224e+00 1.44e-03
1.91257e+00 1.44e-03
1.91291e+00 1.44e-03
1.91324e+00 1.45e-03
1.91358e+00 1.45e-03
1.91392e+00 1.46e-03
1.91424e+00 1.46e-03
1.91458e+00 1.47e-03
1.91492e+00 1.47e-03
1.91526e+00 1.47e-03
1.91560e+00 1.48e-03
1.91594e+00 1.48e-03
1.91628e+00 1.49e-03
1.91660e+00 1.49e-03
1.91694e+00 1.50e-03
1.91728e+00 1.50e-03
1.91761e+00 1.50e-03
1.91795e+00 1.51e-03
1.91829e+00 1.51e-03
1.91863e+00 1.52e-03
1.91896e+00 1.52e-03
1.91932e+00 1.53e-03
1.91965e+00 1.53e-03
1.91999e+00 1.54e-03
1.92033e+00 1.54e-03
1.92067e+00 1.55e-03
1.92100e+00 1.55e-03
1.92135e+00 1.56e-03
1.92169e+00 1.56e-03
1.92203e+00 1.56e-03
1.92236e+00 1.57e-03
1.92271e+00 1.57e-03
1.92305e+00 1.58e-03
1.92339e+00 1.58e-03
1.92374e+00 1.59e-03
1.92407e+00 1.59e-03
1.92442e+00 1.60e-03
1.92476e+00 1.60e-03
1.92510e+00 1.61e-03
1.92545e+00 1.61e-03
1.92578e+00 1.62e-03
1.92613e+00 1.62e-03
1.92648e+00 1.63e-03
1.92681e+00 1.64e-03
1.92716e+00 1.64e-03
1.92750e+00 1.65e-03
1.92785e+00 1.65e-03
1.92820e+00 1.66e-03
1.92855e+00 1.66e-03
1.92888e+00 1.67e-03
1.92923e+00 1.67e-03
1.92958e+00 1.68e-03
1.92993e+00 1.68e-03
1.93026e+00 1.69e-03
1.93061e+00 1.69e-03
1.93096e+00 1.70e-03
1.93130e+00 1.71e-03
1.93165e+00 1.71e-03
1.93200e+00 1.72e-03
1.93235e+00 1.72e-03
1.93269e+00 1.73e-03
1.93304e+00 1.73e-03
1.93339e+00 1.74e-03
1.93374e+00 1.75e-03
1.93408e+00 1.75e-03
1.93443e+00 1.76e-03
1.93478e+00 1.76e-03
1.93514e+00 1.77e-03
1.93548e+00 1.78e-03
1.93583e+00 1.78e-03
1.93618e+00 1.79e-03
1.93652e+00 1.80e-03
1.93688e+00 1.80e-03
1.93723e+00 1.81e-03
1.93758e+00 1.81e-03
1.93794e+00 1.82e-03
1.93828e+00 1.83e-03
1.93864e+00 1.83e-03
1.93899e+00 1.84e-03
1.93935e+00 1.85e-03
1.93969e+00 1.85e-03
1.94005e+00 1.86e-03
1.94039e+00 1.87e-03
1.94075e+00 1.87e-03
1.94110e+00 1.88e-03
1.94146e+00 1.89e-03
1.94182e+00 1.89e-03
1.94216e+00 1.90e-03
1.94252e+00 1.91e-03
1.94288e+00 1.91e-03
1.94322e+00 1.92e-03
1.94358e+00 1.93e-03
1.94394e+00 1.93e-03
1.94429e+00 1.94e-03
1.94465e+00 1.95e-03
1.94501e+00 1.96e-03
1.94537e+00 1.96e-03
1.94571e+00 1.97e-03
1.94607e+00 1.98e-03
1.94642e+00 1.99e-03
1.94678e+00 1.99e-03
1.94715e+00 2.00e-03
1.94751e+00 2.01e-03
1.94787e+00 2.02e-03
1.94822e+00 2.02e-03
1.94858e+00 2.03e-03
1.94893e+00 2.04e-03
1.94929e+00 2.05e-03
1.94966e+00 2.06e-03
1.95002e+00 2.06e-03
1.95037e+00 2.07e-03
1.95074e+00 2.08e-03
1.95110e+00 2.09e-03
1.95145e+00 2.10e-03
1.95182e+00 2.10e-03
1.95218e+00 2.11e-03
1.95255e+00 2.12e-03
1.95290e+00 2.13e-03
1.95327e+00 2.14e-03
1.95362e+00 2.15e-03
1.95399e+00 2.15e-03
1.95435e+00 2.16e-03
1.95471e+00 2.17e-03
1.95508e+00 2.18e-03
1.95544e+00 2.19e-03
1.95580e+00 2.20e-03
1.95617e+00 2.21e-03
1.95654e+00 2.22e-03
1.95689e+00 2.23e-03
1.95726e+00 2.24e-03
1.95763e+00 2.24e-03
1.95799e+00 2.25e-03
1.95836e+00 2.26e-03
1.95873e+00 2.27e-03
1.95909e+00 2.28e-03
1.95946e+00 2.29e-03
1.95983e+00 2.30e-03
1.96019e+00 2.31e-03
1.96056e+00 2.32e-03
1.96093e+00 2.33e-03
1.96129e+00 2.34e-03
1.96167e+00 2.35e-03
1.96204e+00 2.36e-03
1.96240e+00 2.37e-03
1.96277e+00 2.38e-03
1.96315e+00 2.39e-03
1.96351e+00 2.40e-03
1.96388e+00 2.41e-03
1.96426e+00 2.42e-03
1.96462e+00 2.43e-03
1.96500e+00 2.44e-03
1.96536e+00 2.46e-03
1.96574e+00 2.47e-03
1.96610e+00 2.48e-03
1.96648e+00 2.49e-03
1.96686e+00 2.50e-03
1.96722e+00 2.51e-03
1.96760e+00 2.52e-03
1.96798e+00 2.53e-03
1.96834e+00 2.55e-03
1.96872e+00 2.56e-03
1.96910e+00 2.57e-03
1.96947e+00 2.58e-03
1.96985e+00 2.59e-03
1.97023e+00 2.60e-03
1.97060e+00 2.62e-03
1.97098e+00 2.63e-03
1.97136e+00 2.64e-03
1.97173e+00 2.65e-03
1.97211e+00 2.67e-03
1.97248e+00 2.68e-03
1.97286e+00 2.69e-03
1.97323e+00 2.70e-03
1.97361e+00 2.72e-03
1.97400e+00 2.73e-03
1.97437e+00 2.74e-03
1.97475e+00 2.76e-03
1.97514e+00 2.77e-03
1.97551e+00 2.78e-03
1.97588e+00 2.80e-03
1.97627e+00 2.81e-03
1.97665e+00 2.82e-03
1.97703e+00 2.84e-03
1.97741e+00 2.85e-03
1.97780e+00 2.87e-03
1.97817e+00 2.88e-03
1.97856e+00 2.90e-03
1.97894e+00 2.91e-03
1.97932e+00 2.92e-03
1.97970e+00 2.94e-03
1.98009e+00 2.95e-03
1.98048e+00 2.97e-03
1.98086e+00 2.99e-03
1.98125e+00 3.00e-03
1.98162e+00 3.02e-03
1.98201e+00 3.03e-03
1.98239e+00 3.05e-03
1.98278e+00 3.06e-03
1.98318e+00 3.08e-03
1.98356e+00 3.10e-03
1.98395e+00 3.11e-03
1.98433e+00 3.13e-03
1.98472e+00 3.15e-03
1.98510e+00 3.16e-03
1.98550e+00 3.18e-03
1.98589e+00 3.20e-03
1.98627e+00 3.21e-03
1.98667e+00 3.23e-03
1.98705e+00 3.25e-03
1.98745e+00 3.27e-03
1.98783e+00 3.29e-03
1.98823e+00 3.30e-03
1.98861e+00 3.32e-03
1.98901e+00 3.34e-03
1.98939e+00 3.36e-03
1.98979e+00 3.38e-03
1.99019e+00 3.40e-03
1.99058e+00 3.42e-03
1.99097e+00 3.44e-03
1.99136e+00 3.46e-03
1.99176e+00 3.48e-03
1.99215e+00 3.50e-03
1.99255e+00 3.52e-03
1.99294e+00 3.54e-03
1.99334e+00 3.56e-03
1.99373e+00 3.58e-03
1.99413e+00 3.60e-03
1.99452e+00 3.62e-03
1.99492e+00 3.64e-03
1.99533e+00 3.66e-03
1.99572e+00 3.69e-03
1.99611e+00 3.71e-03
1.99652e+00 3.73e-03
1.99692e+00 3.75e-03
1.99731e+00 3.78e-03
1.99772e+00 3.80e-03
1.99811e+00 3.82e-03
1.99852e+00 3.85e-03
1.99891e+00 3.87e-03
1.99932e+00 3.89e-03
1.99972e+00 3.92e-03
2.00011e+00 3.94e-03
2.00052e+00 3.97e-03
2.00093e+00 3.99e-03
2.00133e+00 4.02e-03
2.00174e+00 4.04e-03
2.00214e+00 4.07e-03
2.00253e+00 4.10e-03
2.00294e+00 4.12e-03
2.00334e+00 4.15e-03
2.00376e+00 4.18e-03
2.00417e+00 4.21e-03
2.00457e+00 4.23e-03
2.00497e+00 4.26e-03
2.00538e+00 4.29e-03
2.00580e+00 4.32e-03
2.00620e+00 4.35e-03
2.00660e+00 4.38e-03
2.00702e+00 4.41e-03
2.00742e+00 4.44e-03
2.00784e+00 4.47e-03
2.00824e+00 4.50e-03
2.00866e+00 4.53e-03
2.00906e+00 4.56e-03
2.00947e+00 4.59e-03
2.00989e+00 4.63e-03
2.01029e+00 4.66e-03
2.01071e+00 4.69e-03
2.01112e+00 4.73e-03
2.01154e+00 4.76e-03
2.01195e+00 4.80e-03
2.01237e+00 4.83e-03
2.01278e+00 4.87e-03
2.01319e+00 4.90e-03
2.01361e+00 4.94e-03
2.01402e+00 4.98e-03
2.01444e+00 5.01e-03
2.01486e+00 5.05e-03
2.01528e+00 5.09e-03
2.01569e+00 5.13e-03
2.01612e+00 5.17e-03
2.01653e+00 5.21e-03
2.01695e+00 5.25e-03
2.01737e+00 5.29e-03
2.01779e+00 5.33e-03
2.01820e+00 5.37e-03
2.01863e+00 5.41e-03
2.01905e+00 5.46e-03
2.01947e+00 5.50e-03
2.01989e+00 5.55e-03
2.02032e+00 5.59e-03
2.02074e+00 5.64e-03
2.02116e+00 5.68e-03
2.02159e+00 5.73e-03
2.02201e+00 5.78e-03
2.02243e+00 5.83e-03
2.02286e+00 5.87e-03
2.02328e+00 5.92e-03
2.02372e+00 5.97e-03
2.02414e+00 6.03e-03
2.02456e+00 6.08e-03
2.02500e+00 6.13e-03
2.02542e+00 6.18e-03
2.02586e+00 6.24e-03
2.02628e+00 6.29e-03
2.02671e+00 6.35e-03
2.02713e+00 6.41e-03
2.02757e+00 6.46e-03
2.02800e+00 6.52e-03
2.02844e+00 6.58e-03
2.02887e+00 6.64e-03
2.02929e+00 6.70e-03
2.02973e+00 6.77e-03
2.03016e+00 6.83e-03
2.03059e+00 6.89e-03
2.03104e+00 6.96e-03
2.03147e+00 7.02e-03
2.03190e+00 7.09e-03
2.03234e+00 7.16e-03
2.03278e+00 7.23e-03
2.03321e+00 7.30e-03
2.03365e+00 7.37e-03
2.03409e+00 7.45e-03
2.03452e+00 7.52e-03
2.03497e+00 7.60e-03
2.03541e+00 7.67e-03
2.03584e+00 7.75e-03
2.03629e+00 7.83e-03
2.03673e+00 7.91e-03
2.03717e+00 8.00e-03
2.03762e+00 8.08e-03
2.03806e+00 8.17e-03
2.03850e+00 8.25e-03
2.03895e+00 8.34e-03
2.03939e+00 8.43e-03
2.03983e+00 8.52e-03
2.04027e+00 8.62e-03
2.04071e+00 8.71e-03
2.04117e+00 8.81e-03
2.04161e+00 8.91e-03
2.04206e+00 9.01e-03
2.04251e+00 9.11e-03
2.04296e+00 9.22e-03
2.04340e+00 9.33e-03
2.04385e+00 9.44e-03
2.04431e+00 9.55e-03
2.04476e+00 9.66e-03
2.04521e+00 9.78e-03
2.04566e+00 9.89e-03
2.04612e+00 1.00e-02
2.04657e+00 1.01e-02
2.04702e+00 1.03e-02
2.04747e+00 1.04e-02
2.04793e+00 1.05e-02
2.04838e+00 1.07e-02
2.04884e+00 1.08e-02
2.04929e+00 1.09e-02
2.04976e+00 1.11e-02
2.05021e+00 1.12e-02
2.05067e+00 1.14e-02
2.05113e+00 1.15e-02
2.05158e+00 1.17e-02
2.05204e+00 1.18e-02
2.05251e+00 1.20e-02
2.05297e+00 1.22e-02
2.05343e+00 1.23e-02
2.05389e+00 1.25e-02
2.05435e+00 1.27e-02
2.05482e+00 1.29e-02
2.05528e+00 1.31e-02
2.05575e+00 1.33e-02
2.05621e+00 1.35e-02
2.05667e+00 1.37e-02
2.05714e+00 1.39e-02
2.05760e+00 1.41e-02
2.05808e+00 1.43e-02
2.05855e+00 1.45e-02
2.05902e+00 1.48e-02
2.05948e+00 1.50e-02
2.05995e+00 1.52e-02
2.06042e+00 1.55e-02
2.06090e+00 1.57e-02
2.06137e+00 1.60e-02
2.06184e+00 1.63e-02
2.06232e+00 1.65e-02
2.06279e+00 1.68e-02
2.06326e+00 1.71e-02
2.06374e+00 1.74e-02
2.06421e+00 1.77e-02
2.06470e+00 1.81e-02
2.06517e+00 1.84e-02
2.06565e+00 1.87e-02
2.06613e+00 1.91e-02
2.06661e+00 1.94e-02
2.06709e+00 1.98e-02
2.06757e+00 2.02e-02
2.06805e+00 2.06e-02
2.06853e+00 2.10e-02
2.06901e+00 2.14e-02
2.06949e+00 2.19e-02
2.06998e+00 2.23e-02
2.07046e+00 2.28e-02
2.07096e+00 2.33e-02
2.07143e+00 2.38e-02
2.07193e+00 2.43e-02
2.07242e+00 2.48e-02
2.07290e+00 2.54e-02
2.07339e+00 2.60e-02
2.07388e+00 2.66e-02
2.07437e+00 2.72e-02
2.07486e+00 2.78e-02
2.07536e+00 2.85e-02
2.07585e+00 2.92e-02
2.07634e+00 2.99e-02
2.07684e+00 3.07e-02
2.07733e+00 3.14e-02
2.07783e+00 3.23e-02
2.07832e+00 3.31e-02
2.07882e+00 3.40e-02
2.07932e+00 3.49e-02
2.07982e+00 3.59e-02
2.08032e+00 3.69e-02
2.08082e+00 3.80e-02
2.08131e+00 3.91e-02
2.08181e+00 4.02e-02
2.08231e+00 4.15e-02
2.08282e+00 4.27e-02
2.08332e+00 4.41e-02
2.08383e+00 4.55e-02
2.08433e+00 4.69e-02
2.08484e+00 4.85e-02
2.08535e+00 5.01e-02
2.08586e+00 5.19e-02
2.08636e+00 5.37e-02
2.08686e+00 5.56e-02
2.08738e+00 5.76e-02
2.08763e+00 5.87e-02
2.08789e+00 5.98e-02
2.08814e+00 6.09e-02
2.08840e+00 6.21e-02
2.08866e+00 6.33e-02
2.08891e+00 6.45e-02
2.08917e+00 6.58e-02
2.08943e+00 6.71e-02
2.08969e+00 6.84e-02
2.08994e+00 6.98e-02
2.09020e+00 7.13e-02
2.09046e+00 7.27e-02
2.09072e+00 7.43e-02
2.09097e+00 7.59e-02
2.09123e+00 7.75e-02
2.09149e+00 7.92e-02
2.09175e+00 8.09e-02
2.09201e+00 8.27e-02
2.09227e+00 8.46e-02
2.09253e+00 8.66e-02
2.09279e+00 8.86e-02
2.09305e+00 9.07e-02
2.09331e+00 9.28e-02
2.09357e+00 9.51e-02
2.09383e+00 9.74e-02
2.09408e+00 9.98e-02
2.09434e+00 1.02e-01
2.09460e+00 1.05e-01
2.09487e+00 1.08e-01
2.09513e+00 1.10e-01
2.09539e+00 1.13e-01
2.09565e+00 1.16e-01
2.09592e+00 1.20e-01
2.09618e+00 1.23e-01
2.09643e+00 1.26e-01
2.09670e+00 1.30e-01
2.09696e+00 1.34e-01
2.09723e+00 1.38e-01
2.09749e+00 1.42e-01
2.09775e+00 1.46e-01
2.09802e+00 1.51e-01
2.09828e+00 1.56e-01
2.09855e+00 1.61e-01
2.09882e+00 1.66e-01
2.09907e+00 1.71e-01
2.09934e+00 1.77e-01
2.09960e+00 1.83e-01
2.09987e+00 1.90e-01
2.10014e+00 1.96e-01
2.10040e+00 2.04e-01
2.10066e+00 2.11e-01
2.10093e+00 2.19e-01
2.10120e+00 2.27e-01
2.10146e+00 2.36e-01
2.10173e+00 2.46e-01
2.10200e+00 2.56e-01
2.10227e+00 2.67e-01
2.10254e+00 2.78e-01
2.10280e+00 2.90e-01
2.10307e+00 3.03e-01
2.10334e+00 3.17e-01
2.10361e+00 3.32e-01
2.10388e+00 3.48e-01
2.10415e+00 3.66e-01
2.10441e+00 3.84e-01
2.10468e+00 4.04e-01
2.10495e+00 4.26e-01
2.10522e+00 4.49e-01
2.10549e+00 4.74e-01
2.10577e+00 5.02e-01
2.10603e+00 5.32e-01
2.10630e+00 5.65e-01
2.10657e+00 6.01e-01
2.10685e+00 6.41e-01
2.10712e+00 6.84e-01
2.10738e+00 7.32e-01
2.10766e+00 7.86e-01
2.10793e+00 8.45e-01
2.10820e+00 9.12e-01
2.10848e+00 9.87e-01
2.10875e+00 1.07e+00
2.10902e+00 1.17e+00
2.10929e+00 1.27e+00
2.10957e+00 1.40e+00
2.10985e+00 1.54e+00
2.11012e+00 1.71e+00
2.11040e+00 1.90e+00
2.11066e+00 2.12e+00
2.11094e+00 2.39e+00
2.11122e+00 2.71e+00
2.11150e+00 3.10e+00
2.11176e+00 3.57e+00
2.11204e+00 4.15e+00
2.11232e+00 4.87e+00
2.11260e+00 5.77e+00
2.11288e+00 6.93e+00
2.11315e+00 8.41e+00
2.11343e+00 1.03e+01
2.11371e+00 1.28e+01
2.11399e+00 1.58e+01
2.11427e+00 1.94e+01
2.11454e+00 2.31e+01
2.11482e+00 2.60e+01
2.11510e+00 2.70e+01
2.11538e+00 2.56e+01
2.11565e+00 2.24e+01
2.11593e+00 1.87e+01
2.11621e+00 1.51e+01
2.11650e+00 1.22e+01
2.11677e+00 9.86e+00
2.11705e+00 8.04e+00
2.11734e+00 6.63e+00
2.11762e+00 5.53e+00
2.11789e+00 4.66e+00
2.11818e+00 3.98e+00
2.11846e+00 3.42e+00
2.11875e+00 2.97e+00
2.11902e+00 2.60e+00
2.11931e+00 2.30e+00
2.11959e+00 2.04e+00
2.11988e+00 1.82e+00
2.12015e+00 1.64e+00
2.12044e+00 1.48e+00
2.12073e+00 1.34e+00
2.12100e+00 1.22e+00
2.12129e+00 1.12e+00
2.12158e+00 1.02e+00
2.12187e+00 9.44e-01
2.12214e+00 8.72e-01
2.12243e+00 8.08e-01
2.12272e+00 7.50e-01
2.12300e+00 6.99e-01
2.12329e+00 6.52e-01
2.12358e+00 6.10e-01
2.12387e+00 5.72e-01
2.12415e+00 5.37e-01
2.12444e+00 5.06e-01
2.12473e+00 4.77e-01
2.12501e+00 4.50e-01
2.12530e+00 4.26e-01
2.12559e+00 4.03e-01
2.12588e+00 3.83e-01
2.12617e+00 3.63e-01
2.12646e+00 3.46e-01
2.12674e+00 3.29e-01
2.12704e+00 3.14e-01
2.12733e+00 2.99e-01
2.12761e+00 2.86e-01
2.12791e+00 2.74e-01
2.12820e+00 2.62e-01
2.12849e+00 2.51e-01
2.12878e+00 2.41e-01
2.12908e+00 2.31e-01
2.12936e+00 2.22e-01
2.12966e+00 2.13e-01
2.12996e+00 2.05e-01
2.13024e+00 1.98e-01
2.13054e+00 1.91e-01
2.13084e+00 1.84e-01
2.13113e+00 1.77e-01
2.13142e+00 1.71e-01
2.13171e+00 1.66e-01
2.13201e+00 1.60e-01
2.13231e+00 1.55e-01
2.13260e+00 1.50e-01
2.13290e+00 1.45e-01
2.13320e+00 1.41e-01
2.13349e+00 1.36e-01
2.13379e+00 1.32e-01
2.13408e+00 1.28e-01
2.13438e+00 1.25e-01
2.13468e+00 1.21e-01
2.13497e+00 1.18e-01
2.13528e+00 1.14e-01
2.13557e+00 1.11e-01
2.13587e+00 1.08e-01
2.13618e+00 1.06e-01
2.13647e+00 1.03e-01
2.13677e+00 1.00e-01
2.13707e+00 9.76e-02
2.13737e+00 9.52e-02
2.13768e+00 9.29e-02
2.13797e+00 9.06e-02
2.13828e+00 8.85e-02
2.13857e+00 8.64e-02
2.13888e+00 8.44e-02
2.13918e+00 8.25e-02
2.13948e+00 8.07e-02
2.13978e+00 7.89e-02
2.14009e+00 7.72e-02
2.14040e+00 7.55e-02
2.14070e+00 7.39e-02
2.14101e+00 7.24e-02
2.14130e+00 7.09e-02
2.14161e+00 6.94e-02
2.14191e+00 6.80e-02
2.14222e+00 6.67e-02
2.14253e+00 6.54e-02
2.14284e+00 6.41e-02
2.14314e+00 6.29e-02
2.14345e+00 6.17e-02
2.14375e+00 6.06e-02
2.14406e+00 5.95e-02
2.14437e+00 5.84e-02
2.14468e+00 5.74e-02
2.14498e+00 5.64e-02
2.14530e+00 5.54e-02
2.14560e+00 5.45e-02
2.14592e+00 5.36e-02
2.14654e+00 5.18e-02
2.14716e+00 5.02e-02
2.14778e+00 4.86e-02
2.14841e+00 4.72e-02
2.14903e+00 4.58e-02
2.14966e+00 4.45e-02
2.15028e+00 4.32e-02
2.15091e+00 4.21e-02
2.15155e+00 4.10e-02
2.15218e+00 3.99e-02
2.15282e+00 3.89e-02
2.15345e+00 3.80e-02
2.15409e+00 3.71e-02
2.15472e+00 3.63e-02
2.15537e+00 3.55e-02
2.15601e+00 3.47e-02
2.15666e+00 3.40e-02
2.15729e+00 3.33e-02
2.15794e+00 3.27e-02
2.15859e+00 3.21e-02
2.15923e+00 3.15e-02
2.15989e+00 3.09e-02
2.16054e+00 3.04e-02
2.16119e+00 2.99e-02
2.16185e+00 2.95e-02
2.16251e+00 2.90e-02
2.16317e+00 2.86e-02
2.16383e+00 2.82e-02
2.16449e+00 2.78e-02
2.16516e+00 2.74e-02
2.16583e+00 2.71e-02
2.16649e+00 2.68e-02
2.16715e+00 2.65e-02
2.16783e+00 2.62e-02
2.16849e+00 2.59e-02
2.16917e+00 2.57e-02
2.16984e+00 2.54e-02
2.17053e+00 2.52e-02
2.17120e+00 2.50e-02
2.17188e+00 2.48e-02
2.17257e+00 2.46e-02
2.17325e+00 2.44e-02
2.17393e+00 2.43e-02
2.17463e+00 2.42e-02
2.17531e+00 2.40e-02
2.17600e+00 2.39e-02
2.17669e+00 2.38e-02
2.17740e+00 2.37e-02
2.17809e+00 2.36e-02
2.17879e+00 2.35e-02
2.17949e+00 2.35e-02
2.18019e+00 2.34e-02
2.18089e+00 2.34e-02
2.18266e+00 2.33e-02
2.18408e+00 2.33e-02
2.18552e+00 2.33e-02
2.18624e+00 2.34e-02
2.18696e+00 2.34e-02
2.18768e+00 2.35e-02
2.18841e+00 2.35e-02
2.18914e+00 2.36e-02
2.18986e+00 2.37e-02
2.19060e+00 2.38e-02
2.19133e+00 2.38e-02
2.19207e+00 2.40e-02
2.19280e+00 2.41e-02
2.19354e+00 2.42e-02
2.19429e+00 2.43e-02
2.19503e+00 2.45e-02
2.19578e+00 2.46e-02
2.19652e+00 2.48e-02
2.19728e+00 2.50e-02
2.19804e+00 2.51e-02
2.19879e+00 2.53e-02
2.19954e+00 2.55e-02
2.20031e+00 2.58e-02
2.20107e+00 2.60e-02
2.20184e+00 2.62e-02
2.20260e+00 2.65e-02
2.20337e+00 2.67e-02
2.20415e+00 2.70e-02
2.20492e+00 2.73e-02
2.20569e+00 2.76e-02
2.20647e+00 2.79e-02
2.20725e+00 2.82e-02
2.20804e+00 2.86e-02
2.20882e+00 2.89e-02
2.20961e+00 2.93e-02
2.21040e+00 2.97e-02
2.21120e+00 3.01e-02
2.21200e+00 3.05e-02
2.21280e+00 3.09e-02
2.21360e+00 3.14e-02
2.21441e+00 3.18e-02
2.21522e+00 3.23e-02
2.21602e+00 3.28e-02
2.21684e+00 3.33e-02
2.21766e+00 3.39e-02
2.21847e+00 3.44e-02
2.21930e+00 3.50e-02
2.22013e+00 3.56e-02
2.22095e+00 3.63e-02
2.22178e+00 3.69e-02
2.22261e+00 3.76e-02
2.22346e+00 3.83e-02
2.22429e+00 3.90e-02
2.22513e+00 3.98e-02
2.22597e+00 4.06e-02
2.22683e+00 4.14e-02
2.22768e+00 4.23e-02
2.22853e+00 4.32e-02
2.22939e+00 4.42e-02
2.23025e+00 4.51e-02
2.23111e+00 4.62e-02
2.23198e+00 4.72e-02
2.23285e+00 4.84e-02
2.23373e+00 4.95e-02
2.23461e+00 5.07e-02
2.23548e+00 5.20e-02
2.23637e+00 5.33e-02
2.23726e+00 5.47e-02
2.23815e+00 5.62e-02
2.23904e+00 5.77e-02
2.23994e+00 5.93e-02
2.24084e+00 6.10e-02
2.24175e+00 6.28e-02
2.24265e+00 6.47e-02
2.24357e+00 6.67e-02
2.24449e+00 6.87e-02
2.24540e+00 7.09e-02
2.24633e+00 7.32e-02
2.24725e+00 7.57e-02
2.24772e+00 7.70e-02
2.24818e+00 7.83e-02
2.24866e+00 7.96e-02
2.24912e+00 8.10e-02
2.24960e+00 8.25e-02
2.25006e+00 8.39e-02
2.25053e+00 8.55e-02
2.25101e+00 8.71e-02
2.25148e+00 8.87e-02
2.25195e+00 9.04e-02
2.25243e+00 9.21e-02
2.25290e+00 9.39e-02
2.25338e+00 9.58e-02
2.25386e+00 9.77e-02
2.25434e+00 9.97e-02
2.25482e+00 1.02e-01
2.25529e+00 1.04e-01
2.25578e+00 1.06e-01
2.25627e+00 1.08e-01
2.25675e+00 1.11e-01
2.25723e+00 1.13e-01
2.25772e+00 1.16e-01
2.25820e+00 1.19e-01
2.25870e+00 1.22e-01
2.25919e+00 1.24e-01
2.25968e+00 1.28e-01
2.26017e+00 1.31e-01
2.26067e+00 1.34e-01
2.26116e+00 1.38e-01
2.26166e+00 1.41e-01
2.26215e+00 1.45e-01
2.26265e+00 1.49e-01
2.26315e+00 1.54e-01
2.26365e+00 1.58e-01
2.26415e+00 1.63e-01
2.26465e+00 1.68e-01
2.26515e+00 1.73e-01
2.26566e+00 1.79e-01
2.26616e+00 1.85e-01
2.26667e+00 1.91e-01
2.26718e+00 1.98e-01
2.26769e+00 2.05e-01
2.26820e+00 2.13e-01
2.26871e+00 2.21e-01
2.26922e+00 2.30e-01
2.26974e+00 2.40e-01
2.27026e+00 2.50e-01
2.27077e+00 2.61e-01
2.27129e+00 2.73e-01
2.27181e+00 2.86e-01
2.27233e+00 3.00e-01
2.27285e+00 3.16e-01
2.27337e+00 3.33e-01
2.27390e+00 3.51e-01
2.27442e+00 3.72e-01
2.27496e+00 3.95e-01
2.27548e+00 4.20e-01
2.27602e+00 4.48e-01
2.27654e+00 4.79e-01
2.27707e+00 5.15e-01
2.27761e+00 5.54e-01
2.27814e+00 5.99e-01
2.27868e+00 6.50e-01
2.27921e+00 7.08e-01
2.27976e+00 7.75e-01
2.28030e+00 8.52e-01
2.28084e+00 9.40e-01
2.28138e+00 1.04e+00
2.28193e+00 1.16e+00
2.28247e+00 1.30e+00
2.28303e+00 1.45e+00
2.28358e+00 1.63e+00
2.28413e+00 1.82e+00
2.28468e+00 2.04e+00
2.28523e+00 2.26e+00
2.28578e+00 2.49e+00
2.28634e+00 2.71e+00
2.28690e+00 2.91e+00
2.28746e+00 3.08e+00
2.28802e+00 3.25e+00
2.28858e+00 3.42e+00
2.28915e+00 3.61e+00
2.29028e+00 4.06e+00
2.29085e+00 4.22e+00
2.29141e+00 4.22e+00
2.29199e+00 4.02e+00
2.29257e+00 3.64e+00
2.29372e+00 2.73e+00
2.29429e+00 2.31e+00
2.29488e+00 1.97e+00
2.29546e+00 1.68e+00
2.29604e+00 1.45e+00
2.29663e+00 1.26e+00
2.29721e+00 1.11e+00
2.29780e+00 9.83e-01
2.29839e+00 8.80e-01
2.29898e+00 7.95e-01
2.29958e+00 7.24e-01
2.30017e+00 6.63e-01
2.30077e+00 6.11e-01
2.30136e+00 5.67e-01
2.30197e+00 5.29e-01
2.30258e+00 4.97e-01
2.30318e+00 4.68e-01
2.30378e+00 4.44e-01
2.30438e+00 4.23e-01
2.30498e+00 4.04e-01
2.30558e+00 3.88e-01
2.30618e+00 3.74e-01
2.30688e+00 3.62e-01
2.30747e+00 3.51e-01
2.30807e+00 3.42e-01
2.30867e+00 3.33e-01
2.30936e+00 3.27e-01
2.30996e+00 3.21e-01
2.31055e+00 3.16e-01
2.31125e+00 3.13e-01
2.31184e+00 3.10e-01
2.31244e+00 3.14e-01
2.31313e+00 3.13e-01
2.31372e+00 3.06e-01
2.31441e+00 3.06e-01
2.31501e+00 3.07e-01
2.31570e+00 3.08e-01
2.31629e+00 3.11e-01
2.31698e+00 3.14e-01
2.31757e+00 3.17e-01
2.31826e+00 3.22e-01
2.31895e+00 3.27e-01
2.31954e+00 3.33e-01
2.32023e+00 3.39e-01
2.32092e+00 3.47e-01
2.32160e+00 3.55e-01
2.32219e+00 3.64e-01
2.32288e+00 3.73e-01
2.32356e+00 3.84e-01
2.32425e+00 3.95e-01
2.32493e+00 4.07e-01
2.32562e+00 4.20e-01
2.32630e+00 4.34e-01
2.32698e+00 4.49e-01
2.32767e+00 4.64e-01
2.32835e+00 4.80e-01
2.32903e+00 4.97e-01
2.32971e+00 5.15e-01
2.33039e+00 5.33e-01
2.33185e+00 5.70e-01
2.33321e+00 6.07e-01
2.33389e+00 6.25e-01
2.33466e+00 6.42e-01
2.33534e+00 6.59e-01
2.33612e+00 6.74e-01
2.33679e+00 6.87e-01
2.33747e+00 6.98e-01
2.33824e+00 7.07e-01
2.33901e+00 7.14e-01
2.33969e+00 7.17e-01
2.34046e+00 7.17e-01
2.34113e+00 7.15e-01
2.34190e+00 7.11e-01
2.34267e+00 7.05e-01
2.34344e+00 6.97e-01
2.34411e+00 6.88e-01
2.34564e+00 6.69e-01
2.34641e+00 6.60e-01
2.34718e+00 6.52e-01
2.34794e+00 6.44e-01
2.34871e+00 6.39e-01
2.34947e+00 6.35e-01
2.35023e+00 6.34e-01
2.35099e+00 6.36e-01
2.35176e+00 6.42e-01
2.35261e+00 6.52e-01
2.35337e+00 6.65e-01
2.35413e+00 6.83e-01
2.35499e+00 7.06e-01
2.35575e+00 7.33e-01
2.35650e+00 7.62e-01
2.35811e+00 8.25e-01
2.35897e+00 8.54e-01
2.35982e+00 8.76e-01
2.36057e+00 8.89e-01
2.36142e+00 8.91e-01
2.36227e+00 8.81e-01
2.36312e+00 8.63e-01
2.36396e+00 8.39e-01
2.36471e+00 8.15e-01
2.36556e+00 7.95e-01
2.36640e+00 7.82e-01
2.36734e+00 7.80e-01
2.36819e+00 7.94e-01
2.36903e+00 8.24e-01
2.36987e+00 8.71e-01
2.37071e+00 9.26e-01
2.37164e+00 9.77e-01
2.37248e+00 1.00e+00
2.37332e+00 9.89e-01
2.37425e+00 9.46e-01
2.37518e+00 8.96e-01
2.37602e+00 8.68e-01
2.37695e+00 8.80e-01
2.37788e+00 9.42e-01
2.37871e+00 1.03e+00
2.37964e+00 1.07e+00
2.38056e+00 1.01e+00
2.38149e+00 9.28e-01
2.38241e+00 9.37e-01
2.38334e+00 1.05e+00
2.38426e+00 1.09e+00
2.38527e+00 9.65e-01
2.38619e+00 9.88e-01
2.38711e+00 1.11e+00
2.38812e+00 9.34e-01
2.38904e+00 1.04e+00
2.39005e+00 6.80e-01
2.39096e+00 3.89e-01
2.39197e+00 2.78e-01
2.39297e+00 2.23e-01
2.39398e+00 1.90e-01
2.39498e+00 1.67e-01
2.39598e+00 1.50e-01
2.39699e+00 1.36e-01
2.39799e+00 1.25e-01
2.39899e+00 1.11e+00
2.40007e+00 1.11e+00
2.40107e+00 1.10e+00
2.40216e+00 1.09e+00
2.40315e+00 1.09e+00
2.40532e+00 1.08e+00
2.40740e+00 1.08e+00
2.40964e+00 1.07e+00
2.41180e+00 1.07e+00
2.41404e+00 1.07e+00
2.41627e+00 1.07e+00
2.42214e+00 1.06e+00
2.42816e+00 1.06e+00
2.43317e+00 1.06e+00
2.43825e+00 1.06e+00
2.44095e+00 1.06e+00
2.44365e+00 1.07e+00
2.44634e+00 1.07e+00
2.44911e+00 1.07e+00
2.45195e+00 1.07e+00
2.45488e+00 1.07e+00
2.45779e+00 1.07e+00
2.46087e+00 1.08e+00
2.46394e+00 1.08e+00
2.46708e+00 1.08e+00
2.47022e+00 1.08e+00
2.47351e+00 1.09e+00
2.47687e+00 1.09e+00
2.48031e+00 1.09e+00
2.48382e+00 1.09e+00
2.48740e+00 1.10e+00
2.49114e+00 1.10e+00
2.49494e+00 1.10e+00
2.49881e+00 1.11e+00
2.50283e+00 1.11e+00
2.50699e+00 1.12e+00
2.51122e+00 1.12e+00
2.51568e+00 1.12e+00
2.52019e+00 1.13e+00
2.52493e+00 1.13e+00
2.52980e+00 1.14e+00
2.53481e+00 1.14e+00
2.54010e+00 1.15e+00
2.54561e+00 1.16e+00
2.55132e+00 1.16e+00
2.55730e+00 1.17e+00
2.56364e+00 1.18e+00
2.57024e+00 1.18e+00
2.57726e+00 1.19e+00
2.58097e+00 1.20e+00
2.58475e+00 1.20e+00
2.58867e+00 1.22e+00
2.59264e+00 1.27e+00
2.59682e+00 1.68e+00
2.60113e+00 1.24e+00
2.60565e+00 1.23e+00
2.61029e+00 1.23e+00
2.61513e+00 1.23e+00
2.62554e+00 1.23e+00
2.63698e+00 1.24e+00
2.64319e+00 1.24e+00
2.64971e+00 1.24e+00
2.65669e+00 1.25e+00
2.66410e+00 1.31e+00
2.67215e+00 1.25e+00
2.68082e+00 1.26e+00
2.69029e+00 1.35e+00
2.70069e+00 1.26e+00
2.71231e+00 1.27e+00
2.72543e+00 1.28e+00
2.74065e+00 1.28e+00
2.75874e+00 1.29e+00
2.78130e+00 1.31e+00
2.81151e+00 1.41e+00
2.85859e+00 1.39e+00
2.99573e+00 1.54e+00
