# OPACITY Project tables
-2.61515e+00 6.60e-02
-2.27341e+00 2.37e-02
-2.07433e+00 1.28e-02
-1.93351e+00 8.34e-03
-1.82455e+00 6.01e-03
-1.73574e+00 4.64e-03
-1.66078e+00 4.10e-03
-1.59603e+00 4.31e-03
-1.53898e+00 2.65e-03
-1.48802e+00 2.23e-03
-1.44198e+00 1.94e-03
-1.40003e+00 1.71e-03
-1.36148e+00 1.53e-03
-1.32584e+00 1.38e-03
-1.29269e+00 1.26e-03
-1.26174e+00 1.16e-03
-1.23268e+00 1.08e-03
-1.17944e+00 9.45e-04
-1.15493e+00 8.80e-04
-1.13165e+00 8.11e-04
-1.10945e+00 7.54e-04
-1.08827e+00 7.06e-04
-1.06799e+00 6.66e-04
-1.04857e+00 6.30e-04
-1.02994e+00 5.99e-04
-1.01200e+00 5.73e-04
-9.94739e-01 5.59e-04
-9.78086e-01 9.64e-04
-9.62021e-01 5.31e-04
-9.46492e-01 5.03e-04
-9.31455e-01 4.73e-04
-9.16916e-01 4.53e-04
-9.02807e-01 4.44e-04
-8.89113e-01 4.50e-04
-8.75797e-01 4.77e-04
-8.62868e-01 5.74e-04
-8.50292e-01 9.86e-04
-8.38057e-01 1.60e-03
-8.26130e-01 7.28e-04
-8.14502e-01 4.49e-04
-8.03185e-01 3.76e-04
-7.92106e-01 3.45e-04
-7.81301e-01 3.30e-04
-7.70741e-01 3.29e-04
-7.50331e-01 3.63e-04
-7.40469e-01 3.62e-04
-7.30787e-01 3.35e-04
-7.21320e-01 3.08e-04
-7.12045e-01 2.84e-04
-7.02955e-01 2.67e-04
-6.94048e-01 2.55e-04
-6.85298e-01 2.47e-04
-6.76723e-01 2.39e-04
-6.68298e-01 2.32e-04
-6.60041e-01 2.25e-04
-6.51909e-01 2.20e-04
-6.43938e-01 2.15e-04
-6.36087e-01 2.10e-04
-6.28390e-01 2.06e-04
-6.20808e-01 2.00e-04
-6.13357e-01 1.96e-04
-6.06016e-01 1.91e-04
-5.98801e-01 1.87e-04
-5.91692e-01 1.83e-04
-5.84687e-01 1.79e-04
-5.77803e-01 1.76e-04
-5.71018e-01 1.72e-04
-5.64314e-01 1.69e-04
-5.57725e-01 1.66e-04
-5.44831e-01 1.61e-04
-5.38505e-01 1.59e-04
-5.32288e-01 1.57e-04
-5.26142e-01 1.55e-04
-5.20085e-01 1.53e-04
-5.14098e-01 1.52e-04
-5.08196e-01 1.52e-04
-5.02362e-01 1.52e-04
-4.96610e-01 1.54e-04
-4.90925e-01 1.58e-04
-4.85320e-01 1.63e-04
-4.79779e-01 1.69e-04
-4.74301e-01 1.73e-04
-4.68884e-01 1.74e-04
-4.63545e-01 1.72e-04
-4.58265e-01 1.71e-04
-4.53044e-01 1.70e-04
-4.47882e-01 1.69e-04
-4.42778e-01 1.63e-04
-4.37730e-01 1.55e-04
-4.32739e-01 1.46e-04
-4.27803e-01 1.39e-04
-4.22922e-01 1.32e-04
-4.18095e-01 1.27e-04
-4.13321e-01 1.24e-04
-4.08585e-01 1.21e-04
-4.03901e-01 1.19e-04
-3.99284e-01 1.17e-04
-3.90158e-01 1.13e-04
-3.81216e-01 1.10e-04
-3.76819e-01 1.08e-04
-3.68126e-01 1.05e-04
-3.63858e-01 1.03e-04
-3.59622e-01 1.02e-04
-3.55419e-01 1.01e-04
-3.51261e-01 9.94e-05
-3.43054e-01 9.73e-05
-3.39003e-01 9.64e-05
-3.34997e-01 9.57e-05
-3.31021e-01 9.51e-05
-3.27088e-01 9.46e-05
-3.23185e-01 9.43e-05
-3.19310e-01 9.42e-05
-3.15464e-01 9.43e-05
-3.11661e-01 9.47e-05
-3.07885e-01 9.59e-05
-3.04150e-01 9.94e-05
-3.00430e-01 1.09e-04
-2.96750e-01 1.52e-04
-2.93097e-01 2.79e-03
-2.89484e-01 1.17e-03
-2.85884e-01 1.44e-04
-2.82323e-01 1.05e-04
-2.78788e-01 9.28e-05
-2.75279e-01 8.74e-05
-2.71796e-01 8.43e-05
-2.68350e-01 8.22e-05
-2.64917e-01 8.05e-05
-2.61521e-01 7.92e-05
-2.58149e-01 7.82e-05
-2.54802e-01 7.73e-05
-2.51466e-01 7.64e-05
-2.48167e-01 7.57e-05
-2.41639e-01 7.43e-05
-2.35203e-01 7.29e-05
-2.28860e-01 7.15e-05
-2.22606e-01 7.02e-05
-2.19513e-01 6.96e-05
-2.16441e-01 6.88e-05
-2.10363e-01 6.74e-05
-2.04359e-01 6.63e-05
-1.98439e-01 6.53e-05
-1.92590e-01 6.45e-05
-1.89697e-01 6.41e-05
-1.83971e-01 6.34e-05
-1.81126e-01 6.31e-05
-1.78314e-01 6.28e-05
-1.72724e-01 6.21e-05
-1.67200e-01 6.14e-05
-1.64474e-01 6.09e-05
-1.59054e-01 6.00e-05
-1.56373e-01 5.95e-05
-1.51044e-01 5.86e-05
-1.45789e-01 5.77e-05
-1.43189e-01 5.73e-05
-1.40596e-01 5.68e-05
-1.35453e-01 5.60e-05
-1.32914e-01 5.56e-05
-1.30382e-01 5.52e-05
-1.27867e-01 5.49e-05
-1.25359e-01 5.47e-05
-1.20395e-01 5.43e-05
-1.17928e-01 5.41e-05
-1.15489e-01 5.37e-05
-1.13057e-01 5.33e-05
-1.08220e-01 5.22e-05
-1.03440e-01 5.12e-05
-1.01070e-01 5.07e-05
-9.63788e-02 5.09e-05
-9.40360e-02 5.05e-05
-9.17206e-02 5.03e-05
-8.94106e-02 5.38e-05
-8.71168e-02 5.47e-05
-8.48283e-02 5.45e-05
-8.25559e-02 5.42e-05
-7.80480e-02 5.33e-05
-7.58125e-02 5.28e-05
-7.35820e-02 5.24e-05
-7.13671e-02 5.20e-05
-6.91679e-02 5.17e-05
-6.69735e-02 5.15e-05
-6.26097e-02 5.11e-05
-6.04509e-02 5.09e-05
-5.82967e-02 5.04e-05
-5.61577e-02 4.98e-05
-5.19040e-02 4.86e-05
-4.97997e-02 4.80e-05
-4.76998e-02 4.75e-05
-4.56042e-02 4.71e-05
-4.35236e-02 4.74e-05
-4.14576e-02 4.94e-05
-3.93959e-02 4.90e-05
-3.52956e-02 4.84e-05
-3.12430e-02 4.78e-05
-2.92229e-02 4.75e-05
-2.72170e-02 4.72e-05
-2.32379e-02 4.66e-05
-2.12543e-02 4.63e-05
-1.92848e-02 4.60e-05
-1.53675e-02 4.55e-05
-1.14958e-02 4.51e-05
-7.64918e-03 4.46e-05
-3.83735e-03 4.41e-05
-5.00013e-05 4.36e-05
1.79838e-03 4.34e-05
5.58438e-03 4.29e-05
7.37275e-03 4.26e-05
9.25702e-03 4.24e-05
1.11377e-02 4.24e-05
1.47901e-02 4.20e-05
1.65621e-02 4.18e-05
1.84291e-02 4.16e-05
2.01947e-02 4.14e-05
2.38142e-02 4.10e-05
2.73233e-02 4.06e-05
3.08201e-02 4.03e-05
3.25640e-02 4.02e-05
3.43048e-02 4.09e-05
3.60426e-02 3.99e-05
3.77774e-02 3.96e-05
4.12379e-02 3.92e-05
4.46865e-02 3.89e-05
4.64064e-02 3.87e-05
4.97421e-02 3.83e-05
5.30667e-02 3.80e-05
5.64748e-02 3.77e-05
5.97772e-02 3.74e-05
6.29748e-02 3.71e-05
6.62558e-02 3.69e-05
6.95261e-02 3.66e-05
7.26927e-02 3.64e-05
7.58493e-02 3.62e-05
7.90884e-02 3.60e-05
8.22249e-02 3.57e-05
8.52598e-02 3.56e-05
8.68197e-02 3.55e-05
8.83771e-02 3.54e-05
8.99321e-02 3.54e-05
9.14847e-02 3.54e-05
9.30349e-02 3.54e-05
9.44917e-02 3.55e-05
9.60372e-02 3.56e-05
9.75803e-02 3.59e-05
9.90305e-02 3.64e-05
1.00569e-01 3.71e-05
1.02015e-01 3.85e-05
1.03549e-01 4.08e-05
1.05080e-01 4.60e-05
1.06520e-01 5.95e-05
1.07957e-01 7.52e-05
1.09482e-01 7.44e-05
1.10915e-01 5.57e-05
1.12435e-01 4.45e-05
1.13864e-01 4.05e-05
1.15291e-01 3.85e-05
1.16805e-01 3.74e-05
1.18227e-01 3.70e-05
1.19648e-01 3.69e-05
1.21067e-01 3.73e-05
1.22483e-01 3.80e-05
1.23898e-01 3.93e-05
1.25398e-01 4.13e-05
1.26809e-01 4.47e-05
1.28217e-01 5.06e-05
1.29624e-01 6.42e-05
1.31028e-01 9.89e-05
1.32431e-01 1.93e-04
1.33831e-01 3.30e-04
1.35143e-01 2.53e-04
1.36539e-01 1.43e-04
1.37934e-01 8.03e-05
1.39327e-01 5.73e-05
1.40718e-01 4.71e-05
1.42107e-01 4.23e-05
1.43407e-01 3.92e-05
1.44793e-01 3.72e-05
1.46176e-01 3.57e-05
1.47471e-01 3.47e-05
1.48851e-01 3.40e-05
1.50229e-01 3.35e-05
1.51519e-01 3.30e-05
1.52893e-01 3.27e-05
1.54179e-01 3.24e-05
1.55550e-01 3.22e-05
1.56833e-01 3.20e-05
1.58200e-01 3.19e-05
1.59479e-01 3.18e-05
1.60757e-01 3.18e-05
1.62119e-01 3.18e-05
1.63394e-01 3.18e-05
1.64751e-01 3.19e-05
1.66023e-01 3.20e-05
1.67293e-01 3.22e-05
1.68561e-01 3.25e-05
1.69912e-01 3.28e-05
1.71176e-01 3.32e-05
1.72440e-01 3.38e-05
1.73701e-01 3.46e-05
1.74961e-01 3.55e-05
1.76220e-01 3.67e-05
1.77477e-01 3.85e-05
1.78732e-01 4.08e-05
1.80069e-01 4.39e-05
1.81321e-01 4.84e-05
1.82572e-01 5.59e-05
1.83737e-01 6.80e-05
1.84985e-01 8.78e-05
1.86231e-01 1.25e-04
1.87475e-01 2.29e-04
1.88718e-01 5.20e-04
1.89959e-01 8.68e-04
1.91199e-01 7.05e-04
1.92437e-01 4.02e-04
1.93591e-01 1.87e-04
1.94826e-01 1.10e-04
1.96060e-01 8.07e-05
1.97292e-01 6.38e-05
1.98441e-01 5.32e-05
1.99670e-01 4.64e-05
2.00898e-01 4.22e-05
2.02042e-01 3.91e-05
2.03267e-01 3.67e-05
2.04409e-01 3.49e-05
2.05631e-01 3.36e-05
2.06770e-01 3.24e-05
2.07989e-01 3.15e-05
2.09126e-01 3.08e-05
2.10342e-01 3.01e-05
2.11476e-01 2.96e-05
2.12689e-01 2.91e-05
2.13820e-01 2.87e-05
2.15031e-01 2.83e-05
2.16159e-01 2.80e-05
2.17286e-01 2.77e-05
2.18493e-01 2.75e-05
2.19617e-01 2.72e-05
2.20741e-01 2.70e-05
2.23064e-01 2.66e-05
2.25301e-01 2.63e-05
2.27614e-01 2.60e-05
2.29841e-01 2.58e-05
2.32064e-01 2.55e-05
2.34281e-01 2.53e-05
2.36494e-01 2.51e-05
2.38702e-01 2.50e-05
2.40905e-01 2.48e-05
2.43103e-01 2.47e-05
2.45296e-01 2.45e-05
2.47407e-01 2.44e-05
2.49591e-01 2.43e-05
2.51692e-01 2.42e-05
2.53867e-01 2.41e-05
2.55959e-01 2.40e-05
2.58047e-01 2.39e-05
2.60208e-01 2.38e-05
2.62287e-01 2.38e-05
2.64362e-01 2.37e-05
2.66433e-01 2.37e-05
2.67428e-01 2.37e-05
2.70561e-01 2.37e-05
2.72619e-01 2.37e-05
2.74597e-01 2.37e-05
2.76646e-01 2.38e-05
2.78692e-01 2.39e-05
2.79675e-01 2.40e-05
2.81639e-01 2.41e-05
2.82695e-01 2.42e-05
2.84652e-01 2.45e-05
2.85630e-01 2.46e-05
2.86606e-01 2.48e-05
2.87582e-01 2.49e-05
2.88632e-01 2.52e-05
2.89605e-01 2.54e-05
2.90578e-01 2.57e-05
2.91550e-01 2.60e-05
2.92520e-01 2.63e-05
2.93490e-01 2.67e-05
2.94459e-01 2.71e-05
2.95427e-01 2.76e-05
2.96394e-01 2.82e-05
2.97360e-01 2.89e-05
2.98325e-01 2.97e-05
2.99289e-01 3.05e-05
3.00253e-01 3.16e-05
3.01215e-01 3.29e-05
3.02177e-01 3.43e-05
3.03137e-01 3.61e-05
3.04097e-01 3.82e-05
3.04982e-01 4.08e-05
3.05939e-01 4.41e-05
3.06896e-01 4.80e-05
3.07852e-01 5.31e-05
3.08807e-01 6.00e-05
3.09762e-01 6.84e-05
3.10641e-01 8.11e-05
3.11594e-01 9.91e-05
3.12545e-01 1.22e-04
3.13496e-01 1.67e-04
3.14373e-01 2.41e-04
3.15322e-01 3.55e-04
3.16270e-01 7.06e-04
3.17144e-01 1.37e-03
3.18090e-01 2.82e-03
3.19035e-01 2.55e-03
3.19907e-01 1.46e-03
3.20851e-01 8.15e-04
3.21794e-01 4.13e-04
3.22663e-01 2.51e-04
3.23604e-01 1.82e-04
3.24472e-01 1.33e-04
3.25411e-01 1.05e-04
3.26278e-01 8.63e-05
3.27215e-01 7.20e-05
3.28080e-01 6.29e-05
3.29016e-01 5.55e-05
3.29879e-01 4.97e-05
3.30813e-01 4.55e-05
3.31675e-01 4.18e-05
3.32608e-01 3.90e-05
3.33468e-01 3.66e-05
3.34399e-01 3.46e-05
3.35257e-01 3.29e-05
3.36115e-01 3.15e-05
3.37044e-01 3.02e-05
3.37900e-01 2.92e-05
3.38827e-01 2.82e-05
3.39681e-01 2.74e-05
3.40535e-01 2.67e-05
3.41389e-01 2.60e-05
3.42312e-01 2.54e-05
3.43164e-01 2.49e-05
3.44015e-01 2.44e-05
3.44936e-01 2.40e-05
3.45786e-01 2.36e-05
3.46635e-01 2.32e-05
3.47483e-01 2.29e-05
3.48330e-01 2.26e-05
3.49247e-01 2.23e-05
3.50093e-01 2.21e-05
3.50939e-01 2.18e-05
3.51783e-01 2.16e-05
3.52627e-01 2.14e-05
3.54382e-01 2.10e-05
3.56065e-01 2.07e-05
3.56905e-01 2.05e-05
3.58583e-01 2.02e-05
3.60259e-01 1.99e-05
3.61931e-01 1.97e-05
3.63601e-01 1.95e-05
3.65268e-01 1.93e-05
3.66932e-01 1.91e-05
3.68594e-01 1.89e-05
3.70183e-01 1.88e-05
3.71839e-01 1.86e-05
3.73493e-01 1.85e-05
3.75075e-01 1.83e-05
3.76723e-01 1.82e-05
3.78299e-01 1.81e-05
3.79942e-01 1.80e-05
3.81514e-01 1.78e-05
3.83151e-01 1.77e-05
3.84718e-01 1.76e-05
3.86282e-01 1.75e-05
3.87912e-01 1.74e-05
3.89471e-01 1.74e-05
3.91028e-01 1.73e-05
3.92582e-01 1.72e-05
3.94134e-01 1.71e-05
3.95684e-01 1.70e-05
3.97231e-01 1.69e-05
3.98776e-01 1.69e-05
4.00319e-01 1.68e-05
4.01859e-01 1.67e-05
4.03396e-01 1.66e-05
4.04932e-01 1.66e-05
4.06465e-01 1.65e-05
4.07929e-01 1.64e-05
4.09457e-01 1.64e-05
4.10983e-01 1.63e-05
4.12441e-01 1.63e-05
4.13962e-01 1.62e-05
4.15415e-01 1.61e-05
4.16932e-01 1.61e-05
4.18381e-01 1.60e-05
4.19828e-01 1.60e-05
4.21338e-01 1.59e-05
4.22781e-01 1.59e-05
4.24221e-01 1.58e-05
4.25725e-01 1.58e-05
4.27161e-01 1.58e-05
4.28596e-01 1.57e-05
4.30028e-01 1.57e-05
4.31458e-01 1.56e-05
4.32886e-01 1.56e-05
4.34312e-01 1.56e-05
4.35736e-01 1.56e-05
4.37158e-01 1.55e-05
4.38577e-01 1.55e-05
4.42118e-01 1.55e-05
4.43467e-01 1.55e-05
4.44878e-01 1.55e-05
4.46287e-01 1.56e-05
4.47630e-01 1.56e-05
4.49035e-01 1.57e-05
4.50438e-01 1.58e-05
4.51776e-01 1.59e-05
4.52476e-01 1.60e-05
4.53175e-01 1.61e-05
4.53811e-01 1.62e-05
4.54509e-01 1.64e-05
4.55207e-01 1.65e-05
4.55841e-01 1.68e-05
4.56538e-01 1.70e-05
4.57235e-01 1.73e-05
4.57931e-01 1.77e-05
4.58563e-01 1.82e-05
4.59259e-01 1.88e-05
4.59953e-01 1.97e-05
4.60584e-01 2.08e-05
4.61278e-01 2.26e-05
4.61971e-01 2.49e-05
4.62601e-01 2.88e-05
4.63294e-01 3.48e-05
4.63923e-01 4.47e-05
4.64614e-01 5.91e-05
4.65305e-01 7.90e-05
4.65933e-01 8.33e-05
4.66623e-01 7.56e-05
4.67250e-01 6.19e-05
4.67939e-01 4.53e-05
4.68565e-01 3.65e-05
4.69253e-01 3.00e-05
4.69941e-01 2.70e-05
4.70566e-01 2.43e-05
4.71253e-01 2.31e-05
4.71877e-01 2.19e-05
4.72563e-01 2.12e-05
4.73186e-01 2.05e-05
4.73871e-01 2.00e-05
4.74494e-01 1.95e-05
4.75178e-01 1.92e-05
4.75799e-01 1.89e-05
4.76420e-01 1.86e-05
4.77103e-01 1.85e-05
4.77724e-01 1.83e-05
4.78406e-01 1.82e-05
4.79025e-01 1.82e-05
4.79706e-01 1.82e-05
4.80325e-01 1.82e-05
4.80944e-01 1.83e-05
4.81623e-01 1.85e-05
4.82241e-01 1.87e-05
4.82920e-01 1.89e-05
4.83537e-01 1.92e-05
4.84153e-01 1.95e-05
4.84831e-01 2.00e-05
4.85446e-01 2.05e-05
4.86062e-01 2.11e-05
4.86738e-01 2.18e-05
4.87352e-01 2.27e-05
4.87966e-01 2.36e-05
4.88641e-01 2.49e-05
4.89255e-01 2.62e-05
4.89868e-01 2.78e-05
4.90480e-01 2.96e-05
4.91153e-01 3.18e-05
4.91765e-01 3.42e-05
4.92376e-01 3.69e-05
4.93049e-01 3.96e-05
4.93659e-01 4.24e-05
4.94269e-01 4.49e-05
4.94879e-01 4.69e-05
4.95489e-01 4.81e-05
4.96159e-01 4.82e-05
4.96767e-01 4.73e-05
4.97376e-01 4.54e-05
4.97984e-01 4.30e-05
4.98591e-01 4.02e-05
4.99259e-01 3.74e-05
4.99866e-01 3.47e-05
5.00472e-01 3.22e-05
5.01078e-01 3.00e-05
5.01684e-01 2.81e-05
5.02289e-01 2.63e-05
5.02955e-01 2.49e-05
5.03559e-01 2.36e-05
5.04163e-01 2.25e-05
5.04767e-01 2.16e-05
5.05371e-01 2.08e-05
5.05974e-01 2.00e-05
5.06577e-01 1.94e-05
5.07179e-01 1.89e-05
5.07781e-01 1.84e-05
5.08383e-01 1.80e-05
5.09044e-01 1.76e-05
5.09645e-01 1.73e-05
5.10245e-01 1.70e-05
5.10846e-01 1.67e-05
5.11445e-01 1.65e-05
5.12045e-01 1.62e-05
5.12644e-01 1.61e-05
5.13243e-01 1.59e-05
5.13841e-01 1.57e-05
5.14439e-01 1.56e-05
5.15634e-01 1.53e-05
5.16828e-01 1.51e-05
5.18020e-01 1.50e-05
5.19210e-01 1.49e-05
5.20340e-01 1.48e-05
5.21528e-01 1.47e-05
5.22715e-01 1.47e-05
5.23307e-01 1.47e-05
5.23900e-01 1.47e-05
5.25083e-01 1.47e-05
5.25616e-01 1.48e-05
5.26207e-01 1.48e-05
5.26797e-01 1.49e-05
5.27388e-01 1.50e-05
5.27978e-01 1.51e-05
5.28567e-01 1.52e-05
5.29157e-01 1.53e-05
5.29687e-01 1.54e-05
5.30275e-01 1.56e-05
5.30864e-01 1.58e-05
5.31451e-01 1.61e-05
5.32039e-01 1.64e-05
5.32568e-01 1.68e-05
5.33154e-01 1.72e-05
5.33741e-01 1.77e-05
5.34327e-01 1.83e-05
5.34855e-01 1.90e-05
5.35440e-01 1.98e-05
5.36025e-01 2.07e-05
5.36610e-01 2.17e-05
5.37136e-01 2.26e-05
5.37721e-01 2.35e-05
5.38305e-01 2.44e-05
5.38888e-01 2.48e-05
5.39413e-01 2.51e-05
5.39996e-01 2.47e-05
5.40579e-01 2.43e-05
5.41685e-01 2.25e-05
5.42789e-01 2.05e-05
5.43370e-01 1.97e-05
5.43951e-01 1.89e-05
5.44473e-01 1.82e-05
5.45053e-01 1.76e-05
5.45633e-01 1.71e-05
5.46154e-01 1.67e-05
5.46733e-01 1.63e-05
5.47312e-01 1.60e-05
5.47832e-01 1.58e-05
5.48410e-01 1.56e-05
5.48930e-01 1.54e-05
5.49508e-01 1.52e-05
5.50085e-01 1.51e-05
5.50604e-01 1.49e-05
5.51180e-01 1.48e-05
5.51699e-01 1.47e-05
5.52275e-01 1.47e-05
5.53368e-01 1.46e-05
5.54460e-01 1.45e-05
5.55550e-01 1.45e-05
5.56124e-01 1.45e-05
5.56640e-01 1.45e-05
5.57728e-01 1.45e-05
5.58815e-01 1.45e-05
5.59901e-01 1.46e-05
5.60986e-01 1.47e-05
5.62070e-01 1.48e-05
5.62640e-01 1.49e-05
5.63722e-01 1.50e-05
5.64745e-01 1.52e-05
5.65825e-01 1.55e-05
5.66903e-01 1.57e-05
5.67981e-01 1.60e-05
5.69057e-01 1.64e-05
5.69566e-01 1.66e-05
5.70075e-01 1.68e-05
5.70641e-01 1.70e-05
5.71149e-01 1.72e-05
5.71714e-01 1.75e-05
5.72222e-01 1.78e-05
5.72729e-01 1.81e-05
5.73800e-01 1.87e-05
5.74870e-01 1.95e-05
5.75883e-01 2.05e-05
5.76445e-01 2.11e-05
5.76950e-01 2.17e-05
5.77456e-01 2.24e-05
5.77961e-01 2.31e-05
5.78522e-01 2.39e-05
5.79026e-01 2.48e-05
5.79530e-01 2.58e-05
5.80090e-01 2.69e-05
5.80594e-01 2.81e-05
5.81601e-01 3.10e-05
5.82662e-01 3.47e-05
5.83165e-01 3.71e-05
5.83667e-01 3.95e-05
5.84225e-01 4.25e-05
5.84726e-01 4.58e-05
5.85228e-01 4.96e-05
5.85729e-01 5.40e-05
5.86230e-01 5.90e-05
5.86786e-01 6.49e-05
5.87287e-01 7.11e-05
5.88287e-01 8.65e-05
5.89286e-01 1.05e-04
5.90339e-01 1.24e-04
5.90838e-01 1.31e-04
5.91336e-01 1.37e-04
5.91834e-01 1.40e-04
5.92332e-01 1.39e-04
5.92885e-01 1.36e-04
5.93382e-01 1.29e-04
5.93879e-01 1.22e-04
5.94873e-01 1.03e-04
5.95369e-01 9.41e-05
5.95865e-01 8.53e-05
5.96361e-01 7.77e-05
5.96857e-01 7.07e-05
5.97407e-01 6.45e-05
5.97902e-01 5.92e-05
5.98397e-01 5.43e-05
5.98891e-01 5.04e-05
5.99386e-01 4.66e-05
6.00374e-01 4.08e-05
6.00867e-01 3.85e-05
6.01361e-01 3.63e-05
6.01854e-01 3.45e-05
6.02347e-01 3.28e-05
6.02839e-01 3.13e-05
6.03332e-01 3.01e-05
6.03824e-01 2.89e-05
6.04808e-01 2.69e-05
6.05790e-01 2.53e-05
6.06281e-01 2.46e-05
6.06772e-01 2.40e-05
6.07262e-01 2.34e-05
6.07753e-01 2.29e-05
6.08243e-01 2.24e-05
6.09222e-01 2.15e-05
6.10200e-01 2.08e-05
6.11178e-01 2.01e-05
6.11666e-01 1.98e-05
6.12154e-01 1.95e-05
6.12642e-01 1.92e-05
6.13617e-01 1.87e-05
6.14591e-01 1.82e-05
6.15510e-01 1.78e-05
6.16482e-01 1.74e-05
6.17453e-01 1.70e-05
6.17939e-01 1.68e-05
6.18908e-01 1.64e-05
6.19824e-01 1.61e-05
6.20792e-01 1.58e-05
6.21759e-01 1.55e-05
6.22242e-01 1.54e-05
6.23154e-01 1.52e-05
6.24119e-01 1.49e-05
6.25082e-01 1.47e-05
6.25992e-01 1.45e-05
6.26954e-01 1.43e-05
6.27862e-01 1.42e-05
6.28822e-01 1.40e-05
6.29728e-01 1.39e-05
6.30686e-01 1.37e-05
6.31591e-01 1.36e-05
6.32548e-01 1.35e-05
6.33450e-01 1.34e-05
6.34405e-01 1.33e-05
6.35306e-01 1.32e-05
6.36259e-01 1.32e-05
6.37159e-01 1.31e-05
6.38110e-01 1.30e-05
6.39008e-01 1.30e-05
6.39905e-01 1.29e-05
6.40853e-01 1.29e-05
6.41749e-01 1.29e-05
6.42643e-01 1.28e-05
6.43537e-01 1.28e-05
6.44482e-01 1.28e-05
6.44902e-01 1.28e-05
6.47156e-01 1.28e-05
6.48098e-01 1.28e-05
6.48986e-01 1.28e-05
6.49874e-01 1.29e-05
6.50761e-01 1.29e-05
6.51648e-01 1.29e-05
6.52533e-01 1.30e-05
6.53418e-01 1.30e-05
6.54302e-01 1.31e-05
6.55186e-01 1.31e-05
6.56120e-01 1.32e-05
6.57002e-01 1.33e-05
6.57883e-01 1.34e-05
6.58763e-01 1.34e-05
6.59642e-01 1.35e-05
6.60056e-01 1.36e-05
6.60934e-01 1.37e-05
6.61811e-01 1.38e-05
6.62688e-01 1.39e-05
6.63564e-01 1.40e-05
6.64439e-01 1.41e-05
6.65262e-01 1.43e-05
6.66136e-01 1.44e-05
6.67009e-01 1.45e-05
6.67881e-01 1.47e-05
6.68752e-01 1.48e-05
6.69623e-01 1.49e-05
6.70441e-01 1.51e-05
6.71310e-01 1.52e-05
6.72179e-01 1.54e-05
6.73047e-01 1.55e-05
6.73862e-01 1.56e-05
6.74729e-01 1.58e-05
6.75594e-01 1.59e-05
6.76408e-01 1.61e-05
6.77272e-01 1.62e-05
6.78135e-01 1.64e-05
6.78947e-01 1.66e-05
6.79809e-01 1.67e-05
6.80619e-01 1.69e-05
6.81479e-01 1.72e-05
6.82339e-01 1.74e-05
6.83147e-01 1.77e-05
6.83551e-01 1.78e-05
6.84409e-01 1.81e-05
6.85266e-01 1.85e-05
6.85669e-01 1.87e-05
6.86475e-01 1.90e-05
6.87330e-01 1.94e-05
6.88135e-01 1.98e-05
6.88989e-01 2.03e-05
6.89792e-01 2.07e-05
6.90594e-01 2.12e-05
6.91446e-01 2.16e-05
6.92247e-01 2.21e-05
6.93097e-01 2.25e-05
6.93897e-01 2.30e-05
6.94696e-01 2.34e-05
6.95544e-01 2.38e-05
6.96342e-01 2.42e-05
6.96741e-01 2.44e-05
6.97538e-01 2.48e-05
6.98383e-01 2.51e-05
6.99179e-01 2.55e-05
6.99974e-01 2.58e-05
7.00371e-01 2.60e-05
7.00818e-01 2.62e-05
7.01611e-01 2.65e-05
7.02404e-01 2.66e-05
7.02800e-01 2.66e-05
7.03197e-01 2.65e-05
7.03592e-01 2.63e-05
7.04384e-01 2.58e-05
7.04829e-01 2.54e-05
7.05619e-01 2.45e-05
7.06409e-01 2.36e-05
7.07198e-01 2.27e-05
7.07592e-01 2.22e-05
7.08381e-01 2.14e-05
7.08774e-01 2.10e-05
7.09168e-01 2.06e-05
7.09562e-01 2.03e-05
7.10348e-01 1.96e-05
7.10741e-01 1.94e-05
7.11134e-01 1.91e-05
7.11527e-01 1.89e-05
7.12361e-01 1.84e-05
7.13146e-01 1.81e-05
7.13538e-01 1.79e-05
7.14321e-01 1.76e-05
7.15104e-01 1.74e-05
7.15496e-01 1.72e-05
7.16278e-01 1.71e-05
7.17059e-01 1.69e-05
7.17401e-01 1.69e-05
7.18181e-01 1.68e-05
7.18961e-01 1.67e-05
7.19351e-01 1.67e-05
7.20130e-01 1.67e-05
7.20908e-01 1.68e-05
7.21297e-01 1.68e-05
7.22075e-01 1.69e-05
7.22463e-01 1.70e-05
7.22852e-01 1.70e-05
7.23240e-01 1.71e-05
7.24016e-01 1.74e-05
7.24404e-01 1.76e-05
7.24743e-01 1.78e-05
7.25130e-01 1.81e-05
7.25905e-01 1.88e-05
7.26292e-01 1.93e-05
7.26679e-01 2.00e-05
7.27065e-01 2.07e-05
7.27838e-01 2.29e-05
7.28225e-01 2.47e-05
7.28611e-01 2.69e-05
7.28949e-01 2.93e-05
7.29720e-01 3.98e-05
7.30106e-01 5.01e-05
7.30876e-01 8.06e-05
7.31262e-01 1.23e-04
7.31598e-01 1.67e-04
7.31983e-01 1.84e-04
7.32752e-01 1.47e-04
7.33137e-01 1.16e-04
7.33521e-01 8.38e-05
7.33905e-01 5.89e-05
7.34625e-01 3.88e-05
7.35009e-01 3.37e-05
7.35392e-01 2.99e-05
7.35776e-01 2.66e-05
7.36494e-01 2.31e-05
7.36877e-01 2.19e-05
7.37260e-01 2.10e-05
7.37642e-01 2.01e-05
7.38360e-01 1.89e-05
7.38742e-01 1.84e-05
7.39506e-01 1.77e-05
7.40222e-01 1.72e-05
7.40603e-01 1.70e-05
7.41366e-01 1.67e-05
7.41747e-01 1.66e-05
7.42080e-01 1.65e-05
7.42461e-01 1.64e-05
7.43222e-01 1.63e-05
7.43935e-01 1.62e-05
7.44695e-01 1.62e-05
7.45075e-01 1.62e-05
7.45408e-01 1.61e-05
7.46166e-01 1.60e-05
7.46878e-01 1.59e-05
7.47257e-01 1.58e-05
7.47967e-01 1.56e-05
7.48724e-01 1.55e-05
7.49433e-01 1.53e-05
7.50189e-01 1.51e-05
7.50897e-01 1.49e-05
7.51652e-01 1.48e-05
7.52359e-01 1.47e-05
7.52736e-01 1.46e-05
7.53066e-01 1.50e-05
7.53442e-01 1.55e-05
7.53819e-01 1.59e-05
7.54524e-01 1.58e-05
7.55277e-01 1.57e-05
7.55981e-01 1.56e-05
7.56685e-01 1.55e-05
7.57436e-01 1.54e-05
7.58139e-01 1.53e-05
7.58841e-01 1.52e-05
7.59543e-01 1.51e-05
7.60292e-01 1.50e-05
7.60993e-01 1.49e-05
7.61693e-01 1.48e-05
7.62393e-01 1.48e-05
7.63140e-01 1.47e-05
7.63839e-01 1.47e-05
7.64537e-01 1.47e-05
7.65235e-01 1.46e-05
7.65607e-01 1.46e-05
7.66676e-01 1.46e-05
7.67373e-01 1.46e-05
7.68069e-01 1.47e-05
7.68765e-01 1.47e-05
7.69460e-01 1.47e-05
7.70155e-01 1.48e-05
7.70895e-01 1.49e-05
7.71589e-01 1.49e-05
7.72282e-01 1.50e-05
7.72974e-01 1.51e-05
7.73667e-01 1.52e-05
7.74358e-01 1.53e-05
7.75050e-01 1.54e-05
7.75740e-01 1.55e-05
7.76431e-01 1.56e-05
7.77121e-01 1.57e-05
7.77810e-01 1.57e-05
7.78499e-01 1.58e-05
7.78866e-01 1.58e-05
7.79875e-01 1.58e-05
7.80563e-01 1.58e-05
7.81250e-01 1.58e-05
7.81570e-01 1.57e-05
7.82256e-01 1.57e-05
7.82942e-01 1.56e-05
7.83628e-01 1.55e-05
7.84312e-01 1.54e-05
7.84997e-01 1.53e-05
7.85681e-01 1.52e-05
7.86364e-01 1.51e-05
7.87047e-01 1.50e-05
7.87730e-01 1.49e-05
7.88048e-01 1.49e-05
7.88730e-01 1.48e-05
7.89411e-01 1.48e-05
7.89729e-01 1.48e-05
7.90728e-01 1.48e-05
7.91408e-01 1.48e-05
7.91770e-01 1.48e-05
7.92404e-01 1.49e-05
7.93083e-01 1.50e-05
7.93445e-01 1.50e-05
7.94078e-01 1.51e-05
7.94756e-01 1.53e-05
7.95433e-01 1.54e-05
7.96110e-01 1.55e-05
7.96741e-01 1.57e-05
7.97102e-01 1.57e-05
7.97732e-01 1.58e-05
7.98093e-01 1.58e-05
7.98768e-01 1.59e-05
7.99083e-01 1.59e-05
7.99757e-01 1.59e-05
8.00386e-01 1.58e-05
8.00745e-01 1.57e-05
8.01374e-01 1.55e-05
8.02046e-01 1.54e-05
8.02719e-01 1.52e-05
8.03346e-01 1.50e-05
8.04017e-01 1.48e-05
8.04331e-01 1.47e-05
8.05002e-01 1.46e-05
8.05314e-01 1.46e-05
8.05985e-01 1.45e-05
8.06610e-01 1.45e-05
8.06967e-01 1.44e-05
8.07591e-01 1.45e-05
8.07903e-01 1.45e-05
8.08572e-01 1.46e-05
8.09240e-01 1.48e-05
8.09863e-01 1.49e-05
8.10530e-01 1.51e-05
8.11152e-01 1.52e-05
8.11463e-01 1.52e-05
8.12129e-01 1.52e-05
8.12440e-01 1.52e-05
8.13106e-01 1.51e-05
8.13726e-01 1.49e-05
8.14036e-01 1.48e-05
8.14701e-01 1.46e-05
8.15321e-01 1.43e-05
8.15674e-01 1.42e-05
8.15984e-01 1.41e-05
8.16603e-01 1.39e-05
8.17266e-01 1.38e-05
8.17575e-01 1.38e-05
8.18193e-01 1.38e-05
8.18546e-01 1.39e-05
8.19163e-01 1.40e-05
8.19471e-01 1.40e-05
8.20132e-01 1.42e-05
8.20749e-01 1.43e-05
8.21057e-01 1.43e-05
8.21716e-01 1.42e-05
8.22024e-01 1.41e-05
8.22639e-01 1.38e-05
8.22947e-01 1.35e-05
8.23605e-01 1.30e-05
8.24219e-01 1.25e-05
8.24526e-01 1.22e-05
8.25184e-01 1.18e-05
8.25490e-01 1.15e-05
8.26103e-01 1.11e-05
8.26410e-01 1.10e-05
8.27066e-01 1.06e-05
8.27372e-01 1.05e-05
8.27984e-01 1.02e-05
8.28290e-01 1.19e-05
8.28945e-01 1.62e-05
8.29250e-01 1.62e-05
8.29861e-01 1.60e-05
8.30471e-01 1.59e-05
8.31081e-01 1.57e-05
8.31735e-01 1.56e-05
8.32344e-01 1.55e-05
8.32953e-01 1.54e-05
8.33561e-01 1.53e-05
8.34213e-01 1.52e-05
8.34820e-01 1.52e-05
8.35428e-01 1.51e-05
8.36035e-01 1.50e-05
8.36641e-01 1.50e-05
8.37291e-01 1.49e-05
8.37897e-01 1.48e-05
8.38502e-01 1.48e-05
8.39107e-01 1.47e-05
8.39712e-01 1.47e-05
8.40316e-01 1.46e-05
8.40964e-01 1.46e-05
8.41567e-01 1.45e-05
8.42170e-01 1.45e-05
8.42773e-01 1.44e-05
8.43376e-01 1.44e-05
8.43978e-01 1.43e-05
8.44580e-01 1.43e-05
8.45181e-01 1.43e-05
8.45782e-01 1.42e-05
8.46383e-01 1.42e-05
8.46984e-01 1.41e-05
8.47584e-01 1.41e-05
8.48226e-01 1.40e-05
8.48825e-01 1.40e-05
8.49424e-01 1.40e-05
8.50023e-01 1.39e-05
8.50621e-01 1.39e-05
8.51219e-01 1.39e-05
8.51816e-01 1.38e-05
8.52413e-01 1.38e-05
8.53010e-01 1.37e-05
8.53606e-01 1.37e-05
8.54160e-01 1.37e-05
8.54756e-01 1.36e-05
8.55351e-01 1.36e-05
8.55946e-01 1.36e-05
8.56541e-01 1.35e-05
8.57135e-01 1.35e-05
8.57729e-01 1.35e-05
8.58323e-01 1.34e-05
8.58916e-01 1.34e-05
8.59509e-01 1.34e-05
8.60101e-01 1.34e-05
8.60693e-01 1.33e-05
8.61243e-01 1.33e-05
8.61835e-01 1.33e-05
8.62426e-01 1.33e-05
8.63017e-01 1.33e-05
8.63607e-01 1.32e-05
8.64197e-01 1.32e-05
8.64745e-01 1.32e-05
8.65334e-01 1.32e-05
8.65923e-01 1.32e-05
8.66512e-01 1.31e-05
8.67100e-01 1.31e-05
8.67689e-01 1.31e-05
8.68234e-01 1.31e-05
8.68822e-01 1.31e-05
8.69409e-01 1.31e-05
8.69995e-01 1.30e-05
8.70540e-01 1.30e-05
8.71126e-01 1.30e-05
8.71712e-01 1.30e-05
8.72297e-01 1.30e-05
8.72840e-01 1.29e-05
8.73425e-01 1.29e-05
8.74009e-01 1.29e-05
8.74552e-01 1.29e-05
8.75135e-01 1.28e-05
8.75719e-01 1.28e-05
8.76302e-01 1.28e-05
8.76843e-01 1.27e-05
8.77425e-01 1.27e-05
8.78007e-01 1.27e-05
8.78547e-01 1.27e-05
8.79129e-01 1.26e-05
8.79710e-01 1.26e-05
8.80249e-01 1.26e-05
8.80829e-01 1.26e-05
8.81368e-01 1.26e-05
8.81948e-01 1.25e-05
8.82527e-01 1.25e-05
8.86738e-01 1.24e-05
8.88385e-01 1.24e-05
8.89495e-01 1.24e-05
8.90070e-01 1.24e-05
8.90604e-01 1.24e-05
8.91178e-01 1.23e-05
8.91711e-01 1.23e-05
8.92285e-01 1.23e-05
8.92817e-01 1.22e-05
8.93391e-01 1.22e-05
8.93922e-01 1.22e-05
8.94495e-01 1.22e-05
8.95026e-01 1.21e-05
8.95598e-01 1.21e-05
8.97516e-01 1.21e-05
9.00527e-01 1.21e-05
9.01055e-01 1.21e-05
9.01340e-01 1.22e-05
9.01867e-01 1.21e-05
9.02151e-01 1.21e-05
9.02679e-01 1.20e-05
9.03205e-01 1.20e-05
9.03773e-01 1.20e-05
9.04299e-01 1.20e-05
9.04866e-01 1.19e-05
9.05392e-01 1.19e-05
9.06483e-01 1.19e-05
9.07008e-01 1.19e-05
9.07532e-01 1.19e-05
9.08904e-01 1.20e-05
9.09427e-01 1.20e-05
9.09951e-01 1.20e-05
9.10474e-01 1.19e-05
9.11037e-01 1.19e-05
9.11560e-01 1.19e-05
9.12082e-01 1.19e-05
9.12885e-01 1.18e-05
9.14209e-01 1.18e-05
9.14770e-01 1.18e-05
9.15010e-01 1.18e-05
9.15290e-01 1.20e-05
9.15811e-01 1.23e-05
9.16091e-01 1.24e-05
9.16611e-01 1.24e-05
9.17130e-01 1.25e-05
9.17410e-01 1.25e-05
9.17929e-01 1.25e-05
9.18448e-01 1.26e-05
9.18967e-01 1.27e-05
9.19486e-01 1.28e-05
9.19765e-01 1.28e-05
9.20283e-01 1.29e-05
9.20562e-01 1.30e-05
9.21079e-01 1.32e-05
9.21358e-01 1.32e-05
9.21597e-01 1.33e-05
9.22114e-01 1.35e-05
9.22392e-01 1.37e-05
9.22909e-01 1.39e-05
9.23187e-01 1.41e-05
9.23703e-01 1.44e-05
9.23941e-01 1.46e-05
9.24457e-01 1.50e-05
9.24735e-01 1.53e-05
9.25250e-01 1.58e-05
9.25528e-01 1.62e-05
9.26043e-01 1.69e-05
9.26281e-01 1.73e-05
9.26835e-01 1.83e-05
9.27072e-01 1.88e-05
9.27587e-01 2.00e-05
9.27864e-01 2.07e-05
9.28377e-01 2.21e-05
9.28614e-01 2.29e-05
9.29128e-01 2.44e-05
9.29404e-01 2.51e-05
9.29917e-01 2.63e-05
9.30194e-01 2.69e-05
9.30706e-01 2.73e-05
9.30943e-01 2.75e-05
9.31455e-01 2.69e-05
9.31731e-01 2.65e-05
9.32243e-01 2.52e-05
9.32479e-01 2.45e-05
9.32991e-01 2.30e-05
9.33266e-01 2.22e-05
9.33777e-01 2.07e-05
9.34052e-01 2.00e-05
9.34288e-01 1.94e-05
9.34798e-01 1.82e-05
9.35073e-01 1.77e-05
9.35583e-01 1.68e-05
9.35819e-01 1.64e-05
9.36329e-01 1.56e-05
9.36603e-01 1.53e-05
9.37112e-01 1.48e-05
9.37347e-01 1.45e-05
9.37857e-01 1.41e-05
9.38130e-01 1.39e-05
9.38639e-01 1.35e-05
9.38874e-01 1.34e-05
9.39382e-01 1.31e-05
9.39656e-01 1.30e-05
9.40163e-01 1.27e-05
9.40398e-01 1.26e-05
9.40905e-01 1.24e-05
9.41139e-01 1.23e-05
9.41647e-01 1.22e-05
9.41919e-01 1.21e-05
9.42426e-01 1.20e-05
9.42660e-01 1.19e-05
9.43166e-01 1.18e-05
9.43439e-01 1.17e-05
9.43945e-01 1.16e-05
9.44450e-01 1.15e-05
9.44956e-01 1.14e-05
9.45422e-01 1.14e-05
9.45927e-01 1.13e-05
9.46432e-01 1.12e-05
9.46936e-01 1.12e-05
9.47441e-01 1.11e-05
9.47944e-01 1.11e-05
9.48448e-01 1.10e-05
9.48952e-01 1.10e-05
9.49455e-01 1.09e-05
9.49919e-01 1.09e-05
9.50422e-01 1.08e-05
9.50924e-01 1.08e-05
9.51426e-01 1.08e-05
9.51928e-01 1.07e-05
9.52430e-01 1.07e-05
9.52931e-01 1.07e-05
9.53394e-01 1.06e-05
9.53895e-01 1.06e-05
9.54395e-01 1.06e-05
9.54896e-01 1.06e-05
9.55396e-01 1.05e-05
9.55896e-01 1.05e-05
9.56357e-01 1.05e-05
9.56857e-01 1.05e-05
9.57356e-01 1.04e-05
9.57855e-01 1.04e-05
9.58354e-01 1.04e-05
9.58814e-01 1.04e-05
9.59312e-01 1.03e-05
9.59810e-01 1.03e-05
9.60308e-01 1.03e-05
9.60767e-01 1.03e-05
9.61264e-01 1.03e-05
9.61761e-01 1.03e-05
9.62258e-01 1.02e-05
9.62716e-01 1.02e-05
9.63212e-01 1.02e-05
9.63709e-01 1.02e-05
9.64204e-01 1.02e-05
9.64662e-01 1.02e-05
9.65157e-01 1.01e-05
9.65652e-01 1.01e-05
9.66147e-01 1.01e-05
9.66604e-01 1.01e-05
9.67098e-01 1.01e-05
9.67592e-01 1.01e-05
9.68048e-01 1.01e-05
9.68542e-01 1.00e-05
9.69035e-01 1.00e-05
9.69490e-01 1.00e-05
9.69983e-01 1.00e-05
9.70476e-01 1.00e-05
9.70930e-01 9.98e-06
9.71423e-01 9.97e-06
9.71915e-01 9.95e-06
9.72369e-01 9.94e-06
9.72860e-01 9.93e-06
9.73351e-01 9.92e-06
9.78815e-01 9.82e-06
9.82341e-01 9.78e-06
9.85406e-01 9.76e-06
9.87941e-01 9.76e-06
9.89801e-01 9.77e-06
9.91213e-01 9.79e-06
9.92140e-01 9.80e-06
9.92585e-01 9.81e-06
9.93067e-01 9.82e-06
9.93511e-01 9.83e-06
9.93992e-01 9.85e-06
9.94436e-01 9.86e-06
9.94917e-01 9.87e-06
9.95361e-01 9.89e-06
9.95804e-01 9.91e-06
9.96284e-01 9.93e-06
9.96727e-01 9.95e-06
9.97207e-01 9.97e-06
9.97649e-01 9.99e-06
9.98129e-01 1.00e-05
9.98571e-01 1.00e-05
9.99013e-01 1.01e-05
9.99492e-01 1.01e-05
9.99933e-01 1.01e-05
1.00041e+00 1.02e-05
1.00085e+00 1.02e-05
1.00129e+00 1.02e-05
1.00177e+00 1.03e-05
1.00221e+00 1.03e-05
1.00269e+00 1.03e-05
1.00313e+00 1.04e-05
1.00357e+00 1.04e-05
1.00405e+00 1.05e-05
1.00448e+00 1.05e-05
1.00492e+00 1.05e-05
1.00540e+00 1.06e-05
1.00584e+00 1.06e-05
1.00628e+00 1.06e-05
1.00675e+00 1.07e-05
1.00719e+00 1.07e-05
1.00763e+00 1.07e-05
1.00810e+00 1.07e-05
1.00854e+00 1.08e-05
1.00898e+00 1.08e-05
1.00923e+00 1.08e-05
1.01011e+00 1.08e-05
1.01058e+00 1.07e-05
1.01102e+00 1.07e-05
1.01146e+00 1.07e-05
1.01189e+00 1.07e-05
1.01236e+00 1.06e-05
1.01280e+00 1.06e-05
1.01324e+00 1.06e-05
1.01371e+00 1.05e-05
1.01414e+00 1.05e-05
1.01458e+00 1.04e-05
1.01501e+00 1.04e-05
1.01548e+00 1.03e-05
1.01592e+00 1.03e-05
1.01635e+00 1.02e-05
1.01679e+00 1.01e-05
1.01726e+00 1.01e-05
1.01769e+00 1.00e-05
1.01813e+00 9.99e-06
1.01856e+00 9.94e-06
1.01903e+00 9.89e-06
1.01946e+00 9.84e-06
1.01989e+00 9.79e-06
1.02033e+00 9.74e-06
1.02079e+00 9.70e-06
1.02123e+00 9.65e-06
1.02166e+00 9.61e-06
1.02209e+00 9.57e-06
1.02252e+00 9.53e-06
1.02299e+00 9.49e-06
1.02342e+00 9.46e-06
1.02385e+00 9.42e-06
1.02428e+00 9.39e-06
1.02471e+00 9.36e-06
1.02518e+00 9.33e-06
1.02561e+00 9.30e-06
1.02604e+00 9.27e-06
1.02647e+00 9.24e-06
1.02690e+00 9.22e-06
1.02737e+00 9.19e-06
1.02780e+00 9.17e-06
1.02823e+00 9.14e-06
1.02865e+00 9.12e-06
1.02908e+00 9.10e-06
1.02951e+00 9.08e-06
1.02998e+00 9.06e-06
1.03040e+00 9.04e-06
1.03083e+00 9.02e-06
1.03126e+00 9.01e-06
1.03169e+00 8.99e-06
1.03212e+00 8.98e-06
1.03254e+00 8.96e-06
1.03407e+00 8.92e-06
1.03684e+00 8.88e-06
1.04049e+00 8.85e-06
1.04792e+00 8.85e-06
1.04960e+00 8.83e-06
1.05044e+00 8.82e-06
1.05086e+00 8.81e-06
1.05128e+00 8.80e-06
1.05170e+00 8.79e-06
1.05211e+00 8.78e-06
1.05253e+00 8.76e-06
1.05295e+00 8.75e-06
1.05337e+00 8.74e-06
1.05379e+00 8.72e-06
1.05421e+00 8.71e-06
1.05463e+00 8.69e-06
1.05504e+00 8.67e-06
1.05543e+00 8.66e-06
1.05584e+00 8.64e-06
1.05626e+00 8.63e-06
1.05668e+00 8.61e-06
1.05710e+00 8.59e-06
1.05751e+00 8.58e-06
1.05793e+00 8.56e-06
1.05835e+00 8.55e-06
1.05876e+00 8.53e-06
1.05918e+00 8.52e-06
1.05959e+00 8.51e-06
1.06001e+00 8.49e-06
1.06043e+00 8.48e-06
1.06084e+00 8.47e-06
1.06309e+00 8.43e-06
1.06454e+00 8.43e-06
1.06574e+00 8.43e-06
1.06657e+00 8.44e-06
1.06822e+00 8.47e-06
1.06860e+00 8.48e-06
1.06901e+00 8.50e-06
1.06942e+00 8.51e-06
1.06984e+00 8.52e-06
1.07025e+00 8.53e-06
1.07206e+00 8.56e-06
1.07329e+00 8.56e-06
1.07370e+00 8.55e-06
1.07408e+00 8.54e-06
1.07449e+00 8.52e-06
1.07490e+00 8.51e-06
1.07531e+00 8.49e-06
1.07572e+00 8.47e-06
1.07609e+00 8.45e-06
1.07650e+00 8.42e-06
1.07691e+00 8.40e-06
1.07732e+00 8.37e-06
1.07773e+00 8.35e-06
1.07810e+00 8.33e-06
1.07851e+00 8.30e-06
1.07892e+00 8.28e-06
1.07933e+00 8.26e-06
1.07974e+00 8.24e-06
1.08011e+00 8.23e-06
1.08052e+00 8.21e-06
1.08092e+00 8.20e-06
1.08133e+00 8.19e-06
1.08252e+00 8.19e-06
1.08333e+00 8.20e-06
1.08370e+00 8.21e-06
1.08411e+00 8.22e-06
1.08451e+00 8.24e-06
1.08492e+00 8.25e-06
1.08529e+00 8.27e-06
1.08570e+00 8.29e-06
1.08610e+00 8.31e-06
1.08651e+00 8.33e-06
1.08688e+00 8.34e-06
1.08769e+00 8.36e-06
1.08826e+00 8.35e-06
1.08866e+00 8.34e-06
1.08886e+00 8.33e-06
1.08927e+00 8.31e-06
1.08964e+00 8.29e-06
1.09004e+00 8.26e-06
1.09045e+00 8.22e-06
1.09085e+00 8.19e-06
1.09122e+00 8.15e-06
1.09162e+00 8.12e-06
1.09202e+00 8.09e-06
1.09239e+00 8.06e-06
1.09280e+00 8.04e-06
1.09320e+00 8.02e-06
1.09357e+00 8.01e-06
1.09377e+00 8.01e-06
1.09437e+00 8.01e-06
1.09477e+00 8.02e-06
1.09514e+00 8.03e-06
1.09554e+00 8.05e-06
1.09594e+00 8.08e-06
1.09631e+00 8.10e-06
1.09671e+00 8.13e-06
1.09711e+00 8.15e-06
1.09768e+00 8.18e-06
1.09828e+00 8.18e-06
1.09865e+00 8.16e-06
1.09885e+00 8.15e-06
1.09925e+00 8.11e-06
1.09961e+00 8.07e-06
1.10001e+00 8.02e-06
1.10041e+00 7.98e-06
1.10078e+00 7.93e-06
1.10118e+00 7.89e-06
1.10157e+00 7.86e-06
1.10194e+00 7.84e-06
1.10214e+00 7.83e-06
1.10234e+00 7.83e-06
1.10290e+00 7.83e-06
1.10330e+00 7.85e-06
1.10370e+00 7.87e-06
1.10406e+00 7.90e-06
1.10426e+00 7.92e-06
1.10466e+00 7.94e-06
1.10486e+00 7.95e-06
1.10522e+00 7.93e-06
1.10542e+00 7.92e-06
1.10562e+00 7.90e-06
1.10599e+00 7.84e-06
1.10618e+00 7.81e-06
1.10658e+00 7.72e-06
1.10698e+00 7.62e-06
1.10734e+00 7.52e-06
1.10754e+00 7.47e-06
1.10794e+00 7.38e-06
1.10810e+00 7.33e-06
1.10850e+00 7.25e-06
1.10889e+00 7.18e-06
1.10926e+00 7.11e-06
1.10945e+00 7.08e-06
1.10985e+00 7.03e-06
1.11021e+00 6.98e-06
1.11061e+00 6.93e-06
1.11080e+00 6.91e-06
1.11097e+00 7.24e-06
1.11136e+00 8.03e-06
1.11156e+00 8.27e-06
1.11192e+00 8.24e-06
1.11232e+00 8.20e-06
1.11268e+00 8.17e-06
1.11307e+00 8.14e-06
1.11347e+00 8.12e-06
1.11383e+00 8.09e-06
1.11422e+00 8.07e-06
1.11458e+00 8.05e-06
1.11498e+00 8.03e-06
1.11534e+00 8.02e-06
1.11573e+00 8.00e-06
1.11612e+00 7.98e-06
1.11648e+00 7.97e-06
1.11688e+00 7.95e-06
1.11724e+00 7.94e-06
1.11763e+00 7.92e-06
1.11799e+00 7.91e-06
1.11838e+00 7.89e-06
1.11874e+00 7.88e-06
1.11913e+00 7.87e-06
1.11953e+00 7.86e-06
1.11988e+00 7.84e-06
1.12028e+00 7.83e-06
1.12063e+00 7.82e-06
1.12103e+00 7.81e-06
1.12138e+00 7.80e-06
1.12178e+00 7.79e-06
1.12213e+00 7.78e-06
1.12252e+00 7.76e-06
1.12288e+00 7.75e-06
1.12327e+00 7.74e-06
1.12363e+00 7.73e-06
1.12402e+00 7.72e-06
1.12438e+00 7.71e-06
1.12477e+00 7.70e-06
1.12512e+00 7.69e-06
1.12551e+00 7.68e-06
1.12587e+00 7.67e-06
1.12626e+00 7.66e-06
1.12662e+00 7.65e-06
1.12701e+00 7.64e-06
1.12736e+00 7.63e-06
1.12775e+00 7.63e-06
1.12811e+00 7.62e-06
1.12849e+00 7.61e-06
1.12885e+00 7.60e-06
1.12924e+00 7.59e-06
1.12959e+00 7.58e-06
1.12998e+00 7.57e-06
1.13034e+00 7.56e-06
1.13072e+00 7.55e-06
1.13108e+00 7.54e-06
1.13147e+00 7.54e-06
1.13182e+00 7.53e-06
1.13221e+00 7.51e-06
1.13256e+00 7.50e-06
1.13295e+00 7.50e-06
1.13330e+00 7.49e-06
1.13369e+00 7.48e-06
1.13404e+00 7.47e-06
1.13443e+00 7.46e-06
1.13478e+00 7.45e-06
1.13514e+00 7.45e-06
1.13552e+00 7.44e-06
1.13588e+00 7.43e-06
1.13626e+00 7.42e-06
1.13661e+00 7.41e-06
1.13700e+00 7.41e-06
1.13735e+00 7.40e-06
1.13774e+00 7.39e-06
1.13809e+00 7.38e-06
1.13844e+00 7.37e-06
1.13883e+00 7.36e-06
1.13918e+00 7.36e-06
1.13956e+00 7.35e-06
1.13991e+00 7.34e-06
1.14030e+00 7.33e-06
1.14065e+00 7.33e-06
1.14100e+00 7.32e-06
1.14138e+00 7.31e-06
1.14174e+00 7.30e-06
1.14683e+00 7.19e-06
1.15547e+00 7.01e-06
1.15691e+00 6.98e-06
1.15939e+00 6.92e-06
1.16752e+00 6.77e-06
1.17418e+00 6.65e-06
1.18577e+00 6.45e-06
1.19326e+00 6.32e-06
1.20087e+00 6.19e-06
1.22095e+00 5.88e-06
1.23861e+00 5.61e-06
1.24516e+00 5.52e-06
1.26824e+00 5.20e-06
1.28404e+00 4.98e-06
1.30614e+00 4.70e-06
1.32133e+00 4.52e-06
1.32761e+00 4.44e-06
1.35393e+00 4.15e-06
1.36650e+00 4.01e-06
1.39387e+00 3.74e-06
1.40796e+00 3.60e-06
1.43158e+00 3.38e-06
1.45262e+00 3.20e-06
1.47405e+00 3.02e-06
1.49191e+00 2.88e-06
1.52048e+00 2.67e-06
1.53089e+00 2.60e-06
1.55585e+00 2.44e-06
1.57536e+00 2.32e-06
1.60966e+00 2.12e-06
1.61566e+00 2.09e-06
1.63958e+00 1.96e-06
1.65666e+00 1.88e-06
1.69209e+00 1.72e-06
1.70480e+00 1.66e-06
1.73875e+00 1.53e-06
1.74929e+00 1.49e-06
1.76485e+00 1.43e-06
1.76526e+00 1.43e-06
1.77509e+00 1.39e-06
1.81084e+00 1.27e-06
1.82129e+00 1.24e-06
1.82172e+00 1.24e-06
1.84424e+00 1.17e-06
1.85242e+00 1.15e-06
1.90147e+00 1.02e-06
1.91074e+00 1.00e-06
1.92923e+00 9.57e-07
1.95544e+00 9.02e-07
1.96834e+00 8.75e-07
1.99592e+00 8.22e-07
2.02328e+00 7.74e-07
2.02628e+00 7.69e-07
2.03278e+00 7.58e-07
2.04071e+00 7.45e-07
2.04251e+00 7.42e-07
2.04385e+00 7.40e-07
2.04431e+00 7.39e-07
2.04476e+00 7.38e-07
2.04521e+00 7.37e-07
2.04566e+00 7.37e-07
2.04612e+00 7.36e-07
2.04657e+00 7.35e-07
2.04702e+00 7.35e-07
2.04747e+00 7.34e-07
2.04793e+00 7.33e-07
2.04838e+00 7.32e-07
2.04884e+00 7.32e-07
2.04929e+00 7.31e-07
2.04976e+00 7.30e-07
2.05021e+00 7.29e-07
2.05067e+00 7.29e-07
2.05113e+00 7.28e-07
2.05158e+00 7.27e-07
2.06399e+00 7.08e-07
2.07120e+00 6.98e-07
2.07315e+00 6.95e-07
2.07413e+00 6.94e-07
2.07462e+00 6.93e-07
2.07511e+00 6.93e-07
2.07560e+00 6.92e-07
2.07609e+00 6.91e-07
2.07659e+00 6.90e-07
2.07708e+00 6.90e-07
2.07758e+00 6.89e-07
2.07807e+00 6.88e-07
2.07857e+00 6.88e-07
2.07907e+00 6.87e-07
2.07957e+00 6.86e-07
2.08007e+00 6.86e-07
2.08057e+00 6.85e-07
2.08107e+00 6.84e-07
2.08156e+00 6.83e-07
2.08206e+00 6.83e-07
2.08256e+00 6.82e-07
2.08307e+00 6.81e-07
2.08357e+00 6.81e-07
2.08408e+00 6.80e-07
2.08459e+00 6.79e-07
2.08509e+00 6.78e-07
2.08560e+00 6.78e-07
2.08611e+00 6.77e-07
2.08662e+00 6.76e-07
2.08712e+00 6.76e-07
2.08763e+00 6.75e-07
2.08814e+00 6.74e-07
2.08866e+00 6.73e-07
2.08917e+00 6.73e-07
2.08969e+00 6.72e-07
2.09020e+00 6.71e-07
2.09072e+00 6.71e-07
2.09123e+00 6.70e-07
2.09175e+00 6.69e-07
2.10173e+00 6.56e-07
2.10227e+00 6.55e-07
2.10280e+00 6.55e-07
2.10334e+00 6.54e-07
2.10388e+00 6.53e-07
2.10441e+00 6.53e-07
2.10495e+00 6.52e-07
2.10549e+00 6.51e-07
2.10603e+00 6.50e-07
2.10657e+00 6.50e-07
2.10712e+00 6.49e-07
2.10766e+00 6.48e-07
2.10820e+00 6.48e-07
2.10875e+00 6.47e-07
2.10929e+00 6.46e-07
2.10985e+00 6.46e-07
2.11040e+00 6.45e-07
2.11094e+00 6.44e-07
2.11150e+00 6.43e-07
2.11204e+00 6.43e-07
2.11260e+00 6.42e-07
2.11315e+00 6.41e-07
2.11371e+00 6.41e-07
2.11427e+00 6.40e-07
2.11482e+00 6.39e-07
2.11538e+00 6.39e-07
2.11593e+00 6.38e-07
2.11650e+00 6.37e-07
2.11705e+00 6.36e-07
2.11762e+00 6.36e-07
2.11818e+00 6.35e-07
2.11875e+00 6.34e-07
2.11931e+00 6.34e-07
2.11988e+00 6.33e-07
2.12044e+00 6.32e-07
2.12100e+00 6.31e-07
2.12158e+00 6.31e-07
2.12214e+00 6.30e-07
2.12272e+00 6.29e-07
2.12329e+00 6.28e-07
2.12387e+00 6.28e-07
2.12444e+00 6.27e-07
2.12501e+00 6.26e-07
2.12559e+00 6.26e-07
2.12617e+00 6.25e-07
2.12674e+00 6.24e-07
2.12733e+00 6.24e-07
2.12791e+00 6.23e-07
2.12849e+00 6.22e-07
2.12908e+00 6.22e-07
2.12966e+00 6.21e-07
2.12996e+00 6.20e-07
2.13024e+00 6.17e-07
2.13084e+00 6.17e-07
2.13142e+00 6.16e-07
2.13201e+00 6.15e-07
2.13260e+00 6.15e-07
2.13320e+00 6.14e-07
2.13379e+00 6.14e-07
2.13438e+00 6.13e-07
2.13497e+00 6.12e-07
2.13557e+00 6.12e-07
2.13618e+00 6.11e-07
2.13677e+00 6.10e-07
2.13737e+00 6.10e-07
2.13797e+00 6.09e-07
2.13857e+00 6.08e-07
2.13918e+00 6.08e-07
2.13978e+00 6.07e-07
2.14040e+00 6.06e-07
2.14101e+00 6.06e-07
2.14161e+00 6.05e-07
2.14222e+00 6.05e-07
2.14284e+00 6.04e-07
2.14345e+00 6.03e-07
2.14406e+00 6.03e-07
2.14468e+00 6.02e-07
2.14530e+00 6.01e-07
2.14592e+00 6.01e-07
2.14654e+00 6.00e-07
2.14716e+00 5.99e-07
2.14778e+00 5.99e-07
2.14841e+00 5.98e-07
2.14903e+00 5.97e-07
2.14966e+00 5.97e-07
2.15028e+00 5.96e-07
2.15091e+00 5.95e-07
2.15155e+00 5.95e-07
2.15218e+00 5.94e-07
2.15282e+00 5.94e-07
2.15345e+00 5.93e-07
2.15409e+00 5.92e-07
2.15472e+00 5.92e-07
2.15537e+00 5.91e-07
2.15601e+00 5.90e-07
2.15666e+00 5.90e-07
2.15729e+00 5.89e-07
2.15794e+00 5.88e-07
2.15859e+00 5.88e-07
2.15923e+00 5.87e-07
2.15989e+00 5.86e-07
2.16054e+00 5.86e-07
2.16119e+00 5.85e-07
2.16185e+00 5.84e-07
2.16251e+00 5.84e-07
2.16317e+00 5.83e-07
2.16383e+00 5.82e-07
2.16449e+00 5.82e-07
2.16516e+00 5.81e-07
2.16583e+00 5.80e-07
2.16649e+00 5.80e-07
2.16715e+00 5.79e-07
2.16783e+00 5.78e-07
2.16849e+00 5.78e-07
2.16917e+00 5.77e-07
2.16984e+00 5.76e-07
2.17053e+00 5.76e-07
2.17120e+00 5.75e-07
2.17188e+00 5.74e-07
2.17257e+00 5.74e-07
2.17325e+00 5.73e-07
2.17393e+00 5.73e-07
2.17463e+00 5.72e-07
2.17531e+00 5.71e-07
2.17600e+00 5.71e-07
2.17669e+00 5.70e-07
2.17740e+00 5.69e-07
2.17809e+00 5.69e-07
2.17879e+00 5.68e-07
2.17949e+00 5.68e-07
2.18019e+00 5.67e-07
2.18089e+00 5.66e-07
2.18160e+00 5.66e-07
2.18231e+00 5.65e-07
2.18302e+00 5.64e-07
2.18373e+00 5.64e-07
2.18444e+00 5.63e-07
2.18516e+00 5.63e-07
2.18588e+00 5.62e-07
2.18660e+00 5.61e-07
2.18732e+00 5.61e-07
2.18805e+00 5.60e-07
2.18878e+00 5.59e-07
2.18951e+00 5.59e-07
2.19023e+00 5.58e-07
2.19096e+00 5.58e-07
2.19170e+00 5.57e-07
2.19244e+00 5.57e-07
2.19317e+00 5.56e-07
2.19392e+00 5.55e-07
2.19465e+00 5.55e-07
2.19540e+00 5.54e-07
2.19615e+00 5.54e-07
2.19690e+00 5.53e-07
2.19766e+00 5.53e-07
2.19841e+00 5.52e-07
2.19917e+00 5.51e-07
2.19992e+00 5.51e-07
2.20069e+00 5.50e-07
2.20145e+00 5.50e-07
2.20221e+00 5.49e-07
2.20299e+00 5.49e-07
2.20376e+00 5.48e-07
2.20415e+00 5.48e-07
2.20453e+00 5.47e-07
2.20530e+00 5.46e-07
2.20609e+00 5.46e-07
2.20687e+00 5.45e-07
2.20765e+00 5.45e-07
2.20843e+00 5.44e-07
2.20922e+00 5.43e-07
2.21001e+00 5.43e-07
2.21081e+00 5.42e-07
2.23637e+00 5.27e-07
2.25148e+00 5.20e-07
2.25968e+00 5.18e-07
2.27233e+00 5.16e-07
2.28358e+00 5.16e-07
2.29141e+00 5.16e-07
2.29839e+00 5.17e-07
2.30438e+00 5.19e-07
2.30807e+00 5.20e-07
2.31055e+00 5.21e-07
2.31184e+00 5.21e-07
2.31313e+00 5.22e-07
2.31441e+00 5.22e-07
2.31570e+00 5.23e-07
2.31698e+00 5.24e-07
2.31826e+00 5.25e-07
2.31954e+00 5.25e-07
2.32092e+00 5.26e-07
2.32219e+00 5.27e-07
2.32356e+00 5.28e-07
2.32493e+00 5.29e-07
2.32630e+00 5.30e-07
2.32767e+00 5.31e-07
2.32903e+00 5.32e-07
2.33039e+00 5.33e-07
2.33185e+00 5.35e-07
2.33321e+00 5.36e-07
2.33466e+00 5.37e-07
2.33612e+00 5.39e-07
2.33747e+00 5.40e-07
2.33901e+00 5.42e-07
2.34046e+00 5.43e-07
2.34190e+00 5.45e-07
2.34344e+00 5.47e-07
2.34488e+00 5.49e-07
2.34641e+00 5.51e-07
2.34794e+00 5.53e-07
2.34947e+00 5.55e-07
2.35099e+00 5.57e-07
2.35261e+00 5.59e-07
2.35413e+00 5.62e-07
2.35575e+00 5.64e-07
2.35736e+00 5.67e-07
2.35897e+00 5.69e-07
2.36057e+00 5.72e-07
2.36227e+00 5.75e-07
2.36396e+00 5.78e-07
2.36556e+00 5.81e-07
2.36734e+00 5.85e-07
2.36903e+00 5.88e-07
2.37071e+00 5.92e-07
2.37248e+00 5.96e-07
2.37425e+00 6.00e-07
2.37602e+00 6.04e-07
2.37788e+00 6.09e-07
2.37964e+00 6.14e-07
2.38149e+00 6.19e-07
2.38334e+00 6.24e-07
2.38527e+00 6.30e-07
2.38711e+00 6.36e-07
2.38904e+00 6.42e-07
2.39096e+00 6.48e-07
2.39297e+00 6.55e-07
2.39498e+00 6.62e-07
2.39699e+00 6.69e-07
2.39899e+00 6.77e-07
2.40107e+00 6.86e-07
2.40315e+00 6.94e-07
2.40532e+00 7.03e-07
2.40740e+00 7.13e-07
2.40964e+00 7.23e-07
2.41180e+00 7.34e-07
2.41404e+00 7.46e-07
2.41627e+00 7.58e-07
2.41743e+00 7.64e-07
2.41975e+00 7.78e-07
2.42214e+00 7.92e-07
2.42454e+00 8.07e-07
2.42692e+00 8.23e-07
2.42939e+00 8.41e-07
2.43186e+00 8.59e-07
2.43440e+00 8.79e-07
2.43694e+00 9.00e-07
2.43956e+00 9.23e-07
2.44226e+00 9.47e-07
2.44365e+00 9.60e-07
2.44495e+00 9.74e-07
2.44634e+00 9.88e-07
2.44772e+00 1.00e-06
2.44911e+00 1.02e-06
2.45057e+00 1.03e-06
2.45195e+00 1.05e-06
2.45342e+00 1.07e-06
2.45488e+00 1.09e-06
2.45634e+00 1.10e-06
2.45779e+00 1.12e-06
2.45933e+00 1.14e-06
2.46087e+00 1.17e-06
2.46241e+00 1.19e-06
2.46394e+00 1.21e-06
2.46547e+00 1.24e-06
2.46708e+00 1.26e-06
2.46861e+00 1.29e-06
2.47022e+00 1.32e-06
2.47191e+00 1.35e-06
2.47351e+00 1.38e-06
2.47519e+00 1.41e-06
2.47687e+00 1.45e-06
2.47855e+00 1.48e-06
2.48031e+00 1.52e-06
2.48207e+00 1.56e-06
2.48382e+00 1.61e-06
2.48566e+00 1.65e-06
2.48740e+00 1.70e-06
2.48923e+00 1.75e-06
2.49114e+00 1.81e-06
2.49304e+00 1.87e-06
2.49494e+00 1.93e-06
2.49684e+00 2.00e-06
2.49881e+00 2.07e-06
2.50078e+00 2.15e-06
2.50283e+00 2.23e-06
2.50487e+00 2.32e-06
2.50699e+00 2.42e-06
2.50911e+00 2.53e-06
2.51122e+00 2.64e-06
2.51341e+00 2.76e-06
2.51568e+00 2.90e-06
2.51786e+00 3.04e-06
2.52019e+00 3.21e-06
2.52252e+00 3.38e-06
2.52493e+00 3.58e-06
2.52733e+00 3.80e-06
2.52980e+00 4.04e-06
2.53227e+00 4.31e-06
2.53481e+00 4.61e-06
2.53742e+00 4.95e-06
2.54010e+00 5.34e-06
2.54286e+00 5.78e-06
2.54561e+00 6.29e-06
2.54843e+00 6.87e-06
2.55132e+00 7.55e-06
2.55428e+00 8.35e-06
2.55730e+00 9.30e-06
2.56048e+00 1.04e-05
2.56364e+00 1.18e-05
2.56695e+00 1.35e-05
2.57024e+00 1.56e-05
2.57376e+00 1.83e-05
2.57726e+00 2.17e-05
2.58097e+00 2.63e-05
2.58475e+00 3.25e-05
2.58867e+00 4.13e-05
2.59264e+00 5.45e-05
2.59682e+00 7.52e-05
2.60113e+00 1.11e-04
2.60565e+00 1.96e-04
2.61029e+00 4.59e-04
2.61513e+00 1.25e-03
2.62024e+00 3.13e-03
2.62554e+00 2.64e-02
2.63110e+00 1.99e-02
2.63698e+00 2.48e-03
2.64319e+00 9.95e-04
2.64971e+00 5.41e-04
2.65669e+00 5.11e-04
2.66410e+00 5.71e-04
2.67215e+00 6.90e-04
2.68082e+00 8.95e-04
2.69029e+00 1.31e-03
2.70069e+00 3.12e-03
2.71231e+00 6.60e+00
2.72543e+00 6.94e-03
2.74065e+00 1.58e+00
2.75874e+00 2.44e-01
2.78130e+00 2.58e-01
2.81151e+00 2.46e-01
2.85859e+00 2.28e-01
2.99573e+00 1.81e-01
