# OPACITY Project tables
-2.61515e+00 1.50e+02
-2.27341e+00 5.20e+01
-2.07433e+00 2.81e+01
-1.93351e+00 1.81e+01
-1.82455e+00 1.29e+01
-1.73574e+00 9.83e+00
-1.66078e+00 7.80e+00
-1.59603e+00 6.39e+00
-1.53898e+00 5.36e+00
-1.48802e+00 4.58e+00
-1.44198e+00 3.97e+00
-1.40003e+00 3.49e+00
-1.36148e+00 3.10e+00
-1.32584e+00 2.78e+00
-1.29269e+00 2.51e+00
-1.26174e+00 2.29e+00
-1.23268e+00 2.10e+00
-1.20531e+00 1.93e+00
-1.17944e+00 1.79e+00
-1.15493e+00 1.66e+00
-1.13165e+00 1.56e+00
-1.10945e+00 1.47e+00
-1.08827e+00 1.42e+00
-1.06799e+00 1.35e+00
-1.04857e+00 1.28e+00
-1.02994e+00 1.19e+00
-1.01200e+00 1.12e+00
-9.94739e-01 1.06e+00
-9.78086e-01 1.01e+00
-9.62021e-01 9.69e-01
-9.46492e-01 9.31e-01
-9.31455e-01 8.96e-01
-9.16916e-01 8.65e-01
-9.02807e-01 8.37e-01
-8.89113e-01 8.09e-01
-8.75797e-01 7.84e-01
-8.62868e-01 7.61e-01
-8.50292e-01 7.40e-01
-8.38057e-01 7.21e-01
-8.14502e-01 6.79e-01
-8.03185e-01 6.59e-01
-7.92106e-01 6.41e-01
-7.81301e-01 6.23e-01
-7.70741e-01 6.06e-01
-7.60420e-01 5.90e-01
-7.50331e-01 5.74e-01
-7.40469e-01 5.60e-01
-7.30787e-01 5.46e-01
-7.21320e-01 5.33e-01
-7.12045e-01 5.21e-01
-7.02955e-01 5.09e-01
-6.94048e-01 4.99e-01
-6.85298e-01 4.89e-01
-6.76723e-01 4.80e-01
-6.68298e-01 4.71e-01
-6.60041e-01 4.63e-01
-6.51909e-01 4.55e-01
-6.43938e-01 4.48e-01
-6.28390e-01 4.35e-01
-6.20808e-01 4.29e-01
-6.13357e-01 4.23e-01
-6.06016e-01 4.18e-01
-5.98801e-01 4.12e-01
-5.91692e-01 4.08e-01
-5.84687e-01 4.03e-01
-5.77803e-01 3.99e-01
-5.71018e-01 3.95e-01
-5.64314e-01 3.92e-01
-5.57725e-01 3.89e-01
-5.51231e-01 3.87e-01
-5.44831e-01 3.85e-01
-5.38505e-01 3.84e-01
-5.26142e-01 3.85e-01
-5.20085e-01 3.86e-01
-5.14098e-01 3.89e-01
-5.08196e-01 3.90e-01
-5.02362e-01 3.91e-01
-4.96610e-01 3.92e-01
-4.90925e-01 3.95e-01
-4.85320e-01 4.05e-01
-4.79779e-01 4.26e-01
-4.74301e-01 4.55e-01
-4.68884e-01 4.72e-01
-4.63545e-01 4.71e-01
-4.58265e-01 4.64e-01
-4.53044e-01 4.60e-01
-4.47882e-01 4.61e-01
-4.42778e-01 4.62e-01
-4.37730e-01 4.50e-01
-4.32739e-01 4.23e-01
-4.27803e-01 3.91e-01
-4.22922e-01 3.71e-01
-4.18095e-01 3.62e-01
-4.13321e-01 3.56e-01
-4.08585e-01 3.53e-01
-3.99284e-01 3.47e-01
-3.94688e-01 3.43e-01
-3.90158e-01 3.39e-01
-3.85662e-01 3.37e-01
-3.81216e-01 3.35e-01
-3.76819e-01 3.34e-01
-3.68126e-01 3.32e-01
-3.63858e-01 3.30e-01
-3.59622e-01 3.28e-01
-3.55419e-01 3.26e-01
-3.51261e-01 3.23e-01
-3.47135e-01 3.20e-01
-3.43054e-01 3.16e-01
-3.34997e-01 3.08e-01
-3.31021e-01 3.04e-01
-3.27088e-01 3.00e-01
-3.23185e-01 2.96e-01
-3.19310e-01 2.93e-01
-3.15464e-01 2.90e-01
-3.07885e-01 2.84e-01
-3.04150e-01 2.80e-01
-2.96750e-01 2.73e-01
-2.93097e-01 2.69e-01
-2.89484e-01 2.66e-01
-2.85884e-01 2.62e-01
-2.82323e-01 2.60e-01
-2.78788e-01 2.57e-01
-2.75279e-01 2.55e-01
-2.71796e-01 2.53e-01
-2.64917e-01 2.51e-01
-2.61521e-01 2.49e-01
-2.58149e-01 2.47e-01
-2.51466e-01 2.42e-01
-2.48167e-01 2.40e-01
-2.44891e-01 2.37e-01
-2.41639e-01 2.36e-01
-2.38409e-01 2.35e-01
-2.35203e-01 2.34e-01
-2.32020e-01 2.32e-01
-2.28860e-01 2.31e-01
-2.25722e-01 2.28e-01
-2.22606e-01 2.25e-01
-2.19513e-01 2.22e-01
-2.16441e-01 2.19e-01
-2.10363e-01 2.16e-01
-2.07344e-01 2.14e-01
-2.04359e-01 2.10e-01
-2.01382e-01 2.05e-01
-1.98439e-01 2.01e-01
-1.95504e-01 1.98e-01
-1.92590e-01 1.95e-01
-1.89697e-01 1.92e-01
-1.86824e-01 1.90e-01
-1.83971e-01 1.88e-01
-1.81126e-01 1.86e-01
-1.78314e-01 1.88e-01
-1.75509e-01 1.96e-01
-1.69958e-01 1.93e-01
-1.67200e-01 1.93e-01
-1.61755e-01 1.89e-01
-1.56373e-01 1.86e-01
-1.51044e-01 1.82e-01
-1.45789e-01 1.79e-01
-1.43189e-01 1.77e-01
-1.40596e-01 1.77e-01
-1.38021e-01 1.76e-01
-1.35453e-01 1.74e-01
-1.30382e-01 1.72e-01
-1.25359e-01 1.69e-01
-1.22868e-01 1.68e-01
-1.20395e-01 1.67e-01
-1.15489e-01 1.64e-01
-1.13057e-01 1.62e-01
-1.10630e-01 1.60e-01
-1.08220e-01 1.59e-01
-1.05827e-01 1.58e-01
-1.03440e-01 1.57e-01
-9.87160e-02 1.55e-01
-9.63788e-02 1.54e-01
-9.40360e-02 1.53e-01
-8.94106e-02 1.50e-01
-8.71168e-02 1.49e-01
-8.48283e-02 1.48e-01
-8.25559e-02 1.47e-01
-8.02994e-02 1.46e-01
-7.80480e-02 1.45e-01
-7.58125e-02 1.44e-01
-7.13671e-02 1.41e-01
-6.91679e-02 1.39e-01
-6.69735e-02 1.38e-01
-6.47839e-02 1.37e-01
-6.26097e-02 1.36e-01
-5.82967e-02 1.34e-01
-5.40233e-02 1.32e-01
-5.19040e-02 1.31e-01
-4.97997e-02 1.36e-01
-4.56042e-02 1.34e-01
-4.14576e-02 1.32e-01
-3.73385e-02 1.31e-01
-3.32673e-02 1.29e-01
-2.92229e-02 1.28e-01
-2.52255e-02 1.26e-01
-2.12543e-02 1.25e-01
-1.73293e-02 1.24e-01
-1.34298e-02 1.22e-01
-9.56560e-03 1.21e-01
-5.73642e-03 1.20e-01
-1.94188e-03 1.19e-01
1.79838e-03 1.17e-01
5.58438e-03 1.16e-01
9.25702e-03 1.15e-01
1.29162e-02 1.14e-01
1.65621e-02 1.12e-01
2.01947e-02 1.11e-01
2.38142e-02 1.10e-01
2.73233e-02 1.09e-01
3.08201e-02 1.08e-01
3.43048e-02 1.07e-01
3.77774e-02 1.06e-01
4.12379e-02 1.05e-01
4.46865e-02 1.04e-01
4.80280e-02 1.03e-01
5.14533e-02 1.02e-01
5.47722e-02 1.01e-01
5.80802e-02 1.00e-01
6.13773e-02 9.94e-02
6.46635e-02 9.86e-02
6.78455e-02 9.78e-02
7.11106e-02 9.71e-02
7.42722e-02 9.64e-02
7.74239e-02 9.58e-02
8.06579e-02 9.51e-02
8.37895e-02 9.45e-02
8.68197e-02 9.39e-02
8.99321e-02 9.34e-02
9.30349e-02 9.29e-02
9.60372e-02 9.23e-02
9.90305e-02 9.19e-02
1.02015e-01 9.14e-02
1.05080e-01 9.10e-02
1.07957e-01 9.06e-02
1.10915e-01 9.03e-02
1.13864e-01 8.99e-02
1.16805e-01 8.96e-02
1.19648e-01 8.94e-02
1.22483e-01 8.91e-02
1.25398e-01 8.89e-02
1.28217e-01 8.88e-02
1.31028e-01 8.87e-02
1.35143e-01 8.85e-02
1.42107e-01 8.84e-02
1.47471e-01 8.85e-02
1.50229e-01 8.87e-02
1.52893e-01 8.88e-02
1.55550e-01 8.90e-02
1.58200e-01 8.93e-02
1.60757e-01 8.96e-02
1.63394e-01 8.99e-02
1.66023e-01 9.04e-02
1.68561e-01 9.09e-02
1.71176e-01 9.15e-02
1.73701e-01 9.21e-02
1.76220e-01 9.29e-02
1.78732e-01 9.38e-02
1.81321e-01 9.48e-02
1.82572e-01 9.54e-02
1.83737e-01 9.60e-02
1.86231e-01 9.77e-02
1.88718e-01 9.94e-02
1.91199e-01 1.01e-01
1.92437e-01 1.02e-01
1.93591e-01 1.06e-01
1.96060e-01 1.13e-01
1.98441e-01 1.20e-01
1.99670e-01 1.24e-01
2.00898e-01 1.28e-01
2.02042e-01 1.32e-01
2.04409e-01 1.41e-01
2.06770e-01 1.50e-01
2.09126e-01 1.59e-01
2.11476e-01 1.68e-01
2.12689e-01 1.65e-01
2.13820e-01 1.60e-01
2.15031e-01 1.56e-01
2.16159e-01 1.52e-01
2.17286e-01 1.48e-01
2.18493e-01 1.44e-01
2.19617e-01 1.40e-01
2.20741e-01 1.39e-01
2.23064e-01 1.42e-01
2.25301e-01 1.46e-01
2.27614e-01 1.50e-01
2.28728e-01 1.52e-01
2.30953e-01 1.56e-01
2.32064e-01 1.58e-01
2.33173e-01 1.60e-01
2.34281e-01 1.62e-01
2.35388e-01 1.63e-01
2.36494e-01 1.64e-01
2.37599e-01 1.66e-01
2.38702e-01 1.66e-01
2.39804e-01 1.67e-01
2.40905e-01 1.67e-01
2.42005e-01 1.67e-01
2.43103e-01 1.67e-01
2.44200e-01 1.66e-01
2.45296e-01 1.66e-01
2.46313e-01 1.65e-01
2.47407e-01 1.64e-01
2.48499e-01 1.62e-01
2.49591e-01 1.61e-01
2.51692e-01 1.58e-01
2.53867e-01 1.55e-01
2.55959e-01 1.52e-01
2.58047e-01 1.48e-01
2.60208e-01 1.45e-01
2.62287e-01 1.43e-01
2.63287e-01 1.41e-01
2.64362e-01 1.40e-01
2.65360e-01 1.39e-01
2.66433e-01 1.38e-01
2.67428e-01 1.37e-01
2.68499e-01 1.36e-01
2.69493e-01 1.35e-01
2.70561e-01 1.35e-01
2.71553e-01 1.34e-01
2.73609e-01 1.33e-01
2.75660e-01 1.32e-01
2.77632e-01 1.31e-01
2.79675e-01 1.31e-01
2.81639e-01 1.31e-01
2.82695e-01 1.30e-01
2.84652e-01 1.30e-01
2.86606e-01 1.31e-01
2.88632e-01 1.31e-01
2.90578e-01 1.31e-01
2.92520e-01 1.32e-01
2.94459e-01 1.33e-01
2.96394e-01 1.33e-01
2.98325e-01 1.34e-01
3.00253e-01 1.35e-01
3.02177e-01 1.36e-01
3.04097e-01 1.37e-01
3.05939e-01 1.39e-01
3.07852e-01 1.40e-01
3.09762e-01 1.41e-01
3.11594e-01 1.42e-01
3.13496e-01 1.43e-01
3.15322e-01 1.45e-01
3.17144e-01 1.46e-01
3.19035e-01 1.48e-01
3.20851e-01 1.49e-01
3.22663e-01 1.50e-01
3.24472e-01 1.52e-01
3.26278e-01 1.54e-01
3.28080e-01 1.55e-01
3.29879e-01 1.57e-01
3.31675e-01 1.58e-01
3.33468e-01 1.60e-01
3.35257e-01 1.61e-01
3.37044e-01 1.63e-01
3.38827e-01 1.65e-01
3.40535e-01 1.66e-01
3.42312e-01 1.68e-01
3.44015e-01 1.69e-01
3.45786e-01 1.71e-01
3.47483e-01 1.72e-01
3.49247e-01 1.74e-01
3.50939e-01 1.76e-01
3.52627e-01 1.77e-01
3.54382e-01 1.78e-01
3.56065e-01 1.80e-01
3.57744e-01 1.81e-01
3.59421e-01 1.82e-01
3.61095e-01 1.84e-01
3.62766e-01 1.85e-01
3.64435e-01 1.86e-01
3.65268e-01 1.86e-01
3.66100e-01 1.86e-01
3.71012e-01 1.86e-01
3.72666e-01 1.86e-01
3.74318e-01 1.86e-01
3.75899e-01 1.85e-01
3.77546e-01 1.85e-01
3.79121e-01 1.84e-01
3.80762e-01 1.83e-01
3.82333e-01 1.82e-01
3.83969e-01 1.81e-01
3.85534e-01 1.80e-01
3.87097e-01 1.79e-01
3.88658e-01 1.78e-01
3.90284e-01 1.77e-01
3.91839e-01 1.75e-01
3.93393e-01 1.74e-01
3.94943e-01 1.73e-01
3.96492e-01 1.71e-01
3.98038e-01 1.70e-01
3.99581e-01 1.69e-01
4.01122e-01 1.67e-01
4.02661e-01 1.66e-01
4.04131e-01 1.65e-01
4.05665e-01 1.64e-01
4.07197e-01 1.62e-01
4.08726e-01 1.61e-01
4.10187e-01 1.60e-01
4.11712e-01 1.59e-01
4.13169e-01 1.58e-01
4.14689e-01 1.57e-01
4.16141e-01 1.56e-01
4.17657e-01 1.56e-01
4.18381e-01 1.58e-01
4.19828e-01 1.57e-01
4.21338e-01 1.56e-01
4.22781e-01 1.55e-01
4.24221e-01 1.54e-01
4.25725e-01 1.53e-01
4.27161e-01 1.52e-01
4.28596e-01 1.51e-01
4.30028e-01 1.49e-01
4.31458e-01 1.48e-01
4.32886e-01 1.47e-01
4.34312e-01 1.46e-01
4.35736e-01 1.45e-01
4.37158e-01 1.44e-01
4.38577e-01 1.43e-01
4.39995e-01 1.42e-01
4.41411e-01 1.41e-01
4.42761e-01 1.41e-01
4.44173e-01 1.41e-01
4.44878e-01 1.41e-01
4.51776e-01 1.41e-01
4.53175e-01 1.40e-01
4.54509e-01 1.40e-01
4.55841e-01 1.40e-01
4.57235e-01 1.39e-01
4.58563e-01 1.39e-01
4.59259e-01 1.39e-01
4.60584e-01 1.39e-01
4.61278e-01 1.39e-01
4.61971e-01 1.39e-01
4.62601e-01 1.40e-01
4.63294e-01 1.40e-01
4.63923e-01 1.41e-01
4.65305e-01 1.42e-01
4.66623e-01 1.43e-01
4.67939e-01 1.44e-01
4.69253e-01 1.46e-01
4.69941e-01 1.46e-01
4.71253e-01 1.47e-01
4.72563e-01 1.48e-01
4.73871e-01 1.49e-01
4.74494e-01 1.49e-01
4.75178e-01 1.50e-01
4.75799e-01 1.51e-01
4.76420e-01 1.52e-01
4.77103e-01 1.53e-01
4.77724e-01 1.54e-01
4.78406e-01 1.56e-01
4.79025e-01 1.57e-01
4.80325e-01 1.61e-01
4.81623e-01 1.64e-01
4.82241e-01 1.66e-01
4.83537e-01 1.69e-01
4.84831e-01 1.72e-01
4.85446e-01 1.73e-01
4.86062e-01 1.75e-01
4.86738e-01 1.77e-01
4.87352e-01 1.79e-01
4.87966e-01 1.82e-01
4.88641e-01 1.85e-01
4.89255e-01 1.89e-01
4.89868e-01 1.92e-01
4.90480e-01 1.97e-01
4.91153e-01 2.01e-01
4.91765e-01 2.07e-01
4.92376e-01 2.12e-01
4.93049e-01 2.19e-01
4.93659e-01 2.26e-01
4.94269e-01 2.35e-01
4.94879e-01 2.44e-01
4.95489e-01 2.54e-01
4.96159e-01 2.65e-01
4.96767e-01 2.78e-01
4.97376e-01 2.92e-01
4.97984e-01 3.08e-01
4.98591e-01 3.24e-01
4.99259e-01 3.42e-01
4.99866e-01 3.59e-01
5.00472e-01 3.76e-01
5.01078e-01 3.91e-01
5.01684e-01 4.04e-01
5.02289e-01 4.25e-01
5.02955e-01 4.28e-01
5.03559e-01 4.26e-01
5.04163e-01 4.20e-01
5.04767e-01 4.11e-01
5.05371e-01 4.01e-01
5.05974e-01 3.90e-01
5.06577e-01 3.79e-01
5.07179e-01 3.69e-01
5.07781e-01 3.60e-01
5.08383e-01 3.53e-01
5.09044e-01 3.47e-01
5.09645e-01 3.42e-01
5.10245e-01 3.39e-01
5.10846e-01 3.37e-01
5.11445e-01 3.35e-01
5.12045e-01 3.35e-01
5.12644e-01 3.35e-01
5.13243e-01 3.37e-01
5.13841e-01 3.40e-01
5.14439e-01 3.44e-01
5.15037e-01 3.48e-01
5.15634e-01 3.52e-01
5.16231e-01 3.57e-01
5.16828e-01 3.67e-01
5.17424e-01 3.77e-01
5.18020e-01 3.88e-01
5.18615e-01 3.99e-01
5.19746e-01 4.22e-01
5.20340e-01 4.38e-01
5.21528e-01 4.79e-01
5.22715e-01 5.20e-01
5.23307e-01 5.41e-01
5.23900e-01 5.57e-01
5.25083e-01 5.25e-01
5.26207e-01 4.93e-01
5.26797e-01 4.76e-01
5.27388e-01 4.67e-01
5.27978e-01 4.66e-01
5.28567e-01 4.66e-01
5.29157e-01 4.66e-01
5.29687e-01 4.65e-01
5.30275e-01 4.63e-01
5.30864e-01 4.64e-01
5.31451e-01 4.65e-01
5.32039e-01 4.66e-01
5.32568e-01 4.67e-01
5.33154e-01 4.67e-01
5.33741e-01 4.66e-01
5.34327e-01 4.66e-01
5.34855e-01 4.64e-01
5.35440e-01 4.63e-01
5.36025e-01 4.61e-01
5.36610e-01 4.58e-01
5.37136e-01 4.55e-01
5.37721e-01 4.52e-01
5.38305e-01 4.48e-01
5.38888e-01 4.45e-01
5.39413e-01 4.40e-01
5.39996e-01 4.36e-01
5.41103e-01 4.26e-01
5.42266e-01 4.16e-01
5.43370e-01 4.05e-01
5.44473e-01 3.94e-01
5.45633e-01 3.82e-01
5.46733e-01 3.70e-01
5.47832e-01 3.58e-01
5.48930e-01 3.46e-01
5.50085e-01 3.35e-01
5.51180e-01 3.23e-01
5.52275e-01 3.12e-01
5.53368e-01 3.02e-01
5.54460e-01 2.92e-01
5.55550e-01 2.82e-01
5.56640e-01 2.73e-01
5.57728e-01 2.64e-01
5.58815e-01 2.55e-01
5.59901e-01 2.48e-01
5.60986e-01 2.40e-01
5.62070e-01 2.33e-01
5.63152e-01 2.26e-01
5.64234e-01 2.20e-01
5.65314e-01 2.14e-01
5.66393e-01 2.08e-01
5.67471e-01 2.03e-01
5.68491e-01 1.98e-01
5.69566e-01 1.93e-01
5.70641e-01 1.89e-01
5.71714e-01 1.85e-01
5.72729e-01 1.81e-01
5.73800e-01 1.77e-01
5.74870e-01 1.74e-01
5.75883e-01 1.70e-01
5.76950e-01 1.67e-01
5.77961e-01 1.65e-01
5.79026e-01 1.62e-01
5.80090e-01 1.59e-01
5.81098e-01 1.57e-01
5.82160e-01 1.54e-01
5.83165e-01 1.52e-01
5.84225e-01 1.50e-01
5.85228e-01 1.48e-01
5.86230e-01 1.47e-01
5.87287e-01 1.45e-01
5.88287e-01 1.43e-01
5.89286e-01 1.42e-01
5.90339e-01 1.40e-01
5.91336e-01 1.39e-01
5.92332e-01 1.38e-01
5.93382e-01 1.36e-01
5.94376e-01 1.35e-01
5.95369e-01 1.34e-01
5.96361e-01 1.33e-01
5.97407e-01 1.32e-01
5.98397e-01 1.32e-01
5.99386e-01 1.31e-01
6.00374e-01 1.30e-01
6.01361e-01 1.29e-01
6.02347e-01 1.29e-01
6.03332e-01 1.28e-01
6.04316e-01 1.28e-01
6.05299e-01 1.27e-01
6.06281e-01 1.27e-01
6.07262e-01 1.26e-01
6.08243e-01 1.26e-01
6.09222e-01 1.26e-01
6.10200e-01 1.25e-01
6.11178e-01 1.25e-01
6.12154e-01 1.25e-01
6.13129e-01 1.25e-01
6.14104e-01 1.25e-01
6.15023e-01 1.24e-01
6.15510e-01 1.24e-01
6.19339e-01 1.24e-01
6.21275e-01 1.25e-01
6.22242e-01 1.25e-01
6.23154e-01 1.25e-01
6.24119e-01 1.25e-01
6.25082e-01 1.26e-01
6.25992e-01 1.26e-01
6.26954e-01 1.27e-01
6.27435e-01 1.27e-01
6.28342e-01 1.27e-01
6.29302e-01 1.27e-01
6.30207e-01 1.27e-01
6.31165e-01 1.28e-01
6.32069e-01 1.28e-01
6.33026e-01 1.28e-01
6.33928e-01 1.29e-01
6.34882e-01 1.29e-01
6.35783e-01 1.30e-01
6.36683e-01 1.30e-01
6.37634e-01 1.31e-01
6.38533e-01 1.31e-01
6.39483e-01 1.32e-01
6.40379e-01 1.32e-01
6.41275e-01 1.33e-01
6.42222e-01 1.34e-01
6.43116e-01 1.35e-01
6.44009e-01 1.35e-01
6.44902e-01 1.36e-01
6.45846e-01 1.37e-01
6.46737e-01 1.38e-01
6.47627e-01 1.39e-01
6.48098e-01 1.40e-01
6.48986e-01 1.42e-01
6.49874e-01 1.44e-01
6.50292e-01 1.51e-01
6.51231e-01 1.72e-01
6.51648e-01 1.83e-01
6.52117e-01 1.83e-01
6.53002e-01 1.66e-01
6.53418e-01 1.58e-01
6.53886e-01 1.53e-01
6.54770e-01 1.50e-01
6.55186e-01 1.49e-01
6.55653e-01 1.48e-01
6.56535e-01 1.49e-01
6.57416e-01 1.50e-01
6.57883e-01 1.50e-01
6.58763e-01 1.51e-01
6.59642e-01 1.52e-01
6.60469e-01 1.54e-01
6.61347e-01 1.55e-01
6.62224e-01 1.56e-01
6.63100e-01 1.57e-01
6.63976e-01 1.59e-01
6.64851e-01 1.60e-01
6.65725e-01 1.62e-01
6.66598e-01 1.63e-01
6.67470e-01 1.65e-01
6.68291e-01 1.66e-01
6.69162e-01 1.68e-01
6.70032e-01 1.69e-01
6.70902e-01 1.71e-01
6.71719e-01 1.73e-01
6.72587e-01 1.75e-01
6.73455e-01 1.76e-01
6.74321e-01 1.78e-01
6.75136e-01 1.80e-01
6.76001e-01 1.82e-01
6.76865e-01 1.84e-01
6.77678e-01 1.86e-01
6.78541e-01 1.88e-01
6.79403e-01 1.90e-01
6.80214e-01 1.92e-01
6.81075e-01 1.95e-01
6.81884e-01 1.97e-01
6.82743e-01 1.99e-01
6.83551e-01 2.02e-01
6.84409e-01 2.04e-01
6.85266e-01 2.07e-01
6.86072e-01 2.09e-01
6.86878e-01 2.12e-01
6.87733e-01 2.15e-01
6.88537e-01 2.17e-01
6.89390e-01 2.20e-01
6.90193e-01 2.23e-01
6.91045e-01 2.26e-01
6.91846e-01 2.29e-01
6.92647e-01 2.32e-01
6.93497e-01 2.35e-01
6.94297e-01 2.39e-01
6.95145e-01 2.42e-01
6.95943e-01 2.45e-01
6.96741e-01 2.49e-01
6.97538e-01 2.52e-01
6.98383e-01 2.56e-01
6.99179e-01 2.60e-01
6.99974e-01 2.64e-01
7.00818e-01 2.67e-01
7.01611e-01 2.71e-01
7.02404e-01 2.75e-01
7.03197e-01 2.80e-01
7.03988e-01 2.84e-01
7.04829e-01 2.89e-01
7.05619e-01 2.93e-01
7.06409e-01 2.98e-01
7.07198e-01 3.03e-01
7.07987e-01 3.08e-01
7.08774e-01 3.12e-01
7.09562e-01 3.17e-01
7.10348e-01 3.23e-01
7.11134e-01 3.28e-01
7.11920e-01 3.33e-01
7.12754e-01 3.39e-01
7.13538e-01 3.44e-01
7.14321e-01 3.50e-01
7.15104e-01 3.56e-01
7.15887e-01 3.62e-01
7.16668e-01 3.68e-01
7.17401e-01 3.75e-01
7.18181e-01 3.81e-01
7.18961e-01 3.88e-01
7.19740e-01 3.95e-01
7.20519e-01 4.02e-01
7.21297e-01 4.09e-01
7.22075e-01 4.16e-01
7.22852e-01 4.24e-01
7.23628e-01 4.32e-01
7.24016e-01 4.36e-01
7.24743e-01 4.45e-01
7.25130e-01 4.50e-01
7.25905e-01 4.63e-01
7.26292e-01 4.69e-01
7.26679e-01 4.92e-01
7.27452e-01 5.89e-01
7.27838e-01 5.84e-01
7.28611e-01 5.30e-01
7.28949e-01 5.05e-01
7.29720e-01 5.02e-01
7.30106e-01 5.02e-01
7.30876e-01 5.08e-01
7.31262e-01 5.12e-01
7.31983e-01 5.20e-01
7.32752e-01 5.28e-01
7.33521e-01 5.37e-01
7.34241e-01 5.46e-01
7.35009e-01 5.56e-01
7.35776e-01 5.66e-01
7.36494e-01 5.76e-01
7.37260e-01 5.86e-01
7.38025e-01 5.96e-01
7.38742e-01 6.06e-01
7.39506e-01 6.17e-01
7.40222e-01 6.28e-01
7.40985e-01 6.39e-01
7.41747e-01 6.51e-01
7.42461e-01 6.63e-01
7.43222e-01 6.75e-01
7.43935e-01 6.88e-01
7.44695e-01 7.01e-01
7.45408e-01 7.14e-01
7.46166e-01 7.27e-01
7.46546e-01 7.34e-01
7.46878e-01 7.42e-01
7.47635e-01 7.60e-01
7.48345e-01 7.79e-01
7.49102e-01 7.98e-01
7.49811e-01 8.09e-01
7.50567e-01 8.19e-01
7.50897e-01 8.25e-01
7.51275e-01 8.32e-01
7.51982e-01 8.48e-01
7.52736e-01 8.65e-01
7.53442e-01 8.82e-01
7.54148e-01 8.99e-01
7.54901e-01 9.18e-01
7.55605e-01 9.37e-01
7.56357e-01 9.57e-01
7.57061e-01 9.77e-01
7.57764e-01 9.98e-01
7.58467e-01 1.02e+00
7.59216e-01 1.04e+00
7.59918e-01 1.06e+00
7.60619e-01 1.09e+00
7.61366e-01 1.11e+00
7.61693e-01 1.12e+00
7.62393e-01 1.15e+00
7.63140e-01 1.17e+00
7.63466e-01 1.18e+00
7.64211e-01 1.21e+00
7.64910e-01 1.24e+00
7.65607e-01 1.27e+00
7.66305e-01 1.30e+00
7.67002e-01 1.34e+00
7.67698e-01 1.37e+00
7.68440e-01 1.40e+00
7.69136e-01 1.44e+00
7.69830e-01 1.47e+00
7.70525e-01 1.51e+00
7.71219e-01 1.55e+00
7.71912e-01 1.59e+00
7.72605e-01 1.62e+00
7.73298e-01 1.65e+00
7.73667e-01 1.67e+00
7.73990e-01 1.69e+00
7.74358e-01 1.72e+00
7.75050e-01 1.78e+00
7.75418e-01 1.79e+00
7.75740e-01 1.79e+00
7.76109e-01 1.80e+00
7.76431e-01 1.82e+00
7.77121e-01 1.87e+00
7.77810e-01 1.91e+00
7.78499e-01 1.96e+00
7.79187e-01 2.01e+00
7.79875e-01 2.06e+00
7.80563e-01 2.12e+00
7.80929e-01 2.15e+00
7.81570e-01 2.21e+00
7.82256e-01 2.28e+00
7.82942e-01 2.35e+00
7.83628e-01 2.43e+00
7.84312e-01 2.50e+00
7.84997e-01 2.59e+00
7.85681e-01 2.67e+00
7.86364e-01 2.76e+00
7.87047e-01 2.86e+00
7.87730e-01 2.95e+00
7.88366e-01 3.06e+00
7.89048e-01 3.17e+00
7.89729e-01 3.28e+00
7.90410e-01 3.40e+00
7.91090e-01 3.53e+00
7.91408e-01 3.59e+00
7.92087e-01 3.73e+00
7.92766e-01 3.87e+00
7.93445e-01 4.01e+00
7.94078e-01 4.16e+00
7.94439e-01 4.24e+00
7.95117e-01 4.40e+00
7.95749e-01 4.57e+00
7.96426e-01 4.75e+00
7.97102e-01 4.93e+00
7.97417e-01 5.03e+00
7.97732e-01 5.12e+00
7.98408e-01 5.32e+00
7.99083e-01 5.53e+00
7.99757e-01 5.75e+00
8.00386e-01 5.97e+00
8.00745e-01 6.08e+00
8.01374e-01 6.29e+00
8.02046e-01 6.50e+00
8.02360e-01 6.62e+00
8.03032e-01 6.85e+00
8.03704e-01 7.09e+00
8.04017e-01 7.22e+00
8.04331e-01 7.36e+00
8.04644e-01 7.50e+00
8.05002e-01 7.65e+00
8.05314e-01 7.80e+00
8.05627e-01 7.95e+00
8.05985e-01 8.11e+00
8.06297e-01 8.28e+00
8.06610e-01 8.46e+00
8.06967e-01 8.66e+00
8.07279e-01 8.89e+00
8.07591e-01 9.07e+00
8.07903e-01 9.24e+00
8.08260e-01 9.43e+00
8.08572e-01 9.63e+00
8.08884e-01 9.85e+00
8.09240e-01 1.01e+01
8.09551e-01 1.03e+01
8.09863e-01 1.05e+01
8.10174e-01 1.08e+01
8.10841e-01 1.13e+01
8.11463e-01 1.18e+01
8.12129e-01 1.23e+01
8.12751e-01 1.29e+01
8.13416e-01 1.34e+01
8.14036e-01 1.39e+01
8.14391e-01 1.42e+01
8.14701e-01 1.44e+01
8.15011e-01 1.47e+01
8.15321e-01 1.49e+01
8.15674e-01 1.51e+01
8.15984e-01 1.53e+01
8.16294e-01 1.54e+01
8.16603e-01 1.56e+01
8.16956e-01 1.57e+01
8.17266e-01 1.58e+01
8.17575e-01 1.58e+01
8.17884e-01 1.59e+01
8.18193e-01 1.59e+01
8.18546e-01 1.59e+01
8.18854e-01 1.59e+01
8.19163e-01 1.58e+01
8.19471e-01 1.57e+01
8.19824e-01 1.56e+01
8.20132e-01 1.55e+01
8.20440e-01 1.53e+01
8.20749e-01 1.52e+01
8.21057e-01 1.50e+01
8.21364e-01 1.48e+01
8.21716e-01 1.46e+01
8.22024e-01 1.43e+01
8.22639e-01 1.39e+01
8.23298e-01 1.34e+01
8.23912e-01 1.29e+01
8.24526e-01 1.23e+01
8.25184e-01 1.18e+01
8.25797e-01 1.13e+01
8.26410e-01 1.07e+01
8.27066e-01 1.02e+01
8.27678e-01 9.64e+00
8.27984e-01 9.38e+00
8.28290e-01 9.12e+00
8.28595e-01 8.86e+00
8.28945e-01 8.61e+00
8.29250e-01 8.37e+00
8.29556e-01 8.14e+00
8.29861e-01 7.92e+00
8.30166e-01 7.71e+00
8.30471e-01 7.51e+00
8.30776e-01 7.32e+00
8.31081e-01 7.14e+00
8.31430e-01 6.96e+00
8.32039e-01 6.58e+00
8.32344e-01 6.38e+00
8.32648e-01 6.21e+00
8.32953e-01 6.04e+00
8.33257e-01 5.90e+00
8.33561e-01 5.75e+00
8.33909e-01 5.60e+00
8.34213e-01 5.46e+00
8.34517e-01 5.32e+00
8.34820e-01 5.19e+00
8.35124e-01 5.06e+00
8.35428e-01 4.94e+00
8.36035e-01 4.71e+00
8.36338e-01 4.59e+00
8.36641e-01 4.49e+00
8.36988e-01 4.38e+00
8.37291e-01 4.29e+00
8.37594e-01 4.19e+00
8.37897e-01 4.10e+00
8.38199e-01 4.01e+00
8.38502e-01 3.93e+00
8.38805e-01 3.85e+00
8.39107e-01 3.78e+00
8.39410e-01 3.72e+00
8.39712e-01 3.66e+00
8.40014e-01 3.60e+00
8.40316e-01 3.54e+00
8.40618e-01 3.49e+00
8.40964e-01 3.44e+00
8.41265e-01 3.39e+00
8.41567e-01 3.36e+00
8.41869e-01 3.34e+00
8.42170e-01 3.31e+00
8.42472e-01 3.30e+00
8.42773e-01 3.28e+00
8.43075e-01 3.27e+00
8.43376e-01 3.26e+00
8.43677e-01 3.26e+00
8.43978e-01 3.23e+00
8.44279e-01 3.18e+00
8.44580e-01 3.12e+00
8.44881e-01 3.07e+00
8.45181e-01 3.03e+00
8.45482e-01 2.98e+00
8.45782e-01 2.94e+00
8.46083e-01 2.91e+00
8.46383e-01 2.88e+00
8.46683e-01 2.88e+00
8.46984e-01 2.88e+00
8.47284e-01 2.88e+00
8.47584e-01 2.88e+00
8.47883e-01 2.89e+00
8.48226e-01 2.90e+00
8.48526e-01 2.94e+00
8.48825e-01 2.97e+00
8.49125e-01 2.93e+00
8.49424e-01 2.94e+00
8.49723e-01 2.95e+00
8.50023e-01 2.95e+00
8.50322e-01 2.95e+00
8.50621e-01 2.95e+00
8.50920e-01 2.94e+00
8.51219e-01 2.92e+00
8.51518e-01 2.89e+00
8.51816e-01 2.86e+00
8.52115e-01 2.82e+00
8.52413e-01 2.77e+00
8.52712e-01 2.72e+00
8.53010e-01 2.66e+00
8.53308e-01 2.60e+00
8.53606e-01 2.53e+00
8.54160e-01 2.40e+00
8.54756e-01 2.27e+00
8.55053e-01 2.21e+00
8.55351e-01 2.14e+00
8.55649e-01 2.08e+00
8.55946e-01 2.03e+00
8.56243e-01 1.97e+00
8.56541e-01 1.92e+00
8.56838e-01 1.87e+00
8.57135e-01 1.82e+00
8.57432e-01 1.77e+00
8.57729e-01 1.73e+00
8.58026e-01 1.68e+00
8.58323e-01 1.64e+00
8.58619e-01 1.61e+00
8.58916e-01 1.57e+00
8.59212e-01 1.54e+00
8.59509e-01 1.50e+00
8.59805e-01 1.47e+00
8.60101e-01 1.44e+00
8.60397e-01 1.41e+00
8.60693e-01 1.39e+00
8.60947e-01 1.36e+00
8.61243e-01 1.34e+00
8.61539e-01 1.31e+00
8.61835e-01 1.29e+00
8.62130e-01 1.27e+00
8.62426e-01 1.25e+00
8.63017e-01 1.21e+00
8.63312e-01 1.19e+00
8.63607e-01 1.17e+00
8.63902e-01 1.15e+00
8.64197e-01 1.13e+00
8.64492e-01 1.12e+00
8.65040e-01 1.08e+00
8.65629e-01 1.05e+00
8.66218e-01 1.03e+00
8.66806e-01 1.00e+00
8.67395e-01 9.75e-01
8.67940e-01 9.51e-01
8.68528e-01 9.28e-01
8.69115e-01 9.06e-01
8.69702e-01 8.85e-01
8.70289e-01 8.65e-01
8.70833e-01 8.47e-01
8.71126e-01 8.37e-01
8.71419e-01 8.29e-01
8.71712e-01 8.21e-01
8.72004e-01 8.29e-01
8.72297e-01 8.70e-01
8.72548e-01 7.96e-01
8.72840e-01 7.87e-01
8.73133e-01 7.78e-01
8.73717e-01 7.62e-01
8.74301e-01 7.47e-01
8.74844e-01 7.32e-01
8.75427e-01 7.18e-01
8.76010e-01 7.04e-01
8.76551e-01 6.91e-01
8.77134e-01 6.78e-01
8.77716e-01 6.66e-01
8.78257e-01 6.54e-01
8.78838e-01 6.43e-01
8.79419e-01 6.32e-01
8.79959e-01 6.22e-01
8.80249e-01 6.17e-01
8.80539e-01 6.12e-01
8.80829e-01 6.15e-01
8.81119e-01 6.04e-01
8.81368e-01 5.97e-01
8.81948e-01 5.87e-01
8.82527e-01 5.78e-01
8.83065e-01 5.69e-01
8.83644e-01 5.61e-01
8.84181e-01 5.53e-01
8.84759e-01 5.45e-01
8.85337e-01 5.38e-01
8.85584e-01 5.34e-01
8.85873e-01 5.31e-01
8.86450e-01 5.26e-01
8.86738e-01 5.24e-01
8.86985e-01 5.27e-01
8.87274e-01 5.23e-01
8.87562e-01 5.13e-01
8.87850e-01 5.08e-01
8.88097e-01 5.03e-01
8.88673e-01 4.96e-01
8.89248e-01 4.90e-01
8.89782e-01 4.83e-01
8.90357e-01 4.77e-01
8.90891e-01 4.71e-01
8.91465e-01 4.64e-01
8.91998e-01 4.58e-01
8.92572e-01 4.52e-01
8.92817e-01 4.52e-01
8.93104e-01 4.49e-01
8.93391e-01 4.43e-01
8.93922e-01 4.37e-01
8.94495e-01 4.32e-01
8.95026e-01 4.26e-01
8.95598e-01 4.20e-01
8.96129e-01 4.15e-01
8.96700e-01 4.10e-01
8.96945e-01 4.08e-01
8.97230e-01 4.51e-01
8.97516e-01 4.04e-01
8.97760e-01 4.00e-01
8.98045e-01 3.97e-01
8.98615e-01 3.92e-01
8.99145e-01 3.87e-01
8.99673e-01 3.83e-01
9.00243e-01 3.78e-01
9.00527e-01 3.76e-01
9.00771e-01 3.75e-01
9.01055e-01 3.77e-01
9.01340e-01 3.71e-01
9.01867e-01 3.67e-01
9.02395e-01 3.63e-01
9.02962e-01 3.60e-01
9.03489e-01 3.57e-01
9.03773e-01 3.55e-01
9.04056e-01 3.54e-01
9.04299e-01 3.85e-01
9.04582e-01 3.50e-01
9.05108e-01 3.46e-01
9.05675e-01 3.43e-01
9.06200e-01 3.39e-01
9.06725e-01 3.36e-01
9.07290e-01 3.32e-01
9.07815e-01 3.28e-01
9.08339e-01 3.25e-01
9.08904e-01 3.21e-01
9.09427e-01 3.18e-01
9.09951e-01 3.14e-01
9.10474e-01 3.11e-01
9.11037e-01 3.08e-01
9.11560e-01 3.06e-01
9.12082e-01 3.03e-01
9.12644e-01 3.01e-01
9.13166e-01 2.99e-01
9.13687e-01 2.97e-01
9.13968e-01 2.96e-01
9.14209e-01 2.95e-01
9.14489e-01 2.94e-01
9.15010e-01 2.92e-01
9.15530e-01 2.90e-01
9.16091e-01 2.87e-01
9.16611e-01 2.84e-01
9.17130e-01 2.81e-01
9.17650e-01 2.78e-01
9.18169e-01 2.75e-01
9.18728e-01 2.72e-01
9.19246e-01 2.70e-01
9.19765e-01 2.67e-01
9.20283e-01 2.65e-01
9.20801e-01 2.63e-01
9.21358e-01 2.62e-01
9.21875e-01 2.60e-01
9.22392e-01 2.59e-01
9.22631e-01 2.58e-01
9.22909e-01 2.56e-01
9.23187e-01 2.55e-01
9.23703e-01 2.52e-01
9.24219e-01 2.48e-01
9.24735e-01 2.44e-01
9.25250e-01 2.41e-01
9.25766e-01 2.37e-01
9.26281e-01 2.34e-01
9.26835e-01 2.32e-01
9.27349e-01 2.29e-01
9.27864e-01 2.27e-01
9.28377e-01 2.25e-01
9.28891e-01 2.23e-01
9.29404e-01 2.21e-01
9.29917e-01 2.19e-01
9.30430e-01 2.17e-01
9.30943e-01 2.16e-01
9.31455e-01 2.14e-01
9.31967e-01 2.13e-01
9.32479e-01 2.12e-01
9.32991e-01 2.11e-01
9.33266e-01 2.31e-01
9.33777e-01 2.30e-01
9.34288e-01 2.29e-01
9.34798e-01 2.28e-01
9.35309e-01 2.27e-01
9.35819e-01 2.27e-01
9.36093e-01 2.26e-01
9.36329e-01 2.26e-01
9.38130e-01 2.25e-01
9.38365e-01 2.45e-01
9.38874e-01 2.90e-01
9.39382e-01 3.35e-01
9.39890e-01 3.80e-01
9.40163e-01 3.91e-01
9.40671e-01 3.44e-01
9.41139e-01 2.97e-01
9.41647e-01 2.50e-01
9.41919e-01 2.27e-01
9.42153e-01 2.18e-01
9.42660e-01 2.15e-01
9.43166e-01 2.12e-01
9.43672e-01 2.09e-01
9.44178e-01 2.08e-01
9.44684e-01 2.06e-01
9.45189e-01 2.05e-01
9.45694e-01 2.03e-01
9.46199e-01 2.02e-01
9.46432e-01 2.01e-01
9.46936e-01 1.99e-01
9.47441e-01 1.98e-01
9.47944e-01 1.96e-01
9.48448e-01 1.95e-01
9.48952e-01 1.93e-01
9.49455e-01 1.92e-01
9.49919e-01 1.91e-01
9.50422e-01 1.89e-01
9.50924e-01 1.88e-01
9.51426e-01 1.87e-01
9.51928e-01 1.85e-01
9.52430e-01 1.84e-01
9.52931e-01 1.83e-01
9.53394e-01 1.82e-01
9.53895e-01 1.81e-01
9.54395e-01 1.80e-01
9.54896e-01 1.79e-01
9.55396e-01 1.78e-01
9.55896e-01 1.77e-01
9.56357e-01 1.76e-01
9.56626e-01 1.76e-01
9.56857e-01 1.75e-01
9.57356e-01 1.74e-01
9.57855e-01 1.73e-01
9.58354e-01 1.72e-01
9.58814e-01 1.71e-01
9.59312e-01 1.71e-01
9.59810e-01 1.70e-01
9.60308e-01 1.69e-01
9.60767e-01 1.69e-01
9.61264e-01 1.68e-01
9.61761e-01 1.67e-01
9.62258e-01 1.66e-01
9.62716e-01 1.66e-01
9.63212e-01 1.65e-01
9.63709e-01 1.65e-01
9.64204e-01 1.64e-01
9.64662e-01 1.64e-01
9.65157e-01 1.63e-01
9.65652e-01 1.63e-01
9.66147e-01 1.62e-01
9.66604e-01 1.62e-01
9.67098e-01 1.62e-01
9.67592e-01 1.61e-01
9.68048e-01 1.61e-01
9.68542e-01 1.61e-01
9.69035e-01 1.60e-01
9.69263e-01 1.60e-01
9.69756e-01 1.60e-01
9.70211e-01 1.59e-01
9.70703e-01 1.59e-01
9.71195e-01 1.58e-01
9.71650e-01 1.56e-01
9.71915e-01 1.56e-01
9.72369e-01 1.54e-01
9.72860e-01 1.52e-01
9.73351e-01 1.50e-01
9.73805e-01 1.48e-01
9.74295e-01 1.46e-01
9.74786e-01 1.44e-01
9.75012e-01 1.43e-01
9.75503e-01 1.42e-01
9.75955e-01 1.40e-01
9.76181e-01 1.39e-01
9.76445e-01 1.39e-01
9.76671e-01 1.38e-01
9.76897e-01 1.38e-01
9.77160e-01 1.38e-01
9.77386e-01 1.36e-01
9.77875e-01 1.35e-01
9.78326e-01 1.34e-01
9.78815e-01 1.34e-01
9.79266e-01 1.33e-01
9.79754e-01 1.32e-01
9.80242e-01 1.31e-01
9.80692e-01 1.31e-01
9.81179e-01 1.30e-01
9.81629e-01 1.30e-01
9.82116e-01 1.29e-01
9.82827e-01 1.29e-01
9.83501e-01 1.29e-01
9.83987e-01 1.29e-01
9.84473e-01 1.28e-01
9.84921e-01 1.27e-01
9.85145e-01 1.27e-01
9.85630e-01 1.25e-01
9.86078e-01 1.24e-01
9.86563e-01 1.23e-01
9.87010e-01 1.22e-01
9.87271e-01 1.22e-01
9.87494e-01 1.21e-01
9.87941e-01 1.21e-01
9.88425e-01 1.20e-01
9.88872e-01 1.20e-01
9.89355e-01 1.19e-01
9.89801e-01 1.19e-01
9.90284e-01 1.18e-01
9.90730e-01 1.18e-01
9.91213e-01 1.18e-01
9.91658e-01 1.17e-01
9.92140e-01 1.17e-01
9.92585e-01 1.16e-01
9.93067e-01 1.16e-01
9.93511e-01 1.15e-01
9.93992e-01 1.15e-01
9.94436e-01 1.14e-01
9.94917e-01 1.14e-01
9.95361e-01 1.14e-01
9.95582e-01 1.13e-01
9.95804e-01 1.14e-01
9.96063e-01 1.13e-01
9.96284e-01 1.13e-01
9.96727e-01 1.12e-01
9.97207e-01 1.12e-01
9.97649e-01 1.12e-01
9.98129e-01 1.11e-01
9.98571e-01 1.11e-01
9.99013e-01 1.11e-01
9.99492e-01 1.10e-01
9.99933e-01 1.10e-01
1.00041e+00 1.09e-01
1.00085e+00 1.09e-01
1.00129e+00 1.09e-01
1.00177e+00 1.08e-01
1.00221e+00 1.08e-01
1.00269e+00 1.08e-01
1.00313e+00 1.08e-01
1.00357e+00 1.07e-01
1.00379e+00 1.07e-01
1.00405e+00 1.08e-01
1.00448e+00 1.09e-01
1.00492e+00 1.10e-01
1.00540e+00 1.11e-01
1.00562e+00 1.12e-01
1.00584e+00 1.11e-01
1.00628e+00 1.09e-01
1.00675e+00 1.07e-01
1.00719e+00 1.05e-01
1.00741e+00 1.04e-01
1.00763e+00 1.04e-01
1.00788e+00 1.04e-01
1.00810e+00 1.04e-01
1.00854e+00 1.03e-01
1.00898e+00 1.03e-01
1.00923e+00 1.03e-01
1.00967e+00 1.03e-01
1.00989e+00 1.03e-01
1.01033e+00 1.03e-01
1.01058e+00 1.02e-01
1.01102e+00 1.02e-01
1.01146e+00 1.02e-01
1.01189e+00 1.01e-01
1.01236e+00 1.01e-01
1.01280e+00 1.01e-01
1.01324e+00 1.01e-01
1.01371e+00 1.01e-01
1.01414e+00 1.01e-01
1.01458e+00 1.00e-01
1.01501e+00 1.00e-01
1.01527e+00 1.00e-01
1.01570e+00 9.96e-02
1.01592e+00 9.94e-02
1.01614e+00 9.92e-02
1.01635e+00 9.89e-02
1.01679e+00 9.84e-02
1.01726e+00 9.80e-02
1.01769e+00 9.76e-02
1.01813e+00 9.72e-02
1.01856e+00 9.68e-02
1.01903e+00 9.64e-02
1.01946e+00 9.61e-02
1.01989e+00 9.57e-02
1.02033e+00 9.53e-02
1.02079e+00 9.50e-02
1.02123e+00 9.46e-02
1.02166e+00 9.43e-02
1.02209e+00 9.39e-02
1.02252e+00 9.36e-02
1.02299e+00 9.32e-02
1.02342e+00 9.29e-02
1.02385e+00 9.26e-02
1.02428e+00 9.22e-02
1.02471e+00 9.19e-02
1.02518e+00 9.16e-02
1.02561e+00 9.13e-02
1.02604e+00 9.09e-02
1.02647e+00 9.06e-02
1.02690e+00 9.03e-02
1.02737e+00 9.00e-02
1.02780e+00 8.97e-02
1.02823e+00 8.94e-02
1.02865e+00 8.91e-02
1.02908e+00 8.88e-02
1.02951e+00 8.85e-02
1.02998e+00 8.82e-02
1.03040e+00 8.79e-02
1.03083e+00 8.76e-02
1.03126e+00 8.73e-02
1.03169e+00 8.70e-02
1.03212e+00 8.68e-02
1.03254e+00 8.65e-02
1.03297e+00 8.62e-02
1.03343e+00 8.60e-02
1.03386e+00 8.58e-02
1.03429e+00 8.55e-02
1.03471e+00 8.53e-02
1.03514e+00 8.50e-02
1.03557e+00 8.48e-02
1.03599e+00 8.46e-02
1.03642e+00 8.44e-02
1.03684e+00 8.42e-02
1.03730e+00 8.40e-02
1.03773e+00 8.38e-02
1.03815e+00 8.37e-02
1.03858e+00 8.35e-02
1.03900e+00 8.33e-02
1.03943e+00 8.32e-02
1.03985e+00 8.30e-02
1.04028e+00 8.29e-02
1.04070e+00 8.28e-02
1.04112e+00 8.27e-02
1.04155e+00 8.26e-02
1.04218e+00 8.25e-02
1.04412e+00 8.24e-02
1.04644e+00 8.27e-02
1.04686e+00 8.26e-02
1.04728e+00 8.20e-02
1.04749e+00 8.16e-02
1.04792e+00 8.06e-02
1.04834e+00 7.96e-02
1.04876e+00 7.86e-02
1.04897e+00 7.82e-02
1.04939e+00 7.76e-02
1.04981e+00 7.71e-02
1.05023e+00 7.68e-02
1.05065e+00 7.65e-02
1.05107e+00 7.63e-02
1.05149e+00 7.61e-02
1.05190e+00 7.60e-02
1.05253e+00 7.59e-02
1.05274e+00 7.59e-02
1.05295e+00 7.62e-02
1.05316e+00 7.61e-02
1.05358e+00 7.56e-02
1.05400e+00 7.51e-02
1.05421e+00 7.50e-02
1.05442e+00 7.57e-02
1.05483e+00 7.77e-02
1.05504e+00 7.86e-02
1.05543e+00 7.94e-02
1.05564e+00 7.98e-02
1.05584e+00 7.89e-02
1.05626e+00 7.56e-02
1.05647e+00 7.42e-02
1.05689e+00 7.38e-02
1.05730e+00 7.37e-02
1.05772e+00 7.35e-02
1.05814e+00 7.34e-02
1.05855e+00 7.33e-02
1.05897e+00 7.32e-02
1.05939e+00 7.30e-02
1.05980e+00 7.28e-02
1.06022e+00 7.27e-02
1.06063e+00 7.25e-02
1.06105e+00 7.23e-02
1.06143e+00 7.21e-02
1.06184e+00 7.19e-02
1.06226e+00 7.17e-02
1.06267e+00 7.16e-02
1.06309e+00 7.14e-02
1.06350e+00 7.12e-02
1.06392e+00 7.10e-02
1.06412e+00 7.10e-02
1.06433e+00 7.10e-02
1.06454e+00 7.14e-02
1.06475e+00 7.68e-02
1.06495e+00 8.23e-02
1.06516e+00 7.63e-02
1.06537e+00 7.07e-02
1.06574e+00 7.06e-02
1.06616e+00 7.04e-02
1.06657e+00 7.03e-02
1.06698e+00 7.02e-02
1.06740e+00 7.01e-02
1.06781e+00 7.00e-02
1.06822e+00 6.99e-02
1.06860e+00 6.98e-02
1.06901e+00 6.97e-02
1.06942e+00 6.96e-02
1.06984e+00 6.95e-02
1.07025e+00 6.94e-02
1.07066e+00 6.92e-02
1.07107e+00 6.91e-02
1.07145e+00 6.90e-02
1.07186e+00 6.88e-02
1.07227e+00 6.86e-02
1.07268e+00 6.84e-02
1.07288e+00 7.57e-02
1.07329e+00 7.55e-02
1.07370e+00 7.53e-02
1.07408e+00 7.51e-02
1.07449e+00 7.49e-02
1.07490e+00 7.46e-02
1.07531e+00 7.44e-02
1.07572e+00 7.42e-02
1.07592e+00 7.42e-02
1.07609e+00 7.53e-02
1.07630e+00 7.37e-02
1.07671e+00 7.35e-02
1.07712e+00 7.32e-02
1.07752e+00 7.29e-02
1.07793e+00 7.26e-02
1.07831e+00 7.24e-02
1.07872e+00 7.21e-02
1.07912e+00 7.18e-02
1.07953e+00 7.16e-02
1.07991e+00 7.13e-02
1.08031e+00 7.11e-02
1.08072e+00 7.09e-02
1.08113e+00 7.07e-02
1.08153e+00 7.05e-02
1.08191e+00 7.03e-02
1.08211e+00 7.02e-02
1.08390e+00 7.01e-02
1.08411e+00 7.01e-02
1.08431e+00 7.00e-02
1.08451e+00 6.96e-02
1.08472e+00 6.90e-02
1.08492e+00 6.83e-02
1.08509e+00 6.76e-02
1.08529e+00 6.71e-02
1.08549e+00 6.68e-02
1.08570e+00 6.65e-02
1.08590e+00 6.64e-02
1.08630e+00 6.63e-02
1.08651e+00 6.62e-02
1.08688e+00 6.63e-02
1.08728e+00 6.65e-02
1.08748e+00 6.62e-02
1.08769e+00 6.59e-02
1.08789e+00 6.56e-02
1.08806e+00 6.55e-02
1.08846e+00 6.53e-02
1.08886e+00 6.52e-02
1.08927e+00 6.51e-02
1.08964e+00 6.50e-02
1.09004e+00 6.49e-02
1.09045e+00 6.48e-02
1.09085e+00 6.47e-02
1.09122e+00 6.46e-02
1.09162e+00 6.45e-02
1.09202e+00 6.44e-02
1.09259e+00 6.44e-02
1.09320e+00 6.43e-02
1.09340e+00 6.45e-02
1.09357e+00 6.44e-02
1.09377e+00 6.42e-02
1.09397e+00 6.44e-02
1.09437e+00 6.45e-02
1.09477e+00 6.46e-02
1.09514e+00 6.47e-02
1.09554e+00 6.49e-02
1.09594e+00 6.50e-02
1.09631e+00 6.52e-02
1.09671e+00 6.55e-02
1.09711e+00 6.58e-02
1.09748e+00 6.61e-02
1.09788e+00 6.65e-02
1.09828e+00 6.69e-02
1.09865e+00 6.72e-02
1.09885e+00 6.74e-02
1.09925e+00 6.75e-02
1.09945e+00 6.76e-02
1.09961e+00 6.76e-02
1.09981e+00 6.75e-02
1.10001e+00 6.74e-02
1.10021e+00 6.72e-02
1.10041e+00 6.70e-02
1.10078e+00 6.65e-02
1.10118e+00 6.59e-02
1.10157e+00 6.53e-02
1.10194e+00 6.46e-02
1.10234e+00 6.40e-02
1.10254e+00 6.37e-02
1.10274e+00 6.37e-02
1.10290e+00 6.51e-02
1.10310e+00 6.43e-02
1.10330e+00 6.33e-02
1.10350e+00 6.27e-02
1.10370e+00 6.25e-02
1.10406e+00 6.22e-02
1.10426e+00 6.21e-02
1.10446e+00 6.21e-02
1.10466e+00 6.22e-02
1.10486e+00 6.25e-02
1.10503e+00 6.34e-02
1.10522e+00 6.41e-02
1.10542e+00 6.27e-02
1.10562e+00 6.14e-02
1.10582e+00 6.00e-02
1.10599e+00 5.93e-02
1.10618e+00 5.91e-02
1.10638e+00 5.91e-02
1.10678e+00 5.93e-02
1.10698e+00 5.92e-02
1.10714e+00 5.87e-02
1.10869e+00 5.86e-02
1.10906e+00 5.86e-02
1.10945e+00 5.85e-02
1.10985e+00 5.84e-02
1.11021e+00 5.83e-02
1.11041e+00 5.84e-02
1.11061e+00 5.82e-02
1.11080e+00 5.82e-02
1.11097e+00 5.79e-02
1.11117e+00 5.80e-02
1.11156e+00 5.79e-02
1.11192e+00 5.78e-02
1.11232e+00 5.77e-02
1.11268e+00 5.76e-02
1.11363e+00 5.75e-02
1.11403e+00 5.73e-02
1.11442e+00 5.71e-02
1.11478e+00 5.70e-02
1.11517e+00 5.69e-02
1.11553e+00 5.69e-02
1.11593e+00 5.68e-02
1.11612e+00 5.68e-02
1.11724e+00 5.68e-02
1.11743e+00 5.68e-02
1.11783e+00 5.72e-02
1.11799e+00 5.73e-02
1.11819e+00 5.72e-02
1.11838e+00 5.63e-02
1.11858e+00 5.55e-02
1.11874e+00 5.53e-02
1.11894e+00 5.54e-02
1.11913e+00 5.55e-02
1.11933e+00 5.50e-02
1.12028e+00 5.50e-02
1.12063e+00 5.50e-02
1.12119e+00 5.49e-02
1.12138e+00 5.50e-02
1.12158e+00 5.49e-02
1.12178e+00 5.48e-02
1.12197e+00 5.47e-02
1.12233e+00 5.47e-02
1.12272e+00 5.46e-02
1.12308e+00 5.46e-02
1.12347e+00 5.45e-02
1.12532e+00 5.43e-02
1.12587e+00 5.43e-02
1.12626e+00 5.45e-02
1.12645e+00 5.46e-02
1.12662e+00 5.48e-02
1.12681e+00 5.44e-02
1.12701e+00 5.33e-02
1.12736e+00 5.32e-02
1.12756e+00 5.30e-02
1.12775e+00 5.31e-02
1.12869e+00 5.31e-02
1.12885e+00 5.32e-02
1.12904e+00 5.31e-02
1.12924e+00 5.31e-02
1.12943e+00 5.30e-02
1.12979e+00 5.29e-02
1.13018e+00 5.29e-02
1.13053e+00 5.28e-02
1.13092e+00 5.29e-02
1.13108e+00 5.27e-02
1.13127e+00 5.27e-02
1.13166e+00 5.27e-02
1.13182e+00 5.27e-02
1.13201e+00 5.34e-02
1.13221e+00 5.89e-02
1.13237e+00 5.29e-02
1.13256e+00 5.33e-02
1.13276e+00 5.35e-02
1.13295e+00 5.21e-02
1.13311e+00 5.18e-02
1.13330e+00 5.17e-02
1.13369e+00 5.20e-02
1.13385e+00 5.21e-02
1.13424e+00 5.23e-02
1.13443e+00 5.23e-02
1.13533e+00 5.23e-02
1.13681e+00 5.22e-02
1.14247e+00 5.17e-02
1.14502e+00 5.15e-02
1.14537e+00 5.14e-02
1.14575e+00 5.14e-02
1.14610e+00 5.13e-02
1.14648e+00 5.13e-02
1.14718e+00 5.12e-02
1.14737e+00 5.12e-02
1.14775e+00 5.11e-02
1.14791e+00 5.12e-02
1.14810e+00 5.60e-02
1.14829e+00 5.10e-02
1.14845e+00 5.09e-02
1.14864e+00 5.09e-02
1.14899e+00 5.11e-02
1.14918e+00 5.12e-02
1.14956e+00 5.13e-02
1.14991e+00 5.14e-02
1.15187e+00 5.15e-02
1.15405e+00 5.15e-02
1.15726e+00 5.14e-02
1.15760e+00 5.13e-02
1.15798e+00 5.12e-02
1.15814e+00 5.12e-02
1.15833e+00 5.27e-02
1.15852e+00 5.11e-02
1.15867e+00 5.10e-02
1.15886e+00 5.10e-02
1.15905e+00 5.12e-02
1.15921e+00 5.14e-02
1.15958e+00 5.14e-02
1.15974e+00 5.15e-02
1.16118e+00 5.17e-02
1.16134e+00 5.16e-02
1.16418e+00 5.14e-02
1.16452e+00 5.14e-02
1.16487e+00 5.13e-02
1.16506e+00 5.12e-02
1.16524e+00 5.11e-02
1.16540e+00 5.27e-02
1.16559e+00 5.09e-02
1.16577e+00 5.10e-02
1.16593e+00 5.11e-02
1.16612e+00 5.12e-02
1.16646e+00 5.13e-02
1.16664e+00 5.13e-02
1.16752e+00 5.13e-02
1.16789e+00 5.12e-02
1.16823e+00 5.12e-02
1.16857e+00 5.11e-02
1.16892e+00 5.10e-02
1.16929e+00 5.09e-02
1.16963e+00 5.08e-02
1.16997e+00 5.07e-02
1.17016e+00 5.06e-02
1.17050e+00 5.06e-02
1.17087e+00 5.05e-02
1.17121e+00 5.04e-02
1.17155e+00 5.04e-02
1.17189e+00 5.03e-02
1.17227e+00 5.03e-02
1.17261e+00 5.02e-02
1.17295e+00 5.02e-02
1.17332e+00 5.01e-02
1.17366e+00 5.01e-02
1.17400e+00 5.00e-02
1.17434e+00 4.99e-02
1.17471e+00 4.99e-02
1.17505e+00 4.98e-02
1.17539e+00 4.97e-02
1.17557e+00 4.97e-02
1.17625e+00 4.97e-02
1.17662e+00 4.95e-02
1.17696e+00 4.94e-02
1.17730e+00 4.93e-02
1.17764e+00 4.93e-02
1.17801e+00 4.92e-02
1.17835e+00 4.91e-02
1.17869e+00 4.90e-02
1.17902e+00 4.89e-02
1.17939e+00 4.88e-02
1.17973e+00 4.87e-02
1.18007e+00 4.87e-02
1.18041e+00 4.86e-02
1.18078e+00 4.85e-02
1.18111e+00 4.84e-02
1.18145e+00 4.83e-02
1.18179e+00 4.82e-02
1.18216e+00 4.81e-02
1.18249e+00 4.81e-02
1.18283e+00 4.80e-02
1.18317e+00 4.79e-02
1.18354e+00 4.78e-02
1.18387e+00 4.77e-02
1.18421e+00 4.76e-02
1.18455e+00 4.75e-02
1.18491e+00 4.75e-02
1.18525e+00 4.74e-02
1.18558e+00 4.73e-02
1.18592e+00 4.72e-02
1.18626e+00 4.72e-02
1.18644e+00 4.71e-02
1.18662e+00 4.72e-02
1.18678e+00 4.71e-02
1.18696e+00 4.70e-02
1.18729e+00 4.69e-02
1.18763e+00 4.68e-02
1.18800e+00 4.67e-02
1.18833e+00 4.67e-02
1.18867e+00 4.66e-02
1.18900e+00 4.65e-02
1.18934e+00 4.64e-02
1.18970e+00 4.64e-02
1.19004e+00 4.63e-02
1.19037e+00 4.62e-02
1.19071e+00 4.62e-02
1.19107e+00 4.61e-02
1.19140e+00 4.60e-02
1.19174e+00 4.59e-02
1.19207e+00 4.59e-02
1.19241e+00 4.58e-02
1.19277e+00 4.58e-02
1.19310e+00 4.57e-02
1.19344e+00 4.56e-02
1.19377e+00 4.56e-02
1.19410e+00 4.55e-02
1.19447e+00 4.54e-02
1.19480e+00 4.54e-02
1.19513e+00 4.53e-02
1.19547e+00 4.52e-02
1.19580e+00 4.52e-02
1.19616e+00 4.51e-02
1.19649e+00 4.50e-02
1.19683e+00 4.50e-02
1.19716e+00 4.49e-02
1.19749e+00 4.49e-02
1.19782e+00 4.48e-02
1.19819e+00 4.48e-02
1.19852e+00 4.47e-02
1.19885e+00 4.46e-02
1.19918e+00 4.46e-02
1.19951e+00 4.45e-02
1.19987e+00 4.45e-02
1.20021e+00 4.44e-02
1.20054e+00 4.44e-02
1.20087e+00 4.43e-02
1.20120e+00 4.43e-02
1.20189e+00 4.42e-02
1.20639e+00 4.36e-02
1.21254e+00 4.30e-02
1.21438e+00 4.29e-02
1.21471e+00 4.30e-02
1.21485e+00 4.29e-02
1.21634e+00 4.28e-02
1.21980e+00 4.27e-02
1.22339e+00 4.27e-02
1.22665e+00 4.29e-02
1.23201e+00 4.33e-02
1.23524e+00 4.29e-02
1.23556e+00 4.30e-02
1.23573e+00 4.30e-02
1.23588e+00 4.30e-02
1.23719e+00 4.31e-02
1.23846e+00 4.32e-02
1.23878e+00 4.33e-02
1.23910e+00 4.34e-02
1.23942e+00 4.34e-02
1.23974e+00 4.35e-02
1.24005e+00 4.35e-02
1.24037e+00 4.36e-02
1.24069e+00 4.36e-02
1.24101e+00 4.37e-02
1.24133e+00 4.37e-02
1.24164e+00 4.38e-02
1.24196e+00 4.39e-02
1.24231e+00 4.39e-02
1.24263e+00 4.40e-02
1.24294e+00 4.40e-02
1.24326e+00 4.41e-02
1.24358e+00 4.42e-02
1.24390e+00 4.42e-02
1.24421e+00 4.43e-02
1.24453e+00 4.44e-02
1.24485e+00 4.45e-02
1.24516e+00 4.45e-02
1.24548e+00 4.46e-02
1.24580e+00 4.47e-02
1.24611e+00 4.47e-02
1.24643e+00 4.48e-02
1.24674e+00 4.49e-02
1.24706e+00 4.50e-02
1.24738e+00 4.50e-02
1.24769e+00 4.51e-02
1.24801e+00 4.52e-02
1.24818e+00 4.52e-02
1.24832e+00 4.53e-02
1.24850e+00 4.53e-02
1.24881e+00 4.54e-02
1.24913e+00 4.54e-02
1.24944e+00 4.55e-02
1.24976e+00 4.56e-02
1.25007e+00 4.57e-02
1.25039e+00 4.57e-02
1.25070e+00 4.58e-02
1.25102e+00 4.59e-02
1.25133e+00 4.60e-02
1.25165e+00 4.61e-02
1.25196e+00 4.61e-02
1.25228e+00 4.62e-02
1.25262e+00 4.63e-02
1.25293e+00 4.64e-02
1.25325e+00 4.65e-02
1.25356e+00 4.66e-02
1.25388e+00 4.67e-02
1.25419e+00 4.68e-02
1.25450e+00 4.68e-02
1.25482e+00 4.69e-02
1.25513e+00 4.70e-02
1.25545e+00 4.71e-02
1.25576e+00 4.72e-02
1.25607e+00 4.73e-02
1.25638e+00 4.74e-02
1.25653e+00 4.75e-02
1.25670e+00 4.76e-02
1.25684e+00 4.76e-02
1.25701e+00 4.76e-02
1.25732e+00 4.77e-02
1.25764e+00 4.78e-02
1.25795e+00 4.79e-02
1.25826e+00 4.80e-02
1.25857e+00 4.81e-02
1.25889e+00 4.82e-02
1.25920e+00 4.83e-02
1.25951e+00 4.84e-02
1.25982e+00 4.85e-02
1.26014e+00 4.86e-02
1.26045e+00 4.87e-02
1.26076e+00 4.88e-02
1.26107e+00 4.89e-02
1.26138e+00 4.90e-02
1.26169e+00 4.92e-02
1.26201e+00 4.93e-02
1.26232e+00 4.94e-02
1.26263e+00 4.95e-02
1.26294e+00 4.96e-02
1.26325e+00 4.98e-02
1.26356e+00 4.99e-02
1.26387e+00 5.00e-02
1.26418e+00 5.01e-02
1.26449e+00 5.03e-02
1.26480e+00 5.04e-02
1.26514e+00 5.05e-02
1.26545e+00 5.06e-02
1.26576e+00 5.08e-02
1.26607e+00 5.09e-02
1.26638e+00 5.11e-02
1.26669e+00 5.12e-02
1.26700e+00 5.13e-02
1.26731e+00 5.15e-02
1.26762e+00 5.16e-02
1.26793e+00 5.17e-02
1.26824e+00 5.19e-02
1.26855e+00 5.20e-02
1.26886e+00 5.21e-02
1.26917e+00 5.23e-02
1.26948e+00 5.24e-02
1.26962e+00 5.24e-02
1.26993e+00 5.26e-02
1.27024e+00 5.29e-02
1.27055e+00 5.30e-02
1.27086e+00 5.31e-02
1.27116e+00 5.32e-02
1.27147e+00 5.34e-02
1.27178e+00 5.35e-02
1.27209e+00 5.36e-02
1.27240e+00 5.37e-02
1.27271e+00 5.39e-02
1.27301e+00 5.40e-02
1.27332e+00 5.41e-02
1.27363e+00 5.42e-02
1.27394e+00 5.44e-02
1.27424e+00 5.45e-02
1.27455e+00 5.46e-02
1.27486e+00 5.47e-02
1.27517e+00 5.49e-02
1.27547e+00 5.50e-02
1.27578e+00 5.51e-02
1.27609e+00 5.52e-02
1.27640e+00 5.53e-02
1.27670e+00 5.54e-02
1.27701e+00 5.55e-02
1.27732e+00 5.56e-02
1.27762e+00 5.57e-02
1.27793e+00 5.58e-02
1.27824e+00 5.59e-02
1.27854e+00 5.60e-02
1.27885e+00 5.61e-02
1.27915e+00 5.62e-02
1.27946e+00 5.63e-02
1.27977e+00 5.64e-02
1.28007e+00 5.65e-02
1.28038e+00 5.65e-02
1.28068e+00 5.66e-02
1.28099e+00 5.67e-02
1.28129e+00 5.68e-02
1.28160e+00 5.68e-02
1.28191e+00 5.69e-02
1.28221e+00 5.70e-02
1.28252e+00 5.70e-02
1.28282e+00 5.71e-02
1.28600e+00 5.76e-02
1.28799e+00 5.77e-02
1.28965e+00 5.77e-02
1.29116e+00 5.76e-02
1.29207e+00 5.75e-02
1.29237e+00 5.74e-02
1.29267e+00 5.74e-02
1.29297e+00 5.73e-02
1.29327e+00 5.73e-02
1.29358e+00 5.72e-02
1.29388e+00 5.71e-02
1.29418e+00 5.71e-02
1.29448e+00 5.70e-02
1.29478e+00 5.69e-02
1.29508e+00 5.68e-02
1.29538e+00 5.67e-02
1.29569e+00 5.66e-02
1.29599e+00 5.65e-02
1.29629e+00 5.65e-02
1.29659e+00 5.64e-02
1.29689e+00 5.63e-02
1.29719e+00 5.62e-02
1.29749e+00 5.61e-02
1.29779e+00 5.60e-02
1.29809e+00 5.59e-02
1.29839e+00 5.58e-02
1.29869e+00 5.57e-02
1.29899e+00 5.56e-02
1.29929e+00 5.54e-02
1.29959e+00 5.53e-02
1.29989e+00 5.52e-02
1.30019e+00 5.51e-02
1.30049e+00 5.50e-02
1.30079e+00 5.48e-02
1.30109e+00 5.47e-02
1.30139e+00 5.46e-02
1.30169e+00 5.44e-02
1.30199e+00 5.43e-02
1.30229e+00 5.42e-02
1.30259e+00 5.40e-02
1.30286e+00 5.39e-02
1.30316e+00 5.37e-02
1.30346e+00 5.36e-02
1.30375e+00 5.34e-02
1.30405e+00 5.32e-02
1.30435e+00 5.31e-02
1.30465e+00 5.29e-02
1.30495e+00 5.27e-02
1.30525e+00 5.26e-02
1.30555e+00 5.24e-02
1.30584e+00 5.22e-02
1.30614e+00 5.21e-02
1.30644e+00 5.19e-02
1.30674e+00 5.17e-02
1.30703e+00 5.15e-02
1.30733e+00 5.14e-02
1.30763e+00 5.12e-02
1.30793e+00 5.10e-02
1.30822e+00 5.08e-02
1.30852e+00 5.07e-02
1.30882e+00 5.05e-02
1.30912e+00 5.03e-02
1.30941e+00 5.02e-02
1.30971e+00 5.00e-02
1.31001e+00 4.99e-02
1.31030e+00 4.97e-02
1.31060e+00 4.96e-02
1.31090e+00 4.94e-02
1.31119e+00 4.93e-02
1.31149e+00 4.92e-02
1.31179e+00 4.90e-02
1.31192e+00 4.90e-02
1.31222e+00 4.86e-02
1.31238e+00 4.85e-02
1.31251e+00 4.87e-02
1.31281e+00 4.85e-02
1.31311e+00 4.84e-02
1.31340e+00 4.82e-02
1.31370e+00 4.81e-02
1.31399e+00 4.79e-02
1.31429e+00 4.78e-02
1.31458e+00 4.76e-02
1.31488e+00 4.75e-02
1.31517e+00 4.73e-02
1.31547e+00 4.72e-02
1.31576e+00 4.70e-02
1.31606e+00 4.68e-02
1.31635e+00 4.67e-02
1.31665e+00 4.65e-02
1.31694e+00 4.63e-02
1.31724e+00 4.61e-02
1.31753e+00 4.60e-02
1.31783e+00 4.58e-02
1.31812e+00 4.56e-02
1.31842e+00 4.55e-02
1.31871e+00 4.53e-02
1.31901e+00 4.51e-02
1.31930e+00 4.50e-02
1.31959e+00 4.48e-02
1.31989e+00 4.46e-02
1.32018e+00 4.45e-02
1.32048e+00 4.43e-02
1.32077e+00 4.41e-02
1.32106e+00 4.40e-02
1.32133e+00 4.38e-02
1.32162e+00 4.37e-02
1.32192e+00 4.35e-02
1.32221e+00 4.34e-02
1.32250e+00 4.32e-02
1.32280e+00 4.31e-02
1.32309e+00 4.29e-02
1.32338e+00 4.28e-02
1.32367e+00 4.26e-02
1.32397e+00 4.25e-02
1.32426e+00 4.24e-02
1.32455e+00 4.22e-02
1.32484e+00 4.21e-02
1.32514e+00 4.19e-02
1.32543e+00 4.18e-02
1.32572e+00 4.16e-02
1.32601e+00 4.15e-02
1.32631e+00 4.14e-02
1.32660e+00 4.12e-02
1.32689e+00 4.11e-02
1.32718e+00 4.10e-02
1.32747e+00 4.08e-02
1.32776e+00 4.07e-02
1.32806e+00 4.06e-02
1.32835e+00 4.04e-02
1.32864e+00 4.03e-02
1.32893e+00 4.01e-02
1.32922e+00 4.00e-02
1.32951e+00 3.98e-02
1.32980e+00 3.97e-02
1.33009e+00 3.95e-02
1.33039e+00 3.93e-02
1.33068e+00 3.92e-02
1.33097e+00 3.90e-02
1.33126e+00 3.88e-02
1.33155e+00 3.86e-02
1.33184e+00 3.85e-02
1.33213e+00 3.83e-02
1.33242e+00 3.81e-02
1.33271e+00 3.79e-02
1.33300e+00 3.78e-02
1.33329e+00 3.76e-02
1.33358e+00 3.75e-02
1.33387e+00 3.74e-02
1.33416e+00 3.73e-02
1.33445e+00 3.72e-02
1.33471e+00 3.72e-02
1.33500e+00 3.71e-02
1.33529e+00 3.70e-02
1.33558e+00 3.69e-02
1.33587e+00 3.69e-02
1.33616e+00 3.68e-02
1.33645e+00 3.67e-02
1.33674e+00 3.66e-02
1.33703e+00 3.65e-02
1.33731e+00 3.64e-02
1.33747e+00 3.64e-02
1.33760e+00 3.63e-02
1.33789e+00 3.62e-02
1.33818e+00 3.61e-02
1.33847e+00 3.60e-02
1.33876e+00 3.59e-02
1.33905e+00 3.58e-02
1.33933e+00 3.57e-02
1.33962e+00 3.56e-02
1.33991e+00 3.55e-02
1.34020e+00 3.54e-02
1.34049e+00 3.53e-02
1.34077e+00 3.53e-02
1.34106e+00 3.52e-02
1.34135e+00 3.51e-02
1.34164e+00 3.51e-02
1.34192e+00 3.50e-02
1.34221e+00 3.49e-02
1.34250e+00 3.49e-02
1.34279e+00 3.48e-02
1.34307e+00 3.47e-02
1.34336e+00 3.47e-02
1.34365e+00 3.46e-02
1.34393e+00 3.45e-02
1.34422e+00 3.44e-02
1.34451e+00 3.43e-02
1.34480e+00 3.42e-02
1.34508e+00 3.41e-02
1.34537e+00 3.40e-02
1.34565e+00 3.38e-02
1.34594e+00 3.37e-02
1.34623e+00 3.35e-02
1.34651e+00 3.33e-02
1.34664e+00 3.33e-02
1.34693e+00 3.31e-02
1.34722e+00 3.30e-02
1.34750e+00 3.29e-02
1.34766e+00 3.29e-02
1.34779e+00 3.29e-02
1.34807e+00 3.28e-02
1.34823e+00 3.29e-02
1.34851e+00 3.29e-02
1.34864e+00 3.30e-02
1.34880e+00 3.29e-02
1.34994e+00 3.29e-02
1.35007e+00 3.36e-02
1.35023e+00 3.29e-02
1.35320e+00 3.28e-02
1.35349e+00 3.28e-02
1.35377e+00 3.27e-02
1.35406e+00 3.26e-02
1.35434e+00 3.25e-02
1.35462e+00 3.24e-02
1.35491e+00 3.23e-02
1.35519e+00 3.22e-02
1.35547e+00 3.21e-02
1.35576e+00 3.20e-02
1.35591e+00 3.19e-02
1.35604e+00 3.19e-02
1.35632e+00 3.19e-02
1.35648e+00 3.18e-02
1.35661e+00 3.18e-02
1.35676e+00 3.19e-02
1.35689e+00 3.20e-02
1.35705e+00 3.21e-02
1.35717e+00 3.21e-02
1.35733e+00 3.23e-02
1.35746e+00 3.23e-02
1.35774e+00 3.24e-02
1.35802e+00 3.25e-02
1.35818e+00 3.25e-02
1.35831e+00 3.26e-02
1.35859e+00 3.26e-02
1.35874e+00 3.26e-02
1.35915e+00 3.27e-02
1.35944e+00 3.26e-02
1.35972e+00 3.26e-02
1.36000e+00 3.25e-02
1.36028e+00 3.25e-02
1.36044e+00 3.24e-02
1.36185e+00 3.24e-02
1.36213e+00 3.24e-02
1.36228e+00 3.23e-02
1.36257e+00 3.25e-02
1.36285e+00 3.28e-02
1.36313e+00 3.32e-02
1.36326e+00 3.36e-02
1.36354e+00 3.39e-02
1.36369e+00 3.41e-02
1.36397e+00 3.43e-02
1.36425e+00 3.45e-02
1.36438e+00 3.47e-02
1.36466e+00 3.51e-02
1.36494e+00 3.55e-02
1.36522e+00 3.58e-02
1.36550e+00 3.62e-02
1.36579e+00 3.66e-02
1.36607e+00 3.69e-02
1.36622e+00 3.74e-02
1.36635e+00 3.79e-02
1.36650e+00 3.83e-02
1.36663e+00 3.88e-02
1.36691e+00 3.97e-02
1.36706e+00 4.03e-02
1.36719e+00 4.09e-02
1.36734e+00 4.16e-02
1.36762e+00 4.27e-02
1.36775e+00 4.33e-02
1.36790e+00 4.38e-02
1.36818e+00 4.33e-02
1.36846e+00 4.28e-02
1.36874e+00 4.23e-02
1.36902e+00 4.18e-02
1.36930e+00 4.14e-02
1.36958e+00 4.09e-02
1.36973e+00 4.03e-02
1.37001e+00 3.78e-02
1.37014e+00 3.65e-02
1.37029e+00 3.70e-02
1.37057e+00 3.44e-02
1.37085e+00 3.19e-02
1.37113e+00 2.94e-02
1.37141e+00 2.69e-02
1.37154e+00 2.61e-02
1.37182e+00 2.56e-02
1.37209e+00 2.52e-02
1.37237e+00 2.47e-02
1.37265e+00 2.42e-02
1.37293e+00 2.38e-02
1.37321e+00 2.33e-02
1.37336e+00 2.32e-02
1.37364e+00 2.32e-02
1.37392e+00 2.31e-02
1.37420e+00 2.31e-02
1.37447e+00 2.30e-02
1.37475e+00 2.30e-02
1.37490e+00 2.29e-02
1.37950e+00 2.30e-02
1.38309e+00 2.30e-02
1.38489e+00 2.29e-02
1.38602e+00 2.29e-02
1.38739e+00 2.30e-02
1.38767e+00 2.30e-02
1.38794e+00 2.30e-02
1.38822e+00 2.31e-02
1.38849e+00 2.31e-02
1.38877e+00 2.32e-02
1.38904e+00 2.33e-02
1.38931e+00 2.34e-02
1.38959e+00 2.35e-02
1.38974e+00 2.36e-02
1.39001e+00 2.38e-02
1.39016e+00 2.39e-02
1.39029e+00 2.40e-02
1.39044e+00 2.42e-02
1.39056e+00 2.43e-02
1.39071e+00 2.45e-02
1.39083e+00 2.47e-02
1.39098e+00 2.50e-02
1.39111e+00 2.60e-02
1.39138e+00 2.81e-02
1.39165e+00 3.02e-02
1.39180e+00 3.13e-02
1.39195e+00 3.23e-02
1.39208e+00 3.33e-02
1.39223e+00 3.42e-02
1.39235e+00 3.50e-02
1.39250e+00 3.58e-02
1.39262e+00 3.55e-02
1.39277e+00 3.45e-02
1.39290e+00 3.35e-02
1.39305e+00 3.24e-02
1.39332e+00 3.02e-02
1.39359e+00 2.80e-02
1.39374e+00 2.70e-02
1.39387e+00 2.59e-02
1.39401e+00 2.52e-02
1.39414e+00 2.49e-02
1.39429e+00 2.47e-02
1.39441e+00 2.45e-02
1.39456e+00 2.43e-02
1.39468e+00 2.41e-02
1.39483e+00 2.40e-02
1.39511e+00 2.37e-02
1.39538e+00 2.35e-02
1.39553e+00 2.33e-02
1.39580e+00 2.32e-02
1.39607e+00 2.30e-02
1.39634e+00 2.29e-02
1.39662e+00 2.28e-02
1.39689e+00 2.27e-02
1.39716e+00 2.26e-02
1.39743e+00 2.25e-02
1.39770e+00 2.25e-02
1.39798e+00 2.24e-02
1.39825e+00 2.24e-02
1.39854e+00 2.23e-02
1.39882e+00 2.23e-02
1.39909e+00 2.22e-02
1.39936e+00 2.22e-02
1.39963e+00 2.21e-02
1.39990e+00 2.21e-02
1.40017e+00 2.20e-02
1.40044e+00 2.20e-02
1.40071e+00 2.20e-02
1.40099e+00 2.19e-02
1.40128e+00 2.19e-02
1.40155e+00 2.19e-02
1.40182e+00 2.18e-02
1.40209e+00 2.18e-02
1.40236e+00 2.18e-02
1.40264e+00 2.17e-02
1.40291e+00 2.17e-02
1.40318e+00 2.17e-02
1.40345e+00 2.17e-02
1.40374e+00 2.16e-02
1.40401e+00 2.16e-02
1.40428e+00 2.16e-02
1.40455e+00 2.16e-02
1.40482e+00 2.15e-02
1.40509e+00 2.15e-02
1.40536e+00 2.15e-02
1.40563e+00 2.15e-02
1.40590e+00 2.14e-02
1.40620e+00 2.14e-02
1.41177e+00 2.10e-02
1.41542e+00 2.08e-02
1.42043e+00 2.06e-02
1.42366e+00 2.05e-02
1.42393e+00 2.04e-02
1.42419e+00 2.03e-02
1.42446e+00 2.02e-02
1.42472e+00 2.02e-02
1.42501e+00 2.02e-02
1.42513e+00 2.02e-02
1.42715e+00 2.02e-02
1.42902e+00 2.01e-02
1.43867e+00 1.98e-02
1.44744e+00 1.95e-02
1.45089e+00 1.94e-02
1.45433e+00 1.92e-02
1.45458e+00 1.92e-02
1.45486e+00 1.92e-02
1.45512e+00 1.92e-02
1.45538e+00 1.92e-02
1.45566e+00 1.91e-02
1.45591e+00 1.91e-02
1.45617e+00 1.91e-02
1.45645e+00 1.91e-02
1.45671e+00 1.90e-02
1.45696e+00 1.90e-02
1.45724e+00 1.90e-02
1.45750e+00 1.89e-02
1.45775e+00 1.89e-02
1.45855e+00 1.88e-02
1.46066e+00 1.88e-02
1.46198e+00 1.88e-02
1.46344e+00 1.87e-02
1.46370e+00 1.87e-02
1.46383e+00 1.86e-02
1.46448e+00 1.86e-02
1.47091e+00 1.84e-02
1.47314e+00 1.85e-02
1.47341e+00 1.85e-02
1.47366e+00 1.86e-02
1.47394e+00 1.86e-02
1.47419e+00 1.87e-02
1.47447e+00 1.87e-02
1.47472e+00 1.88e-02
1.47497e+00 1.88e-02
1.47511e+00 1.89e-02
1.47538e+00 1.90e-02
1.47563e+00 1.91e-02
1.47577e+00 1.92e-02
1.47602e+00 1.94e-02
1.47630e+00 1.96e-02
1.47641e+00 1.98e-02
1.47668e+00 2.02e-02
1.47693e+00 2.06e-02
1.47721e+00 2.10e-02
1.47746e+00 2.13e-02
1.47760e+00 2.08e-02
1.47785e+00 1.94e-02
1.47798e+00 1.87e-02
1.47812e+00 1.80e-02
1.47824e+00 1.76e-02
1.47851e+00 1.67e-02
1.47865e+00 1.62e-02
1.47876e+00 1.58e-02
1.47890e+00 1.57e-02
1.47903e+00 1.56e-02
1.47917e+00 1.56e-02
1.47928e+00 1.55e-02
1.47942e+00 1.56e-02
1.47956e+00 1.56e-02
1.47981e+00 1.58e-02
1.47994e+00 1.58e-02
1.48019e+00 1.60e-02
1.48047e+00 1.61e-02
1.48060e+00 1.61e-02
1.48085e+00 1.62e-02
1.48113e+00 1.63e-02
1.48138e+00 1.63e-02
1.48165e+00 1.64e-02
1.48176e+00 1.64e-02
1.48204e+00 1.63e-02
1.48229e+00 1.63e-02
1.48242e+00 1.62e-02
1.48269e+00 1.62e-02
1.48294e+00 1.62e-02
1.48322e+00 1.63e-02
1.48347e+00 1.63e-02
1.48360e+00 1.63e-02
1.48451e+00 1.63e-02
1.48465e+00 1.62e-02
1.48489e+00 1.60e-02
1.48503e+00 1.59e-02
1.48528e+00 1.61e-02
1.48555e+00 1.64e-02
1.48569e+00 1.65e-02
1.48594e+00 1.65e-02
1.48621e+00 1.64e-02
1.48646e+00 1.64e-02
1.48673e+00 1.64e-02
1.48686e+00 1.63e-02
1.48854e+00 1.63e-02
1.49191e+00 1.62e-02
1.49218e+00 1.62e-02
1.49232e+00 1.62e-02
1.49245e+00 1.63e-02
1.49270e+00 1.65e-02
1.49284e+00 1.65e-02
1.49308e+00 1.58e-02
1.49322e+00 1.55e-02
1.49335e+00 1.53e-02
1.49362e+00 1.55e-02
1.49374e+00 1.57e-02
1.49387e+00 1.57e-02
1.49414e+00 1.57e-02
1.49439e+00 1.58e-02
1.49466e+00 1.58e-02
1.49479e+00 1.58e-02
1.50114e+00 1.55e-02
1.50165e+00 1.55e-02
1.50179e+00 1.56e-02
1.50203e+00 1.57e-02
1.50230e+00 1.59e-02
1.50257e+00 1.60e-02
1.50281e+00 1.61e-02
1.50308e+00 1.63e-02
1.50332e+00 1.64e-02
1.50345e+00 1.64e-02
1.50372e+00 1.63e-02
1.50399e+00 1.61e-02
1.50423e+00 1.59e-02
1.50450e+00 1.58e-02
1.50474e+00 1.56e-02
1.50488e+00 1.54e-02
1.50501e+00 1.53e-02
1.50528e+00 1.53e-02
1.50541e+00 1.53e-02
1.50552e+00 1.53e-02
1.50565e+00 1.53e-02
1.50592e+00 1.53e-02
1.50619e+00 1.53e-02
1.50643e+00 1.52e-02
1.50656e+00 1.52e-02
1.50670e+00 1.52e-02
1.50683e+00 1.52e-02
1.50707e+00 1.53e-02
1.50721e+00 1.53e-02
1.50747e+00 1.53e-02
1.50760e+00 1.54e-02
1.50838e+00 1.54e-02
1.50849e+00 1.54e-02
1.50876e+00 1.54e-02
1.50889e+00 1.54e-02
1.51030e+00 1.54e-02
1.51328e+00 1.53e-02
1.51482e+00 1.53e-02
1.51598e+00 1.54e-02
1.51612e+00 1.54e-02
1.51636e+00 1.53e-02
1.51649e+00 1.53e-02
1.51662e+00 1.53e-02
1.51675e+00 1.54e-02
1.51688e+00 1.54e-02
1.51702e+00 1.53e-02
1.51728e+00 1.54e-02
1.51752e+00 1.54e-02
1.51778e+00 1.55e-02
1.51805e+00 1.56e-02
1.51831e+00 1.56e-02
1.51855e+00 1.57e-02
1.51881e+00 1.58e-02
1.51908e+00 1.59e-02
1.51921e+00 1.60e-02
1.51934e+00 1.61e-02
1.51945e+00 1.60e-02
1.51971e+00 1.64e-02
1.51997e+00 1.68e-02
1.52010e+00 1.69e-02
1.52024e+00 1.67e-02
1.52048e+00 1.50e-02
1.52061e+00 1.45e-02
1.52074e+00 1.40e-02
1.52087e+00 1.38e-02
1.52100e+00 1.39e-02
1.52113e+00 1.39e-02
1.52139e+00 1.41e-02
1.52163e+00 1.42e-02
1.52190e+00 1.44e-02
1.52216e+00 1.45e-02
1.52229e+00 1.45e-02
1.52255e+00 1.46e-02
1.52281e+00 1.46e-02
1.52305e+00 1.46e-02
1.52318e+00 1.47e-02
1.52331e+00 1.46e-02
1.52357e+00 1.45e-02
1.52384e+00 1.48e-02
1.52397e+00 1.49e-02
1.52460e+00 1.49e-02
1.52486e+00 1.49e-02
1.52512e+00 1.49e-02
1.52538e+00 1.49e-02
1.52562e+00 1.50e-02
1.52588e+00 1.50e-02
1.52614e+00 1.50e-02
1.52640e+00 1.50e-02
1.52666e+00 1.50e-02
1.52690e+00 1.51e-02
1.52703e+00 1.54e-02
1.52716e+00 1.54e-02
1.52729e+00 1.49e-02
1.52742e+00 1.45e-02
1.52756e+00 1.47e-02
1.52769e+00 1.48e-02
1.52795e+00 1.48e-02
1.52808e+00 1.48e-02
1.52821e+00 1.48e-02
1.52831e+00 1.48e-02
1.52844e+00 1.48e-02
1.52910e+00 1.49e-02
1.52962e+00 1.48e-02
1.52988e+00 1.48e-02
1.52998e+00 1.48e-02
1.53011e+00 1.48e-02
1.53024e+00 1.47e-02
1.53037e+00 1.48e-02
1.53050e+00 1.49e-02
1.53076e+00 1.49e-02
1.53089e+00 1.49e-02
1.53385e+00 1.49e-02
1.53396e+00 1.49e-02
1.53409e+00 1.49e-02
1.53422e+00 1.49e-02
1.53461e+00 1.49e-02
1.53512e+00 1.49e-02
1.53525e+00 1.49e-02
1.53538e+00 1.48e-02
1.53564e+00 1.47e-02
1.53577e+00 1.48e-02
1.53603e+00 1.48e-02
1.53616e+00 1.48e-02
1.53794e+00 1.48e-02
1.53807e+00 1.48e-02
1.53820e+00 1.47e-02
1.53833e+00 1.47e-02
1.53846e+00 1.48e-02
1.53859e+00 1.48e-02
1.53884e+00 1.48e-02
1.53910e+00 1.49e-02
1.53936e+00 1.49e-02
1.53949e+00 1.49e-02
1.53962e+00 1.49e-02
1.53974e+00 1.48e-02
1.54000e+00 1.47e-02
1.54013e+00 1.47e-02
1.54024e+00 1.47e-02
1.54037e+00 1.47e-02
1.54062e+00 1.47e-02
1.54088e+00 1.48e-02
1.54101e+00 1.49e-02
1.54114e+00 1.49e-02
1.54139e+00 1.52e-02
1.54165e+00 1.56e-02
1.54178e+00 1.54e-02
1.54191e+00 1.46e-02
1.54204e+00 1.35e-02
1.54216e+00 1.32e-02
1.54242e+00 1.35e-02
1.54255e+00 1.36e-02
1.54268e+00 1.37e-02
1.54281e+00 1.37e-02
1.54293e+00 1.37e-02
1.54319e+00 1.38e-02
1.54332e+00 1.38e-02
1.54345e+00 1.39e-02
1.54358e+00 1.40e-02
1.54370e+00 1.41e-02
1.54383e+00 1.40e-02
1.54460e+00 1.40e-02
1.54511e+00 1.40e-02
1.54524e+00 1.41e-02
1.54537e+00 1.41e-02
1.54550e+00 1.42e-02
1.54562e+00 1.45e-02
1.54575e+00 1.34e-02
1.54588e+00 1.37e-02
1.54614e+00 1.37e-02
1.54626e+00 1.37e-02
1.54652e+00 1.37e-02
1.54665e+00 1.37e-02
1.54677e+00 1.37e-02
1.54690e+00 1.37e-02
1.54703e+00 1.38e-02
1.54716e+00 1.39e-02
1.54729e+00 1.36e-02
1.54741e+00 1.36e-02
1.54754e+00 1.36e-02
1.54780e+00 1.36e-02
1.54792e+00 1.36e-02
1.54831e+00 1.36e-02
1.55060e+00 1.35e-02
1.55073e+00 1.35e-02
1.55138e+00 1.35e-02
1.55151e+00 1.35e-02
1.55164e+00 1.35e-02
1.55177e+00 1.36e-02
1.55189e+00 1.35e-02
1.55215e+00 1.35e-02
1.55240e+00 1.35e-02
1.55253e+00 1.35e-02
1.55278e+00 1.35e-02
1.55291e+00 1.35e-02
1.55304e+00 1.35e-02
1.55316e+00 1.35e-02
1.55329e+00 1.35e-02
1.55342e+00 1.36e-02
1.55367e+00 1.37e-02
1.55380e+00 1.37e-02
1.55393e+00 1.39e-02
1.55405e+00 1.41e-02
1.55418e+00 1.42e-02
1.55431e+00 1.28e-02
1.55443e+00 1.21e-02
1.55456e+00 1.24e-02
1.55483e+00 1.26e-02
1.55496e+00 1.27e-02
1.55509e+00 1.28e-02
1.55521e+00 1.28e-02
1.55534e+00 1.27e-02
1.55547e+00 1.29e-02
1.55559e+00 1.30e-02
1.55585e+00 1.30e-02
1.55610e+00 1.30e-02
1.55623e+00 1.30e-02
1.55635e+00 1.31e-02
1.55648e+00 1.34e-02
1.55661e+00 1.25e-02
1.55673e+00 1.27e-02
1.55686e+00 1.28e-02
1.55713e+00 1.29e-02
1.55726e+00 1.29e-02
1.55739e+00 1.29e-02
1.55789e+00 1.29e-02
1.55802e+00 1.29e-02
1.55814e+00 1.29e-02
1.55827e+00 1.29e-02
1.55865e+00 1.29e-02
1.55878e+00 1.29e-02
1.55890e+00 1.28e-02
1.55903e+00 1.29e-02
1.55918e+00 1.28e-02
1.55930e+00 1.28e-02
1.55943e+00 1.29e-02
1.56044e+00 1.29e-02
1.56056e+00 1.29e-02
1.56069e+00 1.29e-02
1.56096e+00 1.29e-02
1.56109e+00 1.29e-02
1.56121e+00 1.29e-02
1.56147e+00 1.30e-02
1.56159e+00 1.31e-02
1.56172e+00 1.32e-02
1.56184e+00 1.32e-02
1.56197e+00 1.36e-02
1.56209e+00 1.32e-02
1.56222e+00 1.19e-02
1.56235e+00 1.22e-02
1.56249e+00 1.24e-02
1.56262e+00 1.25e-02
1.56274e+00 1.25e-02
1.56287e+00 1.26e-02
1.56300e+00 1.26e-02
1.56312e+00 1.27e-02
1.56325e+00 1.27e-02
1.56337e+00 1.27e-02
1.56350e+00 1.32e-02
1.56362e+00 1.21e-02
1.56375e+00 1.25e-02
1.56390e+00 1.26e-02
1.56402e+00 1.26e-02
1.56427e+00 1.26e-02
1.56452e+00 1.26e-02
1.56478e+00 1.27e-02
1.56503e+00 1.27e-02
1.56530e+00 1.27e-02
1.56555e+00 1.27e-02
1.56580e+00 1.27e-02
1.56605e+00 1.28e-02
1.56630e+00 1.28e-02
1.56657e+00 1.28e-02
1.56670e+00 1.28e-02
1.56682e+00 1.29e-02
1.56695e+00 1.29e-02
1.56707e+00 1.30e-02
1.56720e+00 1.32e-02
1.56732e+00 1.30e-02
1.56745e+00 1.20e-02
1.56759e+00 1.23e-02
1.56784e+00 1.25e-02
1.56797e+00 1.26e-02
1.56822e+00 1.27e-02
1.56835e+00 1.29e-02
1.56847e+00 1.23e-02
1.56862e+00 1.26e-02
1.56874e+00 1.26e-02
1.56899e+00 1.27e-02
1.56924e+00 1.27e-02
1.56949e+00 1.27e-02
1.56976e+00 1.28e-02
1.57001e+00 1.28e-02
1.57026e+00 1.28e-02
1.57051e+00 1.29e-02
1.57066e+00 1.29e-02
1.57078e+00 1.30e-02
1.57090e+00 1.31e-02
1.57103e+00 1.35e-02
1.57115e+00 1.23e-02
1.57128e+00 1.24e-02
1.57140e+00 1.26e-02
1.57155e+00 1.27e-02
1.57167e+00 1.28e-02
1.57180e+00 1.29e-02
1.57485e+00 1.30e-02
1.57677e+00 1.30e-02
1.57791e+00 1.31e-02
1.57867e+00 1.30e-02
1.58022e+00 1.30e-02
1.58046e+00 1.30e-02
1.58071e+00 1.30e-02
1.58098e+00 1.30e-02
1.58110e+00 1.30e-02
1.58135e+00 1.30e-02
1.58161e+00 1.29e-02
1.58174e+00 1.29e-02
1.58198e+00 1.28e-02
1.58225e+00 1.28e-02
1.58250e+00 1.28e-02
1.58277e+00 1.28e-02
1.58301e+00 1.28e-02
1.58326e+00 1.27e-02
1.58353e+00 1.27e-02
1.58377e+00 1.27e-02
1.58404e+00 1.27e-02
1.58428e+00 1.27e-02
1.58453e+00 1.26e-02
1.58480e+00 1.26e-02
1.58504e+00 1.26e-02
1.58531e+00 1.26e-02
1.58555e+00 1.25e-02
1.58582e+00 1.25e-02
1.58607e+00 1.25e-02
1.58633e+00 1.25e-02
1.58658e+00 1.24e-02
1.58682e+00 1.24e-02
1.58709e+00 1.24e-02
1.58734e+00 1.23e-02
1.58760e+00 1.23e-02
1.58785e+00 1.23e-02
1.58811e+00 1.23e-02
1.58836e+00 1.22e-02
1.58862e+00 1.22e-02
1.58887e+00 1.22e-02
1.58913e+00 1.22e-02
1.58938e+00 1.21e-02
1.58964e+00 1.21e-02
1.58989e+00 1.21e-02
1.59015e+00 1.21e-02
1.59040e+00 1.21e-02
1.59066e+00 1.20e-02
1.59091e+00 1.20e-02
1.59117e+00 1.20e-02
1.59142e+00 1.20e-02
1.59168e+00 1.20e-02
1.59193e+00 1.19e-02
1.59219e+00 1.19e-02
1.59243e+00 1.19e-02
1.59410e+00 1.18e-02
1.59550e+00 1.18e-02
1.59690e+00 1.18e-02
1.59716e+00 1.19e-02
1.59728e+00 1.19e-02
1.59805e+00 1.19e-02
1.59856e+00 1.19e-02
1.59882e+00 1.19e-02
1.59906e+00 1.19e-02
1.59933e+00 1.20e-02
1.59957e+00 1.20e-02
1.59983e+00 1.20e-02
1.60009e+00 1.20e-02
1.60034e+00 1.20e-02
1.60060e+00 1.21e-02
1.60086e+00 1.21e-02
1.60110e+00 1.21e-02
1.60137e+00 1.21e-02
1.60161e+00 1.21e-02
1.60187e+00 1.22e-02
1.60213e+00 1.22e-02
1.60237e+00 1.22e-02
1.60263e+00 1.22e-02
1.60290e+00 1.22e-02
1.60314e+00 1.23e-02
1.60340e+00 1.23e-02
1.60366e+00 1.23e-02
1.60390e+00 1.24e-02
1.60416e+00 1.24e-02
1.60443e+00 1.24e-02
1.60469e+00 1.24e-02
1.60493e+00 1.24e-02
1.60519e+00 1.25e-02
1.60545e+00 1.25e-02
1.60569e+00 1.25e-02
1.60583e+00 1.25e-02
1.60800e+00 1.26e-02
1.60888e+00 1.26e-02
1.61054e+00 1.26e-02
1.61080e+00 1.26e-02
1.61106e+00 1.26e-02
1.61132e+00 1.26e-02
1.61156e+00 1.25e-02
1.61182e+00 1.25e-02
1.61347e+00 1.24e-02
1.61425e+00 1.24e-02
1.61462e+00 1.25e-02
1.61488e+00 1.25e-02
1.61514e+00 1.24e-02
1.61540e+00 1.24e-02
1.61552e+00 1.24e-02
1.61616e+00 1.24e-02
1.61667e+00 1.24e-02
1.61756e+00 1.25e-02
1.61808e+00 1.25e-02
1.61834e+00 1.25e-02
1.61860e+00 1.26e-02
1.61883e+00 1.26e-02
1.61909e+00 1.26e-02
1.61935e+00 1.27e-02
1.61961e+00 1.27e-02
1.61986e+00 1.27e-02
1.62012e+00 1.28e-02
1.62038e+00 1.28e-02
1.62050e+00 1.28e-02
1.62075e+00 1.29e-02
1.62101e+00 1.29e-02
1.62127e+00 1.30e-02
1.62152e+00 1.30e-02
1.62178e+00 1.30e-02
1.62204e+00 1.31e-02
1.62229e+00 1.32e-02
1.62255e+00 1.32e-02
1.62281e+00 1.33e-02
1.62306e+00 1.33e-02
1.62332e+00 1.34e-02
1.62358e+00 1.34e-02
1.62383e+00 1.35e-02
1.62409e+00 1.35e-02
1.62433e+00 1.36e-02
1.62458e+00 1.36e-02
1.62484e+00 1.36e-02
1.62509e+00 1.37e-02
1.62535e+00 1.37e-02
1.62561e+00 1.37e-02
1.62586e+00 1.38e-02
1.62612e+00 1.38e-02
1.62651e+00 1.38e-02
1.62702e+00 1.38e-02
1.62740e+00 1.38e-02
1.62765e+00 1.38e-02
1.62793e+00 1.38e-02
1.62818e+00 1.37e-02
1.62844e+00 1.37e-02
1.62869e+00 1.37e-02
1.62895e+00 1.36e-02
1.62920e+00 1.36e-02
1.62946e+00 1.36e-02
1.62971e+00 1.35e-02
1.62997e+00 1.35e-02
1.63022e+00 1.35e-02
1.63048e+00 1.34e-02
1.63073e+00 1.34e-02
1.63098e+00 1.33e-02
1.63124e+00 1.33e-02
1.63149e+00 1.33e-02
1.63175e+00 1.32e-02
1.63202e+00 1.32e-02
1.63214e+00 1.32e-02
1.63239e+00 1.32e-02
1.63265e+00 1.31e-02
1.63290e+00 1.31e-02
1.63315e+00 1.31e-02
1.63343e+00 1.30e-02
1.63368e+00 1.30e-02
1.63394e+00 1.30e-02
1.63419e+00 1.30e-02
1.63444e+00 1.29e-02
1.63458e+00 1.29e-02
1.63483e+00 1.29e-02
1.63495e+00 1.29e-02
1.63548e+00 1.29e-02
1.63573e+00 1.29e-02
1.63585e+00 1.29e-02
1.63612e+00 1.29e-02
1.63624e+00 1.29e-02
1.63803e+00 1.28e-02
1.63830e+00 1.28e-02
1.63855e+00 1.28e-02
1.63880e+00 1.28e-02
1.63905e+00 1.27e-02
1.63931e+00 1.27e-02
1.63958e+00 1.26e-02
1.63983e+00 1.25e-02
1.63995e+00 1.25e-02
1.64008e+00 1.25e-02
1.64022e+00 1.58e-02
1.64034e+00 1.58e-02
1.64059e+00 1.56e-02
1.64086e+00 1.55e-02
1.64111e+00 1.54e-02
1.64136e+00 1.53e-02
1.64161e+00 1.52e-02
1.64189e+00 1.51e-02
1.64214e+00 1.50e-02
1.64239e+00 1.48e-02
1.64264e+00 1.47e-02
1.64291e+00 1.46e-02
1.64316e+00 1.45e-02
1.64341e+00 1.44e-02
1.64368e+00 1.43e-02
1.64394e+00 1.41e-02
1.64419e+00 1.40e-02
1.64444e+00 1.39e-02
1.64471e+00 1.38e-02
1.64496e+00 1.37e-02
1.64521e+00 1.36e-02
1.64548e+00 1.35e-02
1.64573e+00 1.34e-02
1.64598e+00 1.33e-02
1.64625e+00 1.32e-02
1.64650e+00 1.31e-02
1.64675e+00 1.30e-02
1.64702e+00 1.30e-02
1.64727e+00 1.29e-02
1.64752e+00 1.29e-02
1.64766e+00 1.28e-02
1.64779e+00 1.28e-02
1.64791e+00 1.27e-02
1.64818e+00 1.27e-02
1.64829e+00 1.26e-02
1.64843e+00 1.26e-02
1.64856e+00 1.26e-02
1.64881e+00 1.25e-02
1.64906e+00 1.24e-02
1.64933e+00 1.24e-02
1.64958e+00 1.23e-02
1.64985e+00 1.22e-02
1.65010e+00 1.22e-02
1.65035e+00 1.21e-02
1.65062e+00 1.21e-02
1.65087e+00 1.20e-02
1.65114e+00 1.20e-02
1.65139e+00 1.19e-02
1.65163e+00 1.19e-02
1.65190e+00 1.18e-02
1.65215e+00 1.18e-02
1.65242e+00 1.17e-02
1.65267e+00 1.17e-02
1.65294e+00 1.16e-02
1.65319e+00 1.16e-02
1.65345e+00 1.16e-02
1.65370e+00 1.15e-02
1.65395e+00 1.15e-02
1.65409e+00 1.15e-02
1.65422e+00 1.14e-02
1.65435e+00 1.14e-02
1.65460e+00 1.14e-02
1.65487e+00 1.13e-02
1.65512e+00 1.13e-02
1.65539e+00 1.13e-02
1.65563e+00 1.12e-02
1.65590e+00 1.12e-02
1.65615e+00 1.12e-02
1.65642e+00 1.11e-02
1.65666e+00 1.11e-02
1.65693e+00 1.10e-02
1.65705e+00 1.11e-02
1.65718e+00 1.10e-02
1.65731e+00 1.10e-02
1.65756e+00 1.10e-02
1.65783e+00 1.09e-02
1.65796e+00 1.09e-02
1.65821e+00 1.09e-02
1.65834e+00 1.09e-02
1.65859e+00 1.08e-02
1.65886e+00 1.08e-02
1.65899e+00 1.08e-02
1.65912e+00 1.08e-02
1.65924e+00 1.08e-02
1.65937e+00 1.08e-02
1.65950e+00 1.08e-02
1.65975e+00 1.07e-02
1.66002e+00 1.07e-02
1.66028e+00 1.07e-02
1.66053e+00 1.07e-02
1.66066e+00 1.06e-02
1.66080e+00 1.06e-02
1.66104e+00 1.06e-02
1.66131e+00 1.06e-02
1.66157e+00 1.05e-02
1.66182e+00 1.05e-02
1.66195e+00 1.05e-02
1.66209e+00 1.05e-02
1.66222e+00 1.05e-02
1.66247e+00 1.05e-02
1.66273e+00 1.04e-02
1.66298e+00 1.04e-02
1.66324e+00 1.04e-02
1.66351e+00 1.04e-02
1.66362e+00 1.04e-02
1.66415e+00 1.04e-02
1.66429e+00 1.03e-02
1.66453e+00 1.03e-02
1.66480e+00 1.03e-02
1.66506e+00 1.03e-02
1.66531e+00 1.02e-02
1.66557e+00 1.02e-02
1.66570e+00 1.02e-02
1.66584e+00 1.02e-02
1.66595e+00 1.02e-02
1.66608e+00 1.02e-02
1.66635e+00 1.02e-02
1.66648e+00 1.01e-02
1.66673e+00 1.01e-02
1.66699e+00 1.01e-02
1.66803e+00 1.01e-02
1.66829e+00 1.00e-02
1.66854e+00 9.98e-03
1.66880e+00 9.94e-03
1.66906e+00 9.92e-03
1.66920e+00 9.91e-03
1.66933e+00 9.91e-03
1.66957e+00 9.89e-03
1.67050e+00 9.86e-03
1.67061e+00 9.86e-03
1.67074e+00 9.84e-03
1.67087e+00 9.84e-03
1.67100e+00 9.88e-03
1.67113e+00 9.82e-03
1.67127e+00 9.80e-03
1.67153e+00 9.78e-03
1.67177e+00 9.76e-03
1.67204e+00 9.75e-03
1.67230e+00 9.73e-03
1.67256e+00 9.72e-03
1.67283e+00 9.71e-03
1.67307e+00 9.69e-03
1.67333e+00 9.67e-03
1.67360e+00 9.65e-03
1.67412e+00 9.63e-03
1.67425e+00 9.61e-03
1.67438e+00 9.65e-03
1.67463e+00 9.59e-03
1.67476e+00 9.57e-03
1.67502e+00 9.55e-03
1.67528e+00 9.53e-03
1.67554e+00 9.52e-03
1.67581e+00 9.51e-03
1.67607e+00 9.49e-03
1.67633e+00 9.47e-03
1.67657e+00 9.45e-03
1.67683e+00 9.43e-03
1.67697e+00 9.42e-03
1.67710e+00 9.42e-03
1.67736e+00 9.42e-03
1.67749e+00 9.40e-03
1.67762e+00 9.39e-03
1.67775e+00 9.39e-03
1.67801e+00 9.37e-03
1.67814e+00 9.36e-03
1.67827e+00 9.39e-03
1.67840e+00 9.39e-03
1.67853e+00 9.34e-03
1.67880e+00 9.33e-03
1.67893e+00 9.31e-03
1.67917e+00 9.29e-03
1.67930e+00 9.28e-03
1.67943e+00 9.29e-03
1.67956e+00 9.31e-03
1.67969e+00 9.29e-03
1.67995e+00 9.27e-03
1.68021e+00 9.26e-03
1.68034e+00 9.25e-03
1.68047e+00 9.26e-03
1.68060e+00 9.26e-03
1.68073e+00 9.22e-03
1.68087e+00 9.21e-03
1.68113e+00 9.19e-03
1.68139e+00 9.18e-03
1.68308e+00 9.13e-03
1.68321e+00 9.11e-03
1.68334e+00 9.11e-03
1.68347e+00 9.13e-03
1.68360e+00 9.10e-03
1.68386e+00 9.07e-03
1.68399e+00 9.07e-03
1.68412e+00 9.05e-03
1.68425e+00 9.05e-03
1.68451e+00 9.05e-03
1.68464e+00 9.06e-03
1.68477e+00 9.08e-03
1.68490e+00 9.04e-03
1.68503e+00 9.02e-03
1.68529e+00 9.00e-03
1.68555e+00 8.99e-03
1.68582e+00 8.97e-03
1.68595e+00 8.96e-03
1.68647e+00 8.96e-03
1.68660e+00 8.98e-03
1.68673e+00 8.94e-03
1.68686e+00 8.94e-03
1.68699e+00 8.96e-03
1.68712e+00 8.92e-03
1.68777e+00 8.91e-03
1.68790e+00 8.93e-03
1.68803e+00 8.92e-03
1.68829e+00 8.89e-03
1.68856e+00 8.87e-03
1.68882e+00 8.86e-03
1.68908e+00 8.85e-03
1.68934e+00 8.84e-03
1.68960e+00 8.83e-03
1.68986e+00 8.81e-03
1.69011e+00 8.80e-03
1.69039e+00 8.79e-03
1.69065e+00 8.78e-03
1.69104e+00 8.77e-03
1.69155e+00 8.75e-03
1.69170e+00 8.74e-03
1.69183e+00 8.73e-03
1.69196e+00 8.76e-03
1.69209e+00 8.73e-03
1.69222e+00 8.72e-03
1.69352e+00 8.67e-03
1.69378e+00 8.66e-03
1.69405e+00 8.65e-03
1.69431e+00 8.64e-03
1.69457e+00 8.62e-03
1.69483e+00 8.61e-03
1.69679e+00 8.56e-03
1.69706e+00 8.56e-03
1.69732e+00 8.57e-03
1.69758e+00 8.58e-03
1.69771e+00 8.57e-03
1.69798e+00 8.52e-03
1.69811e+00 8.50e-03
1.69836e+00 8.49e-03
1.69864e+00 8.48e-03
1.69877e+00 8.51e-03
1.69889e+00 8.50e-03
1.69902e+00 8.46e-03
1.69942e+00 8.45e-03
1.70008e+00 8.43e-03
1.70034e+00 8.41e-03
1.70047e+00 8.42e-03
1.70074e+00 8.40e-03
1.70100e+00 8.38e-03
1.70125e+00 8.37e-03
1.70152e+00 8.36e-03
1.70165e+00 8.35e-03
1.70178e+00 8.36e-03
1.70191e+00 8.43e-03
1.70205e+00 8.37e-03
1.70231e+00 8.35e-03
1.70256e+00 8.33e-03
1.70271e+00 8.35e-03
1.70284e+00 8.37e-03
1.70296e+00 8.31e-03
1.70324e+00 8.30e-03
1.70349e+00 8.28e-03
1.70375e+00 8.27e-03
1.70402e+00 8.26e-03
1.70415e+00 8.26e-03
1.70455e+00 8.26e-03
1.70468e+00 8.27e-03
1.70480e+00 8.25e-03
1.70495e+00 8.25e-03
1.70508e+00 8.26e-03
1.70520e+00 8.23e-03
1.70533e+00 8.22e-03
1.70638e+00 8.21e-03
1.70666e+00 8.19e-03
1.70691e+00 8.18e-03
1.70718e+00 8.16e-03
1.70744e+00 8.16e-03
1.70758e+00 8.15e-03
1.70771e+00 8.15e-03
1.70783e+00 8.16e-03
1.70811e+00 8.14e-03
1.70836e+00 8.13e-03
1.70983e+00 8.09e-03
1.70995e+00 8.10e-03
1.71008e+00 8.12e-03
1.71022e+00 8.11e-03
1.71035e+00 8.08e-03
1.71060e+00 8.07e-03
1.71087e+00 8.06e-03
1.71127e+00 8.04e-03
1.71194e+00 8.03e-03
1.71234e+00 8.03e-03
1.71246e+00 8.20e-03
1.71273e+00 8.74e-03
1.71286e+00 9.01e-03
1.71313e+00 9.57e-03
1.71326e+00 9.43e-03
1.71338e+00 9.20e-03
1.71365e+00 8.73e-03
1.71392e+00 8.26e-03
1.71405e+00 8.05e-03
1.71432e+00 8.02e-03
1.71457e+00 7.99e-03
1.71472e+00 7.98e-03
1.71484e+00 7.98e-03
1.71497e+00 8.00e-03
1.71511e+00 7.95e-03
1.71524e+00 7.94e-03
1.71551e+00 7.92e-03
1.71578e+00 7.90e-03
1.71775e+00 7.85e-03
1.71802e+00 7.85e-03
1.71829e+00 7.86e-03
1.71842e+00 7.89e-03
1.71856e+00 7.88e-03
1.71883e+00 7.83e-03
1.71896e+00 7.80e-03
1.71922e+00 7.79e-03
1.71949e+00 7.78e-03
1.72042e+00 7.76e-03
1.72175e+00 7.74e-03
1.72187e+00 7.74e-03
1.72214e+00 7.75e-03
1.72241e+00 7.73e-03
1.72255e+00 7.72e-03
1.72614e+00 7.66e-03
1.72788e+00 7.64e-03
1.72935e+00 7.65e-03
1.72962e+00 7.66e-03
1.72974e+00 7.66e-03
1.72988e+00 7.68e-03
1.73001e+00 7.72e-03
1.73015e+00 7.71e-03
1.73029e+00 7.67e-03
1.73056e+00 7.67e-03
1.73082e+00 7.68e-03
1.73109e+00 7.69e-03
1.73135e+00 7.70e-03
1.73162e+00 7.72e-03
1.73189e+00 7.73e-03
1.73215e+00 7.75e-03
1.73243e+00 7.77e-03
1.73270e+00 7.79e-03
1.73296e+00 7.81e-03
1.73323e+00 7.84e-03
1.73349e+00 7.86e-03
1.73376e+00 7.89e-03
1.73404e+00 7.92e-03
1.73431e+00 7.94e-03
1.73457e+00 7.96e-03
1.73484e+00 7.98e-03
1.73510e+00 8.00e-03
1.73538e+00 8.03e-03
1.73565e+00 8.05e-03
1.73591e+00 8.07e-03
1.73618e+00 8.10e-03
1.73646e+00 8.11e-03
1.73672e+00 8.12e-03
1.73699e+00 8.14e-03
1.73713e+00 8.18e-03
1.73725e+00 8.17e-03
1.73739e+00 8.14e-03
1.73794e+00 8.15e-03
1.73820e+00 8.17e-03
1.73834e+00 8.17e-03
1.73860e+00 8.15e-03
1.73875e+00 8.14e-03
1.73901e+00 8.10e-03
1.73927e+00 8.09e-03
1.73955e+00 8.07e-03
1.73982e+00 8.04e-03
1.74008e+00 8.01e-03
1.74036e+00 7.98e-03
1.74062e+00 7.95e-03
1.74089e+00 7.93e-03
1.74117e+00 7.90e-03
1.74143e+00 7.88e-03
1.74171e+00 7.86e-03
1.74183e+00 7.86e-03
1.74197e+00 7.82e-03
1.74224e+00 7.79e-03
1.74252e+00 7.77e-03
1.74278e+00 7.75e-03
1.74306e+00 7.73e-03
1.74332e+00 7.71e-03
1.74360e+00 7.69e-03
1.74372e+00 7.68e-03
1.74400e+00 7.67e-03
1.74414e+00 7.64e-03
1.74441e+00 7.62e-03
1.74467e+00 7.59e-03
1.74495e+00 7.57e-03
1.74509e+00 7.56e-03
1.74521e+00 7.58e-03
1.74535e+00 7.55e-03
1.74549e+00 7.53e-03
1.74575e+00 7.51e-03
1.74603e+00 7.50e-03
1.74629e+00 7.48e-03
1.74657e+00 7.47e-03
1.74685e+00 7.46e-03
1.74711e+00 7.45e-03
1.74739e+00 7.44e-03
1.74765e+00 7.42e-03
1.74793e+00 7.41e-03
1.74819e+00 7.40e-03
1.74847e+00 7.39e-03
1.74875e+00 7.37e-03
1.74901e+00 7.36e-03
1.74929e+00 7.35e-03
1.74955e+00 7.34e-03
1.74983e+00 7.33e-03
1.75010e+00 7.32e-03
1.75036e+00 7.31e-03
1.75064e+00 7.30e-03
1.75092e+00 7.29e-03
1.75118e+00 7.28e-03
1.75146e+00 7.27e-03
1.75582e+00 7.17e-03
1.75596e+00 7.18e-03
1.75608e+00 7.17e-03
1.75691e+00 7.16e-03
1.75719e+00 7.15e-03
1.75746e+00 7.14e-03
1.75772e+00 7.13e-03
1.75979e+00 7.10e-03
1.76142e+00 7.09e-03
1.76156e+00 7.07e-03
1.76307e+00 7.07e-03
1.76321e+00 7.09e-03
1.76334e+00 7.07e-03
1.76375e+00 7.08e-03
1.76403e+00 7.07e-03
1.76430e+00 7.05e-03
1.76444e+00 7.05e-03
1.76458e+00 7.03e-03
1.76583e+00 7.01e-03
1.76610e+00 7.02e-03
1.76637e+00 7.03e-03
1.76719e+00 7.05e-03
1.76747e+00 7.07e-03
1.76774e+00 7.23e-03
1.76789e+00 7.29e-03
1.76803e+00 7.32e-03
1.76817e+00 7.35e-03
1.76830e+00 7.26e-03
1.76844e+00 7.14e-03
1.76858e+00 7.04e-03
1.76885e+00 7.02e-03
1.76926e+00 7.01e-03
1.77037e+00 7.00e-03
1.77050e+00 7.01e-03
1.77065e+00 7.01e-03
1.77079e+00 7.00e-03
1.77120e+00 7.00e-03
1.77134e+00 7.02e-03
1.77147e+00 7.00e-03
1.77287e+00 7.00e-03
1.77314e+00 7.01e-03
1.77341e+00 7.02e-03
1.77356e+00 7.03e-03
1.77397e+00 7.02e-03
1.77424e+00 7.03e-03
1.77453e+00 7.05e-03
1.77480e+00 7.08e-03
1.77509e+00 7.09e-03
1.77536e+00 7.10e-03
1.77563e+00 7.12e-03
1.77578e+00 7.13e-03
1.77605e+00 7.16e-03
1.77619e+00 7.18e-03
1.77632e+00 7.20e-03
1.77648e+00 7.21e-03
1.77675e+00 7.25e-03
1.77703e+00 7.29e-03
1.77731e+00 7.33e-03
1.77758e+00 7.39e-03
1.77786e+00 7.44e-03
1.77813e+00 7.48e-03
1.77842e+00 7.50e-03
1.77869e+00 7.51e-03
1.77884e+00 7.52e-03
1.77911e+00 7.51e-03
1.77925e+00 7.48e-03
1.77954e+00 7.44e-03
1.77980e+00 7.40e-03
1.78009e+00 7.36e-03
1.78038e+00 7.32e-03
1.78065e+00 7.28e-03
1.78078e+00 7.26e-03
1.78093e+00 7.25e-03
1.78107e+00 7.25e-03
1.78136e+00 7.21e-03
1.78162e+00 7.28e-03
1.78176e+00 7.18e-03
1.78191e+00 7.17e-03
1.78205e+00 7.15e-03
1.78218e+00 7.14e-03
1.78247e+00 7.12e-03
1.78275e+00 7.10e-03
1.78302e+00 7.09e-03
1.78317e+00 7.09e-03
1.78386e+00 7.08e-03
1.78443e+00 7.09e-03
1.78457e+00 7.11e-03
1.78470e+00 7.09e-03
1.78485e+00 7.09e-03
1.78499e+00 7.09e-03
1.78512e+00 7.08e-03
1.78583e+00 7.08e-03
1.78596e+00 7.09e-03
1.78611e+00 7.08e-03
1.78681e+00 7.10e-03
1.78710e+00 7.10e-03
1.78723e+00 7.08e-03
1.78752e+00 7.07e-03
1.78765e+00 7.07e-03
1.78822e+00 7.07e-03
1.78835e+00 7.08e-03
1.78850e+00 7.06e-03
1.78864e+00 7.06e-03
1.78877e+00 7.06e-03
1.78934e+00 7.07e-03
1.78949e+00 7.08e-03
1.78962e+00 7.07e-03
1.78976e+00 7.08e-03
1.79004e+00 7.08e-03
1.79019e+00 7.09e-03
1.79033e+00 7.08e-03
1.79061e+00 7.08e-03
1.79089e+00 7.09e-03
1.79118e+00 7.12e-03
1.79131e+00 7.13e-03
1.79146e+00 7.14e-03
1.79159e+00 7.11e-03
1.79174e+00 7.09e-03
1.79216e+00 7.09e-03
1.79244e+00 7.10e-03
1.79259e+00 7.11e-03
1.79273e+00 7.18e-03
1.79288e+00 7.25e-03
1.79316e+00 7.15e-03
1.79329e+00 7.10e-03
1.79344e+00 7.10e-03
1.79357e+00 7.11e-03
1.79372e+00 7.11e-03
1.79386e+00 7.10e-03
1.79442e+00 7.10e-03
1.79457e+00 7.13e-03
1.79514e+00 7.14e-03
1.79542e+00 7.16e-03
1.79570e+00 7.17e-03
1.79598e+00 7.19e-03
1.79627e+00 7.21e-03
1.79642e+00 7.22e-03
1.79655e+00 7.23e-03
1.79683e+00 7.27e-03
1.79711e+00 7.30e-03
1.79726e+00 7.32e-03
1.79739e+00 7.34e-03
1.79754e+00 7.38e-03
1.79769e+00 7.42e-03
1.79782e+00 7.47e-03
1.79811e+00 7.58e-03
1.79839e+00 7.68e-03
1.79869e+00 7.71e-03
1.79882e+00 7.72e-03
1.79897e+00 7.70e-03
1.79910e+00 7.67e-03
1.79940e+00 7.57e-03
1.79968e+00 7.49e-03
1.79996e+00 7.44e-03
1.80024e+00 7.39e-03
1.80054e+00 7.35e-03
1.80082e+00 7.33e-03
1.80110e+00 7.31e-03
1.80125e+00 7.30e-03
1.80138e+00 7.30e-03
1.80153e+00 7.30e-03
1.80168e+00 7.36e-03
1.80181e+00 7.31e-03
1.80211e+00 7.32e-03
1.80224e+00 7.32e-03
1.80352e+00 7.32e-03
1.80367e+00 7.32e-03
1.80482e+00 7.34e-03
1.80510e+00 7.34e-03
1.80525e+00 7.36e-03
1.80538e+00 7.38e-03
1.80553e+00 7.37e-03
1.80568e+00 7.35e-03
1.80596e+00 7.36e-03
1.80611e+00 7.37e-03
1.80625e+00 7.39e-03
1.80639e+00 7.78e-03
1.80653e+00 7.53e-03
1.80668e+00 7.40e-03
1.80683e+00 7.40e-03
1.80696e+00 7.42e-03
1.80711e+00 7.42e-03
1.80726e+00 7.41e-03
1.80753e+00 7.41e-03
1.80783e+00 7.42e-03
1.80811e+00 7.44e-03
1.80840e+00 7.47e-03
1.80855e+00 7.49e-03
1.80868e+00 7.53e-03
1.80883e+00 7.58e-03
1.80898e+00 7.74e-03
1.80912e+00 7.62e-03
1.80927e+00 7.66e-03
1.80940e+00 7.71e-03
1.80955e+00 7.79e-03
1.80970e+00 7.86e-03
1.80984e+00 7.92e-03
1.80999e+00 7.94e-03
1.81012e+00 7.92e-03
1.81027e+00 7.85e-03
1.81042e+00 7.78e-03
1.81056e+00 7.72e-03
1.81071e+00 7.69e-03
1.81084e+00 7.64e-03
1.81114e+00 7.60e-03
1.81128e+00 7.59e-03
1.81158e+00 7.57e-03
1.81200e+00 7.56e-03
1.81244e+00 7.55e-03
1.81257e+00 7.56e-03
1.81272e+00 7.58e-03
1.81287e+00 7.54e-03
1.81316e+00 7.55e-03
1.81331e+00 7.55e-03
1.81346e+00 7.58e-03
1.81359e+00 7.54e-03
1.81432e+00 7.55e-03
1.81447e+00 7.56e-03
1.81461e+00 8.17e-03
1.81474e+00 7.55e-03
1.81489e+00 7.54e-03
1.81504e+00 7.55e-03
1.81518e+00 7.57e-03
1.81533e+00 7.57e-03
1.81548e+00 7.57e-03
1.81577e+00 7.60e-03
1.81592e+00 7.61e-03
1.81606e+00 7.63e-03
1.81619e+00 7.67e-03
1.81634e+00 7.73e-03
1.81648e+00 7.83e-03
1.81663e+00 7.94e-03
1.81678e+00 8.02e-03
1.81692e+00 8.00e-03
1.81722e+00 7.81e-03
1.81736e+00 7.72e-03
1.81751e+00 7.64e-03
1.81780e+00 7.59e-03
1.81795e+00 7.58e-03
1.81809e+00 7.56e-03
1.81939e+00 7.55e-03
1.81954e+00 7.57e-03
1.81968e+00 7.54e-03
1.81983e+00 7.58e-03
1.81997e+00 7.68e-03
1.82012e+00 7.54e-03
1.82027e+00 7.57e-03
1.82041e+00 7.58e-03
1.82070e+00 7.60e-03
1.82099e+00 7.65e-03
1.82114e+00 7.76e-03
1.82129e+00 7.90e-03
1.82143e+00 8.00e-03
1.82158e+00 7.90e-03
1.82172e+00 7.71e-03
1.82203e+00 7.59e-03
1.82218e+00 7.56e-03
1.82247e+00 7.54e-03
1.82261e+00 7.52e-03
1.82334e+00 7.52e-03
1.82348e+00 7.54e-03
1.82363e+00 7.53e-03
1.82377e+00 7.53e-03
1.82392e+00 7.56e-03
1.82407e+00 7.53e-03
1.82421e+00 7.56e-03
1.82436e+00 7.66e-03
1.82452e+00 7.87e-03
1.82466e+00 7.93e-03
1.82481e+00 7.71e-03
1.82495e+00 7.56e-03
1.82524e+00 7.50e-03
1.82539e+00 7.48e-03
1.82568e+00 7.46e-03
1.82582e+00 7.45e-03
1.82598e+00 7.47e-03
1.82613e+00 7.46e-03
1.82627e+00 7.46e-03
1.82700e+00 7.46e-03
1.82716e+00 7.45e-03
1.82774e+00 7.46e-03
1.82788e+00 7.46e-03
1.82819e+00 7.45e-03
1.82833e+00 7.45e-03
1.82848e+00 7.44e-03
1.82907e+00 7.45e-03
1.82922e+00 7.46e-03
1.82936e+00 7.45e-03
1.82965e+00 7.44e-03
1.82981e+00 7.43e-03
1.83039e+00 7.43e-03
1.83069e+00 7.41e-03
1.83084e+00 7.40e-03
1.83112e+00 7.41e-03
1.83143e+00 7.38e-03
1.83157e+00 7.38e-03
1.83172e+00 7.38e-03
1.83202e+00 7.37e-03
1.83231e+00 7.36e-03
1.83261e+00 7.35e-03
1.83290e+00 7.34e-03
1.83321e+00 7.33e-03
1.83349e+00 7.32e-03
1.83380e+00 7.31e-03
1.83410e+00 7.30e-03
1.83439e+00 7.29e-03
1.83469e+00 7.28e-03
1.83498e+00 7.27e-03
1.83528e+00 7.26e-03
1.83558e+00 7.24e-03
1.83587e+00 7.23e-03
1.83617e+00 7.22e-03
1.83662e+00 7.20e-03
1.83737e+00 7.19e-03
1.83782e+00 7.19e-03
1.83796e+00 7.19e-03
1.83826e+00 7.15e-03
1.83855e+00 7.12e-03
1.83871e+00 7.10e-03
1.83885e+00 7.09e-03
1.83915e+00 7.08e-03
1.83945e+00 7.07e-03
1.83976e+00 7.06e-03
1.84004e+00 7.05e-03
1.84034e+00 7.04e-03
1.84064e+00 7.03e-03
1.84095e+00 7.02e-03
1.84125e+00 7.01e-03
1.84155e+00 7.00e-03
1.84185e+00 6.99e-03
1.84215e+00 6.98e-03
1.84244e+00 6.97e-03
1.84274e+00 6.96e-03
1.84304e+00 6.95e-03
1.84334e+00 6.94e-03
1.84364e+00 6.93e-03
1.84394e+00 6.92e-03
1.84424e+00 6.91e-03
1.84454e+00 6.90e-03
1.84484e+00 6.89e-03
1.84514e+00 6.88e-03
1.84544e+00 6.87e-03
1.84576e+00 6.86e-03
1.84606e+00 6.85e-03
1.84636e+00 6.84e-03
1.84666e+00 6.83e-03
1.84696e+00 6.82e-03
1.84726e+00 6.81e-03
1.84756e+00 6.80e-03
1.84786e+00 6.79e-03
1.84817e+00 6.78e-03
1.84847e+00 6.77e-03
1.84877e+00 6.76e-03
1.84907e+00 6.75e-03
1.84937e+00 6.74e-03
1.84968e+00 6.73e-03
1.84998e+00 6.72e-03
1.85028e+00 6.71e-03
1.85059e+00 6.70e-03
1.85089e+00 6.70e-03
1.85119e+00 6.69e-03
1.85151e+00 6.68e-03
1.85180e+00 6.67e-03
1.85210e+00 6.66e-03
1.85242e+00 6.65e-03
1.85271e+00 6.64e-03
1.85301e+00 6.63e-03
1.85332e+00 6.63e-03
1.85362e+00 6.62e-03
1.85394e+00 6.61e-03
1.85423e+00 6.60e-03
1.85455e+00 6.60e-03
1.85484e+00 6.59e-03
1.85516e+00 6.58e-03
1.85545e+00 6.57e-03
1.85577e+00 6.56e-03
1.85606e+00 6.55e-03
1.85638e+00 6.55e-03
1.85667e+00 6.54e-03
1.85714e+00 6.53e-03
1.85867e+00 6.50e-03
1.85883e+00 6.49e-03
1.85959e+00 6.49e-03
1.85975e+00 6.48e-03
1.86006e+00 6.44e-03
1.86021e+00 6.42e-03
1.86037e+00 6.41e-03
1.86066e+00 6.43e-03
1.86082e+00 6.44e-03
1.86097e+00 6.44e-03
1.86205e+00 6.44e-03
1.86236e+00 6.43e-03
1.86267e+00 6.40e-03
1.86298e+00 6.39e-03
1.86313e+00 6.38e-03
1.86546e+00 6.37e-03
1.86561e+00 6.37e-03
1.86732e+00 6.36e-03
1.86965e+00 6.36e-03
1.87106e+00 6.35e-03
1.87153e+00 6.36e-03
1.87183e+00 6.37e-03
1.87216e+00 6.39e-03
1.87262e+00 6.41e-03
1.87309e+00 6.41e-03
1.87355e+00 6.41e-03
1.87388e+00 6.42e-03
1.87418e+00 6.44e-03
1.87451e+00 6.47e-03
1.87481e+00 6.50e-03
1.87498e+00 6.53e-03
1.87514e+00 6.54e-03
1.87529e+00 6.54e-03
1.87544e+00 6.56e-03
1.87561e+00 6.55e-03
1.87592e+00 6.51e-03
1.87624e+00 6.45e-03
1.87639e+00 6.43e-03
1.87671e+00 6.40e-03
1.87687e+00 6.39e-03
1.87717e+00 6.37e-03
1.87734e+00 6.37e-03
1.87781e+00 6.37e-03
1.87812e+00 6.38e-03
1.87829e+00 6.40e-03
1.87859e+00 6.44e-03
1.87892e+00 6.51e-03
1.87924e+00 6.58e-03
1.87956e+00 6.66e-03
1.87971e+00 6.62e-03
1.88003e+00 6.51e-03
1.88033e+00 6.43e-03
1.88050e+00 6.40e-03
1.88082e+00 6.37e-03
1.88113e+00 6.36e-03
1.88130e+00 6.35e-03
1.88162e+00 6.35e-03
1.88177e+00 6.58e-03
1.88194e+00 6.82e-03
1.88209e+00 6.93e-03
1.88241e+00 6.45e-03
1.88256e+00 6.35e-03
1.88416e+00 6.36e-03
1.88655e+00 6.39e-03
1.88687e+00 6.38e-03
1.88719e+00 6.41e-03
1.88736e+00 6.43e-03
1.88799e+00 6.44e-03
1.88816e+00 6.44e-03
1.88831e+00 6.46e-03
1.88848e+00 6.44e-03
1.88896e+00 6.44e-03
1.88928e+00 6.45e-03
1.88961e+00 6.46e-03
1.88993e+00 6.47e-03
1.89008e+00 6.47e-03
1.89025e+00 6.47e-03
1.89041e+00 6.48e-03
1.89073e+00 6.49e-03
1.89106e+00 6.50e-03
1.89138e+00 6.52e-03
1.89170e+00 6.53e-03
1.89203e+00 6.54e-03
1.89234e+00 6.55e-03
1.89251e+00 6.55e-03
1.89316e+00 6.55e-03
1.89347e+00 6.56e-03
1.89364e+00 6.58e-03
1.89380e+00 6.63e-03
1.89397e+00 6.65e-03
1.89412e+00 6.68e-03
1.89429e+00 6.60e-03
1.89445e+00 6.53e-03
1.89478e+00 6.54e-03
1.89493e+00 6.54e-03
1.89526e+00 6.60e-03
1.89543e+00 6.56e-03
1.89559e+00 6.55e-03
1.89591e+00 6.56e-03
1.89624e+00 6.57e-03
1.89657e+00 6.59e-03
1.89688e+00 6.60e-03
1.89705e+00 6.60e-03
1.89721e+00 6.60e-03
1.89738e+00 6.60e-03
1.89754e+00 6.60e-03
1.89771e+00 6.61e-03
1.89787e+00 6.60e-03
1.89802e+00 6.60e-03
1.89819e+00 6.60e-03
1.89835e+00 6.60e-03
1.89852e+00 6.61e-03
1.89934e+00 6.62e-03
1.89951e+00 6.61e-03
1.89982e+00 6.62e-03
1.89999e+00 6.62e-03
1.90015e+00 6.63e-03
1.90048e+00 6.65e-03
1.90064e+00 6.66e-03
1.90097e+00 6.70e-03
1.90114e+00 6.71e-03
1.90130e+00 6.71e-03
1.90147e+00 6.70e-03
1.90163e+00 6.67e-03
1.90196e+00 6.65e-03
1.90212e+00 6.64e-03
1.90245e+00 6.64e-03
1.90261e+00 6.63e-03
1.90360e+00 6.63e-03
1.90394e+00 6.65e-03
1.90411e+00 6.69e-03
1.90427e+00 6.69e-03
1.90443e+00 6.64e-03
1.90460e+00 6.62e-03
1.90476e+00 6.63e-03
1.90492e+00 6.63e-03
1.90509e+00 6.61e-03
1.90542e+00 6.60e-03
1.90558e+00 6.59e-03
1.90625e+00 6.59e-03
1.90641e+00 6.60e-03
1.90658e+00 6.59e-03
1.90674e+00 6.59e-03
1.90708e+00 6.59e-03
1.90724e+00 6.58e-03
1.90741e+00 6.57e-03
1.90757e+00 6.57e-03
1.90773e+00 6.58e-03
1.90791e+00 6.61e-03
1.90807e+00 6.59e-03
1.90824e+00 6.58e-03
1.90840e+00 6.56e-03
1.90891e+00 6.55e-03
1.90907e+00 6.54e-03
1.90923e+00 6.54e-03
1.90939e+00 6.55e-03
1.90957e+00 6.55e-03
1.90974e+00 6.55e-03
1.91006e+00 6.56e-03
1.91040e+00 6.57e-03
1.91056e+00 6.53e-03
1.91074e+00 6.52e-03
1.91090e+00 6.51e-03
1.91107e+00 6.53e-03
1.91123e+00 6.53e-03
1.91141e+00 6.49e-03
1.91224e+00 6.48e-03
1.91241e+00 6.49e-03
1.91257e+00 6.48e-03
1.91274e+00 6.48e-03
1.91291e+00 6.48e-03
1.91358e+00 6.48e-03
1.91374e+00 6.48e-03
1.91392e+00 6.49e-03
1.91408e+00 6.49e-03
1.91424e+00 6.48e-03
1.91442e+00 6.49e-03
1.91458e+00 6.52e-03
1.91476e+00 6.50e-03
1.91492e+00 6.50e-03
1.91508e+00 6.52e-03
1.91542e+00 6.57e-03
1.91560e+00 6.54e-03
1.91576e+00 6.46e-03
1.91594e+00 6.40e-03
1.91610e+00 6.37e-03
1.91628e+00 6.35e-03
1.91644e+00 6.35e-03
1.91660e+00 6.35e-03
1.91678e+00 6.36e-03
1.91694e+00 6.40e-03
1.91711e+00 6.36e-03
1.91728e+00 6.34e-03
1.91745e+00 6.36e-03
1.91761e+00 6.31e-03
1.91779e+00 6.30e-03
1.91795e+00 6.30e-03
1.91813e+00 6.31e-03
1.91829e+00 6.31e-03
1.91847e+00 6.31e-03
1.91863e+00 6.33e-03
1.91896e+00 6.32e-03
1.91914e+00 6.33e-03
1.91932e+00 6.32e-03
1.91965e+00 6.33e-03
1.91982e+00 6.32e-03
1.91999e+00 6.33e-03
1.92015e+00 6.37e-03
1.92033e+00 6.59e-03
1.92050e+00 6.35e-03
1.92067e+00 6.30e-03
1.92084e+00 6.31e-03
1.92100e+00 6.30e-03
1.92118e+00 6.28e-03
1.92135e+00 6.29e-03
1.92151e+00 6.28e-03
1.92169e+00 6.29e-03
1.92185e+00 6.28e-03
1.92203e+00 6.29e-03
1.92220e+00 6.28e-03
1.92236e+00 6.28e-03
1.92254e+00 6.27e-03
1.92271e+00 6.30e-03
1.92288e+00 6.36e-03
1.92323e+00 6.31e-03
1.92339e+00 6.28e-03
1.92356e+00 6.29e-03
1.92374e+00 6.32e-03
1.92390e+00 6.30e-03
1.92407e+00 6.29e-03
1.92442e+00 6.29e-03
1.92476e+00 6.29e-03
1.92493e+00 6.30e-03
1.92510e+00 6.29e-03
1.92527e+00 6.30e-03
1.92545e+00 6.30e-03
1.92562e+00 6.30e-03
1.92596e+00 6.31e-03
1.92613e+00 6.32e-03
1.92630e+00 6.32e-03
1.92648e+00 6.32e-03
1.92664e+00 6.33e-03
1.92681e+00 6.32e-03
1.92716e+00 6.33e-03
1.92750e+00 6.34e-03
1.92767e+00 6.35e-03
1.92785e+00 6.35e-03
1.92802e+00 6.37e-03
1.92820e+00 6.37e-03
1.92837e+00 6.40e-03
1.92855e+00 6.40e-03
1.92871e+00 6.41e-03
1.92888e+00 6.39e-03
1.92905e+00 6.38e-03
1.92923e+00 6.38e-03
1.92940e+00 6.43e-03
1.92958e+00 6.37e-03
1.92975e+00 6.35e-03
1.92993e+00 6.37e-03
1.93026e+00 6.38e-03
1.93061e+00 6.40e-03
1.93078e+00 6.41e-03
1.93113e+00 6.43e-03
1.93130e+00 6.44e-03
1.93165e+00 6.46e-03
1.93200e+00 6.47e-03
1.93235e+00 6.49e-03
1.93269e+00 6.51e-03
1.93304e+00 6.53e-03
1.93322e+00 6.55e-03
1.93339e+00 6.55e-03
1.93356e+00 6.55e-03
1.93374e+00 6.56e-03
1.93391e+00 6.57e-03
1.93426e+00 6.59e-03
1.93443e+00 6.60e-03
1.93478e+00 6.64e-03
1.93514e+00 6.68e-03
1.93531e+00 6.71e-03
1.93548e+00 6.76e-03
1.93566e+00 6.83e-03
1.93583e+00 6.74e-03
1.93600e+00 6.64e-03
1.93618e+00 6.64e-03
1.93635e+00 6.66e-03
1.93652e+00 6.68e-03
1.93671e+00 6.65e-03
1.93688e+00 6.68e-03
1.93723e+00 6.71e-03
1.93758e+00 6.74e-03
1.93776e+00 6.76e-03
1.93794e+00 6.78e-03
1.93811e+00 6.96e-03
1.93828e+00 6.78e-03
1.93845e+00 6.78e-03
1.93881e+00 6.81e-03
1.93916e+00 6.83e-03
1.93935e+00 6.84e-03
1.93952e+00 6.86e-03
1.93986e+00 6.88e-03
1.94005e+00 6.89e-03
1.94022e+00 6.90e-03
1.94057e+00 6.92e-03
1.94093e+00 6.95e-03
1.94129e+00 6.97e-03
1.94163e+00 6.96e-03
1.94199e+00 7.00e-03
1.94216e+00 7.02e-03
1.94252e+00 7.07e-03
1.94269e+00 7.02e-03
1.94288e+00 7.01e-03
1.94322e+00 7.03e-03
1.94341e+00 7.04e-03
1.94376e+00 7.05e-03
1.94394e+00 7.04e-03
1.94411e+00 7.05e-03
1.94429e+00 7.06e-03
1.94447e+00 7.07e-03
1.94465e+00 7.04e-03
1.94482e+00 7.06e-03
1.94518e+00 7.08e-03
1.94537e+00 7.09e-03
1.94554e+00 7.08e-03
1.94590e+00 7.09e-03
1.94607e+00 7.10e-03
1.94625e+00 7.14e-03
1.94642e+00 7.23e-03
1.94661e+00 7.10e-03
1.94678e+00 7.06e-03
1.94697e+00 7.04e-03
1.94715e+00 7.03e-03
1.94751e+00 7.02e-03
1.94787e+00 7.02e-03
1.94804e+00 7.05e-03
1.94822e+00 7.00e-03
1.94839e+00 6.98e-03
1.94858e+00 6.98e-03
1.94893e+00 6.98e-03
1.94929e+00 6.96e-03
1.94966e+00 6.95e-03
1.95002e+00 6.94e-03
1.95020e+00 6.93e-03
1.95037e+00 6.93e-03
1.95056e+00 6.95e-03
1.95074e+00 6.89e-03
1.95091e+00 6.88e-03
1.95110e+00 6.88e-03
1.95145e+00 6.86e-03
1.95164e+00 6.85e-03
1.95199e+00 6.85e-03
1.95236e+00 6.83e-03
1.95255e+00 6.83e-03
1.95272e+00 6.84e-03
1.95308e+00 6.88e-03
1.95327e+00 6.78e-03
1.95344e+00 6.74e-03
1.95381e+00 6.73e-03
1.95418e+00 6.72e-03
1.95453e+00 6.71e-03
1.95490e+00 6.70e-03
1.95527e+00 6.68e-03
1.95544e+00 6.67e-03
1.95580e+00 6.66e-03
1.95617e+00 6.65e-03
1.95636e+00 6.64e-03
1.95654e+00 6.63e-03
1.95689e+00 6.64e-03
1.95726e+00 6.64e-03
1.95744e+00 6.61e-03
1.95928e+00 6.63e-03
1.95946e+00 6.61e-03
1.95983e+00 6.63e-03
1.96019e+00 6.65e-03
1.96038e+00 6.67e-03
1.96149e+00 6.67e-03
1.96185e+00 6.69e-03
1.96222e+00 6.72e-03
1.96258e+00 6.74e-03
1.96296e+00 6.77e-03
1.96333e+00 6.80e-03
1.96369e+00 6.83e-03
1.96407e+00 6.86e-03
1.96444e+00 6.89e-03
1.96482e+00 6.92e-03
1.96518e+00 6.96e-03
1.96556e+00 6.99e-03
1.96592e+00 7.03e-03
1.96630e+00 7.07e-03
1.96666e+00 7.10e-03
1.96704e+00 7.14e-03
1.96742e+00 7.17e-03
1.96778e+00 7.20e-03
1.96816e+00 7.23e-03
1.96854e+00 7.26e-03
1.96891e+00 7.28e-03
1.96928e+00 7.30e-03
1.96965e+00 7.32e-03
1.97003e+00 7.33e-03
1.97041e+00 7.34e-03
1.97060e+00 7.34e-03
1.97136e+00 7.33e-03
1.97173e+00 7.32e-03
1.97211e+00 7.31e-03
1.97248e+00 7.28e-03
1.97286e+00 7.25e-03
1.97323e+00 7.22e-03
1.97361e+00 7.20e-03
1.97400e+00 7.17e-03
1.97437e+00 7.14e-03
1.97475e+00 7.12e-03
1.97514e+00 7.10e-03
1.97551e+00 7.08e-03
1.97588e+00 7.07e-03
1.97608e+00 7.07e-03
1.97627e+00 7.07e-03
1.97665e+00 7.01e-03
1.97703e+00 6.95e-03
1.97721e+00 6.87e-03
1.97760e+00 6.85e-03
1.97799e+00 6.83e-03
1.97836e+00 6.81e-03
1.97875e+00 6.80e-03
1.97914e+00 6.79e-03
1.97932e+00 6.78e-03
1.98009e+00 6.79e-03
1.98048e+00 6.80e-03
1.98086e+00 6.82e-03
1.98106e+00 6.84e-03
1.98144e+00 6.88e-03
1.98181e+00 6.93e-03
1.98201e+00 6.95e-03
1.98220e+00 6.92e-03
1.98259e+00 6.96e-03
1.98299e+00 7.01e-03
1.98337e+00 7.06e-03
1.98376e+00 7.11e-03
1.98414e+00 7.16e-03
1.98453e+00 7.22e-03
1.98491e+00 7.27e-03
1.98531e+00 7.32e-03
1.98569e+00 7.36e-03
1.98608e+00 7.39e-03
1.98648e+00 7.42e-03
1.98686e+00 7.43e-03
1.98705e+00 7.44e-03
1.98724e+00 7.44e-03
1.98764e+00 7.43e-03
1.98803e+00 7.41e-03
1.98842e+00 7.37e-03
1.98882e+00 7.33e-03
1.98920e+00 7.28e-03
1.98960e+00 7.22e-03
1.99000e+00 7.16e-03
1.99038e+00 7.10e-03
1.99077e+00 7.05e-03
1.99117e+00 6.99e-03
1.99157e+00 6.94e-03
1.99196e+00 6.90e-03
1.99236e+00 6.87e-03
1.99274e+00 6.84e-03
1.99313e+00 6.83e-03
1.99334e+00 6.83e-03
1.99373e+00 6.83e-03
1.99413e+00 6.85e-03
1.99452e+00 6.88e-03
1.99492e+00 6.92e-03
1.99533e+00 6.98e-03
1.99572e+00 7.04e-03
1.99611e+00 7.10e-03
1.99652e+00 7.17e-03
1.99692e+00 7.23e-03
1.99731e+00 7.29e-03
1.99751e+00 7.31e-03
1.99772e+00 7.33e-03
1.99792e+00 7.34e-03
1.99811e+00 7.35e-03
1.99831e+00 7.34e-03
1.99852e+00 7.34e-03
1.99872e+00 7.32e-03
1.99891e+00 7.29e-03
1.99911e+00 7.26e-03
1.99932e+00 7.22e-03
1.99952e+00 7.17e-03
1.99972e+00 7.11e-03
1.99992e+00 7.05e-03
2.00011e+00 6.99e-03
2.00052e+00 6.85e-03
2.00093e+00 6.70e-03
2.00113e+00 6.62e-03
2.00133e+00 6.54e-03
2.00174e+00 6.38e-03
2.00214e+00 6.23e-03
2.00253e+00 6.08e-03
2.00294e+00 5.94e-03
2.00314e+00 5.87e-03
2.00356e+00 5.75e-03
2.00396e+00 5.63e-03
2.00417e+00 9.06e-03
2.00457e+00 8.96e-03
2.00497e+00 8.87e-03
2.00538e+00 8.80e-03
2.00580e+00 8.73e-03
2.00600e+00 8.70e-03
2.00640e+00 8.65e-03
2.00680e+00 8.60e-03
2.00702e+00 8.52e-03
2.00742e+00 8.46e-03
2.00784e+00 8.41e-03
2.00824e+00 8.37e-03
2.00866e+00 8.32e-03
2.00906e+00 8.28e-03
2.00947e+00 8.25e-03
2.00989e+00 8.21e-03
2.01029e+00 8.18e-03
2.01071e+00 8.15e-03
2.01112e+00 8.13e-03
2.01154e+00 8.10e-03
2.01174e+00 8.11e-03
2.01215e+00 8.08e-03
2.01257e+00 8.06e-03
2.01278e+00 8.04e-03
2.01319e+00 8.02e-03
2.01361e+00 8.00e-03
2.01402e+00 7.98e-03
2.01444e+00 7.96e-03
2.01486e+00 7.94e-03
2.01528e+00 7.93e-03
2.01569e+00 7.92e-03
2.01612e+00 7.90e-03
2.01653e+00 7.89e-03
2.01695e+00 7.88e-03
2.01737e+00 7.87e-03
2.01779e+00 7.86e-03
2.01820e+00 7.85e-03
2.01842e+00 7.84e-03
2.01884e+00 7.83e-03
2.02074e+00 7.80e-03
2.02095e+00 7.80e-03
2.02116e+00 7.84e-03
2.02159e+00 7.81e-03
2.02201e+00 7.77e-03
2.02222e+00 7.75e-03
2.02586e+00 7.69e-03
2.02929e+00 7.66e-03
2.02952e+00 7.63e-03
2.03038e+00 7.63e-03
2.03059e+00 7.63e-03
2.03452e+00 7.63e-03
2.03497e+00 7.63e-03
2.03519e+00 7.59e-03
2.03762e+00 7.59e-03
2.03784e+00 7.61e-03
2.03828e+00 7.63e-03
2.03850e+00 7.64e-03
2.03872e+00 7.57e-03
2.04049e+00 7.58e-03
2.04071e+00 7.56e-03
2.04521e+00 7.55e-03
2.05737e+00 7.49e-03
2.06470e+00 7.47e-03
2.06998e+00 7.47e-03
2.07096e+00 7.48e-03
2.07143e+00 7.49e-03
2.07242e+00 7.51e-03
2.07290e+00 7.50e-03
2.07339e+00 7.49e-03
2.07511e+00 7.47e-03
2.08282e+00 7.46e-03
2.08560e+00 7.46e-03
2.08636e+00 7.45e-03
2.08891e+00 7.43e-03
2.08969e+00 7.42e-03
2.09046e+00 7.42e-03
2.09072e+00 7.42e-03
2.09123e+00 7.41e-03
2.09149e+00 7.41e-03
2.09487e+00 7.42e-03
2.09513e+00 7.46e-03
2.09565e+00 7.45e-03
2.09592e+00 7.42e-03
2.09643e+00 7.42e-03
2.09670e+00 7.43e-03
2.09723e+00 7.45e-03
2.09749e+00 7.45e-03
2.09775e+00 7.45e-03
2.09828e+00 7.44e-03
2.09882e+00 7.43e-03
2.09934e+00 7.42e-03
2.09987e+00 7.41e-03
2.10014e+00 7.41e-03
2.10848e+00 7.43e-03
2.10875e+00 7.47e-03
2.10929e+00 7.45e-03
2.10985e+00 7.44e-03
2.11012e+00 7.43e-03
2.11040e+00 7.43e-03
2.11066e+00 7.46e-03
2.11122e+00 7.50e-03
2.11150e+00 7.43e-03
2.11204e+00 7.42e-03
2.11232e+00 7.41e-03
2.11288e+00 7.42e-03
2.11315e+00 7.43e-03
2.11371e+00 7.42e-03
2.11399e+00 7.44e-03
2.11454e+00 7.41e-03
2.11482e+00 7.40e-03
2.11902e+00 7.39e-03
2.12073e+00 7.40e-03
2.12129e+00 7.41e-03
2.12243e+00 7.43e-03
2.12387e+00 7.45e-03
2.12415e+00 7.40e-03
2.12473e+00 7.41e-03
2.12501e+00 7.43e-03
2.12559e+00 7.44e-03
2.12588e+00 7.43e-03
2.12646e+00 7.44e-03
2.12674e+00 7.40e-03
2.12733e+00 7.39e-03
2.12761e+00 7.39e-03
2.12820e+00 7.39e-03
2.12849e+00 7.41e-03
2.12878e+00 7.42e-03
2.12908e+00 7.41e-03
2.12966e+00 7.43e-03
2.12996e+00 7.43e-03
2.13054e+00 7.43e-03
2.13084e+00 7.39e-03
2.13142e+00 7.42e-03
2.13171e+00 7.46e-03
2.13231e+00 7.42e-03
2.13260e+00 7.40e-03
2.13320e+00 7.41e-03
2.13349e+00 7.47e-03
2.13408e+00 7.44e-03
2.13438e+00 7.42e-03
2.13468e+00 7.43e-03
2.13497e+00 7.41e-03
2.13557e+00 7.40e-03
2.13618e+00 7.39e-03
2.13647e+00 7.38e-03
2.13677e+00 7.40e-03
2.13737e+00 7.41e-03
2.13768e+00 7.42e-03
2.13797e+00 7.42e-03
2.13828e+00 7.42e-03
2.13888e+00 7.41e-03
2.13918e+00 7.42e-03
2.13978e+00 7.44e-03
2.14009e+00 7.40e-03
2.14070e+00 7.40e-03
2.14101e+00 7.39e-03
2.14130e+00 7.39e-03
2.14161e+00 7.45e-03
2.14222e+00 7.43e-03
2.14253e+00 7.40e-03
2.14314e+00 7.40e-03
2.14345e+00 7.39e-03
2.14375e+00 7.38e-03
2.14406e+00 7.44e-03
2.14468e+00 7.42e-03
2.14498e+00 7.38e-03
2.14560e+00 7.39e-03
2.14592e+00 7.40e-03
2.14716e+00 7.39e-03
2.14747e+00 7.40e-03
2.14809e+00 7.39e-03
2.14841e+00 7.40e-03
2.14872e+00 7.39e-03
2.14903e+00 7.41e-03
2.14966e+00 7.39e-03
2.14997e+00 7.39e-03
2.16087e+00 7.39e-03
2.16317e+00 7.39e-03
2.16616e+00 7.39e-03
2.17086e+00 7.39e-03
2.18089e+00 7.38e-03
2.18195e+00 7.38e-03
2.18408e+00 7.38e-03
2.18552e+00 7.39e-03
2.18660e+00 7.39e-03
2.19133e+00 7.37e-03
2.19354e+00 7.38e-03
2.19540e+00 7.38e-03
2.19728e+00 7.37e-03
2.19954e+00 7.37e-03
2.20031e+00 7.39e-03
2.20107e+00 7.37e-03
2.20145e+00 7.37e-03
2.20260e+00 7.37e-03
2.20299e+00 7.37e-03
2.20337e+00 7.37e-03
2.20415e+00 7.39e-03
2.20492e+00 7.37e-03
2.20530e+00 7.37e-03
2.20609e+00 7.38e-03
2.20647e+00 7.38e-03
2.20687e+00 7.37e-03
2.20725e+00 7.37e-03
2.20765e+00 7.37e-03
2.24587e+00 7.35e-03
2.26566e+00 7.34e-03
2.27077e+00 7.34e-03
2.27390e+00 7.32e-03
2.27496e+00 7.33e-03
2.27548e+00 7.33e-03
2.27868e+00 7.32e-03
2.27921e+00 7.34e-03
2.27976e+00 7.33e-03
2.28030e+00 7.32e-03
2.28084e+00 7.32e-03
2.28138e+00 7.32e-03
2.28193e+00 7.33e-03
2.28358e+00 7.32e-03
2.28413e+00 7.32e-03
2.28690e+00 7.31e-03
2.28746e+00 7.32e-03
2.28915e+00 7.31e-03
2.28971e+00 7.31e-03
2.29141e+00 7.31e-03
2.29199e+00 7.31e-03
2.29257e+00 7.31e-03
2.30438e+00 7.29e-03
2.35413e+00 7.17e-03
2.36396e+00 7.14e-03
2.38711e+00 7.08e-03
2.40315e+00 7.04e-03
2.40964e+00 7.02e-03
2.41859e+00 7.00e-03
2.42569e+00 6.98e-03
2.42816e+00 6.97e-03
2.43063e+00 6.96e-03
2.43317e+00 6.95e-03
2.43572e+00 6.95e-03
2.43825e+00 6.94e-03
2.44095e+00 6.93e-03
2.44365e+00 6.92e-03
2.44634e+00 6.91e-03
2.44911e+00 6.90e-03
2.45195e+00 6.89e-03
2.45488e+00 6.89e-03
2.45779e+00 6.88e-03
2.46087e+00 6.87e-03
2.46394e+00 6.86e-03
2.46708e+00 6.85e-03
2.47022e+00 6.84e-03
2.47351e+00 6.83e-03
2.47687e+00 6.82e-03
2.48031e+00 6.81e-03
2.48382e+00 6.80e-03
2.48740e+00 6.79e-03
2.49114e+00 6.77e-03
2.49494e+00 6.76e-03
2.49881e+00 6.75e-03
2.50283e+00 6.74e-03
2.50699e+00 6.73e-03
2.51122e+00 6.71e-03
2.51568e+00 6.70e-03
2.52019e+00 6.68e-03
2.52493e+00 6.67e-03
2.52980e+00 6.65e-03
2.53481e+00 6.64e-03
2.54010e+00 6.62e-03
2.54561e+00 6.60e-03
2.54843e+00 6.59e-03
2.55132e+00 6.57e-03
2.55730e+00 6.55e-03
2.56364e+00 6.52e-03
2.57024e+00 6.50e-03
2.57726e+00 6.47e-03
2.58475e+00 6.44e-03
2.59264e+00 6.41e-03
2.60113e+00 6.38e-03
2.61029e+00 6.34e-03
2.62024e+00 6.30e-03
2.62554e+00 6.28e-03
2.63110e+00 6.23e-03
2.64319e+00 6.18e-03
2.65669e+00 6.12e-03
2.66410e+00 6.09e-03
2.68082e+00 6.02e-03
2.69029e+00 5.98e-03
2.70069e+00 5.93e-03
2.71231e+00 5.88e-03
2.72543e+00 5.82e-03
2.74065e+00 5.75e-03
2.75874e+00 5.67e-03
2.78130e+00 5.55e-03
2.81151e+00 5.40e-03
2.85859e+00 5.16e-03
2.99573e+00 2.96e-04
