# OPACITY Project tables
-2.61515e+00 1.21e+02
-2.27341e+00 4.20e+01
-2.07433e+00 2.27e+01
-1.93351e+00 1.46e+01
-1.82455e+00 1.05e+01
-1.73574e+00 7.93e+00
-1.66078e+00 6.29e+00
-1.59603e+00 5.15e+00
-1.53898e+00 4.32e+00
-1.48802e+00 3.68e+00
-1.44198e+00 3.20e+00
-1.40003e+00 2.81e+00
-1.36148e+00 2.49e+00
-1.32584e+00 2.23e+00
-1.29269e+00 2.01e+00
-1.26174e+00 1.83e+00
-1.23268e+00 1.67e+00
-1.20531e+00 1.54e+00
-1.17944e+00 1.42e+00
-1.15493e+00 1.32e+00
-1.13165e+00 1.23e+00
-1.10945e+00 1.16e+00
-1.08827e+00 1.09e+00
-1.06799e+00 1.02e+00
-1.04857e+00 9.68e-01
-1.02994e+00 9.16e-01
-1.01200e+00 8.68e-01
-9.94739e-01 8.25e-01
-9.78086e-01 7.85e-01
-9.62021e-01 7.49e-01
-9.46492e-01 7.16e-01
-9.31455e-01 6.87e-01
-9.16916e-01 6.60e-01
-9.02807e-01 6.34e-01
-8.89113e-01 6.09e-01
-8.75797e-01 5.86e-01
-8.62868e-01 5.65e-01
-8.38057e-01 5.29e-01
-8.26130e-01 5.11e-01
-8.03185e-01 4.80e-01
-7.92106e-01 4.65e-01
-7.70741e-01 4.40e-01
-7.60420e-01 4.27e-01
-7.50331e-01 4.18e-01
-7.40469e-01 4.06e-01
-7.30787e-01 3.95e-01
-7.21320e-01 3.85e-01
-7.12045e-01 3.75e-01
-7.02955e-01 3.66e-01
-6.94048e-01 3.57e-01
-6.85298e-01 3.49e-01
-6.76723e-01 3.41e-01
-6.68298e-01 3.33e-01
-6.60041e-01 3.26e-01
-6.51909e-01 3.20e-01
-6.43938e-01 3.13e-01
-6.36087e-01 3.07e-01
-6.28390e-01 3.01e-01
-6.20808e-01 2.96e-01
-6.13357e-01 2.90e-01
-6.06016e-01 2.85e-01
-5.98801e-01 2.81e-01
-5.91692e-01 2.76e-01
-5.84687e-01 2.71e-01
-5.77803e-01 2.67e-01
-5.71018e-01 2.63e-01
-5.64314e-01 2.60e-01
-5.57725e-01 2.56e-01
-5.51231e-01 2.52e-01
-5.44831e-01 2.49e-01
-5.38505e-01 2.46e-01
-5.32288e-01 2.43e-01
-5.26142e-01 2.40e-01
-5.20085e-01 2.37e-01
-5.08196e-01 2.32e-01
-4.96610e-01 2.27e-01
-4.85320e-01 2.22e-01
-4.74301e-01 2.18e-01
-4.63545e-01 2.13e-01
-4.53044e-01 2.09e-01
-4.42778e-01 2.06e-01
-4.32739e-01 2.02e-01
-4.22922e-01 1.98e-01
-4.13321e-01 1.94e-01
-4.03901e-01 1.90e-01
-3.94688e-01 1.86e-01
-3.85662e-01 1.82e-01
-3.76819e-01 1.78e-01
-3.68126e-01 1.75e-01
-3.59622e-01 1.71e-01
-3.51261e-01 1.68e-01
-3.43054e-01 1.64e-01
-3.34997e-01 1.61e-01
-3.31021e-01 1.59e-01
-3.23185e-01 1.56e-01
-3.15464e-01 1.53e-01
-3.07885e-01 1.51e-01
-3.00430e-01 1.48e-01
-2.93097e-01 1.45e-01
-2.85884e-01 1.43e-01
-2.78788e-01 1.40e-01
-2.71796e-01 1.37e-01
-2.64917e-01 1.35e-01
-2.58149e-01 1.32e-01
-2.51466e-01 1.30e-01
-2.44891e-01 1.27e-01
-2.38409e-01 1.25e-01
-2.32020e-01 1.22e-01
-2.25722e-01 1.20e-01
-2.19513e-01 1.18e-01
-2.13391e-01 1.16e-01
-2.07344e-01 1.14e-01
-2.01382e-01 1.13e-01
-1.95504e-01 1.11e-01
-1.89697e-01 1.09e-01
-1.83971e-01 1.07e-01
-1.78314e-01 1.05e-01
-1.72724e-01 1.03e-01
-1.67200e-01 1.02e-01
-1.61755e-01 1.00e-01
-1.56373e-01 9.88e-02
-1.51044e-01 9.74e-02
-1.45789e-01 9.59e-02
-1.40596e-01 9.45e-02
-1.35453e-01 9.30e-02
-1.30382e-01 9.16e-02
-1.25359e-01 9.03e-02
-1.20395e-01 8.91e-02
-1.15489e-01 8.78e-02
-1.10630e-01 8.65e-02
-1.05827e-01 8.54e-02
-1.01070e-01 8.42e-02
-9.87160e-02 8.35e-02
-9.63788e-02 8.39e-02
-9.40360e-02 8.32e-02
-9.17206e-02 8.28e-02
-8.71168e-02 8.16e-02
-8.48283e-02 8.10e-02
-8.25559e-02 8.03e-02
-7.80480e-02 7.88e-02
-7.58125e-02 7.81e-02
-7.35820e-02 7.74e-02
-7.13671e-02 7.68e-02
-6.69735e-02 7.56e-02
-6.47839e-02 7.55e-02
-6.04509e-02 7.43e-02
-5.61577e-02 7.32e-02
-5.19040e-02 7.22e-02
-4.76998e-02 7.13e-02
-4.35236e-02 7.04e-02
-3.93959e-02 6.95e-02
-3.73385e-02 6.94e-02
-3.32673e-02 6.86e-02
-3.12430e-02 6.92e-02
-2.72170e-02 6.84e-02
-2.32379e-02 6.76e-02
-1.92848e-02 6.68e-02
-1.53675e-02 6.61e-02
-1.14958e-02 6.53e-02
-7.64918e-03 6.46e-02
-3.83735e-03 6.39e-02
-5.00013e-05 6.32e-02
3.69317e-03 6.26e-02
7.37275e-03 6.19e-02
1.11377e-02 6.13e-02
1.47901e-02 6.07e-02
1.84291e-02 6.00e-02
2.19572e-02 5.94e-02
2.55703e-02 5.89e-02
2.90732e-02 5.83e-02
3.25640e-02 5.77e-02
3.60426e-02 5.72e-02
3.95091e-02 5.66e-02
4.29637e-02 5.61e-02
4.64064e-02 5.56e-02
4.97421e-02 5.51e-02
5.30667e-02 5.46e-02
5.64748e-02 5.41e-02
5.97772e-02 5.36e-02
6.29748e-02 5.31e-02
6.62558e-02 5.27e-02
6.95261e-02 5.22e-02
7.26927e-02 5.17e-02
7.58493e-02 5.13e-02
7.90884e-02 5.08e-02
8.22249e-02 5.04e-02
8.52598e-02 5.00e-02
8.83771e-02 4.95e-02
9.14847e-02 4.91e-02
9.44917e-02 4.87e-02
9.75803e-02 4.83e-02
1.00569e-01 4.79e-02
1.03549e-01 4.75e-02
1.06520e-01 4.71e-02
1.09482e-01 4.67e-02
1.12435e-01 4.63e-02
1.15291e-01 4.59e-02
1.18227e-01 4.55e-02
1.21067e-01 4.52e-02
1.23898e-01 4.48e-02
1.26809e-01 4.44e-02
1.29624e-01 4.41e-02
1.32431e-01 4.37e-02
1.35143e-01 4.34e-02
1.37934e-01 4.30e-02
1.40718e-01 4.27e-02
1.43407e-01 4.23e-02
1.46176e-01 4.20e-02
1.48851e-01 4.16e-02
1.51519e-01 4.13e-02
1.54179e-01 4.10e-02
1.56833e-01 4.07e-02
1.59479e-01 4.04e-02
1.62119e-01 4.00e-02
1.64751e-01 3.97e-02
1.67293e-01 3.94e-02
1.69912e-01 3.91e-02
1.72440e-01 3.89e-02
1.74961e-01 3.86e-02
1.77477e-01 3.83e-02
1.80069e-01 3.80e-02
1.82572e-01 3.77e-02
1.84985e-01 3.74e-02
1.87475e-01 3.72e-02
1.89959e-01 3.69e-02
1.92437e-01 3.67e-02
1.94826e-01 3.64e-02
1.97292e-01 3.61e-02
1.99670e-01 3.59e-02
2.02042e-01 3.56e-02
2.04409e-01 3.54e-02
2.06770e-01 3.52e-02
2.09126e-01 3.49e-02
2.11476e-01 3.47e-02
2.13820e-01 3.45e-02
2.16159e-01 3.42e-02
2.18493e-01 3.40e-02
2.20741e-01 3.38e-02
2.23064e-01 3.36e-02
2.25301e-01 3.34e-02
2.27614e-01 3.32e-02
2.29841e-01 3.29e-02
2.32064e-01 3.27e-02
2.34281e-01 3.25e-02
2.36494e-01 3.23e-02
2.38702e-01 3.22e-02
2.40905e-01 3.20e-02
2.43103e-01 3.18e-02
2.45296e-01 3.16e-02
2.47407e-01 3.14e-02
2.49591e-01 3.12e-02
2.51692e-01 3.10e-02
2.53867e-01 3.08e-02
2.55959e-01 3.07e-02
2.58047e-01 3.05e-02
2.60208e-01 3.03e-02
2.62287e-01 3.01e-02
2.64362e-01 3.00e-02
2.66433e-01 2.98e-02
2.68499e-01 2.96e-02
2.69493e-01 2.95e-02
2.70561e-01 2.95e-02
2.71553e-01 2.93e-02
2.73609e-01 2.92e-02
2.75660e-01 2.90e-02
2.77632e-01 2.88e-02
2.79675e-01 2.87e-02
2.81639e-01 2.85e-02
2.83674e-01 2.83e-02
2.85630e-01 2.82e-02
2.87582e-01 2.80e-02
2.89605e-01 2.79e-02
2.91550e-01 2.77e-02
2.93490e-01 2.76e-02
2.95427e-01 2.74e-02
2.97360e-01 2.72e-02
2.99289e-01 2.71e-02
3.01215e-01 2.70e-02
3.03137e-01 2.68e-02
3.04982e-01 2.67e-02
3.05939e-01 2.66e-02
3.06896e-01 2.66e-02
3.08807e-01 2.64e-02
3.10641e-01 2.63e-02
3.12545e-01 2.61e-02
3.14373e-01 2.60e-02
3.16270e-01 2.59e-02
3.18090e-01 2.58e-02
3.19907e-01 2.56e-02
3.21794e-01 2.55e-02
3.23604e-01 2.54e-02
3.25411e-01 2.53e-02
3.27215e-01 2.51e-02
3.29016e-01 2.50e-02
3.30813e-01 2.49e-02
3.32608e-01 2.48e-02
3.34399e-01 2.47e-02
3.36115e-01 2.46e-02
3.37900e-01 2.44e-02
3.39681e-01 2.43e-02
3.41389e-01 2.42e-02
3.43164e-01 2.41e-02
3.44936e-01 2.40e-02
3.46635e-01 2.39e-02
3.48330e-01 2.38e-02
3.50093e-01 2.37e-02
3.51783e-01 2.35e-02
3.53470e-01 2.34e-02
3.55224e-01 2.33e-02
3.56905e-01 2.32e-02
3.58583e-01 2.31e-02
3.60259e-01 2.30e-02
3.61931e-01 2.29e-02
3.63601e-01 2.28e-02
3.65268e-01 2.27e-02
3.66932e-01 2.26e-02
3.68594e-01 2.25e-02
3.70183e-01 2.24e-02
3.71839e-01 2.23e-02
3.73493e-01 2.22e-02
3.75075e-01 2.21e-02
3.76723e-01 2.20e-02
3.78299e-01 2.19e-02
3.79942e-01 2.18e-02
3.81514e-01 2.17e-02
3.83151e-01 2.16e-02
3.84718e-01 2.15e-02
3.86282e-01 2.14e-02
3.87912e-01 2.13e-02
3.88658e-01 2.13e-02
3.89471e-01 2.12e-02
3.91028e-01 2.11e-02
3.92582e-01 2.10e-02
3.94134e-01 2.09e-02
3.95684e-01 2.09e-02
3.97231e-01 2.08e-02
3.98776e-01 2.07e-02
4.00319e-01 2.06e-02
4.01859e-01 2.06e-02
4.03396e-01 2.05e-02
4.04932e-01 2.04e-02
4.06465e-01 2.04e-02
4.07197e-01 2.03e-02
4.07929e-01 2.03e-02
4.09457e-01 2.02e-02
4.10983e-01 2.01e-02
4.12441e-01 2.00e-02
4.13962e-01 1.99e-02
4.14689e-01 1.99e-02
4.16141e-01 1.98e-02
4.16932e-01 1.98e-02
4.18381e-01 1.97e-02
4.19828e-01 1.96e-02
4.21338e-01 1.95e-02
4.22781e-01 1.94e-02
4.24221e-01 1.93e-02
4.25725e-01 1.93e-02
4.27161e-01 1.92e-02
4.28596e-01 1.91e-02
4.30028e-01 1.90e-02
4.31458e-01 1.90e-02
4.32886e-01 1.89e-02
4.34312e-01 1.88e-02
4.35736e-01 1.88e-02
4.37158e-01 1.87e-02
4.38577e-01 1.86e-02
4.39287e-01 1.87e-02
4.39995e-01 1.86e-02
4.40704e-01 1.86e-02
4.42118e-01 1.85e-02
4.43467e-01 1.84e-02
4.44878e-01 1.84e-02
4.46287e-01 1.83e-02
4.47630e-01 1.82e-02
4.48333e-01 1.83e-02
4.49737e-01 1.82e-02
4.51076e-01 1.81e-02
4.52476e-01 1.81e-02
4.53811e-01 1.80e-02
4.55207e-01 1.79e-02
4.56538e-01 1.78e-02
4.57931e-01 1.77e-02
4.59259e-01 1.77e-02
4.60584e-01 1.76e-02
4.61971e-01 1.75e-02
4.63294e-01 1.74e-02
4.64614e-01 1.74e-02
4.65933e-01 1.73e-02
4.66623e-01 1.73e-02
4.67250e-01 1.76e-02
4.68565e-01 1.75e-02
4.69941e-01 1.74e-02
4.71253e-01 1.73e-02
4.72563e-01 1.72e-02
4.73871e-01 1.71e-02
4.75178e-01 1.70e-02
4.76420e-01 1.69e-02
4.77724e-01 1.69e-02
4.79025e-01 1.68e-02
4.80325e-01 1.67e-02
4.81623e-01 1.67e-02
4.82920e-01 1.66e-02
4.84153e-01 1.66e-02
4.85446e-01 1.65e-02
4.86738e-01 1.64e-02
4.87966e-01 1.64e-02
4.89255e-01 1.63e-02
4.90480e-01 1.63e-02
4.91765e-01 1.62e-02
4.93049e-01 1.61e-02
4.94269e-01 1.61e-02
4.95489e-01 1.60e-02
4.96767e-01 1.60e-02
4.97984e-01 1.59e-02
4.99259e-01 1.59e-02
5.00472e-01 1.58e-02
5.01684e-01 1.58e-02
5.02955e-01 1.57e-02
5.04163e-01 1.57e-02
5.05371e-01 1.56e-02
5.06577e-01 1.56e-02
5.07781e-01 1.55e-02
5.09044e-01 1.54e-02
5.10245e-01 1.54e-02
5.11445e-01 1.53e-02
5.12644e-01 1.53e-02
5.13841e-01 1.53e-02
5.15037e-01 1.52e-02
5.16231e-01 1.52e-02
5.16828e-01 1.51e-02
5.17424e-01 1.52e-02
5.18615e-01 1.52e-02
5.19746e-01 1.51e-02
5.20934e-01 1.50e-02
5.22122e-01 1.50e-02
5.23307e-01 1.49e-02
5.24492e-01 1.49e-02
5.25616e-01 1.48e-02
5.26797e-01 1.48e-02
5.27978e-01 1.47e-02
5.29157e-01 1.47e-02
5.30275e-01 1.46e-02
5.31451e-01 1.46e-02
5.32568e-01 1.46e-02
5.33741e-01 1.45e-02
5.34855e-01 1.45e-02
5.36025e-01 1.44e-02
5.37136e-01 1.44e-02
5.38305e-01 1.43e-02
5.39413e-01 1.43e-02
5.40579e-01 1.43e-02
5.41685e-01 1.42e-02
5.42789e-01 1.42e-02
5.43951e-01 1.41e-02
5.45053e-01 1.41e-02
5.46154e-01 1.41e-02
5.47312e-01 1.40e-02
5.48410e-01 1.40e-02
5.49508e-01 1.39e-02
5.50604e-01 1.39e-02
5.51699e-01 1.39e-02
5.52850e-01 1.38e-02
5.53943e-01 1.38e-02
5.55034e-01 1.37e-02
5.56124e-01 1.37e-02
5.57213e-01 1.37e-02
5.58301e-01 1.36e-02
5.59387e-01 1.36e-02
5.59901e-01 1.36e-02
5.60986e-01 1.35e-02
5.62070e-01 1.35e-02
5.63152e-01 1.35e-02
5.64234e-01 1.34e-02
5.65314e-01 1.34e-02
5.66393e-01 1.34e-02
5.67471e-01 1.33e-02
5.68491e-01 1.33e-02
5.69566e-01 1.33e-02
5.70641e-01 1.32e-02
5.71714e-01 1.32e-02
5.72729e-01 1.32e-02
5.73800e-01 1.31e-02
5.74870e-01 1.31e-02
5.75883e-01 1.31e-02
5.76950e-01 1.30e-02
5.77961e-01 1.30e-02
5.79026e-01 1.30e-02
5.80090e-01 1.29e-02
5.81098e-01 1.29e-02
5.82160e-01 1.29e-02
5.83165e-01 1.28e-02
5.84225e-01 1.28e-02
5.85228e-01 1.28e-02
5.86230e-01 1.27e-02
5.87287e-01 1.27e-02
5.88287e-01 1.27e-02
5.89286e-01 1.26e-02
5.90339e-01 1.26e-02
5.91336e-01 1.26e-02
5.92332e-01 1.26e-02
5.93382e-01 1.25e-02
5.94376e-01 1.25e-02
5.95369e-01 1.25e-02
5.96361e-01 1.24e-02
5.97407e-01 1.24e-02
5.98397e-01 1.24e-02
5.99386e-01 1.23e-02
6.00374e-01 1.23e-02
6.01361e-01 1.23e-02
6.02347e-01 1.23e-02
6.03332e-01 1.22e-02
6.04316e-01 1.22e-02
6.05299e-01 1.22e-02
6.06281e-01 1.21e-02
6.07262e-01 1.21e-02
6.08243e-01 1.21e-02
6.09222e-01 1.21e-02
6.10200e-01 1.20e-02
6.11178e-01 1.20e-02
6.12154e-01 1.20e-02
6.13129e-01 1.19e-02
6.14104e-01 1.19e-02
6.15023e-01 1.19e-02
6.15996e-01 1.19e-02
6.16968e-01 1.18e-02
6.17939e-01 1.18e-02
6.18908e-01 1.18e-02
6.19824e-01 1.18e-02
6.20792e-01 1.17e-02
6.21759e-01 1.17e-02
6.22671e-01 1.17e-02
6.23636e-01 1.16e-02
6.24601e-01 1.16e-02
6.25511e-01 1.16e-02
6.26473e-01 1.16e-02
6.27435e-01 1.15e-02
6.28342e-01 1.15e-02
6.29302e-01 1.15e-02
6.30207e-01 1.15e-02
6.31165e-01 1.14e-02
6.32069e-01 1.14e-02
6.33026e-01 1.14e-02
6.33928e-01 1.14e-02
6.34882e-01 1.13e-02
6.35783e-01 1.13e-02
6.36683e-01 1.13e-02
6.37634e-01 1.13e-02
6.38533e-01 1.12e-02
6.39483e-01 1.12e-02
6.39905e-01 1.12e-02
6.40379e-01 1.12e-02
6.40853e-01 1.12e-02
6.41275e-01 1.12e-02
6.42222e-01 1.12e-02
6.43116e-01 1.11e-02
6.44009e-01 1.11e-02
6.44902e-01 1.11e-02
6.45846e-01 1.11e-02
6.46737e-01 1.10e-02
6.47627e-01 1.10e-02
6.48516e-01 1.10e-02
6.49404e-01 1.10e-02
6.50292e-01 1.09e-02
6.51231e-01 1.09e-02
6.52117e-01 1.09e-02
6.53002e-01 1.09e-02
6.53886e-01 1.09e-02
6.54770e-01 1.08e-02
6.55653e-01 1.08e-02
6.56535e-01 1.08e-02
6.57416e-01 1.08e-02
6.58297e-01 1.08e-02
6.59177e-01 1.07e-02
6.60056e-01 1.07e-02
6.60934e-01 1.07e-02
6.61811e-01 1.07e-02
6.62688e-01 1.06e-02
6.63564e-01 1.06e-02
6.64439e-01 1.06e-02
6.65262e-01 1.06e-02
6.66136e-01 1.06e-02
6.67009e-01 1.05e-02
6.67881e-01 1.05e-02
6.68752e-01 1.05e-02
6.69623e-01 1.05e-02
6.70441e-01 1.05e-02
6.71310e-01 1.05e-02
6.72179e-01 1.04e-02
6.73047e-01 1.04e-02
6.73862e-01 1.04e-02
6.74729e-01 1.04e-02
6.75594e-01 1.04e-02
6.76408e-01 1.03e-02
6.77272e-01 1.03e-02
6.78135e-01 1.03e-02
6.78947e-01 1.03e-02
6.79809e-01 1.03e-02
6.80619e-01 1.02e-02
6.81479e-01 1.02e-02
6.82339e-01 1.02e-02
6.83147e-01 1.02e-02
6.84006e-01 1.02e-02
6.84813e-01 1.02e-02
6.85669e-01 1.01e-02
6.86475e-01 1.01e-02
6.87330e-01 1.01e-02
6.88135e-01 1.01e-02
6.88989e-01 1.01e-02
6.89390e-01 1.01e-02
6.90193e-01 1.01e-02
6.90594e-01 1.00e-02
6.91446e-01 1.00e-02
6.92247e-01 1.00e-02
6.93097e-01 9.99e-03
6.93897e-01 9.97e-03
6.94696e-01 9.95e-03
6.95544e-01 9.94e-03
6.96342e-01 9.92e-03
6.97139e-01 9.90e-03
6.97985e-01 9.88e-03
6.98781e-01 9.87e-03
6.99576e-01 9.85e-03
7.00371e-01 9.83e-03
7.01215e-01 9.82e-03
7.01611e-01 9.81e-03
7.02008e-01 9.81e-03
7.02404e-01 9.79e-03
7.03197e-01 9.77e-03
7.03988e-01 9.75e-03
7.04829e-01 9.74e-03
7.05619e-01 9.72e-03
7.06409e-01 9.70e-03
7.07198e-01 9.68e-03
7.07987e-01 9.67e-03
7.08774e-01 9.65e-03
7.09562e-01 9.63e-03
7.10348e-01 9.61e-03
7.11134e-01 9.60e-03
7.11920e-01 9.58e-03
7.12754e-01 9.56e-03
7.13538e-01 9.55e-03
7.14321e-01 9.53e-03
7.15104e-01 9.51e-03
7.15887e-01 9.50e-03
7.16278e-01 9.49e-03
7.16668e-01 9.48e-03
7.17401e-01 9.46e-03
7.18181e-01 9.44e-03
7.18961e-01 9.43e-03
7.19740e-01 9.41e-03
7.20519e-01 9.40e-03
7.21297e-01 9.38e-03
7.22075e-01 9.37e-03
7.22463e-01 9.43e-03
7.22852e-01 9.36e-03
7.23240e-01 9.35e-03
7.23628e-01 9.35e-03
7.24016e-01 9.33e-03
7.24743e-01 9.32e-03
7.25518e-01 9.30e-03
7.26292e-01 9.29e-03
7.27065e-01 9.28e-03
7.27838e-01 9.26e-03
7.28611e-01 9.25e-03
7.29334e-01 9.24e-03
7.29720e-01 9.23e-03
7.30106e-01 9.24e-03
7.30491e-01 9.22e-03
7.33521e-01 9.18e-03
7.34241e-01 9.17e-03
7.35009e-01 9.16e-03
7.35776e-01 9.15e-03
7.36494e-01 9.14e-03
7.37260e-01 9.12e-03
7.38025e-01 9.11e-03
7.38742e-01 9.10e-03
7.39506e-01 9.08e-03
7.40222e-01 9.07e-03
7.40985e-01 9.06e-03
7.41747e-01 9.04e-03
7.42461e-01 9.02e-03
7.43222e-01 9.01e-03
7.43935e-01 8.99e-03
7.44695e-01 8.97e-03
7.45075e-01 8.99e-03
7.45408e-01 8.97e-03
7.46166e-01 8.96e-03
7.46878e-01 8.94e-03
7.47635e-01 8.92e-03
7.48345e-01 8.91e-03
7.49102e-01 8.89e-03
7.49433e-01 8.90e-03
7.50189e-01 8.89e-03
7.50897e-01 8.87e-03
7.51652e-01 8.86e-03
7.52359e-01 8.85e-03
7.53066e-01 8.83e-03
7.53819e-01 8.82e-03
7.54524e-01 8.81e-03
7.55277e-01 8.79e-03
7.55981e-01 8.78e-03
7.56685e-01 8.76e-03
7.57436e-01 8.75e-03
7.58139e-01 8.74e-03
7.58841e-01 8.72e-03
7.59543e-01 8.71e-03
7.60292e-01 8.70e-03
7.64537e-01 8.65e-03
7.65235e-01 8.64e-03
7.65979e-01 8.63e-03
7.66676e-01 8.62e-03
7.67373e-01 8.60e-03
7.68069e-01 8.59e-03
7.68765e-01 8.57e-03
7.69460e-01 8.55e-03
7.70155e-01 8.53e-03
7.70895e-01 8.51e-03
7.71589e-01 8.50e-03
7.71912e-01 8.54e-03
7.72605e-01 8.53e-03
7.73298e-01 8.51e-03
7.73990e-01 8.49e-03
7.74681e-01 8.48e-03
7.75418e-01 8.46e-03
7.76109e-01 8.45e-03
7.76799e-01 8.44e-03
7.77121e-01 8.43e-03
7.77488e-01 8.44e-03
7.78177e-01 8.43e-03
7.78866e-01 8.42e-03
7.82256e-01 8.38e-03
7.82942e-01 8.37e-03
7.83628e-01 8.36e-03
7.84312e-01 8.35e-03
7.84997e-01 8.33e-03
7.85681e-01 8.32e-03
7.86364e-01 8.30e-03
7.87047e-01 8.28e-03
7.87730e-01 8.27e-03
7.88366e-01 8.25e-03
7.89048e-01 8.24e-03
7.89729e-01 8.22e-03
7.90410e-01 8.21e-03
7.91090e-01 8.20e-03
7.95749e-01 8.14e-03
7.96426e-01 8.13e-03
7.97102e-01 8.11e-03
7.97732e-01 8.09e-03
7.98408e-01 8.07e-03
7.99083e-01 8.04e-03
7.99757e-01 8.02e-03
8.00386e-01 8.00e-03
8.01059e-01 7.98e-03
8.01732e-01 7.96e-03
8.02046e-01 8.13e-03
8.02719e-01 8.12e-03
8.03346e-01 8.10e-03
8.04017e-01 8.08e-03
8.04644e-01 8.07e-03
8.05314e-01 8.06e-03
8.05985e-01 8.04e-03
8.06610e-01 8.03e-03
8.07279e-01 8.02e-03
8.07903e-01 8.00e-03
8.08572e-01 7.99e-03
8.09240e-01 7.98e-03
8.09863e-01 7.97e-03
8.10530e-01 7.96e-03
8.11152e-01 7.94e-03
8.11819e-01 7.93e-03
8.12440e-01 7.92e-03
8.13106e-01 7.91e-03
8.13726e-01 7.90e-03
8.14391e-01 7.89e-03
8.15011e-01 7.88e-03
8.15674e-01 7.87e-03
8.16294e-01 7.86e-03
8.16956e-01 7.85e-03
8.17575e-01 7.84e-03
8.18193e-01 7.83e-03
8.18854e-01 7.82e-03
8.19471e-01 7.81e-03
8.20132e-01 7.80e-03
8.20749e-01 7.79e-03
8.21364e-01 7.78e-03
8.22024e-01 7.77e-03
8.22639e-01 7.76e-03
8.23298e-01 7.75e-03
8.23912e-01 7.74e-03
8.24526e-01 7.73e-03
8.25184e-01 7.72e-03
8.25797e-01 7.71e-03
8.26410e-01 7.70e-03
8.27066e-01 7.69e-03
8.27678e-01 7.68e-03
8.28290e-01 7.67e-03
8.28945e-01 7.66e-03
8.29556e-01 7.66e-03
8.30166e-01 7.65e-03
8.30776e-01 7.64e-03
8.31430e-01 7.63e-03
8.32039e-01 7.62e-03
8.32648e-01 7.61e-03
8.33257e-01 7.60e-03
8.33909e-01 7.59e-03
8.34517e-01 7.58e-03
8.35124e-01 7.57e-03
8.35731e-01 7.57e-03
8.36338e-01 7.56e-03
8.36988e-01 7.55e-03
8.37594e-01 7.54e-03
8.38199e-01 7.53e-03
8.38805e-01 7.52e-03
8.39410e-01 7.51e-03
8.40014e-01 7.51e-03
8.40618e-01 7.50e-03
8.41265e-01 7.49e-03
8.41869e-01 7.48e-03
8.42472e-01 7.47e-03
8.43075e-01 7.46e-03
8.43677e-01 7.46e-03
8.44279e-01 7.45e-03
8.44881e-01 7.44e-03
8.45482e-01 7.43e-03
8.46083e-01 7.42e-03
8.46683e-01 7.41e-03
8.47284e-01 7.41e-03
8.47883e-01 7.40e-03
8.48526e-01 7.39e-03
8.49125e-01 7.38e-03
8.49723e-01 7.37e-03
8.50322e-01 7.37e-03
8.50920e-01 7.36e-03
8.51518e-01 7.35e-03
8.52115e-01 7.34e-03
8.52712e-01 7.33e-03
8.53308e-01 7.33e-03
8.53862e-01 7.32e-03
8.54458e-01 7.31e-03
8.55053e-01 7.30e-03
8.55649e-01 7.30e-03
8.56243e-01 7.29e-03
8.56838e-01 7.28e-03
8.57432e-01 7.27e-03
8.58026e-01 7.26e-03
8.58619e-01 7.26e-03
8.59212e-01 7.25e-03
8.59805e-01 7.24e-03
8.60397e-01 7.23e-03
8.60947e-01 7.23e-03
8.61539e-01 7.22e-03
8.62130e-01 7.21e-03
8.62721e-01 7.20e-03
8.63312e-01 7.20e-03
8.63902e-01 7.19e-03
8.64492e-01 7.18e-03
8.65040e-01 7.17e-03
8.65629e-01 7.17e-03
8.66218e-01 7.16e-03
8.66806e-01 7.15e-03
8.67395e-01 7.15e-03
8.67940e-01 7.14e-03
8.68528e-01 7.13e-03
8.69115e-01 7.12e-03
8.74301e-01 7.06e-03
8.82237e-01 6.97e-03
8.98045e-01 6.79e-03
9.00771e-01 6.75e-03
9.11841e-01 6.64e-03
9.15010e-01 6.61e-03
9.15530e-01 6.60e-03
9.22631e-01 6.52e-03
9.38365e-01 6.37e-03
9.46704e-01 6.29e-03
9.47208e-01 6.28e-03
9.47712e-01 6.29e-03
9.47944e-01 6.29e-03
9.48448e-01 6.29e-03
9.48952e-01 6.28e-03
9.49455e-01 6.27e-03
9.49919e-01 6.26e-03
9.60040e-01 6.16e-03
9.71915e-01 6.06e-03
9.75012e-01 6.04e-03
9.75239e-01 6.04e-03
9.75729e-01 6.03e-03
9.77386e-01 6.01e-03
9.89801e-01 5.91e-03
9.91213e-01 5.90e-03
9.92362e-01 5.89e-03
9.94658e-01 5.88e-03
9.95361e-01 5.86e-03
1.00379e+00 5.80e-03
1.01080e+00 5.75e-03
1.01167e+00 5.75e-03
1.01215e+00 5.74e-03
1.01236e+00 5.73e-03
1.02908e+00 5.61e-03
1.02930e+00 5.62e-03
1.02973e+00 5.62e-03
1.03083e+00 5.61e-03
1.03169e+00 5.62e-03
1.03212e+00 5.61e-03
1.03254e+00 5.60e-03
1.03276e+00 5.59e-03
1.04412e+00 5.52e-03
1.04813e+00 5.49e-03
1.04855e+00 5.51e-03
1.04897e+00 5.53e-03
1.04918e+00 5.52e-03
1.04960e+00 5.49e-03
1.04981e+00 5.48e-03
1.06454e+00 5.39e-03
1.06516e+00 5.39e-03
1.06537e+00 5.41e-03
1.06616e+00 5.40e-03
1.06657e+00 5.38e-03
1.06698e+00 5.38e-03
1.06719e+00 5.37e-03
1.08191e+00 5.29e-03
1.08231e+00 5.30e-03
1.08272e+00 5.30e-03
1.08292e+00 5.29e-03
1.08866e+00 5.25e-03
1.08886e+00 5.27e-03
1.08927e+00 5.26e-03
1.08964e+00 5.25e-03
1.08984e+00 5.25e-03
1.09845e+00 5.20e-03
1.09885e+00 5.21e-03
1.09925e+00 5.22e-03
1.09945e+00 5.20e-03
1.10446e+00 5.17e-03
1.10466e+00 5.18e-03
1.10503e+00 5.19e-03
1.10522e+00 5.20e-03
1.10562e+00 5.18e-03
1.10582e+00 5.18e-03
1.10599e+00 5.18e-03
1.10638e+00 5.17e-03
1.10678e+00 5.16e-03
1.11478e+00 5.13e-03
1.11534e+00 5.13e-03
1.11553e+00 5.12e-03
1.12044e+00 5.10e-03
1.12119e+00 5.11e-03
1.12138e+00 5.09e-03
1.13092e+00 5.06e-03
1.13645e+00 5.03e-03
1.13661e+00 5.05e-03
1.13700e+00 5.04e-03
1.13735e+00 5.03e-03
1.13754e+00 5.03e-03
1.14991e+00 4.98e-03
1.15010e+00 4.99e-03
1.15206e+00 4.98e-03
1.15225e+00 4.98e-03
1.15313e+00 4.98e-03
1.16259e+00 4.94e-03
1.16278e+00 4.95e-03
1.16399e+00 4.94e-03
1.18041e+00 4.88e-03
1.18059e+00 4.88e-03
1.19480e+00 4.84e-03
1.20774e+00 4.81e-03
1.21554e+00 4.79e-03
1.23300e+00 4.75e-03
1.25419e+00 4.72e-03
1.26031e+00 4.72e-03
1.26093e+00 4.73e-03
1.26169e+00 4.72e-03
1.26342e+00 4.72e-03
1.26387e+00 4.72e-03
1.26404e+00 4.72e-03
1.26435e+00 4.74e-03
1.26449e+00 4.75e-03
1.26466e+00 4.75e-03
1.26497e+00 4.73e-03
1.26545e+00 4.72e-03
1.26900e+00 4.71e-03
1.27656e+00 4.70e-03
1.29943e+00 4.70e-03
1.30925e+00 4.71e-03
1.31251e+00 4.71e-03
1.31267e+00 4.72e-03
1.31386e+00 4.71e-03
1.31504e+00 4.72e-03
1.31531e+00 4.72e-03
1.31547e+00 4.73e-03
1.31560e+00 4.72e-03
1.31665e+00 4.72e-03
1.31678e+00 4.71e-03
1.32354e+00 4.72e-03
1.34438e+00 4.74e-03
1.34664e+00 4.75e-03
1.34680e+00 4.75e-03
1.34722e+00 4.75e-03
1.34737e+00 4.76e-03
1.34766e+00 4.75e-03
1.34807e+00 4.75e-03
1.35802e+00 4.76e-03
1.36313e+00 4.78e-03
1.36706e+00 4.79e-03
1.36734e+00 4.79e-03
1.36747e+00 4.79e-03
1.36775e+00 4.86e-03
1.36790e+00 4.89e-03
1.36803e+00 4.79e-03
1.37392e+00 4.80e-03
1.37922e+00 4.82e-03
1.37950e+00 4.82e-03
1.37977e+00 4.83e-03
1.37990e+00 4.82e-03
1.38103e+00 4.82e-03
1.38143e+00 4.83e-03
1.38158e+00 4.84e-03
1.38186e+00 4.83e-03
1.38199e+00 4.83e-03
1.38214e+00 4.82e-03
1.39016e+00 4.85e-03
1.39948e+00 4.89e-03
1.39975e+00 4.89e-03
1.39990e+00 4.90e-03
1.40086e+00 4.90e-03
1.40195e+00 4.90e-03
1.40796e+00 4.92e-03
1.42043e+00 4.98e-03
1.43144e+00 5.04e-03
1.44000e+00 5.09e-03
1.44345e+00 5.12e-03
1.44452e+00 5.12e-03
1.44572e+00 5.14e-03
1.44638e+00 5.14e-03
1.44957e+00 5.16e-03
1.45538e+00 5.21e-03
1.46988e+00 5.32e-03
1.47197e+00 5.34e-03
1.47314e+00 5.36e-03
1.47353e+00 5.36e-03
1.47366e+00 5.36e-03
1.47655e+00 5.39e-03
1.48881e+00 5.51e-03
1.49023e+00 5.52e-03
1.49036e+00 5.53e-03
1.49101e+00 5.54e-03
1.49128e+00 5.54e-03
1.49140e+00 5.53e-03
1.49218e+00 5.54e-03
1.49232e+00 5.55e-03
1.49335e+00 5.55e-03
1.49750e+00 5.60e-03
1.50268e+00 5.66e-03
1.50321e+00 5.67e-03
1.50332e+00 5.68e-03
1.50372e+00 5.68e-03
1.50386e+00 5.67e-03
1.50643e+00 5.71e-03
1.51134e+00 5.77e-03
1.51675e+00 5.85e-03
1.51984e+00 5.90e-03
1.52653e+00 6.00e-03
1.53243e+00 6.10e-03
1.53448e+00 6.14e-03
1.53551e+00 6.16e-03
1.53577e+00 6.16e-03
1.53603e+00 6.17e-03
1.53629e+00 6.18e-03
1.53652e+00 6.18e-03
1.53678e+00 6.19e-03
1.53704e+00 6.20e-03
1.53730e+00 6.20e-03
1.53756e+00 6.21e-03
1.53781e+00 6.22e-03
1.53871e+00 6.24e-03
1.54204e+00 6.29e-03
1.54460e+00 6.34e-03
1.54716e+00 6.39e-03
1.54894e+00 6.43e-03
1.55151e+00 6.49e-03
1.55329e+00 6.53e-03
1.55354e+00 6.54e-03
1.55367e+00 6.50e-03
1.55496e+00 6.53e-03
1.55597e+00 6.56e-03
1.55726e+00 6.59e-03
1.55802e+00 6.61e-03
1.55852e+00 6.62e-03
1.55903e+00 6.63e-03
1.55930e+00 6.64e-03
1.55955e+00 6.65e-03
1.55981e+00 6.65e-03
1.56006e+00 6.66e-03
1.56031e+00 6.67e-03
1.56056e+00 6.67e-03
1.56081e+00 6.68e-03
1.56109e+00 6.69e-03
1.56134e+00 6.70e-03
1.56159e+00 6.70e-03
1.56184e+00 6.71e-03
1.56209e+00 6.72e-03
1.56235e+00 6.72e-03
1.56262e+00 6.73e-03
1.56287e+00 6.74e-03
1.56312e+00 6.75e-03
1.56337e+00 6.75e-03
1.56362e+00 6.77e-03
1.56402e+00 6.79e-03
1.56440e+00 6.78e-03
1.56490e+00 6.79e-03
1.56517e+00 6.80e-03
1.56542e+00 6.81e-03
1.56567e+00 6.81e-03
1.56592e+00 6.82e-03
1.56618e+00 6.83e-03
1.56645e+00 6.84e-03
1.56670e+00 6.84e-03
1.56695e+00 6.85e-03
1.56720e+00 6.86e-03
1.56745e+00 6.87e-03
1.56772e+00 6.88e-03
1.56797e+00 6.88e-03
1.56822e+00 6.89e-03
1.56847e+00 6.90e-03
1.56874e+00 6.91e-03
1.56899e+00 6.91e-03
1.56924e+00 6.92e-03
1.56949e+00 6.93e-03
1.56976e+00 6.94e-03
1.57001e+00 6.95e-03
1.57026e+00 6.95e-03
1.57051e+00 6.96e-03
1.57078e+00 6.97e-03
1.57103e+00 6.98e-03
1.57128e+00 6.99e-03
1.57155e+00 6.99e-03
1.57180e+00 7.00e-03
1.57205e+00 7.01e-03
1.57230e+00 7.02e-03
1.57257e+00 7.03e-03
1.57282e+00 7.04e-03
1.57306e+00 7.04e-03
1.57333e+00 7.05e-03
1.57358e+00 7.06e-03
1.57383e+00 7.07e-03
1.57408e+00 7.08e-03
1.57435e+00 7.09e-03
1.57460e+00 7.10e-03
1.57485e+00 7.10e-03
1.57512e+00 7.11e-03
1.57536e+00 7.12e-03
1.57561e+00 7.13e-03
1.57588e+00 7.14e-03
1.57613e+00 7.15e-03
1.57638e+00 7.16e-03
1.57665e+00 7.17e-03
1.57689e+00 7.18e-03
1.57714e+00 7.19e-03
1.57741e+00 7.20e-03
1.57766e+00 7.20e-03
1.57791e+00 7.21e-03
1.57817e+00 7.22e-03
1.57842e+00 7.23e-03
1.57867e+00 7.24e-03
1.57894e+00 7.25e-03
1.57918e+00 7.26e-03
1.57943e+00 7.27e-03
1.57970e+00 7.28e-03
1.57995e+00 7.29e-03
1.58022e+00 7.30e-03
1.58046e+00 7.31e-03
1.58071e+00 7.32e-03
1.58098e+00 7.33e-03
1.58122e+00 7.34e-03
1.58149e+00 7.36e-03
1.58174e+00 7.37e-03
1.58198e+00 7.38e-03
1.58225e+00 7.39e-03
1.58250e+00 7.41e-03
1.58277e+00 7.42e-03
1.58301e+00 7.43e-03
1.58326e+00 7.45e-03
1.58353e+00 7.46e-03
1.58377e+00 7.48e-03
1.58404e+00 7.49e-03
1.58428e+00 7.51e-03
1.58453e+00 7.52e-03
1.58480e+00 7.54e-03
1.58504e+00 7.55e-03
1.58531e+00 7.57e-03
1.58555e+00 7.59e-03
1.58582e+00 7.61e-03
1.58607e+00 7.62e-03
1.58633e+00 7.64e-03
1.58658e+00 7.66e-03
1.58682e+00 7.68e-03
1.58697e+00 7.69e-03
1.58799e+00 7.71e-03
1.58823e+00 7.72e-03
1.58848e+00 7.73e-03
1.58875e+00 7.75e-03
1.58899e+00 7.76e-03
1.58926e+00 7.78e-03
1.58950e+00 7.79e-03
1.58977e+00 7.81e-03
1.59001e+00 7.83e-03
1.59028e+00 7.85e-03
1.59052e+00 7.87e-03
1.59079e+00 7.89e-03
1.59103e+00 7.91e-03
1.59129e+00 7.94e-03
1.59154e+00 7.96e-03
1.59180e+00 7.99e-03
1.59207e+00 8.02e-03
1.59231e+00 8.04e-03
1.59258e+00 8.06e-03
1.59282e+00 8.09e-03
1.59308e+00 8.11e-03
1.59333e+00 8.14e-03
1.59359e+00 8.16e-03
1.59384e+00 8.18e-03
1.59410e+00 8.20e-03
1.59434e+00 8.22e-03
1.59461e+00 8.25e-03
1.59485e+00 8.27e-03
1.59512e+00 8.30e-03
1.59538e+00 8.34e-03
1.59562e+00 8.37e-03
1.59589e+00 8.41e-03
1.59613e+00 8.46e-03
1.59639e+00 8.51e-03
1.59664e+00 8.57e-03
1.59690e+00 8.63e-03
1.59716e+00 8.69e-03
1.59741e+00 8.76e-03
1.59767e+00 8.83e-03
1.59779e+00 8.86e-03
1.59791e+00 8.91e-03
1.59817e+00 9.03e-03
1.59844e+00 9.17e-03
1.59856e+00 9.25e-03
1.59868e+00 9.34e-03
1.59882e+00 9.48e-03
1.59894e+00 9.65e-03
1.59906e+00 9.87e-03
1.59919e+00 1.01e-02
1.59933e+00 1.05e-02
1.59945e+00 1.11e-02
1.59957e+00 1.17e-02
1.59971e+00 1.22e-02
1.59983e+00 1.25e-02
1.59995e+00 1.23e-02
1.60009e+00 1.20e-02
1.60022e+00 1.15e-02
1.60034e+00 1.12e-02
1.60048e+00 1.09e-02
1.60060e+00 1.08e-02
1.60072e+00 1.08e-02
1.60086e+00 1.08e-02
1.60098e+00 1.09e-02
1.60110e+00 1.11e-02
1.60124e+00 1.15e-02
1.60137e+00 1.18e-02
1.60149e+00 1.20e-02
1.60161e+00 1.19e-02
1.60175e+00 1.16e-02
1.60187e+00 1.14e-02
1.60199e+00 1.13e-02
1.60213e+00 1.13e-02
1.60225e+00 1.14e-02
1.60237e+00 1.18e-02
1.60251e+00 1.23e-02
1.60263e+00 1.30e-02
1.60276e+00 1.41e-02
1.60290e+00 1.57e-02
1.60302e+00 1.74e-02
1.60314e+00 1.85e-02
1.60328e+00 1.82e-02
1.60340e+00 1.67e-02
1.60352e+00 1.50e-02
1.60366e+00 1.36e-02
1.60378e+00 1.26e-02
1.60390e+00 1.19e-02
1.60404e+00 1.15e-02
1.60416e+00 1.13e-02
1.60428e+00 1.12e-02
1.60443e+00 1.12e-02
1.60455e+00 1.14e-02
1.60469e+00 1.17e-02
1.60481e+00 1.19e-02
1.60493e+00 1.19e-02
1.60507e+00 1.15e-02
1.60519e+00 1.11e-02
1.60531e+00 1.08e-02
1.60545e+00 1.06e-02
1.60557e+00 1.05e-02
1.60569e+00 1.04e-02
1.60583e+00 1.04e-02
1.60595e+00 1.06e-02
1.60607e+00 1.08e-02
1.60621e+00 1.11e-02
1.60633e+00 1.15e-02
1.60645e+00 1.19e-02
1.60659e+00 1.20e-02
1.60671e+00 1.17e-02
1.60685e+00 1.12e-02
1.60697e+00 1.07e-02
1.60710e+00 1.03e-02
1.60724e+00 1.01e-02
1.60736e+00 9.92e-03
1.60748e+00 9.80e-03
1.60762e+00 9.71e-03
1.60774e+00 9.65e-03
1.60786e+00 9.60e-03
1.60800e+00 9.57e-03
1.60826e+00 9.51e-03
1.60850e+00 9.48e-03
1.60864e+00 9.48e-03
1.60902e+00 9.47e-03
1.60928e+00 9.48e-03
1.60952e+00 9.49e-03
1.60978e+00 9.50e-03
1.61144e+00 9.53e-03
1.61195e+00 9.52e-03
1.61233e+00 9.52e-03
1.61271e+00 9.52e-03
1.61335e+00 9.50e-03
1.61413e+00 9.51e-03
1.61578e+00 9.53e-03
1.61604e+00 9.55e-03
1.61629e+00 9.56e-03
1.61655e+00 9.58e-03
1.61679e+00 9.60e-03
1.61705e+00 9.62e-03
1.61731e+00 9.64e-03
1.61768e+00 9.66e-03
1.62178e+00 9.66e-03
1.62190e+00 9.65e-03
1.62204e+00 9.63e-03
1.62241e+00 9.63e-03
1.62344e+00 9.66e-03
1.62370e+00 9.67e-03
1.62395e+00 9.68e-03
1.62421e+00 9.69e-03
1.62446e+00 9.70e-03
1.62472e+00 9.71e-03
1.62498e+00 9.73e-03
1.62523e+00 9.74e-03
1.62549e+00 9.75e-03
1.62574e+00 9.76e-03
1.62600e+00 9.77e-03
1.62626e+00 9.79e-03
1.62651e+00 9.80e-03
1.62677e+00 9.82e-03
1.62702e+00 9.85e-03
1.62714e+00 9.86e-03
1.62728e+00 9.94e-03
1.62753e+00 9.98e-03
1.62765e+00 1.00e-02
1.62793e+00 1.00e-02
1.62818e+00 1.00e-02
1.62844e+00 1.00e-02
1.62869e+00 1.00e-02
1.62895e+00 1.01e-02
1.62920e+00 1.01e-02
1.62946e+00 1.01e-02
1.62971e+00 1.01e-02
1.62997e+00 1.01e-02
1.63022e+00 1.02e-02
1.63048e+00 1.02e-02
1.63073e+00 1.02e-02
1.63098e+00 1.02e-02
1.63124e+00 1.02e-02
1.63149e+00 1.03e-02
1.63175e+00 1.03e-02
1.63202e+00 1.03e-02
1.63228e+00 1.04e-02
1.63253e+00 1.04e-02
1.63278e+00 1.04e-02
1.63304e+00 1.04e-02
1.63329e+00 1.05e-02
1.63354e+00 1.05e-02
1.63380e+00 1.05e-02
1.63405e+00 1.06e-02
1.63433e+00 1.06e-02
1.63458e+00 1.06e-02
1.63483e+00 1.07e-02
1.63509e+00 1.07e-02
1.63534e+00 1.07e-02
1.63559e+00 1.08e-02
1.63585e+00 1.08e-02
1.63612e+00 1.08e-02
1.63637e+00 1.09e-02
1.63662e+00 1.09e-02
1.63688e+00 1.09e-02
1.63713e+00 1.10e-02
1.63738e+00 1.10e-02
1.63766e+00 1.10e-02
1.63791e+00 1.10e-02
1.63816e+00 1.11e-02
1.63841e+00 1.11e-02
1.63867e+00 1.11e-02
1.63894e+00 1.11e-02
1.63919e+00 1.12e-02
1.63944e+00 1.12e-02
1.63970e+00 1.12e-02
1.63995e+00 1.13e-02
1.64022e+00 1.13e-02
1.64047e+00 1.13e-02
1.64072e+00 1.13e-02
1.64098e+00 1.14e-02
1.64125e+00 1.14e-02
1.64150e+00 1.14e-02
1.64175e+00 1.15e-02
1.64200e+00 1.15e-02
1.64227e+00 1.15e-02
1.64239e+00 1.15e-02
1.64252e+00 1.16e-02
1.64278e+00 1.16e-02
1.64291e+00 1.16e-02
1.64316e+00 1.16e-02
1.64341e+00 1.17e-02
1.64368e+00 1.17e-02
1.64394e+00 1.17e-02
1.64419e+00 1.18e-02
1.64444e+00 1.18e-02
1.64471e+00 1.19e-02
1.64496e+00 1.19e-02
1.64521e+00 1.19e-02
1.64548e+00 1.20e-02
1.64573e+00 1.20e-02
1.64598e+00 1.21e-02
1.64625e+00 1.21e-02
1.64650e+00 1.21e-02
1.64675e+00 1.22e-02
1.64702e+00 1.22e-02
1.64727e+00 1.23e-02
1.64752e+00 1.23e-02
1.64779e+00 1.23e-02
1.64804e+00 1.24e-02
1.64829e+00 1.24e-02
1.64856e+00 1.25e-02
1.64881e+00 1.25e-02
1.64906e+00 1.26e-02
1.64933e+00 1.26e-02
1.64958e+00 1.27e-02
1.64985e+00 1.27e-02
1.65010e+00 1.28e-02
1.65035e+00 1.28e-02
1.65062e+00 1.29e-02
1.65087e+00 1.29e-02
1.65114e+00 1.30e-02
1.65139e+00 1.30e-02
1.65163e+00 1.31e-02
1.65190e+00 1.31e-02
1.65215e+00 1.32e-02
1.65242e+00 1.32e-02
1.65267e+00 1.33e-02
1.65294e+00 1.34e-02
1.65305e+00 1.34e-02
1.65319e+00 1.34e-02
1.65345e+00 1.35e-02
1.65370e+00 1.35e-02
1.65395e+00 1.36e-02
1.65422e+00 1.36e-02
1.65447e+00 1.37e-02
1.65474e+00 1.38e-02
1.65498e+00 1.38e-02
1.65525e+00 1.39e-02
1.65550e+00 1.40e-02
1.65577e+00 1.40e-02
1.65602e+00 1.41e-02
1.65628e+00 1.42e-02
1.65653e+00 1.42e-02
1.65680e+00 1.43e-02
1.65705e+00 1.44e-02
1.65731e+00 1.45e-02
1.65756e+00 1.45e-02
1.65783e+00 1.46e-02
1.65808e+00 1.47e-02
1.65834e+00 1.48e-02
1.65859e+00 1.49e-02
1.65886e+00 1.49e-02
1.65912e+00 1.50e-02
1.65937e+00 1.51e-02
1.65964e+00 1.52e-02
1.65988e+00 1.53e-02
1.66015e+00 1.54e-02
1.66040e+00 1.55e-02
1.66066e+00 1.56e-02
1.66093e+00 1.57e-02
1.66118e+00 1.58e-02
1.66144e+00 1.59e-02
1.66169e+00 1.60e-02
1.66195e+00 1.61e-02
1.66222e+00 1.62e-02
1.66247e+00 1.63e-02
1.66273e+00 1.64e-02
1.66298e+00 1.66e-02
1.66324e+00 1.67e-02
1.66351e+00 1.68e-02
1.66376e+00 1.70e-02
1.66402e+00 1.71e-02
1.66429e+00 1.73e-02
1.66453e+00 1.74e-02
1.66480e+00 1.76e-02
1.66506e+00 1.78e-02
1.66531e+00 1.79e-02
1.66544e+00 1.80e-02
1.66570e+00 1.83e-02
1.66595e+00 1.85e-02
1.66622e+00 1.87e-02
1.66648e+00 1.90e-02
1.66673e+00 1.93e-02
1.66699e+00 1.95e-02
1.66725e+00 1.98e-02
1.66752e+00 2.01e-02
1.66776e+00 2.05e-02
1.66803e+00 2.08e-02
1.66829e+00 2.11e-02
1.66842e+00 2.13e-02
1.66867e+00 2.16e-02
1.66893e+00 2.19e-02
1.66920e+00 2.23e-02
1.66944e+00 2.26e-02
1.66970e+00 2.30e-02
1.66997e+00 2.35e-02
1.67023e+00 2.39e-02
1.67050e+00 2.45e-02
1.67061e+00 2.47e-02
1.67074e+00 2.50e-02
1.67100e+00 2.56e-02
1.67113e+00 2.59e-02
1.67127e+00 2.63e-02
1.67140e+00 2.66e-02
1.67153e+00 2.70e-02
1.67166e+00 2.74e-02
1.67177e+00 2.78e-02
1.67191e+00 2.82e-02
1.67204e+00 2.87e-02
1.67217e+00 2.92e-02
1.67230e+00 2.97e-02
1.67243e+00 3.02e-02
1.67256e+00 3.09e-02
1.67269e+00 3.15e-02
1.67283e+00 3.22e-02
1.67296e+00 3.29e-02
1.67307e+00 3.38e-02
1.67320e+00 3.46e-02
1.67333e+00 3.56e-02
1.67346e+00 3.66e-02
1.67360e+00 3.78e-02
1.67373e+00 3.90e-02
1.67386e+00 4.04e-02
1.67399e+00 4.19e-02
1.67412e+00 4.36e-02
1.67425e+00 4.54e-02
1.67438e+00 4.74e-02
1.67450e+00 4.97e-02
1.67463e+00 5.22e-02
1.67476e+00 5.51e-02
1.67489e+00 5.83e-02
1.67502e+00 6.19e-02
1.67515e+00 6.60e-02
1.67528e+00 7.08e-02
1.67541e+00 7.63e-02
1.67554e+00 8.27e-02
1.67567e+00 9.02e-02
1.67581e+00 9.92e-02
1.67594e+00 1.10e-01
1.67607e+00 1.23e-01
1.67620e+00 1.39e-01
1.67633e+00 1.58e-01
1.67644e+00 1.83e-01
1.67657e+00 2.15e-01
1.67670e+00 2.56e-01
1.67683e+00 3.11e-01
1.67697e+00 3.85e-01
1.67710e+00 4.86e-01
1.67723e+00 6.26e-01
1.67736e+00 8.13e-01
1.67749e+00 1.05e+00
1.67762e+00 1.28e+00
1.67775e+00 1.42e+00
1.67788e+00 1.37e+00
1.67801e+00 1.17e+00
1.67814e+00 9.27e-01
1.67827e+00 7.16e-01
1.67840e+00 5.55e-01
1.67853e+00 4.37e-01
1.67867e+00 3.52e-01
1.67880e+00 2.89e-01
1.67893e+00 2.43e-01
1.67906e+00 2.08e-01
1.67917e+00 1.81e-01
1.67930e+00 1.61e-01
1.67943e+00 1.45e-01
1.67956e+00 1.32e-01
1.67969e+00 1.22e-01
1.67982e+00 1.14e-01
1.67995e+00 1.09e-01
1.68008e+00 1.04e-01
1.68021e+00 1.01e-01
1.68034e+00 1.00e-01
1.68047e+00 9.97e-02
1.68060e+00 1.01e-01
1.68073e+00 1.03e-01
1.68087e+00 1.08e-01
1.68100e+00 1.14e-01
1.68113e+00 1.23e-01
1.68126e+00 1.35e-01
1.68139e+00 1.51e-01
1.68152e+00 1.73e-01
1.68165e+00 2.04e-01
1.68178e+00 2.46e-01
1.68191e+00 3.05e-01
1.68204e+00 3.87e-01
1.68217e+00 4.93e-01
1.68230e+00 6.15e-01
1.68243e+00 7.13e-01
1.68256e+00 7.31e-01
1.68269e+00 6.56e-01
1.68282e+00 5.35e-01
1.68295e+00 4.19e-01
1.68308e+00 3.27e-01
1.68321e+00 2.59e-01
1.68334e+00 2.09e-01
1.68347e+00 1.73e-01
1.68360e+00 1.46e-01
1.68373e+00 1.26e-01
1.68386e+00 1.10e-01
1.68399e+00 9.76e-02
1.68412e+00 8.79e-02
1.68425e+00 8.00e-02
1.68438e+00 7.36e-02
1.68451e+00 6.82e-02
1.68464e+00 6.38e-02
1.68477e+00 6.00e-02
1.68490e+00 5.68e-02
1.68503e+00 5.41e-02
1.68516e+00 5.17e-02
1.68529e+00 4.96e-02
1.68542e+00 4.78e-02
1.68555e+00 4.62e-02
1.68570e+00 4.48e-02
1.68582e+00 4.35e-02
1.68595e+00 4.24e-02
1.68608e+00 4.14e-02
1.68621e+00 4.06e-02
1.68634e+00 3.98e-02
1.68647e+00 3.90e-02
1.68660e+00 3.84e-02
1.68673e+00 3.78e-02
1.68686e+00 3.73e-02
1.68699e+00 3.68e-02
1.68712e+00 3.63e-02
1.68725e+00 3.59e-02
1.68738e+00 3.56e-02
1.68751e+00 3.53e-02
1.68764e+00 3.50e-02
1.68777e+00 3.47e-02
1.68790e+00 3.44e-02
1.68803e+00 3.42e-02
1.68816e+00 3.40e-02
1.68829e+00 3.38e-02
1.68856e+00 3.35e-02
1.68882e+00 3.33e-02
1.68908e+00 3.31e-02
1.68934e+00 3.29e-02
1.68960e+00 3.28e-02
1.68986e+00 3.27e-02
1.68999e+00 3.27e-02
1.69052e+00 3.27e-02
1.69078e+00 3.28e-02
1.69104e+00 3.28e-02
1.69129e+00 3.29e-02
1.69155e+00 3.30e-02
1.69170e+00 3.31e-02
1.69196e+00 3.32e-02
1.69222e+00 3.33e-02
1.69247e+00 3.34e-02
1.69273e+00 3.36e-02
1.69301e+00 3.37e-02
1.69326e+00 3.39e-02
1.69352e+00 3.42e-02
1.69378e+00 3.44e-02
1.69405e+00 3.47e-02
1.69431e+00 3.50e-02
1.69457e+00 3.53e-02
1.69483e+00 3.56e-02
1.69510e+00 3.59e-02
1.69536e+00 3.62e-02
1.69562e+00 3.65e-02
1.69587e+00 3.69e-02
1.69615e+00 3.73e-02
1.69628e+00 3.81e-02
1.69653e+00 4.03e-02
1.69679e+00 4.26e-02
1.69706e+00 4.48e-02
1.69732e+00 4.71e-02
1.69758e+00 4.94e-02
1.69785e+00 5.17e-02
1.69811e+00 5.40e-02
1.69836e+00 5.64e-02
1.69864e+00 5.88e-02
1.69877e+00 5.83e-02
1.69902e+00 5.72e-02
1.69930e+00 5.64e-02
1.69955e+00 5.55e-02
1.69981e+00 5.47e-02
1.69994e+00 5.45e-02
1.70021e+00 5.45e-02
1.70047e+00 5.45e-02
1.70074e+00 5.44e-02
1.70100e+00 5.45e-02
1.70112e+00 5.55e-02
1.70140e+00 6.11e-02
1.70152e+00 6.40e-02
1.70178e+00 7.00e-02
1.70191e+00 7.30e-02
1.70218e+00 7.78e-02
1.70231e+00 8.01e-02
1.70256e+00 7.97e-02
1.70271e+00 7.95e-02
1.70284e+00 7.92e-02
1.70309e+00 7.86e-02
1.70324e+00 7.89e-02
1.70349e+00 7.96e-02
1.70362e+00 8.19e-02
1.70389e+00 8.79e-02
1.70415e+00 9.36e-02
1.70428e+00 9.64e-02
1.70442e+00 9.80e-02
1.70468e+00 9.95e-02
1.70480e+00 1.00e-01
1.70508e+00 1.03e-01
1.70520e+00 1.03e-01
1.70548e+00 1.01e-01
1.70560e+00 9.99e-02
1.70586e+00 1.00e-01
1.70600e+00 1.00e-01
1.70626e+00 1.01e-01
1.70638e+00 1.02e-01
1.70666e+00 1.06e-01
1.70678e+00 1.08e-01
1.70705e+00 1.06e-01
1.70718e+00 1.06e-01
1.70744e+00 1.04e-01
1.70758e+00 1.04e-01
1.70783e+00 1.01e-01
1.70811e+00 9.90e-02
1.70836e+00 9.65e-02
1.70863e+00 9.35e-02
1.70876e+00 9.19e-02
1.70890e+00 9.01e-02
1.70916e+00 8.62e-02
1.70928e+00 8.56e-02
1.70955e+00 8.52e-02
1.70983e+00 8.48e-02
1.70995e+00 8.47e-02
1.71008e+00 8.46e-02
1.71060e+00 8.47e-02
1.71087e+00 8.47e-02
1.71115e+00 8.49e-02
1.71127e+00 8.50e-02
1.71154e+00 8.52e-02
1.71167e+00 8.54e-02
1.71194e+00 8.61e-02
1.71219e+00 8.69e-02
1.71246e+00 8.77e-02
1.71273e+00 8.86e-02
1.71299e+00 8.95e-02
1.71326e+00 9.04e-02
1.71353e+00 9.11e-02
1.71378e+00 9.18e-02
1.71405e+00 9.26e-02
1.71432e+00 9.35e-02
1.71457e+00 9.44e-02
1.71484e+00 9.53e-02
1.71511e+00 9.63e-02
1.71538e+00 9.74e-02
1.71563e+00 9.84e-02
1.71590e+00 9.96e-02
1.71617e+00 1.01e-01
1.71644e+00 1.02e-01
1.71669e+00 1.03e-01
1.71696e+00 1.05e-01
1.71723e+00 1.06e-01
1.71750e+00 1.08e-01
1.71775e+00 1.10e-01
1.71802e+00 1.12e-01
1.71829e+00 1.13e-01
1.71856e+00 1.15e-01
1.71883e+00 1.17e-01
1.71908e+00 1.20e-01
1.71935e+00 1.23e-01
1.71962e+00 1.25e-01
1.71989e+00 1.28e-01
1.72016e+00 1.31e-01
1.72042e+00 1.34e-01
1.72068e+00 1.37e-01
1.72094e+00 1.40e-01
1.72121e+00 1.44e-01
1.72148e+00 1.47e-01
1.72161e+00 1.49e-01
1.72187e+00 1.51e-01
1.72214e+00 1.54e-01
1.72241e+00 1.57e-01
1.72268e+00 1.60e-01
1.72295e+00 1.63e-01
1.72321e+00 1.66e-01
1.72348e+00 1.69e-01
1.72375e+00 1.73e-01
1.72402e+00 1.76e-01
1.72428e+00 1.80e-01
1.72455e+00 1.84e-01
1.72480e+00 1.89e-01
1.72507e+00 1.93e-01
1.72533e+00 1.98e-01
1.72560e+00 2.03e-01
1.72587e+00 2.08e-01
1.72614e+00 2.13e-01
1.72640e+00 2.18e-01
1.72667e+00 2.24e-01
1.72694e+00 2.29e-01
1.72720e+00 2.35e-01
1.72747e+00 2.41e-01
1.72774e+00 2.47e-01
1.72800e+00 2.53e-01
1.72829e+00 2.59e-01
1.72855e+00 2.65e-01
1.72882e+00 2.72e-01
1.72909e+00 2.78e-01
1.72935e+00 2.85e-01
1.72962e+00 2.92e-01
1.72988e+00 2.99e-01
1.73015e+00 3.06e-01
1.73042e+00 3.13e-01
1.73068e+00 3.20e-01
1.73095e+00 3.27e-01
1.73121e+00 3.35e-01
1.73150e+00 3.42e-01
1.73176e+00 3.49e-01
1.73203e+00 3.56e-01
1.73229e+00 3.63e-01
1.73256e+00 3.70e-01
1.73282e+00 3.77e-01
1.73309e+00 3.84e-01
1.73337e+00 3.90e-01
1.73364e+00 3.97e-01
1.73390e+00 4.03e-01
1.73417e+00 4.08e-01
1.73443e+00 4.14e-01
1.73471e+00 4.19e-01
1.73498e+00 4.24e-01
1.73524e+00 4.28e-01
1.73551e+00 4.32e-01
1.73579e+00 4.35e-01
1.73605e+00 4.38e-01
1.73632e+00 4.41e-01
1.73658e+00 4.43e-01
1.73686e+00 4.44e-01
1.73713e+00 4.45e-01
1.73725e+00 4.45e-01
1.73753e+00 4.44e-01
1.73780e+00 4.43e-01
1.73806e+00 4.42e-01
1.73834e+00 4.40e-01
1.73860e+00 4.37e-01
1.73887e+00 4.34e-01
1.73915e+00 4.30e-01
1.73941e+00 4.26e-01
1.73968e+00 4.22e-01
1.73996e+00 4.17e-01
1.74022e+00 4.12e-01
1.74048e+00 4.06e-01
1.74076e+00 4.00e-01
1.74103e+00 3.94e-01
1.74131e+00 3.88e-01
1.74157e+00 3.81e-01
1.74183e+00 3.75e-01
1.74211e+00 3.68e-01
1.74238e+00 3.61e-01
1.74266e+00 3.54e-01
1.74292e+00 3.47e-01
1.74318e+00 3.39e-01
1.74346e+00 3.32e-01
1.74372e+00 3.25e-01
1.74400e+00 3.18e-01
1.74427e+00 3.11e-01
1.74455e+00 3.04e-01
1.74481e+00 2.97e-01
1.74509e+00 2.90e-01
1.74535e+00 2.83e-01
1.74563e+00 2.77e-01
1.74589e+00 2.70e-01
1.74617e+00 2.64e-01
1.74643e+00 2.57e-01
1.74671e+00 2.51e-01
1.74697e+00 2.45e-01
1.74725e+00 2.39e-01
1.74751e+00 2.33e-01
1.74779e+00 2.28e-01
1.74807e+00 2.22e-01
1.74833e+00 2.17e-01
1.74861e+00 2.12e-01
1.74887e+00 2.07e-01
1.74915e+00 2.02e-01
1.74943e+00 1.97e-01
1.74969e+00 1.92e-01
1.74996e+00 1.88e-01
1.75023e+00 1.83e-01
1.75050e+00 1.79e-01
1.75078e+00 1.75e-01
1.75104e+00 1.71e-01
1.75132e+00 1.67e-01
1.75160e+00 1.63e-01
1.75186e+00 1.60e-01
1.75213e+00 1.56e-01
1.75241e+00 1.53e-01
1.75267e+00 1.49e-01
1.75295e+00 1.46e-01
1.75323e+00 1.43e-01
1.75350e+00 1.40e-01
1.75376e+00 1.37e-01
1.75404e+00 1.34e-01
1.75432e+00 1.31e-01
1.75459e+00 1.28e-01
1.75485e+00 1.26e-01
1.75513e+00 1.23e-01
1.75541e+00 1.21e-01
1.75568e+00 1.18e-01
1.75596e+00 1.16e-01
1.75622e+00 1.14e-01
1.75649e+00 1.12e-01
1.75677e+00 1.09e-01
1.75705e+00 1.07e-01
1.75732e+00 1.05e-01
1.75758e+00 1.03e-01
1.75786e+00 1.01e-01
1.75813e+00 9.97e-02
1.75841e+00 9.79e-02
1.75869e+00 9.61e-02
1.75896e+00 9.44e-02
1.75924e+00 9.28e-02
1.75951e+00 9.12e-02
1.75979e+00 8.96e-02
1.76005e+00 8.81e-02
1.76032e+00 8.66e-02
1.76060e+00 8.52e-02
1.76087e+00 8.38e-02
1.76115e+00 8.24e-02
1.76142e+00 8.11e-02
1.76170e+00 7.98e-02
1.76197e+00 7.86e-02
1.76224e+00 7.74e-02
1.76252e+00 7.62e-02
1.76279e+00 7.50e-02
1.76307e+00 7.39e-02
1.76334e+00 7.28e-02
1.76362e+00 7.17e-02
1.76389e+00 7.07e-02
1.76417e+00 6.97e-02
1.76444e+00 6.87e-02
1.76471e+00 6.77e-02
1.76499e+00 6.68e-02
1.76526e+00 6.59e-02
1.76555e+00 6.50e-02
1.76583e+00 6.41e-02
1.76610e+00 6.32e-02
1.76637e+00 6.24e-02
1.76665e+00 6.16e-02
1.76692e+00 6.08e-02
1.76719e+00 6.00e-02
1.76747e+00 5.93e-02
1.76774e+00 5.86e-02
1.76803e+00 5.78e-02
1.76830e+00 5.71e-02
1.76858e+00 5.65e-02
1.76885e+00 5.58e-02
1.76912e+00 5.51e-02
1.76941e+00 5.45e-02
1.76968e+00 5.39e-02
1.76996e+00 5.33e-02
1.77023e+00 5.27e-02
1.77050e+00 5.21e-02
1.77079e+00 5.15e-02
1.77106e+00 5.10e-02
1.77134e+00 5.04e-02
1.77161e+00 4.99e-02
1.77190e+00 4.94e-02
1.77217e+00 4.89e-02
1.77244e+00 4.84e-02
1.77273e+00 4.79e-02
1.77300e+00 4.74e-02
1.77327e+00 4.70e-02
1.77356e+00 4.65e-02
1.77383e+00 4.61e-02
1.77410e+00 4.56e-02
1.77439e+00 4.52e-02
1.77466e+00 4.48e-02
1.77494e+00 4.44e-02
1.77522e+00 4.40e-02
1.77549e+00 4.36e-02
1.77578e+00 4.32e-02
1.77605e+00 4.28e-02
1.77632e+00 4.25e-02
1.77661e+00 4.21e-02
1.77688e+00 4.18e-02
1.77717e+00 4.14e-02
1.77744e+00 4.11e-02
1.77773e+00 4.07e-02
1.77800e+00 4.04e-02
1.77829e+00 4.01e-02
1.77856e+00 3.98e-02
1.77884e+00 3.95e-02
1.77911e+00 3.92e-02
1.77940e+00 3.89e-02
1.77967e+00 3.86e-02
1.77996e+00 3.83e-02
1.78023e+00 3.81e-02
1.78051e+00 3.78e-02
1.78078e+00 3.75e-02
1.78107e+00 3.73e-02
1.78136e+00 3.70e-02
1.78162e+00 3.68e-02
1.78191e+00 3.65e-02
1.78218e+00 3.63e-02
1.78247e+00 3.61e-02
1.78275e+00 3.58e-02
1.78302e+00 3.56e-02
1.78331e+00 3.54e-02
1.78359e+00 3.52e-02
1.78386e+00 3.50e-02
1.78415e+00 3.48e-02
1.78443e+00 3.46e-02
1.78470e+00 3.44e-02
1.78499e+00 3.42e-02
1.78527e+00 3.40e-02
1.78554e+00 3.38e-02
1.78583e+00 3.36e-02
1.78611e+00 3.34e-02
1.78640e+00 3.32e-02
1.78666e+00 3.30e-02
1.78695e+00 3.29e-02
1.78723e+00 3.27e-02
1.78752e+00 3.25e-02
1.78780e+00 3.24e-02
1.78807e+00 3.22e-02
1.78835e+00 3.21e-02
1.78864e+00 3.19e-02
1.78892e+00 3.18e-02
1.78921e+00 3.16e-02
1.78949e+00 3.15e-02
1.78976e+00 3.13e-02
1.79004e+00 3.12e-02
1.79033e+00 3.11e-02
1.79061e+00 3.09e-02
1.79089e+00 3.08e-02
1.79118e+00 3.07e-02
1.79146e+00 3.05e-02
1.79174e+00 3.04e-02
1.79203e+00 3.03e-02
1.79231e+00 3.02e-02
1.79259e+00 3.01e-02
1.79288e+00 3.00e-02
1.79316e+00 2.99e-02
1.79344e+00 2.97e-02
1.79372e+00 2.96e-02
1.79401e+00 2.95e-02
1.79429e+00 2.94e-02
1.79457e+00 2.93e-02
1.79485e+00 2.92e-02
1.79514e+00 2.91e-02
1.79542e+00 2.91e-02
1.79570e+00 2.90e-02
1.79598e+00 2.89e-02
1.79627e+00 2.88e-02
1.79655e+00 2.87e-02
1.79683e+00 2.86e-02
1.79711e+00 2.85e-02
1.79739e+00 2.85e-02
1.79769e+00 2.84e-02
1.79797e+00 2.83e-02
1.79825e+00 2.82e-02
1.79854e+00 2.82e-02
1.79882e+00 2.81e-02
1.79910e+00 2.80e-02
1.79940e+00 2.79e-02
1.79968e+00 2.79e-02
1.79996e+00 2.78e-02
1.80024e+00 2.77e-02
1.80054e+00 2.77e-02
1.80082e+00 2.76e-02
1.80110e+00 2.76e-02
1.80138e+00 2.75e-02
1.80168e+00 2.75e-02
1.80196e+00 2.74e-02
1.80224e+00 2.73e-02
1.80253e+00 2.73e-02
1.80281e+00 2.72e-02
1.80309e+00 2.72e-02
1.80339e+00 2.71e-02
1.80367e+00 2.71e-02
1.80395e+00 2.71e-02
1.80425e+00 2.70e-02
1.80453e+00 2.70e-02
1.80482e+00 2.69e-02
1.80510e+00 2.69e-02
1.80538e+00 2.69e-02
1.80568e+00 2.68e-02
1.80596e+00 2.68e-02
1.80625e+00 2.67e-02
1.80653e+00 2.67e-02
1.80683e+00 2.67e-02
1.80711e+00 2.66e-02
1.80740e+00 2.66e-02
1.80955e+00 2.64e-02
1.81171e+00 2.63e-02
1.81388e+00 2.62e-02
1.81548e+00 2.62e-02
1.81606e+00 2.62e-02
1.81678e+00 2.62e-02
1.81780e+00 2.62e-02
1.81895e+00 2.63e-02
1.82129e+00 2.64e-02
1.82305e+00 2.65e-02
1.82452e+00 2.66e-02
1.82481e+00 2.66e-02
1.82510e+00 2.66e-02
1.82539e+00 2.67e-02
1.82568e+00 2.67e-02
1.82598e+00 2.67e-02
1.82627e+00 2.67e-02
1.82656e+00 2.68e-02
1.82685e+00 2.68e-02
1.82716e+00 2.68e-02
1.82745e+00 2.69e-02
1.82774e+00 2.69e-02
1.82803e+00 2.69e-02
1.82833e+00 2.70e-02
1.82862e+00 2.70e-02
1.82891e+00 2.70e-02
1.82922e+00 2.71e-02
1.82950e+00 2.71e-02
1.82981e+00 2.72e-02
1.83010e+00 2.72e-02
1.83039e+00 2.72e-02
1.83069e+00 2.73e-02
1.83098e+00 2.73e-02
1.83128e+00 2.74e-02
1.83157e+00 2.74e-02
1.83188e+00 2.75e-02
1.83217e+00 2.75e-02
1.83247e+00 2.76e-02
1.83276e+00 2.76e-02
1.83306e+00 2.77e-02
1.83335e+00 2.77e-02
1.83365e+00 2.78e-02
1.83394e+00 2.78e-02
1.83424e+00 2.79e-02
1.83453e+00 2.79e-02
1.83483e+00 2.80e-02
1.83514e+00 2.80e-02
1.83543e+00 2.81e-02
1.83573e+00 2.81e-02
1.83602e+00 2.82e-02
1.83632e+00 2.82e-02
1.83662e+00 2.83e-02
1.83691e+00 2.84e-02
1.83721e+00 2.84e-02
1.83751e+00 2.85e-02
1.83782e+00 2.86e-02
1.83810e+00 2.87e-02
1.83840e+00 2.88e-02
1.83929e+00 2.89e-02
1.83960e+00 2.90e-02
1.83990e+00 2.90e-02
1.84020e+00 2.91e-02
1.84050e+00 2.92e-02
1.84080e+00 2.93e-02
1.84109e+00 2.94e-02
1.84139e+00 2.95e-02
1.84169e+00 2.96e-02
1.84199e+00 2.97e-02
1.84229e+00 2.97e-02
1.84260e+00 2.98e-02
1.84290e+00 2.99e-02
1.84320e+00 2.99e-02
1.84350e+00 3.00e-02
1.84380e+00 3.01e-02
1.84410e+00 3.02e-02
1.84440e+00 3.03e-02
1.84470e+00 3.04e-02
1.84500e+00 3.05e-02
1.84530e+00 3.05e-02
1.84560e+00 3.06e-02
1.84590e+00 3.07e-02
1.84620e+00 3.08e-02
1.84650e+00 3.08e-02
1.84680e+00 3.09e-02
1.84712e+00 3.10e-02
1.84741e+00 3.11e-02
1.84771e+00 3.12e-02
1.84801e+00 3.13e-02
1.84831e+00 3.14e-02
1.84861e+00 3.16e-02
1.84893e+00 3.17e-02
1.84907e+00 3.18e-02
1.84937e+00 3.20e-02
1.84968e+00 3.22e-02
1.84998e+00 3.23e-02
1.85014e+00 3.24e-02
1.85044e+00 3.25e-02
1.85059e+00 3.26e-02
1.85089e+00 3.28e-02
1.85119e+00 3.30e-02
1.85151e+00 3.31e-02
1.85180e+00 3.33e-02
1.85210e+00 3.34e-02
1.85226e+00 3.35e-02
1.85287e+00 3.35e-02
1.85317e+00 3.36e-02
1.85332e+00 3.36e-02
1.85362e+00 3.38e-02
1.85394e+00 3.40e-02
1.85423e+00 3.42e-02
1.85439e+00 3.43e-02
1.85455e+00 3.45e-02
1.85469e+00 3.47e-02
1.85484e+00 3.50e-02
1.85500e+00 3.53e-02
1.85516e+00 3.57e-02
1.85530e+00 3.61e-02
1.85545e+00 3.68e-02
1.85561e+00 3.75e-02
1.85577e+00 3.82e-02
1.85592e+00 3.87e-02
1.85606e+00 3.87e-02
1.85622e+00 3.84e-02
1.85638e+00 3.79e-02
1.85667e+00 3.69e-02
1.85683e+00 3.65e-02
1.85699e+00 3.63e-02
1.85714e+00 3.60e-02
1.85730e+00 3.58e-02
1.85744e+00 3.57e-02
1.85759e+00 3.56e-02
1.85791e+00 3.56e-02
1.85806e+00 3.56e-02
1.85851e+00 3.56e-02
1.85883e+00 3.57e-02
1.85914e+00 3.58e-02
1.85943e+00 3.59e-02
1.85975e+00 3.60e-02
1.86006e+00 3.61e-02
1.86037e+00 3.63e-02
1.86066e+00 3.64e-02
1.86097e+00 3.65e-02
1.86129e+00 3.67e-02
1.86160e+00 3.68e-02
1.86191e+00 3.69e-02
1.86220e+00 3.70e-02
1.86251e+00 3.71e-02
1.86282e+00 3.73e-02
1.86313e+00 3.74e-02
1.86344e+00 3.75e-02
1.86375e+00 3.77e-02
1.86406e+00 3.78e-02
1.86437e+00 3.79e-02
1.86468e+00 3.81e-02
1.86499e+00 3.82e-02
1.86530e+00 3.84e-02
1.86561e+00 3.85e-02
1.86592e+00 3.87e-02
1.86623e+00 3.89e-02
1.86654e+00 3.90e-02
1.86685e+00 3.92e-02
1.86716e+00 3.93e-02
1.86747e+00 3.95e-02
1.86778e+00 3.97e-02
1.86809e+00 3.99e-02
1.86841e+00 4.00e-02
1.86872e+00 4.02e-02
1.86903e+00 4.04e-02
1.86934e+00 4.06e-02
1.86965e+00 4.08e-02
1.86997e+00 4.10e-02
1.87028e+00 4.11e-02
1.87059e+00 4.13e-02
1.87089e+00 4.15e-02
1.87122e+00 4.17e-02
1.87153e+00 4.19e-02
1.87183e+00 4.21e-02
1.87216e+00 4.24e-02
1.87246e+00 4.26e-02
1.87277e+00 4.27e-02
1.87309e+00 4.30e-02
1.87340e+00 4.32e-02
1.87372e+00 4.34e-02
1.87403e+00 4.36e-02
1.87435e+00 4.38e-02
1.87466e+00 4.40e-02
1.87498e+00 4.42e-02
1.87529e+00 4.45e-02
1.87561e+00 4.47e-02
1.87592e+00 4.49e-02
1.87624e+00 4.51e-02
1.87654e+00 4.54e-02
1.87687e+00 4.56e-02
1.87717e+00 4.58e-02
1.87749e+00 4.61e-02
1.87781e+00 4.63e-02
1.87812e+00 4.66e-02
1.87844e+00 4.68e-02
1.87876e+00 4.71e-02
1.87907e+00 4.73e-02
1.87939e+00 4.76e-02
1.87971e+00 4.78e-02
1.88003e+00 4.81e-02
1.88033e+00 4.84e-02
1.88066e+00 4.86e-02
1.88098e+00 4.89e-02
1.88130e+00 4.92e-02
1.88162e+00 4.94e-02
1.88194e+00 4.97e-02
1.88224e+00 5.00e-02
1.88256e+00 5.03e-02
1.88288e+00 5.06e-02
1.88320e+00 5.08e-02
1.88352e+00 5.11e-02
1.88384e+00 5.14e-02
1.88416e+00 5.17e-02
1.88448e+00 5.20e-02
1.88479e+00 5.23e-02
1.88511e+00 5.26e-02
1.88543e+00 5.29e-02
1.88575e+00 5.33e-02
1.88607e+00 5.36e-02
1.88639e+00 5.39e-02
1.88672e+00 5.42e-02
1.88704e+00 5.45e-02
1.88736e+00 5.49e-02
1.88768e+00 5.52e-02
1.88799e+00 5.55e-02
1.88831e+00 5.59e-02
1.88864e+00 5.62e-02
1.88896e+00 5.66e-02
1.88928e+00 5.69e-02
1.88961e+00 5.73e-02
1.88993e+00 5.77e-02
1.89025e+00 5.80e-02
1.89056e+00 5.84e-02
1.89090e+00 5.87e-02
1.89121e+00 5.91e-02
1.89154e+00 5.95e-02
1.89186e+00 5.99e-02
1.89218e+00 6.03e-02
1.89251e+00 6.06e-02
1.89283e+00 6.10e-02
1.89316e+00 6.14e-02
1.89347e+00 6.18e-02
1.89380e+00 6.22e-02
1.89412e+00 6.27e-02
1.89445e+00 6.31e-02
1.89478e+00 6.35e-02
1.89510e+00 6.39e-02
1.89543e+00 6.43e-02
1.89574e+00 6.48e-02
1.89607e+00 6.52e-02
1.89640e+00 6.56e-02
1.89672e+00 6.61e-02
1.89705e+00 6.65e-02
1.89738e+00 6.70e-02
1.89771e+00 6.75e-02
1.89802e+00 6.79e-02
1.89835e+00 6.84e-02
1.89868e+00 6.89e-02
1.89901e+00 6.94e-02
1.89934e+00 6.98e-02
1.89967e+00 7.03e-02
1.89999e+00 7.08e-02
1.90031e+00 7.13e-02
1.90064e+00 7.18e-02
1.90097e+00 7.23e-02
1.90130e+00 7.29e-02
1.90163e+00 7.34e-02
1.90196e+00 7.39e-02
1.90229e+00 7.45e-02
1.90261e+00 7.50e-02
1.90294e+00 7.55e-02
1.90327e+00 7.61e-02
1.90360e+00 7.66e-02
1.90394e+00 7.72e-02
1.90427e+00 7.77e-02
1.90460e+00 7.83e-02
1.90492e+00 7.89e-02
1.90525e+00 7.95e-02
1.90558e+00 8.01e-02
1.90592e+00 8.06e-02
1.90625e+00 8.12e-02
1.90658e+00 8.18e-02
1.90692e+00 8.25e-02
1.90724e+00 8.31e-02
1.90757e+00 8.37e-02
1.90791e+00 8.43e-02
1.90824e+00 8.49e-02
1.90856e+00 8.56e-02
1.90891e+00 8.62e-02
1.90923e+00 8.69e-02
1.90957e+00 8.75e-02
1.90990e+00 8.82e-02
1.91024e+00 8.89e-02
1.91056e+00 8.95e-02
1.91090e+00 9.02e-02
1.91123e+00 9.09e-02
1.91157e+00 9.15e-02
1.91191e+00 9.22e-02
1.91224e+00 9.29e-02
1.91257e+00 9.36e-02
1.91291e+00 9.43e-02
1.91324e+00 9.50e-02
1.91358e+00 9.57e-02
1.91392e+00 9.65e-02
1.91424e+00 9.72e-02
1.91458e+00 9.79e-02
1.91492e+00 9.86e-02
1.91526e+00 9.94e-02
1.91560e+00 1.00e-01
1.91594e+00 1.01e-01
1.91628e+00 1.02e-01
1.91660e+00 1.02e-01
1.91694e+00 1.03e-01
1.91728e+00 1.04e-01
1.91761e+00 1.05e-01
1.91795e+00 1.05e-01
1.91829e+00 1.06e-01
1.91863e+00 1.07e-01
1.91896e+00 1.08e-01
1.91932e+00 1.08e-01
1.91965e+00 1.09e-01
1.91999e+00 1.10e-01
1.92033e+00 1.11e-01
1.92067e+00 1.11e-01
1.92100e+00 1.12e-01
1.92135e+00 1.13e-01
1.92169e+00 1.14e-01
1.92203e+00 1.15e-01
1.92236e+00 1.15e-01
1.92271e+00 1.16e-01
1.92305e+00 1.17e-01
1.92339e+00 1.18e-01
1.92374e+00 1.18e-01
1.92407e+00 1.19e-01
1.92442e+00 1.20e-01
1.92476e+00 1.21e-01
1.92510e+00 1.21e-01
1.92545e+00 1.22e-01
1.92578e+00 1.23e-01
1.92613e+00 1.23e-01
1.92648e+00 1.24e-01
1.92681e+00 1.25e-01
1.92716e+00 1.26e-01
1.92750e+00 1.26e-01
1.92785e+00 1.27e-01
1.92820e+00 1.28e-01
1.92855e+00 1.28e-01
1.92888e+00 1.29e-01
1.92923e+00 1.29e-01
1.92958e+00 1.30e-01
1.92993e+00 1.31e-01
1.93026e+00 1.31e-01
1.93061e+00 1.32e-01
1.93096e+00 1.32e-01
1.93130e+00 1.33e-01
1.93165e+00 1.33e-01
1.93200e+00 1.34e-01
1.93235e+00 1.34e-01
1.93269e+00 1.35e-01
1.93304e+00 1.35e-01
1.93339e+00 1.36e-01
1.93374e+00 1.36e-01
1.93408e+00 1.37e-01
1.93443e+00 1.37e-01
1.93478e+00 1.38e-01
1.93514e+00 1.38e-01
1.93548e+00 1.38e-01
1.93583e+00 1.39e-01
1.93618e+00 1.39e-01
1.93671e+00 1.39e-01
1.93794e+00 1.39e-01
1.93899e+00 1.39e-01
1.94005e+00 1.39e-01
1.94075e+00 1.39e-01
1.94110e+00 1.39e-01
1.94146e+00 1.39e-01
1.94182e+00 1.39e-01
1.94216e+00 1.38e-01
1.94252e+00 1.38e-01
1.94288e+00 1.38e-01
1.94322e+00 1.38e-01
1.94358e+00 1.38e-01
1.94394e+00 1.37e-01
1.94429e+00 1.37e-01
1.94465e+00 1.37e-01
1.94501e+00 1.36e-01
1.94537e+00 1.36e-01
1.94571e+00 1.36e-01
1.94607e+00 1.35e-01
1.94642e+00 1.35e-01
1.94678e+00 1.35e-01
1.94715e+00 1.34e-01
1.94751e+00 1.34e-01
1.94787e+00 1.34e-01
1.94822e+00 1.33e-01
1.94858e+00 1.33e-01
1.94893e+00 1.32e-01
1.94929e+00 1.32e-01
1.94966e+00 1.32e-01
1.95002e+00 1.31e-01
1.95037e+00 1.31e-01
1.95074e+00 1.30e-01
1.95110e+00 1.30e-01
1.95145e+00 1.29e-01
1.95182e+00 1.29e-01
1.95218e+00 1.28e-01
1.95255e+00 1.28e-01
1.95290e+00 1.28e-01
1.95327e+00 1.27e-01
1.95362e+00 1.27e-01
1.95399e+00 1.26e-01
1.95435e+00 1.26e-01
1.95471e+00 1.25e-01
1.95508e+00 1.25e-01
1.95544e+00 1.25e-01
1.95580e+00 1.24e-01
1.95617e+00 1.24e-01
1.95654e+00 1.23e-01
1.95689e+00 1.23e-01
1.95726e+00 1.22e-01
1.95763e+00 1.22e-01
1.95799e+00 1.22e-01
1.95836e+00 1.21e-01
1.95873e+00 1.21e-01
1.95909e+00 1.21e-01
1.95946e+00 1.20e-01
1.95983e+00 1.20e-01
1.96019e+00 1.19e-01
1.96056e+00 1.19e-01
1.96093e+00 1.19e-01
1.96129e+00 1.19e-01
1.96167e+00 1.18e-01
1.96204e+00 1.18e-01
1.96240e+00 1.18e-01
1.96277e+00 1.17e-01
1.96315e+00 1.17e-01
1.96351e+00 1.17e-01
1.96388e+00 1.17e-01
1.96426e+00 1.16e-01
1.96462e+00 1.16e-01
1.96500e+00 1.16e-01
1.96536e+00 1.16e-01
1.96574e+00 1.16e-01
1.96610e+00 1.16e-01
1.96648e+00 1.15e-01
1.96742e+00 1.15e-01
1.96910e+00 1.15e-01
1.97060e+00 1.15e-01
1.97136e+00 1.15e-01
1.97173e+00 1.15e-01
1.97211e+00 1.16e-01
1.97248e+00 1.16e-01
1.97286e+00 1.16e-01
1.97323e+00 1.16e-01
1.97361e+00 1.16e-01
1.97400e+00 1.17e-01
1.97437e+00 1.17e-01
1.97475e+00 1.17e-01
1.97514e+00 1.17e-01
1.97551e+00 1.18e-01
1.97588e+00 1.18e-01
1.97627e+00 1.19e-01
1.97665e+00 1.19e-01
1.97703e+00 1.20e-01
1.97721e+00 1.20e-01
1.97741e+00 1.20e-01
1.97780e+00 1.20e-01
1.97817e+00 1.21e-01
1.97856e+00 1.21e-01
1.97894e+00 1.22e-01
1.97932e+00 1.23e-01
1.97970e+00 1.23e-01
1.98009e+00 1.24e-01
1.98048e+00 1.25e-01
1.98086e+00 1.25e-01
1.98125e+00 1.26e-01
1.98162e+00 1.27e-01
1.98201e+00 1.28e-01
1.98239e+00 1.28e-01
1.98278e+00 1.29e-01
1.98318e+00 1.30e-01
1.98356e+00 1.31e-01
1.98395e+00 1.32e-01
1.98433e+00 1.33e-01
1.98472e+00 1.34e-01
1.98510e+00 1.35e-01
1.98550e+00 1.36e-01
1.98589e+00 1.37e-01
1.98627e+00 1.38e-01
1.98667e+00 1.39e-01
1.98705e+00 1.40e-01
1.98745e+00 1.42e-01
1.98783e+00 1.43e-01
1.98823e+00 1.44e-01
1.98861e+00 1.45e-01
1.98901e+00 1.46e-01
1.98939e+00 1.47e-01
1.98979e+00 1.48e-01
1.99019e+00 1.49e-01
1.99058e+00 1.50e-01
1.99097e+00 1.51e-01
1.99136e+00 1.52e-01
1.99176e+00 1.53e-01
1.99215e+00 1.54e-01
1.99255e+00 1.55e-01
1.99294e+00 1.56e-01
1.99334e+00 1.57e-01
1.99373e+00 1.58e-01
1.99413e+00 1.59e-01
1.99433e+00 1.60e-01
1.99473e+00 1.61e-01
1.99512e+00 1.61e-01
1.99552e+00 1.62e-01
1.99592e+00 1.63e-01
1.99632e+00 1.63e-01
1.99671e+00 1.64e-01
1.99712e+00 1.64e-01
1.99751e+00 1.65e-01
1.99772e+00 1.65e-01
1.99831e+00 1.65e-01
1.99932e+00 1.65e-01
2.00032e+00 1.65e-01
2.00072e+00 1.65e-01
2.00113e+00 1.65e-01
2.00153e+00 1.65e-01
2.00194e+00 1.64e-01
2.00234e+00 1.64e-01
2.00274e+00 1.64e-01
2.00314e+00 1.63e-01
2.00356e+00 1.63e-01
2.00396e+00 1.63e-01
2.00437e+00 1.62e-01
2.00477e+00 1.62e-01
2.00497e+00 1.62e-01
2.00518e+00 1.62e-01
2.00558e+00 1.61e-01
2.00600e+00 1.61e-01
2.00640e+00 1.61e-01
2.00680e+00 1.60e-01
2.00722e+00 1.60e-01
2.00784e+00 1.60e-01
2.00886e+00 1.60e-01
2.00947e+00 1.60e-01
2.00989e+00 1.60e-01
2.01029e+00 1.60e-01
2.01071e+00 1.61e-01
2.01112e+00 1.61e-01
2.01154e+00 1.62e-01
2.01195e+00 1.62e-01
2.01215e+00 1.63e-01
2.01257e+00 1.64e-01
2.01298e+00 1.65e-01
2.01341e+00 1.66e-01
2.01382e+00 1.67e-01
2.01424e+00 1.69e-01
2.01465e+00 1.70e-01
2.01506e+00 1.72e-01
2.01549e+00 1.74e-01
2.01590e+00 1.77e-01
2.01632e+00 1.79e-01
2.01674e+00 1.82e-01
2.01715e+00 1.84e-01
2.01758e+00 1.88e-01
2.01800e+00 1.91e-01
2.01842e+00 1.94e-01
2.01884e+00 1.98e-01
2.01927e+00 2.02e-01
2.01968e+00 2.06e-01
2.02010e+00 2.11e-01
2.02053e+00 2.15e-01
2.02095e+00 2.20e-01
2.02138e+00 2.25e-01
2.02180e+00 2.30e-01
2.02222e+00 2.35e-01
2.02265e+00 2.40e-01
2.02307e+00 2.46e-01
2.02351e+00 2.51e-01
2.02393e+00 2.56e-01
2.02435e+00 2.61e-01
2.02479e+00 2.66e-01
2.02521e+00 2.71e-01
2.02563e+00 2.76e-01
2.02607e+00 2.81e-01
2.02650e+00 2.85e-01
2.02692e+00 2.89e-01
2.02736e+00 2.93e-01
2.02779e+00 2.96e-01
2.02821e+00 2.99e-01
2.02865e+00 3.02e-01
2.02908e+00 3.04e-01
2.02929e+00 3.05e-01
2.02952e+00 3.05e-01
2.02973e+00 3.06e-01
2.02995e+00 3.06e-01
2.03016e+00 3.06e-01
2.03038e+00 3.06e-01
2.03059e+00 3.06e-01
2.03082e+00 3.06e-01
2.03104e+00 3.05e-01
2.03125e+00 3.04e-01
2.03147e+00 3.03e-01
2.03190e+00 3.01e-01
2.03234e+00 2.98e-01
2.03278e+00 2.95e-01
2.03321e+00 2.91e-01
2.03365e+00 2.88e-01
2.03409e+00 2.84e-01
2.03452e+00 2.81e-01
2.03497e+00 2.78e-01
2.03541e+00 2.76e-01
2.03584e+00 2.73e-01
2.03629e+00 2.72e-01
2.03673e+00 2.70e-01
2.03717e+00 2.69e-01
2.03762e+00 2.68e-01
2.03806e+00 2.66e-01
2.03850e+00 2.64e-01
2.03872e+00 2.63e-01
2.03895e+00 2.62e-01
2.03917e+00 2.60e-01
2.03939e+00 2.58e-01
2.03961e+00 2.56e-01
2.03983e+00 2.54e-01
2.04005e+00 2.52e-01
2.04027e+00 2.49e-01
2.04049e+00 2.47e-01
2.04095e+00 2.41e-01
2.04139e+00 2.35e-01
2.04183e+00 2.30e-01
2.04206e+00 2.27e-01
2.04228e+00 2.24e-01
2.04251e+00 2.22e-01
2.04274e+00 2.20e-01
2.04296e+00 2.18e-01
2.04318e+00 2.16e-01
2.04340e+00 2.14e-01
2.04363e+00 2.13e-01
2.04385e+00 2.12e-01
2.04409e+00 2.11e-01
2.04431e+00 2.11e-01
2.04453e+00 2.11e-01
2.04476e+00 2.12e-01
2.04498e+00 2.12e-01
2.04521e+00 2.14e-01
2.04543e+00 2.15e-01
2.04566e+00 2.17e-01
2.04588e+00 2.19e-01
2.04634e+00 2.23e-01
2.04657e+00 2.25e-01
2.04679e+00 2.27e-01
2.04702e+00 2.29e-01
2.04724e+00 2.31e-01
2.04747e+00 2.32e-01
2.04771e+00 2.32e-01
2.04793e+00 2.32e-01
2.04816e+00 2.31e-01
2.04838e+00 2.29e-01
2.04861e+00 2.27e-01
2.04884e+00 2.24e-01
2.04907e+00 2.21e-01
2.04952e+00 2.15e-01
2.04976e+00 2.12e-01
2.04997e+00 2.09e-01
2.05021e+00 2.07e-01
2.05044e+00 2.05e-01
2.05067e+00 2.04e-01
2.05090e+00 2.04e-01
2.05113e+00 2.05e-01
2.05135e+00 2.06e-01
2.05158e+00 2.08e-01
2.05181e+00 2.11e-01
2.05204e+00 2.14e-01
2.05228e+00 2.18e-01
2.05251e+00 2.22e-01
2.05274e+00 2.26e-01
2.05297e+00 2.28e-01
2.05320e+00 2.30e-01
2.05343e+00 2.30e-01
2.05366e+00 2.29e-01
2.05389e+00 2.26e-01
2.05412e+00 2.22e-01
2.05459e+00 2.13e-01
2.05482e+00 2.09e-01
2.05505e+00 2.06e-01
2.05528e+00 2.04e-01
2.05551e+00 2.04e-01
2.05575e+00 2.06e-01
2.05598e+00 2.09e-01
2.05621e+00 2.13e-01
2.05667e+00 2.24e-01
2.05691e+00 2.28e-01
2.05714e+00 2.29e-01
2.05737e+00 2.27e-01
2.05760e+00 2.22e-01
2.05808e+00 2.09e-01
2.05831e+00 2.03e-01
2.05855e+00 2.00e-01
2.05878e+00 2.00e-01
2.05902e+00 2.04e-01
2.05925e+00 2.09e-01
2.05948e+00 2.15e-01
2.05972e+00 2.18e-01
2.05995e+00 3.63e-01
2.06020e+00 3.52e-01
2.06042e+00 3.38e-01
2.06067e+00 3.22e-01
2.06090e+00 3.08e-01
2.06114e+00 2.96e-01
2.06137e+00 2.86e-01
2.06161e+00 2.78e-01
2.06184e+00 2.72e-01
2.06208e+00 2.67e-01
2.06232e+00 2.62e-01
2.06255e+00 2.59e-01
2.06279e+00 2.55e-01
2.06303e+00 2.53e-01
2.06326e+00 2.50e-01
2.06350e+00 2.48e-01
2.06374e+00 2.47e-01
2.06399e+00 2.45e-01
2.06421e+00 2.44e-01
2.06445e+00 2.43e-01
2.06470e+00 2.41e-01
2.06517e+00 2.39e-01
2.06565e+00 2.38e-01
2.06613e+00 2.36e-01
2.06661e+00 2.35e-01
2.06709e+00 2.34e-01
2.06757e+00 2.33e-01
2.06805e+00 2.33e-01
2.06853e+00 2.32e-01
2.06901e+00 2.31e-01
2.06949e+00 2.31e-01
2.06998e+00 2.30e-01
2.07046e+00 2.30e-01
2.07096e+00 2.30e-01
2.07266e+00 2.29e-01
2.07388e+00 2.29e-01
2.07585e+00 2.29e-01
2.07634e+00 2.30e-01
2.07684e+00 2.30e-01
2.07733e+00 2.30e-01
2.07783e+00 2.30e-01
2.07832e+00 2.31e-01
2.07882e+00 2.31e-01
2.07932e+00 2.32e-01
2.07982e+00 2.32e-01
2.08032e+00 2.33e-01
2.08082e+00 2.34e-01
2.08131e+00 2.34e-01
2.08181e+00 2.35e-01
2.08231e+00 2.36e-01
2.08282e+00 2.37e-01
2.08332e+00 2.38e-01
2.08383e+00 2.39e-01
2.08433e+00 2.41e-01
2.08484e+00 2.42e-01
2.08535e+00 2.44e-01
2.08586e+00 2.45e-01
2.08636e+00 2.47e-01
2.08686e+00 2.49e-01
2.08738e+00 2.52e-01
2.08789e+00 2.54e-01
2.08840e+00 2.57e-01
2.08891e+00 2.60e-01
2.08943e+00 2.63e-01
2.08994e+00 2.67e-01
2.09046e+00 2.71e-01
2.09097e+00 2.75e-01
2.09149e+00 2.79e-01
2.09201e+00 2.83e-01
2.09253e+00 2.88e-01
2.09305e+00 2.92e-01
2.09357e+00 2.96e-01
2.09383e+00 2.99e-01
2.09434e+00 3.02e-01
2.09487e+00 3.06e-01
2.09513e+00 3.07e-01
2.09539e+00 3.09e-01
2.09565e+00 3.10e-01
2.09592e+00 3.10e-01
2.09618e+00 3.11e-01
2.09643e+00 3.11e-01
2.09670e+00 3.11e-01
2.09696e+00 3.11e-01
2.09723e+00 3.11e-01
2.09749e+00 3.10e-01
2.09775e+00 3.09e-01
2.09802e+00 3.08e-01
2.09828e+00 3.06e-01
2.09855e+00 3.04e-01
2.09882e+00 3.03e-01
2.09934e+00 2.99e-01
2.09987e+00 2.95e-01
2.10040e+00 2.90e-01
2.10093e+00 2.86e-01
2.10146e+00 2.82e-01
2.10200e+00 2.78e-01
2.10254e+00 2.74e-01
2.10307e+00 2.71e-01
2.10361e+00 2.68e-01
2.10415e+00 2.65e-01
2.10468e+00 2.63e-01
2.10522e+00 2.60e-01
2.10577e+00 2.59e-01
2.10630e+00 2.57e-01
2.10685e+00 2.55e-01
2.10738e+00 2.54e-01
2.10793e+00 2.53e-01
2.10848e+00 2.52e-01
2.10902e+00 2.51e-01
2.10957e+00 2.50e-01
2.11012e+00 2.49e-01
2.11066e+00 2.49e-01
2.11122e+00 2.48e-01
2.11176e+00 2.48e-01
2.11232e+00 2.47e-01
2.11427e+00 2.46e-01
2.11677e+00 2.46e-01
2.11988e+00 2.46e-01
2.12358e+00 2.46e-01
2.12936e+00 2.47e-01
2.13349e+00 2.48e-01
2.13647e+00 2.49e-01
2.13828e+00 2.50e-01
2.13948e+00 2.50e-01
2.14009e+00 2.50e-01
2.14070e+00 2.51e-01
2.14130e+00 2.51e-01
2.14191e+00 2.51e-01
2.14253e+00 2.52e-01
2.14314e+00 2.52e-01
2.14375e+00 2.52e-01
2.14437e+00 2.53e-01
2.14498e+00 2.53e-01
2.14560e+00 2.53e-01
2.14622e+00 2.53e-01
2.14684e+00 2.54e-01
2.14747e+00 2.54e-01
2.14809e+00 2.55e-01
2.14872e+00 2.55e-01
2.14934e+00 2.55e-01
2.14997e+00 2.56e-01
2.15060e+00 2.56e-01
2.15123e+00 2.56e-01
2.15187e+00 2.57e-01
2.15249e+00 2.57e-01
2.15313e+00 2.57e-01
2.15377e+00 2.58e-01
2.15441e+00 2.58e-01
2.15505e+00 2.59e-01
2.15568e+00 2.59e-01
2.15633e+00 2.59e-01
2.15697e+00 2.60e-01
2.15762e+00 2.60e-01
2.15826e+00 2.60e-01
2.15891e+00 2.61e-01
2.15957e+00 2.61e-01
2.16021e+00 2.61e-01
2.16087e+00 2.62e-01
2.16153e+00 2.62e-01
2.16218e+00 2.62e-01
2.16284e+00 2.63e-01
2.16350e+00 2.63e-01
2.16416e+00 2.63e-01
2.16483e+00 2.64e-01
2.16548e+00 2.64e-01
2.17018e+00 2.66e-01
2.17086e+00 2.66e-01
2.17154e+00 2.66e-01
2.17223e+00 2.67e-01
2.17291e+00 2.67e-01
2.17359e+00 2.68e-01
2.17427e+00 2.68e-01
2.17497e+00 2.69e-01
2.17566e+00 2.69e-01
2.17635e+00 2.70e-01
2.17704e+00 2.71e-01
2.17774e+00 2.72e-01
2.17844e+00 2.73e-01
2.17914e+00 2.74e-01
2.17984e+00 2.74e-01
2.18054e+00 2.75e-01
2.18089e+00 2.76e-01
2.18195e+00 2.76e-01
2.18266e+00 2.76e-01
2.18302e+00 2.76e-01
2.18373e+00 2.75e-01
2.18444e+00 2.74e-01
2.18516e+00 2.73e-01
2.18588e+00 2.72e-01
2.18660e+00 2.70e-01
2.18732e+00 2.69e-01
2.18805e+00 2.67e-01
2.18878e+00 2.66e-01
2.18951e+00 2.65e-01
2.19023e+00 2.64e-01
2.19096e+00 2.63e-01
2.19170e+00 2.62e-01
2.19244e+00 2.61e-01
2.19317e+00 2.61e-01
2.19392e+00 2.60e-01
2.19465e+00 2.59e-01
2.19540e+00 2.59e-01
2.19615e+00 2.58e-01
2.19690e+00 2.58e-01
2.19766e+00 2.58e-01
2.19841e+00 2.57e-01
2.19917e+00 2.57e-01
2.20184e+00 2.56e-01
2.20260e+00 2.56e-01
2.20337e+00 2.57e-01
2.20415e+00 2.57e-01
2.20453e+00 2.57e-01
2.20530e+00 2.56e-01
2.20569e+00 2.56e-01
2.20609e+00 2.55e-01
2.20843e+00 2.55e-01
2.21001e+00 2.56e-01
2.21081e+00 2.56e-01
2.21160e+00 2.56e-01
2.21240e+00 2.57e-01
2.21320e+00 2.57e-01
2.21401e+00 2.57e-01
2.21481e+00 2.58e-01
2.21562e+00 2.59e-01
2.21643e+00 2.59e-01
2.21725e+00 2.60e-01
2.21806e+00 2.61e-01
2.21889e+00 2.62e-01
2.21971e+00 2.63e-01
2.22054e+00 2.64e-01
2.22136e+00 2.65e-01
2.22220e+00 2.67e-01
2.22303e+00 2.68e-01
2.22387e+00 2.70e-01
2.22471e+00 2.72e-01
2.22555e+00 2.74e-01
2.22641e+00 2.76e-01
2.22725e+00 2.79e-01
2.22811e+00 2.82e-01
2.22896e+00 2.85e-01
2.22982e+00 2.89e-01
2.23068e+00 2.93e-01
2.23155e+00 2.97e-01
2.23242e+00 3.02e-01
2.23329e+00 3.08e-01
2.23373e+00 3.11e-01
2.23417e+00 3.14e-01
2.23461e+00 3.17e-01
2.23504e+00 3.21e-01
2.23548e+00 3.25e-01
2.23593e+00 3.29e-01
2.23637e+00 3.33e-01
2.23726e+00 3.41e-01
2.23771e+00 3.46e-01
2.23859e+00 3.55e-01
2.23950e+00 3.65e-01
2.24039e+00 3.75e-01
2.24129e+00 3.85e-01
2.24175e+00 3.89e-01
2.24220e+00 3.94e-01
2.24265e+00 3.98e-01
2.24311e+00 4.02e-01
2.24357e+00 4.05e-01
2.24402e+00 4.08e-01
2.24449e+00 4.11e-01
2.24495e+00 4.12e-01
2.24540e+00 4.13e-01
2.24587e+00 4.14e-01
2.24633e+00 4.13e-01
2.24679e+00 4.12e-01
2.24725e+00 4.11e-01
2.24772e+00 4.08e-01
2.24818e+00 4.05e-01
2.24866e+00 4.02e-01
2.24912e+00 3.98e-01
2.24960e+00 3.93e-01
2.25006e+00 3.89e-01
2.25053e+00 3.84e-01
2.25101e+00 3.78e-01
2.25195e+00 3.67e-01
2.25290e+00 3.56e-01
2.25386e+00 3.45e-01
2.25482e+00 3.35e-01
2.25529e+00 3.30e-01
2.25578e+00 3.25e-01
2.25627e+00 3.20e-01
2.25675e+00 3.16e-01
2.25723e+00 3.11e-01
2.25772e+00 3.07e-01
2.25820e+00 3.03e-01
2.25870e+00 3.00e-01
2.25919e+00 2.96e-01
2.25968e+00 2.93e-01
2.26017e+00 2.89e-01
2.26067e+00 2.86e-01
2.26116e+00 2.84e-01
2.26166e+00 2.81e-01
2.26215e+00 2.78e-01
2.26315e+00 2.74e-01
2.26415e+00 2.69e-01
2.26515e+00 2.66e-01
2.26616e+00 2.62e-01
2.26718e+00 2.59e-01
2.26820e+00 2.57e-01
2.26922e+00 2.54e-01
2.27026e+00 2.52e-01
2.27129e+00 2.51e-01
2.27233e+00 2.49e-01
2.27337e+00 2.48e-01
2.27442e+00 2.46e-01
2.27548e+00 2.45e-01
2.27654e+00 2.45e-01
2.27707e+00 2.44e-01
2.27814e+00 2.44e-01
2.27976e+00 2.44e-01
2.28084e+00 2.44e-01
2.28193e+00 2.44e-01
2.28303e+00 2.44e-01
2.28358e+00 2.44e-01
2.28468e+00 2.45e-01
2.28578e+00 2.46e-01
2.28690e+00 2.48e-01
2.28802e+00 2.50e-01
2.28858e+00 2.51e-01
2.28915e+00 2.52e-01
2.28971e+00 2.54e-01
2.29028e+00 2.55e-01
2.29085e+00 2.57e-01
2.29141e+00 2.59e-01
2.29199e+00 2.61e-01
2.29257e+00 2.63e-01
2.29314e+00 2.66e-01
2.29372e+00 2.69e-01
2.29429e+00 2.72e-01
2.29488e+00 2.75e-01
2.29546e+00 2.79e-01
2.29604e+00 2.83e-01
2.29663e+00 2.88e-01
2.29721e+00 2.93e-01
2.29780e+00 2.98e-01
2.29839e+00 3.03e-01
2.29898e+00 3.09e-01
2.30017e+00 3.22e-01
2.30136e+00 3.34e-01
2.30197e+00 3.40e-01
2.30258e+00 3.45e-01
2.30318e+00 3.50e-01
2.30378e+00 3.53e-01
2.30438e+00 3.56e-01
2.30498e+00 3.57e-01
2.30558e+00 3.58e-01
2.30618e+00 3.56e-01
2.30688e+00 3.54e-01
2.30747e+00 3.56e-01
2.30807e+00 3.47e-01
2.30867e+00 3.40e-01
2.30936e+00 3.34e-01
2.30996e+00 3.28e-01
2.31125e+00 3.14e-01
2.31184e+00 3.07e-01
2.31244e+00 3.01e-01
2.31313e+00 2.94e-01
2.31372e+00 2.88e-01
2.31441e+00 2.83e-01
2.31501e+00 2.78e-01
2.31570e+00 2.73e-01
2.31629e+00 2.68e-01
2.31698e+00 2.64e-01
2.31757e+00 2.60e-01
2.31826e+00 2.57e-01
2.31895e+00 2.54e-01
2.31954e+00 2.51e-01
2.32023e+00 2.48e-01
2.32092e+00 2.46e-01
2.32160e+00 2.44e-01
2.32219e+00 2.42e-01
2.32356e+00 2.39e-01
2.32425e+00 2.37e-01
2.32493e+00 2.36e-01
2.32562e+00 2.35e-01
2.32698e+00 2.32e-01
2.32835e+00 2.31e-01
2.32971e+00 2.29e-01
2.33108e+00 2.28e-01
2.33253e+00 2.27e-01
2.33389e+00 2.26e-01
2.33466e+00 2.26e-01
2.33612e+00 2.26e-01
2.33747e+00 2.25e-01
2.33901e+00 2.25e-01
2.34046e+00 2.24e-01
2.34190e+00 2.24e-01
2.34344e+00 2.24e-01
2.34488e+00 2.23e-01
2.34641e+00 2.23e-01
2.34794e+00 2.23e-01
2.34947e+00 2.22e-01
2.35099e+00 2.21e-01
2.35176e+00 2.26e-01
2.35261e+00 2.21e-01
2.35413e+00 2.20e-01
2.35575e+00 2.20e-01
2.35736e+00 2.19e-01
2.35982e+00 2.19e-01
2.36057e+00 2.19e-01
2.36227e+00 2.19e-01
2.36312e+00 2.19e-01
2.36396e+00 2.19e-01
2.36471e+00 2.20e-01
2.36556e+00 2.20e-01
2.36640e+00 2.21e-01
2.36734e+00 2.22e-01
2.36819e+00 2.24e-01
2.36903e+00 2.26e-01
2.36987e+00 2.29e-01
2.37071e+00 2.32e-01
2.37164e+00 2.36e-01
2.37248e+00 2.40e-01
2.37332e+00 2.45e-01
2.37425e+00 2.49e-01
2.37518e+00 2.56e-01
2.37602e+00 2.53e-01
2.37695e+00 2.51e-01
2.37788e+00 2.47e-01
2.37871e+00 2.43e-01
2.37964e+00 2.39e-01
2.38056e+00 2.36e-01
2.38149e+00 2.33e-01
2.38241e+00 2.31e-01
2.38334e+00 2.30e-01
2.38426e+00 2.29e-01
2.38527e+00 2.29e-01
2.38619e+00 2.29e-01
2.38812e+00 2.29e-01
2.38904e+00 2.29e-01
2.39005e+00 2.28e-01
2.39197e+00 2.28e-01
2.39398e+00 2.27e-01
2.39598e+00 2.26e-01
2.39699e+00 2.26e-01
2.39799e+00 2.26e-01
2.40007e+00 2.25e-01
2.40107e+00 2.25e-01
2.40216e+00 2.25e-01
2.40315e+00 2.25e-01
2.40532e+00 2.27e-01
2.40640e+00 2.28e-01
2.40740e+00 2.30e-01
2.40848e+00 2.31e-01
2.40964e+00 2.33e-01
2.41072e+00 2.34e-01
2.41180e+00 2.35e-01
2.41296e+00 2.35e-01
2.41404e+00 2.34e-01
2.41520e+00 2.32e-01
2.41743e+00 2.27e-01
2.41859e+00 2.25e-01
2.41975e+00 2.24e-01
2.42090e+00 2.24e-01
2.42214e+00 2.25e-01
2.42454e+00 2.29e-01
2.42569e+00 2.29e-01
2.42692e+00 2.27e-01
2.42816e+00 2.24e-01
2.42939e+00 2.21e-01
2.43063e+00 2.20e-01
2.43186e+00 2.21e-01
2.43317e+00 2.24e-01
2.43440e+00 2.25e-01
2.43572e+00 2.21e-01
2.43694e+00 2.17e-01
2.43825e+00 2.15e-01
2.43956e+00 2.17e-01
2.44095e+00 2.14e-01
2.44226e+00 2.06e-01
2.44365e+00 2.00e-01
2.44495e+00 2.92e-01
2.44634e+00 2.59e-01
2.44772e+00 2.48e-01
2.44911e+00 2.41e-01
2.45057e+00 2.35e-01
2.45195e+00 2.36e-01
2.45342e+00 2.33e-01
2.45488e+00 2.30e-01
2.45634e+00 2.30e-01
2.45779e+00 2.29e-01
2.45933e+00 2.29e-01
2.46087e+00 2.30e-01
2.46241e+00 2.29e-01
2.46394e+00 2.27e-01
2.46547e+00 8.65e-01
2.46708e+00 5.31e-01
2.46861e+00 1.31e-01
2.47022e+00 1.60e-01
2.47191e+00 1.77e-01
2.47351e+00 1.83e-01
2.47519e+00 1.85e-01
2.47687e+00 1.82e-01
2.47855e+00 3.30e-01
2.48031e+00 2.05e-01
2.48207e+00 1.99e-01
2.48382e+00 1.94e-01
2.48566e+00 1.87e-01
2.48740e+00 2.15e-01
2.48923e+00 2.00e-01
2.49114e+00 1.94e-01
2.49304e+00 2.11e-01
2.49494e+00 1.97e-01
2.49684e+00 2.27e-01
2.49881e+00 2.24e-01
2.50078e+00 2.23e-01
2.50283e+00 2.23e-01
2.50487e+00 3.56e-01
2.50699e+00 2.28e-01
2.50911e+00 2.28e-01
2.51122e+00 2.30e-01
2.51341e+00 2.26e-01
2.51786e+00 2.28e-01
2.52252e+00 2.30e-01
2.52493e+00 2.35e-01
2.52733e+00 2.35e-01
2.52980e+00 2.34e-01
2.53227e+00 2.38e-01
2.53481e+00 2.59e-01
2.53742e+00 2.90e-01
2.54010e+00 2.06e-01
2.54286e+00 2.14e-01
2.54561e+00 2.21e-01
2.54843e+00 2.19e-01
2.55132e+00 2.24e-01
2.55428e+00 2.27e-01
2.55730e+00 2.29e-01
2.56048e+00 2.45e-01
2.56364e+00 2.10e-01
2.56695e+00 2.20e-01
2.57024e+00 2.25e-01
2.57376e+00 2.97e-01
2.57726e+00 2.19e-01
2.58097e+00 1.70e-01
2.58475e+00 2.47e-01
2.58867e+00 2.22e-01
2.59264e+00 2.46e-01
2.59682e+00 3.10e-01
2.60113e+00 1.85e-01
2.60565e+00 1.96e-01
2.61029e+00 2.01e-01
2.61513e+00 2.11e-01
2.62024e+00 1.94e-01
2.63110e+00 1.94e-01
2.63698e+00 1.94e-01
2.64971e+00 1.92e-01
2.65669e+00 1.92e-01
2.66410e+00 1.91e-01
2.67215e+00 1.91e-01
2.68082e+00 1.91e-01
2.69029e+00 1.90e-01
2.70069e+00 1.90e-01
2.71231e+00 1.80e-01
2.72543e+00 1.78e-01
2.74065e+00 1.69e-01
2.75874e+00 1.61e-01
2.78130e+00 1.60e-01
2.81151e+00 1.56e-01
2.85859e+00 1.39e-01
2.99573e+00 9.90e-02
