# OPACITY Project tables
-2.61515e+00 5.02e+01
-2.27341e+00 1.74e+01
-2.07433e+00 9.36e+00
-1.93351e+00 6.05e+00
-1.82455e+00 4.33e+00
-1.73574e+00 3.31e+00
-1.66078e+00 2.62e+00
-1.59603e+00 2.15e+00
-1.53898e+00 1.80e+00
-1.48802e+00 1.54e+00
-1.44198e+00 1.35e+00
-1.40003e+00 1.19e+00
-1.36148e+00 1.06e+00
-1.32584e+00 9.62e-01
-1.29269e+00 8.80e-01
-1.26174e+00 8.12e-01
-1.23268e+00 7.56e-01
-1.20531e+00 7.09e-01
-1.17944e+00 6.68e-01
-1.15493e+00 6.32e-01
-1.13165e+00 6.01e-01
-1.10945e+00 5.71e-01
-1.08827e+00 5.44e-01
-1.06799e+00 5.18e-01
-1.04857e+00 4.95e-01
-1.02994e+00 4.75e-01
-1.01200e+00 4.58e-01
-9.94739e-01 4.42e-01
-9.78086e-01 4.28e-01
-9.46492e-01 4.04e-01
-9.31455e-01 3.89e-01
-9.02807e-01 3.61e-01
-8.89113e-01 3.48e-01
-8.75797e-01 3.36e-01
-8.62868e-01 3.26e-01
-8.50292e-01 3.14e-01
-8.38057e-01 3.03e-01
-8.26130e-01 2.93e-01
-8.14502e-01 2.83e-01
-8.03185e-01 2.74e-01
-7.92106e-01 2.66e-01
-7.81301e-01 2.58e-01
-7.70741e-01 2.50e-01
-7.60420e-01 2.43e-01
-7.50331e-01 2.36e-01
-7.40469e-01 2.30e-01
-7.30787e-01 2.23e-01
-7.21320e-01 2.17e-01
-7.12045e-01 2.12e-01
-7.02955e-01 2.06e-01
-6.94048e-01 2.01e-01
-6.85298e-01 1.97e-01
-6.76723e-01 1.92e-01
-6.68298e-01 1.88e-01
-6.60041e-01 1.84e-01
-6.51909e-01 1.81e-01
-6.43938e-01 1.78e-01
-6.36087e-01 1.75e-01
-6.28390e-01 1.72e-01
-6.20808e-01 1.70e-01
-6.13357e-01 1.68e-01
-6.06016e-01 1.66e-01
-5.98801e-01 1.65e-01
-5.91692e-01 1.64e-01
-5.84687e-01 1.62e-01
-5.77803e-01 1.62e-01
-5.71018e-01 1.61e-01
-5.57725e-01 1.58e-01
-5.51231e-01 1.57e-01
-5.44831e-01 1.57e-01
-5.38505e-01 1.56e-01
-5.32288e-01 1.56e-01
-5.26142e-01 1.57e-01
-5.20085e-01 1.58e-01
-5.14098e-01 1.60e-01
-5.08196e-01 1.63e-01
-5.02362e-01 1.67e-01
-4.96610e-01 1.72e-01
-4.85320e-01 1.83e-01
-4.79779e-01 1.88e-01
-4.74301e-01 1.90e-01
-4.68884e-01 1.89e-01
-4.63545e-01 1.85e-01
-4.58265e-01 1.79e-01
-4.53044e-01 1.72e-01
-4.47882e-01 1.64e-01
-4.42778e-01 1.57e-01
-4.37730e-01 1.50e-01
-4.32739e-01 1.43e-01
-4.27803e-01 1.38e-01
-4.22922e-01 1.33e-01
-4.18095e-01 1.29e-01
-4.13321e-01 1.25e-01
-4.08585e-01 1.22e-01
-4.03901e-01 1.18e-01
-3.99284e-01 1.15e-01
-3.90158e-01 1.09e-01
-3.85662e-01 1.06e-01
-3.81216e-01 1.04e-01
-3.76819e-01 1.01e-01
-3.72456e-01 9.91e-02
-3.68126e-01 9.74e-02
-3.63858e-01 9.60e-02
-3.59622e-01 9.49e-02
-3.55419e-01 9.39e-02
-3.51261e-01 9.28e-02
-3.47135e-01 9.18e-02
-3.43054e-01 9.11e-02
-3.39003e-01 9.07e-02
-3.34997e-01 9.05e-02
-3.31021e-01 9.02e-02
-3.27088e-01 9.33e-02
-3.23185e-01 9.18e-02
-3.19310e-01 9.01e-02
-3.15464e-01 8.84e-02
-3.11661e-01 8.69e-02
-3.07885e-01 8.56e-02
-3.04150e-01 8.46e-02
-3.00430e-01 8.38e-02
-2.96750e-01 8.33e-02
-2.93097e-01 8.32e-02
-2.89484e-01 8.33e-02
-2.85884e-01 8.37e-02
-2.82323e-01 8.43e-02
-2.78788e-01 8.48e-02
-2.75279e-01 8.50e-02
-2.71796e-01 8.48e-02
-2.64917e-01 8.42e-02
-2.61521e-01 8.41e-02
-2.58149e-01 8.44e-02
-2.54802e-01 8.52e-02
-2.51466e-01 8.65e-02
-2.48167e-01 8.82e-02
-2.44891e-01 9.01e-02
-2.41639e-01 9.16e-02
-2.38409e-01 9.27e-02
-2.35203e-01 9.36e-02
-2.32020e-01 9.50e-02
-2.28860e-01 9.71e-02
-2.25722e-01 1.00e-01
-2.22606e-01 1.04e-01
-2.19513e-01 1.08e-01
-2.16441e-01 1.22e-01
-2.13391e-01 1.25e-01
-2.10363e-01 1.28e-01
-2.07344e-01 1.32e-01
-2.04359e-01 1.38e-01
-2.01382e-01 1.44e-01
-1.98439e-01 1.52e-01
-1.95504e-01 1.62e-01
-1.92590e-01 1.72e-01
-1.89697e-01 1.84e-01
-1.86824e-01 1.98e-01
-1.83971e-01 2.15e-01
-1.81126e-01 2.33e-01
-1.78314e-01 2.53e-01
-1.75509e-01 2.77e-01
-1.72724e-01 3.02e-01
-1.69958e-01 3.31e-01
-1.67200e-01 3.61e-01
-1.61755e-01 4.24e-01
-1.59054e-01 4.54e-01
-1.56373e-01 4.81e-01
-1.53699e-01 5.02e-01
-1.51044e-01 5.16e-01
-1.48407e-01 5.20e-01
-1.45789e-01 5.12e-01
-1.43189e-01 4.96e-01
-1.40596e-01 4.74e-01
-1.38021e-01 4.48e-01
-1.35453e-01 4.19e-01
-1.32914e-01 3.90e-01
-1.30382e-01 3.60e-01
-1.27867e-01 3.33e-01
-1.25359e-01 3.07e-01
-1.22868e-01 2.83e-01
-1.20395e-01 2.61e-01
-1.17928e-01 2.41e-01
-1.15489e-01 2.23e-01
-1.13057e-01 2.08e-01
-1.10630e-01 1.93e-01
-1.08220e-01 1.81e-01
-1.05827e-01 1.69e-01
-1.03440e-01 1.59e-01
-1.01070e-01 1.50e-01
-9.87160e-02 1.42e-01
-9.63788e-02 1.34e-01
-9.40360e-02 1.27e-01
-9.17206e-02 1.21e-01
-8.94106e-02 1.16e-01
-8.71168e-02 1.10e-01
-8.48283e-02 1.06e-01
-8.25559e-02 1.01e-01
-8.02994e-02 9.75e-02
-7.80480e-02 9.39e-02
-7.58125e-02 9.05e-02
-7.35820e-02 8.74e-02
-7.13671e-02 8.46e-02
-6.91679e-02 8.19e-02
-6.69735e-02 7.94e-02
-6.47839e-02 7.71e-02
-6.26097e-02 7.49e-02
-6.04509e-02 7.29e-02
-5.82967e-02 7.10e-02
-5.61577e-02 6.93e-02
-5.40233e-02 6.76e-02
-5.19040e-02 6.60e-02
-4.97997e-02 6.45e-02
-4.76998e-02 6.31e-02
-4.56042e-02 6.18e-02
-4.35236e-02 6.06e-02
-4.14576e-02 5.94e-02
-3.93959e-02 5.82e-02
-3.73385e-02 5.72e-02
-3.52956e-02 5.62e-02
-3.32673e-02 5.52e-02
-3.12430e-02 5.43e-02
-2.92229e-02 5.34e-02
-2.72170e-02 5.26e-02
-2.52255e-02 5.18e-02
-2.32379e-02 5.10e-02
-2.12543e-02 5.03e-02
-1.92848e-02 4.96e-02
-1.73293e-02 4.89e-02
-1.53675e-02 4.83e-02
-1.34298e-02 4.77e-02
-1.14958e-02 4.71e-02
-9.56560e-03 4.66e-02
-5.73642e-03 4.55e-02
-1.94188e-03 4.45e-02
1.79838e-03 4.36e-02
5.58438e-03 4.28e-02
9.25702e-03 4.20e-02
1.29162e-02 4.12e-02
1.65621e-02 4.06e-02
2.01947e-02 4.00e-02
2.38142e-02 3.94e-02
2.73233e-02 3.89e-02
3.08201e-02 3.84e-02
3.43048e-02 3.79e-02
3.77774e-02 3.75e-02
3.95091e-02 3.73e-02
4.12379e-02 3.72e-02
4.46865e-02 3.69e-02
4.80280e-02 3.67e-02
5.14533e-02 3.64e-02
5.47722e-02 3.62e-02
5.80802e-02 3.61e-02
6.13773e-02 3.60e-02
6.46635e-02 3.59e-02
6.62558e-02 3.59e-02
6.95261e-02 3.59e-02
7.26927e-02 3.60e-02
7.58493e-02 3.61e-02
7.90884e-02 3.62e-02
8.22249e-02 3.65e-02
8.52598e-02 3.68e-02
8.68197e-02 3.69e-02
8.83771e-02 3.71e-02
8.99321e-02 3.73e-02
9.14847e-02 3.76e-02
9.30349e-02 3.78e-02
9.44917e-02 3.81e-02
9.60372e-02 3.84e-02
9.75803e-02 3.88e-02
9.90305e-02 3.91e-02
1.00569e-01 3.95e-02
1.02015e-01 4.00e-02
1.03549e-01 4.04e-02
1.05080e-01 4.09e-02
1.06520e-01 4.15e-02
1.07957e-01 4.21e-02
1.09482e-01 4.27e-02
1.10915e-01 4.34e-02
1.12435e-01 4.42e-02
1.13864e-01 4.50e-02
1.15291e-01 4.59e-02
1.16805e-01 4.69e-02
1.18227e-01 4.80e-02
1.19648e-01 4.91e-02
1.21067e-01 5.04e-02
1.22483e-01 5.18e-02
1.23898e-01 5.33e-02
1.25398e-01 5.49e-02
1.26809e-01 5.67e-02
1.28217e-01 5.87e-02
1.29624e-01 6.09e-02
1.31028e-01 6.33e-02
1.32431e-01 6.60e-02
1.33831e-01 6.90e-02
1.35143e-01 7.23e-02
1.36539e-01 7.60e-02
1.37934e-01 8.01e-02
1.39327e-01 8.48e-02
1.40718e-01 9.01e-02
1.42107e-01 9.61e-02
1.43407e-01 1.03e-01
1.44793e-01 1.11e-01
1.46176e-01 1.20e-01
1.47471e-01 1.30e-01
1.48851e-01 1.42e-01
1.50229e-01 1.57e-01
1.51519e-01 1.74e-01
1.52893e-01 1.94e-01
1.54179e-01 2.19e-01
1.55550e-01 2.49e-01
1.56833e-01 2.85e-01
1.58200e-01 3.31e-01
1.59479e-01 3.89e-01
1.60757e-01 4.62e-01
1.62119e-01 5.56e-01
1.63394e-01 6.78e-01
1.64751e-01 8.32e-01
1.66023e-01 1.03e+00
1.67293e-01 1.26e+00
1.68561e-01 1.50e+00
1.69912e-01 1.72e+00
1.71176e-01 1.85e+00
1.72440e-01 1.85e+00
1.73701e-01 1.71e+00
1.74961e-01 1.49e+00
1.76220e-01 1.25e+00
1.77477e-01 1.02e+00
1.78732e-01 8.35e-01
1.80069e-01 6.85e-01
1.81321e-01 5.68e-01
1.82572e-01 4.77e-01
1.83737e-01 4.05e-01
1.84985e-01 3.49e-01
1.86231e-01 3.03e-01
1.87475e-01 2.66e-01
1.88718e-01 2.36e-01
1.89959e-01 2.11e-01
1.91199e-01 1.90e-01
1.92437e-01 1.73e-01
1.93591e-01 1.58e-01
1.94826e-01 1.45e-01
1.96060e-01 1.34e-01
1.97292e-01 1.25e-01
1.98441e-01 1.17e-01
1.99670e-01 1.09e-01
2.00898e-01 1.03e-01
2.02042e-01 9.72e-02
2.03267e-01 9.22e-02
2.04409e-01 8.76e-02
2.05631e-01 8.36e-02
2.06770e-01 7.99e-02
2.07989e-01 7.66e-02
2.09126e-01 7.36e-02
2.10342e-01 7.08e-02
2.11476e-01 6.83e-02
2.12689e-01 6.60e-02
2.13820e-01 6.39e-02
2.15031e-01 6.20e-02
2.16159e-01 6.02e-02
2.17286e-01 5.86e-02
2.18493e-01 5.71e-02
2.19617e-01 5.56e-02
2.20741e-01 5.43e-02
2.21943e-01 5.30e-02
2.23064e-01 5.18e-02
2.24183e-01 5.07e-02
2.25301e-01 4.96e-02
2.26418e-01 4.86e-02
2.27614e-01 4.77e-02
2.28728e-01 4.68e-02
2.29841e-01 4.60e-02
2.30953e-01 4.51e-02
2.32064e-01 4.44e-02
2.33173e-01 4.37e-02
2.34281e-01 4.30e-02
2.35388e-01 4.23e-02
2.36494e-01 4.17e-02
2.37599e-01 4.11e-02
2.38702e-01 4.05e-02
2.39804e-01 3.99e-02
2.40905e-01 3.94e-02
2.42005e-01 3.89e-02
2.44200e-01 3.79e-02
2.46313e-01 3.70e-02
2.48499e-01 3.61e-02
2.50681e-01 3.53e-02
2.52780e-01 3.46e-02
2.54875e-01 3.39e-02
2.57042e-01 3.32e-02
2.59128e-01 3.26e-02
2.61210e-01 3.20e-02
2.63287e-01 3.14e-02
2.65360e-01 3.09e-02
2.67428e-01 3.04e-02
2.69493e-01 2.99e-02
2.71553e-01 2.94e-02
2.73609e-01 2.90e-02
2.75660e-01 2.85e-02
2.77632e-01 2.81e-02
2.79675e-01 2.78e-02
2.81639e-01 2.74e-02
2.83674e-01 2.70e-02
2.85630e-01 2.67e-02
2.87582e-01 2.64e-02
2.89605e-01 2.61e-02
2.91550e-01 2.58e-02
2.93490e-01 2.55e-02
2.95427e-01 2.53e-02
2.97360e-01 2.50e-02
2.99289e-01 2.48e-02
3.01215e-01 2.46e-02
3.03137e-01 2.44e-02
3.04982e-01 2.42e-02
3.06896e-01 2.41e-02
3.08807e-01 2.39e-02
3.10641e-01 2.38e-02
3.12545e-01 2.36e-02
3.14373e-01 2.35e-02
3.16270e-01 2.34e-02
3.18090e-01 2.33e-02
3.19907e-01 2.32e-02
3.21794e-01 2.32e-02
3.23604e-01 2.31e-02
3.25411e-01 2.30e-02
3.27215e-01 2.30e-02
3.29016e-01 2.29e-02
3.30813e-01 2.29e-02
3.32608e-01 2.29e-02
3.34399e-01 2.28e-02
3.36115e-01 2.28e-02
3.37900e-01 2.28e-02
3.39681e-01 2.27e-02
3.41389e-01 2.27e-02
3.43164e-01 2.27e-02
3.44936e-01 2.26e-02
3.46635e-01 2.26e-02
3.48330e-01 2.25e-02
3.50093e-01 2.25e-02
3.51783e-01 2.24e-02
3.53470e-01 2.23e-02
3.55224e-01 2.22e-02
3.56905e-01 2.21e-02
3.58583e-01 2.19e-02
3.60259e-01 2.18e-02
3.61931e-01 2.16e-02
3.63601e-01 2.14e-02
3.65268e-01 2.12e-02
3.66932e-01 2.10e-02
3.68594e-01 2.08e-02
3.70183e-01 2.06e-02
3.71839e-01 2.04e-02
3.73493e-01 2.03e-02
3.75075e-01 2.01e-02
3.76723e-01 1.99e-02
3.78299e-01 1.97e-02
3.79942e-01 1.95e-02
3.81514e-01 1.94e-02
3.83151e-01 1.92e-02
3.84718e-01 1.91e-02
3.86282e-01 1.89e-02
3.87912e-01 1.88e-02
3.89471e-01 1.87e-02
3.91028e-01 1.86e-02
3.92582e-01 1.85e-02
3.94134e-01 1.84e-02
3.95684e-01 1.84e-02
3.97231e-01 1.84e-02
3.98776e-01 1.83e-02
3.99581e-01 1.83e-02
4.03396e-01 1.83e-02
4.04932e-01 1.83e-02
4.06465e-01 1.84e-02
4.07929e-01 1.84e-02
4.09457e-01 1.84e-02
4.10983e-01 1.85e-02
4.16141e-01 1.85e-02
4.16932e-01 1.85e-02
4.18381e-01 1.85e-02
4.19828e-01 1.84e-02
4.20616e-01 1.84e-02
4.21338e-01 1.84e-02
4.22781e-01 1.82e-02
4.24221e-01 1.81e-02
4.25725e-01 1.79e-02
4.27161e-01 1.78e-02
4.28596e-01 1.76e-02
4.30028e-01 1.74e-02
4.31458e-01 1.72e-02
4.32886e-01 1.70e-02
4.34312e-01 1.68e-02
4.35736e-01 1.67e-02
4.37158e-01 1.65e-02
4.38577e-01 1.64e-02
4.39995e-01 1.63e-02
4.41411e-01 1.62e-02
4.42761e-01 1.62e-02
4.43467e-01 1.62e-02
4.44878e-01 1.61e-02
4.46287e-01 1.62e-02
4.47630e-01 1.62e-02
4.49035e-01 1.63e-02
4.50438e-01 1.63e-02
4.51776e-01 1.64e-02
4.53175e-01 1.65e-02
4.54509e-01 1.65e-02
4.55207e-01 1.65e-02
4.55841e-01 1.66e-02
4.56538e-01 1.66e-02
4.57235e-01 1.65e-02
4.57931e-01 1.65e-02
4.58563e-01 1.65e-02
4.59259e-01 1.64e-02
4.59953e-01 1.64e-02
4.60584e-01 1.63e-02
4.61278e-01 1.62e-02
4.62601e-01 1.60e-02
4.63923e-01 1.58e-02
4.65305e-01 1.56e-02
4.66623e-01 1.54e-02
4.67250e-01 1.53e-02
4.67939e-01 1.52e-02
4.68565e-01 1.51e-02
4.69253e-01 1.50e-02
4.69941e-01 1.50e-02
4.70566e-01 1.49e-02
4.71253e-01 1.49e-02
4.71877e-01 1.49e-02
4.72563e-01 1.49e-02
4.73186e-01 1.49e-02
4.73871e-01 1.49e-02
4.74494e-01 1.49e-02
4.75178e-01 1.50e-02
4.76420e-01 1.51e-02
4.77724e-01 1.52e-02
4.79025e-01 1.53e-02
4.79706e-01 1.53e-02
4.80325e-01 1.54e-02
4.80944e-01 1.54e-02
4.81623e-01 1.54e-02
4.82241e-01 1.54e-02
4.82920e-01 1.53e-02
4.83537e-01 1.52e-02
4.84153e-01 1.51e-02
4.84831e-01 1.50e-02
4.86062e-01 1.47e-02
4.87352e-01 1.45e-02
4.87966e-01 1.44e-02
4.88641e-01 1.43e-02
4.89255e-01 1.42e-02
4.89868e-01 1.41e-02
4.90480e-01 1.41e-02
4.91153e-01 1.40e-02
4.91765e-01 1.40e-02
4.92376e-01 1.41e-02
4.93049e-01 1.41e-02
4.93659e-01 1.42e-02
4.94269e-01 1.43e-02
4.95489e-01 1.44e-02
4.96159e-01 1.45e-02
4.96767e-01 1.45e-02
4.97376e-01 1.46e-02
4.97984e-01 1.46e-02
4.98591e-01 1.45e-02
4.99259e-01 1.44e-02
4.99866e-01 1.42e-02
5.00472e-01 1.41e-02
5.01684e-01 1.37e-02
5.02289e-01 1.36e-02
5.02955e-01 1.34e-02
5.03559e-01 1.33e-02
5.04163e-01 1.33e-02
5.04767e-01 1.32e-02
5.05371e-01 1.33e-02
5.05974e-01 1.33e-02
5.06577e-01 1.34e-02
5.07179e-01 1.34e-02
5.07781e-01 1.35e-02
5.08383e-01 1.35e-02
5.09044e-01 1.35e-02
5.09645e-01 1.34e-02
5.10245e-01 1.88e-02
5.10846e-01 1.85e-02
5.11445e-01 1.82e-02
5.12644e-01 1.74e-02
5.13243e-01 1.71e-02
5.13841e-01 1.67e-02
5.14439e-01 1.64e-02
5.15037e-01 1.61e-02
5.15634e-01 1.59e-02
5.16231e-01 1.57e-02
5.16828e-01 1.55e-02
5.17424e-01 1.53e-02
5.18020e-01 1.51e-02
5.18615e-01 1.50e-02
5.19210e-01 1.48e-02
5.19746e-01 1.47e-02
5.20340e-01 1.46e-02
5.21528e-01 1.44e-02
5.22715e-01 1.42e-02
5.23900e-01 1.41e-02
5.25083e-01 1.39e-02
5.26207e-01 1.38e-02
5.27388e-01 1.37e-02
5.28567e-01 1.35e-02
5.29687e-01 1.34e-02
5.30864e-01 1.33e-02
5.32039e-01 1.32e-02
5.33154e-01 1.31e-02
5.34327e-01 1.31e-02
5.35440e-01 1.30e-02
5.36610e-01 1.29e-02
5.37721e-01 1.28e-02
5.38888e-01 1.27e-02
5.39996e-01 1.26e-02
5.41103e-01 1.26e-02
5.42266e-01 1.25e-02
5.43370e-01 1.24e-02
5.44473e-01 1.24e-02
5.45633e-01 1.23e-02
5.46733e-01 1.22e-02
5.47832e-01 1.22e-02
5.48930e-01 1.21e-02
5.50085e-01 1.20e-02
5.51180e-01 1.20e-02
5.52275e-01 1.19e-02
5.53368e-01 1.19e-02
5.54460e-01 1.18e-02
5.55550e-01 1.17e-02
5.56640e-01 1.17e-02
5.57728e-01 1.16e-02
5.58815e-01 1.16e-02
5.59901e-01 1.15e-02
5.60986e-01 1.15e-02
5.62070e-01 1.14e-02
5.63152e-01 1.14e-02
5.64234e-01 1.13e-02
5.65314e-01 1.13e-02
5.66393e-01 1.12e-02
5.67471e-01 1.12e-02
5.68491e-01 1.11e-02
5.69566e-01 1.11e-02
5.70641e-01 1.10e-02
5.71714e-01 1.10e-02
5.72729e-01 1.09e-02
5.73800e-01 1.09e-02
5.74870e-01 1.09e-02
5.75883e-01 1.08e-02
5.76950e-01 1.08e-02
5.77961e-01 1.07e-02
5.79026e-01 1.07e-02
5.80090e-01 1.06e-02
5.81098e-01 1.06e-02
5.82160e-01 1.05e-02
5.83165e-01 1.05e-02
5.84225e-01 1.05e-02
5.85228e-01 1.04e-02
5.86230e-01 1.04e-02
5.87287e-01 1.03e-02
5.88287e-01 1.03e-02
5.89286e-01 1.02e-02
5.90339e-01 1.02e-02
5.91336e-01 1.02e-02
5.92332e-01 1.01e-02
5.93382e-01 1.01e-02
5.94376e-01 1.00e-02
5.95369e-01 1.00e-02
5.96361e-01 9.96e-03
5.97407e-01 9.92e-03
5.98397e-01 9.88e-03
5.99386e-01 9.84e-03
6.00374e-01 9.80e-03
6.01361e-01 9.76e-03
6.02347e-01 9.73e-03
6.03332e-01 9.69e-03
6.04316e-01 9.66e-03
6.05299e-01 9.62e-03
6.06281e-01 9.59e-03
6.07262e-01 9.55e-03
6.08243e-01 9.52e-03
6.09222e-01 9.49e-03
6.10200e-01 9.45e-03
6.11178e-01 9.42e-03
6.12154e-01 9.39e-03
6.13129e-01 9.35e-03
6.14104e-01 9.32e-03
6.15023e-01 9.29e-03
6.15996e-01 9.25e-03
6.16968e-01 9.22e-03
6.17939e-01 9.19e-03
6.18908e-01 9.16e-03
6.19824e-01 9.13e-03
6.20792e-01 9.09e-03
6.21759e-01 9.06e-03
6.22671e-01 9.03e-03
6.23636e-01 9.00e-03
6.24601e-01 8.97e-03
6.25511e-01 8.94e-03
6.26473e-01 8.91e-03
6.27435e-01 8.88e-03
6.28342e-01 8.85e-03
6.29302e-01 8.81e-03
6.30207e-01 8.78e-03
6.31165e-01 8.75e-03
6.32069e-01 8.72e-03
6.33026e-01 8.69e-03
6.33928e-01 8.67e-03
6.34882e-01 8.64e-03
6.35783e-01 8.61e-03
6.36683e-01 8.58e-03
6.37634e-01 8.55e-03
6.38533e-01 8.52e-03
6.39483e-01 8.49e-03
6.40379e-01 8.46e-03
6.41275e-01 8.43e-03
6.42222e-01 8.41e-03
6.43116e-01 8.38e-03
6.44009e-01 8.35e-03
6.44902e-01 8.33e-03
6.45846e-01 8.30e-03
6.46737e-01 8.28e-03
6.47627e-01 8.25e-03
6.48516e-01 8.23e-03
6.49404e-01 8.20e-03
6.50292e-01 8.18e-03
6.51231e-01 8.15e-03
6.52117e-01 8.13e-03
6.53002e-01 8.10e-03
6.53886e-01 8.08e-03
6.54770e-01 8.06e-03
6.55653e-01 8.03e-03
6.56535e-01 8.01e-03
6.57416e-01 7.98e-03
6.58297e-01 7.96e-03
6.59177e-01 7.94e-03
6.60056e-01 7.91e-03
6.60934e-01 7.89e-03
6.61811e-01 7.87e-03
6.62688e-01 7.85e-03
6.63564e-01 7.82e-03
6.64439e-01 7.80e-03
6.65262e-01 7.78e-03
6.66136e-01 7.76e-03
6.67009e-01 7.73e-03
6.67881e-01 7.71e-03
6.68752e-01 7.69e-03
6.69623e-01 7.67e-03
6.70441e-01 7.65e-03
6.71310e-01 7.63e-03
6.72179e-01 7.60e-03
6.73047e-01 7.58e-03
6.73862e-01 7.56e-03
6.74729e-01 7.54e-03
6.75594e-01 7.52e-03
6.76408e-01 7.50e-03
6.77272e-01 7.48e-03
6.78135e-01 7.46e-03
6.78947e-01 7.44e-03
6.79809e-01 7.42e-03
6.80619e-01 7.40e-03
6.81479e-01 7.38e-03
6.82339e-01 7.36e-03
6.83147e-01 7.34e-03
6.84006e-01 7.32e-03
6.84813e-01 7.31e-03
6.85669e-01 7.29e-03
6.86475e-01 7.27e-03
6.87330e-01 7.26e-03
6.88135e-01 7.24e-03
6.88989e-01 7.23e-03
6.89792e-01 7.21e-03
6.90594e-01 7.20e-03
6.91446e-01 7.18e-03
6.92247e-01 7.17e-03
6.93097e-01 7.15e-03
6.93897e-01 7.14e-03
6.94696e-01 7.12e-03
6.95544e-01 7.11e-03
6.96342e-01 7.10e-03
6.97139e-01 7.08e-03
6.97985e-01 7.07e-03
6.98781e-01 7.06e-03
6.99576e-01 7.05e-03
7.00371e-01 7.03e-03
7.01215e-01 7.02e-03
7.02008e-01 7.01e-03
7.02800e-01 7.00e-03
7.03592e-01 6.99e-03
7.04384e-01 6.98e-03
7.05224e-01 6.97e-03
7.06014e-01 6.96e-03
7.06804e-01 6.95e-03
7.07592e-01 6.94e-03
7.14321e-01 6.89e-03
7.18571e-01 6.88e-03
7.21297e-01 6.88e-03
7.22852e-01 6.89e-03
7.23628e-01 6.90e-03
7.24404e-01 6.91e-03
7.25130e-01 6.92e-03
7.25905e-01 6.93e-03
7.26679e-01 6.94e-03
7.27452e-01 6.95e-03
7.28225e-01 6.97e-03
7.28949e-01 6.99e-03
7.29720e-01 7.01e-03
7.30491e-01 7.03e-03
7.31262e-01 7.06e-03
7.31983e-01 7.08e-03
7.32752e-01 7.11e-03
7.33521e-01 7.14e-03
7.34241e-01 7.18e-03
7.35009e-01 7.21e-03
7.35776e-01 7.25e-03
7.36494e-01 7.29e-03
7.37260e-01 7.34e-03
7.38025e-01 7.38e-03
7.38742e-01 7.43e-03
7.39506e-01 7.48e-03
7.40222e-01 7.54e-03
7.40985e-01 7.60e-03
7.41747e-01 7.66e-03
7.42461e-01 7.72e-03
7.43222e-01 7.79e-03
7.43935e-01 7.86e-03
7.44695e-01 7.93e-03
7.45408e-01 8.01e-03
7.46166e-01 8.08e-03
7.46878e-01 8.16e-03
7.47635e-01 8.24e-03
7.48345e-01 8.32e-03
7.49102e-01 8.39e-03
7.49811e-01 8.47e-03
7.50567e-01 8.54e-03
7.51275e-01 8.61e-03
7.51982e-01 8.67e-03
7.52736e-01 8.73e-03
7.53442e-01 8.78e-03
7.54148e-01 8.82e-03
7.54901e-01 8.86e-03
7.55605e-01 8.88e-03
7.56357e-01 8.89e-03
7.56685e-01 8.90e-03
7.57436e-01 8.89e-03
7.57764e-01 8.88e-03
7.58467e-01 8.86e-03
7.59216e-01 8.82e-03
7.59918e-01 8.77e-03
7.60619e-01 8.71e-03
7.61366e-01 8.64e-03
7.62067e-01 8.57e-03
7.62767e-01 8.49e-03
7.63466e-01 8.41e-03
7.64211e-01 8.32e-03
7.64910e-01 8.22e-03
7.65607e-01 8.13e-03
7.66305e-01 8.03e-03
7.67002e-01 7.93e-03
7.67698e-01 7.83e-03
7.68440e-01 7.73e-03
7.69136e-01 7.64e-03
7.69830e-01 7.54e-03
7.70525e-01 7.45e-03
7.71219e-01 7.35e-03
7.71912e-01 7.27e-03
7.72605e-01 7.18e-03
7.73298e-01 7.09e-03
7.73990e-01 7.01e-03
7.74681e-01 6.93e-03
7.75418e-01 6.86e-03
7.76109e-01 6.78e-03
7.76799e-01 6.71e-03
7.77488e-01 6.64e-03
7.78177e-01 6.58e-03
7.78866e-01 6.51e-03
7.79554e-01 6.45e-03
7.80242e-01 6.39e-03
7.80929e-01 6.34e-03
7.81570e-01 6.28e-03
7.82256e-01 6.23e-03
7.82942e-01 6.18e-03
7.83628e-01 6.13e-03
7.84312e-01 6.08e-03
7.84997e-01 6.04e-03
7.85681e-01 5.99e-03
7.86364e-01 5.95e-03
7.87047e-01 5.91e-03
7.87730e-01 5.87e-03
7.88366e-01 5.83e-03
7.89048e-01 5.80e-03
7.89729e-01 5.76e-03
7.90410e-01 5.72e-03
7.91090e-01 5.69e-03
7.91770e-01 5.66e-03
7.92404e-01 5.62e-03
7.93083e-01 5.59e-03
7.93761e-01 5.56e-03
7.94439e-01 5.53e-03
7.95117e-01 5.50e-03
7.95749e-01 5.48e-03
7.96426e-01 5.45e-03
7.97102e-01 5.42e-03
7.97732e-01 5.40e-03
7.98408e-01 5.37e-03
7.99083e-01 5.35e-03
7.99757e-01 5.32e-03
8.00386e-01 5.30e-03
8.01059e-01 5.28e-03
8.01732e-01 5.26e-03
8.02360e-01 5.24e-03
8.03032e-01 5.21e-03
8.03704e-01 5.19e-03
8.04331e-01 5.17e-03
8.05002e-01 5.15e-03
8.05627e-01 5.13e-03
8.06297e-01 5.11e-03
8.06967e-01 5.09e-03
8.07591e-01 5.08e-03
8.08260e-01 5.06e-03
8.08884e-01 5.04e-03
8.09551e-01 5.02e-03
8.10174e-01 5.00e-03
8.10841e-01 4.99e-03
8.11463e-01 4.97e-03
8.12129e-01 4.95e-03
8.12751e-01 4.94e-03
8.13416e-01 4.92e-03
8.14036e-01 4.90e-03
8.14701e-01 4.89e-03
8.15321e-01 4.87e-03
8.15984e-01 4.85e-03
8.16603e-01 4.84e-03
8.17266e-01 4.82e-03
8.17884e-01 4.81e-03
8.18546e-01 4.79e-03
8.19163e-01 4.78e-03
8.19824e-01 4.76e-03
8.20440e-01 4.75e-03
8.21057e-01 4.74e-03
8.21716e-01 4.72e-03
8.22332e-01 4.71e-03
8.22947e-01 4.69e-03
8.23605e-01 4.68e-03
8.24219e-01 4.67e-03
8.24833e-01 4.65e-03
8.25490e-01 4.64e-03
8.26103e-01 4.63e-03
8.26716e-01 4.61e-03
8.27372e-01 4.60e-03
8.27984e-01 4.59e-03
8.28595e-01 4.57e-03
8.29250e-01 4.56e-03
8.29861e-01 4.55e-03
8.30471e-01 4.54e-03
8.31081e-01 4.52e-03
8.31735e-01 4.51e-03
8.32344e-01 4.50e-03
8.32953e-01 4.49e-03
8.33561e-01 4.48e-03
8.34213e-01 4.47e-03
8.34820e-01 4.46e-03
8.35428e-01 4.44e-03
8.36035e-01 4.43e-03
8.36641e-01 4.42e-03
8.37291e-01 4.41e-03
8.37897e-01 4.40e-03
8.38502e-01 4.39e-03
8.39107e-01 4.38e-03
8.39712e-01 4.37e-03
8.40316e-01 4.36e-03
8.40964e-01 4.35e-03
8.41567e-01 4.34e-03
8.42170e-01 4.33e-03
8.42773e-01 4.32e-03
8.43376e-01 4.31e-03
8.43978e-01 4.30e-03
8.44580e-01 4.29e-03
8.45181e-01 4.28e-03
8.45782e-01 4.27e-03
8.46383e-01 4.26e-03
8.46984e-01 4.25e-03
8.47584e-01 4.24e-03
8.48226e-01 4.23e-03
8.48825e-01 4.22e-03
8.49424e-01 4.21e-03
8.50023e-01 4.20e-03
8.50621e-01 4.19e-03
8.51219e-01 4.18e-03
8.51816e-01 4.17e-03
8.52413e-01 4.17e-03
8.53010e-01 4.16e-03
8.53606e-01 4.15e-03
8.54160e-01 4.14e-03
8.54756e-01 4.13e-03
8.55351e-01 4.12e-03
8.55946e-01 4.11e-03
8.56541e-01 4.10e-03
8.57135e-01 4.10e-03
8.57729e-01 4.09e-03
8.58323e-01 4.08e-03
8.58916e-01 4.07e-03
8.59509e-01 4.06e-03
8.60101e-01 4.05e-03
8.60693e-01 4.05e-03
8.61243e-01 4.04e-03
8.61835e-01 4.03e-03
8.62426e-01 4.02e-03
8.63017e-01 4.01e-03
8.63607e-01 4.01e-03
8.64197e-01 4.00e-03
8.64745e-01 3.99e-03
8.65334e-01 3.98e-03
8.65923e-01 3.97e-03
8.66512e-01 3.97e-03
8.67100e-01 3.96e-03
8.67689e-01 3.95e-03
8.68234e-01 3.95e-03
8.68822e-01 3.94e-03
8.69409e-01 3.93e-03
8.69995e-01 3.93e-03
8.70540e-01 3.92e-03
8.71126e-01 3.91e-03
8.71712e-01 3.91e-03
8.72297e-01 3.90e-03
8.72840e-01 3.89e-03
8.73425e-01 3.89e-03
8.74009e-01 3.88e-03
8.74552e-01 3.87e-03
8.75135e-01 3.87e-03
8.75719e-01 3.86e-03
8.76302e-01 3.86e-03
8.76843e-01 3.85e-03
8.77425e-01 3.84e-03
8.78007e-01 3.84e-03
8.78547e-01 3.83e-03
8.79129e-01 3.83e-03
8.79710e-01 3.82e-03
8.80249e-01 3.81e-03
8.80829e-01 3.81e-03
8.81368e-01 3.80e-03
8.81948e-01 3.80e-03
8.82527e-01 3.79e-03
8.83065e-01 3.78e-03
8.83644e-01 3.78e-03
8.84181e-01 3.77e-03
8.84759e-01 3.77e-03
8.85337e-01 3.76e-03
8.85873e-01 3.75e-03
8.86450e-01 3.75e-03
8.86985e-01 3.74e-03
8.87562e-01 3.74e-03
8.88097e-01 3.73e-03
8.88673e-01 3.73e-03
8.89248e-01 3.72e-03
8.89782e-01 3.71e-03
8.90357e-01 3.71e-03
8.90891e-01 3.70e-03
8.91465e-01 3.70e-03
8.91998e-01 3.69e-03
8.92572e-01 3.69e-03
8.93104e-01 3.68e-03
8.93677e-01 3.67e-03
8.94209e-01 3.67e-03
8.94781e-01 3.66e-03
8.95312e-01 3.66e-03
8.95843e-01 3.65e-03
8.96415e-01 3.65e-03
8.96945e-01 3.64e-03
8.97516e-01 3.63e-03
8.98045e-01 3.63e-03
8.98615e-01 3.62e-03
8.99145e-01 3.62e-03
8.99673e-01 3.61e-03
9.00243e-01 3.61e-03
9.00771e-01 3.60e-03
9.01340e-01 3.59e-03
9.01867e-01 3.59e-03
9.02395e-01 3.58e-03
9.02962e-01 3.58e-03
9.03489e-01 3.57e-03
9.04056e-01 3.57e-03
9.04582e-01 3.56e-03
9.05108e-01 3.55e-03
9.05675e-01 3.55e-03
9.06200e-01 3.54e-03
9.06725e-01 3.54e-03
9.07290e-01 3.53e-03
9.07815e-01 3.52e-03
9.08339e-01 3.52e-03
9.08904e-01 3.51e-03
9.09427e-01 3.50e-03
9.09951e-01 3.50e-03
9.10474e-01 3.49e-03
9.11037e-01 3.48e-03
9.11560e-01 3.48e-03
9.12082e-01 3.47e-03
9.12644e-01 3.46e-03
9.13166e-01 3.46e-03
9.13687e-01 3.45e-03
9.14209e-01 3.44e-03
9.14770e-01 3.44e-03
9.15290e-01 3.43e-03
9.15811e-01 3.42e-03
9.16331e-01 3.41e-03
9.16851e-01 3.41e-03
9.17410e-01 3.40e-03
9.17929e-01 3.39e-03
9.18448e-01 3.39e-03
9.18967e-01 3.38e-03
9.19486e-01 3.37e-03
9.20044e-01 3.36e-03
9.20562e-01 3.36e-03
9.21079e-01 3.35e-03
9.21597e-01 3.34e-03
9.22114e-01 3.34e-03
9.22631e-01 3.33e-03
9.23187e-01 3.32e-03
9.23703e-01 3.32e-03
9.24219e-01 3.31e-03
9.24735e-01 3.30e-03
9.25250e-01 3.29e-03
9.25766e-01 3.29e-03
9.26281e-01 3.28e-03
9.26835e-01 3.27e-03
9.27349e-01 3.27e-03
9.27864e-01 3.26e-03
9.28377e-01 3.25e-03
9.28891e-01 3.24e-03
9.29404e-01 3.24e-03
9.29917e-01 3.23e-03
9.30430e-01 3.22e-03
9.30943e-01 3.22e-03
9.31455e-01 3.21e-03
9.31967e-01 3.21e-03
9.32479e-01 3.20e-03
9.32991e-01 3.19e-03
9.33541e-01 3.19e-03
9.34052e-01 3.18e-03
9.34563e-01 3.18e-03
9.35073e-01 3.17e-03
9.35583e-01 3.17e-03
9.36093e-01 3.16e-03
9.36603e-01 3.15e-03
9.37112e-01 3.15e-03
9.37622e-01 3.14e-03
9.38130e-01 3.14e-03
9.38639e-01 3.13e-03
9.39148e-01 3.13e-03
9.39656e-01 3.12e-03
9.40163e-01 3.12e-03
9.40671e-01 3.11e-03
9.41139e-01 3.11e-03
9.41647e-01 3.10e-03
9.42153e-01 3.10e-03
9.42660e-01 3.09e-03
9.43166e-01 3.09e-03
9.43672e-01 3.08e-03
9.44178e-01 3.08e-03
9.44684e-01 3.07e-03
9.45189e-01 3.07e-03
9.45694e-01 3.06e-03
9.46199e-01 3.06e-03
9.46704e-01 3.05e-03
9.47208e-01 3.05e-03
9.47712e-01 3.05e-03
9.48177e-01 3.04e-03
9.48680e-01 3.04e-03
9.49184e-01 3.03e-03
9.49687e-01 3.03e-03
9.50190e-01 3.03e-03
9.50692e-01 3.02e-03
9.51194e-01 3.02e-03
9.51696e-01 3.01e-03
9.52160e-01 3.01e-03
9.52661e-01 3.01e-03
9.53163e-01 3.00e-03
9.53664e-01 3.00e-03
9.54164e-01 3.00e-03
9.54665e-01 2.99e-03
9.55127e-01 2.99e-03
9.55627e-01 2.99e-03
9.56127e-01 2.98e-03
9.56626e-01 2.98e-03
9.57126e-01 2.98e-03
9.57586e-01 2.97e-03
9.58085e-01 2.97e-03
9.58584e-01 2.97e-03
9.59082e-01 2.96e-03
9.59580e-01 2.96e-03
9.60040e-01 2.96e-03
9.60537e-01 2.95e-03
9.61035e-01 2.95e-03
9.61532e-01 2.95e-03
9.61990e-01 2.94e-03
9.62487e-01 2.94e-03
9.62983e-01 2.94e-03
9.63480e-01 2.93e-03
9.63937e-01 2.93e-03
9.64433e-01 2.93e-03
9.64929e-01 2.92e-03
9.65386e-01 2.92e-03
9.65881e-01 2.91e-03
9.66375e-01 2.91e-03
9.66870e-01 2.91e-03
9.67326e-01 2.90e-03
9.67820e-01 2.90e-03
9.68314e-01 2.89e-03
9.68769e-01 2.89e-03
9.69263e-01 2.88e-03
9.69756e-01 2.88e-03
9.70211e-01 2.87e-03
9.70703e-01 2.87e-03
9.71195e-01 2.86e-03
9.71650e-01 2.86e-03
9.72142e-01 2.85e-03
9.72633e-01 2.85e-03
9.73087e-01 2.84e-03
9.73578e-01 2.84e-03
9.74069e-01 2.83e-03
9.74522e-01 2.82e-03
9.75012e-01 2.82e-03
9.75503e-01 2.81e-03
9.75955e-01 2.81e-03
9.76445e-01 2.80e-03
9.76897e-01 2.79e-03
9.77386e-01 2.79e-03
9.77875e-01 2.78e-03
9.78326e-01 2.78e-03
9.78815e-01 2.77e-03
9.79266e-01 2.77e-03
9.79754e-01 2.76e-03
9.80242e-01 2.75e-03
9.80692e-01 2.75e-03
9.81179e-01 2.74e-03
9.81629e-01 2.74e-03
9.82116e-01 2.73e-03
9.82565e-01 2.73e-03
9.83052e-01 2.72e-03
9.83501e-01 2.71e-03
9.83987e-01 2.71e-03
9.84473e-01 2.70e-03
9.84921e-01 2.70e-03
9.85406e-01 2.69e-03
9.85854e-01 2.69e-03
9.86339e-01 2.69e-03
9.86786e-01 2.68e-03
9.87271e-01 2.68e-03
9.87718e-01 2.67e-03
9.88202e-01 2.67e-03
9.88649e-01 2.66e-03
9.89132e-01 2.66e-03
9.89578e-01 2.66e-03
9.90062e-01 2.65e-03
9.90507e-01 2.65e-03
9.90990e-01 2.64e-03
9.91435e-01 2.64e-03
9.91918e-01 2.64e-03
9.92362e-01 2.63e-03
9.92844e-01 2.63e-03
9.93289e-01 2.63e-03
9.93733e-01 2.63e-03
9.94214e-01 2.62e-03
9.94658e-01 2.62e-03
9.95139e-01 2.62e-03
9.95582e-01 2.61e-03
9.96063e-01 2.61e-03
9.96506e-01 2.61e-03
9.96986e-01 2.61e-03
9.97428e-01 2.60e-03
9.97871e-01 2.60e-03
9.98350e-01 2.60e-03
9.98792e-01 2.60e-03
9.99271e-01 2.59e-03
9.99712e-01 2.59e-03
1.00015e+00 2.59e-03
1.00063e+00 2.58e-03
1.00107e+00 2.58e-03
1.00155e+00 2.57e-03
1.00199e+00 2.57e-03
1.00243e+00 2.56e-03
1.00291e+00 2.56e-03
1.00335e+00 2.55e-03
1.00379e+00 2.55e-03
1.00426e+00 2.54e-03
1.00470e+00 2.54e-03
1.00518e+00 2.53e-03
1.00562e+00 2.53e-03
1.00606e+00 2.52e-03
1.00653e+00 2.51e-03
1.00697e+00 2.51e-03
1.00741e+00 2.50e-03
1.00788e+00 2.50e-03
1.00832e+00 2.49e-03
1.00876e+00 2.49e-03
1.00923e+00 2.48e-03
1.00967e+00 2.47e-03
1.01011e+00 2.47e-03
1.01058e+00 2.46e-03
1.01102e+00 2.46e-03
1.01146e+00 2.45e-03
1.01189e+00 2.45e-03
1.01236e+00 2.44e-03
1.01280e+00 2.44e-03
1.01324e+00 2.44e-03
1.01371e+00 2.43e-03
1.01414e+00 2.43e-03
1.01458e+00 2.43e-03
1.02079e+00 2.39e-03
1.02123e+00 2.39e-03
1.02166e+00 2.38e-03
1.02209e+00 2.38e-03
1.02252e+00 2.37e-03
1.02299e+00 2.37e-03
1.02342e+00 2.36e-03
1.02385e+00 2.36e-03
1.02428e+00 2.35e-03
1.02471e+00 2.34e-03
1.02518e+00 2.34e-03
1.02561e+00 2.33e-03
1.02604e+00 2.33e-03
1.02647e+00 2.32e-03
1.02690e+00 2.31e-03
1.02737e+00 2.31e-03
1.02780e+00 2.30e-03
1.02823e+00 2.30e-03
1.02865e+00 2.30e-03
1.02930e+00 2.29e-03
1.03254e+00 2.28e-03
1.03297e+00 2.28e-03
1.03343e+00 2.27e-03
1.03386e+00 2.27e-03
1.03429e+00 2.27e-03
1.03471e+00 2.26e-03
1.03514e+00 2.25e-03
1.03557e+00 2.25e-03
1.03599e+00 2.24e-03
1.03642e+00 2.23e-03
1.03684e+00 2.23e-03
1.03730e+00 2.22e-03
1.03773e+00 2.22e-03
1.03815e+00 2.21e-03
1.03858e+00 2.21e-03
1.03900e+00 2.20e-03
1.04049e+00 2.19e-03
1.04218e+00 2.18e-03
1.04261e+00 2.18e-03
1.04303e+00 2.17e-03
1.04349e+00 2.17e-03
1.04391e+00 2.16e-03
1.04433e+00 2.15e-03
1.04475e+00 2.14e-03
1.04518e+00 2.13e-03
1.04560e+00 2.12e-03
1.04602e+00 2.11e-03
1.04644e+00 2.10e-03
1.04686e+00 2.10e-03
1.04728e+00 2.09e-03
1.04770e+00 2.08e-03
1.04792e+00 2.08e-03
1.04813e+00 2.17e-03
1.04855e+00 2.16e-03
1.04897e+00 2.16e-03
1.04939e+00 2.15e-03
1.04981e+00 2.15e-03
1.05023e+00 2.14e-03
1.05065e+00 2.14e-03
1.05107e+00 2.13e-03
1.05149e+00 2.12e-03
1.05190e+00 2.12e-03
1.05232e+00 2.11e-03
1.05274e+00 2.11e-03
1.05316e+00 2.11e-03
1.05358e+00 2.10e-03
1.05400e+00 2.10e-03
1.05442e+00 2.09e-03
1.05483e+00 2.09e-03
1.05522e+00 2.08e-03
1.05564e+00 2.08e-03
1.05605e+00 2.07e-03
1.05647e+00 2.07e-03
1.05689e+00 2.07e-03
1.05730e+00 2.06e-03
1.05772e+00 2.06e-03
1.05814e+00 2.05e-03
1.05855e+00 2.05e-03
1.05897e+00 2.05e-03
1.05939e+00 2.04e-03
1.05980e+00 2.04e-03
1.06022e+00 2.03e-03
1.06063e+00 2.03e-03
1.06105e+00 2.03e-03
1.06143e+00 2.02e-03
1.06184e+00 2.02e-03
1.06226e+00 2.01e-03
1.06267e+00 2.01e-03
1.06309e+00 2.01e-03
1.06350e+00 2.00e-03
1.06392e+00 2.00e-03
1.06433e+00 2.00e-03
1.06475e+00 1.99e-03
1.06516e+00 1.99e-03
1.06554e+00 1.98e-03
1.06595e+00 1.98e-03
1.06636e+00 1.98e-03
1.06678e+00 1.97e-03
1.06719e+00 1.97e-03
1.06760e+00 1.97e-03
1.06802e+00 1.96e-03
1.06843e+00 1.96e-03
1.06881e+00 1.96e-03
1.06922e+00 1.95e-03
1.06963e+00 1.95e-03
1.07004e+00 1.95e-03
1.07045e+00 1.94e-03
1.07086e+00 1.94e-03
1.07128e+00 1.93e-03
1.07165e+00 1.93e-03
1.07206e+00 1.93e-03
1.07247e+00 1.92e-03
1.07288e+00 1.92e-03
1.07329e+00 1.92e-03
1.07370e+00 1.91e-03
1.07408e+00 1.91e-03
1.07449e+00 1.91e-03
1.07490e+00 1.90e-03
1.07531e+00 1.90e-03
1.07572e+00 1.90e-03
1.07609e+00 1.89e-03
1.07650e+00 1.89e-03
1.07691e+00 1.89e-03
1.07732e+00 1.89e-03
1.07773e+00 1.88e-03
1.07810e+00 1.88e-03
1.07851e+00 1.88e-03
1.07892e+00 1.88e-03
1.07933e+00 1.87e-03
1.07974e+00 1.87e-03
1.08011e+00 1.87e-03
1.08052e+00 1.86e-03
1.08092e+00 1.86e-03
1.08133e+00 1.86e-03
1.08170e+00 1.86e-03
1.08211e+00 1.85e-03
1.08252e+00 1.85e-03
1.08292e+00 1.85e-03
1.08333e+00 1.85e-03
1.08370e+00 1.84e-03
1.08411e+00 1.84e-03
1.08451e+00 1.84e-03
1.08492e+00 1.84e-03
1.08529e+00 1.83e-03
1.08570e+00 1.83e-03
1.08610e+00 1.83e-03
1.08651e+00 1.83e-03
1.08688e+00 1.82e-03
1.08728e+00 1.82e-03
1.08769e+00 1.82e-03
1.08806e+00 1.82e-03
1.08846e+00 1.81e-03
1.08886e+00 1.81e-03
1.08927e+00 1.81e-03
1.08964e+00 1.81e-03
1.09004e+00 1.80e-03
1.09045e+00 1.80e-03
1.09085e+00 1.80e-03
1.09122e+00 1.80e-03
1.09162e+00 1.79e-03
1.09202e+00 1.79e-03
1.09239e+00 1.79e-03
1.09280e+00 1.79e-03
1.09320e+00 1.78e-03
1.09357e+00 1.78e-03
1.09397e+00 1.78e-03
1.09437e+00 1.78e-03
1.09477e+00 1.77e-03
1.09514e+00 1.77e-03
1.09554e+00 1.77e-03
1.09594e+00 1.77e-03
1.09631e+00 1.76e-03
1.09671e+00 1.76e-03
1.09711e+00 1.76e-03
1.09748e+00 1.76e-03
1.09788e+00 1.75e-03
1.09828e+00 1.75e-03
1.09865e+00 1.75e-03
1.09905e+00 1.75e-03
1.09945e+00 1.74e-03
1.09981e+00 1.74e-03
1.10021e+00 1.74e-03
1.10061e+00 1.74e-03
1.10098e+00 1.73e-03
1.10138e+00 1.73e-03
1.10177e+00 1.73e-03
1.10214e+00 1.73e-03
1.10254e+00 1.73e-03
1.10290e+00 1.72e-03
1.10330e+00 1.72e-03
1.10370e+00 1.72e-03
1.10406e+00 1.72e-03
1.10446e+00 1.71e-03
1.10486e+00 1.71e-03
1.10522e+00 1.71e-03
1.10562e+00 1.71e-03
1.10599e+00 1.70e-03
1.10638e+00 1.70e-03
1.10678e+00 1.70e-03
1.10714e+00 1.70e-03
1.10754e+00 1.70e-03
1.10794e+00 1.69e-03
1.10830e+00 1.69e-03
1.10869e+00 1.69e-03
1.10906e+00 1.69e-03
1.10945e+00 1.68e-03
1.10985e+00 1.68e-03
1.11021e+00 1.68e-03
1.11061e+00 1.68e-03
1.11097e+00 1.68e-03
1.11136e+00 1.67e-03
1.11176e+00 1.67e-03
1.11212e+00 1.67e-03
1.11252e+00 1.67e-03
1.11288e+00 1.66e-03
1.11327e+00 1.66e-03
1.11363e+00 1.66e-03
1.11403e+00 1.66e-03
1.11442e+00 1.65e-03
1.11478e+00 1.65e-03
1.11517e+00 1.65e-03
1.11553e+00 1.65e-03
1.11593e+00 1.65e-03
1.11629e+00 1.64e-03
1.11668e+00 1.64e-03
1.11704e+00 1.64e-03
1.11743e+00 1.64e-03
1.11783e+00 1.63e-03
1.11819e+00 1.63e-03
1.11858e+00 1.63e-03
1.11894e+00 1.63e-03
1.11933e+00 1.63e-03
1.11969e+00 1.62e-03
1.12008e+00 1.62e-03
1.12044e+00 1.62e-03
1.12083e+00 1.62e-03
1.12119e+00 1.62e-03
1.12158e+00 1.61e-03
1.12197e+00 1.61e-03
1.12233e+00 1.61e-03
1.12272e+00 1.61e-03
1.12308e+00 1.60e-03
1.12347e+00 1.60e-03
1.12383e+00 1.60e-03
1.12422e+00 1.60e-03
1.12457e+00 1.60e-03
1.12496e+00 1.59e-03
1.12532e+00 1.59e-03
1.12571e+00 1.59e-03
1.12607e+00 1.59e-03
1.12645e+00 1.59e-03
1.12681e+00 1.58e-03
1.12720e+00 1.58e-03
1.12756e+00 1.58e-03
1.12794e+00 1.58e-03
1.12830e+00 1.57e-03
1.12869e+00 1.57e-03
1.12904e+00 1.57e-03
1.12943e+00 1.57e-03
1.12979e+00 1.57e-03
1.13018e+00 1.56e-03
1.13053e+00 1.56e-03
1.13092e+00 1.56e-03
1.13127e+00 1.56e-03
1.13166e+00 1.56e-03
1.13201e+00 1.55e-03
1.13237e+00 1.55e-03
1.13276e+00 1.55e-03
1.13311e+00 1.55e-03
1.13350e+00 1.55e-03
1.13385e+00 1.54e-03
1.13424e+00 1.54e-03
1.13459e+00 1.54e-03
1.13498e+00 1.54e-03
1.13533e+00 1.54e-03
1.13572e+00 1.53e-03
1.13607e+00 1.53e-03
1.13645e+00 1.53e-03
1.13681e+00 1.53e-03
1.13716e+00 1.53e-03
1.13754e+00 1.52e-03
1.13790e+00 1.52e-03
1.13828e+00 1.52e-03
1.13863e+00 1.52e-03
1.13902e+00 1.52e-03
1.13937e+00 1.51e-03
1.13972e+00 1.51e-03
1.14011e+00 1.51e-03
1.14046e+00 1.51e-03
1.14084e+00 1.51e-03
1.14119e+00 1.50e-03
1.14158e+00 1.50e-03
1.14193e+00 1.50e-03
1.14228e+00 1.50e-03
1.14266e+00 1.50e-03
1.14301e+00 1.49e-03
1.14339e+00 1.49e-03
1.14374e+00 1.49e-03
1.14413e+00 1.49e-03
1.14448e+00 1.49e-03
1.14483e+00 1.48e-03
1.14521e+00 1.48e-03
1.14556e+00 1.48e-03
1.14594e+00 1.48e-03
1.14629e+00 1.48e-03
1.14664e+00 1.47e-03
1.14702e+00 1.47e-03
1.14737e+00 1.47e-03
1.14775e+00 1.47e-03
1.14810e+00 1.47e-03
1.14845e+00 1.46e-03
1.14883e+00 1.46e-03
1.14918e+00 1.46e-03
1.14956e+00 1.46e-03
1.14991e+00 1.46e-03
1.15026e+00 1.45e-03
1.15064e+00 1.45e-03
1.15098e+00 1.45e-03
1.15133e+00 1.45e-03
1.15171e+00 1.45e-03
1.15206e+00 1.44e-03
1.15244e+00 1.44e-03
1.15278e+00 1.44e-03
1.15313e+00 1.44e-03
1.15351e+00 1.44e-03
1.15386e+00 1.43e-03
1.15420e+00 1.43e-03
1.15458e+00 1.43e-03
1.15493e+00 1.43e-03
1.15528e+00 1.43e-03
1.15565e+00 1.43e-03
1.15600e+00 1.42e-03
1.15638e+00 1.42e-03
1.15672e+00 1.42e-03
1.15707e+00 1.42e-03
1.15745e+00 1.42e-03
1.15779e+00 1.41e-03
1.15814e+00 1.41e-03
1.15852e+00 1.41e-03
1.15886e+00 1.41e-03
1.15921e+00 1.41e-03
1.15958e+00 1.41e-03
1.15993e+00 1.40e-03
1.16027e+00 1.40e-03
1.16065e+00 1.40e-03
1.16099e+00 1.40e-03
1.16134e+00 1.40e-03
1.16171e+00 1.39e-03
1.16206e+00 1.39e-03
1.16240e+00 1.39e-03
1.16278e+00 1.39e-03
1.16312e+00 1.39e-03
1.16346e+00 1.39e-03
1.16384e+00 1.38e-03
1.16418e+00 1.38e-03
1.16452e+00 1.38e-03
1.16487e+00 1.38e-03
1.16524e+00 1.38e-03
1.16559e+00 1.37e-03
1.16593e+00 1.37e-03
1.16630e+00 1.37e-03
1.16664e+00 1.37e-03
1.16699e+00 1.37e-03
1.16736e+00 1.37e-03
1.16770e+00 1.36e-03
1.16805e+00 1.36e-03
1.16842e+00 1.36e-03
1.16876e+00 1.36e-03
1.16910e+00 1.36e-03
1.16944e+00 1.35e-03
1.16982e+00 1.35e-03
1.17016e+00 1.35e-03
1.17050e+00 1.35e-03
1.17087e+00 1.35e-03
1.17121e+00 1.35e-03
1.17155e+00 1.34e-03
1.17189e+00 1.34e-03
1.17227e+00 1.34e-03
1.17261e+00 1.34e-03
1.17295e+00 1.34e-03
1.17332e+00 1.34e-03
1.17366e+00 1.33e-03
1.17400e+00 1.33e-03
1.17434e+00 1.33e-03
1.17471e+00 1.33e-03
1.17505e+00 1.33e-03
1.17539e+00 1.32e-03
1.17573e+00 1.32e-03
1.17610e+00 1.32e-03
1.17644e+00 1.32e-03
1.17678e+00 1.32e-03
1.17715e+00 1.32e-03
1.17749e+00 1.31e-03
1.17782e+00 1.31e-03
1.17816e+00 1.31e-03
1.17853e+00 1.31e-03
1.17887e+00 1.31e-03
1.17921e+00 1.31e-03
1.17955e+00 1.30e-03
1.17992e+00 1.30e-03
1.18025e+00 1.30e-03
1.18059e+00 1.30e-03
1.18093e+00 1.30e-03
1.18130e+00 1.30e-03
1.18164e+00 1.29e-03
1.18197e+00 1.29e-03
1.18231e+00 1.29e-03
1.18268e+00 1.29e-03
1.18301e+00 1.29e-03
1.18335e+00 1.29e-03
1.18369e+00 1.28e-03
1.18406e+00 1.28e-03
1.18439e+00 1.28e-03
1.18473e+00 1.28e-03
1.18507e+00 1.28e-03
1.18540e+00 1.28e-03
1.18577e+00 1.27e-03
1.18610e+00 1.27e-03
1.18644e+00 1.27e-03
1.18678e+00 1.27e-03
1.18714e+00 1.27e-03
1.18748e+00 1.27e-03
1.18781e+00 1.26e-03
1.18815e+00 1.26e-03
1.18848e+00 1.26e-03
1.18885e+00 1.26e-03
1.18918e+00 1.26e-03
1.18952e+00 1.26e-03
1.18985e+00 1.26e-03
1.19022e+00 1.25e-03
1.19055e+00 1.25e-03
1.19089e+00 1.25e-03
1.19122e+00 1.25e-03
1.19156e+00 1.25e-03
1.19192e+00 1.25e-03
1.19225e+00 1.24e-03
1.19259e+00 1.24e-03
1.19292e+00 1.24e-03
1.19326e+00 1.24e-03
1.19362e+00 1.24e-03
1.19395e+00 1.24e-03
1.19429e+00 1.23e-03
1.19462e+00 1.23e-03
1.19495e+00 1.23e-03
1.19532e+00 1.23e-03
1.19565e+00 1.23e-03
1.19598e+00 1.23e-03
1.19631e+00 1.22e-03
1.19665e+00 1.22e-03
1.19698e+00 1.22e-03
1.19734e+00 1.22e-03
1.19767e+00 1.22e-03
1.19801e+00 1.22e-03
1.19834e+00 1.22e-03
1.19867e+00 1.21e-03
1.19903e+00 1.21e-03
1.19936e+00 1.21e-03
1.19969e+00 1.21e-03
1.20003e+00 1.21e-03
1.20036e+00 1.21e-03
1.20069e+00 1.20e-03
1.20105e+00 1.20e-03
1.20138e+00 1.20e-03
1.20171e+00 1.20e-03
1.20204e+00 1.20e-03
1.20237e+00 1.20e-03
1.20270e+00 1.20e-03
1.20306e+00 1.19e-03
1.20339e+00 1.19e-03
1.20372e+00 1.19e-03
1.20405e+00 1.19e-03
1.20438e+00 1.19e-03
1.20471e+00 1.19e-03
1.20507e+00 1.19e-03
1.20540e+00 1.19e-03
1.20573e+00 1.19e-03
1.20606e+00 1.18e-03
1.20639e+00 1.18e-03
1.20672e+00 1.18e-03
1.20708e+00 1.18e-03
1.20741e+00 1.18e-03
1.20774e+00 1.18e-03
1.20806e+00 1.18e-03
1.20839e+00 1.18e-03
1.20872e+00 1.17e-03
1.20905e+00 1.17e-03
1.20941e+00 1.17e-03
1.20974e+00 1.17e-03
1.21006e+00 1.17e-03
1.21039e+00 1.17e-03
1.21072e+00 1.17e-03
1.21105e+00 1.17e-03
1.21138e+00 1.16e-03
1.21173e+00 1.16e-03
1.22862e+00 1.10e-03
1.23346e+00 1.09e-03
1.23378e+00 1.09e-03
1.23410e+00 1.09e-03
1.23442e+00 1.08e-03
1.23474e+00 1.08e-03
1.23509e+00 1.08e-03
1.23541e+00 1.08e-03
1.23573e+00 1.08e-03
1.23605e+00 1.08e-03
1.23637e+00 1.08e-03
1.23669e+00 1.08e-03
1.23701e+00 1.08e-03
1.23733e+00 1.07e-03
1.23765e+00 1.07e-03
1.23797e+00 1.07e-03
1.23829e+00 1.07e-03
1.23861e+00 1.07e-03
1.23892e+00 1.07e-03
1.23924e+00 1.07e-03
1.23959e+00 1.07e-03
1.23991e+00 1.07e-03
1.25465e+00 1.02e-03
1.25749e+00 1.01e-03
1.25781e+00 1.01e-03
1.25812e+00 1.01e-03
1.25843e+00 1.01e-03
1.25875e+00 1.00e-03
1.25906e+00 1.00e-03
1.25937e+00 1.00e-03
1.25968e+00 1.00e-03
1.25999e+00 1.00e-03
1.26031e+00 9.99e-04
1.26062e+00 9.98e-04
1.26093e+00 9.97e-04
1.26124e+00 9.96e-04
1.26155e+00 9.95e-04
1.26186e+00 9.94e-04
1.26218e+00 9.93e-04
1.26249e+00 9.92e-04
1.26280e+00 9.91e-04
1.26311e+00 9.90e-04
1.26342e+00 9.89e-04
1.27626e+00 9.49e-04
1.29464e+00 8.93e-04
1.29495e+00 8.92e-04
1.29525e+00 8.92e-04
1.29555e+00 8.91e-04
1.29582e+00 8.90e-04
1.31504e+00 8.37e-04
1.33558e+00 7.92e-04
1.35632e+00 7.48e-04
1.37336e+00 7.13e-04
1.38877e+00 6.83e-04
1.40059e+00 6.60e-04
1.40071e+00 6.58e-04
1.41745e+00 6.29e-04
1.44225e+00 5.93e-04
1.46094e+00 5.67e-04
1.47837e+00 5.44e-04
1.49490e+00 5.23e-04
1.50798e+00 5.07e-04
1.51275e+00 5.02e-04
1.53756e+00 4.77e-04
1.55789e+00 4.57e-04
1.57536e+00 4.41e-04
1.58823e+00 4.30e-04
1.59856e+00 4.22e-04
1.62523e+00 4.02e-04
1.65023e+00 3.85e-04
1.65525e+00 3.82e-04
1.65539e+00 3.73e-04
1.67930e+00 3.59e-04
1.70666e+00 3.45e-04
1.72988e+00 3.34e-04
1.75213e+00 3.24e-04
1.78120e+00 3.12e-04
1.80711e+00 3.02e-04
1.83766e+00 2.92e-04
1.86857e+00 2.83e-04
1.91257e+00 2.71e-04
1.97494e+00 2.56e-04
2.10985e+00 2.32e-04
2.15345e+00 2.26e-04
2.19690e+00 2.20e-04
2.23950e+00 2.15e-04
2.27548e+00 2.11e-04
2.32835e+00 2.05e-04
2.35337e+00 2.02e-04
2.46087e+00 1.95e-04
2.48566e+00 1.94e-04
2.50911e+00 1.94e-04
2.52733e+00 1.94e-04
2.53227e+00 1.94e-04
2.53742e+00 1.94e-04
2.54286e+00 1.94e-04
2.54843e+00 1.95e-04
2.55428e+00 1.95e-04
2.56048e+00 1.96e-04
2.56695e+00 1.96e-04
2.57376e+00 1.97e-04
2.58097e+00 1.98e-04
2.58867e+00 1.99e-04
2.59682e+00 2.00e-04
2.60565e+00 2.01e-04
2.61029e+00 2.02e-04
2.61513e+00 2.03e-04
2.62024e+00 2.04e-04
2.62554e+00 2.05e-04
2.63110e+00 2.07e-04
2.63698e+00 2.08e-04
2.64319e+00 2.10e-04
2.64971e+00 2.12e-04
2.65669e+00 2.14e-04
2.66410e+00 2.17e-04
2.67215e+00 2.20e-04
2.68082e+00 2.23e-04
2.69029e+00 2.28e-04
2.70069e+00 2.33e-04
2.71231e+00 2.36e-04
2.72543e+00 2.45e-04
2.74065e+00 2.56e-04
2.75874e+00 2.72e-04
2.78130e+00 2.96e-04
2.81151e+00 3.34e-04
2.85859e+00 3.95e-04
2.99573e+00 1.07e-03
