# OPACITY Project tables
-2.61515e+00 6.87e+00
-2.27341e+00 2.38e+00
-2.07433e+00 1.28e+00
-1.93351e+00 8.26e-01
-1.82455e+00 5.89e-01
-1.73574e+00 4.47e-01
-1.66078e+00 3.54e-01
-1.59603e+00 2.90e-01
-1.53898e+00 2.43e-01
-1.48802e+00 2.08e-01
-1.44198e+00 1.81e-01
-1.40003e+00 1.59e-01
-1.36148e+00 1.42e-01
-1.32584e+00 1.28e-01
-1.29269e+00 1.16e-01
-1.26174e+00 1.06e-01
-1.23268e+00 9.74e-02
-1.20531e+00 9.00e-02
-1.17944e+00 8.36e-02
-1.15493e+00 7.78e-02
-1.13165e+00 7.24e-02
-1.10945e+00 6.76e-02
-1.08827e+00 6.34e-02
-1.06799e+00 5.96e-02
-1.04857e+00 5.62e-02
-1.02994e+00 5.31e-02
-1.01200e+00 5.03e-02
-9.94739e-01 4.78e-02
-9.78086e-01 4.54e-02
-9.62021e-01 4.33e-02
-9.46492e-01 4.14e-02
-9.31455e-01 3.97e-02
-9.16916e-01 3.80e-02
-9.02807e-01 3.64e-02
-8.89113e-01 3.50e-02
-8.75797e-01 3.38e-02
-8.62868e-01 3.24e-02
-8.50292e-01 3.13e-02
-8.38057e-01 3.01e-02
-8.26130e-01 2.90e-02
-8.03185e-01 2.71e-02
-7.92106e-01 2.62e-02
-7.81301e-01 2.57e-02
-7.70741e-01 2.47e-02
-7.60420e-01 2.39e-02
-7.50331e-01 2.33e-02
-7.40469e-01 2.28e-02
-7.30787e-01 2.20e-02
-7.21320e-01 2.15e-02
-7.12045e-01 2.07e-02
-7.02955e-01 2.02e-02
-6.94048e-01 1.97e-02
-6.85298e-01 1.91e-02
-6.76723e-01 1.87e-02
-6.68298e-01 1.83e-02
-6.60041e-01 1.78e-02
-6.51909e-01 1.74e-02
-6.36087e-01 1.66e-02
-6.28390e-01 1.63e-02
-6.20808e-01 1.59e-02
-6.06016e-01 1.52e-02
-5.98801e-01 1.48e-02
-5.91692e-01 1.46e-02
-5.84687e-01 1.42e-02
-5.77803e-01 1.40e-02
-5.71018e-01 1.36e-02
-5.64314e-01 1.36e-02
-5.57725e-01 1.31e-02
-5.51231e-01 1.28e-02
-5.44831e-01 1.26e-02
-5.38505e-01 1.25e-02
-5.32288e-01 1.25e-02
-5.26142e-01 1.21e-02
-5.20085e-01 1.19e-02
-5.14098e-01 1.17e-02
-5.08196e-01 1.16e-02
-5.02362e-01 1.14e-02
-4.96610e-01 1.12e-02
-4.90925e-01 1.10e-02
-4.85320e-01 1.09e-02
-4.74301e-01 1.06e-02
-4.68884e-01 1.04e-02
-4.63545e-01 1.02e-02
-4.58265e-01 1.01e-02
-4.53044e-01 9.98e-03
-4.47882e-01 9.85e-03
-4.42778e-01 9.69e-03
-4.37730e-01 9.86e-03
-4.32739e-01 9.73e-03
-4.27803e-01 9.90e-03
-4.22922e-01 9.76e-03
-4.18095e-01 9.58e-03
-4.13321e-01 9.41e-03
-4.08585e-01 9.34e-03
-3.99284e-01 9.10e-03
-3.90158e-01 8.86e-03
-3.85662e-01 8.76e-03
-3.81216e-01 8.67e-03
-3.76819e-01 8.58e-03
-3.68126e-01 8.42e-03
-3.59622e-01 8.28e-03
-3.51261e-01 8.16e-03
-3.43054e-01 8.05e-03
-3.34997e-01 7.95e-03
-3.27088e-01 7.88e-03
-3.19310e-01 7.82e-03
-3.11661e-01 7.77e-03
-3.04150e-01 7.74e-03
-3.00430e-01 7.73e-03
-2.96750e-01 7.73e-03
-2.93097e-01 7.74e-03
-2.89484e-01 7.75e-03
-2.85884e-01 7.76e-03
-2.82323e-01 7.78e-03
-2.78788e-01 7.80e-03
-2.71796e-01 7.86e-03
-2.68350e-01 7.89e-03
-2.64917e-01 7.93e-03
-2.61521e-01 7.97e-03
-2.58149e-01 8.02e-03
-2.54802e-01 8.07e-03
-2.51466e-01 8.13e-03
-2.48167e-01 8.20e-03
-2.44891e-01 8.27e-03
-2.41639e-01 8.34e-03
-2.38409e-01 8.43e-03
-2.35203e-01 8.51e-03
-2.32020e-01 8.61e-03
-2.28860e-01 8.70e-03
-2.25722e-01 8.81e-03
-2.22606e-01 8.92e-03
-2.19513e-01 9.04e-03
-2.16441e-01 9.16e-03
-2.10363e-01 9.42e-03
-2.07344e-01 9.55e-03
-2.04359e-01 9.70e-03
-2.01382e-01 9.84e-03
-1.98439e-01 9.99e-03
-1.92590e-01 1.03e-02
-1.86824e-01 1.06e-02
-1.81126e-01 1.10e-02
-1.75509e-01 1.14e-02
-1.69958e-01 1.17e-02
-1.64474e-01 1.21e-02
-1.59054e-01 1.26e-02
-1.56373e-01 1.28e-02
-1.53699e-01 1.30e-02
-1.51044e-01 1.32e-02
-1.48407e-01 1.34e-02
-1.45789e-01 1.35e-02
-1.43189e-01 1.36e-02
-1.40596e-01 1.36e-02
-1.38021e-01 1.35e-02
-1.35453e-01 1.35e-02
-1.32914e-01 1.35e-02
-1.30382e-01 1.37e-02
-1.27867e-01 1.45e-02
-1.25359e-01 1.54e-02
-1.22868e-01 1.64e-02
-1.20395e-01 1.70e-02
-1.17928e-01 1.68e-02
-1.15489e-01 1.67e-02
-1.13057e-01 1.66e-02
-1.10630e-01 1.70e-02
-1.08220e-01 1.77e-02
-1.05827e-01 1.83e-02
-1.03440e-01 1.87e-02
-1.01070e-01 1.88e-02
-9.87160e-02 1.89e-02
-9.63788e-02 1.89e-02
-9.40360e-02 1.86e-02
-9.17206e-02 1.84e-02
-8.94106e-02 1.78e-02
-8.71168e-02 1.70e-02
-8.48283e-02 1.63e-02
-8.25559e-02 1.56e-02
-8.02994e-02 1.50e-02
-7.80480e-02 1.43e-02
-7.58125e-02 1.37e-02
-7.35820e-02 1.31e-02
-7.13671e-02 1.25e-02
-6.91679e-02 1.20e-02
-6.69735e-02 1.14e-02
-6.47839e-02 1.10e-02
-6.26097e-02 1.06e-02
-6.04509e-02 1.04e-02
-5.82967e-02 1.01e-02
-5.40233e-02 9.60e-03
-5.19040e-02 9.37e-03
-4.97997e-02 9.23e-03
-4.76998e-02 9.17e-03
-4.56042e-02 9.26e-03
-4.35236e-02 9.53e-03
-4.14576e-02 9.44e-03
-3.93959e-02 8.90e-03
-3.73385e-02 8.47e-03
-3.32673e-02 7.89e-03
-3.12430e-02 7.66e-03
-2.72170e-02 7.39e-03
-2.52255e-02 7.25e-03
-2.32379e-02 7.10e-03
-2.12543e-02 6.97e-03
-1.92848e-02 6.86e-03
-1.73293e-02 6.75e-03
-1.53675e-02 6.64e-03
-1.34298e-02 6.54e-03
-1.14958e-02 6.45e-03
-9.56560e-03 6.37e-03
-7.64918e-03 6.30e-03
-5.73642e-03 6.23e-03
-3.83735e-03 6.17e-03
-5.00013e-05 6.04e-03
1.79838e-03 5.98e-03
3.69317e-03 5.92e-03
5.58438e-03 5.87e-03
7.37275e-03 5.82e-03
9.25702e-03 5.79e-03
1.11377e-02 5.76e-03
1.29162e-02 5.73e-03
1.47901e-02 5.71e-03
1.84291e-02 5.66e-03
2.01947e-02 5.63e-03
2.19572e-02 5.60e-03
2.38142e-02 5.56e-03
2.55703e-02 5.52e-03
2.73233e-02 5.47e-03
3.08201e-02 5.36e-03
3.43048e-02 5.24e-03
3.60426e-02 5.19e-03
3.77774e-02 5.14e-03
3.95091e-02 5.09e-03
4.12379e-02 5.08e-03
4.29637e-02 5.00e-03
4.46865e-02 4.95e-03
4.64064e-02 4.91e-03
4.97421e-02 4.84e-03
5.30667e-02 4.78e-03
5.64748e-02 4.72e-03
5.97772e-02 4.68e-03
6.13773e-02 4.67e-03
6.29748e-02 4.62e-03
6.46635e-02 4.59e-03
6.78455e-02 4.55e-03
7.11106e-02 4.51e-03
7.26927e-02 4.49e-03
7.42722e-02 4.48e-03
7.58493e-02 4.46e-03
7.74239e-02 4.45e-03
8.06579e-02 4.42e-03
8.22249e-02 4.60e-03
8.37895e-02 4.39e-03
8.52598e-02 4.38e-03
8.83771e-02 4.36e-03
8.99321e-02 4.42e-03
9.14847e-02 4.34e-03
9.30349e-02 4.33e-03
9.44917e-02 4.32e-03
9.60372e-02 4.31e-03
9.90305e-02 4.29e-03
1.00569e-01 4.29e-03
1.02015e-01 4.33e-03
1.03549e-01 4.27e-03
1.06520e-01 4.26e-03
1.07957e-01 4.25e-03
1.09482e-01 4.26e-03
1.10915e-01 4.24e-03
1.12435e-01 4.24e-03
1.13864e-01 4.23e-03
1.15291e-01 4.35e-03
1.16805e-01 4.25e-03
1.18227e-01 4.29e-03
1.19648e-01 4.23e-03
1.21067e-01 4.21e-03
1.23898e-01 4.20e-03
1.26809e-01 4.19e-03
1.28217e-01 4.18e-03
1.29624e-01 4.23e-03
1.31028e-01 4.17e-03
1.32431e-01 4.17e-03
1.33831e-01 4.16e-03
1.35143e-01 4.16e-03
1.36539e-01 4.16e-03
1.37934e-01 4.20e-03
1.39327e-01 4.16e-03
1.40718e-01 4.19e-03
1.42107e-01 4.18e-03
1.43407e-01 4.17e-03
1.44793e-01 4.14e-03
1.46176e-01 4.12e-03
1.47471e-01 4.12e-03
1.48851e-01 4.14e-03
1.50229e-01 4.17e-03
1.51519e-01 4.21e-03
1.52893e-01 4.26e-03
1.54179e-01 4.29e-03
1.55550e-01 4.27e-03
1.56833e-01 4.21e-03
1.58200e-01 4.15e-03
1.59479e-01 4.13e-03
1.60757e-01 4.11e-03
1.62119e-01 4.08e-03
1.63394e-01 4.08e-03
1.64751e-01 4.14e-03
1.66023e-01 4.23e-03
1.67293e-01 4.29e-03
1.68561e-01 4.20e-03
1.69912e-01 4.52e-03
1.71176e-01 5.01e-03
1.72440e-01 5.42e-03
1.73701e-01 5.48e-03
1.74961e-01 5.14e-03
1.76220e-01 4.75e-03
1.77477e-01 4.40e-03
1.78732e-01 4.50e-03
1.80069e-01 4.36e-03
1.81321e-01 4.16e-03
1.82572e-01 4.09e-03
1.83737e-01 4.10e-03
1.84985e-01 4.05e-03
1.86231e-01 4.00e-03
1.87475e-01 3.98e-03
1.88718e-01 3.98e-03
1.92437e-01 3.96e-03
1.93591e-01 3.97e-03
1.94826e-01 4.01e-03
1.96060e-01 3.99e-03
1.97292e-01 3.96e-03
1.98441e-01 3.97e-03
1.99670e-01 3.94e-03
2.00898e-01 3.94e-03
2.02042e-01 3.92e-03
2.03267e-01 3.91e-03
2.04409e-01 4.02e-03
2.05631e-01 3.96e-03
2.06770e-01 4.02e-03
2.07989e-01 4.08e-03
2.09126e-01 3.97e-03
2.10342e-01 3.90e-03
2.11476e-01 3.88e-03
2.12689e-01 3.90e-03
2.13820e-01 4.00e-03
2.15031e-01 4.18e-03
2.16159e-01 4.30e-03
2.17286e-01 4.44e-03
2.18493e-01 4.60e-03
2.19617e-01 4.84e-03
2.20741e-01 4.45e-03
2.21943e-01 4.17e-03
2.23064e-01 3.99e-03
2.24183e-01 4.02e-03
2.27614e-01 3.84e-03
2.28728e-01 3.77e-03
2.29841e-01 3.84e-03
2.30953e-01 3.82e-03
2.32064e-01 3.73e-03
2.33173e-01 3.73e-03
2.34281e-01 3.71e-03
2.35388e-01 3.74e-03
2.36494e-01 3.69e-03
2.37599e-01 3.68e-03
2.38702e-01 3.70e-03
2.39804e-01 3.75e-03
2.40905e-01 3.64e-03
2.42005e-01 3.63e-03
2.43103e-01 3.63e-03
2.44200e-01 3.63e-03
2.45296e-01 3.62e-03
2.46313e-01 3.60e-03
2.47407e-01 3.59e-03
2.48499e-01 3.58e-03
2.49591e-01 3.58e-03
2.50681e-01 3.57e-03
2.51692e-01 3.54e-03
2.52780e-01 3.54e-03
2.53867e-01 3.52e-03
2.54875e-01 3.51e-03
2.55959e-01 3.50e-03
2.57042e-01 3.53e-03
2.58047e-01 3.68e-03
2.59128e-01 3.49e-03
2.60208e-01 3.53e-03
2.61210e-01 3.47e-03
2.62287e-01 3.48e-03
2.63287e-01 3.79e-03
2.64362e-01 3.71e-03
2.65360e-01 3.51e-03
2.66433e-01 3.47e-03
2.67428e-01 3.44e-03
2.68499e-01 3.48e-03
2.69493e-01 3.55e-03
2.70561e-01 3.47e-03
2.71553e-01 3.44e-03
2.72619e-01 3.54e-03
2.73609e-01 3.71e-03
2.74597e-01 3.65e-03
2.75660e-01 3.65e-03
2.76646e-01 3.59e-03
2.77632e-01 3.50e-03
2.78692e-01 3.48e-03
2.79675e-01 3.47e-03
2.80657e-01 3.43e-03
2.81639e-01 3.42e-03
2.82695e-01 3.50e-03
2.83674e-01 3.66e-03
2.84652e-01 3.46e-03
2.85630e-01 3.38e-03
2.86606e-01 3.38e-03
2.87582e-01 3.39e-03
2.88632e-01 3.40e-03
2.91550e-01 3.37e-03
2.92520e-01 3.36e-03
2.93490e-01 3.35e-03
2.94459e-01 3.38e-03
2.95427e-01 3.35e-03
2.98325e-01 3.33e-03
3.00253e-01 3.34e-03
3.01215e-01 3.33e-03
3.02177e-01 3.57e-03
3.03137e-01 3.33e-03
3.04097e-01 3.32e-03
3.04982e-01 3.36e-03
3.05939e-01 3.33e-03
3.06896e-01 3.35e-03
3.07852e-01 3.34e-03
3.08807e-01 3.33e-03
3.09762e-01 3.40e-03
3.10641e-01 3.53e-03
3.11594e-01 3.85e-03
3.12545e-01 3.54e-03
3.13496e-01 3.32e-03
3.14373e-01 3.34e-03
3.15322e-01 3.32e-03
3.16270e-01 3.73e-03
3.17144e-01 3.52e-03
3.18090e-01 3.22e-03
3.19035e-01 3.24e-03
3.19907e-01 3.35e-03
3.20851e-01 3.20e-03
3.21794e-01 3.18e-03
3.22663e-01 3.18e-03
3.23604e-01 3.38e-03
3.24472e-01 3.35e-03
3.25411e-01 3.16e-03
3.26278e-01 3.12e-03
3.27215e-01 3.10e-03
3.28080e-01 3.19e-03
3.29016e-01 3.14e-03
3.29879e-01 3.14e-03
3.30813e-01 3.07e-03
3.31675e-01 3.05e-03
3.32608e-01 3.05e-03
3.34399e-01 3.04e-03
3.35257e-01 3.02e-03
3.36115e-01 3.01e-03
3.37044e-01 3.04e-03
3.37900e-01 3.03e-03
3.38827e-01 3.17e-03
3.39681e-01 2.99e-03
3.40535e-01 3.06e-03
3.41389e-01 3.22e-03
3.42312e-01 3.09e-03
3.43164e-01 2.95e-03
3.44015e-01 2.93e-03
3.44936e-01 2.91e-03
3.45786e-01 2.90e-03
3.46635e-01 2.93e-03
3.48330e-01 2.92e-03
3.49247e-01 2.93e-03
3.50093e-01 2.92e-03
3.50939e-01 2.97e-03
3.51783e-01 3.43e-03
3.52627e-01 3.27e-03
3.53470e-01 2.92e-03
3.54382e-01 3.26e-03
3.55224e-01 2.90e-03
3.56065e-01 2.94e-03
3.56905e-01 2.90e-03
3.57744e-01 2.92e-03
3.58583e-01 2.95e-03
3.59421e-01 3.03e-03
3.60259e-01 2.94e-03
3.61095e-01 2.96e-03
3.61931e-01 3.11e-03
3.62766e-01 3.00e-03
3.63601e-01 2.97e-03
3.64435e-01 2.92e-03
3.65268e-01 2.92e-03
3.66100e-01 2.92e-03
3.66932e-01 2.95e-03
3.67763e-01 2.97e-03
3.68594e-01 2.92e-03
3.69354e-01 2.93e-03
3.70183e-01 2.93e-03
3.71012e-01 3.06e-03
3.71839e-01 2.93e-03
3.72666e-01 2.94e-03
3.73493e-01 2.98e-03
3.74318e-01 2.87e-03
3.75075e-01 2.87e-03
3.75899e-01 2.88e-03
3.76723e-01 2.84e-03
3.78299e-01 2.81e-03
3.79121e-01 2.90e-03
3.79942e-01 2.84e-03
3.80762e-01 2.89e-03
3.81514e-01 2.84e-03
3.82333e-01 2.81e-03
3.83151e-01 2.82e-03
3.83969e-01 2.78e-03
3.84718e-01 2.82e-03
3.85534e-01 2.83e-03
3.86282e-01 2.75e-03
3.87097e-01 2.75e-03
3.87912e-01 2.79e-03
3.88658e-01 2.76e-03
3.89471e-01 2.76e-03
3.90284e-01 2.79e-03
3.91028e-01 2.79e-03
3.91839e-01 2.79e-03
3.92582e-01 2.82e-03
3.93393e-01 2.85e-03
3.94134e-01 2.83e-03
3.94943e-01 3.63e-03
3.95684e-01 2.85e-03
3.96492e-01 2.89e-03
3.97231e-01 2.88e-03
3.98038e-01 2.91e-03
3.98776e-01 2.90e-03
3.99581e-01 2.89e-03
4.00319e-01 2.93e-03
4.01122e-01 2.88e-03
4.01859e-01 2.91e-03
4.02661e-01 2.86e-03
4.03396e-01 2.89e-03
4.04131e-01 2.88e-03
4.04932e-01 2.87e-03
4.05665e-01 2.88e-03
4.06465e-01 2.86e-03
4.07197e-01 2.91e-03
4.07929e-01 2.83e-03
4.08726e-01 2.80e-03
4.09457e-01 2.87e-03
4.10187e-01 2.80e-03
4.10983e-01 2.78e-03
4.11712e-01 2.77e-03
4.12441e-01 2.76e-03
4.13169e-01 2.76e-03
4.13962e-01 2.77e-03
4.14689e-01 2.79e-03
4.15415e-01 2.80e-03
4.16141e-01 3.16e-03
4.16932e-01 2.78e-03
4.17657e-01 2.82e-03
4.18381e-01 2.86e-03
4.19105e-01 2.80e-03
4.19828e-01 2.84e-03
4.20616e-01 2.79e-03
4.22060e-01 2.78e-03
4.22781e-01 2.79e-03
4.23501e-01 2.76e-03
4.24221e-01 2.75e-03
4.25006e-01 2.74e-03
4.25725e-01 2.73e-03
4.26444e-01 2.73e-03
4.27161e-01 2.72e-03
4.28596e-01 2.71e-03
4.29312e-01 2.71e-03
4.30028e-01 2.70e-03
4.30743e-01 2.76e-03
4.31458e-01 2.73e-03
4.32172e-01 2.75e-03
4.32886e-01 2.77e-03
4.33599e-01 2.88e-03
4.34312e-01 2.77e-03
4.35024e-01 3.14e-03
4.35736e-01 3.12e-03
4.36447e-01 3.11e-03
4.37868e-01 3.07e-03
4.38577e-01 3.05e-03
4.39287e-01 3.04e-03
4.39995e-01 3.05e-03
4.40704e-01 3.05e-03
4.41411e-01 3.04e-03
4.42118e-01 3.04e-03
4.42761e-01 3.05e-03
4.43467e-01 3.05e-03
4.44173e-01 3.04e-03
4.44878e-01 3.02e-03
4.45583e-01 3.00e-03
4.46287e-01 2.96e-03
4.47630e-01 2.88e-03
4.48333e-01 2.85e-03
4.49035e-01 2.82e-03
4.50438e-01 2.77e-03
4.51776e-01 2.74e-03
4.52476e-01 2.73e-03
4.53175e-01 2.72e-03
4.54509e-01 2.70e-03
4.55207e-01 2.69e-03
4.55841e-01 2.68e-03
4.56538e-01 2.68e-03
4.57931e-01 2.67e-03
4.59259e-01 2.65e-03
4.60584e-01 2.63e-03
4.61971e-01 2.61e-03
4.63294e-01 2.59e-03
4.64614e-01 2.57e-03
4.65933e-01 2.56e-03
4.67250e-01 2.55e-03
4.67939e-01 2.55e-03
4.69253e-01 2.54e-03
4.69941e-01 2.66e-03
4.70566e-01 2.66e-03
4.71253e-01 2.65e-03
4.71877e-01 2.64e-03
4.73186e-01 2.62e-03
4.74494e-01 2.60e-03
4.75178e-01 2.59e-03
4.75799e-01 2.59e-03
4.76420e-01 2.58e-03
4.77103e-01 2.58e-03
4.79706e-01 2.57e-03
4.80325e-01 2.56e-03
4.80944e-01 2.55e-03
4.81623e-01 2.54e-03
4.82920e-01 2.51e-03
4.84153e-01 2.48e-03
4.85446e-01 2.46e-03
4.86738e-01 2.44e-03
4.87966e-01 2.42e-03
4.89255e-01 2.41e-03
4.90480e-01 2.39e-03
4.91765e-01 2.38e-03
4.93049e-01 2.37e-03
4.94269e-01 2.36e-03
4.95489e-01 2.35e-03
4.96767e-01 2.33e-03
4.97984e-01 2.32e-03
4.99259e-01 2.31e-03
5.00472e-01 2.30e-03
5.01684e-01 2.29e-03
5.02955e-01 2.28e-03
5.04163e-01 2.28e-03
5.05371e-01 2.27e-03
5.06577e-01 2.26e-03
5.07781e-01 2.25e-03
5.09044e-01 2.24e-03
5.10245e-01 2.23e-03
5.11445e-01 2.22e-03
5.12644e-01 2.21e-03
5.13841e-01 2.21e-03
5.15037e-01 2.20e-03
5.16231e-01 2.19e-03
5.17424e-01 2.18e-03
5.18615e-01 2.17e-03
5.19746e-01 2.17e-03
5.20934e-01 2.16e-03
5.22122e-01 2.15e-03
5.23307e-01 2.14e-03
5.24492e-01 2.13e-03
5.25616e-01 2.12e-03
5.26797e-01 2.12e-03
5.27978e-01 2.11e-03
5.29157e-01 2.10e-03
5.30275e-01 2.09e-03
5.31451e-01 2.09e-03
5.32568e-01 2.08e-03
5.33741e-01 2.07e-03
5.34855e-01 2.07e-03
5.36025e-01 2.06e-03
5.37136e-01 2.05e-03
5.38305e-01 2.04e-03
5.39413e-01 2.03e-03
5.39996e-01 2.03e-03
5.41103e-01 2.02e-03
5.42266e-01 2.01e-03
5.43370e-01 2.01e-03
5.44473e-01 2.00e-03
5.45633e-01 1.99e-03
5.46733e-01 1.99e-03
5.47832e-01 1.98e-03
5.48930e-01 1.97e-03
5.50085e-01 1.97e-03
5.50604e-01 1.97e-03
5.51699e-01 1.96e-03
5.52850e-01 1.95e-03
5.53943e-01 1.94e-03
5.54460e-01 1.94e-03
5.55550e-01 1.93e-03
5.56640e-01 1.92e-03
5.57728e-01 1.92e-03
5.58815e-01 1.91e-03
5.59901e-01 1.90e-03
5.60986e-01 1.90e-03
5.62070e-01 1.89e-03
5.63152e-01 1.89e-03
5.64234e-01 1.88e-03
5.65314e-01 1.87e-03
5.66393e-01 1.86e-03
5.66903e-01 1.86e-03
5.67471e-01 1.86e-03
5.68491e-01 1.85e-03
5.69057e-01 1.85e-03
5.69566e-01 1.86e-03
5.70641e-01 1.85e-03
5.71714e-01 1.84e-03
5.72729e-01 1.83e-03
5.73800e-01 1.82e-03
5.74870e-01 1.81e-03
5.75883e-01 1.81e-03
5.76950e-01 1.81e-03
5.77961e-01 1.80e-03
5.79026e-01 1.80e-03
5.80090e-01 1.80e-03
5.81098e-01 1.79e-03
5.82160e-01 1.78e-03
5.83165e-01 1.78e-03
5.84225e-01 1.77e-03
5.85228e-01 1.77e-03
5.86230e-01 1.76e-03
5.87287e-01 1.76e-03
5.87787e-01 1.76e-03
5.88287e-01 1.76e-03
5.89286e-01 1.75e-03
5.90339e-01 1.75e-03
5.91336e-01 1.74e-03
5.92332e-01 1.74e-03
5.93382e-01 1.73e-03
5.94376e-01 1.72e-03
5.95369e-01 1.72e-03
5.96361e-01 1.71e-03
5.97407e-01 1.71e-03
5.98397e-01 1.70e-03
5.99386e-01 1.70e-03
6.00374e-01 1.69e-03
6.01361e-01 1.69e-03
6.02347e-01 1.68e-03
6.03332e-01 1.68e-03
6.04316e-01 1.67e-03
6.05299e-01 1.67e-03
6.06281e-01 1.66e-03
6.07262e-01 1.66e-03
6.08243e-01 1.65e-03
6.09222e-01 1.65e-03
6.10200e-01 1.64e-03
6.11178e-01 1.64e-03
6.12154e-01 1.64e-03
6.13129e-01 1.63e-03
6.14104e-01 1.63e-03
6.15023e-01 1.62e-03
6.15996e-01 1.62e-03
6.16968e-01 1.61e-03
6.17939e-01 1.61e-03
6.18908e-01 1.60e-03
6.19824e-01 1.60e-03
6.20792e-01 1.60e-03
6.21759e-01 1.59e-03
6.22671e-01 1.59e-03
6.23636e-01 1.58e-03
6.24601e-01 1.58e-03
6.25511e-01 1.57e-03
6.26473e-01 1.57e-03
6.27435e-01 1.57e-03
6.28342e-01 1.56e-03
6.29302e-01 1.56e-03
6.30207e-01 1.55e-03
6.31165e-01 1.55e-03
6.32069e-01 1.54e-03
6.33026e-01 1.54e-03
6.33928e-01 1.54e-03
6.34882e-01 1.53e-03
6.35783e-01 1.53e-03
6.36683e-01 1.52e-03
6.37634e-01 1.52e-03
6.38533e-01 1.52e-03
6.39483e-01 1.51e-03
6.40379e-01 1.51e-03
6.41275e-01 1.50e-03
6.42222e-01 1.50e-03
6.43116e-01 1.50e-03
6.44009e-01 1.49e-03
6.44902e-01 1.49e-03
6.45846e-01 1.48e-03
6.46737e-01 1.48e-03
6.47627e-01 1.48e-03
6.48516e-01 1.47e-03
6.49404e-01 1.47e-03
6.50292e-01 1.47e-03
6.51231e-01 1.46e-03
6.52117e-01 1.46e-03
6.53002e-01 1.45e-03
6.53886e-01 1.45e-03
6.54770e-01 1.45e-03
6.55653e-01 1.44e-03
6.56535e-01 1.44e-03
6.57416e-01 1.44e-03
6.58297e-01 1.43e-03
6.59177e-01 1.43e-03
6.60056e-01 1.42e-03
6.60934e-01 1.42e-03
6.61811e-01 1.42e-03
6.62688e-01 1.41e-03
6.63564e-01 1.41e-03
6.64439e-01 1.41e-03
6.65262e-01 1.40e-03
6.66136e-01 1.40e-03
6.67009e-01 1.40e-03
6.67881e-01 1.39e-03
6.68752e-01 1.39e-03
6.69623e-01 1.38e-03
6.70441e-01 1.38e-03
6.71310e-01 1.38e-03
6.72179e-01 1.37e-03
6.73047e-01 1.37e-03
6.73862e-01 1.37e-03
6.74729e-01 1.36e-03
6.75594e-01 1.36e-03
6.76408e-01 1.36e-03
6.77272e-01 1.35e-03
6.78135e-01 1.35e-03
6.78947e-01 1.35e-03
6.79809e-01 1.34e-03
6.80619e-01 1.34e-03
6.81479e-01 1.34e-03
6.82339e-01 1.33e-03
6.83147e-01 1.33e-03
6.84006e-01 1.33e-03
6.84813e-01 1.32e-03
6.85669e-01 1.32e-03
6.86475e-01 1.32e-03
6.87330e-01 1.31e-03
6.88135e-01 1.31e-03
6.88989e-01 1.31e-03
6.89792e-01 1.31e-03
6.90594e-01 1.30e-03
6.91446e-01 1.30e-03
6.92247e-01 1.30e-03
6.93097e-01 1.29e-03
6.93897e-01 1.29e-03
6.94696e-01 1.29e-03
6.95544e-01 1.28e-03
6.96342e-01 1.28e-03
6.97139e-01 1.28e-03
6.97985e-01 1.27e-03
6.98781e-01 1.27e-03
6.99576e-01 1.27e-03
7.00371e-01 1.27e-03
7.01215e-01 1.26e-03
7.02008e-01 1.26e-03
7.02800e-01 1.26e-03
7.03592e-01 1.25e-03
7.04384e-01 1.25e-03
7.05224e-01 1.25e-03
7.06014e-01 1.25e-03
7.06804e-01 1.24e-03
7.07592e-01 1.24e-03
7.09168e-01 1.24e-03
7.09562e-01 1.24e-03
7.10348e-01 1.23e-03
7.11134e-01 1.22e-03
7.11527e-01 1.22e-03
7.12361e-01 1.22e-03
7.13146e-01 1.22e-03
7.13930e-01 1.21e-03
7.14713e-01 1.21e-03
7.15496e-01 1.21e-03
7.16278e-01 1.21e-03
7.17059e-01 1.21e-03
7.17791e-01 1.20e-03
7.18571e-01 1.20e-03
7.19351e-01 1.20e-03
7.20130e-01 1.20e-03
7.20908e-01 1.19e-03
7.21686e-01 1.19e-03
7.22463e-01 1.19e-03
7.23240e-01 1.19e-03
7.24016e-01 1.18e-03
7.24743e-01 1.18e-03
7.25518e-01 1.18e-03
7.26292e-01 1.17e-03
7.27065e-01 1.17e-03
7.27838e-01 1.17e-03
7.28225e-01 1.17e-03
7.28949e-01 1.17e-03
7.29720e-01 1.16e-03
7.30491e-01 1.16e-03
7.31262e-01 1.16e-03
7.31983e-01 1.15e-03
7.32752e-01 1.15e-03
7.33521e-01 1.15e-03
7.34241e-01 1.15e-03
7.35009e-01 1.14e-03
7.35776e-01 1.14e-03
7.36494e-01 1.14e-03
7.37260e-01 1.14e-03
7.38025e-01 1.14e-03
7.38360e-01 1.13e-03
7.39124e-01 1.13e-03
7.39888e-01 1.13e-03
7.40222e-01 1.12e-03
7.42080e-01 1.12e-03
7.42842e-01 1.12e-03
7.43603e-01 1.12e-03
7.44315e-01 1.12e-03
7.45075e-01 1.11e-03
7.45787e-01 1.11e-03
7.46546e-01 1.11e-03
7.47257e-01 1.10e-03
7.47635e-01 1.10e-03
7.49811e-01 1.10e-03
7.50567e-01 1.10e-03
7.51275e-01 1.09e-03
7.52359e-01 1.09e-03
7.53066e-01 1.09e-03
7.53819e-01 1.09e-03
7.54524e-01 1.08e-03
7.55277e-01 1.08e-03
7.55981e-01 1.08e-03
7.56685e-01 1.08e-03
7.57436e-01 1.07e-03
7.58139e-01 1.07e-03
7.58841e-01 1.07e-03
7.59543e-01 1.07e-03
7.60292e-01 1.07e-03
7.60993e-01 1.06e-03
7.61693e-01 1.06e-03
7.62393e-01 1.06e-03
7.63140e-01 1.06e-03
7.63839e-01 1.06e-03
7.64537e-01 1.05e-03
7.65235e-01 1.05e-03
7.65979e-01 1.05e-03
7.66676e-01 1.05e-03
7.67373e-01 1.05e-03
7.67698e-01 1.05e-03
7.68440e-01 1.04e-03
7.69136e-01 1.04e-03
7.69830e-01 1.04e-03
7.72282e-01 1.03e-03
7.72974e-01 1.03e-03
7.73667e-01 1.03e-03
7.74358e-01 1.02e-03
7.75050e-01 1.02e-03
7.75740e-01 1.02e-03
7.76431e-01 1.02e-03
7.77121e-01 1.02e-03
7.77810e-01 1.01e-03
7.78499e-01 1.01e-03
7.79187e-01 1.01e-03
7.79875e-01 1.01e-03
7.80563e-01 1.01e-03
7.81250e-01 1.00e-03
7.81936e-01 1.00e-03
7.82256e-01 1.00e-03
7.82942e-01 1.00e-03
7.83308e-01 9.99e-04
7.83628e-01 9.98e-04
7.84312e-01 9.96e-04
7.84997e-01 9.94e-04
7.85681e-01 9.92e-04
7.86364e-01 9.91e-04
7.87047e-01 9.89e-04
7.87730e-01 9.87e-04
7.88366e-01 9.86e-04
7.89048e-01 9.81e-04
7.89411e-01 9.80e-04
7.90092e-01 9.80e-04
7.90728e-01 9.78e-04
7.91408e-01 9.76e-04
7.92087e-01 9.75e-04
7.92766e-01 9.73e-04
7.93445e-01 9.71e-04
7.94078e-01 9.69e-04
7.94756e-01 9.68e-04
7.95433e-01 9.66e-04
7.96110e-01 9.64e-04
7.96741e-01 9.62e-04
7.97417e-01 9.61e-04
7.98093e-01 9.59e-04
7.98408e-01 9.58e-04
7.98768e-01 9.54e-04
7.99083e-01 9.49e-04
7.99397e-01 9.53e-04
7.99757e-01 9.54e-04
8.00386e-01 9.52e-04
8.01059e-01 9.51e-04
8.01374e-01 9.50e-04
8.01732e-01 9.51e-04
8.02046e-01 9.51e-04
8.02360e-01 9.47e-04
8.03032e-01 9.45e-04
8.03704e-01 9.44e-04
8.04331e-01 9.42e-04
8.04644e-01 9.40e-04
8.05314e-01 9.38e-04
8.05985e-01 9.37e-04
8.06610e-01 9.35e-04
8.07279e-01 9.33e-04
8.07903e-01 9.32e-04
8.08572e-01 9.30e-04
8.09240e-01 9.28e-04
8.09863e-01 9.27e-04
8.10530e-01 9.25e-04
8.11152e-01 9.23e-04
8.11819e-01 9.22e-04
8.12440e-01 9.20e-04
8.13106e-01 9.19e-04
8.13726e-01 9.17e-04
8.14391e-01 9.15e-04
8.15011e-01 9.14e-04
8.15674e-01 9.12e-04
8.16294e-01 9.11e-04
8.16603e-01 9.10e-04
8.17575e-01 9.06e-04
8.18193e-01 9.05e-04
8.18854e-01 9.04e-04
8.19163e-01 9.03e-04
8.19471e-01 8.98e-04
8.20132e-01 9.00e-04
8.20440e-01 8.99e-04
8.21364e-01 8.98e-04
8.21716e-01 8.97e-04
8.22332e-01 8.95e-04
8.22639e-01 8.94e-04
8.22947e-01 8.95e-04
8.23298e-01 8.92e-04
8.23912e-01 8.90e-04
8.24526e-01 8.89e-04
8.25184e-01 8.87e-04
8.25797e-01 8.86e-04
8.26410e-01 8.84e-04
8.27066e-01 8.83e-04
8.27372e-01 8.82e-04
8.27984e-01 8.80e-04
8.28595e-01 8.79e-04
8.28945e-01 8.77e-04
8.29556e-01 8.76e-04
8.30166e-01 8.74e-04
8.30776e-01 8.73e-04
8.31430e-01 8.72e-04
8.32039e-01 8.70e-04
8.32648e-01 8.69e-04
8.33257e-01 8.67e-04
8.33909e-01 8.66e-04
8.34517e-01 8.65e-04
8.34820e-01 8.64e-04
8.35124e-01 8.62e-04
8.36338e-01 8.59e-04
8.36641e-01 8.59e-04
8.36988e-01 8.57e-04
8.37594e-01 8.57e-04
8.37897e-01 8.53e-04
8.38199e-01 8.55e-04
8.38805e-01 8.53e-04
8.39410e-01 8.52e-04
8.40014e-01 8.51e-04
8.40618e-01 8.49e-04
8.41265e-01 8.48e-04
8.41869e-01 8.47e-04
8.42170e-01 8.46e-04
8.42472e-01 8.44e-04
8.42773e-01 8.44e-04
8.43075e-01 8.43e-04
8.43677e-01 8.42e-04
8.44279e-01 8.40e-04
8.44881e-01 8.39e-04
8.45482e-01 8.38e-04
8.46083e-01 8.36e-04
8.46683e-01 8.35e-04
8.47284e-01 8.34e-04
8.47883e-01 8.33e-04
8.48526e-01 8.31e-04
8.48825e-01 8.30e-04
8.49424e-01 8.29e-04
8.49723e-01 8.27e-04
8.50322e-01 8.26e-04
8.50920e-01 8.25e-04
8.51518e-01 8.24e-04
8.52115e-01 8.22e-04
8.52712e-01 8.21e-04
8.53308e-01 8.19e-04
8.53862e-01 8.18e-04
8.54458e-01 8.17e-04
8.55053e-01 8.15e-04
8.55649e-01 8.14e-04
8.56243e-01 8.13e-04
8.56838e-01 8.11e-04
8.57432e-01 8.10e-04
8.57729e-01 8.09e-04
8.58323e-01 8.08e-04
8.58916e-01 8.07e-04
8.59509e-01 8.05e-04
8.60101e-01 8.04e-04
8.60693e-01 8.03e-04
8.61243e-01 8.01e-04
8.61835e-01 8.00e-04
8.62426e-01 7.99e-04
8.62721e-01 7.98e-04
8.63017e-01 7.98e-04
8.63312e-01 7.96e-04
8.63902e-01 7.96e-04
8.64492e-01 7.94e-04
8.65040e-01 7.93e-04
8.65629e-01 7.92e-04
8.66218e-01 7.90e-04
8.66806e-01 7.89e-04
8.67395e-01 7.88e-04
8.67940e-01 7.87e-04
8.68528e-01 7.85e-04
8.69115e-01 7.84e-04
8.69702e-01 7.83e-04
8.70289e-01 7.82e-04
8.70833e-01 7.80e-04
8.71419e-01 7.79e-04
8.72004e-01 7.78e-04
8.72548e-01 7.77e-04
8.73133e-01 7.75e-04
8.73717e-01 7.74e-04
8.74301e-01 7.73e-04
8.74844e-01 7.72e-04
8.75427e-01 7.70e-04
8.76010e-01 7.69e-04
8.76551e-01 7.68e-04
8.77134e-01 7.67e-04
8.77716e-01 7.66e-04
8.78257e-01 7.65e-04
8.78547e-01 7.64e-04
8.79129e-01 7.62e-04
8.79710e-01 7.61e-04
8.80249e-01 7.60e-04
8.80829e-01 7.59e-04
8.81368e-01 7.57e-04
8.81948e-01 7.56e-04
8.82527e-01 7.55e-04
8.83065e-01 7.54e-04
8.83644e-01 7.53e-04
8.84181e-01 7.51e-04
8.84759e-01 7.50e-04
8.85337e-01 7.49e-04
8.85873e-01 7.48e-04
8.86450e-01 7.47e-04
8.86985e-01 7.46e-04
8.87562e-01 7.44e-04
8.88097e-01 7.43e-04
8.88673e-01 7.42e-04
8.89248e-01 7.41e-04
8.89782e-01 7.40e-04
8.90357e-01 7.39e-04
8.90891e-01 7.37e-04
8.91465e-01 7.36e-04
8.91998e-01 7.35e-04
8.92572e-01 7.34e-04
8.93104e-01 7.33e-04
8.93677e-01 7.32e-04
8.94209e-01 7.31e-04
8.94781e-01 7.29e-04
8.95312e-01 7.28e-04
8.95843e-01 7.27e-04
8.96415e-01 7.26e-04
8.96945e-01 7.25e-04
8.97516e-01 7.24e-04
8.98045e-01 7.23e-04
8.98330e-01 7.22e-04
8.98860e-01 7.21e-04
8.99429e-01 7.20e-04
8.99958e-01 7.19e-04
9.00527e-01 7.18e-04
9.01055e-01 7.17e-04
9.01583e-01 7.15e-04
9.02151e-01 7.14e-04
9.02679e-01 7.13e-04
9.03205e-01 7.12e-04
9.03773e-01 7.11e-04
9.04299e-01 7.10e-04
9.04582e-01 7.09e-04
9.05108e-01 7.08e-04
9.05675e-01 7.07e-04
9.06200e-01 7.06e-04
9.06725e-01 7.05e-04
9.07290e-01 7.04e-04
9.07815e-01 7.03e-04
9.08339e-01 7.02e-04
9.08904e-01 7.01e-04
9.09427e-01 7.00e-04
9.09951e-01 6.98e-04
9.10474e-01 6.97e-04
9.11037e-01 6.96e-04
9.11560e-01 6.95e-04
9.12082e-01 6.94e-04
9.12644e-01 6.93e-04
9.13166e-01 6.92e-04
9.13687e-01 6.91e-04
9.14209e-01 6.90e-04
9.14770e-01 6.89e-04
9.15290e-01 6.88e-04
9.15811e-01 6.87e-04
9.16331e-01 6.86e-04
9.16851e-01 6.85e-04
9.17410e-01 6.84e-04
9.17929e-01 6.83e-04
9.18448e-01 6.82e-04
9.18967e-01 6.81e-04
9.19486e-01 6.80e-04
9.20044e-01 6.79e-04
9.20562e-01 6.78e-04
9.21079e-01 6.77e-04
9.21597e-01 6.76e-04
9.22114e-01 6.75e-04
9.22631e-01 6.74e-04
9.23187e-01 6.73e-04
9.23703e-01 6.72e-04
9.24219e-01 6.71e-04
9.24735e-01 6.70e-04
9.25250e-01 6.69e-04
9.25766e-01 6.68e-04
9.26281e-01 6.67e-04
9.26835e-01 6.66e-04
9.27349e-01 6.65e-04
9.27864e-01 6.64e-04
9.28377e-01 6.63e-04
9.28891e-01 6.62e-04
9.29404e-01 6.61e-04
9.29917e-01 6.60e-04
9.30430e-01 6.59e-04
9.30943e-01 6.58e-04
9.31455e-01 6.57e-04
9.31967e-01 6.56e-04
9.32479e-01 6.55e-04
9.32991e-01 6.54e-04
9.33541e-01 6.53e-04
9.34052e-01 6.52e-04
9.34563e-01 6.51e-04
9.35073e-01 6.50e-04
9.35583e-01 6.49e-04
9.36093e-01 6.48e-04
9.36603e-01 6.48e-04
9.37112e-01 6.47e-04
9.37622e-01 6.46e-04
9.38130e-01 6.45e-04
9.38639e-01 6.44e-04
9.39148e-01 6.43e-04
9.39656e-01 6.42e-04
9.40163e-01 6.41e-04
9.40671e-01 6.40e-04
9.41139e-01 6.39e-04
9.41647e-01 6.38e-04
9.42153e-01 6.37e-04
9.42660e-01 6.36e-04
9.43166e-01 6.35e-04
9.43672e-01 6.34e-04
9.44178e-01 6.34e-04
9.44684e-01 6.33e-04
9.45189e-01 6.32e-04
9.45694e-01 6.31e-04
9.46199e-01 6.30e-04
9.46704e-01 6.29e-04
9.47208e-01 6.28e-04
9.47712e-01 6.27e-04
9.48177e-01 6.26e-04
9.48680e-01 6.25e-04
9.49184e-01 6.24e-04
9.49687e-01 6.24e-04
9.50190e-01 6.23e-04
9.50692e-01 6.22e-04
9.51194e-01 6.21e-04
9.51696e-01 6.20e-04
9.52160e-01 6.19e-04
9.52661e-01 6.18e-04
9.53163e-01 6.17e-04
9.53664e-01 6.17e-04
9.54164e-01 6.16e-04
9.54665e-01 6.15e-04
9.55127e-01 6.14e-04
9.55627e-01 6.13e-04
9.56127e-01 6.12e-04
9.56626e-01 6.11e-04
9.57126e-01 6.10e-04
9.57586e-01 6.10e-04
9.58085e-01 6.09e-04
9.58584e-01 6.08e-04
9.59082e-01 6.07e-04
9.59580e-01 6.06e-04
9.60040e-01 6.05e-04
9.60537e-01 6.05e-04
9.61035e-01 6.04e-04
9.61532e-01 6.03e-04
9.61990e-01 6.02e-04
9.62487e-01 6.01e-04
9.62983e-01 6.00e-04
9.63480e-01 6.00e-04
9.63937e-01 5.99e-04
9.64433e-01 5.98e-04
9.64929e-01 5.97e-04
9.65386e-01 5.96e-04
9.65881e-01 5.96e-04
9.66375e-01 5.95e-04
9.66870e-01 5.94e-04
9.67326e-01 5.93e-04
9.67820e-01 5.92e-04
9.68314e-01 5.92e-04
9.68769e-01 5.91e-04
9.69263e-01 5.90e-04
9.69756e-01 5.89e-04
9.70211e-01 5.88e-04
9.70703e-01 5.88e-04
9.71195e-01 5.87e-04
9.71650e-01 5.86e-04
9.72142e-01 5.85e-04
9.72633e-01 5.85e-04
9.73087e-01 5.84e-04
9.73578e-01 5.83e-04
9.74069e-01 5.82e-04
9.74522e-01 5.81e-04
9.75012e-01 5.81e-04
9.75503e-01 5.80e-04
9.75955e-01 5.79e-04
9.76445e-01 5.78e-04
9.76897e-01 5.78e-04
9.77386e-01 5.77e-04
9.77875e-01 5.76e-04
9.78326e-01 5.75e-04
9.78815e-01 5.75e-04
9.79266e-01 5.74e-04
9.79754e-01 5.73e-04
9.80242e-01 5.72e-04
9.80692e-01 5.72e-04
9.81179e-01 5.71e-04
9.81629e-01 5.70e-04
9.82116e-01 5.69e-04
9.82565e-01 5.69e-04
9.83052e-01 5.68e-04
9.83501e-01 5.67e-04
9.83987e-01 5.66e-04
9.84473e-01 5.66e-04
9.84921e-01 5.65e-04
9.85406e-01 5.64e-04
9.85854e-01 5.63e-04
9.86339e-01 5.63e-04
9.86786e-01 5.62e-04
9.87271e-01 5.61e-04
9.87718e-01 5.61e-04
9.88202e-01 5.60e-04
9.88649e-01 5.59e-04
9.89132e-01 5.58e-04
9.89578e-01 5.58e-04
9.90062e-01 5.57e-04
9.90507e-01 5.56e-04
9.90990e-01 5.55e-04
9.91435e-01 5.55e-04
9.91918e-01 5.54e-04
9.92362e-01 5.53e-04
9.92844e-01 5.53e-04
9.93289e-01 5.52e-04
9.93733e-01 5.51e-04
9.94214e-01 5.50e-04
9.94658e-01 5.50e-04
9.95139e-01 5.49e-04
9.95582e-01 5.48e-04
9.96063e-01 5.48e-04
9.96506e-01 5.47e-04
9.96986e-01 5.46e-04
9.97428e-01 5.46e-04
9.97871e-01 5.45e-04
9.98350e-01 5.44e-04
9.98792e-01 5.44e-04
9.99271e-01 5.43e-04
9.99712e-01 5.42e-04
1.00015e+00 5.41e-04
1.00063e+00 5.41e-04
1.00107e+00 5.40e-04
1.00155e+00 5.39e-04
1.00199e+00 5.39e-04
1.00243e+00 5.38e-04
1.00291e+00 5.37e-04
1.00335e+00 5.37e-04
1.00379e+00 5.36e-04
1.00426e+00 5.35e-04
1.00470e+00 5.35e-04
1.00518e+00 5.34e-04
1.00562e+00 5.33e-04
1.00606e+00 5.33e-04
1.00653e+00 5.32e-04
1.00697e+00 5.31e-04
1.00741e+00 5.31e-04
1.00788e+00 5.30e-04
1.00832e+00 5.29e-04
1.00876e+00 5.29e-04
1.00923e+00 5.28e-04
1.00967e+00 5.27e-04
1.01011e+00 5.27e-04
1.01058e+00 5.26e-04
1.01102e+00 5.25e-04
1.01146e+00 5.25e-04
1.01189e+00 5.24e-04
1.01236e+00 5.24e-04
1.01280e+00 5.23e-04
1.01324e+00 5.22e-04
1.01371e+00 5.22e-04
1.01414e+00 5.21e-04
1.01458e+00 5.20e-04
1.01501e+00 5.20e-04
1.01548e+00 5.19e-04
1.01592e+00 5.18e-04
1.01635e+00 5.18e-04
1.01679e+00 5.17e-04
1.01726e+00 5.17e-04
1.01769e+00 5.16e-04
1.01813e+00 5.15e-04
1.01856e+00 5.15e-04
1.01903e+00 5.14e-04
1.01946e+00 5.13e-04
1.01989e+00 5.13e-04
1.02033e+00 5.12e-04
1.02079e+00 5.12e-04
1.02123e+00 5.11e-04
1.02166e+00 5.10e-04
1.02209e+00 5.10e-04
1.02252e+00 5.09e-04
1.02299e+00 5.08e-04
1.02342e+00 5.08e-04
1.02385e+00 5.07e-04
1.02428e+00 5.07e-04
1.02471e+00 5.06e-04
1.02518e+00 5.05e-04
1.02561e+00 5.05e-04
1.02604e+00 5.04e-04
1.02647e+00 5.04e-04
1.02690e+00 5.03e-04
1.02737e+00 5.02e-04
1.02780e+00 5.02e-04
1.02823e+00 5.01e-04
1.02865e+00 5.01e-04
1.02908e+00 5.00e-04
1.02951e+00 4.99e-04
1.02998e+00 4.99e-04
1.03040e+00 4.98e-04
1.03083e+00 4.98e-04
1.03126e+00 4.97e-04
1.03169e+00 4.96e-04
1.03212e+00 4.96e-04
1.03254e+00 4.95e-04
1.03297e+00 4.95e-04
1.03343e+00 4.94e-04
1.03386e+00 4.93e-04
1.03429e+00 4.93e-04
1.03471e+00 4.92e-04
1.03514e+00 4.92e-04
1.03557e+00 4.91e-04
1.03599e+00 4.90e-04
1.03642e+00 4.90e-04
1.03684e+00 4.89e-04
1.03730e+00 4.89e-04
1.03773e+00 4.88e-04
1.03815e+00 4.87e-04
1.03858e+00 4.87e-04
1.03900e+00 4.86e-04
1.03943e+00 4.86e-04
1.03985e+00 4.85e-04
1.04028e+00 4.85e-04
1.04070e+00 4.84e-04
1.04112e+00 4.83e-04
1.04155e+00 4.83e-04
1.04197e+00 4.82e-04
1.04239e+00 4.82e-04
1.04282e+00 4.81e-04
1.04324e+00 4.81e-04
1.04370e+00 4.80e-04
1.04412e+00 4.79e-04
1.04454e+00 4.79e-04
1.04497e+00 4.78e-04
1.04539e+00 4.78e-04
1.04581e+00 4.77e-04
1.04623e+00 4.77e-04
1.04665e+00 4.76e-04
1.04707e+00 4.75e-04
1.04749e+00 4.75e-04
1.04792e+00 4.74e-04
1.04834e+00 4.74e-04
1.04876e+00 4.73e-04
1.04918e+00 4.73e-04
1.04960e+00 4.72e-04
1.05002e+00 4.72e-04
1.05044e+00 4.71e-04
1.05086e+00 4.71e-04
1.05128e+00 4.70e-04
1.05170e+00 4.69e-04
1.05211e+00 4.69e-04
1.05253e+00 4.68e-04
1.05295e+00 4.68e-04
1.05337e+00 4.67e-04
1.05379e+00 4.67e-04
1.05421e+00 4.66e-04
1.05463e+00 4.66e-04
1.05504e+00 4.65e-04
1.05543e+00 4.65e-04
1.05584e+00 4.64e-04
1.05626e+00 4.63e-04
1.05668e+00 4.63e-04
1.05710e+00 4.62e-04
1.05751e+00 4.62e-04
1.05793e+00 4.61e-04
1.05835e+00 4.61e-04
1.05876e+00 4.60e-04
1.05918e+00 4.60e-04
1.05959e+00 4.59e-04
1.06001e+00 4.59e-04
1.06043e+00 4.58e-04
1.06084e+00 4.58e-04
1.06126e+00 4.57e-04
1.06164e+00 4.57e-04
1.06205e+00 4.56e-04
1.06247e+00 4.56e-04
1.06288e+00 4.55e-04
1.06330e+00 4.54e-04
1.06371e+00 4.54e-04
1.06412e+00 4.53e-04
1.06454e+00 4.53e-04
1.06495e+00 4.52e-04
1.06537e+00 4.52e-04
1.06574e+00 4.51e-04
1.06616e+00 4.51e-04
1.06657e+00 4.50e-04
1.06698e+00 4.50e-04
1.06740e+00 4.49e-04
1.06781e+00 4.49e-04
1.06822e+00 4.48e-04
1.06860e+00 4.48e-04
1.06901e+00 4.47e-04
1.06942e+00 4.47e-04
1.06984e+00 4.46e-04
1.07025e+00 4.46e-04
1.07066e+00 4.45e-04
1.07107e+00 4.45e-04
1.07145e+00 4.44e-04
1.07186e+00 4.44e-04
1.07227e+00 4.43e-04
1.07268e+00 4.43e-04
1.07309e+00 4.42e-04
1.07350e+00 4.42e-04
1.07388e+00 4.41e-04
1.07429e+00 4.41e-04
1.07470e+00 4.40e-04
1.07510e+00 4.40e-04
1.07551e+00 4.40e-04
1.07592e+00 4.39e-04
1.07630e+00 4.39e-04
1.07671e+00 4.38e-04
1.07712e+00 4.38e-04
1.07752e+00 4.37e-04
1.07793e+00 4.37e-04
1.07831e+00 4.36e-04
1.07872e+00 4.36e-04
1.07912e+00 4.35e-04
1.07953e+00 4.35e-04
1.07991e+00 4.34e-04
1.08031e+00 4.34e-04
1.08072e+00 4.33e-04
1.08113e+00 4.33e-04
1.08153e+00 4.32e-04
1.08191e+00 4.32e-04
1.08231e+00 4.31e-04
1.08272e+00 4.31e-04
1.08313e+00 4.31e-04
1.08350e+00 4.30e-04
1.08390e+00 4.30e-04
1.08431e+00 4.29e-04
1.08472e+00 4.29e-04
1.08509e+00 4.28e-04
1.08549e+00 4.28e-04
1.08590e+00 4.27e-04
1.08630e+00 4.27e-04
1.08667e+00 4.26e-04
1.08708e+00 4.26e-04
1.08748e+00 4.26e-04
1.08789e+00 4.25e-04
1.08826e+00 4.25e-04
1.08866e+00 4.24e-04
1.08907e+00 4.24e-04
1.08947e+00 4.23e-04
1.08984e+00 4.23e-04
1.09024e+00 4.22e-04
1.09065e+00 4.22e-04
1.09102e+00 4.21e-04
1.09142e+00 4.21e-04
1.09182e+00 4.21e-04
1.09223e+00 4.20e-04
1.09259e+00 4.20e-04
1.09300e+00 4.19e-04
1.09340e+00 4.19e-04
1.09377e+00 4.18e-04
1.09417e+00 4.18e-04
1.09457e+00 4.18e-04
1.09494e+00 4.17e-04
1.09534e+00 4.17e-04
1.09574e+00 4.16e-04
1.09611e+00 4.16e-04
1.09651e+00 4.15e-04
1.09691e+00 4.15e-04
1.09728e+00 4.15e-04
1.09768e+00 4.14e-04
1.09808e+00 4.14e-04
1.09845e+00 4.13e-04
1.09885e+00 4.13e-04
1.09925e+00 4.12e-04
1.09961e+00 4.12e-04
1.10001e+00 4.12e-04
1.10041e+00 4.11e-04
1.10078e+00 4.11e-04
1.10118e+00 4.10e-04
1.10157e+00 4.10e-04
1.10194e+00 4.09e-04
1.10234e+00 4.09e-04
1.10274e+00 4.09e-04
1.10310e+00 4.08e-04
1.10350e+00 4.08e-04
1.10390e+00 4.07e-04
1.10426e+00 4.07e-04
1.10466e+00 4.06e-04
1.10503e+00 4.06e-04
1.10542e+00 4.06e-04
1.10582e+00 4.05e-04
1.10618e+00 4.05e-04
1.10658e+00 4.04e-04
1.10698e+00 4.04e-04
1.10734e+00 4.03e-04
1.10774e+00 4.03e-04
1.10810e+00 4.03e-04
1.10850e+00 4.02e-04
1.10889e+00 4.02e-04
1.13201e+00 3.78e-04
1.14972e+00 3.60e-04
1.16065e+00 3.50e-04
1.17801e+00 3.34e-04
1.19665e+00 3.18e-04
1.21155e+00 3.05e-04
1.22095e+00 2.97e-04
1.23442e+00 2.87e-04
1.24867e+00 2.76e-04
1.26076e+00 2.67e-04
1.27301e+00 2.59e-04
1.28843e+00 2.49e-04
1.30093e+00 2.41e-04
1.31356e+00 2.33e-04
1.32864e+00 2.24e-04
1.34007e+00 2.18e-04
1.35108e+00 2.12e-04
1.36538e+00 2.05e-04
1.37839e+00 1.99e-04
1.39374e+00 1.92e-04
1.39909e+00 1.90e-04
1.39921e+00 1.91e-04
1.41893e+00 1.84e-04
1.42405e+00 1.82e-04
1.42419e+00 1.81e-04
1.44466e+00 1.75e-04
1.46173e+00 1.70e-04
1.47812e+00 1.66e-04
1.48763e+00 1.63e-04
1.49971e+00 1.61e-04
1.51043e+00 1.59e-04
1.51702e+00 1.58e-04
1.52690e+00 1.57e-04
1.53320e+00 1.57e-04
1.54075e+00 1.57e-04
1.54626e+00 1.57e-04
1.55291e+00 1.57e-04
1.55777e+00 1.57e-04
1.56337e+00 1.58e-04
1.56720e+00 1.59e-04
1.57205e+00 1.59e-04
1.57613e+00 1.60e-04
1.57918e+00 1.61e-04
1.58250e+00 1.62e-04
1.58555e+00 1.63e-04
1.58811e+00 1.64e-04
1.59142e+00 1.65e-04
1.59449e+00 1.67e-04
1.59728e+00 1.68e-04
1.59957e+00 1.69e-04
1.60110e+00 1.70e-04
1.60290e+00 1.71e-04
1.60416e+00 1.72e-04
1.60545e+00 1.73e-04
1.60645e+00 1.73e-04
1.60724e+00 1.74e-04
1.60774e+00 1.74e-04
1.60800e+00 1.74e-04
1.60826e+00 1.74e-04
1.60850e+00 1.75e-04
1.60876e+00 1.75e-04
1.60902e+00 1.75e-04
1.60928e+00 1.75e-04
1.60952e+00 1.75e-04
1.60978e+00 1.76e-04
1.61004e+00 1.76e-04
1.61030e+00 1.76e-04
1.61054e+00 1.76e-04
1.61080e+00 1.76e-04
1.61106e+00 1.76e-04
1.61132e+00 1.77e-04
1.61156e+00 1.77e-04
1.61182e+00 1.77e-04
1.61207e+00 1.77e-04
1.61233e+00 1.77e-04
1.61259e+00 1.78e-04
1.61283e+00 1.78e-04
1.61309e+00 1.78e-04
1.61335e+00 1.78e-04
1.61361e+00 1.78e-04
1.61387e+00 1.79e-04
1.61413e+00 1.79e-04
1.61437e+00 1.79e-04
1.61462e+00 1.79e-04
1.61488e+00 1.80e-04
1.61514e+00 1.80e-04
1.61540e+00 1.80e-04
1.61566e+00 1.80e-04
1.61590e+00 1.80e-04
1.61616e+00 1.81e-04
1.61641e+00 1.81e-04
1.61667e+00 1.81e-04
1.61693e+00 1.81e-04
1.61719e+00 1.82e-04
1.61745e+00 1.82e-04
1.61768e+00 1.82e-04
1.61794e+00 1.82e-04
1.61820e+00 1.82e-04
1.61846e+00 1.83e-04
1.61871e+00 1.83e-04
1.61897e+00 1.83e-04
1.61923e+00 1.83e-04
1.61949e+00 1.84e-04
1.61974e+00 1.84e-04
1.61998e+00 1.84e-04
1.62024e+00 1.84e-04
1.62050e+00 1.85e-04
1.62075e+00 1.85e-04
1.62101e+00 1.85e-04
1.62127e+00 1.85e-04
1.62152e+00 1.86e-04
1.62178e+00 1.86e-04
1.62204e+00 1.86e-04
1.62229e+00 1.86e-04
1.62255e+00 1.87e-04
1.62281e+00 1.87e-04
1.62306e+00 1.87e-04
1.62332e+00 1.88e-04
1.62358e+00 1.88e-04
1.62383e+00 1.88e-04
1.62409e+00 1.88e-04
1.62433e+00 1.89e-04
1.62458e+00 1.89e-04
1.62484e+00 1.89e-04
1.62509e+00 1.90e-04
1.62535e+00 1.90e-04
1.62561e+00 1.90e-04
1.62586e+00 1.90e-04
1.62612e+00 1.91e-04
1.62637e+00 1.91e-04
1.62663e+00 1.91e-04
1.62688e+00 1.92e-04
1.62714e+00 1.92e-04
1.62740e+00 1.92e-04
1.62765e+00 1.92e-04
1.62793e+00 1.93e-04
1.62818e+00 1.93e-04
1.62844e+00 1.93e-04
1.62869e+00 1.94e-04
1.62895e+00 1.94e-04
1.62920e+00 1.94e-04
1.62946e+00 1.95e-04
1.62971e+00 1.95e-04
1.62997e+00 1.95e-04
1.63022e+00 1.96e-04
1.63048e+00 1.96e-04
1.63073e+00 1.96e-04
1.63098e+00 1.97e-04
1.63124e+00 1.97e-04
1.63149e+00 1.97e-04
1.63175e+00 1.98e-04
1.63202e+00 1.98e-04
1.63228e+00 1.98e-04
1.63253e+00 1.99e-04
1.63278e+00 1.99e-04
1.63304e+00 2.00e-04
1.63329e+00 2.00e-04
1.63354e+00 2.00e-04
1.63380e+00 2.01e-04
1.63405e+00 2.01e-04
1.63433e+00 2.01e-04
1.63458e+00 2.02e-04
1.63483e+00 2.02e-04
1.63509e+00 2.03e-04
1.63534e+00 2.03e-04
1.63559e+00 2.03e-04
1.63585e+00 2.04e-04
1.63612e+00 2.04e-04
1.63637e+00 2.05e-04
1.63662e+00 2.05e-04
1.63688e+00 2.05e-04
1.63713e+00 2.06e-04
1.63738e+00 2.06e-04
1.63766e+00 2.07e-04
1.63791e+00 2.07e-04
1.63816e+00 2.07e-04
1.63841e+00 2.08e-04
1.63867e+00 2.08e-04
1.63894e+00 2.09e-04
1.63919e+00 2.09e-04
1.63944e+00 2.10e-04
1.63970e+00 2.10e-04
1.63995e+00 2.10e-04
1.64022e+00 2.11e-04
1.64047e+00 2.11e-04
1.64072e+00 2.12e-04
1.64098e+00 2.12e-04
1.64125e+00 2.13e-04
1.64150e+00 2.13e-04
1.64175e+00 2.14e-04
1.64200e+00 2.14e-04
1.64227e+00 2.15e-04
1.64252e+00 2.15e-04
1.64278e+00 2.16e-04
1.64303e+00 2.16e-04
1.64330e+00 2.17e-04
1.64355e+00 2.17e-04
1.64380e+00 2.18e-04
1.64405e+00 2.18e-04
1.64432e+00 2.19e-04
1.64457e+00 2.19e-04
1.64482e+00 2.20e-04
1.64509e+00 2.20e-04
1.64535e+00 2.21e-04
1.64560e+00 2.21e-04
1.64587e+00 2.22e-04
1.64612e+00 2.22e-04
1.64637e+00 2.23e-04
1.64664e+00 2.23e-04
1.64689e+00 2.24e-04
1.64714e+00 2.24e-04
1.64741e+00 2.25e-04
1.64766e+00 2.26e-04
1.64791e+00 2.26e-04
1.64818e+00 2.27e-04
1.64843e+00 2.27e-04
1.64868e+00 2.28e-04
1.64895e+00 2.29e-04
1.64920e+00 2.29e-04
1.64947e+00 2.30e-04
1.64972e+00 2.30e-04
1.64997e+00 2.31e-04
1.65023e+00 2.32e-04
1.65048e+00 2.32e-04
1.65075e+00 2.33e-04
1.65100e+00 2.33e-04
1.65125e+00 2.34e-04
1.65152e+00 2.35e-04
1.65177e+00 2.35e-04
1.65204e+00 2.36e-04
1.65229e+00 2.37e-04
1.65254e+00 2.37e-04
1.65280e+00 2.38e-04
1.65305e+00 2.39e-04
1.65332e+00 2.39e-04
1.65357e+00 2.40e-04
1.65384e+00 2.41e-04
1.65409e+00 2.41e-04
1.65435e+00 2.42e-04
1.65460e+00 2.43e-04
1.65487e+00 2.44e-04
1.65512e+00 2.44e-04
1.65539e+00 2.45e-04
1.65563e+00 2.46e-04
1.65590e+00 2.46e-04
1.65615e+00 2.47e-04
1.65642e+00 2.48e-04
1.65666e+00 2.49e-04
1.65693e+00 2.49e-04
1.65718e+00 2.50e-04
1.65745e+00 2.51e-04
1.65769e+00 2.52e-04
1.65796e+00 2.53e-04
1.65821e+00 2.53e-04
1.65848e+00 2.54e-04
1.65872e+00 2.55e-04
1.65899e+00 2.56e-04
1.65924e+00 2.57e-04
1.65950e+00 2.58e-04
1.65975e+00 2.58e-04
1.66002e+00 2.59e-04
1.66028e+00 2.60e-04
1.66053e+00 2.61e-04
1.66080e+00 2.62e-04
1.66104e+00 2.63e-04
1.66131e+00 2.64e-04
1.66157e+00 2.65e-04
1.66182e+00 2.65e-04
1.66209e+00 2.66e-04
1.66233e+00 2.67e-04
1.66260e+00 2.68e-04
1.66286e+00 2.69e-04
1.66311e+00 2.70e-04
1.66338e+00 2.71e-04
1.66362e+00 2.72e-04
1.66389e+00 2.73e-04
1.66415e+00 2.74e-04
1.66440e+00 2.75e-04
1.66466e+00 2.76e-04
1.66493e+00 2.77e-04
1.66518e+00 2.78e-04
1.66544e+00 2.79e-04
1.66570e+00 2.80e-04
1.66595e+00 2.81e-04
1.66622e+00 2.82e-04
1.66648e+00 2.83e-04
1.66673e+00 2.85e-04
1.66699e+00 2.86e-04
1.66725e+00 2.87e-04
1.66752e+00 2.88e-04
1.66776e+00 2.89e-04
1.66803e+00 2.90e-04
1.66829e+00 2.91e-04
1.66854e+00 2.92e-04
1.66880e+00 2.94e-04
1.66906e+00 2.95e-04
1.66933e+00 2.96e-04
1.66957e+00 2.97e-04
1.66984e+00 2.99e-04
1.67010e+00 3.00e-04
1.67036e+00 3.01e-04
1.67061e+00 3.02e-04
1.67087e+00 3.04e-04
1.67113e+00 3.05e-04
1.67140e+00 3.06e-04
1.67166e+00 3.08e-04
1.67191e+00 3.09e-04
1.67217e+00 3.10e-04
1.67243e+00 3.12e-04
1.67269e+00 3.13e-04
1.67296e+00 3.14e-04
1.67320e+00 3.16e-04
1.67346e+00 3.17e-04
1.67373e+00 3.19e-04
1.67399e+00 3.20e-04
1.67425e+00 3.22e-04
1.67450e+00 3.23e-04
1.67476e+00 3.25e-04
1.67502e+00 3.26e-04
1.67528e+00 3.28e-04
1.67554e+00 3.29e-04
1.67581e+00 3.31e-04
1.67607e+00 3.32e-04
1.67633e+00 3.34e-04
1.67657e+00 3.36e-04
1.67683e+00 3.37e-04
1.67710e+00 3.39e-04
1.67736e+00 3.41e-04
1.67762e+00 3.42e-04
1.67788e+00 3.44e-04
1.67814e+00 3.46e-04
1.67840e+00 3.47e-04
1.67867e+00 3.49e-04
1.67893e+00 3.51e-04
1.67917e+00 3.53e-04
1.67943e+00 3.55e-04
1.67969e+00 3.57e-04
1.67995e+00 3.58e-04
1.68021e+00 3.60e-04
1.68047e+00 3.62e-04
1.68073e+00 3.64e-04
1.68100e+00 3.66e-04
1.68126e+00 3.68e-04
1.68152e+00 3.70e-04
1.68178e+00 3.72e-04
1.68204e+00 3.74e-04
1.68230e+00 3.76e-04
1.68256e+00 3.78e-04
1.68282e+00 3.80e-04
1.68308e+00 3.82e-04
1.68334e+00 3.85e-04
1.68360e+00 3.87e-04
1.68386e+00 3.89e-04
1.68412e+00 3.91e-04
1.68438e+00 3.94e-04
1.68464e+00 3.96e-04
1.68490e+00 3.98e-04
1.68516e+00 4.01e-04
1.68542e+00 4.03e-04
1.68570e+00 4.06e-04
1.68595e+00 4.08e-04
1.68621e+00 4.11e-04
1.68647e+00 4.13e-04
1.68673e+00 4.16e-04
1.68699e+00 4.18e-04
1.68725e+00 4.21e-04
1.68751e+00 4.24e-04
1.68777e+00 4.27e-04
1.68803e+00 4.29e-04
1.68829e+00 4.32e-04
1.68856e+00 4.35e-04
1.68882e+00 4.38e-04
1.68908e+00 4.41e-04
1.68934e+00 4.44e-04
1.68960e+00 4.47e-04
1.68986e+00 4.50e-04
1.69011e+00 4.54e-04
1.69039e+00 4.57e-04
1.69065e+00 4.60e-04
1.69091e+00 4.64e-04
1.69117e+00 4.67e-04
1.69142e+00 4.70e-04
1.69170e+00 4.74e-04
1.69196e+00 4.78e-04
1.69222e+00 4.81e-04
1.69247e+00 4.85e-04
1.69273e+00 4.89e-04
1.69301e+00 4.93e-04
1.69326e+00 4.96e-04
1.69352e+00 5.00e-04
1.69378e+00 5.04e-04
1.69405e+00 5.07e-04
1.69431e+00 5.11e-04
1.69457e+00 5.14e-04
1.69483e+00 5.18e-04
1.69510e+00 5.22e-04
1.69536e+00 5.25e-04
1.69562e+00 5.29e-04
1.69587e+00 5.33e-04
1.69615e+00 5.37e-04
1.69640e+00 5.41e-04
1.69666e+00 5.45e-04
1.69694e+00 5.49e-04
1.69719e+00 5.53e-04
1.69745e+00 5.58e-04
1.69771e+00 5.62e-04
1.69798e+00 5.67e-04
1.69824e+00 5.71e-04
1.69849e+00 5.76e-04
1.69877e+00 5.81e-04
1.69902e+00 5.86e-04
1.69930e+00 5.91e-04
1.69955e+00 5.96e-04
1.69981e+00 6.01e-04
1.70008e+00 6.07e-04
1.70034e+00 6.12e-04
1.70059e+00 6.18e-04
1.70087e+00 6.23e-04
1.70112e+00 6.29e-04
1.70140e+00 6.35e-04
1.70165e+00 6.41e-04
1.70191e+00 6.47e-04
1.70218e+00 6.53e-04
1.70244e+00 6.59e-04
1.70271e+00 6.65e-04
1.70296e+00 6.72e-04
1.70324e+00 6.78e-04
1.70349e+00 6.85e-04
1.70375e+00 6.92e-04
1.70402e+00 6.99e-04
1.70428e+00 7.06e-04
1.70455e+00 7.13e-04
1.70480e+00 7.21e-04
1.70508e+00 7.28e-04
1.70533e+00 7.36e-04
1.70560e+00 7.44e-04
1.70586e+00 7.52e-04
1.70613e+00 7.60e-04
1.70638e+00 7.68e-04
1.70666e+00 7.77e-04
1.70691e+00 7.85e-04
1.70718e+00 7.94e-04
1.70744e+00 8.03e-04
1.70771e+00 8.12e-04
1.70798e+00 8.22e-04
1.70823e+00 8.32e-04
1.70850e+00 8.42e-04
1.70876e+00 8.52e-04
1.70903e+00 8.62e-04
1.70916e+00 8.67e-04
1.70928e+00 8.73e-04
1.70955e+00 8.84e-04
1.70983e+00 8.95e-04
1.71008e+00 9.06e-04
1.71035e+00 9.18e-04
1.71060e+00 9.30e-04
1.71087e+00 9.42e-04
1.71115e+00 9.54e-04
1.71140e+00 9.67e-04
1.71167e+00 9.80e-04
1.71194e+00 9.94e-04
1.71219e+00 1.01e-03
1.71246e+00 1.02e-03
1.71273e+00 1.04e-03
1.71299e+00 1.05e-03
1.71326e+00 1.07e-03
1.71353e+00 1.08e-03
1.71378e+00 1.10e-03
1.71405e+00 1.12e-03
1.71432e+00 1.14e-03
1.71457e+00 1.15e-03
1.71484e+00 1.17e-03
1.71511e+00 1.20e-03
1.71538e+00 1.22e-03
1.71563e+00 1.24e-03
1.71590e+00 1.26e-03
1.71617e+00 1.28e-03
1.71644e+00 1.31e-03
1.71669e+00 1.33e-03
1.71696e+00 1.36e-03
1.71723e+00 1.38e-03
1.71750e+00 1.41e-03
1.71775e+00 1.43e-03
1.71802e+00 1.46e-03
1.71829e+00 1.49e-03
1.71856e+00 1.52e-03
1.71883e+00 1.55e-03
1.71908e+00 1.59e-03
1.71935e+00 1.62e-03
1.71962e+00 1.65e-03
1.71989e+00 1.69e-03
1.72016e+00 1.72e-03
1.72042e+00 1.76e-03
1.72068e+00 1.80e-03
1.72094e+00 1.85e-03
1.72121e+00 1.90e-03
1.72135e+00 1.92e-03
1.72148e+00 1.95e-03
1.72161e+00 1.98e-03
1.72175e+00 2.00e-03
1.72187e+00 2.03e-03
1.72202e+00 2.07e-03
1.72214e+00 2.10e-03
1.72228e+00 2.13e-03
1.72241e+00 2.17e-03
1.72255e+00 2.21e-03
1.72280e+00 2.28e-03
1.72307e+00 2.36e-03
1.72321e+00 2.40e-03
1.72334e+00 2.44e-03
1.72348e+00 2.48e-03
1.72361e+00 2.51e-03
1.72375e+00 2.54e-03
1.72402e+00 2.60e-03
1.72428e+00 2.66e-03
1.72455e+00 2.73e-03
1.72468e+00 2.76e-03
1.72480e+00 2.80e-03
1.72507e+00 2.87e-03
1.72533e+00 2.95e-03
1.72560e+00 3.03e-03
1.72587e+00 3.11e-03
1.72601e+00 3.15e-03
1.72614e+00 3.18e-03
1.72628e+00 3.21e-03
1.72640e+00 3.24e-03
1.72655e+00 3.26e-03
1.72667e+00 3.29e-03
1.72681e+00 3.30e-03
1.72694e+00 3.32e-03
1.72708e+00 3.33e-03
1.72735e+00 3.36e-03
1.72761e+00 3.38e-03
1.72788e+00 3.40e-03
1.72814e+00 3.42e-03
1.72841e+00 3.44e-03
1.72868e+00 3.47e-03
1.72894e+00 3.49e-03
1.72921e+00 3.52e-03
1.72948e+00 3.54e-03
1.72974e+00 3.55e-03
1.73001e+00 3.56e-03
1.73029e+00 3.57e-03
1.73056e+00 3.58e-03
1.73082e+00 3.59e-03
1.73109e+00 3.61e-03
1.73135e+00 3.63e-03
1.73162e+00 3.66e-03
1.73189e+00 3.69e-03
1.73215e+00 3.73e-03
1.73243e+00 3.78e-03
1.73270e+00 3.83e-03
1.73296e+00 3.89e-03
1.73323e+00 3.95e-03
1.73349e+00 4.01e-03
1.73376e+00 4.08e-03
1.73404e+00 4.15e-03
1.73431e+00 4.23e-03
1.73457e+00 4.31e-03
1.73484e+00 4.40e-03
1.73510e+00 4.49e-03
1.73538e+00 4.58e-03
1.73565e+00 4.68e-03
1.73591e+00 4.79e-03
1.73618e+00 4.90e-03
1.73646e+00 5.02e-03
1.73672e+00 5.15e-03
1.73699e+00 5.29e-03
1.73713e+00 5.37e-03
1.73725e+00 5.44e-03
1.73739e+00 5.52e-03
1.73753e+00 5.60e-03
1.73766e+00 5.69e-03
1.73780e+00 5.78e-03
1.73794e+00 5.87e-03
1.73806e+00 5.97e-03
1.73820e+00 6.07e-03
1.73834e+00 6.18e-03
1.73846e+00 6.29e-03
1.73860e+00 6.41e-03
1.73875e+00 6.53e-03
1.73887e+00 6.66e-03
1.73901e+00 6.80e-03
1.73915e+00 6.95e-03
1.73927e+00 7.10e-03
1.73941e+00 7.27e-03
1.73955e+00 7.44e-03
1.73968e+00 7.62e-03
1.73982e+00 7.82e-03
1.73996e+00 8.03e-03
1.74008e+00 8.26e-03
1.74022e+00 8.50e-03
1.74036e+00 8.76e-03
1.74048e+00 9.04e-03
1.74062e+00 9.34e-03
1.74076e+00 9.67e-03
1.74089e+00 1.00e-02
1.74103e+00 1.04e-02
1.74117e+00 1.08e-02
1.74131e+00 1.13e-02
1.74143e+00 1.18e-02
1.74157e+00 1.23e-02
1.74171e+00 1.29e-02
1.74183e+00 1.36e-02
1.74197e+00 1.43e-02
1.74211e+00 1.51e-02
1.74224e+00 1.60e-02
1.74238e+00 1.69e-02
1.74252e+00 1.79e-02
1.74266e+00 1.90e-02
1.74278e+00 2.02e-02
1.74292e+00 2.14e-02
1.74318e+00 2.38e-02
1.74332e+00 2.50e-02
1.74346e+00 2.61e-02
1.74360e+00 2.71e-02
1.74372e+00 2.80e-02
1.74386e+00 2.89e-02
1.74414e+00 3.07e-02
1.74427e+00 3.16e-02
1.74441e+00 3.26e-02
1.74455e+00 3.36e-02
1.74481e+00 3.58e-02
1.74495e+00 3.68e-02
1.74509e+00 3.77e-02
1.74521e+00 3.85e-02
1.74535e+00 3.90e-02
1.74549e+00 3.93e-02
1.74563e+00 3.93e-02
1.74575e+00 3.92e-02
1.74589e+00 3.89e-02
1.74603e+00 3.85e-02
1.74617e+00 3.80e-02
1.74629e+00 3.73e-02
1.74643e+00 3.66e-02
1.74657e+00 3.58e-02
1.74685e+00 3.40e-02
1.74697e+00 3.32e-02
1.74711e+00 3.26e-02
1.74725e+00 3.21e-02
1.74739e+00 3.20e-02
1.74751e+00 3.21e-02
1.74765e+00 3.26e-02
1.74779e+00 3.35e-02
1.74793e+00 3.50e-02
1.74807e+00 3.72e-02
1.74819e+00 4.04e-02
1.74833e+00 4.49e-02
1.74847e+00 5.11e-02
1.74861e+00 5.98e-02
1.74875e+00 7.16e-02
1.74887e+00 8.73e-02
1.74901e+00 1.07e-01
1.74915e+00 1.27e-01
1.74929e+00 1.43e-01
1.74943e+00 1.48e-01
1.74955e+00 1.38e-01
1.74969e+00 1.20e-01
1.74983e+00 9.90e-02
1.74996e+00 8.05e-02
1.75010e+00 6.59e-02
1.75023e+00 5.49e-02
1.75036e+00 4.68e-02
1.75050e+00 4.07e-02
1.75064e+00 3.60e-02
1.75078e+00 3.24e-02
1.75092e+00 2.95e-02
1.75104e+00 2.71e-02
1.75118e+00 2.52e-02
1.75132e+00 2.36e-02
1.75146e+00 2.21e-02
1.75160e+00 2.10e-02
1.75174e+00 2.00e-02
1.75186e+00 1.91e-02
1.75200e+00 1.84e-02
1.75213e+00 1.77e-02
1.75227e+00 1.71e-02
1.75241e+00 1.66e-02
1.75255e+00 1.61e-02
1.75267e+00 1.57e-02
1.75281e+00 1.53e-02
1.75295e+00 1.50e-02
1.75309e+00 1.47e-02
1.75323e+00 1.44e-02
1.75337e+00 1.41e-02
1.75350e+00 1.38e-02
1.75362e+00 1.36e-02
1.75376e+00 1.34e-02
1.75390e+00 1.32e-02
1.75404e+00 1.29e-02
1.75418e+00 1.27e-02
1.75446e+00 1.24e-02
1.75472e+00 1.20e-02
1.75499e+00 1.17e-02
1.75527e+00 1.13e-02
1.75554e+00 1.10e-02
1.75582e+00 1.07e-02
1.75608e+00 1.03e-02
1.75636e+00 1.00e-02
1.75663e+00 9.71e-03
1.75691e+00 9.40e-03
1.75719e+00 9.10e-03
1.75746e+00 8.80e-03
1.75772e+00 8.52e-03
1.75800e+00 8.23e-03
1.75827e+00 7.96e-03
1.75855e+00 7.69e-03
1.75882e+00 7.43e-03
1.75910e+00 7.18e-03
1.75937e+00 6.94e-03
1.75965e+00 6.71e-03
1.75991e+00 6.48e-03
1.76018e+00 6.27e-03
1.76046e+00 6.06e-03
1.76073e+00 5.86e-03
1.76101e+00 5.67e-03
1.76128e+00 5.48e-03
1.76156e+00 5.31e-03
1.76183e+00 5.14e-03
1.76211e+00 4.98e-03
1.76238e+00 4.83e-03
1.76266e+00 4.68e-03
1.76293e+00 4.54e-03
1.76321e+00 4.40e-03
1.76348e+00 4.27e-03
1.76375e+00 4.15e-03
1.76403e+00 4.03e-03
1.76430e+00 3.91e-03
1.76458e+00 3.81e-03
1.76485e+00 3.70e-03
1.76512e+00 3.60e-03
1.76540e+00 3.50e-03
1.76569e+00 3.41e-03
1.76596e+00 3.32e-03
1.76624e+00 3.24e-03
1.76651e+00 3.16e-03
1.76678e+00 3.08e-03
1.76706e+00 3.00e-03
1.76733e+00 2.93e-03
1.76760e+00 2.86e-03
1.76789e+00 2.79e-03
1.76817e+00 2.73e-03
1.76844e+00 2.66e-03
1.76871e+00 2.60e-03
1.76899e+00 2.55e-03
1.76926e+00 2.49e-03
1.76955e+00 2.44e-03
1.76982e+00 2.38e-03
1.77009e+00 2.33e-03
1.77037e+00 2.28e-03
1.77065e+00 2.24e-03
1.77093e+00 2.19e-03
1.77120e+00 2.15e-03
1.77147e+00 2.10e-03
1.77176e+00 2.06e-03
1.77203e+00 2.02e-03
1.77230e+00 1.98e-03
1.77258e+00 1.95e-03
1.77287e+00 1.91e-03
1.77314e+00 1.87e-03
1.77341e+00 1.84e-03
1.77370e+00 1.80e-03
1.77397e+00 1.77e-03
1.77424e+00 1.74e-03
1.77453e+00 1.71e-03
1.77480e+00 1.68e-03
1.77509e+00 1.65e-03
1.77536e+00 1.62e-03
1.77563e+00 1.60e-03
1.77592e+00 1.57e-03
1.77619e+00 1.54e-03
1.77648e+00 1.52e-03
1.77675e+00 1.49e-03
1.77703e+00 1.47e-03
1.77731e+00 1.45e-03
1.77758e+00 1.42e-03
1.77786e+00 1.40e-03
1.77813e+00 1.38e-03
1.77842e+00 1.36e-03
1.77869e+00 1.34e-03
1.77898e+00 1.32e-03
1.77925e+00 1.30e-03
1.77954e+00 1.28e-03
1.77980e+00 1.26e-03
1.78009e+00 1.25e-03
1.78038e+00 1.23e-03
1.78065e+00 1.21e-03
1.78093e+00 1.19e-03
1.78120e+00 1.18e-03
1.78149e+00 1.16e-03
1.78176e+00 1.15e-03
1.78205e+00 1.13e-03
1.78233e+00 1.12e-03
1.78260e+00 1.10e-03
1.78289e+00 1.09e-03
1.78317e+00 1.07e-03
1.78344e+00 1.06e-03
1.78373e+00 1.05e-03
1.78401e+00 1.04e-03
1.78428e+00 1.02e-03
1.78457e+00 1.01e-03
1.78485e+00 9.99e-04
1.78512e+00 9.87e-04
1.78541e+00 9.76e-04
1.78569e+00 9.65e-04
1.78596e+00 9.54e-04
1.78624e+00 9.44e-04
1.78653e+00 9.34e-04
1.78681e+00 9.24e-04
1.78710e+00 9.14e-04
1.78737e+00 9.04e-04
1.78765e+00 8.95e-04
1.78794e+00 8.86e-04
1.78822e+00 8.77e-04
1.78850e+00 8.69e-04
1.78877e+00 8.60e-04
1.78906e+00 8.52e-04
1.78934e+00 8.44e-04
1.78962e+00 8.37e-04
1.78991e+00 8.29e-04
1.79019e+00 8.22e-04
1.79048e+00 8.15e-04
1.79074e+00 8.08e-04
1.79103e+00 8.02e-04
1.79131e+00 7.95e-04
1.79159e+00 7.89e-04
1.79188e+00 7.83e-04
1.79216e+00 7.78e-04
1.79244e+00 7.72e-04
1.79273e+00 7.67e-04
1.79301e+00 7.62e-04
1.79329e+00 7.58e-04
1.79357e+00 7.53e-04
1.79386e+00 7.49e-04
1.79414e+00 7.45e-04
1.79442e+00 7.42e-04
1.79471e+00 7.39e-04
1.79499e+00 7.36e-04
1.79527e+00 7.33e-04
1.79555e+00 7.31e-04
1.79583e+00 7.30e-04
1.79612e+00 7.29e-04
1.79627e+00 7.28e-04
1.79670e+00 7.28e-04
1.79698e+00 7.28e-04
1.79726e+00 7.30e-04
1.79754e+00 7.32e-04
1.79782e+00 7.33e-04
1.79811e+00 7.34e-04
1.79839e+00 7.36e-04
1.79869e+00 7.39e-04
1.79897e+00 7.42e-04
1.79925e+00 7.47e-04
1.79953e+00 7.53e-04
1.79981e+00 7.59e-04
1.79996e+00 7.63e-04
1.80011e+00 7.68e-04
1.80024e+00 7.73e-04
1.80039e+00 7.78e-04
1.80054e+00 7.84e-04
1.80067e+00 7.90e-04
1.80082e+00 7.97e-04
1.80095e+00 8.05e-04
1.80110e+00 8.13e-04
1.80125e+00 8.22e-04
1.80138e+00 8.28e-04
1.80153e+00 8.28e-04
1.80181e+00 8.25e-04
1.80211e+00 8.22e-04
1.80239e+00 8.19e-04
1.80267e+00 8.16e-04
1.80296e+00 8.13e-04
1.80324e+00 8.10e-04
1.80339e+00 8.08e-04
1.80352e+00 8.08e-04
1.80367e+00 8.10e-04
1.80382e+00 8.15e-04
1.80395e+00 8.25e-04
1.80410e+00 8.44e-04
1.80425e+00 8.76e-04
1.80438e+00 9.33e-04
1.80453e+00 1.04e-03
1.80468e+00 1.25e-03
1.80482e+00 1.78e-03
1.80496e+00 3.55e-03
1.80510e+00 8.13e-03
1.80525e+00 7.12e-03
1.80538e+00 3.13e-03
1.80553e+00 1.68e-03
1.80568e+00 1.22e-03
1.80581e+00 1.03e-03
1.80596e+00 9.44e-04
1.80611e+00 8.95e-04
1.80625e+00 8.69e-04
1.80639e+00 8.55e-04
1.80653e+00 8.49e-04
1.80668e+00 8.48e-04
1.80683e+00 8.49e-04
1.80696e+00 8.53e-04
1.80726e+00 8.60e-04
1.80753e+00 8.67e-04
1.80783e+00 8.72e-04
1.80811e+00 8.76e-04
1.80840e+00 8.79e-04
1.80868e+00 8.80e-04
1.80883e+00 8.81e-04
1.80898e+00 8.78e-04
1.80912e+00 8.68e-04
1.80927e+00 8.57e-04
1.80940e+00 8.46e-04
1.80955e+00 8.36e-04
1.80984e+00 8.17e-04
1.81012e+00 8.00e-04
1.81042e+00 7.83e-04
1.81071e+00 7.67e-04
1.81099e+00 7.52e-04
1.81128e+00 7.37e-04
1.81158e+00 7.22e-04
1.81186e+00 7.08e-04
1.81215e+00 6.95e-04
1.81244e+00 6.82e-04
1.81272e+00 6.69e-04
1.81302e+00 6.54e-04
1.81331e+00 6.41e-04
1.81359e+00 6.28e-04
1.81388e+00 6.16e-04
1.81417e+00 6.04e-04
1.81447e+00 5.93e-04
1.81474e+00 5.83e-04
1.81504e+00 5.73e-04
1.81533e+00 5.64e-04
1.81562e+00 5.55e-04
1.81592e+00 5.46e-04
1.81619e+00 5.38e-04
1.81648e+00 5.30e-04
1.81678e+00 5.23e-04
1.81707e+00 5.16e-04
1.81736e+00 5.09e-04
1.81765e+00 5.03e-04
1.81795e+00 4.97e-04
1.81824e+00 4.91e-04
1.81853e+00 4.86e-04
1.81882e+00 4.81e-04
1.81910e+00 4.76e-04
1.81939e+00 4.71e-04
1.81968e+00 4.66e-04
1.81997e+00 4.62e-04
1.82027e+00 4.58e-04
1.82056e+00 4.54e-04
1.82085e+00 4.50e-04
1.82114e+00 4.46e-04
1.82143e+00 4.42e-04
1.82172e+00 4.39e-04
1.82203e+00 4.36e-04
1.82232e+00 4.33e-04
1.82261e+00 4.29e-04
1.82290e+00 4.27e-04
1.82319e+00 4.24e-04
1.82348e+00 4.21e-04
1.82377e+00 4.18e-04
1.82407e+00 4.16e-04
1.82436e+00 4.13e-04
1.82466e+00 4.11e-04
1.82495e+00 4.09e-04
1.82524e+00 4.07e-04
1.82553e+00 4.04e-04
1.82582e+00 4.02e-04
1.82613e+00 4.00e-04
1.82642e+00 3.99e-04
1.82671e+00 3.97e-04
1.82700e+00 3.95e-04
1.82730e+00 3.93e-04
1.82759e+00 3.92e-04
1.82788e+00 3.90e-04
1.82819e+00 3.89e-04
1.82848e+00 3.87e-04
1.82877e+00 3.86e-04
1.82907e+00 3.85e-04
1.82936e+00 3.83e-04
1.82965e+00 3.82e-04
1.82995e+00 3.81e-04
1.83024e+00 3.80e-04
1.83055e+00 3.79e-04
1.83084e+00 3.78e-04
1.83112e+00 3.77e-04
1.83143e+00 3.76e-04
1.83172e+00 3.75e-04
1.83202e+00 3.74e-04
1.83231e+00 3.73e-04
1.83261e+00 3.73e-04
1.83290e+00 3.72e-04
1.83321e+00 3.71e-04
1.83349e+00 3.71e-04
1.83380e+00 3.70e-04
1.83410e+00 3.70e-04
1.83602e+00 3.67e-04
1.83766e+00 3.67e-04
1.83885e+00 3.67e-04
1.83976e+00 3.68e-04
1.84004e+00 3.68e-04
1.84034e+00 3.69e-04
1.84064e+00 3.69e-04
1.84095e+00 3.70e-04
1.84125e+00 3.70e-04
1.84155e+00 3.71e-04
1.84185e+00 3.71e-04
1.84215e+00 3.72e-04
1.84244e+00 3.73e-04
1.84274e+00 3.74e-04
1.84304e+00 3.74e-04
1.84334e+00 3.75e-04
1.84364e+00 3.76e-04
1.84394e+00 3.77e-04
1.84424e+00 3.78e-04
1.84454e+00 3.79e-04
1.84484e+00 3.80e-04
1.84514e+00 3.81e-04
1.84544e+00 3.83e-04
1.84576e+00 3.84e-04
1.84606e+00 3.85e-04
1.84636e+00 3.87e-04
1.84666e+00 3.88e-04
1.84696e+00 3.90e-04
1.84726e+00 3.91e-04
1.84756e+00 3.93e-04
1.84786e+00 3.95e-04
1.84817e+00 3.97e-04
1.84847e+00 3.99e-04
1.84877e+00 4.00e-04
1.84907e+00 4.03e-04
1.84937e+00 4.05e-04
1.84968e+00 4.07e-04
1.84998e+00 4.09e-04
1.85028e+00 4.12e-04
1.85059e+00 4.14e-04
1.85089e+00 4.17e-04
1.85119e+00 4.19e-04
1.85151e+00 4.22e-04
1.85180e+00 4.25e-04
1.85210e+00 4.28e-04
1.85242e+00 4.31e-04
1.85271e+00 4.34e-04
1.85301e+00 4.37e-04
1.85332e+00 4.40e-04
1.85362e+00 4.43e-04
1.85394e+00 4.47e-04
1.85423e+00 4.50e-04
1.85455e+00 4.54e-04
1.85484e+00 4.57e-04
1.85516e+00 4.61e-04
1.85545e+00 4.65e-04
1.85577e+00 4.69e-04
1.85606e+00 4.73e-04
1.85638e+00 4.76e-04
1.85667e+00 4.80e-04
1.85699e+00 4.85e-04
1.85730e+00 4.89e-04
1.85759e+00 4.93e-04
1.85791e+00 4.97e-04
1.85822e+00 5.01e-04
1.85851e+00 5.05e-04
1.85883e+00 5.10e-04
1.85914e+00 5.14e-04
1.85943e+00 5.18e-04
1.85975e+00 5.22e-04
1.86006e+00 5.27e-04
1.86037e+00 5.31e-04
1.86066e+00 5.36e-04
1.86097e+00 5.40e-04
1.86129e+00 5.44e-04
1.86160e+00 5.49e-04
1.86191e+00 5.54e-04
1.86220e+00 5.58e-04
1.86251e+00 5.63e-04
1.86282e+00 5.68e-04
1.86313e+00 5.73e-04
1.86344e+00 5.78e-04
1.86375e+00 5.83e-04
1.86406e+00 5.88e-04
1.86437e+00 5.94e-04
1.86468e+00 5.99e-04
1.86499e+00 6.05e-04
1.86530e+00 6.11e-04
1.86561e+00 6.17e-04
1.86592e+00 6.23e-04
1.86623e+00 6.30e-04
1.86654e+00 6.37e-04
1.86685e+00 6.44e-04
1.86716e+00 6.51e-04
1.86747e+00 6.58e-04
1.86778e+00 6.66e-04
1.86809e+00 6.74e-04
1.86841e+00 6.82e-04
1.86872e+00 6.90e-04
1.86903e+00 6.99e-04
1.86934e+00 7.08e-04
1.86965e+00 7.17e-04
1.86997e+00 7.26e-04
1.87028e+00 7.35e-04
1.87059e+00 7.45e-04
1.87089e+00 7.55e-04
1.87122e+00 7.65e-04
1.87153e+00 7.75e-04
1.87183e+00 7.85e-04
1.87216e+00 7.95e-04
1.87246e+00 8.06e-04
1.87277e+00 8.16e-04
1.87309e+00 8.27e-04
1.87340e+00 8.37e-04
1.87372e+00 8.48e-04
1.87403e+00 8.59e-04
1.87435e+00 8.70e-04
1.87466e+00 8.81e-04
1.87498e+00 8.91e-04
1.87529e+00 9.02e-04
1.87561e+00 9.14e-04
1.87592e+00 9.25e-04
1.87624e+00 9.36e-04
1.87654e+00 9.47e-04
1.87687e+00 9.58e-04
1.87717e+00 9.69e-04
1.87749e+00 9.80e-04
1.87781e+00 9.92e-04
1.87812e+00 1.00e-03
1.87844e+00 1.01e-03
1.87876e+00 1.03e-03
1.87907e+00 1.04e-03
1.87939e+00 1.05e-03
1.87971e+00 1.06e-03
1.88003e+00 1.07e-03
1.88033e+00 1.08e-03
1.88066e+00 1.09e-03
1.88098e+00 1.10e-03
1.88130e+00 1.11e-03
1.88162e+00 1.12e-03
1.88194e+00 1.13e-03
1.88224e+00 1.14e-03
1.88256e+00 1.15e-03
1.88288e+00 1.16e-03
1.88320e+00 1.18e-03
1.88352e+00 1.19e-03
1.88384e+00 1.20e-03
1.88416e+00 1.21e-03
1.88448e+00 1.22e-03
1.88479e+00 1.24e-03
1.88511e+00 1.25e-03
1.88543e+00 1.27e-03
1.88575e+00 1.28e-03
1.88607e+00 1.30e-03
1.88639e+00 1.32e-03
1.88672e+00 1.34e-03
1.88704e+00 1.36e-03
1.88736e+00 1.38e-03
1.88768e+00 1.41e-03
1.88799e+00 1.43e-03
1.88831e+00 1.46e-03
1.88864e+00 1.49e-03
1.88896e+00 1.52e-03
1.88928e+00 1.55e-03
1.88961e+00 1.59e-03
1.88993e+00 1.63e-03
1.89025e+00 1.67e-03
1.89056e+00 1.71e-03
1.89090e+00 1.75e-03
1.89121e+00 1.80e-03
1.89154e+00 1.84e-03
1.89186e+00 1.89e-03
1.89218e+00 1.94e-03
1.89251e+00 2.00e-03
1.89283e+00 2.05e-03
1.89316e+00 2.10e-03
1.89347e+00 2.15e-03
1.89380e+00 2.20e-03
1.89412e+00 2.24e-03
1.89445e+00 2.29e-03
1.89478e+00 2.33e-03
1.89510e+00 2.37e-03
1.89543e+00 2.41e-03
1.89574e+00 2.44e-03
1.89607e+00 2.47e-03
1.89640e+00 2.49e-03
1.89672e+00 2.51e-03
1.89705e+00 2.53e-03
1.89738e+00 2.54e-03
1.89771e+00 2.55e-03
1.89802e+00 2.56e-03
1.89835e+00 2.56e-03
1.89868e+00 2.57e-03
1.89901e+00 2.57e-03
1.89934e+00 2.57e-03
1.89967e+00 2.58e-03
1.89999e+00 2.58e-03
1.90031e+00 2.59e-03
1.90064e+00 2.60e-03
1.90097e+00 2.62e-03
1.90130e+00 2.63e-03
1.90147e+00 2.65e-03
1.90163e+00 2.66e-03
1.90179e+00 2.67e-03
1.90196e+00 2.69e-03
1.90212e+00 2.71e-03
1.90229e+00 2.73e-03
1.90245e+00 2.75e-03
1.90261e+00 2.77e-03
1.90278e+00 2.79e-03
1.90294e+00 2.82e-03
1.90311e+00 2.85e-03
1.90327e+00 2.88e-03
1.90344e+00 2.91e-03
1.90360e+00 2.95e-03
1.90378e+00 2.99e-03
1.90394e+00 3.03e-03
1.90411e+00 3.07e-03
1.90427e+00 3.12e-03
1.90443e+00 3.17e-03
1.90460e+00 3.22e-03
1.90476e+00 3.27e-03
1.90492e+00 3.33e-03
1.90509e+00 3.39e-03
1.90525e+00 3.46e-03
1.90542e+00 3.53e-03
1.90558e+00 3.60e-03
1.90576e+00 3.67e-03
1.90592e+00 3.75e-03
1.90608e+00 3.83e-03
1.90625e+00 3.92e-03
1.90641e+00 4.00e-03
1.90658e+00 4.09e-03
1.90674e+00 4.19e-03
1.90708e+00 4.38e-03
1.90741e+00 4.57e-03
1.90773e+00 4.77e-03
1.90791e+00 4.86e-03
1.90807e+00 4.95e-03
1.90824e+00 5.04e-03
1.90840e+00 5.12e-03
1.90856e+00 5.19e-03
1.90874e+00 5.25e-03
1.90891e+00 5.30e-03
1.90907e+00 5.34e-03
1.90923e+00 5.37e-03
1.90939e+00 5.39e-03
1.90957e+00 5.39e-03
1.90974e+00 5.37e-03
1.90990e+00 5.35e-03
1.91006e+00 5.30e-03
1.91024e+00 5.25e-03
1.91040e+00 5.19e-03
1.91056e+00 5.11e-03
1.91074e+00 5.03e-03
1.91090e+00 4.94e-03
1.91107e+00 4.85e-03
1.91123e+00 4.75e-03
1.91141e+00 4.64e-03
1.91173e+00 4.43e-03
1.91207e+00 4.22e-03
1.91241e+00 4.01e-03
1.91257e+00 3.91e-03
1.91274e+00 3.81e-03
1.91291e+00 3.72e-03
1.91308e+00 3.62e-03
1.91324e+00 3.53e-03
1.91342e+00 3.45e-03
1.91358e+00 3.36e-03
1.91374e+00 3.28e-03
1.91392e+00 3.20e-03
1.91408e+00 3.13e-03
1.91424e+00 3.06e-03
1.91442e+00 2.99e-03
1.91458e+00 2.92e-03
1.91476e+00 2.86e-03
1.91492e+00 2.80e-03
1.91508e+00 2.74e-03
1.91526e+00 2.69e-03
1.91542e+00 2.64e-03
1.91560e+00 2.59e-03
1.91576e+00 2.54e-03
1.91594e+00 2.49e-03
1.91610e+00 2.45e-03
1.91628e+00 2.40e-03
1.91644e+00 2.36e-03
1.91660e+00 2.32e-03
1.91678e+00 2.29e-03
1.91694e+00 2.25e-03
1.91711e+00 2.21e-03
1.91728e+00 2.18e-03
1.91745e+00 2.15e-03
1.91761e+00 2.12e-03
1.91779e+00 2.09e-03
1.91795e+00 2.06e-03
1.91813e+00 2.03e-03
1.91829e+00 2.01e-03
1.91847e+00 1.98e-03
1.91863e+00 1.96e-03
1.91896e+00 1.92e-03
1.91932e+00 1.87e-03
1.91965e+00 1.84e-03
1.91999e+00 1.80e-03
1.92033e+00 1.77e-03
1.92067e+00 1.74e-03
1.92100e+00 1.71e-03
1.92135e+00 1.69e-03
1.92169e+00 1.67e-03
1.92203e+00 1.65e-03
1.92236e+00 1.63e-03
1.92271e+00 1.61e-03
1.92305e+00 1.59e-03
1.92339e+00 1.58e-03
1.92374e+00 1.57e-03
1.92407e+00 1.55e-03
1.92442e+00 1.54e-03
1.92476e+00 1.53e-03
1.92510e+00 1.53e-03
1.92545e+00 1.52e-03
1.92578e+00 1.51e-03
1.92613e+00 1.50e-03
1.92648e+00 1.50e-03
1.92681e+00 1.49e-03
1.92716e+00 1.49e-03
1.92750e+00 1.49e-03
1.92785e+00 1.48e-03
1.92820e+00 1.48e-03
1.92940e+00 1.48e-03
1.93026e+00 1.48e-03
1.93096e+00 1.48e-03
1.93130e+00 1.48e-03
1.93165e+00 1.49e-03
1.93200e+00 1.49e-03
1.93235e+00 1.49e-03
1.93269e+00 1.49e-03
1.93304e+00 1.50e-03
1.93339e+00 1.50e-03
1.93374e+00 1.50e-03
1.93408e+00 1.51e-03
1.93443e+00 1.51e-03
1.93478e+00 1.52e-03
1.93514e+00 1.52e-03
1.93548e+00 1.52e-03
1.93583e+00 1.53e-03
1.93618e+00 1.53e-03
1.93652e+00 1.54e-03
1.93688e+00 1.54e-03
1.93723e+00 1.55e-03
1.93758e+00 1.55e-03
1.93794e+00 1.56e-03
1.93828e+00 1.56e-03
1.93864e+00 1.57e-03
1.93899e+00 1.58e-03
1.93935e+00 1.58e-03
1.93969e+00 1.59e-03
1.94005e+00 1.59e-03
1.94039e+00 1.60e-03
1.94075e+00 1.61e-03
1.94110e+00 1.61e-03
1.94146e+00 1.62e-03
1.94182e+00 1.62e-03
1.94216e+00 1.63e-03
1.94252e+00 1.64e-03
1.94288e+00 1.64e-03
1.94322e+00 1.65e-03
1.94358e+00 1.65e-03
1.94394e+00 1.66e-03
1.94429e+00 1.67e-03
1.94465e+00 1.67e-03
1.94501e+00 1.68e-03
1.94537e+00 1.69e-03
1.94571e+00 1.69e-03
1.94607e+00 1.70e-03
1.94642e+00 1.71e-03
1.94678e+00 1.72e-03
1.94715e+00 1.72e-03
1.94751e+00 1.73e-03
1.94787e+00 1.74e-03
1.94822e+00 1.75e-03
1.94858e+00 1.75e-03
1.94893e+00 1.76e-03
1.94929e+00 1.77e-03
1.94966e+00 1.78e-03
1.95002e+00 1.79e-03
1.95037e+00 1.79e-03
1.95074e+00 1.80e-03
1.95110e+00 1.81e-03
1.95145e+00 1.82e-03
1.95182e+00 1.82e-03
1.95218e+00 1.83e-03
1.95255e+00 1.84e-03
1.95290e+00 1.85e-03
1.95327e+00 1.85e-03
1.95362e+00 1.86e-03
1.95381e+00 1.87e-03
1.95418e+00 1.87e-03
1.95453e+00 1.88e-03
1.95490e+00 1.89e-03
1.95527e+00 1.90e-03
1.95562e+00 1.90e-03
1.95599e+00 1.91e-03
1.95636e+00 1.92e-03
1.95672e+00 1.92e-03
1.95708e+00 1.93e-03
1.95744e+00 1.94e-03
1.95781e+00 1.94e-03
1.95818e+00 1.95e-03
1.95854e+00 1.95e-03
1.95873e+00 1.96e-03
1.95891e+00 1.96e-03
1.95928e+00 1.96e-03
1.95964e+00 1.97e-03
1.96001e+00 1.97e-03
1.96038e+00 1.98e-03
1.96074e+00 1.98e-03
1.96111e+00 1.98e-03
1.96129e+00 1.98e-03
1.96167e+00 1.98e-03
1.96185e+00 1.99e-03
1.96277e+00 1.99e-03
1.96388e+00 1.99e-03
1.96518e+00 1.98e-03
1.96592e+00 1.98e-03
1.96760e+00 1.99e-03
1.96947e+00 1.98e-03
1.96985e+00 1.98e-03
1.97023e+00 1.98e-03
1.97060e+00 1.98e-03
1.97098e+00 1.97e-03
1.97136e+00 1.97e-03
1.97173e+00 1.96e-03
1.97211e+00 1.96e-03
1.97248e+00 1.95e-03
1.97286e+00 1.95e-03
1.97323e+00 1.94e-03
1.97361e+00 1.94e-03
1.97400e+00 1.93e-03
1.97437e+00 1.93e-03
1.97475e+00 1.92e-03
1.97514e+00 1.92e-03
1.97551e+00 1.92e-03
1.97570e+00 1.92e-03
1.97741e+00 1.92e-03
1.97780e+00 1.92e-03
1.97799e+00 1.92e-03
1.97914e+00 1.92e-03
1.97951e+00 1.92e-03
1.97990e+00 1.91e-03
1.98028e+00 1.91e-03
1.98067e+00 1.91e-03
1.98106e+00 1.90e-03
1.98144e+00 1.90e-03
1.98181e+00 1.90e-03
1.98220e+00 1.89e-03
1.98259e+00 1.89e-03
1.98299e+00 1.88e-03
1.98318e+00 1.88e-03
1.98337e+00 1.88e-03
1.98376e+00 1.87e-03
1.98414e+00 1.87e-03
1.98453e+00 1.86e-03
1.98491e+00 1.86e-03
1.98531e+00 1.85e-03
1.98569e+00 1.85e-03
1.98608e+00 1.84e-03
1.98648e+00 1.84e-03
1.98686e+00 1.84e-03
1.98724e+00 1.83e-03
1.98764e+00 1.83e-03
1.98803e+00 1.83e-03
1.98842e+00 1.82e-03
1.98882e+00 1.82e-03
1.98920e+00 1.82e-03
1.98960e+00 1.81e-03
1.99000e+00 1.81e-03
1.99038e+00 1.81e-03
1.99077e+00 1.80e-03
1.99117e+00 1.80e-03
1.99157e+00 1.80e-03
1.99196e+00 1.79e-03
1.99236e+00 1.79e-03
1.99274e+00 1.79e-03
1.99313e+00 1.78e-03
1.99354e+00 1.78e-03
1.99394e+00 1.78e-03
1.99433e+00 1.77e-03
1.99473e+00 1.77e-03
1.99512e+00 1.77e-03
1.99552e+00 1.77e-03
1.99592e+00 1.76e-03
1.99632e+00 1.76e-03
1.99671e+00 1.76e-03
1.99712e+00 1.75e-03
1.99751e+00 1.75e-03
1.99792e+00 1.75e-03
1.99831e+00 1.75e-03
1.99872e+00 1.74e-03
1.99911e+00 1.74e-03
1.99952e+00 1.74e-03
1.99992e+00 1.74e-03
2.00032e+00 1.73e-03
2.00072e+00 1.73e-03
2.00113e+00 1.73e-03
2.00153e+00 1.73e-03
2.00194e+00 1.72e-03
2.00234e+00 1.72e-03
2.00274e+00 1.72e-03
2.00314e+00 1.72e-03
2.00356e+00 1.72e-03
2.00396e+00 1.71e-03
2.00437e+00 1.71e-03
2.00477e+00 1.71e-03
2.00518e+00 1.71e-03
2.00558e+00 1.70e-03
2.00600e+00 1.70e-03
2.00640e+00 1.70e-03
2.00680e+00 1.70e-03
2.00722e+00 1.70e-03
2.00762e+00 1.69e-03
2.00804e+00 1.69e-03
2.00844e+00 1.69e-03
2.00886e+00 1.69e-03
2.00927e+00 1.68e-03
2.00968e+00 1.68e-03
2.01009e+00 1.68e-03
2.01051e+00 1.68e-03
2.01092e+00 1.68e-03
2.01134e+00 1.67e-03
2.01174e+00 1.67e-03
2.01215e+00 1.67e-03
2.01257e+00 1.67e-03
2.01298e+00 1.67e-03
2.01341e+00 1.66e-03
2.01382e+00 1.66e-03
2.01424e+00 1.66e-03
2.01465e+00 1.66e-03
2.01506e+00 1.66e-03
2.01549e+00 1.65e-03
2.01590e+00 1.65e-03
2.01632e+00 1.65e-03
2.01674e+00 1.65e-03
2.01715e+00 1.64e-03
2.01758e+00 1.64e-03
2.01800e+00 1.64e-03
2.01842e+00 1.64e-03
2.01884e+00 1.64e-03
2.01927e+00 1.63e-03
2.01968e+00 1.63e-03
2.02010e+00 1.63e-03
2.02053e+00 1.63e-03
2.02095e+00 1.63e-03
2.02138e+00 1.63e-03
2.02180e+00 1.62e-03
2.02222e+00 1.62e-03
2.02265e+00 1.62e-03
2.02307e+00 1.62e-03
2.02351e+00 1.62e-03
2.02393e+00 1.61e-03
2.02435e+00 1.61e-03
2.02479e+00 1.61e-03
2.02521e+00 1.61e-03
2.02563e+00 1.61e-03
2.02607e+00 1.60e-03
2.02650e+00 1.60e-03
2.02692e+00 1.60e-03
2.02736e+00 1.60e-03
2.02779e+00 1.60e-03
2.02821e+00 1.59e-03
2.02865e+00 1.59e-03
2.02908e+00 1.59e-03
2.02952e+00 1.59e-03
2.02995e+00 1.59e-03
2.03038e+00 1.58e-03
2.03082e+00 1.58e-03
2.03125e+00 1.58e-03
2.03168e+00 1.58e-03
2.03213e+00 1.58e-03
2.03256e+00 1.57e-03
2.03299e+00 1.57e-03
2.03344e+00 1.57e-03
2.03387e+00 1.57e-03
2.03431e+00 1.57e-03
2.03474e+00 1.56e-03
2.03519e+00 1.56e-03
2.03562e+00 1.56e-03
2.03606e+00 1.56e-03
2.03651e+00 1.56e-03
2.03695e+00 1.55e-03
2.03739e+00 1.55e-03
2.03784e+00 1.55e-03
2.03828e+00 1.55e-03
2.03872e+00 1.55e-03
2.03917e+00 1.54e-03
2.03961e+00 1.54e-03
2.04005e+00 1.54e-03
2.04049e+00 1.54e-03
2.04095e+00 1.54e-03
2.04139e+00 1.54e-03
2.04183e+00 1.53e-03
2.04228e+00 1.53e-03
2.04274e+00 1.53e-03
2.04318e+00 1.53e-03
2.04363e+00 1.53e-03
2.04409e+00 1.52e-03
2.04453e+00 1.52e-03
2.04498e+00 1.52e-03
2.04543e+00 1.52e-03
2.04588e+00 1.52e-03
2.04634e+00 1.51e-03
2.04679e+00 1.51e-03
2.04724e+00 1.51e-03
2.04771e+00 1.51e-03
2.04816e+00 1.51e-03
2.04861e+00 1.50e-03
2.04907e+00 1.50e-03
2.04952e+00 1.50e-03
2.04997e+00 1.50e-03
2.05044e+00 1.50e-03
2.05090e+00 1.49e-03
2.05135e+00 1.49e-03
2.05181e+00 1.49e-03
2.05228e+00 1.49e-03
2.05274e+00 1.49e-03
2.05320e+00 1.48e-03
2.05366e+00 1.48e-03
2.05412e+00 1.48e-03
2.05459e+00 1.48e-03
2.05505e+00 1.48e-03
2.05551e+00 1.47e-03
2.05598e+00 1.47e-03
2.05644e+00 1.47e-03
2.05691e+00 1.47e-03
2.05737e+00 1.47e-03
2.05785e+00 1.46e-03
2.05831e+00 1.46e-03
2.05878e+00 1.46e-03
2.05925e+00 1.46e-03
2.05972e+00 1.46e-03
2.06020e+00 1.45e-03
2.06067e+00 1.45e-03
2.06114e+00 1.45e-03
2.06161e+00 1.45e-03
2.06208e+00 1.45e-03
2.06255e+00 1.44e-03
2.06303e+00 1.44e-03
2.06350e+00 1.44e-03
2.06399e+00 1.44e-03
2.06445e+00 1.44e-03
2.06494e+00 1.43e-03
2.06541e+00 1.43e-03
2.06589e+00 1.43e-03
2.06637e+00 1.43e-03
2.06685e+00 1.43e-03
2.06733e+00 1.42e-03
2.06781e+00 1.42e-03
2.06829e+00 1.42e-03
2.06877e+00 1.42e-03
2.06925e+00 1.42e-03
2.06974e+00 1.41e-03
2.07022e+00 1.41e-03
2.07070e+00 1.41e-03
2.07120e+00 1.41e-03
2.07169e+00 1.41e-03
2.07217e+00 1.41e-03
2.07266e+00 1.40e-03
2.07315e+00 1.40e-03
2.07364e+00 1.40e-03
2.07413e+00 1.40e-03
2.07462e+00 1.40e-03
2.07511e+00 1.39e-03
2.07560e+00 1.39e-03
2.07609e+00 1.39e-03
2.07659e+00 1.39e-03
2.07708e+00 1.39e-03
2.07758e+00 1.38e-03
2.07807e+00 1.38e-03
2.07857e+00 1.38e-03
2.07907e+00 1.38e-03
2.07957e+00 1.38e-03
2.08007e+00 1.37e-03
2.08057e+00 1.37e-03
2.08107e+00 1.37e-03
2.08156e+00 1.37e-03
2.08206e+00 1.37e-03
2.08256e+00 1.36e-03
2.08307e+00 1.36e-03
2.08357e+00 1.36e-03
2.08408e+00 1.36e-03
2.08459e+00 1.36e-03
2.08509e+00 1.36e-03
2.08560e+00 1.35e-03
2.08611e+00 1.35e-03
2.08662e+00 1.35e-03
2.08712e+00 1.35e-03
2.08763e+00 1.35e-03
2.08814e+00 1.34e-03
2.08866e+00 1.34e-03
2.08917e+00 1.34e-03
2.08969e+00 1.34e-03
2.09020e+00 1.34e-03
2.09072e+00 1.33e-03
2.09123e+00 1.33e-03
2.09175e+00 1.33e-03
2.09227e+00 1.33e-03
2.09279e+00 1.33e-03
2.09331e+00 1.32e-03
2.09383e+00 1.32e-03
2.09434e+00 1.32e-03
2.09487e+00 1.32e-03
2.09539e+00 1.32e-03
2.09592e+00 1.32e-03
2.09643e+00 1.31e-03
2.09696e+00 1.31e-03
2.09749e+00 1.31e-03
2.09802e+00 1.31e-03
2.09855e+00 1.31e-03
2.09907e+00 1.30e-03
2.09960e+00 1.30e-03
2.10014e+00 1.30e-03
2.10066e+00 1.30e-03
2.10120e+00 1.30e-03
2.10173e+00 1.29e-03
2.10227e+00 1.29e-03
2.10280e+00 1.29e-03
2.10334e+00 1.29e-03
2.10388e+00 1.29e-03
2.10441e+00 1.28e-03
2.10495e+00 1.28e-03
2.10549e+00 1.28e-03
2.10603e+00 1.28e-03
2.10657e+00 1.28e-03
2.10712e+00 1.27e-03
2.10766e+00 1.27e-03
2.10820e+00 1.27e-03
2.10875e+00 1.27e-03
2.10929e+00 1.27e-03
2.10985e+00 1.26e-03
2.11040e+00 1.26e-03
2.11094e+00 1.26e-03
2.11150e+00 1.26e-03
2.11204e+00 1.26e-03
2.11260e+00 1.26e-03
2.11315e+00 1.25e-03
2.11371e+00 1.25e-03
2.11427e+00 1.25e-03
2.11482e+00 1.25e-03
2.11538e+00 1.25e-03
2.11593e+00 1.24e-03
2.11650e+00 1.24e-03
2.11705e+00 1.24e-03
2.11762e+00 1.24e-03
2.11818e+00 1.24e-03
2.11875e+00 1.23e-03
2.11931e+00 1.23e-03
2.11988e+00 1.23e-03
2.12044e+00 1.23e-03
2.12100e+00 1.23e-03
2.12158e+00 1.22e-03
2.12214e+00 1.22e-03
2.12272e+00 1.22e-03
2.12329e+00 1.22e-03
2.12387e+00 1.22e-03
2.12444e+00 1.21e-03
2.12501e+00 1.21e-03
2.12559e+00 1.21e-03
2.12617e+00 1.21e-03
2.12674e+00 1.21e-03
2.12733e+00 1.20e-03
2.12791e+00 1.20e-03
2.12849e+00 1.20e-03
2.12908e+00 1.20e-03
2.12966e+00 1.20e-03
2.13024e+00 1.20e-03
2.13084e+00 1.19e-03
2.13142e+00 1.19e-03
2.13201e+00 1.19e-03
2.13260e+00 1.19e-03
2.13320e+00 1.19e-03
2.13379e+00 1.18e-03
2.13438e+00 1.18e-03
2.13497e+00 1.18e-03
2.13557e+00 1.18e-03
2.13618e+00 1.18e-03
2.13677e+00 1.17e-03
2.13737e+00 1.17e-03
2.13797e+00 1.17e-03
2.13857e+00 1.17e-03
2.13918e+00 1.17e-03
2.13978e+00 1.16e-03
2.14040e+00 1.16e-03
2.14101e+00 1.16e-03
2.14161e+00 1.16e-03
2.14222e+00 1.16e-03
2.14284e+00 1.15e-03
2.14345e+00 1.15e-03
2.14406e+00 1.15e-03
2.14468e+00 1.15e-03
2.14530e+00 1.15e-03
2.14592e+00 1.14e-03
2.14654e+00 1.14e-03
2.14716e+00 1.14e-03
2.14778e+00 1.14e-03
2.14841e+00 1.14e-03
2.14903e+00 1.14e-03
2.14966e+00 1.13e-03
2.15028e+00 1.13e-03
2.15091e+00 1.13e-03
2.15155e+00 1.13e-03
2.15218e+00 1.13e-03
2.15282e+00 1.12e-03
2.15345e+00 1.12e-03
2.15409e+00 1.12e-03
2.15472e+00 1.12e-03
2.15537e+00 1.12e-03
2.15601e+00 1.11e-03
2.15666e+00 1.11e-03
2.15729e+00 1.11e-03
2.15794e+00 1.11e-03
2.15859e+00 1.11e-03
2.15923e+00 1.10e-03
2.15989e+00 1.10e-03
2.16054e+00 1.10e-03
2.16119e+00 1.10e-03
2.16185e+00 1.10e-03
2.16251e+00 1.09e-03
2.16317e+00 1.09e-03
2.16383e+00 1.09e-03
2.16449e+00 1.09e-03
2.16516e+00 1.09e-03
2.16583e+00 1.08e-03
2.16649e+00 1.08e-03
2.16715e+00 1.08e-03
2.16783e+00 1.08e-03
2.16849e+00 1.08e-03
2.16917e+00 1.07e-03
2.16984e+00 1.07e-03
2.17053e+00 1.07e-03
2.17120e+00 1.07e-03
2.17188e+00 1.07e-03
2.17257e+00 1.06e-03
2.17325e+00 1.06e-03
2.17393e+00 1.06e-03
2.17463e+00 1.06e-03
2.17531e+00 1.06e-03
2.17600e+00 1.05e-03
2.17669e+00 1.05e-03
2.17740e+00 1.05e-03
2.17809e+00 1.05e-03
2.17879e+00 1.05e-03
2.17949e+00 1.04e-03
2.18019e+00 1.04e-03
2.18089e+00 1.04e-03
2.18160e+00 1.04e-03
2.18231e+00 1.04e-03
2.18302e+00 1.03e-03
2.18373e+00 1.03e-03
2.18444e+00 1.03e-03
2.18516e+00 1.03e-03
2.18588e+00 1.03e-03
2.18660e+00 1.02e-03
2.18732e+00 1.02e-03
2.18805e+00 1.02e-03
2.18878e+00 1.02e-03
2.18951e+00 1.02e-03
2.19023e+00 1.01e-03
2.19096e+00 1.01e-03
2.19170e+00 1.01e-03
2.19244e+00 1.01e-03
2.19317e+00 1.01e-03
2.19392e+00 1.00e-03
2.19465e+00 1.00e-03
2.19540e+00 9.99e-04
2.19615e+00 9.97e-04
2.19690e+00 9.95e-04
2.19766e+00 9.93e-04
2.19841e+00 9.91e-04
2.19917e+00 9.89e-04
2.19992e+00 9.87e-04
2.20069e+00 9.85e-04
2.20145e+00 9.83e-04
2.20221e+00 9.81e-04
2.20299e+00 9.78e-04
2.20376e+00 9.76e-04
2.20453e+00 9.74e-04
2.20530e+00 9.72e-04
2.20609e+00 9.70e-04
2.20687e+00 9.68e-04
2.20765e+00 9.66e-04
2.20843e+00 9.64e-04
2.20922e+00 9.62e-04
2.21001e+00 9.60e-04
2.21081e+00 9.58e-04
2.21160e+00 9.55e-04
2.21240e+00 9.53e-04
2.21320e+00 9.51e-04
2.21401e+00 9.49e-04
2.21481e+00 9.47e-04
2.21562e+00 9.45e-04
2.21643e+00 9.43e-04
2.21725e+00 9.41e-04
2.21806e+00 9.39e-04
2.21889e+00 9.37e-04
2.21971e+00 9.35e-04
2.22054e+00 9.33e-04
2.22136e+00 9.31e-04
2.22220e+00 9.29e-04
2.22303e+00 9.26e-04
2.22387e+00 9.24e-04
2.22471e+00 9.22e-04
2.22555e+00 9.20e-04
2.22641e+00 9.18e-04
2.22725e+00 9.16e-04
2.22811e+00 9.14e-04
2.22896e+00 9.12e-04
2.22982e+00 9.09e-04
2.23068e+00 9.07e-04
2.23155e+00 9.05e-04
2.23242e+00 9.03e-04
2.23329e+00 9.01e-04
2.23417e+00 8.99e-04
2.23504e+00 8.97e-04
2.23593e+00 8.94e-04
2.23681e+00 8.92e-04
2.23771e+00 8.90e-04
2.23859e+00 8.88e-04
2.23950e+00 8.86e-04
2.24039e+00 8.84e-04
2.24129e+00 8.81e-04
2.24220e+00 8.79e-04
2.24311e+00 8.77e-04
2.24402e+00 8.75e-04
2.24495e+00 8.73e-04
2.24587e+00 8.70e-04
2.24679e+00 8.68e-04
2.24772e+00 8.66e-04
2.24866e+00 8.64e-04
2.24960e+00 8.61e-04
2.25053e+00 8.59e-04
2.25148e+00 8.57e-04
2.25243e+00 8.55e-04
2.25338e+00 8.52e-04
2.25434e+00 8.50e-04
2.25529e+00 8.48e-04
2.25627e+00 8.46e-04
2.25723e+00 8.44e-04
2.25820e+00 8.41e-04
2.25919e+00 8.39e-04
2.26017e+00 8.37e-04
2.26116e+00 8.35e-04
2.26215e+00 8.33e-04
2.26315e+00 8.30e-04
2.26415e+00 8.28e-04
2.26515e+00 8.26e-04
2.26616e+00 8.24e-04
2.26718e+00 8.21e-04
2.26820e+00 8.19e-04
2.26922e+00 8.17e-04
2.27026e+00 8.15e-04
2.27129e+00 8.12e-04
2.27233e+00 8.10e-04
2.27337e+00 8.08e-04
2.27442e+00 8.05e-04
2.27548e+00 8.03e-04
2.27654e+00 8.01e-04
2.27761e+00 7.98e-04
2.27868e+00 7.96e-04
2.27976e+00 7.94e-04
2.28084e+00 7.91e-04
2.28193e+00 7.89e-04
2.28303e+00 7.87e-04
2.28413e+00 7.84e-04
2.28523e+00 7.82e-04
2.28634e+00 7.79e-04
2.28746e+00 7.77e-04
2.28858e+00 7.75e-04
2.28971e+00 7.72e-04
2.29085e+00 7.70e-04
2.29199e+00 7.67e-04
2.29314e+00 7.65e-04
2.29429e+00 7.63e-04
2.29546e+00 7.60e-04
2.29663e+00 7.58e-04
2.29780e+00 7.55e-04
2.29898e+00 7.52e-04
2.30017e+00 7.50e-04
2.30136e+00 7.47e-04
2.30258e+00 7.45e-04
2.30378e+00 7.43e-04
2.30498e+00 7.40e-04
2.30618e+00 7.38e-04
2.30747e+00 7.35e-04
2.30867e+00 7.33e-04
2.30996e+00 7.30e-04
2.31125e+00 7.28e-04
2.31244e+00 7.25e-04
2.31372e+00 7.23e-04
2.31501e+00 7.20e-04
2.31629e+00 7.18e-04
2.31757e+00 7.15e-04
2.31895e+00 7.13e-04
2.32023e+00 7.10e-04
2.32160e+00 7.08e-04
2.32288e+00 7.05e-04
2.32425e+00 7.03e-04
2.32562e+00 7.00e-04
2.32698e+00 6.97e-04
2.32835e+00 6.95e-04
2.32971e+00 6.92e-04
2.33108e+00 6.89e-04
2.33253e+00 6.87e-04
2.33389e+00 6.84e-04
2.33534e+00 6.81e-04
2.33679e+00 6.79e-04
2.33824e+00 6.76e-04
2.33969e+00 6.73e-04
2.34113e+00 6.70e-04
2.34267e+00 6.68e-04
2.34411e+00 6.65e-04
2.34564e+00 6.62e-04
2.34718e+00 6.60e-04
2.34871e+00 6.57e-04
2.35023e+00 6.54e-04
2.35176e+00 6.51e-04
2.35337e+00 6.49e-04
2.35499e+00 6.46e-04
2.35650e+00 6.43e-04
2.35811e+00 6.40e-04
2.35982e+00 6.37e-04
2.36142e+00 6.35e-04
2.36312e+00 6.32e-04
2.36471e+00 6.29e-04
2.36640e+00 6.26e-04
2.36819e+00 6.23e-04
2.36987e+00 6.20e-04
2.37164e+00 6.17e-04
2.37332e+00 6.14e-04
2.37518e+00 6.11e-04
2.37695e+00 6.08e-04
2.37871e+00 6.05e-04
2.38056e+00 6.02e-04
2.38241e+00 5.99e-04
2.38426e+00 5.96e-04
2.38619e+00 5.93e-04
2.38812e+00 5.90e-04
2.39005e+00 5.87e-04
2.39197e+00 5.84e-04
2.39398e+00 5.80e-04
2.39598e+00 5.77e-04
2.39799e+00 5.74e-04
2.40007e+00 5.71e-04
2.40216e+00 5.68e-04
2.40424e+00 5.65e-04
2.40640e+00 5.61e-04
2.40848e+00 5.58e-04
2.41072e+00 5.55e-04
2.41296e+00 5.51e-04
2.41520e+00 5.48e-04
2.41743e+00 5.45e-04
2.41975e+00 5.41e-04
2.42214e+00 5.38e-04
2.42454e+00 5.34e-04
2.42692e+00 5.31e-04
2.42939e+00 5.27e-04
2.43186e+00 5.23e-04
2.43440e+00 5.20e-04
2.43694e+00 5.16e-04
2.43956e+00 5.12e-04
2.44226e+00 5.09e-04
2.44495e+00 5.05e-04
2.44772e+00 5.01e-04
2.45057e+00 4.97e-04
2.45342e+00 4.94e-04
2.45634e+00 4.90e-04
2.45933e+00 4.86e-04
2.46241e+00 4.82e-04
2.46547e+00 4.78e-04
2.46861e+00 4.73e-04
2.47191e+00 4.69e-04
2.47519e+00 4.65e-04
2.47855e+00 4.60e-04
2.48207e+00 4.56e-04
2.48566e+00 4.52e-04
2.48923e+00 4.47e-04
2.49304e+00 4.43e-04
2.49684e+00 4.38e-04
2.49881e+00 4.36e-04
2.50078e+00 4.33e-04
2.50487e+00 4.28e-04
2.50911e+00 4.23e-04
2.51341e+00 4.18e-04
2.51786e+00 4.13e-04
2.52252e+00 4.08e-04
2.52733e+00 4.02e-04
2.53227e+00 3.97e-04
2.53742e+00 3.92e-04
2.54286e+00 3.86e-04
2.54843e+00 3.80e-04
2.55428e+00 3.74e-04
2.56048e+00 3.68e-04
2.56364e+00 3.64e-04
2.56695e+00 3.61e-04
2.57376e+00 3.54e-04
2.58097e+00 3.47e-04
2.58867e+00 3.40e-04
2.59682e+00 3.32e-04
2.60565e+00 3.24e-04
2.61513e+00 3.16e-04
2.62024e+00 3.12e-04
2.62554e+00 3.07e-04
2.63110e+00 3.03e-04
2.63698e+00 2.98e-04
2.64319e+00 2.93e-04
2.64971e+00 2.87e-04
2.65669e+00 2.82e-04
2.66410e+00 2.76e-04
2.67215e+00 2.70e-04
2.68082e+00 2.64e-04
2.69029e+00 2.57e-04
2.70069e+00 2.50e-04
2.71231e+00 2.42e-04
2.72543e+00 2.33e-04
2.74065e+00 2.24e-04
2.75874e+00 2.13e-04
2.78130e+00 2.00e-04
2.81151e+00 1.84e-04
2.85859e+00 1.62e-04
2.99573e+00 1.11e-04
