# OPACITY Project tables
-2.61515e+00 2.76e+00
-2.27341e+00 9.49e-01
-2.07433e+00 5.22e-01
-1.93351e+00 3.30e-01
-1.82455e+00 2.43e-01
-1.73574e+00 1.85e-01
-1.66078e+00 1.47e-01
-1.59603e+00 1.21e-01
-1.53898e+00 1.15e-01
-1.48802e+00 1.44e-01
-1.44198e+00 8.61e-02
-1.40003e+00 6.75e-02
-1.36148e+00 5.90e-02
-1.32584e+00 5.27e-02
-1.29269e+00 4.76e-02
-1.26174e+00 4.33e-02
-1.23268e+00 3.95e-02
-1.20531e+00 3.63e-02
-1.17944e+00 3.36e-02
-1.15493e+00 3.12e-02
-1.13165e+00 2.91e-02
-1.10945e+00 2.73e-02
-1.08827e+00 2.57e-02
-1.06799e+00 2.43e-02
-1.04857e+00 2.29e-02
-1.02994e+00 2.16e-02
-1.01200e+00 2.03e-02
-9.94739e-01 1.92e-02
-9.78086e-01 1.82e-02
-9.62021e-01 2.11e-02
-9.46492e-01 2.01e-02
-9.31455e-01 1.92e-02
-9.16916e-01 1.84e-02
-9.02807e-01 1.77e-02
-8.89113e-01 1.70e-02
-8.75797e-01 1.63e-02
-8.62868e-01 1.58e-02
-8.50292e-01 1.52e-02
-8.38057e-01 1.48e-02
-8.26130e-01 1.45e-02
-8.14502e-01 1.44e-02
-8.03185e-01 1.46e-02
-7.92106e-01 1.55e-02
-7.81301e-01 1.74e-02
-7.70741e-01 2.16e-02
-7.60420e-01 2.63e-02
-7.50331e-01 3.34e-02
-7.40469e-01 6.72e-02
-7.30787e-01 9.87e-02
-7.21320e-01 1.05e-01
-7.12045e-01 7.92e-02
-7.02955e-01 3.98e-02
-6.94048e-01 2.85e-02
-6.85298e-01 2.31e-02
-6.76723e-01 1.81e-02
-6.68298e-01 1.41e-02
-6.60041e-01 1.16e-02
-6.51909e-01 1.03e-02
-6.43938e-01 9.38e-03
-6.36087e-01 8.82e-03
-6.28390e-01 8.37e-03
-6.20808e-01 8.02e-03
-6.13357e-01 7.74e-03
-6.06016e-01 7.52e-03
-5.98801e-01 7.32e-03
-5.91692e-01 7.14e-03
-5.84687e-01 6.96e-03
-5.77803e-01 6.80e-03
-5.71018e-01 6.65e-03
-5.64314e-01 6.51e-03
-5.57725e-01 6.37e-03
-5.44831e-01 6.12e-03
-5.32288e-01 5.89e-03
-5.20085e-01 5.67e-03
-5.08196e-01 5.47e-03
-4.96610e-01 5.29e-03
-4.85320e-01 5.12e-03
-4.74301e-01 4.96e-03
-4.63545e-01 4.82e-03
-4.53044e-01 4.68e-03
-4.42778e-01 4.56e-03
-4.32739e-01 4.46e-03
-4.27803e-01 4.41e-03
-4.22922e-01 4.37e-03
-4.18095e-01 4.34e-03
-4.13321e-01 4.31e-03
-4.08585e-01 4.29e-03
-4.03901e-01 4.27e-03
-3.99284e-01 4.28e-03
-3.94688e-01 4.30e-03
-3.90158e-01 4.34e-03
-3.85662e-01 4.41e-03
-3.81216e-01 4.52e-03
-3.76819e-01 4.67e-03
-3.68126e-01 5.01e-03
-3.63858e-01 5.15e-03
-3.59622e-01 5.22e-03
-3.55419e-01 5.25e-03
-3.51261e-01 5.26e-03
-3.47135e-01 5.25e-03
-3.43054e-01 5.23e-03
-3.39003e-01 5.19e-03
-3.34997e-01 5.14e-03
-3.31021e-01 5.07e-03
-3.27088e-01 4.95e-03
-3.23185e-01 4.78e-03
-3.19310e-01 4.56e-03
-3.15464e-01 4.31e-03
-3.11661e-01 4.08e-03
-3.07885e-01 3.86e-03
-3.04150e-01 3.69e-03
-3.00430e-01 3.54e-03
-2.96750e-01 3.42e-03
-2.93097e-01 3.32e-03
-2.89484e-01 3.24e-03
-2.85884e-01 3.16e-03
-2.82323e-01 3.10e-03
-2.78788e-01 3.04e-03
-2.75279e-01 2.98e-03
-2.71796e-01 2.93e-03
-2.68350e-01 2.89e-03
-2.61521e-01 2.81e-03
-2.54802e-01 2.73e-03
-2.48167e-01 2.67e-03
-2.41639e-01 2.61e-03
-2.35203e-01 2.56e-03
-2.28860e-01 2.51e-03
-2.22606e-01 2.47e-03
-2.16441e-01 2.43e-03
-2.10363e-01 2.40e-03
-2.04359e-01 2.37e-03
-1.98439e-01 2.34e-03
-1.92590e-01 2.32e-03
-1.86824e-01 2.28e-03
-1.83971e-01 3.88e-03
-1.78314e-01 3.82e-03
-1.72724e-01 3.76e-03
-1.67200e-01 3.70e-03
-1.61755e-01 3.64e-03
-1.56373e-01 3.58e-03
-1.51044e-01 3.52e-03
-1.45789e-01 3.47e-03
-1.38021e-01 3.42e-03
-1.32914e-01 3.37e-03
-1.27867e-01 3.32e-03
-1.22868e-01 3.27e-03
-1.17928e-01 3.22e-03
-1.13057e-01 3.17e-03
-1.08220e-01 3.13e-03
-1.03440e-01 3.09e-03
-9.87160e-02 3.05e-03
-9.40360e-02 3.01e-03
-8.94106e-02 2.97e-03
-8.48283e-02 2.93e-03
-8.02994e-02 2.89e-03
-7.58125e-02 2.85e-03
-7.13671e-02 2.82e-03
-6.69735e-02 2.78e-03
-6.26097e-02 2.75e-03
-5.82967e-02 2.72e-03
-5.40233e-02 2.68e-03
-4.97997e-02 2.65e-03
-4.56042e-02 2.62e-03
-4.14576e-02 2.59e-03
-3.73385e-02 2.56e-03
-3.32673e-02 2.53e-03
-2.92229e-02 2.50e-03
-2.52255e-02 2.48e-03
-2.12543e-02 2.45e-03
-1.73293e-02 2.42e-03
-1.34298e-02 2.40e-03
-9.56560e-03 2.37e-03
-5.73642e-03 2.35e-03
-1.94188e-03 2.32e-03
1.79838e-03 2.30e-03
5.58438e-03 2.27e-03
9.25702e-03 2.25e-03
1.29162e-02 2.23e-03
1.65621e-02 2.21e-03
2.01947e-02 2.18e-03
2.38142e-02 2.16e-03
2.73233e-02 2.14e-03
3.08201e-02 2.12e-03
3.43048e-02 2.10e-03
3.77774e-02 2.08e-03
4.12379e-02 2.06e-03
4.46865e-02 2.04e-03
4.80280e-02 2.02e-03
5.14533e-02 2.00e-03
5.47722e-02 1.99e-03
5.80802e-02 1.97e-03
6.13773e-02 1.95e-03
6.46635e-02 1.93e-03
6.78455e-02 1.92e-03
7.11106e-02 1.90e-03
7.42722e-02 1.88e-03
7.74239e-02 1.87e-03
8.06579e-02 1.85e-03
8.37895e-02 1.84e-03
8.68197e-02 1.82e-03
8.99321e-02 1.80e-03
9.30349e-02 1.79e-03
9.60372e-02 1.78e-03
9.90305e-02 1.76e-03
1.02015e-01 1.75e-03
1.05080e-01 1.73e-03
1.07957e-01 1.72e-03
1.10915e-01 1.70e-03
1.13864e-01 1.69e-03
1.16805e-01 1.68e-03
1.19648e-01 1.67e-03
1.22483e-01 1.65e-03
1.25398e-01 1.64e-03
1.28217e-01 1.63e-03
1.31028e-01 1.62e-03
1.33831e-01 1.60e-03
1.36539e-01 1.59e-03
1.39327e-01 1.58e-03
1.42107e-01 1.57e-03
1.44793e-01 1.56e-03
1.47471e-01 1.55e-03
1.50229e-01 1.53e-03
1.52893e-01 1.52e-03
1.55550e-01 1.51e-03
1.58200e-01 1.50e-03
1.60757e-01 1.49e-03
1.63394e-01 1.48e-03
1.66023e-01 1.47e-03
1.68561e-01 1.46e-03
1.71176e-01 1.45e-03
1.73701e-01 1.44e-03
1.76220e-01 1.43e-03
1.78732e-01 1.42e-03
1.81321e-01 1.42e-03
1.83737e-01 1.41e-03
1.86231e-01 1.40e-03
1.88718e-01 1.39e-03
1.91199e-01 1.38e-03
1.93591e-01 1.37e-03
1.96060e-01 1.36e-03
1.98441e-01 1.36e-03
2.00898e-01 1.35e-03
2.03267e-01 1.34e-03
2.05631e-01 1.33e-03
2.07989e-01 1.33e-03
2.10342e-01 1.32e-03
2.12689e-01 1.31e-03
2.15031e-01 1.31e-03
2.17286e-01 1.30e-03
2.19617e-01 1.29e-03
2.21943e-01 1.29e-03
2.24183e-01 1.28e-03
2.26418e-01 1.28e-03
2.28728e-01 1.27e-03
2.30953e-01 1.27e-03
2.33173e-01 1.26e-03
2.35388e-01 1.26e-03
2.37599e-01 1.26e-03
2.45296e-01 1.25e-03
2.50681e-01 1.25e-03
2.52780e-01 1.25e-03
2.54875e-01 1.26e-03
2.57042e-01 1.26e-03
2.59128e-01 1.28e-03
2.61210e-01 1.29e-03
2.63287e-01 1.31e-03
2.65360e-01 1.33e-03
2.66433e-01 1.34e-03
2.67428e-01 1.36e-03
2.68499e-01 1.38e-03
2.69493e-01 1.40e-03
2.70561e-01 1.42e-03
2.71553e-01 1.44e-03
2.72619e-01 1.47e-03
2.73609e-01 1.49e-03
2.74597e-01 1.52e-03
2.75660e-01 1.55e-03
2.76646e-01 1.58e-03
2.77632e-01 1.62e-03
2.78692e-01 1.66e-03
2.79675e-01 1.70e-03
2.80657e-01 1.75e-03
2.81639e-01 1.80e-03
2.82695e-01 1.87e-03
2.83674e-01 1.93e-03
2.84652e-01 2.01e-03
2.85630e-01 2.10e-03
2.86606e-01 2.19e-03
2.87582e-01 2.30e-03
2.89605e-01 2.51e-03
2.90578e-01 2.63e-03
2.91550e-01 2.76e-03
2.92520e-01 2.91e-03
2.93490e-01 3.07e-03
2.94459e-01 3.25e-03
2.95427e-01 3.46e-03
2.96394e-01 3.70e-03
2.97360e-01 3.97e-03
2.98325e-01 4.27e-03
2.99289e-01 4.60e-03
3.00253e-01 4.96e-03
3.01215e-01 5.38e-03
3.02177e-01 5.86e-03
3.03137e-01 6.45e-03
3.04097e-01 7.18e-03
3.04982e-01 8.11e-03
3.05939e-01 9.16e-03
3.06896e-01 1.03e-02
3.07852e-01 1.17e-02
3.08807e-01 1.32e-02
3.09762e-01 1.51e-02
3.10641e-01 1.74e-02
3.11594e-01 2.02e-02
3.12545e-01 2.34e-02
3.13496e-01 2.72e-02
3.14373e-01 3.18e-02
3.15322e-01 3.79e-02
3.16270e-01 4.46e-02
3.17144e-01 4.63e-02
3.18090e-01 5.48e-02
3.19035e-01 6.73e-02
3.19907e-01 8.39e-02
3.20851e-01 1.04e-01
3.21794e-01 1.25e-01
3.22663e-01 1.51e-01
3.23604e-01 1.94e-01
3.24472e-01 2.44e-01
3.25411e-01 2.25e-01
3.26278e-01 1.73e-01
3.27215e-01 1.39e-01
3.28080e-01 1.17e-01
3.29016e-01 9.64e-02
3.29879e-01 7.77e-02
3.30813e-01 6.31e-02
3.31675e-01 5.23e-02
3.32608e-01 4.66e-02
3.33468e-01 4.40e-02
3.34399e-01 3.69e-02
3.35257e-01 3.14e-02
3.36115e-01 2.72e-02
3.37044e-01 2.36e-02
3.37900e-01 2.05e-02
3.38827e-01 1.78e-02
3.39681e-01 1.56e-02
3.40535e-01 1.37e-02
3.41389e-01 1.22e-02
3.42312e-01 1.09e-02
3.43164e-01 9.71e-03
3.44015e-01 8.65e-03
3.44936e-01 7.70e-03
3.45786e-01 6.93e-03
3.46635e-01 6.32e-03
3.47483e-01 5.81e-03
3.48330e-01 5.37e-03
3.49247e-01 4.99e-03
3.50093e-01 4.65e-03
3.50939e-01 4.33e-03
3.51783e-01 4.03e-03
3.52627e-01 3.77e-03
3.53470e-01 3.54e-03
3.54382e-01 3.34e-03
3.55224e-01 3.15e-03
3.56065e-01 2.98e-03
3.56905e-01 2.83e-03
3.57744e-01 2.70e-03
3.58583e-01 2.57e-03
3.59421e-01 2.46e-03
3.60259e-01 2.35e-03
3.61095e-01 2.23e-03
3.61931e-01 2.13e-03
3.62766e-01 2.03e-03
3.63601e-01 1.94e-03
3.64435e-01 1.86e-03
3.65268e-01 1.79e-03
3.66100e-01 1.72e-03
3.66932e-01 1.66e-03
3.67763e-01 1.61e-03
3.68594e-01 1.55e-03
3.69354e-01 1.51e-03
3.70183e-01 1.46e-03
3.71012e-01 1.42e-03
3.71839e-01 1.39e-03
3.72666e-01 1.35e-03
3.73493e-01 1.32e-03
3.74318e-01 1.29e-03
3.75075e-01 1.26e-03
3.75899e-01 1.23e-03
3.76723e-01 1.20e-03
3.77546e-01 1.18e-03
3.78299e-01 1.15e-03
3.79121e-01 1.13e-03
3.79942e-01 1.11e-03
3.80762e-01 1.09e-03
3.81514e-01 1.07e-03
3.82333e-01 1.06e-03
3.83969e-01 1.03e-03
3.85534e-01 1.00e-03
3.87097e-01 9.77e-04
3.88658e-01 9.57e-04
3.90284e-01 9.38e-04
3.91839e-01 9.22e-04
3.93393e-01 9.07e-04
3.94134e-01 9.01e-04
3.95684e-01 8.91e-04
3.97231e-01 8.81e-04
3.98776e-01 8.72e-04
4.00319e-01 8.64e-04
4.01859e-01 8.56e-04
4.03396e-01 8.49e-04
4.04932e-01 8.41e-04
4.06465e-01 8.35e-04
4.07929e-01 8.28e-04
4.09457e-01 8.22e-04
4.10983e-01 8.16e-04
4.12441e-01 8.10e-04
4.13962e-01 8.04e-04
4.15415e-01 7.99e-04
4.16932e-01 7.94e-04
4.18381e-01 7.89e-04
4.19828e-01 7.84e-04
4.21338e-01 7.79e-04
4.22781e-01 7.75e-04
4.24221e-01 7.71e-04
4.25725e-01 7.66e-04
4.27161e-01 7.62e-04
4.28596e-01 7.58e-04
4.30028e-01 7.54e-04
4.31458e-01 7.50e-04
4.32886e-01 7.46e-04
4.34312e-01 7.43e-04
4.35736e-01 7.39e-04
4.37158e-01 7.35e-04
4.38577e-01 7.32e-04
4.39995e-01 7.29e-04
4.41411e-01 7.25e-04
4.42761e-01 7.22e-04
4.44173e-01 7.19e-04
4.45583e-01 7.15e-04
4.46927e-01 7.12e-04
4.48333e-01 7.09e-04
4.49737e-01 7.06e-04
4.51076e-01 7.03e-04
4.52476e-01 7.00e-04
4.53811e-01 6.97e-04
4.55207e-01 6.94e-04
4.56538e-01 6.92e-04
4.57931e-01 6.89e-04
4.59259e-01 6.86e-04
4.60584e-01 6.83e-04
4.61971e-01 6.81e-04
4.63294e-01 6.78e-04
4.64614e-01 6.75e-04
4.65933e-01 6.73e-04
4.67250e-01 6.70e-04
4.68565e-01 6.68e-04
4.69941e-01 6.65e-04
4.71253e-01 6.63e-04
4.72563e-01 6.60e-04
4.73871e-01 6.58e-04
4.75178e-01 6.56e-04
4.76420e-01 6.53e-04
4.77724e-01 6.51e-04
4.79025e-01 6.49e-04
4.80325e-01 6.47e-04
4.81623e-01 6.44e-04
4.82920e-01 6.42e-04
4.84153e-01 6.40e-04
4.85446e-01 6.38e-04
4.86738e-01 6.36e-04
4.87966e-01 6.34e-04
4.89255e-01 6.32e-04
4.90480e-01 6.30e-04
4.91765e-01 6.28e-04
4.93049e-01 6.26e-04
4.94269e-01 6.24e-04
4.95489e-01 6.22e-04
4.96767e-01 6.20e-04
4.97984e-01 6.18e-04
4.99259e-01 6.16e-04
5.00472e-01 6.14e-04
5.01684e-01 6.13e-04
5.02955e-01 6.11e-04
5.04163e-01 6.09e-04
5.05371e-01 6.07e-04
5.06577e-01 6.06e-04
5.07781e-01 6.04e-04
5.09044e-01 6.02e-04
5.10245e-01 6.01e-04
5.11445e-01 5.99e-04
5.12644e-01 5.97e-04
5.13841e-01 5.96e-04
5.15037e-01 5.94e-04
5.16231e-01 5.93e-04
5.17424e-01 5.91e-04
5.18615e-01 5.90e-04
5.19746e-01 5.89e-04
5.20934e-01 5.87e-04
5.22122e-01 5.86e-04
5.23307e-01 5.85e-04
5.24492e-01 5.83e-04
5.33154e-01 5.75e-04
5.39413e-01 5.72e-04
5.45633e-01 5.70e-04
5.50085e-01 5.71e-04
5.53368e-01 5.73e-04
5.54460e-01 5.74e-04
5.55550e-01 5.75e-04
5.56640e-01 5.77e-04
5.57728e-01 5.78e-04
5.58815e-01 5.80e-04
5.59901e-01 5.82e-04
5.60986e-01 5.85e-04
5.62070e-01 5.88e-04
5.63152e-01 5.91e-04
5.64234e-01 5.95e-04
5.65314e-01 5.99e-04
5.66393e-01 6.03e-04
5.67471e-01 6.08e-04
5.68491e-01 6.14e-04
5.69566e-01 6.20e-04
5.70641e-01 6.27e-04
5.71714e-01 6.35e-04
5.72729e-01 6.44e-04
5.73800e-01 6.54e-04
5.74870e-01 6.65e-04
5.75883e-01 6.77e-04
5.76950e-01 6.90e-04
5.77961e-01 7.05e-04
5.79026e-01 7.22e-04
5.80090e-01 7.41e-04
5.81098e-01 7.62e-04
5.82160e-01 7.85e-04
5.83165e-01 8.11e-04
5.84225e-01 8.40e-04
5.85228e-01 8.73e-04
5.85729e-01 8.90e-04
5.86230e-01 9.09e-04
5.86786e-01 9.29e-04
5.87287e-01 9.49e-04
5.87787e-01 9.71e-04
5.88287e-01 9.94e-04
5.88786e-01 1.02e-03
5.89286e-01 1.04e-03
5.89840e-01 1.07e-03
5.90339e-01 1.10e-03
5.90838e-01 1.13e-03
5.91336e-01 1.16e-03
5.91834e-01 1.19e-03
5.92332e-01 1.23e-03
5.92885e-01 1.26e-03
5.93382e-01 1.30e-03
5.93879e-01 1.34e-03
5.94376e-01 1.38e-03
5.94873e-01 1.43e-03
5.95369e-01 1.48e-03
5.95865e-01 1.54e-03
5.96361e-01 1.59e-03
5.96857e-01 1.66e-03
5.97407e-01 1.72e-03
5.97902e-01 1.79e-03
5.98397e-01 1.87e-03
5.98891e-01 1.95e-03
5.99386e-01 2.04e-03
5.99880e-01 2.13e-03
6.00374e-01 2.22e-03
6.00867e-01 2.32e-03
6.01361e-01 2.42e-03
6.01854e-01 2.53e-03
6.02347e-01 2.64e-03
6.02839e-01 2.76e-03
6.03332e-01 2.89e-03
6.03824e-01 3.02e-03
6.04316e-01 3.16e-03
6.04808e-01 3.30e-03
6.05299e-01 3.45e-03
6.06281e-01 3.76e-03
6.07262e-01 4.09e-03
6.08243e-01 4.41e-03
6.09222e-01 4.74e-03
6.10200e-01 5.06e-03
6.11178e-01 5.39e-03
6.12154e-01 5.72e-03
6.13129e-01 6.05e-03
6.13617e-01 6.20e-03
6.14591e-01 6.51e-03
6.15023e-01 6.64e-03
6.15510e-01 6.77e-03
6.15996e-01 6.89e-03
6.16482e-01 7.00e-03
6.16968e-01 7.09e-03
6.17453e-01 7.17e-03
6.17939e-01 7.24e-03
6.18424e-01 7.28e-03
6.18908e-01 7.31e-03
6.19339e-01 7.33e-03
6.19824e-01 7.33e-03
6.20308e-01 7.31e-03
6.21275e-01 7.26e-03
6.22242e-01 7.19e-03
6.23154e-01 7.14e-03
6.23636e-01 7.12e-03
6.24119e-01 7.11e-03
6.24601e-01 7.11e-03
6.25082e-01 7.50e-03
6.25511e-01 7.51e-03
6.25992e-01 7.53e-03
6.26473e-01 7.56e-03
6.27435e-01 7.64e-03
6.28342e-01 7.74e-03
6.29302e-01 7.82e-03
6.29728e-01 7.85e-03
6.30207e-01 7.86e-03
6.30686e-01 7.87e-03
6.31165e-01 7.85e-03
6.31591e-01 7.82e-03
6.32069e-01 7.78e-03
6.32548e-01 7.71e-03
6.33026e-01 7.63e-03
6.33450e-01 7.54e-03
6.33928e-01 7.44e-03
6.34882e-01 7.20e-03
6.35783e-01 6.92e-03
6.36259e-01 6.77e-03
6.37159e-01 6.46e-03
6.38110e-01 6.15e-03
6.39008e-01 5.83e-03
6.39905e-01 5.52e-03
6.40853e-01 5.20e-03
6.41749e-01 4.88e-03
6.42643e-01 4.56e-03
6.43537e-01 4.25e-03
6.44009e-01 4.09e-03
6.44482e-01 3.95e-03
6.44902e-01 3.80e-03
6.45374e-01 3.67e-03
6.45846e-01 3.53e-03
6.46265e-01 3.41e-03
6.46737e-01 3.29e-03
6.47156e-01 3.17e-03
6.47627e-01 3.06e-03
6.48098e-01 2.96e-03
6.48516e-01 2.86e-03
6.48986e-01 2.76e-03
6.49404e-01 2.67e-03
6.49874e-01 2.58e-03
6.50292e-01 2.50e-03
6.50761e-01 2.42e-03
6.51231e-01 2.34e-03
6.51648e-01 2.27e-03
6.52117e-01 2.20e-03
6.52533e-01 2.14e-03
6.53002e-01 2.08e-03
6.53418e-01 2.03e-03
6.53886e-01 1.98e-03
6.54302e-01 1.93e-03
6.54770e-01 1.89e-03
6.55186e-01 1.85e-03
6.55653e-01 1.81e-03
6.56535e-01 1.74e-03
6.57416e-01 1.67e-03
6.57883e-01 1.64e-03
6.58763e-01 1.59e-03
6.59642e-01 1.53e-03
6.60469e-01 1.49e-03
6.61347e-01 1.45e-03
6.62224e-01 1.41e-03
6.63100e-01 1.37e-03
6.63976e-01 1.34e-03
6.64851e-01 1.31e-03
6.65725e-01 1.29e-03
6.66598e-01 1.27e-03
6.67470e-01 1.25e-03
6.68291e-01 1.23e-03
6.69162e-01 1.21e-03
6.70032e-01 1.20e-03
6.70902e-01 1.19e-03
6.71719e-01 1.18e-03
6.72587e-01 1.17e-03
6.73455e-01 1.16e-03
6.74321e-01 1.15e-03
6.75136e-01 1.14e-03
6.76001e-01 1.14e-03
6.76865e-01 1.13e-03
6.77678e-01 1.13e-03
6.78541e-01 1.12e-03
6.80619e-01 1.12e-03
6.83551e-01 1.12e-03
6.86072e-01 1.12e-03
6.87733e-01 1.12e-03
6.88537e-01 1.12e-03
6.89390e-01 1.12e-03
6.90193e-01 1.13e-03
6.91045e-01 1.13e-03
6.91846e-01 1.13e-03
6.92647e-01 1.14e-03
6.93497e-01 1.14e-03
6.94297e-01 1.14e-03
6.95145e-01 1.15e-03
6.95943e-01 1.15e-03
6.96741e-01 1.16e-03
6.97538e-01 1.16e-03
6.98383e-01 1.17e-03
6.99179e-01 1.18e-03
6.99974e-01 1.18e-03
7.00818e-01 1.19e-03
7.01611e-01 1.20e-03
7.02404e-01 1.20e-03
7.03197e-01 1.21e-03
7.03988e-01 1.22e-03
7.04829e-01 1.23e-03
7.05619e-01 1.24e-03
7.06409e-01 1.25e-03
7.07198e-01 1.26e-03
7.07987e-01 1.27e-03
7.08774e-01 1.28e-03
7.09562e-01 1.29e-03
7.10348e-01 1.30e-03
7.11134e-01 1.32e-03
7.11920e-01 1.33e-03
7.12754e-01 1.34e-03
7.13538e-01 1.36e-03
7.14321e-01 1.38e-03
7.15104e-01 1.39e-03
7.15887e-01 1.41e-03
7.16668e-01 1.43e-03
7.17401e-01 1.45e-03
7.18181e-01 1.47e-03
7.18961e-01 1.50e-03
7.19740e-01 1.52e-03
7.20519e-01 1.55e-03
7.21297e-01 1.58e-03
7.22075e-01 1.61e-03
7.22852e-01 1.63e-03
7.23628e-01 1.66e-03
7.24404e-01 1.70e-03
7.25130e-01 1.73e-03
7.25905e-01 1.76e-03
7.26679e-01 1.79e-03
7.27452e-01 1.81e-03
7.28225e-01 1.84e-03
7.28949e-01 1.87e-03
7.29720e-01 1.89e-03
7.30491e-01 1.91e-03
7.31262e-01 1.93e-03
7.31983e-01 1.95e-03
7.32752e-01 1.96e-03
7.33521e-01 1.98e-03
7.34241e-01 1.99e-03
7.34625e-01 2.00e-03
7.35009e-01 2.00e-03
7.35776e-01 2.01e-03
7.36494e-01 2.02e-03
7.37260e-01 2.02e-03
7.38025e-01 2.03e-03
7.38742e-01 2.03e-03
7.39506e-01 2.04e-03
7.41366e-01 2.05e-03
7.41747e-01 2.04e-03
7.43222e-01 2.04e-03
7.43935e-01 2.03e-03
7.44695e-01 2.03e-03
7.45408e-01 2.02e-03
7.46166e-01 2.01e-03
7.46878e-01 2.00e-03
7.47635e-01 1.98e-03
7.48345e-01 1.96e-03
7.49102e-01 1.94e-03
7.49811e-01 1.92e-03
7.50567e-01 1.90e-03
7.51275e-01 1.88e-03
7.51982e-01 1.86e-03
7.52736e-01 1.83e-03
7.53442e-01 1.81e-03
7.54148e-01 1.79e-03
7.54901e-01 1.77e-03
7.55605e-01 1.75e-03
7.56357e-01 1.73e-03
7.57061e-01 1.71e-03
7.57764e-01 1.70e-03
7.58467e-01 1.68e-03
7.59216e-01 1.67e-03
7.59918e-01 1.65e-03
7.60619e-01 1.64e-03
7.61366e-01 1.63e-03
7.62067e-01 1.62e-03
7.62767e-01 1.61e-03
7.63466e-01 1.60e-03
7.64211e-01 1.60e-03
7.64910e-01 1.59e-03
7.65607e-01 1.58e-03
7.66305e-01 1.58e-03
7.67002e-01 1.57e-03
7.67698e-01 1.57e-03
7.68440e-01 1.56e-03
7.69136e-01 1.56e-03
7.69830e-01 1.55e-03
7.70525e-01 1.55e-03
7.74358e-01 1.53e-03
7.78177e-01 1.52e-03
7.83308e-01 1.52e-03
7.91408e-01 1.51e-03
7.96110e-01 1.51e-03
7.99397e-01 1.50e-03
8.02046e-01 1.49e-03
8.04644e-01 1.48e-03
8.07279e-01 1.47e-03
8.12440e-01 1.44e-03
8.12751e-01 1.46e-03
8.13416e-01 1.46e-03
8.14036e-01 1.46e-03
8.14701e-01 1.45e-03
8.15321e-01 1.45e-03
8.15984e-01 1.45e-03
8.16603e-01 1.44e-03
8.17266e-01 1.44e-03
8.17884e-01 1.44e-03
8.18546e-01 1.43e-03
8.19163e-01 1.43e-03
8.19824e-01 1.43e-03
8.20440e-01 1.43e-03
8.21057e-01 1.42e-03
8.21716e-01 1.42e-03
8.22332e-01 1.42e-03
8.22947e-01 1.41e-03
8.23605e-01 1.41e-03
8.24219e-01 1.41e-03
8.35124e-01 1.36e-03
8.47584e-01 1.31e-03
8.62721e-01 1.26e-03
8.79129e-01 1.20e-03
8.96129e-01 1.15e-03
9.12644e-01 1.09e-03
9.30194e-01 1.04e-03
9.47712e-01 9.94e-04
9.65652e-01 9.46e-04
9.83501e-01 9.01e-04
1.00177e+00 8.57e-04
1.01989e+00 8.15e-04
1.03794e+00 7.76e-04
1.05626e+00 7.38e-04
1.07449e+00 7.02e-04
1.09300e+00 6.67e-04
1.11136e+00 6.35e-04
1.13034e+00 6.02e-04
1.14918e+00 5.72e-04
1.16789e+00 5.44e-04
1.18678e+00 5.16e-04
1.20555e+00 4.90e-04
1.22454e+00 4.66e-04
1.24372e+00 4.42e-04
1.26249e+00 4.20e-04
1.28207e+00 3.98e-04
1.30153e+00 3.77e-04
1.32120e+00 3.58e-04
1.34106e+00 3.39e-04
1.36113e+00 3.21e-04
1.38143e+00 3.04e-04
1.40168e+00 2.87e-04
1.42217e+00 2.72e-04
1.44293e+00 2.57e-04
1.46395e+00 2.43e-04
1.48503e+00 2.29e-04
1.50643e+00 2.17e-04
1.52716e+00 2.05e-04
1.54882e+00 1.94e-04
1.57039e+00 1.83e-04
1.59193e+00 1.73e-04
1.61323e+00 1.64e-04
1.63405e+00 1.56e-04
1.65319e+00 1.49e-04
1.67217e+00 1.43e-04
1.68999e+00 1.38e-04
1.70638e+00 1.33e-04
1.72135e+00 1.30e-04
1.73484e+00 1.27e-04
1.74711e+00 1.26e-04
1.75841e+00 1.25e-04
1.76844e+00 1.24e-04
1.77744e+00 1.24e-04
1.78554e+00 1.25e-04
1.79259e+00 1.25e-04
1.79910e+00 1.27e-04
1.80453e+00 1.28e-04
1.80970e+00 1.30e-04
1.81432e+00 1.31e-04
1.81839e+00 1.33e-04
1.82218e+00 1.35e-04
1.82539e+00 1.37e-04
1.82833e+00 1.39e-04
1.83098e+00 1.40e-04
1.83335e+00 1.42e-04
1.83543e+00 1.44e-04
1.83721e+00 1.45e-04
1.83871e+00 1.47e-04
1.83990e+00 1.48e-04
1.84080e+00 1.49e-04
1.84139e+00 1.49e-04
1.84169e+00 1.50e-04
1.84199e+00 1.50e-04
1.84229e+00 1.50e-04
1.84260e+00 1.50e-04
1.84290e+00 1.51e-04
1.84320e+00 1.51e-04
1.84350e+00 1.51e-04
1.84380e+00 1.52e-04
1.84410e+00 1.52e-04
1.84440e+00 1.52e-04
1.84470e+00 1.53e-04
1.84500e+00 1.53e-04
1.84530e+00 1.53e-04
1.84560e+00 1.54e-04
1.84590e+00 1.54e-04
1.84620e+00 1.54e-04
1.84650e+00 1.55e-04
1.84680e+00 1.55e-04
1.84712e+00 1.55e-04
1.84741e+00 1.56e-04
1.84771e+00 1.56e-04
1.84801e+00 1.57e-04
1.84831e+00 1.57e-04
1.84861e+00 1.57e-04
1.84893e+00 1.58e-04
1.84923e+00 1.58e-04
1.84953e+00 1.58e-04
1.84982e+00 1.59e-04
1.85014e+00 1.59e-04
1.85044e+00 1.60e-04
1.85074e+00 1.60e-04
1.85105e+00 1.60e-04
1.85135e+00 1.61e-04
1.85165e+00 1.61e-04
1.85196e+00 1.62e-04
1.85226e+00 1.62e-04
1.85256e+00 1.62e-04
1.85287e+00 1.63e-04
1.85317e+00 1.63e-04
1.85348e+00 1.64e-04
1.85378e+00 1.64e-04
1.85408e+00 1.65e-04
1.85439e+00 1.65e-04
1.85469e+00 1.66e-04
1.85500e+00 1.66e-04
1.85530e+00 1.67e-04
1.85561e+00 1.67e-04
1.85592e+00 1.67e-04
1.85622e+00 1.68e-04
1.85653e+00 1.68e-04
1.85683e+00 1.69e-04
1.85714e+00 1.69e-04
1.85744e+00 1.70e-04
1.85775e+00 1.70e-04
1.85806e+00 1.71e-04
1.85836e+00 1.71e-04
1.85867e+00 1.72e-04
1.85898e+00 1.73e-04
1.85928e+00 1.73e-04
1.85959e+00 1.74e-04
1.85990e+00 1.74e-04
1.86021e+00 1.75e-04
1.86051e+00 1.75e-04
1.86082e+00 1.76e-04
1.86113e+00 1.76e-04
1.86144e+00 1.77e-04
1.86175e+00 1.77e-04
1.86205e+00 1.78e-04
1.86236e+00 1.79e-04
1.86267e+00 1.79e-04
1.86298e+00 1.80e-04
1.86329e+00 1.80e-04
1.86360e+00 1.81e-04
1.86391e+00 1.82e-04
1.86422e+00 1.82e-04
1.86453e+00 1.83e-04
1.86484e+00 1.84e-04
1.86515e+00 1.84e-04
1.86546e+00 1.85e-04
1.86577e+00 1.86e-04
1.86608e+00 1.86e-04
1.86639e+00 1.87e-04
1.86670e+00 1.88e-04
1.86701e+00 1.88e-04
1.86732e+00 1.89e-04
1.86762e+00 1.90e-04
1.86793e+00 1.90e-04
1.86824e+00 1.91e-04
1.86857e+00 1.92e-04
1.86887e+00 1.93e-04
1.86918e+00 1.93e-04
1.86949e+00 1.94e-04
1.86980e+00 1.95e-04
1.87012e+00 1.96e-04
1.87043e+00 1.96e-04
1.87074e+00 1.97e-04
1.87106e+00 1.98e-04
1.87137e+00 1.99e-04
1.87168e+00 1.99e-04
1.87199e+00 2.00e-04
1.87231e+00 2.01e-04
1.87262e+00 2.02e-04
1.87294e+00 2.03e-04
1.87325e+00 2.04e-04
1.87355e+00 2.04e-04
1.87388e+00 2.05e-04
1.87418e+00 2.06e-04
1.87451e+00 2.07e-04
1.87481e+00 2.08e-04
1.87514e+00 2.09e-04
1.87544e+00 2.10e-04
1.87576e+00 2.11e-04
1.87607e+00 2.12e-04
1.87639e+00 2.13e-04
1.87671e+00 2.14e-04
1.87702e+00 2.15e-04
1.87734e+00 2.16e-04
1.87765e+00 2.17e-04
1.87797e+00 2.18e-04
1.87829e+00 2.19e-04
1.87859e+00 2.20e-04
1.87892e+00 2.21e-04
1.87924e+00 2.22e-04
1.87956e+00 2.23e-04
1.87986e+00 2.24e-04
1.88018e+00 2.25e-04
1.88050e+00 2.26e-04
1.88082e+00 2.27e-04
1.88113e+00 2.28e-04
1.88145e+00 2.29e-04
1.88177e+00 2.30e-04
1.88209e+00 2.32e-04
1.88241e+00 2.33e-04
1.88273e+00 2.34e-04
1.88305e+00 2.35e-04
1.88337e+00 2.36e-04
1.88369e+00 2.38e-04
1.88400e+00 2.39e-04
1.88432e+00 2.40e-04
1.88464e+00 2.41e-04
1.88496e+00 2.43e-04
1.88528e+00 2.44e-04
1.88560e+00 2.45e-04
1.88592e+00 2.47e-04
1.88624e+00 2.48e-04
1.88655e+00 2.49e-04
1.88687e+00 2.51e-04
1.88719e+00 2.52e-04
1.88751e+00 2.53e-04
1.88784e+00 2.55e-04
1.88816e+00 2.56e-04
1.88848e+00 2.58e-04
1.88880e+00 2.59e-04
1.88913e+00 2.61e-04
1.88945e+00 2.62e-04
1.88976e+00 2.64e-04
1.89008e+00 2.65e-04
1.89041e+00 2.67e-04
1.89073e+00 2.68e-04
1.89106e+00 2.70e-04
1.89138e+00 2.72e-04
1.89170e+00 2.73e-04
1.89203e+00 2.75e-04
1.89234e+00 2.76e-04
1.89268e+00 2.78e-04
1.89299e+00 2.80e-04
1.89332e+00 2.82e-04
1.89364e+00 2.83e-04
1.89397e+00 2.85e-04
1.89429e+00 2.87e-04
1.89462e+00 2.89e-04
1.89493e+00 2.91e-04
1.89526e+00 2.92e-04
1.89559e+00 2.94e-04
1.89591e+00 2.96e-04
1.89624e+00 2.98e-04
1.89657e+00 3.00e-04
1.89688e+00 3.02e-04
1.89721e+00 3.04e-04
1.89754e+00 3.06e-04
1.89787e+00 3.08e-04
1.89819e+00 3.10e-04
1.89852e+00 3.12e-04
1.89885e+00 3.14e-04
1.89918e+00 3.17e-04
1.89951e+00 3.19e-04
1.89982e+00 3.21e-04
1.90015e+00 3.23e-04
1.90048e+00 3.26e-04
1.90081e+00 3.28e-04
1.90114e+00 3.30e-04
1.90147e+00 3.33e-04
1.90179e+00 3.35e-04
1.90212e+00 3.37e-04
1.90245e+00 3.40e-04
1.90278e+00 3.42e-04
1.90311e+00 3.45e-04
1.90344e+00 3.47e-04
1.90378e+00 3.50e-04
1.90411e+00 3.53e-04
1.90443e+00 3.55e-04
1.90476e+00 3.58e-04
1.90509e+00 3.61e-04
1.90542e+00 3.64e-04
1.90576e+00 3.66e-04
1.90608e+00 3.69e-04
1.90641e+00 3.72e-04
1.90674e+00 3.75e-04
1.90708e+00 3.78e-04
1.90741e+00 3.81e-04
1.90773e+00 3.84e-04
1.90807e+00 3.87e-04
1.90840e+00 3.91e-04
1.90874e+00 3.94e-04
1.90907e+00 3.97e-04
1.90939e+00 4.00e-04
1.90974e+00 4.04e-04
1.91006e+00 4.07e-04
1.91040e+00 4.10e-04
1.91074e+00 4.14e-04
1.91107e+00 4.17e-04
1.91141e+00 4.21e-04
1.91173e+00 4.25e-04
1.91207e+00 4.28e-04
1.91241e+00 4.32e-04
1.91274e+00 4.36e-04
1.91308e+00 4.40e-04
1.91342e+00 4.44e-04
1.91374e+00 4.48e-04
1.91408e+00 4.52e-04
1.91442e+00 4.56e-04
1.91476e+00 4.60e-04
1.91508e+00 4.64e-04
1.91542e+00 4.68e-04
1.91576e+00 4.73e-04
1.91610e+00 4.77e-04
1.91644e+00 4.82e-04
1.91678e+00 4.86e-04
1.91711e+00 4.91e-04
1.91745e+00 4.95e-04
1.91779e+00 5.00e-04
1.91813e+00 5.05e-04
1.91847e+00 5.10e-04
1.91880e+00 5.15e-04
1.91914e+00 5.20e-04
1.91948e+00 5.25e-04
1.91982e+00 5.30e-04
1.92015e+00 5.36e-04
1.92050e+00 5.41e-04
1.92084e+00 5.47e-04
1.92118e+00 5.52e-04
1.92151e+00 5.58e-04
1.92185e+00 5.64e-04
1.92220e+00 5.69e-04
1.92254e+00 5.75e-04
1.92288e+00 5.81e-04
1.92323e+00 5.88e-04
1.92356e+00 5.94e-04
1.92390e+00 6.00e-04
1.92425e+00 6.07e-04
1.92458e+00 6.13e-04
1.92493e+00 6.20e-04
1.92527e+00 6.27e-04
1.92562e+00 6.34e-04
1.92596e+00 6.41e-04
1.92630e+00 6.48e-04
1.92664e+00 6.55e-04
1.92699e+00 6.63e-04
1.92734e+00 6.70e-04
1.92767e+00 6.78e-04
1.92802e+00 6.86e-04
1.92837e+00 6.93e-04
1.92871e+00 7.02e-04
1.92905e+00 7.10e-04
1.92940e+00 7.18e-04
1.92975e+00 7.27e-04
1.93009e+00 7.35e-04
1.93043e+00 7.44e-04
1.93078e+00 7.53e-04
1.93113e+00 7.62e-04
1.93148e+00 7.72e-04
1.93183e+00 7.81e-04
1.93217e+00 7.91e-04
1.93252e+00 8.01e-04
1.93287e+00 8.11e-04
1.93322e+00 8.21e-04
1.93356e+00 8.31e-04
1.93391e+00 8.42e-04
1.93426e+00 8.53e-04
1.93460e+00 8.64e-04
1.93495e+00 8.75e-04
1.93531e+00 8.87e-04
1.93566e+00 8.98e-04
1.93600e+00 9.10e-04
1.93635e+00 9.22e-04
1.93671e+00 9.35e-04
1.93706e+00 9.47e-04
1.93740e+00 9.60e-04
1.93776e+00 9.74e-04
1.93811e+00 9.87e-04
1.93845e+00 1.00e-03
1.93881e+00 1.01e-03
1.93916e+00 1.03e-03
1.93952e+00 1.04e-03
1.93986e+00 1.06e-03
1.94022e+00 1.07e-03
1.94057e+00 1.09e-03
1.94093e+00 1.10e-03
1.94129e+00 1.12e-03
1.94163e+00 1.14e-03
1.94199e+00 1.15e-03
1.94235e+00 1.17e-03
1.94269e+00 1.19e-03
1.94305e+00 1.21e-03
1.94341e+00 1.23e-03
1.94376e+00 1.24e-03
1.94411e+00 1.26e-03
1.94447e+00 1.28e-03
1.94482e+00 1.30e-03
1.94518e+00 1.32e-03
1.94554e+00 1.34e-03
1.94590e+00 1.37e-03
1.94625e+00 1.39e-03
1.94661e+00 1.41e-03
1.94697e+00 1.43e-03
1.94732e+00 1.46e-03
1.94768e+00 1.48e-03
1.94804e+00 1.51e-03
1.94839e+00 1.53e-03
1.94876e+00 1.56e-03
1.94912e+00 1.58e-03
1.94948e+00 1.62e-03
1.94983e+00 1.66e-03
1.95020e+00 1.70e-03
1.95056e+00 1.75e-03
1.95091e+00 1.79e-03
1.95128e+00 1.84e-03
1.95164e+00 1.89e-03
1.95199e+00 1.94e-03
1.95236e+00 1.99e-03
1.95272e+00 2.04e-03
1.95308e+00 2.10e-03
1.95344e+00 2.15e-03
1.95381e+00 2.21e-03
1.95418e+00 2.27e-03
1.95453e+00 2.34e-03
1.95490e+00 2.40e-03
1.95527e+00 2.47e-03
1.95562e+00 2.54e-03
1.95599e+00 2.62e-03
1.95636e+00 2.69e-03
1.95672e+00 2.77e-03
1.95708e+00 2.85e-03
1.95744e+00 2.94e-03
1.95781e+00 3.02e-03
1.95818e+00 3.12e-03
1.95854e+00 3.21e-03
1.95891e+00 3.31e-03
1.95928e+00 3.41e-03
1.95964e+00 3.52e-03
1.96001e+00 3.63e-03
1.96038e+00 3.74e-03
1.96074e+00 3.86e-03
1.96111e+00 3.99e-03
1.96149e+00 4.12e-03
1.96185e+00 4.25e-03
1.96222e+00 4.40e-03
1.96258e+00 4.54e-03
1.96296e+00 4.70e-03
1.96333e+00 4.86e-03
1.96369e+00 5.02e-03
1.96407e+00 5.20e-03
1.96444e+00 5.38e-03
1.96482e+00 5.57e-03
1.96518e+00 5.77e-03
1.96556e+00 5.98e-03
1.96592e+00 6.19e-03
1.96630e+00 6.42e-03
1.96666e+00 6.66e-03
1.96704e+00 6.91e-03
1.96742e+00 7.17e-03
1.96778e+00 7.44e-03
1.96816e+00 7.73e-03
1.96854e+00 8.03e-03
1.96891e+00 8.34e-03
1.96928e+00 8.67e-03
1.96965e+00 9.02e-03
1.97003e+00 9.39e-03
1.97041e+00 9.77e-03
1.97078e+00 1.02e-02
1.97116e+00 1.06e-02
1.97154e+00 1.10e-02
1.97191e+00 1.15e-02
1.97229e+00 1.20e-02
1.97266e+00 1.25e-02
1.97305e+00 1.31e-02
1.97343e+00 1.37e-02
1.97380e+00 1.43e-02
1.97418e+00 1.49e-02
1.97457e+00 1.56e-02
1.97494e+00 1.64e-02
1.97532e+00 1.71e-02
1.97570e+00 1.79e-02
1.97608e+00 1.88e-02
1.97645e+00 1.97e-02
1.97684e+00 2.07e-02
1.97721e+00 2.17e-02
1.97760e+00 2.28e-02
1.97799e+00 2.40e-02
1.97836e+00 2.53e-02
1.97875e+00 2.66e-02
1.97914e+00 2.80e-02
1.97951e+00 2.95e-02
1.97970e+00 3.03e-02
1.97990e+00 3.09e-02
1.98028e+00 3.19e-02
1.98067e+00 3.30e-02
1.98106e+00 3.41e-02
1.98144e+00 3.53e-02
1.98181e+00 3.66e-02
1.98220e+00 3.79e-02
1.98259e+00 3.92e-02
1.98299e+00 4.07e-02
1.98337e+00 4.22e-02
1.98376e+00 4.38e-02
1.98414e+00 4.55e-02
1.98453e+00 4.72e-02
1.98491e+00 4.91e-02
1.98531e+00 5.11e-02
1.98569e+00 5.32e-02
1.98608e+00 5.54e-02
1.98648e+00 5.77e-02
1.98686e+00 6.02e-02
1.98724e+00 6.28e-02
1.98764e+00 6.56e-02
1.98803e+00 6.86e-02
1.98842e+00 7.17e-02
1.98882e+00 7.51e-02
1.98920e+00 7.86e-02
1.98960e+00 8.25e-02
1.99000e+00 8.66e-02
1.99038e+00 9.09e-02
1.99077e+00 9.56e-02
1.99117e+00 1.01e-01
1.99157e+00 1.06e-01
1.99196e+00 1.12e-01
1.99215e+00 1.15e-01
1.99236e+00 1.18e-01
1.99255e+00 1.21e-01
1.99274e+00 1.25e-01
1.99294e+00 1.28e-01
1.99313e+00 1.32e-01
1.99334e+00 1.36e-01
1.99354e+00 1.40e-01
1.99373e+00 1.44e-01
1.99394e+00 1.49e-01
1.99413e+00 1.53e-01
1.99433e+00 1.58e-01
1.99452e+00 1.63e-01
1.99473e+00 1.68e-01
1.99492e+00 1.74e-01
1.99512e+00 1.79e-01
1.99533e+00 1.85e-01
1.99552e+00 1.91e-01
1.99572e+00 1.98e-01
1.99592e+00 2.05e-01
1.99611e+00 2.12e-01
1.99632e+00 2.19e-01
1.99652e+00 2.27e-01
1.99671e+00 2.35e-01
1.99692e+00 2.44e-01
1.99712e+00 2.53e-01
1.99731e+00 2.62e-01
1.99751e+00 2.72e-01
1.99772e+00 2.83e-01
1.99792e+00 2.94e-01
1.99811e+00 3.05e-01
1.99831e+00 3.18e-01
1.99852e+00 3.31e-01
1.99872e+00 3.45e-01
1.99891e+00 3.59e-01
1.99911e+00 3.75e-01
1.99932e+00 3.92e-01
1.99952e+00 4.09e-01
1.99972e+00 4.28e-01
1.99992e+00 4.48e-01
2.00011e+00 4.69e-01
2.00032e+00 4.92e-01
2.00052e+00 5.16e-01
2.00072e+00 5.42e-01
2.00093e+00 5.70e-01
2.00113e+00 5.99e-01
2.00133e+00 6.31e-01
2.00153e+00 6.66e-01
2.00174e+00 7.03e-01
2.00194e+00 7.43e-01
2.00214e+00 7.87e-01
2.00234e+00 8.34e-01
2.00253e+00 8.85e-01
2.00274e+00 9.40e-01
2.00294e+00 1.00e+00
2.00314e+00 1.06e+00
2.00334e+00 1.14e+00
2.00356e+00 1.21e+00
2.00376e+00 1.30e+00
2.00396e+00 1.39e+00
2.00417e+00 1.49e+00
2.00437e+00 1.61e+00
2.00457e+00 1.73e+00
2.00477e+00 1.88e+00
2.00497e+00 2.03e+00
2.00518e+00 2.21e+00
2.00538e+00 2.41e+00
2.00558e+00 2.64e+00
2.00580e+00 2.89e+00
2.00600e+00 3.19e+00
2.00620e+00 3.52e+00
2.00640e+00 3.91e+00
2.00660e+00 4.36e+00
2.00680e+00 4.89e+00
2.00702e+00 5.51e+00
2.00722e+00 6.24e+00
2.00742e+00 7.11e+00
2.00762e+00 8.15e+00
2.00784e+00 9.44e+00
2.00804e+00 1.10e+01
2.00824e+00 1.30e+01
2.00844e+00 1.56e+01
2.00866e+00 1.89e+01
2.00886e+00 2.32e+01
2.00906e+00 2.93e+01
2.00927e+00 3.79e+01
2.00947e+00 5.08e+01
2.00968e+00 7.12e+01
2.00989e+00 1.05e+02
2.01009e+00 1.45e+02
2.01029e+00 1.48e+02
2.01051e+00 1.97e+02
2.01071e+00 2.73e+02
2.01092e+00 5.23e+02
2.01112e+00 1.68e+03
2.01134e+00 7.51e+01
2.01154e+00 3.49e+01
2.01174e+00 2.47e+01
2.01195e+00 1.84e+01
2.01215e+00 1.75e+01
2.01237e+00 1.33e+01
2.01257e+00 8.95e+00
2.01278e+00 6.34e+00
2.01298e+00 4.70e+00
2.01319e+00 3.61e+00
2.01341e+00 2.85e+00
2.01361e+00 2.31e+00
2.01382e+00 1.90e+00
2.01402e+00 1.58e+00
2.01424e+00 1.34e+00
2.01444e+00 1.14e+00
2.01465e+00 9.84e-01
2.01486e+00 8.56e-01
2.01506e+00 7.50e-01
2.01528e+00 6.62e-01
2.01549e+00 5.86e-01
2.01569e+00 5.22e-01
2.01590e+00 4.67e-01
2.01612e+00 4.20e-01
2.01632e+00 3.79e-01
2.01653e+00 3.44e-01
2.01674e+00 3.13e-01
2.01695e+00 2.86e-01
2.01715e+00 2.62e-01
2.01737e+00 2.41e-01
2.01758e+00 2.22e-01
2.01779e+00 2.05e-01
2.01800e+00 1.90e-01
2.01820e+00 1.76e-01
2.01842e+00 1.64e-01
2.01863e+00 1.53e-01
2.01884e+00 1.43e-01
2.01905e+00 1.33e-01
2.01927e+00 1.25e-01
2.01947e+00 1.17e-01
2.01968e+00 1.10e-01
2.01989e+00 1.04e-01
2.02010e+00 9.75e-02
2.02032e+00 9.20e-02
2.02053e+00 8.68e-02
2.02074e+00 8.21e-02
2.02095e+00 7.77e-02
2.02116e+00 7.37e-02
2.02138e+00 6.99e-02
2.02159e+00 6.64e-02
2.02180e+00 6.31e-02
2.02201e+00 6.01e-02
2.02222e+00 5.73e-02
2.02243e+00 5.46e-02
2.02265e+00 5.21e-02
2.02286e+00 4.98e-02
2.02307e+00 4.76e-02
2.02328e+00 4.56e-02
2.02351e+00 4.36e-02
2.02372e+00 4.18e-02
2.02393e+00 4.01e-02
2.02414e+00 3.85e-02
2.02435e+00 3.70e-02
2.02456e+00 3.55e-02
2.02479e+00 3.42e-02
2.02500e+00 3.29e-02
2.02521e+00 3.17e-02
2.02542e+00 3.05e-02
2.02563e+00 2.94e-02
2.02586e+00 2.84e-02
2.02607e+00 2.74e-02
2.02628e+00 2.64e-02
2.02650e+00 2.55e-02
2.02671e+00 2.47e-02
2.02692e+00 2.39e-02
2.02713e+00 2.31e-02
2.02736e+00 2.23e-02
2.02757e+00 2.16e-02
2.02779e+00 2.09e-02
2.02800e+00 2.03e-02
2.02821e+00 1.97e-02
2.02844e+00 1.91e-02
2.02865e+00 1.85e-02
2.02887e+00 1.79e-02
2.02908e+00 1.74e-02
2.02929e+00 1.69e-02
2.02952e+00 1.64e-02
2.02973e+00 1.60e-02
2.02995e+00 1.55e-02
2.03016e+00 1.51e-02
2.03038e+00 1.47e-02
2.03059e+00 1.43e-02
2.03082e+00 1.39e-02
2.03104e+00 1.36e-02
2.03147e+00 1.29e-02
2.03190e+00 1.23e-02
2.03234e+00 1.17e-02
2.03278e+00 1.11e-02
2.03321e+00 1.06e-02
2.03365e+00 1.02e-02
2.03409e+00 9.71e-03
2.03452e+00 9.30e-03
2.03497e+00 8.91e-03
2.03541e+00 8.55e-03
2.03584e+00 8.21e-03
2.03629e+00 7.90e-03
2.03673e+00 7.60e-03
2.03717e+00 7.32e-03
2.03762e+00 7.05e-03
2.03806e+00 6.80e-03
2.03850e+00 6.57e-03
2.03895e+00 6.35e-03
2.03939e+00 6.14e-03
2.03983e+00 5.94e-03
2.04027e+00 5.76e-03
2.04071e+00 5.58e-03
2.04117e+00 5.41e-03
2.04139e+00 5.33e-03
2.04161e+00 5.24e-03
2.04206e+00 4.99e-03
2.04251e+00 4.76e-03
2.04296e+00 4.54e-03
2.04340e+00 4.34e-03
2.04385e+00 4.16e-03
2.04431e+00 3.99e-03
2.04476e+00 3.83e-03
2.04521e+00 3.68e-03
2.04566e+00 3.54e-03
2.04612e+00 3.41e-03
2.04657e+00 3.29e-03
2.04702e+00 3.18e-03
2.04747e+00 3.08e-03
2.04793e+00 2.98e-03
2.04838e+00 2.89e-03
2.04884e+00 2.80e-03
2.04929e+00 2.73e-03
2.04976e+00 2.65e-03
2.05021e+00 2.58e-03
2.05067e+00 2.52e-03
2.05113e+00 2.46e-03
2.05158e+00 2.40e-03
2.05204e+00 2.35e-03
2.05251e+00 2.30e-03
2.05297e+00 2.25e-03
2.05343e+00 2.21e-03
2.05389e+00 2.16e-03
2.05435e+00 2.13e-03
2.05482e+00 2.09e-03
2.05528e+00 2.06e-03
2.05575e+00 2.02e-03
2.05621e+00 1.99e-03
2.05667e+00 1.97e-03
2.05714e+00 1.94e-03
2.05760e+00 1.92e-03
2.05808e+00 1.89e-03
2.05855e+00 1.87e-03
2.05902e+00 1.85e-03
2.05948e+00 1.83e-03
2.05995e+00 1.82e-03
2.06042e+00 1.80e-03
2.06090e+00 1.78e-03
2.06137e+00 1.77e-03
2.06184e+00 1.76e-03
2.06232e+00 1.74e-03
2.06279e+00 1.73e-03
2.06326e+00 1.72e-03
2.06374e+00 1.71e-03
2.06421e+00 1.70e-03
2.06470e+00 1.69e-03
2.06517e+00 1.69e-03
2.06565e+00 1.68e-03
2.06613e+00 1.67e-03
2.06661e+00 1.67e-03
2.06709e+00 1.66e-03
2.06757e+00 1.66e-03
2.06805e+00 1.65e-03
2.06974e+00 1.64e-03
2.07217e+00 1.65e-03
2.07413e+00 1.65e-03
2.07560e+00 1.66e-03
2.07659e+00 1.67e-03
2.07708e+00 1.67e-03
2.07758e+00 1.67e-03
2.07807e+00 1.68e-03
2.07857e+00 1.68e-03
2.07907e+00 1.68e-03
2.07957e+00 1.69e-03
2.08007e+00 1.69e-03
2.08057e+00 1.70e-03
2.08107e+00 1.70e-03
2.08156e+00 1.71e-03
2.08206e+00 1.71e-03
2.08256e+00 1.72e-03
2.08307e+00 1.72e-03
2.08357e+00 1.73e-03
2.08408e+00 1.73e-03
2.08459e+00 1.74e-03
2.08509e+00 1.74e-03
2.08560e+00 1.75e-03
2.08611e+00 1.75e-03
2.08662e+00 1.76e-03
2.08712e+00 1.77e-03
2.08763e+00 1.77e-03
2.08814e+00 1.78e-03
2.08866e+00 1.79e-03
2.08917e+00 1.79e-03
2.08969e+00 1.80e-03
2.09020e+00 1.81e-03
2.09072e+00 1.81e-03
2.09123e+00 1.82e-03
2.09175e+00 1.83e-03
2.09227e+00 1.84e-03
2.09279e+00 1.84e-03
2.09331e+00 1.85e-03
2.09383e+00 1.86e-03
2.09434e+00 1.87e-03
2.09487e+00 1.87e-03
2.09539e+00 1.88e-03
2.09592e+00 1.89e-03
2.09643e+00 1.90e-03
2.09696e+00 1.91e-03
2.09749e+00 1.92e-03
2.09802e+00 1.93e-03
2.09855e+00 1.94e-03
2.09907e+00 1.95e-03
2.09960e+00 1.96e-03
2.10014e+00 1.97e-03
2.10066e+00 1.97e-03
2.10120e+00 1.98e-03
2.10173e+00 2.00e-03
2.10227e+00 2.01e-03
2.10280e+00 2.02e-03
2.10334e+00 2.03e-03
2.10388e+00 2.04e-03
2.10441e+00 2.05e-03
2.10495e+00 2.06e-03
2.10549e+00 2.07e-03
2.10603e+00 2.08e-03
2.10657e+00 2.09e-03
2.10712e+00 2.10e-03
2.10766e+00 2.12e-03
2.10820e+00 2.13e-03
2.10875e+00 2.14e-03
2.10929e+00 2.15e-03
2.10985e+00 2.17e-03
2.11040e+00 2.18e-03
2.11094e+00 2.19e-03
2.11150e+00 2.21e-03
2.11204e+00 2.22e-03
2.11260e+00 2.23e-03
2.11315e+00 2.25e-03
2.11371e+00 2.26e-03
2.11427e+00 2.27e-03
2.11482e+00 2.29e-03
2.11538e+00 2.30e-03
2.11593e+00 2.32e-03
2.11650e+00 2.33e-03
2.11705e+00 2.35e-03
2.11762e+00 2.36e-03
2.11818e+00 2.38e-03
2.11875e+00 2.39e-03
2.11931e+00 2.41e-03
2.11988e+00 2.43e-03
2.12044e+00 2.44e-03
2.12100e+00 2.46e-03
2.12158e+00 2.48e-03
2.12214e+00 2.49e-03
2.12272e+00 2.51e-03
2.12329e+00 2.53e-03
2.12387e+00 2.55e-03
2.12444e+00 2.57e-03
2.12501e+00 2.58e-03
2.12559e+00 2.60e-03
2.12617e+00 2.62e-03
2.12674e+00 2.64e-03
2.12733e+00 2.66e-03
2.12791e+00 2.68e-03
2.12849e+00 2.70e-03
2.12908e+00 2.72e-03
2.12966e+00 2.74e-03
2.13024e+00 2.77e-03
2.13084e+00 2.79e-03
2.13142e+00 2.81e-03
2.13201e+00 2.83e-03
2.13260e+00 2.85e-03
2.13320e+00 2.88e-03
2.13379e+00 2.90e-03
2.13438e+00 2.92e-03
2.13497e+00 2.95e-03
2.13557e+00 2.97e-03
2.13618e+00 3.00e-03
2.13677e+00 3.02e-03
2.13737e+00 3.05e-03
2.13797e+00 3.07e-03
2.13857e+00 3.10e-03
2.13918e+00 3.13e-03
2.13978e+00 3.16e-03
2.14040e+00 3.18e-03
2.14101e+00 3.21e-03
2.14161e+00 3.24e-03
2.14222e+00 3.27e-03
2.14284e+00 3.30e-03
2.14345e+00 3.33e-03
2.14406e+00 3.36e-03
2.14468e+00 3.39e-03
2.14530e+00 3.42e-03
2.14592e+00 3.46e-03
2.14654e+00 3.49e-03
2.14716e+00 3.52e-03
2.14778e+00 3.56e-03
2.14841e+00 3.59e-03
2.14903e+00 3.63e-03
2.14966e+00 3.66e-03
2.15028e+00 3.70e-03
2.15091e+00 3.74e-03
2.15123e+00 5.21e-03
2.15187e+00 5.34e-03
2.15249e+00 5.49e-03
2.15282e+00 5.56e-03
2.15313e+00 5.65e-03
2.15377e+00 5.85e-03
2.15441e+00 6.07e-03
2.15472e+00 6.19e-03
2.15505e+00 6.32e-03
2.15537e+00 6.45e-03
2.15568e+00 6.59e-03
2.15601e+00 6.74e-03
2.15633e+00 6.90e-03
2.15666e+00 7.06e-03
2.15697e+00 7.24e-03
2.15729e+00 7.42e-03
2.15762e+00 7.62e-03
2.15794e+00 7.83e-03
2.15826e+00 8.05e-03
2.15859e+00 8.28e-03
2.15891e+00 8.54e-03
2.15923e+00 8.81e-03
2.15957e+00 9.09e-03
2.15989e+00 9.40e-03
2.16021e+00 9.73e-03
2.16054e+00 1.01e-02
2.16087e+00 1.05e-02
2.16119e+00 1.09e-02
2.16153e+00 1.13e-02
2.16185e+00 1.18e-02
2.16218e+00 1.23e-02
2.16251e+00 1.29e-02
2.16284e+00 1.35e-02
2.16317e+00 1.42e-02
2.16350e+00 1.49e-02
2.16383e+00 1.58e-02
2.16416e+00 1.68e-02
2.16449e+00 1.81e-02
2.16483e+00 1.96e-02
2.16516e+00 2.16e-02
2.16548e+00 2.37e-02
2.16583e+00 2.60e-02
2.16616e+00 2.83e-02
2.16682e+00 3.26e-02
2.16715e+00 3.49e-02
2.16749e+00 3.73e-02
2.16783e+00 3.99e-02
2.16816e+00 4.28e-02
2.16849e+00 4.59e-02
2.16884e+00 4.93e-02
2.16917e+00 5.32e-02
2.16951e+00 5.74e-02
2.16984e+00 6.22e-02
2.17018e+00 6.76e-02
2.17053e+00 7.38e-02
2.17086e+00 8.08e-02
2.17120e+00 8.88e-02
2.17154e+00 9.82e-02
2.17188e+00 1.09e-01
2.17223e+00 1.22e-01
2.17257e+00 1.38e-01
2.17291e+00 1.58e-01
2.17325e+00 1.81e-01
2.17359e+00 2.07e-01
2.17393e+00 2.38e-01
2.17427e+00 2.72e-01
2.17463e+00 3.12e-01
2.17497e+00 3.58e-01
2.17531e+00 4.13e-01
2.17566e+00 4.79e-01
2.17600e+00 5.58e-01
2.17635e+00 6.54e-01
2.17669e+00 7.72e-01
2.17704e+00 9.19e-01
2.17740e+00 1.10e+00
2.17774e+00 1.32e+00
2.17809e+00 1.57e+00
2.17844e+00 1.87e+00
2.17879e+00 2.20e+00
2.17914e+00 2.57e+00
2.17949e+00 2.92e+00
2.17984e+00 3.16e+00
2.18019e+00 3.25e+00
2.18054e+00 3.18e+00
2.18089e+00 3.10e+00
2.18125e+00 3.11e+00
2.18160e+00 3.21e+00
2.18195e+00 3.26e+00
2.18231e+00 3.14e+00
2.18266e+00 2.87e+00
2.18337e+00 2.13e+00
2.18373e+00 1.80e+00
2.18408e+00 1.51e+00
2.18444e+00 1.25e+00
2.18480e+00 1.04e+00
2.18516e+00 8.68e-01
2.18552e+00 7.28e-01
2.18588e+00 6.15e-01
2.18624e+00 5.24e-01
2.18660e+00 4.48e-01
2.18696e+00 3.86e-01
2.18732e+00 3.33e-01
2.18768e+00 2.89e-01
2.18805e+00 2.51e-01
2.18841e+00 2.17e-01
2.18878e+00 1.88e-01
2.18914e+00 1.63e-01
2.18951e+00 1.42e-01
2.18986e+00 1.25e-01
2.19023e+00 1.12e-01
2.19060e+00 1.00e-01
2.19096e+00 9.05e-02
2.19133e+00 8.23e-02
2.19170e+00 7.52e-02
2.19207e+00 6.90e-02
2.19244e+00 6.36e-02
2.19280e+00 5.88e-02
2.19317e+00 5.45e-02
2.19354e+00 5.08e-02
2.19392e+00 4.74e-02
2.19429e+00 4.44e-02
2.19465e+00 4.16e-02
2.19503e+00 3.90e-02
2.19578e+00 3.40e-02
2.19652e+00 2.88e-02
2.19690e+00 2.64e-02
2.19728e+00 2.46e-02
2.19766e+00 2.32e-02
2.19804e+00 2.20e-02
2.19841e+00 2.12e-02
2.19879e+00 2.04e-02
2.19917e+00 1.98e-02
2.19954e+00 1.92e-02
2.19992e+00 1.87e-02
2.20031e+00 1.83e-02
2.20069e+00 1.79e-02
2.20107e+00 1.76e-02
2.20145e+00 1.73e-02
2.20184e+00 1.70e-02
2.20221e+00 1.68e-02
2.20260e+00 1.66e-02
2.20299e+00 1.65e-02
2.20337e+00 1.63e-02
2.20376e+00 1.62e-02
2.20415e+00 1.61e-02
2.20453e+00 1.61e-02
2.20492e+00 1.60e-02
2.20530e+00 1.60e-02
2.20609e+00 1.60e-02
2.20687e+00 1.60e-02
2.20765e+00 1.62e-02
2.20804e+00 1.62e-02
2.20843e+00 1.63e-02
2.20922e+00 1.66e-02
2.21001e+00 1.68e-02
2.21081e+00 1.71e-02
2.21160e+00 1.75e-02
2.21240e+00 1.78e-02
2.21320e+00 1.82e-02
2.21401e+00 1.86e-02
2.21481e+00 1.91e-02
2.21562e+00 1.96e-02
2.21643e+00 2.01e-02
2.21725e+00 2.06e-02
2.21806e+00 2.12e-02
2.21889e+00 2.18e-02
2.21971e+00 2.25e-02
2.22054e+00 2.32e-02
2.22136e+00 2.39e-02
2.22220e+00 2.46e-02
2.22303e+00 2.55e-02
2.22387e+00 2.63e-02
2.22471e+00 2.72e-02
2.22555e+00 2.82e-02
2.22641e+00 2.92e-02
2.22725e+00 3.03e-02
2.22811e+00 3.14e-02
2.22853e+00 2.29e-01
2.22896e+00 2.61e-01
2.22939e+00 2.97e-01
2.22982e+00 3.35e-01
2.23025e+00 3.72e-01
2.23068e+00 4.08e-01
2.23111e+00 4.44e-01
2.23155e+00 4.83e-01
2.23242e+00 5.72e-01
2.23285e+00 6.05e-01
2.23329e+00 6.24e-01
2.23373e+00 6.29e-01
2.23417e+00 6.06e-01
2.23461e+00 6.17e-01
2.23504e+00 6.32e-01
2.23548e+00 6.24e-01
2.23593e+00 6.00e-01
2.23637e+00 5.62e-01
2.23681e+00 5.17e-01
2.23726e+00 4.77e-01
2.23815e+00 4.06e-01
2.23859e+00 3.69e-01
2.23904e+00 3.31e-01
2.23950e+00 2.94e-01
2.23994e+00 2.61e-01
2.24039e+00 2.32e-01
2.24084e+00 2.08e-01
2.24129e+00 1.87e-01
2.24175e+00 1.69e-01
2.24220e+00 1.54e-01
2.24265e+00 1.42e-01
2.24311e+00 1.31e-01
2.24357e+00 1.22e-01
2.24402e+00 1.15e-01
2.24449e+00 1.09e-01
2.24495e+00 1.04e-01
2.24540e+00 1.01e-01
2.24587e+00 9.88e-02
2.24633e+00 9.73e-02
2.24679e+00 9.63e-02
2.24725e+00 9.59e-02
2.24772e+00 9.60e-02
2.24818e+00 9.64e-02
2.24866e+00 9.71e-02
2.24912e+00 9.80e-02
2.24960e+00 9.92e-02
2.25006e+00 1.01e-01
2.25053e+00 1.02e-01
2.25101e+00 1.04e-01
2.25148e+00 1.05e-01
2.25243e+00 1.09e-01
2.25338e+00 1.14e-01
2.25434e+00 1.18e-01
2.25529e+00 1.23e-01
2.25578e+00 2.03e-01
2.25627e+00 2.11e-01
2.25675e+00 2.17e-01
2.25723e+00 2.22e-01
2.25772e+00 2.27e-01
2.25820e+00 2.29e-01
2.25870e+00 2.30e-01
2.25919e+00 2.30e-01
2.25968e+00 2.29e-01
2.26017e+00 2.26e-01
2.26067e+00 2.22e-01
2.26166e+00 2.11e-01
2.26215e+00 2.06e-01
2.26265e+00 2.01e-01
2.26315e+00 1.98e-01
2.26365e+00 1.94e-01
2.26415e+00 1.92e-01
2.26465e+00 1.90e-01
2.26515e+00 1.88e-01
2.26566e+00 1.87e-01
2.26616e+00 1.86e-01
2.26667e+00 1.85e-01
2.26718e+00 1.85e-01
2.26820e+00 1.84e-01
2.26922e+00 1.85e-01
2.26974e+00 1.89e-01
2.27077e+00 1.90e-01
2.27233e+00 1.90e-01
2.27337e+00 1.90e-01
2.27390e+00 1.90e-01
2.27442e+00 1.93e-01
2.27548e+00 1.92e-01
2.27654e+00 1.91e-01
2.27761e+00 1.90e-01
2.27868e+00 1.89e-01
2.27976e+00 1.88e-01
2.28084e+00 1.87e-01
2.28193e+00 1.86e-01
2.28303e+00 1.85e-01
2.28413e+00 1.85e-01
2.28523e+00 1.84e-01
2.28634e+00 1.83e-01
2.28746e+00 1.83e-01
2.28858e+00 1.82e-01
2.28971e+00 1.82e-01
2.29085e+00 1.81e-01
2.29199e+00 1.80e-01
2.29314e+00 1.80e-01
2.29429e+00 1.79e-01
2.29546e+00 1.79e-01
2.29663e+00 1.78e-01
2.29780e+00 1.78e-01
2.29898e+00 1.77e-01
2.30017e+00 1.76e-01
2.30136e+00 1.76e-01
2.30258e+00 1.75e-01
2.30378e+00 1.75e-01
2.30498e+00 1.74e-01
2.30618e+00 1.73e-01
2.30747e+00 1.73e-01
2.30867e+00 1.72e-01
2.30996e+00 1.72e-01
2.31125e+00 1.71e-01
2.31244e+00 1.71e-01
2.31372e+00 1.70e-01
2.31501e+00 1.69e-01
2.31629e+00 1.69e-01
2.31757e+00 1.68e-01
2.31895e+00 1.68e-01
2.32023e+00 1.67e-01
2.32160e+00 1.66e-01
2.32288e+00 1.66e-01
2.32425e+00 1.65e-01
2.32562e+00 1.65e-01
2.32698e+00 1.64e-01
2.32835e+00 1.63e-01
2.32971e+00 1.63e-01
2.33108e+00 1.62e-01
2.33253e+00 1.62e-01
2.33389e+00 1.61e-01
2.33534e+00 1.60e-01
2.33679e+00 1.60e-01
2.33824e+00 1.59e-01
2.33969e+00 1.59e-01
2.34113e+00 1.58e-01
2.34267e+00 1.57e-01
2.34411e+00 1.57e-01
2.34564e+00 1.56e-01
2.34718e+00 1.55e-01
2.34871e+00 1.55e-01
2.35023e+00 1.54e-01
2.35176e+00 1.53e-01
2.35337e+00 1.53e-01
2.35499e+00 1.52e-01
2.35650e+00 1.52e-01
2.35811e+00 1.51e-01
2.35982e+00 1.50e-01
2.36142e+00 1.50e-01
2.36312e+00 1.49e-01
2.36471e+00 1.48e-01
2.36640e+00 1.48e-01
2.36819e+00 1.47e-01
2.36987e+00 1.46e-01
2.37164e+00 1.46e-01
2.37332e+00 1.45e-01
2.37518e+00 1.44e-01
2.37695e+00 1.43e-01
2.37871e+00 1.43e-01
2.38056e+00 1.42e-01
2.38241e+00 1.41e-01
2.38426e+00 1.41e-01
2.38619e+00 1.40e-01
2.38812e+00 1.39e-01
2.39005e+00 1.38e-01
2.39197e+00 1.38e-01
2.39398e+00 1.37e-01
2.39598e+00 1.36e-01
2.39799e+00 1.36e-01
2.40007e+00 1.35e-01
2.40216e+00 1.34e-01
2.40424e+00 1.33e-01
2.40640e+00 1.32e-01
2.40848e+00 1.32e-01
2.41072e+00 1.31e-01
2.41296e+00 1.30e-01
2.41520e+00 1.29e-01
2.41743e+00 1.29e-01
2.41975e+00 1.28e-01
2.42214e+00 1.27e-01
2.42454e+00 1.26e-01
2.42692e+00 1.25e-01
2.42939e+00 1.25e-01
2.43186e+00 1.24e-01
2.43440e+00 1.23e-01
2.43694e+00 1.22e-01
2.43956e+00 1.21e-01
2.44226e+00 1.20e-01
2.44495e+00 1.19e-01
2.44772e+00 1.18e-01
2.45057e+00 1.18e-01
2.45342e+00 1.17e-01
2.45634e+00 1.16e-01
2.45933e+00 1.15e-01
2.46241e+00 1.14e-01
2.46547e+00 1.13e-01
2.46861e+00 1.12e-01
2.47191e+00 1.11e-01
2.47519e+00 1.10e-01
2.47855e+00 1.09e-01
2.48207e+00 1.08e-01
2.48566e+00 1.07e-01
2.48923e+00 1.06e-01
2.49304e+00 1.05e-01
2.49684e+00 1.04e-01
2.50078e+00 1.03e-01
2.50487e+00 1.01e-01
2.50911e+00 1.00e-01
2.51341e+00 9.91e-02
2.51786e+00 9.79e-02
2.52252e+00 9.67e-02
2.52733e+00 9.54e-02
2.53227e+00 9.41e-02
2.53742e+00 9.28e-02
2.54286e+00 9.15e-02
2.54843e+00 9.01e-02
2.55428e+00 8.86e-02
2.56048e+00 8.72e-02
2.56695e+00 8.56e-02
2.57376e+00 8.40e-02
2.58097e+00 8.24e-02
2.58867e+00 8.07e-02
2.59682e+00 7.89e-02
2.60565e+00 7.70e-02
2.61513e+00 7.50e-02
2.62554e+00 7.29e-02
2.63698e+00 7.06e-02
2.64971e+00 6.82e-02
2.66410e+00 6.55e-02
2.67215e+00 6.41e-02
2.68082e+00 6.26e-02
2.69029e+00 6.10e-02
2.70069e+00 5.92e-02
2.71231e+00 5.73e-02
2.72543e+00 5.53e-02
2.74065e+00 5.30e-02
2.75874e+00 5.04e-02
2.78130e+00 4.73e-02
2.81151e+00 4.35e-02
2.85859e+00 3.81e-02
2.99573e+00 2.58e-02
