# OPACITY Project tables
-2.61515e+00 9.54e+00
-2.27341e+00 3.29e+00
-2.07433e+00 1.76e+00
-1.93351e+00 1.14e+00
-1.82455e+00 8.09e-01
-1.73574e+00 6.13e-01
-1.66078e+00 4.85e-01
-1.59603e+00 3.97e-01
-1.53898e+00 3.32e-01
-1.48802e+00 2.84e-01
-1.44198e+00 2.46e-01
-1.40003e+00 2.17e-01
-1.36148e+00 1.92e-01
-1.32584e+00 1.73e-01
-1.29269e+00 1.56e-01
-1.26174e+00 1.42e-01
-1.23268e+00 1.30e-01
-1.20531e+00 1.20e-01
-1.17944e+00 1.11e-01
-1.15493e+00 1.04e-01
-1.13165e+00 9.66e-02
-1.10945e+00 9.07e-02
-1.08827e+00 8.54e-02
-1.06799e+00 8.05e-02
-1.04857e+00 7.61e-02
-1.02994e+00 7.23e-02
-1.01200e+00 6.85e-02
-9.94739e-01 6.52e-02
-9.78086e-01 6.21e-02
-9.62021e-01 5.92e-02
-9.46492e-01 5.65e-02
-9.31455e-01 5.40e-02
-9.16916e-01 5.17e-02
-9.02807e-01 4.94e-02
-8.89113e-01 4.82e-02
-8.75797e-01 4.56e-02
-8.62868e-01 4.39e-02
-8.50292e-01 4.24e-02
-8.38057e-01 4.09e-02
-8.26130e-01 3.95e-02
-8.14502e-01 3.82e-02
-8.03185e-01 3.68e-02
-7.92106e-01 3.57e-02
-7.81301e-01 3.47e-02
-7.70741e-01 3.37e-02
-7.60420e-01 3.27e-02
-7.50331e-01 3.18e-02
-7.40469e-01 3.10e-02
-7.30787e-01 3.01e-02
-7.21320e-01 2.93e-02
-7.12045e-01 2.85e-02
-7.02955e-01 2.76e-02
-6.94048e-01 2.71e-02
-6.85298e-01 2.62e-02
-6.76723e-01 2.55e-02
-6.68298e-01 2.49e-02
-6.60041e-01 2.43e-02
-6.51909e-01 2.37e-02
-6.36087e-01 2.27e-02
-6.28390e-01 2.23e-02
-6.20808e-01 2.18e-02
-6.13357e-01 2.12e-02
-5.98801e-01 2.03e-02
-5.91692e-01 1.99e-02
-5.84687e-01 1.94e-02
-5.77803e-01 1.91e-02
-5.71018e-01 1.96e-02
-5.64314e-01 1.92e-02
-5.57725e-01 1.88e-02
-5.51231e-01 1.83e-02
-5.44831e-01 1.81e-02
-5.38505e-01 1.79e-02
-5.32288e-01 1.75e-02
-5.26142e-01 1.71e-02
-5.20085e-01 1.68e-02
-5.08196e-01 1.62e-02
-5.02362e-01 1.60e-02
-4.96610e-01 1.56e-02
-4.90925e-01 1.53e-02
-4.85320e-01 1.48e-02
-4.79779e-01 1.50e-02
-4.74301e-01 1.47e-02
-4.68884e-01 1.45e-02
-4.58265e-01 1.39e-02
-4.53044e-01 1.38e-02
-4.47882e-01 1.35e-02
-4.42778e-01 1.33e-02
-4.32739e-01 1.29e-02
-4.22922e-01 1.25e-02
-4.13321e-01 1.21e-02
-4.08585e-01 1.19e-02
-3.99284e-01 1.16e-02
-3.90158e-01 1.13e-02
-3.85662e-01 1.11e-02
-3.76819e-01 1.08e-02
-3.72456e-01 1.07e-02
-3.63858e-01 1.04e-02
-3.55419e-01 1.01e-02
-3.47135e-01 9.88e-03
-3.43054e-01 9.76e-03
-3.34997e-01 9.53e-03
-3.27088e-01 9.30e-03
-3.23185e-01 9.19e-03
-3.19310e-01 9.10e-03
-3.15464e-01 8.98e-03
-3.11661e-01 8.88e-03
-3.04150e-01 8.68e-03
-2.96750e-01 8.49e-03
-2.89484e-01 8.30e-03
-2.82323e-01 8.13e-03
-2.75279e-01 7.96e-03
-2.68350e-01 7.79e-03
-2.61521e-01 7.63e-03
-2.54802e-01 7.48e-03
-2.48167e-01 7.33e-03
-2.41639e-01 7.19e-03
-2.35203e-01 7.05e-03
-2.28860e-01 6.92e-03
-2.22606e-01 6.79e-03
-2.16441e-01 6.67e-03
-2.10363e-01 6.55e-03
-2.04359e-01 6.43e-03
-1.98439e-01 6.32e-03
-1.92590e-01 6.21e-03
-1.86824e-01 6.11e-03
-1.81126e-01 6.00e-03
-1.75509e-01 5.90e-03
-1.69958e-01 5.81e-03
-1.64474e-01 5.71e-03
-1.59054e-01 5.62e-03
-1.53699e-01 5.53e-03
-1.48407e-01 5.45e-03
-1.43189e-01 5.36e-03
-1.38021e-01 5.28e-03
-1.32914e-01 5.20e-03
-1.27867e-01 5.13e-03
-1.22868e-01 5.05e-03
-1.17928e-01 4.98e-03
-1.13057e-01 4.91e-03
-1.08220e-01 4.84e-03
-1.03440e-01 4.77e-03
-9.87160e-02 4.70e-03
-9.40360e-02 4.64e-03
-8.94106e-02 4.58e-03
-8.48283e-02 4.52e-03
-8.02994e-02 4.46e-03
-7.58125e-02 4.40e-03
-7.13671e-02 4.34e-03
-6.69735e-02 4.29e-03
-6.26097e-02 4.23e-03
-5.82967e-02 4.18e-03
-5.40233e-02 4.13e-03
-4.97997e-02 4.08e-03
-4.56042e-02 4.03e-03
-4.14576e-02 3.98e-03
-3.73385e-02 3.93e-03
-3.32673e-02 3.89e-03
-2.92229e-02 3.84e-03
-2.52255e-02 3.80e-03
-2.12543e-02 3.75e-03
-1.73293e-02 3.71e-03
-1.34298e-02 3.67e-03
-9.56560e-03 3.63e-03
-5.73642e-03 3.59e-03
-1.94188e-03 3.55e-03
1.79838e-03 3.51e-03
5.58438e-03 3.47e-03
9.25702e-03 3.44e-03
1.29162e-02 3.40e-03
1.65621e-02 3.37e-03
2.01947e-02 3.33e-03
2.38142e-02 3.30e-03
2.73233e-02 3.26e-03
3.08201e-02 3.23e-03
3.43048e-02 3.20e-03
3.77774e-02 3.17e-03
4.12379e-02 3.14e-03
4.46865e-02 3.11e-03
4.80280e-02 3.08e-03
5.14533e-02 3.05e-03
5.47722e-02 3.02e-03
5.80802e-02 2.99e-03
6.13773e-02 2.96e-03
6.46635e-02 2.94e-03
6.78455e-02 2.91e-03
7.11106e-02 2.88e-03
7.42722e-02 2.86e-03
7.74239e-02 2.83e-03
8.06579e-02 2.81e-03
8.37895e-02 2.78e-03
8.68197e-02 2.76e-03
8.99321e-02 2.73e-03
9.30349e-02 2.71e-03
9.60372e-02 2.69e-03
9.90305e-02 2.67e-03
1.02015e-01 2.64e-03
1.05080e-01 2.62e-03
1.07957e-01 2.60e-03
1.10915e-01 2.58e-03
1.13864e-01 2.56e-03
1.16805e-01 2.54e-03
1.19648e-01 2.52e-03
1.22483e-01 2.50e-03
1.25398e-01 2.48e-03
1.28217e-01 2.46e-03
1.31028e-01 2.44e-03
1.33831e-01 2.42e-03
1.36539e-01 2.40e-03
1.39327e-01 2.39e-03
1.42107e-01 2.37e-03
1.44793e-01 2.35e-03
1.47471e-01 2.33e-03
1.50229e-01 2.32e-03
1.52893e-01 2.30e-03
1.55550e-01 2.28e-03
1.58200e-01 2.27e-03
1.60757e-01 2.25e-03
1.63394e-01 2.24e-03
1.66023e-01 2.22e-03
1.68561e-01 2.20e-03
1.71176e-01 2.19e-03
1.73701e-01 2.17e-03
1.76220e-01 2.16e-03
1.78732e-01 2.14e-03
1.81321e-01 2.13e-03
1.83737e-01 2.12e-03
1.86231e-01 2.10e-03
1.88718e-01 2.09e-03
1.91199e-01 2.08e-03
1.93591e-01 2.06e-03
1.96060e-01 2.05e-03
1.98441e-01 2.04e-03
2.00898e-01 2.02e-03
2.03267e-01 2.01e-03
2.05631e-01 2.00e-03
2.07989e-01 1.99e-03
2.10342e-01 1.97e-03
2.12689e-01 1.96e-03
2.15031e-01 1.95e-03
2.17286e-01 1.94e-03
2.19617e-01 1.93e-03
2.21943e-01 1.92e-03
2.24183e-01 1.90e-03
2.26418e-01 1.89e-03
2.28728e-01 1.88e-03
2.30953e-01 1.87e-03
2.33173e-01 1.86e-03
2.35388e-01 1.85e-03
2.37599e-01 1.84e-03
2.39804e-01 1.83e-03
2.42005e-01 1.82e-03
2.44200e-01 1.81e-03
2.46313e-01 1.80e-03
2.48499e-01 1.79e-03
2.50681e-01 1.78e-03
2.52780e-01 1.77e-03
2.54875e-01 1.76e-03
2.57042e-01 1.75e-03
2.59128e-01 1.74e-03
2.61210e-01 1.74e-03
2.63287e-01 1.73e-03
2.65360e-01 1.72e-03
2.67428e-01 1.71e-03
2.69493e-01 1.70e-03
2.71553e-01 1.69e-03
2.73609e-01 1.68e-03
2.75660e-01 1.68e-03
2.77632e-01 1.67e-03
2.79675e-01 1.66e-03
2.81639e-01 1.65e-03
2.83674e-01 1.64e-03
2.85630e-01 1.64e-03
2.87582e-01 1.63e-03
2.89605e-01 1.62e-03
2.91550e-01 1.61e-03
2.93490e-01 1.61e-03
2.95427e-01 1.60e-03
2.97360e-01 1.59e-03
2.99289e-01 1.59e-03
3.01215e-01 1.58e-03
3.03137e-01 1.57e-03
3.04982e-01 1.57e-03
3.06896e-01 1.56e-03
3.08807e-01 1.55e-03
3.10641e-01 1.55e-03
3.12545e-01 1.54e-03
3.14373e-01 1.53e-03
3.16270e-01 1.53e-03
3.18090e-01 1.52e-03
3.19907e-01 1.51e-03
3.21794e-01 1.51e-03
3.23604e-01 1.50e-03
3.25411e-01 1.50e-03
3.27215e-01 1.49e-03
3.29016e-01 1.49e-03
3.30813e-01 1.48e-03
3.32608e-01 1.47e-03
3.34399e-01 1.47e-03
3.36115e-01 1.46e-03
3.37900e-01 1.46e-03
3.39681e-01 1.45e-03
3.41389e-01 1.45e-03
3.43164e-01 1.44e-03
3.44936e-01 1.44e-03
3.46635e-01 1.43e-03
3.48330e-01 1.43e-03
3.50093e-01 1.42e-03
3.51783e-01 1.42e-03
3.53470e-01 1.41e-03
3.55224e-01 1.41e-03
3.56905e-01 1.40e-03
3.58583e-01 1.40e-03
3.60259e-01 1.39e-03
3.61931e-01 1.39e-03
3.63601e-01 1.39e-03
3.65268e-01 1.38e-03
3.66932e-01 1.38e-03
3.68594e-01 1.37e-03
3.70183e-01 1.37e-03
3.71839e-01 1.36e-03
3.73493e-01 1.36e-03
3.75075e-01 1.36e-03
3.76723e-01 1.35e-03
3.78299e-01 1.35e-03
3.79942e-01 1.34e-03
3.81514e-01 1.34e-03
3.83151e-01 1.34e-03
3.84718e-01 1.33e-03
3.86282e-01 1.33e-03
3.87912e-01 1.33e-03
3.89471e-01 1.32e-03
3.91028e-01 1.32e-03
3.92582e-01 1.32e-03
3.94134e-01 1.31e-03
3.95684e-01 1.31e-03
3.97231e-01 1.31e-03
3.98776e-01 1.30e-03
4.00319e-01 1.30e-03
4.01859e-01 1.30e-03
4.03396e-01 1.29e-03
4.04932e-01 1.29e-03
4.06465e-01 1.29e-03
4.07929e-01 1.29e-03
4.09457e-01 1.28e-03
4.10983e-01 1.28e-03
4.12441e-01 1.28e-03
4.13962e-01 1.27e-03
4.15415e-01 1.27e-03
4.16932e-01 1.27e-03
4.18381e-01 1.27e-03
4.19828e-01 1.26e-03
4.21338e-01 1.26e-03
4.22781e-01 1.26e-03
4.24221e-01 1.26e-03
4.25725e-01 1.26e-03
4.27161e-01 1.25e-03
4.28596e-01 1.25e-03
4.30028e-01 1.25e-03
4.31458e-01 1.25e-03
4.32886e-01 1.24e-03
4.34312e-01 1.24e-03
4.35736e-01 1.24e-03
4.37158e-01 1.24e-03
4.38577e-01 1.24e-03
4.39995e-01 1.24e-03
4.41411e-01 1.23e-03
4.42761e-01 1.23e-03
4.44173e-01 1.23e-03
4.45583e-01 1.23e-03
4.46927e-01 1.23e-03
4.48333e-01 1.23e-03
4.49737e-01 1.22e-03
4.51076e-01 1.22e-03
4.52476e-01 1.22e-03
4.65305e-01 1.21e-03
4.76420e-01 1.21e-03
4.86062e-01 1.20e-03
4.93659e-01 1.20e-03
5.01078e-01 1.21e-03
5.07179e-01 1.21e-03
5.09645e-01 1.21e-03
5.13243e-01 1.21e-03
5.14439e-01 1.22e-03
5.15634e-01 1.22e-03
5.16828e-01 1.22e-03
5.18020e-01 1.22e-03
5.19210e-01 1.22e-03
5.20340e-01 1.22e-03
5.21528e-01 1.22e-03
5.22715e-01 1.23e-03
5.23900e-01 1.23e-03
5.25083e-01 1.23e-03
5.26207e-01 1.23e-03
5.27388e-01 1.23e-03
5.28567e-01 1.24e-03
5.29687e-01 1.24e-03
5.30864e-01 1.24e-03
5.32039e-01 1.24e-03
5.33154e-01 1.24e-03
5.34327e-01 1.25e-03
5.35440e-01 1.25e-03
5.36610e-01 1.25e-03
5.37721e-01 1.25e-03
5.38888e-01 1.26e-03
5.39996e-01 1.26e-03
5.41103e-01 1.26e-03
5.42266e-01 1.26e-03
5.43370e-01 1.27e-03
5.44473e-01 1.27e-03
5.45633e-01 1.27e-03
5.46733e-01 1.28e-03
5.47832e-01 1.28e-03
5.48930e-01 1.28e-03
5.50085e-01 1.29e-03
5.51180e-01 1.29e-03
5.52275e-01 1.29e-03
5.53368e-01 1.30e-03
5.54460e-01 1.30e-03
5.55550e-01 1.31e-03
5.56640e-01 1.31e-03
5.57728e-01 1.31e-03
5.58815e-01 1.32e-03
5.59901e-01 1.32e-03
5.60986e-01 1.33e-03
5.62070e-01 1.33e-03
5.63152e-01 1.34e-03
5.64234e-01 1.34e-03
5.65314e-01 1.35e-03
5.66393e-01 1.35e-03
5.67471e-01 1.36e-03
5.68491e-01 1.36e-03
5.69566e-01 1.37e-03
5.70641e-01 1.37e-03
5.71714e-01 1.38e-03
5.72729e-01 1.38e-03
5.73800e-01 1.39e-03
5.74870e-01 1.39e-03
5.75883e-01 1.40e-03
5.76950e-01 1.41e-03
5.77961e-01 1.41e-03
5.79026e-01 1.42e-03
5.80090e-01 1.43e-03
5.81098e-01 1.43e-03
5.82160e-01 1.44e-03
5.83165e-01 1.45e-03
5.84225e-01 1.45e-03
5.85228e-01 1.46e-03
5.86230e-01 1.47e-03
5.87287e-01 1.48e-03
5.88287e-01 1.49e-03
5.89286e-01 1.49e-03
5.90339e-01 1.50e-03
5.91336e-01 1.51e-03
5.92332e-01 1.52e-03
5.93382e-01 1.53e-03
5.94376e-01 1.54e-03
5.95369e-01 1.55e-03
5.96361e-01 1.56e-03
5.97407e-01 1.57e-03
5.98397e-01 1.58e-03
5.99386e-01 1.59e-03
6.00374e-01 1.60e-03
6.01361e-01 1.61e-03
6.02347e-01 1.62e-03
6.03332e-01 1.63e-03
6.04316e-01 1.64e-03
6.05299e-01 1.65e-03
6.06281e-01 1.66e-03
6.07262e-01 1.68e-03
6.08243e-01 1.69e-03
6.09222e-01 1.70e-03
6.10200e-01 1.71e-03
6.11178e-01 1.73e-03
6.12154e-01 1.74e-03
6.13129e-01 1.75e-03
6.14104e-01 1.77e-03
6.15023e-01 1.78e-03
6.15996e-01 1.80e-03
6.16968e-01 1.81e-03
6.17939e-01 1.83e-03
6.18908e-01 1.84e-03
6.19824e-01 1.86e-03
6.20792e-01 1.88e-03
6.21759e-01 1.89e-03
6.22671e-01 1.91e-03
6.23636e-01 1.93e-03
6.24601e-01 1.95e-03
6.25511e-01 1.97e-03
6.26473e-01 1.98e-03
6.27435e-01 2.00e-03
6.28342e-01 2.02e-03
6.29302e-01 2.04e-03
6.30207e-01 2.06e-03
6.31165e-01 2.09e-03
6.32069e-01 2.11e-03
6.33026e-01 2.13e-03
6.33928e-01 2.15e-03
6.34882e-01 2.18e-03
6.35783e-01 2.20e-03
6.36683e-01 2.23e-03
6.37634e-01 2.25e-03
6.38533e-01 2.28e-03
6.39483e-01 2.30e-03
6.40379e-01 2.33e-03
6.41275e-01 2.36e-03
6.42222e-01 2.39e-03
6.43116e-01 2.42e-03
6.44009e-01 2.45e-03
6.44902e-01 2.48e-03
6.45846e-01 2.51e-03
6.46737e-01 2.54e-03
6.47627e-01 2.57e-03
6.48516e-01 2.61e-03
6.49404e-01 2.64e-03
6.50292e-01 2.68e-03
6.51231e-01 2.72e-03
6.52117e-01 2.75e-03
6.53002e-01 2.79e-03
6.53886e-01 2.83e-03
6.54770e-01 2.87e-03
6.55653e-01 2.91e-03
6.56535e-01 2.96e-03
6.57416e-01 3.00e-03
6.58297e-01 3.05e-03
6.59177e-01 3.09e-03
6.60056e-01 3.14e-03
6.60934e-01 3.19e-03
6.61811e-01 3.24e-03
6.62688e-01 3.29e-03
6.63564e-01 3.34e-03
6.64439e-01 3.40e-03
6.65262e-01 3.45e-03
6.66136e-01 3.51e-03
6.67009e-01 3.57e-03
6.67881e-01 3.63e-03
6.68752e-01 3.69e-03
6.69623e-01 3.75e-03
6.70441e-01 3.82e-03
6.71310e-01 3.88e-03
6.72179e-01 3.95e-03
6.73047e-01 4.02e-03
6.73862e-01 4.09e-03
6.74729e-01 4.17e-03
6.75594e-01 4.24e-03
6.76408e-01 4.32e-03
6.77272e-01 4.40e-03
6.78135e-01 4.48e-03
6.78947e-01 4.56e-03
6.79809e-01 4.65e-03
6.80619e-01 4.74e-03
6.81479e-01 4.82e-03
6.82339e-01 4.92e-03
6.83147e-01 5.01e-03
6.84006e-01 5.11e-03
6.84813e-01 5.20e-03
6.85669e-01 5.30e-03
6.86475e-01 5.41e-03
6.87330e-01 5.51e-03
6.88135e-01 5.62e-03
6.88989e-01 5.73e-03
6.89792e-01 5.84e-03
6.90594e-01 5.95e-03
6.91446e-01 6.06e-03
6.92247e-01 6.18e-03
6.93097e-01 6.30e-03
6.93897e-01 6.42e-03
6.94696e-01 6.54e-03
6.95544e-01 6.67e-03
6.96342e-01 6.79e-03
6.97139e-01 6.92e-03
6.97985e-01 7.05e-03
6.98781e-01 7.17e-03
6.99576e-01 7.31e-03
7.00371e-01 7.44e-03
7.01215e-01 7.57e-03
7.02008e-01 7.70e-03
7.02800e-01 7.84e-03
7.03592e-01 7.97e-03
7.04384e-01 8.11e-03
7.05224e-01 8.25e-03
7.06014e-01 8.39e-03
7.06804e-01 8.52e-03
7.07592e-01 8.66e-03
7.08381e-01 8.81e-03
7.09168e-01 8.95e-03
7.09955e-01 9.09e-03
7.10741e-01 9.24e-03
7.11527e-01 9.38e-03
7.12361e-01 9.53e-03
7.13146e-01 9.68e-03
7.13930e-01 9.83e-03
7.14713e-01 9.98e-03
7.15496e-01 1.01e-02
7.16278e-01 1.03e-02
7.17059e-01 1.04e-02
7.17791e-01 1.06e-02
7.18571e-01 1.07e-02
7.19351e-01 1.09e-02
7.20130e-01 1.10e-02
7.20908e-01 1.11e-02
7.21297e-01 1.12e-02
7.22075e-01 1.13e-02
7.22852e-01 1.14e-02
7.23628e-01 1.15e-02
7.24404e-01 1.15e-02
7.24743e-01 1.15e-02
7.25130e-01 1.15e-02
7.25518e-01 1.15e-02
7.25905e-01 1.15e-02
7.26292e-01 1.15e-02
7.26679e-01 1.15e-02
7.27065e-01 1.15e-02
7.27452e-01 1.15e-02
7.27838e-01 1.14e-02
7.28225e-01 1.14e-02
7.28611e-01 1.13e-02
7.28949e-01 1.12e-02
7.29334e-01 1.12e-02
7.29720e-01 1.11e-02
7.30491e-01 1.09e-02
7.31262e-01 1.07e-02
7.31983e-01 1.05e-02
7.32752e-01 1.03e-02
7.33521e-01 1.00e-02
7.34241e-01 9.80e-03
7.35009e-01 9.55e-03
7.35776e-01 9.30e-03
7.36494e-01 9.06e-03
7.37260e-01 8.82e-03
7.38025e-01 8.58e-03
7.38742e-01 8.34e-03
7.39506e-01 8.12e-03
7.40222e-01 7.90e-03
7.40985e-01 7.68e-03
7.41366e-01 7.58e-03
7.42080e-01 7.38e-03
7.42842e-01 7.18e-03
7.43603e-01 7.00e-03
7.44315e-01 6.82e-03
7.45075e-01 6.65e-03
7.45787e-01 6.48e-03
7.46546e-01 6.33e-03
7.47257e-01 6.18e-03
7.47967e-01 6.03e-03
7.48724e-01 5.89e-03
7.49433e-01 5.76e-03
7.50189e-01 5.64e-03
7.50897e-01 5.52e-03
7.51652e-01 5.40e-03
7.52359e-01 5.29e-03
7.53066e-01 5.19e-03
7.53819e-01 5.09e-03
7.54524e-01 4.99e-03
7.55277e-01 4.90e-03
7.55981e-01 4.81e-03
7.56685e-01 4.72e-03
7.57436e-01 4.64e-03
7.58139e-01 4.56e-03
7.58841e-01 4.49e-03
7.59543e-01 4.41e-03
7.60292e-01 4.35e-03
7.60993e-01 4.28e-03
7.61693e-01 4.21e-03
7.62393e-01 4.15e-03
7.63140e-01 4.09e-03
7.63839e-01 4.03e-03
7.64537e-01 3.98e-03
7.65235e-01 3.92e-03
7.65979e-01 3.87e-03
7.66676e-01 3.82e-03
7.67373e-01 3.77e-03
7.68069e-01 3.73e-03
7.68765e-01 3.68e-03
7.69460e-01 3.64e-03
7.70155e-01 3.60e-03
7.70895e-01 3.56e-03
7.71589e-01 3.53e-03
7.72282e-01 3.49e-03
7.72974e-01 3.46e-03
7.73667e-01 3.43e-03
7.74358e-01 3.40e-03
7.75050e-01 3.37e-03
7.75740e-01 3.35e-03
7.76431e-01 3.33e-03
7.77121e-01 3.31e-03
7.77810e-01 3.30e-03
7.78499e-01 3.28e-03
7.79187e-01 3.27e-03
7.79875e-01 3.27e-03
7.80563e-01 3.26e-03
7.80929e-01 3.26e-03
7.81570e-01 3.26e-03
7.82256e-01 3.27e-03
7.82942e-01 3.28e-03
7.83628e-01 3.30e-03
7.84312e-01 3.32e-03
7.84677e-01 3.33e-03
7.84997e-01 3.35e-03
7.85362e-01 3.37e-03
7.85681e-01 3.39e-03
7.86000e-01 3.41e-03
7.86364e-01 3.43e-03
7.86683e-01 3.46e-03
7.87047e-01 3.49e-03
7.87366e-01 3.53e-03
7.87730e-01 3.56e-03
7.88048e-01 3.60e-03
7.88366e-01 3.65e-03
7.88730e-01 3.70e-03
7.89048e-01 3.76e-03
7.89411e-01 3.82e-03
7.89729e-01 3.87e-03
7.90092e-01 3.91e-03
7.90410e-01 3.93e-03
7.90728e-01 3.95e-03
7.91090e-01 3.95e-03
7.91408e-01 3.96e-03
7.92087e-01 3.96e-03
7.92404e-01 3.95e-03
7.93083e-01 3.94e-03
7.93445e-01 3.94e-03
7.93761e-01 3.93e-03
7.94439e-01 3.91e-03
7.95117e-01 3.89e-03
7.95749e-01 3.87e-03
7.96426e-01 3.85e-03
7.96741e-01 3.84e-03
7.97102e-01 3.83e-03
7.97732e-01 3.80e-03
7.98408e-01 3.77e-03
7.99083e-01 3.74e-03
7.99757e-01 3.72e-03
8.00386e-01 3.69e-03
8.00745e-01 3.67e-03
8.01374e-01 3.64e-03
8.02046e-01 3.61e-03
8.02719e-01 3.58e-03
8.03346e-01 3.55e-03
8.04017e-01 3.52e-03
8.04331e-01 3.51e-03
8.05002e-01 3.48e-03
8.05627e-01 3.46e-03
8.06297e-01 3.44e-03
8.06967e-01 3.41e-03
8.07591e-01 3.40e-03
8.08260e-01 3.39e-03
8.09240e-01 3.38e-03
8.09551e-01 3.38e-03
8.09863e-01 3.39e-03
8.10174e-01 3.40e-03
8.10530e-01 3.41e-03
8.10841e-01 3.42e-03
8.11152e-01 3.44e-03
8.11463e-01 3.46e-03
8.11819e-01 3.48e-03
8.12129e-01 3.51e-03
8.12440e-01 3.55e-03
8.12751e-01 3.59e-03
8.13106e-01 3.64e-03
8.13416e-01 3.71e-03
8.13726e-01 3.78e-03
8.14036e-01 3.86e-03
8.14391e-01 3.96e-03
8.14701e-01 4.08e-03
8.15011e-01 4.22e-03
8.15321e-01 4.39e-03
8.15674e-01 4.59e-03
8.15984e-01 4.83e-03
8.16294e-01 5.12e-03
8.16603e-01 5.47e-03
8.16956e-01 5.90e-03
8.17266e-01 6.43e-03
8.17575e-01 7.09e-03
8.17884e-01 7.89e-03
8.18193e-01 8.88e-03
8.18546e-01 1.01e-02
8.18854e-01 1.15e-02
8.19163e-01 1.30e-02
8.19471e-01 1.45e-02
8.19824e-01 1.57e-02
8.20132e-01 1.67e-02
8.20440e-01 1.65e-02
8.20749e-01 1.56e-02
8.21057e-01 1.42e-02
8.21364e-01 1.27e-02
8.21716e-01 1.12e-02
8.22024e-01 9.87e-03
8.22332e-01 8.76e-03
8.22639e-01 7.85e-03
8.22947e-01 7.11e-03
8.23298e-01 6.51e-03
8.23605e-01 6.03e-03
8.23912e-01 5.63e-03
8.24219e-01 5.30e-03
8.24526e-01 5.02e-03
8.24833e-01 4.80e-03
8.25184e-01 4.61e-03
8.25490e-01 4.45e-03
8.25797e-01 4.31e-03
8.26103e-01 4.20e-03
8.26410e-01 4.10e-03
8.26716e-01 4.02e-03
8.27066e-01 3.95e-03
8.27372e-01 3.89e-03
8.27678e-01 3.84e-03
8.27984e-01 3.79e-03
8.28290e-01 3.75e-03
8.28595e-01 3.72e-03
8.28945e-01 3.70e-03
8.29250e-01 3.67e-03
8.29556e-01 3.65e-03
8.29861e-01 3.64e-03
8.30166e-01 3.63e-03
8.30471e-01 3.62e-03
8.30776e-01 3.61e-03
8.31081e-01 3.60e-03
8.31735e-01 3.60e-03
8.32039e-01 3.60e-03
8.32344e-01 3.60e-03
8.32953e-01 3.60e-03
8.33561e-01 3.61e-03
8.34213e-01 3.63e-03
8.34820e-01 3.64e-03
8.35428e-01 3.66e-03
8.35731e-01 3.67e-03
8.36338e-01 3.70e-03
8.36988e-01 3.72e-03
8.37594e-01 3.74e-03
8.38199e-01 3.76e-03
8.38805e-01 3.79e-03
8.39410e-01 3.81e-03
8.40014e-01 3.83e-03
8.40618e-01 3.86e-03
8.41265e-01 3.87e-03
8.41869e-01 3.89e-03
8.42170e-01 3.90e-03
8.42472e-01 3.93e-03
8.43075e-01 3.94e-03
8.43677e-01 3.96e-03
8.44279e-01 3.97e-03
8.44881e-01 3.98e-03
8.45482e-01 3.99e-03
8.46083e-01 3.99e-03
8.46984e-01 4.00e-03
8.47284e-01 4.00e-03
8.47883e-01 3.99e-03
8.48226e-01 3.98e-03
8.48526e-01 3.97e-03
8.48825e-01 3.97e-03
8.49424e-01 3.93e-03
8.49723e-01 3.89e-03
8.50023e-01 3.84e-03
8.50322e-01 3.77e-03
8.50621e-01 3.71e-03
8.50920e-01 3.66e-03
8.51219e-01 3.60e-03
8.51518e-01 3.56e-03
8.51816e-01 3.51e-03
8.52115e-01 3.47e-03
8.52413e-01 3.43e-03
8.52712e-01 3.40e-03
8.53010e-01 3.37e-03
8.53308e-01 3.34e-03
8.53606e-01 3.31e-03
8.53862e-01 3.28e-03
8.54160e-01 3.26e-03
8.54756e-01 3.21e-03
8.55351e-01 3.18e-03
8.55946e-01 3.14e-03
8.56541e-01 3.11e-03
8.57135e-01 3.09e-03
8.57729e-01 3.07e-03
8.58026e-01 3.06e-03
8.58619e-01 3.04e-03
8.59212e-01 3.02e-03
8.59805e-01 3.01e-03
8.60397e-01 3.00e-03
8.60947e-01 2.98e-03
8.61539e-01 2.97e-03
8.62130e-01 2.97e-03
8.62721e-01 2.96e-03
8.63312e-01 2.95e-03
8.63902e-01 2.94e-03
8.64492e-01 2.94e-03
8.65040e-01 2.93e-03
8.65629e-01 2.93e-03
8.66218e-01 2.92e-03
8.66806e-01 2.92e-03
8.70540e-01 2.90e-03
8.70833e-01 2.90e-03
8.71126e-01 2.92e-03
8.71419e-01 2.92e-03
8.72840e-01 2.92e-03
8.73133e-01 2.93e-03
9.09669e-01 2.89e-03
9.23425e-01 2.87e-03
9.33777e-01 2.85e-03
9.42426e-01 2.82e-03
9.49455e-01 2.79e-03
9.55896e-01 2.77e-03
9.67098e-01 2.71e-03
9.72369e-01 2.69e-03
9.72633e-01 2.69e-03
9.74522e-01 2.68e-03
9.78326e-01 2.66e-03
9.78815e-01 2.66e-03
9.79266e-01 2.65e-03
9.79754e-01 2.65e-03
9.80242e-01 2.65e-03
9.80692e-01 2.65e-03
9.81179e-01 2.64e-03
9.81629e-01 2.64e-03
9.82116e-01 2.64e-03
9.82565e-01 2.64e-03
9.83052e-01 2.63e-03
9.83501e-01 2.63e-03
9.83987e-01 2.63e-03
9.84473e-01 2.62e-03
9.84921e-01 2.62e-03
9.85406e-01 2.62e-03
9.85854e-01 2.62e-03
9.86339e-01 2.61e-03
9.86786e-01 2.61e-03
9.87271e-01 2.61e-03
9.87718e-01 2.60e-03
9.88202e-01 2.60e-03
9.88649e-01 2.60e-03
9.89132e-01 2.59e-03
9.89578e-01 2.59e-03
9.90062e-01 2.59e-03
9.96063e-01 2.56e-03
9.96284e-01 2.56e-03
9.97428e-01 2.56e-03
9.97649e-01 2.56e-03
9.98129e-01 2.56e-03
9.98571e-01 2.55e-03
9.99013e-01 2.55e-03
9.99492e-01 2.55e-03
9.99933e-01 2.55e-03
1.00041e+00 2.54e-03
1.00085e+00 2.54e-03
1.00129e+00 2.54e-03
1.00177e+00 2.53e-03
1.00221e+00 2.53e-03
1.00269e+00 2.53e-03
1.00313e+00 2.52e-03
1.00357e+00 2.52e-03
1.00405e+00 2.52e-03
1.00448e+00 2.52e-03
1.00492e+00 2.51e-03
1.00540e+00 2.51e-03
1.00584e+00 2.51e-03
1.00628e+00 2.50e-03
1.00675e+00 2.50e-03
1.00719e+00 2.50e-03
1.00763e+00 2.49e-03
1.00810e+00 2.49e-03
1.00854e+00 2.49e-03
1.00898e+00 2.48e-03
1.00945e+00 2.48e-03
1.00989e+00 2.48e-03
1.01033e+00 2.48e-03
1.01080e+00 2.47e-03
1.01124e+00 2.47e-03
1.01167e+00 2.47e-03
1.01215e+00 2.46e-03
1.01258e+00 2.46e-03
1.01302e+00 2.46e-03
1.01345e+00 2.45e-03
1.01393e+00 2.45e-03
1.01436e+00 2.45e-03
1.01480e+00 2.44e-03
1.01527e+00 2.44e-03
1.01570e+00 2.44e-03
1.01614e+00 2.44e-03
1.01657e+00 2.43e-03
1.01704e+00 2.43e-03
1.01747e+00 2.43e-03
1.01791e+00 2.42e-03
1.01834e+00 2.42e-03
1.01881e+00 2.42e-03
1.01924e+00 2.41e-03
1.01968e+00 2.41e-03
1.02011e+00 2.41e-03
1.02054e+00 2.41e-03
1.02101e+00 2.40e-03
1.02144e+00 2.40e-03
1.02188e+00 2.40e-03
1.02231e+00 2.39e-03
1.02252e+00 2.40e-03
1.02299e+00 2.39e-03
1.02342e+00 2.39e-03
1.02385e+00 2.39e-03
1.02428e+00 2.38e-03
1.02471e+00 2.38e-03
1.02518e+00 2.38e-03
1.02561e+00 2.37e-03
1.02604e+00 2.37e-03
1.02647e+00 2.37e-03
1.02690e+00 2.37e-03
1.02737e+00 2.36e-03
1.02780e+00 2.36e-03
1.02823e+00 2.36e-03
1.02865e+00 2.35e-03
1.02908e+00 2.35e-03
1.02951e+00 2.35e-03
1.02998e+00 2.34e-03
1.03040e+00 2.34e-03
1.03083e+00 2.34e-03
1.03126e+00 2.34e-03
1.03169e+00 2.33e-03
1.03212e+00 2.33e-03
1.03254e+00 2.33e-03
1.03297e+00 2.32e-03
1.03343e+00 2.32e-03
1.03386e+00 2.32e-03
1.03429e+00 2.32e-03
1.03471e+00 2.31e-03
1.03514e+00 2.31e-03
1.03557e+00 2.31e-03
1.03599e+00 2.31e-03
1.03642e+00 2.30e-03
1.03684e+00 2.30e-03
1.03730e+00 2.30e-03
1.03773e+00 2.29e-03
1.03815e+00 2.29e-03
1.03858e+00 2.29e-03
1.03900e+00 2.29e-03
1.03943e+00 2.28e-03
1.03985e+00 2.28e-03
1.04028e+00 2.28e-03
1.04070e+00 2.28e-03
1.04112e+00 2.27e-03
1.04155e+00 2.27e-03
1.04197e+00 2.27e-03
1.04239e+00 2.26e-03
1.04282e+00 2.26e-03
1.04324e+00 2.26e-03
1.04370e+00 2.26e-03
1.04412e+00 2.25e-03
1.04454e+00 2.25e-03
1.04497e+00 2.25e-03
1.04539e+00 2.25e-03
1.04581e+00 2.24e-03
1.04623e+00 2.24e-03
1.04665e+00 2.24e-03
1.04707e+00 2.24e-03
1.04749e+00 2.23e-03
1.04792e+00 2.23e-03
1.04834e+00 2.23e-03
1.04876e+00 2.22e-03
1.04918e+00 2.22e-03
1.04960e+00 2.22e-03
1.05002e+00 2.22e-03
1.05044e+00 2.21e-03
1.05086e+00 2.21e-03
1.05128e+00 2.21e-03
1.05170e+00 2.21e-03
1.05211e+00 2.20e-03
1.05253e+00 2.20e-03
1.05295e+00 2.20e-03
1.05337e+00 2.20e-03
1.05379e+00 2.19e-03
1.05421e+00 2.19e-03
1.05463e+00 2.19e-03
1.05504e+00 2.19e-03
1.05543e+00 2.18e-03
1.05584e+00 2.18e-03
1.05626e+00 2.18e-03
1.05668e+00 2.18e-03
1.05710e+00 2.17e-03
1.05751e+00 2.17e-03
1.05793e+00 2.17e-03
1.05835e+00 2.17e-03
1.05876e+00 2.16e-03
1.05918e+00 2.16e-03
1.05959e+00 2.16e-03
1.06001e+00 2.16e-03
1.06043e+00 2.15e-03
1.06084e+00 2.15e-03
1.06126e+00 2.15e-03
1.06164e+00 2.15e-03
1.06205e+00 2.14e-03
1.06247e+00 2.14e-03
1.06288e+00 2.14e-03
1.06330e+00 2.14e-03
1.06371e+00 2.13e-03
1.06412e+00 2.13e-03
1.06454e+00 2.13e-03
1.06495e+00 2.13e-03
1.06537e+00 2.12e-03
1.06574e+00 2.12e-03
1.06616e+00 2.12e-03
1.06657e+00 2.12e-03
1.06698e+00 2.11e-03
1.06740e+00 2.11e-03
1.06781e+00 2.11e-03
1.06822e+00 2.11e-03
1.06860e+00 2.10e-03
1.06901e+00 2.10e-03
1.06942e+00 2.10e-03
1.06984e+00 2.10e-03
1.07025e+00 2.09e-03
1.07066e+00 2.09e-03
1.07107e+00 2.09e-03
1.07145e+00 2.09e-03
1.07186e+00 2.09e-03
1.07227e+00 2.08e-03
1.07268e+00 2.08e-03
1.07309e+00 2.08e-03
1.07350e+00 2.08e-03
1.07388e+00 2.07e-03
1.07429e+00 2.07e-03
1.07470e+00 2.07e-03
1.07510e+00 2.07e-03
1.07551e+00 2.06e-03
1.07592e+00 2.06e-03
1.07630e+00 2.06e-03
1.07671e+00 2.06e-03
1.07712e+00 2.05e-03
1.07752e+00 2.05e-03
1.07793e+00 2.05e-03
1.07831e+00 2.05e-03
1.07872e+00 2.05e-03
1.07912e+00 2.04e-03
1.07953e+00 2.04e-03
1.07991e+00 2.04e-03
1.08031e+00 2.04e-03
1.08072e+00 2.03e-03
1.08113e+00 2.03e-03
1.08153e+00 2.03e-03
1.08191e+00 2.03e-03
1.08231e+00 2.03e-03
1.08272e+00 2.02e-03
1.08313e+00 2.02e-03
1.08350e+00 2.02e-03
1.08390e+00 2.02e-03
1.08431e+00 2.01e-03
1.08472e+00 2.01e-03
1.08509e+00 2.01e-03
1.08549e+00 2.01e-03
1.08590e+00 2.01e-03
1.08630e+00 2.00e-03
1.08667e+00 2.00e-03
1.08708e+00 2.00e-03
1.08748e+00 2.00e-03
1.08789e+00 1.99e-03
1.08826e+00 1.99e-03
1.08866e+00 1.99e-03
1.08907e+00 1.99e-03
1.08947e+00 1.99e-03
1.08984e+00 1.98e-03
1.09024e+00 1.98e-03
1.09065e+00 1.98e-03
1.09102e+00 1.98e-03
1.09142e+00 1.98e-03
1.09182e+00 1.97e-03
1.09223e+00 1.97e-03
1.09259e+00 1.97e-03
1.09300e+00 1.97e-03
1.09340e+00 1.96e-03
1.09377e+00 1.96e-03
1.09417e+00 1.96e-03
1.09457e+00 1.96e-03
1.09494e+00 1.96e-03
1.09534e+00 1.95e-03
1.09574e+00 1.95e-03
1.09611e+00 1.95e-03
1.09651e+00 1.95e-03
1.09691e+00 1.95e-03
1.09728e+00 1.94e-03
1.09768e+00 1.94e-03
1.09808e+00 1.94e-03
1.09845e+00 1.94e-03
1.09885e+00 1.94e-03
1.09925e+00 1.93e-03
1.09961e+00 1.93e-03
1.10001e+00 1.93e-03
1.10041e+00 1.93e-03
1.10078e+00 1.93e-03
1.10118e+00 1.92e-03
1.10157e+00 1.92e-03
1.10194e+00 1.92e-03
1.10234e+00 1.92e-03
1.10274e+00 1.91e-03
1.10310e+00 1.91e-03
1.10350e+00 1.91e-03
1.10390e+00 1.91e-03
1.10426e+00 1.91e-03
1.10466e+00 1.90e-03
1.10503e+00 1.90e-03
1.10542e+00 1.90e-03
1.10582e+00 1.90e-03
1.10618e+00 1.90e-03
1.10658e+00 1.89e-03
1.10698e+00 1.89e-03
1.10734e+00 1.89e-03
1.10774e+00 1.89e-03
1.10810e+00 1.89e-03
1.10850e+00 1.88e-03
1.10889e+00 1.88e-03
1.10926e+00 1.88e-03
1.10965e+00 1.88e-03
1.11001e+00 1.88e-03
1.11041e+00 1.87e-03
1.11080e+00 1.87e-03
1.11117e+00 1.87e-03
1.11156e+00 1.87e-03
1.11192e+00 1.87e-03
1.11232e+00 1.86e-03
1.11268e+00 1.86e-03
1.11307e+00 1.86e-03
1.11347e+00 1.86e-03
1.11383e+00 1.86e-03
1.11422e+00 1.85e-03
1.11458e+00 1.85e-03
1.11498e+00 1.85e-03
1.11534e+00 1.85e-03
1.11573e+00 1.85e-03
1.11612e+00 1.84e-03
1.11648e+00 1.84e-03
1.11688e+00 1.84e-03
1.11724e+00 1.84e-03
1.11763e+00 1.84e-03
1.11799e+00 1.84e-03
1.11838e+00 1.83e-03
1.11874e+00 1.83e-03
1.11913e+00 1.83e-03
1.11953e+00 1.83e-03
1.11988e+00 1.83e-03
1.12028e+00 1.82e-03
1.12063e+00 1.82e-03
1.14046e+00 1.73e-03
1.15905e+00 1.64e-03
1.17295e+00 1.58e-03
1.19241e+00 1.50e-03
1.21039e+00 1.43e-03
1.22210e+00 1.38e-03
1.24294e+00 1.31e-03
1.26107e+00 1.24e-03
1.27116e+00 1.21e-03
1.29267e+00 1.14e-03
1.31103e+00 1.09e-03
1.32002e+00 1.06e-03
1.33876e+00 1.01e-03
1.35717e+00 9.61e-04
1.36747e+00 9.35e-04
1.38241e+00 8.98e-04
1.40128e+00 8.53e-04
1.41067e+00 8.32e-04
1.43558e+00 7.79e-04
1.45433e+00 7.40e-04
1.47732e+00 6.96e-04
1.50087e+00 6.53e-04
1.52857e+00 6.07e-04
1.54818e+00 5.75e-04
1.57665e+00 5.33e-04
1.59562e+00 5.06e-04
1.61387e+00 4.82e-04
1.61399e+00 4.82e-04
1.64150e+00 4.47e-04
1.67412e+00 4.10e-04
1.69117e+00 3.91e-04
1.72614e+00 3.56e-04
1.73860e+00 3.45e-04
1.77703e+00 3.11e-04
1.78499e+00 3.04e-04
1.82642e+00 2.72e-04
1.87106e+00 2.41e-04
1.92169e+00 2.11e-04
1.95218e+00 1.94e-04
1.95617e+00 1.92e-04
1.95689e+00 1.92e-04
1.95726e+00 1.91e-04
1.95763e+00 1.91e-04
1.95799e+00 1.91e-04
1.95836e+00 1.91e-04
1.95873e+00 1.91e-04
1.95909e+00 1.90e-04
1.95946e+00 1.90e-04
1.95983e+00 1.90e-04
1.96019e+00 1.90e-04
1.96056e+00 1.90e-04
1.96093e+00 1.89e-04
1.96129e+00 1.89e-04
1.96167e+00 1.89e-04
1.96204e+00 1.89e-04
1.98086e+00 1.80e-04
1.98125e+00 1.79e-04
1.98162e+00 1.79e-04
1.98201e+00 1.79e-04
1.98239e+00 1.79e-04
1.98278e+00 1.79e-04
1.98318e+00 1.79e-04
1.98356e+00 1.78e-04
1.98395e+00 1.78e-04
1.98433e+00 1.78e-04
1.98472e+00 1.78e-04
1.98510e+00 1.78e-04
1.98550e+00 1.77e-04
1.98589e+00 1.77e-04
1.98627e+00 1.77e-04
1.98667e+00 1.77e-04
1.98705e+00 1.77e-04
1.98745e+00 1.76e-04
1.98783e+00 1.76e-04
1.98823e+00 1.76e-04
1.98861e+00 1.76e-04
1.98901e+00 1.76e-04
1.98939e+00 1.76e-04
1.98979e+00 1.75e-04
1.99019e+00 1.75e-04
1.99058e+00 1.75e-04
1.99097e+00 1.75e-04
1.99136e+00 1.75e-04
1.99176e+00 1.74e-04
1.99215e+00 1.74e-04
1.99255e+00 1.74e-04
1.99294e+00 1.74e-04
1.99334e+00 1.74e-04
1.99373e+00 1.73e-04
1.99413e+00 1.73e-04
1.99452e+00 1.73e-04
1.99492e+00 1.73e-04
1.99533e+00 1.73e-04
1.99572e+00 1.73e-04
1.99611e+00 1.72e-04
1.99652e+00 1.72e-04
1.99692e+00 1.72e-04
1.99731e+00 1.72e-04
1.99772e+00 1.72e-04
1.99811e+00 1.71e-04
1.99852e+00 1.71e-04
1.99891e+00 1.71e-04
1.99932e+00 1.71e-04
1.99972e+00 1.71e-04
2.00011e+00 1.71e-04
2.00052e+00 1.70e-04
2.00093e+00 1.70e-04
2.00133e+00 1.70e-04
2.00174e+00 1.70e-04
2.00214e+00 1.70e-04
2.00253e+00 1.69e-04
2.00294e+00 1.69e-04
2.00334e+00 1.69e-04
2.00376e+00 1.69e-04
2.00417e+00 1.69e-04
2.00457e+00 1.68e-04
2.00497e+00 1.68e-04
2.00538e+00 1.68e-04
2.00580e+00 1.68e-04
2.00620e+00 1.68e-04
2.00660e+00 1.67e-04
2.00702e+00 1.67e-04
2.00742e+00 1.67e-04
2.00784e+00 1.67e-04
2.00824e+00 1.67e-04
2.00866e+00 1.67e-04
2.00906e+00 1.66e-04
2.00947e+00 1.66e-04
2.00989e+00 1.66e-04
2.01029e+00 1.66e-04
2.01071e+00 1.66e-04
2.01112e+00 1.65e-04
2.01154e+00 1.65e-04
2.01195e+00 1.65e-04
2.01237e+00 1.65e-04
2.01278e+00 1.65e-04
2.01319e+00 1.65e-04
2.01361e+00 1.64e-04
2.01402e+00 1.64e-04
2.01444e+00 1.64e-04
2.01486e+00 1.64e-04
2.01528e+00 1.64e-04
2.01569e+00 1.63e-04
2.01612e+00 1.63e-04
2.01653e+00 1.63e-04
2.01695e+00 1.63e-04
2.01737e+00 1.63e-04
2.01779e+00 1.63e-04
2.01820e+00 1.62e-04
2.01863e+00 1.62e-04
2.01905e+00 1.62e-04
2.01947e+00 1.62e-04
2.01989e+00 1.62e-04
2.02032e+00 1.61e-04
2.02074e+00 1.61e-04
2.02116e+00 1.61e-04
2.02159e+00 1.61e-04
2.02180e+00 1.60e-04
2.02222e+00 1.60e-04
2.02265e+00 1.60e-04
2.02307e+00 1.60e-04
2.02351e+00 1.60e-04
2.02393e+00 1.59e-04
2.02435e+00 1.59e-04
2.02479e+00 1.59e-04
2.02521e+00 1.59e-04
2.02563e+00 1.59e-04
2.02607e+00 1.59e-04
2.02650e+00 1.58e-04
2.02692e+00 1.58e-04
2.02736e+00 1.58e-04
2.02779e+00 1.58e-04
2.02821e+00 1.58e-04
2.02865e+00 1.57e-04
2.02908e+00 1.57e-04
2.02952e+00 1.57e-04
2.02995e+00 1.57e-04
2.03038e+00 1.57e-04
2.03082e+00 1.57e-04
2.03125e+00 1.56e-04
2.03168e+00 1.56e-04
2.03213e+00 1.56e-04
2.03256e+00 1.56e-04
2.03299e+00 1.56e-04
2.03344e+00 1.55e-04
2.03387e+00 1.55e-04
2.03431e+00 1.55e-04
2.03474e+00 1.55e-04
2.03519e+00 1.55e-04
2.03562e+00 1.55e-04
2.03606e+00 1.54e-04
2.03651e+00 1.54e-04
2.03695e+00 1.54e-04
2.03739e+00 1.54e-04
2.03784e+00 1.54e-04
2.03828e+00 1.53e-04
2.03872e+00 1.53e-04
2.03917e+00 1.53e-04
2.03961e+00 1.53e-04
2.04005e+00 1.53e-04
2.04049e+00 1.53e-04
2.04095e+00 1.52e-04
2.04139e+00 1.52e-04
2.04183e+00 1.52e-04
2.04228e+00 1.52e-04
2.04274e+00 1.52e-04
2.04318e+00 1.51e-04
2.04363e+00 1.51e-04
2.04409e+00 1.51e-04
2.04453e+00 1.51e-04
2.04498e+00 1.51e-04
2.04543e+00 1.50e-04
2.04588e+00 1.50e-04
2.04634e+00 1.50e-04
2.04679e+00 1.50e-04
2.04724e+00 1.50e-04
2.04771e+00 1.50e-04
2.04816e+00 1.49e-04
2.04861e+00 1.49e-04
2.04907e+00 1.49e-04
2.04952e+00 1.49e-04
2.04997e+00 1.49e-04
2.05044e+00 1.48e-04
2.05090e+00 1.48e-04
2.05135e+00 1.48e-04
2.05181e+00 1.48e-04
2.05228e+00 1.48e-04
2.05274e+00 1.47e-04
2.05320e+00 1.47e-04
2.05366e+00 1.47e-04
2.05412e+00 1.47e-04
2.05459e+00 1.47e-04
2.05505e+00 1.47e-04
2.05551e+00 1.46e-04
2.05598e+00 1.46e-04
2.05644e+00 1.46e-04
2.05691e+00 1.46e-04
2.05737e+00 1.46e-04
2.05785e+00 1.45e-04
2.05831e+00 1.45e-04
2.05878e+00 1.45e-04
2.05925e+00 1.45e-04
2.05972e+00 1.45e-04
2.06020e+00 1.45e-04
2.06067e+00 1.44e-04
2.06114e+00 1.44e-04
2.06161e+00 1.44e-04
2.06208e+00 1.44e-04
2.06255e+00 1.44e-04
2.06303e+00 1.43e-04
2.06350e+00 1.43e-04
2.06399e+00 1.43e-04
2.06445e+00 1.43e-04
2.06494e+00 1.43e-04
2.06541e+00 1.43e-04
2.06589e+00 1.42e-04
2.06637e+00 1.42e-04
2.06685e+00 1.42e-04
2.06733e+00 1.42e-04
2.06781e+00 1.42e-04
2.06829e+00 1.41e-04
2.06877e+00 1.41e-04
2.06925e+00 1.41e-04
2.06974e+00 1.41e-04
2.07022e+00 1.41e-04
2.07070e+00 1.41e-04
2.07120e+00 1.40e-04
2.07169e+00 1.40e-04
2.07217e+00 1.40e-04
2.07266e+00 1.40e-04
2.07315e+00 1.40e-04
2.07364e+00 1.39e-04
2.07413e+00 1.39e-04
2.07462e+00 1.39e-04
2.07511e+00 1.39e-04
2.07560e+00 1.39e-04
2.07609e+00 1.39e-04
2.07659e+00 1.38e-04
2.07708e+00 1.38e-04
2.07758e+00 1.38e-04
2.07807e+00 1.38e-04
2.07857e+00 1.38e-04
2.07907e+00 1.37e-04
2.07957e+00 1.37e-04
2.08007e+00 1.37e-04
2.08057e+00 1.37e-04
2.08107e+00 1.37e-04
2.08156e+00 1.37e-04
2.08206e+00 1.36e-04
2.08256e+00 1.36e-04
2.08307e+00 1.36e-04
2.08357e+00 1.36e-04
2.08408e+00 1.36e-04
2.08459e+00 1.35e-04
2.08509e+00 1.35e-04
2.08560e+00 1.35e-04
2.08611e+00 1.35e-04
2.08662e+00 1.35e-04
2.08712e+00 1.35e-04
2.08763e+00 1.34e-04
2.08814e+00 1.34e-04
2.08866e+00 1.34e-04
2.08917e+00 1.34e-04
2.08969e+00 1.34e-04
2.09020e+00 1.33e-04
2.09072e+00 1.33e-04
2.09123e+00 1.33e-04
2.09175e+00 1.33e-04
2.09227e+00 1.33e-04
2.09279e+00 1.32e-04
2.09331e+00 1.32e-04
2.09383e+00 1.32e-04
2.09434e+00 1.32e-04
2.09487e+00 1.32e-04
2.09539e+00 1.31e-04
2.09592e+00 1.31e-04
2.09643e+00 1.31e-04
2.09696e+00 1.31e-04
2.09749e+00 1.31e-04
2.09802e+00 1.31e-04
2.09855e+00 1.30e-04
2.09907e+00 1.30e-04
2.09960e+00 1.30e-04
2.10014e+00 1.30e-04
2.10066e+00 1.30e-04
2.10120e+00 1.29e-04
2.10173e+00 1.29e-04
2.10227e+00 1.29e-04
2.10280e+00 1.29e-04
2.10334e+00 1.29e-04
2.10388e+00 1.28e-04
2.10441e+00 1.28e-04
2.10495e+00 1.28e-04
2.10549e+00 1.28e-04
2.10603e+00 1.28e-04
2.10657e+00 1.28e-04
2.10712e+00 1.27e-04
2.10766e+00 1.27e-04
2.10820e+00 1.27e-04
2.10875e+00 1.27e-04
2.10929e+00 1.27e-04
2.10985e+00 1.26e-04
2.11040e+00 1.26e-04
2.11094e+00 1.26e-04
2.11150e+00 1.26e-04
2.11204e+00 1.26e-04
2.11260e+00 1.26e-04
2.11315e+00 1.25e-04
2.11371e+00 1.25e-04
2.11427e+00 1.25e-04
2.11482e+00 1.25e-04
2.11538e+00 1.25e-04
2.11593e+00 1.24e-04
2.11650e+00 1.24e-04
2.11705e+00 1.24e-04
2.11762e+00 1.24e-04
2.11818e+00 1.24e-04
2.11875e+00 1.23e-04
2.11931e+00 1.23e-04
2.11988e+00 1.23e-04
2.12044e+00 1.23e-04
2.12100e+00 1.23e-04
2.12158e+00 1.23e-04
2.12214e+00 1.22e-04
2.12272e+00 1.22e-04
2.12329e+00 1.22e-04
2.12387e+00 1.22e-04
2.12444e+00 1.22e-04
2.12501e+00 1.21e-04
2.12559e+00 1.21e-04
2.12617e+00 1.21e-04
2.12674e+00 1.21e-04
2.12733e+00 1.21e-04
2.12791e+00 1.20e-04
2.12849e+00 1.20e-04
2.12908e+00 1.20e-04
2.12966e+00 1.20e-04
2.13024e+00 1.20e-04
2.13084e+00 1.20e-04
2.13142e+00 1.19e-04
2.13201e+00 1.19e-04
2.13260e+00 1.19e-04
2.13320e+00 1.19e-04
2.13379e+00 1.19e-04
2.13438e+00 1.18e-04
2.13497e+00 1.18e-04
2.13557e+00 1.18e-04
2.13618e+00 1.18e-04
2.13677e+00 1.18e-04
2.13737e+00 1.17e-04
2.13797e+00 1.17e-04
2.13857e+00 1.17e-04
2.13918e+00 1.17e-04
2.13978e+00 1.17e-04
2.14040e+00 1.16e-04
2.14101e+00 1.16e-04
2.14161e+00 1.16e-04
2.14222e+00 1.16e-04
2.14284e+00 1.16e-04
2.14345e+00 1.15e-04
2.14406e+00 1.15e-04
2.14468e+00 1.15e-04
2.14530e+00 1.15e-04
2.14592e+00 1.15e-04
2.14654e+00 1.14e-04
2.14716e+00 1.14e-04
2.14778e+00 1.14e-04
2.14841e+00 1.14e-04
2.14903e+00 1.14e-04
2.14966e+00 1.14e-04
2.15028e+00 1.13e-04
2.15091e+00 1.13e-04
2.15155e+00 1.13e-04
2.15218e+00 1.13e-04
2.15282e+00 1.13e-04
2.15345e+00 1.12e-04
2.15409e+00 1.12e-04
2.15472e+00 1.12e-04
2.15537e+00 1.12e-04
2.15601e+00 1.12e-04
2.15666e+00 1.11e-04
2.15729e+00 1.11e-04
2.15794e+00 1.11e-04
2.15859e+00 1.11e-04
2.15923e+00 1.11e-04
2.15989e+00 1.10e-04
2.16054e+00 1.10e-04
2.16119e+00 1.10e-04
2.16185e+00 1.10e-04
2.16251e+00 1.10e-04
2.16317e+00 1.10e-04
2.16383e+00 1.09e-04
2.16449e+00 1.09e-04
2.16516e+00 1.09e-04
2.16583e+00 1.09e-04
2.16649e+00 1.09e-04
2.16715e+00 1.08e-04
2.16783e+00 1.08e-04
2.16849e+00 1.08e-04
2.16917e+00 1.08e-04
2.16984e+00 1.08e-04
2.17053e+00 1.07e-04
2.17120e+00 1.07e-04
2.17188e+00 1.07e-04
2.17257e+00 1.07e-04
2.17325e+00 1.07e-04
2.17393e+00 1.06e-04
2.17463e+00 1.06e-04
2.17531e+00 1.06e-04
2.17600e+00 1.06e-04
2.17669e+00 1.06e-04
2.17740e+00 1.05e-04
2.17809e+00 1.05e-04
2.17879e+00 1.05e-04
2.17949e+00 1.05e-04
2.18019e+00 1.05e-04
2.18089e+00 1.04e-04
2.18160e+00 1.04e-04
2.18231e+00 1.04e-04
2.18302e+00 1.04e-04
2.18373e+00 1.04e-04
2.18444e+00 1.03e-04
2.18516e+00 1.03e-04
2.18588e+00 1.03e-04
2.18660e+00 1.03e-04
2.18732e+00 1.03e-04
2.18805e+00 1.02e-04
2.18878e+00 1.02e-04
2.18951e+00 1.02e-04
2.19023e+00 1.02e-04
2.19096e+00 1.02e-04
2.19170e+00 1.01e-04
2.19244e+00 1.01e-04
2.19280e+00 1.01e-04
2.19317e+00 1.01e-04
2.19392e+00 1.01e-04
2.19465e+00 1.00e-04
2.19540e+00 1.00e-04
2.19615e+00 1.00e-04
2.19690e+00 9.99e-05
2.19766e+00 9.97e-05
2.19841e+00 9.95e-05
2.19917e+00 9.93e-05
2.19954e+00 9.91e-05
2.20031e+00 9.89e-05
2.20107e+00 9.87e-05
2.20184e+00 9.85e-05
2.20260e+00 9.83e-05
2.20337e+00 9.81e-05
2.20415e+00 9.79e-05
2.20492e+00 9.77e-05
2.20569e+00 9.75e-05
2.20647e+00 9.73e-05
2.20725e+00 9.71e-05
2.20804e+00 9.69e-05
2.20882e+00 9.67e-05
2.20961e+00 9.65e-05
2.21040e+00 9.63e-05
2.21120e+00 9.60e-05
2.21200e+00 9.58e-05
2.21280e+00 9.56e-05
2.21360e+00 9.54e-05
2.21441e+00 9.52e-05
2.21522e+00 9.50e-05
2.21602e+00 9.48e-05
2.21684e+00 9.46e-05
2.21766e+00 9.44e-05
2.21847e+00 9.42e-05
2.21930e+00 9.40e-05
2.22013e+00 9.38e-05
2.22095e+00 9.36e-05
2.22178e+00 9.34e-05
2.22261e+00 9.31e-05
2.22346e+00 9.29e-05
2.22429e+00 9.27e-05
2.22513e+00 9.25e-05
2.22597e+00 9.23e-05
2.22683e+00 9.21e-05
2.22768e+00 9.19e-05
2.22853e+00 9.17e-05
2.22939e+00 9.14e-05
2.23025e+00 9.12e-05
2.23111e+00 9.10e-05
2.23198e+00 9.08e-05
2.23285e+00 9.06e-05
2.23373e+00 9.04e-05
2.23461e+00 9.01e-05
2.23548e+00 8.99e-05
2.23637e+00 8.97e-05
2.23726e+00 8.95e-05
2.23815e+00 8.93e-05
2.23904e+00 8.90e-05
2.23994e+00 8.88e-05
2.24084e+00 8.86e-05
2.24175e+00 8.84e-05
2.24265e+00 8.82e-05
2.24357e+00 8.80e-05
2.24449e+00 8.78e-05
2.24540e+00 8.75e-05
2.24633e+00 8.73e-05
2.24725e+00 8.71e-05
2.24818e+00 8.69e-05
2.24912e+00 8.67e-05
2.25006e+00 8.65e-05
2.25101e+00 8.63e-05
2.25195e+00 8.60e-05
2.25290e+00 8.58e-05
2.25386e+00 8.56e-05
2.25482e+00 8.54e-05
2.25578e+00 8.52e-05
2.25675e+00 8.49e-05
2.25772e+00 8.47e-05
2.25870e+00 8.45e-05
2.25968e+00 8.43e-05
2.26067e+00 8.41e-05
2.26166e+00 8.38e-05
2.26265e+00 8.36e-05
2.26365e+00 8.34e-05
2.26465e+00 8.32e-05
2.26566e+00 8.29e-05
2.26667e+00 8.27e-05
2.26769e+00 8.25e-05
2.26871e+00 8.22e-05
2.26974e+00 8.20e-05
2.27077e+00 8.18e-05
2.27181e+00 8.16e-05
2.27285e+00 8.13e-05
2.27390e+00 8.11e-05
2.27496e+00 8.09e-05
2.27602e+00 8.06e-05
2.27707e+00 8.04e-05
2.27814e+00 8.02e-05
2.27921e+00 7.99e-05
2.28030e+00 7.97e-05
2.28138e+00 7.94e-05
2.28247e+00 7.92e-05
2.28358e+00 7.90e-05
2.28468e+00 7.87e-05
2.28578e+00 7.85e-05
2.28690e+00 7.82e-05
2.28802e+00 7.80e-05
2.28915e+00 7.78e-05
2.29028e+00 7.75e-05
2.29141e+00 7.73e-05
2.29257e+00 7.71e-05
2.29372e+00 7.68e-05
2.29488e+00 7.66e-05
2.29604e+00 7.64e-05
2.29721e+00 7.61e-05
2.29839e+00 7.59e-05
2.29958e+00 7.57e-05
2.30077e+00 7.54e-05
2.30197e+00 7.52e-05
2.30318e+00 7.49e-05
2.30438e+00 7.47e-05
2.30558e+00 7.44e-05
2.30688e+00 7.42e-05
2.30807e+00 7.39e-05
2.30936e+00 7.37e-05
2.31055e+00 7.34e-05
2.31184e+00 7.32e-05
2.31313e+00 7.29e-05
2.31441e+00 7.27e-05
2.31570e+00 7.24e-05
2.31698e+00 7.22e-05
2.31826e+00 7.19e-05
2.31954e+00 7.17e-05
2.32092e+00 7.14e-05
2.32219e+00 7.12e-05
2.32356e+00 7.09e-05
2.32493e+00 7.06e-05
2.32630e+00 7.04e-05
2.32767e+00 7.01e-05
2.32903e+00 6.98e-05
2.33039e+00 6.96e-05
2.33185e+00 6.93e-05
2.33321e+00 6.90e-05
2.33466e+00 6.88e-05
2.33534e+00 6.86e-05
2.33612e+00 6.83e-05
2.33747e+00 6.80e-05
2.33901e+00 6.78e-05
2.34046e+00 6.75e-05
2.34190e+00 6.73e-05
2.34344e+00 6.70e-05
2.34488e+00 6.67e-05
2.34641e+00 6.65e-05
2.34794e+00 6.62e-05
2.34947e+00 6.59e-05
2.35099e+00 6.56e-05
2.35261e+00 6.54e-05
2.35413e+00 6.51e-05
2.35575e+00 6.48e-05
2.35736e+00 6.45e-05
2.35897e+00 6.43e-05
2.36057e+00 6.40e-05
2.36227e+00 6.37e-05
2.36396e+00 6.34e-05
2.36556e+00 6.31e-05
2.36734e+00 6.28e-05
2.36903e+00 6.25e-05
2.37071e+00 6.22e-05
2.37248e+00 6.19e-05
2.37425e+00 6.16e-05
2.37602e+00 6.13e-05
2.37788e+00 6.10e-05
2.37964e+00 6.07e-05
2.38149e+00 6.04e-05
2.38334e+00 6.01e-05
2.38527e+00 5.98e-05
2.38711e+00 5.95e-05
2.38904e+00 5.92e-05
2.39096e+00 5.89e-05
2.39297e+00 5.86e-05
2.39498e+00 5.83e-05
2.39699e+00 5.80e-05
2.39899e+00 5.77e-05
2.40107e+00 5.74e-05
2.40315e+00 5.70e-05
2.40532e+00 5.67e-05
2.40740e+00 5.64e-05
2.40964e+00 5.60e-05
2.41180e+00 5.57e-05
2.41404e+00 5.54e-05
2.41627e+00 5.50e-05
2.41859e+00 5.47e-05
2.42090e+00 5.43e-05
2.42330e+00 5.40e-05
2.42569e+00 5.36e-05
2.42816e+00 5.33e-05
2.43063e+00 5.29e-05
2.43317e+00 5.26e-05
2.43572e+00 5.22e-05
2.43825e+00 5.19e-05
2.44095e+00 5.15e-05
2.44365e+00 5.11e-05
2.44634e+00 5.08e-05
2.44911e+00 5.04e-05
2.45195e+00 5.00e-05
2.45488e+00 4.96e-05
2.45779e+00 4.92e-05
2.46087e+00 4.88e-05
2.46394e+00 4.84e-05
2.46708e+00 4.80e-05
2.47022e+00 4.75e-05
2.47351e+00 4.71e-05
2.47687e+00 4.67e-05
2.48031e+00 4.63e-05
2.48382e+00 4.59e-05
2.48740e+00 4.54e-05
2.49114e+00 4.50e-05
2.49494e+00 4.45e-05
2.49881e+00 4.40e-05
2.50283e+00 4.36e-05
2.50699e+00 4.31e-05
2.51122e+00 4.26e-05
2.51568e+00 4.21e-05
2.52019e+00 4.15e-05
2.52493e+00 4.10e-05
2.52980e+00 4.05e-05
2.53481e+00 4.00e-05
2.54010e+00 3.94e-05
2.54561e+00 3.88e-05
2.55132e+00 3.82e-05
2.55730e+00 3.76e-05
2.56364e+00 3.69e-05
2.57024e+00 3.63e-05
2.57726e+00 3.56e-05
2.58475e+00 3.49e-05
2.59264e+00 3.42e-05
2.60113e+00 3.34e-05
2.61029e+00 3.26e-05
2.62024e+00 3.17e-05
2.62554e+00 3.13e-05
2.63110e+00 3.08e-05
2.63698e+00 3.03e-05
2.64319e+00 2.98e-05
2.64971e+00 2.93e-05
2.66410e+00 2.82e-05
2.67215e+00 2.76e-05
2.68082e+00 2.70e-05
2.69029e+00 2.63e-05
2.70069e+00 2.55e-05
2.71231e+00 2.48e-05
2.72543e+00 2.39e-05
2.74065e+00 2.30e-05
2.75874e+00 2.19e-05
2.78130e+00 2.06e-05
2.81151e+00 1.90e-05
2.85859e+00 1.67e-05
2.99573e+00 1.16e-05
