# OPACITY Project tables
-2.61515e+00 1.15e+02
-2.27341e+00 3.96e+01
-2.07433e+00 2.13e+01
-1.93351e+00 1.38e+01
-1.82455e+00 9.79e+00
-1.73574e+00 7.43e+00
-1.66078e+00 5.88e+00
-1.59603e+00 4.80e+00
-1.53898e+00 4.02e+00
-1.48802e+00 3.43e+00
-1.44198e+00 2.97e+00
-1.40003e+00 2.61e+00
-1.36148e+00 2.31e+00
-1.32584e+00 2.07e+00
-1.29269e+00 1.87e+00
-1.26174e+00 1.70e+00
-1.23268e+00 1.55e+00
-1.20531e+00 1.42e+00
-1.17944e+00 1.31e+00
-1.15493e+00 1.22e+00
-1.13165e+00 1.13e+00
-1.10945e+00 1.06e+00
-1.08827e+00 9.92e-01
-1.06799e+00 9.32e-01
-1.04857e+00 8.78e-01
-1.02994e+00 8.30e-01
-1.01200e+00 7.86e-01
-9.94739e-01 7.46e-01
-9.78086e-01 7.09e-01
-9.62021e-01 6.76e-01
-9.46492e-01 6.45e-01
-9.31455e-01 6.17e-01
-9.16916e-01 5.91e-01
-9.02807e-01 5.68e-01
-8.89113e-01 5.45e-01
-8.75797e-01 5.25e-01
-8.62868e-01 5.06e-01
-8.50292e-01 4.88e-01
-8.38057e-01 4.71e-01
-8.26130e-01 4.55e-01
-8.14502e-01 4.41e-01
-8.03185e-01 4.27e-01
-7.81301e-01 4.02e-01
-7.70741e-01 3.90e-01
-7.60420e-01 3.79e-01
-7.50331e-01 3.69e-01
-7.40469e-01 3.59e-01
-7.30787e-01 3.49e-01
-7.21320e-01 3.40e-01
-7.12045e-01 3.32e-01
-7.02955e-01 3.23e-01
-6.94048e-01 3.15e-01
-6.85298e-01 3.08e-01
-6.76723e-01 3.01e-01
-6.68298e-01 2.94e-01
-6.60041e-01 2.87e-01
-6.51909e-01 2.81e-01
-6.43938e-01 2.75e-01
-6.36087e-01 2.69e-01
-6.28390e-01 2.64e-01
-6.20808e-01 2.59e-01
-6.13357e-01 2.53e-01
-6.06016e-01 2.49e-01
-5.98801e-01 2.44e-01
-5.84687e-01 2.35e-01
-5.77803e-01 2.31e-01
-5.71018e-01 2.27e-01
-5.64314e-01 2.23e-01
-5.57725e-01 2.19e-01
-5.51231e-01 2.15e-01
-5.44831e-01 2.11e-01
-5.38505e-01 2.08e-01
-5.32288e-01 2.04e-01
-5.26142e-01 2.01e-01
-5.14098e-01 1.95e-01
-5.02362e-01 1.89e-01
-4.90925e-01 1.83e-01
-4.79779e-01 1.78e-01
-4.68884e-01 1.73e-01
-4.58265e-01 1.68e-01
-4.47882e-01 1.63e-01
-4.37730e-01 1.59e-01
-4.27803e-01 1.55e-01
-4.18095e-01 1.51e-01
-4.08585e-01 1.47e-01
-3.99284e-01 1.43e-01
-3.90158e-01 1.39e-01
-3.81216e-01 1.36e-01
-3.72456e-01 1.33e-01
-3.63858e-01 1.29e-01
-3.55419e-01 1.26e-01
-3.47135e-01 1.23e-01
-3.39003e-01 1.20e-01
-3.31021e-01 1.17e-01
-3.23185e-01 1.15e-01
-3.15464e-01 1.12e-01
-3.07885e-01 1.10e-01
-3.00430e-01 1.07e-01
-2.93097e-01 1.05e-01
-2.85884e-01 1.03e-01
-2.78788e-01 1.01e-01
-2.71796e-01 9.90e-02
-2.64917e-01 9.70e-02
-2.58149e-01 9.51e-02
-2.51466e-01 9.32e-02
-2.44891e-01 9.14e-02
-2.38409e-01 8.96e-02
-2.32020e-01 8.79e-02
-2.25722e-01 8.63e-02
-2.19513e-01 8.48e-02
-2.13391e-01 8.33e-02
-2.07344e-01 8.19e-02
-2.01382e-01 8.05e-02
-1.95504e-01 7.91e-02
-1.89697e-01 7.78e-02
-1.83971e-01 7.65e-02
-1.78314e-01 7.53e-02
-1.72724e-01 7.41e-02
-1.67200e-01 7.29e-02
-1.61755e-01 7.16e-02
-1.56373e-01 7.03e-02
-1.53699e-01 6.98e-02
-1.51044e-01 6.92e-02
-1.48407e-01 6.87e-02
-1.43189e-01 6.78e-02
-1.38021e-01 6.68e-02
-1.32914e-01 6.58e-02
-1.27867e-01 6.48e-02
-1.25359e-01 6.43e-02
-1.22868e-01 6.37e-02
-1.20395e-01 6.32e-02
-1.17928e-01 6.28e-02
-1.15489e-01 6.25e-02
-1.13057e-01 6.26e-02
-1.10630e-01 6.22e-02
-1.08220e-01 6.15e-02
-1.05827e-01 6.08e-02
-1.03440e-01 6.03e-02
-1.01070e-01 6.02e-02
-9.63788e-02 5.93e-02
-9.40360e-02 5.88e-02
-9.17206e-02 5.82e-02
-8.94106e-02 5.77e-02
-8.71168e-02 5.73e-02
-8.48283e-02 5.70e-02
-8.25559e-02 5.78e-02
-8.02994e-02 5.71e-02
-7.80480e-02 5.65e-02
-7.58125e-02 5.59e-02
-7.35820e-02 5.54e-02
-6.91679e-02 5.45e-02
-6.47839e-02 5.37e-02
-6.04509e-02 5.30e-02
-5.61577e-02 5.23e-02
-5.19040e-02 5.16e-02
-4.76998e-02 5.09e-02
-4.35236e-02 5.03e-02
-3.93959e-02 4.97e-02
-3.52956e-02 4.90e-02
-3.32673e-02 4.87e-02
-2.92229e-02 4.82e-02
-2.72170e-02 4.82e-02
-2.32379e-02 4.75e-02
-1.92848e-02 4.69e-02
-1.53675e-02 4.63e-02
-1.14958e-02 4.58e-02
-7.64918e-03 4.52e-02
-3.83735e-03 4.47e-02
-5.00013e-05 4.42e-02
3.69317e-03 4.37e-02
7.37275e-03 4.33e-02
1.11377e-02 4.28e-02
1.47901e-02 4.23e-02
1.84291e-02 4.19e-02
2.19572e-02 4.15e-02
2.55703e-02 4.10e-02
2.90732e-02 4.06e-02
3.25640e-02 4.02e-02
3.60426e-02 3.98e-02
3.95091e-02 3.94e-02
4.29637e-02 3.90e-02
4.64064e-02 3.86e-02
4.97421e-02 3.83e-02
5.30667e-02 3.79e-02
5.64748e-02 3.75e-02
5.97772e-02 3.72e-02
6.29748e-02 3.68e-02
6.62558e-02 3.65e-02
6.95261e-02 3.62e-02
7.26927e-02 3.58e-02
7.58493e-02 3.55e-02
7.90884e-02 3.52e-02
8.22249e-02 3.49e-02
8.52598e-02 3.46e-02
8.83771e-02 3.43e-02
9.14847e-02 3.39e-02
9.44917e-02 3.37e-02
9.75803e-02 3.34e-02
1.00569e-01 3.31e-02
1.03549e-01 3.28e-02
1.06520e-01 3.25e-02
1.09482e-01 3.22e-02
1.12435e-01 3.19e-02
1.15291e-01 3.17e-02
1.18227e-01 3.14e-02
1.21067e-01 3.11e-02
1.23898e-01 3.09e-02
1.26809e-01 3.06e-02
1.29624e-01 3.04e-02
1.32431e-01 3.01e-02
1.35143e-01 2.99e-02
1.37934e-01 2.96e-02
1.40718e-01 2.94e-02
1.43407e-01 2.91e-02
1.46176e-01 2.89e-02
1.48851e-01 2.87e-02
1.51519e-01 2.84e-02
1.54179e-01 2.82e-02
1.56833e-01 2.80e-02
1.59479e-01 2.78e-02
1.62119e-01 2.75e-02
1.64751e-01 2.73e-02
1.67293e-01 2.71e-02
1.69912e-01 2.69e-02
1.72440e-01 2.67e-02
1.74961e-01 2.65e-02
1.77477e-01 2.63e-02
1.80069e-01 2.61e-02
1.82572e-01 2.59e-02
1.84985e-01 2.57e-02
1.86231e-01 2.57e-02
1.87475e-01 2.57e-02
1.88718e-01 2.56e-02
1.91199e-01 2.53e-02
1.93591e-01 2.50e-02
1.96060e-01 2.48e-02
1.98441e-01 2.47e-02
2.00898e-01 2.45e-02
2.03267e-01 2.43e-02
2.05631e-01 2.41e-02
2.07989e-01 2.40e-02
2.10342e-01 2.38e-02
2.12689e-01 2.36e-02
2.15031e-01 2.35e-02
2.17286e-01 2.33e-02
2.19617e-01 2.31e-02
2.21943e-01 2.30e-02
2.24183e-01 2.28e-02
2.26418e-01 2.27e-02
2.28728e-01 2.25e-02
2.30953e-01 2.24e-02
2.33173e-01 2.22e-02
2.35388e-01 2.21e-02
2.37599e-01 2.19e-02
2.39804e-01 2.18e-02
2.42005e-01 2.16e-02
2.44200e-01 2.15e-02
2.46313e-01 2.14e-02
2.48499e-01 2.12e-02
2.50681e-01 2.11e-02
2.52780e-01 2.09e-02
2.54875e-01 2.08e-02
2.57042e-01 2.07e-02
2.59128e-01 2.05e-02
2.61210e-01 2.04e-02
2.63287e-01 2.03e-02
2.65360e-01 2.01e-02
2.67428e-01 2.00e-02
2.69493e-01 1.99e-02
2.71553e-01 1.98e-02
2.73609e-01 1.96e-02
2.75660e-01 1.95e-02
2.77632e-01 1.94e-02
2.79675e-01 1.93e-02
2.81639e-01 1.92e-02
2.83674e-01 1.90e-02
2.85630e-01 1.89e-02
2.87582e-01 1.88e-02
2.89605e-01 1.87e-02
2.91550e-01 1.86e-02
2.93490e-01 1.85e-02
2.95427e-01 1.84e-02
2.97360e-01 1.82e-02
2.99289e-01 1.81e-02
3.01215e-01 1.80e-02
3.03137e-01 1.79e-02
3.04982e-01 1.78e-02
3.06896e-01 1.77e-02
3.08807e-01 1.76e-02
3.10641e-01 1.75e-02
3.12545e-01 1.74e-02
3.14373e-01 1.73e-02
3.16270e-01 1.72e-02
3.18090e-01 1.71e-02
3.19907e-01 1.70e-02
3.21794e-01 1.69e-02
3.23604e-01 1.68e-02
3.25411e-01 1.67e-02
3.27215e-01 1.66e-02
3.29016e-01 1.65e-02
3.30813e-01 1.64e-02
3.32608e-01 1.63e-02
3.34399e-01 1.63e-02
3.36115e-01 1.62e-02
3.37900e-01 1.61e-02
3.39681e-01 1.60e-02
3.41389e-01 1.59e-02
3.43164e-01 1.58e-02
3.44936e-01 1.57e-02
3.46635e-01 1.56e-02
3.48330e-01 1.55e-02
3.50093e-01 1.55e-02
3.51783e-01 1.54e-02
3.53470e-01 1.53e-02
3.55224e-01 1.52e-02
3.56905e-01 1.51e-02
3.58583e-01 1.50e-02
3.60259e-01 1.50e-02
3.61931e-01 1.49e-02
3.63601e-01 1.48e-02
3.65268e-01 1.47e-02
3.66932e-01 1.47e-02
3.68594e-01 1.46e-02
3.70183e-01 1.45e-02
3.71839e-01 1.44e-02
3.73493e-01 1.43e-02
3.75075e-01 1.43e-02
3.75899e-01 1.43e-02
3.77546e-01 1.42e-02
3.79121e-01 1.41e-02
3.80762e-01 1.40e-02
3.82333e-01 1.40e-02
3.83969e-01 1.39e-02
3.85534e-01 1.38e-02
3.87097e-01 1.38e-02
3.88658e-01 1.37e-02
3.90284e-01 1.36e-02
3.91839e-01 1.36e-02
3.93393e-01 1.35e-02
3.94943e-01 1.34e-02
3.96492e-01 1.34e-02
3.98038e-01 1.33e-02
3.99581e-01 1.32e-02
4.01122e-01 1.32e-02
4.02661e-01 1.31e-02
4.04131e-01 1.31e-02
4.05665e-01 1.30e-02
4.07197e-01 1.29e-02
4.08726e-01 1.29e-02
4.10187e-01 1.28e-02
4.11712e-01 1.27e-02
4.13169e-01 1.27e-02
4.14689e-01 1.26e-02
4.15415e-01 1.26e-02
4.16932e-01 1.26e-02
4.18381e-01 1.25e-02
4.19828e-01 1.25e-02
4.21338e-01 1.24e-02
4.22781e-01 1.23e-02
4.24221e-01 1.23e-02
4.25725e-01 1.22e-02
4.27161e-01 1.22e-02
4.28596e-01 1.21e-02
4.30028e-01 1.21e-02
4.31458e-01 1.20e-02
4.32886e-01 1.20e-02
4.34312e-01 1.19e-02
4.35736e-01 1.19e-02
4.37158e-01 1.18e-02
4.38577e-01 1.17e-02
4.39995e-01 1.17e-02
4.41411e-01 1.16e-02
4.42761e-01 1.16e-02
4.44173e-01 1.15e-02
4.45583e-01 1.15e-02
4.46927e-01 1.15e-02
4.48333e-01 1.14e-02
4.49737e-01 1.14e-02
4.51076e-01 1.13e-02
4.52476e-01 1.13e-02
4.53811e-01 1.12e-02
4.55207e-01 1.12e-02
4.56538e-01 1.11e-02
4.57931e-01 1.11e-02
4.59259e-01 1.10e-02
4.60584e-01 1.10e-02
4.61971e-01 1.09e-02
4.63294e-01 1.09e-02
4.64614e-01 1.08e-02
4.65933e-01 1.08e-02
4.67250e-01 1.08e-02
4.68565e-01 1.07e-02
4.69941e-01 1.07e-02
4.71253e-01 1.06e-02
4.72563e-01 1.06e-02
4.73871e-01 1.05e-02
4.75178e-01 1.05e-02
4.76420e-01 1.05e-02
4.77724e-01 1.04e-02
4.79025e-01 1.04e-02
4.80325e-01 1.03e-02
4.81623e-01 1.03e-02
4.82920e-01 1.03e-02
4.84153e-01 1.02e-02
4.85446e-01 1.02e-02
4.86738e-01 1.01e-02
4.87966e-01 1.01e-02
4.89255e-01 1.01e-02
4.90480e-01 1.00e-02
4.91765e-01 9.99e-03
4.93049e-01 9.95e-03
4.94269e-01 9.91e-03
4.95489e-01 9.87e-03
4.96767e-01 9.83e-03
4.97984e-01 9.80e-03
4.98591e-01 9.78e-03
4.99259e-01 9.77e-03
4.99866e-01 9.74e-03
5.01078e-01 9.71e-03
5.02289e-01 9.67e-03
5.03559e-01 9.63e-03
5.04767e-01 9.60e-03
5.05974e-01 9.56e-03
5.07179e-01 9.53e-03
5.08383e-01 9.49e-03
5.09645e-01 9.46e-03
5.10846e-01 9.42e-03
5.11445e-01 9.41e-03
5.12644e-01 9.37e-03
5.13841e-01 9.33e-03
5.15037e-01 9.30e-03
5.16231e-01 9.27e-03
5.17424e-01 9.23e-03
5.18615e-01 9.20e-03
5.19746e-01 9.17e-03
5.20934e-01 9.13e-03
5.22122e-01 9.10e-03
5.23307e-01 9.07e-03
5.24492e-01 9.04e-03
5.25616e-01 9.01e-03
5.26797e-01 8.97e-03
5.27978e-01 8.94e-03
5.29157e-01 8.91e-03
5.30275e-01 8.88e-03
5.31451e-01 8.85e-03
5.32568e-01 8.82e-03
5.33741e-01 8.79e-03
5.34855e-01 8.76e-03
5.36025e-01 8.73e-03
5.37136e-01 8.70e-03
5.38305e-01 8.67e-03
5.39413e-01 8.64e-03
5.40579e-01 8.61e-03
5.41685e-01 8.58e-03
5.42789e-01 8.55e-03
5.43951e-01 8.53e-03
5.45053e-01 8.50e-03
5.46154e-01 8.47e-03
5.47312e-01 8.44e-03
5.48410e-01 8.41e-03
5.49508e-01 8.39e-03
5.50604e-01 8.36e-03
5.51699e-01 8.33e-03
5.52850e-01 8.30e-03
5.53943e-01 8.28e-03
5.55034e-01 8.25e-03
5.56124e-01 8.22e-03
5.57213e-01 8.19e-03
5.58301e-01 8.17e-03
5.59387e-01 8.14e-03
5.60473e-01 8.11e-03
5.61557e-01 8.09e-03
5.62640e-01 8.06e-03
5.63722e-01 8.04e-03
5.64745e-01 8.01e-03
5.65825e-01 7.98e-03
5.66903e-01 7.96e-03
5.67981e-01 7.93e-03
5.69057e-01 7.91e-03
5.70075e-01 7.88e-03
5.71149e-01 7.86e-03
5.72222e-01 7.84e-03
5.73293e-01 7.81e-03
5.74307e-01 7.79e-03
5.75377e-01 7.76e-03
5.76445e-01 7.74e-03
5.77456e-01 7.72e-03
5.78522e-01 7.69e-03
5.79530e-01 7.67e-03
5.80594e-01 7.64e-03
5.81601e-01 7.62e-03
5.82662e-01 7.60e-03
5.83667e-01 7.57e-03
5.84726e-01 7.55e-03
5.85729e-01 7.53e-03
5.86786e-01 7.50e-03
5.87787e-01 7.48e-03
5.88786e-01 7.46e-03
5.89840e-01 7.44e-03
5.90838e-01 7.41e-03
5.91834e-01 7.39e-03
5.92885e-01 7.37e-03
5.93879e-01 7.35e-03
5.94873e-01 7.32e-03
5.95865e-01 7.30e-03
5.96857e-01 7.28e-03
5.97902e-01 7.26e-03
5.98891e-01 7.24e-03
5.99880e-01 7.22e-03
6.00867e-01 7.20e-03
6.01854e-01 7.17e-03
6.02839e-01 7.15e-03
6.03824e-01 7.13e-03
6.04808e-01 7.12e-03
6.05790e-01 7.10e-03
6.06772e-01 7.08e-03
6.07753e-01 7.06e-03
6.08732e-01 7.04e-03
6.09711e-01 7.02e-03
6.10200e-01 7.01e-03
6.10689e-01 7.00e-03
6.11666e-01 6.98e-03
6.12642e-01 6.96e-03
6.13617e-01 6.94e-03
6.14591e-01 6.92e-03
6.15510e-01 6.90e-03
6.16482e-01 6.88e-03
6.17453e-01 6.86e-03
6.18424e-01 6.84e-03
6.19339e-01 6.82e-03
6.20308e-01 6.80e-03
6.21275e-01 6.78e-03
6.22242e-01 6.77e-03
6.23154e-01 6.75e-03
6.24119e-01 6.73e-03
6.25082e-01 6.71e-03
6.25992e-01 6.69e-03
6.26954e-01 6.67e-03
6.27862e-01 6.66e-03
6.28822e-01 6.64e-03
6.29728e-01 6.62e-03
6.30686e-01 6.60e-03
6.31591e-01 6.58e-03
6.32548e-01 6.56e-03
6.33450e-01 6.55e-03
6.34405e-01 6.53e-03
6.34882e-01 6.52e-03
6.35783e-01 6.51e-03
6.36683e-01 6.49e-03
6.37634e-01 6.47e-03
6.38533e-01 6.45e-03
6.39483e-01 6.44e-03
6.40379e-01 6.42e-03
6.41275e-01 6.40e-03
6.42222e-01 6.38e-03
6.43116e-01 6.37e-03
6.44009e-01 6.35e-03
6.44902e-01 6.33e-03
6.45846e-01 6.32e-03
6.46737e-01 6.30e-03
6.47627e-01 6.28e-03
6.48516e-01 6.27e-03
6.49404e-01 6.25e-03
6.50292e-01 6.23e-03
6.51231e-01 6.22e-03
6.52117e-01 6.20e-03
6.53002e-01 6.18e-03
6.53886e-01 6.17e-03
6.54770e-01 6.15e-03
6.55653e-01 6.14e-03
6.56535e-01 6.12e-03
6.57416e-01 6.11e-03
6.58297e-01 6.09e-03
6.59177e-01 6.07e-03
6.60056e-01 6.06e-03
6.60934e-01 6.04e-03
6.61811e-01 6.03e-03
6.62688e-01 6.01e-03
6.63564e-01 6.00e-03
6.64439e-01 5.98e-03
6.65262e-01 5.97e-03
6.66136e-01 5.95e-03
6.67009e-01 5.94e-03
6.67881e-01 5.92e-03
6.68752e-01 5.91e-03
6.69623e-01 5.89e-03
6.70441e-01 5.88e-03
6.71310e-01 5.87e-03
6.72179e-01 5.85e-03
6.73047e-01 5.84e-03
6.73862e-01 5.82e-03
6.74729e-01 5.81e-03
6.75594e-01 5.79e-03
6.76408e-01 5.78e-03
6.77272e-01 5.77e-03
6.78135e-01 5.75e-03
6.78947e-01 5.74e-03
6.79809e-01 5.72e-03
6.80619e-01 5.71e-03
6.81479e-01 5.70e-03
6.82339e-01 5.68e-03
6.83147e-01 5.67e-03
6.84006e-01 5.66e-03
6.84813e-01 5.64e-03
6.85669e-01 5.63e-03
6.86475e-01 5.62e-03
6.87330e-01 5.60e-03
6.88135e-01 5.59e-03
6.88989e-01 5.58e-03
6.89792e-01 5.56e-03
6.90594e-01 5.55e-03
6.91446e-01 5.54e-03
6.92247e-01 5.52e-03
6.93097e-01 5.51e-03
6.93897e-01 5.50e-03
6.94696e-01 5.48e-03
6.95544e-01 5.47e-03
6.96342e-01 5.46e-03
6.97139e-01 5.45e-03
6.97985e-01 5.43e-03
6.98781e-01 5.42e-03
6.99576e-01 5.41e-03
7.00371e-01 5.40e-03
7.01215e-01 5.39e-03
7.02008e-01 5.37e-03
7.02800e-01 5.36e-03
7.03592e-01 5.35e-03
7.04384e-01 5.34e-03
7.05224e-01 5.33e-03
7.06014e-01 5.31e-03
7.06409e-01 5.32e-03
7.07198e-01 5.33e-03
7.07987e-01 5.34e-03
7.08774e-01 5.35e-03
7.09562e-01 5.32e-03
7.10348e-01 5.28e-03
7.11134e-01 5.25e-03
7.11527e-01 5.23e-03
7.12361e-01 5.22e-03
7.13146e-01 5.20e-03
7.13930e-01 5.19e-03
7.14713e-01 5.18e-03
7.15496e-01 5.17e-03
7.16278e-01 5.16e-03
7.17059e-01 5.15e-03
7.17791e-01 5.14e-03
7.18571e-01 5.12e-03
7.19351e-01 5.11e-03
7.20130e-01 5.10e-03
7.20908e-01 5.09e-03
7.21686e-01 5.08e-03
7.22463e-01 5.07e-03
7.23240e-01 5.06e-03
7.24016e-01 5.05e-03
7.24743e-01 5.03e-03
7.25518e-01 5.02e-03
7.26292e-01 5.01e-03
7.27065e-01 5.00e-03
7.27838e-01 4.99e-03
7.28611e-01 4.98e-03
7.29334e-01 4.97e-03
7.30106e-01 4.96e-03
7.30876e-01 4.95e-03
7.31598e-01 4.94e-03
7.32368e-01 4.93e-03
7.33137e-01 4.92e-03
7.33905e-01 4.91e-03
7.34625e-01 4.90e-03
7.35392e-01 4.88e-03
7.36159e-01 4.88e-03
7.36877e-01 4.87e-03
7.37642e-01 4.86e-03
7.38360e-01 4.85e-03
7.39124e-01 4.84e-03
7.39888e-01 4.82e-03
7.40603e-01 4.81e-03
7.41366e-01 4.80e-03
7.42080e-01 4.79e-03
7.42842e-01 4.78e-03
7.43603e-01 4.77e-03
7.44315e-01 4.76e-03
7.45075e-01 4.75e-03
7.45787e-01 4.74e-03
7.46546e-01 4.73e-03
7.47257e-01 4.72e-03
7.47967e-01 4.71e-03
7.48724e-01 4.70e-03
7.49433e-01 4.69e-03
7.50189e-01 4.68e-03
7.50897e-01 4.67e-03
7.51652e-01 4.66e-03
7.52359e-01 4.65e-03
7.53066e-01 4.65e-03
7.53819e-01 4.64e-03
7.54524e-01 4.63e-03
7.55277e-01 4.62e-03
7.55981e-01 4.61e-03
7.56685e-01 4.60e-03
7.57436e-01 4.59e-03
7.58139e-01 4.58e-03
7.58841e-01 4.57e-03
7.59543e-01 4.56e-03
7.60292e-01 4.55e-03
7.60993e-01 4.54e-03
7.61693e-01 4.54e-03
7.62393e-01 4.53e-03
7.63140e-01 4.53e-03
7.63839e-01 4.52e-03
7.64537e-01 4.51e-03
7.65235e-01 4.50e-03
7.65979e-01 4.48e-03
7.66676e-01 4.47e-03
7.67373e-01 4.46e-03
7.68069e-01 4.45e-03
7.68765e-01 4.44e-03
7.69460e-01 4.44e-03
7.70155e-01 4.43e-03
7.70895e-01 4.42e-03
7.71589e-01 4.41e-03
7.72282e-01 4.40e-03
7.72974e-01 4.39e-03
7.73667e-01 4.38e-03
7.74358e-01 4.37e-03
7.75050e-01 4.37e-03
7.75740e-01 4.36e-03
7.76431e-01 4.35e-03
7.77121e-01 4.34e-03
7.77810e-01 4.33e-03
7.78499e-01 4.32e-03
7.79187e-01 4.32e-03
7.79875e-01 4.31e-03
7.80563e-01 4.30e-03
7.81250e-01 4.29e-03
7.81936e-01 4.28e-03
7.82622e-01 4.27e-03
7.83308e-01 4.27e-03
7.83993e-01 4.26e-03
7.84677e-01 4.25e-03
7.85362e-01 4.24e-03
7.86000e-01 4.23e-03
7.86683e-01 4.23e-03
7.87366e-01 4.22e-03
7.88048e-01 4.21e-03
7.88730e-01 4.20e-03
7.89411e-01 4.19e-03
7.90092e-01 4.19e-03
7.90728e-01 4.18e-03
7.91408e-01 4.17e-03
7.92087e-01 4.16e-03
7.92766e-01 4.15e-03
7.93445e-01 4.15e-03
7.94078e-01 4.14e-03
7.94756e-01 4.13e-03
7.95433e-01 4.12e-03
7.96110e-01 4.12e-03
7.96741e-01 4.11e-03
7.97417e-01 4.10e-03
7.98093e-01 4.09e-03
7.98768e-01 4.09e-03
7.99397e-01 4.08e-03
8.00071e-01 4.07e-03
8.00745e-01 4.06e-03
8.01374e-01 4.06e-03
8.02046e-01 4.05e-03
8.02719e-01 4.04e-03
8.03346e-01 4.03e-03
8.04017e-01 4.03e-03
8.04644e-01 4.02e-03
8.05314e-01 4.01e-03
8.05985e-01 4.00e-03
8.06610e-01 4.00e-03
8.07279e-01 3.99e-03
8.07903e-01 3.98e-03
8.08572e-01 3.97e-03
8.09240e-01 3.97e-03
8.09863e-01 3.96e-03
8.10530e-01 3.95e-03
8.11152e-01 3.95e-03
8.11819e-01 3.94e-03
8.12440e-01 3.93e-03
8.13106e-01 3.93e-03
8.13726e-01 3.92e-03
8.14391e-01 3.91e-03
8.15011e-01 3.90e-03
8.15674e-01 3.90e-03
8.16294e-01 3.89e-03
8.16956e-01 3.88e-03
8.17575e-01 3.88e-03
8.18193e-01 3.87e-03
8.18854e-01 3.86e-03
8.19471e-01 3.86e-03
8.20132e-01 3.85e-03
8.20749e-01 3.84e-03
8.21364e-01 3.84e-03
8.22024e-01 3.83e-03
8.22639e-01 3.82e-03
8.23298e-01 3.82e-03
8.23912e-01 3.81e-03
8.24526e-01 3.80e-03
8.25184e-01 3.80e-03
8.25797e-01 3.79e-03
8.26410e-01 3.78e-03
8.27066e-01 3.78e-03
8.27678e-01 3.77e-03
8.28290e-01 3.76e-03
8.28945e-01 3.76e-03
8.29556e-01 3.75e-03
8.30166e-01 3.74e-03
8.30776e-01 3.74e-03
8.31430e-01 3.73e-03
8.32039e-01 3.72e-03
8.32648e-01 3.72e-03
8.33257e-01 3.71e-03
8.33909e-01 3.71e-03
8.34517e-01 3.70e-03
8.35124e-01 3.69e-03
8.35731e-01 3.69e-03
8.36338e-01 3.68e-03
8.36988e-01 3.67e-03
8.37594e-01 3.67e-03
8.38199e-01 3.66e-03
8.38805e-01 3.66e-03
8.39410e-01 3.65e-03
8.40014e-01 3.64e-03
8.40618e-01 3.64e-03
8.41265e-01 3.63e-03
8.41869e-01 3.62e-03
8.42472e-01 3.62e-03
8.43075e-01 3.61e-03
8.43677e-01 3.61e-03
8.44279e-01 3.60e-03
8.44881e-01 3.59e-03
8.45482e-01 3.59e-03
8.46083e-01 3.58e-03
8.46683e-01 3.58e-03
8.47284e-01 3.57e-03
8.47883e-01 3.56e-03
8.48526e-01 3.56e-03
8.49125e-01 3.55e-03
8.49723e-01 3.55e-03
8.50322e-01 3.54e-03
8.50920e-01 3.54e-03
8.51518e-01 3.53e-03
8.52115e-01 3.52e-03
8.52712e-01 3.52e-03
8.53308e-01 3.51e-03
8.53862e-01 3.51e-03
8.54458e-01 3.50e-03
8.55053e-01 3.50e-03
8.55649e-01 3.49e-03
8.56243e-01 3.48e-03
8.56838e-01 3.48e-03
8.57432e-01 3.47e-03
8.58026e-01 3.47e-03
8.58619e-01 3.46e-03
8.59212e-01 3.46e-03
8.59805e-01 3.45e-03
8.60397e-01 3.45e-03
8.60947e-01 3.44e-03
8.61539e-01 3.43e-03
8.62130e-01 3.43e-03
8.62721e-01 3.42e-03
8.63312e-01 3.42e-03
8.63902e-01 3.41e-03
8.64492e-01 3.41e-03
8.65040e-01 3.40e-03
8.65629e-01 3.40e-03
8.66218e-01 3.39e-03
8.66806e-01 3.39e-03
8.67395e-01 3.38e-03
8.67940e-01 3.38e-03
8.68528e-01 3.37e-03
8.69115e-01 3.37e-03
8.69702e-01 3.36e-03
8.70289e-01 3.35e-03
8.70833e-01 3.35e-03
8.71419e-01 3.34e-03
8.72004e-01 3.34e-03
8.72548e-01 3.33e-03
8.73133e-01 3.33e-03
8.73717e-01 3.32e-03
8.74301e-01 3.32e-03
8.74844e-01 3.31e-03
8.75427e-01 3.31e-03
8.76010e-01 3.30e-03
8.76551e-01 3.30e-03
8.77134e-01 3.29e-03
8.77716e-01 3.29e-03
8.78257e-01 3.28e-03
8.78838e-01 3.28e-03
8.79419e-01 3.27e-03
8.79959e-01 3.27e-03
8.80539e-01 3.26e-03
8.81119e-01 3.26e-03
8.81658e-01 3.25e-03
8.82237e-01 3.25e-03
8.82775e-01 3.24e-03
8.83354e-01 3.24e-03
8.83933e-01 3.23e-03
8.84470e-01 3.23e-03
8.85048e-01 3.22e-03
8.85584e-01 3.22e-03
8.86161e-01 3.21e-03
8.86738e-01 3.21e-03
8.87274e-01 3.20e-03
8.87850e-01 3.20e-03
8.88385e-01 3.20e-03
8.88961e-01 3.19e-03
8.89495e-01 3.19e-03
8.90070e-01 3.18e-03
8.90604e-01 3.18e-03
8.91178e-01 3.17e-03
8.91711e-01 3.17e-03
8.92285e-01 3.16e-03
8.92817e-01 3.16e-03
8.93391e-01 3.15e-03
8.93922e-01 3.15e-03
8.94495e-01 3.14e-03
8.95026e-01 3.14e-03
8.95598e-01 3.13e-03
8.96129e-01 3.13e-03
8.96700e-01 3.13e-03
8.97230e-01 3.12e-03
8.98860e-01 3.11e-03
8.99429e-01 3.10e-03
8.99958e-01 3.10e-03
9.00527e-01 3.09e-03
9.01055e-01 3.09e-03
9.01583e-01 3.08e-03
9.02151e-01 3.08e-03
9.02679e-01 3.08e-03
9.03205e-01 3.07e-03
9.03773e-01 3.07e-03
9.04299e-01 3.06e-03
9.04866e-01 3.06e-03
9.05392e-01 3.05e-03
9.05917e-01 3.05e-03
9.06483e-01 3.04e-03
9.07008e-01 3.04e-03
9.07532e-01 3.04e-03
9.08097e-01 3.03e-03
9.08621e-01 3.03e-03
9.09145e-01 3.02e-03
9.09669e-01 3.02e-03
9.10232e-01 3.02e-03
9.11841e-01 3.01e-03
9.12363e-01 3.00e-03
9.14209e-01 2.98e-03
9.14770e-01 2.98e-03
9.15290e-01 2.97e-03
9.15811e-01 2.97e-03
9.16331e-01 2.97e-03
9.16851e-01 2.96e-03
9.17410e-01 2.96e-03
9.17929e-01 2.95e-03
9.18448e-01 2.95e-03
9.18967e-01 2.95e-03
9.19486e-01 2.94e-03
9.20044e-01 2.94e-03
9.20562e-01 2.93e-03
9.21079e-01 2.93e-03
9.21597e-01 2.93e-03
9.22114e-01 2.92e-03
9.22631e-01 2.92e-03
9.23187e-01 2.91e-03
9.23703e-01 2.91e-03
9.24219e-01 2.91e-03
9.24735e-01 2.90e-03
9.25250e-01 2.90e-03
9.25766e-01 2.89e-03
9.26281e-01 2.89e-03
9.26835e-01 2.89e-03
9.27349e-01 2.88e-03
9.27864e-01 2.88e-03
9.28377e-01 2.88e-03
9.28891e-01 2.87e-03
9.29404e-01 2.87e-03
9.29917e-01 2.86e-03
9.30430e-01 2.86e-03
9.30943e-01 2.85e-03
9.31455e-01 2.85e-03
9.31967e-01 2.85e-03
9.32479e-01 2.84e-03
9.32991e-01 2.84e-03
9.33541e-01 2.84e-03
9.34052e-01 2.83e-03
9.34563e-01 2.83e-03
9.35073e-01 2.82e-03
9.35583e-01 2.82e-03
9.36093e-01 2.82e-03
9.36603e-01 2.81e-03
9.37112e-01 2.81e-03
9.37622e-01 2.81e-03
9.38130e-01 2.80e-03
9.38639e-01 2.80e-03
9.39148e-01 2.79e-03
9.39656e-01 2.79e-03
9.40163e-01 2.79e-03
9.40671e-01 2.78e-03
9.41139e-01 2.78e-03
9.41647e-01 2.78e-03
9.42153e-01 2.77e-03
9.42660e-01 2.77e-03
9.43166e-01 2.77e-03
9.43672e-01 2.76e-03
9.44178e-01 2.76e-03
9.44684e-01 2.76e-03
9.45189e-01 2.75e-03
9.45694e-01 2.75e-03
9.46199e-01 2.74e-03
9.46704e-01 2.74e-03
9.47208e-01 2.74e-03
9.47712e-01 2.73e-03
9.48177e-01 2.73e-03
9.48680e-01 2.73e-03
9.49184e-01 2.72e-03
9.49687e-01 2.72e-03
9.50190e-01 2.72e-03
9.50692e-01 2.71e-03
9.51194e-01 2.71e-03
9.51696e-01 2.70e-03
9.52160e-01 2.70e-03
9.52661e-01 2.70e-03
9.53163e-01 2.69e-03
9.53664e-01 2.69e-03
9.54164e-01 2.69e-03
9.54665e-01 2.68e-03
9.55127e-01 2.68e-03
9.55627e-01 2.68e-03
9.56127e-01 2.67e-03
9.56626e-01 2.67e-03
9.57126e-01 2.67e-03
9.57586e-01 2.66e-03
9.58085e-01 2.66e-03
9.58584e-01 2.66e-03
9.59082e-01 2.65e-03
9.59580e-01 2.65e-03
9.60040e-01 2.65e-03
9.60537e-01 2.64e-03
9.61035e-01 2.64e-03
9.61532e-01 2.64e-03
9.61990e-01 2.63e-03
9.62487e-01 2.63e-03
9.62983e-01 2.63e-03
9.63480e-01 2.62e-03
9.63937e-01 2.62e-03
9.64433e-01 2.62e-03
9.64929e-01 2.61e-03
9.65386e-01 2.61e-03
9.65881e-01 2.61e-03
9.66375e-01 2.60e-03
9.66870e-01 2.60e-03
9.67326e-01 2.60e-03
9.67820e-01 2.60e-03
9.68314e-01 2.59e-03
9.68769e-01 2.59e-03
9.69263e-01 2.59e-03
9.69756e-01 2.58e-03
9.70211e-01 2.58e-03
9.70703e-01 2.58e-03
9.71195e-01 2.57e-03
9.71650e-01 2.57e-03
9.72142e-01 2.57e-03
9.72633e-01 2.56e-03
9.73087e-01 2.56e-03
9.73578e-01 2.56e-03
9.74069e-01 2.55e-03
9.74522e-01 2.55e-03
9.75012e-01 2.55e-03
9.75503e-01 2.55e-03
9.75955e-01 2.54e-03
9.76445e-01 2.54e-03
9.76897e-01 2.54e-03
9.77386e-01 2.53e-03
9.77875e-01 2.53e-03
9.78326e-01 2.53e-03
9.78815e-01 2.52e-03
9.79266e-01 2.52e-03
9.79754e-01 2.52e-03
9.80242e-01 2.52e-03
9.80692e-01 2.51e-03
9.81179e-01 2.51e-03
9.81629e-01 2.51e-03
9.82116e-01 2.50e-03
9.82565e-01 2.50e-03
9.83052e-01 2.50e-03
9.83501e-01 2.49e-03
9.83987e-01 2.49e-03
9.84473e-01 2.49e-03
9.84921e-01 2.49e-03
9.85406e-01 2.48e-03
9.85854e-01 2.48e-03
9.86339e-01 2.48e-03
9.86786e-01 2.47e-03
9.87271e-01 2.47e-03
9.87718e-01 2.47e-03
9.88202e-01 2.47e-03
9.88649e-01 2.46e-03
9.89132e-01 2.46e-03
9.89578e-01 2.46e-03
9.90062e-01 2.45e-03
9.90507e-01 2.45e-03
9.90990e-01 2.45e-03
9.91435e-01 2.45e-03
9.91918e-01 2.44e-03
9.92362e-01 2.44e-03
9.92844e-01 2.44e-03
9.93289e-01 2.43e-03
9.93733e-01 2.43e-03
9.94214e-01 2.43e-03
9.94658e-01 2.43e-03
9.95139e-01 2.42e-03
9.95582e-01 2.42e-03
9.96063e-01 2.42e-03
9.96506e-01 2.41e-03
9.96986e-01 2.41e-03
9.97428e-01 2.41e-03
9.97871e-01 2.41e-03
9.98350e-01 2.40e-03
9.98792e-01 2.40e-03
9.99271e-01 2.40e-03
9.99712e-01 2.40e-03
1.00015e+00 2.39e-03
1.00063e+00 2.39e-03
1.00107e+00 2.39e-03
1.00155e+00 2.38e-03
1.00199e+00 2.38e-03
1.00243e+00 2.38e-03
1.00291e+00 2.38e-03
1.00335e+00 2.37e-03
1.00379e+00 2.37e-03
1.00426e+00 2.37e-03
1.00470e+00 2.37e-03
1.00518e+00 2.36e-03
1.00562e+00 2.36e-03
1.00832e+00 2.35e-03
1.00876e+00 2.34e-03
1.00923e+00 2.34e-03
1.01834e+00 2.29e-03
1.01881e+00 2.29e-03
1.01924e+00 2.28e-03
1.01968e+00 2.28e-03
1.02011e+00 2.28e-03
1.02054e+00 2.28e-03
1.02101e+00 2.27e-03
1.02144e+00 2.27e-03
1.02188e+00 2.27e-03
1.02231e+00 2.27e-03
1.02277e+00 2.26e-03
1.02321e+00 2.26e-03
1.02364e+00 2.26e-03
1.02407e+00 2.26e-03
1.02450e+00 2.25e-03
1.02497e+00 2.25e-03
1.02583e+00 2.25e-03
1.02626e+00 2.25e-03
1.02669e+00 2.24e-03
1.02712e+00 2.24e-03
1.02758e+00 2.24e-03
1.02801e+00 2.24e-03
1.02844e+00 2.23e-03
1.02887e+00 2.23e-03
1.02930e+00 2.23e-03
1.02973e+00 2.23e-03
1.03019e+00 2.22e-03
1.03062e+00 2.22e-03
1.03105e+00 2.22e-03
1.03147e+00 2.22e-03
1.03190e+00 2.21e-03
1.03233e+00 2.21e-03
1.03276e+00 2.21e-03
1.03322e+00 2.21e-03
1.03365e+00 2.21e-03
1.03407e+00 2.20e-03
1.03450e+00 2.20e-03
1.03493e+00 2.20e-03
1.05170e+00 2.11e-03
1.05463e+00 2.10e-03
1.06636e+00 2.04e-03
1.06678e+00 2.04e-03
1.06719e+00 2.04e-03
1.06760e+00 2.04e-03
1.06802e+00 2.03e-03
1.06843e+00 2.03e-03
1.07712e+00 1.99e-03
1.07872e+00 1.99e-03
1.07912e+00 1.99e-03
1.07953e+00 1.99e-03
1.07991e+00 1.98e-03
1.08031e+00 1.98e-03
1.08313e+00 1.97e-03
1.09162e+00 1.93e-03
1.10078e+00 1.89e-03
1.10234e+00 1.89e-03
1.11553e+00 1.83e-03
1.12422e+00 1.80e-03
1.12438e+00 1.80e-03
1.12830e+00 1.78e-03
1.12849e+00 1.78e-03
1.12869e+00 1.78e-03
1.13092e+00 1.78e-03
1.14394e+00 1.73e-03
1.15958e+00 1.68e-03
1.17902e+00 1.62e-03
1.18644e+00 1.60e-03
1.18748e+00 1.60e-03
1.19174e+00 1.59e-03
1.20839e+00 1.54e-03
1.20956e+00 1.54e-03
1.21021e+00 1.54e-03
1.21057e+00 1.54e-03
1.21090e+00 1.54e-03
1.21304e+00 1.53e-03
1.21817e+00 1.52e-03
1.21882e+00 1.52e-03
1.21915e+00 1.52e-03
1.21947e+00 1.52e-03
1.21965e+00 1.52e-03
1.23346e+00 1.49e-03
1.23814e+00 1.48e-03
1.23846e+00 1.48e-03
1.23878e+00 1.49e-03
1.23910e+00 1.49e-03
1.23942e+00 1.49e-03
1.23974e+00 1.49e-03
1.24005e+00 1.48e-03
1.24037e+00 1.48e-03
1.24055e+00 1.48e-03
1.24069e+00 1.48e-03
1.25545e+00 1.45e-03
1.26776e+00 1.43e-03
1.27441e+00 1.43e-03
1.27472e+00 1.43e-03
1.27486e+00 1.43e-03
1.27517e+00 1.43e-03
1.27533e+00 1.42e-03
1.28739e+00 1.41e-03
1.30169e+00 1.40e-03
1.31149e+00 1.39e-03
1.31179e+00 1.40e-03
1.31208e+00 1.40e-03
1.31222e+00 1.40e-03
1.32325e+00 1.39e-03
1.33471e+00 1.39e-03
1.33487e+00 1.39e-03
1.33500e+00 1.39e-03
1.33516e+00 1.39e-03
1.34979e+00 1.40e-03
1.35023e+00 1.40e-03
1.35051e+00 1.40e-03
1.35064e+00 1.40e-03
1.36128e+00 1.41e-03
1.36141e+00 1.41e-03
1.36157e+00 1.41e-03
1.36522e+00 1.41e-03
1.36566e+00 1.41e-03
1.36663e+00 1.41e-03
1.37392e+00 1.42e-03
1.38171e+00 1.43e-03
1.39138e+00 1.45e-03
1.39290e+00 1.45e-03
1.39305e+00 1.45e-03
1.39414e+00 1.45e-03
1.39854e+00 1.46e-03
1.39867e+00 1.46e-03
1.39936e+00 1.46e-03
1.40374e+00 1.48e-03
1.41108e+00 1.50e-03
1.41216e+00 1.50e-03
1.41624e+00 1.51e-03
1.41636e+00 1.52e-03
1.41651e+00 1.52e-03
1.41663e+00 1.51e-03
1.41987e+00 1.52e-03
1.42337e+00 1.53e-03
1.42446e+00 1.54e-03
1.42823e+00 1.55e-03
1.42835e+00 1.55e-03
1.42849e+00 1.55e-03
1.42864e+00 1.56e-03
1.42876e+00 1.56e-03
1.42890e+00 1.55e-03
1.43077e+00 1.56e-03
1.43799e+00 1.59e-03
1.44147e+00 1.61e-03
1.44572e+00 1.62e-03
1.45009e+00 1.65e-03
1.45023e+00 1.65e-03
1.45367e+00 1.67e-03
1.45577e+00 1.68e-03
1.45764e+00 1.69e-03
1.45975e+00 1.70e-03
1.46212e+00 1.71e-03
1.46370e+00 1.72e-03
1.46474e+00 1.73e-03
1.46554e+00 1.73e-03
1.46633e+00 1.74e-03
1.46686e+00 1.74e-03
1.46711e+00 1.75e-03
1.46737e+00 1.75e-03
1.46764e+00 1.75e-03
1.46790e+00 1.75e-03
1.46817e+00 1.75e-03
1.46843e+00 1.75e-03
1.46868e+00 1.76e-03
1.46896e+00 1.76e-03
1.46921e+00 1.76e-03
1.46949e+00 1.76e-03
1.46974e+00 1.76e-03
1.46999e+00 1.77e-03
1.47027e+00 1.77e-03
1.47052e+00 1.77e-03
1.47080e+00 1.77e-03
1.47105e+00 1.77e-03
1.47130e+00 1.78e-03
1.47158e+00 1.78e-03
1.47183e+00 1.78e-03
1.47222e+00 1.78e-03
1.47353e+00 1.79e-03
1.47433e+00 1.79e-03
1.47511e+00 1.80e-03
1.47588e+00 1.80e-03
1.47616e+00 1.81e-03
1.47641e+00 1.81e-03
1.47668e+00 1.81e-03
1.47693e+00 1.81e-03
1.47721e+00 1.81e-03
1.47746e+00 1.81e-03
1.47773e+00 1.82e-03
1.47798e+00 1.82e-03
1.47824e+00 1.82e-03
1.47851e+00 1.82e-03
1.47876e+00 1.82e-03
1.47903e+00 1.83e-03
1.47928e+00 1.83e-03
1.47956e+00 1.83e-03
1.47981e+00 1.83e-03
1.48008e+00 1.83e-03
1.48033e+00 1.84e-03
1.48060e+00 1.84e-03
1.48085e+00 1.84e-03
1.48113e+00 1.84e-03
1.48138e+00 1.84e-03
1.48165e+00 1.85e-03
1.48190e+00 1.85e-03
1.48217e+00 1.85e-03
1.48242e+00 1.85e-03
1.48269e+00 1.85e-03
1.48294e+00 1.86e-03
1.48322e+00 1.86e-03
1.48347e+00 1.86e-03
1.48372e+00 1.86e-03
1.48399e+00 1.86e-03
1.48424e+00 1.87e-03
1.48451e+00 1.87e-03
1.48476e+00 1.87e-03
1.48503e+00 1.87e-03
1.48528e+00 1.87e-03
1.48555e+00 1.88e-03
1.48582e+00 1.88e-03
1.48607e+00 1.88e-03
1.48634e+00 1.88e-03
1.48659e+00 1.89e-03
1.48686e+00 1.89e-03
1.48711e+00 1.89e-03
1.48738e+00 1.89e-03
1.48763e+00 1.89e-03
1.48790e+00 1.90e-03
1.48815e+00 1.90e-03
1.48842e+00 1.90e-03
1.48867e+00 1.90e-03
1.48894e+00 1.90e-03
1.48919e+00 1.91e-03
1.48946e+00 1.91e-03
1.48971e+00 1.91e-03
1.48998e+00 1.91e-03
1.49023e+00 1.92e-03
1.49050e+00 1.92e-03
1.49074e+00 1.92e-03
1.49101e+00 1.92e-03
1.49128e+00 1.92e-03
1.49153e+00 1.93e-03
1.49180e+00 1.93e-03
1.49205e+00 1.93e-03
1.49232e+00 1.93e-03
1.49257e+00 1.94e-03
1.49284e+00 1.94e-03
1.49308e+00 1.94e-03
1.49335e+00 1.94e-03
1.49362e+00 1.95e-03
1.49387e+00 1.95e-03
1.49414e+00 1.95e-03
1.49439e+00 1.95e-03
1.49466e+00 1.95e-03
1.49490e+00 1.96e-03
1.49517e+00 1.96e-03
1.49544e+00 1.96e-03
1.49569e+00 1.96e-03
1.49596e+00 1.97e-03
1.49620e+00 1.97e-03
1.49647e+00 1.97e-03
1.49672e+00 1.97e-03
1.49699e+00 1.98e-03
1.49725e+00 1.98e-03
1.49750e+00 1.98e-03
1.49777e+00 1.98e-03
1.49801e+00 1.99e-03
1.49828e+00 1.99e-03
1.49855e+00 1.99e-03
1.49880e+00 1.99e-03
1.49906e+00 2.00e-03
1.49931e+00 2.00e-03
1.49958e+00 2.00e-03
1.49985e+00 2.00e-03
1.50009e+00 2.01e-03
1.50036e+00 2.01e-03
1.50060e+00 2.01e-03
1.50087e+00 2.01e-03
1.50114e+00 2.02e-03
1.50138e+00 2.02e-03
1.50165e+00 2.02e-03
1.50190e+00 2.02e-03
1.50216e+00 2.03e-03
1.50243e+00 2.03e-03
1.50268e+00 2.03e-03
1.50294e+00 2.03e-03
1.50321e+00 2.04e-03
1.50345e+00 2.04e-03
1.50372e+00 2.04e-03
1.50399e+00 2.04e-03
1.50423e+00 2.05e-03
1.50450e+00 2.05e-03
1.50474e+00 2.05e-03
1.50501e+00 2.05e-03
1.50528e+00 2.06e-03
1.50552e+00 2.06e-03
1.50579e+00 2.06e-03
1.50605e+00 2.07e-03
1.50630e+00 2.07e-03
1.50656e+00 2.07e-03
1.50683e+00 2.07e-03
1.50707e+00 2.08e-03
1.50734e+00 2.08e-03
1.50760e+00 2.08e-03
1.50785e+00 2.08e-03
1.50811e+00 2.09e-03
1.50838e+00 2.09e-03
1.50862e+00 2.09e-03
1.50889e+00 2.10e-03
1.50915e+00 2.10e-03
1.50940e+00 2.10e-03
1.50966e+00 2.10e-03
1.50993e+00 2.11e-03
1.51017e+00 2.11e-03
1.51043e+00 2.11e-03
1.51070e+00 2.12e-03
1.51094e+00 2.12e-03
1.51121e+00 2.12e-03
1.51147e+00 2.12e-03
1.51174e+00 2.13e-03
1.51198e+00 2.13e-03
1.51224e+00 2.13e-03
1.51251e+00 2.14e-03
1.51275e+00 2.14e-03
1.51302e+00 2.14e-03
1.51328e+00 2.14e-03
1.51352e+00 2.15e-03
1.51379e+00 2.15e-03
1.51405e+00 2.15e-03
1.51431e+00 2.16e-03
1.51456e+00 2.16e-03
1.51482e+00 2.16e-03
1.51508e+00 2.17e-03
1.51535e+00 2.17e-03
1.51559e+00 2.17e-03
1.51585e+00 2.17e-03
1.51612e+00 2.18e-03
1.51636e+00 2.18e-03
1.51662e+00 2.18e-03
1.51688e+00 2.19e-03
1.51715e+00 2.19e-03
1.51739e+00 2.19e-03
1.51765e+00 2.20e-03
1.51791e+00 2.20e-03
1.51818e+00 2.20e-03
1.51842e+00 2.21e-03
1.51868e+00 2.21e-03
1.51894e+00 2.21e-03
1.51921e+00 2.22e-03
1.51945e+00 2.22e-03
1.51971e+00 2.22e-03
1.51997e+00 2.22e-03
1.52024e+00 2.23e-03
1.52048e+00 2.23e-03
1.52074e+00 2.23e-03
1.52100e+00 2.24e-03
1.52126e+00 2.24e-03
1.52152e+00 2.24e-03
1.52176e+00 2.25e-03
1.52203e+00 2.25e-03
1.52229e+00 2.25e-03
1.52255e+00 2.26e-03
1.52281e+00 2.26e-03
1.52305e+00 2.26e-03
1.52331e+00 2.27e-03
1.52357e+00 2.27e-03
1.52384e+00 2.27e-03
1.52408e+00 2.28e-03
1.52434e+00 2.28e-03
1.52460e+00 2.28e-03
1.52486e+00 2.29e-03
1.52512e+00 2.29e-03
1.52538e+00 2.29e-03
1.52562e+00 2.30e-03
1.52588e+00 2.30e-03
1.52614e+00 2.30e-03
1.52640e+00 2.31e-03
1.52666e+00 2.31e-03
1.52690e+00 2.31e-03
1.52716e+00 2.32e-03
1.52742e+00 2.32e-03
1.52769e+00 2.33e-03
1.52795e+00 2.33e-03
1.52821e+00 2.33e-03
1.52844e+00 2.34e-03
1.52870e+00 2.34e-03
1.52897e+00 2.34e-03
1.52923e+00 2.35e-03
1.52949e+00 2.35e-03
1.52975e+00 2.35e-03
1.52998e+00 2.36e-03
1.53024e+00 2.36e-03
1.53050e+00 2.36e-03
1.53076e+00 2.37e-03
1.53102e+00 2.37e-03
1.53128e+00 2.38e-03
1.53154e+00 2.38e-03
1.53180e+00 2.38e-03
1.53204e+00 2.39e-03
1.53230e+00 2.39e-03
1.53256e+00 2.39e-03
1.53282e+00 2.40e-03
1.53308e+00 2.40e-03
1.53333e+00 2.41e-03
1.53359e+00 2.41e-03
1.53385e+00 2.41e-03
1.53409e+00 2.42e-03
1.53435e+00 2.42e-03
1.53461e+00 2.42e-03
1.53487e+00 2.43e-03
1.53512e+00 2.43e-03
1.53538e+00 2.44e-03
1.53564e+00 2.44e-03
1.53590e+00 2.44e-03
1.53616e+00 2.45e-03
1.53642e+00 2.45e-03
1.53665e+00 2.46e-03
1.53691e+00 2.46e-03
1.53717e+00 2.46e-03
1.53743e+00 2.47e-03
1.53768e+00 2.47e-03
1.53794e+00 2.48e-03
1.53820e+00 2.48e-03
1.53846e+00 2.48e-03
1.53871e+00 2.49e-03
1.53897e+00 2.49e-03
1.53923e+00 2.50e-03
1.53949e+00 2.50e-03
1.53974e+00 2.51e-03
1.54000e+00 2.51e-03
1.54024e+00 2.51e-03
1.54050e+00 2.52e-03
1.54101e+00 2.53e-03
1.54127e+00 2.53e-03
1.54152e+00 2.53e-03
1.54178e+00 2.54e-03
1.54204e+00 2.54e-03
1.54229e+00 2.55e-03
1.54255e+00 2.55e-03
1.54281e+00 2.55e-03
1.54306e+00 2.56e-03
1.54332e+00 2.56e-03
1.54358e+00 2.57e-03
1.54383e+00 2.57e-03
1.54409e+00 2.57e-03
1.54434e+00 2.58e-03
1.54460e+00 2.58e-03
1.54486e+00 2.59e-03
1.54511e+00 2.59e-03
1.54537e+00 2.60e-03
1.54562e+00 2.60e-03
1.54588e+00 2.61e-03
1.54614e+00 2.61e-03
1.54639e+00 2.61e-03
1.54665e+00 2.62e-03
1.54690e+00 2.62e-03
1.54716e+00 2.63e-03
1.54741e+00 2.63e-03
1.54767e+00 2.64e-03
1.54792e+00 2.64e-03
1.54818e+00 2.64e-03
1.54843e+00 2.65e-03
1.54869e+00 2.65e-03
1.54894e+00 2.66e-03
1.54920e+00 2.66e-03
1.54945e+00 2.67e-03
1.54971e+00 2.67e-03
1.54996e+00 2.68e-03
1.55022e+00 2.68e-03
1.55047e+00 2.69e-03
1.55073e+00 2.69e-03
1.55098e+00 2.69e-03
1.55126e+00 2.70e-03
1.55151e+00 2.70e-03
1.55177e+00 2.71e-03
1.55202e+00 2.71e-03
1.55227e+00 2.72e-03
1.55253e+00 2.72e-03
1.55278e+00 2.73e-03
1.55304e+00 2.73e-03
1.55329e+00 2.74e-03
1.55354e+00 2.74e-03
1.55380e+00 2.75e-03
1.55405e+00 2.75e-03
1.55431e+00 2.76e-03
1.55456e+00 2.76e-03
1.55483e+00 2.77e-03
1.55509e+00 2.77e-03
1.55534e+00 2.78e-03
1.55559e+00 2.78e-03
1.55585e+00 2.79e-03
1.55610e+00 2.79e-03
1.55635e+00 2.80e-03
1.55661e+00 2.80e-03
1.55686e+00 2.81e-03
1.55713e+00 2.81e-03
1.55739e+00 2.82e-03
1.55764e+00 2.82e-03
1.55789e+00 2.83e-03
1.55814e+00 2.83e-03
1.55840e+00 2.84e-03
1.55865e+00 2.84e-03
1.55890e+00 2.85e-03
1.55918e+00 2.85e-03
1.55943e+00 2.86e-03
1.55968e+00 2.86e-03
1.55993e+00 2.87e-03
1.56018e+00 2.87e-03
1.56044e+00 2.88e-03
1.56069e+00 2.88e-03
1.56096e+00 2.89e-03
1.56121e+00 2.89e-03
1.56147e+00 2.90e-03
1.56172e+00 2.90e-03
1.56197e+00 2.91e-03
1.56222e+00 2.92e-03
1.56249e+00 2.92e-03
1.56274e+00 2.93e-03
1.56300e+00 2.93e-03
1.56325e+00 2.94e-03
1.56350e+00 2.94e-03
1.56375e+00 2.95e-03
1.56402e+00 2.95e-03
1.56427e+00 2.96e-03
1.56452e+00 2.96e-03
1.56478e+00 2.97e-03
1.56503e+00 2.98e-03
1.56530e+00 2.98e-03
1.56555e+00 2.99e-03
1.56580e+00 2.99e-03
1.56605e+00 3.00e-03
1.56630e+00 3.00e-03
1.56657e+00 3.01e-03
1.56682e+00 3.01e-03
1.56707e+00 3.02e-03
1.56732e+00 3.03e-03
1.56759e+00 3.03e-03
1.56784e+00 3.04e-03
1.56809e+00 3.04e-03
1.56835e+00 3.05e-03
1.56862e+00 3.06e-03
1.56887e+00 3.06e-03
1.56912e+00 3.07e-03
1.56937e+00 3.07e-03
1.56964e+00 3.08e-03
1.56989e+00 3.08e-03
1.57014e+00 3.09e-03
1.57039e+00 3.10e-03
1.57066e+00 3.10e-03
1.57090e+00 3.11e-03
1.57115e+00 3.11e-03
1.57140e+00 3.12e-03
1.57167e+00 3.13e-03
1.57192e+00 3.13e-03
1.57217e+00 3.14e-03
1.57244e+00 3.14e-03
1.57269e+00 3.15e-03
1.57294e+00 3.16e-03
1.57319e+00 3.16e-03
1.57346e+00 3.17e-03
1.57371e+00 3.18e-03
1.57396e+00 3.18e-03
1.57423e+00 3.19e-03
1.57447e+00 3.19e-03
1.57472e+00 3.20e-03
1.57499e+00 3.21e-03
1.57524e+00 3.21e-03
1.57549e+00 3.22e-03
1.57574e+00 3.23e-03
1.57601e+00 3.23e-03
1.57625e+00 3.24e-03
1.57650e+00 3.25e-03
1.57677e+00 3.25e-03
1.57702e+00 3.26e-03
1.57727e+00 3.27e-03
1.57753e+00 3.27e-03
1.57778e+00 3.28e-03
1.57805e+00 3.29e-03
1.57830e+00 3.29e-03
1.57855e+00 3.30e-03
1.57881e+00 3.30e-03
1.57906e+00 3.31e-03
1.57931e+00 3.32e-03
1.57958e+00 3.32e-03
1.57982e+00 3.33e-03
1.58007e+00 3.34e-03
1.58034e+00 3.34e-03
1.58059e+00 3.35e-03
1.58085e+00 3.36e-03
1.58110e+00 3.36e-03
1.58135e+00 3.37e-03
1.58161e+00 3.38e-03
1.58186e+00 3.38e-03
1.58213e+00 3.39e-03
1.58237e+00 3.40e-03
1.58262e+00 3.41e-03
1.58289e+00 3.41e-03
1.58314e+00 3.42e-03
1.58340e+00 3.43e-03
1.58365e+00 3.43e-03
1.58389e+00 3.44e-03
1.58416e+00 3.45e-03
1.58441e+00 3.46e-03
1.58467e+00 3.46e-03
1.58492e+00 3.47e-03
1.58519e+00 3.48e-03
1.58543e+00 3.48e-03
1.58568e+00 3.49e-03
1.58594e+00 3.50e-03
1.58619e+00 3.51e-03
1.58646e+00 3.51e-03
1.58670e+00 3.52e-03
1.58697e+00 3.53e-03
1.58721e+00 3.53e-03
1.58748e+00 3.54e-03
1.58772e+00 3.55e-03
1.58799e+00 3.56e-03
1.58823e+00 3.56e-03
1.58848e+00 3.57e-03
1.58875e+00 3.58e-03
1.58899e+00 3.59e-03
1.58926e+00 3.60e-03
1.58950e+00 3.60e-03
1.58977e+00 3.61e-03
1.59001e+00 3.62e-03
1.59028e+00 3.63e-03
1.59052e+00 3.63e-03
1.59079e+00 3.64e-03
1.59103e+00 3.65e-03
1.59129e+00 3.66e-03
1.59154e+00 3.66e-03
1.59180e+00 3.67e-03
1.59207e+00 3.68e-03
1.59231e+00 3.69e-03
1.59258e+00 3.70e-03
1.59282e+00 3.70e-03
1.59308e+00 3.71e-03
1.59333e+00 3.72e-03
1.59359e+00 3.73e-03
1.59384e+00 3.74e-03
1.59410e+00 3.75e-03
1.59434e+00 3.75e-03
1.59461e+00 3.76e-03
1.59485e+00 3.77e-03
1.59512e+00 3.78e-03
1.59538e+00 3.79e-03
1.59562e+00 3.79e-03
1.59589e+00 3.80e-03
1.59613e+00 3.81e-03
1.59639e+00 3.82e-03
1.59664e+00 3.83e-03
1.59690e+00 3.84e-03
1.59716e+00 3.84e-03
1.59741e+00 3.85e-03
1.59767e+00 3.86e-03
1.59791e+00 3.87e-03
1.59817e+00 3.88e-03
1.59844e+00 3.89e-03
1.59868e+00 3.89e-03
1.59894e+00 3.90e-03
1.59919e+00 3.91e-03
1.59945e+00 3.92e-03
1.59971e+00 3.93e-03
1.59995e+00 3.94e-03
1.60022e+00 3.95e-03
1.60048e+00 3.96e-03
1.60072e+00 3.97e-03
1.60098e+00 3.97e-03
1.60124e+00 3.98e-03
1.60149e+00 3.99e-03
1.60175e+00 4.00e-03
1.60199e+00 4.01e-03
1.60225e+00 4.02e-03
1.60251e+00 4.03e-03
1.60276e+00 4.04e-03
1.60302e+00 4.05e-03
1.60328e+00 4.05e-03
1.60352e+00 4.06e-03
1.60378e+00 4.07e-03
1.60404e+00 4.08e-03
1.60428e+00 4.09e-03
1.60455e+00 4.10e-03
1.60481e+00 4.11e-03
1.60507e+00 4.12e-03
1.60531e+00 4.13e-03
1.60557e+00 4.14e-03
1.60583e+00 4.15e-03
1.60607e+00 4.16e-03
1.60633e+00 4.17e-03
1.60659e+00 4.18e-03
1.60685e+00 4.19e-03
1.60710e+00 4.20e-03
1.60736e+00 4.21e-03
1.60762e+00 4.22e-03
1.60786e+00 4.23e-03
1.60812e+00 4.24e-03
1.60838e+00 4.25e-03
1.60864e+00 4.26e-03
1.60888e+00 4.27e-03
1.60914e+00 4.28e-03
1.60940e+00 4.29e-03
1.60966e+00 4.30e-03
1.60990e+00 4.31e-03
1.61016e+00 4.32e-03
1.61042e+00 4.33e-03
1.61068e+00 4.34e-03
1.61094e+00 4.35e-03
1.61118e+00 4.36e-03
1.61144e+00 4.37e-03
1.61170e+00 4.38e-03
1.61195e+00 4.39e-03
1.61219e+00 4.40e-03
1.61245e+00 4.41e-03
1.61271e+00 4.42e-03
1.61297e+00 4.43e-03
1.61323e+00 4.44e-03
1.61347e+00 4.45e-03
1.61373e+00 4.46e-03
1.61399e+00 4.47e-03
1.61425e+00 4.48e-03
1.61451e+00 4.49e-03
1.61476e+00 4.51e-03
1.61500e+00 4.51e-03
1.61526e+00 4.52e-03
1.61552e+00 4.54e-03
1.61578e+00 4.55e-03
1.61604e+00 4.56e-03
1.61629e+00 4.57e-03
1.61655e+00 4.58e-03
1.61679e+00 4.59e-03
1.61705e+00 4.60e-03
1.61731e+00 4.61e-03
1.61756e+00 4.62e-03
1.61782e+00 4.63e-03
1.61808e+00 4.65e-03
1.61834e+00 4.66e-03
1.61860e+00 4.67e-03
1.61883e+00 4.68e-03
1.61909e+00 4.69e-03
1.61935e+00 4.70e-03
1.61961e+00 4.71e-03
1.61986e+00 4.73e-03
1.62012e+00 4.74e-03
1.62038e+00 4.75e-03
1.62063e+00 4.76e-03
1.62089e+00 4.77e-03
1.62115e+00 4.78e-03
1.62141e+00 4.80e-03
1.62164e+00 4.81e-03
1.62190e+00 4.82e-03
1.62216e+00 4.83e-03
1.62241e+00 4.84e-03
1.62267e+00 4.86e-03
1.62293e+00 4.87e-03
1.62318e+00 4.88e-03
1.62344e+00 4.89e-03
1.62370e+00 4.91e-03
1.62395e+00 4.92e-03
1.62421e+00 4.93e-03
1.62446e+00 4.94e-03
1.62472e+00 4.96e-03
1.62498e+00 4.97e-03
1.62523e+00 4.98e-03
1.62549e+00 4.99e-03
1.62574e+00 5.01e-03
1.62600e+00 5.02e-03
1.62626e+00 5.03e-03
1.62651e+00 5.04e-03
1.62677e+00 5.06e-03
1.62702e+00 5.07e-03
1.62728e+00 5.08e-03
1.62753e+00 5.09e-03
1.62779e+00 5.11e-03
1.62804e+00 5.12e-03
1.62830e+00 5.13e-03
1.62855e+00 5.15e-03
1.62881e+00 5.16e-03
1.62906e+00 5.17e-03
1.62932e+00 5.19e-03
1.62957e+00 5.20e-03
1.62983e+00 5.21e-03
1.63008e+00 5.23e-03
1.63034e+00 5.24e-03
1.63061e+00 5.25e-03
1.63087e+00 5.27e-03
1.63112e+00 5.28e-03
1.63138e+00 5.30e-03
1.63163e+00 5.31e-03
1.63188e+00 5.32e-03
1.63214e+00 5.34e-03
1.63239e+00 5.35e-03
1.63265e+00 5.36e-03
1.63290e+00 5.38e-03
1.63315e+00 5.39e-03
1.63343e+00 5.41e-03
1.63368e+00 5.42e-03
1.63394e+00 5.44e-03
1.63419e+00 5.45e-03
1.63444e+00 5.46e-03
1.63470e+00 5.48e-03
1.63495e+00 5.49e-03
1.63520e+00 5.51e-03
1.63548e+00 5.52e-03
1.63573e+00 5.54e-03
1.63598e+00 5.55e-03
1.63624e+00 5.57e-03
1.63649e+00 5.58e-03
1.63674e+00 5.60e-03
1.63701e+00 5.61e-03
1.63727e+00 5.63e-03
1.63752e+00 5.64e-03
1.63777e+00 5.66e-03
1.63803e+00 5.67e-03
1.63830e+00 5.69e-03
1.63855e+00 5.70e-03
1.63880e+00 5.72e-03
1.63905e+00 5.73e-03
1.63931e+00 5.75e-03
1.63958e+00 5.76e-03
1.63983e+00 5.78e-03
1.64008e+00 5.80e-03
1.64034e+00 5.81e-03
1.64059e+00 5.83e-03
1.64086e+00 5.84e-03
1.64111e+00 5.86e-03
1.64136e+00 5.88e-03
1.64161e+00 5.89e-03
1.64189e+00 5.91e-03
1.64214e+00 5.92e-03
1.64239e+00 5.94e-03
1.64264e+00 5.96e-03
1.64291e+00 5.97e-03
1.64316e+00 5.99e-03
1.64341e+00 6.01e-03
1.64368e+00 6.02e-03
1.64394e+00 6.04e-03
1.64419e+00 6.06e-03
1.64444e+00 6.07e-03
1.64471e+00 6.09e-03
1.64496e+00 6.11e-03
1.64521e+00 6.13e-03
1.64548e+00 6.14e-03
1.64573e+00 6.16e-03
1.64598e+00 6.18e-03
1.64625e+00 6.19e-03
1.64650e+00 6.21e-03
1.64675e+00 6.23e-03
1.64702e+00 6.25e-03
1.64727e+00 6.26e-03
1.64752e+00 6.28e-03
1.64779e+00 6.30e-03
1.64804e+00 6.32e-03
1.64829e+00 6.34e-03
1.64856e+00 6.35e-03
1.64881e+00 6.37e-03
1.64906e+00 6.39e-03
1.64933e+00 6.41e-03
1.64958e+00 6.43e-03
1.64985e+00 6.45e-03
1.65010e+00 6.46e-03
1.65035e+00 6.48e-03
1.65062e+00 6.50e-03
1.65087e+00 6.52e-03
1.65114e+00 6.54e-03
1.65139e+00 6.56e-03
1.65163e+00 6.58e-03
1.65190e+00 6.60e-03
1.65215e+00 6.62e-03
1.65242e+00 6.63e-03
1.65267e+00 6.65e-03
1.65294e+00 6.67e-03
1.65319e+00 6.69e-03
1.65345e+00 6.71e-03
1.65370e+00 6.73e-03
1.65395e+00 6.75e-03
1.65422e+00 6.77e-03
1.65447e+00 6.79e-03
1.65474e+00 6.81e-03
1.65498e+00 6.83e-03
1.65525e+00 6.85e-03
1.65550e+00 6.87e-03
1.65577e+00 6.89e-03
1.65602e+00 6.91e-03
1.65628e+00 6.94e-03
1.65653e+00 6.96e-03
1.65680e+00 6.98e-03
1.65705e+00 7.00e-03
1.65731e+00 7.02e-03
1.65756e+00 7.04e-03
1.65783e+00 7.06e-03
1.65808e+00 7.09e-03
1.65834e+00 7.11e-03
1.65859e+00 7.13e-03
1.65886e+00 7.15e-03
1.65912e+00 7.17e-03
1.65937e+00 7.19e-03
1.65964e+00 7.21e-03
1.65988e+00 7.24e-03
1.66015e+00 7.26e-03
1.66040e+00 7.28e-03
1.66066e+00 7.31e-03
1.66093e+00 7.33e-03
1.66118e+00 7.35e-03
1.66144e+00 7.37e-03
1.66169e+00 7.40e-03
1.66195e+00 7.42e-03
1.66222e+00 7.44e-03
1.66247e+00 7.46e-03
1.66273e+00 7.49e-03
1.66298e+00 7.51e-03
1.66324e+00 7.53e-03
1.66351e+00 7.56e-03
1.66376e+00 7.58e-03
1.66402e+00 7.60e-03
1.66429e+00 7.63e-03
1.66453e+00 7.65e-03
1.66480e+00 7.68e-03
1.66506e+00 7.70e-03
1.66531e+00 7.73e-03
1.66557e+00 7.75e-03
1.66584e+00 7.78e-03
1.66608e+00 7.80e-03
1.66635e+00 7.82e-03
1.66661e+00 7.85e-03
1.66686e+00 7.87e-03
1.66712e+00 7.90e-03
1.66739e+00 7.93e-03
1.66763e+00 7.95e-03
1.66790e+00 7.98e-03
1.66816e+00 8.00e-03
1.66842e+00 8.03e-03
1.66867e+00 8.05e-03
1.66893e+00 8.08e-03
1.66920e+00 8.11e-03
1.66944e+00 8.13e-03
1.66970e+00 8.16e-03
1.66997e+00 8.19e-03
1.67023e+00 8.21e-03
1.67050e+00 8.24e-03
1.67074e+00 8.27e-03
1.67100e+00 8.30e-03
1.67127e+00 8.32e-03
1.67153e+00 8.35e-03
1.67177e+00 8.38e-03
1.67204e+00 8.41e-03
1.67230e+00 8.44e-03
1.67256e+00 8.46e-03
1.67283e+00 8.49e-03
1.67307e+00 8.52e-03
1.67333e+00 8.55e-03
1.67360e+00 8.58e-03
1.67386e+00 8.61e-03
1.67412e+00 8.64e-03
1.67438e+00 8.67e-03
1.67463e+00 8.70e-03
1.67489e+00 8.73e-03
1.67515e+00 8.76e-03
1.67541e+00 8.79e-03
1.67567e+00 8.82e-03
1.67594e+00 8.85e-03
1.67620e+00 8.88e-03
1.67644e+00 8.91e-03
1.67670e+00 8.94e-03
1.67697e+00 8.97e-03
1.67723e+00 9.00e-03
1.67749e+00 9.03e-03
1.67775e+00 9.07e-03
1.67801e+00 9.10e-03
1.67827e+00 9.13e-03
1.67853e+00 9.16e-03
1.67880e+00 9.20e-03
1.67906e+00 9.23e-03
1.67930e+00 9.26e-03
1.67956e+00 9.29e-03
1.67982e+00 9.33e-03
1.68008e+00 9.36e-03
1.68034e+00 9.39e-03
1.68060e+00 9.43e-03
1.68087e+00 9.46e-03
1.68113e+00 9.50e-03
1.68139e+00 9.53e-03
1.68165e+00 9.57e-03
1.68191e+00 9.60e-03
1.68217e+00 9.64e-03
1.68243e+00 9.67e-03
1.68269e+00 9.71e-03
1.68295e+00 9.74e-03
1.68321e+00 9.78e-03
1.68347e+00 9.82e-03
1.68373e+00 9.85e-03
1.68399e+00 9.89e-03
1.68425e+00 9.93e-03
1.68451e+00 9.96e-03
1.68477e+00 1.00e-02
1.68503e+00 1.00e-02
1.68529e+00 1.01e-02
1.68555e+00 1.01e-02
1.68582e+00 1.02e-02
1.68608e+00 1.02e-02
1.68634e+00 1.02e-02
1.68660e+00 1.03e-02
1.68686e+00 1.03e-02
1.68712e+00 1.04e-02
1.68738e+00 1.04e-02
1.68764e+00 1.04e-02
1.68790e+00 1.05e-02
1.68816e+00 1.05e-02
1.68843e+00 1.06e-02
1.68869e+00 1.06e-02
1.68895e+00 1.06e-02
1.68921e+00 1.07e-02
1.68947e+00 1.07e-02
1.68973e+00 1.08e-02
1.68999e+00 1.08e-02
1.69026e+00 1.08e-02
1.69052e+00 1.09e-02
1.69078e+00 1.09e-02
1.69104e+00 1.10e-02
1.69129e+00 1.10e-02
1.69155e+00 1.11e-02
1.69183e+00 1.11e-02
1.69209e+00 1.12e-02
1.69234e+00 1.12e-02
1.69260e+00 1.13e-02
1.69286e+00 1.13e-02
1.69314e+00 1.13e-02
1.69339e+00 1.14e-02
1.69365e+00 1.14e-02
1.69391e+00 1.15e-02
1.69418e+00 1.15e-02
1.69444e+00 1.16e-02
1.69470e+00 1.16e-02
1.69495e+00 1.17e-02
1.69523e+00 1.17e-02
1.69549e+00 1.18e-02
1.69574e+00 1.18e-02
1.69600e+00 1.19e-02
1.69628e+00 1.19e-02
1.69653e+00 1.20e-02
1.69679e+00 1.20e-02
1.69706e+00 1.21e-02
1.69732e+00 1.21e-02
1.69758e+00 1.22e-02
1.69785e+00 1.23e-02
1.69811e+00 1.23e-02
1.69836e+00 1.24e-02
1.69864e+00 1.24e-02
1.69889e+00 1.25e-02
1.69915e+00 1.25e-02
1.69942e+00 1.26e-02
1.69968e+00 1.26e-02
1.69994e+00 1.27e-02
1.70021e+00 1.28e-02
1.70047e+00 1.28e-02
1.70074e+00 1.29e-02
1.70100e+00 1.29e-02
1.70125e+00 1.30e-02
1.70152e+00 1.31e-02
1.70178e+00 1.31e-02
1.70205e+00 1.32e-02
1.70231e+00 1.32e-02
1.70256e+00 1.33e-02
1.70284e+00 1.34e-02
1.70309e+00 1.34e-02
1.70337e+00 1.35e-02
1.70362e+00 1.36e-02
1.70389e+00 1.36e-02
1.70415e+00 1.37e-02
1.70442e+00 1.38e-02
1.70468e+00 1.38e-02
1.70495e+00 1.39e-02
1.70520e+00 1.40e-02
1.70548e+00 1.40e-02
1.70573e+00 1.41e-02
1.70600e+00 1.42e-02
1.70626e+00 1.42e-02
1.70653e+00 1.43e-02
1.70678e+00 1.44e-02
1.70705e+00 1.45e-02
1.70731e+00 1.45e-02
1.70758e+00 1.46e-02
1.70783e+00 1.47e-02
1.70811e+00 1.48e-02
1.70836e+00 1.48e-02
1.70863e+00 1.49e-02
1.70890e+00 1.50e-02
1.70916e+00 1.51e-02
1.70943e+00 1.52e-02
1.70968e+00 1.52e-02
1.70995e+00 1.53e-02
1.71022e+00 1.54e-02
1.71048e+00 1.55e-02
1.71075e+00 1.56e-02
1.71100e+00 1.57e-02
1.71127e+00 1.57e-02
1.71154e+00 1.58e-02
1.71180e+00 1.59e-02
1.71207e+00 1.60e-02
1.71234e+00 1.61e-02
1.71259e+00 1.62e-02
1.71286e+00 1.63e-02
1.71313e+00 1.64e-02
1.71338e+00 1.65e-02
1.71365e+00 1.66e-02
1.71392e+00 1.67e-02
1.71418e+00 1.68e-02
1.71445e+00 1.69e-02
1.71472e+00 1.70e-02
1.71497e+00 1.71e-02
1.71524e+00 1.72e-02
1.71551e+00 1.73e-02
1.71578e+00 1.74e-02
1.71603e+00 1.75e-02
1.71630e+00 1.76e-02
1.71657e+00 1.77e-02
1.71684e+00 1.78e-02
1.71709e+00 1.79e-02
1.71736e+00 1.80e-02
1.71763e+00 1.81e-02
1.71790e+00 1.82e-02
1.71817e+00 1.84e-02
1.71842e+00 1.85e-02
1.71869e+00 1.86e-02
1.71896e+00 1.87e-02
1.71922e+00 1.88e-02
1.71949e+00 1.90e-02
1.71974e+00 1.91e-02
1.72001e+00 1.92e-02
1.72028e+00 1.93e-02
1.72055e+00 1.95e-02
1.72082e+00 1.96e-02
1.72109e+00 1.97e-02
1.72135e+00 1.99e-02
1.72161e+00 2.00e-02
1.72187e+00 2.02e-02
1.72214e+00 2.03e-02
1.72241e+00 2.04e-02
1.72268e+00 2.06e-02
1.72295e+00 2.07e-02
1.72321e+00 2.09e-02
1.72348e+00 2.10e-02
1.72375e+00 2.12e-02
1.72402e+00 2.13e-02
1.72428e+00 2.15e-02
1.72455e+00 2.17e-02
1.72480e+00 2.18e-02
1.72507e+00 2.20e-02
1.72533e+00 2.22e-02
1.72560e+00 2.23e-02
1.72587e+00 2.25e-02
1.72614e+00 2.27e-02
1.72640e+00 2.29e-02
1.72667e+00 2.30e-02
1.72694e+00 2.32e-02
1.72720e+00 2.34e-02
1.72747e+00 2.36e-02
1.72774e+00 2.38e-02
1.72800e+00 2.40e-02
1.72829e+00 2.42e-02
1.72855e+00 2.44e-02
1.72882e+00 2.46e-02
1.72909e+00 2.48e-02
1.72935e+00 2.50e-02
1.72962e+00 2.52e-02
1.72988e+00 2.54e-02
1.73015e+00 2.57e-02
1.73042e+00 2.59e-02
1.73068e+00 2.61e-02
1.73095e+00 2.64e-02
1.73121e+00 2.66e-02
1.73150e+00 2.68e-02
1.73176e+00 2.71e-02
1.73203e+00 2.73e-02
1.73229e+00 2.76e-02
1.73256e+00 2.78e-02
1.73282e+00 2.81e-02
1.73309e+00 2.84e-02
1.73337e+00 2.87e-02
1.73364e+00 2.89e-02
1.73390e+00 2.92e-02
1.73417e+00 2.95e-02
1.73443e+00 2.98e-02
1.73471e+00 3.01e-02
1.73498e+00 3.04e-02
1.73524e+00 3.07e-02
1.73551e+00 3.10e-02
1.73579e+00 3.14e-02
1.73605e+00 3.17e-02
1.73632e+00 3.20e-02
1.73658e+00 3.24e-02
1.73686e+00 3.27e-02
1.73713e+00 3.31e-02
1.73739e+00 3.34e-02
1.73766e+00 3.38e-02
1.73794e+00 3.42e-02
1.73820e+00 3.46e-02
1.73846e+00 3.50e-02
1.73875e+00 3.54e-02
1.73901e+00 3.58e-02
1.73927e+00 3.62e-02
1.73955e+00 3.66e-02
1.73982e+00 3.71e-02
1.74008e+00 3.75e-02
1.74036e+00 3.80e-02
1.74062e+00 3.85e-02
1.74089e+00 3.89e-02
1.74117e+00 3.94e-02
1.74143e+00 3.99e-02
1.74171e+00 4.04e-02
1.74197e+00 4.10e-02
1.74224e+00 4.15e-02
1.74252e+00 4.21e-02
1.74278e+00 4.26e-02
1.74306e+00 4.32e-02
1.74332e+00 4.38e-02
1.74360e+00 4.44e-02
1.74386e+00 4.50e-02
1.74414e+00 4.56e-02
1.74441e+00 4.63e-02
1.74467e+00 4.70e-02
1.74495e+00 4.76e-02
1.74521e+00 4.83e-02
1.74549e+00 4.91e-02
1.74575e+00 4.98e-02
1.74603e+00 5.06e-02
1.74629e+00 5.13e-02
1.74657e+00 5.21e-02
1.74685e+00 5.30e-02
1.74711e+00 5.38e-02
1.74739e+00 5.47e-02
1.74765e+00 5.55e-02
1.74793e+00 5.65e-02
1.74819e+00 5.74e-02
1.74847e+00 5.84e-02
1.74875e+00 5.93e-02
1.74901e+00 6.04e-02
1.74929e+00 6.14e-02
1.74955e+00 6.25e-02
1.74983e+00 6.36e-02
1.75010e+00 6.47e-02
1.75036e+00 6.59e-02
1.75064e+00 6.71e-02
1.75092e+00 6.84e-02
1.75118e+00 6.97e-02
1.75146e+00 7.10e-02
1.75174e+00 7.24e-02
1.75200e+00 7.38e-02
1.75227e+00 7.52e-02
1.75255e+00 7.67e-02
1.75281e+00 7.83e-02
1.75309e+00 7.99e-02
1.75337e+00 8.15e-02
1.75362e+00 8.33e-02
1.75390e+00 8.50e-02
1.75418e+00 8.68e-02
1.75446e+00 8.87e-02
1.75472e+00 9.07e-02
1.75499e+00 9.27e-02
1.75527e+00 9.48e-02
1.75554e+00 9.69e-02
1.75582e+00 9.92e-02
1.75608e+00 1.01e-01
1.75636e+00 1.04e-01
1.75663e+00 1.06e-01
1.75691e+00 1.09e-01
1.75719e+00 1.12e-01
1.75746e+00 1.14e-01
1.75772e+00 1.17e-01
1.75800e+00 1.20e-01
1.75827e+00 1.23e-01
1.75855e+00 1.27e-01
1.75882e+00 1.30e-01
1.75910e+00 1.33e-01
1.75937e+00 1.37e-01
1.75951e+00 1.39e-01
1.75979e+00 1.42e-01
1.76005e+00 1.46e-01
1.76032e+00 1.51e-01
1.76060e+00 1.55e-01
1.76087e+00 1.59e-01
1.76115e+00 1.64e-01
1.76142e+00 1.69e-01
1.76170e+00 1.74e-01
1.76197e+00 1.79e-01
1.76224e+00 1.84e-01
1.76252e+00 1.90e-01
1.76279e+00 1.95e-01
1.76307e+00 2.01e-01
1.76334e+00 2.08e-01
1.76362e+00 2.14e-01
1.76389e+00 2.21e-01
1.76417e+00 2.28e-01
1.76444e+00 2.35e-01
1.76471e+00 2.42e-01
1.76499e+00 2.50e-01
1.76526e+00 2.58e-01
1.76555e+00 2.66e-01
1.76583e+00 2.75e-01
1.76610e+00 2.84e-01
1.76637e+00 2.93e-01
1.76665e+00 3.02e-01
1.76692e+00 3.12e-01
1.76719e+00 3.21e-01
1.76747e+00 3.31e-01
1.76774e+00 3.41e-01
1.76803e+00 3.52e-01
1.76830e+00 3.62e-01
1.76858e+00 3.73e-01
1.76885e+00 3.83e-01
1.76912e+00 3.94e-01
1.76941e+00 4.04e-01
1.76968e+00 4.15e-01
1.76996e+00 4.25e-01
1.77023e+00 4.35e-01
1.77050e+00 4.44e-01
1.77079e+00 4.54e-01
1.77106e+00 4.62e-01
1.77134e+00 4.71e-01
1.77161e+00 4.78e-01
1.77190e+00 4.85e-01
1.77217e+00 4.91e-01
1.77244e+00 4.97e-01
1.77273e+00 5.01e-01
1.77300e+00 5.04e-01
1.77327e+00 5.07e-01
1.77341e+00 5.08e-01
1.77356e+00 5.08e-01
1.77370e+00 5.08e-01
1.77383e+00 5.08e-01
1.77397e+00 5.08e-01
1.77410e+00 5.07e-01
1.77439e+00 5.05e-01
1.77466e+00 5.02e-01
1.77494e+00 4.97e-01
1.77522e+00 4.92e-01
1.77549e+00 4.86e-01
1.77578e+00 4.80e-01
1.77605e+00 4.72e-01
1.77632e+00 4.64e-01
1.77661e+00 4.56e-01
1.77688e+00 4.46e-01
1.77717e+00 4.37e-01
1.77744e+00 4.27e-01
1.77773e+00 4.17e-01
1.77800e+00 4.07e-01
1.77829e+00 3.96e-01
1.77856e+00 3.86e-01
1.77884e+00 3.75e-01
1.77911e+00 3.65e-01
1.77940e+00 3.54e-01
1.77967e+00 3.44e-01
1.77996e+00 3.34e-01
1.78023e+00 3.24e-01
1.78051e+00 3.14e-01
1.78078e+00 3.05e-01
1.78107e+00 2.95e-01
1.78136e+00 2.86e-01
1.78162e+00 2.77e-01
1.78191e+00 2.69e-01
1.78218e+00 2.61e-01
1.78247e+00 2.53e-01
1.78275e+00 2.45e-01
1.78302e+00 2.37e-01
1.78331e+00 2.30e-01
1.78359e+00 2.23e-01
1.78386e+00 2.16e-01
1.78415e+00 2.10e-01
1.78443e+00 2.04e-01
1.78470e+00 1.98e-01
1.78499e+00 1.92e-01
1.78527e+00 1.86e-01
1.78554e+00 1.81e-01
1.78583e+00 1.76e-01
1.78611e+00 1.71e-01
1.78640e+00 1.66e-01
1.78666e+00 1.61e-01
1.78695e+00 1.57e-01
1.78723e+00 1.53e-01
1.78752e+00 1.49e-01
1.78780e+00 1.45e-01
1.78807e+00 1.41e-01
1.78835e+00 1.37e-01
1.78864e+00 1.34e-01
1.78892e+00 1.30e-01
1.78921e+00 1.27e-01
1.78949e+00 1.24e-01
1.78976e+00 1.21e-01
1.79004e+00 1.18e-01
1.79033e+00 1.15e-01
1.79061e+00 1.12e-01
1.79089e+00 1.10e-01
1.79118e+00 1.07e-01
1.79146e+00 1.05e-01
1.79174e+00 1.02e-01
1.79203e+00 1.00e-01
1.79231e+00 9.80e-02
1.79259e+00 9.59e-02
1.79288e+00 9.39e-02
1.79316e+00 9.19e-02
1.79344e+00 9.00e-02
1.79372e+00 8.81e-02
1.79401e+00 8.64e-02
1.79429e+00 8.46e-02
1.79457e+00 8.30e-02
1.79485e+00 8.13e-02
1.79514e+00 7.98e-02
1.79542e+00 7.83e-02
1.79570e+00 7.68e-02
1.79598e+00 7.54e-02
1.79627e+00 7.40e-02
1.79655e+00 7.27e-02
1.79683e+00 7.14e-02
1.79711e+00 7.01e-02
1.79739e+00 6.89e-02
1.79769e+00 6.77e-02
1.79797e+00 6.66e-02
1.79825e+00 6.55e-02
1.79854e+00 6.44e-02
1.79882e+00 6.34e-02
1.79910e+00 6.24e-02
1.79940e+00 6.14e-02
1.79968e+00 6.04e-02
1.79996e+00 5.95e-02
1.80024e+00 5.86e-02
1.80054e+00 5.77e-02
1.80082e+00 5.68e-02
1.80110e+00 5.60e-02
1.80138e+00 5.52e-02
1.80168e+00 5.44e-02
1.80196e+00 5.36e-02
1.80224e+00 5.29e-02
1.80253e+00 5.22e-02
1.80281e+00 5.15e-02
1.80309e+00 5.08e-02
1.80339e+00 5.01e-02
1.80367e+00 4.95e-02
1.80395e+00 4.88e-02
1.80425e+00 4.82e-02
1.80453e+00 4.76e-02
1.80482e+00 4.70e-02
1.80510e+00 4.64e-02
1.80538e+00 4.59e-02
1.80568e+00 4.53e-02
1.80596e+00 4.48e-02
1.80625e+00 4.43e-02
1.80653e+00 4.38e-02
1.80683e+00 4.33e-02
1.80711e+00 4.28e-02
1.80740e+00 4.23e-02
1.80768e+00 4.18e-02
1.80798e+00 4.14e-02
1.80826e+00 4.09e-02
1.80855e+00 4.05e-02
1.80883e+00 4.01e-02
1.80912e+00 3.97e-02
1.80940e+00 3.93e-02
1.80970e+00 3.89e-02
1.80999e+00 3.85e-02
1.81027e+00 3.81e-02
1.81056e+00 3.78e-02
1.81084e+00 3.74e-02
1.81114e+00 3.70e-02
1.81143e+00 3.67e-02
1.81171e+00 3.64e-02
1.81200e+00 3.60e-02
1.81230e+00 3.57e-02
1.81257e+00 3.54e-02
1.81287e+00 3.51e-02
1.81316e+00 3.48e-02
1.81346e+00 3.45e-02
1.81373e+00 3.42e-02
1.81403e+00 3.39e-02
1.81432e+00 3.36e-02
1.81461e+00 3.34e-02
1.81489e+00 3.31e-02
1.81518e+00 3.29e-02
1.81548e+00 3.26e-02
1.81577e+00 3.23e-02
1.81606e+00 3.21e-02
1.81634e+00 3.19e-02
1.81663e+00 3.16e-02
1.81692e+00 3.14e-02
1.81722e+00 3.12e-02
1.81751e+00 3.10e-02
1.81780e+00 3.07e-02
1.81809e+00 3.05e-02
1.81839e+00 3.03e-02
1.81868e+00 3.01e-02
1.81895e+00 2.99e-02
1.81924e+00 2.97e-02
1.81954e+00 2.95e-02
1.81983e+00 2.93e-02
1.82012e+00 2.91e-02
1.82041e+00 2.90e-02
1.82070e+00 2.88e-02
1.82099e+00 2.86e-02
1.82129e+00 2.84e-02
1.82158e+00 2.83e-02
1.82188e+00 2.81e-02
1.82218e+00 2.79e-02
1.82247e+00 2.78e-02
1.82276e+00 2.76e-02
1.82305e+00 2.75e-02
1.82334e+00 2.73e-02
1.82363e+00 2.72e-02
1.82392e+00 2.70e-02
1.82421e+00 2.69e-02
1.82452e+00 2.68e-02
1.82481e+00 2.66e-02
1.82510e+00 2.65e-02
1.82539e+00 2.64e-02
1.82568e+00 2.62e-02
1.82598e+00 2.61e-02
1.82627e+00 2.60e-02
1.82656e+00 2.59e-02
1.82685e+00 2.57e-02
1.82716e+00 2.56e-02
1.82745e+00 2.55e-02
1.82774e+00 2.54e-02
1.82803e+00 2.53e-02
1.82833e+00 2.52e-02
1.82862e+00 2.51e-02
1.82891e+00 2.50e-02
1.82922e+00 2.49e-02
1.82950e+00 2.48e-02
1.82981e+00 2.47e-02
1.83010e+00 2.46e-02
1.83039e+00 2.45e-02
1.83069e+00 2.44e-02
1.83098e+00 2.43e-02
1.83128e+00 2.42e-02
1.83157e+00 2.41e-02
1.83188e+00 2.41e-02
1.83217e+00 2.40e-02
1.83247e+00 2.39e-02
1.83276e+00 2.38e-02
1.83306e+00 2.37e-02
1.83335e+00 2.37e-02
1.83365e+00 2.36e-02
1.83394e+00 2.35e-02
1.83424e+00 2.34e-02
1.83453e+00 2.34e-02
1.83483e+00 2.33e-02
1.83514e+00 2.32e-02
1.83543e+00 2.32e-02
1.83573e+00 2.31e-02
1.83602e+00 2.30e-02
1.83632e+00 2.30e-02
1.83662e+00 2.29e-02
1.83691e+00 2.29e-02
1.83721e+00 2.28e-02
1.83751e+00 2.28e-02
1.83782e+00 2.27e-02
1.83810e+00 2.26e-02
1.83840e+00 2.26e-02
1.83871e+00 2.25e-02
1.83901e+00 2.25e-02
1.83929e+00 2.25e-02
1.83960e+00 2.24e-02
1.83990e+00 2.24e-02
1.84020e+00 2.23e-02
1.84050e+00 2.23e-02
1.84080e+00 2.22e-02
1.84109e+00 2.22e-02
1.84139e+00 2.22e-02
1.84169e+00 2.21e-02
1.84199e+00 2.21e-02
1.84229e+00 2.21e-02
1.84260e+00 2.20e-02
1.84290e+00 2.20e-02
1.84320e+00 2.20e-02
1.84350e+00 2.19e-02
1.84380e+00 2.19e-02
1.84410e+00 2.19e-02
1.84440e+00 2.18e-02
1.84756e+00 2.17e-02
1.84953e+00 2.16e-02
1.85165e+00 2.16e-02
1.85348e+00 2.16e-02
1.85500e+00 2.17e-02
1.85561e+00 2.17e-02
1.85653e+00 2.18e-02
1.85683e+00 2.18e-02
1.85714e+00 2.18e-02
1.85744e+00 2.18e-02
1.85775e+00 2.19e-02
1.85806e+00 2.19e-02
1.85836e+00 2.19e-02
1.85867e+00 2.19e-02
1.85898e+00 2.20e-02
1.85928e+00 2.20e-02
1.85959e+00 2.20e-02
1.85990e+00 2.21e-02
1.86021e+00 2.21e-02
1.86051e+00 2.21e-02
1.86082e+00 2.22e-02
1.86113e+00 2.22e-02
1.86144e+00 2.23e-02
1.86175e+00 2.23e-02
1.86205e+00 2.24e-02
1.86236e+00 2.24e-02
1.86267e+00 2.24e-02
1.86298e+00 2.25e-02
1.86329e+00 2.25e-02
1.86360e+00 2.26e-02
1.86391e+00 2.26e-02
1.86422e+00 2.27e-02
1.86453e+00 2.28e-02
1.86484e+00 2.28e-02
1.86515e+00 2.29e-02
1.86546e+00 2.29e-02
1.86577e+00 2.30e-02
1.86608e+00 2.31e-02
1.86639e+00 2.31e-02
1.86670e+00 2.32e-02
1.86701e+00 2.33e-02
1.86732e+00 2.33e-02
1.86762e+00 2.34e-02
1.86793e+00 2.35e-02
1.86824e+00 2.35e-02
1.86857e+00 2.36e-02
1.86887e+00 2.37e-02
1.86918e+00 2.38e-02
1.86949e+00 2.39e-02
1.86980e+00 2.39e-02
1.87012e+00 2.40e-02
1.87043e+00 2.41e-02
1.87074e+00 2.42e-02
1.87106e+00 2.43e-02
1.87137e+00 2.44e-02
1.87168e+00 2.45e-02
1.87199e+00 2.46e-02
1.87231e+00 2.47e-02
1.87262e+00 2.48e-02
1.87294e+00 2.49e-02
1.87325e+00 2.50e-02
1.87355e+00 2.51e-02
1.87388e+00 2.52e-02
1.87418e+00 2.53e-02
1.87451e+00 2.54e-02
1.87481e+00 2.55e-02
1.87514e+00 2.56e-02
1.87544e+00 2.58e-02
1.87576e+00 2.59e-02
1.87607e+00 2.60e-02
1.87639e+00 2.61e-02
1.87671e+00 2.63e-02
1.87702e+00 2.64e-02
1.87734e+00 2.65e-02
1.87765e+00 2.66e-02
1.87797e+00 2.68e-02
1.87829e+00 2.69e-02
1.87859e+00 2.71e-02
1.87892e+00 2.72e-02
1.87924e+00 2.74e-02
1.87956e+00 2.75e-02
1.87986e+00 2.77e-02
1.88018e+00 2.78e-02
1.88050e+00 2.80e-02
1.88082e+00 2.81e-02
1.88113e+00 2.83e-02
1.88145e+00 2.84e-02
1.88177e+00 2.86e-02
1.88209e+00 2.88e-02
1.88241e+00 2.90e-02
1.88273e+00 2.91e-02
1.88305e+00 2.93e-02
1.88337e+00 2.95e-02
1.88369e+00 2.97e-02
1.88400e+00 2.99e-02
1.88432e+00 3.01e-02
1.88464e+00 3.02e-02
1.88496e+00 3.04e-02
1.88528e+00 3.06e-02
1.88560e+00 3.08e-02
1.88592e+00 3.10e-02
1.88624e+00 3.13e-02
1.88655e+00 3.15e-02
1.88687e+00 3.17e-02
1.88719e+00 3.19e-02
1.88751e+00 3.21e-02
1.88784e+00 3.23e-02
1.88816e+00 3.26e-02
1.88848e+00 3.28e-02
1.88880e+00 3.30e-02
1.88913e+00 3.33e-02
1.88945e+00 3.35e-02
1.88976e+00 3.38e-02
1.89008e+00 3.40e-02
1.89041e+00 3.43e-02
1.89073e+00 3.45e-02
1.89106e+00 3.48e-02
1.89138e+00 3.50e-02
1.89170e+00 3.53e-02
1.89203e+00 3.56e-02
1.89234e+00 3.58e-02
1.89268e+00 3.61e-02
1.89299e+00 3.64e-02
1.89332e+00 3.67e-02
1.89364e+00 3.69e-02
1.89397e+00 3.72e-02
1.89429e+00 3.75e-02
1.89462e+00 3.78e-02
1.89493e+00 3.81e-02
1.89526e+00 3.84e-02
1.89559e+00 3.87e-02
1.89591e+00 3.90e-02
1.89624e+00 3.93e-02
1.89657e+00 3.97e-02
1.89688e+00 4.00e-02
1.89721e+00 4.03e-02
1.89754e+00 4.06e-02
1.89787e+00 4.10e-02
1.89819e+00 4.13e-02
1.89852e+00 4.16e-02
1.89885e+00 4.20e-02
1.89918e+00 4.23e-02
1.89951e+00 4.26e-02
1.89982e+00 4.30e-02
1.90015e+00 4.33e-02
1.90048e+00 4.37e-02
1.90081e+00 4.41e-02
1.90114e+00 4.44e-02
1.90147e+00 4.48e-02
1.90179e+00 4.51e-02
1.90212e+00 4.55e-02
1.90245e+00 4.59e-02
1.90278e+00 4.62e-02
1.90311e+00 4.66e-02
1.90344e+00 4.70e-02
1.90378e+00 4.74e-02
1.90411e+00 4.77e-02
1.90443e+00 4.81e-02
1.90476e+00 4.85e-02
1.90509e+00 4.89e-02
1.90542e+00 4.93e-02
1.90576e+00 4.97e-02
1.90608e+00 5.00e-02
1.90641e+00 5.04e-02
1.90674e+00 5.08e-02
1.90708e+00 5.12e-02
1.90741e+00 5.16e-02
1.90773e+00 5.20e-02
1.90807e+00 5.24e-02
1.90840e+00 5.28e-02
1.90874e+00 5.32e-02
1.90907e+00 5.36e-02
1.90939e+00 5.40e-02
1.90974e+00 5.44e-02
1.91006e+00 5.47e-02
1.91040e+00 5.51e-02
1.91074e+00 5.55e-02
1.91107e+00 5.59e-02
1.91141e+00 5.63e-02
1.91173e+00 5.67e-02
1.91207e+00 5.71e-02
1.91241e+00 5.75e-02
1.91274e+00 5.78e-02
1.91308e+00 5.82e-02
1.91342e+00 5.86e-02
1.91374e+00 5.90e-02
1.91408e+00 5.93e-02
1.91442e+00 5.97e-02
1.91476e+00 6.01e-02
1.91508e+00 6.04e-02
1.91542e+00 6.08e-02
1.91576e+00 6.12e-02
1.91610e+00 6.15e-02
1.91644e+00 6.19e-02
1.91678e+00 6.22e-02
1.91711e+00 6.25e-02
1.91745e+00 6.28e-02
1.91779e+00 6.31e-02
1.91813e+00 6.34e-02
1.91847e+00 6.36e-02
1.91880e+00 6.39e-02
1.91914e+00 6.42e-02
1.91948e+00 6.45e-02
1.91982e+00 6.47e-02
1.92015e+00 6.50e-02
1.92050e+00 6.52e-02
1.92084e+00 6.55e-02
1.92118e+00 6.57e-02
1.92151e+00 6.59e-02
1.92185e+00 6.62e-02
1.92220e+00 6.64e-02
1.92254e+00 6.66e-02
1.92288e+00 6.68e-02
1.92323e+00 6.70e-02
1.92356e+00 6.72e-02
1.92390e+00 6.74e-02
1.92425e+00 6.75e-02
1.92458e+00 6.77e-02
1.92493e+00 6.79e-02
1.92527e+00 6.80e-02
1.92562e+00 6.81e-02
1.92596e+00 6.83e-02
1.92630e+00 6.84e-02
1.92664e+00 6.85e-02
1.92699e+00 6.86e-02
1.92734e+00 6.87e-02
1.92958e+00 6.92e-02
1.93130e+00 6.92e-02
1.93235e+00 6.91e-02
1.93304e+00 6.90e-02
1.93374e+00 6.89e-02
1.93408e+00 6.88e-02
1.93443e+00 6.87e-02
1.93478e+00 6.87e-02
1.93514e+00 6.86e-02
1.93548e+00 6.85e-02
1.93583e+00 6.84e-02
1.93618e+00 6.84e-02
1.93845e+00 6.80e-02
1.93969e+00 6.79e-02
1.94075e+00 6.80e-02
1.94146e+00 6.81e-02
1.94182e+00 6.82e-02
1.94216e+00 6.83e-02
1.94252e+00 6.84e-02
1.94288e+00 6.85e-02
1.94322e+00 6.87e-02
1.94358e+00 6.89e-02
1.94394e+00 6.91e-02
1.94429e+00 6.94e-02
1.94465e+00 6.97e-02
1.94501e+00 7.00e-02
1.94537e+00 7.03e-02
1.94571e+00 7.06e-02
1.94607e+00 7.10e-02
1.94642e+00 7.15e-02
1.94678e+00 7.19e-02
1.94715e+00 7.24e-02
1.94751e+00 7.29e-02
1.94787e+00 7.35e-02
1.94822e+00 7.41e-02
1.94858e+00 7.47e-02
1.94893e+00 7.54e-02
1.94929e+00 7.61e-02
1.94966e+00 7.68e-02
1.95002e+00 7.75e-02
1.95037e+00 7.83e-02
1.95074e+00 7.91e-02
1.95110e+00 8.00e-02
1.95145e+00 8.08e-02
1.95182e+00 8.17e-02
1.95218e+00 8.26e-02
1.95255e+00 8.35e-02
1.95290e+00 8.44e-02
1.95327e+00 8.54e-02
1.95362e+00 8.63e-02
1.95399e+00 8.72e-02
1.95435e+00 8.82e-02
1.95471e+00 8.91e-02
1.95508e+00 9.00e-02
1.95544e+00 9.09e-02
1.95580e+00 9.17e-02
1.95617e+00 9.26e-02
1.95654e+00 9.34e-02
1.95689e+00 9.41e-02
1.95726e+00 9.48e-02
1.95763e+00 9.54e-02
1.95799e+00 9.60e-02
1.95836e+00 9.66e-02
1.95873e+00 9.70e-02
1.95909e+00 9.74e-02
1.95946e+00 9.78e-02
1.95964e+00 9.79e-02
1.96001e+00 9.81e-02
1.96038e+00 9.82e-02
1.96056e+00 9.83e-02
1.96111e+00 9.84e-02
1.96149e+00 9.83e-02
1.96185e+00 9.81e-02
1.96204e+00 9.80e-02
1.96240e+00 9.77e-02
1.96277e+00 9.73e-02
1.96315e+00 9.68e-02
1.96351e+00 9.64e-02
1.96388e+00 9.59e-02
1.96426e+00 9.53e-02
1.96462e+00 9.48e-02
1.96500e+00 9.43e-02
1.96536e+00 9.38e-02
1.96574e+00 9.34e-02
1.96610e+00 9.30e-02
1.96648e+00 9.28e-02
1.96686e+00 9.26e-02
1.96704e+00 9.25e-02
1.96742e+00 9.25e-02
1.96778e+00 9.27e-02
1.96816e+00 9.30e-02
1.96854e+00 9.34e-02
1.96891e+00 9.41e-02
1.96928e+00 9.49e-02
1.96965e+00 9.59e-02
1.97003e+00 9.70e-02
1.97041e+00 9.84e-02
1.97078e+00 9.98e-02
1.97116e+00 1.01e-01
1.97154e+00 1.03e-01
1.97191e+00 1.05e-01
1.97229e+00 1.07e-01
1.97266e+00 1.08e-01
1.97305e+00 1.10e-01
1.97343e+00 1.11e-01
1.97380e+00 1.13e-01
1.97400e+00 1.13e-01
1.97418e+00 1.14e-01
1.97437e+00 1.14e-01
1.97457e+00 1.15e-01
1.97475e+00 1.15e-01
1.97494e+00 1.15e-01
1.97514e+00 1.15e-01
1.97532e+00 1.15e-01
1.97551e+00 1.15e-01
1.97570e+00 1.15e-01
1.97588e+00 1.15e-01
1.97608e+00 1.14e-01
1.97627e+00 1.14e-01
1.97645e+00 1.13e-01
1.97684e+00 1.12e-01
1.97721e+00 1.11e-01
1.97760e+00 1.09e-01
1.97799e+00 1.08e-01
1.97817e+00 1.07e-01
1.97836e+00 1.07e-01
1.97856e+00 1.07e-01
1.97875e+00 1.06e-01
1.97894e+00 1.06e-01
1.97914e+00 1.06e-01
1.97932e+00 1.06e-01
1.97951e+00 1.07e-01
1.97970e+00 1.07e-01
1.97990e+00 1.08e-01
1.98009e+00 1.08e-01
1.98028e+00 1.09e-01
1.98048e+00 1.10e-01
1.98067e+00 1.12e-01
1.98086e+00 1.13e-01
1.98125e+00 1.16e-01
1.98162e+00 1.19e-01
1.98181e+00 1.20e-01
1.98201e+00 1.21e-01
1.98220e+00 1.23e-01
1.98239e+00 1.24e-01
1.98259e+00 1.24e-01
1.98278e+00 1.25e-01
1.98299e+00 1.25e-01
1.98318e+00 1.25e-01
1.98337e+00 1.25e-01
1.98356e+00 1.24e-01
1.98376e+00 1.23e-01
1.98395e+00 1.22e-01
1.98414e+00 1.21e-01
1.98453e+00 1.18e-01
1.98472e+00 1.17e-01
1.98491e+00 1.16e-01
1.98510e+00 1.15e-01
1.98531e+00 1.14e-01
1.98550e+00 1.14e-01
1.98569e+00 1.15e-01
1.98589e+00 1.16e-01
1.98608e+00 1.17e-01
1.98627e+00 1.19e-01
1.98648e+00 1.21e-01
1.98686e+00 1.25e-01
1.98705e+00 1.27e-01
1.98724e+00 1.29e-01
1.98745e+00 1.31e-01
1.98764e+00 1.31e-01
1.98783e+00 1.31e-01
1.98803e+00 1.31e-01
1.98823e+00 1.29e-01
1.98842e+00 1.27e-01
1.98861e+00 1.24e-01
1.98882e+00 1.22e-01
1.98901e+00 1.20e-01
1.98920e+00 1.19e-01
1.98939e+00 1.19e-01
1.98960e+00 1.21e-01
1.98979e+00 1.23e-01
1.99000e+00 1.26e-01
1.99019e+00 1.29e-01
1.99038e+00 1.32e-01
1.99058e+00 1.34e-01
1.99077e+00 1.35e-01
1.99097e+00 1.34e-01
1.99117e+00 1.31e-01
1.99136e+00 1.27e-01
1.99157e+00 1.24e-01
1.99176e+00 1.22e-01
1.99196e+00 1.22e-01
1.99215e+00 1.24e-01
1.99236e+00 1.29e-01
1.99255e+00 1.33e-01
1.99274e+00 1.35e-01
1.99294e+00 1.35e-01
1.99313e+00 1.30e-01
1.99334e+00 1.24e-01
1.99354e+00 1.20e-01
1.99373e+00 1.20e-01
1.99413e+00 1.27e-01
1.99433e+00 2.38e-01
1.99452e+00 2.27e-01
1.99473e+00 2.11e-01
1.99492e+00 1.95e-01
1.99512e+00 1.83e-01
1.99533e+00 1.74e-01
1.99552e+00 1.68e-01
1.99572e+00 1.63e-01
1.99592e+00 1.59e-01
1.99611e+00 1.56e-01
1.99632e+00 1.54e-01
1.99652e+00 1.52e-01
1.99671e+00 1.50e-01
1.99692e+00 1.49e-01
1.99712e+00 1.47e-01
1.99731e+00 1.46e-01
1.99751e+00 1.45e-01
1.99772e+00 1.45e-01
1.99811e+00 1.43e-01
1.99852e+00 1.42e-01
1.99891e+00 1.41e-01
1.99932e+00 1.40e-01
1.99972e+00 1.39e-01
2.00011e+00 1.38e-01
2.00052e+00 1.38e-01
2.00093e+00 1.37e-01
2.00133e+00 1.37e-01
2.00174e+00 1.36e-01
2.00214e+00 1.36e-01
2.00253e+00 1.36e-01
2.00294e+00 1.35e-01
2.00334e+00 1.35e-01
2.00376e+00 1.35e-01
2.00417e+00 1.34e-01
2.00457e+00 1.34e-01
2.00497e+00 1.34e-01
2.00538e+00 1.34e-01
2.00580e+00 1.33e-01
2.00620e+00 1.33e-01
2.00660e+00 1.33e-01
2.00702e+00 1.33e-01
2.01092e+00 1.32e-01
2.01444e+00 1.31e-01
2.01800e+00 1.31e-01
2.02286e+00 1.31e-01
2.02757e+00 1.31e-01
2.03278e+00 1.31e-01
2.03806e+00 1.32e-01
2.04385e+00 1.33e-01
2.04976e+00 1.34e-01
2.05575e+00 1.35e-01
2.06781e+00 1.37e-01
2.08007e+00 1.38e-01
2.08814e+00 1.40e-01
2.09643e+00 1.41e-01
2.10120e+00 1.42e-01
2.11094e+00 1.43e-01
2.11204e+00 1.44e-01
2.11260e+00 1.44e-01
2.11315e+00 1.44e-01
2.11371e+00 1.44e-01
2.11399e+00 1.44e-01
2.11677e+00 1.45e-01
2.11734e+00 1.45e-01
2.11762e+00 1.45e-01
2.11789e+00 1.45e-01
2.11818e+00 1.46e-01
2.11846e+00 1.47e-01
2.11875e+00 1.47e-01
2.11902e+00 1.47e-01
2.11931e+00 1.48e-01
2.11959e+00 1.47e-01
2.11988e+00 1.49e-01
2.12015e+00 1.54e-01
2.12044e+00 1.49e-01
2.12073e+00 1.48e-01
2.12100e+00 1.48e-01
2.12129e+00 1.47e-01
2.12158e+00 1.47e-01
2.12187e+00 1.48e-01
2.12214e+00 1.47e-01
2.12243e+00 1.46e-01
2.12272e+00 1.46e-01
2.12444e+00 1.46e-01
2.12674e+00 1.47e-01
2.13142e+00 1.47e-01
2.13320e+00 1.48e-01
2.13497e+00 1.48e-01
2.13677e+00 1.49e-01
2.13797e+00 1.49e-01
2.13857e+00 1.49e-01
2.13918e+00 1.49e-01
2.13978e+00 1.49e-01
2.14040e+00 1.50e-01
2.14101e+00 1.50e-01
2.14161e+00 1.50e-01
2.14222e+00 1.50e-01
2.14284e+00 1.50e-01
2.14345e+00 1.50e-01
2.14406e+00 1.51e-01
2.14468e+00 1.51e-01
2.14530e+00 1.51e-01
2.14592e+00 1.51e-01
2.14654e+00 1.51e-01
2.14716e+00 1.51e-01
2.14778e+00 1.52e-01
2.14841e+00 1.52e-01
2.14903e+00 1.52e-01
2.14966e+00 1.52e-01
2.15028e+00 1.53e-01
2.15091e+00 1.53e-01
2.15155e+00 1.53e-01
2.15218e+00 1.53e-01
2.15282e+00 1.54e-01
2.15345e+00 1.54e-01
2.15409e+00 1.54e-01
2.15472e+00 1.54e-01
2.15537e+00 1.55e-01
2.15601e+00 1.55e-01
2.15666e+00 1.55e-01
2.15729e+00 1.56e-01
2.15794e+00 1.56e-01
2.15859e+00 1.56e-01
2.15923e+00 1.57e-01
2.15989e+00 1.57e-01
2.16054e+00 1.58e-01
2.16119e+00 1.58e-01
2.16185e+00 1.59e-01
2.16251e+00 1.59e-01
2.16317e+00 1.60e-01
2.16383e+00 1.61e-01
2.16449e+00 1.61e-01
2.16516e+00 1.62e-01
2.16548e+00 1.63e-01
2.16616e+00 1.64e-01
2.16682e+00 1.66e-01
2.16715e+00 1.67e-01
2.16749e+00 1.68e-01
2.16783e+00 1.69e-01
2.16816e+00 1.70e-01
2.16849e+00 1.72e-01
2.16884e+00 1.73e-01
2.16917e+00 1.76e-01
2.16951e+00 1.78e-01
2.16984e+00 1.81e-01
2.17018e+00 1.85e-01
2.17053e+00 1.90e-01
2.17086e+00 1.97e-01
2.17120e+00 2.06e-01
2.17154e+00 2.18e-01
2.17188e+00 2.37e-01
2.17223e+00 2.66e-01
2.17257e+00 3.16e-01
2.17291e+00 4.14e-01
2.17325e+00 6.50e-01
2.17359e+00 1.43e+00
2.17393e+00 4.70e+00
2.17427e+00 2.79e+00
2.17463e+00 9.92e-01
2.17497e+00 5.90e-01
2.17531e+00 5.09e-01
2.17566e+00 6.37e-01
2.17600e+00 1.42e+00
2.17635e+00 2.60e+00
2.17669e+00 8.72e-01
2.17704e+00 4.42e-01
2.17740e+00 3.13e-01
2.17774e+00 2.59e-01
2.17809e+00 2.31e-01
2.17844e+00 2.15e-01
2.17879e+00 2.04e-01
2.17914e+00 1.97e-01
2.17949e+00 1.92e-01
2.17984e+00 1.88e-01
2.18019e+00 1.86e-01
2.18054e+00 1.83e-01
2.18089e+00 1.82e-01
2.18125e+00 1.80e-01
2.18160e+00 1.79e-01
2.18195e+00 1.79e-01
2.18231e+00 1.78e-01
2.18266e+00 1.78e-01
2.18302e+00 1.77e-01
2.18337e+00 1.77e-01
2.18408e+00 1.77e-01
2.18480e+00 1.77e-01
2.18552e+00 1.78e-01
2.18624e+00 1.79e-01
2.18696e+00 1.79e-01
2.18768e+00 1.81e-01
2.18841e+00 1.82e-01
2.18914e+00 1.83e-01
2.18986e+00 1.85e-01
2.19060e+00 1.86e-01
2.19133e+00 1.88e-01
2.19207e+00 1.91e-01
2.19280e+00 1.93e-01
2.19354e+00 1.96e-01
2.19429e+00 1.99e-01
2.19465e+00 2.01e-01
2.19503e+00 2.03e-01
2.19540e+00 2.05e-01
2.19578e+00 2.07e-01
2.19615e+00 2.09e-01
2.19652e+00 2.11e-01
2.19690e+00 2.13e-01
2.19728e+00 2.16e-01
2.19766e+00 2.19e-01
2.19804e+00 2.22e-01
2.19841e+00 2.25e-01
2.19879e+00 2.28e-01
2.19917e+00 2.32e-01
2.19954e+00 2.36e-01
2.19992e+00 2.40e-01
2.20031e+00 2.44e-01
2.20069e+00 2.49e-01
2.20107e+00 2.54e-01
2.20145e+00 2.59e-01
2.20184e+00 2.65e-01
2.20221e+00 2.71e-01
2.20260e+00 2.78e-01
2.20299e+00 2.85e-01
2.20337e+00 2.92e-01
2.20376e+00 3.01e-01
2.20415e+00 3.09e-01
2.20453e+00 3.19e-01
2.20492e+00 3.29e-01
2.20530e+00 3.39e-01
2.20569e+00 3.51e-01
2.20609e+00 3.63e-01
2.20647e+00 3.75e-01
2.20687e+00 3.89e-01
2.20725e+00 4.02e-01
2.20765e+00 4.17e-01
2.20843e+00 4.46e-01
2.20882e+00 4.60e-01
2.20922e+00 4.74e-01
2.20961e+00 4.88e-01
2.21001e+00 5.00e-01
2.21040e+00 5.11e-01
2.21081e+00 5.20e-01
2.21120e+00 5.28e-01
2.21160e+00 5.33e-01
2.21200e+00 5.36e-01
2.21240e+00 5.35e-01
2.21280e+00 5.33e-01
2.21320e+00 5.27e-01
2.21360e+00 5.20e-01
2.21401e+00 5.10e-01
2.21441e+00 4.99e-01
2.21481e+00 4.86e-01
2.21522e+00 4.73e-01
2.21562e+00 4.58e-01
2.21643e+00 4.29e-01
2.21684e+00 4.14e-01
2.21725e+00 3.99e-01
2.21766e+00 3.85e-01
2.21806e+00 3.72e-01
2.21847e+00 3.59e-01
2.21889e+00 3.47e-01
2.21930e+00 3.35e-01
2.21971e+00 3.25e-01
2.22013e+00 3.15e-01
2.22054e+00 3.05e-01
2.22095e+00 2.96e-01
2.22136e+00 2.88e-01
2.22178e+00 2.81e-01
2.22220e+00 2.74e-01
2.22261e+00 2.67e-01
2.22303e+00 2.61e-01
2.22346e+00 2.55e-01
2.22387e+00 2.50e-01
2.22429e+00 2.45e-01
2.22471e+00 2.40e-01
2.22513e+00 2.36e-01
2.22555e+00 2.32e-01
2.22597e+00 2.29e-01
2.22641e+00 2.25e-01
2.22683e+00 2.22e-01
2.22725e+00 2.19e-01
2.22768e+00 2.16e-01
2.22811e+00 2.14e-01
2.22853e+00 2.11e-01
2.22896e+00 2.09e-01
2.22939e+00 2.07e-01
2.22982e+00 2.05e-01
2.23025e+00 2.03e-01
2.23068e+00 2.01e-01
2.23155e+00 1.98e-01
2.23242e+00 1.95e-01
2.23329e+00 1.92e-01
2.23417e+00 1.90e-01
2.23504e+00 1.88e-01
2.23593e+00 1.86e-01
2.23681e+00 1.84e-01
2.23771e+00 1.83e-01
2.23859e+00 1.81e-01
2.23950e+00 1.80e-01
2.24039e+00 1.79e-01
2.24129e+00 1.78e-01
2.24220e+00 1.77e-01
2.24311e+00 1.76e-01
2.24402e+00 1.75e-01
2.24495e+00 1.75e-01
2.24587e+00 1.74e-01
2.24679e+00 1.73e-01
2.24772e+00 1.73e-01
2.24866e+00 1.73e-01
2.24960e+00 1.72e-01
2.25053e+00 1.72e-01
2.25148e+00 1.71e-01
2.25243e+00 1.71e-01
2.25338e+00 1.71e-01
2.25434e+00 1.71e-01
2.25870e+00 1.70e-01
2.26315e+00 1.70e-01
2.26616e+00 1.70e-01
2.26820e+00 1.70e-01
2.26922e+00 1.71e-01
2.27026e+00 1.71e-01
2.27129e+00 1.71e-01
2.27233e+00 1.71e-01
2.27337e+00 1.72e-01
2.27442e+00 1.72e-01
2.27548e+00 1.73e-01
2.27654e+00 1.73e-01
2.27761e+00 1.74e-01
2.27868e+00 1.74e-01
2.27976e+00 1.75e-01
2.28084e+00 1.76e-01
2.28193e+00 1.77e-01
2.28303e+00 1.78e-01
2.28413e+00 1.79e-01
2.28523e+00 1.80e-01
2.28634e+00 1.82e-01
2.28746e+00 1.84e-01
2.28802e+00 1.85e-01
2.28858e+00 1.86e-01
2.28915e+00 1.87e-01
2.28971e+00 1.88e-01
2.29028e+00 1.90e-01
2.29085e+00 1.92e-01
2.29141e+00 1.93e-01
2.29199e+00 1.95e-01
2.29257e+00 1.97e-01
2.29314e+00 2.00e-01
2.29372e+00 2.03e-01
2.29429e+00 2.06e-01
2.29488e+00 2.09e-01
2.29546e+00 2.13e-01
2.29604e+00 2.17e-01
2.29663e+00 2.22e-01
2.29721e+00 2.27e-01
2.29780e+00 2.33e-01
2.29839e+00 2.40e-01
2.29898e+00 2.48e-01
2.29958e+00 2.57e-01
2.30017e+00 2.67e-01
2.30077e+00 2.78e-01
2.30136e+00 2.91e-01
2.30197e+00 3.04e-01
2.30258e+00 3.19e-01
2.30378e+00 3.49e-01
2.30438e+00 3.63e-01
2.30498e+00 3.76e-01
2.30558e+00 3.85e-01
2.30618e+00 3.91e-01
2.30688e+00 3.92e-01
2.30747e+00 3.88e-01
2.30807e+00 3.80e-01
2.30867e+00 3.67e-01
2.30936e+00 3.53e-01
2.30996e+00 3.37e-01
2.31055e+00 3.21e-01
2.31125e+00 3.06e-01
2.31184e+00 2.91e-01
2.31244e+00 2.78e-01
2.31313e+00 2.66e-01
2.31372e+00 2.56e-01
2.31441e+00 2.47e-01
2.31501e+00 2.39e-01
2.31570e+00 2.32e-01
2.31629e+00 2.26e-01
2.31698e+00 2.20e-01
2.31757e+00 2.16e-01
2.31826e+00 2.11e-01
2.31895e+00 2.08e-01
2.31954e+00 2.05e-01
2.32023e+00 2.02e-01
2.32092e+00 1.99e-01
2.32160e+00 1.97e-01
2.32219e+00 1.95e-01
2.32288e+00 1.93e-01
2.32356e+00 1.91e-01
2.32425e+00 1.90e-01
2.32493e+00 1.88e-01
2.32562e+00 1.87e-01
2.32630e+00 1.86e-01
2.32767e+00 1.84e-01
2.32903e+00 1.83e-01
2.33039e+00 1.81e-01
2.33185e+00 1.80e-01
2.33321e+00 1.79e-01
2.33466e+00 1.79e-01
2.33612e+00 1.78e-01
2.33747e+00 1.77e-01
2.33901e+00 1.77e-01
2.34046e+00 1.77e-01
2.34267e+00 1.76e-01
2.34641e+00 1.76e-01
2.35023e+00 1.76e-01
2.35650e+00 1.76e-01
2.35811e+00 1.77e-01
2.35982e+00 1.77e-01
2.36142e+00 1.77e-01
2.36312e+00 1.77e-01
2.36471e+00 1.78e-01
2.36640e+00 1.78e-01
2.36819e+00 1.79e-01
2.36987e+00 1.79e-01
2.37164e+00 1.80e-01
2.37332e+00 1.80e-01
2.37518e+00 1.81e-01
2.37602e+00 1.82e-01
2.37695e+00 1.82e-01
2.37788e+00 1.84e-01
2.37871e+00 1.83e-01
2.37964e+00 1.83e-01
2.38149e+00 1.84e-01
2.38334e+00 1.85e-01
2.38527e+00 1.86e-01
2.38711e+00 1.87e-01
2.38904e+00 1.89e-01
2.39096e+00 1.91e-01
2.39297e+00 1.92e-01
2.39498e+00 1.95e-01
2.39699e+00 1.97e-01
2.39799e+00 1.99e-01
2.39899e+00 2.00e-01
2.40007e+00 2.02e-01
2.40107e+00 2.03e-01
2.40216e+00 2.05e-01
2.40315e+00 2.07e-01
2.40424e+00 2.10e-01
2.40532e+00 2.12e-01
2.40640e+00 2.15e-01
2.40740e+00 2.18e-01
2.40848e+00 2.21e-01
2.40964e+00 2.25e-01
2.41072e+00 2.29e-01
2.41180e+00 2.34e-01
2.41296e+00 2.39e-01
2.41404e+00 2.46e-01
2.41520e+00 2.53e-01
2.41627e+00 2.61e-01
2.41743e+00 2.71e-01
2.41859e+00 2.82e-01
2.41975e+00 2.95e-01
2.42090e+00 3.07e-01
2.42214e+00 3.18e-01
2.42330e+00 3.27e-01
2.42454e+00 3.32e-01
2.42569e+00 3.36e-01
2.42692e+00 3.40e-01
2.42816e+00 3.43e-01
2.42939e+00 3.46e-01
2.43063e+00 3.47e-01
2.43186e+00 3.47e-01
2.43317e+00 3.44e-01
2.43440e+00 3.39e-01
2.43572e+00 3.33e-01
2.43694e+00 3.25e-01
2.43825e+00 3.16e-01
2.44095e+00 2.97e-01
2.44226e+00 2.88e-01
2.44365e+00 2.80e-01
2.44495e+00 2.72e-01
2.44634e+00 2.64e-01
2.44772e+00 2.58e-01
2.44911e+00 2.52e-01
2.45057e+00 2.46e-01
2.45195e+00 2.41e-01
2.45342e+00 2.37e-01
2.45488e+00 2.33e-01
2.45634e+00 2.30e-01
2.45779e+00 2.27e-01
2.45933e+00 2.25e-01
2.46087e+00 2.23e-01
2.46241e+00 2.21e-01
2.46394e+00 2.19e-01
2.46547e+00 2.18e-01
2.46708e+00 2.17e-01
2.46861e+00 2.16e-01
2.47022e+00 2.15e-01
2.47191e+00 2.15e-01
2.47351e+00 2.14e-01
2.47519e+00 2.13e-01
2.47687e+00 2.13e-01
2.47855e+00 2.13e-01
2.48031e+00 2.13e-01
2.48207e+00 2.13e-01
2.48382e+00 2.14e-01
2.48566e+00 2.15e-01
2.48740e+00 2.16e-01
2.48923e+00 2.18e-01
2.49114e+00 2.20e-01
2.49304e+00 2.23e-01
2.49494e+00 2.26e-01
2.49684e+00 2.30e-01
2.49881e+00 2.35e-01
2.50078e+00 2.41e-01
2.50283e+00 2.48e-01
2.50487e+00 2.58e-01
2.50699e+00 2.72e-01
2.50911e+00 2.93e-01
2.51122e+00 3.22e-01
2.51341e+00 3.63e-01
2.51568e+00 4.03e-01
2.51786e+00 4.16e-01
2.52019e+00 3.82e-01
2.52252e+00 3.34e-01
2.52493e+00 2.97e-01
2.52733e+00 2.74e-01
2.52980e+00 2.61e-01
2.53227e+00 2.56e-01
2.53481e+00 2.54e-01
2.53742e+00 2.53e-01
2.54010e+00 2.48e-01
2.54286e+00 2.40e-01
2.54561e+00 2.32e-01
2.54843e+00 2.27e-01
2.55132e+00 2.30e-01
2.55428e+00 2.38e-01
2.55730e+00 2.35e-01
2.56048e+00 2.23e-01
2.56364e+00 2.27e-01
2.56695e+00 2.32e-01
2.57024e+00 2.21e-01
2.57376e+00 2.24e-01
2.57726e+00 2.25e-01
2.58097e+00 2.63e-01
2.58475e+00 1.87e-01
2.58867e+00 2.83e-01
2.59264e+00 2.45e-01
2.59682e+00 2.30e-01
2.60113e+00 2.18e-01
2.60565e+00 2.06e-01
2.61029e+00 1.59e-01
2.61513e+00 2.60e-01
2.62024e+00 2.27e-01
2.62554e+00 2.10e-01
2.63110e+00 1.89e-01
2.63698e+00 2.10e-01
2.64319e+00 2.21e-01
2.64971e+00 2.14e-01
2.65669e+00 2.49e-01
2.66410e+00 2.42e-01
2.67215e+00 2.43e-01
2.68082e+00 2.30e-01
2.69029e+00 2.30e-01
2.70069e+00 2.30e-01
2.71231e+00 2.24e-01
2.72543e+00 2.39e-01
2.74065e+00 2.23e-01
2.75874e+00 2.19e-01
2.78130e+00 2.13e-01
2.81151e+00 2.06e-01
2.85859e+00 1.97e-01
2.99573e+00 1.70e-01
