# OPACITY Project tables
-2.61515e+00 6.25e-02
-2.27341e+00 2.27e-02
-2.07433e+00 1.26e-02
-1.93351e+00 8.37e-03
-1.82455e+00 6.08e-03
-1.73574e+00 4.69e-03
-1.66078e+00 3.77e-03
-1.59603e+00 3.12e-03
-1.53898e+00 2.65e-03
-1.48802e+00 2.28e-03
-1.44198e+00 2.01e-03
-1.40003e+00 1.79e-03
-1.36148e+00 1.60e-03
-1.32584e+00 1.43e-03
-1.29269e+00 1.30e-03
-1.26174e+00 1.19e-03
-1.23268e+00 1.10e-03
-1.20531e+00 1.01e-03
-1.17944e+00 9.40e-04
-1.15493e+00 8.77e-04
-1.13165e+00 8.21e-04
-1.10945e+00 7.70e-04
-1.08827e+00 7.25e-04
-1.06799e+00 6.85e-04
-1.04857e+00 6.48e-04
-1.02994e+00 6.14e-04
-1.01200e+00 5.84e-04
-9.94739e-01 5.56e-04
-9.78086e-01 5.31e-04
-9.62021e-01 5.08e-04
-9.46492e-01 4.86e-04
-9.31455e-01 4.66e-04
-9.16916e-01 4.47e-04
-9.02807e-01 4.29e-04
-8.89113e-01 4.13e-04
-8.75797e-01 3.98e-04
-8.62868e-01 3.83e-04
-8.50292e-01 3.70e-04
-8.38057e-01 3.58e-04
-8.26130e-01 3.46e-04
-8.14502e-01 3.35e-04
-8.03185e-01 3.24e-04
-7.92106e-01 3.14e-04
-7.81301e-01 3.05e-04
-7.70741e-01 2.96e-04
-7.60420e-01 2.89e-04
-7.50331e-01 2.87e-04
-7.40469e-01 2.73e-04
-7.30787e-01 2.66e-04
-7.21320e-01 2.59e-04
-7.12045e-01 2.52e-04
-7.02955e-01 2.46e-04
-6.94048e-01 2.40e-04
-6.76723e-01 2.28e-04
-6.68298e-01 2.23e-04
-6.60041e-01 2.19e-04
-6.51909e-01 2.14e-04
-6.43938e-01 2.10e-04
-6.36087e-01 2.07e-04
-6.28390e-01 2.05e-04
-6.20808e-01 2.07e-04
-6.13357e-01 2.17e-04
-6.06016e-01 2.12e-04
-5.98801e-01 1.95e-04
-5.91692e-01 1.85e-04
-5.84687e-01 1.80e-04
-5.77803e-01 1.75e-04
-5.71018e-01 1.72e-04
-5.64314e-01 1.68e-04
-5.57725e-01 1.65e-04
-5.51231e-01 1.62e-04
-5.44831e-01 1.60e-04
-5.38505e-01 1.57e-04
-5.26142e-01 1.52e-04
-5.20085e-01 1.50e-04
-5.14098e-01 1.48e-04
-5.08196e-01 1.46e-04
-5.02362e-01 1.43e-04
-4.90925e-01 1.38e-04
-4.85320e-01 1.36e-04
-4.79779e-01 1.34e-04
-4.74301e-01 1.32e-04
-4.68884e-01 1.30e-04
-4.63545e-01 1.28e-04
-4.53044e-01 1.24e-04
-4.42778e-01 1.21e-04
-4.32739e-01 1.18e-04
-4.27803e-01 1.16e-04
-4.18095e-01 1.13e-04
-4.08585e-01 1.10e-04
-3.99284e-01 1.07e-04
-3.90158e-01 1.05e-04
-3.81216e-01 1.02e-04
-3.72456e-01 9.99e-05
-3.63858e-01 9.76e-05
-3.55419e-01 9.54e-05
-3.47135e-01 9.34e-05
-3.39003e-01 9.14e-05
-3.31021e-01 8.94e-05
-3.23185e-01 8.76e-05
-3.15464e-01 8.58e-05
-3.07885e-01 8.41e-05
-3.00430e-01 8.25e-05
-2.93097e-01 8.09e-05
-2.85884e-01 7.94e-05
-2.78788e-01 7.80e-05
-2.71796e-01 7.66e-05
-2.64917e-01 7.53e-05
-2.58149e-01 7.42e-05
-2.51466e-01 7.31e-05
-2.44891e-01 7.20e-05
-2.38409e-01 7.09e-05
-2.32020e-01 6.97e-05
-2.28860e-01 6.92e-05
-2.22606e-01 6.81e-05
-2.16441e-01 6.71e-05
-2.10363e-01 6.59e-05
-2.04359e-01 6.47e-05
-1.98439e-01 6.36e-05
-1.92590e-01 6.25e-05
-1.86824e-01 6.15e-05
-1.83971e-01 6.10e-05
-1.78314e-01 6.01e-05
-1.72724e-01 5.92e-05
-1.67200e-01 5.84e-05
-1.61755e-01 5.75e-05
-1.56373e-01 5.67e-05
-1.51044e-01 5.60e-05
-1.45789e-01 5.52e-05
-1.40596e-01 5.45e-05
-1.35453e-01 5.37e-05
-1.30382e-01 5.30e-05
-1.25359e-01 5.23e-05
-1.20395e-01 5.17e-05
-1.15489e-01 5.10e-05
-1.10630e-01 5.04e-05
-1.05827e-01 4.98e-05
-1.01070e-01 4.92e-05
-9.63788e-02 4.86e-05
-9.17206e-02 4.81e-05
-8.94106e-02 4.78e-05
-8.48283e-02 4.73e-05
-8.02994e-02 4.68e-05
-7.80480e-02 4.66e-05
-7.58125e-02 4.64e-05
-7.35820e-02 4.62e-05
-7.13671e-02 4.62e-05
-6.91679e-02 4.63e-05
-6.69735e-02 4.69e-05
-6.47839e-02 5.02e-05
-6.26097e-02 1.08e-04
-6.04509e-02 2.80e-04
-5.82967e-02 5.29e-05
-5.61577e-02 4.64e-05
-5.40233e-02 4.48e-05
-5.19040e-02 4.41e-05
-4.97997e-02 4.36e-05
-4.76998e-02 4.33e-05
-4.56042e-02 4.29e-05
-4.14576e-02 4.24e-05
-3.73385e-02 4.19e-05
-3.52956e-02 4.17e-05
-3.12430e-02 4.13e-05
-2.72170e-02 4.08e-05
-2.32379e-02 4.04e-05
-2.12543e-02 4.02e-05
-1.92848e-02 4.00e-05
-1.53675e-02 3.96e-05
-1.14958e-02 3.92e-05
-7.64918e-03 3.88e-05
-3.83735e-03 3.85e-05
-5.00013e-05 3.81e-05
3.69317e-03 3.77e-05
7.37275e-03 3.74e-05
9.25702e-03 3.72e-05
1.29162e-02 3.68e-05
1.65621e-02 3.65e-05
2.01947e-02 3.62e-05
2.38142e-02 3.59e-05
2.73233e-02 3.55e-05
3.08201e-02 3.52e-05
3.43048e-02 3.49e-05
3.77774e-02 3.47e-05
4.12379e-02 3.44e-05
4.46865e-02 3.41e-05
4.80280e-02 3.38e-05
5.14533e-02 3.35e-05
5.47722e-02 3.32e-05
5.80802e-02 3.30e-05
6.13773e-02 3.27e-05
6.46635e-02 3.25e-05
6.78455e-02 3.22e-05
7.11106e-02 3.19e-05
7.42722e-02 3.17e-05
7.74239e-02 3.14e-05
8.06579e-02 3.12e-05
8.37895e-02 3.10e-05
8.68197e-02 3.07e-05
8.99321e-02 3.05e-05
9.30349e-02 3.03e-05
9.60372e-02 3.00e-05
9.90305e-02 2.98e-05
1.02015e-01 2.96e-05
1.05080e-01 2.94e-05
1.07957e-01 2.92e-05
1.10915e-01 2.90e-05
1.13864e-01 2.88e-05
1.16805e-01 2.86e-05
1.19648e-01 2.84e-05
1.22483e-01 2.82e-05
1.25398e-01 2.80e-05
1.28217e-01 2.78e-05
1.31028e-01 2.76e-05
1.33831e-01 2.74e-05
1.36539e-01 2.72e-05
1.39327e-01 2.71e-05
1.40718e-01 2.70e-05
1.42107e-01 2.70e-05
1.43407e-01 2.69e-05
1.46176e-01 2.67e-05
1.48851e-01 2.66e-05
1.51519e-01 2.64e-05
1.54179e-01 2.62e-05
1.56833e-01 2.60e-05
1.59479e-01 2.59e-05
1.60757e-01 2.58e-05
1.63394e-01 2.56e-05
1.66023e-01 2.55e-05
1.68561e-01 2.53e-05
1.71176e-01 2.52e-05
1.72440e-01 2.73e-05
1.73701e-01 2.71e-05
1.74961e-01 2.49e-05
1.77477e-01 2.48e-05
1.80069e-01 2.46e-05
1.81321e-01 2.45e-05
1.83737e-01 2.44e-05
1.86231e-01 2.43e-05
1.87475e-01 2.42e-05
1.88718e-01 2.42e-05
1.91199e-01 2.40e-05
1.93591e-01 2.39e-05
1.96060e-01 2.38e-05
1.98441e-01 2.36e-05
2.00898e-01 2.35e-05
2.03267e-01 2.34e-05
2.05631e-01 2.32e-05
2.07989e-01 2.31e-05
2.10342e-01 2.30e-05
2.12689e-01 2.28e-05
2.15031e-01 2.27e-05
2.17286e-01 2.26e-05
2.19617e-01 2.25e-05
2.21943e-01 2.23e-05
2.24183e-01 2.22e-05
2.26418e-01 2.21e-05
2.28728e-01 2.20e-05
2.30953e-01 2.19e-05
2.33173e-01 2.18e-05
2.35388e-01 2.17e-05
2.37599e-01 2.15e-05
2.39804e-01 2.14e-05
2.42005e-01 2.13e-05
2.44200e-01 2.12e-05
2.46313e-01 2.11e-05
2.48499e-01 2.10e-05
2.50681e-01 2.09e-05
2.52780e-01 2.08e-05
2.54875e-01 2.07e-05
2.57042e-01 2.06e-05
2.59128e-01 2.05e-05
2.61210e-01 2.04e-05
2.63287e-01 2.03e-05
2.64362e-01 2.03e-05
2.66433e-01 2.01e-05
2.68499e-01 2.00e-05
2.70561e-01 2.00e-05
2.72619e-01 1.99e-05
2.74597e-01 1.98e-05
2.76646e-01 1.97e-05
2.78692e-01 1.96e-05
2.80657e-01 1.95e-05
2.82695e-01 1.94e-05
2.84652e-01 1.93e-05
2.86606e-01 1.92e-05
2.88632e-01 1.91e-05
2.90578e-01 1.91e-05
2.92520e-01 1.90e-05
2.94459e-01 1.89e-05
2.96394e-01 1.88e-05
2.98325e-01 1.87e-05
3.00253e-01 1.86e-05
3.02177e-01 1.86e-05
3.04097e-01 1.85e-05
3.05939e-01 1.84e-05
3.07852e-01 1.83e-05
3.09762e-01 1.82e-05
3.11594e-01 1.82e-05
3.13496e-01 1.81e-05
3.15322e-01 1.80e-05
3.17144e-01 1.79e-05
3.19035e-01 1.79e-05
3.20851e-01 1.78e-05
3.22663e-01 1.77e-05
3.24472e-01 1.77e-05
3.26278e-01 1.76e-05
3.28080e-01 1.75e-05
3.29879e-01 1.75e-05
3.31675e-01 1.75e-05
3.32608e-01 1.75e-05
3.33468e-01 1.75e-05
3.34399e-01 1.75e-05
3.35257e-01 1.76e-05
3.36115e-01 1.77e-05
3.37044e-01 1.79e-05
3.37900e-01 1.82e-05
3.38827e-01 1.84e-05
3.39681e-01 1.82e-05
3.40535e-01 1.79e-05
3.41389e-01 1.75e-05
3.42312e-01 1.73e-05
3.43164e-01 1.72e-05
3.44015e-01 1.71e-05
3.44936e-01 1.70e-05
3.45786e-01 1.70e-05
3.47483e-01 1.69e-05
3.49247e-01 1.68e-05
3.50939e-01 1.68e-05
3.52627e-01 1.67e-05
3.53470e-01 1.67e-05
3.54382e-01 1.67e-05
3.55224e-01 1.67e-05
3.56905e-01 1.68e-05
3.57744e-01 1.68e-05
3.58583e-01 1.69e-05
3.59421e-01 1.71e-05
3.60259e-01 1.74e-05
3.61095e-01 1.78e-05
3.61931e-01 1.90e-05
3.62766e-01 2.08e-05
3.63601e-01 2.41e-05
3.64435e-01 2.47e-05
3.65268e-01 2.38e-05
3.66100e-01 2.10e-05
3.66932e-01 1.87e-05
3.67763e-01 1.77e-05
3.68594e-01 1.71e-05
3.69354e-01 1.67e-05
3.70183e-01 1.65e-05
3.71012e-01 1.64e-05
3.71839e-01 1.62e-05
3.72666e-01 1.61e-05
3.73493e-01 1.61e-05
3.75075e-01 1.59e-05
3.76723e-01 1.58e-05
3.78299e-01 1.58e-05
3.79942e-01 1.57e-05
3.81514e-01 1.56e-05
3.83151e-01 1.56e-05
3.84718e-01 1.55e-05
3.86282e-01 1.54e-05
3.87912e-01 1.54e-05
3.89471e-01 1.53e-05
3.91028e-01 1.53e-05
3.92582e-01 1.52e-05
3.94134e-01 1.52e-05
3.95684e-01 1.51e-05
3.97231e-01 1.51e-05
3.98776e-01 1.50e-05
4.00319e-01 1.50e-05
4.01859e-01 1.50e-05
4.03396e-01 1.50e-05
4.04932e-01 1.49e-05
4.05665e-01 1.49e-05
4.07197e-01 1.49e-05
4.08726e-01 1.49e-05
4.10187e-01 1.50e-05
4.10983e-01 1.51e-05
4.11712e-01 1.51e-05
4.12441e-01 1.52e-05
4.13169e-01 1.53e-05
4.13962e-01 1.55e-05
4.14689e-01 1.58e-05
4.15415e-01 1.61e-05
4.16141e-01 1.68e-05
4.16932e-01 1.77e-05
4.17657e-01 1.93e-05
4.18381e-01 2.27e-05
4.19105e-01 2.76e-05
4.19828e-01 3.52e-05
4.20616e-01 4.37e-05
4.21338e-01 3.60e-05
4.22060e-01 2.79e-05
4.22781e-01 2.30e-05
4.23501e-01 1.93e-05
4.24221e-01 1.77e-05
4.25006e-01 1.66e-05
4.25725e-01 1.59e-05
4.26444e-01 1.55e-05
4.27161e-01 1.51e-05
4.27879e-01 1.49e-05
4.28596e-01 1.47e-05
4.29312e-01 1.46e-05
4.30028e-01 1.45e-05
4.30743e-01 1.44e-05
4.31458e-01 1.43e-05
4.32172e-01 1.42e-05
4.33599e-01 1.41e-05
4.35024e-01 1.40e-05
4.36447e-01 1.40e-05
4.37868e-01 1.39e-05
4.39287e-01 1.38e-05
4.40704e-01 1.38e-05
4.42118e-01 1.37e-05
4.43467e-01 1.36e-05
4.44878e-01 1.36e-05
4.46287e-01 1.35e-05
4.47630e-01 1.35e-05
4.49035e-01 1.35e-05
4.50438e-01 1.34e-05
4.51776e-01 1.34e-05
4.53175e-01 1.33e-05
4.54509e-01 1.33e-05
4.55841e-01 1.32e-05
4.57235e-01 1.32e-05
4.58563e-01 1.32e-05
4.59953e-01 1.31e-05
4.61278e-01 1.31e-05
4.62601e-01 1.30e-05
4.63923e-01 1.30e-05
4.65305e-01 1.30e-05
4.66623e-01 1.29e-05
4.67939e-01 1.29e-05
4.69253e-01 1.28e-05
4.70566e-01 1.28e-05
4.71877e-01 1.28e-05
4.73186e-01 1.27e-05
4.74494e-01 1.27e-05
4.75799e-01 1.27e-05
4.77103e-01 1.26e-05
4.78406e-01 1.26e-05
4.79706e-01 1.26e-05
4.80944e-01 1.25e-05
4.82241e-01 1.25e-05
4.83537e-01 1.25e-05
4.84831e-01 1.24e-05
4.86062e-01 1.24e-05
4.87352e-01 1.24e-05
4.88641e-01 1.23e-05
4.89868e-01 1.23e-05
4.91153e-01 1.23e-05
4.92376e-01 1.22e-05
4.93659e-01 1.22e-05
4.94879e-01 1.22e-05
4.96159e-01 1.21e-05
4.97376e-01 1.21e-05
4.98591e-01 1.21e-05
4.99866e-01 1.20e-05
5.01078e-01 1.20e-05
5.02289e-01 1.20e-05
5.03559e-01 1.20e-05
5.04767e-01 1.19e-05
5.05974e-01 1.19e-05
5.07179e-01 1.19e-05
5.08383e-01 1.19e-05
5.09645e-01 1.18e-05
5.10846e-01 1.18e-05
5.12045e-01 1.18e-05
5.13243e-01 1.18e-05
5.14439e-01 1.17e-05
5.15634e-01 1.17e-05
5.16828e-01 1.17e-05
5.18020e-01 1.17e-05
5.19210e-01 1.16e-05
5.20340e-01 1.16e-05
5.21528e-01 1.16e-05
5.25616e-01 1.16e-05
5.29157e-01 1.16e-05
5.30275e-01 1.16e-05
5.31451e-01 1.16e-05
5.32568e-01 1.16e-05
5.33154e-01 1.16e-05
5.34327e-01 1.17e-05
5.34855e-01 1.17e-05
5.36025e-01 1.18e-05
5.37136e-01 1.19e-05
5.37721e-01 1.20e-05
5.38305e-01 1.21e-05
5.38888e-01 1.22e-05
5.39413e-01 1.23e-05
5.40579e-01 1.26e-05
5.41685e-01 1.31e-05
5.42789e-01 1.40e-05
5.43370e-01 1.47e-05
5.43951e-01 1.54e-05
5.44473e-01 1.68e-05
5.45053e-01 1.83e-05
5.45633e-01 2.13e-05
5.46154e-01 2.48e-05
5.46733e-01 3.34e-05
5.47312e-01 4.41e-05
5.47832e-01 6.57e-05
5.48410e-01 9.37e-05
5.48930e-01 9.62e-05
5.49508e-01 7.84e-05
5.50085e-01 6.06e-05
5.50604e-01 4.29e-05
5.51180e-01 3.00e-05
5.51699e-01 2.46e-05
5.52275e-01 2.02e-05
5.52850e-01 1.81e-05
5.53368e-01 1.62e-05
5.53943e-01 1.52e-05
5.54460e-01 1.43e-05
5.55550e-01 1.32e-05
5.56640e-01 1.25e-05
5.57213e-01 1.23e-05
5.57728e-01 1.21e-05
5.58301e-01 1.19e-05
5.58815e-01 1.18e-05
5.59387e-01 1.16e-05
5.59901e-01 1.15e-05
5.60473e-01 1.14e-05
5.60986e-01 1.14e-05
5.61557e-01 1.13e-05
5.62640e-01 1.11e-05
5.63722e-01 1.10e-05
5.64745e-01 1.09e-05
5.65825e-01 1.09e-05
5.66903e-01 1.08e-05
5.67981e-01 1.07e-05
5.69057e-01 1.07e-05
5.70075e-01 1.06e-05
5.71149e-01 1.06e-05
5.72222e-01 1.05e-05
5.73293e-01 1.05e-05
5.74307e-01 1.05e-05
5.75377e-01 1.04e-05
5.76445e-01 1.04e-05
5.77456e-01 1.04e-05
5.78522e-01 1.03e-05
5.79530e-01 1.03e-05
5.80594e-01 1.03e-05
5.81601e-01 1.02e-05
5.82662e-01 1.02e-05
5.83667e-01 1.02e-05
5.84726e-01 1.02e-05
5.85729e-01 1.01e-05
5.86786e-01 1.01e-05
5.87787e-01 1.01e-05
5.88786e-01 1.01e-05
5.89840e-01 1.00e-05
5.90838e-01 1.00e-05
5.91834e-01 9.99e-06
5.92885e-01 9.97e-06
5.93879e-01 9.95e-06
5.94873e-01 9.93e-06
5.95865e-01 9.90e-06
5.96857e-01 9.88e-06
5.97902e-01 9.86e-06
5.98891e-01 9.84e-06
5.99880e-01 9.82e-06
6.00867e-01 9.80e-06
6.01854e-01 9.78e-06
6.02839e-01 9.76e-06
6.03824e-01 9.73e-06
6.04808e-01 9.71e-06
6.05790e-01 9.69e-06
6.06772e-01 9.67e-06
6.07753e-01 9.65e-06
6.08732e-01 9.63e-06
6.09711e-01 9.61e-06
6.10689e-01 9.60e-06
6.11666e-01 9.58e-06
6.12642e-01 9.56e-06
6.13617e-01 9.54e-06
6.14591e-01 9.52e-06
6.15510e-01 9.50e-06
6.16482e-01 9.48e-06
6.17453e-01 9.46e-06
6.18424e-01 9.44e-06
6.19339e-01 9.43e-06
6.20308e-01 9.41e-06
6.21275e-01 9.39e-06
6.22242e-01 9.37e-06
6.23154e-01 9.35e-06
6.24119e-01 9.33e-06
6.25082e-01 9.32e-06
6.25992e-01 9.30e-06
6.26954e-01 9.28e-06
6.27862e-01 9.26e-06
6.28822e-01 9.25e-06
6.29728e-01 9.23e-06
6.30686e-01 9.21e-06
6.31591e-01 9.19e-06
6.32548e-01 9.18e-06
6.33450e-01 9.16e-06
6.34405e-01 9.14e-06
6.35306e-01 9.13e-06
6.36259e-01 9.11e-06
6.37159e-01 9.09e-06
6.38110e-01 9.08e-06
6.39008e-01 9.06e-06
6.39905e-01 9.04e-06
6.40853e-01 9.03e-06
6.41749e-01 9.01e-06
6.42643e-01 8.99e-06
6.43537e-01 8.98e-06
6.44482e-01 8.96e-06
6.45374e-01 8.95e-06
6.46265e-01 8.93e-06
6.47156e-01 8.91e-06
6.48098e-01 8.90e-06
6.48986e-01 8.88e-06
6.49874e-01 8.87e-06
6.50761e-01 8.85e-06
6.51648e-01 8.84e-06
6.52533e-01 8.81e-06
6.53418e-01 8.80e-06
6.54302e-01 8.78e-06
6.55186e-01 8.77e-06
6.56120e-01 8.75e-06
6.57002e-01 8.74e-06
6.57883e-01 8.72e-06
6.58763e-01 8.71e-06
6.59642e-01 8.69e-06
6.60469e-01 8.68e-06
6.61347e-01 8.66e-06
6.62224e-01 8.65e-06
6.63100e-01 8.63e-06
6.63976e-01 8.62e-06
6.64851e-01 8.61e-06
6.65725e-01 8.60e-06
6.66598e-01 8.58e-06
6.67470e-01 8.57e-06
6.68291e-01 8.56e-06
6.69162e-01 8.55e-06
6.70032e-01 8.53e-06
6.70902e-01 8.52e-06
6.71719e-01 8.51e-06
6.72587e-01 8.49e-06
6.73455e-01 8.48e-06
6.74321e-01 8.47e-06
6.75136e-01 8.45e-06
6.76001e-01 8.44e-06
6.76865e-01 8.43e-06
6.77678e-01 8.42e-06
6.78541e-01 8.41e-06
6.79403e-01 8.39e-06
6.80214e-01 8.38e-06
6.81075e-01 8.37e-06
6.81884e-01 8.36e-06
6.84813e-01 8.33e-06
6.88135e-01 8.33e-06
6.88989e-01 8.34e-06
6.89390e-01 8.34e-06
6.90193e-01 8.36e-06
6.90594e-01 8.37e-06
6.91446e-01 8.42e-06
6.91846e-01 8.45e-06
6.92247e-01 8.50e-06
6.92647e-01 8.55e-06
6.93497e-01 8.73e-06
6.93897e-01 8.90e-06
6.94297e-01 9.11e-06
6.94696e-01 9.36e-06
6.95544e-01 1.01e-05
6.95943e-01 1.02e-05
6.96342e-01 1.03e-05
6.96741e-01 1.02e-05
6.97538e-01 9.44e-06
6.97985e-01 9.18e-06
6.98383e-01 8.93e-06
6.98781e-01 8.75e-06
6.99576e-01 8.52e-06
7.00371e-01 8.40e-06
7.00818e-01 8.35e-06
7.01611e-01 8.28e-06
7.02404e-01 8.24e-06
7.03197e-01 8.20e-06
7.03988e-01 8.17e-06
7.04829e-01 8.14e-06
7.05619e-01 8.12e-06
7.06409e-01 8.10e-06
7.07198e-01 8.08e-06
7.07987e-01 8.06e-06
7.08774e-01 8.05e-06
7.09562e-01 8.03e-06
7.12361e-01 8.01e-06
7.14713e-01 8.01e-06
7.16278e-01 8.02e-06
7.17059e-01 8.03e-06
7.17791e-01 8.05e-06
7.18181e-01 8.06e-06
7.18961e-01 8.09e-06
7.19740e-01 8.13e-06
7.20130e-01 8.15e-06
7.20908e-01 8.20e-06
7.21297e-01 8.24e-06
7.22075e-01 8.31e-06
7.22852e-01 8.39e-06
7.23628e-01 8.48e-06
7.24016e-01 8.52e-06
7.24743e-01 8.59e-06
7.25130e-01 8.62e-06
7.25905e-01 8.65e-06
7.26292e-01 8.64e-06
7.27065e-01 8.60e-06
7.27838e-01 8.52e-06
7.28225e-01 8.47e-06
7.28949e-01 8.36e-06
7.29720e-01 8.26e-06
7.30491e-01 8.16e-06
7.30876e-01 8.11e-06
7.31598e-01 8.03e-06
7.32368e-01 7.96e-06
7.32752e-01 7.92e-06
7.33521e-01 7.87e-06
7.34241e-01 7.82e-06
7.35009e-01 7.77e-06
7.35776e-01 7.74e-06
7.36494e-01 7.70e-06
7.37260e-01 7.67e-06
7.38025e-01 7.65e-06
7.38742e-01 7.63e-06
7.39506e-01 7.61e-06
7.40222e-01 7.59e-06
7.40985e-01 7.57e-06
7.41747e-01 7.55e-06
7.42461e-01 7.53e-06
7.43222e-01 7.52e-06
7.43935e-01 7.50e-06
7.44695e-01 7.49e-06
7.45408e-01 7.47e-06
7.46166e-01 7.46e-06
7.46878e-01 7.45e-06
7.47635e-01 7.44e-06
7.48345e-01 7.42e-06
7.49102e-01 7.41e-06
7.49811e-01 7.40e-06
7.50567e-01 7.39e-06
7.51275e-01 7.38e-06
7.51982e-01 7.37e-06
7.52736e-01 7.36e-06
7.53442e-01 7.35e-06
7.54148e-01 7.34e-06
7.58841e-01 7.30e-06
7.61366e-01 7.29e-06
7.62393e-01 7.30e-06
7.63839e-01 7.31e-06
7.64537e-01 7.32e-06
7.65235e-01 7.34e-06
7.65979e-01 7.36e-06
7.66676e-01 7.38e-06
7.67373e-01 7.41e-06
7.68069e-01 7.44e-06
7.69136e-01 7.46e-06
7.69460e-01 7.46e-06
7.69830e-01 7.45e-06
7.70525e-01 7.43e-06
7.71219e-01 7.40e-06
7.71912e-01 7.35e-06
7.72605e-01 7.31e-06
7.73298e-01 7.27e-06
7.73990e-01 7.23e-06
7.74681e-01 7.20e-06
7.75418e-01 7.17e-06
7.76109e-01 7.14e-06
7.76799e-01 7.12e-06
7.77488e-01 7.10e-06
7.78177e-01 7.08e-06
7.78866e-01 7.07e-06
7.79554e-01 7.05e-06
7.80242e-01 7.04e-06
7.80929e-01 7.03e-06
7.81570e-01 7.01e-06
7.82256e-01 7.00e-06
7.82942e-01 6.99e-06
7.83628e-01 6.98e-06
7.84312e-01 6.97e-06
7.84997e-01 6.96e-06
7.85681e-01 6.95e-06
7.88048e-01 6.93e-06
7.93761e-01 6.88e-06
7.97417e-01 6.86e-06
8.01059e-01 6.85e-06
8.03032e-01 6.86e-06
8.04331e-01 6.87e-06
8.05002e-01 6.88e-06
8.05627e-01 6.89e-06
8.06297e-01 6.90e-06
8.06967e-01 6.91e-06
8.07591e-01 6.93e-06
8.08260e-01 6.95e-06
8.08884e-01 6.97e-06
8.09551e-01 7.00e-06
8.10174e-01 7.03e-06
8.10841e-01 7.07e-06
8.11463e-01 7.11e-06
8.12129e-01 7.16e-06
8.12751e-01 7.22e-06
8.13106e-01 7.26e-06
8.13726e-01 7.34e-06
8.14036e-01 7.38e-06
8.14701e-01 7.49e-06
8.15011e-01 7.55e-06
8.15674e-01 7.68e-06
8.15984e-01 7.76e-06
8.16603e-01 7.94e-06
8.17266e-01 8.16e-06
8.17575e-01 8.27e-06
8.18193e-01 8.54e-06
8.18546e-01 8.69e-06
8.19163e-01 9.01e-06
8.19471e-01 9.18e-06
8.20132e-01 9.53e-06
8.20749e-01 9.84e-06
8.21057e-01 1.00e-05
8.21716e-01 1.02e-05
8.22024e-01 1.02e-05
8.22639e-01 1.02e-05
8.22947e-01 1.01e-05
8.23605e-01 9.92e-06
8.23912e-01 9.77e-06
8.24526e-01 9.44e-06
8.25184e-01 9.08e-06
8.25490e-01 8.91e-06
8.26103e-01 8.59e-06
8.26410e-01 8.44e-06
8.27066e-01 8.17e-06
8.27372e-01 8.05e-06
8.27984e-01 7.83e-06
8.28290e-01 7.74e-06
8.28945e-01 7.57e-06
8.29556e-01 7.43e-06
8.29861e-01 7.36e-06
8.30471e-01 7.25e-06
8.30776e-01 7.20e-06
8.31430e-01 7.11e-06
8.31735e-01 7.07e-06
8.32344e-01 7.00e-06
8.32953e-01 6.94e-06
8.33257e-01 6.91e-06
8.33909e-01 6.86e-06
8.34517e-01 6.81e-06
8.35124e-01 6.77e-06
8.35731e-01 6.73e-06
8.36338e-01 6.70e-06
8.36988e-01 6.67e-06
8.37594e-01 6.64e-06
8.38199e-01 6.62e-06
8.38805e-01 6.59e-06
8.39410e-01 6.57e-06
8.40014e-01 6.55e-06
8.40618e-01 6.53e-06
8.41265e-01 6.51e-06
8.41869e-01 6.49e-06
8.42472e-01 6.48e-06
8.43075e-01 6.46e-06
8.43677e-01 6.44e-06
8.44279e-01 6.43e-06
8.44881e-01 6.41e-06
8.45482e-01 6.40e-06
8.46083e-01 6.38e-06
8.46683e-01 6.37e-06
8.47284e-01 6.36e-06
8.47883e-01 6.34e-06
8.48526e-01 6.33e-06
8.49125e-01 6.32e-06
8.49723e-01 6.31e-06
8.50322e-01 6.29e-06
8.50920e-01 6.28e-06
8.51518e-01 6.27e-06
8.52115e-01 6.26e-06
8.52712e-01 6.25e-06
8.53308e-01 6.24e-06
8.53862e-01 6.23e-06
8.54458e-01 6.22e-06
8.55053e-01 6.21e-06
8.55649e-01 6.20e-06
8.56243e-01 6.19e-06
8.56838e-01 6.18e-06
8.57432e-01 6.17e-06
8.58026e-01 6.16e-06
8.58619e-01 6.15e-06
8.59212e-01 6.14e-06
8.59805e-01 6.13e-06
8.60397e-01 6.12e-06
8.60947e-01 6.12e-06
8.61539e-01 6.11e-06
8.62130e-01 6.10e-06
8.62721e-01 6.09e-06
8.63312e-01 6.08e-06
8.63902e-01 6.07e-06
8.64492e-01 6.07e-06
8.65040e-01 6.06e-06
8.65629e-01 6.05e-06
8.66218e-01 6.04e-06
8.66806e-01 6.04e-06
8.67395e-01 6.03e-06
8.67940e-01 6.02e-06
8.68528e-01 6.01e-06
8.69115e-01 6.01e-06
8.69702e-01 6.00e-06
8.70289e-01 5.99e-06
8.70833e-01 5.99e-06
8.71419e-01 5.98e-06
8.72004e-01 5.97e-06
8.72548e-01 5.97e-06
8.73133e-01 5.96e-06
8.77134e-01 5.92e-06
8.79959e-01 5.89e-06
8.80829e-01 5.88e-06
8.82775e-01 5.86e-06
8.91711e-01 5.79e-06
8.92285e-01 5.78e-06
9.02395e-01 5.72e-06
9.05108e-01 5.71e-06
9.10232e-01 5.69e-06
9.15290e-01 5.69e-06
9.17929e-01 5.70e-06
9.20562e-01 5.71e-06
9.27587e-01 5.76e-06
9.29681e-01 5.76e-06
9.31967e-01 5.76e-06
9.33541e-01 5.75e-06
9.34052e-01 5.74e-06
9.34563e-01 5.72e-06
9.35073e-01 5.70e-06
9.35583e-01 5.68e-06
9.36093e-01 5.66e-06
9.36603e-01 5.64e-06
9.37112e-01 5.61e-06
9.37622e-01 5.59e-06
9.38130e-01 5.57e-06
9.38639e-01 5.55e-06
9.39148e-01 5.53e-06
9.39656e-01 5.51e-06
9.40163e-01 5.49e-06
9.40671e-01 5.47e-06
9.41139e-01 5.45e-06
9.41647e-01 5.44e-06
9.42153e-01 5.43e-06
9.42660e-01 5.41e-06
9.43166e-01 5.40e-06
9.43672e-01 5.39e-06
9.44178e-01 5.38e-06
9.44684e-01 5.37e-06
9.45189e-01 5.36e-06
9.45694e-01 5.35e-06
9.46199e-01 5.34e-06
9.46704e-01 5.34e-06
9.47208e-01 5.33e-06
9.47712e-01 5.32e-06
9.48177e-01 5.32e-06
9.51426e-01 5.29e-06
9.52430e-01 5.28e-06
9.54395e-01 5.29e-06
9.54896e-01 5.30e-06
9.55396e-01 5.30e-06
9.55896e-01 5.31e-06
9.56357e-01 5.33e-06
9.56626e-01 5.34e-06
9.57126e-01 5.37e-06
9.57356e-01 5.38e-06
9.57855e-01 5.43e-06
9.58085e-01 5.45e-06
9.58354e-01 5.49e-06
9.58814e-01 5.57e-06
9.59082e-01 5.64e-06
9.59580e-01 5.79e-06
9.59810e-01 5.92e-06
9.60308e-01 6.25e-06
9.60537e-01 6.51e-06
9.61035e-01 7.36e-06
9.61264e-01 7.92e-06
9.61761e-01 9.93e-06
9.61990e-01 1.08e-05
9.62487e-01 1.11e-05
9.62716e-01 1.13e-05
9.62983e-01 1.02e-05
9.63480e-01 8.12e-06
9.63709e-01 7.54e-06
9.64204e-01 6.58e-06
9.64433e-01 6.30e-06
9.64929e-01 5.92e-06
9.65157e-01 5.78e-06
9.65652e-01 5.60e-06
9.65881e-01 5.53e-06
9.66375e-01 5.43e-06
9.66604e-01 5.39e-06
9.67098e-01 5.33e-06
9.67326e-01 5.30e-06
9.67820e-01 5.26e-06
9.68048e-01 5.24e-06
9.68542e-01 5.21e-06
9.68769e-01 5.19e-06
9.69263e-01 5.17e-06
9.69756e-01 5.15e-06
9.70211e-01 5.13e-06
9.70703e-01 5.12e-06
9.71195e-01 5.10e-06
9.71650e-01 5.09e-06
9.72142e-01 5.08e-06
9.72633e-01 5.07e-06
9.73087e-01 5.07e-06
9.73578e-01 5.06e-06
9.74069e-01 5.05e-06
9.74522e-01 5.05e-06
9.75012e-01 5.04e-06
9.75503e-01 5.04e-06
9.75955e-01 5.03e-06
9.76445e-01 5.02e-06
9.76897e-01 5.02e-06
9.77386e-01 5.01e-06
9.77875e-01 5.00e-06
9.78326e-01 4.99e-06
9.78815e-01 4.99e-06
9.79266e-01 4.98e-06
9.79754e-01 4.97e-06
9.80242e-01 4.96e-06
9.80692e-01 4.95e-06
9.81179e-01 4.94e-06
9.81629e-01 4.93e-06
9.82116e-01 4.93e-06
9.82565e-01 4.92e-06
9.83052e-01 4.91e-06
9.83276e-01 4.92e-06
9.83762e-01 4.94e-06
9.83987e-01 4.94e-06
9.84473e-01 4.94e-06
9.84921e-01 4.93e-06
9.85406e-01 4.92e-06
9.85854e-01 4.92e-06
9.86339e-01 4.91e-06
9.86786e-01 4.90e-06
9.87271e-01 4.89e-06
9.87718e-01 4.89e-06
9.88202e-01 4.88e-06
9.88649e-01 4.88e-06
9.89132e-01 4.87e-06
9.91918e-01 4.84e-06
9.92362e-01 4.84e-06
9.92844e-01 4.83e-06
9.99933e-01 4.76e-06
1.00405e+00 4.74e-06
1.00854e+00 4.72e-06
1.00967e+00 4.71e-06
1.00989e+00 5.65e-06
1.01033e+00 8.26e-06
1.01058e+00 8.33e-06
1.01102e+00 5.72e-06
1.01124e+00 4.70e-06
1.01345e+00 4.67e-06
1.01393e+00 4.66e-06
1.01436e+00 4.66e-06
1.01480e+00 4.65e-06
1.01527e+00 4.65e-06
1.01570e+00 4.64e-06
1.01614e+00 4.63e-06
1.01657e+00 4.63e-06
1.01704e+00 4.62e-06
1.01747e+00 4.62e-06
1.01791e+00 4.61e-06
1.01834e+00 4.61e-06
1.02166e+00 4.58e-06
1.02428e+00 4.56e-06
1.02518e+00 4.56e-06
1.02690e+00 4.55e-06
1.02844e+00 4.54e-06
1.02930e+00 4.53e-06
1.02973e+00 4.53e-06
1.03019e+00 4.52e-06
1.03062e+00 4.52e-06
1.03105e+00 4.51e-06
1.03147e+00 4.50e-06
1.03190e+00 4.50e-06
1.03233e+00 4.49e-06
1.03276e+00 4.49e-06
1.03322e+00 4.48e-06
1.03365e+00 4.47e-06
1.03407e+00 4.46e-06
1.03450e+00 4.45e-06
1.03493e+00 4.45e-06
1.03535e+00 4.44e-06
1.03578e+00 4.44e-06
1.03620e+00 4.43e-06
1.03663e+00 4.43e-06
1.03706e+00 4.42e-06
1.03943e+00 4.41e-06
1.04197e+00 4.40e-06
1.04239e+00 4.40e-06
1.04282e+00 4.40e-06
1.04324e+00 4.39e-06
1.04370e+00 4.38e-06
1.04412e+00 4.38e-06
1.04454e+00 4.37e-06
1.04497e+00 4.36e-06
1.04539e+00 4.35e-06
1.04581e+00 4.34e-06
1.04623e+00 4.33e-06
1.04665e+00 4.32e-06
1.04707e+00 4.32e-06
1.04749e+00 4.31e-06
1.04792e+00 4.31e-06
1.04981e+00 4.30e-06
1.05128e+00 4.30e-06
1.05170e+00 4.29e-06
1.05211e+00 4.28e-06
1.05253e+00 4.28e-06
1.05295e+00 4.26e-06
1.05337e+00 4.25e-06
1.05379e+00 4.24e-06
1.05421e+00 4.22e-06
1.05463e+00 4.21e-06
1.05504e+00 4.19e-06
1.05543e+00 4.18e-06
1.05584e+00 4.17e-06
1.05626e+00 4.16e-06
1.05668e+00 4.15e-06
1.05710e+00 4.14e-06
1.05751e+00 4.13e-06
1.05793e+00 4.12e-06
1.05814e+00 4.13e-06
1.05855e+00 4.24e-06
1.05876e+00 4.29e-06
1.05897e+00 4.29e-06
1.05939e+00 4.28e-06
1.05980e+00 4.28e-06
1.06022e+00 4.27e-06
1.06063e+00 4.26e-06
1.06105e+00 4.26e-06
1.06143e+00 4.25e-06
1.06184e+00 4.25e-06
1.06226e+00 4.24e-06
1.06267e+00 4.24e-06
1.06309e+00 4.23e-06
1.06350e+00 4.23e-06
1.06392e+00 4.22e-06
1.06433e+00 4.22e-06
1.06475e+00 4.21e-06
1.06516e+00 4.21e-06
1.06554e+00 4.20e-06
1.06595e+00 4.20e-06
1.06636e+00 4.19e-06
1.06678e+00 4.19e-06
1.06719e+00 4.18e-06
1.06760e+00 4.18e-06
1.06802e+00 4.17e-06
1.06843e+00 4.17e-06
1.06881e+00 4.17e-06
1.06922e+00 4.16e-06
1.06963e+00 4.15e-06
1.07004e+00 4.15e-06
1.07045e+00 4.14e-06
1.07086e+00 4.13e-06
1.07128e+00 4.13e-06
1.07206e+00 4.12e-06
1.07247e+00 4.11e-06
1.07288e+00 4.11e-06
1.08667e+00 3.97e-06
1.08748e+00 3.97e-06
1.09300e+00 3.92e-06
1.09357e+00 3.91e-06
1.10157e+00 3.84e-06
1.10194e+00 3.87e-06
1.10214e+00 3.89e-06
1.10234e+00 3.88e-06
1.10274e+00 3.84e-06
1.10290e+00 3.83e-06
1.10562e+00 3.80e-06
1.10965e+00 3.77e-06
1.11534e+00 3.72e-06
1.11763e+00 3.70e-06
1.12383e+00 3.64e-06
1.13053e+00 3.59e-06
1.13369e+00 3.56e-06
1.14030e+00 3.51e-06
1.14575e+00 3.47e-06
1.14610e+00 3.48e-06
1.14664e+00 3.48e-06
1.14937e+00 3.47e-06
1.15098e+00 3.47e-06
1.15206e+00 3.48e-06
1.15278e+00 3.49e-06
1.15313e+00 3.49e-06
1.15351e+00 3.49e-06
1.15386e+00 3.50e-06
1.15420e+00 3.51e-06
1.15458e+00 3.51e-06
1.15493e+00 3.52e-06
1.15528e+00 3.53e-06
1.15565e+00 3.55e-06
1.15600e+00 3.56e-06
1.15638e+00 3.58e-06
1.15654e+00 3.58e-06
1.15691e+00 3.60e-06
1.15726e+00 3.63e-06
1.15760e+00 3.65e-06
1.15779e+00 3.67e-06
1.15814e+00 3.70e-06
1.15852e+00 3.73e-06
1.15886e+00 3.76e-06
1.15921e+00 3.80e-06
1.15958e+00 3.83e-06
1.15993e+00 3.86e-06
1.16027e+00 3.89e-06
1.16065e+00 3.90e-06
1.16080e+00 3.91e-06
1.16099e+00 3.91e-06
1.16134e+00 3.91e-06
1.16152e+00 3.90e-06
1.16187e+00 3.88e-06
1.16206e+00 3.87e-06
1.16224e+00 3.85e-06
1.16259e+00 3.81e-06
1.16293e+00 3.78e-06
1.16331e+00 3.74e-06
1.16365e+00 3.70e-06
1.16399e+00 3.66e-06
1.16437e+00 3.62e-06
1.16471e+00 3.59e-06
1.16506e+00 3.56e-06
1.16540e+00 3.53e-06
1.16577e+00 3.50e-06
1.16612e+00 3.48e-06
1.16646e+00 3.46e-06
1.16683e+00 3.44e-06
1.16717e+00 3.43e-06
1.16752e+00 3.41e-06
1.16789e+00 3.40e-06
1.16823e+00 3.38e-06
1.16857e+00 3.37e-06
1.16892e+00 3.36e-06
1.16929e+00 3.35e-06
1.16963e+00 3.34e-06
1.16997e+00 3.33e-06
1.17034e+00 3.33e-06
1.17068e+00 3.32e-06
1.17103e+00 3.31e-06
1.17140e+00 3.30e-06
1.17174e+00 3.30e-06
1.17208e+00 3.29e-06
1.17242e+00 3.29e-06
1.17279e+00 3.28e-06
1.17313e+00 3.27e-06
1.17347e+00 3.27e-06
1.17381e+00 3.26e-06
1.17418e+00 3.26e-06
1.17452e+00 3.25e-06
1.17486e+00 3.25e-06
1.17523e+00 3.24e-06
1.17557e+00 3.24e-06
1.17591e+00 3.24e-06
1.17625e+00 3.23e-06
1.17662e+00 3.23e-06
1.17696e+00 3.22e-06
1.17730e+00 3.22e-06
1.17764e+00 3.22e-06
1.17801e+00 3.21e-06
1.17835e+00 3.21e-06
1.17869e+00 3.20e-06
1.17902e+00 3.20e-06
1.17939e+00 3.20e-06
1.17973e+00 3.19e-06
1.18007e+00 3.19e-06
1.18041e+00 3.19e-06
1.18078e+00 3.18e-06
1.18111e+00 3.18e-06
1.18145e+00 3.18e-06
1.18179e+00 3.17e-06
1.18216e+00 3.17e-06
1.18249e+00 3.17e-06
1.18626e+00 3.13e-06
1.19259e+00 3.08e-06
1.20989e+00 2.95e-06
1.21669e+00 2.90e-06
1.22307e+00 2.86e-06
1.22812e+00 2.83e-06
1.23282e+00 2.81e-06
1.23637e+00 2.80e-06
1.23829e+00 2.79e-06
1.23991e+00 2.78e-06
1.24055e+00 2.78e-06
1.24150e+00 2.77e-06
1.24182e+00 2.77e-06
1.24214e+00 2.77e-06
1.24245e+00 2.76e-06
1.24277e+00 2.76e-06
1.24309e+00 2.76e-06
1.24341e+00 2.75e-06
1.24372e+00 2.75e-06
1.24404e+00 2.75e-06
1.24436e+00 2.74e-06
1.24467e+00 2.74e-06
1.24499e+00 2.74e-06
1.24534e+00 2.73e-06
1.24565e+00 2.73e-06
1.24597e+00 2.73e-06
1.24628e+00 2.72e-06
1.24660e+00 2.72e-06
1.24692e+00 2.72e-06
1.24723e+00 2.71e-06
1.24755e+00 2.71e-06
1.24787e+00 2.71e-06
1.24818e+00 2.70e-06
1.24850e+00 2.70e-06
1.24881e+00 2.70e-06
1.24913e+00 2.69e-06
1.24944e+00 2.69e-06
1.24976e+00 2.69e-06
1.25133e+00 2.67e-06
1.25165e+00 2.67e-06
1.25196e+00 2.67e-06
1.25228e+00 2.66e-06
1.25262e+00 2.66e-06
1.25293e+00 2.66e-06
1.25325e+00 2.65e-06
1.25356e+00 2.65e-06
1.25388e+00 2.65e-06
1.25419e+00 2.65e-06
1.25450e+00 2.64e-06
1.25482e+00 2.64e-06
1.25513e+00 2.64e-06
1.25545e+00 2.63e-06
1.25576e+00 2.63e-06
1.25607e+00 2.63e-06
1.26218e+00 2.58e-06
1.26762e+00 2.54e-06
1.26886e+00 2.54e-06
1.28085e+00 2.46e-06
1.28268e+00 2.45e-06
1.28512e+00 2.43e-06
1.28600e+00 2.42e-06
1.28631e+00 2.42e-06
1.28678e+00 2.42e-06
1.29508e+00 2.36e-06
1.29599e+00 2.36e-06
1.30346e+00 2.32e-06
1.30435e+00 2.31e-06
1.30525e+00 2.30e-06
1.30584e+00 2.30e-06
1.30644e+00 2.30e-06
1.30674e+00 2.29e-06
1.30703e+00 2.29e-06
1.30733e+00 2.29e-06
1.30763e+00 2.29e-06
1.30793e+00 2.28e-06
1.30822e+00 2.28e-06
1.30852e+00 2.28e-06
1.30882e+00 2.28e-06
1.30912e+00 2.27e-06
1.30941e+00 2.27e-06
1.30971e+00 2.27e-06
1.31014e+00 2.27e-06
1.31179e+00 2.25e-06
1.31576e+00 2.24e-06
1.31812e+00 2.23e-06
1.31901e+00 2.22e-06
1.31959e+00 2.22e-06
1.31989e+00 2.21e-06
1.32018e+00 2.21e-06
1.32048e+00 2.21e-06
1.32077e+00 2.21e-06
1.32106e+00 2.20e-06
1.32133e+00 2.20e-06
1.32162e+00 2.20e-06
1.32192e+00 2.20e-06
1.32221e+00 2.19e-06
1.32455e+00 2.18e-06
1.32617e+00 2.17e-06
1.32819e+00 2.16e-06
1.32877e+00 2.16e-06
1.32906e+00 2.16e-06
1.32935e+00 2.16e-06
1.32964e+00 2.15e-06
1.32994e+00 2.15e-06
1.33023e+00 2.15e-06
1.33052e+00 2.14e-06
1.33081e+00 2.14e-06
1.33110e+00 2.14e-06
1.33139e+00 2.14e-06
1.33329e+00 2.12e-06
1.33529e+00 2.12e-06
1.33558e+00 2.11e-06
1.33587e+00 2.11e-06
1.33616e+00 2.11e-06
1.33645e+00 2.11e-06
1.33674e+00 2.10e-06
1.33703e+00 2.10e-06
1.33731e+00 2.09e-06
1.33760e+00 2.09e-06
1.33789e+00 2.09e-06
1.33818e+00 2.08e-06
1.33847e+00 2.08e-06
1.33876e+00 2.07e-06
1.33905e+00 2.07e-06
1.33933e+00 2.07e-06
1.33962e+00 2.06e-06
1.33991e+00 2.06e-06
1.34020e+00 2.06e-06
1.34049e+00 2.05e-06
1.34077e+00 2.05e-06
1.34093e+00 2.05e-06
1.34106e+00 2.06e-06
1.34135e+00 2.08e-06
1.34151e+00 2.09e-06
1.34164e+00 2.09e-06
1.34192e+00 2.09e-06
1.34221e+00 2.09e-06
1.34250e+00 2.09e-06
1.34279e+00 2.08e-06
1.34307e+00 2.08e-06
1.34336e+00 2.08e-06
1.34365e+00 2.08e-06
1.34393e+00 2.07e-06
1.34422e+00 2.07e-06
1.34480e+00 2.07e-06
1.34779e+00 2.05e-06
1.34836e+00 2.04e-06
1.35364e+00 2.01e-06
1.37126e+00 1.91e-06
1.38669e+00 1.82e-06
1.40140e+00 1.74e-06
1.41595e+00 1.66e-06
1.43091e+00 1.59e-06
1.44572e+00 1.51e-06
1.46094e+00 1.44e-06
1.47497e+00 1.38e-06
1.49023e+00 1.31e-06
1.50514e+00 1.25e-06
1.51868e+00 1.19e-06
1.53372e+00 1.13e-06
1.54818e+00 1.07e-06
1.56109e+00 1.03e-06
1.57601e+00 9.73e-07
1.59066e+00 9.22e-07
1.60328e+00 8.81e-07
1.61820e+00 8.33e-07
1.63239e+00 7.90e-07
1.64509e+00 7.53e-07
1.65964e+00 7.12e-07
1.66686e+00 6.92e-07
1.66712e+00 6.92e-07
1.66739e+00 6.91e-07
1.66763e+00 6.90e-07
1.66790e+00 6.90e-07
1.66816e+00 6.89e-07
1.66842e+00 6.88e-07
1.66867e+00 6.87e-07
1.66893e+00 6.87e-07
1.66920e+00 6.86e-07
1.66944e+00 6.85e-07
1.66970e+00 6.85e-07
1.66997e+00 6.84e-07
1.67023e+00 6.83e-07
1.67050e+00 6.83e-07
1.68882e+00 6.35e-07
1.68908e+00 6.35e-07
1.68934e+00 6.34e-07
1.68960e+00 6.33e-07
1.68986e+00 6.33e-07
1.69011e+00 6.32e-07
1.69039e+00 6.31e-07
1.69065e+00 6.31e-07
1.69091e+00 6.30e-07
1.69117e+00 6.29e-07
1.69142e+00 6.29e-07
1.69170e+00 6.28e-07
1.69196e+00 6.27e-07
1.69222e+00 6.27e-07
1.69247e+00 6.26e-07
1.69273e+00 6.25e-07
1.69301e+00 6.25e-07
1.69326e+00 6.24e-07
1.69352e+00 6.24e-07
1.69378e+00 6.23e-07
1.69405e+00 6.22e-07
1.69431e+00 6.22e-07
1.69457e+00 6.21e-07
1.69483e+00 6.20e-07
1.69510e+00 6.20e-07
1.69536e+00 6.19e-07
1.69562e+00 6.18e-07
1.69587e+00 6.18e-07
1.69615e+00 6.17e-07
1.69640e+00 6.16e-07
1.69666e+00 6.16e-07
1.69694e+00 6.15e-07
1.69719e+00 6.14e-07
1.69745e+00 6.14e-07
1.69771e+00 6.13e-07
1.69798e+00 6.13e-07
1.69824e+00 6.12e-07
1.69849e+00 6.11e-07
1.69877e+00 6.11e-07
1.69902e+00 6.10e-07
1.69930e+00 6.09e-07
1.69955e+00 6.09e-07
1.69981e+00 6.08e-07
1.70008e+00 6.07e-07
1.70034e+00 6.07e-07
1.70059e+00 6.06e-07
1.70087e+00 6.06e-07
1.70112e+00 6.05e-07
1.70140e+00 6.04e-07
1.70165e+00 6.04e-07
1.70191e+00 6.03e-07
1.70218e+00 6.02e-07
1.70244e+00 6.02e-07
1.70271e+00 6.01e-07
1.70296e+00 6.01e-07
1.70324e+00 6.00e-07
1.70349e+00 5.99e-07
1.70375e+00 5.99e-07
1.70402e+00 5.98e-07
1.70428e+00 5.97e-07
1.70455e+00 5.97e-07
1.70480e+00 5.96e-07
1.70508e+00 5.95e-07
1.70533e+00 5.95e-07
1.70560e+00 5.94e-07
1.70586e+00 5.94e-07
1.70613e+00 5.93e-07
1.70638e+00 5.92e-07
1.70666e+00 5.92e-07
1.70691e+00 5.91e-07
1.70718e+00 5.90e-07
1.70744e+00 5.90e-07
1.70771e+00 5.89e-07
1.70798e+00 5.89e-07
1.70823e+00 5.88e-07
1.70850e+00 5.87e-07
1.70876e+00 5.87e-07
1.70903e+00 5.86e-07
1.70928e+00 5.85e-07
1.70955e+00 5.85e-07
1.70983e+00 5.84e-07
1.71008e+00 5.84e-07
1.71035e+00 5.83e-07
1.71060e+00 5.82e-07
1.71087e+00 5.82e-07
1.71115e+00 5.81e-07
1.71140e+00 5.81e-07
1.71167e+00 5.80e-07
1.71194e+00 5.79e-07
1.71219e+00 5.79e-07
1.71246e+00 5.78e-07
1.71273e+00 5.77e-07
1.71299e+00 5.77e-07
1.71326e+00 5.76e-07
1.71353e+00 5.76e-07
1.71378e+00 5.75e-07
1.71405e+00 5.74e-07
1.71432e+00 5.74e-07
1.71457e+00 5.73e-07
1.71484e+00 5.73e-07
1.71511e+00 5.72e-07
1.71538e+00 5.71e-07
1.71563e+00 5.71e-07
1.71590e+00 5.70e-07
1.71617e+00 5.69e-07
1.71644e+00 5.69e-07
1.71669e+00 5.68e-07
1.71696e+00 5.68e-07
1.71723e+00 5.67e-07
1.71750e+00 5.66e-07
1.71775e+00 5.66e-07
1.71802e+00 5.65e-07
1.71829e+00 5.65e-07
1.71856e+00 5.64e-07
1.71883e+00 5.63e-07
1.71908e+00 5.63e-07
1.71935e+00 5.62e-07
1.71962e+00 5.62e-07
1.71989e+00 5.61e-07
1.72016e+00 5.60e-07
1.72042e+00 5.60e-07
1.72068e+00 5.59e-07
1.72094e+00 5.59e-07
1.72121e+00 5.58e-07
1.72148e+00 5.57e-07
1.72175e+00 5.57e-07
1.72202e+00 5.56e-07
1.72228e+00 5.56e-07
1.72255e+00 5.55e-07
1.72280e+00 5.54e-07
1.72307e+00 5.54e-07
1.72334e+00 5.53e-07
1.72361e+00 5.53e-07
1.72387e+00 5.52e-07
1.72414e+00 5.51e-07
1.72441e+00 5.51e-07
1.72468e+00 5.50e-07
1.72494e+00 5.50e-07
1.72521e+00 5.49e-07
1.72548e+00 5.48e-07
1.72574e+00 5.48e-07
1.72601e+00 5.47e-07
1.72628e+00 5.47e-07
1.72655e+00 5.46e-07
1.72681e+00 5.45e-07
1.72708e+00 5.45e-07
1.72735e+00 5.44e-07
1.72761e+00 5.44e-07
1.72788e+00 5.43e-07
1.72814e+00 5.42e-07
1.72841e+00 5.42e-07
1.72868e+00 5.41e-07
1.72894e+00 5.41e-07
1.72921e+00 5.40e-07
1.72948e+00 5.40e-07
1.72974e+00 5.39e-07
1.73001e+00 5.38e-07
1.73029e+00 5.38e-07
1.73056e+00 5.37e-07
1.73082e+00 5.37e-07
1.73109e+00 5.36e-07
1.73135e+00 5.35e-07
1.73162e+00 5.35e-07
1.73189e+00 5.34e-07
1.73215e+00 5.34e-07
1.73243e+00 5.33e-07
1.73270e+00 5.33e-07
1.73296e+00 5.32e-07
1.73323e+00 5.31e-07
1.73349e+00 5.31e-07
1.73376e+00 5.30e-07
1.73404e+00 5.30e-07
1.73431e+00 5.29e-07
1.73457e+00 5.28e-07
1.73484e+00 5.28e-07
1.73510e+00 5.27e-07
1.73538e+00 5.27e-07
1.73565e+00 5.26e-07
1.73591e+00 5.26e-07
1.73618e+00 5.25e-07
1.73646e+00 5.24e-07
1.73672e+00 5.24e-07
1.73699e+00 5.23e-07
1.73725e+00 5.23e-07
1.73753e+00 5.22e-07
1.73780e+00 5.22e-07
1.73806e+00 5.21e-07
1.73834e+00 5.20e-07
1.73860e+00 5.20e-07
1.73887e+00 5.19e-07
1.73915e+00 5.19e-07
1.73941e+00 5.18e-07
1.73968e+00 5.17e-07
1.73996e+00 5.17e-07
1.74022e+00 5.16e-07
1.74048e+00 5.16e-07
1.74076e+00 5.15e-07
1.74103e+00 5.15e-07
1.74131e+00 5.14e-07
1.74157e+00 5.13e-07
1.74183e+00 5.13e-07
1.74211e+00 5.12e-07
1.74238e+00 5.12e-07
1.74266e+00 5.11e-07
1.74292e+00 5.11e-07
1.74318e+00 5.10e-07
1.74346e+00 5.10e-07
1.74372e+00 5.09e-07
1.74400e+00 5.08e-07
1.74427e+00 5.08e-07
1.74455e+00 5.07e-07
1.74481e+00 5.07e-07
1.74509e+00 5.06e-07
1.74535e+00 5.06e-07
1.74563e+00 5.05e-07
1.74589e+00 5.04e-07
1.74617e+00 5.04e-07
1.74643e+00 5.03e-07
1.74671e+00 5.03e-07
1.74697e+00 5.02e-07
1.74725e+00 5.02e-07
1.74751e+00 5.01e-07
1.74779e+00 5.00e-07
1.74807e+00 5.00e-07
1.74833e+00 4.99e-07
1.74861e+00 4.99e-07
1.74887e+00 4.98e-07
1.74915e+00 4.98e-07
1.74943e+00 4.97e-07
1.74969e+00 4.97e-07
1.74996e+00 4.96e-07
1.75023e+00 4.95e-07
1.75050e+00 4.95e-07
1.75078e+00 4.94e-07
1.75104e+00 4.94e-07
1.75132e+00 4.93e-07
1.75160e+00 4.93e-07
1.75186e+00 4.92e-07
1.75213e+00 4.91e-07
1.75241e+00 4.91e-07
1.75267e+00 4.90e-07
1.75295e+00 4.90e-07
1.75323e+00 4.89e-07
1.75350e+00 4.89e-07
1.75376e+00 4.88e-07
1.75404e+00 4.88e-07
1.75432e+00 4.87e-07
1.75459e+00 4.87e-07
1.75485e+00 4.86e-07
1.75513e+00 4.85e-07
1.75541e+00 4.85e-07
1.75568e+00 4.84e-07
1.75596e+00 4.84e-07
1.75622e+00 4.83e-07
1.75649e+00 4.83e-07
1.75677e+00 4.82e-07
1.75705e+00 4.82e-07
1.75732e+00 4.81e-07
1.75758e+00 4.80e-07
1.75786e+00 4.80e-07
1.75813e+00 4.79e-07
1.75841e+00 4.79e-07
1.75869e+00 4.78e-07
1.75896e+00 4.78e-07
1.75924e+00 4.77e-07
1.75951e+00 4.77e-07
1.75979e+00 4.76e-07
1.76005e+00 4.76e-07
1.76032e+00 4.75e-07
1.76060e+00 4.74e-07
1.76087e+00 4.74e-07
1.76115e+00 4.73e-07
1.76142e+00 4.73e-07
1.76170e+00 4.72e-07
1.76197e+00 4.72e-07
1.76224e+00 4.71e-07
1.76252e+00 4.71e-07
1.76279e+00 4.70e-07
1.76307e+00 4.70e-07
1.76334e+00 4.69e-07
1.76362e+00 4.69e-07
1.76389e+00 4.68e-07
1.76417e+00 4.67e-07
1.76444e+00 4.67e-07
1.76471e+00 4.66e-07
1.76499e+00 4.66e-07
1.76526e+00 4.65e-07
1.76555e+00 4.65e-07
1.76583e+00 4.64e-07
1.76610e+00 4.64e-07
1.76637e+00 4.63e-07
1.76665e+00 4.63e-07
1.76692e+00 4.62e-07
1.76719e+00 4.62e-07
1.76747e+00 4.61e-07
1.76774e+00 4.61e-07
1.76803e+00 4.60e-07
1.76830e+00 4.59e-07
1.76858e+00 4.59e-07
1.76885e+00 4.58e-07
1.76912e+00 4.58e-07
1.76941e+00 4.57e-07
1.76968e+00 4.57e-07
1.76996e+00 4.56e-07
1.77023e+00 4.56e-07
1.77050e+00 4.55e-07
1.77079e+00 4.55e-07
1.77106e+00 4.54e-07
1.77134e+00 4.54e-07
1.77161e+00 4.53e-07
1.77190e+00 4.53e-07
1.77217e+00 4.52e-07
1.77244e+00 4.52e-07
1.77273e+00 4.51e-07
1.77300e+00 4.51e-07
1.77327e+00 4.50e-07
1.77356e+00 4.49e-07
1.77383e+00 4.49e-07
1.77410e+00 4.48e-07
1.77439e+00 4.48e-07
1.77466e+00 4.47e-07
1.77494e+00 4.47e-07
1.77522e+00 4.46e-07
1.77549e+00 4.46e-07
1.77578e+00 4.45e-07
1.77605e+00 4.45e-07
1.77632e+00 4.44e-07
1.77661e+00 4.44e-07
1.77688e+00 4.43e-07
1.77717e+00 4.43e-07
1.77744e+00 4.42e-07
1.77773e+00 4.42e-07
1.77800e+00 4.41e-07
1.77829e+00 4.41e-07
1.77856e+00 4.40e-07
1.77884e+00 4.40e-07
1.77911e+00 4.39e-07
1.77940e+00 4.39e-07
1.77967e+00 4.38e-07
1.77996e+00 4.38e-07
1.78023e+00 4.37e-07
1.78051e+00 4.36e-07
1.78078e+00 4.36e-07
1.78107e+00 4.35e-07
1.78136e+00 4.35e-07
1.78162e+00 4.34e-07
1.78191e+00 4.34e-07
1.78218e+00 4.33e-07
1.78247e+00 4.33e-07
1.78275e+00 4.32e-07
1.78302e+00 4.32e-07
1.78331e+00 4.31e-07
1.78359e+00 4.31e-07
1.78386e+00 4.30e-07
1.78415e+00 4.30e-07
1.78443e+00 4.29e-07
1.78470e+00 4.29e-07
1.78499e+00 4.28e-07
1.78527e+00 4.28e-07
1.78554e+00 4.27e-07
1.78583e+00 4.27e-07
1.78611e+00 4.26e-07
1.78640e+00 4.26e-07
1.78666e+00 4.25e-07
1.78695e+00 4.25e-07
1.78723e+00 4.24e-07
1.78752e+00 4.24e-07
1.78780e+00 4.23e-07
1.78807e+00 4.23e-07
1.78835e+00 4.22e-07
1.78864e+00 4.22e-07
1.78892e+00 4.21e-07
1.78921e+00 4.21e-07
1.78949e+00 4.20e-07
1.78976e+00 4.20e-07
1.79004e+00 4.19e-07
1.79033e+00 4.19e-07
1.79061e+00 4.18e-07
1.79089e+00 4.18e-07
1.79118e+00 4.17e-07
1.79146e+00 4.17e-07
1.79174e+00 4.16e-07
1.79203e+00 4.16e-07
1.79231e+00 4.15e-07
1.79259e+00 4.15e-07
1.79288e+00 4.14e-07
1.79316e+00 4.14e-07
1.79344e+00 4.13e-07
1.79372e+00 4.13e-07
1.79401e+00 4.12e-07
1.79429e+00 4.12e-07
1.79457e+00 4.11e-07
1.79485e+00 4.11e-07
1.79514e+00 4.10e-07
1.79542e+00 4.10e-07
1.79570e+00 4.09e-07
1.79598e+00 4.09e-07
1.79627e+00 4.08e-07
1.79655e+00 4.08e-07
1.79683e+00 4.07e-07
1.79711e+00 4.07e-07
1.79739e+00 4.06e-07
1.79769e+00 4.06e-07
1.79797e+00 4.05e-07
1.79825e+00 4.05e-07
1.79854e+00 4.04e-07
1.79882e+00 4.04e-07
1.79910e+00 4.03e-07
1.79940e+00 4.03e-07
1.79968e+00 4.02e-07
1.79996e+00 4.02e-07
1.80024e+00 4.01e-07
1.80054e+00 4.01e-07
1.80082e+00 4.00e-07
1.80110e+00 4.00e-07
1.80138e+00 3.99e-07
1.80168e+00 3.99e-07
1.80196e+00 3.98e-07
1.80224e+00 3.98e-07
1.80253e+00 3.97e-07
1.80281e+00 3.97e-07
1.80309e+00 3.96e-07
1.80339e+00 3.96e-07
1.80367e+00 3.95e-07
1.80395e+00 3.95e-07
1.80425e+00 3.94e-07
1.80453e+00 3.94e-07
1.80482e+00 3.93e-07
1.80510e+00 3.93e-07
1.80538e+00 3.93e-07
1.80568e+00 3.92e-07
1.80596e+00 3.92e-07
1.80625e+00 3.91e-07
1.80653e+00 3.91e-07
1.80683e+00 3.90e-07
1.80711e+00 3.90e-07
1.80740e+00 3.89e-07
1.80768e+00 3.89e-07
1.80798e+00 3.88e-07
1.80826e+00 3.88e-07
1.80855e+00 3.87e-07
1.80883e+00 3.87e-07
1.80912e+00 3.86e-07
1.80940e+00 3.86e-07
1.80970e+00 3.85e-07
1.80999e+00 3.85e-07
1.81027e+00 3.84e-07
1.81056e+00 3.84e-07
1.81084e+00 3.83e-07
1.81114e+00 3.83e-07
1.81143e+00 3.82e-07
1.81171e+00 3.82e-07
1.81200e+00 3.81e-07
1.81230e+00 3.81e-07
1.81257e+00 3.81e-07
1.81287e+00 3.80e-07
1.81316e+00 3.80e-07
1.81346e+00 3.79e-07
1.81373e+00 3.79e-07
1.81403e+00 3.78e-07
1.81432e+00 3.78e-07
1.81461e+00 3.77e-07
1.81489e+00 3.77e-07
1.81518e+00 3.76e-07
1.81548e+00 3.76e-07
1.81577e+00 3.75e-07
1.81606e+00 3.75e-07
1.81634e+00 3.74e-07
1.81663e+00 3.74e-07
1.81692e+00 3.73e-07
1.81722e+00 3.73e-07
1.81751e+00 3.73e-07
1.81780e+00 3.72e-07
1.81809e+00 3.72e-07
1.81839e+00 3.71e-07
1.81868e+00 3.71e-07
1.81895e+00 3.70e-07
1.81924e+00 3.70e-07
1.81954e+00 3.69e-07
1.81983e+00 3.69e-07
1.82012e+00 3.68e-07
1.82041e+00 3.68e-07
1.82070e+00 3.67e-07
1.82099e+00 3.67e-07
1.82129e+00 3.66e-07
1.82158e+00 3.66e-07
1.82188e+00 3.66e-07
1.82218e+00 3.65e-07
1.82247e+00 3.65e-07
1.82276e+00 3.64e-07
1.82305e+00 3.64e-07
1.82334e+00 3.63e-07
1.82363e+00 3.63e-07
1.82392e+00 3.62e-07
1.82421e+00 3.62e-07
1.82452e+00 3.61e-07
1.82481e+00 3.61e-07
1.82510e+00 3.60e-07
1.82539e+00 3.60e-07
1.82568e+00 3.60e-07
1.82598e+00 3.59e-07
1.82627e+00 3.59e-07
1.82656e+00 3.58e-07
1.82685e+00 3.58e-07
1.82716e+00 3.57e-07
1.82745e+00 3.57e-07
1.82774e+00 3.56e-07
1.82803e+00 3.56e-07
1.82833e+00 3.55e-07
1.82862e+00 3.55e-07
1.82891e+00 3.54e-07
1.82922e+00 3.54e-07
1.82950e+00 3.54e-07
1.82981e+00 3.53e-07
1.83010e+00 3.53e-07
1.83039e+00 3.52e-07
1.83069e+00 3.52e-07
1.83098e+00 3.51e-07
1.83128e+00 3.51e-07
1.83157e+00 3.50e-07
1.83188e+00 3.50e-07
1.83217e+00 3.49e-07
1.83247e+00 3.49e-07
1.83276e+00 3.49e-07
1.83306e+00 3.48e-07
1.83335e+00 3.48e-07
1.83365e+00 3.47e-07
1.83394e+00 3.47e-07
1.83424e+00 3.46e-07
1.83453e+00 3.46e-07
1.83483e+00 3.45e-07
1.83514e+00 3.45e-07
1.83543e+00 3.44e-07
1.83573e+00 3.44e-07
1.83602e+00 3.44e-07
1.83632e+00 3.43e-07
1.83662e+00 3.43e-07
1.83691e+00 3.42e-07
1.83721e+00 3.42e-07
1.83751e+00 3.41e-07
1.83782e+00 3.41e-07
1.83810e+00 3.40e-07
1.83840e+00 3.40e-07
1.83871e+00 3.40e-07
1.83901e+00 3.39e-07
1.83929e+00 3.39e-07
1.83960e+00 3.38e-07
1.83990e+00 3.38e-07
1.84020e+00 3.37e-07
1.84050e+00 3.37e-07
1.84080e+00 3.36e-07
1.84109e+00 3.36e-07
1.84139e+00 3.36e-07
1.84169e+00 3.35e-07
1.84199e+00 3.35e-07
1.84229e+00 3.34e-07
1.84260e+00 3.34e-07
1.84290e+00 3.33e-07
1.84320e+00 3.33e-07
1.84350e+00 3.32e-07
1.84380e+00 3.32e-07
1.84410e+00 3.32e-07
1.84440e+00 3.31e-07
1.84470e+00 3.31e-07
1.84500e+00 3.30e-07
1.84530e+00 3.30e-07
1.84560e+00 3.29e-07
1.84590e+00 3.29e-07
1.84620e+00 3.28e-07
1.84650e+00 3.28e-07
1.84680e+00 3.28e-07
1.84712e+00 3.27e-07
1.84741e+00 3.27e-07
1.84771e+00 3.26e-07
1.84801e+00 3.26e-07
1.84831e+00 3.25e-07
1.84861e+00 3.25e-07
1.84893e+00 3.25e-07
1.84923e+00 3.24e-07
1.84953e+00 3.24e-07
1.84982e+00 3.23e-07
1.85014e+00 3.23e-07
1.85044e+00 3.22e-07
1.85074e+00 3.22e-07
1.85105e+00 3.22e-07
1.85135e+00 3.21e-07
1.85165e+00 3.21e-07
1.85196e+00 3.20e-07
1.85226e+00 3.20e-07
1.85256e+00 3.19e-07
1.85287e+00 3.19e-07
1.85317e+00 3.19e-07
1.85348e+00 3.18e-07
1.85378e+00 3.18e-07
1.85408e+00 3.17e-07
1.85439e+00 3.17e-07
1.85469e+00 3.16e-07
1.85500e+00 3.16e-07
1.85530e+00 3.16e-07
1.85561e+00 3.15e-07
1.85592e+00 3.15e-07
1.85622e+00 3.14e-07
1.85653e+00 3.14e-07
1.85683e+00 3.13e-07
1.85714e+00 3.13e-07
1.85744e+00 3.13e-07
1.85775e+00 3.12e-07
1.85806e+00 3.12e-07
1.85836e+00 3.11e-07
1.85867e+00 3.11e-07
1.85898e+00 3.10e-07
1.85928e+00 3.10e-07
1.85959e+00 3.10e-07
1.85990e+00 3.09e-07
1.86021e+00 3.09e-07
1.86051e+00 3.08e-07
1.86082e+00 3.08e-07
1.86113e+00 3.07e-07
1.86144e+00 3.07e-07
1.86175e+00 3.07e-07
1.86205e+00 3.06e-07
1.86236e+00 3.06e-07
1.86267e+00 3.05e-07
1.86298e+00 3.05e-07
1.86329e+00 3.05e-07
1.86360e+00 3.04e-07
1.86391e+00 3.04e-07
1.86422e+00 3.03e-07
1.86453e+00 3.03e-07
1.86484e+00 3.02e-07
1.86515e+00 3.02e-07
1.86546e+00 3.02e-07
1.86577e+00 3.01e-07
1.86608e+00 3.01e-07
1.86639e+00 3.00e-07
1.86670e+00 3.00e-07
1.86701e+00 3.00e-07
1.86732e+00 2.99e-07
1.86762e+00 2.99e-07
1.86793e+00 2.98e-07
1.86824e+00 2.98e-07
1.86857e+00 2.97e-07
1.86887e+00 2.97e-07
1.86918e+00 2.97e-07
1.86949e+00 2.96e-07
1.86980e+00 2.96e-07
1.87012e+00 2.95e-07
1.87043e+00 2.95e-07
1.87074e+00 2.95e-07
1.87106e+00 2.94e-07
1.87137e+00 2.94e-07
1.87168e+00 2.93e-07
1.87199e+00 2.93e-07
1.87231e+00 2.93e-07
1.87262e+00 2.92e-07
1.87294e+00 2.92e-07
1.87325e+00 2.91e-07
1.87355e+00 2.91e-07
1.87388e+00 2.90e-07
1.87418e+00 2.90e-07
1.87451e+00 2.90e-07
1.87481e+00 2.89e-07
1.87514e+00 2.89e-07
1.87544e+00 2.88e-07
1.87576e+00 2.88e-07
1.87607e+00 2.88e-07
1.87639e+00 2.87e-07
1.87671e+00 2.87e-07
1.87702e+00 2.86e-07
1.87734e+00 2.86e-07
1.87765e+00 2.86e-07
1.87797e+00 2.85e-07
1.87829e+00 2.85e-07
1.87859e+00 2.84e-07
1.87892e+00 2.84e-07
1.87924e+00 2.84e-07
1.87956e+00 2.83e-07
1.87986e+00 2.83e-07
1.88018e+00 2.82e-07
1.88050e+00 2.82e-07
1.88082e+00 2.82e-07
1.88113e+00 2.81e-07
1.88145e+00 2.81e-07
1.88177e+00 2.80e-07
1.88209e+00 2.80e-07
1.88241e+00 2.80e-07
1.88273e+00 2.79e-07
1.88305e+00 2.79e-07
1.88337e+00 2.78e-07
1.88369e+00 2.78e-07
1.88400e+00 2.78e-07
1.88432e+00 2.77e-07
1.88464e+00 2.77e-07
1.88496e+00 2.76e-07
1.88528e+00 2.76e-07
1.88560e+00 2.76e-07
1.88592e+00 2.75e-07
1.88624e+00 2.75e-07
1.88655e+00 2.74e-07
1.88687e+00 2.74e-07
1.88719e+00 2.74e-07
1.88751e+00 2.73e-07
1.88784e+00 2.73e-07
1.88816e+00 2.72e-07
1.88848e+00 2.72e-07
1.88880e+00 2.72e-07
1.88913e+00 2.71e-07
1.88945e+00 2.71e-07
1.88976e+00 2.70e-07
1.89008e+00 2.70e-07
1.89041e+00 2.70e-07
1.89073e+00 2.69e-07
1.89106e+00 2.69e-07
1.89138e+00 2.69e-07
1.89170e+00 2.68e-07
1.89203e+00 2.68e-07
1.89234e+00 2.67e-07
1.89268e+00 2.67e-07
1.89299e+00 2.67e-07
1.89332e+00 2.66e-07
1.89364e+00 2.66e-07
1.89397e+00 2.65e-07
1.89429e+00 2.65e-07
1.89462e+00 2.65e-07
1.89493e+00 2.64e-07
1.89526e+00 2.64e-07
1.89559e+00 2.63e-07
1.89591e+00 2.63e-07
1.89624e+00 2.63e-07
1.89657e+00 2.62e-07
1.89688e+00 2.62e-07
1.89721e+00 2.61e-07
1.89754e+00 2.61e-07
1.89787e+00 2.61e-07
1.89819e+00 2.60e-07
1.89852e+00 2.60e-07
1.89885e+00 2.60e-07
1.89918e+00 2.59e-07
1.89951e+00 2.59e-07
1.89982e+00 2.58e-07
1.90015e+00 2.58e-07
1.90048e+00 2.58e-07
1.90081e+00 2.57e-07
1.90114e+00 2.57e-07
1.90147e+00 2.56e-07
1.90179e+00 2.56e-07
1.90212e+00 2.56e-07
1.90245e+00 2.55e-07
1.90278e+00 2.55e-07
1.90311e+00 2.55e-07
1.90344e+00 2.54e-07
1.90378e+00 2.54e-07
1.90411e+00 2.53e-07
1.90443e+00 2.53e-07
1.90476e+00 2.53e-07
1.90509e+00 2.52e-07
1.90542e+00 2.52e-07
1.90576e+00 2.52e-07
1.90608e+00 2.51e-07
1.90641e+00 2.51e-07
1.90674e+00 2.50e-07
1.90708e+00 2.50e-07
1.90741e+00 2.50e-07
1.90773e+00 2.49e-07
1.90807e+00 2.49e-07
1.90840e+00 2.49e-07
1.90874e+00 2.48e-07
1.90907e+00 2.48e-07
1.90939e+00 2.47e-07
1.90974e+00 2.47e-07
1.91006e+00 2.47e-07
1.91040e+00 2.46e-07
1.91074e+00 2.46e-07
1.91107e+00 2.45e-07
1.91141e+00 2.45e-07
1.91173e+00 2.45e-07
1.91207e+00 2.44e-07
1.91241e+00 2.44e-07
1.91274e+00 2.44e-07
1.91308e+00 2.43e-07
1.91342e+00 2.43e-07
1.91374e+00 2.43e-07
1.91408e+00 2.42e-07
1.91442e+00 2.42e-07
1.91476e+00 2.41e-07
1.91508e+00 2.41e-07
1.91542e+00 2.41e-07
1.91576e+00 2.40e-07
1.91610e+00 2.40e-07
1.91644e+00 2.40e-07
1.91678e+00 2.39e-07
1.91711e+00 2.39e-07
1.91745e+00 2.38e-07
1.91779e+00 2.38e-07
1.91813e+00 2.38e-07
1.91847e+00 2.37e-07
1.91880e+00 2.37e-07
1.91914e+00 2.37e-07
1.91948e+00 2.36e-07
1.91982e+00 2.36e-07
1.92015e+00 2.35e-07
1.92050e+00 2.35e-07
1.92084e+00 2.35e-07
1.92118e+00 2.34e-07
1.92151e+00 2.34e-07
1.92185e+00 2.34e-07
1.92220e+00 2.33e-07
1.92254e+00 2.33e-07
1.92288e+00 2.33e-07
1.92323e+00 2.32e-07
1.92356e+00 2.32e-07
1.92390e+00 2.31e-07
1.92425e+00 2.31e-07
1.92458e+00 2.31e-07
1.92493e+00 2.30e-07
1.92527e+00 2.30e-07
1.92562e+00 2.30e-07
1.92596e+00 2.29e-07
1.92630e+00 2.29e-07
1.92664e+00 2.29e-07
1.92699e+00 2.28e-07
1.92734e+00 2.28e-07
1.92767e+00 2.27e-07
1.92802e+00 2.27e-07
1.92837e+00 2.27e-07
1.92871e+00 2.26e-07
1.92905e+00 2.26e-07
1.92940e+00 2.26e-07
1.92975e+00 2.25e-07
1.93009e+00 2.25e-07
1.93043e+00 2.25e-07
1.93078e+00 2.24e-07
1.93113e+00 2.24e-07
1.93148e+00 2.24e-07
1.93183e+00 2.23e-07
1.93217e+00 2.23e-07
1.93252e+00 2.23e-07
1.93287e+00 2.22e-07
1.93322e+00 2.22e-07
1.93356e+00 2.21e-07
1.93391e+00 2.21e-07
1.93426e+00 2.21e-07
1.93460e+00 2.20e-07
1.93495e+00 2.20e-07
1.93531e+00 2.20e-07
1.93566e+00 2.19e-07
1.93600e+00 2.19e-07
1.93635e+00 2.19e-07
1.93671e+00 2.18e-07
1.93706e+00 2.18e-07
1.93740e+00 2.18e-07
1.93776e+00 2.17e-07
1.93811e+00 2.17e-07
1.93845e+00 2.17e-07
1.93881e+00 2.16e-07
1.93916e+00 2.16e-07
1.93952e+00 2.15e-07
1.93986e+00 2.15e-07
1.94022e+00 2.15e-07
1.94057e+00 2.14e-07
1.94093e+00 2.14e-07
1.94129e+00 2.14e-07
1.94163e+00 2.13e-07
1.94199e+00 2.13e-07
1.94235e+00 2.13e-07
1.94269e+00 2.12e-07
1.94305e+00 2.12e-07
1.94341e+00 2.12e-07
1.94376e+00 2.11e-07
1.94411e+00 2.11e-07
1.94447e+00 2.11e-07
1.94482e+00 2.10e-07
1.94518e+00 2.10e-07
1.94554e+00 2.10e-07
1.94590e+00 2.09e-07
1.94625e+00 2.09e-07
1.94661e+00 2.09e-07
1.94697e+00 2.08e-07
1.94732e+00 2.08e-07
1.94768e+00 2.08e-07
1.94804e+00 2.07e-07
1.94839e+00 2.07e-07
1.94876e+00 2.06e-07
1.94912e+00 2.06e-07
1.94948e+00 2.06e-07
1.94983e+00 2.05e-07
1.95020e+00 2.05e-07
1.95056e+00 2.05e-07
1.95091e+00 2.04e-07
1.95128e+00 2.04e-07
1.95164e+00 2.04e-07
1.95199e+00 2.03e-07
1.95236e+00 2.03e-07
1.95272e+00 2.03e-07
1.95308e+00 2.02e-07
1.95344e+00 2.02e-07
1.95381e+00 2.02e-07
1.95418e+00 2.01e-07
1.95453e+00 2.01e-07
1.95490e+00 2.01e-07
1.95527e+00 2.00e-07
1.95562e+00 2.00e-07
1.95599e+00 2.00e-07
1.95636e+00 1.99e-07
1.95672e+00 1.99e-07
1.95708e+00 1.99e-07
1.95744e+00 1.98e-07
1.95781e+00 1.98e-07
1.95818e+00 1.98e-07
1.95854e+00 1.97e-07
1.95891e+00 1.97e-07
1.95928e+00 1.97e-07
1.95964e+00 1.96e-07
1.96001e+00 1.96e-07
1.96038e+00 1.96e-07
1.96074e+00 1.95e-07
1.96111e+00 1.95e-07
1.96149e+00 1.95e-07
1.96185e+00 1.94e-07
1.96222e+00 1.94e-07
1.96258e+00 1.94e-07
1.96296e+00 1.93e-07
1.96333e+00 1.93e-07
1.96369e+00 1.93e-07
1.96407e+00 1.92e-07
1.96444e+00 1.92e-07
1.96482e+00 1.92e-07
1.96518e+00 1.91e-07
1.96556e+00 1.91e-07
1.96592e+00 1.91e-07
1.96630e+00 1.90e-07
1.96666e+00 1.90e-07
1.96704e+00 1.90e-07
1.96742e+00 1.89e-07
1.96778e+00 1.89e-07
1.96816e+00 1.89e-07
1.96854e+00 1.88e-07
1.96891e+00 1.88e-07
1.96928e+00 1.88e-07
1.96965e+00 1.87e-07
1.97003e+00 1.87e-07
1.97041e+00 1.87e-07
1.97078e+00 1.86e-07
1.97116e+00 1.86e-07
1.97154e+00 1.86e-07
1.97191e+00 1.85e-07
1.97229e+00 1.85e-07
1.97266e+00 1.85e-07
1.97305e+00 1.85e-07
1.97343e+00 1.84e-07
1.97380e+00 1.84e-07
1.97418e+00 1.84e-07
1.97457e+00 1.83e-07
1.97494e+00 1.83e-07
1.97532e+00 1.83e-07
1.97570e+00 1.82e-07
1.97608e+00 1.82e-07
1.97645e+00 1.82e-07
1.97684e+00 1.81e-07
1.97721e+00 1.81e-07
1.97760e+00 1.81e-07
1.97799e+00 1.80e-07
1.97836e+00 1.80e-07
1.97875e+00 1.80e-07
1.97914e+00 1.79e-07
1.97951e+00 1.79e-07
1.97990e+00 1.79e-07
1.98028e+00 1.78e-07
1.98067e+00 1.78e-07
1.98106e+00 1.78e-07
1.98144e+00 1.77e-07
1.98181e+00 1.77e-07
1.98220e+00 1.77e-07
1.98259e+00 1.76e-07
1.98299e+00 1.76e-07
1.98337e+00 1.76e-07
1.98376e+00 1.76e-07
1.98414e+00 1.75e-07
1.98453e+00 1.75e-07
1.98491e+00 1.75e-07
1.98531e+00 1.74e-07
1.98569e+00 1.74e-07
1.98608e+00 1.74e-07
1.98648e+00 1.73e-07
1.98686e+00 1.73e-07
1.98724e+00 1.73e-07
1.98764e+00 1.72e-07
1.98803e+00 1.72e-07
1.98842e+00 1.72e-07
1.98882e+00 1.71e-07
1.98920e+00 1.71e-07
1.98960e+00 1.71e-07
1.99000e+00 1.71e-07
1.99038e+00 1.70e-07
1.99077e+00 1.70e-07
1.99117e+00 1.70e-07
1.99157e+00 1.69e-07
1.99196e+00 1.69e-07
1.99236e+00 1.69e-07
1.99274e+00 1.68e-07
1.99313e+00 1.68e-07
1.99354e+00 1.68e-07
1.99394e+00 1.67e-07
1.99433e+00 1.67e-07
1.99473e+00 1.67e-07
1.99512e+00 1.66e-07
1.99552e+00 1.66e-07
1.99592e+00 1.66e-07
1.99632e+00 1.65e-07
1.99671e+00 1.65e-07
1.99712e+00 1.65e-07
1.99751e+00 1.65e-07
1.99792e+00 1.64e-07
1.99831e+00 1.64e-07
1.99872e+00 1.64e-07
1.99911e+00 1.63e-07
1.99952e+00 1.63e-07
1.99992e+00 1.63e-07
2.00032e+00 1.62e-07
2.00072e+00 1.62e-07
2.00113e+00 1.62e-07
2.00153e+00 1.61e-07
2.00194e+00 1.61e-07
2.00234e+00 1.61e-07
2.00274e+00 1.61e-07
2.00314e+00 1.60e-07
2.00356e+00 1.60e-07
2.00396e+00 1.60e-07
2.00437e+00 1.59e-07
2.00477e+00 1.59e-07
2.00518e+00 1.59e-07
2.00558e+00 1.58e-07
2.00600e+00 1.58e-07
2.00640e+00 1.58e-07
2.00680e+00 1.58e-07
2.00722e+00 1.57e-07
2.00762e+00 1.57e-07
2.00804e+00 1.57e-07
2.00844e+00 1.56e-07
2.00886e+00 1.56e-07
2.00927e+00 1.56e-07
2.00968e+00 1.55e-07
2.01009e+00 1.55e-07
2.01051e+00 1.55e-07
2.01092e+00 1.55e-07
2.01134e+00 1.54e-07
2.01174e+00 1.54e-07
2.01215e+00 1.54e-07
2.01257e+00 1.53e-07
2.01298e+00 1.53e-07
2.01341e+00 1.53e-07
2.01382e+00 1.53e-07
2.01424e+00 1.52e-07
2.01465e+00 1.52e-07
2.01506e+00 1.52e-07
2.01549e+00 1.51e-07
2.01590e+00 1.51e-07
2.01632e+00 1.51e-07
2.01674e+00 1.50e-07
2.01715e+00 1.50e-07
2.01758e+00 1.50e-07
2.01800e+00 1.50e-07
2.01842e+00 1.49e-07
2.01884e+00 1.49e-07
2.01927e+00 1.49e-07
2.01968e+00 1.48e-07
2.02010e+00 1.48e-07
2.02053e+00 1.48e-07
2.02095e+00 1.48e-07
2.02138e+00 1.47e-07
2.02180e+00 1.47e-07
2.02222e+00 1.47e-07
2.02265e+00 1.46e-07
2.02307e+00 1.46e-07
2.02351e+00 1.46e-07
2.02393e+00 1.46e-07
2.02435e+00 1.45e-07
2.02479e+00 1.45e-07
2.02521e+00 1.45e-07
2.02563e+00 1.44e-07
2.02607e+00 1.44e-07
2.02650e+00 1.44e-07
2.02692e+00 1.44e-07
2.02736e+00 1.43e-07
2.02779e+00 1.43e-07
2.02821e+00 1.43e-07
2.02865e+00 1.42e-07
2.02908e+00 1.42e-07
2.02952e+00 1.42e-07
2.02995e+00 1.42e-07
2.03038e+00 1.41e-07
2.03082e+00 1.41e-07
2.03125e+00 1.41e-07
2.03168e+00 1.40e-07
2.03213e+00 1.40e-07
2.03256e+00 1.40e-07
2.03299e+00 1.40e-07
2.03344e+00 1.39e-07
2.03387e+00 1.39e-07
2.03431e+00 1.39e-07
2.03474e+00 1.38e-07
2.03519e+00 1.38e-07
2.03562e+00 1.38e-07
2.03606e+00 1.38e-07
2.03651e+00 1.37e-07
2.03695e+00 1.37e-07
2.03739e+00 1.37e-07
2.03784e+00 1.36e-07
2.03828e+00 1.36e-07
2.03872e+00 1.36e-07
2.03917e+00 1.36e-07
2.03961e+00 1.35e-07
2.04005e+00 1.35e-07
2.04049e+00 1.35e-07
2.04095e+00 1.34e-07
2.04139e+00 1.34e-07
2.04183e+00 1.34e-07
2.04228e+00 1.34e-07
2.04274e+00 1.33e-07
2.04318e+00 1.33e-07
2.04363e+00 1.33e-07
2.04409e+00 1.33e-07
2.04453e+00 1.32e-07
2.04498e+00 1.32e-07
2.04543e+00 1.32e-07
2.04588e+00 1.31e-07
2.04634e+00 1.31e-07
2.04679e+00 1.31e-07
2.04724e+00 1.31e-07
2.04771e+00 1.30e-07
2.04816e+00 1.30e-07
2.04861e+00 1.30e-07
2.04907e+00 1.30e-07
2.04952e+00 1.29e-07
2.04997e+00 1.29e-07
2.05044e+00 1.29e-07
2.05090e+00 1.28e-07
2.05135e+00 1.28e-07
2.05181e+00 1.28e-07
2.05228e+00 1.28e-07
2.05274e+00 1.27e-07
2.05320e+00 1.27e-07
2.05366e+00 1.27e-07
2.05412e+00 1.27e-07
2.05459e+00 1.26e-07
2.05505e+00 1.26e-07
2.05551e+00 1.26e-07
2.05598e+00 1.25e-07
2.05644e+00 1.25e-07
2.05691e+00 1.25e-07
2.05737e+00 1.25e-07
2.05785e+00 1.24e-07
2.05831e+00 1.24e-07
2.05878e+00 1.24e-07
2.05925e+00 1.24e-07
2.05972e+00 1.23e-07
2.06020e+00 1.23e-07
2.06067e+00 1.23e-07
2.06114e+00 1.23e-07
2.06161e+00 1.22e-07
2.06208e+00 1.22e-07
2.06255e+00 1.22e-07
2.06303e+00 1.21e-07
2.06350e+00 1.21e-07
2.06399e+00 1.21e-07
2.06445e+00 1.21e-07
2.06494e+00 1.20e-07
2.06541e+00 1.20e-07
2.06589e+00 1.20e-07
2.06637e+00 1.20e-07
2.06685e+00 1.19e-07
2.06733e+00 1.19e-07
2.06781e+00 1.19e-07
2.06829e+00 1.19e-07
2.06877e+00 1.18e-07
2.06925e+00 1.18e-07
2.06974e+00 1.18e-07
2.07022e+00 1.18e-07
2.07070e+00 1.17e-07
2.07120e+00 1.17e-07
2.07169e+00 1.17e-07
2.07217e+00 1.16e-07
2.07266e+00 1.16e-07
2.07315e+00 1.16e-07
2.07364e+00 1.16e-07
2.07413e+00 1.15e-07
2.07462e+00 1.15e-07
2.07511e+00 1.15e-07
2.07560e+00 1.15e-07
2.07609e+00 1.14e-07
2.07659e+00 1.14e-07
2.07708e+00 1.14e-07
2.07758e+00 1.14e-07
2.07807e+00 1.13e-07
2.07857e+00 1.13e-07
2.07907e+00 1.13e-07
2.07957e+00 1.13e-07
2.08007e+00 1.12e-07
2.08057e+00 1.12e-07
2.08107e+00 1.12e-07
2.08156e+00 1.12e-07
2.08206e+00 1.11e-07
2.08256e+00 1.11e-07
2.08307e+00 1.11e-07
2.08357e+00 1.11e-07
2.08408e+00 1.10e-07
2.08459e+00 1.10e-07
2.08509e+00 1.10e-07
2.08560e+00 1.10e-07
2.08611e+00 1.09e-07
2.08662e+00 1.09e-07
2.08712e+00 1.09e-07
2.08763e+00 1.09e-07
2.08814e+00 1.08e-07
2.08866e+00 1.08e-07
2.08917e+00 1.08e-07
2.08969e+00 1.08e-07
2.09020e+00 1.07e-07
2.09072e+00 1.07e-07
2.09123e+00 1.07e-07
2.09175e+00 1.07e-07
2.09227e+00 1.06e-07
2.09279e+00 1.06e-07
2.09331e+00 1.06e-07
2.09383e+00 1.06e-07
2.09434e+00 1.05e-07
2.09487e+00 1.05e-07
2.09539e+00 1.05e-07
2.09592e+00 1.05e-07
2.09643e+00 1.04e-07
2.09696e+00 1.04e-07
2.09749e+00 1.04e-07
2.09802e+00 1.04e-07
2.09855e+00 1.03e-07
2.09907e+00 1.03e-07
2.09960e+00 1.03e-07
2.10014e+00 1.03e-07
2.10066e+00 1.02e-07
2.10120e+00 1.02e-07
2.10173e+00 1.02e-07
2.10227e+00 1.02e-07
2.10280e+00 1.02e-07
2.10334e+00 1.01e-07
2.10388e+00 1.01e-07
2.10441e+00 1.01e-07
2.10495e+00 1.01e-07
2.10549e+00 1.00e-07
2.10603e+00 1.00e-07
2.10657e+00 9.99e-08
2.10712e+00 9.96e-08
2.10766e+00 9.94e-08
2.10820e+00 9.91e-08
2.10875e+00 9.89e-08
2.10929e+00 9.87e-08
2.10985e+00 9.84e-08
2.11040e+00 9.82e-08
2.11094e+00 9.80e-08
2.11150e+00 9.77e-08
2.11204e+00 9.75e-08
2.11260e+00 9.73e-08
2.11315e+00 9.70e-08
2.11371e+00 9.68e-08
2.11427e+00 9.66e-08
2.11482e+00 9.63e-08
2.11538e+00 9.61e-08
2.11593e+00 9.59e-08
2.11650e+00 9.56e-08
2.11705e+00 9.54e-08
2.11762e+00 9.52e-08
2.11818e+00 9.49e-08
2.11875e+00 9.47e-08
2.11931e+00 9.45e-08
2.11988e+00 9.42e-08
2.12044e+00 9.40e-08
2.12100e+00 9.38e-08
2.12158e+00 9.35e-08
2.12214e+00 9.33e-08
2.12272e+00 9.31e-08
2.12329e+00 9.28e-08
2.12387e+00 9.26e-08
2.12444e+00 9.24e-08
2.12501e+00 9.22e-08
2.12559e+00 9.19e-08
2.12617e+00 9.17e-08
2.12674e+00 9.15e-08
2.12733e+00 9.13e-08
2.12791e+00 9.10e-08
2.12849e+00 9.08e-08
2.12908e+00 9.06e-08
2.12966e+00 9.04e-08
2.13024e+00 9.01e-08
2.13084e+00 8.99e-08
2.13142e+00 8.97e-08
2.13201e+00 8.95e-08
2.13260e+00 8.92e-08
2.13320e+00 8.90e-08
2.13379e+00 8.88e-08
2.13438e+00 8.86e-08
2.13497e+00 8.83e-08
2.13557e+00 8.81e-08
2.13618e+00 8.79e-08
2.13677e+00 8.77e-08
2.13737e+00 8.75e-08
2.13797e+00 8.72e-08
2.13857e+00 8.70e-08
2.13918e+00 8.68e-08
2.13978e+00 8.66e-08
2.14040e+00 8.64e-08
2.14101e+00 8.61e-08
2.14161e+00 8.59e-08
2.14222e+00 8.57e-08
2.14284e+00 8.55e-08
2.14345e+00 8.53e-08
2.14406e+00 8.50e-08
2.14468e+00 8.48e-08
2.14530e+00 8.46e-08
2.14592e+00 8.44e-08
2.14654e+00 8.42e-08
2.14716e+00 8.40e-08
2.14778e+00 8.37e-08
2.14841e+00 8.35e-08
2.14903e+00 8.33e-08
2.14966e+00 8.31e-08
2.15028e+00 8.29e-08
2.15091e+00 8.27e-08
2.15155e+00 8.25e-08
2.15218e+00 8.22e-08
2.15282e+00 8.20e-08
2.15345e+00 8.18e-08
2.15409e+00 8.16e-08
2.15472e+00 8.14e-08
2.15537e+00 8.12e-08
2.15601e+00 8.10e-08
2.15666e+00 8.08e-08
2.15729e+00 8.06e-08
2.15794e+00 8.04e-08
2.15859e+00 8.02e-08
2.15923e+00 7.99e-08
2.15989e+00 7.97e-08
2.16054e+00 7.95e-08
2.16119e+00 7.93e-08
2.16185e+00 7.91e-08
2.16251e+00 7.89e-08
2.16317e+00 7.87e-08
2.16383e+00 7.85e-08
2.16449e+00 7.83e-08
2.16516e+00 7.81e-08
2.16583e+00 7.79e-08
2.16649e+00 7.77e-08
2.16715e+00 7.75e-08
2.16783e+00 7.73e-08
2.16849e+00 7.71e-08
2.16917e+00 7.69e-08
2.16984e+00 7.67e-08
2.17053e+00 7.65e-08
2.17120e+00 7.63e-08
2.17188e+00 7.61e-08
2.17257e+00 7.59e-08
2.17325e+00 7.57e-08
2.17393e+00 7.55e-08
2.17463e+00 7.53e-08
2.17531e+00 7.51e-08
2.17600e+00 7.49e-08
2.17669e+00 7.47e-08
2.17740e+00 7.45e-08
2.17809e+00 7.43e-08
2.17879e+00 7.42e-08
2.17949e+00 7.40e-08
2.18019e+00 7.38e-08
2.18089e+00 7.36e-08
2.18160e+00 7.34e-08
2.18231e+00 7.32e-08
2.18302e+00 7.30e-08
2.18373e+00 7.28e-08
2.18444e+00 7.26e-08
2.18516e+00 7.24e-08
2.18588e+00 7.22e-08
2.18660e+00 7.20e-08
2.18732e+00 7.19e-08
2.18805e+00 7.17e-08
2.18878e+00 7.15e-08
2.18951e+00 7.13e-08
2.19023e+00 7.11e-08
2.19096e+00 7.09e-08
2.19170e+00 7.07e-08
2.19244e+00 7.05e-08
2.19317e+00 7.04e-08
2.19392e+00 7.02e-08
2.19465e+00 7.00e-08
2.19540e+00 6.98e-08
2.19615e+00 6.96e-08
2.19690e+00 6.94e-08
2.19766e+00 6.92e-08
2.19841e+00 6.91e-08
2.19917e+00 6.89e-08
2.19992e+00 6.87e-08
2.20069e+00 6.85e-08
2.20145e+00 6.83e-08
2.20221e+00 6.82e-08
2.20299e+00 6.80e-08
2.20376e+00 6.78e-08
2.20453e+00 6.76e-08
2.20530e+00 6.74e-08
2.20609e+00 6.73e-08
2.20687e+00 6.71e-08
2.20765e+00 6.69e-08
2.20843e+00 6.67e-08
2.20922e+00 6.66e-08
2.21001e+00 6.64e-08
2.21081e+00 6.62e-08
2.21160e+00 6.61e-08
2.21240e+00 6.59e-08
2.21320e+00 6.57e-08
2.21401e+00 6.55e-08
2.21481e+00 6.54e-08
2.21562e+00 6.52e-08
2.21643e+00 6.50e-08
2.21725e+00 6.49e-08
2.21806e+00 6.47e-08
2.21889e+00 6.45e-08
2.21971e+00 6.44e-08
2.22054e+00 6.42e-08
2.22136e+00 6.40e-08
2.22220e+00 6.39e-08
2.22303e+00 6.37e-08
2.22387e+00 6.35e-08
2.22471e+00 6.34e-08
2.22555e+00 6.32e-08
2.22641e+00 6.31e-08
2.22725e+00 6.29e-08
2.22811e+00 6.28e-08
2.22896e+00 6.26e-08
2.22982e+00 6.24e-08
2.23068e+00 6.23e-08
2.23155e+00 6.21e-08
2.23242e+00 6.20e-08
2.23329e+00 6.18e-08
2.23417e+00 6.17e-08
2.23504e+00 6.15e-08
2.23593e+00 6.14e-08
2.23681e+00 6.12e-08
2.23771e+00 6.11e-08
2.23859e+00 6.09e-08
2.23950e+00 6.08e-08
2.24039e+00 6.06e-08
2.24129e+00 6.05e-08
2.24220e+00 6.03e-08
2.24311e+00 6.02e-08
2.24402e+00 6.01e-08
2.24495e+00 5.99e-08
2.24587e+00 5.98e-08
2.24679e+00 5.96e-08
2.24772e+00 5.95e-08
2.24866e+00 5.94e-08
2.24960e+00 5.92e-08
2.25053e+00 5.91e-08
2.25148e+00 5.90e-08
2.25243e+00 5.88e-08
2.25338e+00 5.87e-08
2.25434e+00 5.86e-08
2.25529e+00 5.84e-08
2.25627e+00 5.83e-08
2.25723e+00 5.82e-08
2.25820e+00 5.80e-08
2.25919e+00 5.79e-08
2.26017e+00 5.78e-08
2.26116e+00 5.77e-08
2.26215e+00 5.75e-08
2.26315e+00 5.74e-08
2.26415e+00 5.73e-08
2.26515e+00 5.72e-08
2.26616e+00 5.71e-08
2.26718e+00 5.69e-08
2.26820e+00 5.68e-08
2.26922e+00 5.67e-08
2.27026e+00 5.66e-08
2.27129e+00 5.65e-08
2.27233e+00 5.64e-08
2.27337e+00 5.63e-08
2.27442e+00 5.62e-08
2.27548e+00 5.60e-08
2.27654e+00 5.59e-08
2.27761e+00 5.58e-08
2.27868e+00 5.57e-08
2.27976e+00 5.56e-08
2.28084e+00 5.55e-08
2.28193e+00 5.54e-08
2.28303e+00 5.53e-08
2.28413e+00 5.52e-08
2.28523e+00 5.51e-08
2.28634e+00 5.51e-08
2.28746e+00 5.50e-08
2.28858e+00 5.49e-08
2.28971e+00 5.48e-08
2.29085e+00 5.47e-08
2.29199e+00 5.46e-08
2.29314e+00 5.46e-08
2.29429e+00 5.45e-08
2.29546e+00 5.44e-08
2.29663e+00 5.43e-08
2.29780e+00 5.43e-08
2.29898e+00 5.42e-08
2.30017e+00 5.41e-08
2.30136e+00 5.41e-08
2.30258e+00 5.40e-08
2.30378e+00 5.39e-08
2.31441e+00 5.35e-08
2.32288e+00 5.34e-08
2.33039e+00 5.33e-08
2.33747e+00 5.34e-08
2.34344e+00 5.35e-08
2.34641e+00 5.36e-08
2.34794e+00 5.37e-08
2.34947e+00 5.37e-08
2.35099e+00 5.38e-08
2.35261e+00 5.39e-08
2.35413e+00 5.39e-08
2.35575e+00 5.40e-08
2.35736e+00 5.41e-08
2.35897e+00 5.42e-08
2.35982e+00 5.43e-08
2.36057e+00 5.43e-08
2.36227e+00 5.44e-08
2.36396e+00 5.45e-08
2.36556e+00 5.46e-08
2.36734e+00 5.48e-08
2.36903e+00 5.49e-08
2.37071e+00 5.51e-08
2.37248e+00 5.52e-08
2.37425e+00 5.54e-08
2.37602e+00 5.56e-08
2.37788e+00 5.58e-08
2.37964e+00 5.60e-08
2.38149e+00 5.62e-08
2.38334e+00 5.64e-08
2.38527e+00 5.67e-08
2.38711e+00 5.69e-08
2.38904e+00 5.72e-08
2.39096e+00 5.74e-08
2.39297e+00 5.77e-08
2.39498e+00 5.80e-08
2.39699e+00 5.83e-08
2.39899e+00 5.87e-08
2.40107e+00 5.90e-08
2.40315e+00 5.94e-08
2.40532e+00 5.98e-08
2.40740e+00 6.02e-08
2.40964e+00 6.06e-08
2.41180e+00 6.10e-08
2.41404e+00 6.15e-08
2.41627e+00 6.20e-08
2.41859e+00 6.25e-08
2.42090e+00 6.31e-08
2.42330e+00 6.36e-08
2.42569e+00 6.42e-08
2.42816e+00 6.49e-08
2.43063e+00 6.55e-08
2.43317e+00 6.62e-08
2.43572e+00 6.70e-08
2.43825e+00 6.77e-08
2.44095e+00 6.86e-08
2.44365e+00 6.94e-08
2.44634e+00 7.03e-08
2.44911e+00 7.13e-08
2.45195e+00 7.23e-08
2.45488e+00 7.34e-08
2.45779e+00 7.46e-08
2.46087e+00 7.58e-08
2.46394e+00 7.71e-08
2.46708e+00 7.84e-08
2.47022e+00 7.99e-08
2.47351e+00 8.14e-08
2.47687e+00 8.31e-08
2.48031e+00 8.49e-08
2.48382e+00 8.68e-08
2.48740e+00 8.88e-08
2.49114e+00 9.10e-08
2.49494e+00 9.34e-08
2.49684e+00 9.46e-08
2.49881e+00 9.59e-08
2.50078e+00 9.72e-08
2.50283e+00 9.86e-08
2.50487e+00 1.00e-07
2.50699e+00 1.02e-07
2.50911e+00 1.03e-07
2.51122e+00 1.05e-07
2.51341e+00 1.07e-07
2.51568e+00 1.08e-07
2.51786e+00 1.10e-07
2.52019e+00 1.12e-07
2.52252e+00 1.14e-07
2.52493e+00 1.16e-07
2.52733e+00 1.19e-07
2.52980e+00 1.21e-07
2.53227e+00 1.24e-07
2.53481e+00 1.26e-07
2.53742e+00 1.29e-07
2.54010e+00 1.32e-07
2.54286e+00 1.35e-07
2.54561e+00 1.39e-07
2.54843e+00 1.42e-07
2.55132e+00 1.46e-07
2.55428e+00 1.50e-07
2.55730e+00 1.54e-07
2.56048e+00 1.59e-07
2.56364e+00 1.63e-07
2.56695e+00 1.69e-07
2.57024e+00 1.74e-07
2.57376e+00 1.80e-07
2.57726e+00 1.87e-07
2.58097e+00 1.94e-07
2.58475e+00 2.02e-07
2.58867e+00 2.10e-07
2.59264e+00 2.19e-07
2.59682e+00 2.29e-07
2.60113e+00 2.40e-07
2.60565e+00 2.53e-07
2.61029e+00 2.66e-07
2.61513e+00 2.82e-07
2.62024e+00 2.99e-07
2.62554e+00 3.19e-07
2.63110e+00 3.42e-07
2.63698e+00 3.68e-07
2.64319e+00 3.99e-07
2.64971e+00 4.36e-07
2.65669e+00 4.80e-07
2.66410e+00 5.34e-07
2.67215e+00 6.01e-07
2.68082e+00 6.87e-07
2.69029e+00 8.01e-07
2.70069e+00 9.57e-07
2.71231e+00 1.18e-06
2.72543e+00 1.53e-06
2.74065e+00 2.13e-06
2.75874e+00 3.34e-06
2.78130e+00 6.61e-06
2.81151e+00 2.44e-05
2.85859e+00 6.47e+00
2.99573e+00 2.75e-01
