# OPACITY Project tables
-2.61515e+00 5.69e+00
-2.27341e+00 1.97e+00
-2.07433e+00 1.06e+00
-1.93351e+00 6.82e-01
-1.82455e+00 4.86e-01
-1.73574e+00 3.69e-01
-1.66078e+00 2.93e-01
-1.59603e+00 2.40e-01
-1.53898e+00 2.02e-01
-1.48802e+00 1.73e-01
-1.44198e+00 1.51e-01
-1.40003e+00 1.33e-01
-1.36148e+00 1.18e-01
-1.32584e+00 1.06e-01
-1.29269e+00 9.55e-02
-1.26174e+00 8.68e-02
-1.23268e+00 7.94e-02
-1.20531e+00 7.30e-02
-1.17944e+00 6.75e-02
-1.15493e+00 6.26e-02
-1.13165e+00 5.84e-02
-1.10945e+00 5.46e-02
-1.08827e+00 5.12e-02
-1.06799e+00 4.82e-02
-1.04857e+00 4.54e-02
-1.02994e+00 4.30e-02
-1.01200e+00 4.06e-02
-9.94739e-01 3.86e-02
-9.78086e-01 3.68e-02
-9.62021e-01 3.49e-02
-9.46492e-01 3.34e-02
-9.31455e-01 3.19e-02
-9.16916e-01 3.04e-02
-9.02807e-01 2.91e-02
-8.89113e-01 2.80e-02
-8.75797e-01 2.71e-02
-8.62868e-01 2.59e-02
-8.50292e-01 2.50e-02
-8.38057e-01 2.47e-02
-8.26130e-01 2.32e-02
-8.14502e-01 2.24e-02
-8.03185e-01 2.15e-02
-7.92106e-01 2.09e-02
-7.81301e-01 2.02e-02
-7.70741e-01 1.96e-02
-7.60420e-01 1.90e-02
-7.50331e-01 1.85e-02
-7.40469e-01 1.81e-02
-7.30787e-01 1.76e-02
-7.21320e-01 1.71e-02
-7.12045e-01 1.72e-02
-7.02955e-01 1.63e-02
-6.85298e-01 1.54e-02
-6.68298e-01 1.47e-02
-6.51909e-01 1.45e-02
-6.43938e-01 1.41e-02
-6.28390e-01 1.35e-02
-6.20808e-01 1.32e-02
-6.13357e-01 1.30e-02
-6.06016e-01 1.27e-02
-5.98801e-01 1.25e-02
-5.91692e-01 1.23e-02
-5.84687e-01 1.21e-02
-5.77803e-01 1.19e-02
-5.71018e-01 1.17e-02
-5.64314e-01 1.16e-02
-5.57725e-01 1.14e-02
-5.51231e-01 1.13e-02
-5.38505e-01 1.10e-02
-5.32288e-01 1.09e-02
-5.26142e-01 1.08e-02
-5.20085e-01 1.07e-02
-5.08196e-01 1.06e-02
-5.02362e-01 1.05e-02
-4.96610e-01 1.05e-02
-4.90925e-01 1.04e-02
-4.85320e-01 1.04e-02
-4.79779e-01 1.04e-02
-4.74301e-01 1.04e-02
-4.68884e-01 1.04e-02
-4.63545e-01 1.04e-02
-4.58265e-01 1.04e-02
-4.53044e-01 1.04e-02
-4.47882e-01 1.05e-02
-4.42778e-01 1.05e-02
-4.37730e-01 1.06e-02
-4.32739e-01 1.06e-02
-4.27803e-01 1.07e-02
-4.22922e-01 1.08e-02
-4.18095e-01 1.09e-02
-4.13321e-01 1.10e-02
-4.03901e-01 1.12e-02
-3.99284e-01 1.13e-02
-3.90158e-01 1.15e-02
-3.81216e-01 1.17e-02
-3.76819e-01 1.19e-02
-3.72456e-01 1.22e-02
-3.68126e-01 1.24e-02
-3.63858e-01 1.24e-02
-3.59622e-01 1.24e-02
-3.55419e-01 1.25e-02
-3.51261e-01 1.30e-02
-3.47135e-01 1.34e-02
-3.43054e-01 1.34e-02
-3.39003e-01 1.39e-02
-3.34997e-01 1.51e-02
-3.31021e-01 1.61e-02
-3.27088e-01 1.51e-02
-3.23185e-01 1.39e-02
-3.19310e-01 1.32e-02
-3.15464e-01 1.29e-02
-3.11661e-01 1.25e-02
-3.07885e-01 1.22e-02
-3.04150e-01 1.19e-02
-3.00430e-01 1.16e-02
-2.96750e-01 1.16e-02
-2.93097e-01 1.17e-02
-2.89484e-01 1.20e-02
-2.85884e-01 1.15e-02
-2.82323e-01 1.10e-02
-2.78788e-01 1.03e-02
-2.75279e-01 9.88e-03
-2.71796e-01 9.52e-03
-2.68350e-01 9.20e-03
-2.64917e-01 8.92e-03
-2.61521e-01 8.75e-03
-2.58149e-01 8.60e-03
-2.54802e-01 8.47e-03
-2.51466e-01 8.35e-03
-2.48167e-01 8.24e-03
-2.44891e-01 8.15e-03
-2.38409e-01 7.98e-03
-2.35203e-01 7.90e-03
-2.32020e-01 7.82e-03
-2.25722e-01 7.67e-03
-2.22606e-01 7.60e-03
-2.19513e-01 7.53e-03
-2.16441e-01 7.45e-03
-2.13391e-01 7.35e-03
-2.07344e-01 7.15e-03
-2.01382e-01 6.95e-03
-1.95504e-01 6.75e-03
-1.92590e-01 6.65e-03
-1.89697e-01 6.71e-03
-1.86824e-01 6.48e-03
-1.83971e-01 6.41e-03
-1.81126e-01 6.31e-03
-1.78314e-01 6.24e-03
-1.75509e-01 6.17e-03
-1.72724e-01 6.10e-03
-1.69958e-01 6.04e-03
-1.64474e-01 5.93e-03
-1.59054e-01 5.82e-03
-1.56373e-01 5.78e-03
-1.53699e-01 5.75e-03
-1.51044e-01 5.70e-03
-1.45789e-01 5.62e-03
-1.43189e-01 5.58e-03
-1.40596e-01 5.56e-03
-1.38021e-01 5.50e-03
-1.35453e-01 5.48e-03
-1.32914e-01 5.48e-03
-1.30382e-01 5.47e-03
-1.27867e-01 5.40e-03
-1.25359e-01 5.35e-03
-1.20395e-01 5.29e-03
-1.17928e-01 5.26e-03
-1.15489e-01 5.24e-03
-1.10630e-01 5.19e-03
-1.08220e-01 5.16e-03
-1.05827e-01 5.13e-03
-1.01070e-01 5.09e-03
-9.63788e-02 5.05e-03
-9.40360e-02 5.02e-03
-9.17206e-02 5.01e-03
-8.94106e-02 4.98e-03
-8.25559e-02 4.94e-03
-8.02994e-02 4.98e-03
-7.80480e-02 4.91e-03
-7.58125e-02 4.87e-03
-7.35820e-02 4.85e-03
-7.13671e-02 4.85e-03
-6.91679e-02 4.87e-03
-6.69735e-02 4.92e-03
-6.47839e-02 4.97e-03
-6.26097e-02 4.86e-03
-6.04509e-02 4.78e-03
-5.82967e-02 4.88e-03
-5.61577e-02 4.95e-03
-5.40233e-02 4.91e-03
-5.19040e-02 4.88e-03
-4.97997e-02 5.08e-03
-4.76998e-02 4.96e-03
-4.56042e-02 4.69e-03
-4.35236e-02 4.61e-03
-4.14576e-02 4.60e-03
-3.93959e-02 4.55e-03
-3.73385e-02 4.53e-03
-3.52956e-02 4.51e-03
-3.32673e-02 4.51e-03
-3.12430e-02 4.49e-03
-2.92229e-02 4.47e-03
-2.72170e-02 4.49e-03
-2.52255e-02 4.48e-03
-2.32379e-02 4.42e-03
-2.12543e-02 4.40e-03
-1.92848e-02 4.40e-03
-1.53675e-02 4.35e-03
-1.34298e-02 4.55e-03
-1.14958e-02 4.70e-03
-9.56560e-03 4.49e-03
-7.64918e-03 4.36e-03
-3.83735e-03 4.35e-03
-1.94188e-03 4.33e-03
-5.00013e-05 4.23e-03
1.79838e-03 4.22e-03
3.69317e-03 4.19e-03
5.58438e-03 4.16e-03
7.37275e-03 4.15e-03
9.25702e-03 4.15e-03
1.11377e-02 4.12e-03
1.29162e-02 4.09e-03
1.47901e-02 4.07e-03
1.65621e-02 4.05e-03
2.01947e-02 4.00e-03
2.19572e-02 4.09e-03
2.38142e-02 3.96e-03
2.55703e-02 3.94e-03
2.73233e-02 3.94e-03
2.90732e-02 3.89e-03
3.08201e-02 4.13e-03
3.25640e-02 3.89e-03
3.43048e-02 3.84e-03
3.60426e-02 3.81e-03
3.77774e-02 3.80e-03
3.95091e-02 3.85e-03
4.12379e-02 3.87e-03
4.29637e-02 3.76e-03
4.46865e-02 3.73e-03
4.64064e-02 3.74e-03
4.80280e-02 3.83e-03
4.97421e-02 4.36e-03
5.14533e-02 3.73e-03
5.30667e-02 3.78e-03
5.47722e-02 3.82e-03
5.64748e-02 3.69e-03
5.80802e-02 3.66e-03
5.97772e-02 3.96e-03
6.13773e-02 3.80e-03
6.29748e-02 3.65e-03
6.46635e-02 3.64e-03
6.62558e-02 3.62e-03
6.78455e-02 3.66e-03
6.95261e-02 3.65e-03
7.11106e-02 3.64e-03
7.26927e-02 3.61e-03
7.42722e-02 3.61e-03
7.58493e-02 3.59e-03
7.74239e-02 3.57e-03
7.90884e-02 3.56e-03
8.06579e-02 3.61e-03
8.22249e-02 3.55e-03
8.37895e-02 3.55e-03
8.52598e-02 3.55e-03
8.68197e-02 3.60e-03
8.83771e-02 3.57e-03
8.99321e-02 3.59e-03
9.14847e-02 3.51e-03
9.30349e-02 3.58e-03
9.44917e-02 3.54e-03
9.60372e-02 3.44e-03
9.75803e-02 3.42e-03
9.90305e-02 3.41e-03
1.00569e-01 3.38e-03
1.02015e-01 3.49e-03
1.03549e-01 3.39e-03
1.05080e-01 3.62e-03
1.06520e-01 3.31e-03
1.07957e-01 3.26e-03
1.09482e-01 3.25e-03
1.10915e-01 3.25e-03
1.12435e-01 3.27e-03
1.13864e-01 3.27e-03
1.15291e-01 3.19e-03
1.16805e-01 3.24e-03
1.18227e-01 3.19e-03
1.19648e-01 3.18e-03
1.21067e-01 3.19e-03
1.22483e-01 3.15e-03
1.23898e-01 3.13e-03
1.25398e-01 3.14e-03
1.26809e-01 3.26e-03
1.28217e-01 3.12e-03
1.29624e-01 3.08e-03
1.31028e-01 3.10e-03
1.32431e-01 3.10e-03
1.33831e-01 3.09e-03
1.35143e-01 3.10e-03
1.36539e-01 3.08e-03
1.37934e-01 3.06e-03
1.39327e-01 3.22e-03
1.40718e-01 3.08e-03
1.42107e-01 3.13e-03
1.43407e-01 3.07e-03
1.44793e-01 3.05e-03
1.46176e-01 3.18e-03
1.47471e-01 3.08e-03
1.48851e-01 3.14e-03
1.50229e-01 3.07e-03
1.51519e-01 3.04e-03
1.52893e-01 3.03e-03
1.54179e-01 2.98e-03
1.55550e-01 2.96e-03
1.56833e-01 3.10e-03
1.58200e-01 2.93e-03
1.59479e-01 2.92e-03
1.60757e-01 2.95e-03
1.62119e-01 3.08e-03
1.63394e-01 2.94e-03
1.64751e-01 2.99e-03
1.66023e-01 2.93e-03
1.67293e-01 2.93e-03
1.68561e-01 2.94e-03
1.69912e-01 2.98e-03
1.71176e-01 3.04e-03
1.72440e-01 2.97e-03
1.73701e-01 3.01e-03
1.74961e-01 3.01e-03
1.76220e-01 2.98e-03
1.77477e-01 2.98e-03
1.78732e-01 2.98e-03
1.80069e-01 2.99e-03
1.81321e-01 2.92e-03
1.83737e-01 2.94e-03
1.84985e-01 2.92e-03
1.86231e-01 2.89e-03
1.87475e-01 2.88e-03
1.88718e-01 2.88e-03
1.89959e-01 2.88e-03
1.91199e-01 2.89e-03
1.92437e-01 2.95e-03
1.93591e-01 2.91e-03
1.94826e-01 2.90e-03
1.96060e-01 2.88e-03
1.97292e-01 2.98e-03
1.98441e-01 2.87e-03
1.99670e-01 2.85e-03
2.00898e-01 2.85e-03
2.02042e-01 2.83e-03
2.03267e-01 2.82e-03
2.04409e-01 2.83e-03
2.05631e-01 2.83e-03
2.06770e-01 2.83e-03
2.07989e-01 2.86e-03
2.09126e-01 3.12e-03
2.10342e-01 3.10e-03
2.11476e-01 3.06e-03
2.12689e-01 3.04e-03
2.13820e-01 3.03e-03
2.15031e-01 3.02e-03
2.16159e-01 3.03e-03
2.17286e-01 3.03e-03
2.18493e-01 3.02e-03
2.19617e-01 2.98e-03
2.20741e-01 2.93e-03
2.21943e-01 2.89e-03
2.23064e-01 2.85e-03
2.24183e-01 2.83e-03
2.25301e-01 2.81e-03
2.27614e-01 2.77e-03
2.28728e-01 2.76e-03
2.30953e-01 2.72e-03
2.32064e-01 2.70e-03
2.33173e-01 2.69e-03
2.34281e-01 2.67e-03
2.35388e-01 2.66e-03
2.36494e-01 2.66e-03
2.38702e-01 2.64e-03
2.39804e-01 2.73e-03
2.40905e-01 2.72e-03
2.42005e-01 2.71e-03
2.44200e-01 2.68e-03
2.45296e-01 2.66e-03
2.46313e-01 2.65e-03
2.47407e-01 2.65e-03
2.48499e-01 2.64e-03
2.49591e-01 2.64e-03
2.50681e-01 2.62e-03
2.51692e-01 2.60e-03
2.53867e-01 2.56e-03
2.54875e-01 2.54e-03
2.55959e-01 2.53e-03
2.57042e-01 2.51e-03
2.59128e-01 2.49e-03
2.61210e-01 2.47e-03
2.63287e-01 2.45e-03
2.65360e-01 2.43e-03
2.67428e-01 2.41e-03
2.69493e-01 2.40e-03
2.71553e-01 2.38e-03
2.73609e-01 2.36e-03
2.75660e-01 2.35e-03
2.77632e-01 2.33e-03
2.79675e-01 2.32e-03
2.81639e-01 2.30e-03
2.83674e-01 2.29e-03
2.85630e-01 2.27e-03
2.87582e-01 2.26e-03
2.89605e-01 2.24e-03
2.91550e-01 2.23e-03
2.93490e-01 2.22e-03
2.95427e-01 2.21e-03
2.97360e-01 2.20e-03
2.99289e-01 2.18e-03
3.01215e-01 2.17e-03
3.03137e-01 2.15e-03
3.04982e-01 2.14e-03
3.06896e-01 2.12e-03
3.08807e-01 2.11e-03
3.10641e-01 2.10e-03
3.12545e-01 2.09e-03
3.14373e-01 2.08e-03
3.17144e-01 2.06e-03
3.19035e-01 2.04e-03
3.19907e-01 2.04e-03
3.21794e-01 2.03e-03
3.22663e-01 2.03e-03
3.23604e-01 2.02e-03
3.24472e-01 2.01e-03
3.26278e-01 1.99e-03
3.28080e-01 1.98e-03
3.29016e-01 1.97e-03
3.29879e-01 1.96e-03
3.30813e-01 1.98e-03
3.32608e-01 1.96e-03
3.33468e-01 1.95e-03
3.35257e-01 1.94e-03
3.37044e-01 1.94e-03
3.37900e-01 1.93e-03
3.39681e-01 1.92e-03
3.41389e-01 1.91e-03
3.43164e-01 1.90e-03
3.44936e-01 1.89e-03
3.46635e-01 1.88e-03
3.47483e-01 1.88e-03
3.49247e-01 1.87e-03
3.50939e-01 1.86e-03
3.52627e-01 1.85e-03
3.54382e-01 1.84e-03
3.56065e-01 1.83e-03
3.57744e-01 1.82e-03
3.59421e-01 1.81e-03
3.61095e-01 1.80e-03
3.62766e-01 1.80e-03
3.64435e-01 1.79e-03
3.66100e-01 1.78e-03
3.67763e-01 1.77e-03
3.69354e-01 1.76e-03
3.71012e-01 1.75e-03
3.72666e-01 1.74e-03
3.74318e-01 1.73e-03
3.75899e-01 1.72e-03
3.77546e-01 1.72e-03
3.79121e-01 1.71e-03
3.80762e-01 1.70e-03
3.82333e-01 1.69e-03
3.83969e-01 1.68e-03
3.85534e-01 1.68e-03
3.87097e-01 1.67e-03
3.88658e-01 1.66e-03
3.90284e-01 1.65e-03
3.91839e-01 1.65e-03
3.93393e-01 1.64e-03
3.94943e-01 1.63e-03
3.96492e-01 1.62e-03
3.98038e-01 1.62e-03
3.99581e-01 1.61e-03
4.01122e-01 1.60e-03
4.02661e-01 1.59e-03
4.04131e-01 1.59e-03
4.05665e-01 1.58e-03
4.07197e-01 1.57e-03
4.08726e-01 1.57e-03
4.10187e-01 1.56e-03
4.11712e-01 1.55e-03
4.13169e-01 1.54e-03
4.14689e-01 1.54e-03
4.16141e-01 1.53e-03
4.17657e-01 1.52e-03
4.19105e-01 1.52e-03
4.20616e-01 1.51e-03
4.22060e-01 1.50e-03
4.23501e-01 1.50e-03
4.25006e-01 1.49e-03
4.26444e-01 1.49e-03
4.27879e-01 1.48e-03
4.29312e-01 1.47e-03
4.30743e-01 1.47e-03
4.32172e-01 1.46e-03
4.33599e-01 1.45e-03
4.35024e-01 1.45e-03
4.36447e-01 1.44e-03
4.37868e-01 1.44e-03
4.39287e-01 1.43e-03
4.40704e-01 1.42e-03
4.42118e-01 1.42e-03
4.43467e-01 1.41e-03
4.44878e-01 1.41e-03
4.46287e-01 1.40e-03
4.47630e-01 1.40e-03
4.49035e-01 1.39e-03
4.50438e-01 1.38e-03
4.51776e-01 1.38e-03
4.53175e-01 1.37e-03
4.54509e-01 1.37e-03
4.55841e-01 1.36e-03
4.57235e-01 1.36e-03
4.58563e-01 1.35e-03
4.59953e-01 1.34e-03
4.61278e-01 1.34e-03
4.62601e-01 1.33e-03
4.63923e-01 1.33e-03
4.65305e-01 1.32e-03
4.66623e-01 1.32e-03
4.67939e-01 1.31e-03
4.69253e-01 1.31e-03
4.70566e-01 1.30e-03
4.71877e-01 1.30e-03
4.73186e-01 1.29e-03
4.74494e-01 1.29e-03
4.75799e-01 1.28e-03
4.77103e-01 1.28e-03
4.78406e-01 1.27e-03
4.79706e-01 1.27e-03
4.80944e-01 1.26e-03
4.82241e-01 1.26e-03
4.83537e-01 1.25e-03
4.84831e-01 1.25e-03
4.86062e-01 1.25e-03
4.86738e-01 1.24e-03
4.87966e-01 1.23e-03
4.88641e-01 1.23e-03
4.89255e-01 1.23e-03
4.89868e-01 1.23e-03
4.90480e-01 1.23e-03
4.91153e-01 1.22e-03
4.92376e-01 1.22e-03
4.93659e-01 1.22e-03
4.94879e-01 1.21e-03
4.96159e-01 1.21e-03
4.96767e-01 1.20e-03
4.98591e-01 1.20e-03
4.99259e-01 1.20e-03
5.00472e-01 1.19e-03
5.01078e-01 1.19e-03
5.02289e-01 1.19e-03
5.03559e-01 1.18e-03
5.04767e-01 1.18e-03
5.05974e-01 1.17e-03
5.06577e-01 1.17e-03
5.07781e-01 1.17e-03
5.09044e-01 1.16e-03
5.10245e-01 1.16e-03
5.11445e-01 1.15e-03
5.12644e-01 1.15e-03
5.13841e-01 1.15e-03
5.15037e-01 1.14e-03
5.16231e-01 1.14e-03
5.17424e-01 1.13e-03
5.18615e-01 1.13e-03
5.19746e-01 1.13e-03
5.20934e-01 1.12e-03
5.22122e-01 1.12e-03
5.23307e-01 1.12e-03
5.24492e-01 1.11e-03
5.25616e-01 1.11e-03
5.26797e-01 1.10e-03
5.27978e-01 1.10e-03
5.29157e-01 1.10e-03
5.30275e-01 1.09e-03
5.30864e-01 1.09e-03
5.31451e-01 1.09e-03
5.32568e-01 1.09e-03
5.33741e-01 1.08e-03
5.34855e-01 1.08e-03
5.36025e-01 1.08e-03
5.37136e-01 1.07e-03
5.38305e-01 1.07e-03
5.39413e-01 1.07e-03
5.40579e-01 1.06e-03
5.41685e-01 1.06e-03
5.42789e-01 1.06e-03
5.43951e-01 1.05e-03
5.45053e-01 1.05e-03
5.46154e-01 1.05e-03
5.46733e-01 1.04e-03
5.47312e-01 1.04e-03
5.48410e-01 1.04e-03
5.49508e-01 1.03e-03
5.50604e-01 1.03e-03
5.51180e-01 1.03e-03
5.51699e-01 1.03e-03
5.52275e-01 1.03e-03
5.52850e-01 1.03e-03
5.53943e-01 1.02e-03
5.55034e-01 1.02e-03
5.56124e-01 1.02e-03
5.57213e-01 1.01e-03
5.58301e-01 1.01e-03
5.59387e-01 1.01e-03
5.60473e-01 1.00e-03
5.61557e-01 1.00e-03
5.62640e-01 9.97e-04
5.63722e-01 9.93e-04
5.64745e-01 9.91e-04
5.65314e-01 9.90e-04
5.65825e-01 9.88e-04
5.66393e-01 9.85e-04
5.67471e-01 9.83e-04
5.68491e-01 9.80e-04
5.69566e-01 9.77e-04
5.70641e-01 9.74e-04
5.71714e-01 9.72e-04
5.72729e-01 9.69e-04
5.73800e-01 9.66e-04
5.74870e-01 9.63e-04
5.75883e-01 9.60e-04
5.76950e-01 9.57e-04
5.77961e-01 9.55e-04
5.79026e-01 9.47e-04
5.79530e-01 9.48e-04
5.80090e-01 9.48e-04
5.81098e-01 9.45e-04
5.82160e-01 9.43e-04
5.83165e-01 9.40e-04
5.84225e-01 9.37e-04
5.85228e-01 9.33e-04
5.86230e-01 9.31e-04
5.87287e-01 9.28e-04
5.88287e-01 9.26e-04
5.89286e-01 9.23e-04
5.90339e-01 9.20e-04
5.91336e-01 9.18e-04
5.92332e-01 9.15e-04
5.93382e-01 9.13e-04
5.94376e-01 9.10e-04
5.95369e-01 9.07e-04
5.96361e-01 9.05e-04
5.96857e-01 9.02e-04
5.97407e-01 8.98e-04
5.97902e-01 9.00e-04
5.98891e-01 8.99e-04
5.99880e-01 8.96e-04
6.00867e-01 8.93e-04
6.01854e-01 8.91e-04
6.02347e-01 8.90e-04
6.02839e-01 8.88e-04
6.03824e-01 8.85e-04
6.04808e-01 8.83e-04
6.05790e-01 8.80e-04
6.06772e-01 8.78e-04
6.07753e-01 8.75e-04
6.08243e-01 8.74e-04
6.09222e-01 8.71e-04
6.10200e-01 8.69e-04
6.11178e-01 8.67e-04
6.12154e-01 8.64e-04
6.12642e-01 8.63e-04
6.13129e-01 8.64e-04
6.13617e-01 8.66e-04
6.14104e-01 8.60e-04
6.14591e-01 8.59e-04
6.15023e-01 8.47e-04
6.15510e-01 8.55e-04
6.16482e-01 8.53e-04
6.16968e-01 8.53e-04
6.17453e-01 8.50e-04
6.18424e-01 8.48e-04
6.19339e-01 8.46e-04
6.20308e-01 8.44e-04
6.21275e-01 8.42e-04
6.22242e-01 8.39e-04
6.23154e-01 8.37e-04
6.24119e-01 8.35e-04
6.25082e-01 8.33e-04
6.25992e-01 8.31e-04
6.26954e-01 8.28e-04
6.27435e-01 8.27e-04
6.27862e-01 8.26e-04
6.28342e-01 8.24e-04
6.29302e-01 8.22e-04
6.30207e-01 8.20e-04
6.31165e-01 8.18e-04
6.32069e-01 8.16e-04
6.33026e-01 8.14e-04
6.33928e-01 8.12e-04
6.34882e-01 8.10e-04
6.35306e-01 8.08e-04
6.36259e-01 8.06e-04
6.37159e-01 8.04e-04
6.38110e-01 8.02e-04
6.39008e-01 8.00e-04
6.39905e-01 7.98e-04
6.40379e-01 7.97e-04
6.40853e-01 7.94e-04
6.41749e-01 7.94e-04
6.42643e-01 7.92e-04
6.43537e-01 7.90e-04
6.44482e-01 7.88e-04
6.45374e-01 7.86e-04
6.46265e-01 7.84e-04
6.47156e-01 7.82e-04
6.48098e-01 7.80e-04
6.48986e-01 7.78e-04
6.49874e-01 7.76e-04
6.50761e-01 7.74e-04
6.51648e-01 7.72e-04
6.52533e-01 7.70e-04
6.53418e-01 7.68e-04
6.54302e-01 7.67e-04
6.55186e-01 7.65e-04
6.56120e-01 7.63e-04
6.57002e-01 7.61e-04
6.57883e-01 7.59e-04
6.58763e-01 7.57e-04
6.59642e-01 7.55e-04
6.60469e-01 7.53e-04
6.61347e-01 7.51e-04
6.62224e-01 7.50e-04
6.63100e-01 7.48e-04
6.63976e-01 7.46e-04
6.64851e-01 7.44e-04
6.65725e-01 7.42e-04
6.66598e-01 7.40e-04
6.67470e-01 7.39e-04
6.68291e-01 7.37e-04
6.69162e-01 7.35e-04
6.70032e-01 7.33e-04
6.70902e-01 7.32e-04
6.71719e-01 7.30e-04
6.72587e-01 7.28e-04
6.73455e-01 7.26e-04
6.74321e-01 7.24e-04
6.75136e-01 7.23e-04
6.76001e-01 7.21e-04
6.76865e-01 7.19e-04
6.77678e-01 7.17e-04
6.78541e-01 7.16e-04
6.79403e-01 7.14e-04
6.80214e-01 7.12e-04
6.81075e-01 7.11e-04
6.81884e-01 7.09e-04
6.82743e-01 7.07e-04
6.83551e-01 7.05e-04
6.84409e-01 7.04e-04
6.85266e-01 7.02e-04
6.86072e-01 7.00e-04
6.86878e-01 6.99e-04
6.87733e-01 6.97e-04
6.88537e-01 6.95e-04
6.89390e-01 6.94e-04
6.90193e-01 6.92e-04
6.91045e-01 6.91e-04
6.91846e-01 6.89e-04
6.92647e-01 6.87e-04
6.93497e-01 6.86e-04
6.94297e-01 6.84e-04
6.95145e-01 6.83e-04
6.95943e-01 6.81e-04
6.96741e-01 6.79e-04
6.97538e-01 6.78e-04
6.98383e-01 6.76e-04
6.99179e-01 6.75e-04
6.99974e-01 6.73e-04
7.00818e-01 6.71e-04
7.01611e-01 6.70e-04
7.02404e-01 6.68e-04
7.03197e-01 6.67e-04
7.03988e-01 6.65e-04
7.04829e-01 6.64e-04
7.05619e-01 6.62e-04
7.06409e-01 6.61e-04
7.07198e-01 6.59e-04
7.07987e-01 6.58e-04
7.08774e-01 6.56e-04
7.09562e-01 6.54e-04
7.10348e-01 6.53e-04
7.11134e-01 6.52e-04
7.11920e-01 6.50e-04
7.12754e-01 6.49e-04
7.13538e-01 6.47e-04
7.14321e-01 6.46e-04
7.15104e-01 6.44e-04
7.15887e-01 6.43e-04
7.16668e-01 6.41e-04
7.17401e-01 6.40e-04
7.18181e-01 6.38e-04
7.18961e-01 6.37e-04
7.19740e-01 6.36e-04
7.20519e-01 6.34e-04
7.21297e-01 6.33e-04
7.22075e-01 6.31e-04
7.22852e-01 6.30e-04
7.23628e-01 6.29e-04
7.24404e-01 6.27e-04
7.25130e-01 6.26e-04
7.25905e-01 6.24e-04
7.26679e-01 6.23e-04
7.27452e-01 6.22e-04
7.28225e-01 6.20e-04
7.28949e-01 6.19e-04
7.29720e-01 6.18e-04
7.30491e-01 6.16e-04
7.31262e-01 6.15e-04
7.31983e-01 6.14e-04
7.32752e-01 6.12e-04
7.33521e-01 6.11e-04
7.34241e-01 6.10e-04
7.35009e-01 6.08e-04
7.35776e-01 6.07e-04
7.36494e-01 6.06e-04
7.37260e-01 6.04e-04
7.38025e-01 6.03e-04
7.38742e-01 6.02e-04
7.39506e-01 6.01e-04
7.40222e-01 5.99e-04
7.40985e-01 5.98e-04
7.41747e-01 5.97e-04
7.42461e-01 5.96e-04
7.43222e-01 5.94e-04
7.43935e-01 5.93e-04
7.44695e-01 5.92e-04
7.45408e-01 5.91e-04
7.46166e-01 5.89e-04
7.46878e-01 5.88e-04
7.47635e-01 5.87e-04
7.48345e-01 5.86e-04
7.49102e-01 5.85e-04
7.49811e-01 5.83e-04
7.50567e-01 5.82e-04
7.51275e-01 5.81e-04
7.51982e-01 5.80e-04
7.52736e-01 5.79e-04
7.53442e-01 5.77e-04
7.54148e-01 5.76e-04
7.54901e-01 5.75e-04
7.55605e-01 5.74e-04
7.56357e-01 5.73e-04
7.57061e-01 5.71e-04
7.57764e-01 5.70e-04
7.58467e-01 5.69e-04
7.59216e-01 5.68e-04
7.59918e-01 5.67e-04
7.60619e-01 5.66e-04
7.61366e-01 5.65e-04
7.62067e-01 5.63e-04
7.62767e-01 5.62e-04
7.63466e-01 5.61e-04
7.64211e-01 5.60e-04
7.64910e-01 5.59e-04
7.65607e-01 5.58e-04
7.66305e-01 5.57e-04
7.67002e-01 5.56e-04
7.67698e-01 5.54e-04
7.68440e-01 5.53e-04
7.69136e-01 5.52e-04
7.69830e-01 5.51e-04
7.70525e-01 5.50e-04
7.71219e-01 5.49e-04
7.71912e-01 5.48e-04
7.72605e-01 5.47e-04
7.73298e-01 5.46e-04
7.73990e-01 5.45e-04
7.74681e-01 5.44e-04
7.75418e-01 5.43e-04
7.76109e-01 5.42e-04
7.76799e-01 5.40e-04
7.77488e-01 5.39e-04
7.78177e-01 5.38e-04
7.78866e-01 5.37e-04
7.79554e-01 5.36e-04
7.80242e-01 5.35e-04
7.80929e-01 5.34e-04
7.81570e-01 5.33e-04
7.82256e-01 5.32e-04
7.82942e-01 5.31e-04
7.83628e-01 5.30e-04
7.84312e-01 5.29e-04
7.84997e-01 5.28e-04
7.85681e-01 5.27e-04
7.86364e-01 5.26e-04
7.87047e-01 5.25e-04
7.87730e-01 5.24e-04
7.88366e-01 5.23e-04
7.89048e-01 5.22e-04
7.89729e-01 5.21e-04
7.90410e-01 5.20e-04
7.91090e-01 5.19e-04
7.91770e-01 5.18e-04
7.92404e-01 5.17e-04
7.93083e-01 5.16e-04
7.93761e-01 5.15e-04
7.94439e-01 5.14e-04
7.95117e-01 5.13e-04
7.95749e-01 5.12e-04
7.96426e-01 5.11e-04
7.97102e-01 5.10e-04
7.97732e-01 5.09e-04
7.98408e-01 5.08e-04
7.99083e-01 5.07e-04
7.99757e-01 5.06e-04
8.00386e-01 5.05e-04
8.01059e-01 5.04e-04
8.01732e-01 5.03e-04
8.02360e-01 5.03e-04
8.03032e-01 5.02e-04
8.03704e-01 5.01e-04
8.04331e-01 5.00e-04
8.05002e-01 4.99e-04
8.05627e-01 4.98e-04
8.06297e-01 4.97e-04
8.06967e-01 4.96e-04
8.07591e-01 4.95e-04
8.08260e-01 4.94e-04
8.08884e-01 4.93e-04
8.09551e-01 4.92e-04
8.10174e-01 4.92e-04
8.10841e-01 4.91e-04
8.11463e-01 4.90e-04
8.12129e-01 4.89e-04
8.12751e-01 4.88e-04
8.13416e-01 4.87e-04
8.14036e-01 4.86e-04
8.14701e-01 4.85e-04
8.15321e-01 4.84e-04
8.15984e-01 4.84e-04
8.16603e-01 4.83e-04
8.17266e-01 4.82e-04
8.17884e-01 4.81e-04
8.18546e-01 4.80e-04
8.19163e-01 4.79e-04
8.19824e-01 4.78e-04
8.20440e-01 4.77e-04
8.21057e-01 4.77e-04
8.21716e-01 4.76e-04
8.22332e-01 4.75e-04
8.22947e-01 4.74e-04
8.23605e-01 4.73e-04
8.24219e-01 4.72e-04
8.24833e-01 4.72e-04
8.25490e-01 4.71e-04
8.26103e-01 4.70e-04
8.26716e-01 4.69e-04
8.27372e-01 4.68e-04
8.27984e-01 4.67e-04
8.28595e-01 4.67e-04
8.29250e-01 4.66e-04
8.29861e-01 4.65e-04
8.30471e-01 4.64e-04
8.31081e-01 4.63e-04
8.31735e-01 4.63e-04
8.32344e-01 4.62e-04
8.32953e-01 4.61e-04
8.33561e-01 4.60e-04
8.34213e-01 4.59e-04
8.34820e-01 4.59e-04
8.35428e-01 4.58e-04
8.36035e-01 4.57e-04
8.36641e-01 4.56e-04
8.37291e-01 4.55e-04
8.37897e-01 4.55e-04
8.38502e-01 4.54e-04
8.39107e-01 4.53e-04
8.39712e-01 4.52e-04
8.40316e-01 4.52e-04
8.40964e-01 4.51e-04
8.41567e-01 4.50e-04
8.42170e-01 4.49e-04
8.42773e-01 4.49e-04
8.43376e-01 4.48e-04
8.43978e-01 4.47e-04
8.44580e-01 4.46e-04
8.45181e-01 4.45e-04
8.45782e-01 4.45e-04
8.46383e-01 4.44e-04
8.46984e-01 4.43e-04
8.47584e-01 4.42e-04
8.48226e-01 4.42e-04
8.48825e-01 4.41e-04
8.49424e-01 4.40e-04
8.50023e-01 4.39e-04
8.50621e-01 4.39e-04
8.51219e-01 4.38e-04
8.51816e-01 4.37e-04
8.52413e-01 4.37e-04
8.53010e-01 4.36e-04
8.53606e-01 4.35e-04
8.54160e-01 4.34e-04
8.54756e-01 4.34e-04
8.55351e-01 4.33e-04
8.55946e-01 4.32e-04
8.56541e-01 4.32e-04
8.57135e-01 4.31e-04
8.57729e-01 4.30e-04
8.58323e-01 4.29e-04
8.58916e-01 4.29e-04
8.59509e-01 4.28e-04
8.60101e-01 4.27e-04
8.60693e-01 4.27e-04
8.61243e-01 4.26e-04
8.61835e-01 4.25e-04
8.62426e-01 4.25e-04
8.63017e-01 4.24e-04
8.63607e-01 4.23e-04
8.64197e-01 4.22e-04
8.64745e-01 4.22e-04
8.65334e-01 4.21e-04
8.65923e-01 4.20e-04
8.66512e-01 4.20e-04
8.67100e-01 4.19e-04
8.67689e-01 4.18e-04
8.68234e-01 4.18e-04
8.68822e-01 4.17e-04
8.69409e-01 4.16e-04
8.69995e-01 4.16e-04
8.70540e-01 4.15e-04
8.71126e-01 4.14e-04
8.71712e-01 4.14e-04
8.72297e-01 4.13e-04
8.72840e-01 4.12e-04
8.73425e-01 4.12e-04
8.74009e-01 4.11e-04
8.74552e-01 4.10e-04
8.75135e-01 4.10e-04
8.75719e-01 4.09e-04
8.76302e-01 4.09e-04
8.76843e-01 4.08e-04
8.77425e-01 4.07e-04
8.78007e-01 4.07e-04
8.78547e-01 4.06e-04
8.79129e-01 4.05e-04
8.79710e-01 4.05e-04
8.80249e-01 4.04e-04
8.80829e-01 4.04e-04
8.81368e-01 4.03e-04
8.81948e-01 4.02e-04
8.82527e-01 4.02e-04
8.83065e-01 4.01e-04
8.83644e-01 4.00e-04
8.84181e-01 4.00e-04
8.84759e-01 3.99e-04
8.85337e-01 3.99e-04
8.85873e-01 3.98e-04
8.86450e-01 3.97e-04
8.86985e-01 3.97e-04
8.87562e-01 3.96e-04
8.88097e-01 3.96e-04
8.88673e-01 3.95e-04
8.89248e-01 3.94e-04
8.89782e-01 3.94e-04
8.90357e-01 3.93e-04
8.90891e-01 3.93e-04
8.91465e-01 3.92e-04
8.91998e-01 3.91e-04
8.92572e-01 3.91e-04
8.93104e-01 3.90e-04
8.93677e-01 3.90e-04
8.94209e-01 3.89e-04
8.94781e-01 3.88e-04
8.95312e-01 3.88e-04
8.95843e-01 3.87e-04
8.96415e-01 3.87e-04
8.96945e-01 3.86e-04
8.97516e-01 3.86e-04
8.98045e-01 3.85e-04
8.98615e-01 3.84e-04
8.99145e-01 3.84e-04
8.99673e-01 3.83e-04
9.00243e-01 3.83e-04
9.00771e-01 3.82e-04
9.01340e-01 3.82e-04
9.01867e-01 3.81e-04
9.02395e-01 3.81e-04
9.02962e-01 3.80e-04
9.03489e-01 3.79e-04
9.04056e-01 3.79e-04
9.04582e-01 3.78e-04
9.05108e-01 3.78e-04
9.05675e-01 3.77e-04
9.06200e-01 3.77e-04
9.06725e-01 3.76e-04
9.07290e-01 3.76e-04
9.07815e-01 3.75e-04
9.08339e-01 3.74e-04
9.08904e-01 3.74e-04
9.09427e-01 3.73e-04
9.09951e-01 3.73e-04
9.10474e-01 3.72e-04
9.11037e-01 3.72e-04
9.11560e-01 3.71e-04
9.12082e-01 3.71e-04
9.12644e-01 3.70e-04
9.13166e-01 3.70e-04
9.13687e-01 3.69e-04
9.14209e-01 3.68e-04
9.14770e-01 3.68e-04
9.15290e-01 3.67e-04
9.15811e-01 3.67e-04
9.16331e-01 3.66e-04
9.16851e-01 3.66e-04
9.17410e-01 3.65e-04
9.17929e-01 3.65e-04
9.18448e-01 3.64e-04
9.18967e-01 3.64e-04
9.19486e-01 3.63e-04
9.20044e-01 3.63e-04
9.20562e-01 3.62e-04
9.21079e-01 3.62e-04
9.21597e-01 3.61e-04
9.22114e-01 3.61e-04
9.22631e-01 3.60e-04
9.23187e-01 3.60e-04
9.23703e-01 3.59e-04
9.24219e-01 3.59e-04
9.24735e-01 3.58e-04
9.25250e-01 3.57e-04
9.25766e-01 3.57e-04
9.26281e-01 3.56e-04
9.26835e-01 3.56e-04
9.27349e-01 3.55e-04
9.27864e-01 3.55e-04
9.28377e-01 3.54e-04
9.28891e-01 3.54e-04
9.29404e-01 3.53e-04
9.29917e-01 3.53e-04
9.30430e-01 3.52e-04
9.30943e-01 3.52e-04
9.31455e-01 3.51e-04
9.31967e-01 3.51e-04
9.32479e-01 3.50e-04
9.32991e-01 3.50e-04
9.33541e-01 3.49e-04
9.34052e-01 3.49e-04
9.34563e-01 3.48e-04
9.35073e-01 3.48e-04
9.35583e-01 3.47e-04
9.36093e-01 3.47e-04
9.36603e-01 3.47e-04
9.37112e-01 3.46e-04
9.37622e-01 3.46e-04
9.38130e-01 3.45e-04
9.38639e-01 3.45e-04
9.39148e-01 3.44e-04
9.39656e-01 3.44e-04
9.40163e-01 3.43e-04
9.40671e-01 3.43e-04
9.41139e-01 3.42e-04
9.41647e-01 3.42e-04
9.42153e-01 3.41e-04
9.42660e-01 3.41e-04
9.43166e-01 3.40e-04
9.43672e-01 3.40e-04
9.44178e-01 3.40e-04
9.44684e-01 3.39e-04
9.45189e-01 3.39e-04
9.45694e-01 3.38e-04
9.46199e-01 3.38e-04
9.46704e-01 3.37e-04
9.47208e-01 3.37e-04
9.47712e-01 3.36e-04
9.48177e-01 3.36e-04
9.48680e-01 3.35e-04
9.49184e-01 3.35e-04
9.49687e-01 3.34e-04
9.50190e-01 3.34e-04
9.50692e-01 3.34e-04
9.51194e-01 3.33e-04
9.51696e-01 3.33e-04
9.52160e-01 3.32e-04
9.52661e-01 3.32e-04
9.53163e-01 3.31e-04
9.53664e-01 3.31e-04
9.54164e-01 3.30e-04
9.54665e-01 3.30e-04
9.55127e-01 3.30e-04
9.55627e-01 3.29e-04
9.56127e-01 3.29e-04
9.56626e-01 3.28e-04
9.57126e-01 3.28e-04
9.57586e-01 3.27e-04
9.58085e-01 3.27e-04
9.58584e-01 3.27e-04
9.59082e-01 3.26e-04
9.59580e-01 3.26e-04
9.60040e-01 3.25e-04
9.60537e-01 3.25e-04
9.61035e-01 3.24e-04
9.61532e-01 3.24e-04
9.61990e-01 3.24e-04
9.62487e-01 3.23e-04
9.62983e-01 3.23e-04
9.63212e-01 3.23e-04
9.63480e-01 3.24e-04
9.63937e-01 3.24e-04
9.64433e-01 3.23e-04
9.64929e-01 3.23e-04
9.65386e-01 3.22e-04
9.65881e-01 3.22e-04
9.66375e-01 3.22e-04
9.66870e-01 3.21e-04
9.67326e-01 3.21e-04
9.67820e-01 3.20e-04
9.68314e-01 3.20e-04
9.68769e-01 3.20e-04
9.69263e-01 3.19e-04
9.69756e-01 3.19e-04
9.70211e-01 3.18e-04
9.70703e-01 3.18e-04
9.71195e-01 3.18e-04
9.71650e-01 3.17e-04
9.72142e-01 3.17e-04
9.72633e-01 3.16e-04
9.73087e-01 3.16e-04
9.73578e-01 3.16e-04
9.74069e-01 3.15e-04
9.74522e-01 3.15e-04
9.75012e-01 3.14e-04
9.75503e-01 3.14e-04
9.75955e-01 3.14e-04
9.76445e-01 3.13e-04
9.76897e-01 3.13e-04
9.77386e-01 3.12e-04
9.77875e-01 3.12e-04
9.78326e-01 3.12e-04
9.78815e-01 3.11e-04
9.79266e-01 3.11e-04
9.79754e-01 3.10e-04
9.80242e-01 3.10e-04
9.80692e-01 3.10e-04
9.81179e-01 3.09e-04
9.81629e-01 3.09e-04
9.82116e-01 3.08e-04
9.82565e-01 3.08e-04
9.83052e-01 3.08e-04
9.83501e-01 3.07e-04
9.83987e-01 3.07e-04
9.84473e-01 3.07e-04
9.84921e-01 3.06e-04
9.85406e-01 3.06e-04
9.85854e-01 3.05e-04
9.86339e-01 3.05e-04
9.86786e-01 3.05e-04
9.87271e-01 3.04e-04
9.87718e-01 3.04e-04
9.88202e-01 3.04e-04
9.88649e-01 3.03e-04
9.89132e-01 3.03e-04
9.89578e-01 3.02e-04
9.90062e-01 3.02e-04
9.90507e-01 3.02e-04
9.90990e-01 3.01e-04
9.91435e-01 3.01e-04
9.91918e-01 3.01e-04
9.92362e-01 3.00e-04
9.92844e-01 3.00e-04
9.93289e-01 2.99e-04
9.93733e-01 2.99e-04
9.94214e-01 2.99e-04
9.94658e-01 2.98e-04
9.95139e-01 2.98e-04
9.95582e-01 2.98e-04
9.96063e-01 2.97e-04
9.96506e-01 2.97e-04
9.96986e-01 2.97e-04
9.97428e-01 2.96e-04
9.97871e-01 2.96e-04
9.98350e-01 2.96e-04
9.98792e-01 2.95e-04
9.99271e-01 2.95e-04
9.99712e-01 2.94e-04
1.00015e+00 2.94e-04
1.00063e+00 2.94e-04
1.00107e+00 2.93e-04
1.00155e+00 2.93e-04
1.00199e+00 2.93e-04
1.00243e+00 2.92e-04
1.00291e+00 2.92e-04
1.00335e+00 2.92e-04
1.00379e+00 2.91e-04
1.00426e+00 2.91e-04
1.00470e+00 2.91e-04
1.00518e+00 2.90e-04
1.00562e+00 2.90e-04
1.00606e+00 2.90e-04
1.00653e+00 2.89e-04
1.00697e+00 2.89e-04
1.00741e+00 2.88e-04
1.00788e+00 2.88e-04
1.00832e+00 2.88e-04
1.00876e+00 2.87e-04
1.00923e+00 2.87e-04
1.00967e+00 2.87e-04
1.01011e+00 2.86e-04
1.01058e+00 2.86e-04
1.01102e+00 2.86e-04
1.01146e+00 2.85e-04
1.01189e+00 2.85e-04
1.01236e+00 2.85e-04
1.01280e+00 2.84e-04
1.01324e+00 2.84e-04
1.01371e+00 2.84e-04
1.01414e+00 2.83e-04
1.01458e+00 2.83e-04
1.01501e+00 2.83e-04
1.01548e+00 2.82e-04
1.01592e+00 2.82e-04
1.01635e+00 2.82e-04
1.01679e+00 2.81e-04
1.01726e+00 2.81e-04
1.01769e+00 2.81e-04
1.01813e+00 2.81e-04
1.01856e+00 2.80e-04
1.01903e+00 2.80e-04
1.01946e+00 2.80e-04
1.01989e+00 2.79e-04
1.02033e+00 2.79e-04
1.02079e+00 2.79e-04
1.02123e+00 2.78e-04
1.02166e+00 2.78e-04
1.02209e+00 2.78e-04
1.02252e+00 2.77e-04
1.02299e+00 2.77e-04
1.02342e+00 2.77e-04
1.02385e+00 2.76e-04
1.02428e+00 2.76e-04
1.02471e+00 2.76e-04
1.02518e+00 2.75e-04
1.02561e+00 2.75e-04
1.02604e+00 2.75e-04
1.02647e+00 2.74e-04
1.02690e+00 2.74e-04
1.02737e+00 2.74e-04
1.02780e+00 2.74e-04
1.02823e+00 2.73e-04
1.02865e+00 2.73e-04
1.02908e+00 2.73e-04
1.02951e+00 2.72e-04
1.02998e+00 2.72e-04
1.03040e+00 2.72e-04
1.03083e+00 2.71e-04
1.03126e+00 2.71e-04
1.03169e+00 2.71e-04
1.03212e+00 2.70e-04
1.03254e+00 2.70e-04
1.03297e+00 2.70e-04
1.03343e+00 2.70e-04
1.03386e+00 2.69e-04
1.03429e+00 2.69e-04
1.03471e+00 2.69e-04
1.03514e+00 2.68e-04
1.03557e+00 2.68e-04
1.03599e+00 2.68e-04
1.03642e+00 2.67e-04
1.03684e+00 2.67e-04
1.03730e+00 2.67e-04
1.03773e+00 2.67e-04
1.03815e+00 2.66e-04
1.03858e+00 2.66e-04
1.03900e+00 2.66e-04
1.03943e+00 2.65e-04
1.03985e+00 2.65e-04
1.04028e+00 2.65e-04
1.04070e+00 2.64e-04
1.04112e+00 2.64e-04
1.04155e+00 2.64e-04
1.04197e+00 2.64e-04
1.04239e+00 2.63e-04
1.04282e+00 2.63e-04
1.04324e+00 2.63e-04
1.04370e+00 2.62e-04
1.04412e+00 2.62e-04
1.04454e+00 2.62e-04
1.04497e+00 2.62e-04
1.04539e+00 2.61e-04
1.04581e+00 2.61e-04
1.04623e+00 2.61e-04
1.04665e+00 2.60e-04
1.04707e+00 2.60e-04
1.04749e+00 2.60e-04
1.04792e+00 2.60e-04
1.04834e+00 2.59e-04
1.04876e+00 2.59e-04
1.04918e+00 2.59e-04
1.04960e+00 2.58e-04
1.05002e+00 2.58e-04
1.05044e+00 2.58e-04
1.05086e+00 2.58e-04
1.05128e+00 2.57e-04
1.05170e+00 2.57e-04
1.05211e+00 2.57e-04
1.05253e+00 2.57e-04
1.05295e+00 2.56e-04
1.05337e+00 2.56e-04
1.05379e+00 2.56e-04
1.05421e+00 2.55e-04
1.05463e+00 2.55e-04
1.05504e+00 2.55e-04
1.05543e+00 2.55e-04
1.05584e+00 2.54e-04
1.05626e+00 2.54e-04
1.05668e+00 2.54e-04
1.05710e+00 2.53e-04
1.05751e+00 2.53e-04
1.05793e+00 2.53e-04
1.05835e+00 2.53e-04
1.05876e+00 2.52e-04
1.05918e+00 2.52e-04
1.05959e+00 2.52e-04
1.06001e+00 2.52e-04
1.06043e+00 2.51e-04
1.06084e+00 2.51e-04
1.06126e+00 2.51e-04
1.06164e+00 2.51e-04
1.06205e+00 2.50e-04
1.06247e+00 2.50e-04
1.06288e+00 2.50e-04
1.06330e+00 2.49e-04
1.06371e+00 2.49e-04
1.06412e+00 2.49e-04
1.06454e+00 2.49e-04
1.06495e+00 2.48e-04
1.06537e+00 2.48e-04
1.06574e+00 2.48e-04
1.06616e+00 2.48e-04
1.06657e+00 2.47e-04
1.06698e+00 2.47e-04
1.06740e+00 2.47e-04
1.06781e+00 2.47e-04
1.06822e+00 2.46e-04
1.06860e+00 2.46e-04
1.06901e+00 2.46e-04
1.06942e+00 2.46e-04
1.06984e+00 2.45e-04
1.07025e+00 2.45e-04
1.07066e+00 2.45e-04
1.07107e+00 2.45e-04
1.07145e+00 2.44e-04
1.07186e+00 2.44e-04
1.07227e+00 2.44e-04
1.07268e+00 2.44e-04
1.07309e+00 2.43e-04
1.07350e+00 2.43e-04
1.07388e+00 2.43e-04
1.07429e+00 2.43e-04
1.07470e+00 2.42e-04
1.07510e+00 2.42e-04
1.07551e+00 2.42e-04
1.07592e+00 2.42e-04
1.07630e+00 2.41e-04
1.07671e+00 2.41e-04
1.07712e+00 2.41e-04
1.07752e+00 2.41e-04
1.07793e+00 2.40e-04
1.07831e+00 2.40e-04
1.07872e+00 2.40e-04
1.07912e+00 2.40e-04
1.07953e+00 2.39e-04
1.07991e+00 2.39e-04
1.08031e+00 2.39e-04
1.08072e+00 2.39e-04
1.08113e+00 2.38e-04
1.08153e+00 2.38e-04
1.08191e+00 2.38e-04
1.10138e+00 2.27e-04
1.11573e+00 2.19e-04
1.12496e+00 2.14e-04
1.13478e+00 2.09e-04
1.14483e+00 2.04e-04
1.15833e+00 1.98e-04
1.16944e+00 1.93e-04
1.18216e+00 1.88e-04
1.19532e+00 1.83e-04
1.19903e+00 1.82e-04
1.19918e+00 1.82e-04
1.21568e+00 1.76e-04
1.22926e+00 1.73e-04
1.24101e+00 1.70e-04
1.25482e+00 1.67e-04
1.26559e+00 1.65e-04
1.27595e+00 1.63e-04
1.28313e+00 1.63e-04
1.29146e+00 1.62e-04
1.30033e+00 1.62e-04
1.30614e+00 1.62e-04
1.31297e+00 1.62e-04
1.31767e+00 1.62e-04
1.32296e+00 1.63e-04
1.32819e+00 1.64e-04
1.33139e+00 1.65e-04
1.33603e+00 1.66e-04
1.33920e+00 1.67e-04
1.34352e+00 1.68e-04
1.34693e+00 1.69e-04
1.35007e+00 1.71e-04
1.35178e+00 1.71e-04
1.35406e+00 1.72e-04
1.35604e+00 1.73e-04
1.35774e+00 1.74e-04
1.35915e+00 1.75e-04
1.36028e+00 1.76e-04
1.36113e+00 1.76e-04
1.36141e+00 1.76e-04
1.36172e+00 1.77e-04
1.36200e+00 1.77e-04
1.36228e+00 1.77e-04
1.36257e+00 1.77e-04
1.36285e+00 1.77e-04
1.36313e+00 1.78e-04
1.36341e+00 1.78e-04
1.36369e+00 1.78e-04
1.36397e+00 1.78e-04
1.36425e+00 1.78e-04
1.36453e+00 1.78e-04
1.36482e+00 1.79e-04
1.36510e+00 1.79e-04
1.36538e+00 1.79e-04
1.36566e+00 1.79e-04
1.36594e+00 1.79e-04
1.36622e+00 1.80e-04
1.36650e+00 1.80e-04
1.36678e+00 1.80e-04
1.36706e+00 1.80e-04
1.36734e+00 1.80e-04
1.36762e+00 1.81e-04
1.36790e+00 1.81e-04
1.36818e+00 1.81e-04
1.36846e+00 1.81e-04
1.36874e+00 1.82e-04
1.36902e+00 1.82e-04
1.36930e+00 1.82e-04
1.36958e+00 1.82e-04
1.36986e+00 1.82e-04
1.37014e+00 1.83e-04
1.37042e+00 1.83e-04
1.37070e+00 1.83e-04
1.37098e+00 1.83e-04
1.37126e+00 1.84e-04
1.37154e+00 1.84e-04
1.37182e+00 1.84e-04
1.37209e+00 1.84e-04
1.37237e+00 1.84e-04
1.37265e+00 1.85e-04
1.37293e+00 1.85e-04
1.37321e+00 1.85e-04
1.37349e+00 1.85e-04
1.37377e+00 1.86e-04
1.37404e+00 1.86e-04
1.37435e+00 1.86e-04
1.37463e+00 1.86e-04
1.37490e+00 1.87e-04
1.37518e+00 1.87e-04
1.37546e+00 1.87e-04
1.37574e+00 1.87e-04
1.37602e+00 1.88e-04
1.37629e+00 1.88e-04
1.37657e+00 1.88e-04
1.37685e+00 1.89e-04
1.37713e+00 1.89e-04
1.37740e+00 1.89e-04
1.37768e+00 1.89e-04
1.37796e+00 1.90e-04
1.37824e+00 1.90e-04
1.37851e+00 1.90e-04
1.37879e+00 1.90e-04
1.37907e+00 1.91e-04
1.37935e+00 1.91e-04
1.37962e+00 1.91e-04
1.37990e+00 1.92e-04
1.38018e+00 1.92e-04
1.38045e+00 1.92e-04
1.38073e+00 1.93e-04
1.38103e+00 1.93e-04
1.38131e+00 1.93e-04
1.38158e+00 1.93e-04
1.38186e+00 1.94e-04
1.38214e+00 1.94e-04
1.38241e+00 1.94e-04
1.38269e+00 1.95e-04
1.38296e+00 1.95e-04
1.38324e+00 1.95e-04
1.38352e+00 1.96e-04
1.38379e+00 1.96e-04
1.38407e+00 1.96e-04
1.38434e+00 1.97e-04
1.38462e+00 1.97e-04
1.38489e+00 1.97e-04
1.38517e+00 1.98e-04
1.38544e+00 1.98e-04
1.38572e+00 1.98e-04
1.38602e+00 1.99e-04
1.38629e+00 1.99e-04
1.38657e+00 1.99e-04
1.38684e+00 2.00e-04
1.38712e+00 2.00e-04
1.38739e+00 2.01e-04
1.38767e+00 2.01e-04
1.38794e+00 2.01e-04
1.38822e+00 2.02e-04
1.38849e+00 2.02e-04
1.38877e+00 2.02e-04
1.38904e+00 2.03e-04
1.38931e+00 2.03e-04
1.38959e+00 2.04e-04
1.38986e+00 2.04e-04
1.39016e+00 2.04e-04
1.39044e+00 2.05e-04
1.39071e+00 2.05e-04
1.39098e+00 2.05e-04
1.39126e+00 2.06e-04
1.39153e+00 2.06e-04
1.39180e+00 2.07e-04
1.39208e+00 2.07e-04
1.39235e+00 2.08e-04
1.39262e+00 2.08e-04
1.39290e+00 2.08e-04
1.39317e+00 2.09e-04
1.39344e+00 2.09e-04
1.39374e+00 2.10e-04
1.39401e+00 2.10e-04
1.39429e+00 2.11e-04
1.39456e+00 2.11e-04
1.39483e+00 2.11e-04
1.39511e+00 2.12e-04
1.39538e+00 2.12e-04
1.39565e+00 2.13e-04
1.39592e+00 2.13e-04
1.39620e+00 2.14e-04
1.39647e+00 2.14e-04
1.39674e+00 2.15e-04
1.39704e+00 2.15e-04
1.39731e+00 2.16e-04
1.39758e+00 2.16e-04
1.39785e+00 2.17e-04
1.39812e+00 2.17e-04
1.39840e+00 2.18e-04
1.39867e+00 2.18e-04
1.39894e+00 2.19e-04
1.39921e+00 2.19e-04
1.39948e+00 2.20e-04
1.39975e+00 2.20e-04
1.40005e+00 2.21e-04
1.40032e+00 2.21e-04
1.40059e+00 2.22e-04
1.40086e+00 2.22e-04
1.40113e+00 2.23e-04
1.40140e+00 2.23e-04
1.40168e+00 2.24e-04
1.40195e+00 2.25e-04
1.40222e+00 2.25e-04
1.40251e+00 2.26e-04
1.40278e+00 2.26e-04
1.40305e+00 2.27e-04
1.40332e+00 2.27e-04
1.40359e+00 2.28e-04
1.40386e+00 2.29e-04
1.40413e+00 2.29e-04
1.40440e+00 2.30e-04
1.40467e+00 2.30e-04
1.40497e+00 2.31e-04
1.40524e+00 2.32e-04
1.40551e+00 2.32e-04
1.40578e+00 2.33e-04
1.40605e+00 2.33e-04
1.40632e+00 2.34e-04
1.40659e+00 2.35e-04
1.40686e+00 2.35e-04
1.40713e+00 2.36e-04
1.40742e+00 2.37e-04
1.40769e+00 2.37e-04
1.40796e+00 2.38e-04
1.40823e+00 2.39e-04
1.40850e+00 2.39e-04
1.40876e+00 2.40e-04
1.40903e+00 2.41e-04
1.40930e+00 2.42e-04
1.40960e+00 2.42e-04
1.40986e+00 2.43e-04
1.41013e+00 2.44e-04
1.41040e+00 2.44e-04
1.41067e+00 2.45e-04
1.41094e+00 2.46e-04
1.41121e+00 2.47e-04
1.41150e+00 2.47e-04
1.41177e+00 2.48e-04
1.41204e+00 2.49e-04
1.41230e+00 2.50e-04
1.41257e+00 2.50e-04
1.41284e+00 2.51e-04
1.41311e+00 2.52e-04
1.41340e+00 2.53e-04
1.41367e+00 2.54e-04
1.41393e+00 2.54e-04
1.41420e+00 2.55e-04
1.41447e+00 2.56e-04
1.41474e+00 2.57e-04
1.41500e+00 2.58e-04
1.41529e+00 2.59e-04
1.41556e+00 2.59e-04
1.41583e+00 2.60e-04
1.41610e+00 2.61e-04
1.41636e+00 2.62e-04
1.41663e+00 2.63e-04
1.41690e+00 2.64e-04
1.41719e+00 2.65e-04
1.41745e+00 2.66e-04
1.41772e+00 2.67e-04
1.41799e+00 2.67e-04
1.41825e+00 2.68e-04
1.41852e+00 2.69e-04
1.41881e+00 2.70e-04
1.41908e+00 2.71e-04
1.41934e+00 2.72e-04
1.41961e+00 2.73e-04
1.41987e+00 2.74e-04
1.42014e+00 2.75e-04
1.42043e+00 2.76e-04
1.42070e+00 2.77e-04
1.42096e+00 2.78e-04
1.42123e+00 2.79e-04
1.42149e+00 2.80e-04
1.42176e+00 2.81e-04
1.42205e+00 2.82e-04
1.42231e+00 2.84e-04
1.42258e+00 2.85e-04
1.42284e+00 2.86e-04
1.42311e+00 2.87e-04
1.42337e+00 2.88e-04
1.42366e+00 2.89e-04
1.42393e+00 2.90e-04
1.42419e+00 2.91e-04
1.42446e+00 2.93e-04
1.42472e+00 2.94e-04
1.42501e+00 2.95e-04
1.42527e+00 2.96e-04
1.42554e+00 2.97e-04
1.42580e+00 2.99e-04
1.42607e+00 3.00e-04
1.42636e+00 3.01e-04
1.42662e+00 3.02e-04
1.42688e+00 3.04e-04
1.42715e+00 3.05e-04
1.42741e+00 3.06e-04
1.42768e+00 3.08e-04
1.42796e+00 3.09e-04
1.42823e+00 3.10e-04
1.42849e+00 3.12e-04
1.42876e+00 3.13e-04
1.42902e+00 3.14e-04
1.42931e+00 3.16e-04
1.42957e+00 3.17e-04
1.42983e+00 3.19e-04
1.43010e+00 3.20e-04
1.43038e+00 3.21e-04
1.43065e+00 3.23e-04
1.43091e+00 3.24e-04
1.43117e+00 3.26e-04
1.43144e+00 3.27e-04
1.43172e+00 3.29e-04
1.43198e+00 3.31e-04
1.43225e+00 3.32e-04
1.43251e+00 3.34e-04
1.43277e+00 3.35e-04
1.43306e+00 3.37e-04
1.43332e+00 3.39e-04
1.43358e+00 3.40e-04
1.43385e+00 3.42e-04
1.43413e+00 3.44e-04
1.43439e+00 3.45e-04
1.43466e+00 3.47e-04
1.43492e+00 3.49e-04
1.43518e+00 3.51e-04
1.43547e+00 3.52e-04
1.43573e+00 3.54e-04
1.43599e+00 3.56e-04
1.43625e+00 3.58e-04
1.43654e+00 3.60e-04
1.43680e+00 3.62e-04
1.43706e+00 3.63e-04
1.43732e+00 3.65e-04
1.43761e+00 3.67e-04
1.43787e+00 3.69e-04
1.43813e+00 3.71e-04
1.43839e+00 3.73e-04
1.43867e+00 3.75e-04
1.43893e+00 3.78e-04
1.43920e+00 3.80e-04
1.43946e+00 3.82e-04
1.43974e+00 3.84e-04
1.44000e+00 3.86e-04
1.44026e+00 3.88e-04
1.44052e+00 3.91e-04
1.44081e+00 3.93e-04
1.44107e+00 3.95e-04
1.44133e+00 3.97e-04
1.44159e+00 4.00e-04
1.44187e+00 4.02e-04
1.44213e+00 4.04e-04
1.44239e+00 4.07e-04
1.44265e+00 4.09e-04
1.44293e+00 4.12e-04
1.44319e+00 4.14e-04
1.44345e+00 4.17e-04
1.44371e+00 4.19e-04
1.44400e+00 4.22e-04
1.44426e+00 4.25e-04
1.44452e+00 4.27e-04
1.44478e+00 4.30e-04
1.44506e+00 4.33e-04
1.44532e+00 4.36e-04
1.44558e+00 4.38e-04
1.44586e+00 4.41e-04
1.44612e+00 4.44e-04
1.44638e+00 4.47e-04
1.44664e+00 4.50e-04
1.44692e+00 4.53e-04
1.44718e+00 4.56e-04
1.44744e+00 4.59e-04
1.44772e+00 4.62e-04
1.44798e+00 4.65e-04
1.44824e+00 4.68e-04
1.44849e+00 4.72e-04
1.44878e+00 4.75e-04
1.44903e+00 4.78e-04
1.44929e+00 4.82e-04
1.44957e+00 4.85e-04
1.44983e+00 4.89e-04
1.45009e+00 4.92e-04
1.45037e+00 4.96e-04
1.45063e+00 5.00e-04
1.45089e+00 5.03e-04
1.45115e+00 5.07e-04
1.45143e+00 5.11e-04
1.45168e+00 5.15e-04
1.45194e+00 5.19e-04
1.45222e+00 5.23e-04
1.45248e+00 5.27e-04
1.45274e+00 5.31e-04
1.45302e+00 5.36e-04
1.45328e+00 5.40e-04
1.45353e+00 5.44e-04
1.45381e+00 5.49e-04
1.45407e+00 5.53e-04
1.45433e+00 5.58e-04
1.45458e+00 5.62e-04
1.45486e+00 5.67e-04
1.45512e+00 5.72e-04
1.45538e+00 5.77e-04
1.45566e+00 5.81e-04
1.45591e+00 5.86e-04
1.45617e+00 5.91e-04
1.45645e+00 5.96e-04
1.45671e+00 6.01e-04
1.45696e+00 6.06e-04
1.45724e+00 6.11e-04
1.45750e+00 6.16e-04
1.45775e+00 6.22e-04
1.45803e+00 6.27e-04
1.45829e+00 6.32e-04
1.45855e+00 6.38e-04
1.45882e+00 6.43e-04
1.45908e+00 6.49e-04
1.45936e+00 6.54e-04
1.45961e+00 6.60e-04
1.45987e+00 6.66e-04
1.46015e+00 6.72e-04
1.46040e+00 6.78e-04
1.46066e+00 6.84e-04
1.46094e+00 6.91e-04
1.46119e+00 6.97e-04
1.46145e+00 7.04e-04
1.46173e+00 7.11e-04
1.46198e+00 7.18e-04
1.46224e+00 7.25e-04
1.46251e+00 7.32e-04
1.46277e+00 7.39e-04
1.46305e+00 7.47e-04
1.46330e+00 7.54e-04
1.46356e+00 7.62e-04
1.46383e+00 7.70e-04
1.46409e+00 7.78e-04
1.46434e+00 7.86e-04
1.46462e+00 7.94e-04
1.46487e+00 8.03e-04
1.46515e+00 8.12e-04
1.46541e+00 8.20e-04
1.46566e+00 8.29e-04
1.46594e+00 8.39e-04
1.46619e+00 8.48e-04
1.46644e+00 8.58e-04
1.46672e+00 8.67e-04
1.46698e+00 8.77e-04
1.46725e+00 8.88e-04
1.46751e+00 8.98e-04
1.46776e+00 9.09e-04
1.46804e+00 9.20e-04
1.46829e+00 9.31e-04
1.46857e+00 9.42e-04
1.46882e+00 9.54e-04
1.46907e+00 9.66e-04
1.46935e+00 9.78e-04
1.46960e+00 9.90e-04
1.46988e+00 1.00e-03
1.47013e+00 1.02e-03
1.47038e+00 1.03e-03
1.47066e+00 1.04e-03
1.47091e+00 1.06e-03
1.47119e+00 1.07e-03
1.47144e+00 1.09e-03
1.47171e+00 1.10e-03
1.47197e+00 1.12e-03
1.47222e+00 1.13e-03
1.47249e+00 1.15e-03
1.47275e+00 1.17e-03
1.47302e+00 1.18e-03
1.47327e+00 1.20e-03
1.47353e+00 1.22e-03
1.47380e+00 1.24e-03
1.47405e+00 1.26e-03
1.47433e+00 1.28e-03
1.47458e+00 1.30e-03
1.47485e+00 1.32e-03
1.47511e+00 1.34e-03
1.47538e+00 1.36e-03
1.47563e+00 1.39e-03
1.47588e+00 1.41e-03
1.47616e+00 1.43e-03
1.47641e+00 1.46e-03
1.47668e+00 1.49e-03
1.47693e+00 1.51e-03
1.47721e+00 1.54e-03
1.47746e+00 1.57e-03
1.47773e+00 1.60e-03
1.47798e+00 1.63e-03
1.47824e+00 1.66e-03
1.47851e+00 1.69e-03
1.47876e+00 1.73e-03
1.47903e+00 1.76e-03
1.47928e+00 1.80e-03
1.47956e+00 1.83e-03
1.47981e+00 1.87e-03
1.48008e+00 1.91e-03
1.48033e+00 1.95e-03
1.48060e+00 2.00e-03
1.48085e+00 2.04e-03
1.48113e+00 2.09e-03
1.48138e+00 2.13e-03
1.48165e+00 2.19e-03
1.48190e+00 2.24e-03
1.48217e+00 2.29e-03
1.48242e+00 2.35e-03
1.48269e+00 2.41e-03
1.48294e+00 2.46e-03
1.48322e+00 2.52e-03
1.48347e+00 2.58e-03
1.48372e+00 2.64e-03
1.48399e+00 2.70e-03
1.48424e+00 2.76e-03
1.48451e+00 2.82e-03
1.48476e+00 2.89e-03
1.48503e+00 2.95e-03
1.48528e+00 3.01e-03
1.48555e+00 3.08e-03
1.48582e+00 3.14e-03
1.48594e+00 3.17e-03
1.48621e+00 3.23e-03
1.48646e+00 3.28e-03
1.48673e+00 3.33e-03
1.48698e+00 3.37e-03
1.48725e+00 3.41e-03
1.48750e+00 3.45e-03
1.48777e+00 3.48e-03
1.48802e+00 3.51e-03
1.48829e+00 3.54e-03
1.48854e+00 3.57e-03
1.48881e+00 3.59e-03
1.48908e+00 3.61e-03
1.48932e+00 3.64e-03
1.48960e+00 3.66e-03
1.48984e+00 3.68e-03
1.49011e+00 3.71e-03
1.49036e+00 3.73e-03
1.49063e+00 3.76e-03
1.49088e+00 3.80e-03
1.49115e+00 3.83e-03
1.49140e+00 3.88e-03
1.49167e+00 3.92e-03
1.49191e+00 3.98e-03
1.49218e+00 4.03e-03
1.49245e+00 4.10e-03
1.49270e+00 4.17e-03
1.49297e+00 4.25e-03
1.49322e+00 4.33e-03
1.49349e+00 4.42e-03
1.49374e+00 4.52e-03
1.49400e+00 4.63e-03
1.49425e+00 4.74e-03
1.49452e+00 4.86e-03
1.49466e+00 4.93e-03
1.49479e+00 5.00e-03
1.49490e+00 5.07e-03
1.49504e+00 5.14e-03
1.49517e+00 5.22e-03
1.49531e+00 5.29e-03
1.49544e+00 5.38e-03
1.49555e+00 5.46e-03
1.49569e+00 5.55e-03
1.49582e+00 5.64e-03
1.49596e+00 5.74e-03
1.49607e+00 5.84e-03
1.49620e+00 5.95e-03
1.49634e+00 6.06e-03
1.49647e+00 6.17e-03
1.49661e+00 6.29e-03
1.49672e+00 6.42e-03
1.49685e+00 6.55e-03
1.49699e+00 6.69e-03
1.49712e+00 6.84e-03
1.49725e+00 6.99e-03
1.49737e+00 7.15e-03
1.49750e+00 7.32e-03
1.49763e+00 7.49e-03
1.49777e+00 7.68e-03
1.49790e+00 7.88e-03
1.49801e+00 8.09e-03
1.49815e+00 8.30e-03
1.49828e+00 8.54e-03
1.49842e+00 8.78e-03
1.49855e+00 9.04e-03
1.49866e+00 9.31e-03
1.49880e+00 9.60e-03
1.49893e+00 9.91e-03
1.49906e+00 1.02e-02
1.49920e+00 1.06e-02
1.49931e+00 1.09e-02
1.49944e+00 1.13e-02
1.49958e+00 1.17e-02
1.49971e+00 1.22e-02
1.49985e+00 1.26e-02
1.49996e+00 1.31e-02
1.50009e+00 1.36e-02
1.50023e+00 1.42e-02
1.50036e+00 1.47e-02
1.50049e+00 1.53e-02
1.50060e+00 1.59e-02
1.50074e+00 1.65e-02
1.50087e+00 1.72e-02
1.50101e+00 1.79e-02
1.50114e+00 1.85e-02
1.50125e+00 1.92e-02
1.50152e+00 2.06e-02
1.50179e+00 2.21e-02
1.50203e+00 2.35e-02
1.50230e+00 2.50e-02
1.50257e+00 2.66e-02
1.50268e+00 2.73e-02
1.50281e+00 2.82e-02
1.50294e+00 2.91e-02
1.50308e+00 3.00e-02
1.50321e+00 3.10e-02
1.50332e+00 3.20e-02
1.50345e+00 3.31e-02
1.50359e+00 3.43e-02
1.50372e+00 3.57e-02
1.50386e+00 3.73e-02
1.50399e+00 3.91e-02
1.50410e+00 4.13e-02
1.50423e+00 4.40e-02
1.50437e+00 4.71e-02
1.50450e+00 5.07e-02
1.50463e+00 5.47e-02
1.50474e+00 5.92e-02
1.50488e+00 6.36e-02
1.50501e+00 6.77e-02
1.50514e+00 7.07e-02
1.50528e+00 7.21e-02
1.50541e+00 7.15e-02
1.50552e+00 6.90e-02
1.50565e+00 6.48e-02
1.50579e+00 5.98e-02
1.50592e+00 5.43e-02
1.50605e+00 4.90e-02
1.50619e+00 4.41e-02
1.50630e+00 3.98e-02
1.50643e+00 3.60e-02
1.50656e+00 3.27e-02
1.50670e+00 3.00e-02
1.50683e+00 2.76e-02
1.50694e+00 2.56e-02
1.50707e+00 2.38e-02
1.50721e+00 2.23e-02
1.50734e+00 2.10e-02
1.50747e+00 1.99e-02
1.50760e+00 1.89e-02
1.50772e+00 1.80e-02
1.50785e+00 1.72e-02
1.50798e+00 1.64e-02
1.50811e+00 1.58e-02
1.50825e+00 1.52e-02
1.50838e+00 1.47e-02
1.50849e+00 1.42e-02
1.50862e+00 1.37e-02
1.50876e+00 1.32e-02
1.50889e+00 1.28e-02
1.50902e+00 1.25e-02
1.50915e+00 1.21e-02
1.50929e+00 1.18e-02
1.50940e+00 1.14e-02
1.50953e+00 1.12e-02
1.50966e+00 1.09e-02
1.50979e+00 1.06e-02
1.50993e+00 1.04e-02
1.51006e+00 1.01e-02
1.51017e+00 9.91e-03
1.51030e+00 9.71e-03
1.51043e+00 9.51e-03
1.51057e+00 9.32e-03
1.51070e+00 9.15e-03
1.51083e+00 8.98e-03
1.51094e+00 8.82e-03
1.51108e+00 8.67e-03
1.51121e+00 8.52e-03
1.51134e+00 8.38e-03
1.51147e+00 8.25e-03
1.51160e+00 8.12e-03
1.51174e+00 8.00e-03
1.51185e+00 7.88e-03
1.51198e+00 7.77e-03
1.51224e+00 7.55e-03
1.51251e+00 7.35e-03
1.51275e+00 7.16e-03
1.51302e+00 6.98e-03
1.51328e+00 6.81e-03
1.51352e+00 6.64e-03
1.51379e+00 6.48e-03
1.51405e+00 6.33e-03
1.51431e+00 6.18e-03
1.51456e+00 6.04e-03
1.51482e+00 5.90e-03
1.51508e+00 5.77e-03
1.51535e+00 5.64e-03
1.51559e+00 5.51e-03
1.51585e+00 5.38e-03
1.51612e+00 5.26e-03
1.51636e+00 5.15e-03
1.51662e+00 5.03e-03
1.51688e+00 4.92e-03
1.51715e+00 4.81e-03
1.51739e+00 4.70e-03
1.51765e+00 4.60e-03
1.51791e+00 4.49e-03
1.51818e+00 4.39e-03
1.51842e+00 4.30e-03
1.51868e+00 4.20e-03
1.51894e+00 4.11e-03
1.51921e+00 4.02e-03
1.51945e+00 3.93e-03
1.51971e+00 3.84e-03
1.51997e+00 3.76e-03
1.52024e+00 3.68e-03
1.52048e+00 3.60e-03
1.52074e+00 3.52e-03
1.52100e+00 3.44e-03
1.52126e+00 3.37e-03
1.52152e+00 3.30e-03
1.52176e+00 3.23e-03
1.52203e+00 3.16e-03
1.52229e+00 3.10e-03
1.52255e+00 3.03e-03
1.52281e+00 2.97e-03
1.52305e+00 2.91e-03
1.52331e+00 2.85e-03
1.52357e+00 2.79e-03
1.52384e+00 2.74e-03
1.52408e+00 2.68e-03
1.52434e+00 2.63e-03
1.52460e+00 2.58e-03
1.52486e+00 2.53e-03
1.52512e+00 2.48e-03
1.52538e+00 2.43e-03
1.52562e+00 2.39e-03
1.52588e+00 2.34e-03
1.52614e+00 2.30e-03
1.52640e+00 2.26e-03
1.52666e+00 2.22e-03
1.52690e+00 2.18e-03
1.52716e+00 2.14e-03
1.52742e+00 2.10e-03
1.52769e+00 2.07e-03
1.52795e+00 2.03e-03
1.52821e+00 2.00e-03
1.52844e+00 1.96e-03
1.52870e+00 1.93e-03
1.52897e+00 1.90e-03
1.52923e+00 1.87e-03
1.52949e+00 1.84e-03
1.52975e+00 1.81e-03
1.52998e+00 1.78e-03
1.53024e+00 1.75e-03
1.53050e+00 1.72e-03
1.53076e+00 1.70e-03
1.53102e+00 1.67e-03
1.53128e+00 1.65e-03
1.53154e+00 1.62e-03
1.53180e+00 1.60e-03
1.53204e+00 1.58e-03
1.53230e+00 1.56e-03
1.53256e+00 1.53e-03
1.53282e+00 1.51e-03
1.53308e+00 1.49e-03
1.53333e+00 1.47e-03
1.53359e+00 1.45e-03
1.53385e+00 1.43e-03
1.53409e+00 1.42e-03
1.53435e+00 1.40e-03
1.53461e+00 1.38e-03
1.53487e+00 1.36e-03
1.53512e+00 1.35e-03
1.53538e+00 1.33e-03
1.53564e+00 1.31e-03
1.53590e+00 1.30e-03
1.53616e+00 1.28e-03
1.53642e+00 1.27e-03
1.53665e+00 1.26e-03
1.53691e+00 1.24e-03
1.53717e+00 1.23e-03
1.53743e+00 1.22e-03
1.53768e+00 1.20e-03
1.53794e+00 1.19e-03
1.53820e+00 1.18e-03
1.53846e+00 1.17e-03
1.53871e+00 1.16e-03
1.53897e+00 1.15e-03
1.53923e+00 1.14e-03
1.53949e+00 1.13e-03
1.53974e+00 1.12e-03
1.54000e+00 1.11e-03
1.54024e+00 1.10e-03
1.54050e+00 1.09e-03
1.54075e+00 1.09e-03
1.54101e+00 1.08e-03
1.54127e+00 1.07e-03
1.54152e+00 1.07e-03
1.54178e+00 1.06e-03
1.54204e+00 1.05e-03
1.54229e+00 1.05e-03
1.54255e+00 1.04e-03
1.54281e+00 1.04e-03
1.54306e+00 1.04e-03
1.54332e+00 1.03e-03
1.54358e+00 1.03e-03
1.54383e+00 1.03e-03
1.54409e+00 1.02e-03
1.54434e+00 1.02e-03
1.54460e+00 1.02e-03
1.54486e+00 1.02e-03
1.54511e+00 1.02e-03
1.54550e+00 1.01e-03
1.54588e+00 1.01e-03
1.54639e+00 1.01e-03
1.54665e+00 1.02e-03
1.54690e+00 1.02e-03
1.54716e+00 1.02e-03
1.54741e+00 1.03e-03
1.54767e+00 1.03e-03
1.54792e+00 1.04e-03
1.54818e+00 1.04e-03
1.54843e+00 1.05e-03
1.54869e+00 1.06e-03
1.54894e+00 1.07e-03
1.54920e+00 1.08e-03
1.54933e+00 1.09e-03
1.54945e+00 1.09e-03
1.54958e+00 1.09e-03
1.54984e+00 1.09e-03
1.55009e+00 1.08e-03
1.55035e+00 1.08e-03
1.55060e+00 1.07e-03
1.55085e+00 1.07e-03
1.55111e+00 1.07e-03
1.55138e+00 1.06e-03
1.55164e+00 1.06e-03
1.55189e+00 1.05e-03
1.55215e+00 1.05e-03
1.55240e+00 1.05e-03
1.55266e+00 1.04e-03
1.55278e+00 1.04e-03
1.55291e+00 1.04e-03
1.55304e+00 1.04e-03
1.55316e+00 1.04e-03
1.55329e+00 1.05e-03
1.55342e+00 1.06e-03
1.55354e+00 1.07e-03
1.55367e+00 1.08e-03
1.55380e+00 1.10e-03
1.55393e+00 1.13e-03
1.55405e+00 1.17e-03
1.55418e+00 1.22e-03
1.55431e+00 1.29e-03
1.55443e+00 1.40e-03
1.55456e+00 1.57e-03
1.55471e+00 1.83e-03
1.55483e+00 2.28e-03
1.55496e+00 3.14e-03
1.55509e+00 4.95e-03
1.55521e+00 8.93e-03
1.55534e+00 1.35e-02
1.55547e+00 1.11e-02
1.55559e+00 6.54e-03
1.55572e+00 3.87e-03
1.55585e+00 2.64e-03
1.55597e+00 2.03e-03
1.55610e+00 1.69e-03
1.55623e+00 1.49e-03
1.55635e+00 1.36e-03
1.55648e+00 1.27e-03
1.55661e+00 1.21e-03
1.55673e+00 1.17e-03
1.55686e+00 1.14e-03
1.55699e+00 1.12e-03
1.55713e+00 1.10e-03
1.55726e+00 1.09e-03
1.55739e+00 1.08e-03
1.55751e+00 1.08e-03
1.55764e+00 1.08e-03
1.55777e+00 1.08e-03
1.55789e+00 1.08e-03
1.55802e+00 1.08e-03
1.55827e+00 1.08e-03
1.55852e+00 1.09e-03
1.55878e+00 1.09e-03
1.55903e+00 1.10e-03
1.55930e+00 1.10e-03
1.55955e+00 1.10e-03
1.55993e+00 1.10e-03
1.56031e+00 1.10e-03
1.56081e+00 1.10e-03
1.56109e+00 1.10e-03
1.56121e+00 1.10e-03
1.56134e+00 1.10e-03
1.56159e+00 1.08e-03
1.56184e+00 1.06e-03
1.56209e+00 1.04e-03
1.56235e+00 1.02e-03
1.56262e+00 1.00e-03
1.56287e+00 9.86e-04
1.56312e+00 9.70e-04
1.56337e+00 9.54e-04
1.56362e+00 9.39e-04
1.56390e+00 9.24e-04
1.56415e+00 9.10e-04
1.56440e+00 8.95e-04
1.56465e+00 8.82e-04
1.56490e+00 8.68e-04
1.56517e+00 8.55e-04
1.56542e+00 8.41e-04
1.56567e+00 8.29e-04
1.56592e+00 8.16e-04
1.56618e+00 8.04e-04
1.56645e+00 7.91e-04
1.56670e+00 7.80e-04
1.56695e+00 7.68e-04
1.56720e+00 7.55e-04
1.56745e+00 7.42e-04
1.56772e+00 7.30e-04
1.56797e+00 7.18e-04
1.56822e+00 7.07e-04
1.56847e+00 6.96e-04
1.56874e+00 6.85e-04
1.56899e+00 6.75e-04
1.56924e+00 6.65e-04
1.56949e+00 6.55e-04
1.56976e+00 6.45e-04
1.57001e+00 6.36e-04
1.57026e+00 6.27e-04
1.57051e+00 6.19e-04
1.57078e+00 6.10e-04
1.57103e+00 6.02e-04
1.57128e+00 5.95e-04
1.57155e+00 5.87e-04
1.57180e+00 5.80e-04
1.57205e+00 5.73e-04
1.57230e+00 5.66e-04
1.57257e+00 5.59e-04
1.57282e+00 5.53e-04
1.57306e+00 5.46e-04
1.57333e+00 5.40e-04
1.57358e+00 5.34e-04
1.57383e+00 5.28e-04
1.57408e+00 5.23e-04
1.57435e+00 5.17e-04
1.57460e+00 5.12e-04
1.57485e+00 5.07e-04
1.57512e+00 5.02e-04
1.57536e+00 4.97e-04
1.57561e+00 4.92e-04
1.57588e+00 4.88e-04
1.57613e+00 4.83e-04
1.57638e+00 4.79e-04
1.57665e+00 4.75e-04
1.57689e+00 4.71e-04
1.57714e+00 4.67e-04
1.57741e+00 4.63e-04
1.57766e+00 4.59e-04
1.57791e+00 4.55e-04
1.57817e+00 4.51e-04
1.57842e+00 4.48e-04
1.57867e+00 4.44e-04
1.57894e+00 4.40e-04
1.57918e+00 4.37e-04
1.57943e+00 4.33e-04
1.57970e+00 4.30e-04
1.57995e+00 4.27e-04
1.58022e+00 4.24e-04
1.58046e+00 4.21e-04
1.58071e+00 4.18e-04
1.58098e+00 4.15e-04
1.58122e+00 4.12e-04
1.58149e+00 4.10e-04
1.58174e+00 4.07e-04
1.58198e+00 4.05e-04
1.58225e+00 4.02e-04
1.58250e+00 4.00e-04
1.58277e+00 3.97e-04
1.58301e+00 3.95e-04
1.58326e+00 3.93e-04
1.58353e+00 3.91e-04
1.58377e+00 3.89e-04
1.58404e+00 3.87e-04
1.58428e+00 3.85e-04
1.58453e+00 3.83e-04
1.58467e+00 3.82e-04
1.58480e+00 3.81e-04
1.58504e+00 3.80e-04
1.58531e+00 3.78e-04
1.58555e+00 3.76e-04
1.58582e+00 3.74e-04
1.58607e+00 3.73e-04
1.58633e+00 3.71e-04
1.58646e+00 3.71e-04
1.58658e+00 3.70e-04
1.58682e+00 3.69e-04
1.58709e+00 3.67e-04
1.58734e+00 3.66e-04
1.58760e+00 3.65e-04
1.58785e+00 3.63e-04
1.58811e+00 3.62e-04
1.58836e+00 3.61e-04
1.58848e+00 3.60e-04
1.58862e+00 3.60e-04
1.58887e+00 3.59e-04
1.58913e+00 3.58e-04
1.58938e+00 3.57e-04
1.58964e+00 3.56e-04
1.58989e+00 3.55e-04
1.59015e+00 3.54e-04
1.59040e+00 3.53e-04
1.59066e+00 3.52e-04
1.59091e+00 3.51e-04
1.59117e+00 3.51e-04
1.59142e+00 3.50e-04
1.59168e+00 3.49e-04
1.59193e+00 3.49e-04
1.59219e+00 3.48e-04
1.59243e+00 3.47e-04
1.59270e+00 3.47e-04
1.59294e+00 3.46e-04
1.59321e+00 3.46e-04
1.59345e+00 3.45e-04
1.59371e+00 3.45e-04
1.59398e+00 3.44e-04
1.59538e+00 3.42e-04
1.59678e+00 3.41e-04
1.59791e+00 3.41e-04
1.59894e+00 3.41e-04
1.59995e+00 3.42e-04
1.60048e+00 3.42e-04
1.60124e+00 3.43e-04
1.60149e+00 3.44e-04
1.60175e+00 3.44e-04
1.60199e+00 3.44e-04
1.60225e+00 3.45e-04
1.60251e+00 3.45e-04
1.60276e+00 3.46e-04
1.60302e+00 3.46e-04
1.60328e+00 3.47e-04
1.60340e+00 3.47e-04
1.60352e+00 3.48e-04
1.60378e+00 3.48e-04
1.60404e+00 3.49e-04
1.60428e+00 3.50e-04
1.60455e+00 3.50e-04
1.60481e+00 3.51e-04
1.60507e+00 3.52e-04
1.60531e+00 3.53e-04
1.60557e+00 3.54e-04
1.60583e+00 3.54e-04
1.60607e+00 3.55e-04
1.60633e+00 3.56e-04
1.60659e+00 3.57e-04
1.60671e+00 3.58e-04
1.60685e+00 3.60e-04
1.60710e+00 3.62e-04
1.60736e+00 3.63e-04
1.60762e+00 3.64e-04
1.60786e+00 3.65e-04
1.60812e+00 3.67e-04
1.60838e+00 3.68e-04
1.60864e+00 3.69e-04
1.60888e+00 3.71e-04
1.60914e+00 3.72e-04
1.60940e+00 3.74e-04
1.60966e+00 3.75e-04
1.60990e+00 3.77e-04
1.61016e+00 3.78e-04
1.61042e+00 3.80e-04
1.61054e+00 3.81e-04
1.61068e+00 3.82e-04
1.61080e+00 3.84e-04
1.61106e+00 3.86e-04
1.61132e+00 3.87e-04
1.61156e+00 3.89e-04
1.61182e+00 3.91e-04
1.61207e+00 3.93e-04
1.61233e+00 3.95e-04
1.61259e+00 3.97e-04
1.61283e+00 3.99e-04
1.61309e+00 4.01e-04
1.61335e+00 4.04e-04
1.61361e+00 4.06e-04
1.61387e+00 4.08e-04
1.61413e+00 4.10e-04
1.61437e+00 4.13e-04
1.61462e+00 4.15e-04
1.61488e+00 4.17e-04
1.61514e+00 4.20e-04
1.61540e+00 4.22e-04
1.61566e+00 4.25e-04
1.61578e+00 4.26e-04
1.61590e+00 4.28e-04
1.61616e+00 4.30e-04
1.61641e+00 4.33e-04
1.61667e+00 4.36e-04
1.61693e+00 4.39e-04
1.61719e+00 4.41e-04
1.61745e+00 4.44e-04
1.61768e+00 4.47e-04
1.61794e+00 4.50e-04
1.61820e+00 4.53e-04
1.61846e+00 4.56e-04
1.61871e+00 4.59e-04
1.61897e+00 4.62e-04
1.61923e+00 4.66e-04
1.61949e+00 4.69e-04
1.61974e+00 4.72e-04
1.61998e+00 4.75e-04
1.62024e+00 4.79e-04
1.62050e+00 4.82e-04
1.62075e+00 4.85e-04
1.62101e+00 4.89e-04
1.62127e+00 4.92e-04
1.62152e+00 4.96e-04
1.62178e+00 4.99e-04
1.62204e+00 5.03e-04
1.62229e+00 5.07e-04
1.62255e+00 5.10e-04
1.62281e+00 5.14e-04
1.62306e+00 5.18e-04
1.62332e+00 5.22e-04
1.62358e+00 5.26e-04
1.62383e+00 5.30e-04
1.62409e+00 5.34e-04
1.62433e+00 5.38e-04
1.62458e+00 5.42e-04
1.62484e+00 5.46e-04
1.62509e+00 5.50e-04
1.62535e+00 5.55e-04
1.62561e+00 5.59e-04
1.62586e+00 5.63e-04
1.62612e+00 5.67e-04
1.62637e+00 5.72e-04
1.62663e+00 5.76e-04
1.62688e+00 5.81e-04
1.62714e+00 5.86e-04
1.62740e+00 5.90e-04
1.62765e+00 5.95e-04
1.62793e+00 6.00e-04
1.62818e+00 6.05e-04
1.62844e+00 6.10e-04
1.62869e+00 6.15e-04
1.62895e+00 6.20e-04
1.62920e+00 6.25e-04
1.62946e+00 6.31e-04
1.62971e+00 6.36e-04
1.62997e+00 6.41e-04
1.63022e+00 6.47e-04
1.63048e+00 6.52e-04
1.63073e+00 6.58e-04
1.63098e+00 6.64e-04
1.63124e+00 6.69e-04
1.63149e+00 6.75e-04
1.63175e+00 6.81e-04
1.63202e+00 6.87e-04
1.63228e+00 6.93e-04
1.63253e+00 6.99e-04
1.63278e+00 7.05e-04
1.63304e+00 7.11e-04
1.63329e+00 7.17e-04
1.63354e+00 7.23e-04
1.63380e+00 7.30e-04
1.63405e+00 7.36e-04
1.63433e+00 7.42e-04
1.63458e+00 7.49e-04
1.63483e+00 7.55e-04
1.63509e+00 7.62e-04
1.63534e+00 7.68e-04
1.63559e+00 7.75e-04
1.63585e+00 7.82e-04
1.63612e+00 7.88e-04
1.63637e+00 7.95e-04
1.63662e+00 8.02e-04
1.63688e+00 8.09e-04
1.63713e+00 8.16e-04
1.63738e+00 8.23e-04
1.63766e+00 8.30e-04
1.63791e+00 8.37e-04
1.63816e+00 8.44e-04
1.63841e+00 8.51e-04
1.63867e+00 8.58e-04
1.63894e+00 8.65e-04
1.63919e+00 8.72e-04
1.63944e+00 8.80e-04
1.63970e+00 8.87e-04
1.63995e+00 8.94e-04
1.64022e+00 9.02e-04
1.64047e+00 9.09e-04
1.64072e+00 9.17e-04
1.64098e+00 9.25e-04
1.64125e+00 9.33e-04
1.64150e+00 9.41e-04
1.64175e+00 9.49e-04
1.64200e+00 9.57e-04
1.64227e+00 9.66e-04
1.64252e+00 9.74e-04
1.64278e+00 9.83e-04
1.64303e+00 9.92e-04
1.64330e+00 1.00e-03
1.64355e+00 1.01e-03
1.64380e+00 1.02e-03
1.64405e+00 1.03e-03
1.64432e+00 1.04e-03
1.64457e+00 1.05e-03
1.64482e+00 1.06e-03
1.64509e+00 1.07e-03
1.64535e+00 1.08e-03
1.64560e+00 1.09e-03
1.64587e+00 1.10e-03
1.64612e+00 1.11e-03
1.64637e+00 1.13e-03
1.64664e+00 1.14e-03
1.64689e+00 1.15e-03
1.64714e+00 1.16e-03
1.64741e+00 1.18e-03
1.64766e+00 1.19e-03
1.64791e+00 1.20e-03
1.64818e+00 1.22e-03
1.64843e+00 1.23e-03
1.64868e+00 1.25e-03
1.64895e+00 1.26e-03
1.64920e+00 1.28e-03
1.64947e+00 1.29e-03
1.64972e+00 1.31e-03
1.64997e+00 1.33e-03
1.65023e+00 1.34e-03
1.65048e+00 1.36e-03
1.65075e+00 1.38e-03
1.65100e+00 1.39e-03
1.65125e+00 1.41e-03
1.65152e+00 1.43e-03
1.65177e+00 1.45e-03
1.65204e+00 1.46e-03
1.65229e+00 1.48e-03
1.65254e+00 1.50e-03
1.65280e+00 1.52e-03
1.65305e+00 1.54e-03
1.65332e+00 1.56e-03
1.65357e+00 1.57e-03
1.65384e+00 1.59e-03
1.65409e+00 1.61e-03
1.65435e+00 1.63e-03
1.65460e+00 1.65e-03
1.65487e+00 1.67e-03
1.65512e+00 1.69e-03
1.65539e+00 1.70e-03
1.65563e+00 1.72e-03
1.65590e+00 1.74e-03
1.65615e+00 1.76e-03
1.65642e+00 1.78e-03
1.65666e+00 1.79e-03
1.65693e+00 1.81e-03
1.65718e+00 1.83e-03
1.65745e+00 1.85e-03
1.65769e+00 1.87e-03
1.65796e+00 1.89e-03
1.65821e+00 1.91e-03
1.65848e+00 1.93e-03
1.65872e+00 1.95e-03
1.65899e+00 1.97e-03
1.65924e+00 1.99e-03
1.65950e+00 2.02e-03
1.65975e+00 2.04e-03
1.66002e+00 2.06e-03
1.66028e+00 2.09e-03
1.66053e+00 2.12e-03
1.66080e+00 2.14e-03
1.66104e+00 2.17e-03
1.66131e+00 2.20e-03
1.66157e+00 2.23e-03
1.66182e+00 2.26e-03
1.66209e+00 2.30e-03
1.66233e+00 2.33e-03
1.66260e+00 2.36e-03
1.66286e+00 2.40e-03
1.66311e+00 2.43e-03
1.66338e+00 2.47e-03
1.66362e+00 2.50e-03
1.66389e+00 2.53e-03
1.66415e+00 2.56e-03
1.66440e+00 2.60e-03
1.66466e+00 2.62e-03
1.66493e+00 2.65e-03
1.66518e+00 2.67e-03
1.66544e+00 2.69e-03
1.66570e+00 2.71e-03
1.66595e+00 2.72e-03
1.66622e+00 2.73e-03
1.66635e+00 2.73e-03
1.66648e+00 2.73e-03
1.66673e+00 2.73e-03
1.66699e+00 2.72e-03
1.66725e+00 2.71e-03
1.66752e+00 2.70e-03
1.66776e+00 2.68e-03
1.66803e+00 2.65e-03
1.66829e+00 2.63e-03
1.66854e+00 2.60e-03
1.66880e+00 2.57e-03
1.66906e+00 2.54e-03
1.66933e+00 2.50e-03
1.66957e+00 2.46e-03
1.66984e+00 2.43e-03
1.67010e+00 2.39e-03
1.67036e+00 2.35e-03
1.67061e+00 2.32e-03
1.67087e+00 2.28e-03
1.67113e+00 2.24e-03
1.67140e+00 2.20e-03
1.67166e+00 2.17e-03
1.67191e+00 2.13e-03
1.67217e+00 2.10e-03
1.67243e+00 2.06e-03
1.67269e+00 2.03e-03
1.67296e+00 2.00e-03
1.67320e+00 1.97e-03
1.67346e+00 1.94e-03
1.67373e+00 1.92e-03
1.67399e+00 1.89e-03
1.67425e+00 1.86e-03
1.67450e+00 1.84e-03
1.67476e+00 1.81e-03
1.67502e+00 1.79e-03
1.67528e+00 1.77e-03
1.67554e+00 1.75e-03
1.67581e+00 1.73e-03
1.67607e+00 1.71e-03
1.67633e+00 1.69e-03
1.67657e+00 1.67e-03
1.67683e+00 1.65e-03
1.67710e+00 1.64e-03
1.67736e+00 1.62e-03
1.67762e+00 1.60e-03
1.67788e+00 1.59e-03
1.67814e+00 1.58e-03
1.67840e+00 1.56e-03
1.67867e+00 1.55e-03
1.67893e+00 1.54e-03
1.67917e+00 1.53e-03
1.67943e+00 1.52e-03
1.67969e+00 1.51e-03
1.67995e+00 1.50e-03
1.68021e+00 1.49e-03
1.68047e+00 1.48e-03
1.68073e+00 1.47e-03
1.68100e+00 1.46e-03
1.68126e+00 1.46e-03
1.68152e+00 1.45e-03
1.68178e+00 1.44e-03
1.68204e+00 1.44e-03
1.68230e+00 1.43e-03
1.68256e+00 1.43e-03
1.68282e+00 1.42e-03
1.68308e+00 1.42e-03
1.68334e+00 1.41e-03
1.68360e+00 1.41e-03
1.68386e+00 1.40e-03
1.68412e+00 1.40e-03
1.68438e+00 1.40e-03
1.68464e+00 1.39e-03
1.68490e+00 1.39e-03
1.68516e+00 1.39e-03
1.68542e+00 1.39e-03
1.68570e+00 1.38e-03
1.68595e+00 1.38e-03
1.68621e+00 1.38e-03
1.68790e+00 1.37e-03
1.68934e+00 1.37e-03
1.69091e+00 1.37e-03
1.69301e+00 1.38e-03
1.69405e+00 1.38e-03
1.69536e+00 1.39e-03
1.69798e+00 1.40e-03
1.69824e+00 1.40e-03
1.69849e+00 1.40e-03
1.69877e+00 1.41e-03
1.69902e+00 1.41e-03
1.69930e+00 1.41e-03
1.69955e+00 1.41e-03
1.69981e+00 1.41e-03
1.70008e+00 1.41e-03
1.70034e+00 1.41e-03
1.70059e+00 1.42e-03
1.70087e+00 1.42e-03
1.70112e+00 1.42e-03
1.70140e+00 1.42e-03
1.70165e+00 1.42e-03
1.70191e+00 1.42e-03
1.70218e+00 1.42e-03
1.70244e+00 1.43e-03
1.70271e+00 1.43e-03
1.70296e+00 1.43e-03
1.70324e+00 1.43e-03
1.70349e+00 1.43e-03
1.70375e+00 1.43e-03
1.70402e+00 1.44e-03
1.70428e+00 1.44e-03
1.70455e+00 1.44e-03
1.70480e+00 1.44e-03
1.70508e+00 1.44e-03
1.70533e+00 1.44e-03
1.70560e+00 1.45e-03
1.70586e+00 1.45e-03
1.70613e+00 1.45e-03
1.70638e+00 1.45e-03
1.70666e+00 1.46e-03
1.70691e+00 1.46e-03
1.70718e+00 1.46e-03
1.70744e+00 1.46e-03
1.70771e+00 1.47e-03
1.70798e+00 1.47e-03
1.70823e+00 1.47e-03
1.70850e+00 1.48e-03
1.70876e+00 1.48e-03
1.70903e+00 1.48e-03
1.70928e+00 1.48e-03
1.70955e+00 1.49e-03
1.70983e+00 1.49e-03
1.71008e+00 1.49e-03
1.71035e+00 1.49e-03
1.71060e+00 1.49e-03
1.71087e+00 1.49e-03
1.71115e+00 1.50e-03
1.71140e+00 1.50e-03
1.71167e+00 1.50e-03
1.71194e+00 1.50e-03
1.71219e+00 1.50e-03
1.71234e+00 1.51e-03
1.71497e+00 1.52e-03
1.71511e+00 1.52e-03
1.71538e+00 1.53e-03
1.71563e+00 1.53e-03
1.71590e+00 1.53e-03
1.71617e+00 1.53e-03
1.71644e+00 1.53e-03
1.71669e+00 1.54e-03
1.71696e+00 1.54e-03
1.71790e+00 1.54e-03
1.71896e+00 1.53e-03
1.71922e+00 1.53e-03
1.71949e+00 1.53e-03
1.71974e+00 1.53e-03
1.72001e+00 1.52e-03
1.72028e+00 1.52e-03
1.72055e+00 1.52e-03
1.72082e+00 1.51e-03
1.72109e+00 1.51e-03
1.72135e+00 1.51e-03
1.72161e+00 1.50e-03
1.72187e+00 1.50e-03
1.72214e+00 1.50e-03
1.72241e+00 1.49e-03
1.72268e+00 1.49e-03
1.72295e+00 1.49e-03
1.72321e+00 1.48e-03
1.72348e+00 1.48e-03
1.72375e+00 1.48e-03
1.72402e+00 1.47e-03
1.72428e+00 1.47e-03
1.72521e+00 1.47e-03
1.72640e+00 1.46e-03
1.72735e+00 1.47e-03
1.72894e+00 1.47e-03
1.72935e+00 1.47e-03
1.72948e+00 1.47e-03
1.72962e+00 1.47e-03
1.73135e+00 1.47e-03
1.73215e+00 1.47e-03
1.73243e+00 1.47e-03
1.73270e+00 1.47e-03
1.73296e+00 1.47e-03
1.73323e+00 1.46e-03
1.73349e+00 1.46e-03
1.73376e+00 1.46e-03
1.73404e+00 1.45e-03
1.73431e+00 1.45e-03
1.73443e+00 1.45e-03
1.73457e+00 1.45e-03
1.73484e+00 1.44e-03
1.73510e+00 1.44e-03
1.73538e+00 1.44e-03
1.73565e+00 1.43e-03
1.73591e+00 1.43e-03
1.73618e+00 1.43e-03
1.73646e+00 1.43e-03
1.73672e+00 1.43e-03
1.73699e+00 1.42e-03
1.73725e+00 1.42e-03
1.73753e+00 1.42e-03
1.73780e+00 1.42e-03
1.73806e+00 1.42e-03
1.73834e+00 1.42e-03
1.73860e+00 1.41e-03
1.73887e+00 1.41e-03
1.73915e+00 1.41e-03
1.73941e+00 1.41e-03
1.73968e+00 1.41e-03
1.73996e+00 1.41e-03
1.74022e+00 1.40e-03
1.74048e+00 1.40e-03
1.74076e+00 1.40e-03
1.74103e+00 1.40e-03
1.74131e+00 1.40e-03
1.74157e+00 1.40e-03
1.74183e+00 1.39e-03
1.74211e+00 1.39e-03
1.74238e+00 1.39e-03
1.74266e+00 1.39e-03
1.74292e+00 1.39e-03
1.74318e+00 1.38e-03
1.74346e+00 1.38e-03
1.74372e+00 1.38e-03
1.74400e+00 1.38e-03
1.74427e+00 1.38e-03
1.74455e+00 1.38e-03
1.74481e+00 1.37e-03
1.75146e+00 1.34e-03
1.76032e+00 1.31e-03
1.77632e+00 1.26e-03
1.82553e+00 1.09e-03
1.84199e+00 1.04e-03
1.87183e+00 9.60e-04
1.89041e+00 9.12e-04
1.92820e+00 8.22e-04
1.94411e+00 7.87e-04
1.97532e+00 7.22e-04
1.97570e+00 7.21e-04
1.97608e+00 7.21e-04
1.97645e+00 7.20e-04
1.97684e+00 7.19e-04
1.97721e+00 7.18e-04
1.97760e+00 7.18e-04
1.97799e+00 7.17e-04
1.97836e+00 7.16e-04
1.97875e+00 7.15e-04
1.97914e+00 7.15e-04
1.97951e+00 7.14e-04
1.97990e+00 7.13e-04
1.98028e+00 7.12e-04
1.98067e+00 7.12e-04
1.98106e+00 7.11e-04
1.98144e+00 7.10e-04
1.98181e+00 7.09e-04
1.98220e+00 7.09e-04
1.98259e+00 7.08e-04
1.98299e+00 7.07e-04
1.98337e+00 7.06e-04
1.98376e+00 7.06e-04
1.98414e+00 7.05e-04
1.98453e+00 7.04e-04
1.98491e+00 7.03e-04
1.98531e+00 7.03e-04
1.98569e+00 7.02e-04
1.98608e+00 7.01e-04
1.98648e+00 7.00e-04
1.98686e+00 7.00e-04
1.98724e+00 6.99e-04
1.98764e+00 6.98e-04
1.98803e+00 6.97e-04
1.98842e+00 6.96e-04
1.98882e+00 6.96e-04
1.98920e+00 6.95e-04
1.98960e+00 6.94e-04
1.99000e+00 6.93e-04
1.99038e+00 6.93e-04
1.99077e+00 6.92e-04
1.99117e+00 6.91e-04
1.99157e+00 6.90e-04
1.99196e+00 6.90e-04
1.99236e+00 6.89e-04
1.99274e+00 6.88e-04
1.99313e+00 6.87e-04
1.99354e+00 6.87e-04
1.99394e+00 6.86e-04
1.99433e+00 6.85e-04
1.99473e+00 6.85e-04
1.99512e+00 6.84e-04
1.99552e+00 6.83e-04
1.99592e+00 6.82e-04
1.99632e+00 6.82e-04
1.99671e+00 6.81e-04
1.99712e+00 6.80e-04
1.99751e+00 6.79e-04
1.99792e+00 6.79e-04
1.99831e+00 6.78e-04
1.99872e+00 6.77e-04
1.99911e+00 6.76e-04
1.99952e+00 6.76e-04
1.99992e+00 6.75e-04
2.00032e+00 6.74e-04
2.00072e+00 6.73e-04
2.00113e+00 6.73e-04
2.00153e+00 6.72e-04
2.00194e+00 6.71e-04
2.00234e+00 6.70e-04
2.00274e+00 6.70e-04
2.00314e+00 6.69e-04
2.00356e+00 6.68e-04
2.00396e+00 6.67e-04
2.00437e+00 6.67e-04
2.00477e+00 6.66e-04
2.00518e+00 6.65e-04
2.00558e+00 6.64e-04
2.00600e+00 6.64e-04
2.00640e+00 6.63e-04
2.00680e+00 6.62e-04
2.00722e+00 6.61e-04
2.00762e+00 6.61e-04
2.00804e+00 6.60e-04
2.00844e+00 6.59e-04
2.00886e+00 6.58e-04
2.00927e+00 6.58e-04
2.00968e+00 6.57e-04
2.01009e+00 6.56e-04
2.01051e+00 6.55e-04
2.01092e+00 6.55e-04
2.01134e+00 6.54e-04
2.01174e+00 6.53e-04
2.01215e+00 6.52e-04
2.01257e+00 6.52e-04
2.01298e+00 6.51e-04
2.01341e+00 6.50e-04
2.01382e+00 6.49e-04
2.01424e+00 6.49e-04
2.01465e+00 6.48e-04
2.01506e+00 6.47e-04
2.01549e+00 6.46e-04
2.01590e+00 6.46e-04
2.01632e+00 6.45e-04
2.01674e+00 6.44e-04
2.01715e+00 6.43e-04
2.01758e+00 6.43e-04
2.01800e+00 6.42e-04
2.01842e+00 6.41e-04
2.01884e+00 6.40e-04
2.01927e+00 6.40e-04
2.01968e+00 6.39e-04
2.02010e+00 6.38e-04
2.02053e+00 6.37e-04
2.02095e+00 6.37e-04
2.02138e+00 6.36e-04
2.02180e+00 6.35e-04
2.02222e+00 6.35e-04
2.02265e+00 6.34e-04
2.02307e+00 6.33e-04
2.02351e+00 6.32e-04
2.02393e+00 6.32e-04
2.02435e+00 6.31e-04
2.02479e+00 6.30e-04
2.02521e+00 6.29e-04
2.02563e+00 6.29e-04
2.02607e+00 6.28e-04
2.02650e+00 6.27e-04
2.02692e+00 6.26e-04
2.02736e+00 6.26e-04
2.02779e+00 6.25e-04
2.02821e+00 6.24e-04
2.02865e+00 6.24e-04
2.02908e+00 6.23e-04
2.02952e+00 6.22e-04
2.02995e+00 6.21e-04
2.03038e+00 6.21e-04
2.03082e+00 6.20e-04
2.03125e+00 6.19e-04
2.03168e+00 6.18e-04
2.03213e+00 6.18e-04
2.03256e+00 6.17e-04
2.03299e+00 6.16e-04
2.03344e+00 6.15e-04
2.03387e+00 6.15e-04
2.03431e+00 6.14e-04
2.03474e+00 6.13e-04
2.03519e+00 6.13e-04
2.03562e+00 6.12e-04
2.03606e+00 6.11e-04
2.03651e+00 6.10e-04
2.03695e+00 6.10e-04
2.03739e+00 6.09e-04
2.03784e+00 6.08e-04
2.03828e+00 6.07e-04
2.03872e+00 6.07e-04
2.03917e+00 6.06e-04
2.03961e+00 6.05e-04
2.04005e+00 6.04e-04
2.04049e+00 6.04e-04
2.04095e+00 6.03e-04
2.04139e+00 6.02e-04
2.04183e+00 6.01e-04
2.04228e+00 6.01e-04
2.04274e+00 6.00e-04
2.04318e+00 5.99e-04
2.04363e+00 5.99e-04
2.04409e+00 5.98e-04
2.04453e+00 5.97e-04
2.04498e+00 5.96e-04
2.04543e+00 5.96e-04
2.04588e+00 5.95e-04
2.04634e+00 5.94e-04
2.04679e+00 5.93e-04
2.04724e+00 5.93e-04
2.04771e+00 5.92e-04
2.04816e+00 5.91e-04
2.04861e+00 5.90e-04
2.04907e+00 5.90e-04
2.04952e+00 5.89e-04
2.04997e+00 5.88e-04
2.05044e+00 5.87e-04
2.05090e+00 5.87e-04
2.05135e+00 5.86e-04
2.05181e+00 5.85e-04
2.05228e+00 5.84e-04
2.05274e+00 5.84e-04
2.05320e+00 5.83e-04
2.05366e+00 5.82e-04
2.05412e+00 5.82e-04
2.05459e+00 5.81e-04
2.05505e+00 5.80e-04
2.05551e+00 5.79e-04
2.05598e+00 5.79e-04
2.05644e+00 5.78e-04
2.05691e+00 5.77e-04
2.05737e+00 5.76e-04
2.05785e+00 5.76e-04
2.05831e+00 5.75e-04
2.05878e+00 5.74e-04
2.05925e+00 5.73e-04
2.05972e+00 5.73e-04
2.06020e+00 5.72e-04
2.06067e+00 5.71e-04
2.06114e+00 5.70e-04
2.06161e+00 5.70e-04
2.06208e+00 5.69e-04
2.06255e+00 5.68e-04
2.06303e+00 5.67e-04
2.06350e+00 5.67e-04
2.06399e+00 5.66e-04
2.06445e+00 5.65e-04
2.06494e+00 5.64e-04
2.06541e+00 5.64e-04
2.06589e+00 5.63e-04
2.06637e+00 5.62e-04
2.06685e+00 5.61e-04
2.06733e+00 5.61e-04
2.06781e+00 5.60e-04
2.06829e+00 5.59e-04
2.06877e+00 5.58e-04
2.06925e+00 5.58e-04
2.06974e+00 5.57e-04
2.07022e+00 5.56e-04
2.07070e+00 5.55e-04
2.07120e+00 5.55e-04
2.07169e+00 5.54e-04
2.07217e+00 5.53e-04
2.07266e+00 5.52e-04
2.07315e+00 5.52e-04
2.07364e+00 5.51e-04
2.07413e+00 5.50e-04
2.07462e+00 5.49e-04
2.07511e+00 5.49e-04
2.07560e+00 5.48e-04
2.07609e+00 5.47e-04
2.07659e+00 5.46e-04
2.07708e+00 5.46e-04
2.07758e+00 5.45e-04
2.07807e+00 5.44e-04
2.07857e+00 5.44e-04
2.07907e+00 5.43e-04
2.07957e+00 5.42e-04
2.08007e+00 5.41e-04
2.08057e+00 5.41e-04
2.08107e+00 5.40e-04
2.08156e+00 5.39e-04
2.08206e+00 5.38e-04
2.08256e+00 5.38e-04
2.08307e+00 5.37e-04
2.08357e+00 5.36e-04
2.08408e+00 5.35e-04
2.08459e+00 5.35e-04
2.08509e+00 5.34e-04
2.08560e+00 5.33e-04
2.08611e+00 5.32e-04
2.08662e+00 5.32e-04
2.08712e+00 5.31e-04
2.08763e+00 5.30e-04
2.08814e+00 5.30e-04
2.08866e+00 5.29e-04
2.08917e+00 5.28e-04
2.08969e+00 5.27e-04
2.09020e+00 5.26e-04
2.09072e+00 5.26e-04
2.09123e+00 5.25e-04
2.09175e+00 5.24e-04
2.09227e+00 5.23e-04
2.09279e+00 5.23e-04
2.09331e+00 5.22e-04
2.09383e+00 5.21e-04
2.09434e+00 5.20e-04
2.09487e+00 5.20e-04
2.09539e+00 5.19e-04
2.09592e+00 5.18e-04
2.09643e+00 5.17e-04
2.09696e+00 5.17e-04
2.09749e+00 5.16e-04
2.09802e+00 5.15e-04
2.09855e+00 5.14e-04
2.09907e+00 5.14e-04
2.09960e+00 5.13e-04
2.10014e+00 5.12e-04
2.10066e+00 5.11e-04
2.10120e+00 5.11e-04
2.10173e+00 5.10e-04
2.10227e+00 5.09e-04
2.10280e+00 5.08e-04
2.10334e+00 5.08e-04
2.10388e+00 5.07e-04
2.10441e+00 5.06e-04
2.10495e+00 5.05e-04
2.10549e+00 5.05e-04
2.10603e+00 5.04e-04
2.10657e+00 5.03e-04
2.10712e+00 5.02e-04
2.10766e+00 5.02e-04
2.10820e+00 5.01e-04
2.10875e+00 5.00e-04
2.10929e+00 4.99e-04
2.10985e+00 4.98e-04
2.11040e+00 4.98e-04
2.11094e+00 4.97e-04
2.11150e+00 4.96e-04
2.11204e+00 4.95e-04
2.11260e+00 4.95e-04
2.11315e+00 4.94e-04
2.11371e+00 4.93e-04
2.11427e+00 4.93e-04
2.11482e+00 4.92e-04
2.11538e+00 4.91e-04
2.11593e+00 4.90e-04
2.11650e+00 4.90e-04
2.11705e+00 4.89e-04
2.11762e+00 4.88e-04
2.11818e+00 4.87e-04
2.11875e+00 4.87e-04
2.11931e+00 4.86e-04
2.11988e+00 4.85e-04
2.12044e+00 4.84e-04
2.12100e+00 4.84e-04
2.12158e+00 4.83e-04
2.12214e+00 4.82e-04
2.12272e+00 4.81e-04
2.12329e+00 4.81e-04
2.12387e+00 4.80e-04
2.12444e+00 4.79e-04
2.12501e+00 4.78e-04
2.12559e+00 4.78e-04
2.12617e+00 4.77e-04
2.12674e+00 4.76e-04
2.12733e+00 4.75e-04
2.12791e+00 4.75e-04
2.12849e+00 4.74e-04
2.12908e+00 4.73e-04
2.12966e+00 4.72e-04
2.13024e+00 4.72e-04
2.13084e+00 4.71e-04
2.13142e+00 4.70e-04
2.13201e+00 4.69e-04
2.13260e+00 4.68e-04
2.13320e+00 4.68e-04
2.13379e+00 4.67e-04
2.13438e+00 4.66e-04
2.13497e+00 4.65e-04
2.13557e+00 4.65e-04
2.13618e+00 4.64e-04
2.13677e+00 4.63e-04
2.13737e+00 4.62e-04
2.13797e+00 4.62e-04
2.13857e+00 4.61e-04
2.13918e+00 4.60e-04
2.13978e+00 4.59e-04
2.14040e+00 4.59e-04
2.14101e+00 4.58e-04
2.14161e+00 4.57e-04
2.14222e+00 4.56e-04
2.14284e+00 4.55e-04
2.14345e+00 4.55e-04
2.14406e+00 4.54e-04
2.14468e+00 4.53e-04
2.14530e+00 4.52e-04
2.14592e+00 4.52e-04
2.14654e+00 4.51e-04
2.14716e+00 4.50e-04
2.14778e+00 4.49e-04
2.14841e+00 4.48e-04
2.14903e+00 4.48e-04
2.14966e+00 4.47e-04
2.15028e+00 4.46e-04
2.15091e+00 4.45e-04
2.15155e+00 4.45e-04
2.15218e+00 4.44e-04
2.15282e+00 4.43e-04
2.15345e+00 4.42e-04
2.15409e+00 4.41e-04
2.15472e+00 4.41e-04
2.15537e+00 4.40e-04
2.15601e+00 4.39e-04
2.15666e+00 4.38e-04
2.15729e+00 4.38e-04
2.15794e+00 4.37e-04
2.15859e+00 4.36e-04
2.15923e+00 4.35e-04
2.15989e+00 4.34e-04
2.16054e+00 4.34e-04
2.16119e+00 4.33e-04
2.16185e+00 4.32e-04
2.16251e+00 4.31e-04
2.16317e+00 4.31e-04
2.16383e+00 4.30e-04
2.16449e+00 4.29e-04
2.16516e+00 4.28e-04
2.16583e+00 4.28e-04
2.16649e+00 4.27e-04
2.16715e+00 4.26e-04
2.16783e+00 4.25e-04
2.16849e+00 4.24e-04
2.16917e+00 4.24e-04
2.16984e+00 4.23e-04
2.17053e+00 4.22e-04
2.17120e+00 4.21e-04
2.17188e+00 4.20e-04
2.17257e+00 4.20e-04
2.17325e+00 4.19e-04
2.17393e+00 4.18e-04
2.17463e+00 4.17e-04
2.17531e+00 4.17e-04
2.17600e+00 4.16e-04
2.17669e+00 4.15e-04
2.17740e+00 4.14e-04
2.17809e+00 4.13e-04
2.17879e+00 4.13e-04
2.17949e+00 4.12e-04
2.18019e+00 4.11e-04
2.18089e+00 4.10e-04
2.18160e+00 4.09e-04
2.18231e+00 4.09e-04
2.18302e+00 4.08e-04
2.18373e+00 4.07e-04
2.18444e+00 4.06e-04
2.18516e+00 4.05e-04
2.18588e+00 4.05e-04
2.18660e+00 4.04e-04
2.18732e+00 4.03e-04
2.18805e+00 4.02e-04
2.18878e+00 4.01e-04
2.18951e+00 4.01e-04
2.19023e+00 4.00e-04
2.19096e+00 3.99e-04
2.19170e+00 3.98e-04
2.19244e+00 3.97e-04
2.19317e+00 3.96e-04
2.19392e+00 3.96e-04
2.19465e+00 3.95e-04
2.19540e+00 3.94e-04
2.19615e+00 3.93e-04
2.19690e+00 3.92e-04
2.19766e+00 3.92e-04
2.19841e+00 3.91e-04
2.19917e+00 3.90e-04
2.19992e+00 3.89e-04
2.20069e+00 3.88e-04
2.20145e+00 3.87e-04
2.20221e+00 3.87e-04
2.20299e+00 3.86e-04
2.20376e+00 3.85e-04
2.20453e+00 3.84e-04
2.20530e+00 3.83e-04
2.20609e+00 3.83e-04
2.20687e+00 3.82e-04
2.20765e+00 3.81e-04
2.20843e+00 3.80e-04
2.20922e+00 3.79e-04
2.21001e+00 3.78e-04
2.21081e+00 3.78e-04
2.21160e+00 3.77e-04
2.21240e+00 3.76e-04
2.21320e+00 3.75e-04
2.21401e+00 3.74e-04
2.21481e+00 3.74e-04
2.21562e+00 3.73e-04
2.21643e+00 3.72e-04
2.21725e+00 3.71e-04
2.21806e+00 3.70e-04
2.21889e+00 3.69e-04
2.21971e+00 3.69e-04
2.22054e+00 3.68e-04
2.22136e+00 3.67e-04
2.22220e+00 3.66e-04
2.22303e+00 3.65e-04
2.22387e+00 3.64e-04
2.22471e+00 3.63e-04
2.22555e+00 3.63e-04
2.22641e+00 3.62e-04
2.22725e+00 3.61e-04
2.22811e+00 3.60e-04
2.22896e+00 3.59e-04
2.22982e+00 3.58e-04
2.23068e+00 3.57e-04
2.23155e+00 3.57e-04
2.23242e+00 3.56e-04
2.23329e+00 3.55e-04
2.23417e+00 3.54e-04
2.23504e+00 3.53e-04
2.23593e+00 3.52e-04
2.23637e+00 3.52e-04
2.23726e+00 3.51e-04
2.23815e+00 3.50e-04
2.23904e+00 3.49e-04
2.23994e+00 3.48e-04
2.24084e+00 3.47e-04
2.24175e+00 3.46e-04
2.24265e+00 3.45e-04
2.24357e+00 3.45e-04
2.24449e+00 3.44e-04
2.24540e+00 3.43e-04
2.24633e+00 3.42e-04
2.24725e+00 3.41e-04
2.24818e+00 3.40e-04
2.24912e+00 3.39e-04
2.25006e+00 3.39e-04
2.25101e+00 3.38e-04
2.25195e+00 3.37e-04
2.25290e+00 3.36e-04
2.25386e+00 3.35e-04
2.25482e+00 3.34e-04
2.25578e+00 3.33e-04
2.25675e+00 3.32e-04
2.25772e+00 3.31e-04
2.25870e+00 3.31e-04
2.25968e+00 3.30e-04
2.26067e+00 3.29e-04
2.26166e+00 3.28e-04
2.26265e+00 3.27e-04
2.26365e+00 3.26e-04
2.26465e+00 3.25e-04
2.26566e+00 3.24e-04
2.26667e+00 3.23e-04
2.26769e+00 3.22e-04
2.26871e+00 3.22e-04
2.26974e+00 3.21e-04
2.27077e+00 3.20e-04
2.27181e+00 3.19e-04
2.27285e+00 3.18e-04
2.27390e+00 3.17e-04
2.27442e+00 3.16e-04
2.27548e+00 3.15e-04
2.27654e+00 3.14e-04
2.27761e+00 3.13e-04
2.27868e+00 3.13e-04
2.27976e+00 3.12e-04
2.28084e+00 3.11e-04
2.28193e+00 3.10e-04
2.28303e+00 3.09e-04
2.28413e+00 3.08e-04
2.28523e+00 3.07e-04
2.28634e+00 3.06e-04
2.28746e+00 3.05e-04
2.28858e+00 3.04e-04
2.28971e+00 3.03e-04
2.29085e+00 3.02e-04
2.29199e+00 3.01e-04
2.29314e+00 3.00e-04
2.29429e+00 2.99e-04
2.29546e+00 2.98e-04
2.29663e+00 2.97e-04
2.29780e+00 2.96e-04
2.29898e+00 2.95e-04
2.30017e+00 2.95e-04
2.30136e+00 2.94e-04
2.30258e+00 2.93e-04
2.30378e+00 2.92e-04
2.30498e+00 2.91e-04
2.30618e+00 2.90e-04
2.30747e+00 2.89e-04
2.30867e+00 2.88e-04
2.30996e+00 2.87e-04
2.31125e+00 2.86e-04
2.31244e+00 2.85e-04
2.31372e+00 2.84e-04
2.31501e+00 2.83e-04
2.31629e+00 2.82e-04
2.31757e+00 2.81e-04
2.31895e+00 2.80e-04
2.32023e+00 2.79e-04
2.32160e+00 2.78e-04
2.32288e+00 2.76e-04
2.32425e+00 2.75e-04
2.32562e+00 2.74e-04
2.32698e+00 2.73e-04
2.32835e+00 2.72e-04
2.32971e+00 2.71e-04
2.33108e+00 2.70e-04
2.33253e+00 2.69e-04
2.33321e+00 2.68e-04
2.33466e+00 2.67e-04
2.33612e+00 2.66e-04
2.33747e+00 2.65e-04
2.33901e+00 2.64e-04
2.34046e+00 2.63e-04
2.34190e+00 2.62e-04
2.34344e+00 2.61e-04
2.34488e+00 2.60e-04
2.34641e+00 2.59e-04
2.34794e+00 2.58e-04
2.34947e+00 2.57e-04
2.35099e+00 2.55e-04
2.35261e+00 2.54e-04
2.35413e+00 2.53e-04
2.35575e+00 2.52e-04
2.35736e+00 2.51e-04
2.35897e+00 2.50e-04
2.36057e+00 2.49e-04
2.36227e+00 2.48e-04
2.36396e+00 2.46e-04
2.36556e+00 2.45e-04
2.36734e+00 2.44e-04
2.36903e+00 2.43e-04
2.37071e+00 2.42e-04
2.37248e+00 2.41e-04
2.37425e+00 2.39e-04
2.37602e+00 2.38e-04
2.37788e+00 2.37e-04
2.37964e+00 2.36e-04
2.38149e+00 2.35e-04
2.38334e+00 2.33e-04
2.38527e+00 2.32e-04
2.38711e+00 2.31e-04
2.38904e+00 2.30e-04
2.39096e+00 2.29e-04
2.39297e+00 2.27e-04
2.39498e+00 2.26e-04
2.39699e+00 2.25e-04
2.39899e+00 2.24e-04
2.40107e+00 2.22e-04
2.40315e+00 2.21e-04
2.40532e+00 2.20e-04
2.40740e+00 2.18e-04
2.40964e+00 2.17e-04
2.41180e+00 2.16e-04
2.41404e+00 2.14e-04
2.41627e+00 2.13e-04
2.41859e+00 2.12e-04
2.42090e+00 2.10e-04
2.42330e+00 2.09e-04
2.42569e+00 2.08e-04
2.42816e+00 2.06e-04
2.43063e+00 2.05e-04
2.43317e+00 2.03e-04
2.43572e+00 2.02e-04
2.43825e+00 2.00e-04
2.44095e+00 1.99e-04
2.44365e+00 1.97e-04
2.44634e+00 1.96e-04
2.44911e+00 1.94e-04
2.45195e+00 1.93e-04
2.45488e+00 1.91e-04
2.45779e+00 1.90e-04
2.46087e+00 1.88e-04
2.46394e+00 1.86e-04
2.46708e+00 1.85e-04
2.47022e+00 1.83e-04
2.47351e+00 1.82e-04
2.47687e+00 1.80e-04
2.48031e+00 1.78e-04
2.48382e+00 1.76e-04
2.48740e+00 1.75e-04
2.49114e+00 1.73e-04
2.49494e+00 1.71e-04
2.49881e+00 1.69e-04
2.50283e+00 1.67e-04
2.50699e+00 1.65e-04
2.51122e+00 1.63e-04
2.51568e+00 1.61e-04
2.52019e+00 1.59e-04
2.52493e+00 1.57e-04
2.52980e+00 1.55e-04
2.53481e+00 1.53e-04
2.54010e+00 1.51e-04
2.54561e+00 1.48e-04
2.55132e+00 1.46e-04
2.55730e+00 1.44e-04
2.56364e+00 1.41e-04
2.57024e+00 1.38e-04
2.57726e+00 1.36e-04
2.58475e+00 1.33e-04
2.59264e+00 1.30e-04
2.60113e+00 1.27e-04
2.61029e+00 1.24e-04
2.62024e+00 1.20e-04
2.62554e+00 1.19e-04
2.63110e+00 1.17e-04
2.63698e+00 1.15e-04
2.64319e+00 1.13e-04
2.65669e+00 1.09e-04
2.66410e+00 1.06e-04
2.67215e+00 1.04e-04
2.68082e+00 1.02e-04
2.69029e+00 9.89e-05
2.70069e+00 9.61e-05
2.71231e+00 9.30e-05
2.72543e+00 8.96e-05
2.74065e+00 8.59e-05
2.75874e+00 8.16e-05
2.78130e+00 7.67e-05
2.81151e+00 7.04e-05
2.85859e+00 6.17e-05
2.99573e+00 4.20e-05
