# OPACITY Project tables
-2.61515e+00 5.47e+01
-2.27341e+00 1.90e+01
-2.07433e+00 1.03e+01
-1.93351e+00 6.65e+00
-1.82455e+00 4.75e+00
-1.73574e+00 3.61e+00
-1.66078e+00 2.87e+00
-1.59603e+00 2.35e+00
-1.53898e+00 1.98e+00
-1.48802e+00 1.69e+00
-1.44198e+00 1.47e+00
-1.40003e+00 1.30e+00
-1.36148e+00 1.16e+00
-1.32584e+00 1.04e+00
-1.29269e+00 9.43e-01
-1.26174e+00 8.59e-01
-1.23268e+00 7.87e-01
-1.20531e+00 7.25e-01
-1.17944e+00 6.71e-01
-1.15493e+00 6.25e-01
-1.13165e+00 5.84e-01
-1.10945e+00 5.48e-01
-1.08827e+00 5.16e-01
-1.06799e+00 4.88e-01
-1.04857e+00 4.63e-01
-1.02994e+00 4.40e-01
-1.01200e+00 4.18e-01
-9.94739e-01 3.99e-01
-9.78086e-01 3.80e-01
-9.62021e-01 3.63e-01
-9.46492e-01 3.47e-01
-9.31455e-01 3.32e-01
-9.16916e-01 3.17e-01
-9.02807e-01 3.04e-01
-8.89113e-01 2.91e-01
-8.75797e-01 2.80e-01
-8.62868e-01 2.69e-01
-8.50292e-01 2.59e-01
-8.38057e-01 2.50e-01
-8.26130e-01 2.41e-01
-8.14502e-01 2.33e-01
-8.03185e-01 2.25e-01
-7.92106e-01 2.18e-01
-7.81301e-01 2.11e-01
-7.70741e-01 2.05e-01
-7.60420e-01 1.99e-01
-7.50331e-01 1.93e-01
-7.40469e-01 1.88e-01
-7.30787e-01 1.83e-01
-7.21320e-01 1.78e-01
-7.12045e-01 1.73e-01
-7.02955e-01 1.69e-01
-6.94048e-01 1.65e-01
-6.85298e-01 1.61e-01
-6.76723e-01 1.57e-01
-6.68298e-01 1.54e-01
-6.60041e-01 1.50e-01
-6.51909e-01 1.47e-01
-6.43938e-01 1.44e-01
-6.28390e-01 1.38e-01
-6.20808e-01 1.36e-01
-6.06016e-01 1.31e-01
-5.98801e-01 1.29e-01
-5.84687e-01 1.25e-01
-5.77803e-01 1.23e-01
-5.71018e-01 1.21e-01
-5.64314e-01 1.19e-01
-5.57725e-01 1.17e-01
-5.51231e-01 1.16e-01
-5.38505e-01 1.12e-01
-5.32288e-01 1.11e-01
-5.26142e-01 1.10e-01
-5.14098e-01 1.07e-01
-5.02362e-01 1.05e-01
-4.90925e-01 1.03e-01
-4.85320e-01 1.02e-01
-4.79779e-01 1.01e-01
-4.68884e-01 9.88e-02
-4.63545e-01 9.80e-02
-4.58265e-01 9.73e-02
-4.53044e-01 9.66e-02
-4.42778e-01 9.54e-02
-4.37730e-01 9.49e-02
-4.32739e-01 9.45e-02
-4.27803e-01 9.41e-02
-4.22922e-01 9.37e-02
-4.18095e-01 9.35e-02
-4.08585e-01 9.30e-02
-4.03901e-01 9.29e-02
-3.99284e-01 9.28e-02
-3.68126e-01 9.28e-02
-3.59622e-01 9.30e-02
-3.51261e-01 9.33e-02
-3.43054e-01 9.36e-02
-3.34997e-01 9.41e-02
-3.31021e-01 9.44e-02
-3.27088e-01 9.45e-02
-3.23185e-01 9.46e-02
-3.19310e-01 9.46e-02
-3.15464e-01 9.46e-02
-3.07885e-01 9.42e-02
-3.00430e-01 9.39e-02
-2.93097e-01 9.36e-02
-2.85884e-01 9.34e-02
-2.82323e-01 9.33e-02
-2.78788e-01 9.33e-02
-2.75279e-01 9.34e-02
-2.71796e-01 9.36e-02
-2.64917e-01 9.42e-02
-2.61521e-01 9.45e-02
-2.54802e-01 9.55e-02
-2.48167e-01 9.63e-02
-2.41639e-01 9.70e-02
-2.35203e-01 9.78e-02
-2.28860e-01 9.86e-02
-2.25722e-01 9.91e-02
-2.22606e-01 9.96e-02
-2.19513e-01 1.00e-01
-2.13391e-01 1.02e-01
-2.07344e-01 1.03e-01
-2.01382e-01 1.04e-01
-1.95504e-01 1.06e-01
-1.89697e-01 1.07e-01
-1.86824e-01 1.07e-01
-1.81126e-01 1.08e-01
-1.75509e-01 1.09e-01
-1.69958e-01 1.09e-01
-1.64474e-01 1.10e-01
-1.59054e-01 1.10e-01
-1.56373e-01 1.10e-01
-1.51044e-01 1.10e-01
-1.45789e-01 1.10e-01
-1.40596e-01 1.10e-01
-1.35453e-01 1.09e-01
-1.30382e-01 1.09e-01
-1.25359e-01 1.09e-01
-1.20395e-01 1.09e-01
-1.17928e-01 1.09e-01
-1.15489e-01 1.09e-01
-1.13057e-01 1.09e-01
-1.10630e-01 1.09e-01
-1.05827e-01 1.09e-01
-1.01070e-01 1.10e-01
-9.63788e-02 1.11e-01
-9.17206e-02 1.12e-01
-8.71168e-02 1.13e-01
-8.25559e-02 1.14e-01
-7.80480e-02 1.15e-01
-7.35820e-02 1.16e-01
-6.91679e-02 1.17e-01
-6.47839e-02 1.17e-01
-6.04509e-02 1.18e-01
-5.61577e-02 1.18e-01
-5.19040e-02 1.19e-01
-4.76998e-02 1.19e-01
-4.35236e-02 1.20e-01
-3.93959e-02 1.20e-01
-3.52956e-02 1.21e-01
-3.12430e-02 1.22e-01
-2.72170e-02 1.22e-01
-2.32379e-02 1.23e-01
-1.92848e-02 1.23e-01
-1.53675e-02 1.23e-01
-1.34298e-02 1.23e-01
3.69317e-03 1.23e-01
7.37275e-03 1.24e-01
1.11377e-02 1.24e-01
1.47901e-02 1.24e-01
1.84291e-02 1.25e-01
2.01947e-02 1.25e-01
2.19572e-02 1.25e-01
3.60426e-02 1.25e-01
3.95091e-02 1.25e-01
4.29637e-02 1.26e-01
4.64064e-02 1.26e-01
4.97421e-02 1.27e-01
5.30667e-02 1.27e-01
5.64748e-02 1.28e-01
5.97772e-02 1.29e-01
6.29748e-02 1.30e-01
6.62558e-02 1.31e-01
6.95261e-02 1.33e-01
7.26927e-02 1.34e-01
7.58493e-02 1.36e-01
7.90884e-02 1.38e-01
8.22249e-02 1.40e-01
8.52598e-02 1.41e-01
8.83771e-02 1.43e-01
9.14847e-02 1.45e-01
9.44917e-02 1.48e-01
9.75803e-02 1.50e-01
1.00569e-01 1.52e-01
1.03549e-01 1.54e-01
1.06520e-01 1.56e-01
1.09482e-01 1.58e-01
1.12435e-01 1.60e-01
1.15291e-01 1.62e-01
1.18227e-01 1.64e-01
1.21067e-01 1.66e-01
1.23898e-01 1.68e-01
1.26809e-01 1.70e-01
1.29624e-01 1.73e-01
1.32431e-01 1.76e-01
1.35143e-01 1.78e-01
1.37934e-01 1.81e-01
1.40718e-01 1.84e-01
1.43407e-01 1.87e-01
1.46176e-01 1.89e-01
1.48851e-01 1.92e-01
1.51519e-01 1.95e-01
1.54179e-01 1.98e-01
1.56833e-01 2.00e-01
1.59479e-01 2.03e-01
1.62119e-01 2.05e-01
1.64751e-01 2.07e-01
1.67293e-01 2.09e-01
1.69912e-01 2.12e-01
1.72440e-01 2.14e-01
1.74961e-01 2.17e-01
1.77477e-01 2.20e-01
1.80069e-01 2.23e-01
1.82572e-01 2.27e-01
1.84985e-01 2.30e-01
1.87475e-01 2.34e-01
1.89959e-01 2.37e-01
1.92437e-01 2.40e-01
1.94826e-01 2.43e-01
1.97292e-01 2.46e-01
1.99670e-01 2.49e-01
2.00898e-01 2.50e-01
2.02042e-01 2.50e-01
2.04409e-01 2.52e-01
2.06770e-01 2.53e-01
2.09126e-01 2.54e-01
2.11476e-01 2.55e-01
2.13820e-01 2.57e-01
2.16159e-01 2.58e-01
2.18493e-01 2.59e-01
2.20741e-01 2.60e-01
2.23064e-01 2.61e-01
2.25301e-01 2.62e-01
2.27614e-01 2.63e-01
2.29841e-01 2.64e-01
2.32064e-01 2.65e-01
2.34281e-01 2.66e-01
2.36494e-01 2.67e-01
2.38702e-01 2.68e-01
2.40905e-01 2.68e-01
2.43103e-01 2.68e-01
2.44200e-01 2.69e-01
2.48499e-01 2.69e-01
2.50681e-01 2.68e-01
2.52780e-01 2.68e-01
2.54875e-01 2.67e-01
2.57042e-01 2.67e-01
2.59128e-01 2.65e-01
2.61210e-01 2.64e-01
2.63287e-01 2.63e-01
2.65360e-01 2.61e-01
2.67428e-01 2.59e-01
2.69493e-01 2.57e-01
2.71553e-01 2.55e-01
2.73609e-01 2.54e-01
2.75660e-01 2.52e-01
2.77632e-01 2.50e-01
2.79675e-01 2.48e-01
2.81639e-01 2.46e-01
2.83674e-01 2.43e-01
2.85630e-01 2.40e-01
2.87582e-01 2.38e-01
2.89605e-01 2.35e-01
2.91550e-01 2.32e-01
2.93490e-01 2.29e-01
2.95427e-01 2.27e-01
2.97360e-01 2.24e-01
2.99289e-01 2.21e-01
3.01215e-01 2.18e-01
3.03137e-01 2.16e-01
3.04982e-01 2.12e-01
3.06896e-01 2.09e-01
3.08807e-01 2.05e-01
3.10641e-01 2.02e-01
3.12545e-01 1.98e-01
3.14373e-01 1.93e-01
3.16270e-01 1.89e-01
3.18090e-01 1.85e-01
3.19907e-01 1.81e-01
3.21794e-01 1.76e-01
3.23604e-01 1.72e-01
3.25411e-01 1.68e-01
3.27215e-01 1.65e-01
3.29016e-01 1.61e-01
3.30813e-01 1.58e-01
3.32608e-01 1.55e-01
3.34399e-01 1.52e-01
3.36115e-01 1.49e-01
3.37900e-01 1.47e-01
3.39681e-01 1.44e-01
3.41389e-01 1.41e-01
3.43164e-01 1.39e-01
3.44936e-01 1.37e-01
3.46635e-01 1.34e-01
3.48330e-01 1.32e-01
3.50093e-01 1.29e-01
3.51783e-01 1.27e-01
3.53470e-01 1.25e-01
3.55224e-01 1.23e-01
3.56905e-01 1.20e-01
3.58583e-01 1.18e-01
3.60259e-01 1.16e-01
3.61931e-01 1.13e-01
3.63601e-01 1.11e-01
3.65268e-01 1.09e-01
3.66932e-01 1.06e-01
3.68594e-01 1.04e-01
3.70183e-01 1.02e-01
3.71839e-01 9.98e-02
3.73493e-01 9.78e-02
3.75075e-01 9.57e-02
3.76723e-01 9.38e-02
3.78299e-01 9.18e-02
3.79942e-01 8.99e-02
3.81514e-01 8.80e-02
3.83151e-01 8.61e-02
3.84718e-01 8.43e-02
3.86282e-01 8.25e-02
3.87912e-01 8.08e-02
3.89471e-01 7.92e-02
3.91028e-01 7.77e-02
3.92582e-01 7.62e-02
3.94134e-01 7.47e-02
3.95684e-01 7.34e-02
3.97231e-01 7.20e-02
3.98776e-01 7.06e-02
3.99581e-01 7.00e-02
4.01122e-01 6.87e-02
4.02661e-01 6.73e-02
4.04131e-01 6.60e-02
4.05665e-01 6.47e-02
4.07197e-01 6.35e-02
4.08726e-01 6.24e-02
4.10187e-01 6.12e-02
4.11712e-01 6.01e-02
4.13169e-01 5.90e-02
4.14689e-01 5.79e-02
4.16141e-01 5.69e-02
4.17657e-01 5.60e-02
4.19105e-01 5.50e-02
4.20616e-01 5.41e-02
4.22060e-01 5.32e-02
4.23501e-01 5.23e-02
4.25006e-01 5.15e-02
4.26444e-01 5.07e-02
4.27879e-01 4.99e-02
4.29312e-01 4.91e-02
4.30743e-01 4.83e-02
4.32172e-01 4.75e-02
4.33599e-01 4.68e-02
4.35024e-01 4.61e-02
4.36447e-01 4.55e-02
4.37868e-01 4.48e-02
4.39287e-01 4.42e-02
4.40704e-01 4.36e-02
4.42118e-01 4.30e-02
4.43467e-01 4.24e-02
4.44878e-01 4.19e-02
4.46287e-01 4.14e-02
4.47630e-01 4.09e-02
4.49035e-01 4.04e-02
4.50438e-01 3.99e-02
4.51776e-01 3.95e-02
4.53175e-01 3.90e-02
4.54509e-01 3.86e-02
4.55841e-01 3.82e-02
4.57235e-01 3.78e-02
4.58563e-01 3.74e-02
4.59953e-01 3.70e-02
4.61278e-01 3.66e-02
4.62601e-01 3.63e-02
4.63923e-01 3.59e-02
4.65305e-01 3.56e-02
4.66623e-01 3.53e-02
4.67939e-01 3.50e-02
4.69253e-01 3.47e-02
4.70566e-01 3.44e-02
4.71877e-01 3.41e-02
4.73186e-01 3.38e-02
4.74494e-01 3.35e-02
4.75799e-01 3.32e-02
4.77103e-01 3.29e-02
4.78406e-01 3.26e-02
4.79706e-01 3.24e-02
4.80944e-01 3.21e-02
4.82241e-01 3.19e-02
4.83537e-01 3.16e-02
4.84831e-01 3.13e-02
4.86062e-01 3.11e-02
4.87352e-01 3.08e-02
4.88641e-01 3.06e-02
4.89868e-01 3.03e-02
4.91153e-01 3.01e-02
4.92376e-01 2.98e-02
4.93659e-01 2.96e-02
4.94879e-01 2.94e-02
4.96159e-01 2.91e-02
4.97376e-01 2.89e-02
4.98591e-01 2.87e-02
4.99866e-01 2.84e-02
5.01078e-01 2.82e-02
5.02289e-01 2.80e-02
5.03559e-01 2.78e-02
5.04767e-01 2.76e-02
5.05974e-01 2.73e-02
5.07179e-01 2.71e-02
5.08383e-01 2.69e-02
5.09645e-01 2.67e-02
5.10846e-01 2.64e-02
5.12045e-01 2.62e-02
5.13243e-01 2.60e-02
5.14439e-01 2.58e-02
5.15634e-01 2.56e-02
5.16828e-01 2.54e-02
5.18020e-01 2.53e-02
5.19210e-01 2.51e-02
5.19746e-01 2.50e-02
5.20934e-01 2.48e-02
5.22122e-01 2.46e-02
5.23307e-01 2.44e-02
5.24492e-01 2.43e-02
5.25616e-01 2.41e-02
5.26797e-01 2.39e-02
5.27978e-01 2.37e-02
5.29157e-01 2.36e-02
5.30275e-01 2.34e-02
5.31451e-01 2.33e-02
5.32568e-01 2.31e-02
5.33741e-01 2.29e-02
5.34855e-01 2.28e-02
5.36025e-01 2.26e-02
5.37136e-01 2.25e-02
5.38305e-01 2.23e-02
5.39413e-01 2.22e-02
5.40579e-01 2.20e-02
5.41685e-01 2.19e-02
5.42789e-01 2.18e-02
5.43951e-01 2.16e-02
5.45053e-01 2.15e-02
5.46154e-01 2.13e-02
5.47312e-01 2.12e-02
5.48410e-01 2.10e-02
5.49508e-01 2.09e-02
5.50604e-01 2.08e-02
5.51699e-01 2.06e-02
5.52850e-01 2.05e-02
5.53943e-01 2.04e-02
5.55034e-01 2.03e-02
5.56124e-01 2.02e-02
5.57213e-01 2.01e-02
5.58301e-01 2.00e-02
5.59387e-01 1.99e-02
5.60473e-01 1.98e-02
5.61557e-01 1.97e-02
5.62640e-01 1.97e-02
5.63722e-01 1.96e-02
5.64745e-01 1.95e-02
5.65825e-01 1.95e-02
5.66903e-01 1.94e-02
5.67981e-01 1.93e-02
5.69057e-01 1.93e-02
5.70075e-01 1.92e-02
5.71149e-01 1.92e-02
5.72222e-01 1.92e-02
5.73293e-01 1.91e-02
5.74307e-01 1.91e-02
5.75377e-01 1.91e-02
5.84225e-01 1.89e-02
5.88287e-01 1.89e-02
5.90339e-01 1.90e-02
5.93382e-01 1.90e-02
5.94376e-01 1.90e-02
5.95369e-01 1.91e-02
5.96361e-01 1.91e-02
5.97407e-01 1.91e-02
5.98397e-01 1.91e-02
5.99386e-01 1.92e-02
6.00374e-01 1.92e-02
6.01361e-01 1.93e-02
6.02347e-01 1.93e-02
6.03332e-01 1.94e-02
6.04316e-01 1.94e-02
6.05299e-01 1.95e-02
6.06281e-01 1.95e-02
6.07262e-01 1.96e-02
6.08243e-01 1.97e-02
6.09222e-01 1.98e-02
6.10200e-01 1.99e-02
6.11178e-01 1.99e-02
6.12154e-01 2.00e-02
6.13129e-01 2.01e-02
6.14104e-01 2.02e-02
6.15023e-01 2.03e-02
6.15996e-01 2.04e-02
6.16968e-01 2.05e-02
6.17939e-01 2.06e-02
6.18908e-01 2.07e-02
6.19824e-01 2.08e-02
6.20792e-01 2.08e-02
6.21759e-01 2.09e-02
6.22671e-01 2.10e-02
6.23636e-01 2.11e-02
6.24601e-01 2.11e-02
6.25511e-01 2.12e-02
6.26473e-01 2.12e-02
6.27435e-01 2.13e-02
6.28342e-01 2.13e-02
6.29302e-01 2.14e-02
6.30207e-01 2.15e-02
6.31165e-01 2.16e-02
6.32069e-01 2.16e-02
6.33026e-01 2.16e-02
6.33928e-01 2.17e-02
6.34882e-01 2.17e-02
6.35783e-01 2.17e-02
6.36683e-01 2.18e-02
6.37634e-01 2.18e-02
6.38533e-01 2.19e-02
6.39483e-01 2.20e-02
6.40379e-01 2.20e-02
6.41275e-01 2.21e-02
6.42222e-01 2.22e-02
6.43116e-01 2.23e-02
6.44009e-01 2.24e-02
6.44902e-01 2.24e-02
6.45846e-01 2.25e-02
6.46737e-01 2.26e-02
6.47627e-01 2.27e-02
6.48516e-01 2.27e-02
6.48986e-01 2.28e-02
6.50761e-01 2.28e-02
6.51648e-01 2.28e-02
6.52533e-01 2.29e-02
6.53418e-01 2.30e-02
6.54302e-01 2.30e-02
6.55186e-01 2.31e-02
6.56120e-01 2.33e-02
6.56535e-01 2.33e-02
6.57416e-01 2.33e-02
6.58297e-01 2.34e-02
6.59177e-01 2.34e-02
6.60056e-01 2.35e-02
6.60934e-01 2.36e-02
6.61811e-01 2.36e-02
6.62688e-01 2.37e-02
6.63564e-01 2.37e-02
6.64439e-01 2.38e-02
6.65262e-01 2.39e-02
6.66136e-01 2.39e-02
6.67009e-01 2.40e-02
6.67881e-01 2.41e-02
6.68752e-01 2.42e-02
6.69623e-01 2.43e-02
6.70441e-01 2.44e-02
6.71310e-01 2.45e-02
6.72179e-01 2.46e-02
6.73047e-01 2.47e-02
6.73862e-01 2.47e-02
6.74729e-01 2.48e-02
6.75594e-01 2.48e-02
6.76408e-01 2.49e-02
6.77272e-01 2.49e-02
6.78135e-01 2.49e-02
6.78947e-01 2.49e-02
6.79809e-01 2.50e-02
6.82339e-01 2.50e-02
6.83147e-01 2.50e-02
6.84006e-01 2.51e-02
6.84813e-01 2.51e-02
6.85669e-01 2.52e-02
6.86475e-01 2.53e-02
6.87330e-01 2.53e-02
6.88135e-01 2.54e-02
6.88989e-01 2.54e-02
6.89792e-01 2.55e-02
6.90594e-01 2.55e-02
6.91446e-01 2.56e-02
6.92247e-01 2.56e-02
6.93097e-01 2.57e-02
6.93897e-01 2.57e-02
6.94696e-01 2.58e-02
6.95544e-01 2.59e-02
6.96342e-01 2.59e-02
6.97139e-01 2.60e-02
6.97985e-01 2.61e-02
6.98781e-01 2.62e-02
6.99576e-01 2.62e-02
7.00371e-01 2.63e-02
7.01215e-01 2.64e-02
7.02008e-01 2.65e-02
7.02800e-01 2.66e-02
7.03592e-01 2.67e-02
7.04384e-01 2.68e-02
7.05224e-01 2.70e-02
7.05619e-01 2.70e-02
7.06409e-01 2.71e-02
7.07198e-01 2.72e-02
7.07987e-01 2.72e-02
7.08774e-01 2.73e-02
7.09562e-01 2.73e-02
7.10348e-01 2.74e-02
7.11134e-01 2.75e-02
7.11920e-01 2.77e-02
7.12754e-01 2.78e-02
7.13538e-01 2.79e-02
7.14321e-01 2.80e-02
7.15104e-01 2.80e-02
7.16278e-01 2.81e-02
7.18961e-01 2.82e-02
7.19351e-01 2.82e-02
7.20130e-01 2.82e-02
7.20908e-01 2.83e-02
7.21686e-01 2.84e-02
7.22463e-01 2.85e-02
7.23240e-01 2.86e-02
7.24016e-01 2.87e-02
7.24743e-01 2.88e-02
7.25518e-01 2.89e-02
7.26292e-01 2.90e-02
7.27065e-01 2.92e-02
7.27838e-01 2.93e-02
7.28611e-01 2.96e-02
7.29334e-01 2.98e-02
7.30106e-01 3.00e-02
7.30491e-01 3.01e-02
7.30876e-01 3.02e-02
7.31262e-01 3.02e-02
7.31983e-01 3.03e-02
7.32752e-01 3.03e-02
7.33521e-01 3.04e-02
7.33905e-01 3.05e-02
7.34625e-01 3.06e-02
7.35392e-01 3.08e-02
7.36159e-01 3.10e-02
7.36877e-01 3.12e-02
7.37642e-01 3.13e-02
7.38360e-01 3.14e-02
7.39124e-01 3.15e-02
7.39888e-01 3.16e-02
7.40603e-01 3.17e-02
7.41366e-01 3.18e-02
7.42080e-01 3.20e-02
7.42842e-01 3.21e-02
7.43603e-01 3.23e-02
7.44315e-01 3.24e-02
7.45075e-01 3.24e-02
7.45787e-01 3.25e-02
7.46546e-01 3.26e-02
7.47257e-01 3.28e-02
7.47967e-01 3.30e-02
7.48724e-01 3.32e-02
7.49433e-01 3.34e-02
7.50189e-01 3.36e-02
7.50897e-01 3.38e-02
7.51652e-01 3.40e-02
7.52359e-01 3.42e-02
7.53066e-01 3.43e-02
7.53819e-01 3.45e-02
7.54524e-01 3.47e-02
7.55277e-01 3.50e-02
7.55981e-01 3.52e-02
7.56685e-01 3.54e-02
7.57436e-01 3.57e-02
7.58139e-01 3.60e-02
7.58841e-01 3.62e-02
7.59543e-01 3.63e-02
7.60292e-01 3.65e-02
7.60993e-01 3.67e-02
7.61693e-01 3.70e-02
7.62393e-01 3.73e-02
7.63140e-01 3.77e-02
7.63839e-01 3.81e-02
7.64537e-01 3.84e-02
7.65235e-01 3.87e-02
7.65979e-01 3.90e-02
7.66676e-01 3.93e-02
7.67373e-01 3.96e-02
7.68069e-01 4.00e-02
7.68765e-01 4.04e-02
7.69460e-01 4.08e-02
7.70155e-01 4.12e-02
7.70895e-01 4.16e-02
7.71589e-01 4.20e-02
7.72282e-01 4.24e-02
7.72974e-01 4.28e-02
7.73667e-01 4.32e-02
7.74358e-01 4.35e-02
7.75050e-01 4.39e-02
7.75740e-01 4.42e-02
7.76431e-01 4.46e-02
7.77121e-01 4.50e-02
7.77810e-01 4.54e-02
7.78499e-01 4.57e-02
7.79187e-01 4.61e-02
7.79875e-01 4.65e-02
7.80563e-01 4.69e-02
7.81250e-01 4.72e-02
7.81936e-01 4.76e-02
7.82622e-01 4.79e-02
7.83308e-01 4.82e-02
7.83993e-01 4.86e-02
7.84677e-01 4.89e-02
7.85362e-01 4.92e-02
7.86000e-01 4.94e-02
7.86683e-01 4.97e-02
7.87366e-01 5.00e-02
7.88048e-01 5.04e-02
7.88730e-01 5.07e-02
7.89411e-01 5.10e-02
7.90092e-01 5.14e-02
7.90728e-01 5.18e-02
7.91408e-01 5.21e-02
7.92087e-01 5.25e-02
7.92766e-01 5.29e-02
7.93445e-01 5.33e-02
7.94078e-01 5.36e-02
7.94756e-01 5.40e-02
7.95433e-01 5.44e-02
7.96110e-01 5.48e-02
7.96741e-01 5.52e-02
7.97417e-01 5.55e-02
7.98093e-01 5.59e-02
7.98768e-01 5.62e-02
7.99397e-01 5.66e-02
8.00071e-01 5.69e-02
8.00745e-01 5.73e-02
8.01374e-01 5.77e-02
8.02046e-01 5.81e-02
8.02719e-01 5.85e-02
8.03346e-01 5.90e-02
8.04017e-01 5.94e-02
8.04644e-01 5.98e-02
8.05314e-01 6.02e-02
8.05985e-01 6.06e-02
8.06610e-01 6.10e-02
8.07279e-01 6.13e-02
8.07903e-01 6.17e-02
8.08572e-01 6.21e-02
8.09240e-01 6.24e-02
8.09863e-01 6.27e-02
8.10530e-01 6.31e-02
8.11152e-01 6.34e-02
8.11819e-01 6.37e-02
8.12440e-01 6.40e-02
8.13106e-01 6.42e-02
8.13726e-01 6.44e-02
8.14391e-01 6.45e-02
8.15321e-01 6.46e-02
8.17575e-01 6.47e-02
8.22024e-01 6.46e-02
8.24219e-01 6.47e-02
8.24526e-01 6.48e-02
8.27678e-01 6.47e-02
8.28945e-01 6.46e-02
8.29250e-01 6.45e-02
8.29556e-01 6.45e-02
8.30166e-01 6.44e-02
8.30776e-01 6.43e-02
8.31430e-01 6.42e-02
8.32039e-01 6.42e-02
8.32648e-01 6.41e-02
8.33257e-01 6.40e-02
8.33909e-01 6.39e-02
8.34517e-01 6.37e-02
8.35124e-01 6.36e-02
8.35731e-01 6.34e-02
8.36338e-01 6.33e-02
8.36988e-01 6.32e-02
8.38199e-01 6.31e-02
8.38805e-01 6.32e-02
8.39410e-01 6.32e-02
8.40014e-01 6.34e-02
8.40618e-01 6.35e-02
8.41265e-01 6.37e-02
8.41869e-01 6.39e-02
8.42773e-01 6.40e-02
8.43677e-01 6.40e-02
8.46383e-01 6.40e-02
8.47284e-01 6.40e-02
8.47883e-01 6.41e-02
8.48526e-01 6.43e-02
8.49125e-01 6.44e-02
8.49723e-01 6.47e-02
8.50322e-01 6.49e-02
8.50920e-01 6.51e-02
8.51219e-01 6.52e-02
8.51518e-01 6.52e-02
8.51816e-01 6.51e-02
8.52115e-01 6.51e-02
8.52712e-01 6.48e-02
8.53308e-01 6.45e-02
8.53862e-01 6.42e-02
8.54458e-01 6.38e-02
8.55053e-01 6.35e-02
8.55649e-01 6.33e-02
8.56243e-01 6.31e-02
8.56838e-01 6.30e-02
8.57432e-01 6.28e-02
8.58026e-01 6.27e-02
8.58619e-01 6.26e-02
8.59212e-01 6.25e-02
8.59805e-01 6.24e-02
8.60397e-01 6.23e-02
8.60947e-01 6.22e-02
8.61539e-01 6.21e-02
8.62130e-01 6.20e-02
8.63017e-01 6.19e-02
8.65040e-01 6.18e-02
8.65629e-01 6.18e-02
8.66218e-01 6.18e-02
8.66806e-01 6.19e-02
8.67395e-01 6.20e-02
8.67689e-01 6.20e-02
8.68234e-01 6.20e-02
8.68822e-01 6.19e-02
8.69409e-01 6.17e-02
8.69995e-01 6.16e-02
8.70540e-01 6.14e-02
8.71126e-01 6.13e-02
8.71419e-01 6.13e-02
8.72548e-01 6.13e-02
8.73133e-01 6.14e-02
8.73717e-01 6.15e-02
8.74301e-01 6.16e-02
8.74844e-01 6.17e-02
8.75427e-01 6.19e-02
8.76010e-01 6.21e-02
8.76551e-01 6.23e-02
8.77134e-01 6.25e-02
8.77716e-01 6.27e-02
8.78257e-01 6.29e-02
8.78838e-01 6.32e-02
8.79419e-01 6.34e-02
8.79959e-01 6.37e-02
8.80539e-01 6.40e-02
8.81119e-01 6.43e-02
8.81658e-01 6.46e-02
8.82237e-01 6.49e-02
8.82775e-01 6.52e-02
8.83354e-01 6.55e-02
8.83933e-01 6.58e-02
8.84470e-01 6.61e-02
8.85048e-01 6.64e-02
8.85584e-01 6.67e-02
8.86161e-01 6.70e-02
8.86738e-01 6.73e-02
8.87274e-01 6.76e-02
8.87850e-01 6.79e-02
8.88385e-01 6.83e-02
8.88961e-01 6.86e-02
8.89495e-01 6.90e-02
8.90070e-01 6.94e-02
8.90604e-01 6.98e-02
8.91178e-01 7.02e-02
8.91711e-01 7.06e-02
8.92285e-01 7.10e-02
8.92817e-01 7.15e-02
8.93391e-01 7.19e-02
8.93922e-01 7.23e-02
8.94495e-01 7.28e-02
8.95026e-01 7.32e-02
8.95598e-01 7.37e-02
8.96129e-01 7.42e-02
8.96700e-01 7.47e-02
8.97230e-01 7.51e-02
8.97760e-01 7.57e-02
8.98330e-01 7.62e-02
8.98860e-01 7.68e-02
8.99429e-01 7.74e-02
8.99958e-01 7.79e-02
9.00527e-01 7.85e-02
9.01055e-01 7.91e-02
9.01583e-01 7.97e-02
9.02151e-01 8.03e-02
9.02679e-01 8.09e-02
9.03205e-01 8.14e-02
9.03773e-01 8.20e-02
9.04299e-01 8.26e-02
9.04866e-01 8.32e-02
9.05392e-01 8.37e-02
9.05917e-01 8.43e-02
9.06483e-01 8.49e-02
9.07008e-01 8.55e-02
9.07532e-01 8.60e-02
9.08097e-01 8.66e-02
9.08621e-01 8.72e-02
9.09145e-01 8.77e-02
9.09669e-01 8.83e-02
9.10232e-01 8.88e-02
9.10755e-01 8.94e-02
9.11278e-01 8.99e-02
9.11841e-01 9.04e-02
9.12363e-01 9.09e-02
9.12885e-01 9.14e-02
9.13407e-01 9.18e-02
9.13968e-01 9.23e-02
9.14489e-01 9.28e-02
9.15010e-01 9.32e-02
9.15530e-01 9.37e-02
9.16091e-01 9.42e-02
9.16611e-01 9.48e-02
9.17130e-01 9.53e-02
9.17650e-01 9.59e-02
9.18169e-01 9.64e-02
9.18728e-01 9.70e-02
9.19246e-01 9.77e-02
9.19765e-01 9.83e-02
9.20283e-01 9.89e-02
9.20801e-01 9.96e-02
9.21358e-01 1.00e-01
9.21875e-01 1.01e-01
9.22392e-01 1.01e-01
9.22909e-01 1.02e-01
9.23425e-01 1.03e-01
9.23941e-01 1.03e-01
9.24457e-01 1.04e-01
9.25013e-01 1.04e-01
9.25528e-01 1.04e-01
9.26043e-01 1.05e-01
9.26558e-01 1.05e-01
9.27072e-01 1.06e-01
9.27587e-01 1.06e-01
9.28101e-01 1.06e-01
9.28614e-01 1.06e-01
9.29128e-01 1.07e-01
9.29681e-01 1.07e-01
9.30194e-01 1.07e-01
9.30706e-01 1.07e-01
9.31219e-01 1.08e-01
9.31731e-01 1.08e-01
9.32243e-01 1.08e-01
9.32754e-01 1.08e-01
9.33266e-01 1.08e-01
9.33777e-01 1.09e-01
9.34288e-01 1.09e-01
9.34798e-01 1.09e-01
9.35583e-01 1.09e-01
9.36838e-01 1.09e-01
9.38874e-01 1.09e-01
9.39382e-01 1.09e-01
9.39890e-01 1.09e-01
9.40398e-01 1.08e-01
9.40905e-01 1.08e-01
9.41413e-01 1.08e-01
9.41919e-01 1.08e-01
9.42426e-01 1.08e-01
9.42933e-01 1.07e-01
9.43439e-01 1.07e-01
9.43945e-01 1.07e-01
9.44450e-01 1.07e-01
9.44956e-01 1.07e-01
9.45422e-01 1.07e-01
9.45927e-01 1.07e-01
9.46432e-01 1.06e-01
9.46936e-01 1.06e-01
9.47441e-01 1.06e-01
9.47944e-01 1.06e-01
9.48448e-01 1.06e-01
9.48952e-01 1.05e-01
9.49455e-01 1.05e-01
9.49919e-01 1.05e-01
9.50422e-01 1.05e-01
9.50924e-01 1.05e-01
9.51426e-01 1.04e-01
9.51928e-01 1.04e-01
9.52430e-01 1.04e-01
9.52931e-01 1.04e-01
9.53394e-01 1.03e-01
9.53895e-01 1.03e-01
9.54395e-01 1.03e-01
9.54896e-01 1.02e-01
9.55396e-01 1.02e-01
9.55896e-01 1.01e-01
9.56357e-01 1.01e-01
9.56857e-01 1.00e-01
9.57356e-01 9.95e-02
9.57855e-01 9.89e-02
9.58354e-01 9.84e-02
9.58814e-01 9.78e-02
9.59312e-01 9.72e-02
9.59810e-01 9.67e-02
9.60308e-01 9.61e-02
9.60767e-01 9.55e-02
9.61264e-01 9.49e-02
9.61761e-01 9.44e-02
9.62258e-01 9.39e-02
9.62716e-01 9.35e-02
9.63212e-01 9.30e-02
9.63709e-01 9.26e-02
9.64204e-01 9.23e-02
9.64662e-01 9.20e-02
9.65157e-01 9.17e-02
9.65652e-01 9.15e-02
9.66147e-01 9.14e-02
9.66604e-01 9.13e-02
9.67326e-01 9.12e-02
9.71423e-01 9.08e-02
9.72369e-01 9.09e-02
9.72860e-01 9.10e-02
9.75012e-01 9.14e-02
9.75503e-01 9.13e-02
9.75955e-01 9.11e-02
9.76445e-01 9.09e-02
9.76897e-01 9.06e-02
9.77386e-01 9.03e-02
9.77875e-01 9.00e-02
9.78326e-01 8.98e-02
9.78815e-01 8.95e-02
9.79266e-01 8.92e-02
9.79754e-01 8.90e-02
9.80242e-01 8.88e-02
9.80692e-01 8.87e-02
9.81179e-01 8.85e-02
9.81629e-01 8.84e-02
9.82116e-01 8.83e-02
9.82565e-01 8.82e-02
9.83052e-01 8.81e-02
9.83501e-01 8.80e-02
9.83987e-01 8.79e-02
9.86786e-01 8.79e-02
9.89132e-01 8.81e-02
9.90507e-01 8.83e-02
9.90990e-01 8.84e-02
9.91435e-01 8.85e-02
9.91918e-01 8.86e-02
9.92362e-01 8.87e-02
9.92844e-01 8.88e-02
9.93289e-01 8.90e-02
9.93733e-01 8.91e-02
9.94214e-01 8.92e-02
9.94658e-01 8.94e-02
9.95139e-01 8.95e-02
9.95582e-01 8.97e-02
9.96063e-01 8.98e-02
9.96506e-01 8.99e-02
9.96986e-01 9.01e-02
9.97428e-01 9.02e-02
9.97871e-01 9.02e-02
9.98350e-01 9.03e-02
9.98792e-01 9.04e-02
9.99271e-01 9.05e-02
9.99712e-01 9.06e-02
1.00015e+00 9.07e-02
1.00063e+00 9.08e-02
1.00107e+00 9.09e-02
1.00155e+00 9.10e-02
1.00199e+00 9.12e-02
1.00243e+00 9.13e-02
1.00291e+00 9.15e-02
1.00335e+00 9.17e-02
1.00379e+00 9.18e-02
1.00426e+00 9.20e-02
1.00470e+00 9.22e-02
1.00518e+00 9.25e-02
1.00562e+00 9.27e-02
1.00606e+00 9.30e-02
1.00653e+00 9.32e-02
1.00697e+00 9.35e-02
1.00741e+00 9.38e-02
1.00788e+00 9.41e-02
1.00832e+00 9.44e-02
1.00876e+00 9.48e-02
1.00923e+00 9.51e-02
1.00967e+00 9.55e-02
1.01011e+00 9.59e-02
1.01058e+00 9.63e-02
1.01102e+00 9.67e-02
1.01146e+00 9.71e-02
1.01189e+00 9.75e-02
1.01236e+00 9.79e-02
1.01280e+00 9.83e-02
1.01324e+00 9.87e-02
1.01371e+00 9.91e-02
1.01414e+00 9.95e-02
1.01458e+00 9.99e-02
1.01501e+00 1.00e-01
1.01548e+00 1.01e-01
1.01592e+00 1.01e-01
1.01635e+00 1.02e-01
1.01679e+00 1.02e-01
1.01726e+00 1.02e-01
1.01769e+00 1.03e-01
1.01813e+00 1.03e-01
1.01856e+00 1.03e-01
1.01903e+00 1.04e-01
1.01946e+00 1.04e-01
1.01989e+00 1.05e-01
1.02033e+00 1.05e-01
1.02079e+00 1.05e-01
1.02123e+00 1.06e-01
1.02166e+00 1.06e-01
1.02209e+00 1.07e-01
1.02252e+00 1.07e-01
1.02299e+00 1.07e-01
1.02342e+00 1.08e-01
1.02385e+00 1.08e-01
1.02428e+00 1.08e-01
1.02471e+00 1.09e-01
1.02518e+00 1.09e-01
1.02561e+00 1.09e-01
1.02604e+00 1.10e-01
1.02647e+00 1.10e-01
1.02690e+00 1.10e-01
1.02737e+00 1.10e-01
1.02780e+00 1.11e-01
1.02823e+00 1.11e-01
1.02865e+00 1.11e-01
1.02908e+00 1.11e-01
1.02951e+00 1.11e-01
1.03019e+00 1.11e-01
1.03254e+00 1.12e-01
1.03429e+00 1.11e-01
1.03557e+00 1.11e-01
1.03642e+00 1.11e-01
1.03684e+00 1.11e-01
1.03730e+00 1.11e-01
1.03773e+00 1.11e-01
1.03815e+00 1.10e-01
1.03858e+00 1.10e-01
1.03900e+00 1.10e-01
1.03943e+00 1.10e-01
1.03985e+00 1.10e-01
1.04028e+00 1.09e-01
1.04070e+00 1.09e-01
1.04112e+00 1.09e-01
1.04155e+00 1.09e-01
1.04197e+00 1.08e-01
1.04239e+00 1.08e-01
1.04282e+00 1.08e-01
1.04324e+00 1.07e-01
1.04370e+00 1.07e-01
1.04412e+00 1.07e-01
1.04454e+00 1.06e-01
1.04497e+00 1.06e-01
1.04539e+00 1.06e-01
1.04581e+00 1.05e-01
1.04623e+00 1.05e-01
1.04665e+00 1.04e-01
1.04707e+00 1.04e-01
1.04749e+00 1.04e-01
1.04792e+00 1.03e-01
1.04834e+00 1.03e-01
1.04876e+00 1.02e-01
1.04918e+00 1.02e-01
1.04960e+00 1.01e-01
1.05002e+00 1.01e-01
1.05044e+00 1.00e-01
1.05086e+00 9.99e-02
1.05128e+00 9.94e-02
1.05170e+00 9.89e-02
1.05211e+00 9.85e-02
1.05253e+00 9.80e-02
1.05295e+00 9.76e-02
1.05337e+00 9.73e-02
1.05379e+00 9.69e-02
1.05421e+00 9.66e-02
1.05463e+00 9.63e-02
1.05504e+00 9.61e-02
1.05543e+00 9.58e-02
1.05584e+00 9.56e-02
1.05626e+00 9.54e-02
1.05668e+00 9.52e-02
1.05710e+00 9.50e-02
1.05751e+00 9.48e-02
1.05793e+00 9.47e-02
1.05835e+00 9.45e-02
1.05876e+00 9.43e-02
1.05918e+00 9.41e-02
1.05959e+00 9.38e-02
1.06001e+00 9.35e-02
1.06043e+00 9.32e-02
1.06084e+00 9.28e-02
1.06126e+00 9.24e-02
1.06164e+00 9.19e-02
1.06205e+00 9.14e-02
1.06247e+00 9.09e-02
1.06288e+00 9.03e-02
1.06330e+00 8.98e-02
1.06371e+00 8.91e-02
1.06412e+00 8.85e-02
1.06454e+00 8.79e-02
1.06495e+00 8.73e-02
1.06537e+00 8.67e-02
1.06574e+00 8.61e-02
1.06616e+00 8.55e-02
1.06657e+00 8.49e-02
1.06698e+00 8.44e-02
1.06740e+00 8.39e-02
1.06781e+00 8.35e-02
1.06822e+00 8.30e-02
1.06860e+00 8.26e-02
1.06901e+00 8.22e-02
1.06942e+00 8.19e-02
1.06984e+00 8.15e-02
1.07025e+00 8.12e-02
1.07066e+00 8.10e-02
1.07107e+00 8.07e-02
1.07145e+00 8.05e-02
1.07186e+00 8.03e-02
1.07227e+00 8.01e-02
1.07268e+00 7.98e-02
1.07309e+00 7.96e-02
1.07350e+00 7.94e-02
1.07388e+00 7.91e-02
1.07429e+00 7.88e-02
1.07470e+00 7.85e-02
1.07510e+00 7.82e-02
1.07551e+00 7.78e-02
1.07592e+00 7.75e-02
1.07630e+00 7.73e-02
1.07671e+00 7.70e-02
1.07712e+00 7.68e-02
1.07752e+00 7.66e-02
1.07793e+00 7.64e-02
1.07831e+00 7.62e-02
1.07872e+00 7.60e-02
1.07912e+00 7.59e-02
1.07953e+00 7.58e-02
1.07991e+00 7.56e-02
1.08031e+00 7.55e-02
1.08072e+00 7.53e-02
1.08113e+00 7.50e-02
1.08153e+00 7.47e-02
1.08191e+00 7.43e-02
1.08231e+00 7.40e-02
1.08272e+00 7.37e-02
1.08313e+00 7.33e-02
1.08350e+00 7.31e-02
1.08390e+00 7.28e-02
1.08431e+00 7.25e-02
1.08472e+00 7.23e-02
1.08509e+00 7.20e-02
1.08549e+00 7.18e-02
1.08590e+00 7.16e-02
1.08630e+00 7.13e-02
1.08667e+00 7.11e-02
1.08708e+00 7.09e-02
1.08748e+00 7.07e-02
1.08789e+00 7.05e-02
1.08826e+00 7.04e-02
1.08866e+00 7.02e-02
1.08907e+00 7.00e-02
1.08947e+00 6.98e-02
1.08984e+00 6.97e-02
1.09024e+00 6.96e-02
1.09065e+00 6.94e-02
1.09102e+00 6.93e-02
1.09142e+00 6.92e-02
1.09397e+00 6.88e-02
1.09828e+00 6.82e-02
1.10118e+00 6.79e-02
1.10254e+00 6.79e-02
1.10522e+00 6.81e-02
1.10810e+00 6.84e-02
1.11422e+00 6.81e-02
1.11573e+00 6.80e-02
1.11799e+00 6.78e-02
1.12028e+00 6.76e-02
1.12308e+00 6.72e-02
1.12438e+00 6.72e-02
1.12512e+00 6.72e-02
1.12551e+00 6.73e-02
1.12587e+00 6.74e-02
1.12626e+00 6.75e-02
1.12662e+00 6.76e-02
1.12701e+00 6.77e-02
1.12736e+00 6.79e-02
1.12869e+00 6.81e-02
1.13072e+00 6.84e-02
1.13201e+00 6.84e-02
1.13350e+00 6.83e-02
1.13459e+00 6.81e-02
1.13607e+00 6.79e-02
1.13645e+00 6.78e-02
1.13681e+00 6.77e-02
1.13716e+00 6.76e-02
1.13754e+00 6.75e-02
1.13790e+00 6.74e-02
1.13828e+00 6.74e-02
1.13863e+00 6.73e-02
1.13902e+00 6.72e-02
1.13937e+00 6.71e-02
1.13972e+00 6.70e-02
1.14011e+00 6.70e-02
1.14046e+00 6.69e-02
1.14084e+00 6.68e-02
1.14119e+00 6.67e-02
1.14158e+00 6.66e-02
1.14193e+00 6.65e-02
1.14228e+00 6.63e-02
1.14266e+00 6.62e-02
1.14301e+00 6.60e-02
1.14339e+00 6.58e-02
1.14374e+00 6.56e-02
1.14413e+00 6.53e-02
1.14448e+00 6.51e-02
1.14483e+00 6.49e-02
1.14521e+00 6.46e-02
1.14556e+00 6.43e-02
1.14594e+00 6.41e-02
1.14629e+00 6.38e-02
1.14664e+00 6.35e-02
1.14702e+00 6.32e-02
1.14737e+00 6.29e-02
1.14775e+00 6.26e-02
1.14810e+00 6.24e-02
1.14845e+00 6.21e-02
1.14883e+00 6.18e-02
1.14918e+00 6.15e-02
1.14956e+00 6.12e-02
1.14991e+00 6.09e-02
1.15026e+00 6.07e-02
1.15064e+00 6.04e-02
1.15098e+00 6.02e-02
1.15133e+00 6.00e-02
1.15171e+00 5.98e-02
1.15206e+00 5.97e-02
1.15244e+00 5.95e-02
1.15278e+00 5.94e-02
1.15313e+00 5.93e-02
1.15351e+00 5.91e-02
1.15474e+00 5.89e-02
1.15565e+00 5.88e-02
1.15638e+00 5.89e-02
1.15707e+00 5.89e-02
1.15745e+00 5.90e-02
1.15779e+00 5.91e-02
1.15814e+00 5.92e-02
1.15852e+00 5.93e-02
1.15886e+00 5.94e-02
1.15921e+00 5.95e-02
1.15958e+00 5.96e-02
1.15993e+00 5.97e-02
1.16027e+00 5.98e-02
1.16065e+00 5.99e-02
1.16099e+00 6.00e-02
1.16134e+00 6.02e-02
1.16171e+00 6.03e-02
1.16206e+00 6.04e-02
1.16240e+00 6.05e-02
1.16278e+00 6.07e-02
1.16312e+00 6.08e-02
1.16346e+00 6.09e-02
1.16384e+00 6.10e-02
1.16418e+00 6.11e-02
1.16452e+00 6.12e-02
1.16487e+00 6.12e-02
1.16524e+00 6.13e-02
1.16559e+00 6.14e-02
1.16593e+00 6.15e-02
1.16630e+00 6.15e-02
1.16664e+00 6.16e-02
1.16699e+00 6.17e-02
1.16736e+00 6.18e-02
1.16997e+00 6.21e-02
1.17189e+00 6.22e-02
1.17452e+00 6.21e-02
1.17557e+00 6.22e-02
1.17662e+00 6.24e-02
1.17921e+00 6.28e-02
1.18439e+00 6.33e-02
1.18662e+00 6.36e-02
1.18781e+00 6.36e-02
1.19022e+00 6.34e-02
1.19241e+00 6.31e-02
1.19547e+00 6.32e-02
1.19834e+00 6.31e-02
1.19903e+00 6.31e-02
1.19936e+00 6.33e-02
1.19969e+00 6.36e-02
1.19987e+00 6.36e-02
1.20087e+00 6.37e-02
1.20120e+00 6.38e-02
1.20153e+00 6.39e-02
1.20189e+00 6.41e-02
1.20204e+00 6.42e-02
1.20237e+00 6.43e-02
1.20270e+00 6.43e-02
1.20288e+00 6.44e-02
1.20339e+00 6.43e-02
1.20372e+00 6.43e-02
1.20405e+00 6.41e-02
1.20438e+00 6.40e-02
1.20471e+00 6.38e-02
1.20507e+00 6.37e-02
1.20540e+00 6.35e-02
1.20573e+00 6.33e-02
1.20606e+00 6.32e-02
1.20639e+00 6.30e-02
1.20672e+00 6.28e-02
1.20708e+00 6.26e-02
1.20741e+00 6.24e-02
1.20774e+00 6.22e-02
1.20806e+00 6.20e-02
1.20839e+00 6.18e-02
1.20872e+00 6.17e-02
1.20905e+00 6.15e-02
1.20941e+00 6.14e-02
1.20974e+00 6.13e-02
1.21006e+00 6.12e-02
1.21039e+00 6.11e-02
1.21072e+00 6.10e-02
1.21105e+00 6.10e-02
1.21188e+00 6.09e-02
1.21271e+00 6.09e-02
1.21337e+00 6.10e-02
1.21370e+00 6.11e-02
1.21405e+00 6.12e-02
1.21485e+00 6.14e-02
1.21619e+00 6.15e-02
1.21669e+00 6.16e-02
1.21717e+00 6.16e-02
1.21767e+00 6.16e-02
1.21799e+00 6.16e-02
1.21832e+00 6.17e-02
1.21864e+00 6.18e-02
1.21897e+00 6.19e-02
1.21932e+00 6.20e-02
1.21947e+00 6.20e-02
1.21980e+00 6.20e-02
1.22012e+00 6.19e-02
1.22045e+00 6.18e-02
1.22080e+00 6.16e-02
1.22112e+00 6.14e-02
1.22145e+00 6.13e-02
1.22177e+00 6.11e-02
1.22210e+00 6.10e-02
1.22242e+00 6.08e-02
1.22260e+00 6.08e-02
1.22472e+00 6.07e-02
1.22569e+00 6.07e-02
1.22633e+00 6.06e-02
1.22665e+00 6.05e-02
1.22698e+00 6.04e-02
1.22733e+00 6.03e-02
1.22765e+00 6.02e-02
1.22797e+00 6.01e-02
1.22829e+00 6.00e-02
1.22862e+00 5.98e-02
1.22894e+00 5.98e-02
1.22926e+00 5.97e-02
1.23136e+00 5.93e-02
1.23701e+00 5.88e-02
1.23861e+00 5.88e-02
1.23991e+00 5.89e-02
1.24086e+00 5.90e-02
1.24214e+00 5.92e-02
1.24499e+00 5.97e-02
1.24534e+00 5.98e-02
1.24769e+00 6.01e-02
1.25056e+00 6.02e-02
1.25119e+00 6.03e-02
1.25151e+00 6.04e-02
1.25182e+00 6.04e-02
1.25213e+00 6.05e-02
1.25245e+00 6.06e-02
1.25276e+00 6.07e-02
1.25308e+00 6.08e-02
1.25339e+00 6.10e-02
1.25371e+00 6.11e-02
1.25402e+00 6.12e-02
1.25433e+00 6.14e-02
1.25465e+00 6.15e-02
1.25496e+00 6.17e-02
1.25527e+00 6.19e-02
1.25559e+00 6.21e-02
1.25590e+00 6.22e-02
1.25621e+00 6.24e-02
1.25653e+00 6.26e-02
1.25684e+00 6.28e-02
1.25715e+00 6.30e-02
1.25749e+00 6.31e-02
1.25781e+00 6.33e-02
1.25812e+00 6.35e-02
1.25843e+00 6.36e-02
1.25875e+00 6.38e-02
1.25906e+00 6.39e-02
1.25937e+00 6.41e-02
1.25968e+00 6.43e-02
1.25999e+00 6.45e-02
1.26031e+00 6.46e-02
1.26062e+00 6.47e-02
1.26093e+00 6.49e-02
1.26342e+00 6.54e-02
1.26373e+00 6.55e-02
1.26404e+00 6.56e-02
1.26435e+00 6.57e-02
1.26466e+00 6.59e-02
1.26497e+00 6.61e-02
1.26528e+00 6.62e-02
1.26559e+00 6.64e-02
1.26590e+00 6.65e-02
1.26621e+00 6.67e-02
1.26652e+00 6.68e-02
1.26683e+00 6.69e-02
1.26714e+00 6.70e-02
1.26745e+00 6.71e-02
1.26776e+00 6.72e-02
1.26807e+00 6.73e-02
1.26838e+00 6.74e-02
1.26869e+00 6.75e-02
1.26900e+00 6.76e-02
1.26931e+00 6.77e-02
1.26962e+00 6.78e-02
1.26993e+00 6.79e-02
1.27024e+00 6.80e-02
1.27055e+00 6.80e-02
1.27086e+00 6.81e-02
1.27116e+00 6.82e-02
1.27147e+00 6.83e-02
1.27178e+00 6.84e-02
1.27209e+00 6.84e-02
1.27240e+00 6.86e-02
1.27271e+00 6.87e-02
1.27301e+00 6.88e-02
1.27332e+00 6.90e-02
1.27363e+00 6.92e-02
1.27394e+00 6.93e-02
1.27424e+00 6.95e-02
1.27455e+00 6.97e-02
1.27486e+00 6.98e-02
1.27517e+00 7.00e-02
1.27547e+00 7.02e-02
1.27578e+00 7.03e-02
1.27609e+00 7.05e-02
1.27640e+00 7.07e-02
1.27670e+00 7.08e-02
1.27701e+00 7.10e-02
1.27732e+00 7.11e-02
1.27762e+00 7.13e-02
1.27793e+00 7.14e-02
1.27824e+00 7.16e-02
1.27854e+00 7.17e-02
1.27885e+00 7.19e-02
1.27915e+00 7.20e-02
1.27946e+00 7.22e-02
1.27977e+00 7.23e-02
1.28007e+00 7.24e-02
1.28038e+00 7.26e-02
1.28068e+00 7.27e-02
1.28099e+00 7.28e-02
1.28129e+00 7.30e-02
1.28160e+00 7.31e-02
1.28191e+00 7.32e-02
1.28221e+00 7.33e-02
1.28252e+00 7.34e-02
1.28282e+00 7.35e-02
1.28313e+00 7.35e-02
1.28343e+00 7.36e-02
1.28374e+00 7.37e-02
1.28404e+00 7.38e-02
1.28434e+00 7.39e-02
1.28465e+00 7.39e-02
1.28573e+00 7.42e-02
1.28890e+00 7.44e-02
1.29538e+00 7.49e-02
1.29809e+00 7.49e-02
1.29929e+00 7.51e-02
1.29959e+00 7.52e-02
1.29989e+00 7.53e-02
1.30019e+00 7.54e-02
1.30049e+00 7.55e-02
1.30183e+00 7.58e-02
1.30316e+00 7.59e-02
1.30405e+00 7.58e-02
1.30465e+00 7.57e-02
1.30495e+00 7.56e-02
1.30525e+00 7.55e-02
1.30555e+00 7.54e-02
1.30779e+00 7.49e-02
1.31014e+00 7.46e-02
1.31044e+00 7.45e-02
1.31074e+00 7.43e-02
1.31103e+00 7.42e-02
1.31133e+00 7.41e-02
1.31162e+00 7.40e-02
1.31192e+00 7.38e-02
1.31222e+00 7.37e-02
1.31251e+00 7.35e-02
1.31281e+00 7.33e-02
1.31311e+00 7.31e-02
1.31340e+00 7.29e-02
1.31370e+00 7.27e-02
1.31399e+00 7.25e-02
1.31429e+00 7.22e-02
1.31458e+00 7.20e-02
1.31488e+00 7.17e-02
1.31517e+00 7.15e-02
1.31547e+00 7.13e-02
1.31576e+00 7.11e-02
1.31606e+00 7.09e-02
1.31635e+00 7.08e-02
1.31665e+00 7.06e-02
1.31694e+00 7.05e-02
1.31724e+00 7.03e-02
1.31753e+00 7.01e-02
1.31783e+00 6.99e-02
1.31812e+00 6.98e-02
1.31842e+00 6.96e-02
1.31871e+00 6.94e-02
1.31901e+00 6.92e-02
1.31930e+00 6.91e-02
1.31959e+00 6.89e-02
1.31989e+00 6.87e-02
1.32018e+00 6.84e-02
1.32048e+00 6.82e-02
1.32077e+00 6.80e-02
1.32106e+00 6.78e-02
1.32133e+00 6.75e-02
1.32162e+00 6.73e-02
1.32192e+00 6.70e-02
1.32221e+00 6.67e-02
1.32250e+00 6.65e-02
1.32280e+00 6.62e-02
1.32309e+00 6.60e-02
1.32338e+00 6.57e-02
1.32367e+00 6.55e-02
1.32397e+00 6.53e-02
1.32426e+00 6.51e-02
1.32455e+00 6.49e-02
1.32484e+00 6.47e-02
1.32514e+00 6.45e-02
1.32543e+00 6.43e-02
1.32572e+00 6.42e-02
1.32601e+00 6.40e-02
1.32631e+00 6.38e-02
1.32660e+00 6.37e-02
1.32689e+00 6.36e-02
1.32718e+00 6.35e-02
1.32819e+00 6.32e-02
1.32980e+00 6.30e-02
1.33213e+00 6.27e-02
1.33242e+00 6.26e-02
1.33271e+00 6.25e-02
1.33300e+00 6.24e-02
1.33329e+00 6.23e-02
1.33358e+00 6.21e-02
1.33387e+00 6.20e-02
1.33416e+00 6.18e-02
1.33445e+00 6.17e-02
1.33471e+00 6.15e-02
1.33500e+00 6.14e-02
1.33529e+00 6.13e-02
1.33558e+00 6.12e-02
1.33587e+00 6.11e-02
1.33616e+00 6.10e-02
1.33645e+00 6.09e-02
1.33674e+00 6.08e-02
1.33703e+00 6.07e-02
1.33731e+00 6.06e-02
1.33760e+00 6.05e-02
1.33789e+00 6.05e-02
1.33818e+00 6.04e-02
1.33847e+00 6.03e-02
1.33876e+00 6.02e-02
1.33905e+00 6.01e-02
1.33933e+00 6.00e-02
1.33962e+00 6.00e-02
1.33991e+00 5.99e-02
1.34020e+00 5.98e-02
1.34049e+00 5.97e-02
1.34077e+00 5.96e-02
1.34106e+00 5.95e-02
1.34135e+00 5.95e-02
1.34164e+00 5.94e-02
1.34409e+00 5.89e-02
1.34937e+00 5.85e-02
1.35222e+00 5.84e-02
1.35393e+00 5.82e-02
1.35478e+00 5.81e-02
1.35620e+00 5.78e-02
1.35705e+00 5.76e-02
1.35733e+00 5.76e-02
1.35761e+00 5.75e-02
1.35789e+00 5.75e-02
1.35818e+00 5.74e-02
1.35846e+00 5.73e-02
1.35874e+00 5.73e-02
1.35903e+00 5.72e-02
1.35931e+00 5.71e-02
1.35959e+00 5.71e-02
1.35987e+00 5.70e-02
1.36016e+00 5.69e-02
1.36044e+00 5.67e-02
1.36072e+00 5.66e-02
1.36100e+00 5.65e-02
1.36128e+00 5.64e-02
1.36157e+00 5.63e-02
1.36185e+00 5.61e-02
1.36213e+00 5.60e-02
1.36241e+00 5.59e-02
1.36269e+00 5.58e-02
1.36297e+00 5.57e-02
1.36326e+00 5.56e-02
1.36354e+00 5.55e-02
1.36382e+00 5.54e-02
1.36410e+00 5.53e-02
1.36438e+00 5.53e-02
1.36466e+00 5.51e-02
1.36494e+00 5.51e-02
1.36522e+00 5.50e-02
1.36550e+00 5.49e-02
1.36579e+00 5.48e-02
1.36607e+00 5.47e-02
1.36635e+00 5.46e-02
1.36663e+00 5.45e-02
1.36691e+00 5.44e-02
1.36719e+00 5.43e-02
1.36747e+00 5.43e-02
1.36775e+00 5.42e-02
1.36803e+00 5.41e-02
1.36831e+00 5.40e-02
1.36859e+00 5.39e-02
1.36887e+00 5.39e-02
1.36915e+00 5.38e-02
1.36945e+00 5.37e-02
1.36973e+00 5.36e-02
1.37001e+00 5.35e-02
1.37029e+00 5.34e-02
1.37057e+00 5.34e-02
1.37085e+00 5.33e-02
1.37113e+00 5.32e-02
1.37141e+00 5.31e-02
1.37169e+00 5.30e-02
1.37197e+00 5.30e-02
1.37225e+00 5.29e-02
1.37252e+00 5.28e-02
1.37280e+00 5.27e-02
1.37308e+00 5.26e-02
1.37336e+00 5.25e-02
1.37364e+00 5.24e-02
1.37392e+00 5.23e-02
1.37420e+00 5.22e-02
1.37447e+00 5.21e-02
1.37475e+00 5.20e-02
1.37503e+00 5.20e-02
1.37531e+00 5.19e-02
1.37559e+00 5.18e-02
1.37587e+00 5.18e-02
1.37614e+00 5.17e-02
1.38045e+00 5.09e-02
1.38103e+00 5.09e-02
1.38131e+00 5.08e-02
1.38158e+00 5.08e-02
1.38186e+00 5.07e-02
1.38214e+00 5.06e-02
1.38241e+00 5.06e-02
1.38269e+00 5.05e-02
1.38296e+00 5.05e-02
1.38324e+00 5.04e-02
1.38352e+00 5.04e-02
1.38379e+00 5.03e-02
1.38407e+00 5.02e-02
1.38434e+00 5.02e-02
1.38462e+00 5.01e-02
1.38489e+00 5.01e-02
1.38517e+00 5.00e-02
1.38669e+00 4.98e-02
1.38877e+00 5.00e-02
1.38931e+00 4.99e-02
1.38986e+00 4.98e-02
1.39016e+00 4.97e-02
1.39044e+00 4.97e-02
1.39071e+00 4.96e-02
1.39098e+00 4.95e-02
1.39126e+00 4.95e-02
1.39153e+00 4.94e-02
1.39180e+00 4.94e-02
1.39208e+00 4.93e-02
1.39235e+00 4.92e-02
1.39262e+00 4.92e-02
1.39523e+00 4.88e-02
1.39647e+00 4.87e-02
1.39731e+00 4.88e-02
1.39785e+00 4.89e-02
1.39812e+00 4.89e-02
1.39840e+00 4.90e-02
1.39867e+00 4.91e-02
1.39894e+00 4.92e-02
1.39921e+00 4.93e-02
1.39948e+00 4.94e-02
1.39975e+00 4.95e-02
1.40005e+00 4.96e-02
1.40032e+00 4.97e-02
1.40059e+00 4.98e-02
1.40086e+00 5.00e-02
1.40113e+00 5.01e-02
1.40140e+00 5.02e-02
1.40168e+00 5.03e-02
1.40195e+00 5.03e-02
1.40374e+00 5.07e-02
1.40482e+00 5.07e-02
1.40646e+00 5.05e-02
1.40673e+00 5.05e-02
1.40727e+00 5.04e-02
1.40754e+00 5.03e-02
1.40850e+00 5.02e-02
1.40876e+00 5.02e-02
1.40903e+00 5.01e-02
1.40930e+00 5.00e-02
1.40960e+00 4.99e-02
1.40986e+00 4.98e-02
1.41013e+00 4.98e-02
1.41040e+00 4.97e-02
1.41067e+00 4.97e-02
1.41094e+00 4.96e-02
1.41121e+00 4.95e-02
1.41150e+00 4.95e-02
1.41177e+00 4.94e-02
1.41204e+00 4.93e-02
1.41230e+00 4.93e-02
1.41257e+00 4.92e-02
1.41284e+00 4.92e-02
1.41311e+00 4.91e-02
1.41340e+00 4.91e-02
1.41367e+00 4.90e-02
1.41393e+00 4.89e-02
1.41420e+00 4.89e-02
1.41447e+00 4.88e-02
1.41474e+00 4.88e-02
1.41500e+00 4.87e-02
1.41529e+00 4.86e-02
1.41556e+00 4.86e-02
1.41583e+00 4.85e-02
1.41610e+00 4.84e-02
1.41636e+00 4.84e-02
1.41893e+00 4.79e-02
1.42070e+00 4.79e-02
1.42149e+00 4.79e-02
1.42782e+00 4.85e-02
1.43065e+00 4.85e-02
1.43144e+00 4.84e-02
1.43172e+00 4.84e-02
1.43198e+00 4.83e-02
1.43225e+00 4.82e-02
1.43251e+00 4.82e-02
1.43277e+00 4.81e-02
1.43306e+00 4.80e-02
1.43332e+00 4.78e-02
1.43358e+00 4.77e-02
1.43385e+00 4.76e-02
1.43413e+00 4.75e-02
1.43439e+00 4.74e-02
1.43466e+00 4.72e-02
1.43492e+00 4.71e-02
1.43518e+00 4.70e-02
1.43547e+00 4.69e-02
1.43573e+00 4.69e-02
1.43599e+00 4.68e-02
1.43625e+00 4.67e-02
1.43654e+00 4.66e-02
1.43680e+00 4.65e-02
1.43706e+00 4.65e-02
1.43732e+00 4.64e-02
1.43761e+00 4.63e-02
1.43787e+00 4.62e-02
1.43934e+00 4.60e-02
1.44173e+00 4.58e-02
1.44199e+00 4.58e-02
1.44225e+00 4.57e-02
1.44253e+00 4.57e-02
1.44279e+00 4.56e-02
1.44305e+00 4.55e-02
1.44331e+00 4.55e-02
1.44360e+00 4.54e-02
1.44386e+00 4.53e-02
1.44412e+00 4.53e-02
1.44440e+00 4.52e-02
1.44466e+00 4.51e-02
1.44558e+00 4.49e-02
1.45154e+00 4.43e-02
1.45168e+00 4.43e-02
1.45194e+00 4.43e-02
1.45222e+00 4.42e-02
1.45248e+00 4.42e-02
1.45274e+00 4.41e-02
1.45302e+00 4.41e-02
1.45328e+00 4.40e-02
1.45353e+00 4.39e-02
1.45381e+00 4.38e-02
1.45407e+00 4.37e-02
1.45433e+00 4.36e-02
1.45458e+00 4.35e-02
1.45486e+00 4.34e-02
1.45512e+00 4.33e-02
1.45538e+00 4.32e-02
1.45566e+00 4.30e-02
1.45591e+00 4.29e-02
1.45617e+00 4.28e-02
1.45645e+00 4.27e-02
1.45671e+00 4.26e-02
1.45696e+00 4.25e-02
1.45724e+00 4.24e-02
1.45750e+00 4.23e-02
1.45775e+00 4.22e-02
1.45803e+00 4.21e-02
1.45829e+00 4.20e-02
1.45855e+00 4.20e-02
1.45882e+00 4.19e-02
1.46080e+00 4.16e-02
1.46133e+00 4.16e-02
1.46159e+00 4.15e-02
1.46184e+00 4.15e-02
1.46383e+00 4.12e-02
1.46644e+00 4.10e-02
1.46725e+00 4.09e-02
1.46882e+00 4.07e-02
1.46907e+00 4.07e-02
1.46935e+00 4.06e-02
1.47027e+00 4.04e-02
1.47222e+00 4.02e-02
1.47327e+00 4.01e-02
1.47353e+00 4.00e-02
1.47380e+00 4.00e-02
1.47405e+00 3.99e-02
1.47433e+00 3.98e-02
1.47458e+00 3.98e-02
1.47485e+00 3.97e-02
1.47511e+00 3.96e-02
1.47538e+00 3.95e-02
1.47563e+00 3.95e-02
1.47655e+00 3.93e-02
1.47851e+00 3.91e-02
1.48308e+00 3.89e-02
1.48412e+00 3.89e-02
1.48424e+00 3.89e-02
1.48555e+00 3.90e-02
1.48646e+00 3.91e-02
1.48763e+00 3.91e-02
1.49050e+00 3.88e-02
1.49074e+00 3.87e-02
1.49101e+00 3.87e-02
1.49128e+00 3.86e-02
1.49153e+00 3.86e-02
1.49180e+00 3.86e-02
1.49205e+00 3.85e-02
1.49232e+00 3.85e-02
1.49257e+00 3.84e-02
1.49284e+00 3.83e-02
1.49452e+00 3.81e-02
1.49777e+00 3.78e-02
1.49855e+00 3.78e-02
1.49880e+00 3.78e-02
1.49893e+00 3.78e-02
1.50190e+00 3.80e-02
1.50243e+00 3.80e-02
1.50257e+00 3.79e-02
1.50501e+00 3.77e-02
1.50528e+00 3.78e-02
1.50541e+00 3.78e-02
1.50579e+00 3.78e-02
1.50619e+00 3.78e-02
1.50670e+00 3.79e-02
1.50683e+00 3.79e-02
1.50876e+00 3.82e-02
1.51030e+00 3.81e-02
1.51043e+00 3.80e-02
1.51070e+00 3.79e-02
1.51094e+00 3.79e-02
1.51121e+00 3.79e-02
1.51328e+00 3.75e-02
1.51352e+00 3.75e-02
1.51508e+00 3.74e-02
1.51522e+00 3.75e-02
1.51546e+00 3.75e-02
1.51559e+00 3.74e-02
1.51625e+00 3.74e-02
1.51636e+00 3.74e-02
1.51688e+00 3.74e-02
1.51702e+00 3.74e-02
1.51921e+00 3.74e-02
1.51945e+00 3.75e-02
1.51971e+00 3.75e-02
1.51984e+00 3.76e-02
1.51997e+00 3.75e-02
1.52037e+00 3.74e-02
1.52048e+00 3.78e-02
1.52074e+00 3.77e-02
1.52100e+00 3.76e-02
1.52113e+00 3.74e-02
1.52139e+00 3.75e-02
1.52163e+00 3.75e-02
1.52190e+00 3.74e-02
1.52203e+00 3.73e-02
1.52229e+00 3.72e-02
1.52242e+00 3.72e-02
1.52281e+00 3.71e-02
1.52292e+00 3.71e-02
1.52397e+00 3.70e-02
1.52408e+00 3.70e-02
1.52460e+00 3.70e-02
1.52473e+00 3.71e-02
1.52512e+00 3.71e-02
1.52525e+00 3.72e-02
1.52575e+00 3.72e-02
1.52601e+00 3.72e-02
1.52627e+00 3.73e-02
1.52653e+00 3.73e-02
1.52680e+00 3.74e-02
1.52703e+00 3.74e-02
1.52729e+00 3.75e-02
1.52756e+00 3.76e-02
1.52782e+00 3.76e-02
1.52808e+00 3.76e-02
1.52821e+00 3.77e-02
1.53037e+00 3.79e-02
1.53050e+00 3.79e-02
1.53063e+00 3.81e-02
1.53089e+00 3.85e-02
1.53102e+00 3.87e-02
1.53115e+00 3.88e-02
1.53141e+00 3.85e-02
1.53167e+00 3.82e-02
1.53180e+00 3.82e-02
1.53217e+00 3.82e-02
1.53230e+00 3.82e-02
1.53256e+00 3.84e-02
1.53282e+00 3.85e-02
1.53295e+00 3.85e-02
1.53359e+00 3.85e-02
1.53409e+00 3.86e-02
1.53435e+00 3.86e-02
1.53461e+00 3.87e-02
1.53474e+00 3.88e-02
1.53499e+00 3.88e-02
1.53525e+00 3.87e-02
1.53538e+00 3.87e-02
1.53691e+00 3.88e-02
1.53871e+00 3.89e-02
1.53897e+00 3.90e-02
1.53923e+00 3.91e-02
1.53936e+00 3.91e-02
1.53962e+00 3.90e-02
1.53987e+00 3.89e-02
1.54000e+00 3.88e-02
1.54165e+00 3.88e-02
1.54191e+00 3.88e-02
1.54216e+00 3.89e-02
1.54229e+00 3.89e-02
1.54268e+00 3.89e-02
1.54306e+00 3.88e-02
1.54524e+00 3.90e-02
1.54856e+00 3.90e-02
1.54869e+00 3.89e-02
1.54907e+00 3.90e-02
1.54920e+00 3.89e-02
1.55085e+00 3.90e-02
1.55253e+00 3.91e-02
1.55266e+00 3.92e-02
1.55316e+00 3.92e-02
1.55329e+00 3.91e-02
1.55483e+00 3.90e-02
1.55534e+00 3.89e-02
1.55686e+00 3.87e-02
1.55840e+00 3.85e-02
1.55930e+00 3.85e-02
1.56121e+00 3.87e-02
1.56197e+00 3.87e-02
1.56249e+00 3.86e-02
1.56274e+00 3.85e-02
1.56300e+00 3.85e-02
1.56325e+00 3.84e-02
1.56350e+00 3.83e-02
1.56375e+00 3.83e-02
1.56402e+00 3.82e-02
1.56427e+00 3.81e-02
1.56452e+00 3.81e-02
1.56592e+00 3.79e-02
1.56745e+00 3.77e-02
1.56772e+00 3.77e-02
1.56797e+00 3.76e-02
1.56822e+00 3.76e-02
1.56847e+00 3.75e-02
1.56874e+00 3.74e-02
1.56899e+00 3.74e-02
1.56924e+00 3.73e-02
1.56949e+00 3.72e-02
1.56976e+00 3.71e-02
1.57001e+00 3.70e-02
1.57026e+00 3.69e-02
1.57051e+00 3.68e-02
1.57078e+00 3.67e-02
1.57103e+00 3.67e-02
1.57128e+00 3.66e-02
1.57155e+00 3.65e-02
1.57180e+00 3.64e-02
1.57205e+00 3.63e-02
1.57230e+00 3.63e-02
1.57257e+00 3.62e-02
1.57282e+00 3.62e-02
1.57485e+00 3.58e-02
1.57512e+00 3.57e-02
1.57536e+00 3.57e-02
1.57561e+00 3.56e-02
1.57588e+00 3.55e-02
1.57613e+00 3.54e-02
1.57638e+00 3.54e-02
1.57665e+00 3.53e-02
1.57689e+00 3.52e-02
1.57714e+00 3.51e-02
1.57855e+00 3.49e-02
1.58174e+00 3.48e-02
1.58441e+00 3.48e-02
1.58682e+00 3.50e-02
1.58811e+00 3.49e-02
1.58862e+00 3.48e-02
1.58887e+00 3.48e-02
1.58913e+00 3.47e-02
1.58938e+00 3.47e-02
1.58964e+00 3.46e-02
1.59103e+00 3.44e-02
1.59258e+00 3.43e-02
1.59282e+00 3.42e-02
1.59308e+00 3.41e-02
1.59333e+00 3.41e-02
1.59359e+00 3.40e-02
1.59384e+00 3.39e-02
1.59410e+00 3.39e-02
1.59550e+00 3.37e-02
1.59613e+00 3.36e-02
1.60022e+00 3.38e-02
1.60034e+00 3.38e-02
1.60048e+00 3.39e-02
1.60328e+00 3.37e-02
1.60378e+00 3.37e-02
1.60428e+00 3.38e-02
1.60455e+00 3.38e-02
1.60481e+00 3.39e-02
1.60507e+00 3.40e-02
1.60531e+00 3.40e-02
1.60557e+00 3.41e-02
1.60569e+00 3.41e-02
1.60583e+00 3.42e-02
1.60645e+00 3.43e-02
1.60724e+00 3.43e-02
1.60774e+00 3.42e-02
1.60800e+00 3.41e-02
1.60826e+00 3.41e-02
1.60928e+00 3.39e-02
1.60990e+00 3.38e-02
1.61068e+00 3.38e-02
1.61323e+00 3.38e-02
1.61425e+00 3.38e-02
1.61451e+00 3.37e-02
1.61476e+00 3.37e-02
1.61500e+00 3.36e-02
1.61526e+00 3.36e-02
1.61552e+00 3.35e-02
1.61578e+00 3.35e-02
1.61604e+00 3.34e-02
1.61629e+00 3.34e-02
1.61655e+00 3.33e-02
1.61679e+00 3.33e-02
1.61871e+00 3.31e-02
1.62024e+00 3.31e-02
1.62050e+00 3.31e-02
1.62127e+00 3.32e-02
1.62152e+00 3.32e-02
1.62241e+00 3.33e-02
1.62574e+00 3.33e-02
1.62586e+00 3.34e-02
1.62637e+00 3.34e-02
1.62663e+00 3.34e-02
1.62677e+00 3.34e-02
1.62688e+00 3.34e-02
1.62714e+00 3.34e-02
1.62740e+00 3.35e-02
1.62765e+00 3.35e-02
1.62793e+00 3.35e-02
1.62818e+00 3.36e-02
1.62844e+00 3.37e-02
1.62869e+00 3.38e-02
1.62895e+00 3.39e-02
1.62920e+00 3.39e-02
1.62946e+00 3.40e-02
1.62957e+00 3.40e-02
1.63061e+00 3.40e-02
1.63290e+00 3.38e-02
1.63394e+00 3.37e-02
1.63419e+00 3.36e-02
1.63433e+00 3.37e-02
1.63458e+00 3.36e-02
1.63483e+00 3.36e-02
1.63509e+00 3.35e-02
1.63534e+00 3.35e-02
1.63548e+00 3.35e-02
1.63573e+00 3.35e-02
1.63598e+00 3.34e-02
1.63612e+00 3.34e-02
1.63905e+00 3.33e-02
1.63931e+00 3.32e-02
1.63958e+00 3.32e-02
1.63983e+00 3.32e-02
1.64008e+00 3.31e-02
1.64022e+00 3.32e-02
1.64047e+00 3.31e-02
1.64072e+00 3.31e-02
1.64086e+00 3.30e-02
1.64125e+00 3.30e-02
1.64150e+00 3.31e-02
1.64161e+00 3.31e-02
1.64175e+00 3.30e-02
1.64432e+00 3.30e-02
1.64496e+00 3.31e-02
1.64535e+00 3.30e-02
1.64587e+00 3.31e-02
1.64598e+00 3.31e-02
1.64689e+00 3.31e-02
1.64714e+00 3.32e-02
1.64741e+00 3.32e-02
1.64752e+00 3.33e-02
1.64779e+00 3.32e-02
1.64804e+00 3.31e-02
1.64829e+00 3.31e-02
1.64856e+00 3.30e-02
1.64947e+00 3.29e-02
1.64958e+00 3.30e-02
1.64985e+00 3.29e-02
1.65010e+00 3.29e-02
1.65023e+00 3.29e-02
1.65139e+00 3.29e-02
1.65152e+00 3.29e-02
1.65163e+00 3.28e-02
1.65215e+00 3.29e-02
1.65229e+00 3.29e-02
1.65254e+00 3.29e-02
1.65267e+00 3.30e-02
1.65280e+00 3.28e-02
1.65345e+00 3.29e-02
1.65474e+00 3.27e-02
1.65487e+00 3.28e-02
1.65512e+00 3.27e-02
1.65539e+00 3.27e-02
1.65731e+00 3.25e-02
1.65834e+00 3.25e-02
1.65848e+00 3.26e-02
1.65886e+00 3.26e-02
1.65899e+00 3.24e-02
1.65924e+00 3.24e-02
1.65937e+00 3.23e-02
1.65950e+00 3.23e-02
1.65975e+00 3.24e-02
1.65988e+00 3.24e-02
1.66002e+00 3.22e-02
1.66028e+00 3.21e-02
1.66040e+00 3.21e-02
1.66093e+00 3.21e-02
1.66104e+00 3.25e-02
1.66131e+00 3.22e-02
1.66144e+00 3.20e-02
1.66157e+00 3.20e-02
1.66182e+00 3.22e-02
1.66195e+00 3.23e-02
1.66209e+00 3.23e-02
1.66233e+00 3.21e-02
1.66247e+00 3.21e-02
1.66260e+00 3.21e-02
1.66286e+00 3.22e-02
1.66298e+00 3.23e-02
1.66311e+00 3.23e-02
1.66351e+00 3.24e-02
1.66376e+00 3.25e-02
1.66389e+00 3.25e-02
1.66402e+00 3.26e-02
1.66429e+00 3.26e-02
1.66453e+00 3.27e-02
1.66466e+00 3.28e-02
1.66493e+00 3.29e-02
1.66506e+00 3.30e-02
1.66518e+00 3.30e-02
1.66544e+00 3.29e-02
1.66570e+00 3.28e-02
1.66595e+00 3.27e-02
1.66622e+00 3.27e-02
1.66648e+00 3.27e-02
1.66673e+00 3.26e-02
1.66699e+00 3.26e-02
1.66725e+00 3.25e-02
1.66752e+00 3.25e-02
1.66763e+00 3.25e-02
1.66776e+00 3.25e-02
1.66816e+00 3.25e-02
1.66829e+00 3.24e-02
1.66867e+00 3.23e-02
1.66893e+00 3.24e-02
1.66906e+00 3.24e-02
1.66920e+00 3.23e-02
1.66944e+00 3.24e-02
1.66957e+00 3.24e-02
1.66970e+00 3.25e-02
1.66997e+00 3.25e-02
1.67010e+00 3.24e-02
1.67023e+00 3.24e-02
1.67100e+00 3.23e-02
1.67127e+00 3.23e-02
1.67153e+00 3.22e-02
1.67177e+00 3.22e-02
1.67204e+00 3.21e-02
1.67269e+00 3.21e-02
1.67283e+00 3.20e-02
1.67307e+00 3.20e-02
1.67333e+00 3.19e-02
1.67360e+00 3.19e-02
1.67373e+00 3.18e-02
1.67386e+00 3.19e-02
1.67412e+00 3.19e-02
1.67425e+00 3.18e-02
1.67438e+00 3.17e-02
1.67463e+00 3.17e-02
1.67489e+00 3.16e-02
1.67515e+00 3.15e-02
1.67528e+00 3.15e-02
1.67554e+00 3.14e-02
1.67581e+00 3.13e-02
1.67607e+00 3.13e-02
1.67633e+00 3.12e-02
1.67657e+00 3.13e-02
1.67670e+00 3.13e-02
1.67683e+00 3.12e-02
1.67710e+00 3.11e-02
1.67736e+00 3.11e-02
1.67762e+00 3.09e-02
1.67788e+00 3.09e-02
1.67814e+00 3.08e-02
1.67840e+00 3.07e-02
1.67867e+00 3.06e-02
1.67880e+00 3.06e-02
1.67893e+00 3.05e-02
1.67917e+00 3.04e-02
1.67930e+00 3.04e-02
1.67943e+00 3.04e-02
1.67969e+00 3.03e-02
1.67982e+00 3.03e-02
1.67995e+00 3.02e-02
1.68034e+00 3.02e-02
1.68060e+00 3.01e-02
1.68087e+00 3.00e-02
1.68113e+00 3.00e-02
1.68139e+00 2.99e-02
1.68165e+00 2.99e-02
1.68191e+00 2.98e-02
1.68217e+00 2.98e-02
1.68243e+00 2.98e-02
1.68269e+00 2.98e-02
1.68282e+00 2.99e-02
1.68295e+00 2.98e-02
1.68347e+00 2.98e-02
1.68373e+00 2.98e-02
1.68399e+00 2.99e-02
1.68425e+00 3.00e-02
1.68438e+00 3.00e-02
1.68451e+00 3.01e-02
1.68477e+00 3.02e-02
1.68503e+00 3.02e-02
1.68529e+00 3.03e-02
1.68555e+00 3.04e-02
1.68582e+00 3.05e-02
1.68595e+00 3.05e-02
1.68686e+00 3.06e-02
1.68699e+00 3.05e-02
1.68777e+00 3.05e-02
1.68803e+00 3.05e-02
1.68829e+00 3.04e-02
1.68856e+00 3.03e-02
1.68882e+00 3.02e-02
1.68908e+00 3.02e-02
1.68934e+00 3.01e-02
1.68960e+00 3.00e-02
1.68986e+00 3.00e-02
1.69011e+00 2.99e-02
1.69039e+00 2.99e-02
1.69065e+00 2.98e-02
1.69091e+00 2.97e-02
1.69117e+00 2.97e-02
1.69222e+00 2.95e-02
1.69234e+00 2.95e-02
1.69247e+00 2.96e-02
1.69273e+00 2.95e-02
1.69286e+00 2.95e-02
1.69301e+00 2.94e-02
1.69326e+00 2.94e-02
1.69339e+00 2.94e-02
1.69352e+00 2.94e-02
1.69378e+00 2.93e-02
1.69418e+00 2.93e-02
1.69483e+00 2.93e-02
1.69510e+00 2.93e-02
1.69536e+00 2.93e-02
1.69549e+00 2.93e-02
1.69732e+00 2.92e-02
1.69745e+00 2.91e-02
1.69798e+00 2.91e-02
1.69915e+00 2.90e-02
1.70047e+00 2.89e-02
1.70125e+00 2.90e-02
1.70178e+00 2.91e-02
1.70191e+00 2.91e-02
1.70218e+00 2.92e-02
1.70231e+00 2.92e-02
1.70244e+00 2.93e-02
1.70296e+00 2.92e-02
1.70324e+00 2.93e-02
1.70349e+00 2.93e-02
1.70375e+00 2.93e-02
1.70389e+00 2.94e-02
1.70402e+00 2.94e-02
1.70428e+00 2.95e-02
1.70442e+00 2.96e-02
1.70468e+00 2.95e-02
1.70495e+00 2.94e-02
1.70508e+00 2.93e-02
1.70533e+00 2.93e-02
1.70560e+00 2.93e-02
1.70586e+00 2.93e-02
1.70613e+00 2.92e-02
1.70638e+00 2.92e-02
1.70666e+00 2.91e-02
1.70691e+00 2.91e-02
1.70718e+00 2.90e-02
1.70744e+00 2.90e-02
1.70771e+00 2.90e-02
1.70798e+00 2.89e-02
1.70823e+00 2.89e-02
1.70836e+00 2.90e-02
1.70863e+00 2.89e-02
1.70876e+00 2.89e-02
1.70890e+00 2.89e-02
1.70928e+00 2.89e-02
1.70943e+00 2.90e-02
1.70968e+00 2.89e-02
1.70983e+00 2.88e-02
1.71008e+00 2.87e-02
1.71035e+00 2.87e-02
1.71127e+00 2.86e-02
1.71286e+00 2.86e-02
1.71353e+00 2.86e-02
1.71392e+00 2.85e-02
1.71418e+00 2.86e-02
1.71432e+00 2.86e-02
1.71457e+00 2.85e-02
1.71472e+00 2.85e-02
1.71497e+00 2.84e-02
1.71524e+00 2.84e-02
1.71551e+00 2.83e-02
1.71563e+00 2.83e-02
1.71578e+00 2.84e-02
1.71603e+00 2.83e-02
1.71617e+00 2.83e-02
1.71630e+00 2.82e-02
1.71709e+00 2.82e-02
1.71723e+00 2.82e-02
1.71763e+00 2.82e-02
1.71908e+00 2.82e-02
1.71922e+00 2.81e-02
1.72001e+00 2.81e-02
1.72016e+00 2.81e-02
1.72055e+00 2.81e-02
1.72068e+00 2.81e-02
1.72148e+00 2.81e-02
1.72175e+00 2.82e-02
1.72202e+00 2.83e-02
1.72214e+00 2.85e-02
1.72241e+00 2.84e-02
1.72255e+00 2.82e-02
1.72295e+00 2.82e-02
1.72321e+00 2.84e-02
1.72334e+00 2.85e-02
1.72348e+00 2.85e-02
1.72375e+00 2.87e-02
1.72387e+00 2.87e-02
1.72402e+00 2.88e-02
1.72428e+00 2.86e-02
1.72441e+00 2.86e-02
1.72455e+00 2.85e-02
1.72480e+00 2.84e-02
1.72494e+00 2.84e-02
1.72628e+00 2.84e-02
1.72640e+00 2.85e-02
1.72667e+00 2.85e-02
1.72681e+00 2.86e-02
1.72694e+00 2.85e-02
1.72735e+00 2.86e-02
1.72747e+00 2.85e-02
1.72841e+00 2.86e-02
1.72868e+00 2.86e-02
1.72882e+00 2.88e-02
1.72909e+00 2.87e-02
1.72921e+00 2.86e-02
1.72935e+00 2.86e-02
1.72974e+00 2.86e-02
1.72988e+00 2.86e-02
1.73015e+00 2.85e-02
1.73029e+00 2.85e-02
1.73056e+00 2.86e-02
1.73068e+00 2.86e-02
1.73082e+00 2.85e-02
1.73109e+00 2.85e-02
1.73121e+00 2.85e-02
1.73282e+00 2.86e-02
1.73309e+00 2.86e-02
1.73337e+00 2.87e-02
1.73349e+00 2.87e-02
1.73364e+00 2.89e-02
1.73404e+00 2.89e-02
1.73417e+00 2.87e-02
1.73443e+00 2.87e-02
1.73457e+00 2.87e-02
1.73591e+00 2.86e-02
1.73605e+00 2.89e-02
1.73632e+00 2.87e-02
1.73646e+00 2.87e-02
1.73658e+00 2.86e-02
1.73686e+00 2.85e-02
1.73699e+00 2.87e-02
1.73725e+00 2.94e-02
1.73739e+00 2.98e-02
1.73753e+00 2.84e-02
1.73780e+00 2.84e-02
1.73794e+00 2.83e-02
1.73846e+00 2.82e-02
1.73875e+00 2.83e-02
1.73887e+00 2.83e-02
1.73941e+00 2.83e-02
1.73968e+00 2.83e-02
1.73982e+00 2.82e-02
1.73996e+00 2.84e-02
1.74022e+00 2.83e-02
1.74036e+00 2.82e-02
1.74076e+00 2.82e-02
1.74089e+00 2.82e-02
1.74117e+00 2.83e-02
1.74143e+00 2.82e-02
1.74171e+00 2.82e-02
1.74183e+00 2.82e-02
1.74211e+00 2.82e-02
1.74224e+00 2.81e-02
1.74252e+00 2.81e-02
1.74278e+00 2.81e-02
1.74306e+00 2.80e-02
1.74332e+00 2.80e-02
1.74360e+00 2.79e-02
1.74386e+00 2.78e-02
1.74414e+00 2.78e-02
1.74441e+00 2.78e-02
1.74467e+00 2.77e-02
1.74495e+00 2.77e-02
1.74509e+00 2.77e-02
1.74535e+00 2.77e-02
1.74549e+00 2.77e-02
1.74563e+00 2.76e-02
1.74643e+00 2.76e-02
1.74657e+00 2.76e-02
1.74739e+00 2.76e-02
1.74751e+00 2.89e-02
1.74779e+00 2.97e-02
1.74793e+00 2.76e-02
1.74833e+00 2.76e-02
1.74847e+00 2.75e-02
1.74875e+00 2.75e-02
1.74887e+00 2.77e-02
1.74915e+00 2.77e-02
1.74929e+00 2.77e-02
1.74943e+00 2.74e-02
1.74969e+00 2.73e-02
1.74983e+00 2.73e-02
1.75010e+00 2.74e-02
1.75023e+00 2.74e-02
1.75036e+00 2.74e-02
1.75064e+00 2.73e-02
1.75078e+00 2.73e-02
1.75104e+00 2.72e-02
1.75118e+00 2.71e-02
1.75132e+00 2.72e-02
1.75160e+00 2.72e-02
1.75174e+00 2.70e-02
1.75213e+00 2.70e-02
1.75241e+00 2.71e-02
1.75267e+00 2.72e-02
1.75295e+00 2.73e-02
1.75309e+00 2.73e-02
1.75337e+00 2.74e-02
1.75350e+00 2.74e-02
1.75362e+00 2.74e-02
1.75390e+00 2.71e-02
1.75404e+00 2.70e-02
1.75446e+00 2.70e-02
1.75459e+00 2.71e-02
1.75485e+00 2.72e-02
1.75499e+00 2.71e-02
1.75527e+00 2.72e-02
1.75554e+00 2.73e-02
1.75582e+00 2.74e-02
1.75596e+00 2.74e-02
1.75622e+00 2.74e-02
1.75663e+00 2.75e-02
1.75786e+00 2.76e-02
1.75813e+00 2.75e-02
1.75827e+00 2.74e-02
1.75855e+00 2.74e-02
1.75869e+00 2.74e-02
1.75882e+00 2.74e-02
1.75910e+00 2.72e-02
1.75924e+00 2.72e-02
1.75951e+00 2.71e-02
1.75979e+00 2.71e-02
1.76005e+00 2.70e-02
1.76032e+00 2.69e-02
1.76046e+00 2.69e-02
1.76060e+00 2.69e-02
1.76087e+00 2.68e-02
1.76115e+00 2.68e-02
1.76142e+00 2.67e-02
1.76170e+00 2.66e-02
1.76197e+00 2.66e-02
1.76224e+00 2.65e-02
1.76238e+00 2.65e-02
1.76252e+00 2.65e-02
1.76279e+00 2.64e-02
1.76307e+00 2.64e-02
1.76334e+00 2.63e-02
1.76362e+00 2.63e-02
1.76375e+00 2.63e-02
1.76389e+00 2.62e-02
1.76444e+00 2.62e-02
1.76471e+00 2.61e-02
1.76485e+00 2.62e-02
1.76512e+00 2.63e-02
1.76526e+00 2.61e-02
1.76555e+00 2.61e-02
1.76569e+00 2.60e-02
1.76665e+00 2.60e-02
1.76706e+00 2.60e-02
1.76719e+00 2.60e-02
1.76747e+00 2.59e-02
1.76760e+00 2.59e-02
1.76803e+00 2.59e-02
1.76830e+00 2.59e-02
1.76844e+00 2.60e-02
1.76858e+00 2.59e-02
1.76885e+00 2.58e-02
1.76912e+00 2.58e-02
1.76941e+00 2.58e-02
1.76955e+00 2.58e-02
1.77023e+00 2.58e-02
1.77037e+00 2.58e-02
1.77065e+00 2.58e-02
1.77093e+00 2.58e-02
1.77120e+00 2.57e-02
1.77134e+00 2.59e-02
1.77161e+00 2.58e-02
1.77176e+00 2.57e-02
1.77217e+00 2.58e-02
1.77244e+00 2.59e-02
1.77258e+00 2.59e-02
1.77273e+00 2.58e-02
1.77370e+00 2.59e-02
1.77397e+00 2.59e-02
1.77410e+00 2.61e-02
1.77439e+00 2.60e-02
1.77453e+00 2.63e-02
1.77480e+00 2.61e-02
1.77494e+00 2.61e-02
1.77509e+00 2.60e-02
1.77536e+00 2.60e-02
1.77563e+00 2.59e-02
1.77592e+00 2.59e-02
1.77619e+00 2.59e-02
1.77648e+00 2.58e-02
1.77675e+00 2.58e-02
1.77703e+00 2.58e-02
1.77717e+00 2.58e-02
1.77731e+00 2.58e-02
1.77758e+00 2.58e-02
1.77773e+00 2.57e-02
1.77800e+00 2.57e-02
1.77813e+00 2.57e-02
1.77829e+00 2.59e-02
1.77856e+00 2.58e-02
1.77869e+00 2.56e-02
1.77898e+00 2.55e-02
1.77925e+00 2.55e-02
1.77954e+00 2.55e-02
1.77980e+00 2.54e-02
1.77996e+00 2.54e-02
1.78051e+00 2.54e-02
1.78078e+00 2.54e-02
1.78107e+00 2.55e-02
1.78136e+00 2.55e-02
1.78162e+00 2.57e-02
1.78176e+00 2.58e-02
1.78191e+00 2.59e-02
1.78218e+00 2.57e-02
1.78233e+00 2.56e-02
1.78260e+00 2.56e-02
1.78275e+00 2.55e-02
1.78317e+00 2.55e-02
1.78331e+00 2.55e-02
1.78359e+00 2.54e-02
1.78386e+00 2.54e-02
1.78401e+00 2.54e-02
1.78415e+00 2.54e-02
1.78443e+00 2.54e-02
1.78470e+00 2.53e-02
1.78485e+00 2.53e-02
1.78499e+00 2.53e-02
1.78512e+00 2.52e-02
1.78541e+00 2.52e-02
1.78554e+00 2.53e-02
1.78583e+00 2.53e-02
1.78596e+00 2.53e-02
1.78653e+00 2.52e-02
1.78681e+00 2.52e-02
1.78695e+00 2.52e-02
1.78723e+00 2.52e-02
1.78737e+00 2.52e-02
1.78765e+00 2.51e-02
1.78780e+00 2.50e-02
1.78807e+00 2.51e-02
1.78822e+00 2.51e-02
1.78835e+00 2.50e-02
1.79019e+00 2.49e-02
1.79061e+00 2.49e-02
1.79131e+00 2.49e-02
1.79146e+00 2.49e-02
1.79231e+00 2.50e-02
1.79244e+00 2.50e-02
1.79273e+00 2.50e-02
1.79288e+00 2.50e-02
1.79316e+00 2.51e-02
1.79329e+00 2.52e-02
1.79357e+00 2.53e-02
1.79372e+00 2.52e-02
1.79401e+00 2.53e-02
1.79414e+00 2.53e-02
1.79442e+00 2.54e-02
1.79457e+00 2.57e-02
1.79485e+00 2.56e-02
1.79499e+00 2.55e-02
1.79514e+00 2.54e-02
1.79583e+00 2.54e-02
1.79598e+00 2.53e-02
1.79627e+00 2.53e-02
1.79642e+00 2.53e-02
1.79670e+00 2.53e-02
1.79683e+00 2.55e-02
1.79711e+00 2.53e-02
1.79726e+00 2.52e-02
1.79739e+00 2.51e-02
1.79769e+00 2.51e-02
1.79782e+00 2.51e-02
1.79825e+00 2.51e-02
1.79854e+00 2.51e-02
1.79869e+00 2.50e-02
1.79996e+00 2.49e-02
1.80011e+00 2.49e-02
1.80039e+00 2.49e-02
1.80054e+00 2.48e-02
1.80082e+00 2.49e-02
1.80110e+00 2.48e-02
1.80125e+00 2.47e-02
1.80138e+00 2.49e-02
1.80168e+00 2.51e-02
1.80181e+00 2.54e-02
1.80211e+00 2.53e-02
1.80224e+00 2.47e-02
1.80253e+00 2.47e-02
1.80267e+00 2.47e-02
1.80309e+00 2.47e-02
1.80324e+00 2.47e-02
1.80352e+00 2.47e-02
1.80367e+00 2.48e-02
1.80395e+00 2.48e-02
1.80410e+00 2.48e-02
1.80438e+00 2.47e-02
1.80453e+00 2.46e-02
1.80611e+00 2.46e-02
1.80625e+00 2.46e-02
1.80711e+00 2.46e-02
1.80726e+00 2.47e-02
1.80753e+00 2.46e-02
1.80768e+00 2.47e-02
1.80798e+00 2.46e-02
1.80811e+00 2.47e-02
1.80840e+00 2.48e-02
1.80855e+00 2.47e-02
1.80883e+00 2.48e-02
1.80898e+00 2.48e-02
1.80927e+00 2.50e-02
1.80940e+00 2.51e-02
1.80970e+00 2.50e-02
1.80984e+00 2.49e-02
1.81012e+00 2.50e-02
1.81042e+00 2.50e-02
1.81071e+00 2.51e-02
1.81099e+00 2.50e-02
1.81114e+00 2.50e-02
1.81143e+00 2.49e-02
1.81171e+00 2.49e-02
1.81186e+00 2.48e-02
1.81200e+00 2.48e-02
1.81230e+00 2.47e-02
1.81244e+00 2.46e-02
1.81272e+00 2.46e-02
1.81287e+00 2.46e-02
1.81331e+00 2.46e-02
1.81346e+00 2.46e-02
1.81373e+00 2.46e-02
1.81388e+00 2.45e-02
1.81417e+00 2.45e-02
1.81447e+00 2.45e-02
1.81461e+00 2.45e-02
1.81504e+00 2.45e-02
1.81518e+00 2.45e-02
1.81577e+00 2.45e-02
1.81592e+00 2.45e-02
1.81619e+00 2.45e-02
1.81634e+00 2.45e-02
1.81663e+00 2.45e-02
1.81692e+00 2.45e-02
1.81722e+00 2.44e-02
1.81736e+00 2.45e-02
1.81765e+00 2.45e-02
1.81795e+00 2.44e-02
1.81824e+00 2.44e-02
1.81839e+00 2.44e-02
1.81895e+00 2.43e-02
1.81924e+00 2.43e-02
1.81954e+00 2.42e-02
1.81968e+00 2.42e-02
1.82070e+00 2.42e-02
1.82085e+00 2.42e-02
1.82114e+00 2.42e-02
1.82129e+00 2.42e-02
1.82158e+00 2.42e-02
1.82172e+00 2.43e-02
1.82203e+00 2.42e-02
1.82218e+00 2.42e-02
1.82247e+00 2.42e-02
1.82261e+00 2.42e-02
1.82290e+00 2.42e-02
1.82305e+00 2.42e-02
1.82319e+00 2.42e-02
1.82348e+00 2.42e-02
1.82377e+00 2.41e-02
1.82407e+00 2.41e-02
1.82436e+00 2.41e-02
1.82452e+00 2.41e-02
1.82466e+00 2.42e-02
1.82481e+00 2.41e-02
1.82510e+00 2.40e-02
1.82524e+00 2.41e-02
1.82553e+00 2.41e-02
1.82568e+00 2.40e-02
1.82598e+00 2.40e-02
1.82613e+00 2.39e-02
1.82642e+00 2.42e-02
1.82656e+00 2.42e-02
1.82685e+00 2.41e-02
1.82700e+00 2.39e-02
1.82730e+00 2.39e-02
1.82745e+00 2.38e-02
1.82774e+00 2.38e-02
1.82788e+00 2.38e-02
1.82819e+00 2.38e-02
1.82833e+00 2.40e-02
1.82862e+00 2.38e-02
1.82877e+00 2.38e-02
1.82907e+00 2.37e-02
1.82922e+00 2.37e-02
1.82950e+00 2.39e-02
1.82965e+00 2.38e-02
1.82995e+00 2.37e-02
1.83010e+00 2.36e-02
1.83039e+00 2.36e-02
1.83055e+00 2.36e-02
1.83084e+00 2.37e-02
1.83098e+00 2.38e-02
1.83128e+00 2.37e-02
1.83143e+00 2.36e-02
1.83172e+00 2.37e-02
1.83188e+00 2.36e-02
1.83217e+00 2.36e-02
1.83231e+00 2.36e-02
1.83261e+00 2.36e-02
1.83276e+00 2.36e-02
1.83321e+00 2.37e-02
1.83365e+00 2.36e-02
1.83394e+00 2.37e-02
1.83410e+00 2.39e-02
1.83439e+00 2.42e-02
1.83453e+00 2.40e-02
1.83469e+00 2.38e-02
1.83483e+00 2.36e-02
1.83514e+00 2.36e-02
1.83528e+00 2.36e-02
1.83558e+00 2.36e-02
1.83587e+00 2.36e-02
1.83646e+00 2.35e-02
1.83662e+00 2.35e-02
1.83691e+00 2.35e-02
1.83707e+00 2.35e-02
1.83737e+00 2.34e-02
1.83782e+00 2.34e-02
1.83855e+00 2.33e-02
1.83915e+00 2.34e-02
1.83929e+00 2.34e-02
1.83945e+00 2.34e-02
1.83960e+00 2.34e-02
1.83990e+00 2.34e-02
1.84004e+00 2.34e-02
1.84034e+00 2.34e-02
1.84050e+00 2.34e-02
1.84080e+00 2.33e-02
1.84095e+00 2.33e-02
1.84125e+00 2.32e-02
1.84139e+00 2.32e-02
1.84169e+00 2.32e-02
1.84185e+00 2.32e-02
1.84215e+00 2.31e-02
1.84229e+00 2.32e-02
1.84260e+00 2.33e-02
1.84274e+00 2.31e-02
1.84334e+00 2.31e-02
1.84350e+00 2.31e-02
1.84380e+00 2.31e-02
1.84394e+00 2.31e-02
1.84424e+00 2.31e-02
1.84440e+00 2.32e-02
1.84470e+00 2.32e-02
1.84484e+00 2.31e-02
1.84514e+00 2.32e-02
1.84530e+00 2.31e-02
1.84560e+00 2.31e-02
1.84576e+00 2.32e-02
1.84590e+00 2.32e-02
1.84606e+00 2.31e-02
1.84636e+00 2.32e-02
1.84650e+00 2.30e-02
1.84712e+00 2.30e-02
1.84741e+00 2.29e-02
1.84771e+00 2.29e-02
1.84786e+00 2.30e-02
1.84817e+00 2.29e-02
1.84831e+00 2.29e-02
1.84861e+00 2.29e-02
1.84893e+00 2.28e-02
1.84907e+00 2.28e-02
1.84953e+00 2.28e-02
1.84982e+00 2.28e-02
1.84998e+00 2.29e-02
1.85028e+00 2.28e-02
1.85044e+00 2.28e-02
1.85074e+00 2.28e-02
1.85089e+00 2.31e-02
1.85105e+00 2.31e-02
1.85119e+00 2.31e-02
1.85151e+00 2.28e-02
1.85165e+00 2.28e-02
1.85242e+00 2.27e-02
1.85256e+00 2.29e-02
1.85287e+00 2.32e-02
1.85301e+00 2.30e-02
1.85317e+00 2.28e-02
1.85332e+00 2.27e-02
1.85362e+00 2.26e-02
1.85378e+00 2.26e-02
1.85408e+00 2.26e-02
1.85423e+00 2.26e-02
1.85455e+00 2.27e-02
1.85469e+00 2.26e-02
1.85530e+00 2.26e-02
1.85561e+00 2.26e-02
1.85592e+00 2.27e-02
1.85606e+00 2.27e-02
1.85667e+00 2.27e-02
1.85683e+00 2.27e-02
1.85699e+00 2.26e-02
1.85730e+00 2.26e-02
1.85744e+00 2.26e-02
1.85759e+00 2.26e-02
1.85791e+00 2.25e-02
1.85806e+00 2.28e-02
1.85836e+00 2.25e-02
1.85851e+00 2.24e-02
1.85867e+00 2.24e-02
1.85883e+00 2.23e-02
1.85914e+00 2.23e-02
1.85928e+00 2.24e-02
1.85959e+00 2.23e-02
1.85975e+00 2.22e-02
1.86021e+00 2.22e-02
1.86037e+00 2.22e-02
1.86066e+00 2.22e-02
1.86082e+00 2.22e-02
1.86097e+00 2.21e-02
1.86129e+00 2.21e-02
1.86144e+00 2.21e-02
1.86175e+00 2.21e-02
1.86191e+00 2.22e-02
1.86205e+00 2.21e-02
1.86220e+00 2.21e-02
1.86298e+00 2.21e-02
1.86313e+00 2.20e-02
1.86484e+00 2.20e-02
1.86561e+00 2.20e-02
1.86592e+00 2.20e-02
1.86608e+00 2.21e-02
1.86639e+00 2.21e-02
1.86654e+00 2.20e-02
1.86685e+00 2.20e-02
1.86716e+00 2.21e-02
1.86732e+00 2.20e-02
1.86824e+00 2.20e-02
1.86841e+00 2.20e-02
1.86857e+00 2.20e-02
1.86887e+00 2.20e-02
1.86918e+00 2.19e-02
1.86934e+00 2.19e-02
1.86965e+00 2.20e-02
1.86980e+00 2.19e-02
1.87012e+00 2.19e-02
1.87028e+00 2.19e-02
1.87059e+00 2.19e-02
1.87089e+00 2.20e-02
1.87106e+00 2.20e-02
1.87137e+00 2.21e-02
1.87153e+00 2.21e-02
1.87183e+00 2.22e-02
1.87199e+00 2.22e-02
1.87216e+00 2.22e-02
1.87231e+00 2.22e-02
1.87262e+00 2.22e-02
1.87294e+00 2.21e-02
1.87325e+00 2.21e-02
1.87340e+00 2.21e-02
1.87403e+00 2.21e-02
1.87435e+00 2.20e-02
1.87466e+00 2.20e-02
1.87498e+00 2.19e-02
1.87529e+00 2.19e-02
1.87561e+00 2.19e-02
1.87576e+00 2.18e-02
1.87607e+00 2.17e-02
1.87639e+00 2.17e-02
1.87671e+00 2.16e-02
1.87687e+00 2.17e-02
1.87717e+00 2.17e-02
1.87734e+00 2.16e-02
1.87765e+00 2.16e-02
1.87781e+00 2.16e-02
1.87812e+00 2.16e-02
1.87924e+00 2.15e-02
1.87939e+00 2.16e-02
1.87971e+00 2.15e-02
1.87986e+00 2.15e-02
1.88018e+00 2.15e-02
1.88033e+00 2.14e-02
1.88050e+00 2.14e-02
1.88066e+00 2.14e-02
1.88098e+00 2.14e-02
1.88113e+00 2.14e-02
1.88130e+00 2.14e-02
1.88145e+00 2.14e-02
1.88177e+00 2.14e-02
1.88209e+00 2.13e-02
1.88224e+00 2.13e-02
1.88241e+00 2.13e-02
1.88256e+00 2.13e-02
1.88273e+00 2.13e-02
1.88305e+00 2.13e-02
1.88320e+00 2.13e-02
1.88337e+00 2.14e-02
1.88352e+00 2.15e-02
1.88384e+00 2.14e-02
1.88400e+00 2.13e-02
1.88432e+00 2.13e-02
1.88448e+00 2.14e-02
1.88464e+00 2.13e-02
1.88560e+00 2.13e-02
1.88592e+00 2.14e-02
1.88607e+00 2.14e-02
1.88624e+00 2.15e-02
1.88639e+00 2.14e-02
1.88672e+00 2.14e-02
1.88687e+00 2.13e-02
1.88719e+00 2.14e-02
1.88751e+00 2.13e-02
1.88784e+00 2.13e-02
1.88816e+00 2.13e-02
1.88848e+00 2.13e-02
1.88880e+00 2.12e-02
1.88913e+00 2.12e-02
1.88945e+00 2.11e-02
1.88993e+00 2.11e-02
1.89008e+00 2.11e-02
1.89041e+00 2.10e-02
1.89073e+00 2.10e-02
1.89090e+00 2.10e-02
1.89106e+00 2.10e-02
1.89121e+00 2.10e-02
1.89170e+00 2.10e-02
1.89186e+00 2.10e-02
1.89218e+00 2.09e-02
1.89251e+00 2.09e-02
1.89283e+00 2.11e-02
1.89299e+00 2.11e-02
1.89332e+00 2.10e-02
1.89347e+00 2.09e-02
1.89364e+00 2.09e-02
1.89380e+00 2.10e-02
1.89412e+00 2.10e-02
1.89429e+00 2.09e-02
1.89445e+00 2.10e-02
1.89462e+00 2.09e-02
1.89478e+00 2.09e-02
1.89493e+00 2.09e-02
1.89510e+00 2.09e-02
1.89526e+00 2.09e-02
1.89543e+00 2.09e-02
1.89574e+00 2.09e-02
1.89591e+00 2.11e-02
1.89607e+00 2.10e-02
1.89624e+00 2.08e-02
1.89868e+00 2.08e-02
1.89901e+00 2.08e-02
1.89918e+00 2.12e-02
1.89934e+00 2.10e-02
1.89951e+00 2.09e-02
1.90031e+00 2.08e-02
1.90064e+00 2.10e-02
1.90081e+00 2.09e-02
1.90097e+00 2.09e-02
1.90114e+00 2.09e-02
1.90147e+00 2.11e-02
1.90163e+00 2.08e-02
1.90179e+00 2.09e-02
1.90212e+00 2.08e-02
1.90245e+00 2.08e-02
1.90261e+00 2.08e-02
1.90278e+00 2.07e-02
1.90311e+00 2.06e-02
1.90344e+00 2.06e-02
1.90460e+00 2.06e-02
1.90476e+00 2.06e-02
1.90509e+00 2.06e-02
1.90542e+00 2.06e-02
1.90558e+00 2.13e-02
1.90592e+00 2.09e-02
1.90608e+00 2.07e-02
1.90625e+00 2.06e-02
1.90674e+00 2.06e-02
1.90692e+00 2.06e-02
1.90724e+00 2.06e-02
1.90741e+00 2.06e-02
1.90757e+00 2.06e-02
1.90791e+00 2.06e-02
1.90824e+00 2.06e-02
1.90840e+00 2.05e-02
1.90874e+00 2.05e-02
1.90891e+00 2.05e-02
1.90990e+00 2.05e-02
1.91024e+00 2.04e-02
1.91040e+00 2.05e-02
1.91056e+00 2.05e-02
1.91074e+00 2.04e-02
1.91191e+00 2.04e-02
1.91274e+00 2.04e-02
1.91291e+00 2.05e-02
1.91324e+00 2.04e-02
1.91342e+00 2.03e-02
1.91358e+00 2.03e-02
1.91374e+00 2.03e-02
1.91392e+00 2.03e-02
1.91408e+00 2.03e-02
1.91442e+00 2.02e-02
1.91476e+00 2.02e-02
1.91508e+00 2.02e-02
1.91526e+00 2.02e-02
1.91560e+00 2.02e-02
1.91576e+00 2.01e-02
1.91628e+00 2.01e-02
1.91660e+00 2.02e-02
1.91678e+00 2.02e-02
1.91711e+00 2.02e-02
1.91728e+00 2.02e-02
1.91745e+00 2.02e-02
1.91761e+00 2.03e-02
1.91779e+00 2.02e-02
1.91795e+00 2.02e-02
1.91813e+00 2.02e-02
1.91847e+00 2.01e-02
1.91863e+00 2.01e-02
1.91999e+00 2.01e-02
1.92015e+00 2.00e-02
1.92033e+00 2.00e-02
1.92050e+00 2.00e-02
1.92067e+00 2.00e-02
1.92084e+00 2.00e-02
1.92118e+00 2.00e-02
1.92135e+00 1.99e-02
1.92151e+00 1.99e-02
1.92169e+00 2.00e-02
1.92185e+00 2.00e-02
1.92203e+00 1.99e-02
1.92220e+00 1.99e-02
1.92254e+00 1.99e-02
1.92271e+00 1.99e-02
1.92288e+00 2.01e-02
1.92305e+00 1.99e-02
1.92323e+00 1.99e-02
1.92356e+00 2.00e-02
1.92374e+00 1.99e-02
1.92390e+00 1.99e-02
1.92407e+00 1.99e-02
1.92425e+00 2.00e-02
1.92442e+00 1.98e-02
1.92476e+00 1.98e-02
1.92493e+00 1.99e-02
1.92510e+00 1.98e-02
1.92527e+00 1.98e-02
1.92545e+00 1.98e-02
1.92562e+00 1.98e-02
1.92578e+00 1.99e-02
1.92596e+00 1.98e-02
1.92630e+00 1.98e-02
1.92648e+00 1.99e-02
1.92664e+00 1.99e-02
1.92681e+00 1.97e-02
1.92716e+00 1.97e-02
1.92750e+00 1.96e-02
1.92837e+00 1.96e-02
1.92871e+00 1.97e-02
1.92888e+00 1.96e-02
1.92905e+00 1.96e-02
1.92923e+00 1.96e-02
1.92940e+00 1.97e-02
1.92958e+00 1.97e-02
1.92993e+00 1.96e-02
1.93026e+00 1.95e-02
1.93043e+00 1.95e-02
1.93165e+00 1.95e-02
1.93200e+00 1.95e-02
1.93235e+00 1.96e-02
1.93252e+00 1.96e-02
1.93269e+00 1.97e-02
1.93304e+00 1.97e-02
1.93322e+00 1.96e-02
1.93339e+00 1.97e-02
1.93356e+00 1.96e-02
1.93374e+00 1.96e-02
1.93391e+00 1.96e-02
1.93408e+00 1.96e-02
1.93426e+00 1.95e-02
1.93460e+00 1.95e-02
1.93478e+00 1.95e-02
1.93495e+00 1.95e-02
1.93514e+00 1.94e-02
1.93531e+00 1.94e-02
1.93548e+00 1.95e-02
1.93566e+00 1.94e-02
1.93583e+00 1.94e-02
1.93618e+00 1.94e-02
1.93635e+00 1.94e-02
1.93652e+00 1.93e-02
1.93688e+00 1.93e-02
1.93723e+00 1.93e-02
1.93740e+00 1.92e-02
1.93776e+00 1.92e-02
1.93811e+00 1.93e-02
1.93828e+00 1.93e-02
1.93845e+00 1.92e-02
1.93864e+00 1.92e-02
1.93881e+00 1.92e-02
1.93899e+00 1.92e-02
1.93935e+00 1.92e-02
1.93969e+00 1.91e-02
1.93986e+00 1.91e-02
1.94005e+00 1.91e-02
1.94022e+00 1.92e-02
1.94039e+00 1.91e-02
1.94057e+00 1.92e-02
1.94075e+00 1.92e-02
1.94093e+00 1.91e-02
1.94110e+00 1.91e-02
1.94129e+00 1.91e-02
1.94163e+00 1.90e-02
1.94182e+00 1.91e-02
1.94199e+00 1.91e-02
1.94216e+00 1.92e-02
1.94235e+00 1.91e-02
1.94252e+00 1.95e-02
1.94269e+00 1.93e-02
1.94288e+00 1.91e-02
1.94305e+00 1.91e-02
1.94322e+00 1.90e-02
1.94358e+00 1.91e-02
1.94376e+00 1.90e-02
1.94411e+00 1.90e-02
1.94447e+00 1.91e-02
1.94465e+00 1.91e-02
1.94482e+00 1.91e-02
1.94501e+00 1.91e-02
1.94518e+00 1.91e-02
1.94554e+00 1.90e-02
1.94571e+00 1.90e-02
1.94590e+00 1.90e-02
1.94625e+00 1.89e-02
1.94642e+00 1.89e-02
1.94697e+00 1.90e-02
1.94715e+00 1.90e-02
1.94751e+00 1.89e-02
1.94787e+00 1.89e-02
1.94822e+00 1.88e-02
1.94839e+00 1.88e-02
1.94858e+00 1.88e-02
1.94966e+00 1.88e-02
1.94983e+00 1.92e-02
1.95020e+00 1.93e-02
1.95037e+00 1.88e-02
1.95056e+00 1.88e-02
1.95074e+00 1.87e-02
1.95091e+00 1.87e-02
1.95128e+00 1.87e-02
1.95164e+00 1.87e-02
1.95199e+00 1.87e-02
1.95236e+00 1.87e-02
1.95255e+00 1.86e-02
1.95290e+00 1.86e-02
1.95308e+00 1.86e-02
1.95435e+00 1.86e-02
1.95471e+00 1.86e-02
1.95508e+00 1.86e-02
1.95527e+00 1.85e-02
1.95544e+00 1.85e-02
1.95562e+00 1.85e-02
1.95726e+00 1.85e-02
1.95744e+00 1.85e-02
1.95763e+00 1.85e-02
1.95781e+00 1.85e-02
1.95799e+00 1.84e-02
1.95818e+00 1.84e-02
1.95836e+00 1.84e-02
1.95854e+00 1.84e-02
1.95873e+00 1.84e-02
1.95891e+00 1.84e-02
1.95909e+00 1.84e-02
1.95946e+00 1.85e-02
1.95964e+00 1.85e-02
1.95983e+00 1.84e-02
1.96019e+00 1.85e-02
1.96038e+00 1.84e-02
1.96056e+00 1.83e-02
1.96074e+00 1.84e-02
1.96093e+00 1.83e-02
1.96111e+00 1.83e-02
1.96129e+00 1.83e-02
1.96149e+00 1.88e-02
1.96167e+00 1.85e-02
1.96185e+00 1.84e-02
1.96204e+00 1.83e-02
1.96222e+00 1.83e-02
1.96296e+00 1.83e-02
1.96333e+00 1.82e-02
1.96351e+00 1.82e-02
1.96369e+00 1.82e-02
1.96388e+00 1.82e-02
1.96426e+00 1.82e-02
1.96462e+00 1.82e-02
1.96482e+00 1.82e-02
1.96500e+00 1.82e-02
1.96518e+00 1.82e-02
1.96536e+00 1.82e-02
1.96556e+00 1.82e-02
1.96574e+00 1.82e-02
1.96592e+00 1.84e-02
1.96630e+00 1.81e-02
1.96648e+00 1.84e-02
1.96666e+00 1.84e-02
1.96686e+00 1.82e-02
1.96704e+00 1.82e-02
1.96722e+00 1.81e-02
1.96742e+00 1.81e-02
1.96760e+00 1.81e-02
1.96778e+00 1.82e-02
1.96798e+00 1.82e-02
1.96816e+00 1.81e-02
1.96834e+00 1.81e-02
1.96854e+00 1.82e-02
1.96872e+00 1.81e-02
1.96891e+00 1.81e-02
1.96928e+00 1.80e-02
1.96947e+00 1.80e-02
1.96965e+00 1.80e-02
1.97003e+00 1.80e-02
1.97023e+00 1.80e-02
1.97041e+00 1.80e-02
1.97060e+00 1.80e-02
1.97078e+00 1.80e-02
1.97116e+00 1.80e-02
1.97154e+00 1.79e-02
1.97173e+00 1.79e-02
1.97305e+00 1.79e-02
1.97343e+00 1.79e-02
1.97361e+00 1.79e-02
1.97380e+00 1.79e-02
1.97400e+00 1.78e-02
1.97437e+00 1.78e-02
1.97457e+00 1.78e-02
1.97494e+00 1.78e-02
1.97514e+00 1.78e-02
1.97532e+00 1.78e-02
1.97570e+00 1.78e-02
1.97608e+00 1.79e-02
1.97627e+00 1.78e-02
1.97645e+00 1.78e-02
1.97665e+00 1.78e-02
1.97760e+00 1.77e-02
1.97780e+00 1.78e-02
1.97799e+00 1.78e-02
1.97817e+00 1.78e-02
1.97836e+00 1.78e-02
1.97856e+00 1.77e-02
1.97875e+00 1.77e-02
1.97894e+00 1.78e-02
1.97914e+00 1.78e-02
1.97932e+00 1.77e-02
1.97951e+00 1.77e-02
1.97970e+00 1.77e-02
1.97990e+00 1.79e-02
1.98009e+00 1.79e-02
1.98028e+00 1.76e-02
1.98048e+00 1.76e-02
1.98067e+00 1.77e-02
1.98086e+00 1.77e-02
1.98106e+00 1.77e-02
1.98144e+00 1.76e-02
1.98181e+00 1.76e-02
1.98201e+00 1.76e-02
1.98220e+00 1.76e-02
1.98259e+00 1.76e-02
1.98278e+00 1.76e-02
1.98299e+00 1.76e-02
1.98337e+00 1.75e-02
1.98356e+00 1.75e-02
1.98376e+00 1.76e-02
1.98395e+00 1.76e-02
1.98414e+00 1.76e-02
1.98433e+00 1.77e-02
1.98453e+00 1.76e-02
1.98472e+00 1.77e-02
1.98491e+00 1.75e-02
1.98510e+00 1.75e-02
1.98550e+00 1.75e-02
1.98569e+00 1.75e-02
1.98589e+00 1.75e-02
1.98627e+00 1.74e-02
1.98667e+00 1.75e-02
1.98686e+00 1.75e-02
1.98705e+00 1.74e-02
1.98745e+00 1.74e-02
1.98764e+00 1.75e-02
1.98783e+00 1.74e-02
1.98803e+00 1.74e-02
1.98823e+00 1.74e-02
1.98842e+00 1.74e-02
1.98861e+00 1.74e-02
1.98882e+00 1.74e-02
1.98901e+00 1.73e-02
1.99058e+00 1.73e-02
1.99077e+00 1.73e-02
1.99097e+00 1.73e-02
1.99117e+00 1.74e-02
1.99136e+00 1.73e-02
1.99157e+00 1.73e-02
1.99176e+00 1.73e-02
1.99196e+00 1.73e-02
1.99215e+00 1.73e-02
1.99236e+00 1.72e-02
1.99255e+00 1.72e-02
1.99274e+00 1.72e-02
1.99294e+00 1.72e-02
1.99334e+00 1.72e-02
1.99354e+00 1.73e-02
1.99373e+00 1.73e-02
1.99394e+00 1.73e-02
1.99413e+00 1.72e-02
1.99433e+00 1.72e-02
1.99452e+00 1.72e-02
1.99473e+00 1.72e-02
1.99492e+00 1.72e-02
1.99512e+00 1.72e-02
1.99552e+00 1.71e-02
1.99572e+00 1.71e-02
1.99611e+00 1.71e-02
1.99632e+00 1.71e-02
1.99671e+00 1.71e-02
1.99712e+00 1.71e-02
1.99731e+00 1.71e-02
1.99772e+00 1.72e-02
1.99792e+00 1.70e-02
1.99811e+00 1.71e-02
1.99852e+00 1.70e-02
1.99872e+00 1.70e-02
1.99932e+00 1.70e-02
1.99952e+00 1.71e-02
1.99972e+00 1.70e-02
1.99992e+00 1.71e-02
2.00032e+00 1.70e-02
2.00093e+00 1.70e-02
2.00113e+00 1.71e-02
2.00133e+00 1.70e-02
2.00153e+00 1.70e-02
2.00174e+00 1.70e-02
2.00194e+00 1.70e-02
2.00214e+00 1.70e-02
2.00234e+00 1.69e-02
2.00253e+00 1.69e-02
2.00274e+00 1.69e-02
2.00294e+00 1.69e-02
2.00314e+00 1.69e-02
2.00356e+00 1.69e-02
2.00376e+00 1.69e-02
2.00396e+00 1.69e-02
2.00417e+00 1.68e-02
2.00437e+00 1.68e-02
2.00477e+00 1.70e-02
2.00497e+00 1.70e-02
2.00518e+00 1.70e-02
2.00538e+00 1.68e-02
2.00558e+00 1.68e-02
2.00580e+00 1.69e-02
2.00600e+00 1.70e-02
2.00620e+00 1.68e-02
2.00640e+00 1.68e-02
2.00660e+00 1.68e-02
2.00680e+00 1.69e-02
2.00702e+00 1.67e-02
2.00722e+00 1.67e-02
2.00742e+00 1.67e-02
2.00762e+00 1.67e-02
2.00784e+00 1.67e-02
2.00804e+00 1.67e-02
2.00844e+00 1.67e-02
2.00866e+00 1.67e-02
2.00886e+00 1.67e-02
2.00906e+00 1.67e-02
2.00927e+00 1.67e-02
2.00968e+00 1.66e-02
2.01009e+00 1.66e-02
2.01051e+00 1.66e-02
2.01092e+00 1.67e-02
2.01112e+00 1.66e-02
2.01134e+00 1.66e-02
2.01174e+00 1.65e-02
2.01195e+00 1.65e-02
2.01215e+00 1.65e-02
2.01237e+00 1.65e-02
2.01257e+00 1.65e-02
2.01278e+00 1.65e-02
2.01298e+00 1.65e-02
2.01319e+00 1.65e-02
2.01361e+00 1.65e-02
2.01382e+00 1.65e-02
2.01402e+00 1.66e-02
2.01424e+00 1.66e-02
2.01444e+00 1.65e-02
2.01465e+00 1.65e-02
2.01486e+00 1.65e-02
2.01506e+00 1.65e-02
2.01528e+00 1.65e-02
2.01549e+00 1.64e-02
2.01569e+00 1.64e-02
2.01612e+00 1.64e-02
2.01653e+00 1.64e-02
2.01674e+00 1.65e-02
2.01695e+00 1.64e-02
2.01715e+00 1.64e-02
2.01737e+00 1.64e-02
2.01758e+00 1.64e-02
2.01779e+00 1.63e-02
2.01800e+00 1.64e-02
2.01820e+00 1.63e-02
2.01842e+00 1.63e-02
2.01863e+00 1.63e-02
2.01884e+00 1.63e-02
2.01905e+00 1.63e-02
2.01927e+00 1.63e-02
2.01947e+00 1.63e-02
2.01968e+00 1.63e-02
2.01989e+00 1.63e-02
2.02010e+00 1.62e-02
2.02032e+00 1.62e-02
2.02053e+00 1.63e-02
2.02074e+00 1.62e-02
2.02116e+00 1.62e-02
2.02159e+00 1.62e-02
2.02180e+00 1.62e-02
2.02286e+00 1.62e-02
2.02307e+00 1.62e-02
2.02328e+00 1.62e-02
2.02351e+00 1.62e-02
2.02372e+00 1.61e-02
2.02414e+00 1.61e-02
2.02435e+00 1.61e-02
2.02479e+00 1.61e-02
2.02500e+00 1.61e-02
2.02586e+00 1.60e-02
2.02607e+00 1.60e-02
2.02650e+00 1.61e-02
2.02671e+00 1.60e-02
2.02713e+00 1.60e-02
2.02736e+00 1.60e-02
2.02757e+00 1.60e-02
2.02779e+00 1.60e-02
2.02821e+00 1.60e-02
2.02844e+00 1.60e-02
2.02865e+00 1.60e-02
2.02908e+00 1.59e-02
2.02929e+00 1.59e-02
2.02952e+00 1.59e-02
2.02995e+00 1.59e-02
2.03016e+00 1.60e-02
2.03038e+00 1.59e-02
2.03059e+00 1.59e-02
2.03082e+00 1.59e-02
2.03104e+00 1.59e-02
2.03125e+00 1.59e-02
2.03147e+00 1.59e-02
2.03168e+00 1.59e-02
2.03190e+00 1.59e-02
2.03213e+00 1.59e-02
2.03234e+00 1.59e-02
2.03256e+00 1.59e-02
2.03278e+00 1.60e-02
2.03299e+00 1.58e-02
2.03321e+00 1.58e-02
2.03344e+00 1.58e-02
2.03365e+00 1.58e-02
2.03431e+00 1.58e-02
2.03452e+00 1.58e-02
2.03474e+00 1.57e-02
2.03497e+00 1.57e-02
2.03519e+00 1.57e-02
2.03629e+00 1.57e-02
2.03695e+00 1.57e-02
2.03717e+00 1.57e-02
2.03762e+00 1.57e-02
2.03784e+00 1.57e-02
2.03806e+00 1.57e-02
2.03828e+00 1.57e-02
2.03850e+00 1.57e-02
2.03872e+00 1.57e-02
2.03895e+00 1.57e-02
2.03917e+00 1.57e-02
2.03939e+00 1.57e-02
2.03961e+00 1.57e-02
2.03983e+00 1.57e-02
2.04005e+00 1.62e-02
2.04027e+00 1.58e-02
2.04049e+00 1.57e-02
2.04071e+00 1.56e-02
2.04251e+00 1.55e-02
2.04274e+00 1.55e-02
2.04296e+00 1.55e-02
2.04340e+00 1.55e-02
2.04363e+00 1.55e-02
2.04385e+00 1.55e-02
2.04409e+00 1.55e-02
2.04431e+00 1.55e-02
2.04453e+00 1.55e-02
2.04498e+00 1.55e-02
2.04521e+00 1.54e-02
2.04566e+00 1.54e-02
2.04588e+00 1.54e-02
2.04657e+00 1.54e-02
2.04679e+00 1.54e-02
2.04724e+00 1.54e-02
2.04747e+00 1.53e-02
2.04771e+00 1.53e-02
2.04884e+00 1.53e-02
2.04907e+00 1.53e-02
2.04929e+00 1.53e-02
2.04952e+00 1.53e-02
2.04997e+00 1.53e-02
2.05021e+00 1.53e-02
2.05044e+00 1.53e-02
2.05090e+00 1.53e-02
2.05113e+00 1.53e-02
2.05135e+00 1.55e-02
2.05158e+00 1.53e-02
2.05181e+00 1.53e-02
2.05204e+00 1.52e-02
2.05251e+00 1.52e-02
2.05320e+00 1.52e-02
2.05459e+00 1.51e-02
2.05482e+00 1.51e-02
2.05505e+00 1.51e-02
2.05598e+00 1.51e-02
2.05644e+00 1.51e-02
2.05691e+00 1.50e-02
2.05714e+00 1.51e-02
2.05737e+00 1.50e-02
2.05760e+00 1.50e-02
2.05785e+00 1.50e-02
2.05808e+00 1.50e-02
2.05855e+00 1.50e-02
2.05878e+00 1.50e-02
2.05902e+00 1.50e-02
2.05925e+00 1.50e-02
2.05948e+00 1.50e-02
2.05972e+00 1.50e-02
2.06020e+00 1.49e-02
2.06042e+00 1.49e-02
2.06067e+00 1.50e-02
2.06090e+00 1.50e-02
2.06114e+00 1.49e-02
2.06137e+00 1.49e-02
2.06161e+00 1.49e-02
2.06184e+00 1.49e-02
2.06208e+00 1.49e-02
2.06232e+00 1.49e-02
2.06279e+00 1.49e-02
2.06326e+00 1.49e-02
2.06374e+00 1.48e-02
2.06399e+00 1.48e-02
2.06421e+00 1.49e-02
2.06445e+00 1.50e-02
2.06470e+00 1.48e-02
2.06494e+00 1.49e-02
2.06517e+00 1.51e-02
2.06541e+00 1.48e-02
2.06565e+00 1.48e-02
2.06589e+00 1.47e-02
2.06613e+00 1.48e-02
2.06637e+00 1.48e-02
2.06661e+00 1.47e-02
2.06685e+00 1.47e-02
2.06733e+00 1.47e-02
2.06757e+00 1.47e-02
2.06781e+00 1.47e-02
2.06829e+00 1.47e-02
2.06925e+00 1.46e-02
2.06974e+00 1.47e-02
2.06998e+00 1.47e-02
2.07022e+00 1.46e-02
2.07046e+00 1.46e-02
2.07096e+00 1.46e-02
2.07120e+00 1.46e-02
2.07217e+00 1.46e-02
2.07242e+00 1.47e-02
2.07266e+00 1.45e-02
2.07339e+00 1.45e-02
2.07364e+00 1.45e-02
2.07413e+00 1.45e-02
2.07462e+00 1.45e-02
2.07486e+00 1.45e-02
2.07511e+00 1.45e-02
2.07536e+00 1.45e-02
2.07560e+00 1.45e-02
2.07609e+00 1.46e-02
2.07634e+00 1.44e-02
2.07659e+00 1.44e-02
2.07684e+00 1.44e-02
2.07708e+00 1.44e-02
2.07857e+00 1.44e-02
2.07882e+00 1.44e-02
2.07907e+00 1.44e-02
2.07932e+00 1.43e-02
2.07957e+00 1.43e-02
2.07982e+00 1.44e-02
2.08007e+00 1.45e-02
2.08032e+00 1.43e-02
2.08057e+00 1.43e-02
2.08107e+00 1.43e-02
2.08156e+00 1.43e-02
2.08181e+00 1.43e-02
2.08206e+00 1.43e-02
2.08231e+00 1.43e-02
2.08256e+00 1.43e-02
2.08282e+00 1.43e-02
2.08332e+00 1.42e-02
2.08357e+00 1.42e-02
2.08383e+00 1.42e-02
2.08408e+00 1.42e-02
2.08433e+00 1.42e-02
2.08459e+00 1.42e-02
2.08484e+00 1.42e-02
2.08560e+00 1.42e-02
2.08586e+00 1.42e-02
2.08611e+00 1.41e-02
2.08636e+00 1.41e-02
2.08662e+00 1.41e-02
2.08712e+00 1.41e-02
2.08763e+00 1.41e-02
2.08789e+00 1.41e-02
2.08840e+00 1.41e-02
2.08866e+00 1.40e-02
2.08891e+00 1.41e-02
2.08917e+00 1.42e-02
2.08943e+00 1.41e-02
2.08969e+00 1.40e-02
2.08994e+00 1.40e-02
2.09020e+00 1.40e-02
2.09046e+00 1.40e-02
2.09072e+00 1.40e-02
2.09123e+00 1.40e-02
2.09175e+00 1.39e-02
2.09227e+00 1.39e-02
2.09331e+00 1.39e-02
2.09357e+00 1.39e-02
2.09383e+00 1.39e-02
2.09408e+00 1.39e-02
2.09434e+00 1.39e-02
2.09460e+00 1.39e-02
2.09513e+00 1.38e-02
2.09539e+00 1.38e-02
2.09592e+00 1.38e-02
2.09618e+00 1.38e-02
2.09643e+00 1.38e-02
2.09670e+00 1.38e-02
2.09696e+00 1.38e-02
2.09723e+00 1.39e-02
2.09749e+00 1.38e-02
2.09960e+00 1.37e-02
2.10014e+00 1.37e-02
2.10066e+00 1.37e-02
2.10093e+00 1.37e-02
2.10120e+00 1.37e-02
2.10146e+00 1.37e-02
2.10173e+00 1.37e-02
2.10200e+00 1.36e-02
2.10254e+00 1.36e-02
2.10307e+00 1.36e-02
2.10334e+00 1.36e-02
2.10361e+00 1.36e-02
2.10388e+00 1.36e-02
2.10415e+00 1.36e-02
2.10441e+00 1.36e-02
2.10468e+00 1.36e-02
2.10522e+00 1.35e-02
2.10577e+00 1.35e-02
2.10630e+00 1.35e-02
2.10685e+00 1.35e-02
2.10738e+00 1.35e-02
2.10793e+00 1.35e-02
2.10848e+00 1.34e-02
2.10957e+00 1.34e-02
2.10985e+00 1.34e-02
2.11012e+00 1.34e-02
2.11066e+00 1.34e-02
2.11094e+00 1.34e-02
2.11122e+00 1.34e-02
2.11150e+00 1.33e-02
2.11204e+00 1.33e-02
2.11232e+00 1.33e-02
2.11288e+00 1.33e-02
2.11343e+00 1.33e-02
2.11371e+00 1.33e-02
2.11399e+00 1.33e-02
2.11427e+00 1.33e-02
2.11454e+00 1.33e-02
2.11482e+00 1.33e-02
2.11510e+00 1.33e-02
2.11538e+00 1.32e-02
2.11565e+00 1.32e-02
2.11593e+00 1.32e-02
2.11650e+00 1.32e-02
2.11677e+00 1.32e-02
2.11705e+00 1.32e-02
2.11734e+00 1.32e-02
2.11762e+00 1.32e-02
2.11789e+00 1.32e-02
2.11818e+00 1.32e-02
2.11846e+00 1.32e-02
2.11875e+00 1.31e-02
2.11902e+00 1.31e-02
2.11931e+00 1.31e-02
2.11988e+00 1.31e-02
2.12015e+00 1.31e-02
2.12044e+00 1.31e-02
2.12073e+00 1.31e-02
2.12100e+00 1.32e-02
2.12129e+00 1.31e-02
2.12187e+00 1.30e-02
2.12243e+00 1.30e-02
2.12300e+00 1.30e-02
2.12358e+00 1.30e-02
2.12415e+00 1.30e-02
2.12444e+00 1.30e-02
2.12473e+00 1.30e-02
2.12501e+00 1.30e-02
2.12530e+00 1.30e-02
2.12559e+00 1.29e-02
2.12617e+00 1.29e-02
2.12674e+00 1.29e-02
2.12733e+00 1.29e-02
2.12791e+00 1.29e-02
2.12820e+00 1.29e-02
2.12849e+00 1.29e-02
2.13024e+00 1.28e-02
2.13054e+00 1.28e-02
2.13084e+00 1.28e-02
2.13142e+00 1.28e-02
2.13201e+00 1.28e-02
2.13260e+00 1.27e-02
2.13320e+00 1.27e-02
2.13379e+00 1.27e-02
2.13438e+00 1.27e-02
2.13468e+00 1.27e-02
2.13497e+00 1.27e-02
2.13528e+00 1.27e-02
2.13557e+00 1.27e-02
2.13587e+00 1.26e-02
2.13647e+00 1.26e-02
2.13707e+00 1.26e-02
2.13768e+00 1.26e-02
2.13828e+00 1.26e-02
2.13888e+00 1.26e-02
2.13948e+00 1.26e-02
2.14009e+00 1.25e-02
2.14070e+00 1.25e-02
2.14101e+00 1.25e-02
2.14161e+00 1.25e-02
2.14191e+00 1.25e-02
2.14222e+00 1.25e-02
2.14284e+00 1.25e-02
2.14345e+00 1.24e-02
2.14406e+00 1.24e-02
2.14468e+00 1.24e-02
2.14530e+00 1.24e-02
2.14592e+00 1.24e-02
2.14654e+00 1.24e-02
2.14716e+00 1.23e-02
2.14778e+00 1.23e-02
2.14841e+00 1.23e-02
2.14903e+00 1.23e-02
2.14966e+00 1.23e-02
2.15028e+00 1.23e-02
2.15091e+00 1.22e-02
2.15155e+00 1.22e-02
2.15218e+00 1.22e-02
2.15282e+00 1.22e-02
2.15345e+00 1.22e-02
2.15409e+00 1.22e-02
2.15472e+00 1.21e-02
2.15537e+00 1.21e-02
2.15568e+00 1.21e-02
2.15601e+00 1.22e-02
2.15633e+00 1.21e-02
2.15666e+00 1.21e-02
2.15697e+00 1.21e-02
2.15729e+00 1.21e-02
2.15762e+00 1.20e-02
2.15794e+00 1.21e-02
2.15826e+00 1.20e-02
2.15859e+00 1.20e-02
2.15891e+00 1.20e-02
2.15923e+00 1.20e-02
2.15989e+00 1.20e-02
2.16054e+00 1.20e-02
2.16119e+00 1.20e-02
2.16185e+00 1.19e-02
2.16218e+00 1.19e-02
2.16251e+00 1.19e-02
2.16284e+00 1.19e-02
2.16350e+00 1.19e-02
2.16416e+00 1.19e-02
2.16483e+00 1.19e-02
2.16548e+00 1.18e-02
2.16616e+00 1.18e-02
2.16682e+00 1.18e-02
2.16749e+00 1.18e-02
2.16816e+00 1.18e-02
2.16884e+00 1.18e-02
2.16951e+00 1.17e-02
2.17018e+00 1.17e-02
2.17086e+00 1.17e-02
2.17154e+00 1.17e-02
2.17223e+00 1.17e-02
2.17291e+00 1.16e-02
2.17359e+00 1.16e-02
2.17427e+00 1.16e-02
2.17497e+00 1.16e-02
2.17566e+00 1.16e-02
2.17635e+00 1.16e-02
2.17704e+00 1.15e-02
2.17774e+00 1.15e-02
2.17809e+00 1.15e-02
2.17844e+00 1.15e-02
2.17879e+00 1.15e-02
2.17949e+00 1.15e-02
2.18019e+00 1.15e-02
2.18089e+00 1.14e-02
2.18160e+00 1.14e-02
2.18231e+00 1.14e-02
2.18302e+00 1.14e-02
2.18373e+00 1.14e-02
2.18444e+00 1.13e-02
2.18516e+00 1.13e-02
2.18588e+00 1.13e-02
2.18660e+00 1.13e-02
2.18732e+00 1.13e-02
2.18805e+00 1.13e-02
2.18878e+00 1.12e-02
2.18951e+00 1.12e-02
2.19023e+00 1.12e-02
2.19096e+00 1.12e-02
2.19170e+00 1.12e-02
2.19244e+00 1.11e-02
2.19317e+00 1.11e-02
2.19392e+00 1.11e-02
2.19465e+00 1.11e-02
2.19540e+00 1.11e-02
2.19615e+00 1.10e-02
2.19690e+00 1.10e-02
2.19766e+00 1.10e-02
2.19841e+00 1.10e-02
2.19917e+00 1.10e-02
2.19992e+00 1.10e-02
2.20069e+00 1.09e-02
2.20145e+00 1.09e-02
2.20221e+00 1.09e-02
2.20299e+00 1.09e-02
2.20376e+00 1.09e-02
2.20453e+00 1.08e-02
2.20530e+00 1.08e-02
2.20609e+00 1.08e-02
2.20687e+00 1.08e-02
2.20765e+00 1.08e-02
2.20843e+00 1.07e-02
2.20922e+00 1.07e-02
2.21001e+00 1.07e-02
2.21081e+00 1.07e-02
2.21160e+00 1.07e-02
2.21240e+00 1.06e-02
2.21320e+00 1.06e-02
2.21401e+00 1.06e-02
2.21481e+00 1.06e-02
2.21562e+00 1.06e-02
2.21643e+00 1.06e-02
2.21725e+00 1.05e-02
2.21806e+00 1.05e-02
2.21889e+00 1.05e-02
2.21971e+00 1.05e-02
2.22054e+00 1.05e-02
2.22136e+00 1.04e-02
2.22220e+00 1.04e-02
2.22303e+00 1.04e-02
2.22387e+00 1.04e-02
2.22471e+00 1.04e-02
2.22597e+00 1.03e-02
2.22641e+00 1.03e-02
2.22725e+00 1.03e-02
2.22768e+00 1.03e-02
2.22811e+00 1.03e-02
2.22853e+00 1.03e-02
2.22896e+00 1.03e-02
2.22939e+00 1.03e-02
2.22982e+00 1.02e-02
2.23068e+00 1.02e-02
2.23155e+00 1.02e-02
2.23242e+00 1.02e-02
2.23329e+00 1.02e-02
2.23417e+00 1.01e-02
2.23504e+00 1.01e-02
2.23548e+00 1.01e-02
2.23593e+00 1.01e-02
2.23681e+00 1.01e-02
2.23771e+00 1.01e-02
2.23859e+00 1.00e-02
2.23950e+00 1.00e-02
2.24039e+00 9.99e-03
2.24129e+00 9.97e-03
2.24220e+00 9.95e-03
2.24311e+00 9.93e-03
2.24402e+00 9.91e-03
2.24495e+00 9.89e-03
2.24540e+00 1.01e-02
2.24587e+00 9.87e-03
2.24679e+00 9.85e-03
2.24772e+00 9.83e-03
2.24866e+00 9.81e-03
2.24912e+00 9.79e-03
2.24960e+00 9.79e-03
2.25006e+00 9.77e-03
2.25101e+00 9.75e-03
2.25195e+00 9.73e-03
2.25290e+00 9.71e-03
2.25386e+00 9.69e-03
2.25482e+00 9.67e-03
2.25578e+00 9.65e-03
2.25675e+00 9.63e-03
2.25772e+00 9.60e-03
2.25870e+00 9.58e-03
2.25968e+00 9.56e-03
2.26067e+00 9.54e-03
2.26166e+00 9.52e-03
2.26265e+00 9.50e-03
2.26365e+00 9.48e-03
2.26465e+00 9.45e-03
2.26566e+00 9.43e-03
2.26667e+00 9.41e-03
2.26769e+00 9.39e-03
2.26871e+00 9.37e-03
2.26974e+00 9.34e-03
2.27077e+00 9.32e-03
2.27181e+00 9.30e-03
2.27285e+00 9.28e-03
2.27390e+00 9.26e-03
2.27496e+00 9.24e-03
2.27602e+00 9.21e-03
2.27707e+00 9.19e-03
2.27814e+00 9.17e-03
2.27921e+00 9.14e-03
2.28030e+00 9.12e-03
2.28138e+00 9.10e-03
2.28247e+00 9.08e-03
2.28358e+00 9.05e-03
2.28468e+00 9.03e-03
2.28578e+00 9.01e-03
2.28690e+00 8.99e-03
2.28802e+00 8.96e-03
2.28915e+00 8.94e-03
2.29028e+00 8.92e-03
2.29141e+00 8.89e-03
2.29199e+00 8.91e-03
2.29257e+00 8.88e-03
2.29372e+00 8.86e-03
2.29488e+00 8.84e-03
2.29604e+00 8.82e-03
2.29721e+00 8.79e-03
2.29839e+00 8.76e-03
2.29958e+00 8.73e-03
2.30077e+00 8.70e-03
2.30197e+00 8.68e-03
2.30318e+00 8.66e-03
2.30438e+00 8.63e-03
2.30558e+00 8.61e-03
2.30688e+00 8.58e-03
2.30747e+00 8.58e-03
2.30807e+00 8.56e-03
2.30936e+00 8.54e-03
2.31055e+00 8.51e-03
2.31184e+00 8.49e-03
2.31313e+00 8.46e-03
2.31441e+00 8.44e-03
2.31570e+00 8.41e-03
2.31698e+00 8.39e-03
2.31826e+00 8.36e-03
2.31954e+00 8.34e-03
2.32092e+00 8.31e-03
2.32219e+00 8.28e-03
2.32356e+00 8.26e-03
2.32493e+00 8.23e-03
2.32630e+00 8.21e-03
2.32767e+00 8.18e-03
2.32903e+00 8.16e-03
2.33039e+00 8.13e-03
2.33185e+00 8.10e-03
2.33321e+00 8.08e-03
2.33466e+00 8.05e-03
2.33612e+00 8.02e-03
2.33679e+00 8.01e-03
2.33824e+00 7.98e-03
2.33969e+00 7.96e-03
2.34113e+00 7.93e-03
2.34267e+00 7.90e-03
2.34411e+00 7.88e-03
2.34564e+00 7.85e-03
2.34718e+00 7.83e-03
2.34794e+00 7.82e-03
2.34947e+00 7.79e-03
2.35099e+00 7.76e-03
2.35176e+00 7.75e-03
2.35337e+00 7.72e-03
2.35499e+00 7.69e-03
2.35650e+00 7.67e-03
2.35811e+00 7.64e-03
2.35897e+00 7.62e-03
2.36057e+00 7.59e-03
2.36142e+00 7.58e-03
2.36227e+00 7.57e-03
2.36396e+00 7.54e-03
2.36556e+00 7.51e-03
2.36734e+00 7.47e-03
2.36903e+00 7.45e-03
2.37071e+00 7.42e-03
2.37248e+00 7.39e-03
2.37425e+00 7.36e-03
2.37602e+00 7.33e-03
2.37788e+00 7.30e-03
2.37964e+00 7.27e-03
2.38149e+00 7.23e-03
2.38334e+00 7.20e-03
2.38527e+00 7.17e-03
2.38711e+00 7.14e-03
2.38904e+00 7.11e-03
2.39096e+00 7.08e-03
2.39297e+00 7.04e-03
2.39498e+00 7.01e-03
2.39699e+00 6.98e-03
2.39899e+00 6.95e-03
2.40107e+00 6.91e-03
2.40315e+00 6.88e-03
2.40532e+00 6.84e-03
2.40740e+00 6.81e-03
2.40964e+00 6.78e-03
2.41180e+00 6.74e-03
2.41404e+00 6.71e-03
2.41627e+00 6.67e-03
2.41859e+00 6.64e-03
2.42090e+00 6.60e-03
2.42330e+00 6.56e-03
2.42569e+00 6.53e-03
2.42816e+00 6.49e-03
2.43063e+00 6.45e-03
2.43317e+00 6.42e-03
2.43572e+00 6.38e-03
2.43825e+00 6.34e-03
2.44095e+00 6.30e-03
2.44365e+00 6.26e-03
2.44634e+00 6.22e-03
2.44911e+00 6.18e-03
2.45195e+00 6.14e-03
2.45488e+00 6.10e-03
2.45779e+00 6.06e-03
2.46087e+00 6.02e-03
2.46394e+00 5.97e-03
2.46708e+00 5.93e-03
2.47022e+00 5.88e-03
2.47351e+00 5.84e-03
2.47687e+00 5.79e-03
2.48031e+00 5.75e-03
2.48382e+00 5.70e-03
2.48740e+00 5.65e-03
2.49114e+00 5.61e-03
2.49494e+00 5.56e-03
2.49881e+00 5.51e-03
2.50283e+00 5.46e-03
2.50699e+00 5.41e-03
2.51122e+00 5.35e-03
2.51568e+00 5.30e-03
2.52019e+00 5.24e-03
2.52493e+00 5.19e-03
2.52980e+00 5.13e-03
2.53481e+00 5.07e-03
2.54010e+00 5.01e-03
2.54561e+00 4.95e-03
2.55132e+00 4.88e-03
2.55730e+00 4.82e-03
2.56364e+00 4.75e-03
2.57024e+00 4.68e-03
2.57726e+00 4.60e-03
2.58475e+00 4.52e-03
2.59264e+00 4.44e-03
2.60113e+00 4.36e-03
2.61029e+00 4.27e-03
2.62024e+00 4.17e-03
2.63110e+00 4.07e-03
2.64319e+00 3.97e-03
2.65669e+00 3.86e-03
2.66410e+00 3.81e-03
2.67215e+00 3.84e-03
2.68082e+00 3.86e-03
2.69029e+00 3.92e-03
2.70069e+00 3.62e-03
2.71231e+00 3.42e-03
2.72543e+00 3.28e-03
2.74065e+00 3.16e-03
2.75874e+00 3.03e-03
2.78130e+00 2.90e-03
2.81151e+00 5.12e-03
2.85859e+00 2.38e-03
2.99573e+00 1.78e-03
