# OPACITY Project tables
-2.61515e+00 1.08e-01
-2.27341e+00 3.91e-02
-2.07433e+00 2.17e-02
-1.93351e+00 1.43e-02
-1.82455e+00 1.04e-02
-1.73574e+00 8.04e-03
-1.66078e+00 8.23e-03
-1.59603e+00 5.67e-03
-1.53898e+00 4.53e-03
-1.48802e+00 3.89e-03
-1.44198e+00 3.40e-03
-1.40003e+00 3.01e-03
-1.36148e+00 2.73e-03
-1.32584e+00 2.47e-03
-1.29269e+00 2.24e-03
-1.26174e+00 2.05e-03
-1.23268e+00 1.89e-03
-1.20531e+00 1.77e-03
-1.17944e+00 1.67e-03
-1.15493e+00 1.56e-03
-1.13165e+00 1.44e-03
-1.10945e+00 1.34e-03
-1.08827e+00 1.30e-03
-1.06799e+00 1.36e-03
-1.04857e+00 2.10e-03
-1.02994e+00 3.31e-03
-1.01200e+00 1.41e-03
-9.94739e-01 1.07e-03
-9.78086e-01 9.50e-04
-9.62021e-01 8.85e-04
-9.46492e-01 8.41e-04
-9.31455e-01 8.04e-04
-9.16916e-01 7.70e-04
-9.02807e-01 7.39e-04
-8.89113e-01 7.10e-04
-8.75797e-01 6.84e-04
-8.62868e-01 6.59e-04
-8.50292e-01 6.36e-04
-8.38057e-01 6.15e-04
-8.26130e-01 5.94e-04
-8.14502e-01 5.75e-04
-8.03185e-01 5.57e-04
-7.92106e-01 5.61e-04
-7.81301e-01 5.44e-04
-7.70741e-01 5.28e-04
-7.60420e-01 5.13e-04
-7.50331e-01 4.99e-04
-7.40469e-01 4.85e-04
-7.30787e-01 4.72e-04
-7.21320e-01 4.60e-04
-7.12045e-01 4.48e-04
-7.02955e-01 4.37e-04
-6.94048e-01 4.27e-04
-6.85298e-01 4.17e-04
-6.76723e-01 4.08e-04
-6.68298e-01 4.00e-04
-6.60041e-01 3.93e-04
-6.51909e-01 3.88e-04
-6.43938e-01 3.86e-04
-6.36087e-01 3.89e-04
-6.28390e-01 4.00e-04
-6.20808e-01 4.13e-04
-6.13357e-01 4.22e-04
-5.91692e-01 4.06e-04
-5.84687e-01 3.93e-04
-5.71018e-01 3.43e-04
-5.64314e-01 3.22e-04
-5.57725e-01 3.08e-04
-5.51231e-01 2.97e-04
-5.44831e-01 2.89e-04
-5.38505e-01 2.82e-04
-5.32288e-01 2.76e-04
-5.26142e-01 2.71e-04
-5.20085e-01 2.66e-04
-5.08196e-01 2.56e-04
-4.96610e-01 2.48e-04
-4.85320e-01 2.40e-04
-4.74301e-01 2.33e-04
-4.63545e-01 2.27e-04
-4.53044e-01 2.21e-04
-4.47882e-01 2.19e-04
-4.42778e-01 2.16e-04
-4.37730e-01 2.14e-04
-4.27803e-01 2.11e-04
-4.22922e-01 2.09e-04
-4.13321e-01 2.05e-04
-4.08585e-01 2.03e-04
-4.03901e-01 2.01e-04
-3.94688e-01 1.95e-04
-3.85662e-01 1.88e-04
-3.81216e-01 1.85e-04
-3.76819e-01 1.82e-04
-3.72456e-01 1.79e-04
-3.68126e-01 1.77e-04
-3.59622e-01 1.72e-04
-3.51261e-01 1.68e-04
-3.43054e-01 1.65e-04
-3.34997e-01 1.62e-04
-3.31021e-01 1.60e-04
-3.27088e-01 1.59e-04
-3.23185e-01 1.58e-04
-3.19310e-01 1.58e-04
-3.15464e-01 1.57e-04
-3.11661e-01 1.57e-04
-3.07885e-01 1.58e-04
-3.04150e-01 1.59e-04
-3.00430e-01 1.74e-04
-2.96750e-01 1.78e-04
-2.93097e-01 1.84e-04
-2.89484e-01 1.96e-04
-2.85884e-01 2.19e-04
-2.82323e-01 2.65e-04
-2.78788e-01 3.48e-04
-2.75279e-01 5.31e-04
-2.71796e-01 9.03e-04
-2.68350e-01 1.89e-03
-2.64917e-01 3.69e-03
-2.58149e-01 1.00e-03
-2.54802e-01 6.12e-04
-2.51466e-01 3.88e-04
-2.48167e-01 2.81e-04
-2.44891e-01 2.24e-04
-2.41639e-01 1.90e-04
-2.38409e-01 1.72e-04
-2.35203e-01 1.61e-04
-2.32020e-01 1.53e-04
-2.28860e-01 1.48e-04
-2.25722e-01 1.43e-04
-2.22606e-01 1.40e-04
-2.19513e-01 1.37e-04
-2.16441e-01 1.34e-04
-2.13391e-01 1.32e-04
-2.07344e-01 1.28e-04
-2.04359e-01 1.26e-04
-2.01382e-01 1.25e-04
-1.95504e-01 1.22e-04
-1.89697e-01 1.19e-04
-1.83971e-01 1.17e-04
-1.78314e-01 1.15e-04
-1.72724e-01 1.13e-04
-1.67200e-01 1.12e-04
-1.61755e-01 1.10e-04
-1.56373e-01 1.08e-04
-1.51044e-01 1.07e-04
-1.45789e-01 1.05e-04
-1.40596e-01 1.04e-04
-1.35453e-01 1.02e-04
-1.30382e-01 1.01e-04
-1.25359e-01 9.99e-05
-1.20395e-01 9.87e-05
-1.15489e-01 9.77e-05
-1.10630e-01 9.67e-05
-1.05827e-01 9.58e-05
-1.01070e-01 9.49e-05
-9.63788e-02 9.41e-05
-9.17206e-02 9.34e-05
-8.71168e-02 9.26e-05
-8.25559e-02 9.19e-05
-7.80480e-02 9.12e-05
-7.35820e-02 9.05e-05
-6.91679e-02 8.99e-05
-6.47839e-02 8.93e-05
-6.04509e-02 8.87e-05
-5.61577e-02 8.82e-05
-5.19040e-02 8.76e-05
-4.76998e-02 8.71e-05
-4.35236e-02 8.66e-05
-3.93959e-02 8.61e-05
-3.52956e-02 8.57e-05
-3.12430e-02 8.52e-05
-2.72170e-02 8.48e-05
-2.32379e-02 8.44e-05
-1.92848e-02 8.40e-05
-1.53675e-02 8.36e-05
-1.14958e-02 8.32e-05
-7.64918e-03 8.28e-05
-3.83735e-03 8.25e-05
-5.00013e-05 8.22e-05
3.69317e-03 8.18e-05
7.37275e-03 8.15e-05
1.11377e-02 8.12e-05
1.47901e-02 8.09e-05
1.84291e-02 8.06e-05
2.19572e-02 8.04e-05
2.55703e-02 8.01e-05
2.90732e-02 7.98e-05
3.25640e-02 7.96e-05
3.60426e-02 7.94e-05
3.95091e-02 7.92e-05
4.29637e-02 7.90e-05
5.47722e-02 7.85e-05
6.13773e-02 7.84e-05
6.46635e-02 7.85e-05
6.78455e-02 7.87e-05
7.11106e-02 7.91e-05
7.26927e-02 7.94e-05
7.42722e-02 7.98e-05
7.58493e-02 8.03e-05
7.74239e-02 8.09e-05
7.90884e-02 8.16e-05
8.06579e-02 8.24e-05
8.22249e-02 8.34e-05
8.37895e-02 8.46e-05
8.52598e-02 8.62e-05
8.68197e-02 8.81e-05
8.83771e-02 9.03e-05
8.99321e-02 9.29e-05
9.14847e-02 9.60e-05
9.30349e-02 9.96e-05
9.44917e-02 1.04e-04
9.60372e-02 1.10e-04
9.75803e-02 1.16e-04
9.90305e-02 1.24e-04
1.00569e-01 1.34e-04
1.02015e-01 1.44e-04
1.03549e-01 1.55e-04
1.06520e-01 1.77e-04
1.07957e-01 1.86e-04
1.09482e-01 1.93e-04
1.10915e-01 1.96e-04
1.12435e-01 1.94e-04
1.13864e-01 1.90e-04
1.15291e-01 1.88e-04
1.16805e-01 1.88e-04
1.18227e-01 1.92e-04
1.19648e-01 1.96e-04
1.21067e-01 1.98e-04
1.22483e-01 1.94e-04
1.23898e-01 1.87e-04
1.25398e-01 1.77e-04
1.28217e-01 1.55e-04
1.29624e-01 1.45e-04
1.31028e-01 1.35e-04
1.32431e-01 1.25e-04
1.33831e-01 1.17e-04
1.35143e-01 1.10e-04
1.36539e-01 1.05e-04
1.37934e-01 1.00e-04
1.39327e-01 9.61e-05
1.40718e-01 9.27e-05
1.42107e-01 8.99e-05
1.43407e-01 8.73e-05
1.44793e-01 8.50e-05
1.46176e-01 8.31e-05
1.47471e-01 8.16e-05
1.48851e-01 8.02e-05
1.50229e-01 7.91e-05
1.51519e-01 7.81e-05
1.52893e-01 7.72e-05
1.54179e-01 7.64e-05
1.55550e-01 7.58e-05
1.56833e-01 7.52e-05
1.59479e-01 7.43e-05
1.62119e-01 7.36e-05
1.64751e-01 7.30e-05
1.67293e-01 7.25e-05
1.69912e-01 7.22e-05
1.72440e-01 7.18e-05
1.74961e-01 7.16e-05
1.77477e-01 7.13e-05
1.80069e-01 7.11e-05
1.82572e-01 7.09e-05
1.84985e-01 7.07e-05
1.87475e-01 7.05e-05
1.89959e-01 7.04e-05
1.92437e-01 7.02e-05
2.12689e-01 6.92e-05
2.23064e-01 6.89e-05
2.29841e-01 6.89e-05
2.34281e-01 6.90e-05
2.36494e-01 6.92e-05
2.38702e-01 6.94e-05
2.40905e-01 6.97e-05
2.43103e-01 7.01e-05
2.45296e-01 7.07e-05
2.47407e-01 7.15e-05
2.49591e-01 7.25e-05
2.51692e-01 7.37e-05
2.53867e-01 7.52e-05
2.55959e-01 7.69e-05
2.58047e-01 7.89e-05
2.60208e-01 8.12e-05
2.62287e-01 8.34e-05
2.64362e-01 8.55e-05
2.65360e-01 8.64e-05
2.66433e-01 8.72e-05
2.67428e-01 8.77e-05
2.68499e-01 8.81e-05
2.69493e-01 8.83e-05
2.71553e-01 8.84e-05
2.72619e-01 8.83e-05
2.73609e-01 8.81e-05
2.74597e-01 9.24e-05
2.75660e-01 9.25e-05
2.76646e-01 9.27e-05
2.78692e-01 9.27e-05
2.79675e-01 9.26e-05
2.80657e-01 9.24e-05
2.81639e-01 9.20e-05
2.82695e-01 9.14e-05
2.83674e-01 9.06e-05
2.84652e-01 8.97e-05
2.86606e-01 8.76e-05
2.88632e-01 8.53e-05
2.90578e-01 8.30e-05
2.92520e-01 8.09e-05
2.94459e-01 7.90e-05
2.96394e-01 7.74e-05
2.98325e-01 7.60e-05
3.00253e-01 7.48e-05
3.02177e-01 7.39e-05
3.04097e-01 7.32e-05
3.05939e-01 7.26e-05
3.07852e-01 7.21e-05
3.09762e-01 7.17e-05
3.11594e-01 7.14e-05
3.13496e-01 7.11e-05
3.15322e-01 7.09e-05
3.19907e-01 7.06e-05
3.26278e-01 7.04e-05
3.32608e-01 7.05e-05
3.36115e-01 7.06e-05
3.37900e-01 7.08e-05
3.39681e-01 7.09e-05
3.41389e-01 7.11e-05
3.43164e-01 7.13e-05
3.44936e-01 7.15e-05
3.46635e-01 7.17e-05
3.48330e-01 7.19e-05
3.50093e-01 7.21e-05
3.54382e-01 7.25e-05
3.59421e-01 7.26e-05
3.62766e-01 7.25e-05
3.64435e-01 7.23e-05
3.66100e-01 7.22e-05
3.67763e-01 7.20e-05
3.69354e-01 7.17e-05
3.71012e-01 7.14e-05
3.72666e-01 7.12e-05
3.74318e-01 7.09e-05
3.75899e-01 7.06e-05
3.77546e-01 7.04e-05
3.79121e-01 7.01e-05
3.80762e-01 6.99e-05
3.82333e-01 6.97e-05
3.89471e-01 6.91e-05
3.99581e-01 6.86e-05
4.13169e-01 6.80e-05
4.19105e-01 6.76e-05
4.56538e-01 6.52e-05
4.87352e-01 6.31e-05
5.22122e-01 6.08e-05
5.53368e-01 5.89e-05
5.84726e-01 5.69e-05
6.15023e-01 5.51e-05
6.47156e-01 5.32e-05
6.78947e-01 5.14e-05
7.03988e-01 5.01e-05
7.17791e-01 4.95e-05
7.28949e-01 4.91e-05
7.35776e-01 4.91e-05
7.44315e-01 4.93e-05
7.47257e-01 4.94e-05
7.49433e-01 4.96e-05
7.50897e-01 4.98e-05
7.51652e-01 4.99e-05
7.52359e-01 5.00e-05
7.53066e-01 5.01e-05
7.53819e-01 5.03e-05
7.54524e-01 5.04e-05
7.55277e-01 5.06e-05
7.55981e-01 5.08e-05
7.56685e-01 5.10e-05
7.57436e-01 5.12e-05
7.58139e-01 5.15e-05
7.58841e-01 5.18e-05
7.59543e-01 5.21e-05
7.60292e-01 5.25e-05
7.60993e-01 5.29e-05
7.61693e-01 5.33e-05
7.62393e-01 5.38e-05
7.63140e-01 5.44e-05
7.63839e-01 5.50e-05
7.64537e-01 5.58e-05
7.65235e-01 5.67e-05
7.65979e-01 5.78e-05
7.66676e-01 5.90e-05
7.67373e-01 6.05e-05
7.67698e-01 6.13e-05
7.68069e-01 6.21e-05
7.68440e-01 6.31e-05
7.68765e-01 6.41e-05
7.69136e-01 6.52e-05
7.69460e-01 6.64e-05
7.69830e-01 6.77e-05
7.70155e-01 6.91e-05
7.70895e-01 7.23e-05
7.71219e-01 7.40e-05
7.71589e-01 7.58e-05
7.71912e-01 7.78e-05
7.72282e-01 7.99e-05
7.72605e-01 8.23e-05
7.72974e-01 8.50e-05
7.73298e-01 8.79e-05
7.73667e-01 9.11e-05
7.73990e-01 9.47e-05
7.74358e-01 9.87e-05
7.74681e-01 1.03e-04
7.75050e-01 1.08e-04
7.75418e-01 1.14e-04
7.75740e-01 1.20e-04
7.76109e-01 1.27e-04
7.76431e-01 1.35e-04
7.76799e-01 1.44e-04
7.77121e-01 1.55e-04
7.77488e-01 1.67e-04
7.77810e-01 1.81e-04
7.78177e-01 1.98e-04
7.78499e-01 2.17e-04
7.78866e-01 2.41e-04
7.79187e-01 2.70e-04
7.79554e-01 3.05e-04
7.79875e-01 3.49e-04
7.80242e-01 4.03e-04
7.80563e-01 4.72e-04
7.80929e-01 5.58e-04
7.81250e-01 6.71e-04
7.81570e-01 8.22e-04
7.81936e-01 1.03e-03
7.82256e-01 1.32e-03
7.82622e-01 1.71e-03
7.82942e-01 2.22e-03
7.83308e-01 3.01e-03
7.83628e-01 3.42e-03
7.83993e-01 4.66e-03
7.84312e-01 6.80e-03
7.84677e-01 9.34e-03
7.84997e-01 1.47e-02
7.85362e-01 1.88e-02
7.85681e-01 1.13e-02
7.86000e-01 8.07e-03
7.86364e-01 5.65e-03
7.86683e-01 3.98e-03
7.87047e-01 3.39e-03
7.87366e-01 2.61e-03
7.87730e-01 1.98e-03
7.88048e-01 1.53e-03
7.88366e-01 1.19e-03
7.88730e-01 9.37e-04
7.89048e-01 7.59e-04
7.89411e-01 6.26e-04
7.89729e-01 5.26e-04
7.90092e-01 4.48e-04
7.90410e-01 3.86e-04
7.90728e-01 3.36e-04
7.91090e-01 2.96e-04
7.91408e-01 2.63e-04
7.91770e-01 2.36e-04
7.92087e-01 2.14e-04
7.92404e-01 1.95e-04
7.92766e-01 1.79e-04
7.93083e-01 1.66e-04
7.93445e-01 1.54e-04
7.93761e-01 1.44e-04
7.94078e-01 1.35e-04
7.94439e-01 1.27e-04
7.94756e-01 1.20e-04
7.95117e-01 1.14e-04
7.95433e-01 1.09e-04
7.95749e-01 1.04e-04
7.96110e-01 9.92e-05
7.96426e-01 9.52e-05
7.96741e-01 9.17e-05
7.97102e-01 8.84e-05
7.97417e-01 8.55e-05
7.97732e-01 8.28e-05
7.98093e-01 8.04e-05
7.98408e-01 7.81e-05
7.98768e-01 7.61e-05
7.99083e-01 7.42e-05
7.99757e-01 7.09e-05
8.00071e-01 6.92e-05
8.00386e-01 6.77e-05
8.00745e-01 6.63e-05
8.01059e-01 6.51e-05
8.01374e-01 6.39e-05
8.01732e-01 6.28e-05
8.02046e-01 6.18e-05
8.02360e-01 6.08e-05
8.03032e-01 5.92e-05
8.03704e-01 5.77e-05
8.04331e-01 5.64e-05
8.05002e-01 5.53e-05
8.05627e-01 5.43e-05
8.06297e-01 5.34e-05
8.06967e-01 5.27e-05
8.07591e-01 5.21e-05
8.08260e-01 5.15e-05
8.08884e-01 5.10e-05
8.09551e-01 5.05e-05
8.10174e-01 5.01e-05
8.10841e-01 4.97e-05
8.11463e-01 4.93e-05
8.12129e-01 4.89e-05
8.12751e-01 4.86e-05
8.13416e-01 4.83e-05
8.14036e-01 4.81e-05
8.14701e-01 4.78e-05
8.15321e-01 4.76e-05
8.15984e-01 4.73e-05
8.16603e-01 4.71e-05
8.17266e-01 4.69e-05
8.17884e-01 4.68e-05
8.18546e-01 4.66e-05
8.19163e-01 4.64e-05
8.19824e-01 4.63e-05
8.20440e-01 4.61e-05
8.21057e-01 4.60e-05
8.21716e-01 4.58e-05
8.22332e-01 4.57e-05
8.22947e-01 4.56e-05
8.23605e-01 4.55e-05
8.24219e-01 4.54e-05
8.24833e-01 4.53e-05
8.25490e-01 4.52e-05
8.26103e-01 4.51e-05
8.30471e-01 4.44e-05
8.35731e-01 4.38e-05
8.42170e-01 4.32e-05
8.54458e-01 4.23e-05
8.68234e-01 4.15e-05
8.93922e-01 4.01e-05
9.28377e-01 3.85e-05
9.57855e-01 3.71e-05
9.86786e-01 3.58e-05
1.01614e+00 3.46e-05
1.03386e+00 3.39e-05
1.04391e+00 3.36e-05
1.04686e+00 3.36e-05
1.04981e+00 3.37e-05
1.05190e+00 3.38e-05
1.05442e+00 3.41e-05
1.05522e+00 3.42e-05
1.05564e+00 3.43e-05
1.05605e+00 3.44e-05
1.05647e+00 3.45e-05
1.05689e+00 3.46e-05
1.05730e+00 3.47e-05
1.05772e+00 3.48e-05
1.05814e+00 3.49e-05
1.05855e+00 3.50e-05
1.05897e+00 3.52e-05
1.05939e+00 3.53e-05
1.05980e+00 3.54e-05
1.06022e+00 3.56e-05
1.06063e+00 3.57e-05
1.06105e+00 3.58e-05
1.06143e+00 3.60e-05
1.06184e+00 3.62e-05
1.06226e+00 3.63e-05
1.06267e+00 3.65e-05
1.06309e+00 3.68e-05
1.06350e+00 3.70e-05
1.06392e+00 3.73e-05
1.06433e+00 3.76e-05
1.06475e+00 3.80e-05
1.06516e+00 3.84e-05
1.06554e+00 3.89e-05
1.06595e+00 3.93e-05
1.06636e+00 3.98e-05
1.06678e+00 4.03e-05
1.06719e+00 4.09e-05
1.06760e+00 4.14e-05
1.06802e+00 4.21e-05
1.06843e+00 4.27e-05
1.06881e+00 4.35e-05
1.06922e+00 4.43e-05
1.06963e+00 4.52e-05
1.07004e+00 4.62e-05
1.07045e+00 4.73e-05
1.07086e+00 4.85e-05
1.07128e+00 4.99e-05
1.07165e+00 5.14e-05
1.07186e+00 5.23e-05
1.07206e+00 5.32e-05
1.07227e+00 5.42e-05
1.07247e+00 5.52e-05
1.07268e+00 5.63e-05
1.07288e+00 5.75e-05
1.07309e+00 5.87e-05
1.07329e+00 6.00e-05
1.07350e+00 6.14e-05
1.07370e+00 6.29e-05
1.07388e+00 6.44e-05
1.07408e+00 6.60e-05
1.07429e+00 6.77e-05
1.07449e+00 6.95e-05
1.07470e+00 7.14e-05
1.07490e+00 7.34e-05
1.07510e+00 7.56e-05
1.07531e+00 7.78e-05
1.07551e+00 8.02e-05
1.07572e+00 8.28e-05
1.07592e+00 8.56e-05
1.07609e+00 8.85e-05
1.07630e+00 9.16e-05
1.07650e+00 9.50e-05
1.07671e+00 9.86e-05
1.07691e+00 1.02e-04
1.07712e+00 1.07e-04
1.07732e+00 1.11e-04
1.07752e+00 1.16e-04
1.07773e+00 1.21e-04
1.07793e+00 1.26e-04
1.07810e+00 1.32e-04
1.07831e+00 1.39e-04
1.07851e+00 1.45e-04
1.07872e+00 1.53e-04
1.07892e+00 1.61e-04
1.07912e+00 1.70e-04
1.07933e+00 1.79e-04
1.07953e+00 1.89e-04
1.07974e+00 2.01e-04
1.07991e+00 2.13e-04
1.08011e+00 2.26e-04
1.08031e+00 2.40e-04
1.08052e+00 2.55e-04
1.08072e+00 2.72e-04
1.08092e+00 2.90e-04
1.08113e+00 3.09e-04
1.08153e+00 3.48e-04
1.08191e+00 3.88e-04
1.08231e+00 4.29e-04
1.08272e+00 4.69e-04
1.08292e+00 4.89e-04
1.08313e+00 5.06e-04
1.08333e+00 5.22e-04
1.08350e+00 5.34e-04
1.08370e+00 5.42e-04
1.08390e+00 5.46e-04
1.08411e+00 5.45e-04
1.08431e+00 5.40e-04
1.08451e+00 5.33e-04
1.08492e+00 5.15e-04
1.08509e+00 5.09e-04
1.08529e+00 5.06e-04
1.08549e+00 5.07e-04
1.08570e+00 5.12e-04
1.08590e+00 5.20e-04
1.08630e+00 5.39e-04
1.08651e+00 5.45e-04
1.08667e+00 5.49e-04
1.08688e+00 5.49e-04
1.08708e+00 5.43e-04
1.08728e+00 5.34e-04
1.08748e+00 5.21e-04
1.08769e+00 5.05e-04
1.08789e+00 4.87e-04
1.08806e+00 4.67e-04
1.08846e+00 4.26e-04
1.08886e+00 3.86e-04
1.08927e+00 3.47e-04
1.08964e+00 3.07e-04
1.08984e+00 2.89e-04
1.09004e+00 2.71e-04
1.09024e+00 2.55e-04
1.09045e+00 2.40e-04
1.09065e+00 2.26e-04
1.09085e+00 2.13e-04
1.09102e+00 2.01e-04
1.09122e+00 1.90e-04
1.09142e+00 1.80e-04
1.09162e+00 1.71e-04
1.09182e+00 1.62e-04
1.09202e+00 1.54e-04
1.09223e+00 1.47e-04
1.09239e+00 1.40e-04
1.09259e+00 1.34e-04
1.09280e+00 1.28e-04
1.09300e+00 1.22e-04
1.09320e+00 1.17e-04
1.09340e+00 1.13e-04
1.09357e+00 1.08e-04
1.09377e+00 1.04e-04
1.09397e+00 1.00e-04
1.09417e+00 9.66e-05
1.09437e+00 9.32e-05
1.09457e+00 9.01e-05
1.09477e+00 8.71e-05
1.09494e+00 8.43e-05
1.09514e+00 8.17e-05
1.09534e+00 7.93e-05
1.09554e+00 7.70e-05
1.09574e+00 7.48e-05
1.09594e+00 7.28e-05
1.09611e+00 7.09e-05
1.09631e+00 6.90e-05
1.09651e+00 6.73e-05
1.09671e+00 6.56e-05
1.09691e+00 6.41e-05
1.09711e+00 6.26e-05
1.09728e+00 6.11e-05
1.09748e+00 5.98e-05
1.09768e+00 5.85e-05
1.09788e+00 5.73e-05
1.09808e+00 5.61e-05
1.09828e+00 5.51e-05
1.09845e+00 5.40e-05
1.09865e+00 5.31e-05
1.09905e+00 5.14e-05
1.09945e+00 4.98e-05
1.09981e+00 4.84e-05
1.10021e+00 4.72e-05
1.10061e+00 4.61e-05
1.10098e+00 4.51e-05
1.10138e+00 4.42e-05
1.10177e+00 4.33e-05
1.10214e+00 4.26e-05
1.10254e+00 4.19e-05
1.10290e+00 4.12e-05
1.10330e+00 4.06e-05
1.10370e+00 4.00e-05
1.10406e+00 3.95e-05
1.10446e+00 3.90e-05
1.10486e+00 3.84e-05
1.10522e+00 3.79e-05
1.10562e+00 3.75e-05
1.10599e+00 3.71e-05
1.10638e+00 3.67e-05
1.10678e+00 3.64e-05
1.10714e+00 3.61e-05
1.10754e+00 3.59e-05
1.10794e+00 3.56e-05
1.10830e+00 3.54e-05
1.10869e+00 3.52e-05
1.10906e+00 3.50e-05
1.10945e+00 3.48e-05
1.10985e+00 3.46e-05
1.11021e+00 3.45e-05
1.11061e+00 3.43e-05
1.11097e+00 3.41e-05
1.11136e+00 3.40e-05
1.11176e+00 3.38e-05
1.11212e+00 3.36e-05
1.11252e+00 3.35e-05
1.11288e+00 3.33e-05
1.11327e+00 3.32e-05
1.11363e+00 3.31e-05
1.11403e+00 3.30e-05
1.11442e+00 3.29e-05
1.11478e+00 3.28e-05
1.11517e+00 3.27e-05
1.11553e+00 3.26e-05
1.11593e+00 3.25e-05
1.11629e+00 3.24e-05
1.11668e+00 3.23e-05
1.11704e+00 3.23e-05
1.11743e+00 3.22e-05
1.11783e+00 3.21e-05
1.12028e+00 3.17e-05
1.12347e+00 3.14e-05
1.13034e+00 3.10e-05
1.13937e+00 3.07e-05
1.15045e+00 3.04e-05
1.15886e+00 3.03e-05
1.16452e+00 3.03e-05
1.16805e+00 3.04e-05
1.17050e+00 3.05e-05
1.17189e+00 3.07e-05
1.17295e+00 3.08e-05
1.17366e+00 3.09e-05
1.17400e+00 3.10e-05
1.17434e+00 3.10e-05
1.17471e+00 3.11e-05
1.17505e+00 3.12e-05
1.17539e+00 3.13e-05
1.17573e+00 3.14e-05
1.17610e+00 3.15e-05
1.17644e+00 3.16e-05
1.17678e+00 3.17e-05
1.17715e+00 3.18e-05
1.17749e+00 3.20e-05
1.17782e+00 3.21e-05
1.17816e+00 3.23e-05
1.17853e+00 3.24e-05
1.17887e+00 3.26e-05
1.17921e+00 3.28e-05
1.17955e+00 3.30e-05
1.17992e+00 3.33e-05
1.18025e+00 3.35e-05
1.18059e+00 3.38e-05
1.18093e+00 3.42e-05
1.18130e+00 3.45e-05
1.18164e+00 3.49e-05
1.18197e+00 3.53e-05
1.18231e+00 3.58e-05
1.18268e+00 3.63e-05
1.18301e+00 3.69e-05
1.18335e+00 3.75e-05
1.18369e+00 3.81e-05
1.18406e+00 3.88e-05
1.18439e+00 3.96e-05
1.18473e+00 4.04e-05
1.18507e+00 4.13e-05
1.18540e+00 4.22e-05
1.18577e+00 4.32e-05
1.18610e+00 4.43e-05
1.18644e+00 4.55e-05
1.18678e+00 4.67e-05
1.18714e+00 4.81e-05
1.18748e+00 4.95e-05
1.18781e+00 5.11e-05
1.18815e+00 5.28e-05
1.18848e+00 5.46e-05
1.18885e+00 5.66e-05
1.18918e+00 5.88e-05
1.18934e+00 6.00e-05
1.18970e+00 6.25e-05
1.19004e+00 6.52e-05
1.19037e+00 6.81e-05
1.19071e+00 7.13e-05
1.19107e+00 7.47e-05
1.19140e+00 7.82e-05
1.19174e+00 8.20e-05
1.19207e+00 8.59e-05
1.19241e+00 8.99e-05
1.19277e+00 9.39e-05
1.19310e+00 9.80e-05
1.19344e+00 1.02e-04
1.19377e+00 1.06e-04
1.19410e+00 1.11e-04
1.19447e+00 1.15e-04
1.19480e+00 1.19e-04
1.19513e+00 1.22e-04
1.19547e+00 1.26e-04
1.19565e+00 1.27e-04
1.19580e+00 1.29e-04
1.19616e+00 1.31e-04
1.19631e+00 1.32e-04
1.19649e+00 1.33e-04
1.19665e+00 1.33e-04
1.19698e+00 1.34e-04
1.19716e+00 1.35e-04
1.19749e+00 1.35e-04
1.19767e+00 1.35e-04
1.19782e+00 1.35e-04
1.19801e+00 1.34e-04
1.19834e+00 1.33e-04
1.19852e+00 1.33e-04
1.19867e+00 1.32e-04
1.19885e+00 1.33e-04
1.19903e+00 1.33e-04
1.19936e+00 1.34e-04
1.19951e+00 1.35e-04
1.19969e+00 1.35e-04
1.20021e+00 1.35e-04
1.20036e+00 1.35e-04
1.20069e+00 1.34e-04
1.20087e+00 1.34e-04
1.20105e+00 1.33e-04
1.20120e+00 1.32e-04
1.20153e+00 1.30e-04
1.20171e+00 1.29e-04
1.20204e+00 1.26e-04
1.20222e+00 1.24e-04
1.20255e+00 1.20e-04
1.20288e+00 1.16e-04
1.20321e+00 1.12e-04
1.20354e+00 1.08e-04
1.20390e+00 1.04e-04
1.20423e+00 9.99e-05
1.20456e+00 9.59e-05
1.20489e+00 9.19e-05
1.20522e+00 8.78e-05
1.20555e+00 8.39e-05
1.20591e+00 8.01e-05
1.20624e+00 7.65e-05
1.20657e+00 7.31e-05
1.20690e+00 6.99e-05
1.20723e+00 6.69e-05
1.20756e+00 6.41e-05
1.20789e+00 6.15e-05
1.20824e+00 5.92e-05
1.20839e+00 5.80e-05
1.20872e+00 5.60e-05
1.20905e+00 5.41e-05
1.20941e+00 5.23e-05
1.20974e+00 5.07e-05
1.21006e+00 4.92e-05
1.21039e+00 4.78e-05
1.21072e+00 4.66e-05
1.21105e+00 4.54e-05
1.21138e+00 4.42e-05
1.21173e+00 4.32e-05
1.21206e+00 4.22e-05
1.21239e+00 4.13e-05
1.21271e+00 4.05e-05
1.21304e+00 3.97e-05
1.21337e+00 3.89e-05
1.21370e+00 3.82e-05
1.21405e+00 3.76e-05
1.21438e+00 3.70e-05
1.21471e+00 3.64e-05
1.21503e+00 3.59e-05
1.21536e+00 3.55e-05
1.21568e+00 3.51e-05
1.21601e+00 3.47e-05
1.21634e+00 3.44e-05
1.21669e+00 3.41e-05
1.21702e+00 3.38e-05
1.21734e+00 3.35e-05
1.21767e+00 3.33e-05
1.21799e+00 3.31e-05
1.21832e+00 3.29e-05
1.21864e+00 3.27e-05
1.21897e+00 3.25e-05
1.21932e+00 3.24e-05
1.21965e+00 3.22e-05
1.21997e+00 3.21e-05
1.22030e+00 3.20e-05
1.22062e+00 3.19e-05
1.22095e+00 3.18e-05
1.22127e+00 3.17e-05
1.22160e+00 3.16e-05
1.22192e+00 3.15e-05
1.22339e+00 3.12e-05
1.22519e+00 3.11e-05
1.22733e+00 3.10e-05
1.22958e+00 3.10e-05
1.23154e+00 3.11e-05
1.23282e+00 3.13e-05
1.23378e+00 3.14e-05
1.23410e+00 3.15e-05
1.23442e+00 3.15e-05
1.23474e+00 3.16e-05
1.23509e+00 3.17e-05
1.23541e+00 3.18e-05
1.23573e+00 3.18e-05
1.23605e+00 3.19e-05
1.23637e+00 3.20e-05
1.23669e+00 3.21e-05
1.23701e+00 3.22e-05
1.23733e+00 3.24e-05
1.23765e+00 3.25e-05
1.23797e+00 3.26e-05
1.23829e+00 3.28e-05
1.23861e+00 3.29e-05
1.23892e+00 3.31e-05
1.23924e+00 3.33e-05
1.23959e+00 3.34e-05
1.23991e+00 3.36e-05
1.24023e+00 3.38e-05
1.24055e+00 3.40e-05
1.24086e+00 3.43e-05
1.24118e+00 3.45e-05
1.24150e+00 3.48e-05
1.24182e+00 3.50e-05
1.24214e+00 3.53e-05
1.24245e+00 3.57e-05
1.24277e+00 3.60e-05
1.24309e+00 3.64e-05
1.24341e+00 3.68e-05
1.24372e+00 3.72e-05
1.24404e+00 3.77e-05
1.24436e+00 3.82e-05
1.24467e+00 3.88e-05
1.24499e+00 3.94e-05
1.24534e+00 4.00e-05
1.24565e+00 4.06e-05
1.24597e+00 4.13e-05
1.24628e+00 4.19e-05
1.24660e+00 4.26e-05
1.24692e+00 4.34e-05
1.24723e+00 4.41e-05
1.24755e+00 4.49e-05
1.24787e+00 4.57e-05
1.24818e+00 4.65e-05
1.24850e+00 4.73e-05
1.24881e+00 4.82e-05
1.24913e+00 4.90e-05
1.24944e+00 4.99e-05
1.24976e+00 5.08e-05
1.25007e+00 5.17e-05
1.25039e+00 5.26e-05
1.25070e+00 5.34e-05
1.25102e+00 5.41e-05
1.25133e+00 5.48e-05
1.25165e+00 5.54e-05
1.25196e+00 5.59e-05
1.25228e+00 5.64e-05
1.25262e+00 5.69e-05
1.25293e+00 5.74e-05
1.25325e+00 5.79e-05
1.25356e+00 5.84e-05
1.25388e+00 5.88e-05
1.25419e+00 5.93e-05
1.25450e+00 5.96e-05
1.25482e+00 5.99e-05
1.25527e+00 6.02e-05
1.25559e+00 6.01e-05
1.25590e+00 6.00e-05
1.25621e+00 5.98e-05
1.25653e+00 5.94e-05
1.25684e+00 5.91e-05
1.25715e+00 5.87e-05
1.25749e+00 5.83e-05
1.25781e+00 5.79e-05
1.25812e+00 5.75e-05
1.25843e+00 5.72e-05
1.25875e+00 5.67e-05
1.25906e+00 5.62e-05
1.25937e+00 5.57e-05
1.25968e+00 5.51e-05
1.25999e+00 5.44e-05
1.26014e+00 5.41e-05
1.26045e+00 5.33e-05
1.26076e+00 5.25e-05
1.26107e+00 5.17e-05
1.26138e+00 5.08e-05
1.26169e+00 5.00e-05
1.26201e+00 4.93e-05
1.26232e+00 4.85e-05
1.26263e+00 4.78e-05
1.26294e+00 4.71e-05
1.26325e+00 4.64e-05
1.26356e+00 4.57e-05
1.26387e+00 4.51e-05
1.26418e+00 4.44e-05
1.26449e+00 4.38e-05
1.26480e+00 4.32e-05
1.26514e+00 4.27e-05
1.26545e+00 4.21e-05
1.26576e+00 4.16e-05
1.26607e+00 4.11e-05
1.26638e+00 4.07e-05
1.26669e+00 4.03e-05
1.26700e+00 3.99e-05
1.26731e+00 3.96e-05
1.26762e+00 3.93e-05
1.26793e+00 3.90e-05
1.26824e+00 3.88e-05
1.26855e+00 3.86e-05
1.26886e+00 3.84e-05
1.26917e+00 3.82e-05
1.26948e+00 3.80e-05
1.26979e+00 3.79e-05
1.27010e+00 3.77e-05
1.27041e+00 3.76e-05
1.27072e+00 3.75e-05
1.27102e+00 3.74e-05
1.27209e+00 3.72e-05
1.27318e+00 3.70e-05
1.27424e+00 3.70e-05
1.27547e+00 3.72e-05
1.27640e+00 3.73e-05
1.27670e+00 3.74e-05
1.27701e+00 3.75e-05
1.27732e+00 3.76e-05
1.27762e+00 3.77e-05
1.27793e+00 3.78e-05
1.27824e+00 3.79e-05
1.27854e+00 3.80e-05
1.27885e+00 3.82e-05
1.27915e+00 3.83e-05
1.27946e+00 3.85e-05
1.27977e+00 3.86e-05
1.28007e+00 3.88e-05
1.28038e+00 3.90e-05
1.28068e+00 3.91e-05
1.28099e+00 3.93e-05
1.28129e+00 3.95e-05
1.28160e+00 3.97e-05
1.28191e+00 3.98e-05
1.28221e+00 4.00e-05
1.28252e+00 4.02e-05
1.28282e+00 4.04e-05
1.28313e+00 4.06e-05
1.28343e+00 4.07e-05
1.28374e+00 4.09e-05
1.28404e+00 4.11e-05
1.28434e+00 4.12e-05
1.28465e+00 4.14e-05
1.28495e+00 4.15e-05
1.28526e+00 4.16e-05
1.28556e+00 4.17e-05
1.28587e+00 4.18e-05
1.28617e+00 4.19e-05
1.28752e+00 4.22e-05
1.28890e+00 4.24e-05
1.28995e+00 4.25e-05
1.29116e+00 4.24e-05
1.29176e+00 4.23e-05
1.29207e+00 4.22e-05
1.29297e+00 4.19e-05
1.29327e+00 4.18e-05
1.29358e+00 4.17e-05
1.29388e+00 4.16e-05
1.29418e+00 4.15e-05
1.29448e+00 4.14e-05
1.29478e+00 4.13e-05
1.29508e+00 4.12e-05
1.29538e+00 4.11e-05
1.29569e+00 4.11e-05
1.29599e+00 4.10e-05
1.29763e+00 4.06e-05
1.29929e+00 4.03e-05
1.30183e+00 4.03e-05
1.30822e+00 4.03e-05
1.31179e+00 4.03e-05
1.31474e+00 4.00e-05
1.32106e+00 3.95e-05
1.32747e+00 3.91e-05
1.32761e+00 3.92e-05
1.34336e+00 3.79e-05
1.36650e+00 3.63e-05
1.39250e+00 3.45e-05
1.41987e+00 3.27e-05
1.44732e+00 3.10e-05
1.47563e+00 2.94e-05
1.50463e+00 2.78e-05
1.53461e+00 2.63e-05
1.56567e+00 2.48e-05
1.59844e+00 2.33e-05
1.63278e+00 2.18e-05
1.66686e+00 2.05e-05
1.70533e+00 1.91e-05
1.74711e+00 1.76e-05
1.79203e+00 1.63e-05
1.84726e+00 1.47e-05
1.91173e+00 1.31e-05
1.98510e+00 1.15e-05
2.06255e+00 1.02e-05
2.10146e+00 9.69e-06
2.12100e+00 9.47e-06
2.14314e+00 9.28e-06
2.16119e+00 9.17e-06
2.17635e+00 9.11e-06
2.18951e+00 9.10e-06
2.20069e+00 9.12e-06
2.21001e+00 9.17e-06
2.21806e+00 9.23e-06
2.22471e+00 9.30e-06
2.22982e+00 9.37e-06
2.23417e+00 9.44e-06
2.23681e+00 9.49e-06
2.23859e+00 9.53e-06
2.24039e+00 9.56e-06
2.24129e+00 9.58e-06
2.24220e+00 9.60e-06
2.24311e+00 9.62e-06
2.24402e+00 9.65e-06
2.24495e+00 9.67e-06
2.24587e+00 9.69e-06
2.24679e+00 9.71e-06
2.24772e+00 9.74e-06
2.24866e+00 9.76e-06
2.24960e+00 9.79e-06
2.25053e+00 9.82e-06
2.25148e+00 9.84e-06
2.25243e+00 9.87e-06
2.25338e+00 9.90e-06
2.25434e+00 9.93e-06
2.25529e+00 9.96e-06
2.25627e+00 9.99e-06
2.25723e+00 1.00e-05
2.25820e+00 1.01e-05
2.25919e+00 1.01e-05
2.26017e+00 1.01e-05
2.26116e+00 1.02e-05
2.26215e+00 1.02e-05
2.26315e+00 1.03e-05
2.26415e+00 1.03e-05
2.26515e+00 1.03e-05
2.26616e+00 1.04e-05
2.26718e+00 1.04e-05
2.26820e+00 1.05e-05
2.26922e+00 1.05e-05
2.27026e+00 1.06e-05
2.27129e+00 1.06e-05
2.27233e+00 1.07e-05
2.27337e+00 1.07e-05
2.27442e+00 1.08e-05
2.27548e+00 1.09e-05
2.27654e+00 1.09e-05
2.27761e+00 1.10e-05
2.27868e+00 1.11e-05
2.27976e+00 1.11e-05
2.28084e+00 1.12e-05
2.28193e+00 1.13e-05
2.28303e+00 1.14e-05
2.28413e+00 1.14e-05
2.28523e+00 1.15e-05
2.28634e+00 1.16e-05
2.28746e+00 1.17e-05
2.28858e+00 1.18e-05
2.28971e+00 1.19e-05
2.29085e+00 1.20e-05
2.29199e+00 1.21e-05
2.29314e+00 1.22e-05
2.29429e+00 1.23e-05
2.29546e+00 1.24e-05
2.29663e+00 1.25e-05
2.29780e+00 1.26e-05
2.29898e+00 1.28e-05
2.30017e+00 1.29e-05
2.30136e+00 1.30e-05
2.30258e+00 1.32e-05
2.30378e+00 1.33e-05
2.30498e+00 1.35e-05
2.30618e+00 1.36e-05
2.30747e+00 1.38e-05
2.30867e+00 1.40e-05
2.30996e+00 1.41e-05
2.31125e+00 1.43e-05
2.31244e+00 1.45e-05
2.31372e+00 1.47e-05
2.31501e+00 1.49e-05
2.31629e+00 1.52e-05
2.31757e+00 1.54e-05
2.31895e+00 1.56e-05
2.32023e+00 1.59e-05
2.32160e+00 1.62e-05
2.32288e+00 1.64e-05
2.32425e+00 1.67e-05
2.32562e+00 1.70e-05
2.32698e+00 1.74e-05
2.32835e+00 1.77e-05
2.32971e+00 1.81e-05
2.33108e+00 1.84e-05
2.33253e+00 1.88e-05
2.33389e+00 1.92e-05
2.33534e+00 1.97e-05
2.33679e+00 2.01e-05
2.33824e+00 2.06e-05
2.33969e+00 2.11e-05
2.34113e+00 2.17e-05
2.34267e+00 2.22e-05
2.34411e+00 2.28e-05
2.34564e+00 2.35e-05
2.34718e+00 2.41e-05
2.34871e+00 2.49e-05
2.35023e+00 2.56e-05
2.35176e+00 2.65e-05
2.35337e+00 2.73e-05
2.35499e+00 2.83e-05
2.35650e+00 2.93e-05
2.35811e+00 3.03e-05
2.35982e+00 3.15e-05
2.36142e+00 3.27e-05
2.36312e+00 3.40e-05
2.36471e+00 3.54e-05
2.36640e+00 3.69e-05
2.36819e+00 3.86e-05
2.36987e+00 4.04e-05
2.37164e+00 4.23e-05
2.37248e+00 4.33e-05
2.37332e+00 4.44e-05
2.37518e+00 4.67e-05
2.37602e+00 4.79e-05
2.37695e+00 4.91e-05
2.37788e+00 5.04e-05
2.37871e+00 5.18e-05
2.37964e+00 5.33e-05
2.38056e+00 5.48e-05
2.38149e+00 5.63e-05
2.38241e+00 5.80e-05
2.38334e+00 5.97e-05
2.38426e+00 6.15e-05
2.38527e+00 6.34e-05
2.38619e+00 6.55e-05
2.38711e+00 6.76e-05
2.38812e+00 6.98e-05
2.38904e+00 7.21e-05
2.39005e+00 7.46e-05
2.39096e+00 7.72e-05
2.39197e+00 8.00e-05
2.39297e+00 8.29e-05
2.39398e+00 8.60e-05
2.39498e+00 8.93e-05
2.39598e+00 9.28e-05
2.39699e+00 9.64e-05
2.39799e+00 1.00e-04
2.39899e+00 1.05e-04
2.40007e+00 1.09e-04
2.40107e+00 1.14e-04
2.40216e+00 1.19e-04
2.40315e+00 1.24e-04
2.40424e+00 1.30e-04
2.40532e+00 1.36e-04
2.40640e+00 1.43e-04
2.40740e+00 1.50e-04
2.40848e+00 1.58e-04
2.40964e+00 1.66e-04
2.41072e+00 1.75e-04
2.41180e+00 1.85e-04
2.41296e+00 1.96e-04
2.41404e+00 2.07e-04
2.41520e+00 2.20e-04
2.41627e+00 2.33e-04
2.41743e+00 2.48e-04
2.41859e+00 2.65e-04
2.41975e+00 2.83e-04
2.42090e+00 3.03e-04
2.42214e+00 3.25e-04
2.42330e+00 3.49e-04
2.42454e+00 3.76e-04
2.42569e+00 4.06e-04
2.42692e+00 4.40e-04
2.42816e+00 4.78e-04
2.42939e+00 5.31e-04
2.43063e+00 6.00e-04
2.43186e+00 6.81e-04
2.43317e+00 7.78e-04
2.43440e+00 8.94e-04
2.43572e+00 1.03e-03
2.43694e+00 1.20e-03
2.43825e+00 1.41e-03
2.43956e+00 1.66e-03
2.44095e+00 1.98e-03
2.44226e+00 2.38e-03
2.44365e+00 2.89e-03
2.44495e+00 3.54e-03
2.44634e+00 4.41e-03
2.44772e+00 5.56e-03
2.44911e+00 7.13e-03
2.45057e+00 9.31e-03
2.45195e+00 1.24e-02
2.45342e+00 1.57e-02
2.45488e+00 1.95e-02
2.45634e+00 2.47e-02
2.45779e+00 3.22e-02
2.45933e+00 4.34e-02
2.46087e+00 6.10e-02
2.46241e+00 9.06e-02
2.46394e+00 1.44e-01
2.46547e+00 2.55e-01
2.46708e+00 5.36e-01
2.46861e+00 1.55e+00
2.47022e+00 1.00e+01
2.47191e+00 9.87e+01
2.47351e+00 6.08e-01
2.47519e+00 1.26e-01
2.47687e+00 4.74e-02
2.47855e+00 2.33e-02
2.48031e+00 1.33e-02
2.48207e+00 8.35e-03
2.48382e+00 5.61e-03
2.48566e+00 3.97e-03
2.48740e+00 2.93e-03
2.48923e+00 2.24e-03
2.49114e+00 1.68e-03
2.49304e+00 1.19e-03
2.49494e+00 8.78e-04
2.49684e+00 6.71e-04
2.49881e+00 5.30e-04
2.50078e+00 4.33e-04
2.50283e+00 3.64e-04
2.50487e+00 3.15e-04
2.50699e+00 2.79e-04
2.50911e+00 2.53e-04
2.51122e+00 2.34e-04
2.51341e+00 2.21e-04
2.51568e+00 2.14e-04
2.51786e+00 2.09e-04
2.52019e+00 2.06e-04
2.52252e+00 2.03e-04
2.52493e+00 2.02e-04
2.52733e+00 2.01e-04
2.52980e+00 2.02e-04
2.53227e+00 2.03e-04
2.53481e+00 2.05e-04
2.53742e+00 2.07e-04
2.54010e+00 2.10e-04
2.54286e+00 2.13e-04
2.54561e+00 2.17e-04
2.54843e+00 2.22e-04
2.55132e+00 2.27e-04
2.55428e+00 2.32e-04
2.55730e+00 2.39e-04
2.56048e+00 2.46e-04
2.56364e+00 2.54e-04
2.56695e+00 2.62e-04
2.57024e+00 2.72e-04
2.57376e+00 2.82e-04
2.57726e+00 2.94e-04
2.58097e+00 3.07e-04
2.58475e+00 3.22e-04
2.58867e+00 3.38e-04
2.59264e+00 3.57e-04
2.59682e+00 3.78e-04
2.60113e+00 4.02e-04
2.60565e+00 4.30e-04
2.61029e+00 4.62e-04
2.61513e+00 5.00e-04
2.62024e+00 5.45e-04
2.62554e+00 5.98e-04
2.63110e+00 6.64e-04
2.63698e+00 7.45e-04
2.64319e+00 1.22e+00
2.64971e+00 1.53e-02
2.65669e+00 2.68e-03
2.66410e+00 1.90e-03
2.67215e+00 2.14e-03
2.68082e+00 2.82e-03
2.69029e+00 4.16e-03
2.70069e+00 3.55e-02
2.71231e+00 1.51e-02
2.72543e+00 5.30e-02
2.74065e+00 2.68e-01
2.75874e+00 2.25e-01
2.78130e+00 2.12e-01
2.81151e+00 1.95e-01
2.85859e+00 1.72e-01
2.99573e+00 1.19e-01
