# OPACITY Project tables
-2.61515e+00 5.78e+01
-2.27341e+00 2.01e+01
-2.07433e+00 1.09e+01
-1.93351e+00 7.03e+00
-1.82455e+00 5.02e+00
-1.73574e+00 3.82e+00
-1.66078e+00 3.03e+00
-1.59603e+00 2.48e+00
-1.53898e+00 2.08e+00
-1.48802e+00 1.78e+00
-1.44198e+00 1.55e+00
-1.40003e+00 1.36e+00
-1.36148e+00 1.21e+00
-1.32584e+00 1.09e+00
-1.29269e+00 9.83e-01
-1.26174e+00 8.95e-01
-1.23268e+00 8.19e-01
-1.20531e+00 7.54e-01
-1.17944e+00 6.96e-01
-1.15493e+00 6.46e-01
-1.13165e+00 6.02e-01
-1.10945e+00 5.63e-01
-1.08827e+00 5.29e-01
-1.06799e+00 4.99e-01
-1.04857e+00 4.71e-01
-1.02994e+00 4.46e-01
-1.01200e+00 4.24e-01
-9.94739e-01 4.04e-01
-9.78086e-01 3.85e-01
-9.62021e-01 3.68e-01
-9.46492e-01 3.52e-01
-9.31455e-01 3.37e-01
-9.16916e-01 3.22e-01
-9.02807e-01 3.09e-01
-8.89113e-01 2.96e-01
-8.75797e-01 2.84e-01
-8.62868e-01 2.73e-01
-8.50292e-01 2.63e-01
-8.38057e-01 2.53e-01
-8.26130e-01 2.44e-01
-8.14502e-01 2.36e-01
-8.03185e-01 2.28e-01
-7.92106e-01 2.20e-01
-7.81301e-01 2.13e-01
-7.70741e-01 2.06e-01
-7.60420e-01 2.00e-01
-7.50331e-01 1.94e-01
-7.40469e-01 1.88e-01
-7.30787e-01 1.83e-01
-7.21320e-01 1.78e-01
-7.12045e-01 1.73e-01
-7.02955e-01 1.68e-01
-6.94048e-01 1.64e-01
-6.85298e-01 1.60e-01
-6.76723e-01 1.56e-01
-6.68298e-01 1.53e-01
-6.60041e-01 1.49e-01
-6.51909e-01 1.46e-01
-6.43938e-01 1.42e-01
-6.36087e-01 1.39e-01
-6.28390e-01 1.37e-01
-6.13357e-01 1.31e-01
-5.98801e-01 1.26e-01
-5.84687e-01 1.22e-01
-5.77803e-01 1.20e-01
-5.71018e-01 1.18e-01
-5.64314e-01 1.16e-01
-5.57725e-01 1.14e-01
-5.51231e-01 1.12e-01
-5.44831e-01 1.10e-01
-5.38505e-01 1.09e-01
-5.32288e-01 1.07e-01
-5.26142e-01 1.05e-01
-5.14098e-01 1.03e-01
-5.08196e-01 1.01e-01
-5.02362e-01 1.00e-01
-4.96610e-01 9.90e-02
-4.85320e-01 9.68e-02
-4.79779e-01 9.57e-02
-4.68884e-01 9.38e-02
-4.58265e-01 9.21e-02
-4.53044e-01 9.11e-02
-4.47882e-01 9.03e-02
-4.42778e-01 8.95e-02
-4.32739e-01 8.81e-02
-4.22922e-01 8.69e-02
-4.13321e-01 8.56e-02
-4.08585e-01 8.51e-02
-4.03901e-01 8.46e-02
-3.99284e-01 8.41e-02
-3.90158e-01 8.34e-02
-3.81216e-01 8.26e-02
-3.72456e-01 8.18e-02
-3.68126e-01 8.14e-02
-3.63858e-01 8.11e-02
-3.59622e-01 8.08e-02
-3.55419e-01 8.06e-02
-3.47135e-01 8.04e-02
-3.39003e-01 8.01e-02
-3.31021e-01 7.98e-02
-3.23185e-01 7.93e-02
-3.15464e-01 7.89e-02
-3.11661e-01 7.88e-02
-3.07885e-01 7.87e-02
-3.04150e-01 7.87e-02
-3.00430e-01 7.87e-02
-2.96750e-01 7.88e-02
-2.89484e-01 7.91e-02
-2.82323e-01 7.95e-02
-2.75279e-01 7.99e-02
-2.68350e-01 8.01e-02
-2.64917e-01 8.03e-02
-2.54802e-01 8.04e-02
-2.28860e-01 8.02e-02
-2.22606e-01 8.00e-02
-2.16441e-01 7.97e-02
-2.10363e-01 7.93e-02
-2.04359e-01 7.88e-02
-1.98439e-01 7.84e-02
-1.95504e-01 7.82e-02
-1.92590e-01 7.81e-02
-1.89697e-01 7.80e-02
-1.86824e-01 7.80e-02
-1.83971e-01 7.80e-02
-1.78314e-01 7.81e-02
-1.72724e-01 7.84e-02
-1.67200e-01 7.88e-02
-1.61755e-01 7.92e-02
-1.56373e-01 7.96e-02
-1.51044e-01 7.99e-02
-1.45789e-01 8.02e-02
-1.40596e-01 8.05e-02
-1.35453e-01 8.09e-02
-1.30382e-01 8.13e-02
-1.25359e-01 8.18e-02
-1.20395e-01 8.21e-02
-1.15489e-01 8.25e-02
-1.10630e-01 8.28e-02
-1.05827e-01 8.30e-02
-1.01070e-01 8.32e-02
-9.63788e-02 8.33e-02
-9.17206e-02 8.35e-02
-8.71168e-02 8.38e-02
-8.25559e-02 8.40e-02
-7.80480e-02 8.43e-02
-7.35820e-02 8.47e-02
-6.91679e-02 8.51e-02
-6.47839e-02 8.54e-02
-6.04509e-02 8.58e-02
-5.61577e-02 8.61e-02
-5.19040e-02 8.64e-02
-4.76998e-02 8.68e-02
-4.35236e-02 8.72e-02
-3.93959e-02 8.76e-02
-3.52956e-02 8.79e-02
-3.12430e-02 8.83e-02
-2.72170e-02 8.85e-02
-2.32379e-02 8.88e-02
-1.92848e-02 8.91e-02
-1.53675e-02 8.93e-02
-1.14958e-02 8.96e-02
-7.64918e-03 8.99e-02
-3.83735e-03 9.02e-02
-5.00013e-05 9.05e-02
3.69317e-03 9.10e-02
7.37275e-03 9.14e-02
1.11377e-02 9.20e-02
1.47901e-02 9.26e-02
1.84291e-02 9.32e-02
2.19572e-02 9.38e-02
2.55703e-02 9.43e-02
2.90732e-02 9.49e-02
3.25640e-02 9.56e-02
3.60426e-02 9.64e-02
3.95091e-02 9.72e-02
4.29637e-02 9.81e-02
4.64064e-02 9.90e-02
4.97421e-02 1.00e-01
5.30667e-02 1.01e-01
5.64748e-02 1.02e-01
5.97772e-02 1.03e-01
6.29748e-02 1.05e-01
6.62558e-02 1.06e-01
6.95261e-02 1.07e-01
7.26927e-02 1.08e-01
7.58493e-02 1.09e-01
7.90884e-02 1.10e-01
8.22249e-02 1.11e-01
8.52598e-02 1.12e-01
8.83771e-02 1.13e-01
9.14847e-02 1.14e-01
9.44917e-02 1.15e-01
9.75803e-02 1.16e-01
1.00569e-01 1.16e-01
1.02015e-01 1.17e-01
1.03549e-01 1.18e-01
1.05080e-01 1.18e-01
1.06520e-01 1.19e-01
1.07957e-01 1.20e-01
1.09482e-01 1.21e-01
1.12435e-01 1.23e-01
1.15291e-01 1.25e-01
1.18227e-01 1.27e-01
1.21067e-01 1.29e-01
1.23898e-01 1.31e-01
1.25398e-01 1.32e-01
1.28217e-01 1.34e-01
1.31028e-01 1.35e-01
1.32431e-01 1.36e-01
1.35143e-01 1.36e-01
1.37934e-01 1.37e-01
1.40718e-01 1.38e-01
1.43407e-01 1.38e-01
1.46176e-01 1.38e-01
1.48851e-01 1.39e-01
1.51519e-01 1.39e-01
1.54179e-01 1.39e-01
1.56833e-01 1.40e-01
1.59479e-01 1.41e-01
1.62119e-01 1.42e-01
1.64751e-01 1.43e-01
1.67293e-01 1.44e-01
1.69912e-01 1.45e-01
1.72440e-01 1.46e-01
1.74961e-01 1.47e-01
1.77477e-01 1.48e-01
1.80069e-01 1.49e-01
1.82572e-01 1.49e-01
1.83737e-01 1.49e-01
1.86231e-01 1.50e-01
1.87475e-01 1.50e-01
1.89959e-01 1.50e-01
1.92437e-01 1.50e-01
1.94826e-01 1.49e-01
1.97292e-01 1.49e-01
1.99670e-01 1.48e-01
2.02042e-01 1.47e-01
2.03267e-01 1.47e-01
2.05631e-01 1.46e-01
2.07989e-01 1.46e-01
2.10342e-01 1.45e-01
2.12689e-01 1.45e-01
2.15031e-01 1.44e-01
2.17286e-01 1.44e-01
2.19617e-01 1.43e-01
2.21943e-01 1.43e-01
2.24183e-01 1.42e-01
2.26418e-01 1.42e-01
2.28728e-01 1.41e-01
2.30953e-01 1.41e-01
2.33173e-01 1.40e-01
2.35388e-01 1.40e-01
2.37599e-01 1.39e-01
2.39804e-01 1.38e-01
2.42005e-01 1.37e-01
2.44200e-01 1.36e-01
2.46313e-01 1.36e-01
2.48499e-01 1.35e-01
2.50681e-01 1.34e-01
2.52780e-01 1.33e-01
2.54875e-01 1.32e-01
2.57042e-01 1.31e-01
2.59128e-01 1.31e-01
2.61210e-01 1.30e-01
2.63287e-01 1.29e-01
2.65360e-01 1.28e-01
2.67428e-01 1.27e-01
2.69493e-01 1.26e-01
2.71553e-01 1.24e-01
2.73609e-01 1.23e-01
2.75660e-01 1.22e-01
2.77632e-01 1.20e-01
2.79675e-01 1.19e-01
2.81639e-01 1.17e-01
2.83674e-01 1.15e-01
2.85630e-01 1.14e-01
2.87582e-01 1.12e-01
2.89605e-01 1.10e-01
2.91550e-01 1.08e-01
2.93490e-01 1.07e-01
2.94459e-01 1.06e-01
2.96394e-01 1.04e-01
2.98325e-01 1.03e-01
3.00253e-01 1.01e-01
3.02177e-01 9.98e-02
3.04097e-01 9.83e-02
3.05939e-01 9.68e-02
3.07852e-01 9.54e-02
3.09762e-01 9.40e-02
3.11594e-01 9.27e-02
3.13496e-01 9.14e-02
3.15322e-01 9.02e-02
3.17144e-01 8.91e-02
3.19035e-01 8.80e-02
3.20851e-01 8.70e-02
3.22663e-01 8.60e-02
3.24472e-01 8.51e-02
3.26278e-01 8.43e-02
3.28080e-01 8.35e-02
3.29879e-01 8.27e-02
3.31675e-01 8.18e-02
3.33468e-01 8.10e-02
3.34399e-01 8.06e-02
3.36115e-01 7.96e-02
3.37900e-01 7.86e-02
3.39681e-01 7.74e-02
3.41389e-01 7.61e-02
3.43164e-01 7.47e-02
3.44015e-01 7.39e-02
3.45786e-01 7.22e-02
3.47483e-01 7.05e-02
3.49247e-01 6.87e-02
3.50939e-01 6.70e-02
3.52627e-01 6.53e-02
3.54382e-01 6.37e-02
3.56065e-01 6.22e-02
3.56905e-01 6.15e-02
3.58583e-01 6.01e-02
3.60259e-01 5.88e-02
3.61931e-01 5.75e-02
3.63601e-01 5.64e-02
3.65268e-01 5.53e-02
3.66932e-01 5.42e-02
3.68594e-01 5.32e-02
3.70183e-01 5.23e-02
3.71839e-01 5.14e-02
3.73493e-01 5.06e-02
3.75075e-01 4.98e-02
3.76723e-01 4.91e-02
3.78299e-01 4.83e-02
3.79942e-01 4.76e-02
3.81514e-01 4.70e-02
3.83151e-01 4.64e-02
3.84718e-01 4.57e-02
3.86282e-01 4.51e-02
3.87912e-01 4.45e-02
3.89471e-01 4.39e-02
3.91028e-01 4.33e-02
3.92582e-01 4.27e-02
3.94134e-01 4.20e-02
3.95684e-01 4.13e-02
3.97231e-01 4.06e-02
3.98776e-01 3.99e-02
4.00319e-01 3.91e-02
4.01859e-01 3.83e-02
4.03396e-01 3.76e-02
4.04932e-01 3.68e-02
4.06465e-01 3.61e-02
4.07929e-01 3.54e-02
4.09457e-01 3.47e-02
4.10983e-01 3.40e-02
4.12441e-01 3.34e-02
4.13962e-01 3.29e-02
4.15415e-01 3.23e-02
4.16932e-01 3.17e-02
4.18381e-01 3.12e-02
4.19828e-01 3.06e-02
4.21338e-01 3.01e-02
4.22781e-01 2.96e-02
4.24221e-01 2.91e-02
4.25725e-01 2.85e-02
4.27161e-01 2.81e-02
4.28596e-01 2.76e-02
4.30028e-01 2.71e-02
4.31458e-01 2.67e-02
4.32886e-01 2.62e-02
4.34312e-01 2.58e-02
4.35024e-01 2.56e-02
4.36447e-01 2.52e-02
4.37868e-01 2.48e-02
4.39287e-01 2.44e-02
4.40704e-01 2.41e-02
4.42118e-01 2.38e-02
4.43467e-01 2.35e-02
4.44878e-01 2.32e-02
4.45583e-01 2.30e-02
4.46287e-01 2.28e-02
4.47630e-01 2.25e-02
4.49035e-01 2.23e-02
4.50438e-01 2.20e-02
4.51776e-01 2.17e-02
4.53175e-01 2.15e-02
4.54509e-01 2.12e-02
4.55841e-01 2.10e-02
4.57235e-01 2.08e-02
4.58563e-01 2.05e-02
4.59953e-01 2.03e-02
4.61278e-01 2.01e-02
4.62601e-01 1.98e-02
4.63923e-01 1.96e-02
4.65305e-01 1.94e-02
4.66623e-01 1.92e-02
4.67939e-01 1.90e-02
4.69253e-01 1.88e-02
4.70566e-01 1.86e-02
4.71877e-01 1.84e-02
4.73186e-01 1.82e-02
4.73871e-01 1.81e-02
4.74494e-01 1.81e-02
4.75178e-01 1.80e-02
4.76420e-01 1.78e-02
4.77724e-01 1.77e-02
4.79025e-01 1.76e-02
4.80325e-01 1.74e-02
4.81623e-01 1.73e-02
4.82920e-01 1.71e-02
4.84153e-01 1.70e-02
4.85446e-01 1.69e-02
4.86738e-01 1.68e-02
4.87966e-01 1.67e-02
4.89255e-01 1.66e-02
4.90480e-01 1.64e-02
4.91765e-01 1.63e-02
4.93049e-01 1.62e-02
4.94269e-01 1.61e-02
4.95489e-01 1.60e-02
4.96767e-01 1.59e-02
4.97984e-01 1.58e-02
4.99259e-01 1.57e-02
5.00472e-01 1.56e-02
5.01684e-01 1.55e-02
5.02955e-01 1.54e-02
5.04163e-01 1.53e-02
5.05371e-01 1.53e-02
5.06577e-01 1.52e-02
5.07781e-01 1.51e-02
5.09044e-01 1.50e-02
5.09645e-01 1.49e-02
5.10245e-01 1.49e-02
5.11445e-01 1.48e-02
5.12644e-01 1.47e-02
5.13841e-01 1.46e-02
5.15037e-01 1.45e-02
5.16231e-01 1.44e-02
5.17424e-01 1.43e-02
5.18615e-01 1.42e-02
5.19746e-01 1.41e-02
5.20934e-01 1.40e-02
5.22122e-01 1.39e-02
5.23307e-01 1.38e-02
5.24492e-01 1.38e-02
5.25616e-01 1.37e-02
5.26797e-01 1.36e-02
5.27978e-01 1.36e-02
5.29157e-01 1.35e-02
5.30275e-01 1.34e-02
5.31451e-01 1.33e-02
5.32568e-01 1.33e-02
5.33741e-01 1.32e-02
5.34855e-01 1.31e-02
5.36025e-01 1.31e-02
5.37136e-01 1.30e-02
5.38305e-01 1.29e-02
5.39413e-01 1.29e-02
5.40579e-01 1.29e-02
5.41103e-01 1.28e-02
5.42266e-01 1.28e-02
5.43370e-01 1.27e-02
5.44473e-01 1.27e-02
5.45633e-01 1.27e-02
5.46733e-01 1.26e-02
5.47832e-01 1.26e-02
5.48930e-01 1.26e-02
5.50085e-01 1.26e-02
5.51180e-01 1.25e-02
5.51699e-01 1.25e-02
5.52850e-01 1.25e-02
5.53943e-01 1.25e-02
5.55034e-01 1.25e-02
5.56124e-01 1.24e-02
5.57213e-01 1.24e-02
5.58301e-01 1.23e-02
5.58815e-01 1.23e-02
5.59901e-01 1.23e-02
5.60986e-01 1.23e-02
5.62070e-01 1.22e-02
5.63152e-01 1.22e-02
5.63722e-01 1.22e-02
5.69566e-01 1.22e-02
5.70075e-01 1.21e-02
5.70641e-01 1.21e-02
5.74870e-01 1.21e-02
5.75377e-01 1.21e-02
5.75883e-01 1.21e-02
5.76445e-01 1.21e-02
5.79530e-01 1.21e-02
5.81098e-01 1.20e-02
5.86786e-01 1.20e-02
5.87787e-01 1.20e-02
5.88287e-01 1.20e-02
5.88786e-01 1.20e-02
5.89286e-01 1.20e-02
5.90339e-01 1.20e-02
5.91336e-01 1.21e-02
5.91834e-01 1.21e-02
5.92332e-01 1.21e-02
5.92885e-01 1.21e-02
5.93879e-01 1.21e-02
5.94873e-01 1.21e-02
5.95865e-01 1.22e-02
5.96361e-01 1.22e-02
6.00867e-01 1.22e-02
6.01854e-01 1.22e-02
6.02839e-01 1.21e-02
6.03332e-01 1.21e-02
6.04316e-01 1.21e-02
6.05299e-01 1.20e-02
6.05790e-01 1.20e-02
6.06281e-01 1.20e-02
6.07262e-01 1.20e-02
6.08243e-01 1.19e-02
6.09222e-01 1.19e-02
6.09711e-01 1.19e-02
6.10200e-01 1.18e-02
6.11178e-01 1.18e-02
6.12154e-01 1.18e-02
6.12642e-01 1.17e-02
6.13129e-01 1.17e-02
6.14104e-01 1.16e-02
6.15023e-01 1.16e-02
6.15996e-01 1.15e-02
6.16968e-01 1.15e-02
6.17939e-01 1.15e-02
6.18908e-01 1.14e-02
6.19339e-01 1.14e-02
6.19824e-01 1.14e-02
6.20792e-01 1.13e-02
6.21759e-01 1.13e-02
6.22242e-01 1.13e-02
6.23154e-01 1.12e-02
6.24119e-01 1.12e-02
6.25082e-01 1.12e-02
6.25511e-01 1.12e-02
6.25992e-01 1.12e-02
6.26954e-01 1.11e-02
6.27435e-01 1.11e-02
6.27862e-01 1.11e-02
6.28822e-01 1.11e-02
6.29302e-01 1.11e-02
6.30207e-01 1.11e-02
6.30686e-01 1.11e-02
6.31591e-01 1.11e-02
6.32548e-01 1.10e-02
6.33026e-01 1.10e-02
6.33450e-01 1.11e-02
6.33928e-01 1.10e-02
6.35306e-01 1.10e-02
6.36259e-01 1.10e-02
6.37159e-01 1.10e-02
6.38110e-01 1.10e-02
6.39008e-01 1.10e-02
6.39905e-01 1.10e-02
6.40379e-01 1.09e-02
6.44902e-01 1.09e-02
6.46265e-01 1.09e-02
6.46737e-01 1.09e-02
6.48098e-01 1.09e-02
6.48516e-01 1.09e-02
6.51648e-01 1.09e-02
6.52533e-01 1.09e-02
6.53418e-01 1.09e-02
6.54302e-01 1.09e-02
6.55186e-01 1.09e-02
6.56120e-01 1.10e-02
6.56535e-01 1.10e-02
6.57416e-01 1.10e-02
6.58297e-01 1.10e-02
6.58763e-01 1.10e-02
6.59177e-01 1.11e-02
6.59642e-01 1.11e-02
6.60469e-01 1.11e-02
6.60934e-01 1.12e-02
6.61347e-01 1.12e-02
6.61811e-01 1.12e-02
6.62688e-01 1.12e-02
6.63100e-01 1.11e-02
6.63564e-01 1.11e-02
6.64851e-01 1.11e-02
6.65262e-01 1.11e-02
6.67009e-01 1.12e-02
6.67470e-01 1.12e-02
6.68291e-01 1.12e-02
6.69162e-01 1.12e-02
6.74321e-01 1.13e-02
6.75136e-01 1.13e-02
6.75594e-01 1.13e-02
6.76001e-01 1.13e-02
6.76408e-01 1.13e-02
6.77272e-01 1.13e-02
6.78135e-01 1.14e-02
6.78541e-01 1.13e-02
6.78947e-01 1.13e-02
6.79809e-01 1.14e-02
6.83147e-01 1.14e-02
6.84006e-01 1.14e-02
6.84409e-01 1.14e-02
6.85266e-01 1.15e-02
6.86072e-01 1.15e-02
6.86475e-01 1.15e-02
6.87330e-01 1.15e-02
6.88135e-01 1.15e-02
6.88989e-01 1.16e-02
6.89390e-01 1.16e-02
6.92247e-01 1.16e-02
6.94297e-01 1.16e-02
6.95943e-01 1.16e-02
6.96741e-01 1.16e-02
6.97538e-01 1.15e-02
6.97985e-01 1.15e-02
7.00818e-01 1.15e-02
7.01215e-01 1.15e-02
7.02008e-01 1.15e-02
7.02404e-01 1.15e-02
7.03988e-01 1.15e-02
7.04384e-01 1.16e-02
7.04829e-01 1.16e-02
7.05224e-01 1.16e-02
7.05619e-01 1.15e-02
7.10348e-01 1.15e-02
7.11134e-01 1.15e-02
7.11920e-01 1.14e-02
7.12361e-01 1.14e-02
7.13146e-01 1.15e-02
7.13930e-01 1.15e-02
7.14321e-01 1.15e-02
7.14713e-01 1.15e-02
7.15496e-01 1.15e-02
7.15887e-01 1.14e-02
7.16278e-01 1.14e-02
7.17401e-01 1.14e-02
7.18181e-01 1.14e-02
7.18961e-01 1.14e-02
7.19740e-01 1.14e-02
7.20519e-01 1.14e-02
7.21297e-01 1.14e-02
7.22075e-01 1.13e-02
7.22852e-01 1.13e-02
7.23628e-01 1.13e-02
7.24404e-01 1.13e-02
7.25130e-01 1.13e-02
7.25905e-01 1.12e-02
7.26292e-01 1.12e-02
7.33521e-01 1.12e-02
7.34241e-01 1.12e-02
7.35009e-01 1.12e-02
7.35776e-01 1.13e-02
7.36494e-01 1.13e-02
7.37260e-01 1.13e-02
7.38025e-01 1.14e-02
7.38742e-01 1.14e-02
7.39506e-01 1.14e-02
7.40222e-01 1.15e-02
7.40985e-01 1.15e-02
7.41747e-01 1.16e-02
7.42461e-01 1.16e-02
7.42842e-01 1.17e-02
7.43603e-01 1.17e-02
7.44315e-01 1.17e-02
7.45075e-01 1.18e-02
7.45787e-01 1.18e-02
7.46546e-01 1.19e-02
7.47257e-01 1.19e-02
7.47967e-01 1.19e-02
7.48724e-01 1.19e-02
7.49433e-01 1.20e-02
7.50189e-01 1.20e-02
7.50897e-01 1.20e-02
7.51652e-01 1.21e-02
7.52359e-01 1.21e-02
7.53066e-01 1.22e-02
7.53819e-01 1.22e-02
7.54524e-01 1.22e-02
7.55277e-01 1.23e-02
7.55981e-01 1.23e-02
7.56685e-01 1.24e-02
7.57061e-01 1.24e-02
7.57764e-01 1.24e-02
7.58467e-01 1.24e-02
7.59216e-01 1.25e-02
7.59918e-01 1.25e-02
7.60619e-01 1.25e-02
7.61366e-01 1.26e-02
7.62067e-01 1.26e-02
7.62767e-01 1.26e-02
7.63466e-01 1.26e-02
7.64211e-01 1.27e-02
7.64910e-01 1.27e-02
7.65607e-01 1.28e-02
7.66305e-01 1.28e-02
7.67002e-01 1.29e-02
7.67698e-01 1.29e-02
7.68440e-01 1.29e-02
7.69136e-01 1.30e-02
7.69830e-01 1.30e-02
7.70525e-01 1.30e-02
7.71219e-01 1.31e-02
7.71912e-01 1.32e-02
7.72605e-01 1.32e-02
7.73298e-01 1.33e-02
7.73990e-01 1.33e-02
7.74358e-01 1.34e-02
7.74681e-01 1.34e-02
7.75050e-01 1.35e-02
7.75740e-01 1.35e-02
7.76431e-01 1.36e-02
7.77121e-01 1.37e-02
7.77810e-01 1.38e-02
7.78499e-01 1.39e-02
7.78866e-01 1.40e-02
7.79187e-01 1.40e-02
7.79554e-01 1.41e-02
7.79875e-01 1.41e-02
7.80242e-01 1.41e-02
7.80563e-01 1.41e-02
7.80929e-01 1.42e-02
7.81250e-01 1.42e-02
7.81936e-01 1.43e-02
7.82622e-01 1.43e-02
7.83308e-01 1.44e-02
7.83993e-01 1.44e-02
7.84312e-01 1.44e-02
7.84997e-01 1.45e-02
7.85681e-01 1.46e-02
7.86000e-01 1.46e-02
7.86683e-01 1.47e-02
7.87366e-01 1.47e-02
7.88048e-01 1.48e-02
7.88366e-01 1.49e-02
7.88730e-01 1.49e-02
7.89048e-01 1.50e-02
7.89411e-01 1.50e-02
7.90092e-01 1.51e-02
7.90728e-01 1.52e-02
7.91408e-01 1.53e-02
7.92087e-01 1.54e-02
7.92766e-01 1.55e-02
7.93083e-01 1.56e-02
7.93445e-01 1.56e-02
7.94078e-01 1.57e-02
7.94756e-01 1.57e-02
7.95433e-01 1.57e-02
7.96110e-01 1.58e-02
7.96741e-01 1.58e-02
7.97417e-01 1.58e-02
7.98093e-01 1.59e-02
7.98768e-01 1.59e-02
7.99397e-01 1.60e-02
8.00071e-01 1.61e-02
8.00386e-01 1.61e-02
8.01059e-01 1.62e-02
8.01732e-01 1.63e-02
8.02360e-01 1.64e-02
8.03032e-01 1.66e-02
8.03704e-01 1.67e-02
8.04331e-01 1.68e-02
8.05002e-01 1.69e-02
8.05627e-01 1.70e-02
8.06297e-01 1.72e-02
8.06967e-01 1.73e-02
8.07591e-01 1.74e-02
8.08260e-01 1.75e-02
8.08884e-01 1.76e-02
8.09551e-01 1.77e-02
8.10174e-01 1.78e-02
8.10841e-01 1.79e-02
8.11463e-01 1.80e-02
8.12129e-01 1.82e-02
8.12751e-01 1.83e-02
8.13416e-01 1.85e-02
8.14036e-01 1.87e-02
8.14391e-01 1.88e-02
8.14701e-01 1.88e-02
8.15011e-01 1.89e-02
8.15674e-01 1.90e-02
8.16294e-01 1.91e-02
8.16956e-01 1.92e-02
8.17575e-01 1.94e-02
8.18193e-01 1.95e-02
8.18854e-01 1.96e-02
8.19471e-01 1.98e-02
8.20132e-01 1.99e-02
8.20749e-01 2.00e-02
8.21364e-01 2.02e-02
8.22024e-01 2.03e-02
8.22639e-01 2.05e-02
8.23298e-01 2.06e-02
8.23912e-01 2.08e-02
8.24526e-01 2.09e-02
8.25184e-01 2.11e-02
8.25797e-01 2.13e-02
8.26410e-01 2.14e-02
8.27066e-01 2.16e-02
8.27678e-01 2.18e-02
8.28290e-01 2.19e-02
8.28945e-01 2.20e-02
8.29556e-01 2.21e-02
8.30166e-01 2.22e-02
8.30776e-01 2.23e-02
8.31430e-01 2.24e-02
8.32039e-01 2.24e-02
8.32648e-01 2.25e-02
8.33257e-01 2.26e-02
8.33909e-01 2.27e-02
8.34517e-01 2.28e-02
8.35124e-01 2.29e-02
8.35731e-01 2.31e-02
8.36338e-01 2.32e-02
8.36988e-01 2.33e-02
8.37594e-01 2.35e-02
8.38199e-01 2.36e-02
8.38805e-01 2.38e-02
8.39410e-01 2.40e-02
8.40014e-01 2.41e-02
8.40618e-01 2.43e-02
8.41265e-01 2.45e-02
8.41869e-01 2.47e-02
8.42472e-01 2.49e-02
8.43075e-01 2.51e-02
8.43677e-01 2.52e-02
8.44279e-01 2.54e-02
8.44881e-01 2.55e-02
8.45482e-01 2.57e-02
8.46083e-01 2.59e-02
8.46683e-01 2.61e-02
8.47284e-01 2.63e-02
8.47584e-01 2.64e-02
8.48226e-01 2.65e-02
8.48825e-01 2.67e-02
8.49424e-01 2.69e-02
8.50023e-01 2.71e-02
8.50621e-01 2.73e-02
8.51219e-01 2.75e-02
8.51816e-01 2.76e-02
8.52413e-01 2.78e-02
8.53010e-01 2.79e-02
8.53606e-01 2.80e-02
8.54160e-01 2.82e-02
8.54756e-01 2.83e-02
8.55351e-01 2.85e-02
8.55946e-01 2.87e-02
8.56541e-01 2.90e-02
8.56838e-01 2.91e-02
8.57432e-01 2.93e-02
8.57729e-01 2.94e-02
8.58323e-01 2.95e-02
8.58916e-01 2.96e-02
8.59212e-01 2.97e-02
8.59805e-01 2.99e-02
8.60101e-01 2.99e-02
8.60693e-01 3.02e-02
8.60947e-01 3.03e-02
8.61243e-01 3.04e-02
8.61835e-01 3.06e-02
8.62426e-01 3.08e-02
8.63017e-01 3.11e-02
8.63607e-01 3.14e-02
8.64197e-01 3.16e-02
8.64745e-01 3.17e-02
8.65040e-01 3.18e-02
8.65629e-01 3.19e-02
8.66218e-01 3.21e-02
8.66806e-01 3.22e-02
8.67100e-01 3.22e-02
8.67395e-01 3.23e-02
8.67689e-01 3.23e-02
8.68234e-01 3.25e-02
8.68822e-01 3.27e-02
8.69115e-01 3.28e-02
8.69409e-01 3.29e-02
8.69995e-01 3.32e-02
8.70289e-01 3.33e-02
8.70833e-01 3.36e-02
8.71419e-01 3.38e-02
8.72004e-01 3.40e-02
8.72548e-01 3.43e-02
8.73133e-01 3.45e-02
8.73425e-01 3.47e-02
8.74009e-01 3.50e-02
8.74552e-01 3.54e-02
8.75135e-01 3.57e-02
8.75719e-01 3.60e-02
8.76302e-01 3.65e-02
8.76551e-01 3.67e-02
8.76843e-01 3.69e-02
8.77425e-01 3.73e-02
8.78007e-01 3.78e-02
8.78257e-01 3.80e-02
8.78547e-01 3.81e-02
8.78838e-01 3.82e-02
8.79419e-01 3.84e-02
8.79959e-01 3.85e-02
8.80249e-01 3.86e-02
8.80829e-01 3.88e-02
8.81119e-01 3.89e-02
8.81368e-01 3.91e-02
8.81948e-01 3.94e-02
8.82527e-01 3.98e-02
8.83065e-01 4.01e-02
8.83644e-01 4.04e-02
8.84181e-01 4.07e-02
8.84759e-01 4.10e-02
8.85337e-01 4.13e-02
8.85873e-01 4.16e-02
8.86450e-01 4.18e-02
8.86985e-01 4.21e-02
8.87562e-01 4.23e-02
8.88097e-01 4.25e-02
8.88673e-01 4.28e-02
8.88961e-01 4.30e-02
8.89495e-01 4.33e-02
8.89782e-01 4.35e-02
8.90357e-01 4.37e-02
8.90891e-01 4.40e-02
8.91178e-01 4.41e-02
8.91465e-01 4.42e-02
8.91711e-01 4.43e-02
8.92285e-01 4.46e-02
8.92817e-01 4.49e-02
8.93391e-01 4.52e-02
8.93922e-01 4.56e-02
8.94495e-01 4.60e-02
8.95026e-01 4.63e-02
8.95598e-01 4.66e-02
8.96129e-01 4.70e-02
8.96700e-01 4.73e-02
8.96945e-01 4.75e-02
8.97516e-01 4.78e-02
8.98045e-01 4.81e-02
8.98615e-01 4.85e-02
8.99145e-01 4.89e-02
8.99673e-01 4.93e-02
9.00243e-01 4.97e-02
9.00771e-01 5.01e-02
9.01340e-01 5.06e-02
9.01867e-01 5.11e-02
9.02151e-01 5.13e-02
9.02395e-01 5.15e-02
9.02962e-01 5.18e-02
9.03205e-01 5.19e-02
9.03489e-01 5.20e-02
9.04056e-01 5.24e-02
9.04582e-01 5.28e-02
9.05108e-01 5.32e-02
9.05675e-01 5.37e-02
9.06200e-01 5.43e-02
9.06725e-01 5.49e-02
9.07290e-01 5.56e-02
9.07532e-01 5.58e-02
9.08097e-01 5.62e-02
9.08621e-01 5.66e-02
9.09145e-01 5.70e-02
9.09669e-01 5.74e-02
9.10232e-01 5.78e-02
9.10755e-01 5.82e-02
9.11278e-01 5.86e-02
9.11841e-01 5.90e-02
9.12363e-01 5.94e-02
9.12885e-01 5.97e-02
9.13407e-01 6.00e-02
9.13968e-01 6.03e-02
9.14489e-01 6.06e-02
9.15010e-01 6.08e-02
9.15530e-01 6.10e-02
9.16091e-01 6.12e-02
9.16611e-01 6.13e-02
9.17130e-01 6.14e-02
9.18967e-01 6.16e-02
9.21358e-01 6.17e-02
9.22631e-01 6.17e-02
9.23703e-01 6.19e-02
9.24219e-01 6.20e-02
9.24735e-01 6.21e-02
9.25250e-01 6.22e-02
9.28101e-01 6.26e-02
9.30194e-01 6.26e-02
9.37112e-01 6.24e-02
9.37347e-01 6.24e-02
9.37857e-01 6.25e-02
9.38365e-01 6.26e-02
9.38874e-01 6.28e-02
9.39382e-01 6.30e-02
9.39890e-01 6.33e-02
9.40398e-01 6.36e-02
9.40905e-01 6.38e-02
9.41413e-01 6.40e-02
9.41919e-01 6.42e-02
9.42426e-01 6.44e-02
9.45422e-01 6.47e-02
9.45927e-01 6.48e-02
9.46432e-01 6.50e-02
9.46936e-01 6.52e-02
9.47208e-01 6.54e-02
9.47712e-01 6.57e-02
9.48177e-01 6.61e-02
9.48680e-01 6.66e-02
9.49184e-01 6.70e-02
9.49687e-01 6.74e-02
9.49919e-01 6.75e-02
9.50190e-01 6.76e-02
9.50924e-01 6.77e-02
9.52661e-01 6.76e-02
9.53163e-01 6.76e-02
9.53664e-01 6.77e-02
9.54164e-01 6.79e-02
9.54665e-01 6.81e-02
9.55127e-01 6.83e-02
9.55627e-01 6.86e-02
9.56127e-01 6.88e-02
9.56626e-01 6.91e-02
9.57126e-01 6.94e-02
9.57586e-01 6.97e-02
9.58085e-01 7.00e-02
9.58584e-01 7.03e-02
9.59082e-01 7.06e-02
9.59580e-01 7.08e-02
9.60040e-01 7.11e-02
9.60537e-01 7.14e-02
9.61035e-01 7.17e-02
9.61532e-01 7.20e-02
9.61990e-01 7.24e-02
9.62487e-01 7.27e-02
9.62983e-01 7.31e-02
9.63480e-01 7.35e-02
9.63937e-01 7.40e-02
9.64433e-01 7.44e-02
9.64929e-01 7.47e-02
9.65386e-01 7.50e-02
9.65881e-01 7.51e-02
9.66375e-01 7.52e-02
9.66870e-01 7.54e-02
9.67326e-01 7.55e-02
9.67820e-01 7.57e-02
9.68314e-01 7.59e-02
9.68769e-01 7.61e-02
9.69263e-01 7.63e-02
9.69756e-01 7.66e-02
9.70211e-01 7.69e-02
9.70703e-01 7.71e-02
9.71195e-01 7.74e-02
9.71650e-01 7.77e-02
9.72142e-01 7.80e-02
9.72633e-01 7.84e-02
9.73087e-01 7.87e-02
9.73578e-01 7.91e-02
9.74069e-01 7.95e-02
9.74522e-01 7.99e-02
9.75012e-01 8.02e-02
9.75503e-01 8.06e-02
9.75955e-01 8.10e-02
9.76445e-01 8.14e-02
9.76897e-01 8.17e-02
9.77386e-01 8.21e-02
9.77875e-01 8.24e-02
9.78326e-01 8.27e-02
9.78815e-01 8.31e-02
9.79266e-01 8.33e-02
9.79754e-01 8.35e-02
9.80242e-01 8.37e-02
9.80692e-01 8.39e-02
9.81179e-01 8.41e-02
9.81629e-01 8.42e-02
9.88872e-01 8.53e-02
9.90730e-01 8.52e-02
9.91658e-01 8.51e-02
9.92585e-01 8.50e-02
9.93067e-01 8.49e-02
9.93511e-01 8.47e-02
9.93992e-01 8.46e-02
9.94436e-01 8.45e-02
9.94917e-01 8.44e-02
9.95361e-01 8.42e-02
9.95804e-01 8.41e-02
9.96284e-01 8.40e-02
9.96727e-01 8.38e-02
9.97207e-01 8.37e-02
9.97649e-01 8.36e-02
9.98129e-01 8.35e-02
9.98571e-01 8.34e-02
9.99013e-01 8.33e-02
9.99492e-01 8.32e-02
9.99933e-01 8.31e-02
1.00041e+00 8.30e-02
1.00085e+00 8.28e-02
1.00129e+00 8.26e-02
1.00177e+00 8.25e-02
1.00221e+00 8.23e-02
1.00269e+00 8.22e-02
1.00313e+00 8.21e-02
1.00357e+00 8.20e-02
1.00405e+00 8.18e-02
1.00448e+00 8.17e-02
1.00492e+00 8.16e-02
1.00540e+00 8.13e-02
1.00584e+00 8.11e-02
1.00628e+00 8.08e-02
1.00675e+00 8.05e-02
1.00719e+00 8.02e-02
1.00763e+00 7.98e-02
1.00810e+00 7.95e-02
1.00854e+00 7.92e-02
1.00898e+00 7.89e-02
1.00945e+00 7.85e-02
1.00989e+00 7.82e-02
1.01033e+00 7.79e-02
1.01080e+00 7.76e-02
1.01124e+00 7.73e-02
1.01167e+00 7.71e-02
1.01215e+00 7.68e-02
1.01258e+00 7.65e-02
1.01302e+00 7.63e-02
1.01345e+00 7.61e-02
1.01393e+00 7.58e-02
1.01436e+00 7.57e-02
1.01480e+00 7.55e-02
1.01527e+00 7.54e-02
1.01570e+00 7.53e-02
1.02033e+00 7.45e-02
1.02144e+00 7.44e-02
1.02321e+00 7.45e-02
1.02428e+00 7.46e-02
1.02471e+00 7.46e-02
1.02518e+00 7.45e-02
1.02561e+00 7.43e-02
1.02604e+00 7.41e-02
1.02647e+00 7.39e-02
1.02690e+00 7.37e-02
1.02737e+00 7.35e-02
1.02780e+00 7.34e-02
1.02823e+00 7.32e-02
1.02865e+00 7.31e-02
1.02908e+00 7.30e-02
1.02951e+00 7.29e-02
1.02998e+00 7.29e-02
1.03062e+00 7.28e-02
1.03297e+00 7.27e-02
1.03429e+00 7.27e-02
1.03599e+00 7.29e-02
1.03642e+00 7.30e-02
1.03684e+00 7.31e-02
1.03730e+00 7.32e-02
1.03773e+00 7.33e-02
1.03815e+00 7.34e-02
1.03858e+00 7.35e-02
1.03900e+00 7.36e-02
1.03943e+00 7.37e-02
1.04176e+00 7.41e-02
1.04370e+00 7.41e-02
1.04497e+00 7.40e-02
1.04539e+00 7.39e-02
1.04581e+00 7.38e-02
1.04623e+00 7.36e-02
1.04665e+00 7.35e-02
1.04707e+00 7.33e-02
1.04749e+00 7.32e-02
1.04792e+00 7.31e-02
1.04834e+00 7.29e-02
1.04876e+00 7.28e-02
1.04918e+00 7.27e-02
1.04960e+00 7.25e-02
1.05002e+00 7.24e-02
1.05044e+00 7.23e-02
1.05086e+00 7.22e-02
1.05128e+00 7.20e-02
1.05170e+00 7.19e-02
1.05211e+00 7.17e-02
1.05253e+00 7.16e-02
1.05295e+00 7.15e-02
1.05337e+00 7.13e-02
1.05379e+00 7.12e-02
1.05421e+00 7.10e-02
1.05463e+00 7.08e-02
1.05504e+00 7.06e-02
1.05543e+00 7.04e-02
1.05584e+00 7.02e-02
1.05626e+00 6.99e-02
1.05668e+00 6.97e-02
1.05710e+00 6.94e-02
1.05751e+00 6.92e-02
1.05793e+00 6.90e-02
1.05835e+00 6.87e-02
1.05876e+00 6.85e-02
1.05918e+00 6.82e-02
1.05959e+00 6.80e-02
1.06001e+00 6.77e-02
1.06043e+00 6.75e-02
1.06084e+00 6.73e-02
1.06126e+00 6.70e-02
1.06164e+00 6.68e-02
1.06205e+00 6.65e-02
1.06247e+00 6.62e-02
1.06288e+00 6.60e-02
1.06330e+00 6.57e-02
1.06371e+00 6.54e-02
1.06412e+00 6.51e-02
1.06454e+00 6.47e-02
1.06495e+00 6.44e-02
1.06537e+00 6.42e-02
1.06574e+00 6.39e-02
1.06616e+00 6.37e-02
1.06657e+00 6.34e-02
1.06698e+00 6.32e-02
1.06740e+00 6.30e-02
1.06781e+00 6.29e-02
1.06822e+00 6.27e-02
1.06860e+00 6.26e-02
1.06901e+00 6.24e-02
1.06942e+00 6.23e-02
1.06984e+00 6.22e-02
1.07025e+00 6.21e-02
1.07066e+00 6.20e-02
1.07107e+00 6.19e-02
1.07145e+00 6.18e-02
1.07186e+00 6.18e-02
1.07206e+00 6.17e-02
1.07247e+00 6.16e-02
1.07288e+00 6.14e-02
1.07329e+00 6.12e-02
1.07370e+00 6.10e-02
1.07408e+00 6.07e-02
1.07449e+00 6.04e-02
1.07490e+00 6.02e-02
1.07531e+00 5.98e-02
1.07572e+00 5.95e-02
1.07609e+00 5.91e-02
1.07650e+00 5.87e-02
1.07691e+00 5.83e-02
1.07732e+00 5.79e-02
1.07773e+00 5.75e-02
1.07810e+00 5.71e-02
1.07851e+00 5.67e-02
1.07892e+00 5.63e-02
1.07933e+00 5.59e-02
1.07974e+00 5.54e-02
1.08011e+00 5.50e-02
1.08052e+00 5.46e-02
1.08072e+00 5.44e-02
1.08113e+00 5.40e-02
1.08153e+00 5.36e-02
1.08191e+00 5.33e-02
1.08231e+00 5.30e-02
1.08272e+00 5.27e-02
1.08313e+00 5.24e-02
1.08350e+00 5.22e-02
1.08390e+00 5.19e-02
1.08431e+00 5.16e-02
1.08472e+00 5.14e-02
1.08509e+00 5.12e-02
1.08549e+00 5.10e-02
1.08590e+00 5.08e-02
1.08630e+00 5.07e-02
1.08667e+00 5.05e-02
1.08708e+00 5.03e-02
1.08748e+00 5.02e-02
1.08789e+00 5.00e-02
1.08826e+00 4.99e-02
1.08866e+00 4.97e-02
1.08907e+00 4.96e-02
1.08947e+00 4.95e-02
1.08984e+00 4.93e-02
1.09024e+00 4.90e-02
1.09065e+00 4.89e-02
1.09102e+00 4.87e-02
1.09142e+00 4.85e-02
1.09182e+00 4.83e-02
1.09223e+00 4.81e-02
1.09259e+00 4.80e-02
1.09300e+00 4.78e-02
1.09340e+00 4.76e-02
1.09377e+00 4.74e-02
1.09417e+00 4.72e-02
1.09457e+00 4.70e-02
1.09494e+00 4.68e-02
1.09534e+00 4.66e-02
1.09574e+00 4.64e-02
1.09611e+00 4.62e-02
1.09651e+00 4.61e-02
1.09691e+00 4.59e-02
1.09728e+00 4.58e-02
1.09768e+00 4.56e-02
1.09808e+00 4.55e-02
1.09845e+00 4.54e-02
1.09885e+00 4.52e-02
1.09925e+00 4.51e-02
1.09961e+00 4.50e-02
1.10001e+00 4.49e-02
1.10041e+00 4.47e-02
1.10078e+00 4.46e-02
1.10118e+00 4.44e-02
1.10157e+00 4.43e-02
1.10194e+00 4.42e-02
1.10234e+00 4.40e-02
1.10274e+00 4.39e-02
1.10310e+00 4.39e-02
1.10350e+00 4.38e-02
1.10390e+00 4.37e-02
1.10426e+00 4.37e-02
1.10466e+00 4.36e-02
1.10503e+00 4.36e-02
1.10542e+00 4.35e-02
1.10599e+00 4.35e-02
1.10926e+00 4.33e-02
1.10965e+00 4.33e-02
1.11001e+00 4.32e-02
1.11041e+00 4.31e-02
1.11080e+00 4.30e-02
1.11117e+00 4.29e-02
1.11156e+00 4.29e-02
1.11192e+00 4.28e-02
1.11232e+00 4.27e-02
1.11268e+00 4.27e-02
1.11307e+00 4.26e-02
1.11347e+00 4.25e-02
1.11383e+00 4.24e-02
1.11422e+00 4.24e-02
1.11458e+00 4.23e-02
1.11498e+00 4.23e-02
1.11534e+00 4.22e-02
1.11573e+00 4.22e-02
1.11612e+00 4.21e-02
1.11648e+00 4.20e-02
1.11688e+00 4.20e-02
1.11724e+00 4.19e-02
1.11763e+00 4.18e-02
1.11799e+00 4.17e-02
1.11838e+00 4.16e-02
1.11874e+00 4.15e-02
1.11913e+00 4.14e-02
1.11953e+00 4.13e-02
1.11988e+00 4.12e-02
1.12028e+00 4.11e-02
1.12063e+00 4.10e-02
1.12103e+00 4.08e-02
1.12138e+00 4.07e-02
1.12178e+00 4.06e-02
1.12213e+00 4.04e-02
1.12252e+00 4.03e-02
1.12288e+00 4.01e-02
1.12327e+00 3.99e-02
1.12363e+00 3.98e-02
1.12402e+00 3.96e-02
1.12438e+00 3.94e-02
1.12477e+00 3.93e-02
1.12512e+00 3.91e-02
1.12551e+00 3.89e-02
1.12587e+00 3.87e-02
1.12626e+00 3.85e-02
1.12662e+00 3.83e-02
1.12701e+00 3.81e-02
1.12736e+00 3.79e-02
1.12775e+00 3.77e-02
1.12811e+00 3.76e-02
1.12849e+00 3.74e-02
1.12885e+00 3.72e-02
1.12924e+00 3.70e-02
1.12959e+00 3.69e-02
1.12998e+00 3.67e-02
1.13034e+00 3.66e-02
1.13072e+00 3.65e-02
1.13108e+00 3.63e-02
1.13147e+00 3.62e-02
1.13182e+00 3.61e-02
1.13221e+00 3.59e-02
1.13256e+00 3.58e-02
1.13295e+00 3.57e-02
1.13330e+00 3.56e-02
1.13369e+00 3.55e-02
1.13404e+00 3.54e-02
1.13443e+00 3.52e-02
1.13478e+00 3.51e-02
1.13514e+00 3.50e-02
1.13552e+00 3.48e-02
1.13588e+00 3.47e-02
1.13626e+00 3.46e-02
1.13661e+00 3.45e-02
1.13700e+00 3.44e-02
1.13735e+00 3.43e-02
1.13774e+00 3.42e-02
1.13809e+00 3.41e-02
1.13844e+00 3.41e-02
1.13883e+00 3.41e-02
1.13918e+00 3.40e-02
1.13956e+00 3.40e-02
1.14138e+00 3.39e-02
1.14521e+00 3.40e-02
1.15026e+00 3.40e-02
1.15133e+00 3.39e-02
1.15206e+00 3.38e-02
1.15244e+00 3.38e-02
1.15278e+00 3.37e-02
1.15313e+00 3.37e-02
1.15351e+00 3.37e-02
1.15367e+00 3.37e-02
1.15386e+00 3.37e-02
1.15420e+00 3.38e-02
1.15458e+00 3.38e-02
1.15493e+00 3.37e-02
1.15528e+00 3.36e-02
1.15565e+00 3.34e-02
1.15600e+00 3.33e-02
1.15619e+00 3.32e-02
1.15654e+00 3.31e-02
1.15691e+00 3.31e-02
1.15726e+00 3.30e-02
1.15760e+00 3.30e-02
1.15798e+00 3.29e-02
1.15833e+00 3.29e-02
1.16384e+00 3.24e-02
1.16487e+00 3.23e-02
1.16524e+00 3.23e-02
1.16559e+00 3.22e-02
1.16593e+00 3.22e-02
1.16630e+00 3.21e-02
1.16664e+00 3.21e-02
1.16699e+00 3.20e-02
1.16736e+00 3.20e-02
1.16770e+00 3.19e-02
1.16805e+00 3.19e-02
1.16857e+00 3.18e-02
1.16892e+00 3.19e-02
1.16910e+00 3.19e-02
1.17068e+00 3.18e-02
1.17087e+00 3.19e-02
1.17121e+00 3.20e-02
1.17155e+00 3.21e-02
1.17174e+00 3.21e-02
1.17261e+00 3.21e-02
1.17295e+00 3.22e-02
1.17332e+00 3.22e-02
1.17366e+00 3.23e-02
1.17400e+00 3.23e-02
1.17434e+00 3.24e-02
1.17471e+00 3.25e-02
1.17505e+00 3.26e-02
1.17539e+00 3.27e-02
1.17573e+00 3.27e-02
1.17591e+00 3.27e-02
1.17644e+00 3.28e-02
1.17678e+00 3.27e-02
1.17715e+00 3.27e-02
1.17749e+00 3.26e-02
1.17782e+00 3.26e-02
1.17816e+00 3.25e-02
1.17853e+00 3.25e-02
1.17869e+00 3.25e-02
1.17955e+00 3.24e-02
1.17973e+00 3.24e-02
1.18007e+00 3.25e-02
1.18041e+00 3.26e-02
1.18078e+00 3.27e-02
1.18111e+00 3.28e-02
1.18145e+00 3.30e-02
1.18179e+00 3.31e-02
1.18197e+00 3.31e-02
1.18216e+00 3.32e-02
1.18231e+00 3.32e-02
1.18249e+00 3.32e-02
1.18283e+00 3.31e-02
1.18317e+00 3.30e-02
1.18354e+00 3.29e-02
1.18387e+00 3.28e-02
1.18421e+00 3.27e-02
1.18455e+00 3.26e-02
1.18491e+00 3.26e-02
1.18592e+00 3.25e-02
1.18662e+00 3.26e-02
1.18696e+00 3.26e-02
1.18729e+00 3.27e-02
1.18763e+00 3.27e-02
1.18800e+00 3.28e-02
1.18833e+00 3.28e-02
1.18867e+00 3.29e-02
1.18900e+00 3.29e-02
1.18934e+00 3.29e-02
1.18970e+00 3.30e-02
1.19004e+00 3.30e-02
1.19037e+00 3.31e-02
1.19071e+00 3.31e-02
1.19107e+00 3.31e-02
1.19140e+00 3.32e-02
1.19174e+00 3.32e-02
1.19207e+00 3.33e-02
1.19241e+00 3.33e-02
1.19277e+00 3.34e-02
1.19310e+00 3.34e-02
1.19344e+00 3.35e-02
1.19377e+00 3.35e-02
1.19410e+00 3.36e-02
1.19447e+00 3.36e-02
1.19480e+00 3.37e-02
1.19513e+00 3.37e-02
1.19547e+00 3.38e-02
1.19580e+00 3.39e-02
1.19616e+00 3.39e-02
1.19649e+00 3.40e-02
1.19683e+00 3.40e-02
1.19698e+00 3.40e-02
1.19852e+00 3.40e-02
1.19903e+00 3.40e-02
1.19969e+00 3.40e-02
1.20003e+00 3.41e-02
1.20036e+00 3.42e-02
1.20069e+00 3.42e-02
1.20105e+00 3.43e-02
1.20138e+00 3.44e-02
1.20171e+00 3.45e-02
1.20204e+00 3.46e-02
1.20237e+00 3.47e-02
1.20270e+00 3.48e-02
1.20306e+00 3.50e-02
1.20339e+00 3.51e-02
1.20372e+00 3.52e-02
1.20405e+00 3.53e-02
1.20438e+00 3.53e-02
1.20471e+00 3.54e-02
1.20507e+00 3.55e-02
1.20540e+00 3.56e-02
1.20573e+00 3.57e-02
1.20606e+00 3.58e-02
1.20639e+00 3.59e-02
1.20672e+00 3.59e-02
1.20708e+00 3.60e-02
1.20741e+00 3.61e-02
1.20774e+00 3.62e-02
1.20806e+00 3.62e-02
1.20839e+00 3.63e-02
1.20872e+00 3.64e-02
1.20905e+00 3.65e-02
1.20941e+00 3.65e-02
1.20974e+00 3.66e-02
1.21006e+00 3.67e-02
1.21039e+00 3.68e-02
1.21072e+00 3.68e-02
1.21105e+00 3.69e-02
1.21138e+00 3.69e-02
1.21173e+00 3.69e-02
1.21206e+00 3.70e-02
1.21370e+00 3.71e-02
1.21405e+00 3.72e-02
1.21438e+00 3.72e-02
1.21471e+00 3.73e-02
1.21503e+00 3.74e-02
1.21536e+00 3.75e-02
1.21568e+00 3.75e-02
1.21601e+00 3.76e-02
1.21634e+00 3.77e-02
1.21669e+00 3.78e-02
1.21702e+00 3.79e-02
1.21734e+00 3.80e-02
1.21767e+00 3.81e-02
1.21799e+00 3.82e-02
1.21832e+00 3.83e-02
1.21864e+00 3.84e-02
1.21897e+00 3.85e-02
1.21932e+00 3.86e-02
1.21965e+00 3.87e-02
1.21997e+00 3.89e-02
1.22030e+00 3.90e-02
1.22062e+00 3.91e-02
1.22095e+00 3.92e-02
1.22127e+00 3.93e-02
1.22160e+00 3.94e-02
1.22192e+00 3.95e-02
1.22227e+00 3.97e-02
1.22260e+00 3.98e-02
1.22292e+00 3.99e-02
1.22325e+00 4.00e-02
1.22357e+00 4.01e-02
1.22389e+00 4.02e-02
1.22422e+00 4.04e-02
1.22454e+00 4.06e-02
1.22486e+00 4.07e-02
1.22519e+00 4.09e-02
1.22554e+00 4.11e-02
1.22586e+00 4.12e-02
1.22618e+00 4.13e-02
1.22651e+00 4.15e-02
1.22683e+00 4.16e-02
1.22715e+00 4.18e-02
1.22747e+00 4.19e-02
1.22780e+00 4.21e-02
1.22812e+00 4.22e-02
1.22844e+00 4.24e-02
1.22876e+00 4.25e-02
1.22911e+00 4.27e-02
1.22944e+00 4.28e-02
1.22976e+00 4.30e-02
1.23008e+00 4.31e-02
1.23040e+00 4.33e-02
1.23072e+00 4.35e-02
1.23104e+00 4.36e-02
1.23136e+00 4.38e-02
1.23169e+00 4.40e-02
1.23201e+00 4.42e-02
1.23233e+00 4.44e-02
1.23265e+00 4.46e-02
1.23300e+00 4.47e-02
1.23332e+00 4.49e-02
1.23364e+00 4.51e-02
1.23396e+00 4.53e-02
1.23428e+00 4.54e-02
1.23460e+00 4.56e-02
1.23492e+00 4.57e-02
1.23509e+00 4.58e-02
1.23524e+00 4.59e-02
1.23556e+00 4.60e-02
1.23588e+00 4.61e-02
1.23620e+00 4.62e-02
1.23652e+00 4.63e-02
1.23684e+00 4.64e-02
1.23719e+00 4.64e-02
1.23750e+00 4.65e-02
1.23782e+00 4.66e-02
1.23814e+00 4.67e-02
1.23846e+00 4.67e-02
1.23878e+00 4.68e-02
1.23910e+00 4.69e-02
1.23942e+00 4.69e-02
1.23974e+00 4.70e-02
1.24005e+00 4.71e-02
1.24037e+00 4.72e-02
1.24069e+00 4.73e-02
1.24101e+00 4.74e-02
1.24133e+00 4.75e-02
1.24164e+00 4.76e-02
1.24196e+00 4.78e-02
1.24231e+00 4.79e-02
1.24263e+00 4.80e-02
1.24294e+00 4.81e-02
1.24326e+00 4.82e-02
1.24358e+00 4.83e-02
1.24390e+00 4.84e-02
1.24436e+00 4.84e-02
1.24548e+00 4.85e-02
1.25070e+00 4.84e-02
1.25308e+00 4.83e-02
1.25356e+00 4.84e-02
1.25419e+00 4.85e-02
1.25450e+00 4.85e-02
1.25482e+00 4.87e-02
1.25513e+00 4.88e-02
1.25545e+00 4.89e-02
1.25576e+00 4.91e-02
1.25607e+00 4.93e-02
1.25638e+00 4.95e-02
1.25670e+00 4.97e-02
1.25701e+00 4.98e-02
1.25749e+00 4.99e-02
1.25795e+00 5.00e-02
1.25857e+00 5.00e-02
1.25920e+00 4.99e-02
1.25951e+00 4.98e-02
1.25982e+00 4.97e-02
1.26014e+00 4.95e-02
1.26045e+00 4.94e-02
1.26076e+00 4.93e-02
1.26107e+00 4.91e-02
1.26138e+00 4.90e-02
1.26169e+00 4.88e-02
1.26201e+00 4.87e-02
1.26232e+00 4.86e-02
1.26263e+00 4.85e-02
1.26294e+00 4.84e-02
1.26325e+00 4.83e-02
1.26356e+00 4.82e-02
1.26387e+00 4.81e-02
1.26621e+00 4.79e-02
1.26776e+00 4.79e-02
1.26962e+00 4.80e-02
1.26993e+00 4.81e-02
1.27024e+00 4.82e-02
1.27055e+00 4.83e-02
1.27086e+00 4.84e-02
1.27116e+00 4.86e-02
1.27147e+00 4.88e-02
1.27178e+00 4.89e-02
1.27209e+00 4.91e-02
1.27240e+00 4.92e-02
1.27257e+00 4.92e-02
1.27301e+00 4.92e-02
1.27332e+00 4.91e-02
1.27363e+00 4.90e-02
1.27394e+00 4.89e-02
1.27424e+00 4.88e-02
1.27455e+00 4.87e-02
1.27486e+00 4.86e-02
1.27517e+00 4.86e-02
1.27687e+00 4.83e-02
1.27718e+00 4.82e-02
1.27748e+00 4.81e-02
1.27779e+00 4.80e-02
1.27810e+00 4.78e-02
1.27840e+00 4.77e-02
1.27871e+00 4.76e-02
1.27902e+00 4.75e-02
1.27932e+00 4.74e-02
1.27963e+00 4.73e-02
1.27993e+00 4.72e-02
1.28160e+00 4.70e-02
1.28421e+00 4.69e-02
1.28451e+00 4.69e-02
1.28482e+00 4.68e-02
1.28512e+00 4.67e-02
1.28542e+00 4.67e-02
1.28573e+00 4.66e-02
1.28739e+00 4.63e-02
1.28843e+00 4.64e-02
1.29011e+00 4.65e-02
1.29344e+00 4.65e-02
1.29404e+00 4.66e-02
1.29464e+00 4.67e-02
1.29495e+00 4.67e-02
1.29525e+00 4.68e-02
1.29555e+00 4.68e-02
1.29582e+00 4.69e-02
1.29612e+00 4.69e-02
1.29642e+00 4.70e-02
1.29673e+00 4.70e-02
1.29703e+00 4.71e-02
1.29899e+00 4.74e-02
1.30316e+00 4.76e-02
1.30571e+00 4.79e-02
1.30882e+00 4.80e-02
1.30971e+00 4.79e-02
1.31001e+00 4.79e-02
1.31030e+00 4.78e-02
1.31060e+00 4.78e-02
1.31090e+00 4.77e-02
1.31119e+00 4.76e-02
1.31149e+00 4.75e-02
1.31179e+00 4.75e-02
1.31429e+00 4.71e-02
1.31678e+00 4.70e-02
1.31943e+00 4.69e-02
1.32120e+00 4.68e-02
1.32149e+00 4.67e-02
1.32178e+00 4.66e-02
1.32208e+00 4.65e-02
1.32237e+00 4.64e-02
1.32266e+00 4.63e-02
1.32296e+00 4.63e-02
1.32325e+00 4.62e-02
1.32354e+00 4.61e-02
1.32383e+00 4.61e-02
1.32413e+00 4.60e-02
1.32442e+00 4.60e-02
1.32471e+00 4.59e-02
1.32500e+00 4.58e-02
1.32530e+00 4.57e-02
1.32559e+00 4.57e-02
1.32588e+00 4.56e-02
1.32617e+00 4.55e-02
1.32646e+00 4.54e-02
1.32676e+00 4.53e-02
1.32705e+00 4.52e-02
1.32734e+00 4.51e-02
1.32761e+00 4.50e-02
1.32790e+00 4.49e-02
1.32819e+00 4.49e-02
1.32848e+00 4.48e-02
1.32877e+00 4.47e-02
1.32906e+00 4.47e-02
1.32935e+00 4.46e-02
1.32964e+00 4.45e-02
1.32994e+00 4.44e-02
1.33023e+00 4.43e-02
1.33052e+00 4.42e-02
1.33081e+00 4.41e-02
1.33110e+00 4.40e-02
1.33139e+00 4.39e-02
1.33168e+00 4.38e-02
1.33197e+00 4.37e-02
1.33226e+00 4.36e-02
1.33255e+00 4.35e-02
1.33284e+00 4.34e-02
1.33313e+00 4.34e-02
1.33342e+00 4.33e-02
1.33371e+00 4.32e-02
1.33400e+00 4.31e-02
1.33429e+00 4.30e-02
1.33458e+00 4.29e-02
1.33487e+00 4.29e-02
1.33516e+00 4.28e-02
1.33545e+00 4.28e-02
1.33574e+00 4.27e-02
1.33603e+00 4.26e-02
1.33632e+00 4.26e-02
1.33661e+00 4.25e-02
1.33689e+00 4.24e-02
1.33718e+00 4.23e-02
1.33747e+00 4.22e-02
1.33776e+00 4.21e-02
1.33805e+00 4.20e-02
1.33834e+00 4.19e-02
1.33863e+00 4.18e-02
1.33891e+00 4.17e-02
1.33920e+00 4.16e-02
1.33949e+00 4.15e-02
1.33978e+00 4.13e-02
1.34007e+00 4.12e-02
1.34036e+00 4.11e-02
1.34064e+00 4.10e-02
1.34093e+00 4.09e-02
1.34122e+00 4.09e-02
1.34151e+00 4.08e-02
1.34179e+00 4.07e-02
1.34208e+00 4.06e-02
1.34237e+00 4.06e-02
1.34266e+00 4.05e-02
1.34294e+00 4.05e-02
1.34323e+00 4.04e-02
1.34352e+00 4.03e-02
1.34380e+00 4.03e-02
1.34409e+00 4.02e-02
1.34438e+00 4.01e-02
1.34464e+00 4.00e-02
1.34493e+00 3.99e-02
1.34521e+00 3.98e-02
1.34550e+00 3.97e-02
1.34578e+00 3.96e-02
1.34607e+00 3.95e-02
1.34636e+00 3.94e-02
1.34664e+00 3.92e-02
1.34693e+00 3.91e-02
1.34722e+00 3.90e-02
1.34750e+00 3.89e-02
1.34779e+00 3.88e-02
1.34807e+00 3.87e-02
1.34836e+00 3.86e-02
1.34864e+00 3.85e-02
1.34893e+00 3.84e-02
1.34922e+00 3.83e-02
1.34950e+00 3.83e-02
1.34979e+00 3.82e-02
1.35007e+00 3.82e-02
1.35036e+00 3.81e-02
1.35064e+00 3.81e-02
1.35093e+00 3.80e-02
1.35121e+00 3.80e-02
1.35150e+00 3.79e-02
1.35178e+00 3.78e-02
1.35207e+00 3.77e-02
1.35235e+00 3.77e-02
1.35263e+00 3.76e-02
1.35292e+00 3.75e-02
1.35320e+00 3.74e-02
1.35349e+00 3.73e-02
1.35377e+00 3.72e-02
1.35406e+00 3.71e-02
1.35434e+00 3.71e-02
1.35462e+00 3.70e-02
1.35491e+00 3.69e-02
1.35519e+00 3.68e-02
1.35547e+00 3.67e-02
1.35576e+00 3.66e-02
1.35604e+00 3.65e-02
1.35632e+00 3.64e-02
1.35661e+00 3.63e-02
1.35689e+00 3.62e-02
1.35717e+00 3.61e-02
1.35746e+00 3.60e-02
1.35774e+00 3.59e-02
1.35802e+00 3.58e-02
1.35831e+00 3.58e-02
1.35859e+00 3.57e-02
1.35887e+00 3.56e-02
1.35915e+00 3.55e-02
1.35944e+00 3.55e-02
1.35972e+00 3.54e-02
1.36000e+00 3.53e-02
1.36028e+00 3.52e-02
1.36057e+00 3.51e-02
1.36085e+00 3.50e-02
1.36113e+00 3.49e-02
1.36141e+00 3.49e-02
1.36172e+00 3.48e-02
1.36200e+00 3.47e-02
1.36228e+00 3.46e-02
1.36257e+00 3.45e-02
1.36285e+00 3.45e-02
1.36313e+00 3.44e-02
1.36341e+00 3.44e-02
1.36354e+00 3.44e-02
1.36382e+00 3.42e-02
1.36410e+00 3.41e-02
1.36425e+00 3.40e-02
1.36453e+00 3.39e-02
1.36482e+00 3.39e-02
1.36510e+00 3.38e-02
1.36538e+00 3.37e-02
1.36566e+00 3.36e-02
1.36594e+00 3.36e-02
1.36622e+00 3.35e-02
1.36650e+00 3.34e-02
1.36678e+00 3.33e-02
1.36706e+00 3.33e-02
1.36734e+00 3.32e-02
1.36762e+00 3.31e-02
1.36790e+00 3.30e-02
1.36818e+00 3.29e-02
1.36846e+00 3.28e-02
1.36874e+00 3.27e-02
1.36902e+00 3.27e-02
1.36930e+00 3.26e-02
1.36958e+00 3.25e-02
1.36986e+00 3.24e-02
1.37014e+00 3.23e-02
1.37042e+00 3.23e-02
1.37070e+00 3.22e-02
1.37098e+00 3.22e-02
1.37126e+00 3.21e-02
1.37154e+00 3.21e-02
1.37182e+00 3.21e-02
1.37209e+00 3.20e-02
1.37237e+00 3.20e-02
1.37265e+00 3.19e-02
1.37293e+00 3.19e-02
1.37321e+00 3.18e-02
1.37349e+00 3.18e-02
1.37377e+00 3.17e-02
1.37404e+00 3.16e-02
1.37435e+00 3.16e-02
1.37463e+00 3.15e-02
1.37490e+00 3.15e-02
1.37518e+00 3.14e-02
1.37546e+00 3.13e-02
1.37574e+00 3.12e-02
1.37602e+00 3.11e-02
1.37629e+00 3.10e-02
1.37657e+00 3.09e-02
1.37685e+00 3.07e-02
1.37713e+00 3.06e-02
1.37740e+00 3.05e-02
1.37768e+00 3.03e-02
1.37796e+00 3.02e-02
1.37824e+00 3.01e-02
1.37851e+00 3.00e-02
1.37879e+00 2.99e-02
1.37907e+00 2.98e-02
1.37935e+00 2.97e-02
1.37962e+00 2.97e-02
1.37990e+00 2.96e-02
1.38018e+00 2.95e-02
1.38045e+00 2.95e-02
1.38073e+00 2.94e-02
1.38103e+00 2.93e-02
1.38131e+00 2.93e-02
1.38281e+00 2.92e-02
1.38337e+00 2.92e-02
1.38367e+00 2.92e-02
1.38394e+00 2.93e-02
1.38422e+00 2.94e-02
1.38449e+00 2.94e-02
1.38477e+00 2.95e-02
1.38504e+00 2.96e-02
1.38532e+00 2.97e-02
1.38559e+00 2.97e-02
1.38587e+00 2.98e-02
1.38602e+00 2.98e-02
1.38629e+00 2.98e-02
1.38657e+00 2.98e-02
1.38684e+00 2.97e-02
1.38712e+00 2.95e-02
1.38739e+00 2.94e-02
1.38767e+00 2.92e-02
1.38794e+00 2.91e-02
1.38822e+00 2.89e-02
1.38849e+00 2.88e-02
1.38877e+00 2.87e-02
1.38904e+00 2.85e-02
1.38931e+00 2.84e-02
1.38959e+00 2.83e-02
1.38986e+00 2.82e-02
1.39016e+00 2.81e-02
1.39044e+00 2.80e-02
1.39071e+00 2.79e-02
1.39098e+00 2.78e-02
1.39126e+00 2.78e-02
1.39153e+00 2.77e-02
1.39180e+00 2.77e-02
1.39208e+00 2.76e-02
1.39235e+00 2.76e-02
1.39262e+00 2.75e-02
1.39290e+00 2.75e-02
1.39317e+00 2.75e-02
1.39553e+00 2.73e-02
1.39689e+00 2.73e-02
1.39867e+00 2.74e-02
1.40305e+00 2.73e-02
1.40359e+00 2.73e-02
1.40386e+00 2.73e-02
1.40413e+00 2.72e-02
1.40440e+00 2.72e-02
1.40467e+00 2.71e-02
1.40497e+00 2.71e-02
1.40524e+00 2.71e-02
1.40551e+00 2.70e-02
1.40578e+00 2.69e-02
1.40605e+00 2.69e-02
1.40632e+00 2.69e-02
1.40659e+00 2.68e-02
1.40686e+00 2.68e-02
1.40713e+00 2.67e-02
1.40742e+00 2.66e-02
1.40769e+00 2.66e-02
1.40796e+00 2.65e-02
1.40823e+00 2.65e-02
1.40850e+00 2.64e-02
1.40876e+00 2.64e-02
1.40903e+00 2.64e-02
1.40930e+00 2.63e-02
1.40960e+00 2.63e-02
1.40986e+00 2.63e-02
1.41135e+00 2.62e-02
1.41393e+00 2.62e-02
1.41704e+00 2.61e-02
1.42082e+00 2.59e-02
1.42272e+00 2.59e-02
1.42393e+00 2.59e-02
1.42835e+00 2.56e-02
1.43225e+00 2.55e-02
1.43251e+00 2.55e-02
1.43358e+00 2.54e-02
1.43385e+00 2.53e-02
1.43413e+00 2.53e-02
1.43439e+00 2.53e-02
1.43466e+00 2.52e-02
1.43492e+00 2.52e-02
1.43518e+00 2.52e-02
1.43547e+00 2.51e-02
1.43573e+00 2.51e-02
1.43599e+00 2.51e-02
1.43625e+00 2.50e-02
1.43654e+00 2.50e-02
1.43692e+00 2.49e-02
1.43893e+00 2.48e-02
1.43905e+00 2.48e-02
1.44147e+00 2.47e-02
1.44187e+00 2.47e-02
1.44305e+00 2.47e-02
1.44319e+00 2.47e-02
1.44532e+00 2.47e-02
1.44678e+00 2.46e-02
1.44809e+00 2.46e-02
1.44824e+00 2.46e-02
1.44997e+00 2.47e-02
1.45089e+00 2.47e-02
1.45342e+00 2.45e-02
1.45353e+00 2.45e-02
1.45367e+00 2.44e-02
1.45421e+00 2.44e-02
1.45433e+00 2.43e-02
1.45512e+00 2.44e-02
1.45538e+00 2.44e-02
1.45566e+00 2.44e-02
1.45591e+00 2.45e-02
1.45617e+00 2.45e-02
1.45645e+00 2.45e-02
1.45671e+00 2.45e-02
1.45696e+00 2.46e-02
1.45724e+00 2.46e-02
1.45736e+00 2.46e-02
1.45789e+00 2.45e-02
1.45815e+00 2.45e-02
1.45843e+00 2.45e-02
1.45868e+00 2.44e-02
1.45896e+00 2.43e-02
1.45908e+00 2.43e-02
1.45936e+00 2.43e-02
1.45961e+00 2.42e-02
1.45975e+00 2.42e-02
1.46026e+00 2.42e-02
1.46054e+00 2.41e-02
1.46080e+00 2.40e-02
1.46094e+00 2.39e-02
1.46119e+00 2.39e-02
1.46145e+00 2.38e-02
1.46159e+00 2.39e-02
1.46184e+00 2.38e-02
1.46224e+00 2.38e-02
1.46316e+00 2.37e-02
1.46330e+00 2.37e-02
1.46395e+00 2.37e-02
1.46448e+00 2.37e-02
1.46474e+00 2.38e-02
1.46501e+00 2.39e-02
1.46515e+00 2.38e-02
1.46541e+00 2.39e-02
1.46566e+00 2.39e-02
1.46594e+00 2.39e-02
1.46619e+00 2.40e-02
1.46644e+00 2.40e-02
1.46672e+00 2.41e-02
1.46698e+00 2.41e-02
1.46725e+00 2.42e-02
1.46751e+00 2.42e-02
1.46764e+00 2.42e-02
1.46804e+00 2.42e-02
1.46988e+00 2.43e-02
1.46999e+00 2.44e-02
1.47027e+00 2.44e-02
1.47038e+00 2.43e-02
1.47105e+00 2.44e-02
1.47119e+00 2.43e-02
1.47158e+00 2.43e-02
1.47171e+00 2.42e-02
1.47275e+00 2.42e-02
1.47288e+00 2.42e-02
1.47314e+00 2.41e-02
1.47394e+00 2.41e-02
1.47419e+00 2.41e-02
1.47447e+00 2.41e-02
1.47458e+00 2.42e-02
1.47472e+00 2.41e-02
1.47524e+00 2.41e-02
1.47538e+00 2.44e-02
1.47563e+00 2.43e-02
1.47577e+00 2.43e-02
1.47588e+00 2.41e-02
1.47616e+00 2.42e-02
1.47641e+00 2.43e-02
1.47668e+00 2.42e-02
1.47693e+00 2.41e-02
1.47707e+00 2.41e-02
1.47760e+00 2.40e-02
1.47773e+00 2.41e-02
1.47928e+00 2.41e-02
1.47942e+00 2.41e-02
1.47994e+00 2.41e-02
1.48008e+00 2.42e-02
1.48176e+00 2.41e-02
1.48347e+00 2.41e-02
1.48372e+00 2.41e-02
1.48399e+00 2.40e-02
1.48412e+00 2.40e-02
1.48465e+00 2.40e-02
1.48489e+00 2.40e-02
1.48517e+00 2.39e-02
1.48528e+00 2.39e-02
1.48555e+00 2.42e-02
1.48582e+00 2.44e-02
1.48594e+00 2.45e-02
1.48621e+00 2.42e-02
1.48646e+00 2.39e-02
1.48673e+00 2.38e-02
1.48698e+00 2.38e-02
1.48725e+00 2.38e-02
1.48750e+00 2.39e-02
1.48763e+00 2.39e-02
1.48790e+00 2.38e-02
1.48815e+00 2.37e-02
1.48842e+00 2.37e-02
1.48867e+00 2.37e-02
1.48908e+00 2.36e-02
1.48932e+00 2.36e-02
1.48946e+00 2.37e-02
1.48971e+00 2.36e-02
1.48998e+00 2.35e-02
1.49011e+00 2.35e-02
1.49115e+00 2.35e-02
1.49140e+00 2.36e-02
1.49167e+00 2.36e-02
1.49191e+00 2.36e-02
1.49218e+00 2.37e-02
1.49245e+00 2.37e-02
1.49270e+00 2.37e-02
1.49297e+00 2.38e-02
1.49322e+00 2.38e-02
1.49349e+00 2.38e-02
1.49374e+00 2.39e-02
1.49400e+00 2.40e-02
1.49414e+00 2.40e-02
1.49439e+00 2.39e-02
1.49466e+00 2.38e-02
1.49479e+00 2.38e-02
1.49569e+00 2.37e-02
1.49582e+00 2.38e-02
1.49634e+00 2.38e-02
1.49647e+00 2.38e-02
1.49672e+00 2.38e-02
1.49699e+00 2.39e-02
1.49725e+00 2.39e-02
1.49750e+00 2.38e-02
1.49763e+00 2.38e-02
1.49815e+00 2.39e-02
1.49842e+00 2.39e-02
1.49866e+00 2.39e-02
1.49893e+00 2.40e-02
1.49920e+00 2.40e-02
1.49944e+00 2.40e-02
1.50036e+00 2.41e-02
1.50087e+00 2.41e-02
1.50281e+00 2.40e-02
1.50332e+00 2.40e-02
1.50345e+00 2.40e-02
1.50386e+00 2.40e-02
1.50399e+00 2.40e-02
1.50552e+00 2.39e-02
1.50734e+00 2.40e-02
1.50747e+00 2.41e-02
1.50785e+00 2.41e-02
1.50798e+00 2.40e-02
1.51108e+00 2.42e-02
1.51134e+00 2.42e-02
1.51160e+00 2.42e-02
1.51185e+00 2.43e-02
1.51211e+00 2.43e-02
1.51224e+00 2.43e-02
1.51379e+00 2.42e-02
1.51442e+00 2.42e-02
1.51559e+00 2.42e-02
1.51921e+00 2.40e-02
1.51945e+00 2.39e-02
1.51971e+00 2.39e-02
1.51997e+00 2.39e-02
1.52024e+00 2.38e-02
1.52048e+00 2.38e-02
1.52074e+00 2.37e-02
1.52100e+00 2.37e-02
1.52190e+00 2.36e-02
1.52255e+00 2.36e-02
1.52384e+00 2.35e-02
1.52421e+00 2.35e-02
1.52434e+00 2.36e-02
1.52627e+00 2.36e-02
1.52729e+00 2.36e-02
1.52857e+00 2.35e-02
1.52949e+00 2.35e-02
1.52998e+00 2.35e-02
1.53191e+00 2.37e-02
1.53282e+00 2.37e-02
1.53629e+00 2.36e-02
1.53743e+00 2.36e-02
1.53923e+00 2.36e-02
1.54037e+00 2.36e-02
1.54165e+00 2.36e-02
1.54268e+00 2.36e-02
1.54562e+00 2.36e-02
1.54588e+00 2.35e-02
1.54614e+00 2.35e-02
1.54639e+00 2.35e-02
1.54805e+00 2.33e-02
1.54958e+00 2.33e-02
1.55418e+00 2.34e-02
1.55443e+00 2.35e-02
1.55471e+00 2.35e-02
1.55496e+00 2.35e-02
1.55509e+00 2.35e-02
1.55521e+00 2.36e-02
1.55572e+00 2.36e-02
1.55597e+00 2.36e-02
1.55623e+00 2.37e-02
1.55648e+00 2.37e-02
1.55673e+00 2.37e-02
1.55699e+00 2.38e-02
1.55814e+00 2.38e-02
1.55865e+00 2.38e-02
1.56031e+00 2.37e-02
1.56109e+00 2.38e-02
1.56184e+00 2.38e-02
1.56375e+00 2.39e-02
1.56390e+00 2.40e-02
1.56415e+00 2.40e-02
1.56440e+00 2.39e-02
1.56465e+00 2.39e-02
1.56490e+00 2.38e-02
1.56517e+00 2.38e-02
1.56542e+00 2.37e-02
1.56567e+00 2.37e-02
1.56592e+00 2.36e-02
1.56618e+00 2.36e-02
1.56645e+00 2.35e-02
1.56670e+00 2.35e-02
1.56695e+00 2.34e-02
1.56720e+00 2.34e-02
1.56745e+00 2.34e-02
1.56772e+00 2.34e-02
1.56797e+00 2.33e-02
1.56822e+00 2.33e-02
1.56847e+00 2.33e-02
1.56874e+00 2.33e-02
1.56899e+00 2.32e-02
1.56924e+00 2.32e-02
1.56949e+00 2.32e-02
1.56976e+00 2.31e-02
1.57001e+00 2.31e-02
1.57026e+00 2.30e-02
1.57051e+00 2.29e-02
1.57078e+00 2.29e-02
1.57103e+00 2.28e-02
1.57128e+00 2.28e-02
1.57155e+00 2.27e-02
1.57180e+00 2.27e-02
1.57217e+00 2.26e-02
1.57306e+00 2.26e-02
1.57408e+00 2.26e-02
1.57677e+00 2.27e-02
1.57689e+00 2.27e-02
1.57766e+00 2.27e-02
1.57791e+00 2.26e-02
1.57817e+00 2.26e-02
1.57842e+00 2.26e-02
1.57867e+00 2.25e-02
1.57894e+00 2.25e-02
1.57918e+00 2.25e-02
1.57943e+00 2.25e-02
1.57958e+00 2.24e-02
1.58046e+00 2.24e-02
1.58059e+00 2.24e-02
1.58122e+00 2.24e-02
1.58161e+00 2.24e-02
1.58174e+00 2.24e-02
1.58250e+00 2.24e-02
1.58492e+00 2.22e-02
1.58568e+00 2.22e-02
1.58594e+00 2.22e-02
1.58619e+00 2.21e-02
1.58646e+00 2.21e-02
1.58670e+00 2.21e-02
1.58697e+00 2.20e-02
1.58836e+00 2.19e-02
1.58848e+00 2.19e-02
1.58862e+00 2.19e-02
1.58899e+00 2.19e-02
1.58913e+00 2.19e-02
1.59001e+00 2.19e-02
1.59015e+00 2.20e-02
1.59079e+00 2.19e-02
1.59258e+00 2.20e-02
1.59308e+00 2.20e-02
1.59485e+00 2.18e-02
1.59499e+00 2.19e-02
1.59524e+00 2.18e-02
1.59538e+00 2.18e-02
1.59589e+00 2.18e-02
1.59601e+00 2.18e-02
1.59627e+00 2.19e-02
1.59639e+00 2.20e-02
1.59651e+00 2.19e-02
1.59830e+00 2.20e-02
1.59856e+00 2.20e-02
1.59882e+00 2.20e-02
1.59906e+00 2.21e-02
1.59933e+00 2.21e-02
1.59957e+00 2.21e-02
1.59971e+00 2.21e-02
1.60009e+00 2.21e-02
1.60034e+00 2.21e-02
1.60187e+00 2.22e-02
1.60225e+00 2.22e-02
1.60251e+00 2.22e-02
1.60276e+00 2.21e-02
1.60302e+00 2.20e-02
1.60328e+00 2.20e-02
1.60352e+00 2.19e-02
1.60378e+00 2.19e-02
1.60404e+00 2.19e-02
1.60428e+00 2.18e-02
1.60443e+00 2.19e-02
1.60481e+00 2.18e-02
1.60519e+00 2.18e-02
1.60583e+00 2.18e-02
1.60595e+00 2.18e-02
1.60633e+00 2.19e-02
1.60645e+00 2.18e-02
1.60710e+00 2.17e-02
1.60736e+00 2.17e-02
1.60748e+00 2.16e-02
1.60826e+00 2.16e-02
1.60888e+00 2.15e-02
1.60940e+00 2.15e-02
1.60952e+00 2.16e-02
1.61016e+00 2.16e-02
1.61068e+00 2.16e-02
1.61309e+00 2.18e-02
1.61323e+00 2.19e-02
1.61347e+00 2.19e-02
1.61361e+00 2.20e-02
1.61373e+00 2.18e-02
1.61413e+00 2.19e-02
1.61425e+00 2.19e-02
1.61451e+00 2.20e-02
1.61462e+00 2.21e-02
1.61476e+00 2.19e-02
1.61566e+00 2.19e-02
1.61578e+00 2.22e-02
1.61604e+00 2.20e-02
1.61616e+00 2.19e-02
1.61629e+00 2.18e-02
1.61655e+00 2.18e-02
1.61667e+00 2.19e-02
1.61679e+00 2.19e-02
1.61705e+00 2.17e-02
1.61719e+00 2.17e-02
1.61731e+00 2.16e-02
1.61756e+00 2.16e-02
1.61782e+00 2.17e-02
1.61808e+00 2.16e-02
1.61820e+00 2.15e-02
1.61834e+00 2.15e-02
1.61923e+00 2.15e-02
1.61935e+00 2.16e-02
1.61961e+00 2.16e-02
1.61974e+00 2.17e-02
1.61986e+00 2.17e-02
1.62012e+00 2.16e-02
1.62038e+00 2.15e-02
1.62063e+00 2.15e-02
1.62089e+00 2.14e-02
1.62115e+00 2.13e-02
1.62141e+00 2.13e-02
1.62164e+00 2.12e-02
1.62178e+00 2.12e-02
1.62190e+00 2.11e-02
1.62216e+00 2.11e-02
1.62229e+00 2.11e-02
1.62241e+00 2.11e-02
1.62267e+00 2.11e-02
1.62281e+00 2.11e-02
1.62293e+00 2.09e-02
1.62332e+00 2.09e-02
1.62395e+00 2.09e-02
1.62409e+00 2.08e-02
1.62446e+00 2.08e-02
1.62458e+00 2.08e-02
1.62484e+00 2.07e-02
1.62509e+00 2.06e-02
1.62535e+00 2.06e-02
1.62561e+00 2.05e-02
1.62586e+00 2.05e-02
1.62612e+00 2.04e-02
1.62637e+00 2.04e-02
1.62663e+00 2.04e-02
1.62688e+00 2.03e-02
1.62714e+00 2.03e-02
1.62740e+00 2.03e-02
1.62753e+00 2.02e-02
1.62765e+00 2.02e-02
1.62793e+00 2.02e-02
1.62818e+00 2.01e-02
1.62844e+00 2.01e-02
1.62855e+00 2.02e-02
1.62881e+00 2.01e-02
1.62895e+00 2.01e-02
1.62906e+00 2.01e-02
1.63008e+00 2.00e-02
1.63034e+00 2.00e-02
1.63073e+00 2.00e-02
1.63112e+00 2.00e-02
1.63138e+00 2.01e-02
1.63149e+00 2.01e-02
1.63163e+00 2.00e-02
1.63214e+00 2.00e-02
1.63239e+00 2.00e-02
1.63253e+00 2.00e-02
1.63354e+00 2.00e-02
1.63368e+00 2.00e-02
1.63405e+00 2.00e-02
1.63419e+00 2.00e-02
1.63433e+00 2.00e-02
1.63458e+00 2.00e-02
1.63470e+00 2.00e-02
1.63520e+00 2.00e-02
1.63559e+00 1.99e-02
1.63713e+00 1.98e-02
1.63738e+00 1.99e-02
1.63766e+00 1.99e-02
1.63777e+00 1.98e-02
1.63919e+00 1.98e-02
1.63931e+00 1.98e-02
1.63970e+00 1.98e-02
1.63995e+00 1.99e-02
1.64022e+00 1.99e-02
1.64047e+00 2.00e-02
1.64059e+00 2.00e-02
1.64072e+00 2.00e-02
1.64111e+00 2.01e-02
1.64161e+00 2.00e-02
1.64175e+00 2.00e-02
1.64200e+00 1.99e-02
1.64227e+00 1.99e-02
1.64252e+00 1.98e-02
1.64278e+00 1.98e-02
1.64303e+00 1.97e-02
1.64330e+00 1.96e-02
1.64355e+00 1.96e-02
1.64380e+00 1.96e-02
1.64405e+00 1.95e-02
1.64432e+00 1.95e-02
1.64457e+00 1.94e-02
1.64482e+00 1.94e-02
1.64509e+00 1.94e-02
1.64521e+00 1.94e-02
1.64535e+00 1.94e-02
1.64560e+00 1.93e-02
1.64573e+00 1.93e-02
1.64714e+00 1.92e-02
1.64727e+00 1.93e-02
1.64752e+00 1.93e-02
1.64766e+00 1.93e-02
1.64779e+00 1.92e-02
1.64818e+00 1.93e-02
1.64829e+00 1.93e-02
1.64972e+00 1.94e-02
1.64985e+00 1.94e-02
1.65010e+00 1.94e-02
1.65023e+00 1.94e-02
1.65087e+00 1.94e-02
1.65254e+00 1.94e-02
1.65305e+00 1.95e-02
1.65332e+00 1.95e-02
1.65409e+00 1.94e-02
1.65435e+00 1.94e-02
1.65577e+00 1.93e-02
1.65666e+00 1.92e-02
1.65693e+00 1.93e-02
1.65718e+00 1.93e-02
1.65745e+00 1.93e-02
1.65769e+00 1.92e-02
1.65783e+00 1.92e-02
1.65859e+00 1.92e-02
1.65872e+00 1.92e-02
1.65912e+00 1.92e-02
1.65924e+00 1.93e-02
1.65950e+00 1.92e-02
1.65964e+00 1.92e-02
1.65975e+00 1.92e-02
1.66028e+00 1.92e-02
1.66053e+00 1.92e-02
1.66080e+00 1.92e-02
1.66104e+00 1.92e-02
1.66118e+00 1.93e-02
1.66157e+00 1.93e-02
1.66169e+00 1.93e-02
1.66209e+00 1.93e-02
1.66233e+00 1.93e-02
1.66260e+00 1.92e-02
1.66286e+00 1.92e-02
1.66298e+00 1.92e-02
1.66311e+00 1.92e-02
1.66338e+00 1.91e-02
1.66351e+00 1.91e-02
1.66362e+00 1.90e-02
1.66389e+00 1.90e-02
1.66402e+00 1.90e-02
1.66415e+00 1.90e-02
1.66440e+00 1.90e-02
1.66453e+00 1.90e-02
1.66466e+00 1.88e-02
1.66493e+00 1.88e-02
1.66506e+00 1.88e-02
1.66570e+00 1.87e-02
1.66648e+00 1.87e-02
1.66673e+00 1.88e-02
1.66699e+00 1.88e-02
1.66725e+00 1.89e-02
1.66752e+00 1.89e-02
1.66776e+00 1.90e-02
1.66803e+00 1.90e-02
1.66829e+00 1.90e-02
1.66842e+00 1.90e-02
1.66867e+00 1.91e-02
1.66893e+00 1.92e-02
1.66906e+00 1.92e-02
1.66944e+00 1.92e-02
1.66957e+00 1.92e-02
1.66997e+00 1.92e-02
1.67036e+00 1.93e-02
1.67050e+00 1.93e-02
1.67074e+00 1.93e-02
1.67087e+00 1.93e-02
1.67100e+00 1.93e-02
1.67191e+00 1.92e-02
1.67204e+00 1.93e-02
1.67230e+00 1.92e-02
1.67256e+00 1.92e-02
1.67283e+00 1.92e-02
1.67307e+00 1.91e-02
1.67333e+00 1.91e-02
1.67373e+00 1.90e-02
1.67386e+00 1.90e-02
1.67399e+00 1.90e-02
1.67425e+00 1.89e-02
1.67450e+00 1.88e-02
1.67476e+00 1.88e-02
1.67489e+00 1.88e-02
1.67515e+00 1.88e-02
1.67528e+00 1.87e-02
1.67541e+00 1.87e-02
1.67567e+00 1.86e-02
1.67594e+00 1.85e-02
1.67620e+00 1.85e-02
1.67633e+00 1.85e-02
1.67670e+00 1.85e-02
1.67683e+00 1.86e-02
1.67710e+00 1.85e-02
1.67723e+00 1.84e-02
1.67736e+00 1.83e-02
1.67762e+00 1.83e-02
1.67775e+00 1.83e-02
1.67801e+00 1.84e-02
1.67814e+00 1.84e-02
1.67827e+00 1.84e-02
1.67853e+00 1.85e-02
1.67880e+00 1.86e-02
1.67906e+00 1.84e-02
1.67917e+00 1.84e-02
1.67930e+00 1.83e-02
1.67956e+00 1.83e-02
1.67969e+00 1.82e-02
1.67995e+00 1.82e-02
1.68008e+00 1.82e-02
1.68021e+00 1.82e-02
1.68047e+00 1.81e-02
1.68073e+00 1.81e-02
1.68100e+00 1.81e-02
1.68113e+00 1.80e-02
1.68126e+00 1.81e-02
1.68152e+00 1.80e-02
1.68165e+00 1.80e-02
1.68191e+00 1.80e-02
1.68204e+00 1.79e-02
1.68217e+00 1.79e-02
1.68243e+00 1.79e-02
1.68256e+00 1.78e-02
1.68295e+00 1.78e-02
1.68308e+00 1.78e-02
1.68347e+00 1.78e-02
1.68360e+00 1.80e-02
1.68386e+00 1.79e-02
1.68399e+00 1.79e-02
1.68412e+00 1.79e-02
1.68438e+00 1.79e-02
1.68451e+00 1.79e-02
1.68464e+00 1.79e-02
1.68490e+00 1.79e-02
1.68503e+00 1.79e-02
1.68529e+00 1.80e-02
1.68542e+00 1.81e-02
1.68555e+00 1.80e-02
1.68582e+00 1.80e-02
1.68595e+00 1.80e-02
1.68621e+00 1.80e-02
1.68634e+00 1.80e-02
1.68647e+00 1.81e-02
1.68712e+00 1.81e-02
1.68738e+00 1.81e-02
1.68751e+00 1.81e-02
1.68829e+00 1.81e-02
1.68843e+00 1.82e-02
1.68869e+00 1.81e-02
1.68882e+00 1.81e-02
1.68895e+00 1.80e-02
1.68921e+00 1.80e-02
1.68947e+00 1.79e-02
1.68973e+00 1.79e-02
1.68986e+00 1.78e-02
1.69011e+00 1.78e-02
1.69039e+00 1.78e-02
1.69065e+00 1.78e-02
1.69078e+00 1.80e-02
1.69104e+00 1.79e-02
1.69129e+00 1.78e-02
1.69142e+00 1.78e-02
1.69170e+00 1.78e-02
1.69183e+00 1.81e-02
1.69196e+00 1.84e-02
1.69209e+00 1.87e-02
1.69222e+00 1.79e-02
1.69260e+00 1.78e-02
1.69273e+00 1.78e-02
1.69314e+00 1.77e-02
1.69326e+00 1.77e-02
1.69365e+00 1.77e-02
1.69391e+00 1.77e-02
1.69418e+00 1.77e-02
1.69444e+00 1.76e-02
1.69457e+00 1.75e-02
1.69470e+00 1.76e-02
1.69495e+00 1.75e-02
1.69510e+00 1.74e-02
1.69536e+00 1.74e-02
1.69549e+00 1.74e-02
1.69562e+00 1.74e-02
1.69600e+00 1.74e-02
1.69615e+00 1.73e-02
1.69640e+00 1.73e-02
1.69653e+00 1.73e-02
1.69694e+00 1.73e-02
1.69706e+00 1.72e-02
1.69981e+00 1.73e-02
1.69994e+00 1.73e-02
1.70021e+00 1.73e-02
1.70034e+00 1.73e-02
1.70112e+00 1.73e-02
1.70125e+00 1.74e-02
1.70218e+00 1.73e-02
1.70231e+00 1.84e-02
1.70256e+00 1.89e-02
1.70271e+00 1.73e-02
1.70309e+00 1.73e-02
1.70324e+00 1.72e-02
1.70349e+00 1.72e-02
1.70362e+00 1.74e-02
1.70402e+00 1.74e-02
1.70415e+00 1.72e-02
1.70442e+00 1.72e-02
1.70455e+00 1.72e-02
1.70480e+00 1.72e-02
1.70495e+00 1.73e-02
1.70508e+00 1.73e-02
1.70533e+00 1.72e-02
1.70548e+00 1.72e-02
1.70560e+00 1.72e-02
1.70586e+00 1.71e-02
1.70600e+00 1.72e-02
1.70626e+00 1.72e-02
1.70638e+00 1.71e-02
1.70653e+00 1.70e-02
1.70691e+00 1.70e-02
1.70718e+00 1.71e-02
1.70744e+00 1.71e-02
1.70771e+00 1.72e-02
1.70783e+00 1.72e-02
1.70798e+00 1.72e-02
1.70823e+00 1.73e-02
1.70836e+00 1.73e-02
1.70863e+00 1.71e-02
1.70876e+00 1.70e-02
1.70890e+00 1.70e-02
1.70916e+00 1.70e-02
1.70928e+00 1.71e-02
1.70968e+00 1.71e-02
1.70983e+00 1.71e-02
1.71060e+00 1.71e-02
1.71075e+00 1.71e-02
1.71180e+00 1.71e-02
1.71207e+00 1.71e-02
1.71234e+00 1.72e-02
1.71259e+00 1.73e-02
1.71273e+00 1.73e-02
1.71299e+00 1.73e-02
1.71313e+00 1.73e-02
1.71338e+00 1.73e-02
1.71353e+00 1.74e-02
1.71392e+00 1.74e-02
1.71405e+00 1.74e-02
1.71432e+00 1.74e-02
1.71457e+00 1.74e-02
1.71484e+00 1.75e-02
1.71511e+00 1.75e-02
1.71524e+00 1.75e-02
1.71538e+00 1.76e-02
1.71563e+00 1.76e-02
1.71590e+00 1.77e-02
1.71617e+00 1.77e-02
1.71644e+00 1.77e-02
1.71669e+00 1.78e-02
1.71696e+00 1.78e-02
1.71709e+00 1.78e-02
1.71723e+00 1.79e-02
1.71856e+00 1.78e-02
1.71869e+00 1.78e-02
1.71908e+00 1.78e-02
1.71935e+00 1.77e-02
1.71949e+00 1.77e-02
1.71962e+00 1.77e-02
1.71989e+00 1.78e-02
1.72001e+00 1.77e-02
1.72028e+00 1.76e-02
1.72042e+00 1.76e-02
1.72068e+00 1.75e-02
1.72094e+00 1.75e-02
1.72121e+00 1.75e-02
1.72135e+00 1.75e-02
1.72175e+00 1.75e-02
1.72187e+00 1.75e-02
1.72214e+00 1.74e-02
1.72241e+00 1.74e-02
1.72268e+00 1.73e-02
1.72280e+00 1.73e-02
1.72307e+00 1.73e-02
1.72321e+00 1.74e-02
1.72348e+00 1.73e-02
1.72375e+00 1.73e-02
1.72387e+00 1.73e-02
1.72428e+00 1.73e-02
1.72455e+00 1.73e-02
1.72480e+00 1.73e-02
1.72507e+00 1.73e-02
1.72521e+00 1.74e-02
1.72548e+00 1.73e-02
1.72560e+00 1.73e-02
1.72601e+00 1.73e-02
1.72614e+00 1.74e-02
1.72640e+00 1.74e-02
1.72655e+00 1.73e-02
1.72694e+00 1.73e-02
1.72720e+00 1.74e-02
1.72735e+00 1.74e-02
1.72747e+00 1.73e-02
1.72774e+00 1.73e-02
1.72800e+00 1.72e-02
1.72829e+00 1.72e-02
1.72855e+00 1.71e-02
1.72868e+00 1.71e-02
1.72882e+00 1.73e-02
1.72909e+00 1.72e-02
1.72921e+00 1.71e-02
1.72935e+00 1.73e-02
1.72962e+00 1.71e-02
1.72974e+00 1.70e-02
1.73001e+00 1.70e-02
1.73029e+00 1.70e-02
1.73056e+00 1.69e-02
1.73082e+00 1.69e-02
1.73109e+00 1.69e-02
1.73135e+00 1.69e-02
1.73162e+00 1.69e-02
1.73189e+00 1.68e-02
1.73203e+00 1.68e-02
1.73229e+00 1.68e-02
1.73256e+00 1.68e-02
1.73282e+00 1.68e-02
1.73296e+00 1.70e-02
1.73323e+00 1.69e-02
1.73337e+00 1.69e-02
1.73349e+00 1.67e-02
1.73404e+00 1.67e-02
1.73431e+00 1.67e-02
1.73457e+00 1.67e-02
1.73484e+00 1.66e-02
1.73498e+00 1.66e-02
1.73524e+00 1.66e-02
1.73551e+00 1.66e-02
1.73579e+00 1.65e-02
1.73605e+00 1.65e-02
1.73618e+00 1.66e-02
1.73646e+00 1.67e-02
1.73658e+00 1.67e-02
1.73672e+00 1.67e-02
1.73699e+00 1.66e-02
1.73713e+00 1.65e-02
1.73739e+00 1.65e-02
1.73753e+00 1.64e-02
1.73780e+00 1.65e-02
1.73794e+00 1.65e-02
1.73820e+00 1.65e-02
1.73834e+00 1.65e-02
1.73887e+00 1.64e-02
1.73901e+00 1.64e-02
1.73927e+00 1.64e-02
1.73941e+00 1.64e-02
1.73968e+00 1.64e-02
1.73982e+00 1.63e-02
1.74022e+00 1.63e-02
1.74036e+00 1.63e-02
1.74062e+00 1.64e-02
1.74076e+00 1.63e-02
1.74131e+00 1.63e-02
1.74157e+00 1.63e-02
1.74171e+00 1.63e-02
1.74211e+00 1.63e-02
1.74238e+00 1.62e-02
1.74252e+00 1.62e-02
1.74278e+00 1.62e-02
1.74292e+00 1.63e-02
1.74306e+00 1.62e-02
1.74481e+00 1.62e-02
1.74509e+00 1.62e-02
1.74535e+00 1.62e-02
1.74549e+00 1.62e-02
1.74643e+00 1.62e-02
1.74671e+00 1.62e-02
1.74697e+00 1.62e-02
1.74711e+00 1.62e-02
1.74739e+00 1.62e-02
1.74751e+00 1.62e-02
1.74793e+00 1.61e-02
1.74807e+00 1.62e-02
1.74833e+00 1.62e-02
1.74847e+00 1.61e-02
1.74887e+00 1.61e-02
1.74915e+00 1.61e-02
1.74929e+00 1.62e-02
1.74943e+00 1.63e-02
1.74969e+00 1.62e-02
1.74983e+00 1.61e-02
1.75010e+00 1.60e-02
1.75023e+00 1.60e-02
1.75064e+00 1.60e-02
1.75078e+00 1.60e-02
1.75104e+00 1.60e-02
1.75118e+00 1.60e-02
1.75146e+00 1.60e-02
1.75160e+00 1.62e-02
1.75186e+00 1.60e-02
1.75200e+00 1.59e-02
1.75213e+00 1.59e-02
1.75241e+00 1.59e-02
1.75255e+00 1.58e-02
1.75295e+00 1.59e-02
1.75323e+00 1.58e-02
1.75350e+00 1.58e-02
1.75362e+00 1.58e-02
1.75432e+00 1.58e-02
1.75459e+00 1.58e-02
1.75472e+00 1.58e-02
1.75485e+00 1.58e-02
1.75527e+00 1.58e-02
1.75568e+00 1.58e-02
1.75596e+00 1.57e-02
1.75608e+00 1.58e-02
1.75636e+00 1.60e-02
1.75649e+00 1.61e-02
1.75663e+00 1.62e-02
1.75691e+00 1.61e-02
1.75705e+00 1.58e-02
1.75732e+00 1.58e-02
1.75746e+00 1.58e-02
1.75786e+00 1.58e-02
1.75800e+00 1.57e-02
1.75827e+00 1.58e-02
1.75841e+00 1.58e-02
1.75869e+00 1.58e-02
1.75882e+00 1.58e-02
1.75910e+00 1.57e-02
1.75924e+00 1.57e-02
1.75965e+00 1.57e-02
1.75979e+00 1.57e-02
1.76087e+00 1.57e-02
1.76101e+00 1.57e-02
1.76156e+00 1.57e-02
1.76183e+00 1.57e-02
1.76197e+00 1.58e-02
1.76224e+00 1.58e-02
1.76238e+00 1.58e-02
1.76279e+00 1.58e-02
1.76307e+00 1.59e-02
1.76321e+00 1.59e-02
1.76334e+00 1.59e-02
1.76362e+00 1.59e-02
1.76375e+00 1.60e-02
1.76403e+00 1.61e-02
1.76417e+00 1.61e-02
1.76444e+00 1.61e-02
1.76458e+00 1.60e-02
1.76499e+00 1.60e-02
1.76526e+00 1.60e-02
1.76540e+00 1.60e-02
1.76555e+00 1.60e-02
1.76583e+00 1.60e-02
1.76596e+00 1.60e-02
1.76624e+00 1.60e-02
1.76637e+00 1.60e-02
1.76665e+00 1.60e-02
1.76678e+00 1.60e-02
1.76706e+00 1.60e-02
1.76719e+00 1.60e-02
1.76803e+00 1.59e-02
1.76817e+00 1.60e-02
1.76844e+00 1.59e-02
1.76858e+00 1.59e-02
1.76899e+00 1.59e-02
1.76926e+00 1.59e-02
1.76941e+00 1.58e-02
1.76982e+00 1.58e-02
1.76996e+00 1.59e-02
1.77065e+00 1.59e-02
1.77093e+00 1.59e-02
1.77120e+00 1.59e-02
1.77134e+00 1.59e-02
1.77161e+00 1.58e-02
1.77190e+00 1.58e-02
1.77203e+00 1.58e-02
1.77217e+00 1.58e-02
1.77244e+00 1.58e-02
1.77273e+00 1.58e-02
1.77300e+00 1.58e-02
1.77314e+00 1.57e-02
1.77383e+00 1.58e-02
1.77410e+00 1.57e-02
1.77424e+00 1.57e-02
1.77439e+00 1.57e-02
1.77549e+00 1.58e-02
1.77578e+00 1.57e-02
1.77605e+00 1.57e-02
1.77632e+00 1.57e-02
1.77648e+00 1.57e-02
1.77675e+00 1.57e-02
1.77688e+00 1.57e-02
1.77717e+00 1.57e-02
1.77731e+00 1.57e-02
1.77800e+00 1.57e-02
1.77813e+00 1.57e-02
1.77829e+00 1.57e-02
1.77856e+00 1.57e-02
1.77869e+00 1.57e-02
1.77911e+00 1.57e-02
1.77940e+00 1.58e-02
1.77954e+00 1.59e-02
1.77967e+00 1.57e-02
1.77996e+00 1.57e-02
1.78009e+00 1.58e-02
1.78038e+00 1.58e-02
1.78051e+00 1.58e-02
1.78078e+00 1.58e-02
1.78093e+00 1.58e-02
1.78107e+00 1.59e-02
1.78120e+00 1.60e-02
1.78136e+00 1.60e-02
1.78162e+00 1.59e-02
1.78176e+00 1.59e-02
1.78205e+00 1.59e-02
1.78218e+00 1.59e-02
1.78233e+00 1.59e-02
1.78260e+00 1.59e-02
1.78275e+00 1.59e-02
1.78302e+00 1.59e-02
1.78317e+00 1.61e-02
1.78344e+00 1.60e-02
1.78359e+00 1.60e-02
1.78386e+00 1.59e-02
1.78401e+00 1.59e-02
1.78428e+00 1.61e-02
1.78443e+00 1.60e-02
1.78470e+00 1.59e-02
1.78485e+00 1.58e-02
1.78512e+00 1.59e-02
1.78527e+00 1.58e-02
1.78554e+00 1.58e-02
1.78569e+00 1.59e-02
1.78596e+00 1.59e-02
1.78611e+00 1.58e-02
1.78624e+00 1.58e-02
1.78653e+00 1.58e-02
1.78666e+00 1.58e-02
1.78695e+00 1.58e-02
1.78710e+00 1.58e-02
1.78737e+00 1.58e-02
1.78752e+00 1.58e-02
1.78794e+00 1.58e-02
1.78822e+00 1.58e-02
1.78835e+00 1.57e-02
1.78864e+00 1.57e-02
1.78892e+00 1.59e-02
1.78906e+00 1.60e-02
1.78921e+00 1.60e-02
1.78934e+00 1.59e-02
1.78949e+00 1.57e-02
1.78962e+00 1.56e-02
1.78991e+00 1.56e-02
1.79004e+00 1.56e-02
1.79033e+00 1.55e-02
1.79048e+00 1.55e-02
1.79074e+00 1.55e-02
1.79089e+00 1.54e-02
1.79131e+00 1.54e-02
1.79146e+00 1.54e-02
1.79174e+00 1.54e-02
1.79203e+00 1.54e-02
1.79216e+00 1.53e-02
1.79244e+00 1.53e-02
1.79273e+00 1.53e-02
1.79301e+00 1.53e-02
1.79316e+00 1.53e-02
1.79386e+00 1.53e-02
1.79401e+00 1.53e-02
1.79429e+00 1.53e-02
1.79442e+00 1.53e-02
1.79471e+00 1.53e-02
1.79485e+00 1.53e-02
1.79514e+00 1.53e-02
1.79527e+00 1.54e-02
1.79555e+00 1.53e-02
1.79570e+00 1.53e-02
1.79598e+00 1.53e-02
1.79612e+00 1.53e-02
1.79642e+00 1.53e-02
1.79655e+00 1.54e-02
1.79683e+00 1.54e-02
1.79698e+00 1.54e-02
1.79726e+00 1.55e-02
1.79739e+00 1.54e-02
1.79769e+00 1.54e-02
1.79782e+00 1.54e-02
1.79811e+00 1.54e-02
1.79825e+00 1.53e-02
1.79854e+00 1.53e-02
1.79869e+00 1.54e-02
1.79897e+00 1.53e-02
1.79910e+00 1.53e-02
1.79925e+00 1.53e-02
1.79940e+00 1.53e-02
1.79953e+00 1.53e-02
1.79981e+00 1.53e-02
1.79996e+00 1.52e-02
1.80024e+00 1.52e-02
1.80039e+00 1.52e-02
1.80067e+00 1.53e-02
1.80082e+00 1.52e-02
1.80110e+00 1.52e-02
1.80125e+00 1.52e-02
1.80239e+00 1.51e-02
1.80253e+00 1.51e-02
1.80281e+00 1.51e-02
1.80296e+00 1.51e-02
1.80339e+00 1.51e-02
1.80367e+00 1.51e-02
1.80382e+00 1.51e-02
1.80425e+00 1.51e-02
1.80453e+00 1.50e-02
1.80468e+00 1.51e-02
1.80496e+00 1.50e-02
1.80510e+00 1.50e-02
1.80538e+00 1.50e-02
1.80553e+00 1.52e-02
1.80596e+00 1.52e-02
1.80625e+00 1.51e-02
1.80639e+00 1.50e-02
1.80683e+00 1.50e-02
1.80711e+00 1.50e-02
1.80726e+00 1.51e-02
1.80753e+00 1.54e-02
1.80768e+00 1.54e-02
1.80798e+00 1.51e-02
1.80811e+00 1.51e-02
1.80840e+00 1.50e-02
1.80855e+00 1.51e-02
1.80883e+00 1.50e-02
1.80898e+00 1.51e-02
1.80927e+00 1.51e-02
1.80940e+00 1.50e-02
1.80984e+00 1.50e-02
1.81027e+00 1.50e-02
1.81056e+00 1.50e-02
1.81084e+00 1.50e-02
1.81099e+00 1.50e-02
1.81143e+00 1.50e-02
1.81158e+00 1.50e-02
1.81186e+00 1.49e-02
1.81200e+00 1.49e-02
1.81230e+00 1.49e-02
1.81244e+00 1.49e-02
1.81272e+00 1.49e-02
1.81287e+00 1.51e-02
1.81316e+00 1.49e-02
1.81346e+00 1.49e-02
1.81359e+00 1.48e-02
1.81388e+00 1.48e-02
1.81403e+00 1.49e-02
1.81432e+00 1.48e-02
1.81447e+00 1.48e-02
1.81518e+00 1.48e-02
1.81533e+00 1.48e-02
1.81562e+00 1.47e-02
1.81577e+00 1.47e-02
1.81619e+00 1.47e-02
1.81648e+00 1.47e-02
1.81663e+00 1.48e-02
1.81692e+00 1.47e-02
1.81707e+00 1.47e-02
1.81736e+00 1.47e-02
1.81751e+00 1.48e-02
1.81780e+00 1.48e-02
1.81795e+00 1.48e-02
1.81924e+00 1.48e-02
1.82070e+00 1.47e-02
1.82085e+00 1.48e-02
1.82114e+00 1.47e-02
1.82129e+00 1.47e-02
1.82172e+00 1.47e-02
1.82188e+00 1.47e-02
1.82203e+00 1.47e-02
1.82276e+00 1.46e-02
1.82290e+00 1.47e-02
1.82319e+00 1.47e-02
1.82334e+00 1.47e-02
1.82377e+00 1.47e-02
1.82407e+00 1.47e-02
1.82436e+00 1.47e-02
1.82452e+00 1.47e-02
1.82466e+00 1.47e-02
1.82481e+00 1.47e-02
1.82495e+00 1.47e-02
1.82598e+00 1.47e-02
1.82685e+00 1.47e-02
1.82716e+00 1.47e-02
1.82745e+00 1.47e-02
1.82774e+00 1.47e-02
1.82788e+00 1.46e-02
1.82862e+00 1.46e-02
1.82877e+00 1.47e-02
1.82907e+00 1.46e-02
1.82922e+00 1.46e-02
1.82950e+00 1.46e-02
1.82965e+00 1.46e-02
1.82995e+00 1.46e-02
1.83010e+00 1.47e-02
1.83024e+00 1.47e-02
1.83069e+00 1.47e-02
1.83112e+00 1.47e-02
1.83157e+00 1.47e-02
1.83172e+00 1.47e-02
1.83202e+00 1.48e-02
1.83217e+00 1.47e-02
1.83231e+00 1.47e-02
1.83247e+00 1.47e-02
1.83306e+00 1.48e-02
1.83321e+00 1.48e-02
1.83335e+00 1.48e-02
1.83365e+00 1.48e-02
1.83394e+00 1.49e-02
1.83410e+00 1.49e-02
1.83424e+00 1.49e-02
1.83439e+00 1.49e-02
1.83453e+00 1.48e-02
1.83483e+00 1.48e-02
1.83498e+00 1.48e-02
1.83528e+00 1.48e-02
1.83543e+00 1.48e-02
1.83573e+00 1.47e-02
1.83587e+00 1.47e-02
1.83617e+00 1.47e-02
1.83632e+00 1.47e-02
1.83662e+00 1.47e-02
1.83691e+00 1.47e-02
1.83721e+00 1.46e-02
1.83737e+00 1.46e-02
1.83751e+00 1.46e-02
1.83782e+00 1.45e-02
1.83796e+00 1.46e-02
1.83810e+00 1.46e-02
1.83826e+00 1.47e-02
1.83840e+00 1.46e-02
1.83855e+00 1.46e-02
1.83871e+00 1.45e-02
1.83901e+00 1.45e-02
1.83915e+00 1.45e-02
1.83945e+00 1.45e-02
1.83960e+00 1.45e-02
1.84034e+00 1.45e-02
1.84064e+00 1.45e-02
1.84080e+00 1.45e-02
1.84109e+00 1.46e-02
1.84125e+00 1.45e-02
1.84155e+00 1.45e-02
1.84169e+00 1.45e-02
1.84185e+00 1.45e-02
1.84229e+00 1.45e-02
1.84244e+00 1.45e-02
1.84290e+00 1.45e-02
1.84320e+00 1.45e-02
1.84350e+00 1.44e-02
1.84364e+00 1.44e-02
1.84454e+00 1.44e-02
1.84470e+00 1.44e-02
1.84484e+00 1.44e-02
1.84544e+00 1.44e-02
1.84560e+00 1.44e-02
1.84576e+00 1.44e-02
1.84620e+00 1.44e-02
1.84636e+00 1.44e-02
1.84666e+00 1.43e-02
1.84696e+00 1.43e-02
1.84726e+00 1.43e-02
1.84756e+00 1.44e-02
1.84771e+00 1.45e-02
1.84801e+00 1.43e-02
1.84817e+00 1.43e-02
1.84831e+00 1.43e-02
1.84847e+00 1.43e-02
1.84861e+00 1.43e-02
1.84893e+00 1.43e-02
1.84907e+00 1.43e-02
1.84923e+00 1.43e-02
1.84937e+00 1.43e-02
1.84968e+00 1.43e-02
1.84982e+00 1.43e-02
1.84998e+00 1.43e-02
1.85014e+00 1.43e-02
1.85028e+00 1.43e-02
1.85044e+00 1.43e-02
1.85059e+00 1.44e-02
1.85089e+00 1.44e-02
1.85105e+00 1.42e-02
1.85210e+00 1.43e-02
1.85378e+00 1.42e-02
1.85394e+00 1.45e-02
1.85423e+00 1.43e-02
1.85439e+00 1.42e-02
1.85455e+00 1.42e-02
1.85484e+00 1.42e-02
1.85500e+00 1.42e-02
1.85516e+00 1.42e-02
1.85530e+00 1.43e-02
1.85545e+00 1.43e-02
1.85577e+00 1.43e-02
1.85592e+00 1.43e-02
1.85622e+00 1.44e-02
1.85638e+00 1.42e-02
1.85653e+00 1.43e-02
1.85714e+00 1.43e-02
1.85744e+00 1.42e-02
1.85759e+00 1.41e-02
1.85791e+00 1.41e-02
1.85822e+00 1.41e-02
1.85943e+00 1.41e-02
1.85959e+00 1.41e-02
1.85990e+00 1.41e-02
1.86021e+00 1.41e-02
1.86037e+00 1.45e-02
1.86066e+00 1.43e-02
1.86082e+00 1.42e-02
1.86097e+00 1.41e-02
1.86144e+00 1.41e-02
1.86160e+00 1.41e-02
1.86191e+00 1.41e-02
1.86220e+00 1.41e-02
1.86251e+00 1.41e-02
1.86282e+00 1.41e-02
1.86313e+00 1.40e-02
1.86329e+00 1.40e-02
1.86406e+00 1.40e-02
1.86422e+00 1.40e-02
1.86437e+00 1.40e-02
1.86468e+00 1.40e-02
1.86499e+00 1.40e-02
1.86515e+00 1.40e-02
1.86530e+00 1.40e-02
1.86546e+00 1.40e-02
1.86577e+00 1.40e-02
1.86747e+00 1.39e-02
1.86762e+00 1.40e-02
1.86793e+00 1.39e-02
1.86809e+00 1.39e-02
1.86824e+00 1.39e-02
1.86841e+00 1.39e-02
1.86872e+00 1.39e-02
1.86887e+00 1.39e-02
1.86918e+00 1.39e-02
1.86949e+00 1.39e-02
1.86980e+00 1.39e-02
1.86997e+00 1.39e-02
1.87012e+00 1.39e-02
1.87043e+00 1.39e-02
1.87059e+00 1.38e-02
1.87106e+00 1.38e-02
1.87137e+00 1.39e-02
1.87153e+00 1.39e-02
1.87183e+00 1.39e-02
1.87199e+00 1.39e-02
1.87231e+00 1.39e-02
1.87246e+00 1.39e-02
1.87262e+00 1.39e-02
1.87277e+00 1.39e-02
1.87309e+00 1.39e-02
1.87325e+00 1.38e-02
1.87435e+00 1.38e-02
1.87451e+00 1.38e-02
1.87466e+00 1.38e-02
1.87481e+00 1.38e-02
1.87514e+00 1.38e-02
1.87529e+00 1.38e-02
1.87561e+00 1.38e-02
1.87592e+00 1.38e-02
1.87607e+00 1.38e-02
1.87624e+00 1.38e-02
1.87639e+00 1.38e-02
1.87671e+00 1.38e-02
1.87687e+00 1.37e-02
1.87734e+00 1.37e-02
1.87749e+00 1.37e-02
1.87765e+00 1.39e-02
1.87781e+00 1.38e-02
1.87797e+00 1.38e-02
1.87829e+00 1.38e-02
1.87844e+00 1.37e-02
1.87859e+00 1.37e-02
1.87876e+00 1.37e-02
1.87907e+00 1.38e-02
1.87924e+00 1.37e-02
1.87939e+00 1.37e-02
1.87956e+00 1.37e-02
1.87986e+00 1.37e-02
1.88003e+00 1.37e-02
1.88018e+00 1.37e-02
1.88033e+00 1.37e-02
1.88066e+00 1.38e-02
1.88082e+00 1.37e-02
1.88098e+00 1.37e-02
1.88113e+00 1.38e-02
1.88145e+00 1.38e-02
1.88162e+00 1.37e-02
1.88194e+00 1.36e-02
1.88209e+00 1.36e-02
1.88305e+00 1.36e-02
1.88320e+00 1.36e-02
1.88337e+00 1.37e-02
1.88352e+00 1.37e-02
1.88384e+00 1.36e-02
1.88400e+00 1.36e-02
1.88416e+00 1.37e-02
1.88432e+00 1.37e-02
1.88464e+00 1.36e-02
1.88496e+00 1.36e-02
1.88511e+00 1.35e-02
1.88543e+00 1.35e-02
1.88560e+00 1.35e-02
1.88736e+00 1.35e-02
1.88751e+00 1.36e-02
1.88768e+00 1.36e-02
1.88784e+00 1.36e-02
1.88816e+00 1.36e-02
1.88831e+00 1.36e-02
1.88848e+00 1.36e-02
1.88864e+00 1.36e-02
1.88896e+00 1.36e-02
1.88913e+00 1.35e-02
1.88928e+00 1.35e-02
1.88961e+00 1.35e-02
1.88976e+00 1.35e-02
1.88993e+00 1.35e-02
1.89008e+00 1.35e-02
1.89025e+00 1.35e-02
1.89041e+00 1.35e-02
1.89056e+00 1.35e-02
1.89106e+00 1.35e-02
1.89121e+00 1.35e-02
1.89154e+00 1.35e-02
1.89186e+00 1.34e-02
1.89203e+00 1.34e-02
1.89218e+00 1.34e-02
1.89251e+00 1.34e-02
1.89283e+00 1.35e-02
1.89299e+00 1.35e-02
1.89332e+00 1.34e-02
1.89347e+00 1.34e-02
1.89364e+00 1.34e-02
1.89380e+00 1.34e-02
1.89445e+00 1.34e-02
1.89462e+00 1.34e-02
1.89478e+00 1.34e-02
1.89493e+00 1.35e-02
1.89510e+00 1.34e-02
1.89526e+00 1.35e-02
1.89559e+00 1.35e-02
1.89574e+00 1.34e-02
1.89591e+00 1.34e-02
1.89607e+00 1.34e-02
1.89657e+00 1.34e-02
1.89672e+00 1.34e-02
1.89688e+00 1.35e-02
1.89705e+00 1.34e-02
1.89721e+00 1.38e-02
1.89754e+00 1.35e-02
1.89771e+00 1.34e-02
1.89787e+00 1.34e-02
1.89802e+00 1.34e-02
1.89835e+00 1.34e-02
1.89852e+00 1.33e-02
1.89918e+00 1.33e-02
1.89951e+00 1.33e-02
1.89982e+00 1.34e-02
1.90015e+00 1.33e-02
1.90031e+00 1.33e-02
1.90064e+00 1.33e-02
1.90097e+00 1.32e-02
1.90147e+00 1.33e-02
1.90179e+00 1.33e-02
1.90196e+00 1.33e-02
1.90229e+00 1.32e-02
1.90261e+00 1.32e-02
1.90294e+00 1.32e-02
1.90311e+00 1.32e-02
1.90360e+00 1.32e-02
1.90411e+00 1.32e-02
1.90443e+00 1.32e-02
1.90460e+00 1.34e-02
1.90492e+00 1.35e-02
1.90509e+00 1.32e-02
1.90525e+00 1.32e-02
1.90558e+00 1.31e-02
1.90576e+00 1.31e-02
1.90608e+00 1.31e-02
1.90641e+00 1.31e-02
1.90674e+00 1.32e-02
1.90708e+00 1.31e-02
1.90724e+00 1.31e-02
1.90741e+00 1.31e-02
1.90824e+00 1.31e-02
1.90907e+00 1.31e-02
1.90939e+00 1.31e-02
1.90957e+00 1.31e-02
1.90974e+00 1.31e-02
1.91006e+00 1.31e-02
1.91040e+00 1.30e-02
1.91056e+00 1.30e-02
1.91123e+00 1.30e-02
1.91141e+00 1.30e-02
1.91207e+00 1.31e-02
1.91224e+00 1.31e-02
1.91241e+00 1.30e-02
1.91257e+00 1.30e-02
1.91274e+00 1.30e-02
1.91291e+00 1.30e-02
1.91308e+00 1.30e-02
1.91342e+00 1.30e-02
1.91358e+00 1.30e-02
1.91374e+00 1.30e-02
1.91392e+00 1.30e-02
1.91408e+00 1.31e-02
1.91424e+00 1.31e-02
1.91442e+00 1.30e-02
1.91458e+00 1.30e-02
1.91492e+00 1.31e-02
1.91508e+00 1.30e-02
1.91526e+00 1.30e-02
1.91542e+00 1.30e-02
1.91560e+00 1.30e-02
1.91576e+00 1.30e-02
1.91610e+00 1.30e-02
1.91628e+00 1.33e-02
1.91644e+00 1.31e-02
1.91660e+00 1.30e-02
1.91678e+00 1.30e-02
1.91694e+00 1.30e-02
1.91779e+00 1.29e-02
1.91829e+00 1.29e-02
1.91847e+00 1.29e-02
1.91880e+00 1.29e-02
1.91914e+00 1.29e-02
1.91932e+00 1.29e-02
1.91948e+00 1.29e-02
1.91982e+00 1.29e-02
1.91999e+00 1.29e-02
1.92015e+00 1.29e-02
1.92033e+00 1.29e-02
1.92067e+00 1.29e-02
1.92084e+00 1.30e-02
1.92100e+00 1.29e-02
1.92118e+00 1.30e-02
1.92135e+00 1.30e-02
1.92151e+00 1.29e-02
1.92169e+00 1.29e-02
1.92185e+00 1.28e-02
1.92220e+00 1.28e-02
1.92254e+00 1.29e-02
1.92271e+00 1.29e-02
1.92288e+00 1.28e-02
1.92305e+00 1.28e-02
1.92323e+00 1.28e-02
1.92339e+00 1.28e-02
1.92356e+00 1.28e-02
1.92374e+00 1.28e-02
1.92425e+00 1.28e-02
1.92442e+00 1.28e-02
1.92476e+00 1.28e-02
1.92493e+00 1.27e-02
1.92510e+00 1.27e-02
1.92545e+00 1.28e-02
1.92578e+00 1.27e-02
1.92613e+00 1.27e-02
1.92630e+00 1.27e-02
1.92648e+00 1.27e-02
1.92785e+00 1.27e-02
1.92820e+00 1.27e-02
1.92837e+00 1.27e-02
1.92855e+00 1.27e-02
1.92871e+00 1.27e-02
1.92975e+00 1.27e-02
1.92993e+00 1.26e-02
1.93009e+00 1.26e-02
1.93043e+00 1.27e-02
1.93061e+00 1.27e-02
1.93078e+00 1.27e-02
1.93096e+00 1.27e-02
1.93113e+00 1.27e-02
1.93130e+00 1.27e-02
1.93165e+00 1.26e-02
1.93183e+00 1.26e-02
1.93235e+00 1.26e-02
1.93252e+00 1.27e-02
1.93269e+00 1.27e-02
1.93287e+00 1.27e-02
1.93322e+00 1.26e-02
1.93339e+00 1.26e-02
1.93356e+00 1.26e-02
1.93374e+00 1.27e-02
1.93391e+00 1.26e-02
1.93426e+00 1.26e-02
1.93443e+00 1.26e-02
1.93460e+00 1.26e-02
1.93478e+00 1.27e-02
1.93495e+00 1.27e-02
1.93514e+00 1.26e-02
1.93531e+00 1.26e-02
1.93548e+00 1.26e-02
1.93566e+00 1.26e-02
1.93583e+00 1.26e-02
1.93600e+00 1.26e-02
1.93635e+00 1.25e-02
1.93671e+00 1.25e-02
1.93688e+00 1.25e-02
1.93740e+00 1.25e-02
1.93758e+00 1.25e-02
1.93776e+00 1.25e-02
1.93811e+00 1.25e-02
1.93828e+00 1.25e-02
1.93845e+00 1.25e-02
1.93864e+00 1.25e-02
1.93881e+00 1.25e-02
1.93899e+00 1.26e-02
1.93916e+00 1.25e-02
1.93952e+00 1.27e-02
1.93969e+00 1.25e-02
1.93986e+00 1.25e-02
1.94005e+00 1.25e-02
1.94022e+00 1.25e-02
1.94039e+00 1.24e-02
1.94057e+00 1.24e-02
1.94075e+00 1.24e-02
1.94093e+00 1.24e-02
1.94110e+00 1.24e-02
1.94146e+00 1.24e-02
1.94163e+00 1.25e-02
1.94182e+00 1.24e-02
1.94252e+00 1.24e-02
1.94269e+00 1.24e-02
1.94305e+00 1.24e-02
1.94322e+00 1.24e-02
1.94341e+00 1.24e-02
1.94358e+00 1.24e-02
1.94376e+00 1.24e-02
1.94465e+00 1.24e-02
1.94537e+00 1.23e-02
1.94554e+00 1.24e-02
1.94571e+00 1.24e-02
1.94590e+00 1.25e-02
1.94607e+00 1.24e-02
1.94642e+00 1.24e-02
1.94661e+00 1.23e-02
1.94678e+00 1.23e-02
1.94697e+00 1.23e-02
1.94732e+00 1.23e-02
1.94768e+00 1.23e-02
1.94787e+00 1.23e-02
1.94804e+00 1.23e-02
1.94839e+00 1.23e-02
1.94858e+00 1.24e-02
1.94876e+00 1.24e-02
1.94893e+00 1.23e-02
1.94912e+00 1.23e-02
1.94929e+00 1.23e-02
1.94948e+00 1.23e-02
1.94966e+00 1.23e-02
1.95182e+00 1.22e-02
1.95199e+00 1.22e-02
1.95218e+00 1.22e-02
1.95236e+00 1.23e-02
1.95255e+00 1.22e-02
1.95272e+00 1.22e-02
1.95290e+00 1.22e-02
1.95327e+00 1.22e-02
1.95344e+00 1.22e-02
1.95381e+00 1.22e-02
1.95399e+00 1.22e-02
1.95418e+00 1.22e-02
1.95435e+00 1.22e-02
1.95471e+00 1.22e-02
1.95490e+00 1.22e-02
1.95508e+00 1.22e-02
1.95544e+00 1.22e-02
1.95562e+00 1.22e-02
1.95580e+00 1.22e-02
1.95599e+00 1.22e-02
1.95617e+00 1.22e-02
1.95636e+00 1.22e-02
1.95654e+00 1.22e-02
1.95672e+00 1.22e-02
1.95689e+00 1.22e-02
1.95708e+00 1.21e-02
1.95726e+00 1.21e-02
1.95744e+00 1.21e-02
1.95763e+00 1.21e-02
1.95781e+00 1.21e-02
1.95799e+00 1.21e-02
1.95836e+00 1.21e-02
1.95873e+00 1.21e-02
1.95891e+00 1.21e-02
1.95909e+00 1.21e-02
1.95928e+00 1.21e-02
1.95946e+00 1.22e-02
1.95964e+00 1.22e-02
1.95983e+00 1.22e-02
1.96001e+00 1.21e-02
1.96019e+00 1.21e-02
1.96056e+00 1.21e-02
1.96074e+00 1.22e-02
1.96093e+00 1.21e-02
1.96129e+00 1.20e-02
1.96149e+00 1.21e-02
1.96167e+00 1.21e-02
1.96185e+00 1.20e-02
1.96222e+00 1.20e-02
1.96240e+00 1.20e-02
1.96258e+00 1.20e-02
1.96277e+00 1.20e-02
1.96296e+00 1.20e-02
1.96315e+00 1.20e-02
1.96333e+00 1.20e-02
1.96351e+00 1.20e-02
1.96369e+00 1.20e-02
1.96388e+00 1.20e-02
1.96407e+00 1.20e-02
1.96536e+00 1.20e-02
1.96556e+00 1.20e-02
1.96574e+00 1.20e-02
1.96592e+00 1.19e-02
1.96610e+00 1.19e-02
1.96648e+00 1.19e-02
1.96666e+00 1.19e-02
1.96686e+00 1.19e-02
1.96704e+00 1.19e-02
1.96742e+00 1.19e-02
1.96760e+00 1.19e-02
1.96778e+00 1.19e-02
1.96798e+00 1.19e-02
1.96834e+00 1.19e-02
1.96854e+00 1.19e-02
1.96891e+00 1.20e-02
1.96910e+00 1.19e-02
1.96928e+00 1.19e-02
1.96947e+00 1.19e-02
1.96965e+00 1.19e-02
1.96985e+00 1.19e-02
1.97023e+00 1.19e-02
1.97060e+00 1.18e-02
1.97078e+00 1.18e-02
1.97116e+00 1.18e-02
1.97136e+00 1.18e-02
1.97154e+00 1.19e-02
1.97173e+00 1.18e-02
1.97191e+00 1.19e-02
1.97211e+00 1.18e-02
1.97229e+00 1.18e-02
1.97248e+00 1.18e-02
1.97266e+00 1.19e-02
1.97286e+00 1.18e-02
1.97305e+00 1.18e-02
1.97323e+00 1.18e-02
1.97361e+00 1.18e-02
1.97380e+00 1.18e-02
1.97400e+00 1.18e-02
1.97418e+00 1.18e-02
1.97437e+00 1.18e-02
1.97475e+00 1.17e-02
1.97494e+00 1.17e-02
1.97532e+00 1.18e-02
1.97551e+00 1.17e-02
1.97608e+00 1.17e-02
1.97645e+00 1.17e-02
1.97665e+00 1.17e-02
1.97684e+00 1.17e-02
1.97799e+00 1.17e-02
1.97817e+00 1.17e-02
1.97836e+00 1.17e-02
1.97856e+00 1.17e-02
1.97894e+00 1.17e-02
1.97914e+00 1.17e-02
1.97970e+00 1.16e-02
1.98106e+00 1.16e-02
1.98125e+00 1.16e-02
1.98144e+00 1.16e-02
1.98162e+00 1.16e-02
1.98181e+00 1.16e-02
1.98201e+00 1.16e-02
1.98220e+00 1.16e-02
1.98239e+00 1.16e-02
1.98259e+00 1.16e-02
1.98299e+00 1.16e-02
1.98318e+00 1.16e-02
1.98337e+00 1.16e-02
1.98414e+00 1.16e-02
1.98433e+00 1.15e-02
1.98472e+00 1.15e-02
1.98510e+00 1.16e-02
1.98531e+00 1.15e-02
1.98550e+00 1.15e-02
1.98569e+00 1.15e-02
1.98589e+00 1.15e-02
1.98608e+00 1.15e-02
1.98627e+00 1.15e-02
1.98648e+00 1.15e-02
1.98686e+00 1.15e-02
1.98705e+00 1.15e-02
1.98724e+00 1.15e-02
1.98745e+00 1.16e-02
1.98764e+00 1.15e-02
1.98803e+00 1.15e-02
1.98823e+00 1.15e-02
1.98842e+00 1.14e-02
1.98901e+00 1.14e-02
1.98920e+00 1.14e-02
1.98939e+00 1.14e-02
1.98960e+00 1.14e-02
1.98979e+00 1.14e-02
1.99077e+00 1.14e-02
1.99117e+00 1.14e-02
1.99136e+00 1.14e-02
1.99157e+00 1.14e-02
1.99196e+00 1.14e-02
1.99215e+00 1.14e-02
1.99236e+00 1.14e-02
1.99255e+00 1.14e-02
1.99274e+00 1.14e-02
1.99294e+00 1.14e-02
1.99313e+00 1.14e-02
1.99334e+00 1.14e-02
1.99354e+00 1.14e-02
1.99373e+00 1.14e-02
1.99394e+00 1.14e-02
1.99413e+00 1.14e-02
1.99433e+00 1.14e-02
1.99452e+00 1.14e-02
1.99473e+00 1.19e-02
1.99492e+00 1.16e-02
1.99512e+00 1.14e-02
1.99533e+00 1.14e-02
1.99552e+00 1.13e-02
1.99572e+00 1.13e-02
1.99811e+00 1.13e-02
1.99852e+00 1.13e-02
1.99872e+00 1.12e-02
1.99932e+00 1.13e-02
1.99972e+00 1.12e-02
1.99992e+00 1.12e-02
2.00093e+00 1.12e-02
2.00133e+00 1.12e-02
2.00153e+00 1.12e-02
2.00174e+00 1.12e-02
2.00194e+00 1.12e-02
2.00214e+00 1.12e-02
2.00314e+00 1.12e-02
2.00334e+00 1.11e-02
2.00356e+00 1.11e-02
2.00376e+00 1.11e-02
2.00417e+00 1.11e-02
2.00437e+00 1.11e-02
2.00477e+00 1.11e-02
2.00497e+00 1.11e-02
2.00518e+00 1.12e-02
2.00538e+00 1.11e-02
2.00580e+00 1.11e-02
2.00600e+00 1.12e-02
2.00620e+00 1.13e-02
2.00640e+00 1.11e-02
2.00660e+00 1.11e-02
2.00680e+00 1.11e-02
2.00762e+00 1.10e-02
2.00784e+00 1.10e-02
2.00927e+00 1.10e-02
2.00947e+00 1.10e-02
2.00968e+00 1.10e-02
2.00989e+00 1.10e-02
2.01071e+00 1.10e-02
2.01092e+00 1.10e-02
2.01112e+00 1.10e-02
2.01134e+00 1.10e-02
2.01154e+00 1.10e-02
2.01174e+00 1.09e-02
2.01195e+00 1.10e-02
2.01215e+00 1.10e-02
2.01237e+00 1.09e-02
2.01257e+00 1.10e-02
2.01278e+00 1.10e-02
2.01298e+00 1.09e-02
2.01319e+00 1.09e-02
2.01341e+00 1.09e-02
2.01361e+00 1.09e-02
2.01402e+00 1.09e-02
2.01444e+00 1.09e-02
2.01486e+00 1.09e-02
2.01528e+00 1.09e-02
2.01549e+00 1.09e-02
2.01590e+00 1.09e-02
2.01632e+00 1.09e-02
2.01653e+00 1.09e-02
2.01779e+00 1.08e-02
2.01863e+00 1.08e-02
2.01884e+00 1.08e-02
2.01905e+00 1.09e-02
2.01927e+00 1.09e-02
2.01947e+00 1.08e-02
2.01968e+00 1.08e-02
2.01989e+00 1.10e-02
2.02010e+00 1.11e-02
2.02032e+00 1.08e-02
2.02053e+00 1.08e-02
2.02074e+00 1.08e-02
2.02095e+00 1.08e-02
2.02116e+00 1.08e-02
2.02138e+00 1.08e-02
2.02159e+00 1.08e-02
2.02222e+00 1.07e-02
2.02414e+00 1.07e-02
2.02456e+00 1.07e-02
2.02500e+00 1.07e-02
2.02650e+00 1.06e-02
2.02692e+00 1.06e-02
2.02713e+00 1.07e-02
2.02757e+00 1.07e-02
2.02779e+00 1.06e-02
2.02821e+00 1.06e-02
2.02844e+00 1.06e-02
2.02973e+00 1.06e-02
2.02995e+00 1.06e-02
2.03016e+00 1.06e-02
2.03038e+00 1.06e-02
2.03059e+00 1.06e-02
2.03082e+00 1.07e-02
2.03104e+00 1.06e-02
2.03125e+00 1.05e-02
2.03147e+00 1.05e-02
2.03168e+00 1.05e-02
2.03190e+00 1.05e-02
2.03344e+00 1.05e-02
2.03365e+00 1.05e-02
2.03387e+00 1.05e-02
2.03431e+00 1.05e-02
2.03452e+00 1.05e-02
2.03474e+00 1.05e-02
2.03497e+00 1.05e-02
2.03519e+00 1.04e-02
2.03541e+00 1.05e-02
2.03562e+00 1.04e-02
2.03606e+00 1.04e-02
2.03629e+00 1.04e-02
2.03651e+00 1.04e-02
2.03673e+00 1.05e-02
2.03695e+00 1.04e-02
2.03717e+00 1.05e-02
2.03739e+00 1.04e-02
2.03762e+00 1.04e-02
2.03806e+00 1.04e-02
2.03828e+00 1.04e-02
2.03850e+00 1.04e-02
2.03895e+00 1.04e-02
2.03917e+00 1.04e-02
2.03939e+00 1.04e-02
2.03961e+00 1.04e-02
2.04005e+00 1.04e-02
2.04027e+00 1.03e-02
2.04049e+00 1.04e-02
2.04071e+00 1.03e-02
2.04095e+00 1.03e-02
2.04117e+00 1.03e-02
2.04139e+00 1.03e-02
2.04161e+00 1.03e-02
2.04183e+00 1.03e-02
2.04228e+00 1.03e-02
2.04251e+00 1.03e-02
2.04318e+00 1.03e-02
2.04340e+00 1.03e-02
2.04363e+00 1.03e-02
2.04385e+00 1.03e-02
2.04409e+00 1.03e-02
2.04431e+00 1.03e-02
2.04453e+00 1.03e-02
2.04476e+00 1.02e-02
2.04498e+00 1.02e-02
2.04521e+00 1.03e-02
2.04543e+00 1.02e-02
2.04612e+00 1.02e-02
2.04634e+00 1.02e-02
2.04724e+00 1.02e-02
2.04747e+00 1.02e-02
2.04771e+00 1.02e-02
2.04793e+00 1.02e-02
2.04838e+00 1.02e-02
2.04861e+00 1.02e-02
2.04884e+00 1.02e-02
2.04907e+00 1.02e-02
2.04929e+00 1.02e-02
2.04952e+00 1.01e-02
2.05113e+00 1.01e-02
2.05135e+00 1.01e-02
2.05158e+00 1.01e-02
2.05181e+00 1.01e-02
2.05204e+00 1.01e-02
2.05366e+00 1.01e-02
2.05389e+00 1.01e-02
2.05435e+00 1.00e-02
2.05482e+00 1.00e-02
2.05505e+00 1.00e-02
2.05551e+00 1.00e-02
2.05575e+00 1.00e-02
2.05598e+00 1.00e-02
2.05621e+00 1.00e-02
2.05644e+00 1.00e-02
2.05831e+00 9.96e-03
2.05855e+00 9.99e-03
2.05878e+00 9.95e-03
2.05902e+00 9.95e-03
2.05925e+00 9.96e-03
2.05948e+00 9.93e-03
2.05972e+00 9.92e-03
2.06020e+00 9.92e-03
2.06161e+00 9.89e-03
2.06208e+00 9.88e-03
2.06255e+00 9.87e-03
2.06421e+00 9.83e-03
2.06445e+00 9.84e-03
2.06470e+00 9.82e-03
2.06541e+00 9.81e-03
2.06565e+00 9.84e-03
2.06589e+00 9.81e-03
2.06613e+00 9.79e-03
2.06637e+00 9.81e-03
2.06661e+00 9.78e-03
2.06685e+00 9.79e-03
2.06709e+00 9.77e-03
2.06733e+00 9.77e-03
2.06757e+00 9.77e-03
2.06781e+00 9.76e-03
2.06829e+00 9.75e-03
2.06853e+00 9.75e-03
2.06877e+00 9.74e-03
2.06949e+00 9.73e-03
2.06974e+00 9.74e-03
2.06998e+00 9.71e-03
2.07022e+00 9.71e-03
2.07046e+00 9.71e-03
2.07070e+00 9.70e-03
2.07096e+00 9.70e-03
2.07120e+00 9.69e-03
2.07143e+00 9.71e-03
2.07169e+00 9.68e-03
2.07193e+00 9.70e-03
2.07217e+00 9.67e-03
2.07290e+00 9.67e-03
2.07315e+00 9.65e-03
2.07364e+00 9.64e-03
2.07388e+00 9.63e-03
2.07413e+00 9.63e-03
2.07437e+00 9.62e-03
2.07462e+00 9.62e-03
2.07486e+00 9.61e-03
2.07511e+00 9.61e-03
2.07560e+00 9.60e-03
2.07585e+00 9.65e-03
2.07609e+00 9.58e-03
2.07659e+00 9.58e-03
2.07708e+00 9.57e-03
2.07758e+00 9.56e-03
2.07807e+00 9.55e-03
2.07932e+00 9.52e-03
2.07957e+00 9.59e-03
2.07982e+00 9.51e-03
2.08007e+00 9.54e-03
2.08032e+00 9.50e-03
2.08206e+00 9.47e-03
2.08231e+00 9.47e-03
2.08256e+00 9.47e-03
2.08282e+00 9.45e-03
2.08307e+00 9.49e-03
2.08332e+00 9.44e-03
2.08509e+00 9.42e-03
2.08535e+00 9.40e-03
2.08560e+00 9.40e-03
2.08611e+00 9.38e-03
2.08662e+00 9.37e-03
2.08712e+00 9.36e-03
2.08763e+00 9.35e-03
2.08814e+00 9.34e-03
2.08866e+00 9.33e-03
2.08917e+00 9.32e-03
2.08943e+00 9.35e-03
2.08969e+00 9.31e-03
2.09020e+00 9.30e-03
2.09046e+00 9.32e-03
2.09072e+00 9.29e-03
2.09227e+00 9.26e-03
2.09279e+00 9.25e-03
2.09331e+00 9.24e-03
2.09383e+00 9.23e-03
2.09434e+00 9.22e-03
2.09487e+00 9.21e-03
2.09513e+00 9.21e-03
2.09539e+00 9.21e-03
2.09565e+00 9.19e-03
2.09618e+00 9.18e-03
2.09670e+00 9.17e-03
2.09723e+00 9.16e-03
2.09775e+00 9.15e-03
2.09828e+00 9.14e-03
2.09882e+00 9.13e-03
2.09934e+00 9.12e-03
2.09987e+00 9.11e-03
2.10040e+00 9.10e-03
2.10093e+00 9.09e-03
2.10146e+00 9.08e-03
2.10200e+00 9.07e-03
2.10254e+00 9.06e-03
2.10307e+00 9.05e-03
2.10361e+00 9.04e-03
2.10415e+00 9.02e-03
2.10468e+00 9.01e-03
2.10522e+00 9.00e-03
2.10577e+00 8.99e-03
2.10630e+00 8.98e-03
2.10685e+00 8.97e-03
2.10738e+00 8.96e-03
2.10793e+00 8.95e-03
2.10848e+00 8.94e-03
2.10902e+00 8.93e-03
2.10957e+00 8.92e-03
2.11012e+00 8.91e-03
2.11040e+00 8.90e-03
2.11066e+00 9.03e-03
2.11094e+00 8.91e-03
2.11122e+00 8.88e-03
2.11150e+00 8.88e-03
2.11176e+00 8.89e-03
2.11204e+00 8.87e-03
2.11232e+00 8.86e-03
2.11260e+00 8.86e-03
2.11288e+00 8.85e-03
2.11343e+00 8.84e-03
2.11371e+00 8.85e-03
2.11399e+00 8.83e-03
2.11454e+00 8.82e-03
2.11510e+00 8.81e-03
2.11565e+00 8.80e-03
2.11621e+00 8.79e-03
2.11677e+00 8.78e-03
2.11705e+00 8.77e-03
2.11734e+00 8.77e-03
2.11762e+00 8.76e-03
2.11818e+00 8.75e-03
2.11875e+00 8.74e-03
2.11931e+00 8.73e-03
2.11988e+00 8.72e-03
2.12044e+00 8.71e-03
2.12100e+00 8.70e-03
2.12158e+00 8.68e-03
2.12214e+00 8.67e-03
2.12272e+00 8.66e-03
2.12329e+00 8.65e-03
2.12387e+00 8.64e-03
2.12444e+00 8.63e-03
2.12501e+00 8.62e-03
2.12559e+00 8.61e-03
2.12617e+00 8.60e-03
2.12674e+00 8.59e-03
2.12733e+00 8.57e-03
2.12791e+00 8.56e-03
2.12849e+00 8.55e-03
2.12908e+00 8.54e-03
2.12966e+00 8.53e-03
2.13024e+00 8.52e-03
2.13084e+00 8.51e-03
2.13142e+00 8.50e-03
2.13201e+00 8.49e-03
2.13260e+00 8.48e-03
2.13320e+00 8.47e-03
2.13349e+00 8.46e-03
2.13408e+00 8.45e-03
2.13468e+00 8.43e-03
2.13528e+00 8.42e-03
2.13587e+00 8.41e-03
2.13647e+00 8.40e-03
2.13707e+00 8.39e-03
2.13768e+00 8.38e-03
2.13828e+00 8.37e-03
2.13888e+00 8.36e-03
2.13948e+00 8.35e-03
2.14009e+00 8.33e-03
2.14070e+00 8.32e-03
2.14130e+00 8.31e-03
2.14191e+00 8.30e-03
2.14253e+00 8.29e-03
2.14314e+00 8.28e-03
2.14375e+00 8.27e-03
2.14437e+00 8.26e-03
2.14498e+00 8.24e-03
2.14560e+00 8.23e-03
2.14622e+00 8.22e-03
2.14684e+00 8.21e-03
2.14747e+00 8.20e-03
2.14809e+00 8.19e-03
2.14872e+00 8.17e-03
2.14934e+00 8.16e-03
2.14997e+00 8.15e-03
2.15060e+00 8.14e-03
2.15123e+00 8.13e-03
2.15187e+00 8.12e-03
2.15249e+00 8.11e-03
2.15313e+00 8.09e-03
2.15377e+00 8.08e-03
2.15441e+00 8.07e-03
2.15505e+00 8.06e-03
2.15568e+00 8.05e-03
2.15633e+00 8.04e-03
2.15697e+00 8.03e-03
2.15762e+00 8.01e-03
2.15826e+00 8.00e-03
2.15891e+00 7.99e-03
2.15957e+00 7.98e-03
2.16021e+00 7.97e-03
2.16087e+00 7.96e-03
2.16153e+00 7.94e-03
2.16218e+00 7.93e-03
2.16284e+00 7.92e-03
2.16350e+00 7.91e-03
2.16416e+00 7.90e-03
2.16483e+00 7.88e-03
2.16548e+00 7.87e-03
2.16616e+00 7.86e-03
2.16682e+00 7.85e-03
2.16749e+00 7.84e-03
2.16816e+00 7.83e-03
2.16884e+00 7.82e-03
2.16951e+00 7.81e-03
2.17018e+00 7.80e-03
2.17086e+00 7.79e-03
2.17154e+00 7.77e-03
2.17223e+00 7.76e-03
2.17291e+00 7.75e-03
2.17359e+00 7.74e-03
2.17427e+00 7.73e-03
2.17497e+00 7.71e-03
2.17566e+00 7.70e-03
2.17635e+00 7.69e-03
2.17704e+00 7.68e-03
2.17774e+00 7.67e-03
2.17844e+00 7.65e-03
2.17914e+00 7.64e-03
2.17984e+00 7.63e-03
2.18054e+00 7.62e-03
2.18125e+00 7.61e-03
2.18195e+00 7.59e-03
2.18266e+00 7.58e-03
2.18337e+00 7.57e-03
2.18373e+00 7.56e-03
2.18408e+00 7.58e-03
2.18444e+00 7.55e-03
2.18516e+00 7.54e-03
2.18552e+00 7.54e-03
2.18588e+00 7.53e-03
2.18660e+00 7.51e-03
2.18732e+00 7.50e-03
2.18805e+00 7.49e-03
2.18878e+00 7.48e-03
2.18951e+00 7.47e-03
2.18986e+00 7.46e-03
2.19023e+00 7.48e-03
2.19060e+00 7.45e-03
2.19133e+00 7.43e-03
2.19207e+00 7.42e-03
2.19280e+00 7.41e-03
2.19354e+00 7.40e-03
2.19429e+00 7.39e-03
2.19503e+00 7.37e-03
2.19578e+00 7.36e-03
2.19652e+00 7.35e-03
2.19728e+00 7.34e-03
2.19804e+00 7.32e-03
2.19879e+00 7.31e-03
2.19954e+00 7.30e-03
2.20031e+00 7.29e-03
2.20107e+00 7.27e-03
2.20184e+00 7.26e-03
2.20260e+00 7.25e-03
2.20337e+00 7.24e-03
2.20415e+00 7.22e-03
2.20492e+00 7.21e-03
2.20569e+00 7.20e-03
2.20647e+00 7.19e-03
2.20725e+00 7.17e-03
2.20804e+00 7.16e-03
2.20882e+00 7.15e-03
2.20961e+00 7.14e-03
2.21040e+00 7.12e-03
2.21120e+00 7.11e-03
2.21200e+00 7.10e-03
2.21280e+00 7.08e-03
2.21360e+00 7.07e-03
2.21441e+00 7.06e-03
2.21522e+00 7.05e-03
2.21602e+00 7.03e-03
2.21684e+00 7.02e-03
2.21766e+00 7.01e-03
2.21847e+00 6.99e-03
2.21930e+00 6.98e-03
2.22013e+00 6.97e-03
2.22095e+00 6.96e-03
2.22178e+00 6.94e-03
2.22261e+00 6.93e-03
2.22346e+00 6.92e-03
2.22429e+00 6.90e-03
2.22513e+00 6.89e-03
2.22597e+00 6.88e-03
2.22683e+00 6.86e-03
2.22768e+00 6.85e-03
2.22853e+00 6.84e-03
2.22939e+00 6.83e-03
2.23025e+00 6.81e-03
2.23111e+00 6.80e-03
2.23198e+00 6.79e-03
2.23285e+00 6.77e-03
2.23373e+00 6.76e-03
2.23461e+00 6.75e-03
2.23548e+00 6.73e-03
2.23637e+00 6.72e-03
2.23726e+00 6.71e-03
2.23815e+00 6.69e-03
2.23904e+00 6.68e-03
2.23994e+00 6.66e-03
2.24084e+00 6.65e-03
2.24175e+00 6.64e-03
2.24265e+00 6.62e-03
2.24357e+00 6.61e-03
2.24449e+00 6.60e-03
2.24540e+00 6.58e-03
2.24633e+00 6.57e-03
2.24679e+00 6.58e-03
2.24725e+00 6.56e-03
2.24818e+00 6.55e-03
2.24912e+00 6.54e-03
2.25006e+00 6.53e-03
2.25101e+00 6.51e-03
2.25195e+00 6.50e-03
2.25290e+00 6.48e-03
2.25386e+00 6.46e-03
2.25482e+00 6.45e-03
2.25578e+00 6.43e-03
2.25675e+00 6.42e-03
2.25772e+00 6.40e-03
2.25870e+00 6.39e-03
2.25968e+00 6.37e-03
2.26067e+00 6.36e-03
2.26166e+00 6.35e-03
2.26265e+00 6.33e-03
2.26365e+00 6.32e-03
2.26465e+00 6.31e-03
2.26566e+00 6.29e-03
2.26667e+00 6.28e-03
2.26769e+00 6.26e-03
2.26820e+00 6.26e-03
2.26871e+00 6.26e-03
2.26922e+00 6.24e-03
2.27026e+00 6.22e-03
2.27129e+00 6.21e-03
2.27233e+00 6.20e-03
2.27337e+00 6.18e-03
2.27442e+00 6.17e-03
2.27548e+00 6.15e-03
2.27654e+00 6.14e-03
2.27761e+00 6.12e-03
2.27868e+00 6.11e-03
2.27976e+00 6.09e-03
2.28084e+00 6.08e-03
2.28193e+00 6.06e-03
2.28303e+00 6.05e-03
2.28413e+00 6.03e-03
2.28523e+00 6.02e-03
2.28634e+00 6.00e-03
2.28746e+00 5.99e-03
2.28858e+00 5.97e-03
2.28971e+00 5.96e-03
2.29085e+00 5.94e-03
2.29199e+00 5.93e-03
2.29314e+00 5.91e-03
2.29429e+00 5.89e-03
2.29546e+00 5.88e-03
2.29663e+00 5.86e-03
2.29780e+00 5.85e-03
2.29898e+00 5.83e-03
2.30017e+00 5.82e-03
2.30136e+00 5.80e-03
2.30258e+00 5.79e-03
2.30378e+00 5.77e-03
2.30498e+00 5.75e-03
2.30618e+00 5.74e-03
2.30688e+00 5.73e-03
2.30807e+00 5.72e-03
2.30936e+00 5.70e-03
2.31055e+00 5.68e-03
2.31184e+00 5.67e-03
2.31313e+00 5.65e-03
2.31441e+00 5.63e-03
2.31570e+00 5.62e-03
2.31629e+00 5.61e-03
2.31698e+00 5.61e-03
2.31826e+00 5.59e-03
2.31954e+00 5.57e-03
2.32092e+00 5.55e-03
2.32219e+00 5.53e-03
2.32356e+00 5.51e-03
2.32493e+00 5.50e-03
2.32630e+00 5.48e-03
2.32767e+00 5.46e-03
2.32903e+00 5.45e-03
2.33039e+00 5.43e-03
2.33185e+00 5.41e-03
2.33321e+00 5.40e-03
2.33466e+00 5.38e-03
2.33612e+00 5.36e-03
2.33747e+00 5.34e-03
2.33901e+00 5.32e-03
2.34046e+00 5.31e-03
2.34190e+00 5.29e-03
2.34344e+00 5.27e-03
2.34488e+00 5.25e-03
2.34641e+00 5.23e-03
2.34794e+00 5.22e-03
2.34947e+00 5.20e-03
2.35099e+00 5.18e-03
2.35261e+00 5.16e-03
2.35413e+00 5.14e-03
2.35575e+00 5.12e-03
2.35736e+00 5.10e-03
2.35897e+00 5.09e-03
2.36057e+00 5.07e-03
2.36227e+00 5.05e-03
2.36396e+00 5.03e-03
2.36556e+00 5.01e-03
2.36734e+00 4.99e-03
2.36903e+00 4.97e-03
2.37071e+00 4.95e-03
2.37164e+00 4.94e-03
2.37248e+00 4.96e-03
2.37332e+00 4.92e-03
2.37518e+00 4.90e-03
2.37695e+00 4.88e-03
2.37871e+00 4.86e-03
2.38056e+00 4.84e-03
2.38241e+00 4.82e-03
2.38426e+00 4.80e-03
2.38619e+00 4.78e-03
2.38812e+00 4.76e-03
2.39005e+00 4.73e-03
2.39197e+00 4.71e-03
2.39398e+00 4.69e-03
2.39598e+00 4.67e-03
2.39799e+00 4.65e-03
2.40007e+00 4.63e-03
2.40216e+00 4.60e-03
2.40424e+00 4.58e-03
2.40640e+00 4.56e-03
2.40848e+00 4.54e-03
2.41072e+00 4.51e-03
2.41296e+00 4.49e-03
2.41520e+00 4.47e-03
2.41743e+00 4.44e-03
2.41975e+00 4.42e-03
2.42214e+00 4.39e-03
2.42454e+00 4.37e-03
2.42692e+00 4.35e-03
2.42939e+00 4.32e-03
2.43186e+00 4.30e-03
2.43440e+00 4.27e-03
2.43694e+00 4.24e-03
2.43956e+00 4.22e-03
2.44226e+00 4.19e-03
2.44495e+00 4.17e-03
2.44772e+00 4.14e-03
2.45057e+00 4.11e-03
2.45342e+00 4.09e-03
2.45634e+00 4.06e-03
2.45933e+00 4.03e-03
2.46241e+00 4.00e-03
2.46547e+00 3.97e-03
2.46861e+00 3.94e-03
2.47022e+00 3.93e-03
2.47191e+00 3.92e-03
2.47519e+00 3.89e-03
2.47855e+00 3.86e-03
2.48207e+00 3.83e-03
2.48566e+00 3.79e-03
2.48923e+00 3.76e-03
2.49304e+00 3.74e-03
2.49684e+00 3.70e-03
2.49881e+00 3.69e-03
2.50078e+00 3.68e-03
2.50283e+00 3.67e-03
2.50487e+00 3.65e-03
2.50699e+00 3.63e-03
2.51122e+00 3.62e-03
2.51341e+00 3.64e-03
2.51568e+00 3.62e-03
2.51786e+00 3.68e-03
2.52019e+00 3.66e-03
2.52252e+00 3.71e-03
2.52493e+00 3.75e-03
2.52733e+00 3.74e-03
2.52980e+00 3.74e-03
2.53227e+00 3.76e-03
2.53481e+00 3.80e-03
2.53742e+00 3.84e-03
2.54010e+00 3.70e-03
2.54286e+00 3.59e-03
2.54561e+00 3.48e-03
2.54843e+00 3.43e-03
2.55132e+00 3.35e-03
2.55428e+00 3.31e-03
2.55730e+00 3.27e-03
2.56048e+00 3.24e-03
2.56364e+00 3.20e-03
2.56695e+00 3.17e-03
2.57024e+00 3.13e-03
2.57726e+00 3.08e-03
2.58475e+00 3.03e-03
2.59264e+00 2.98e-03
2.60113e+00 2.93e-03
2.60565e+00 2.92e-03
2.61029e+00 2.92e-03
2.61513e+00 2.91e-03
2.62024e+00 2.92e-03
2.62554e+00 3.04e-03
2.63110e+00 3.22e-03
2.63698e+00 3.93e-03
2.64319e+00 5.63e-03
2.64971e+00 1.28e-02
2.65669e+00 1.68e-02
2.66410e+00 5.79e-03
2.67215e+00 3.24e-03
2.68082e+00 2.64e-03
2.69029e+00 2.46e-03
2.70069e+00 2.38e-03
2.71231e+00 2.39e-03
2.72543e+00 3.57e-03
2.74065e+00 2.46e-03
2.75874e+00 2.08e-03
2.78130e+00 1.95e-03
2.81151e+00 1.87e-03
2.85859e+00 2.33e-03
2.99573e+00 1.11e-03
