# OPACITY Project tables
-2.61515e+00 4.81e+01
-2.27341e+00 1.67e+01
-2.07433e+00 9.00e+00
-1.93351e+00 5.83e+00
-1.82455e+00 4.17e+00
-1.73574e+00 3.19e+00
-1.66078e+00 2.60e+00
-1.59603e+00 2.13e+00
-1.53898e+00 1.77e+00
-1.48802e+00 1.51e+00
-1.44198e+00 1.31e+00
-1.40003e+00 1.16e+00
-1.36148e+00 1.03e+00
-1.32584e+00 9.31e-01
-1.29269e+00 8.46e-01
-1.26174e+00 7.76e-01
-1.23268e+00 7.17e-01
-1.20531e+00 6.69e-01
-1.17944e+00 6.29e-01
-1.15493e+00 5.98e-01
-1.13165e+00 5.75e-01
-1.10945e+00 5.66e-01
-1.08827e+00 5.75e-01
-1.06799e+00 5.94e-01
-1.04857e+00 6.81e-01
-1.02994e+00 6.71e-01
-1.01200e+00 6.51e-01
-9.94739e-01 5.41e-01
-9.78086e-01 4.95e-01
-9.62021e-01 4.60e-01
-9.46492e-01 4.37e-01
-9.31455e-01 4.18e-01
-9.16916e-01 4.03e-01
-9.02807e-01 3.88e-01
-8.89113e-01 3.75e-01
-8.75797e-01 3.63e-01
-8.62868e-01 3.51e-01
-8.50292e-01 3.41e-01
-8.38057e-01 3.31e-01
-8.26130e-01 3.23e-01
-8.14502e-01 3.14e-01
-8.03185e-01 3.04e-01
-7.92106e-01 2.94e-01
-7.70741e-01 2.74e-01
-7.60420e-01 2.64e-01
-7.50331e-01 2.58e-01
-7.40469e-01 2.50e-01
-7.30787e-01 2.42e-01
-7.21320e-01 2.34e-01
-7.12045e-01 2.29e-01
-7.02955e-01 2.22e-01
-6.94048e-01 2.15e-01
-6.85298e-01 2.08e-01
-6.76723e-01 2.02e-01
-6.68298e-01 1.96e-01
-6.60041e-01 1.90e-01
-6.51909e-01 1.85e-01
-6.43938e-01 1.81e-01
-6.36087e-01 1.76e-01
-6.28390e-01 1.72e-01
-6.13357e-01 1.64e-01
-6.06016e-01 1.61e-01
-5.98801e-01 1.57e-01
-5.91692e-01 1.54e-01
-5.84687e-01 1.51e-01
-5.77803e-01 1.48e-01
-5.71018e-01 1.45e-01
-5.64314e-01 1.42e-01
-5.57725e-01 1.39e-01
-5.51231e-01 1.36e-01
-5.44831e-01 1.33e-01
-5.38505e-01 1.31e-01
-5.32288e-01 1.28e-01
-5.26142e-01 1.26e-01
-5.20085e-01 1.23e-01
-5.14098e-01 1.21e-01
-5.08196e-01 1.19e-01
-5.02362e-01 1.17e-01
-4.96610e-01 1.15e-01
-4.90925e-01 1.13e-01
-4.85320e-01 1.11e-01
-4.79779e-01 1.09e-01
-4.74301e-01 1.08e-01
-4.68884e-01 1.06e-01
-4.63545e-01 1.04e-01
-4.58265e-01 1.03e-01
-4.53044e-01 1.02e-01
-4.47882e-01 1.01e-01
-4.42778e-01 9.95e-02
-4.37730e-01 9.85e-02
-4.32739e-01 9.76e-02
-4.27803e-01 9.69e-02
-4.22922e-01 9.62e-02
-4.18095e-01 9.55e-02
-4.13321e-01 9.49e-02
-4.08585e-01 9.44e-02
-4.03901e-01 9.40e-02
-3.99284e-01 9.36e-02
-3.94688e-01 9.33e-02
-3.90158e-01 9.31e-02
-3.85662e-01 9.31e-02
-3.81216e-01 9.33e-02
-3.76819e-01 9.40e-02
-3.68126e-01 9.55e-02
-3.63858e-01 9.62e-02
-3.59622e-01 9.56e-02
-3.55419e-01 9.42e-02
-3.51261e-01 9.42e-02
-3.47135e-01 9.43e-02
-3.43054e-01 9.45e-02
-3.39003e-01 9.48e-02
-3.34997e-01 9.52e-02
-3.31021e-01 9.56e-02
-3.27088e-01 9.62e-02
-3.23185e-01 9.68e-02
-3.19310e-01 9.76e-02
-3.15464e-01 9.86e-02
-3.11661e-01 9.98e-02
-3.07885e-01 1.01e-01
-3.04150e-01 1.03e-01
-3.00430e-01 1.04e-01
-2.96750e-01 1.06e-01
-2.93097e-01 1.09e-01
-2.89484e-01 1.11e-01
-2.85884e-01 1.14e-01
-2.82323e-01 1.17e-01
-2.78788e-01 1.20e-01
-2.75279e-01 1.23e-01
-2.71796e-01 1.27e-01
-2.68350e-01 1.30e-01
-2.64917e-01 1.34e-01
-2.61521e-01 1.38e-01
-2.58149e-01 1.42e-01
-2.54802e-01 1.47e-01
-2.51466e-01 1.51e-01
-2.48167e-01 1.56e-01
-2.41639e-01 1.65e-01
-2.35203e-01 1.75e-01
-2.32020e-01 1.80e-01
-2.28860e-01 1.84e-01
-2.25722e-01 1.89e-01
-2.22606e-01 1.93e-01
-2.19513e-01 1.96e-01
-2.16441e-01 1.99e-01
-2.13391e-01 2.02e-01
-2.10363e-01 2.04e-01
-2.07344e-01 2.03e-01
-2.04359e-01 2.02e-01
-2.01382e-01 2.00e-01
-1.98439e-01 1.98e-01
-1.95504e-01 1.94e-01
-1.92590e-01 1.91e-01
-1.89697e-01 1.87e-01
-1.86824e-01 1.83e-01
-1.81126e-01 1.74e-01
-1.75509e-01 1.65e-01
-1.72724e-01 1.60e-01
-1.69958e-01 1.56e-01
-1.67200e-01 1.51e-01
-1.64474e-01 1.47e-01
-1.59054e-01 1.39e-01
-1.56373e-01 1.41e-01
-1.51044e-01 1.32e-01
-1.48407e-01 1.29e-01
-1.45789e-01 1.25e-01
-1.43189e-01 1.21e-01
-1.40596e-01 1.18e-01
-1.38021e-01 1.14e-01
-1.35453e-01 1.11e-01
-1.32914e-01 1.09e-01
-1.30382e-01 1.06e-01
-1.27867e-01 1.03e-01
-1.25359e-01 1.01e-01
-1.22868e-01 9.86e-02
-1.20395e-01 9.64e-02
-1.17928e-01 9.43e-02
-1.15489e-01 9.24e-02
-1.13057e-01 9.06e-02
-1.10630e-01 8.89e-02
-1.08220e-01 8.73e-02
-1.05827e-01 8.58e-02
-1.03440e-01 8.43e-02
-1.01070e-01 8.29e-02
-9.87160e-02 8.17e-02
-9.63788e-02 8.06e-02
-9.40360e-02 7.96e-02
-9.17206e-02 7.86e-02
-8.94106e-02 7.78e-02
-8.71168e-02 7.72e-02
-8.48283e-02 7.69e-02
-8.25559e-02 7.71e-02
-8.02994e-02 7.79e-02
-7.80480e-02 7.95e-02
-7.58125e-02 8.18e-02
-7.35820e-02 8.32e-02
-7.13671e-02 8.24e-02
-6.91679e-02 7.92e-02
-6.69735e-02 7.60e-02
-6.47839e-02 7.38e-02
-6.26097e-02 7.22e-02
-6.04509e-02 7.15e-02
-5.82967e-02 7.16e-02
-5.61577e-02 7.26e-02
-5.40233e-02 7.53e-02
-5.19040e-02 7.87e-02
-4.97997e-02 7.35e-02
-4.76998e-02 6.95e-02
-4.56042e-02 6.80e-02
-4.35236e-02 6.72e-02
-4.14576e-02 6.64e-02
-3.93959e-02 6.57e-02
-3.52956e-02 6.42e-02
-3.12430e-02 6.26e-02
-2.72170e-02 6.10e-02
-2.32379e-02 5.94e-02
-2.12543e-02 5.87e-02
-1.92848e-02 5.80e-02
-1.73293e-02 5.73e-02
-1.53675e-02 5.67e-02
-1.34298e-02 5.61e-02
-1.14958e-02 5.56e-02
-9.56560e-03 5.51e-02
-7.64918e-03 5.46e-02
-5.73642e-03 5.41e-02
-3.83735e-03 5.37e-02
-5.00013e-05 5.29e-02
3.69317e-03 5.22e-02
7.37275e-03 5.16e-02
1.11377e-02 5.11e-02
1.47901e-02 5.06e-02
1.84291e-02 5.02e-02
2.19572e-02 4.99e-02
2.55703e-02 4.96e-02
2.90732e-02 4.93e-02
3.25640e-02 4.91e-02
3.60426e-02 4.90e-02
3.95091e-02 4.89e-02
4.12379e-02 4.88e-02
4.64064e-02 4.88e-02
4.97421e-02 4.89e-02
5.30667e-02 4.90e-02
5.64748e-02 4.91e-02
5.97772e-02 4.93e-02
6.29748e-02 4.95e-02
6.62558e-02 4.98e-02
6.95261e-02 5.02e-02
7.11106e-02 5.05e-02
7.26927e-02 5.08e-02
7.42722e-02 5.11e-02
7.58493e-02 5.37e-02
7.74239e-02 5.27e-02
7.90884e-02 5.20e-02
8.06579e-02 5.21e-02
8.22249e-02 5.23e-02
8.37895e-02 5.26e-02
8.52598e-02 5.30e-02
8.83771e-02 5.38e-02
9.14847e-02 5.46e-02
9.44917e-02 5.55e-02
9.60372e-02 5.60e-02
9.90305e-02 5.71e-02
1.02015e-01 5.83e-02
1.05080e-01 5.96e-02
1.06520e-01 6.02e-02
1.09482e-01 6.17e-02
1.12435e-01 6.32e-02
1.13864e-01 6.41e-02
1.15291e-01 6.49e-02
1.16805e-01 6.58e-02
1.18227e-01 6.68e-02
1.19648e-01 6.78e-02
1.21067e-01 6.88e-02
1.22483e-01 6.99e-02
1.23898e-01 7.10e-02
1.25398e-01 7.21e-02
1.26809e-01 7.33e-02
1.28217e-01 7.46e-02
1.29624e-01 7.59e-02
1.31028e-01 7.73e-02
1.32431e-01 7.88e-02
1.33831e-01 8.03e-02
1.35143e-01 8.19e-02
1.36539e-01 8.35e-02
1.37934e-01 8.53e-02
1.39327e-01 8.71e-02
1.40718e-01 8.90e-02
1.42107e-01 9.10e-02
1.43407e-01 9.32e-02
1.44793e-01 9.54e-02
1.46176e-01 9.78e-02
1.47471e-01 1.00e-01
1.48851e-01 1.03e-01
1.50229e-01 1.06e-01
1.51519e-01 1.14e-01
1.52893e-01 1.15e-01
1.54179e-01 1.15e-01
1.55550e-01 1.18e-01
1.56833e-01 1.22e-01
1.58200e-01 1.25e-01
1.59479e-01 1.29e-01
1.60757e-01 1.33e-01
1.62119e-01 1.38e-01
1.63394e-01 1.42e-01
1.64751e-01 1.47e-01
1.66023e-01 1.53e-01
1.67293e-01 1.59e-01
1.68561e-01 1.65e-01
1.69912e-01 1.71e-01
1.71176e-01 1.78e-01
1.72440e-01 1.85e-01
1.73701e-01 1.93e-01
1.74961e-01 2.01e-01
1.76220e-01 2.09e-01
1.77477e-01 2.18e-01
1.78732e-01 2.27e-01
1.80069e-01 2.37e-01
1.81321e-01 2.47e-01
1.82572e-01 2.57e-01
1.83737e-01 2.68e-01
1.86231e-01 2.89e-01
1.87475e-01 3.00e-01
1.89959e-01 3.23e-01
1.91199e-01 3.34e-01
1.93591e-01 3.56e-01
1.94826e-01 3.68e-01
1.96060e-01 3.80e-01
1.97292e-01 3.92e-01
1.98441e-01 4.05e-01
1.99670e-01 4.21e-01
2.00898e-01 4.35e-01
2.02042e-01 4.52e-01
2.03267e-01 4.71e-01
2.04409e-01 4.93e-01
2.05631e-01 5.17e-01
2.06770e-01 5.44e-01
2.07989e-01 5.75e-01
2.09126e-01 6.09e-01
2.10342e-01 6.47e-01
2.11476e-01 6.89e-01
2.12689e-01 7.36e-01
2.13820e-01 7.87e-01
2.15031e-01 8.44e-01
2.16159e-01 9.05e-01
2.17286e-01 9.71e-01
2.18493e-01 1.04e+00
2.19617e-01 1.12e+00
2.20741e-01 1.19e+00
2.23064e-01 1.35e+00
2.24183e-01 1.43e+00
2.25301e-01 1.50e+00
2.26418e-01 1.56e+00
2.27614e-01 1.62e+00
2.29841e-01 1.73e+00
2.30953e-01 1.79e+00
2.32064e-01 1.86e+00
2.33173e-01 1.94e+00
2.34281e-01 2.03e+00
2.35388e-01 2.15e+00
2.36494e-01 2.30e+00
2.37599e-01 2.46e+00
2.38702e-01 2.63e+00
2.39804e-01 2.79e+00
2.40905e-01 2.91e+00
2.42005e-01 2.96e+00
2.43103e-01 2.92e+00
2.44200e-01 2.79e+00
2.45296e-01 2.59e+00
2.46313e-01 2.36e+00
2.47407e-01 2.11e+00
2.48499e-01 1.88e+00
2.49591e-01 1.66e+00
2.50681e-01 1.47e+00
2.51692e-01 1.31e+00
2.52780e-01 1.17e+00
2.53867e-01 1.05e+00
2.54875e-01 9.45e-01
2.55959e-01 8.58e-01
2.57042e-01 7.78e-01
2.58047e-01 7.12e-01
2.59128e-01 6.53e-01
2.60208e-01 6.01e-01
2.61210e-01 5.57e-01
2.62287e-01 5.17e-01
2.63287e-01 4.82e-01
2.64362e-01 4.52e-01
2.65360e-01 4.26e-01
2.66433e-01 4.04e-01
2.67428e-01 3.87e-01
2.68499e-01 3.70e-01
2.69493e-01 3.47e-01
2.70561e-01 3.27e-01
2.71553e-01 3.13e-01
2.72619e-01 3.01e-01
2.73609e-01 2.90e-01
2.75660e-01 2.69e-01
2.76646e-01 2.57e-01
2.78692e-01 2.34e-01
2.79675e-01 2.23e-01
2.80657e-01 2.13e-01
2.81639e-01 2.03e-01
2.82695e-01 1.94e-01
2.83674e-01 1.86e-01
2.84652e-01 1.79e-01
2.85630e-01 1.72e-01
2.87582e-01 1.61e-01
2.88632e-01 1.55e-01
2.89605e-01 1.51e-01
2.90578e-01 1.46e-01
2.91550e-01 1.42e-01
2.92520e-01 1.38e-01
2.93490e-01 1.34e-01
2.94459e-01 1.30e-01
2.95427e-01 1.27e-01
2.96394e-01 1.26e-01
2.97360e-01 1.21e-01
2.98325e-01 1.18e-01
2.99289e-01 1.15e-01
3.00253e-01 1.12e-01
3.01215e-01 1.10e-01
3.02177e-01 1.07e-01
3.03137e-01 1.05e-01
3.04097e-01 1.03e-01
3.05939e-01 9.89e-02
3.06896e-01 9.70e-02
3.07852e-01 9.51e-02
3.08807e-01 9.34e-02
3.09762e-01 9.17e-02
3.10641e-01 9.02e-02
3.11594e-01 8.91e-02
3.12545e-01 8.69e-02
3.13496e-01 8.54e-02
3.14373e-01 8.39e-02
3.15322e-01 8.25e-02
3.16270e-01 8.12e-02
3.17144e-01 8.00e-02
3.18090e-01 7.85e-02
3.19907e-01 7.61e-02
3.20851e-01 7.49e-02
3.21794e-01 7.39e-02
3.22663e-01 7.26e-02
3.23604e-01 7.15e-02
3.24472e-01 7.05e-02
3.25411e-01 6.98e-02
3.26278e-01 6.85e-02
3.27215e-01 6.75e-02
3.29016e-01 6.58e-02
3.29879e-01 6.48e-02
3.31675e-01 6.31e-02
3.33468e-01 6.15e-02
3.34399e-01 6.07e-02
3.35257e-01 6.00e-02
3.36115e-01 5.93e-02
3.37900e-01 5.79e-02
3.39681e-01 5.67e-02
3.41389e-01 5.53e-02
3.43164e-01 5.41e-02
3.44015e-01 5.35e-02
3.44936e-01 5.29e-02
3.46635e-01 5.19e-02
3.48330e-01 5.08e-02
3.49247e-01 5.02e-02
3.50093e-01 4.97e-02
3.50939e-01 4.92e-02
3.52627e-01 4.82e-02
3.54382e-01 4.74e-02
3.55224e-01 4.70e-02
3.56905e-01 4.62e-02
3.57744e-01 4.64e-02
3.59421e-01 4.58e-02
3.60259e-01 4.55e-02
3.61931e-01 4.50e-02
3.62766e-01 4.59e-02
3.64435e-01 5.28e-02
3.65268e-01 4.89e-02
3.66100e-01 4.50e-02
3.66932e-01 4.34e-02
3.67763e-01 4.31e-02
3.68594e-01 4.28e-02
3.69354e-01 4.25e-02
3.70183e-01 4.22e-02
3.71012e-01 4.19e-02
3.72666e-01 4.15e-02
3.74318e-01 4.10e-02
3.75899e-01 4.06e-02
3.77546e-01 4.02e-02
3.79121e-01 3.98e-02
3.80762e-01 3.95e-02
3.82333e-01 3.91e-02
3.83969e-01 3.88e-02
3.85534e-01 3.85e-02
3.87097e-01 3.82e-02
3.88658e-01 3.79e-02
3.90284e-01 3.76e-02
3.91028e-01 3.74e-02
3.92582e-01 3.71e-02
3.93393e-01 3.69e-02
3.94943e-01 3.65e-02
3.95684e-01 3.63e-02
3.96492e-01 3.60e-02
3.97231e-01 3.57e-02
3.98776e-01 3.50e-02
3.99581e-01 3.47e-02
4.01122e-01 3.41e-02
4.02661e-01 3.36e-02
4.04131e-01 3.31e-02
4.05665e-01 3.27e-02
4.07197e-01 3.23e-02
4.07929e-01 3.21e-02
4.08726e-01 3.19e-02
4.09457e-01 3.17e-02
4.10187e-01 3.14e-02
4.10983e-01 3.12e-02
4.12441e-01 3.08e-02
4.13962e-01 3.05e-02
4.15415e-01 3.02e-02
4.16932e-01 2.99e-02
4.18381e-01 2.96e-02
4.19828e-01 2.93e-02
4.21338e-01 2.91e-02
4.22781e-01 2.90e-02
4.24221e-01 2.88e-02
4.25725e-01 2.87e-02
4.27161e-01 2.86e-02
4.27879e-01 2.85e-02
4.28596e-01 2.86e-02
4.30028e-01 2.87e-02
4.31458e-01 2.84e-02
4.32172e-01 2.84e-02
4.32886e-01 2.83e-02
4.34312e-01 2.83e-02
4.35736e-01 2.82e-02
4.37158e-01 2.82e-02
4.38577e-01 2.81e-02
4.39287e-01 2.81e-02
4.39995e-01 2.80e-02
4.40704e-01 2.79e-02
4.42118e-01 2.77e-02
4.43467e-01 2.74e-02
4.44878e-01 2.71e-02
4.46287e-01 2.68e-02
4.47630e-01 2.65e-02
4.49035e-01 2.62e-02
4.50438e-01 2.58e-02
4.51776e-01 2.55e-02
4.53175e-01 2.52e-02
4.54509e-01 2.49e-02
4.55841e-01 2.46e-02
4.57235e-01 2.44e-02
4.58563e-01 2.42e-02
4.59953e-01 2.41e-02
4.61278e-01 2.40e-02
4.62601e-01 2.39e-02
4.63294e-01 2.39e-02
4.64614e-01 2.39e-02
4.65933e-01 2.39e-02
4.67250e-01 2.40e-02
4.68565e-01 2.41e-02
4.69941e-01 2.41e-02
4.70566e-01 2.42e-02
4.71253e-01 2.42e-02
4.71877e-01 2.41e-02
4.73186e-01 2.39e-02
4.74494e-01 2.37e-02
4.75799e-01 2.35e-02
4.77103e-01 2.33e-02
4.77724e-01 2.31e-02
4.78406e-01 2.30e-02
4.79706e-01 2.29e-02
4.80325e-01 2.27e-02
4.80944e-01 2.23e-02
4.81623e-01 2.22e-02
4.82920e-01 2.19e-02
4.84153e-01 2.16e-02
4.84831e-01 2.15e-02
4.85446e-01 2.14e-02
4.86062e-01 2.13e-02
4.86738e-01 2.12e-02
4.87352e-01 2.12e-02
4.87966e-01 2.11e-02
4.88641e-01 2.11e-02
4.89255e-01 2.16e-02
4.89868e-01 2.11e-02
4.90480e-01 2.11e-02
4.91765e-01 2.12e-02
4.93049e-01 2.13e-02
4.93659e-01 2.13e-02
4.94269e-01 2.13e-02
4.94879e-01 2.13e-02
4.95489e-01 2.13e-02
4.96159e-01 2.12e-02
4.96767e-01 2.12e-02
4.97376e-01 2.80e-02
4.97984e-01 2.78e-02
4.98591e-01 2.76e-02
4.99259e-01 2.74e-02
4.99866e-01 2.72e-02
5.00472e-01 2.70e-02
5.01078e-01 2.66e-02
5.02289e-01 2.61e-02
5.03559e-01 2.55e-02
5.04767e-01 2.50e-02
5.05371e-01 2.48e-02
5.06577e-01 2.43e-02
5.07179e-01 2.41e-02
5.08383e-01 2.37e-02
5.09044e-01 2.35e-02
5.09645e-01 2.33e-02
5.10245e-01 2.31e-02
5.10846e-01 2.29e-02
5.11445e-01 2.28e-02
5.12644e-01 2.24e-02
5.13841e-01 2.22e-02
5.15037e-01 2.19e-02
5.16231e-01 2.17e-02
5.17424e-01 2.15e-02
5.18615e-01 2.13e-02
5.19746e-01 2.12e-02
5.20934e-01 2.10e-02
5.22122e-01 2.09e-02
5.23307e-01 2.08e-02
5.23900e-01 2.07e-02
5.25083e-01 2.06e-02
5.26207e-01 2.04e-02
5.26797e-01 2.03e-02
5.27388e-01 2.03e-02
5.27978e-01 2.01e-02
5.28567e-01 2.00e-02
5.29157e-01 2.00e-02
5.29687e-01 2.00e-02
5.30275e-01 1.98e-02
5.31451e-01 1.96e-02
5.32568e-01 1.95e-02
5.33741e-01 1.94e-02
5.34855e-01 1.93e-02
5.36025e-01 1.92e-02
5.37136e-01 1.91e-02
5.38305e-01 1.90e-02
5.39413e-01 1.89e-02
5.40579e-01 1.88e-02
5.41685e-01 1.87e-02
5.42266e-01 1.87e-02
5.42789e-01 1.86e-02
5.43951e-01 1.84e-02
5.45053e-01 1.83e-02
5.46154e-01 1.83e-02
5.47312e-01 1.82e-02
5.48410e-01 1.81e-02
5.49508e-01 1.80e-02
5.50604e-01 1.79e-02
5.51180e-01 1.79e-02
5.51699e-01 1.78e-02
5.52850e-01 1.77e-02
5.53943e-01 1.76e-02
5.55034e-01 1.76e-02
5.56124e-01 1.75e-02
5.56640e-01 1.75e-02
5.57213e-01 1.75e-02
5.57728e-01 1.73e-02
5.58301e-01 1.73e-02
5.59387e-01 1.73e-02
5.60473e-01 1.72e-02
5.61557e-01 1.71e-02
5.62640e-01 1.71e-02
5.63722e-01 1.70e-02
5.64745e-01 1.69e-02
5.65825e-01 1.69e-02
5.66903e-01 1.68e-02
5.67981e-01 1.67e-02
5.69057e-01 1.67e-02
5.70075e-01 1.66e-02
5.71149e-01 1.65e-02
5.72222e-01 1.65e-02
5.72729e-01 1.64e-02
5.73800e-01 1.64e-02
5.74870e-01 1.63e-02
5.75883e-01 1.63e-02
5.76950e-01 1.62e-02
5.77961e-01 1.62e-02
5.79026e-01 1.61e-02
5.80090e-01 1.60e-02
5.81098e-01 1.60e-02
5.82160e-01 1.59e-02
5.82662e-01 1.59e-02
5.83165e-01 1.59e-02
5.83667e-01 1.59e-02
5.84726e-01 1.58e-02
5.85729e-01 1.58e-02
5.86786e-01 1.57e-02
5.87787e-01 1.57e-02
5.88786e-01 1.56e-02
5.89286e-01 1.56e-02
5.89840e-01 1.57e-02
5.90339e-01 1.55e-02
5.91336e-01 1.55e-02
5.92332e-01 1.55e-02
5.93382e-01 1.54e-02
5.94376e-01 1.54e-02
5.95369e-01 1.53e-02
5.96361e-01 1.53e-02
5.97407e-01 1.53e-02
5.98397e-01 1.52e-02
5.99386e-01 1.52e-02
6.00374e-01 1.52e-02
6.01361e-01 1.51e-02
6.02347e-01 1.51e-02
6.03332e-01 1.50e-02
6.04316e-01 1.50e-02
6.05299e-01 1.50e-02
6.06281e-01 1.49e-02
6.07262e-01 1.49e-02
6.08243e-01 1.49e-02
6.09222e-01 1.48e-02
6.10200e-01 1.48e-02
6.11178e-01 1.48e-02
6.12154e-01 1.48e-02
6.13129e-01 1.47e-02
6.14104e-01 1.47e-02
6.15023e-01 1.47e-02
6.15996e-01 1.46e-02
6.16968e-01 1.46e-02
6.17939e-01 1.46e-02
6.18908e-01 1.46e-02
6.19824e-01 1.45e-02
6.20792e-01 1.45e-02
6.21759e-01 1.45e-02
6.22671e-01 1.45e-02
6.23636e-01 1.45e-02
6.24601e-01 1.44e-02
6.25511e-01 1.44e-02
6.33450e-01 1.43e-02
6.38533e-01 1.43e-02
6.43116e-01 1.43e-02
6.45846e-01 1.43e-02
6.48516e-01 1.43e-02
6.49404e-01 1.43e-02
6.50292e-01 1.44e-02
6.51231e-01 1.44e-02
6.52117e-01 1.44e-02
6.53002e-01 1.44e-02
6.53886e-01 1.45e-02
6.54770e-01 1.45e-02
6.55653e-01 1.45e-02
6.56535e-01 1.45e-02
6.57416e-01 1.46e-02
6.58297e-01 1.46e-02
6.59177e-01 1.46e-02
6.60056e-01 1.46e-02
6.60934e-01 1.47e-02
6.61811e-01 1.47e-02
6.62688e-01 1.48e-02
6.63564e-01 1.48e-02
6.64439e-01 1.49e-02
6.65262e-01 1.49e-02
6.66136e-01 1.50e-02
6.67009e-01 1.51e-02
6.67881e-01 1.51e-02
6.68752e-01 1.52e-02
6.69623e-01 1.53e-02
6.70441e-01 1.53e-02
6.71310e-01 1.54e-02
6.72179e-01 1.55e-02
6.73047e-01 1.56e-02
6.73862e-01 1.57e-02
6.74729e-01 1.58e-02
6.75594e-01 1.59e-02
6.76408e-01 1.60e-02
6.77272e-01 1.61e-02
6.78135e-01 1.62e-02
6.78947e-01 1.63e-02
6.79809e-01 1.65e-02
6.80619e-01 1.66e-02
6.81479e-01 1.67e-02
6.82339e-01 1.69e-02
6.83147e-01 1.70e-02
6.84006e-01 1.72e-02
6.84813e-01 1.73e-02
6.85669e-01 1.75e-02
6.86475e-01 1.76e-02
6.87330e-01 1.78e-02
6.88135e-01 1.80e-02
6.88989e-01 1.82e-02
6.89792e-01 1.84e-02
6.90594e-01 1.85e-02
6.91446e-01 1.87e-02
6.92247e-01 1.89e-02
6.93097e-01 1.91e-02
6.93897e-01 1.93e-02
6.94696e-01 1.95e-02
6.95544e-01 1.97e-02
6.96342e-01 1.99e-02
6.97139e-01 2.02e-02
6.97985e-01 2.04e-02
6.98781e-01 2.06e-02
6.99576e-01 2.08e-02
7.00371e-01 2.10e-02
7.01215e-01 2.12e-02
7.02008e-01 2.14e-02
7.02800e-01 2.16e-02
7.03592e-01 2.18e-02
7.04384e-01 2.20e-02
7.05224e-01 2.21e-02
7.06014e-01 2.23e-02
7.06804e-01 2.25e-02
7.07592e-01 2.26e-02
7.08381e-01 2.27e-02
7.09168e-01 2.29e-02
7.09955e-01 2.30e-02
7.10741e-01 2.31e-02
7.11527e-01 2.31e-02
7.12361e-01 2.32e-02
7.13146e-01 2.32e-02
7.13538e-01 2.32e-02
7.15104e-01 2.32e-02
7.15887e-01 2.32e-02
7.16668e-01 2.31e-02
7.17401e-01 2.30e-02
7.18181e-01 2.29e-02
7.18961e-01 2.28e-02
7.19740e-01 2.27e-02
7.20519e-01 2.25e-02
7.21297e-01 2.24e-02
7.22075e-01 2.22e-02
7.22852e-01 2.20e-02
7.23628e-01 2.18e-02
7.24404e-01 2.16e-02
7.25130e-01 2.14e-02
7.25905e-01 2.12e-02
7.26679e-01 2.09e-02
7.27452e-01 2.07e-02
7.28225e-01 2.05e-02
7.28949e-01 2.02e-02
7.29720e-01 2.00e-02
7.30491e-01 1.98e-02
7.31262e-01 1.95e-02
7.31983e-01 1.93e-02
7.32752e-01 1.90e-02
7.33521e-01 1.88e-02
7.34241e-01 1.86e-02
7.35009e-01 1.83e-02
7.35776e-01 1.81e-02
7.36494e-01 1.79e-02
7.37260e-01 1.77e-02
7.38025e-01 1.75e-02
7.38742e-01 1.72e-02
7.39506e-01 1.70e-02
7.40222e-01 1.68e-02
7.40985e-01 1.66e-02
7.41747e-01 1.64e-02
7.42461e-01 1.62e-02
7.43222e-01 1.60e-02
7.43935e-01 1.59e-02
7.44695e-01 1.57e-02
7.45408e-01 1.55e-02
7.46166e-01 1.53e-02
7.46878e-01 1.51e-02
7.47635e-01 1.50e-02
7.48345e-01 1.48e-02
7.49102e-01 1.47e-02
7.49811e-01 1.45e-02
7.50567e-01 1.44e-02
7.51275e-01 1.42e-02
7.51982e-01 1.41e-02
7.52736e-01 1.39e-02
7.53442e-01 1.38e-02
7.54148e-01 1.37e-02
7.54901e-01 1.35e-02
7.55605e-01 1.34e-02
7.56357e-01 1.33e-02
7.57061e-01 1.32e-02
7.57764e-01 1.30e-02
7.58467e-01 1.29e-02
7.59216e-01 1.28e-02
7.59918e-01 1.27e-02
7.60619e-01 1.26e-02
7.61366e-01 1.25e-02
7.62067e-01 1.24e-02
7.62767e-01 1.23e-02
7.63466e-01 1.22e-02
7.64211e-01 1.21e-02
7.64910e-01 1.21e-02
7.65607e-01 1.20e-02
7.66305e-01 1.19e-02
7.67002e-01 1.18e-02
7.67698e-01 1.17e-02
7.68440e-01 1.17e-02
7.69136e-01 1.16e-02
7.69830e-01 1.15e-02
7.70525e-01 1.14e-02
7.71219e-01 1.13e-02
7.71912e-01 1.13e-02
7.72605e-01 1.12e-02
7.73298e-01 1.12e-02
7.73990e-01 1.11e-02
7.74358e-01 1.11e-02
7.74681e-01 1.10e-02
7.75418e-01 1.10e-02
7.76109e-01 1.09e-02
7.76799e-01 1.09e-02
7.77488e-01 1.08e-02
7.78177e-01 1.08e-02
7.78866e-01 1.07e-02
7.79554e-01 1.06e-02
7.80242e-01 1.06e-02
7.80929e-01 1.05e-02
7.81250e-01 1.05e-02
7.81570e-01 1.05e-02
7.81936e-01 1.05e-02
7.82622e-01 1.04e-02
7.83308e-01 1.04e-02
7.83993e-01 1.03e-02
7.84677e-01 1.03e-02
7.85362e-01 1.02e-02
7.86000e-01 1.02e-02
7.86683e-01 1.02e-02
7.87047e-01 1.01e-02
7.87366e-01 1.01e-02
7.87730e-01 1.01e-02
7.88366e-01 1.01e-02
7.88730e-01 1.01e-02
7.89411e-01 1.01e-02
7.90092e-01 1.01e-02
7.90410e-01 1.01e-02
7.91090e-01 1.01e-02
7.91408e-01 1.01e-02
7.91770e-01 1.01e-02
7.92087e-01 1.01e-02
7.92404e-01 1.01e-02
7.93083e-01 1.01e-02
7.93761e-01 9.99e-03
7.94078e-01 9.95e-03
7.94439e-01 9.86e-03
7.94756e-01 9.79e-03
7.95433e-01 9.61e-03
7.95749e-01 9.53e-03
7.96110e-01 9.48e-03
7.96741e-01 9.43e-03
7.97417e-01 9.37e-03
7.97732e-01 9.35e-03
7.98408e-01 9.31e-03
7.99083e-01 9.28e-03
7.99757e-01 9.25e-03
8.00386e-01 9.22e-03
8.01059e-01 9.19e-03
8.01732e-01 9.17e-03
8.02360e-01 9.14e-03
8.03032e-01 9.11e-03
8.03704e-01 9.09e-03
8.04331e-01 9.06e-03
8.05002e-01 9.03e-03
8.05627e-01 9.01e-03
8.06297e-01 8.98e-03
8.06967e-01 8.96e-03
8.07591e-01 8.93e-03
8.08260e-01 8.91e-03
8.08884e-01 8.89e-03
8.09551e-01 8.86e-03
8.10174e-01 8.84e-03
8.10841e-01 8.82e-03
8.11463e-01 8.80e-03
8.12129e-01 8.78e-03
8.12751e-01 8.76e-03
8.13416e-01 8.74e-03
8.14036e-01 8.73e-03
8.15321e-01 8.72e-03
8.15984e-01 8.82e-03
8.16294e-01 8.86e-03
8.16603e-01 8.90e-03
8.16956e-01 8.93e-03
8.17266e-01 8.86e-03
8.17884e-01 8.73e-03
8.18193e-01 8.66e-03
8.18546e-01 8.63e-03
8.19163e-01 8.59e-03
8.19824e-01 8.56e-03
8.20440e-01 8.54e-03
8.21057e-01 8.51e-03
8.21716e-01 8.49e-03
8.22332e-01 8.47e-03
8.22947e-01 8.46e-03
8.23605e-01 8.44e-03
8.24219e-01 8.42e-03
8.24833e-01 8.41e-03
8.25490e-01 8.39e-03
8.26103e-01 8.38e-03
8.26716e-01 8.36e-03
8.27372e-01 8.35e-03
8.27984e-01 8.34e-03
8.28595e-01 8.32e-03
8.29250e-01 8.31e-03
8.29861e-01 8.30e-03
8.30471e-01 8.29e-03
8.31081e-01 8.28e-03
8.31735e-01 8.26e-03
8.32344e-01 8.25e-03
8.32953e-01 8.24e-03
8.33561e-01 8.23e-03
8.34213e-01 8.22e-03
8.34820e-01 8.21e-03
8.35428e-01 8.20e-03
8.36035e-01 8.19e-03
8.36641e-01 8.18e-03
8.37291e-01 8.18e-03
8.45482e-01 8.08e-03
8.47883e-01 8.06e-03
8.48526e-01 8.05e-03
8.49424e-01 8.03e-03
8.68822e-01 7.90e-03
8.72297e-01 7.87e-03
8.75135e-01 7.83e-03
8.75719e-01 7.83e-03
8.76843e-01 7.81e-03
8.77425e-01 7.80e-03
8.78007e-01 7.80e-03
8.78547e-01 7.79e-03
8.79129e-01 7.78e-03
8.79710e-01 7.76e-03
8.80249e-01 7.75e-03
8.80829e-01 7.74e-03
8.81368e-01 7.72e-03
8.81948e-01 7.71e-03
8.82527e-01 7.69e-03
8.83065e-01 7.68e-03
8.83644e-01 7.67e-03
8.84181e-01 7.65e-03
8.84759e-01 7.64e-03
8.85337e-01 7.63e-03
8.85873e-01 7.62e-03
8.86450e-01 7.60e-03
8.86985e-01 7.59e-03
8.87562e-01 7.58e-03
8.87850e-01 7.57e-03
8.88097e-01 7.56e-03
8.88673e-01 7.54e-03
8.89248e-01 7.53e-03
8.89782e-01 7.51e-03
8.90357e-01 7.50e-03
8.90891e-01 7.48e-03
8.91465e-01 7.47e-03
8.91998e-01 7.45e-03
8.92572e-01 7.44e-03
8.93104e-01 7.42e-03
8.93677e-01 7.41e-03
8.94209e-01 7.39e-03
8.94781e-01 7.37e-03
8.95312e-01 7.36e-03
8.95843e-01 7.34e-03
8.96415e-01 7.33e-03
8.96945e-01 7.31e-03
8.97516e-01 7.30e-03
8.98045e-01 7.29e-03
8.98615e-01 7.27e-03
8.99145e-01 7.26e-03
8.99673e-01 7.25e-03
9.00243e-01 7.24e-03
9.00527e-01 7.24e-03
9.01867e-01 7.24e-03
9.02395e-01 7.16e-03
9.02962e-01 7.09e-03
9.03205e-01 7.07e-03
9.03489e-01 7.05e-03
9.03773e-01 7.04e-03
9.04299e-01 7.04e-03
9.04866e-01 7.03e-03
9.05392e-01 7.02e-03
9.05917e-01 7.01e-03
9.06200e-01 7.00e-03
9.06725e-01 6.98e-03
9.07290e-01 6.96e-03
9.07815e-01 6.95e-03
9.08339e-01 6.93e-03
9.08904e-01 6.92e-03
9.09427e-01 6.90e-03
9.09669e-01 6.90e-03
9.09951e-01 6.89e-03
9.10474e-01 6.88e-03
9.11037e-01 6.86e-03
9.11560e-01 6.85e-03
9.12082e-01 6.83e-03
9.12644e-01 6.82e-03
9.13166e-01 6.80e-03
9.13687e-01 6.79e-03
9.14209e-01 6.78e-03
9.14770e-01 6.76e-03
9.15290e-01 6.75e-03
9.15811e-01 6.74e-03
9.16331e-01 6.72e-03
9.16851e-01 6.72e-03
9.17130e-01 6.71e-03
9.17410e-01 6.69e-03
9.17650e-01 6.67e-03
9.18169e-01 6.67e-03
9.18728e-01 6.66e-03
9.19246e-01 6.64e-03
9.19765e-01 6.63e-03
9.20283e-01 6.62e-03
9.20801e-01 6.61e-03
9.21358e-01 6.60e-03
9.21875e-01 6.59e-03
9.22392e-01 6.57e-03
9.22909e-01 6.56e-03
9.23425e-01 6.55e-03
9.23941e-01 6.54e-03
9.24457e-01 6.53e-03
9.25013e-01 6.52e-03
9.25766e-01 6.51e-03
9.26558e-01 6.51e-03
9.27864e-01 6.52e-03
9.28377e-01 6.50e-03
9.28891e-01 6.47e-03
9.29128e-01 6.46e-03
9.29404e-01 6.44e-03
9.29681e-01 6.44e-03
9.29917e-01 6.44e-03
9.30430e-01 6.43e-03
9.30943e-01 6.42e-03
9.31219e-01 6.42e-03
9.32243e-01 6.42e-03
9.40163e-01 6.36e-03
9.40671e-01 6.36e-03
9.40905e-01 6.36e-03
9.41139e-01 6.36e-03
9.41413e-01 6.36e-03
9.43672e-01 6.38e-03
9.43945e-01 6.37e-03
9.44450e-01 6.39e-03
9.44684e-01 6.37e-03
9.44956e-01 6.34e-03
9.45189e-01 6.32e-03
9.47712e-01 6.34e-03
9.47944e-01 6.34e-03
9.48177e-01 6.34e-03
9.51194e-01 6.35e-03
9.51426e-01 6.36e-03
9.51696e-01 6.34e-03
9.54164e-01 6.33e-03
9.54665e-01 6.32e-03
9.54896e-01 6.33e-03
9.56857e-01 6.31e-03
9.58085e-01 6.30e-03
9.58354e-01 6.29e-03
9.58584e-01 6.29e-03
9.59082e-01 6.29e-03
9.59580e-01 6.28e-03
9.60040e-01 6.26e-03
9.60537e-01 6.26e-03
9.61035e-01 6.25e-03
9.61532e-01 6.24e-03
9.61990e-01 6.23e-03
9.62258e-01 6.22e-03
9.62487e-01 6.21e-03
9.62983e-01 6.20e-03
9.63480e-01 6.19e-03
9.63937e-01 6.18e-03
9.64204e-01 6.17e-03
9.64433e-01 6.15e-03
9.64662e-01 6.14e-03
9.65386e-01 6.13e-03
9.66147e-01 6.12e-03
9.66375e-01 6.07e-03
9.66604e-01 6.06e-03
9.67098e-01 6.05e-03
9.67326e-01 6.05e-03
9.67592e-01 6.04e-03
9.68048e-01 6.03e-03
9.68542e-01 6.02e-03
9.69035e-01 6.00e-03
9.69490e-01 5.99e-03
9.69756e-01 5.98e-03
9.69983e-01 5.98e-03
9.70211e-01 5.96e-03
9.70703e-01 5.94e-03
9.70930e-01 5.93e-03
9.71195e-01 5.92e-03
9.71423e-01 5.92e-03
9.71650e-01 5.90e-03
9.71915e-01 5.89e-03
9.72369e-01 5.88e-03
9.72860e-01 5.86e-03
9.73351e-01 5.85e-03
9.73805e-01 5.83e-03
9.74295e-01 5.82e-03
9.74786e-01 5.80e-03
9.75239e-01 5.79e-03
9.75729e-01 5.77e-03
9.75955e-01 5.77e-03
9.76181e-01 5.76e-03
9.76671e-01 5.75e-03
9.77160e-01 5.73e-03
9.77612e-01 5.72e-03
9.78101e-01 5.71e-03
9.78326e-01 5.71e-03
9.78552e-01 5.71e-03
9.78815e-01 5.65e-03
9.79266e-01 5.66e-03
9.79528e-01 5.65e-03
9.79754e-01 5.65e-03
9.79979e-01 5.65e-03
9.80467e-01 5.64e-03
9.80692e-01 5.63e-03
9.80917e-01 5.61e-03
9.81179e-01 5.61e-03
9.81629e-01 5.61e-03
9.82116e-01 5.60e-03
9.82565e-01 5.59e-03
9.83052e-01 5.58e-03
9.83762e-01 5.57e-03
9.85854e-01 5.55e-03
9.86078e-01 5.55e-03
9.86339e-01 5.55e-03
9.86563e-01 5.51e-03
9.86786e-01 5.52e-03
9.87718e-01 5.52e-03
9.87941e-01 5.51e-03
9.88202e-01 5.51e-03
9.91213e-01 5.52e-03
9.91435e-01 5.52e-03
9.91658e-01 5.53e-03
9.91918e-01 5.50e-03
9.92362e-01 5.51e-03
9.92585e-01 5.52e-03
9.92844e-01 5.51e-03
9.93067e-01 5.52e-03
9.94917e-01 5.54e-03
9.95139e-01 5.54e-03
9.95361e-01 5.56e-03
9.95582e-01 5.53e-03
9.95804e-01 5.54e-03
9.96284e-01 5.55e-03
1.00015e+00 5.57e-03
1.00155e+00 5.57e-03
1.00291e+00 5.57e-03
1.00335e+00 5.56e-03
1.00379e+00 5.56e-03
1.00426e+00 5.55e-03
1.00470e+00 5.54e-03
1.00518e+00 5.53e-03
1.00540e+00 5.53e-03
1.00584e+00 5.51e-03
1.00628e+00 5.50e-03
1.00675e+00 5.48e-03
1.00719e+00 5.47e-03
1.00763e+00 5.45e-03
1.00810e+00 5.43e-03
1.00854e+00 5.42e-03
1.00898e+00 5.40e-03
1.00945e+00 5.38e-03
1.00989e+00 5.36e-03
1.01033e+00 5.35e-03
1.01080e+00 5.33e-03
1.01124e+00 5.31e-03
1.01167e+00 5.29e-03
1.01215e+00 5.27e-03
1.01258e+00 5.25e-03
1.01302e+00 5.24e-03
1.01345e+00 5.22e-03
1.01393e+00 5.20e-03
1.01436e+00 5.19e-03
1.01480e+00 5.17e-03
1.01527e+00 5.16e-03
1.01570e+00 5.14e-03
1.01614e+00 5.13e-03
1.01657e+00 5.12e-03
1.01704e+00 5.11e-03
1.01747e+00 5.10e-03
1.01791e+00 5.09e-03
1.01834e+00 5.08e-03
1.01881e+00 5.07e-03
1.01924e+00 5.07e-03
1.01968e+00 5.06e-03
1.02011e+00 5.05e-03
1.02188e+00 5.05e-03
1.02321e+00 5.06e-03
1.02364e+00 5.06e-03
1.02407e+00 5.07e-03
1.02450e+00 5.07e-03
1.02497e+00 5.08e-03
1.02540e+00 5.09e-03
1.02583e+00 5.10e-03
1.02626e+00 5.11e-03
1.02669e+00 5.12e-03
1.02712e+00 5.12e-03
1.02758e+00 5.13e-03
1.02801e+00 5.14e-03
1.02844e+00 5.15e-03
1.03040e+00 5.18e-03
1.03169e+00 5.17e-03
1.03212e+00 5.17e-03
1.03254e+00 5.16e-03
1.03297e+00 5.15e-03
1.03343e+00 5.14e-03
1.03386e+00 5.13e-03
1.03429e+00 5.11e-03
1.03471e+00 5.10e-03
1.03514e+00 5.08e-03
1.03557e+00 5.06e-03
1.03599e+00 5.04e-03
1.03642e+00 5.03e-03
1.03684e+00 5.01e-03
1.03730e+00 4.99e-03
1.03773e+00 4.97e-03
1.03815e+00 4.96e-03
1.03858e+00 4.94e-03
1.03900e+00 4.93e-03
1.03943e+00 4.92e-03
1.03985e+00 4.90e-03
1.04028e+00 4.89e-03
1.04091e+00 4.88e-03
1.04239e+00 4.87e-03
1.04324e+00 4.88e-03
1.04370e+00 4.88e-03
1.04412e+00 4.89e-03
1.04454e+00 4.90e-03
1.04497e+00 4.92e-03
1.04539e+00 4.93e-03
1.04581e+00 4.95e-03
1.04623e+00 4.97e-03
1.04665e+00 4.99e-03
1.04707e+00 5.01e-03
1.04749e+00 5.03e-03
1.04792e+00 5.05e-03
1.04834e+00 5.07e-03
1.04876e+00 5.09e-03
1.04918e+00 5.10e-03
1.04960e+00 5.12e-03
1.05065e+00 5.14e-03
1.05128e+00 5.13e-03
1.05170e+00 5.12e-03
1.05211e+00 5.11e-03
1.05253e+00 5.10e-03
1.05295e+00 5.08e-03
1.05337e+00 5.06e-03
1.05379e+00 5.04e-03
1.05421e+00 5.02e-03
1.05463e+00 5.00e-03
1.05504e+00 4.98e-03
1.05543e+00 4.95e-03
1.05584e+00 4.93e-03
1.05626e+00 4.91e-03
1.05668e+00 4.90e-03
1.05710e+00 4.88e-03
1.05751e+00 4.86e-03
1.05793e+00 4.85e-03
1.05835e+00 4.84e-03
1.05939e+00 4.83e-03
1.06022e+00 4.83e-03
1.06205e+00 4.84e-03
1.06226e+00 4.84e-03
1.06267e+00 4.83e-03
1.06309e+00 4.82e-03
1.06350e+00 4.81e-03
1.06392e+00 4.78e-03
1.06433e+00 4.75e-03
1.06454e+00 5.92e-03
1.06495e+00 5.87e-03
1.06537e+00 5.82e-03
1.06574e+00 5.77e-03
1.06616e+00 5.71e-03
1.06657e+00 5.65e-03
1.06698e+00 5.59e-03
1.06740e+00 5.53e-03
1.06781e+00 5.48e-03
1.06822e+00 5.42e-03
1.06860e+00 5.37e-03
1.06901e+00 5.31e-03
1.06942e+00 5.26e-03
1.06984e+00 5.22e-03
1.07025e+00 5.17e-03
1.07066e+00 5.13e-03
1.07107e+00 5.09e-03
1.07145e+00 5.06e-03
1.07186e+00 5.03e-03
1.07227e+00 4.99e-03
1.07247e+00 4.98e-03
1.07288e+00 4.95e-03
1.07329e+00 4.92e-03
1.07370e+00 4.89e-03
1.07408e+00 4.87e-03
1.07449e+00 4.84e-03
1.07490e+00 4.82e-03
1.07531e+00 4.80e-03
1.07572e+00 4.77e-03
1.07609e+00 4.76e-03
1.07650e+00 4.74e-03
1.07691e+00 4.72e-03
1.07732e+00 4.70e-03
1.07773e+00 4.68e-03
1.07810e+00 4.66e-03
1.07851e+00 4.65e-03
1.07892e+00 4.63e-03
1.07933e+00 4.62e-03
1.07974e+00 4.60e-03
1.08011e+00 4.59e-03
1.08052e+00 4.57e-03
1.08092e+00 4.56e-03
1.08133e+00 4.55e-03
1.08170e+00 4.53e-03
1.08211e+00 4.52e-03
1.08252e+00 4.51e-03
1.08292e+00 4.49e-03
1.08333e+00 4.48e-03
1.08370e+00 4.47e-03
1.08411e+00 4.46e-03
1.08451e+00 4.45e-03
1.08492e+00 4.44e-03
1.08529e+00 4.43e-03
1.08570e+00 4.42e-03
1.08610e+00 4.41e-03
1.08651e+00 4.40e-03
1.08688e+00 4.39e-03
1.08728e+00 4.38e-03
1.08769e+00 4.37e-03
1.08806e+00 4.36e-03
1.08846e+00 4.35e-03
1.08886e+00 4.34e-03
1.08927e+00 4.33e-03
1.08964e+00 4.32e-03
1.09004e+00 4.31e-03
1.09045e+00 4.30e-03
1.09085e+00 4.29e-03
1.09122e+00 4.29e-03
1.09162e+00 4.28e-03
1.09202e+00 4.27e-03
1.09239e+00 4.26e-03
1.09280e+00 4.25e-03
1.09320e+00 4.24e-03
1.09357e+00 4.23e-03
1.09397e+00 4.23e-03
1.09437e+00 4.22e-03
1.09477e+00 4.21e-03
1.09534e+00 4.20e-03
1.09574e+00 4.19e-03
1.09611e+00 4.18e-03
1.09651e+00 4.18e-03
1.09691e+00 4.17e-03
1.09728e+00 4.16e-03
1.09768e+00 4.15e-03
1.09808e+00 4.15e-03
1.09845e+00 4.14e-03
1.09885e+00 4.13e-03
1.09925e+00 4.13e-03
1.09961e+00 4.12e-03
1.10001e+00 4.11e-03
1.10041e+00 4.10e-03
1.10078e+00 4.10e-03
1.10118e+00 4.09e-03
1.10157e+00 4.08e-03
1.10194e+00 4.08e-03
1.10234e+00 4.07e-03
1.10274e+00 4.06e-03
1.10310e+00 4.06e-03
1.10350e+00 4.05e-03
1.10390e+00 4.04e-03
1.10426e+00 4.04e-03
1.10466e+00 4.03e-03
1.10503e+00 4.02e-03
1.10542e+00 4.02e-03
1.10582e+00 4.01e-03
1.10618e+00 4.00e-03
1.10658e+00 4.00e-03
1.10698e+00 3.99e-03
1.10734e+00 3.99e-03
1.10774e+00 3.98e-03
1.10810e+00 3.97e-03
1.10850e+00 3.97e-03
1.10889e+00 3.96e-03
1.10926e+00 3.96e-03
1.10965e+00 3.95e-03
1.11001e+00 3.94e-03
1.11041e+00 3.94e-03
1.11080e+00 3.93e-03
1.11117e+00 3.93e-03
1.11156e+00 3.92e-03
1.11192e+00 3.92e-03
1.11232e+00 3.91e-03
1.11268e+00 3.90e-03
1.11307e+00 3.90e-03
1.11347e+00 3.89e-03
1.11383e+00 3.89e-03
1.11422e+00 3.88e-03
1.11458e+00 3.87e-03
1.11498e+00 3.87e-03
1.11534e+00 3.86e-03
1.11573e+00 3.86e-03
1.11612e+00 3.85e-03
1.11648e+00 3.85e-03
1.11688e+00 3.84e-03
1.11724e+00 3.84e-03
1.11763e+00 3.83e-03
1.11799e+00 3.83e-03
1.11838e+00 3.82e-03
1.11874e+00 3.81e-03
1.11913e+00 3.81e-03
1.11953e+00 3.80e-03
1.11988e+00 3.80e-03
1.12028e+00 3.79e-03
1.12063e+00 3.79e-03
1.12103e+00 3.78e-03
1.12138e+00 3.78e-03
1.12178e+00 3.77e-03
1.12213e+00 3.77e-03
1.12252e+00 3.77e-03
1.12288e+00 3.76e-03
1.12327e+00 3.75e-03
1.12512e+00 3.73e-03
1.12551e+00 3.72e-03
1.12587e+00 3.72e-03
1.12626e+00 3.72e-03
1.12662e+00 3.71e-03
1.12701e+00 3.71e-03
1.12736e+00 3.70e-03
1.12775e+00 3.70e-03
1.12811e+00 3.69e-03
1.12998e+00 3.67e-03
1.13034e+00 3.67e-03
1.13072e+00 3.66e-03
1.13108e+00 3.66e-03
1.13147e+00 3.65e-03
1.13256e+00 3.64e-03
1.13295e+00 3.63e-03
1.13330e+00 3.63e-03
1.13369e+00 3.63e-03
1.13404e+00 3.62e-03
1.13443e+00 3.62e-03
1.13478e+00 3.61e-03
1.13514e+00 3.61e-03
1.13552e+00 3.60e-03
1.13588e+00 3.60e-03
1.13626e+00 3.59e-03
1.13681e+00 3.59e-03
1.13716e+00 3.60e-03
1.13735e+00 3.60e-03
1.13754e+00 3.60e-03
1.13790e+00 3.59e-03
1.13828e+00 3.57e-03
1.13844e+00 3.57e-03
1.13883e+00 3.56e-03
1.13918e+00 3.56e-03
1.13956e+00 3.56e-03
1.13991e+00 3.55e-03
1.14030e+00 3.55e-03
1.14065e+00 3.54e-03
1.14100e+00 3.54e-03
1.14138e+00 3.53e-03
1.14174e+00 3.53e-03
1.14212e+00 3.53e-03
1.14247e+00 3.52e-03
1.14266e+00 3.52e-03
1.14285e+00 3.52e-03
1.14320e+00 3.51e-03
1.14355e+00 3.51e-03
1.14394e+00 3.50e-03
1.14429e+00 3.50e-03
1.14467e+00 3.50e-03
1.14502e+00 3.49e-03
1.14537e+00 3.49e-03
1.14575e+00 3.48e-03
1.14610e+00 3.48e-03
1.14648e+00 3.48e-03
1.14683e+00 3.47e-03
1.14718e+00 3.47e-03
1.14756e+00 3.46e-03
1.14791e+00 3.46e-03
1.14829e+00 3.46e-03
1.14864e+00 3.45e-03
1.14899e+00 3.45e-03
1.14937e+00 3.44e-03
1.14972e+00 3.44e-03
1.15010e+00 3.44e-03
1.15045e+00 3.43e-03
1.15079e+00 3.43e-03
1.15117e+00 3.43e-03
1.15152e+00 3.42e-03
1.15187e+00 3.42e-03
1.15225e+00 3.41e-03
1.15260e+00 3.41e-03
1.15297e+00 3.41e-03
1.15420e+00 3.39e-03
1.15439e+00 3.39e-03
1.15458e+00 3.39e-03
1.16134e+00 3.33e-03
1.16152e+00 3.33e-03
1.16171e+00 3.33e-03
1.16206e+00 3.32e-03
1.16240e+00 3.32e-03
1.16278e+00 3.31e-03
1.16312e+00 3.31e-03
1.16346e+00 3.31e-03
1.16384e+00 3.30e-03
1.16418e+00 3.30e-03
1.16452e+00 3.29e-03
1.16487e+00 3.29e-03
1.16524e+00 3.29e-03
1.16559e+00 3.28e-03
1.16593e+00 3.28e-03
1.16630e+00 3.28e-03
1.16646e+00 3.27e-03
1.16683e+00 3.27e-03
1.16717e+00 3.26e-03
1.16752e+00 3.26e-03
1.16789e+00 3.26e-03
1.16823e+00 3.25e-03
1.16857e+00 3.25e-03
1.16892e+00 3.25e-03
1.16929e+00 3.24e-03
1.16963e+00 3.24e-03
1.17573e+00 3.18e-03
1.18387e+00 3.12e-03
1.19156e+00 3.06e-03
1.19259e+00 3.06e-03
1.19310e+00 3.05e-03
1.19767e+00 3.02e-03
1.20321e+00 2.99e-03
1.20354e+00 2.99e-03
1.20573e+00 2.97e-03
1.20591e+00 2.98e-03
1.20606e+00 2.97e-03
1.21021e+00 2.95e-03
1.21536e+00 2.93e-03
1.21702e+00 2.92e-03
1.21717e+00 2.92e-03
1.21832e+00 2.92e-03
1.22210e+00 2.91e-03
1.22357e+00 2.91e-03
1.22472e+00 2.91e-03
1.22586e+00 2.90e-03
1.22601e+00 2.91e-03
1.22618e+00 2.90e-03
1.23055e+00 2.90e-03
1.23072e+00 2.91e-03
1.23154e+00 2.90e-03
1.23300e+00 2.91e-03
1.23314e+00 2.91e-03
1.23332e+00 2.92e-03
1.23346e+00 2.91e-03
1.23378e+00 2.91e-03
1.23396e+00 2.91e-03
1.23410e+00 2.91e-03
1.23509e+00 2.91e-03
1.23684e+00 2.90e-03
1.23701e+00 2.91e-03
1.23719e+00 2.90e-03
1.23765e+00 2.90e-03
1.23782e+00 2.91e-03
1.23797e+00 2.90e-03
1.23878e+00 2.90e-03
1.23892e+00 2.91e-03
1.23910e+00 2.91e-03
1.23924e+00 2.90e-03
1.24133e+00 2.90e-03
1.24164e+00 2.90e-03
1.24182e+00 2.90e-03
1.24565e+00 2.88e-03
1.24580e+00 2.89e-03
1.24611e+00 2.88e-03
1.24643e+00 2.88e-03
1.24881e+00 2.86e-03
1.24898e+00 2.86e-03
1.24930e+00 2.85e-03
1.24962e+00 2.85e-03
1.24993e+00 2.85e-03
1.25025e+00 2.84e-03
1.25056e+00 2.84e-03
1.25088e+00 2.84e-03
1.25119e+00 2.84e-03
1.25151e+00 2.83e-03
1.25182e+00 2.83e-03
1.25213e+00 2.83e-03
1.25245e+00 2.82e-03
1.25276e+00 2.82e-03
1.25308e+00 2.82e-03
1.25339e+00 2.81e-03
1.25371e+00 2.81e-03
1.25402e+00 2.81e-03
1.25433e+00 2.80e-03
1.25465e+00 2.80e-03
1.25496e+00 2.80e-03
1.25527e+00 2.79e-03
1.25559e+00 2.79e-03
1.25590e+00 2.78e-03
1.25621e+00 2.78e-03
1.25653e+00 2.78e-03
1.25684e+00 2.77e-03
1.25715e+00 2.77e-03
1.25749e+00 2.77e-03
1.25781e+00 2.76e-03
1.25812e+00 2.76e-03
1.25843e+00 2.75e-03
1.25875e+00 2.75e-03
1.25906e+00 2.75e-03
1.25937e+00 2.74e-03
1.25968e+00 2.74e-03
1.25999e+00 2.74e-03
1.26031e+00 2.73e-03
1.26062e+00 2.73e-03
1.26093e+00 2.72e-03
1.26124e+00 2.72e-03
1.26155e+00 2.72e-03
1.26186e+00 2.71e-03
1.26218e+00 2.71e-03
1.26249e+00 2.70e-03
1.26280e+00 2.70e-03
1.26311e+00 2.70e-03
1.26342e+00 2.69e-03
1.26373e+00 2.69e-03
1.26404e+00 2.68e-03
1.26435e+00 2.68e-03
1.26466e+00 2.68e-03
1.26497e+00 2.67e-03
1.26528e+00 2.67e-03
1.26559e+00 2.67e-03
1.26590e+00 2.66e-03
1.26621e+00 2.66e-03
1.26652e+00 2.66e-03
1.26683e+00 2.65e-03
1.26714e+00 2.65e-03
1.26745e+00 2.65e-03
1.26776e+00 2.64e-03
1.26807e+00 2.64e-03
1.26838e+00 2.64e-03
1.26869e+00 2.63e-03
1.26900e+00 2.63e-03
1.26931e+00 2.63e-03
1.26962e+00 2.62e-03
1.26993e+00 2.62e-03
1.27024e+00 2.62e-03
1.27055e+00 2.61e-03
1.27086e+00 2.61e-03
1.27116e+00 2.61e-03
1.27147e+00 2.60e-03
1.27178e+00 2.60e-03
1.27209e+00 2.60e-03
1.27240e+00 2.59e-03
1.27271e+00 2.59e-03
1.27301e+00 2.59e-03
1.27332e+00 2.59e-03
1.27363e+00 2.58e-03
1.27394e+00 2.58e-03
1.27424e+00 2.58e-03
1.27455e+00 2.57e-03
1.27486e+00 2.57e-03
1.27517e+00 2.57e-03
1.27547e+00 2.57e-03
1.27578e+00 2.56e-03
1.27609e+00 2.56e-03
1.27640e+00 2.56e-03
1.27670e+00 2.55e-03
1.28268e+00 2.51e-03
1.28647e+00 2.48e-03
1.28995e+00 2.46e-03
1.29555e+00 2.43e-03
1.29809e+00 2.42e-03
1.30049e+00 2.41e-03
1.30183e+00 2.41e-03
1.30346e+00 2.40e-03
1.30405e+00 2.40e-03
1.30435e+00 2.40e-03
1.30465e+00 2.40e-03
1.30601e+00 2.39e-03
1.30630e+00 2.40e-03
1.30644e+00 2.40e-03
1.30674e+00 2.39e-03
1.30690e+00 2.39e-03
1.31297e+00 2.38e-03
1.31855e+00 2.38e-03
1.31901e+00 2.38e-03
1.31943e+00 2.38e-03
1.31989e+00 2.38e-03
1.32601e+00 2.37e-03
1.32922e+00 2.35e-03
1.33213e+00 2.33e-03
1.33226e+00 2.34e-03
1.33255e+00 2.33e-03
1.33271e+00 2.33e-03
1.33529e+00 2.31e-03
1.33558e+00 2.31e-03
1.33574e+00 2.31e-03
1.33776e+00 2.30e-03
1.33789e+00 2.30e-03
1.33818e+00 2.30e-03
1.33920e+00 2.29e-03
1.33991e+00 2.29e-03
1.34020e+00 2.28e-03
1.34122e+00 2.27e-03
1.34135e+00 2.27e-03
1.34151e+00 2.27e-03
1.34179e+00 2.27e-03
1.34192e+00 2.27e-03
1.34451e+00 2.25e-03
1.34464e+00 2.26e-03
1.34480e+00 2.25e-03
1.34493e+00 2.25e-03
1.34521e+00 2.25e-03
1.34709e+00 2.24e-03
1.34766e+00 2.24e-03
1.34807e+00 2.24e-03
1.34909e+00 2.23e-03
1.35207e+00 2.23e-03
1.35506e+00 2.23e-03
1.35818e+00 2.24e-03
1.35931e+00 2.24e-03
1.35987e+00 2.24e-03
1.36000e+00 2.25e-03
1.36028e+00 2.24e-03
1.36044e+00 2.24e-03
1.36085e+00 2.24e-03
1.36100e+00 2.25e-03
1.36113e+00 2.24e-03
1.36228e+00 2.25e-03
1.36241e+00 2.25e-03
1.36257e+00 2.25e-03
1.36269e+00 2.25e-03
1.36622e+00 2.27e-03
1.36887e+00 2.27e-03
1.36902e+00 2.27e-03
1.37085e+00 2.26e-03
1.37098e+00 2.26e-03
1.37182e+00 2.25e-03
1.37321e+00 2.24e-03
1.37349e+00 2.24e-03
1.37377e+00 2.24e-03
1.37404e+00 2.23e-03
1.37490e+00 2.23e-03
1.37518e+00 2.22e-03
1.37546e+00 2.22e-03
1.37574e+00 2.22e-03
1.37602e+00 2.22e-03
1.37629e+00 2.21e-03
1.37740e+00 2.20e-03
1.37768e+00 2.20e-03
1.37796e+00 2.20e-03
1.37824e+00 2.19e-03
1.37851e+00 2.19e-03
1.37879e+00 2.19e-03
1.37907e+00 2.19e-03
1.37935e+00 2.18e-03
1.38199e+00 2.17e-03
1.38434e+00 2.16e-03
1.38629e+00 2.16e-03
1.38739e+00 2.17e-03
1.38822e+00 2.17e-03
1.38849e+00 2.18e-03
1.38877e+00 2.18e-03
1.38904e+00 2.18e-03
1.38931e+00 2.18e-03
1.38959e+00 2.18e-03
1.38986e+00 2.19e-03
1.39016e+00 2.19e-03
1.39044e+00 2.19e-03
1.39071e+00 2.19e-03
1.39098e+00 2.20e-03
1.39126e+00 2.20e-03
1.39332e+00 2.21e-03
1.39483e+00 2.22e-03
1.39565e+00 2.21e-03
1.39620e+00 2.21e-03
1.39647e+00 2.21e-03
1.39674e+00 2.21e-03
1.39704e+00 2.20e-03
1.39731e+00 2.20e-03
1.39758e+00 2.20e-03
1.39785e+00 2.19e-03
1.39812e+00 2.19e-03
1.39840e+00 2.18e-03
1.39867e+00 2.18e-03
1.39894e+00 2.18e-03
1.39921e+00 2.17e-03
1.39948e+00 2.17e-03
1.39975e+00 2.17e-03
1.40005e+00 2.16e-03
1.40032e+00 2.16e-03
1.40059e+00 2.15e-03
1.40086e+00 2.15e-03
1.40113e+00 2.15e-03
1.40140e+00 2.14e-03
1.40155e+00 2.14e-03
1.40182e+00 2.14e-03
1.40332e+00 2.12e-03
1.40482e+00 2.12e-03
1.40563e+00 2.12e-03
1.40590e+00 2.13e-03
1.40620e+00 2.13e-03
1.40632e+00 2.13e-03
1.40646e+00 2.13e-03
1.40673e+00 2.13e-03
1.40700e+00 2.14e-03
1.40727e+00 2.14e-03
1.40754e+00 2.14e-03
1.40781e+00 2.15e-03
1.40808e+00 2.15e-03
1.40837e+00 2.16e-03
1.40864e+00 2.16e-03
1.40891e+00 2.16e-03
1.40918e+00 2.17e-03
1.40945e+00 2.17e-03
1.40972e+00 2.18e-03
1.40999e+00 2.18e-03
1.41025e+00 2.18e-03
1.41055e+00 2.18e-03
1.41150e+00 2.18e-03
1.41204e+00 2.18e-03
1.41230e+00 2.18e-03
1.41257e+00 2.17e-03
1.41284e+00 2.17e-03
1.41311e+00 2.17e-03
1.41340e+00 2.16e-03
1.41367e+00 2.15e-03
1.41393e+00 2.15e-03
1.41420e+00 2.14e-03
1.41447e+00 2.14e-03
1.41474e+00 2.13e-03
1.41500e+00 2.12e-03
1.41529e+00 2.12e-03
1.41556e+00 2.11e-03
1.41583e+00 2.11e-03
1.41610e+00 2.10e-03
1.41636e+00 2.10e-03
1.41663e+00 2.09e-03
1.41704e+00 2.09e-03
1.41799e+00 2.08e-03
1.41866e+00 2.08e-03
1.41920e+00 2.09e-03
1.41946e+00 2.09e-03
1.41975e+00 2.09e-03
1.42002e+00 2.10e-03
1.42029e+00 2.10e-03
1.42055e+00 2.11e-03
1.42082e+00 2.11e-03
1.42108e+00 2.12e-03
1.42137e+00 2.12e-03
1.42231e+00 2.13e-03
1.42258e+00 2.13e-03
1.42284e+00 2.13e-03
1.42311e+00 2.12e-03
1.42337e+00 2.12e-03
1.42366e+00 2.11e-03
1.42393e+00 2.10e-03
1.42419e+00 2.09e-03
1.42446e+00 2.08e-03
1.42472e+00 2.06e-03
1.42501e+00 2.05e-03
1.42527e+00 2.04e-03
1.42554e+00 2.02e-03
1.42580e+00 2.01e-03
1.42607e+00 2.00e-03
1.42636e+00 1.98e-03
1.42662e+00 1.97e-03
1.42688e+00 1.96e-03
1.42715e+00 1.94e-03
1.42741e+00 1.93e-03
1.42768e+00 1.92e-03
1.42796e+00 1.91e-03
1.42823e+00 1.90e-03
1.42835e+00 1.89e-03
1.42849e+00 2.35e-03
1.42876e+00 2.34e-03
1.42902e+00 2.33e-03
1.42931e+00 2.32e-03
1.42957e+00 2.31e-03
1.42983e+00 2.31e-03
1.43010e+00 2.30e-03
1.43038e+00 2.29e-03
1.43065e+00 2.29e-03
1.43091e+00 2.28e-03
1.43117e+00 2.28e-03
1.43132e+00 2.27e-03
1.43144e+00 2.27e-03
1.43172e+00 2.26e-03
1.43198e+00 2.26e-03
1.43225e+00 2.25e-03
1.43251e+00 2.25e-03
1.43277e+00 2.25e-03
1.43306e+00 2.24e-03
1.43332e+00 2.24e-03
1.43358e+00 2.23e-03
1.43385e+00 2.23e-03
1.43413e+00 2.23e-03
1.43439e+00 2.22e-03
1.43466e+00 2.22e-03
1.43492e+00 2.22e-03
1.43518e+00 2.22e-03
1.43547e+00 2.21e-03
1.43573e+00 2.21e-03
1.43599e+00 2.21e-03
1.43625e+00 2.20e-03
1.43654e+00 2.20e-03
1.43680e+00 2.20e-03
1.43706e+00 2.20e-03
1.44118e+00 2.17e-03
1.44532e+00 2.15e-03
1.44889e+00 2.13e-03
1.45671e+00 2.10e-03
1.46305e+00 2.08e-03
1.46316e+00 2.08e-03
1.48033e+00 2.03e-03
1.49479e+00 2.00e-03
1.51868e+00 1.95e-03
1.53295e+00 1.92e-03
1.53564e+00 1.92e-03
1.53577e+00 1.92e-03
1.54792e+00 1.89e-03
1.55751e+00 1.88e-03
1.55764e+00 1.88e-03
1.56056e+00 1.87e-03
1.56580e+00 1.86e-03
1.56592e+00 1.87e-03
1.56835e+00 1.86e-03
1.56847e+00 1.86e-03
1.57039e+00 1.86e-03
1.61182e+00 1.80e-03
1.76789e+00 1.61e-03
1.82290e+00 1.56e-03
1.82436e+00 1.56e-03
1.82452e+00 1.56e-03
1.91424e+00 1.47e-03
1.94005e+00 1.45e-03
1.95836e+00 1.43e-03
1.97437e+00 1.41e-03
1.97457e+00 1.40e-03
1.99712e+00 1.38e-03
1.99731e+00 1.38e-03
2.04139e+00 1.34e-03
2.04161e+00 1.34e-03
2.05412e+00 1.33e-03
2.05435e+00 1.28e-03
2.08484e+00 1.26e-03
2.11734e+00 1.23e-03
2.13054e+00 1.21e-03
2.15123e+00 1.20e-03
2.16087e+00 1.19e-03
2.18195e+00 1.17e-03
2.19060e+00 1.16e-03
2.19096e+00 1.16e-03
2.19578e+00 1.15e-03
2.19615e+00 1.14e-03
2.21806e+00 1.12e-03
2.22982e+00 1.11e-03
2.24129e+00 1.10e-03
2.25434e+00 1.09e-03
2.26616e+00 1.07e-03
2.28523e+00 1.06e-03
2.29429e+00 1.05e-03
2.30258e+00 1.04e-03
2.30867e+00 1.04e-03
2.31372e+00 1.04e-03
2.31757e+00 1.03e-03
2.31895e+00 1.03e-03
2.32023e+00 1.03e-03
2.32160e+00 1.03e-03
2.32219e+00 5.86e-04
2.35023e+00 5.80e-04
2.36734e+00 5.77e-04
2.36819e+00 1.62e-04
2.36987e+00 1.62e-04
2.37164e+00 1.63e-04
2.37332e+00 1.63e-04
2.37518e+00 1.64e-04
2.37695e+00 1.64e-04
2.37871e+00 1.65e-04
2.38056e+00 1.66e-04
2.38241e+00 1.66e-04
2.38426e+00 1.67e-04
2.38619e+00 1.68e-04
2.38812e+00 1.68e-04
2.39005e+00 1.69e-04
2.39197e+00 1.70e-04
2.39398e+00 1.71e-04
2.39598e+00 1.72e-04
2.39799e+00 1.72e-04
2.40007e+00 1.73e-04
2.40216e+00 1.74e-04
2.40424e+00 1.75e-04
2.40640e+00 1.76e-04
2.40848e+00 1.77e-04
2.41072e+00 1.79e-04
2.41296e+00 1.80e-04
2.41404e+00 1.80e-04
2.41520e+00 1.83e-04
2.41627e+00 1.82e-04
2.41859e+00 1.83e-04
2.42090e+00 1.84e-04
2.42330e+00 1.86e-04
2.42569e+00 1.87e-04
2.42692e+00 1.80e-04
2.42939e+00 1.82e-04
2.43186e+00 1.84e-04
2.43440e+00 1.86e-04
2.43694e+00 1.88e-04
2.43956e+00 1.90e-04
2.44226e+00 1.92e-04
2.44495e+00 1.95e-04
2.44772e+00 1.97e-04
2.45057e+00 2.00e-04
2.45342e+00 2.02e-04
2.45634e+00 2.05e-04
2.45933e+00 2.09e-04
2.46241e+00 2.12e-04
2.46547e+00 2.16e-04
2.46861e+00 2.20e-04
2.47191e+00 2.24e-04
2.47519e+00 2.29e-04
2.47687e+00 2.31e-04
2.48031e+00 2.36e-04
2.48207e+00 2.39e-04
2.48382e+00 2.42e-04
2.48566e+00 2.45e-04
2.48740e+00 2.49e-04
2.48923e+00 2.52e-04
2.49114e+00 2.56e-04
2.49304e+00 2.60e-04
2.49494e+00 2.64e-04
2.49684e+00 2.68e-04
2.49881e+00 2.73e-04
2.50078e+00 2.78e-04
2.50283e+00 2.83e-04
2.50487e+00 2.89e-04
2.50699e+00 2.95e-04
2.50911e+00 3.02e-04
2.51122e+00 3.10e-04
2.51341e+00 3.18e-04
2.51568e+00 3.27e-04
2.51786e+00 3.38e-04
2.52019e+00 3.49e-04
2.52252e+00 3.63e-04
2.52493e+00 3.79e-04
2.52733e+00 3.98e-04
2.52980e+00 4.22e-04
2.53227e+00 4.53e-04
2.53481e+00 4.94e-04
2.53742e+00 5.54e-04
2.54010e+00 6.46e-04
2.54286e+00 8.06e-04
2.54561e+00 1.14e-03
2.54843e+00 2.05e-03
2.55132e+00 6.26e-03
2.55428e+00 1.94e-02
2.55730e+00 4.03e-03
2.56048e+00 1.62e-03
2.56364e+00 1.05e-03
2.56695e+00 8.76e-04
2.57024e+00 8.81e-04
2.57376e+00 1.55e-03
2.57726e+00 9.93e-04
2.58097e+00 8.42e-04
2.58475e+00 8.65e-04
2.58867e+00 9.37e-04
2.59264e+00 1.05e-03
2.59682e+00 1.23e-03
2.60113e+00 1.50e-03
2.60565e+00 2.02e-03
2.61029e+00 3.61e-03
2.61513e+00 2.08e-02
2.62024e+00 8.78e-03
2.62554e+00 8.34e-03
2.63110e+00 6.94e-03
2.63698e+00 7.52e-03
2.64319e+00 1.11e-02
2.64971e+00 7.24e-03
2.65669e+00 4.13e-03
2.66410e+00 2.89e-03
2.67215e+00 3.49e-03
2.68082e+00 2.98e-03
2.69029e+00 1.59e-03
2.70069e+00 1.37e-03
2.71231e+00 1.25e-03
2.72543e+00 1.85e-03
2.74065e+00 1.94e-03
2.75874e+00 5.54e-03
2.78130e+00 1.68e-02
2.81151e+00 2.05e-02
2.85859e+00 1.87e-02
2.99573e+00 1.87e-02
