# OPACITY Project tables
-2.61515e+00 5.12e+01
-2.27341e+00 1.72e+01
-2.07433e+00 9.07e+00
-1.93351e+00 5.77e+00
-1.82455e+00 4.06e+00
-1.73574e+00 3.05e+00
-1.66078e+00 2.40e+00
-1.59603e+00 1.95e+00
-1.53898e+00 1.63e+00
-1.48802e+00 1.40e+00
-1.44198e+00 1.21e+00
-1.40003e+00 1.07e+00
-1.36148e+00 9.47e-01
-1.32584e+00 8.50e-01
-1.29269e+00 7.68e-01
-1.26174e+00 6.99e-01
-1.23268e+00 6.39e-01
-1.20531e+00 5.88e-01
-1.17944e+00 5.43e-01
-1.15493e+00 5.04e-01
-1.13165e+00 4.70e-01
-1.10945e+00 4.40e-01
-1.08827e+00 4.13e-01
-1.06799e+00 3.89e-01
-1.04857e+00 3.67e-01
-1.02994e+00 3.47e-01
-1.01200e+00 3.30e-01
-9.94739e-01 3.14e-01
-9.78086e-01 2.99e-01
-9.62021e-01 2.86e-01
-9.46492e-01 2.74e-01
-9.31455e-01 2.63e-01
-9.16916e-01 2.53e-01
-9.02807e-01 2.44e-01
-8.89113e-01 2.35e-01
-8.75797e-01 2.28e-01
-8.62868e-01 2.20e-01
-8.50292e-01 2.14e-01
-8.38057e-01 2.08e-01
-8.26130e-01 2.02e-01
-8.14502e-01 1.96e-01
-8.03185e-01 1.91e-01
-7.92106e-01 1.86e-01
-7.81301e-01 1.81e-01
-7.70741e-01 1.77e-01
-7.60420e-01 1.73e-01
-7.50331e-01 1.69e-01
-7.40469e-01 1.66e-01
-7.30787e-01 1.63e-01
-7.21320e-01 1.59e-01
-7.12045e-01 1.55e-01
-7.02955e-01 1.52e-01
-6.94048e-01 1.48e-01
-6.85298e-01 1.45e-01
-6.76723e-01 1.42e-01
-6.68298e-01 1.38e-01
-6.60041e-01 1.35e-01
-6.51909e-01 1.32e-01
-6.43938e-01 1.29e-01
-6.36087e-01 1.27e-01
-6.28390e-01 1.24e-01
-6.20808e-01 1.21e-01
-6.13357e-01 1.19e-01
-6.06016e-01 1.16e-01
-5.98801e-01 1.14e-01
-5.91692e-01 1.12e-01
-5.84687e-01 1.10e-01
-5.77803e-01 1.08e-01
-5.71018e-01 1.06e-01
-5.64314e-01 1.04e-01
-5.57725e-01 1.03e-01
-5.51231e-01 1.01e-01
-5.38505e-01 9.78e-02
-5.32288e-01 9.63e-02
-5.26142e-01 9.49e-02
-5.20085e-01 9.35e-02
-5.14098e-01 9.22e-02
-5.08196e-01 9.09e-02
-5.02362e-01 8.98e-02
-4.96610e-01 8.87e-02
-4.90925e-01 8.77e-02
-4.85320e-01 8.67e-02
-4.79779e-01 8.58e-02
-4.68884e-01 8.42e-02
-4.58265e-01 8.27e-02
-4.53044e-01 8.19e-02
-4.47882e-01 8.12e-02
-4.42778e-01 8.04e-02
-4.37730e-01 7.94e-02
-4.32739e-01 7.84e-02
-4.27803e-01 7.73e-02
-4.22922e-01 7.61e-02
-4.13321e-01 7.36e-02
-4.03901e-01 7.12e-02
-3.99284e-01 7.01e-02
-3.94688e-01 6.91e-02
-3.90158e-01 6.82e-02
-3.85662e-01 6.74e-02
-3.81216e-01 6.68e-02
-3.76819e-01 6.63e-02
-3.72456e-01 6.59e-02
-3.68126e-01 6.54e-02
-3.59622e-01 6.45e-02
-3.55419e-01 6.41e-02
-3.51261e-01 6.38e-02
-3.43054e-01 6.33e-02
-3.39003e-01 6.30e-02
-3.34997e-01 6.23e-02
-3.31021e-01 6.13e-02
-3.27088e-01 6.02e-02
-3.23185e-01 5.92e-02
-3.19310e-01 5.84e-02
-3.15464e-01 5.77e-02
-3.07885e-01 5.62e-02
-3.04150e-01 5.59e-02
-3.00430e-01 5.59e-02
-2.96750e-01 5.56e-02
-2.93097e-01 5.55e-02
-2.89484e-01 5.53e-02
-2.85884e-01 5.42e-02
-2.82323e-01 5.39e-02
-2.78788e-01 5.36e-02
-2.75279e-01 5.25e-02
-2.71796e-01 5.17e-02
-2.68350e-01 5.12e-02
-2.64917e-01 5.10e-02
-2.61521e-01 5.11e-02
-2.58149e-01 5.12e-02
-2.54802e-01 5.07e-02
-2.48167e-01 4.87e-02
-2.44891e-01 4.81e-02
-2.41639e-01 4.82e-02
-2.38409e-01 4.85e-02
-2.35203e-01 4.79e-02
-2.32020e-01 4.66e-02
-2.28860e-01 4.60e-02
-2.25722e-01 4.64e-02
-2.22606e-01 4.58e-02
-2.19513e-01 4.42e-02
-2.16441e-01 4.41e-02
-2.13391e-01 4.31e-02
-2.10363e-01 4.01e-02
-2.07344e-01 4.53e-02
-2.04359e-01 4.50e-02
-2.01382e-01 4.42e-02
-1.98439e-01 4.35e-02
-1.95504e-01 4.30e-02
-1.89697e-01 4.20e-02
-1.83971e-01 4.10e-02
-1.81126e-01 4.06e-02
-1.78314e-01 4.02e-02
-1.75509e-01 3.98e-02
-1.72724e-01 3.94e-02
-1.67200e-01 3.88e-02
-1.64474e-01 3.85e-02
-1.59054e-01 3.78e-02
-1.56373e-01 3.75e-02
-1.53699e-01 3.71e-02
-1.51044e-01 3.69e-02
-1.48407e-01 3.66e-02
-1.45789e-01 3.64e-02
-1.40596e-01 3.57e-02
-1.35453e-01 3.53e-02
-1.30382e-01 3.47e-02
-1.27867e-01 3.45e-02
-1.25359e-01 3.42e-02
-1.22868e-01 3.37e-02
-1.20395e-01 3.39e-02
-1.17928e-01 3.37e-02
-1.15489e-01 3.35e-02
-1.10630e-01 3.29e-02
-1.05827e-01 3.24e-02
-1.01070e-01 3.19e-02
-9.63788e-02 3.14e-02
-9.17206e-02 3.10e-02
-8.71168e-02 3.05e-02
-8.25559e-02 3.01e-02
-8.02994e-02 2.98e-02
-7.80480e-02 2.95e-02
-7.35820e-02 2.91e-02
-6.91679e-02 2.87e-02
-6.47839e-02 2.83e-02
-6.04509e-02 2.79e-02
-5.61577e-02 2.76e-02
-5.19040e-02 2.73e-02
-4.76998e-02 2.70e-02
-4.35236e-02 2.68e-02
-3.93959e-02 2.65e-02
-3.73385e-02 2.64e-02
-3.32673e-02 2.61e-02
-2.92229e-02 2.59e-02
-2.52255e-02 2.56e-02
-2.12543e-02 2.53e-02
-1.73293e-02 2.49e-02
-1.34298e-02 2.46e-02
-9.56560e-03 2.42e-02
-7.64918e-03 2.41e-02
-3.83735e-03 2.38e-02
-1.94188e-03 2.37e-02
-5.00013e-05 2.36e-02
1.79838e-03 2.35e-02
5.58438e-03 2.33e-02
9.25702e-03 2.32e-02
1.11377e-02 2.31e-02
1.29162e-02 2.30e-02
1.47901e-02 2.29e-02
1.65621e-02 2.28e-02
2.01947e-02 2.24e-02
2.38142e-02 2.21e-02
2.55703e-02 2.20e-02
2.73233e-02 2.19e-02
2.90732e-02 2.18e-02
3.08201e-02 2.17e-02
3.43048e-02 2.17e-02
3.60426e-02 2.16e-02
3.77774e-02 2.15e-02
3.95091e-02 2.14e-02
4.29637e-02 2.10e-02
4.46865e-02 2.09e-02
4.64064e-02 2.08e-02
4.80280e-02 2.07e-02
4.97421e-02 2.08e-02
5.14533e-02 2.08e-02
5.30667e-02 2.07e-02
5.47722e-02 2.04e-02
5.64748e-02 2.02e-02
5.80802e-02 2.01e-02
5.97772e-02 2.01e-02
6.13773e-02 2.02e-02
6.29748e-02 2.01e-02
6.46635e-02 1.98e-02
6.62558e-02 1.96e-02
6.78455e-02 1.96e-02
6.95261e-02 1.95e-02
7.11106e-02 1.91e-02
7.26927e-02 1.86e-02
7.42722e-02 1.85e-02
7.58493e-02 1.96e-02
7.74239e-02 1.96e-02
7.90884e-02 1.94e-02
8.06579e-02 1.93e-02
8.37895e-02 1.90e-02
8.68197e-02 1.88e-02
8.99321e-02 1.86e-02
9.30349e-02 1.84e-02
9.60372e-02 1.83e-02
9.75803e-02 1.82e-02
9.90305e-02 1.81e-02
1.02015e-01 1.79e-02
1.05080e-01 1.77e-02
1.07957e-01 1.75e-02
1.10915e-01 1.74e-02
1.13864e-01 1.72e-02
1.16805e-01 1.71e-02
1.19648e-01 1.69e-02
1.22483e-01 1.68e-02
1.25398e-01 1.66e-02
1.28217e-01 1.65e-02
1.31028e-01 1.64e-02
1.33831e-01 1.62e-02
1.36539e-01 1.61e-02
1.39327e-01 1.60e-02
1.42107e-01 1.59e-02
1.44793e-01 1.57e-02
1.47471e-01 1.56e-02
1.50229e-01 1.55e-02
1.51519e-01 1.54e-02
1.52893e-01 1.53e-02
1.55550e-01 1.52e-02
1.58200e-01 1.50e-02
1.59479e-01 1.50e-02
1.60757e-01 1.49e-02
1.63394e-01 1.48e-02
1.66023e-01 1.47e-02
1.68561e-01 1.46e-02
1.71176e-01 1.45e-02
1.73701e-01 1.44e-02
1.76220e-01 1.43e-02
1.78732e-01 1.42e-02
1.81321e-01 1.41e-02
1.83737e-01 1.40e-02
1.86231e-01 1.39e-02
1.88718e-01 1.38e-02
1.91199e-01 1.37e-02
1.93591e-01 1.36e-02
1.96060e-01 1.35e-02
1.98441e-01 1.34e-02
2.00898e-01 1.33e-02
2.03267e-01 1.32e-02
2.05631e-01 1.31e-02
2.07989e-01 1.30e-02
2.10342e-01 1.29e-02
2.12689e-01 1.28e-02
2.15031e-01 1.28e-02
2.17286e-01 1.27e-02
2.19617e-01 1.26e-02
2.21943e-01 1.25e-02
2.24183e-01 1.24e-02
2.25301e-01 1.24e-02
2.26418e-01 1.22e-02
2.27614e-01 1.21e-02
2.29841e-01 1.20e-02
2.32064e-01 1.19e-02
2.34281e-01 1.18e-02
2.36494e-01 1.18e-02
2.38702e-01 1.17e-02
2.40905e-01 1.16e-02
2.43103e-01 1.15e-02
2.45296e-01 1.15e-02
2.47407e-01 1.14e-02
2.49591e-01 1.13e-02
2.51692e-01 1.13e-02
2.53867e-01 1.12e-02
2.55959e-01 1.11e-02
2.58047e-01 1.11e-02
2.60208e-01 1.10e-02
2.62287e-01 1.09e-02
2.63287e-01 1.09e-02
2.64362e-01 1.09e-02
2.66433e-01 1.08e-02
2.68499e-01 1.07e-02
2.70561e-01 1.07e-02
2.72619e-01 1.06e-02
2.74597e-01 1.05e-02
2.76646e-01 1.05e-02
2.78692e-01 1.04e-02
2.80657e-01 1.04e-02
2.82695e-01 1.03e-02
2.84652e-01 1.02e-02
2.86606e-01 1.02e-02
2.88632e-01 1.01e-02
2.90578e-01 1.01e-02
2.92520e-01 1.00e-02
2.94459e-01 9.96e-03
2.96394e-01 9.90e-03
2.98325e-01 9.85e-03
3.00253e-01 9.80e-03
3.02177e-01 9.74e-03
3.04097e-01 9.69e-03
3.05939e-01 9.64e-03
3.07852e-01 9.59e-03
3.09762e-01 9.54e-03
3.11594e-01 9.49e-03
3.13496e-01 9.44e-03
3.15322e-01 9.39e-03
3.17144e-01 9.34e-03
3.19035e-01 9.29e-03
3.20851e-01 9.24e-03
3.22663e-01 9.19e-03
3.24472e-01 9.15e-03
3.26278e-01 9.10e-03
3.28080e-01 9.05e-03
3.29879e-01 9.01e-03
3.31675e-01 8.96e-03
3.33468e-01 8.92e-03
3.35257e-01 8.87e-03
3.37044e-01 8.83e-03
3.38827e-01 8.79e-03
3.40535e-01 8.75e-03
3.42312e-01 8.70e-03
3.44015e-01 8.66e-03
3.45786e-01 8.62e-03
3.47483e-01 8.58e-03
3.49247e-01 8.54e-03
3.50939e-01 8.49e-03
3.52627e-01 8.45e-03
3.54382e-01 8.41e-03
3.56065e-01 8.37e-03
3.57744e-01 8.33e-03
3.59421e-01 8.29e-03
3.61095e-01 8.25e-03
3.62766e-01 8.21e-03
3.64435e-01 8.18e-03
3.66100e-01 8.14e-03
3.67763e-01 8.10e-03
3.69354e-01 8.06e-03
3.71012e-01 8.02e-03
3.72666e-01 7.99e-03
3.74318e-01 7.95e-03
3.75899e-01 7.92e-03
3.77546e-01 7.88e-03
3.79121e-01 7.85e-03
3.80762e-01 7.81e-03
3.82333e-01 7.78e-03
3.83969e-01 7.74e-03
3.85534e-01 7.71e-03
3.87097e-01 7.67e-03
3.88658e-01 7.64e-03
3.90284e-01 7.61e-03
3.91839e-01 7.57e-03
3.93393e-01 7.54e-03
3.94943e-01 7.51e-03
3.96492e-01 7.48e-03
3.98038e-01 7.44e-03
3.99581e-01 7.41e-03
4.01122e-01 7.38e-03
4.02661e-01 7.35e-03
4.04131e-01 7.32e-03
4.05665e-01 7.29e-03
4.07197e-01 7.26e-03
4.08726e-01 7.23e-03
4.10187e-01 7.20e-03
4.11712e-01 7.17e-03
4.13169e-01 7.14e-03
4.14689e-01 7.11e-03
4.16141e-01 7.08e-03
4.17657e-01 7.05e-03
4.19105e-01 7.02e-03
4.19828e-01 7.00e-03
4.20616e-01 6.97e-03
4.22060e-01 6.94e-03
4.22781e-01 6.91e-03
4.23501e-01 6.88e-03
4.25006e-01 6.85e-03
4.26444e-01 6.83e-03
4.27161e-01 6.81e-03
4.27879e-01 6.76e-03
4.28596e-01 6.72e-03
4.30028e-01 6.69e-03
4.31458e-01 6.67e-03
4.32886e-01 6.64e-03
4.34312e-01 6.61e-03
4.35736e-01 6.59e-03
4.37158e-01 6.56e-03
4.38577e-01 6.54e-03
4.39995e-01 6.51e-03
4.41411e-01 6.49e-03
4.42761e-01 6.46e-03
4.44173e-01 6.44e-03
4.45583e-01 6.41e-03
4.46927e-01 6.39e-03
4.48333e-01 6.37e-03
4.49737e-01 6.34e-03
4.51076e-01 6.32e-03
4.52476e-01 6.29e-03
4.53811e-01 6.27e-03
4.55207e-01 6.25e-03
4.56538e-01 6.23e-03
4.57931e-01 6.20e-03
4.59259e-01 6.18e-03
4.60584e-01 6.16e-03
4.61971e-01 6.14e-03
4.63294e-01 6.12e-03
4.64614e-01 6.10e-03
4.65933e-01 6.07e-03
4.67250e-01 6.05e-03
4.68565e-01 6.03e-03
4.69941e-01 6.01e-03
4.71253e-01 5.99e-03
4.72563e-01 5.97e-03
4.73871e-01 5.95e-03
4.75178e-01 5.93e-03
4.76420e-01 5.91e-03
4.77724e-01 5.89e-03
4.79025e-01 5.87e-03
4.80325e-01 5.86e-03
4.81623e-01 5.84e-03
4.82920e-01 5.82e-03
4.84153e-01 5.80e-03
4.85446e-01 5.78e-03
4.86738e-01 5.77e-03
4.87966e-01 5.75e-03
4.89255e-01 5.73e-03
4.90480e-01 5.71e-03
4.91765e-01 5.70e-03
4.93049e-01 5.68e-03
4.94269e-01 5.67e-03
4.95489e-01 5.65e-03
4.96767e-01 5.64e-03
4.97984e-01 5.62e-03
4.99259e-01 5.61e-03
5.00472e-01 5.60e-03
5.01684e-01 5.59e-03
5.02955e-01 5.58e-03
5.04163e-01 5.57e-03
5.05371e-01 5.57e-03
5.06577e-01 5.56e-03
5.07781e-01 5.55e-03
5.09044e-01 5.55e-03
5.10245e-01 5.54e-03
5.11445e-01 5.53e-03
5.12644e-01 5.52e-03
5.13841e-01 5.50e-03
5.15037e-01 5.49e-03
5.16231e-01 5.48e-03
5.17424e-01 5.46e-03
5.18615e-01 5.45e-03
5.19746e-01 5.44e-03
5.20934e-01 5.42e-03
5.22122e-01 5.41e-03
5.23307e-01 5.40e-03
5.24492e-01 5.38e-03
5.25616e-01 5.37e-03
5.26797e-01 5.37e-03
5.27978e-01 5.36e-03
5.29157e-01 5.35e-03
5.32039e-01 5.35e-03
5.33154e-01 5.35e-03
5.34327e-01 5.36e-03
5.35440e-01 5.37e-03
5.36610e-01 5.39e-03
5.37721e-01 5.40e-03
5.38888e-01 5.42e-03
5.39996e-01 5.44e-03
5.41103e-01 5.45e-03
5.42266e-01 5.47e-03
5.43370e-01 5.49e-03
5.44473e-01 5.50e-03
5.45633e-01 5.52e-03
5.46733e-01 5.53e-03
5.47832e-01 5.55e-03
5.48930e-01 5.56e-03
5.50085e-01 5.58e-03
5.51180e-01 5.61e-03
5.52275e-01 5.64e-03
5.53368e-01 5.67e-03
5.54460e-01 5.70e-03
5.55550e-01 5.74e-03
5.56640e-01 5.77e-03
5.57728e-01 5.79e-03
5.58815e-01 5.79e-03
5.59901e-01 5.78e-03
5.60473e-01 5.77e-03
5.60986e-01 5.76e-03
5.61557e-01 5.74e-03
5.62640e-01 5.70e-03
5.63722e-01 5.64e-03
5.64745e-01 5.58e-03
5.65825e-01 5.52e-03
5.66903e-01 5.46e-03
5.67981e-01 5.40e-03
5.69057e-01 5.35e-03
5.70075e-01 5.30e-03
5.71149e-01 5.26e-03
5.72222e-01 5.21e-03
5.73293e-01 5.17e-03
5.74307e-01 5.13e-03
5.75377e-01 5.09e-03
5.76445e-01 5.05e-03
5.77456e-01 5.01e-03
5.78522e-01 4.96e-03
5.79530e-01 4.92e-03
5.80594e-01 4.88e-03
5.81601e-01 4.83e-03
5.82662e-01 4.79e-03
5.83667e-01 4.75e-03
5.84726e-01 4.72e-03
5.85729e-01 4.68e-03
5.86786e-01 4.65e-03
5.87787e-01 4.63e-03
5.88786e-01 4.60e-03
5.89840e-01 4.58e-03
5.90838e-01 4.56e-03
5.91834e-01 4.54e-03
5.92885e-01 4.52e-03
5.93879e-01 4.50e-03
5.94873e-01 4.48e-03
5.95865e-01 4.47e-03
5.96857e-01 4.46e-03
5.97902e-01 4.44e-03
5.98891e-01 4.43e-03
5.99880e-01 4.41e-03
6.00867e-01 4.40e-03
6.01854e-01 4.39e-03
6.02839e-01 4.37e-03
6.03824e-01 4.36e-03
6.04808e-01 4.34e-03
6.05790e-01 4.32e-03
6.06772e-01 4.31e-03
6.07753e-01 4.29e-03
6.08732e-01 4.27e-03
6.09711e-01 4.25e-03
6.10689e-01 4.23e-03
6.11666e-01 4.21e-03
6.12642e-01 4.18e-03
6.13617e-01 4.16e-03
6.14591e-01 4.15e-03
6.15510e-01 4.13e-03
6.16482e-01 4.11e-03
6.17453e-01 4.10e-03
6.18424e-01 4.08e-03
6.19339e-01 4.07e-03
6.20308e-01 4.05e-03
6.21275e-01 4.04e-03
6.22242e-01 4.03e-03
6.23154e-01 4.02e-03
6.24119e-01 4.00e-03
6.25082e-01 3.99e-03
6.25992e-01 3.98e-03
6.26954e-01 3.97e-03
6.27862e-01 3.95e-03
6.28822e-01 3.94e-03
6.29728e-01 3.93e-03
6.30686e-01 3.92e-03
6.31591e-01 3.91e-03
6.32548e-01 3.89e-03
6.33450e-01 3.88e-03
6.34405e-01 3.87e-03
6.35306e-01 3.86e-03
6.36259e-01 3.85e-03
6.37159e-01 3.84e-03
6.38110e-01 3.83e-03
6.39008e-01 3.82e-03
6.39905e-01 3.81e-03
6.40853e-01 3.80e-03
6.41749e-01 3.78e-03
6.42643e-01 3.77e-03
6.43537e-01 3.76e-03
6.44482e-01 3.75e-03
6.45374e-01 3.74e-03
6.46265e-01 3.73e-03
6.47156e-01 3.72e-03
6.48098e-01 3.72e-03
6.48986e-01 3.71e-03
6.49874e-01 3.70e-03
6.50761e-01 3.69e-03
6.51648e-01 3.68e-03
6.52533e-01 3.67e-03
6.53418e-01 3.66e-03
6.54302e-01 3.65e-03
6.55186e-01 3.64e-03
6.56120e-01 3.63e-03
6.57002e-01 3.62e-03
6.57883e-01 3.61e-03
6.58763e-01 3.60e-03
6.59642e-01 3.60e-03
6.60469e-01 3.59e-03
6.61347e-01 3.58e-03
6.62224e-01 3.57e-03
6.63100e-01 3.56e-03
6.63976e-01 3.55e-03
6.64851e-01 3.55e-03
6.65725e-01 3.54e-03
6.66598e-01 3.53e-03
6.67470e-01 3.52e-03
6.68291e-01 3.51e-03
6.69162e-01 3.50e-03
6.70032e-01 3.50e-03
6.70902e-01 3.49e-03
6.71719e-01 3.48e-03
6.72587e-01 3.47e-03
6.73455e-01 3.46e-03
6.74321e-01 3.46e-03
6.75136e-01 3.45e-03
6.76001e-01 3.44e-03
6.76865e-01 3.43e-03
6.77678e-01 3.42e-03
6.78541e-01 3.42e-03
6.79403e-01 3.41e-03
6.80214e-01 3.40e-03
6.81075e-01 3.39e-03
6.81884e-01 3.39e-03
6.82743e-01 3.38e-03
6.83551e-01 3.37e-03
6.84409e-01 3.36e-03
6.85266e-01 3.36e-03
6.86072e-01 3.35e-03
6.86878e-01 3.34e-03
6.87733e-01 3.33e-03
6.88537e-01 3.33e-03
6.89390e-01 3.32e-03
6.90193e-01 3.31e-03
6.91045e-01 3.30e-03
6.91846e-01 3.30e-03
6.92647e-01 3.29e-03
6.93497e-01 3.28e-03
6.94297e-01 3.27e-03
6.95145e-01 3.27e-03
6.95943e-01 3.26e-03
6.96741e-01 3.25e-03
6.97538e-01 3.25e-03
6.98383e-01 3.24e-03
6.99179e-01 3.23e-03
6.99974e-01 3.23e-03
7.00818e-01 3.22e-03
7.01611e-01 3.21e-03
7.02404e-01 3.20e-03
7.03197e-01 3.20e-03
7.03988e-01 3.19e-03
7.04829e-01 3.18e-03
7.05619e-01 3.18e-03
7.06409e-01 3.17e-03
7.07198e-01 3.16e-03
7.07987e-01 3.16e-03
7.08774e-01 3.15e-03
7.09562e-01 3.14e-03
7.10348e-01 3.14e-03
7.11134e-01 3.13e-03
7.11920e-01 3.13e-03
7.12754e-01 3.12e-03
7.13538e-01 3.11e-03
7.14321e-01 3.11e-03
7.15104e-01 3.10e-03
7.15887e-01 3.09e-03
7.16668e-01 3.09e-03
7.17401e-01 3.08e-03
7.18181e-01 3.07e-03
7.18961e-01 3.07e-03
7.19740e-01 3.06e-03
7.20519e-01 3.05e-03
7.21297e-01 3.05e-03
7.22075e-01 3.04e-03
7.22852e-01 3.04e-03
7.23628e-01 3.03e-03
7.24404e-01 3.02e-03
7.25130e-01 3.02e-03
7.25905e-01 3.01e-03
7.26679e-01 3.00e-03
7.27452e-01 3.00e-03
7.28225e-01 2.99e-03
7.28949e-01 2.99e-03
7.29720e-01 2.98e-03
7.30491e-01 2.97e-03
7.31262e-01 2.97e-03
7.31983e-01 2.96e-03
7.32752e-01 2.96e-03
7.33521e-01 2.95e-03
7.34241e-01 2.94e-03
7.35009e-01 2.94e-03
7.35776e-01 2.93e-03
7.36494e-01 2.93e-03
7.37260e-01 2.92e-03
7.38025e-01 2.91e-03
7.38742e-01 2.91e-03
7.39506e-01 2.90e-03
7.40222e-01 2.90e-03
7.40985e-01 2.89e-03
7.41747e-01 2.89e-03
7.42461e-01 2.88e-03
7.43222e-01 2.88e-03
7.43935e-01 2.87e-03
7.44695e-01 2.86e-03
7.45408e-01 2.86e-03
7.46166e-01 2.85e-03
7.46878e-01 2.85e-03
7.47635e-01 2.84e-03
7.48345e-01 2.84e-03
7.49102e-01 2.83e-03
7.49811e-01 2.83e-03
7.50567e-01 2.82e-03
7.51275e-01 2.82e-03
7.51982e-01 2.81e-03
7.52736e-01 2.81e-03
7.53442e-01 2.80e-03
7.54148e-01 2.79e-03
7.54901e-01 2.79e-03
7.55605e-01 2.78e-03
7.56357e-01 2.78e-03
7.57061e-01 2.77e-03
7.57764e-01 2.77e-03
7.58467e-01 2.76e-03
7.59216e-01 2.76e-03
7.59918e-01 2.75e-03
7.60619e-01 2.75e-03
7.61366e-01 2.74e-03
7.62067e-01 2.74e-03
7.62767e-01 2.73e-03
7.63466e-01 2.73e-03
7.64211e-01 2.72e-03
7.64910e-01 2.72e-03
7.65607e-01 2.71e-03
7.66305e-01 2.71e-03
7.67002e-01 2.70e-03
7.67698e-01 2.70e-03
7.68440e-01 2.69e-03
7.69136e-01 2.69e-03
7.69830e-01 2.68e-03
7.70525e-01 2.68e-03
7.71219e-01 2.67e-03
7.71912e-01 2.67e-03
7.72605e-01 2.66e-03
7.73298e-01 2.66e-03
7.73990e-01 2.65e-03
7.74681e-01 2.65e-03
7.75418e-01 2.64e-03
7.76109e-01 2.64e-03
7.76799e-01 2.63e-03
7.77488e-01 2.63e-03
7.78177e-01 2.62e-03
7.78866e-01 2.62e-03
7.79554e-01 2.62e-03
7.80242e-01 2.61e-03
7.80929e-01 2.61e-03
7.81570e-01 2.60e-03
7.82256e-01 2.60e-03
7.82942e-01 2.59e-03
7.83628e-01 2.59e-03
7.84312e-01 2.58e-03
7.84997e-01 2.58e-03
7.85681e-01 2.57e-03
7.86364e-01 2.57e-03
7.87047e-01 2.57e-03
7.87730e-01 2.56e-03
7.88366e-01 2.56e-03
7.89048e-01 2.55e-03
7.89729e-01 2.55e-03
7.90410e-01 2.54e-03
7.91090e-01 2.54e-03
7.91770e-01 2.53e-03
7.92404e-01 2.53e-03
7.93083e-01 2.53e-03
7.93761e-01 2.52e-03
7.94439e-01 2.52e-03
7.95117e-01 2.51e-03
7.95749e-01 2.51e-03
7.96426e-01 2.50e-03
7.97102e-01 2.50e-03
7.97732e-01 2.50e-03
7.98408e-01 2.49e-03
7.99083e-01 2.49e-03
7.99757e-01 2.48e-03
8.00386e-01 2.48e-03
8.01059e-01 2.47e-03
8.01732e-01 2.47e-03
8.02360e-01 2.47e-03
8.03032e-01 2.46e-03
8.03704e-01 2.46e-03
8.04331e-01 2.45e-03
8.05002e-01 2.45e-03
8.05627e-01 2.44e-03
8.06297e-01 2.44e-03
8.06967e-01 2.44e-03
8.07591e-01 2.43e-03
8.08260e-01 2.43e-03
8.08884e-01 2.42e-03
8.09551e-01 2.42e-03
8.10174e-01 2.42e-03
8.10841e-01 2.41e-03
8.11463e-01 2.41e-03
8.12129e-01 2.40e-03
8.12751e-01 2.40e-03
8.13416e-01 2.40e-03
8.14036e-01 2.39e-03
8.14701e-01 2.39e-03
8.15321e-01 2.38e-03
8.15984e-01 2.38e-03
8.16603e-01 2.37e-03
8.17266e-01 2.37e-03
8.17884e-01 2.37e-03
8.18546e-01 2.36e-03
8.19163e-01 2.36e-03
8.19824e-01 2.36e-03
8.20440e-01 2.35e-03
8.21057e-01 2.35e-03
8.21716e-01 2.35e-03
8.22332e-01 2.34e-03
8.22947e-01 2.34e-03
8.23605e-01 2.33e-03
8.24219e-01 2.33e-03
8.24833e-01 2.33e-03
8.25490e-01 2.32e-03
8.26103e-01 2.32e-03
8.26716e-01 2.32e-03
8.27372e-01 2.31e-03
8.27984e-01 2.31e-03
8.28595e-01 2.31e-03
8.29250e-01 2.30e-03
8.29861e-01 2.30e-03
8.30471e-01 2.30e-03
8.31081e-01 2.29e-03
8.31735e-01 2.29e-03
8.32344e-01 2.29e-03
8.32953e-01 2.28e-03
8.33561e-01 2.28e-03
8.34213e-01 2.28e-03
8.34820e-01 2.27e-03
8.35428e-01 2.27e-03
8.36035e-01 2.27e-03
8.36641e-01 2.26e-03
8.37291e-01 2.26e-03
8.37897e-01 2.26e-03
8.38502e-01 2.25e-03
8.39107e-01 2.25e-03
8.39712e-01 2.25e-03
8.40316e-01 2.24e-03
8.40964e-01 2.24e-03
8.41567e-01 2.24e-03
8.42170e-01 2.23e-03
8.42773e-01 2.23e-03
8.43376e-01 2.23e-03
8.43978e-01 2.22e-03
8.44580e-01 2.22e-03
8.45181e-01 2.22e-03
8.45782e-01 2.21e-03
8.46383e-01 2.21e-03
8.46984e-01 2.21e-03
8.47584e-01 2.20e-03
8.48226e-01 2.20e-03
8.48825e-01 2.19e-03
8.49424e-01 2.19e-03
8.50023e-01 2.19e-03
8.50621e-01 2.19e-03
8.51219e-01 2.18e-03
8.51816e-01 2.18e-03
8.52413e-01 2.17e-03
8.53010e-01 2.17e-03
8.53606e-01 2.17e-03
8.54160e-01 2.16e-03
8.54756e-01 2.16e-03
8.55351e-01 2.16e-03
8.55946e-01 2.16e-03
8.56541e-01 2.15e-03
8.57135e-01 2.15e-03
8.57729e-01 2.15e-03
8.58323e-01 2.14e-03
8.58916e-01 2.14e-03
8.59212e-01 2.15e-03
8.59805e-01 2.17e-03
8.60101e-01 2.18e-03
8.60693e-01 2.17e-03
8.61243e-01 2.17e-03
8.61835e-01 2.17e-03
8.62426e-01 2.16e-03
8.63017e-01 2.16e-03
8.63607e-01 2.16e-03
8.64197e-01 2.15e-03
8.64745e-01 2.15e-03
8.65334e-01 2.15e-03
8.65923e-01 2.14e-03
8.66512e-01 2.14e-03
8.67100e-01 2.14e-03
8.67689e-01 2.14e-03
8.68234e-01 2.13e-03
8.68822e-01 2.13e-03
8.69409e-01 2.13e-03
8.69995e-01 2.12e-03
8.70540e-01 2.12e-03
8.71126e-01 2.12e-03
8.71712e-01 2.11e-03
8.72297e-01 2.11e-03
8.72840e-01 2.11e-03
8.73425e-01 2.10e-03
8.74009e-01 2.10e-03
8.74552e-01 2.10e-03
8.75135e-01 2.09e-03
8.75719e-01 2.09e-03
8.76302e-01 2.09e-03
8.76843e-01 2.09e-03
8.77425e-01 2.08e-03
8.78007e-01 2.08e-03
8.78547e-01 2.08e-03
8.79129e-01 2.07e-03
8.79710e-01 2.07e-03
8.80249e-01 2.07e-03
8.80829e-01 2.06e-03
8.81368e-01 2.06e-03
8.81948e-01 2.06e-03
8.82527e-01 2.05e-03
8.83065e-01 2.05e-03
8.83644e-01 2.05e-03
8.84181e-01 2.04e-03
8.84759e-01 2.04e-03
8.85337e-01 2.04e-03
8.85873e-01 2.04e-03
8.86450e-01 2.03e-03
8.86985e-01 2.03e-03
8.87562e-01 2.03e-03
8.88097e-01 2.02e-03
8.88673e-01 2.02e-03
8.89248e-01 2.02e-03
8.89782e-01 2.01e-03
8.90357e-01 2.01e-03
8.90891e-01 2.01e-03
8.91465e-01 2.01e-03
8.91998e-01 2.00e-03
8.92572e-01 2.00e-03
8.93104e-01 2.00e-03
8.93677e-01 1.99e-03
8.94209e-01 1.99e-03
8.94781e-01 1.99e-03
8.95312e-01 1.98e-03
8.95843e-01 1.98e-03
8.96415e-01 1.98e-03
8.96945e-01 1.98e-03
8.97516e-01 1.97e-03
8.98045e-01 1.97e-03
8.98615e-01 1.97e-03
8.99145e-01 1.96e-03
8.99673e-01 1.96e-03
9.00243e-01 1.96e-03
9.00771e-01 1.96e-03
9.01340e-01 1.95e-03
9.01867e-01 1.95e-03
9.02395e-01 1.95e-03
9.02962e-01 1.95e-03
9.03489e-01 1.94e-03
9.03773e-01 1.94e-03
9.04299e-01 1.89e-03
9.04582e-01 1.87e-03
9.05108e-01 1.87e-03
9.05675e-01 1.86e-03
9.06200e-01 1.86e-03
9.06725e-01 1.86e-03
9.07290e-01 1.86e-03
9.07815e-01 1.85e-03
9.08339e-01 1.85e-03
9.08904e-01 1.85e-03
9.09427e-01 1.85e-03
9.09951e-01 1.84e-03
9.10474e-01 1.84e-03
9.11037e-01 1.84e-03
9.11560e-01 1.84e-03
9.12082e-01 1.83e-03
9.12644e-01 1.83e-03
9.13166e-01 1.83e-03
9.13687e-01 1.83e-03
9.14209e-01 1.82e-03
9.14770e-01 1.82e-03
9.15290e-01 1.82e-03
9.15811e-01 1.82e-03
9.16331e-01 1.81e-03
9.16851e-01 1.81e-03
9.17410e-01 1.81e-03
9.17929e-01 1.81e-03
9.18448e-01 1.80e-03
9.18967e-01 1.80e-03
9.19486e-01 1.80e-03
9.20044e-01 1.80e-03
9.20562e-01 1.79e-03
9.21079e-01 1.79e-03
9.21597e-01 1.79e-03
9.22114e-01 1.79e-03
9.22631e-01 1.79e-03
9.23187e-01 1.78e-03
9.23703e-01 1.78e-03
9.24219e-01 1.78e-03
9.24735e-01 1.78e-03
9.25250e-01 1.77e-03
9.25766e-01 1.77e-03
9.26281e-01 1.77e-03
9.28377e-01 1.76e-03
9.28891e-01 1.76e-03
9.29404e-01 1.76e-03
9.29917e-01 1.75e-03
9.30430e-01 1.75e-03
9.30943e-01 1.75e-03
9.31455e-01 1.75e-03
9.31967e-01 1.74e-03
9.32479e-01 1.74e-03
9.32991e-01 1.74e-03
9.33541e-01 1.74e-03
9.34052e-01 1.73e-03
9.34563e-01 1.73e-03
9.35073e-01 1.73e-03
9.35583e-01 1.73e-03
9.36093e-01 1.73e-03
9.36603e-01 1.72e-03
9.37112e-01 1.72e-03
9.37622e-01 1.72e-03
9.38130e-01 1.72e-03
9.38639e-01 1.71e-03
9.39148e-01 1.71e-03
9.39656e-01 1.71e-03
9.40163e-01 1.71e-03
9.40671e-01 1.71e-03
9.41139e-01 1.70e-03
9.41647e-01 1.70e-03
9.42153e-01 1.70e-03
9.42660e-01 1.70e-03
9.43166e-01 1.69e-03
9.43672e-01 1.69e-03
9.44178e-01 1.69e-03
9.44684e-01 1.69e-03
9.45189e-01 1.69e-03
9.45694e-01 1.68e-03
9.46199e-01 1.68e-03
9.46704e-01 1.68e-03
9.47208e-01 1.68e-03
9.47712e-01 1.67e-03
9.48177e-01 1.67e-03
9.48680e-01 1.67e-03
9.49184e-01 1.67e-03
9.49687e-01 1.67e-03
9.50190e-01 1.66e-03
9.50692e-01 1.66e-03
9.51194e-01 1.66e-03
9.51696e-01 1.66e-03
9.52160e-01 1.66e-03
9.52661e-01 1.65e-03
9.53163e-01 1.65e-03
9.53664e-01 1.65e-03
9.54164e-01 1.65e-03
9.54665e-01 1.65e-03
9.55127e-01 1.64e-03
9.55627e-01 1.64e-03
9.56127e-01 1.64e-03
9.56626e-01 1.64e-03
9.57126e-01 1.63e-03
9.57586e-01 1.63e-03
9.58085e-01 1.63e-03
9.58584e-01 1.63e-03
9.59082e-01 1.63e-03
9.59580e-01 1.62e-03
9.60040e-01 1.62e-03
9.60537e-01 1.62e-03
9.61035e-01 1.62e-03
9.61532e-01 1.62e-03
9.61990e-01 1.61e-03
9.62487e-01 1.61e-03
9.62983e-01 1.61e-03
9.63480e-01 1.61e-03
9.63937e-01 1.61e-03
9.64433e-01 1.60e-03
9.64929e-01 1.60e-03
9.65386e-01 1.60e-03
9.65881e-01 1.60e-03
9.66375e-01 1.60e-03
9.66870e-01 1.60e-03
9.67326e-01 1.59e-03
9.67820e-01 1.59e-03
9.68314e-01 1.59e-03
9.68769e-01 1.59e-03
9.69263e-01 1.59e-03
9.69756e-01 1.58e-03
9.70211e-01 1.58e-03
9.70703e-01 1.58e-03
9.71195e-01 1.58e-03
9.71650e-01 1.58e-03
9.72142e-01 1.57e-03
9.72633e-01 1.57e-03
9.73087e-01 1.57e-03
9.73578e-01 1.57e-03
9.74069e-01 1.57e-03
9.74522e-01 1.56e-03
9.75012e-01 1.56e-03
9.75503e-01 1.56e-03
9.75955e-01 1.56e-03
9.76445e-01 1.56e-03
9.76897e-01 1.55e-03
9.77386e-01 1.55e-03
9.77875e-01 1.55e-03
9.78326e-01 1.55e-03
9.78815e-01 1.55e-03
9.79266e-01 1.55e-03
9.79754e-01 1.54e-03
9.80242e-01 1.54e-03
9.80692e-01 1.54e-03
9.81179e-01 1.54e-03
9.81629e-01 1.54e-03
9.82116e-01 1.54e-03
9.82565e-01 1.53e-03
9.83052e-01 1.53e-03
9.83501e-01 1.53e-03
9.83987e-01 1.53e-03
9.84473e-01 1.53e-03
9.84921e-01 1.52e-03
9.85406e-01 1.52e-03
9.85854e-01 1.52e-03
9.86339e-01 1.52e-03
9.86786e-01 1.52e-03
9.87271e-01 1.52e-03
9.87718e-01 1.51e-03
9.88202e-01 1.51e-03
9.88649e-01 1.51e-03
9.89132e-01 1.51e-03
9.89578e-01 1.51e-03
9.90062e-01 1.50e-03
9.90507e-01 1.50e-03
9.90990e-01 1.50e-03
9.91435e-01 1.50e-03
9.91918e-01 1.50e-03
9.92362e-01 1.50e-03
9.92844e-01 1.49e-03
9.93289e-01 1.49e-03
9.93733e-01 1.49e-03
9.94214e-01 1.49e-03
9.94658e-01 1.49e-03
9.95139e-01 1.49e-03
9.95582e-01 1.48e-03
9.96063e-01 1.48e-03
9.96506e-01 1.48e-03
9.96986e-01 1.48e-03
9.97428e-01 1.48e-03
9.97871e-01 1.48e-03
9.98350e-01 1.47e-03
9.98792e-01 1.47e-03
9.99271e-01 1.47e-03
9.99712e-01 1.47e-03
1.00015e+00 1.47e-03
1.00063e+00 1.46e-03
1.00107e+00 1.46e-03
1.00155e+00 1.46e-03
1.00199e+00 1.46e-03
1.00243e+00 1.46e-03
1.00291e+00 1.46e-03
1.00335e+00 1.45e-03
1.00379e+00 1.45e-03
1.00426e+00 1.45e-03
1.00470e+00 1.45e-03
1.00518e+00 1.45e-03
1.00562e+00 1.45e-03
1.00606e+00 1.44e-03
1.00653e+00 1.44e-03
1.00697e+00 1.44e-03
1.00741e+00 1.44e-03
1.00788e+00 1.44e-03
1.00832e+00 1.44e-03
1.00876e+00 1.43e-03
1.00923e+00 1.43e-03
1.00967e+00 1.43e-03
1.01011e+00 1.43e-03
1.01058e+00 1.43e-03
1.01102e+00 1.43e-03
1.01146e+00 1.43e-03
1.01189e+00 1.42e-03
1.01236e+00 1.42e-03
1.01280e+00 1.42e-03
1.01324e+00 1.42e-03
1.01371e+00 1.42e-03
1.01414e+00 1.42e-03
1.01458e+00 1.41e-03
1.01501e+00 1.41e-03
1.01548e+00 1.41e-03
1.01592e+00 1.41e-03
1.01635e+00 1.41e-03
1.01679e+00 1.41e-03
1.01726e+00 1.40e-03
1.01769e+00 1.40e-03
1.01813e+00 1.40e-03
1.01856e+00 1.40e-03
1.01903e+00 1.40e-03
1.01946e+00 1.40e-03
1.01989e+00 1.39e-03
1.02033e+00 1.39e-03
1.02079e+00 1.39e-03
1.02123e+00 1.39e-03
1.02166e+00 1.39e-03
1.02209e+00 1.39e-03
1.02252e+00 1.39e-03
1.02299e+00 1.38e-03
1.02342e+00 1.38e-03
1.02385e+00 1.38e-03
1.02428e+00 1.38e-03
1.02471e+00 1.38e-03
1.02518e+00 1.38e-03
1.02561e+00 1.37e-03
1.02604e+00 1.37e-03
1.02647e+00 1.37e-03
1.02690e+00 1.37e-03
1.02737e+00 1.37e-03
1.02780e+00 1.37e-03
1.02823e+00 1.37e-03
1.02865e+00 1.36e-03
1.02908e+00 1.36e-03
1.02951e+00 1.36e-03
1.02998e+00 1.36e-03
1.03040e+00 1.36e-03
1.03083e+00 1.36e-03
1.03126e+00 1.36e-03
1.03169e+00 1.35e-03
1.03212e+00 1.35e-03
1.03254e+00 1.35e-03
1.03297e+00 1.35e-03
1.03343e+00 1.35e-03
1.03386e+00 1.35e-03
1.03429e+00 1.35e-03
1.03471e+00 1.34e-03
1.03514e+00 1.34e-03
1.03557e+00 1.34e-03
1.03599e+00 1.34e-03
1.03642e+00 1.34e-03
1.03684e+00 1.34e-03
1.03730e+00 1.34e-03
1.03773e+00 1.33e-03
1.03815e+00 1.33e-03
1.03858e+00 1.33e-03
1.03900e+00 1.33e-03
1.03943e+00 1.33e-03
1.03985e+00 1.33e-03
1.04028e+00 1.33e-03
1.04070e+00 1.32e-03
1.04112e+00 1.32e-03
1.04155e+00 1.32e-03
1.04197e+00 1.32e-03
1.04239e+00 1.32e-03
1.04282e+00 1.32e-03
1.04324e+00 1.32e-03
1.04370e+00 1.32e-03
1.04412e+00 1.31e-03
1.04454e+00 1.31e-03
1.04497e+00 1.31e-03
1.04539e+00 1.31e-03
1.04581e+00 1.31e-03
1.04623e+00 1.31e-03
1.04665e+00 1.31e-03
1.04707e+00 1.30e-03
1.04749e+00 1.30e-03
1.04792e+00 1.30e-03
1.04834e+00 1.30e-03
1.04876e+00 1.30e-03
1.04918e+00 1.30e-03
1.04960e+00 1.30e-03
1.05002e+00 1.29e-03
1.05044e+00 1.29e-03
1.05086e+00 1.29e-03
1.05128e+00 1.29e-03
1.05170e+00 1.29e-03
1.05211e+00 1.29e-03
1.05253e+00 1.29e-03
1.05295e+00 1.29e-03
1.05337e+00 1.28e-03
1.05379e+00 1.28e-03
1.05421e+00 1.28e-03
1.05463e+00 1.28e-03
1.05504e+00 1.28e-03
1.05543e+00 1.28e-03
1.05584e+00 1.28e-03
1.05626e+00 1.27e-03
1.05668e+00 1.27e-03
1.05710e+00 1.27e-03
1.05751e+00 1.27e-03
1.05793e+00 1.27e-03
1.05835e+00 1.27e-03
1.05876e+00 1.27e-03
1.05918e+00 1.27e-03
1.05959e+00 1.26e-03
1.06001e+00 1.26e-03
1.06043e+00 1.26e-03
1.06084e+00 1.26e-03
1.06126e+00 1.26e-03
1.06164e+00 1.26e-03
1.06205e+00 1.26e-03
1.06247e+00 1.26e-03
1.06288e+00 1.25e-03
1.06330e+00 1.25e-03
1.06371e+00 1.25e-03
1.06412e+00 1.25e-03
1.06454e+00 1.25e-03
1.06495e+00 1.25e-03
1.06537e+00 1.25e-03
1.06574e+00 1.25e-03
1.06616e+00 1.24e-03
1.06657e+00 1.24e-03
1.06698e+00 1.24e-03
1.06740e+00 1.24e-03
1.06781e+00 1.24e-03
1.06822e+00 1.24e-03
1.06860e+00 1.24e-03
1.06901e+00 1.24e-03
1.06942e+00 1.23e-03
1.06984e+00 1.23e-03
1.07025e+00 1.23e-03
1.07066e+00 1.23e-03
1.07107e+00 1.23e-03
1.07145e+00 1.23e-03
1.07186e+00 1.23e-03
1.08886e+00 1.18e-03
1.10194e+00 1.14e-03
1.11783e+00 1.10e-03
1.13443e+00 1.05e-03
1.14448e+00 1.03e-03
1.15691e+00 9.99e-04
1.17366e+00 9.61e-04
1.18421e+00 9.39e-04
1.20036e+00 9.05e-04
1.21521e+00 8.75e-04
1.22227e+00 8.62e-04
1.23861e+00 8.34e-04
1.25339e+00 8.09e-04
1.26325e+00 7.94e-04
1.27609e+00 7.75e-04
1.28268e+00 7.66e-04
1.29495e+00 7.51e-04
1.30703e+00 7.38e-04
1.31812e+00 7.27e-04
1.32734e+00 7.19e-04
1.33558e+00 7.13e-04
1.34266e+00 7.10e-04
1.35137e+00 7.06e-04
1.35972e+00 7.05e-04
1.36719e+00 7.04e-04
1.37392e+00 7.05e-04
1.38033e+00 7.08e-04
1.38614e+00 7.11e-04
1.39111e+00 7.15e-04
1.39580e+00 7.19e-04
1.39963e+00 7.23e-04
1.40345e+00 7.29e-04
1.40727e+00 7.34e-04
1.40999e+00 7.39e-04
1.41245e+00 7.44e-04
1.41461e+00 7.48e-04
1.41651e+00 7.53e-04
1.41813e+00 7.56e-04
1.41920e+00 7.59e-04
1.42029e+00 7.62e-04
1.42137e+00 7.65e-04
1.42243e+00 7.68e-04
1.42299e+00 7.69e-04
1.42325e+00 7.70e-04
1.42352e+00 7.71e-04
1.42378e+00 7.72e-04
1.42405e+00 7.72e-04
1.42434e+00 7.73e-04
1.42460e+00 7.74e-04
1.42487e+00 7.75e-04
1.42513e+00 7.76e-04
1.42539e+00 7.76e-04
1.42568e+00 7.77e-04
1.42595e+00 7.78e-04
1.42621e+00 7.79e-04
1.42648e+00 7.80e-04
1.42674e+00 7.81e-04
1.42700e+00 7.82e-04
1.42729e+00 7.82e-04
1.42756e+00 7.83e-04
1.42782e+00 7.84e-04
1.42808e+00 7.85e-04
1.42835e+00 7.86e-04
1.42864e+00 7.87e-04
1.42890e+00 7.88e-04
1.42916e+00 7.89e-04
1.42943e+00 7.90e-04
1.42969e+00 7.91e-04
1.42998e+00 7.91e-04
1.43024e+00 7.92e-04
1.43050e+00 7.93e-04
1.43077e+00 7.94e-04
1.43105e+00 7.95e-04
1.43132e+00 7.96e-04
1.43158e+00 7.97e-04
1.43184e+00 7.98e-04
1.43210e+00 7.99e-04
1.43239e+00 8.00e-04
1.43265e+00 8.01e-04
1.43292e+00 8.02e-04
1.43318e+00 8.03e-04
1.43344e+00 8.04e-04
1.43373e+00 8.06e-04
1.43399e+00 8.07e-04
1.43425e+00 8.08e-04
1.43451e+00 8.09e-04
1.43480e+00 8.10e-04
1.43506e+00 8.11e-04
1.43532e+00 8.12e-04
1.43558e+00 8.13e-04
1.43587e+00 8.14e-04
1.43613e+00 8.15e-04
1.43639e+00 8.16e-04
1.43665e+00 8.18e-04
1.43692e+00 8.19e-04
1.43720e+00 8.20e-04
1.43746e+00 8.21e-04
1.43772e+00 8.22e-04
1.43799e+00 8.24e-04
1.43827e+00 8.25e-04
1.43853e+00 8.26e-04
1.43879e+00 8.27e-04
1.43905e+00 8.28e-04
1.43934e+00 8.30e-04
1.43960e+00 8.31e-04
1.43986e+00 8.32e-04
1.44012e+00 8.33e-04
1.44040e+00 8.35e-04
1.44066e+00 8.36e-04
1.44092e+00 8.37e-04
1.44118e+00 8.39e-04
1.44147e+00 8.40e-04
1.44173e+00 8.41e-04
1.44199e+00 8.43e-04
1.44225e+00 8.44e-04
1.44253e+00 8.45e-04
1.44279e+00 8.47e-04
1.44305e+00 8.48e-04
1.44331e+00 8.49e-04
1.44360e+00 8.51e-04
1.44386e+00 8.52e-04
1.44412e+00 8.54e-04
1.44440e+00 8.55e-04
1.44466e+00 8.57e-04
1.44492e+00 8.58e-04
1.44518e+00 8.60e-04
1.44546e+00 8.61e-04
1.44572e+00 8.63e-04
1.44598e+00 8.64e-04
1.44626e+00 8.66e-04
1.44652e+00 8.67e-04
1.44678e+00 8.69e-04
1.44704e+00 8.70e-04
1.44732e+00 8.72e-04
1.44758e+00 8.73e-04
1.44784e+00 8.75e-04
1.44809e+00 8.77e-04
1.44838e+00 8.78e-04
1.44864e+00 8.80e-04
1.44889e+00 8.81e-04
1.44918e+00 8.83e-04
1.44943e+00 8.85e-04
1.44969e+00 8.86e-04
1.44997e+00 8.88e-04
1.45023e+00 8.90e-04
1.45049e+00 8.92e-04
1.45075e+00 8.93e-04
1.45103e+00 8.95e-04
1.45129e+00 8.97e-04
1.45154e+00 8.99e-04
1.45182e+00 9.00e-04
1.45208e+00 9.02e-04
1.45234e+00 9.04e-04
1.45262e+00 9.06e-04
1.45288e+00 9.08e-04
1.45313e+00 9.10e-04
1.45342e+00 9.12e-04
1.45367e+00 9.13e-04
1.45393e+00 9.15e-04
1.45421e+00 9.17e-04
1.45447e+00 9.19e-04
1.45472e+00 9.21e-04
1.45498e+00 9.23e-04
1.45526e+00 9.25e-04
1.45552e+00 9.27e-04
1.45577e+00 9.29e-04
1.45605e+00 9.31e-04
1.45631e+00 9.33e-04
1.45657e+00 9.35e-04
1.45685e+00 9.38e-04
1.45710e+00 9.40e-04
1.45736e+00 9.42e-04
1.45764e+00 9.44e-04
1.45789e+00 9.46e-04
1.45815e+00 9.48e-04
1.45843e+00 9.51e-04
1.45868e+00 9.53e-04
1.45896e+00 9.55e-04
1.45922e+00 9.57e-04
1.45948e+00 9.60e-04
1.45975e+00 9.62e-04
1.46001e+00 9.64e-04
1.46026e+00 9.67e-04
1.46054e+00 9.69e-04
1.46080e+00 9.71e-04
1.46105e+00 9.74e-04
1.46133e+00 9.76e-04
1.46159e+00 9.79e-04
1.46184e+00 9.81e-04
1.46212e+00 9.84e-04
1.46238e+00 9.86e-04
1.46263e+00 9.89e-04
1.46291e+00 9.91e-04
1.46316e+00 9.94e-04
1.46344e+00 9.96e-04
1.46370e+00 9.99e-04
1.46395e+00 1.00e-03
1.46423e+00 1.00e-03
1.46448e+00 1.01e-03
1.46474e+00 1.01e-03
1.46501e+00 1.01e-03
1.46527e+00 1.02e-03
1.46554e+00 1.02e-03
1.46580e+00 1.02e-03
1.46605e+00 1.02e-03
1.46633e+00 1.03e-03
1.46658e+00 1.03e-03
1.46686e+00 1.03e-03
1.46711e+00 1.03e-03
1.46737e+00 1.04e-03
1.46764e+00 1.04e-03
1.46790e+00 1.04e-03
1.46817e+00 1.05e-03
1.46843e+00 1.05e-03
1.46868e+00 1.05e-03
1.46896e+00 1.06e-03
1.46921e+00 1.06e-03
1.46949e+00 1.06e-03
1.46974e+00 1.06e-03
1.46999e+00 1.07e-03
1.47027e+00 1.07e-03
1.47052e+00 1.07e-03
1.47080e+00 1.08e-03
1.47105e+00 1.08e-03
1.47130e+00 1.08e-03
1.47158e+00 1.09e-03
1.47183e+00 1.09e-03
1.47211e+00 1.09e-03
1.47236e+00 1.10e-03
1.47261e+00 1.10e-03
1.47288e+00 1.10e-03
1.47314e+00 1.11e-03
1.47341e+00 1.11e-03
1.47366e+00 1.12e-03
1.47394e+00 1.12e-03
1.47419e+00 1.12e-03
1.47447e+00 1.13e-03
1.47472e+00 1.13e-03
1.47497e+00 1.13e-03
1.47524e+00 1.14e-03
1.47550e+00 1.14e-03
1.47577e+00 1.14e-03
1.47602e+00 1.15e-03
1.47630e+00 1.15e-03
1.47655e+00 1.16e-03
1.47680e+00 1.16e-03
1.47707e+00 1.16e-03
1.47732e+00 1.17e-03
1.47760e+00 1.17e-03
1.47785e+00 1.18e-03
1.47812e+00 1.18e-03
1.47837e+00 1.18e-03
1.47865e+00 1.19e-03
1.47890e+00 1.19e-03
1.47917e+00 1.20e-03
1.47942e+00 1.20e-03
1.47969e+00 1.20e-03
1.47994e+00 1.21e-03
1.48019e+00 1.21e-03
1.48047e+00 1.22e-03
1.48072e+00 1.22e-03
1.48099e+00 1.22e-03
1.48124e+00 1.23e-03
1.48151e+00 1.23e-03
1.48176e+00 1.24e-03
1.48204e+00 1.24e-03
1.48229e+00 1.25e-03
1.48256e+00 1.25e-03
1.48281e+00 1.26e-03
1.48308e+00 1.26e-03
1.48333e+00 1.26e-03
1.48360e+00 1.27e-03
1.48385e+00 1.27e-03
1.48412e+00 1.28e-03
1.48437e+00 1.28e-03
1.48465e+00 1.29e-03
1.48489e+00 1.29e-03
1.48517e+00 1.30e-03
1.48542e+00 1.30e-03
1.48569e+00 1.31e-03
1.48594e+00 1.31e-03
1.48621e+00 1.32e-03
1.48646e+00 1.32e-03
1.48673e+00 1.33e-03
1.48698e+00 1.33e-03
1.48725e+00 1.34e-03
1.48750e+00 1.34e-03
1.48777e+00 1.35e-03
1.48802e+00 1.35e-03
1.48829e+00 1.36e-03
1.48854e+00 1.37e-03
1.48881e+00 1.37e-03
1.48908e+00 1.38e-03
1.48932e+00 1.38e-03
1.48960e+00 1.39e-03
1.48984e+00 1.39e-03
1.49011e+00 1.40e-03
1.49036e+00 1.40e-03
1.49063e+00 1.41e-03
1.49088e+00 1.42e-03
1.49115e+00 1.42e-03
1.49140e+00 1.43e-03
1.49167e+00 1.43e-03
1.49191e+00 1.44e-03
1.49218e+00 1.45e-03
1.49245e+00 1.45e-03
1.49270e+00 1.46e-03
1.49297e+00 1.47e-03
1.49322e+00 1.47e-03
1.49349e+00 1.48e-03
1.49374e+00 1.49e-03
1.49400e+00 1.49e-03
1.49425e+00 1.50e-03
1.49452e+00 1.51e-03
1.49479e+00 1.51e-03
1.49504e+00 1.52e-03
1.49531e+00 1.53e-03
1.49555e+00 1.53e-03
1.49582e+00 1.54e-03
1.49607e+00 1.55e-03
1.49634e+00 1.55e-03
1.49661e+00 1.56e-03
1.49685e+00 1.57e-03
1.49712e+00 1.58e-03
1.49737e+00 1.58e-03
1.49763e+00 1.59e-03
1.49790e+00 1.60e-03
1.49815e+00 1.61e-03
1.49842e+00 1.61e-03
1.49866e+00 1.62e-03
1.49893e+00 1.63e-03
1.49920e+00 1.64e-03
1.49944e+00 1.65e-03
1.49971e+00 1.65e-03
1.49996e+00 1.66e-03
1.50023e+00 1.67e-03
1.50049e+00 1.68e-03
1.50074e+00 1.69e-03
1.50101e+00 1.70e-03
1.50125e+00 1.70e-03
1.50152e+00 1.71e-03
1.50179e+00 1.72e-03
1.50203e+00 1.73e-03
1.50230e+00 1.74e-03
1.50257e+00 1.75e-03
1.50281e+00 1.76e-03
1.50308e+00 1.77e-03
1.50332e+00 1.78e-03
1.50359e+00 1.79e-03
1.50386e+00 1.80e-03
1.50410e+00 1.81e-03
1.50437e+00 1.82e-03
1.50463e+00 1.83e-03
1.50488e+00 1.84e-03
1.50514e+00 1.85e-03
1.50541e+00 1.86e-03
1.50565e+00 1.87e-03
1.50592e+00 1.88e-03
1.50619e+00 1.89e-03
1.50643e+00 1.90e-03
1.50670e+00 1.91e-03
1.50694e+00 1.92e-03
1.50721e+00 1.93e-03
1.50747e+00 1.94e-03
1.50772e+00 1.95e-03
1.50798e+00 1.96e-03
1.50825e+00 1.97e-03
1.50849e+00 1.99e-03
1.50876e+00 2.00e-03
1.50902e+00 2.01e-03
1.50929e+00 2.02e-03
1.50953e+00 2.03e-03
1.50979e+00 2.04e-03
1.51006e+00 2.06e-03
1.51030e+00 2.07e-03
1.51057e+00 2.08e-03
1.51083e+00 2.09e-03
1.51108e+00 2.11e-03
1.51134e+00 2.12e-03
1.51160e+00 2.13e-03
1.51185e+00 2.15e-03
1.51211e+00 2.16e-03
1.51238e+00 2.17e-03
1.51264e+00 2.19e-03
1.51288e+00 2.20e-03
1.51315e+00 2.22e-03
1.51341e+00 2.23e-03
1.51365e+00 2.24e-03
1.51392e+00 2.26e-03
1.51418e+00 2.27e-03
1.51442e+00 2.29e-03
1.51469e+00 2.30e-03
1.51495e+00 2.32e-03
1.51522e+00 2.33e-03
1.51546e+00 2.35e-03
1.51572e+00 2.36e-03
1.51598e+00 2.38e-03
1.51625e+00 2.40e-03
1.51649e+00 2.41e-03
1.51675e+00 2.43e-03
1.51702e+00 2.45e-03
1.51728e+00 2.46e-03
1.51752e+00 2.48e-03
1.51778e+00 2.50e-03
1.51805e+00 2.51e-03
1.51831e+00 2.53e-03
1.51855e+00 2.55e-03
1.51881e+00 2.57e-03
1.51908e+00 2.59e-03
1.51934e+00 2.60e-03
1.51958e+00 2.62e-03
1.51984e+00 2.64e-03
1.52010e+00 2.66e-03
1.52037e+00 2.68e-03
1.52061e+00 2.70e-03
1.52087e+00 2.72e-03
1.52113e+00 2.73e-03
1.52139e+00 2.75e-03
1.52163e+00 2.76e-03
1.52190e+00 2.78e-03
1.52216e+00 2.79e-03
1.52242e+00 2.81e-03
1.52268e+00 2.82e-03
1.52292e+00 2.84e-03
1.52318e+00 2.85e-03
1.52344e+00 2.87e-03
1.52371e+00 2.89e-03
1.52397e+00 2.90e-03
1.52421e+00 2.92e-03
1.52447e+00 2.94e-03
1.52473e+00 2.95e-03
1.52499e+00 2.97e-03
1.52525e+00 2.99e-03
1.52549e+00 3.01e-03
1.52575e+00 3.02e-03
1.52601e+00 3.04e-03
1.52627e+00 3.06e-03
1.52653e+00 3.08e-03
1.52680e+00 3.10e-03
1.52703e+00 3.12e-03
1.52729e+00 3.13e-03
1.52756e+00 3.15e-03
1.52782e+00 3.17e-03
1.52808e+00 3.19e-03
1.52831e+00 3.21e-03
1.52857e+00 3.23e-03
1.52884e+00 3.25e-03
1.52910e+00 3.27e-03
1.52936e+00 3.29e-03
1.52962e+00 3.32e-03
1.52988e+00 3.34e-03
1.53011e+00 3.36e-03
1.53037e+00 3.38e-03
1.53063e+00 3.40e-03
1.53089e+00 3.42e-03
1.53115e+00 3.45e-03
1.53141e+00 3.47e-03
1.53167e+00 3.49e-03
1.53191e+00 3.51e-03
1.53217e+00 3.54e-03
1.53243e+00 3.56e-03
1.53269e+00 3.59e-03
1.53295e+00 3.61e-03
1.53320e+00 3.64e-03
1.53346e+00 3.66e-03
1.53372e+00 3.69e-03
1.53396e+00 3.71e-03
1.53422e+00 3.74e-03
1.53448e+00 3.76e-03
1.53474e+00 3.79e-03
1.53499e+00 3.82e-03
1.53525e+00 3.84e-03
1.53551e+00 3.87e-03
1.53577e+00 3.90e-03
1.53603e+00 3.93e-03
1.53629e+00 3.96e-03
1.53652e+00 3.99e-03
1.53678e+00 4.01e-03
1.53704e+00 4.04e-03
1.53730e+00 4.07e-03
1.53756e+00 4.10e-03
1.53781e+00 4.14e-03
1.53807e+00 4.17e-03
1.53833e+00 4.20e-03
1.53859e+00 4.23e-03
1.53884e+00 4.26e-03
1.53910e+00 4.30e-03
1.53936e+00 4.33e-03
1.53962e+00 4.36e-03
1.53987e+00 4.40e-03
1.54013e+00 4.43e-03
1.54037e+00 4.47e-03
1.54062e+00 4.50e-03
1.54088e+00 4.54e-03
1.54114e+00 4.58e-03
1.54139e+00 4.61e-03
1.54165e+00 4.65e-03
1.54191e+00 4.69e-03
1.54216e+00 4.73e-03
1.54242e+00 4.77e-03
1.54268e+00 4.81e-03
1.54293e+00 4.85e-03
1.54319e+00 4.89e-03
1.54345e+00 4.93e-03
1.54370e+00 4.98e-03
1.54396e+00 5.02e-03
1.54422e+00 5.06e-03
1.54447e+00 5.11e-03
1.54473e+00 5.15e-03
1.54498e+00 5.20e-03
1.54524e+00 5.24e-03
1.54550e+00 5.29e-03
1.54575e+00 5.34e-03
1.54601e+00 5.39e-03
1.54626e+00 5.44e-03
1.54652e+00 5.49e-03
1.54677e+00 5.54e-03
1.54703e+00 5.59e-03
1.54729e+00 5.64e-03
1.54754e+00 5.70e-03
1.54780e+00 5.75e-03
1.54805e+00 5.81e-03
1.54831e+00 5.86e-03
1.54856e+00 5.92e-03
1.54882e+00 5.98e-03
1.54907e+00 6.04e-03
1.54933e+00 6.10e-03
1.54958e+00 6.16e-03
1.54984e+00 6.22e-03
1.55009e+00 6.29e-03
1.55035e+00 6.35e-03
1.55060e+00 6.42e-03
1.55085e+00 6.48e-03
1.55111e+00 6.55e-03
1.55138e+00 6.62e-03
1.55164e+00 6.69e-03
1.55189e+00 6.76e-03
1.55215e+00 6.84e-03
1.55240e+00 6.91e-03
1.55266e+00 6.99e-03
1.55291e+00 7.07e-03
1.55316e+00 7.15e-03
1.55342e+00 7.23e-03
1.55367e+00 7.31e-03
1.55393e+00 7.39e-03
1.55418e+00 7.48e-03
1.55443e+00 7.57e-03
1.55471e+00 7.66e-03
1.55496e+00 7.75e-03
1.55521e+00 7.84e-03
1.55547e+00 7.94e-03
1.55572e+00 8.03e-03
1.55597e+00 8.13e-03
1.55623e+00 8.23e-03
1.55648e+00 8.34e-03
1.55673e+00 8.44e-03
1.55699e+00 8.55e-03
1.55726e+00 8.66e-03
1.55751e+00 8.78e-03
1.55777e+00 8.89e-03
1.55802e+00 9.01e-03
1.55827e+00 9.13e-03
1.55852e+00 9.25e-03
1.55878e+00 9.38e-03
1.55903e+00 9.51e-03
1.55930e+00 9.64e-03
1.55955e+00 9.78e-03
1.55981e+00 9.92e-03
1.56006e+00 1.01e-02
1.56031e+00 1.02e-02
1.56056e+00 1.04e-02
1.56081e+00 1.05e-02
1.56109e+00 1.07e-02
1.56134e+00 1.08e-02
1.56159e+00 1.10e-02
1.56184e+00 1.12e-02
1.56209e+00 1.14e-02
1.56235e+00 1.15e-02
1.56262e+00 1.17e-02
1.56287e+00 1.19e-02
1.56312e+00 1.21e-02
1.56337e+00 1.23e-02
1.56362e+00 1.25e-02
1.56390e+00 1.27e-02
1.56415e+00 1.30e-02
1.56440e+00 1.32e-02
1.56465e+00 1.34e-02
1.56490e+00 1.37e-02
1.56517e+00 1.39e-02
1.56542e+00 1.42e-02
1.56567e+00 1.45e-02
1.56592e+00 1.47e-02
1.56618e+00 1.50e-02
1.56645e+00 1.53e-02
1.56670e+00 1.56e-02
1.56695e+00 1.60e-02
1.56720e+00 1.63e-02
1.56745e+00 1.67e-02
1.56772e+00 1.70e-02
1.56797e+00 1.74e-02
1.56822e+00 1.78e-02
1.56835e+00 1.80e-02
1.56862e+00 1.84e-02
1.56874e+00 1.86e-02
1.56899e+00 1.91e-02
1.56924e+00 1.95e-02
1.56949e+00 2.00e-02
1.56964e+00 2.03e-02
1.56989e+00 2.08e-02
1.57001e+00 2.11e-02
1.57026e+00 2.17e-02
1.57039e+00 2.20e-02
1.57066e+00 2.26e-02
1.57078e+00 2.29e-02
1.57090e+00 2.32e-02
1.57115e+00 2.39e-02
1.57128e+00 2.43e-02
1.57155e+00 2.51e-02
1.57167e+00 2.54e-02
1.57192e+00 2.63e-02
1.57205e+00 2.67e-02
1.57217e+00 2.72e-02
1.57244e+00 2.82e-02
1.57257e+00 2.87e-02
1.57282e+00 2.98e-02
1.57294e+00 3.03e-02
1.57319e+00 3.16e-02
1.57333e+00 3.22e-02
1.57346e+00 3.29e-02
1.57371e+00 3.44e-02
1.57383e+00 3.52e-02
1.57408e+00 3.70e-02
1.57423e+00 3.79e-02
1.57447e+00 4.00e-02
1.57460e+00 4.11e-02
1.57485e+00 4.37e-02
1.57499e+00 4.50e-02
1.57512e+00 4.66e-02
1.57536e+00 5.00e-02
1.57549e+00 5.19e-02
1.57574e+00 5.62e-02
1.57588e+00 5.86e-02
1.57613e+00 6.43e-02
1.57625e+00 6.72e-02
1.57650e+00 7.43e-02
1.57665e+00 7.78e-02
1.57677e+00 8.18e-02
1.57702e+00 8.98e-02
1.57727e+00 9.78e-02
1.57741e+00 1.02e-01
1.57753e+00 1.06e-01
1.57778e+00 1.13e-01
1.57791e+00 1.17e-01
1.57817e+00 1.23e-01
1.57830e+00 1.26e-01
1.57855e+00 1.32e-01
1.57867e+00 1.34e-01
1.57881e+00 1.37e-01
1.57906e+00 1.42e-01
1.57918e+00 1.44e-01
1.57943e+00 1.48e-01
1.57958e+00 1.50e-01
1.57982e+00 1.54e-01
1.57995e+00 1.56e-01
1.58022e+00 1.60e-01
1.58046e+00 1.64e-01
1.58071e+00 1.68e-01
1.58098e+00 1.72e-01
1.58122e+00 1.75e-01
1.58149e+00 1.79e-01
1.58174e+00 1.82e-01
1.58198e+00 1.86e-01
1.58225e+00 1.90e-01
1.58250e+00 1.93e-01
1.58277e+00 1.97e-01
1.58301e+00 2.00e-01
1.58326e+00 2.04e-01
1.58353e+00 2.08e-01
1.58377e+00 2.11e-01
1.58404e+00 2.15e-01
1.58428e+00 2.19e-01
1.58453e+00 2.23e-01
1.58480e+00 2.28e-01
1.58492e+00 2.30e-01
1.58519e+00 2.35e-01
1.58531e+00 2.37e-01
1.58555e+00 2.42e-01
1.58568e+00 2.45e-01
1.58594e+00 2.51e-01
1.58607e+00 2.54e-01
1.58619e+00 2.57e-01
1.58646e+00 2.64e-01
1.58658e+00 2.68e-01
1.58682e+00 2.76e-01
1.58697e+00 2.80e-01
1.58721e+00 2.90e-01
1.58734e+00 2.95e-01
1.58760e+00 3.07e-01
1.58772e+00 3.14e-01
1.58785e+00 3.21e-01
1.58811e+00 3.36e-01
1.58823e+00 3.45e-01
1.58848e+00 3.63e-01
1.58862e+00 3.74e-01
1.58887e+00 3.97e-01
1.58899e+00 4.08e-01
1.58926e+00 4.24e-01
1.58938e+00 4.33e-01
1.58950e+00 4.35e-01
1.58977e+00 4.40e-01
1.58989e+00 4.40e-01
1.59040e+00 4.41e-01
1.59066e+00 4.40e-01
1.59091e+00 4.40e-01
1.59117e+00 4.39e-01
1.59142e+00 4.38e-01
1.59154e+00 4.56e-01
1.59180e+00 4.96e-01
1.59193e+00 5.00e-01
1.59219e+00 4.97e-01
1.59231e+00 4.96e-01
1.59282e+00 4.95e-01
1.59308e+00 4.94e-01
1.59333e+00 4.93e-01
1.59359e+00 4.92e-01
1.59384e+00 4.90e-01
1.59410e+00 4.88e-01
1.59422e+00 4.87e-01
1.59434e+00 4.84e-01
1.59461e+00 4.76e-01
1.59473e+00 4.70e-01
1.59499e+00 4.50e-01
1.59512e+00 4.40e-01
1.59538e+00 4.18e-01
1.59550e+00 4.06e-01
1.59574e+00 3.88e-01
1.59589e+00 3.79e-01
1.59601e+00 3.72e-01
1.59627e+00 3.57e-01
1.59639e+00 3.51e-01
1.59664e+00 3.39e-01
1.59678e+00 3.34e-01
1.59702e+00 3.24e-01
1.59716e+00 3.19e-01
1.59741e+00 3.11e-01
1.59755e+00 3.07e-01
1.59779e+00 3.01e-01
1.59791e+00 2.97e-01
1.59817e+00 2.91e-01
1.59830e+00 2.88e-01
1.59856e+00 2.83e-01
1.59868e+00 2.80e-01
1.59894e+00 2.76e-01
1.59919e+00 2.71e-01
1.59945e+00 2.67e-01
1.59971e+00 2.62e-01
1.59995e+00 2.58e-01
1.60022e+00 2.55e-01
1.60048e+00 2.51e-01
1.60072e+00 2.47e-01
1.60098e+00 2.43e-01
1.60124e+00 2.40e-01
1.60149e+00 2.36e-01
1.60175e+00 2.33e-01
1.60199e+00 2.29e-01
1.60225e+00 2.26e-01
1.60251e+00 2.23e-01
1.60276e+00 2.19e-01
1.60302e+00 2.16e-01
1.60328e+00 2.12e-01
1.60352e+00 2.09e-01
1.60378e+00 2.05e-01
1.60404e+00 2.02e-01
1.60428e+00 1.98e-01
1.60455e+00 1.94e-01
1.60481e+00 1.90e-01
1.60507e+00 1.86e-01
1.60519e+00 1.84e-01
1.60545e+00 1.79e-01
1.60557e+00 1.77e-01
1.60583e+00 1.71e-01
1.60595e+00 1.68e-01
1.60607e+00 1.65e-01
1.60633e+00 1.59e-01
1.60645e+00 1.56e-01
1.60671e+00 1.49e-01
1.60697e+00 1.42e-01
1.60710e+00 1.39e-01
1.60724e+00 1.36e-01
1.60748e+00 1.31e-01
1.60762e+00 1.28e-01
1.60786e+00 1.24e-01
1.60800e+00 1.22e-01
1.60826e+00 1.18e-01
1.60838e+00 1.17e-01
1.60864e+00 1.14e-01
1.60876e+00 1.13e-01
1.60888e+00 1.12e-01
1.60914e+00 1.10e-01
1.60928e+00 1.09e-01
1.60952e+00 1.08e-01
1.60966e+00 1.07e-01
1.60990e+00 1.06e-01
1.61004e+00 1.05e-01
1.61030e+00 1.04e-01
1.61042e+00 1.04e-01
1.61068e+00 1.03e-01
1.61080e+00 1.02e-01
1.61106e+00 1.02e-01
1.61118e+00 1.01e-01
1.61144e+00 1.01e-01
1.61170e+00 1.00e-01
1.61195e+00 9.95e-02
1.61219e+00 9.90e-02
1.61245e+00 9.86e-02
1.61271e+00 9.82e-02
1.61297e+00 9.78e-02
1.61323e+00 9.75e-02
1.61347e+00 9.72e-02
1.61373e+00 9.69e-02
1.61399e+00 9.67e-02
1.61425e+00 9.64e-02
1.61451e+00 9.62e-02
1.61476e+00 9.60e-02
1.61500e+00 9.58e-02
1.61526e+00 9.57e-02
1.61552e+00 9.55e-02
1.61578e+00 9.54e-02
1.61604e+00 9.53e-02
1.61745e+00 9.48e-02
1.61909e+00 9.46e-02
1.62063e+00 9.46e-02
1.62216e+00 9.48e-02
1.62370e+00 9.51e-02
1.62523e+00 9.55e-02
1.62651e+00 9.58e-02
1.62779e+00 9.62e-02
1.62906e+00 9.67e-02
1.63034e+00 9.71e-02
1.63138e+00 9.75e-02
1.63315e+00 9.81e-02
1.64278e+00 1.02e-01
1.64804e+00 1.03e-01
1.65357e+00 1.05e-01
1.66040e+00 1.06e-01
1.66906e+00 1.08e-01
1.67177e+00 1.09e-01
1.67450e+00 1.09e-01
1.67697e+00 1.09e-01
1.67906e+00 1.09e-01
1.68113e+00 1.08e-01
1.68295e+00 1.08e-01
1.68477e+00 1.07e-01
1.69378e+00 1.05e-01
1.69758e+00 1.04e-01
1.69811e+00 1.04e-01
1.70586e+00 1.02e-01
1.71896e+00 9.94e-02
1.72348e+00 9.85e-02
1.72868e+00 9.76e-02
1.77327e+00 9.10e-02
1.79174e+00 8.82e-02
1.80783e+00 8.59e-02
1.83855e+00 8.18e-02
1.85943e+00 7.90e-02
1.88784e+00 7.53e-02
1.90278e+00 7.35e-02
1.91678e+00 7.18e-02
1.92975e+00 7.02e-02
1.94163e+00 6.87e-02
1.95544e+00 6.70e-02
1.97023e+00 6.54e-02
1.98162e+00 6.42e-02
1.99255e+00 6.30e-02
2.00457e+00 6.16e-02
2.01444e+00 6.05e-02
2.02265e+00 5.96e-02
2.03872e+00 5.80e-02
2.04724e+00 5.72e-02
2.05505e+00 5.64e-02
2.06208e+00 5.57e-02
2.06781e+00 5.51e-02
2.07364e+00 5.46e-02
2.07659e+00 5.43e-02
2.08891e+00 5.31e-02
2.10200e+00 5.19e-02
2.10738e+00 5.15e-02
2.11288e+00 5.10e-02
2.12015e+00 5.04e-02
2.12820e+00 4.98e-02
2.14903e+00 4.82e-02
2.15313e+00 4.79e-02
2.16153e+00 4.75e-02
2.16649e+00 4.73e-02
2.17427e+00 4.70e-02
2.18160e+00 4.68e-02
2.18516e+00 4.68e-02
2.18878e+00 4.69e-02
2.19170e+00 4.70e-02
2.19317e+00 4.71e-02
2.19392e+00 4.71e-02
2.19465e+00 4.72e-02
2.19540e+00 4.73e-02
2.19615e+00 4.73e-02
2.19690e+00 4.74e-02
2.19766e+00 4.75e-02
2.19841e+00 4.76e-02
2.19917e+00 4.77e-02
2.19992e+00 4.78e-02
2.20069e+00 4.80e-02
2.20145e+00 4.81e-02
2.20221e+00 4.83e-02
2.20299e+00 4.85e-02
2.20376e+00 4.87e-02
2.20453e+00 4.89e-02
2.20530e+00 4.92e-02
2.20609e+00 4.95e-02
2.20687e+00 4.98e-02
2.20725e+00 5.00e-02
2.20765e+00 5.03e-02
2.20843e+00 5.08e-02
2.20922e+00 5.14e-02
2.21001e+00 5.21e-02
2.21081e+00 5.29e-02
2.21160e+00 5.39e-02
2.21240e+00 5.49e-02
2.21280e+00 5.55e-02
2.21320e+00 5.62e-02
2.21360e+00 5.68e-02
2.21401e+00 5.75e-02
2.21441e+00 5.83e-02
2.21481e+00 5.91e-02
2.21522e+00 6.00e-02
2.21562e+00 6.09e-02
2.21643e+00 6.29e-02
2.21684e+00 6.40e-02
2.21725e+00 6.51e-02
2.21766e+00 6.62e-02
2.21806e+00 6.73e-02
2.21847e+00 6.83e-02
2.21930e+00 7.02e-02
2.21971e+00 7.11e-02
2.22013e+00 7.19e-02
2.22054e+00 7.25e-02
2.22095e+00 7.31e-02
2.22136e+00 7.36e-02
2.22178e+00 7.40e-02
2.22220e+00 7.43e-02
2.22261e+00 7.45e-02
2.22346e+00 7.47e-02
2.22429e+00 7.50e-02
2.22471e+00 7.51e-02
2.22513e+00 7.53e-02
2.22555e+00 7.56e-02
2.22597e+00 7.60e-02
2.22641e+00 7.65e-02
2.22683e+00 7.72e-02
2.22725e+00 7.80e-02
2.22768e+00 7.89e-02
2.22811e+00 7.99e-02
2.22853e+00 8.12e-02
2.22896e+00 8.26e-02
2.22939e+00 8.42e-02
2.22982e+00 8.61e-02
2.23025e+00 8.82e-02
2.23068e+00 9.05e-02
2.23111e+00 9.31e-02
2.23155e+00 9.60e-02
2.23198e+00 9.92e-02
2.23242e+00 1.03e-01
2.23285e+00 1.07e-01
2.23329e+00 1.11e-01
2.23373e+00 1.17e-01
2.23417e+00 1.22e-01
2.23461e+00 1.29e-01
2.23504e+00 1.37e-01
2.23548e+00 1.45e-01
2.23593e+00 1.56e-01
2.23637e+00 1.67e-01
2.23681e+00 1.81e-01
2.23726e+00 1.98e-01
2.23771e+00 2.19e-01
2.23815e+00 2.46e-01
2.23859e+00 2.84e-01
2.23904e+00 3.47e-01
2.23950e+00 4.65e-01
2.23994e+00 6.15e-01
2.24039e+00 7.26e-01
2.24084e+00 7.83e-01
2.24129e+00 8.06e-01
2.24175e+00 8.20e-01
2.24220e+00 8.49e-01
2.24265e+00 9.09e-01
2.24311e+00 1.02e+00
2.24357e+00 1.19e+00
2.24402e+00 1.45e+00
2.24449e+00 1.86e+00
2.24495e+00 2.56e+00
2.24540e+00 3.80e+00
2.24587e+00 5.42e+00
2.24633e+00 5.61e+00
2.24679e+00 4.10e+00
2.24725e+00 2.74e+00
2.24772e+00 1.94e+00
2.24818e+00 1.49e+00
2.24866e+00 1.22e+00
2.24912e+00 1.03e+00
2.24960e+00 9.16e-01
2.25006e+00 8.51e-01
2.25053e+00 8.22e-01
2.25101e+00 8.07e-01
2.25148e+00 7.80e-01
2.25195e+00 7.10e-01
2.25243e+00 5.78e-01
2.25290e+00 4.21e-01
2.25338e+00 3.19e-01
2.25386e+00 2.66e-01
2.25434e+00 2.32e-01
2.25482e+00 2.08e-01
2.25529e+00 1.88e-01
2.25578e+00 1.73e-01
2.25627e+00 1.59e-01
2.25675e+00 1.48e-01
2.25723e+00 1.39e-01
2.25772e+00 1.30e-01
2.25820e+00 1.23e-01
2.25870e+00 1.17e-01
2.25919e+00 1.11e-01
2.25968e+00 1.06e-01
2.26017e+00 1.01e-01
2.26067e+00 9.74e-02
2.26116e+00 9.37e-02
2.26166e+00 9.03e-02
2.26215e+00 8.72e-02
2.26265e+00 8.45e-02
2.26315e+00 8.20e-02
2.26365e+00 7.98e-02
2.26415e+00 7.79e-02
2.26465e+00 7.62e-02
2.26515e+00 7.46e-02
2.26566e+00 7.33e-02
2.26616e+00 7.21e-02
2.26667e+00 7.11e-02
2.26718e+00 7.03e-02
2.26769e+00 6.95e-02
2.26820e+00 6.89e-02
2.26871e+00 6.83e-02
2.26974e+00 6.72e-02
2.27077e+00 6.61e-02
2.27129e+00 6.54e-02
2.27181e+00 6.47e-02
2.27285e+00 6.33e-02
2.27337e+00 6.25e-02
2.27390e+00 6.17e-02
2.27442e+00 6.07e-02
2.27496e+00 5.99e-02
2.27548e+00 5.91e-02
2.27602e+00 5.84e-02
2.27654e+00 5.77e-02
2.27707e+00 5.71e-02
2.27814e+00 5.59e-02
2.27921e+00 5.48e-02
2.28030e+00 5.36e-02
2.28138e+00 5.23e-02
2.28193e+00 5.17e-02
2.28303e+00 5.06e-02
2.28358e+00 5.00e-02
2.28468e+00 4.92e-02
2.28523e+00 4.88e-02
2.28578e+00 4.85e-02
2.28690e+00 4.78e-02
2.28802e+00 4.73e-02
2.28915e+00 4.69e-02
2.29028e+00 4.65e-02
2.29141e+00 4.62e-02
2.29257e+00 4.60e-02
2.29372e+00 4.58e-02
2.29488e+00 4.56e-02
2.29604e+00 4.54e-02
2.29721e+00 4.53e-02
2.29839e+00 4.52e-02
2.29958e+00 4.51e-02
2.30077e+00 4.50e-02
2.30378e+00 4.49e-02
2.30688e+00 4.49e-02
2.30936e+00 4.49e-02
2.31055e+00 4.50e-02
2.31372e+00 4.50e-02
2.31501e+00 4.50e-02
2.31629e+00 4.49e-02
2.31757e+00 4.47e-02
2.31895e+00 4.45e-02
2.32023e+00 4.42e-02
2.32160e+00 4.40e-02
2.32288e+00 4.38e-02
2.32425e+00 4.36e-02
2.32562e+00 4.35e-02
2.32767e+00 4.33e-02
2.32903e+00 4.32e-02
2.33253e+00 4.31e-02
2.33747e+00 4.31e-02
2.33901e+00 4.32e-02
2.34046e+00 4.32e-02
2.34190e+00 4.33e-02
2.34344e+00 4.34e-02
2.34488e+00 4.35e-02
2.34641e+00 4.36e-02
2.34794e+00 4.36e-02
2.34947e+00 4.38e-02
2.35099e+00 4.39e-02
2.35261e+00 4.40e-02
2.35413e+00 4.41e-02
2.35575e+00 4.42e-02
2.35736e+00 4.43e-02
2.35897e+00 4.44e-02
2.36057e+00 4.45e-02
2.36227e+00 4.46e-02
2.36396e+00 4.48e-02
2.36556e+00 4.49e-02
2.36734e+00 4.51e-02
2.36903e+00 4.53e-02
2.36987e+00 4.54e-02
2.37071e+00 4.55e-02
2.37248e+00 4.58e-02
2.37425e+00 4.61e-02
2.37602e+00 4.64e-02
2.37788e+00 4.69e-02
2.37871e+00 4.71e-02
2.37964e+00 4.74e-02
2.38056e+00 4.77e-02
2.38241e+00 4.84e-02
2.38334e+00 4.88e-02
2.38426e+00 4.92e-02
2.38527e+00 4.97e-02
2.38619e+00 5.03e-02
2.38711e+00 5.10e-02
2.38812e+00 5.17e-02
2.38904e+00 5.25e-02
2.39005e+00 5.35e-02
2.39096e+00 5.47e-02
2.39197e+00 5.60e-02
2.39297e+00 5.76e-02
2.39398e+00 5.95e-02
2.39498e+00 6.17e-02
2.39598e+00 6.44e-02
2.39699e+00 6.76e-02
2.39799e+00 7.13e-02
2.39899e+00 7.54e-02
2.40007e+00 8.00e-02
2.40107e+00 8.49e-02
2.40216e+00 9.02e-02
2.40315e+00 9.59e-02
2.40424e+00 1.02e-01
2.40532e+00 1.10e-01
2.40640e+00 1.17e-01
2.40740e+00 1.26e-01
2.40848e+00 1.34e-01
2.40964e+00 1.40e-01
2.41072e+00 1.46e-01
2.41180e+00 1.49e-01
2.41296e+00 1.50e-01
2.41404e+00 1.50e-01
2.41520e+00 1.50e-01
2.41627e+00 1.50e-01
2.41859e+00 1.51e-01
2.41975e+00 1.51e-01
2.42090e+00 1.49e-01
2.42214e+00 1.44e-01
2.42330e+00 1.37e-01
2.42454e+00 1.29e-01
2.42569e+00 1.20e-01
2.42692e+00 1.11e-01
2.42816e+00 1.04e-01
2.42939e+00 9.68e-02
2.43063e+00 9.06e-02
2.43186e+00 8.49e-02
2.43317e+00 7.98e-02
2.43440e+00 7.52e-02
2.43572e+00 7.15e-02
2.43694e+00 6.85e-02
2.43825e+00 6.62e-02
2.43956e+00 6.45e-02
2.44095e+00 6.33e-02
2.44226e+00 6.25e-02
2.44365e+00 6.19e-02
2.44495e+00 6.15e-02
2.44634e+00 6.14e-02
2.44772e+00 6.13e-02
2.44911e+00 6.15e-02
2.45057e+00 6.18e-02
2.45195e+00 6.21e-02
2.45342e+00 6.25e-02
2.45488e+00 6.30e-02
2.45634e+00 6.37e-02
2.45779e+00 6.44e-02
2.45933e+00 6.52e-02
2.46087e+00 6.61e-02
2.46394e+00 6.81e-02
2.46547e+00 6.90e-02
2.46708e+00 6.99e-02
2.46861e+00 7.06e-02
2.47022e+00 7.09e-02
2.47191e+00 7.07e-02
2.47351e+00 7.04e-02
2.47519e+00 6.99e-02
2.47855e+00 6.89e-02
2.48031e+00 6.84e-02
2.48207e+00 6.79e-02
2.48382e+00 6.89e-02
2.48566e+00 6.82e-02
2.48740e+00 6.76e-02
2.48923e+00 6.71e-02
2.49304e+00 6.61e-02
2.49684e+00 6.52e-02
2.50078e+00 6.43e-02
2.50487e+00 6.35e-02
2.50911e+00 6.27e-02
2.51341e+00 6.19e-02
2.51786e+00 6.11e-02
2.52252e+00 6.03e-02
2.52733e+00 5.95e-02
2.53227e+00 5.87e-02
2.53742e+00 5.79e-02
2.54286e+00 5.71e-02
2.54843e+00 5.63e-02
2.55428e+00 5.54e-02
2.56048e+00 5.45e-02
2.56695e+00 5.36e-02
2.57376e+00 5.27e-02
2.58097e+00 5.17e-02
2.58867e+00 5.07e-02
2.59682e+00 4.96e-02
2.60565e+00 4.85e-02
2.61513e+00 4.74e-02
2.62024e+00 4.67e-02
2.62554e+00 4.61e-02
2.63698e+00 4.47e-02
2.64319e+00 4.40e-02
2.64971e+00 4.33e-02
2.65669e+00 4.25e-02
2.66410e+00 4.17e-02
2.67215e+00 4.09e-02
2.68082e+00 3.99e-02
2.69029e+00 3.90e-02
2.70069e+00 3.79e-02
2.71231e+00 3.68e-02
2.72543e+00 3.56e-02
2.74065e+00 3.42e-02
2.75874e+00 3.26e-02
2.78130e+00 3.07e-02
2.81151e+00 2.84e-02
2.85859e+00 2.51e-02
2.99573e+00 1.73e-02
