# OPACITY Project tables
-2.61515e+00 1.60e+01
-2.27341e+00 5.52e+00
-2.07433e+00 2.96e+00
-1.93351e+00 1.91e+00
-1.82455e+00 1.36e+00
-1.73574e+00 1.03e+00
-1.66078e+00 8.16e-01
-1.59603e+00 6.67e-01
-1.53898e+00 5.59e-01
-1.48802e+00 4.78e-01
-1.44198e+00 4.15e-01
-1.40003e+00 3.66e-01
-1.36148e+00 3.25e-01
-1.32584e+00 2.92e-01
-1.29269e+00 2.65e-01
-1.26174e+00 2.42e-01
-1.23268e+00 2.22e-01
-1.20531e+00 2.05e-01
-1.17944e+00 1.90e-01
-1.15493e+00 1.77e-01
-1.13165e+00 1.66e-01
-1.10945e+00 1.56e-01
-1.08827e+00 1.46e-01
-1.06799e+00 1.38e-01
-1.04857e+00 1.30e-01
-1.02994e+00 1.23e-01
-1.01200e+00 1.17e-01
-9.94739e-01 1.11e-01
-9.78086e-01 1.06e-01
-9.62021e-01 1.01e-01
-9.46492e-01 9.65e-02
-9.31455e-01 9.38e-02
-9.16916e-01 8.87e-02
-9.02807e-01 8.49e-02
-8.89113e-01 8.19e-02
-8.75797e-01 7.83e-02
-8.62868e-01 7.56e-02
-8.50292e-01 7.33e-02
-8.38057e-01 7.04e-02
-8.26130e-01 6.79e-02
-8.14502e-01 6.56e-02
-8.03185e-01 6.36e-02
-7.92106e-01 6.14e-02
-7.81301e-01 5.95e-02
-7.70741e-01 6.12e-02
-7.60420e-01 5.60e-02
-7.50331e-01 5.47e-02
-7.40469e-01 5.30e-02
-7.30787e-01 5.14e-02
-7.21320e-01 5.05e-02
-7.12045e-01 4.86e-02
-7.02955e-01 5.02e-02
-6.94048e-01 4.63e-02
-6.85298e-01 4.55e-02
-6.76723e-01 4.41e-02
-6.68298e-01 4.29e-02
-6.60041e-01 4.27e-02
-6.51909e-01 4.08e-02
-6.43938e-01 3.99e-02
-6.36087e-01 3.89e-02
-6.28390e-01 3.90e-02
-6.20808e-01 3.75e-02
-6.13357e-01 3.66e-02
-6.06016e-01 3.62e-02
-5.98801e-01 3.53e-02
-5.91692e-01 3.44e-02
-5.84687e-01 3.39e-02
-5.77803e-01 3.30e-02
-5.71018e-01 3.23e-02
-5.64314e-01 3.15e-02
-5.57725e-01 3.10e-02
-5.51231e-01 3.03e-02
-5.44831e-01 2.98e-02
-5.38505e-01 2.94e-02
-5.26142e-01 2.82e-02
-5.20085e-01 2.82e-02
-5.14098e-01 2.77e-02
-5.08196e-01 2.71e-02
-5.02362e-01 2.65e-02
-4.96610e-01 2.59e-02
-4.85320e-01 2.50e-02
-4.79779e-01 2.47e-02
-4.74301e-01 2.43e-02
-4.68884e-01 2.39e-02
-4.63545e-01 2.34e-02
-4.58265e-01 2.30e-02
-4.47882e-01 2.23e-02
-4.42778e-01 2.19e-02
-4.37730e-01 2.16e-02
-4.32739e-01 2.12e-02
-4.27803e-01 2.09e-02
-4.22922e-01 2.06e-02
-4.18095e-01 2.03e-02
-4.13321e-01 2.00e-02
-4.08585e-01 1.97e-02
-4.03901e-01 1.94e-02
-3.99284e-01 1.92e-02
-3.94688e-01 1.89e-02
-3.90158e-01 1.86e-02
-3.85662e-01 1.84e-02
-3.81216e-01 1.81e-02
-3.76819e-01 1.79e-02
-3.72456e-01 1.75e-02
-3.68126e-01 1.75e-02
-3.59622e-01 1.70e-02
-3.55419e-01 1.68e-02
-3.51261e-01 1.65e-02
-3.47135e-01 1.63e-02
-3.39003e-01 1.59e-02
-3.31021e-01 1.55e-02
-3.23185e-01 1.52e-02
-3.15464e-01 1.48e-02
-3.07885e-01 1.45e-02
-3.00430e-01 1.42e-02
-2.93097e-01 1.38e-02
-2.85884e-01 1.35e-02
-2.78788e-01 1.33e-02
-2.71796e-01 1.30e-02
-2.64917e-01 1.27e-02
-2.58149e-01 1.24e-02
-2.54802e-01 1.23e-02
-2.51466e-01 1.22e-02
-2.48167e-01 1.20e-02
-2.44891e-01 1.20e-02
-2.38409e-01 1.17e-02
-2.32020e-01 1.15e-02
-2.28860e-01 1.14e-02
-2.22606e-01 1.12e-02
-2.16441e-01 1.10e-02
-2.10363e-01 1.08e-02
-2.04359e-01 1.06e-02
-1.98439e-01 1.04e-02
-1.95504e-01 1.03e-02
-1.92590e-01 1.02e-02
-1.89697e-01 1.01e-02
-1.86824e-01 1.00e-02
-1.81126e-01 9.86e-03
-1.75509e-01 9.70e-03
-1.69958e-01 9.54e-03
-1.64474e-01 9.38e-03
-1.59054e-01 9.23e-03
-1.56373e-01 9.16e-03
-1.51044e-01 9.01e-03
-1.45789e-01 8.87e-03
-1.43189e-01 8.80e-03
-1.40596e-01 8.74e-03
-1.38021e-01 8.67e-03
-1.32914e-01 8.54e-03
-1.27867e-01 8.41e-03
-1.22868e-01 8.29e-03
-1.17928e-01 8.16e-03
-1.13057e-01 8.05e-03
-1.08220e-01 7.93e-03
-1.03440e-01 7.82e-03
-9.87160e-02 7.72e-03
-9.63788e-02 7.66e-03
-9.17206e-02 7.55e-03
-8.71168e-02 7.45e-03
-8.25559e-02 7.35e-03
-7.80480e-02 7.26e-03
-7.58125e-02 7.20e-03
-7.13671e-02 7.11e-03
-6.69735e-02 7.02e-03
-6.26097e-02 6.93e-03
-5.82967e-02 6.85e-03
-5.40233e-02 6.76e-03
-4.97997e-02 6.68e-03
-4.56042e-02 6.59e-03
-4.14576e-02 6.51e-03
-3.73385e-02 6.44e-03
-3.32673e-02 6.36e-03
-2.92229e-02 6.28e-03
-2.52255e-02 6.21e-03
-2.12543e-02 6.14e-03
-1.73293e-02 6.07e-03
-1.34298e-02 6.00e-03
-9.56560e-03 5.93e-03
-5.73642e-03 5.87e-03
-1.94188e-03 5.80e-03
1.79838e-03 5.74e-03
5.58438e-03 5.68e-03
9.25702e-03 5.62e-03
1.29162e-02 5.56e-03
1.65621e-02 5.50e-03
2.01947e-02 5.44e-03
2.38142e-02 5.38e-03
2.73233e-02 5.33e-03
3.08201e-02 5.27e-03
3.43048e-02 5.22e-03
3.77774e-02 5.17e-03
4.12379e-02 5.12e-03
4.46865e-02 5.07e-03
4.80280e-02 5.02e-03
5.14533e-02 4.97e-03
5.47722e-02 4.92e-03
5.80802e-02 4.88e-03
6.13773e-02 4.83e-03
6.46635e-02 4.79e-03
6.78455e-02 4.74e-03
7.11106e-02 4.70e-03
7.42722e-02 4.66e-03
7.74239e-02 4.62e-03
8.06579e-02 4.57e-03
8.37895e-02 4.53e-03
8.68197e-02 4.50e-03
8.99321e-02 4.46e-03
9.30349e-02 4.42e-03
9.60372e-02 4.38e-03
9.90305e-02 4.34e-03
1.02015e-01 4.31e-03
1.05080e-01 4.27e-03
1.07957e-01 4.24e-03
1.10915e-01 4.20e-03
1.13864e-01 4.17e-03
1.16805e-01 4.13e-03
1.19648e-01 4.10e-03
1.22483e-01 4.07e-03
1.25398e-01 4.04e-03
1.28217e-01 4.00e-03
1.31028e-01 3.97e-03
1.33831e-01 3.94e-03
1.36539e-01 3.91e-03
1.39327e-01 3.88e-03
1.42107e-01 3.85e-03
1.44793e-01 3.82e-03
1.47471e-01 3.80e-03
1.50229e-01 3.77e-03
1.52893e-01 3.74e-03
1.55550e-01 3.71e-03
1.58200e-01 3.69e-03
1.60757e-01 3.66e-03
1.63394e-01 3.63e-03
1.66023e-01 3.61e-03
1.68561e-01 3.58e-03
1.71176e-01 3.56e-03
1.73701e-01 3.53e-03
1.76220e-01 3.51e-03
1.78732e-01 3.49e-03
1.81321e-01 3.46e-03
1.83737e-01 3.44e-03
1.86231e-01 3.42e-03
1.88718e-01 3.40e-03
1.91199e-01 3.37e-03
1.93591e-01 3.35e-03
1.96060e-01 3.33e-03
1.98441e-01 3.31e-03
2.00898e-01 3.29e-03
2.03267e-01 3.27e-03
2.05631e-01 3.25e-03
2.07989e-01 3.23e-03
2.10342e-01 3.21e-03
2.12689e-01 3.19e-03
2.15031e-01 3.17e-03
2.17286e-01 3.15e-03
2.19617e-01 3.13e-03
2.21943e-01 3.11e-03
2.24183e-01 3.09e-03
2.26418e-01 3.08e-03
2.28728e-01 3.06e-03
2.30953e-01 3.04e-03
2.33173e-01 3.02e-03
2.35388e-01 3.01e-03
2.37599e-01 2.99e-03
2.39804e-01 2.97e-03
2.42005e-01 2.96e-03
2.44200e-01 2.94e-03
2.46313e-01 2.92e-03
2.48499e-01 2.91e-03
2.50681e-01 2.89e-03
2.52780e-01 2.88e-03
2.54875e-01 2.86e-03
2.57042e-01 2.85e-03
2.59128e-01 2.83e-03
2.61210e-01 2.82e-03
2.63287e-01 2.80e-03
2.65360e-01 2.79e-03
2.67428e-01 2.77e-03
2.69493e-01 2.76e-03
2.71553e-01 2.74e-03
2.73609e-01 2.73e-03
2.75660e-01 2.72e-03
2.77632e-01 2.70e-03
2.79675e-01 2.69e-03
2.81639e-01 2.68e-03
2.83674e-01 2.67e-03
2.85630e-01 2.65e-03
2.87582e-01 2.64e-03
2.89605e-01 2.63e-03
2.91550e-01 2.62e-03
2.93490e-01 2.60e-03
2.95427e-01 2.59e-03
2.97360e-01 2.58e-03
2.99289e-01 2.57e-03
3.01215e-01 2.56e-03
3.03137e-01 2.55e-03
3.04982e-01 2.53e-03
3.06896e-01 2.52e-03
3.08807e-01 2.51e-03
3.10641e-01 2.50e-03
3.12545e-01 2.49e-03
3.14373e-01 2.48e-03
3.16270e-01 2.47e-03
3.18090e-01 2.46e-03
3.19907e-01 2.45e-03
3.21794e-01 2.44e-03
3.23604e-01 2.43e-03
3.25411e-01 2.42e-03
3.27215e-01 2.41e-03
3.29016e-01 2.40e-03
3.30813e-01 2.39e-03
3.32608e-01 2.38e-03
3.34399e-01 2.37e-03
3.36115e-01 2.36e-03
3.37900e-01 2.36e-03
3.39681e-01 2.35e-03
3.41389e-01 2.34e-03
3.43164e-01 2.33e-03
3.44936e-01 2.32e-03
3.46635e-01 2.31e-03
3.48330e-01 2.30e-03
3.50093e-01 2.30e-03
3.51783e-01 2.29e-03
3.53470e-01 2.28e-03
3.55224e-01 2.27e-03
3.56905e-01 2.26e-03
3.58583e-01 2.26e-03
3.60259e-01 2.25e-03
3.61931e-01 2.24e-03
3.63601e-01 2.23e-03
3.65268e-01 2.23e-03
3.66932e-01 2.22e-03
3.68594e-01 2.21e-03
3.70183e-01 2.21e-03
3.71839e-01 2.20e-03
3.73493e-01 2.19e-03
3.75075e-01 2.19e-03
3.76723e-01 2.18e-03
3.78299e-01 2.17e-03
3.79942e-01 2.17e-03
3.81514e-01 2.16e-03
3.83151e-01 2.15e-03
3.84718e-01 2.15e-03
3.86282e-01 2.14e-03
3.87912e-01 2.14e-03
3.89471e-01 2.13e-03
3.91028e-01 2.12e-03
3.92582e-01 2.12e-03
3.94134e-01 2.11e-03
3.95684e-01 2.11e-03
3.97231e-01 2.10e-03
3.98776e-01 2.10e-03
4.00319e-01 2.09e-03
4.01859e-01 2.09e-03
4.03396e-01 2.08e-03
4.04932e-01 2.08e-03
4.06465e-01 2.07e-03
4.07929e-01 2.07e-03
4.09457e-01 2.06e-03
4.10983e-01 2.06e-03
4.12441e-01 2.05e-03
4.13962e-01 2.05e-03
4.15415e-01 2.04e-03
4.16932e-01 2.04e-03
4.18381e-01 2.04e-03
4.19828e-01 2.03e-03
4.21338e-01 2.03e-03
4.22781e-01 2.02e-03
4.24221e-01 2.02e-03
4.25725e-01 2.01e-03
4.27161e-01 2.01e-03
4.28596e-01 2.01e-03
4.30028e-01 2.00e-03
4.31458e-01 2.00e-03
4.32886e-01 2.00e-03
4.34312e-01 1.99e-03
4.35736e-01 1.99e-03
4.37158e-01 1.99e-03
4.38577e-01 1.98e-03
4.39995e-01 1.98e-03
4.41411e-01 1.98e-03
4.42761e-01 1.97e-03
4.44173e-01 1.97e-03
4.45583e-01 1.97e-03
4.46927e-01 1.96e-03
4.48333e-01 1.96e-03
4.49737e-01 1.96e-03
4.51076e-01 1.96e-03
4.52476e-01 1.95e-03
4.53811e-01 1.95e-03
4.55207e-01 1.95e-03
4.56538e-01 1.95e-03
4.57931e-01 1.94e-03
4.59259e-01 1.94e-03
4.60584e-01 1.94e-03
4.61971e-01 1.94e-03
4.77103e-01 1.92e-03
4.89255e-01 1.91e-03
4.98591e-01 1.90e-03
5.07781e-01 1.90e-03
5.16231e-01 1.91e-03
5.23307e-01 1.91e-03
5.26797e-01 1.92e-03
5.31451e-01 1.92e-03
5.34855e-01 1.93e-03
5.36025e-01 1.93e-03
5.37136e-01 1.93e-03
5.38305e-01 1.93e-03
5.39413e-01 1.94e-03
5.40579e-01 1.94e-03
5.41685e-01 1.94e-03
5.42789e-01 1.94e-03
5.43951e-01 1.94e-03
5.45053e-01 1.95e-03
5.46154e-01 1.95e-03
5.47312e-01 1.95e-03
5.48410e-01 1.96e-03
5.49508e-01 1.96e-03
5.50604e-01 1.96e-03
5.51699e-01 1.96e-03
5.52850e-01 1.97e-03
5.53943e-01 1.97e-03
5.55034e-01 1.97e-03
5.56124e-01 1.98e-03
5.57213e-01 1.98e-03
5.58301e-01 1.98e-03
5.59387e-01 1.99e-03
5.60473e-01 1.99e-03
5.61557e-01 1.99e-03
5.62640e-01 2.00e-03
5.63722e-01 2.00e-03
5.64745e-01 2.01e-03
5.65825e-01 2.01e-03
5.66903e-01 2.01e-03
5.67981e-01 2.02e-03
5.69057e-01 2.02e-03
5.70075e-01 2.03e-03
5.71149e-01 2.03e-03
5.72222e-01 2.04e-03
5.73293e-01 2.04e-03
5.74307e-01 2.05e-03
5.75377e-01 2.05e-03
5.76445e-01 2.06e-03
5.77456e-01 2.06e-03
5.78522e-01 2.07e-03
5.79530e-01 2.07e-03
5.80594e-01 2.08e-03
5.81601e-01 2.08e-03
5.82662e-01 2.09e-03
5.83667e-01 2.09e-03
5.84726e-01 2.10e-03
5.85729e-01 2.11e-03
5.86786e-01 2.11e-03
5.87787e-01 2.12e-03
5.88786e-01 2.12e-03
5.89840e-01 2.13e-03
5.90838e-01 2.14e-03
5.91834e-01 2.14e-03
5.92885e-01 2.15e-03
5.93879e-01 2.16e-03
5.94873e-01 2.16e-03
5.95865e-01 2.17e-03
5.96857e-01 2.18e-03
5.97902e-01 2.19e-03
5.98891e-01 2.19e-03
5.99880e-01 2.20e-03
6.00867e-01 2.21e-03
6.01854e-01 2.22e-03
6.02839e-01 2.22e-03
6.03824e-01 2.23e-03
6.04808e-01 2.24e-03
6.05790e-01 2.25e-03
6.06772e-01 2.26e-03
6.07753e-01 2.27e-03
6.08732e-01 2.27e-03
6.09711e-01 2.28e-03
6.10689e-01 2.29e-03
6.11666e-01 2.30e-03
6.12642e-01 2.31e-03
6.13617e-01 2.32e-03
6.14591e-01 2.33e-03
6.15510e-01 2.34e-03
6.16482e-01 2.35e-03
6.17453e-01 2.36e-03
6.18424e-01 2.37e-03
6.19339e-01 2.38e-03
6.20308e-01 2.39e-03
6.21275e-01 2.40e-03
6.22242e-01 2.41e-03
6.23154e-01 2.42e-03
6.24119e-01 2.43e-03
6.25082e-01 2.44e-03
6.25992e-01 2.45e-03
6.26954e-01 2.47e-03
6.27862e-01 2.48e-03
6.28822e-01 2.49e-03
6.29728e-01 2.50e-03
6.30686e-01 2.51e-03
6.31591e-01 2.53e-03
6.32548e-01 2.54e-03
6.33450e-01 2.55e-03
6.34405e-01 2.56e-03
6.35306e-01 2.58e-03
6.36259e-01 2.59e-03
6.37159e-01 2.60e-03
6.38110e-01 2.62e-03
6.39008e-01 2.63e-03
6.39905e-01 2.65e-03
6.40853e-01 2.66e-03
6.41749e-01 2.68e-03
6.42643e-01 2.69e-03
6.43537e-01 2.70e-03
6.44482e-01 2.72e-03
6.45374e-01 2.74e-03
6.46265e-01 2.75e-03
6.47156e-01 2.77e-03
6.48098e-01 2.78e-03
6.48986e-01 2.80e-03
6.49874e-01 2.82e-03
6.50761e-01 2.83e-03
6.51648e-01 2.85e-03
6.52533e-01 2.87e-03
6.53418e-01 2.88e-03
6.54302e-01 2.90e-03
6.55186e-01 2.92e-03
6.56120e-01 2.94e-03
6.57002e-01 2.96e-03
6.57883e-01 2.97e-03
6.58763e-01 2.99e-03
6.59642e-01 3.01e-03
6.60469e-01 3.03e-03
6.61347e-01 3.05e-03
6.62224e-01 3.07e-03
6.63100e-01 3.09e-03
6.63976e-01 3.11e-03
6.64851e-01 3.13e-03
6.65725e-01 3.15e-03
6.66598e-01 3.18e-03
6.67470e-01 3.20e-03
6.68291e-01 3.22e-03
6.69162e-01 3.24e-03
6.70032e-01 3.26e-03
6.70902e-01 3.29e-03
6.71719e-01 3.31e-03
6.72587e-01 3.33e-03
6.73455e-01 3.36e-03
6.74321e-01 3.38e-03
6.75136e-01 3.41e-03
6.76001e-01 3.43e-03
6.76865e-01 3.46e-03
6.77678e-01 3.48e-03
6.78541e-01 3.51e-03
6.79403e-01 3.53e-03
6.80214e-01 3.56e-03
6.81075e-01 3.59e-03
6.81884e-01 3.62e-03
6.82743e-01 3.64e-03
6.83551e-01 3.67e-03
6.84409e-01 3.70e-03
6.85266e-01 3.73e-03
6.86072e-01 3.76e-03
6.86878e-01 3.79e-03
6.87733e-01 3.82e-03
6.88537e-01 3.85e-03
6.89390e-01 3.88e-03
6.90193e-01 3.91e-03
6.91045e-01 3.94e-03
6.91846e-01 3.98e-03
6.92647e-01 4.01e-03
6.93497e-01 4.04e-03
6.94297e-01 4.08e-03
6.95145e-01 4.11e-03
6.95943e-01 4.15e-03
6.96741e-01 4.18e-03
6.97538e-01 4.22e-03
6.98383e-01 4.25e-03
6.99179e-01 4.29e-03
6.99974e-01 4.33e-03
7.00818e-01 4.36e-03
7.01611e-01 4.40e-03
7.02404e-01 4.44e-03
7.03197e-01 4.48e-03
7.03988e-01 4.52e-03
7.04829e-01 4.56e-03
7.05619e-01 4.60e-03
7.06409e-01 4.64e-03
7.07198e-01 4.68e-03
7.07987e-01 4.73e-03
7.08774e-01 4.77e-03
7.09562e-01 4.81e-03
7.10348e-01 4.86e-03
7.11134e-01 4.90e-03
7.11920e-01 4.95e-03
7.12754e-01 4.99e-03
7.13538e-01 5.04e-03
7.14321e-01 5.09e-03
7.15104e-01 5.14e-03
7.15887e-01 5.18e-03
7.16668e-01 5.23e-03
7.17401e-01 5.28e-03
7.18181e-01 5.33e-03
7.18961e-01 5.38e-03
7.19740e-01 5.44e-03
7.20519e-01 5.49e-03
7.21297e-01 5.54e-03
7.22075e-01 5.60e-03
7.22852e-01 5.65e-03
7.23628e-01 5.71e-03
7.24404e-01 5.76e-03
7.25130e-01 5.82e-03
7.25905e-01 5.88e-03
7.26679e-01 5.93e-03
7.27452e-01 5.99e-03
7.28225e-01 6.05e-03
7.28949e-01 6.11e-03
7.29720e-01 6.17e-03
7.30491e-01 6.23e-03
7.31262e-01 6.30e-03
7.31983e-01 6.36e-03
7.32752e-01 6.42e-03
7.33521e-01 6.49e-03
7.34241e-01 6.55e-03
7.35009e-01 6.62e-03
7.35776e-01 6.69e-03
7.36494e-01 6.76e-03
7.37260e-01 6.82e-03
7.38025e-01 6.89e-03
7.38742e-01 6.96e-03
7.39506e-01 7.04e-03
7.40222e-01 7.11e-03
7.40985e-01 7.18e-03
7.41747e-01 7.25e-03
7.42461e-01 7.33e-03
7.43222e-01 7.40e-03
7.43935e-01 7.48e-03
7.44695e-01 7.56e-03
7.45408e-01 7.63e-03
7.46166e-01 7.71e-03
7.46878e-01 7.79e-03
7.47635e-01 7.87e-03
7.48345e-01 7.95e-03
7.49102e-01 8.03e-03
7.49811e-01 8.11e-03
7.50567e-01 8.20e-03
7.51275e-01 8.28e-03
7.51982e-01 8.36e-03
7.52736e-01 8.45e-03
7.53442e-01 8.54e-03
7.54148e-01 8.62e-03
7.54901e-01 8.71e-03
7.55605e-01 8.80e-03
7.56357e-01 8.89e-03
7.57061e-01 8.98e-03
7.57764e-01 9.07e-03
7.58467e-01 9.16e-03
7.59216e-01 9.25e-03
7.59918e-01 9.34e-03
7.60619e-01 9.43e-03
7.61366e-01 9.53e-03
7.62067e-01 9.62e-03
7.62767e-01 9.72e-03
7.63466e-01 9.81e-03
7.64211e-01 9.91e-03
7.64910e-01 1.00e-02
7.65607e-01 1.01e-02
7.66305e-01 1.02e-02
7.67002e-01 1.03e-02
7.67698e-01 1.04e-02
7.68440e-01 1.05e-02
7.69136e-01 1.06e-02
7.69830e-01 1.07e-02
7.70525e-01 1.08e-02
7.71219e-01 1.09e-02
7.71912e-01 1.10e-02
7.72605e-01 1.11e-02
7.73298e-01 1.12e-02
7.73990e-01 1.13e-02
7.74681e-01 1.14e-02
7.75418e-01 1.15e-02
7.76109e-01 1.16e-02
7.76799e-01 1.17e-02
7.77488e-01 1.18e-02
7.78177e-01 1.19e-02
7.78866e-01 1.20e-02
7.79554e-01 1.21e-02
7.80242e-01 1.22e-02
7.80929e-01 1.23e-02
7.81570e-01 1.24e-02
7.82256e-01 1.25e-02
7.82942e-01 1.26e-02
7.83628e-01 1.27e-02
7.84312e-01 1.28e-02
7.84997e-01 1.29e-02
7.85681e-01 1.30e-02
7.86364e-01 1.30e-02
7.87047e-01 1.31e-02
7.87730e-01 1.32e-02
7.88366e-01 1.33e-02
7.89048e-01 1.34e-02
7.89729e-01 1.35e-02
7.90410e-01 1.36e-02
7.91090e-01 1.37e-02
7.91770e-01 1.38e-02
7.92404e-01 1.38e-02
7.93083e-01 1.39e-02
7.93761e-01 1.40e-02
7.94439e-01 1.41e-02
7.95117e-01 1.41e-02
7.95749e-01 1.42e-02
7.96426e-01 1.43e-02
7.97102e-01 1.44e-02
7.97732e-01 1.44e-02
7.98408e-01 1.45e-02
7.99083e-01 1.45e-02
7.99757e-01 1.46e-02
8.00386e-01 1.47e-02
8.01059e-01 1.47e-02
8.01732e-01 1.48e-02
8.02360e-01 1.48e-02
8.03032e-01 1.49e-02
8.03704e-01 1.49e-02
8.04331e-01 1.49e-02
8.05002e-01 1.50e-02
8.05627e-01 1.50e-02
8.06297e-01 1.50e-02
8.06967e-01 1.51e-02
8.07591e-01 1.51e-02
8.08572e-01 1.51e-02
8.10174e-01 1.51e-02
8.12129e-01 1.51e-02
8.12751e-01 1.51e-02
8.13416e-01 1.50e-02
8.14036e-01 1.50e-02
8.14701e-01 1.50e-02
8.15321e-01 1.49e-02
8.15984e-01 1.49e-02
8.16603e-01 1.48e-02
8.17266e-01 1.48e-02
8.17884e-01 1.47e-02
8.18546e-01 1.47e-02
8.19163e-01 1.46e-02
8.19824e-01 1.45e-02
8.20440e-01 1.44e-02
8.21057e-01 1.43e-02
8.21716e-01 1.42e-02
8.22332e-01 1.41e-02
8.22947e-01 1.40e-02
8.23605e-01 1.39e-02
8.24219e-01 1.38e-02
8.24833e-01 1.37e-02
8.25490e-01 1.36e-02
8.26103e-01 1.35e-02
8.26716e-01 1.34e-02
8.27372e-01 1.33e-02
8.27984e-01 1.32e-02
8.28595e-01 1.30e-02
8.29250e-01 1.29e-02
8.29861e-01 1.28e-02
8.30471e-01 1.27e-02
8.31081e-01 1.26e-02
8.31735e-01 1.24e-02
8.32344e-01 1.23e-02
8.32953e-01 1.22e-02
8.33561e-01 1.21e-02
8.34213e-01 1.20e-02
8.34820e-01 1.18e-02
8.35428e-01 1.17e-02
8.36035e-01 1.16e-02
8.36641e-01 1.15e-02
8.37291e-01 1.14e-02
8.37897e-01 1.12e-02
8.38502e-01 1.11e-02
8.39107e-01 1.10e-02
8.39712e-01 1.09e-02
8.40316e-01 1.08e-02
8.40964e-01 1.06e-02
8.41567e-01 1.05e-02
8.42170e-01 1.04e-02
8.42773e-01 1.03e-02
8.43376e-01 1.02e-02
8.43978e-01 1.01e-02
8.44580e-01 9.98e-03
8.45181e-01 9.87e-03
8.45782e-01 9.77e-03
8.46383e-01 9.66e-03
8.46984e-01 9.56e-03
8.47584e-01 9.47e-03
8.48226e-01 9.37e-03
8.48825e-01 9.27e-03
8.49424e-01 9.17e-03
8.50023e-01 9.07e-03
8.50621e-01 8.97e-03
8.51219e-01 8.87e-03
8.51816e-01 8.78e-03
8.52413e-01 8.68e-03
8.53010e-01 8.58e-03
8.53606e-01 8.49e-03
8.54160e-01 8.39e-03
8.54756e-01 8.30e-03
8.55351e-01 8.21e-03
8.55946e-01 8.12e-03
8.56243e-01 8.08e-03
8.56838e-01 7.99e-03
8.57432e-01 7.90e-03
8.58026e-01 7.81e-03
8.58619e-01 7.73e-03
8.59212e-01 7.64e-03
8.59805e-01 7.56e-03
8.60397e-01 7.48e-03
8.60947e-01 7.40e-03
8.61539e-01 7.32e-03
8.62130e-01 7.24e-03
8.62721e-01 7.16e-03
8.63312e-01 7.09e-03
8.63607e-01 7.06e-03
8.64197e-01 6.98e-03
8.64745e-01 6.91e-03
8.65334e-01 6.83e-03
8.65923e-01 6.76e-03
8.66512e-01 6.69e-03
8.67100e-01 6.62e-03
8.67689e-01 6.56e-03
8.68234e-01 6.49e-03
8.68822e-01 6.43e-03
8.69409e-01 6.36e-03
8.69995e-01 6.30e-03
8.70540e-01 6.24e-03
8.71126e-01 6.18e-03
8.71712e-01 6.13e-03
8.72297e-01 6.08e-03
8.72840e-01 6.03e-03
8.73425e-01 5.98e-03
8.74009e-01 5.94e-03
8.74552e-01 5.91e-03
8.74844e-01 5.90e-03
8.75135e-01 5.88e-03
8.75427e-01 5.88e-03
8.75719e-01 5.88e-03
8.76302e-01 5.89e-03
8.76551e-01 5.91e-03
8.76843e-01 5.93e-03
8.77134e-01 5.97e-03
8.77425e-01 6.01e-03
8.78007e-01 6.11e-03
8.78257e-01 6.15e-03
8.78547e-01 6.25e-03
8.78838e-01 6.24e-03
8.79129e-01 6.20e-03
8.79419e-01 6.12e-03
8.79710e-01 6.03e-03
8.80249e-01 5.83e-03
8.80539e-01 5.74e-03
8.80829e-01 5.66e-03
8.81119e-01 5.60e-03
8.81368e-01 5.54e-03
8.81658e-01 5.49e-03
8.81948e-01 5.44e-03
8.82237e-01 5.40e-03
8.82527e-01 5.35e-03
8.82775e-01 5.32e-03
8.83354e-01 5.25e-03
8.83644e-01 5.24e-03
8.84181e-01 5.18e-03
8.84470e-01 5.15e-03
8.85048e-01 5.10e-03
8.85337e-01 5.08e-03
8.85584e-01 5.06e-03
8.85873e-01 5.07e-03
8.86161e-01 5.05e-03
8.86450e-01 5.04e-03
8.86985e-01 5.00e-03
8.87274e-01 4.98e-03
8.87562e-01 4.97e-03
8.88097e-01 4.93e-03
8.88673e-01 4.90e-03
8.89248e-01 4.86e-03
8.89782e-01 4.83e-03
8.90070e-01 4.81e-03
8.90357e-01 4.80e-03
8.90604e-01 4.79e-03
8.90891e-01 4.78e-03
8.91465e-01 4.75e-03
8.91711e-01 4.75e-03
8.92285e-01 4.72e-03
8.92817e-01 4.70e-03
8.93104e-01 4.69e-03
8.93677e-01 4.66e-03
8.94209e-01 4.63e-03
8.94781e-01 4.61e-03
8.95026e-01 4.60e-03
8.95312e-01 4.59e-03
8.95843e-01 4.56e-03
8.96415e-01 4.54e-03
8.96945e-01 4.51e-03
8.97516e-01 4.49e-03
8.98045e-01 4.46e-03
8.98330e-01 4.46e-03
8.98615e-01 4.45e-03
8.99145e-01 4.43e-03
8.99673e-01 4.41e-03
9.00243e-01 4.39e-03
9.00771e-01 4.38e-03
9.01055e-01 4.38e-03
9.01583e-01 4.36e-03
9.02151e-01 4.35e-03
9.02679e-01 4.34e-03
9.02962e-01 4.33e-03
9.03205e-01 4.33e-03
9.03489e-01 4.33e-03
9.04056e-01 4.32e-03
9.04582e-01 4.30e-03
9.05108e-01 4.29e-03
9.05675e-01 4.29e-03
9.06200e-01 4.28e-03
9.06725e-01 4.27e-03
9.07290e-01 4.25e-03
9.07815e-01 4.24e-03
9.08339e-01 4.22e-03
9.08904e-01 4.20e-03
9.09145e-01 4.19e-03
9.09427e-01 4.21e-03
9.09669e-01 4.19e-03
9.10232e-01 4.18e-03
9.10755e-01 4.16e-03
9.11278e-01 4.15e-03
9.11560e-01 4.17e-03
9.11841e-01 4.16e-03
9.12082e-01 4.15e-03
9.12363e-01 4.15e-03
9.12885e-01 4.14e-03
9.13407e-01 4.12e-03
9.13968e-01 4.10e-03
9.14209e-01 4.13e-03
9.14770e-01 4.11e-03
9.15290e-01 4.10e-03
9.15811e-01 4.08e-03
9.16091e-01 4.09e-03
9.16611e-01 4.07e-03
9.16851e-01 4.08e-03
9.17410e-01 4.07e-03
9.17929e-01 4.05e-03
9.18448e-01 4.04e-03
9.18967e-01 4.02e-03
9.19486e-01 4.01e-03
9.20044e-01 3.99e-03
9.20562e-01 3.98e-03
9.20801e-01 3.97e-03
9.21079e-01 3.97e-03
9.21597e-01 3.95e-03
9.21875e-01 3.96e-03
9.22392e-01 3.95e-03
9.22909e-01 3.93e-03
9.23425e-01 3.92e-03
9.23941e-01 3.90e-03
9.24457e-01 3.89e-03
9.25013e-01 3.88e-03
9.25528e-01 3.86e-03
9.26043e-01 3.85e-03
9.26558e-01 3.83e-03
9.27072e-01 3.82e-03
9.27587e-01 3.81e-03
9.28101e-01 3.79e-03
9.28614e-01 3.78e-03
9.29128e-01 3.77e-03
9.29681e-01 3.75e-03
9.30194e-01 3.74e-03
9.30706e-01 3.73e-03
9.31219e-01 3.72e-03
9.31731e-01 3.70e-03
9.32243e-01 3.69e-03
9.32754e-01 3.68e-03
9.33266e-01 3.67e-03
9.33777e-01 3.66e-03
9.34052e-01 3.65e-03
9.34288e-01 3.66e-03
9.34563e-01 3.69e-03
9.34798e-01 3.69e-03
9.35073e-01 3.68e-03
9.35309e-01 3.68e-03
9.35819e-01 3.67e-03
9.36093e-01 3.67e-03
9.36603e-01 3.67e-03
9.37112e-01 3.66e-03
9.37347e-01 3.66e-03
9.37622e-01 3.65e-03
9.37857e-01 3.65e-03
9.38130e-01 3.66e-03
9.38365e-01 3.66e-03
9.38639e-01 3.66e-03
9.38874e-01 3.65e-03
9.39382e-01 3.65e-03
9.39890e-01 3.64e-03
9.40163e-01 3.64e-03
9.40671e-01 3.63e-03
9.41139e-01 3.62e-03
9.41647e-01 3.61e-03
9.41919e-01 3.65e-03
9.42153e-01 3.65e-03
9.42426e-01 3.64e-03
9.42933e-01 3.63e-03
9.43166e-01 3.62e-03
9.43439e-01 3.62e-03
9.43672e-01 3.61e-03
9.43945e-01 3.61e-03
9.44450e-01 3.60e-03
9.44956e-01 3.59e-03
9.45422e-01 3.58e-03
9.45927e-01 3.57e-03
9.46199e-01 3.56e-03
9.46704e-01 3.58e-03
9.47208e-01 3.57e-03
9.47712e-01 3.56e-03
9.48177e-01 3.55e-03
9.48680e-01 3.54e-03
9.49184e-01 3.52e-03
9.49687e-01 3.51e-03
9.50190e-01 3.50e-03
9.50692e-01 3.49e-03
9.51194e-01 3.48e-03
9.51696e-01 3.46e-03
9.52160e-01 3.45e-03
9.52661e-01 3.45e-03
9.52931e-01 3.44e-03
9.53394e-01 3.43e-03
9.53895e-01 3.42e-03
9.54395e-01 3.41e-03
9.54896e-01 3.40e-03
9.55396e-01 3.39e-03
9.55896e-01 3.38e-03
9.56357e-01 3.37e-03
9.56857e-01 3.35e-03
9.57356e-01 3.34e-03
9.57855e-01 3.33e-03
9.58354e-01 3.32e-03
9.58814e-01 3.31e-03
9.59312e-01 3.30e-03
9.59810e-01 3.29e-03
9.60308e-01 3.28e-03
9.60767e-01 3.27e-03
9.61264e-01 3.26e-03
9.61532e-01 3.29e-03
9.61761e-01 3.30e-03
9.62258e-01 3.29e-03
9.62716e-01 3.28e-03
9.62983e-01 3.29e-03
9.63480e-01 3.28e-03
9.63937e-01 3.27e-03
9.64433e-01 3.26e-03
9.64662e-01 3.25e-03
9.65157e-01 3.24e-03
9.65652e-01 3.23e-03
9.66147e-01 3.23e-03
9.66604e-01 3.22e-03
9.67098e-01 3.21e-03
9.67592e-01 3.20e-03
9.68048e-01 3.19e-03
9.68542e-01 3.18e-03
9.69035e-01 3.17e-03
9.69490e-01 3.16e-03
9.69983e-01 3.15e-03
9.70476e-01 3.14e-03
9.70930e-01 3.14e-03
9.71423e-01 3.13e-03
9.71915e-01 3.12e-03
9.72369e-01 3.11e-03
9.72860e-01 3.10e-03
9.73351e-01 3.09e-03
9.73805e-01 3.08e-03
9.74295e-01 3.08e-03
9.74786e-01 3.07e-03
9.75239e-01 3.06e-03
9.75729e-01 3.05e-03
9.76181e-01 3.04e-03
9.76671e-01 3.03e-03
9.77160e-01 3.03e-03
9.77612e-01 3.02e-03
9.78101e-01 3.01e-03
9.78552e-01 3.00e-03
9.79040e-01 2.99e-03
9.79528e-01 2.99e-03
9.79979e-01 2.98e-03
9.80467e-01 2.97e-03
9.80917e-01 2.96e-03
9.81404e-01 2.96e-03
9.81891e-01 2.95e-03
9.82341e-01 2.94e-03
9.82827e-01 2.93e-03
9.83276e-01 2.93e-03
9.83762e-01 2.92e-03
9.84211e-01 2.91e-03
9.84697e-01 2.90e-03
9.85145e-01 2.90e-03
9.85630e-01 2.89e-03
9.86078e-01 2.88e-03
9.86563e-01 2.88e-03
9.87010e-01 2.87e-03
9.87494e-01 2.86e-03
9.87941e-01 2.85e-03
9.88425e-01 2.85e-03
9.88872e-01 2.84e-03
9.89355e-01 2.83e-03
9.89801e-01 2.83e-03
9.90284e-01 2.82e-03
9.90730e-01 2.81e-03
9.91213e-01 2.81e-03
9.91658e-01 2.80e-03
9.92140e-01 2.79e-03
9.92585e-01 2.79e-03
9.93067e-01 2.78e-03
9.93511e-01 2.77e-03
9.93992e-01 2.77e-03
9.94436e-01 2.76e-03
9.94917e-01 2.75e-03
9.95361e-01 2.75e-03
9.95804e-01 2.74e-03
9.96284e-01 2.73e-03
9.96727e-01 2.73e-03
9.97207e-01 2.72e-03
9.97649e-01 2.71e-03
9.98129e-01 2.71e-03
9.98571e-01 2.70e-03
9.99013e-01 2.70e-03
9.99492e-01 2.69e-03
9.99933e-01 2.68e-03
1.00041e+00 2.68e-03
1.00085e+00 2.67e-03
1.00129e+00 2.67e-03
1.00177e+00 2.66e-03
1.00221e+00 2.65e-03
1.00269e+00 2.65e-03
1.00313e+00 2.64e-03
1.00357e+00 2.64e-03
1.00405e+00 2.63e-03
1.00448e+00 2.62e-03
1.00492e+00 2.62e-03
1.00540e+00 2.61e-03
1.00584e+00 2.61e-03
1.00628e+00 2.60e-03
1.00675e+00 2.59e-03
1.00719e+00 2.59e-03
1.00763e+00 2.58e-03
1.00810e+00 2.58e-03
1.00854e+00 2.57e-03
1.00898e+00 2.57e-03
1.00945e+00 2.56e-03
1.00989e+00 2.56e-03
1.01033e+00 2.55e-03
1.01080e+00 2.54e-03
1.01124e+00 2.54e-03
1.01167e+00 2.53e-03
1.01215e+00 2.53e-03
1.01258e+00 2.52e-03
1.01302e+00 2.52e-03
1.01345e+00 2.51e-03
1.01393e+00 2.51e-03
1.01436e+00 2.50e-03
1.01480e+00 2.50e-03
1.01527e+00 2.49e-03
1.01570e+00 2.49e-03
1.01614e+00 2.48e-03
1.01657e+00 2.48e-03
1.01704e+00 2.47e-03
1.01747e+00 2.47e-03
1.01791e+00 2.46e-03
1.01834e+00 2.46e-03
1.01881e+00 2.45e-03
1.01924e+00 2.45e-03
1.01968e+00 2.44e-03
1.02011e+00 2.44e-03
1.02054e+00 2.43e-03
1.02101e+00 2.43e-03
1.02144e+00 2.42e-03
1.02188e+00 2.42e-03
1.02231e+00 2.41e-03
1.02277e+00 2.41e-03
1.02321e+00 2.40e-03
1.02364e+00 2.40e-03
1.02407e+00 2.39e-03
1.02450e+00 2.39e-03
1.02497e+00 2.38e-03
1.02540e+00 2.38e-03
1.02583e+00 2.37e-03
1.02626e+00 2.37e-03
1.02669e+00 2.36e-03
1.02712e+00 2.36e-03
1.02758e+00 2.36e-03
1.02801e+00 2.35e-03
1.02844e+00 2.35e-03
1.02887e+00 2.34e-03
1.02930e+00 2.34e-03
1.02973e+00 2.33e-03
1.03019e+00 2.33e-03
1.03062e+00 2.32e-03
1.03105e+00 2.32e-03
1.03147e+00 2.32e-03
1.03190e+00 2.31e-03
1.03233e+00 2.31e-03
1.03276e+00 2.30e-03
1.03322e+00 2.30e-03
1.03365e+00 2.29e-03
1.03407e+00 2.29e-03
1.03450e+00 2.29e-03
1.03493e+00 2.28e-03
1.03535e+00 2.28e-03
1.03578e+00 2.27e-03
1.03620e+00 2.27e-03
1.03663e+00 2.26e-03
1.03706e+00 2.26e-03
1.03752e+00 2.25e-03
1.03794e+00 2.25e-03
1.03837e+00 2.25e-03
1.03879e+00 2.24e-03
1.03922e+00 2.24e-03
1.03964e+00 2.23e-03
1.04006e+00 2.23e-03
1.04049e+00 2.23e-03
1.04091e+00 2.22e-03
1.04134e+00 2.22e-03
1.04176e+00 2.21e-03
1.04218e+00 2.21e-03
1.04261e+00 2.21e-03
1.04303e+00 2.20e-03
1.04349e+00 2.20e-03
1.04391e+00 2.19e-03
1.04433e+00 2.19e-03
1.04475e+00 2.19e-03
1.04518e+00 2.18e-03
1.04560e+00 2.18e-03
1.04602e+00 2.17e-03
1.04644e+00 2.17e-03
1.04686e+00 2.17e-03
1.04728e+00 2.16e-03
1.04770e+00 2.16e-03
1.04813e+00 2.16e-03
1.04855e+00 2.15e-03
1.04897e+00 2.15e-03
1.04939e+00 2.15e-03
1.04981e+00 2.14e-03
1.05023e+00 2.14e-03
1.05065e+00 2.14e-03
1.05107e+00 2.13e-03
1.05149e+00 2.13e-03
1.05190e+00 2.12e-03
1.05232e+00 2.12e-03
1.05274e+00 2.12e-03
1.05316e+00 2.11e-03
1.05358e+00 2.11e-03
1.05400e+00 2.11e-03
1.05442e+00 2.10e-03
1.05483e+00 2.10e-03
1.05522e+00 2.09e-03
1.05564e+00 2.09e-03
1.05605e+00 2.09e-03
1.05647e+00 2.08e-03
1.05689e+00 2.08e-03
1.05730e+00 2.08e-03
1.05772e+00 2.07e-03
1.05814e+00 2.07e-03
1.05855e+00 2.07e-03
1.05897e+00 2.06e-03
1.05939e+00 2.06e-03
1.05980e+00 2.06e-03
1.06022e+00 2.05e-03
1.06063e+00 2.05e-03
1.06105e+00 2.05e-03
1.06143e+00 2.04e-03
1.06184e+00 2.04e-03
1.06226e+00 2.04e-03
1.06267e+00 2.03e-03
1.06309e+00 2.03e-03
1.06350e+00 2.02e-03
1.06392e+00 2.02e-03
1.06433e+00 2.02e-03
1.06475e+00 2.01e-03
1.06516e+00 2.01e-03
1.06554e+00 2.01e-03
1.06595e+00 2.00e-03
1.06636e+00 2.00e-03
1.06678e+00 2.00e-03
1.06719e+00 2.00e-03
1.06760e+00 1.99e-03
1.06802e+00 1.99e-03
1.06843e+00 1.99e-03
1.06881e+00 1.98e-03
1.06922e+00 1.98e-03
1.06963e+00 1.98e-03
1.07004e+00 1.97e-03
1.07045e+00 1.97e-03
1.07086e+00 1.97e-03
1.07128e+00 1.96e-03
1.07165e+00 1.96e-03
1.07206e+00 1.96e-03
1.07247e+00 1.95e-03
1.07288e+00 1.95e-03
1.07329e+00 1.95e-03
1.07370e+00 1.94e-03
1.07408e+00 1.94e-03
1.07449e+00 1.94e-03
1.07490e+00 1.93e-03
1.07531e+00 1.93e-03
1.07572e+00 1.93e-03
1.07609e+00 1.93e-03
1.07650e+00 1.92e-03
1.07691e+00 1.92e-03
1.07732e+00 1.92e-03
1.07773e+00 1.91e-03
1.07810e+00 1.91e-03
1.07831e+00 1.91e-03
1.07851e+00 2.26e-03
1.07892e+00 2.26e-03
1.07933e+00 2.25e-03
1.07974e+00 2.25e-03
1.08011e+00 2.25e-03
1.08052e+00 2.24e-03
1.08092e+00 2.24e-03
1.08133e+00 2.24e-03
1.08170e+00 2.23e-03
1.08211e+00 2.23e-03
1.08252e+00 2.23e-03
1.08292e+00 2.22e-03
1.08333e+00 2.22e-03
1.08370e+00 2.22e-03
1.08411e+00 2.21e-03
1.08451e+00 2.21e-03
1.08492e+00 2.21e-03
1.08529e+00 2.20e-03
1.08570e+00 2.20e-03
1.08610e+00 2.20e-03
1.08651e+00 2.20e-03
1.08688e+00 2.19e-03
1.08728e+00 2.19e-03
1.08769e+00 2.19e-03
1.08806e+00 2.18e-03
1.08846e+00 2.18e-03
1.08886e+00 2.18e-03
1.08927e+00 2.17e-03
1.08964e+00 2.17e-03
1.09004e+00 2.17e-03
1.09045e+00 2.16e-03
1.09085e+00 2.16e-03
1.09122e+00 2.16e-03
1.09162e+00 2.16e-03
1.09202e+00 2.15e-03
1.09239e+00 2.15e-03
1.09280e+00 2.15e-03
1.09320e+00 2.14e-03
1.09357e+00 2.14e-03
1.09397e+00 2.14e-03
1.09437e+00 2.13e-03
1.09477e+00 2.13e-03
1.09514e+00 2.13e-03
1.09554e+00 2.13e-03
1.09594e+00 2.12e-03
1.09631e+00 2.12e-03
1.09671e+00 2.12e-03
1.09711e+00 2.11e-03
1.09748e+00 2.11e-03
1.09788e+00 2.11e-03
1.09828e+00 2.11e-03
1.09865e+00 2.10e-03
1.09905e+00 2.10e-03
1.09945e+00 2.10e-03
1.09981e+00 2.09e-03
1.10021e+00 2.09e-03
1.10061e+00 2.09e-03
1.10098e+00 2.09e-03
1.10138e+00 2.08e-03
1.10177e+00 2.08e-03
1.10214e+00 2.08e-03
1.10254e+00 2.07e-03
1.10290e+00 2.07e-03
1.10330e+00 2.07e-03
1.10370e+00 2.07e-03
1.10406e+00 2.06e-03
1.10446e+00 2.06e-03
1.10486e+00 2.06e-03
1.10522e+00 2.06e-03
1.10562e+00 2.05e-03
1.10599e+00 2.05e-03
1.10638e+00 2.05e-03
1.10678e+00 2.04e-03
1.10714e+00 2.04e-03
1.10754e+00 2.04e-03
1.10794e+00 2.04e-03
1.10830e+00 2.03e-03
1.10869e+00 2.03e-03
1.10906e+00 2.03e-03
1.10945e+00 2.03e-03
1.10985e+00 2.02e-03
1.11021e+00 2.02e-03
1.11061e+00 2.02e-03
1.11097e+00 2.01e-03
1.11136e+00 2.01e-03
1.11176e+00 2.01e-03
1.11212e+00 2.01e-03
1.11252e+00 2.00e-03
1.11288e+00 2.00e-03
1.11327e+00 2.00e-03
1.11363e+00 2.00e-03
1.11403e+00 1.99e-03
1.11442e+00 1.99e-03
1.11478e+00 1.99e-03
1.11517e+00 1.99e-03
1.11553e+00 1.98e-03
1.11593e+00 1.98e-03
1.11629e+00 1.98e-03
1.11668e+00 1.98e-03
1.11704e+00 1.97e-03
1.11743e+00 1.97e-03
1.11783e+00 1.97e-03
1.11819e+00 1.97e-03
1.11858e+00 1.96e-03
1.11894e+00 1.96e-03
1.11933e+00 1.96e-03
1.11969e+00 1.96e-03
1.12008e+00 1.95e-03
1.12044e+00 1.95e-03
1.12083e+00 1.95e-03
1.12119e+00 1.95e-03
1.12158e+00 1.94e-03
1.12197e+00 1.94e-03
1.12233e+00 1.94e-03
1.12272e+00 1.94e-03
1.12308e+00 1.93e-03
1.12347e+00 1.93e-03
1.12383e+00 1.93e-03
1.12422e+00 1.93e-03
1.12457e+00 1.92e-03
1.12496e+00 1.92e-03
1.12532e+00 1.92e-03
1.12571e+00 1.92e-03
1.12607e+00 1.91e-03
1.12645e+00 1.91e-03
1.12681e+00 1.91e-03
1.12720e+00 1.91e-03
1.12756e+00 1.90e-03
1.12794e+00 1.90e-03
1.12830e+00 1.90e-03
1.12869e+00 1.90e-03
1.12904e+00 1.89e-03
1.12943e+00 1.89e-03
1.12979e+00 1.89e-03
1.13018e+00 1.89e-03
1.13053e+00 1.89e-03
1.13092e+00 1.88e-03
1.13127e+00 1.88e-03
1.13166e+00 1.88e-03
1.13201e+00 1.88e-03
1.13237e+00 1.87e-03
1.13276e+00 1.87e-03
1.13311e+00 1.87e-03
1.13350e+00 1.87e-03
1.13385e+00 1.86e-03
1.13424e+00 1.86e-03
1.13459e+00 1.86e-03
1.13498e+00 1.86e-03
1.13533e+00 1.86e-03
1.13572e+00 1.85e-03
1.13607e+00 1.85e-03
1.13645e+00 1.85e-03
1.13681e+00 1.85e-03
1.13716e+00 1.84e-03
1.13754e+00 1.84e-03
1.13790e+00 1.84e-03
1.13828e+00 1.84e-03
1.13863e+00 1.84e-03
1.13902e+00 1.83e-03
1.13937e+00 1.83e-03
1.13972e+00 1.83e-03
1.14011e+00 1.83e-03
1.14046e+00 1.82e-03
1.14084e+00 1.82e-03
1.14119e+00 1.82e-03
1.14158e+00 1.82e-03
1.14193e+00 1.82e-03
1.14228e+00 1.81e-03
1.14266e+00 1.81e-03
1.14301e+00 1.81e-03
1.14339e+00 1.81e-03
1.14374e+00 1.80e-03
1.14413e+00 1.80e-03
1.14448e+00 1.80e-03
1.14483e+00 1.80e-03
1.14521e+00 1.80e-03
1.14556e+00 1.79e-03
1.14594e+00 1.79e-03
1.14629e+00 1.79e-03
1.14664e+00 1.79e-03
1.14702e+00 1.79e-03
1.14737e+00 1.78e-03
1.14775e+00 1.78e-03
1.14810e+00 1.78e-03
1.14845e+00 1.78e-03
1.14883e+00 1.77e-03
1.14918e+00 1.77e-03
1.14956e+00 1.77e-03
1.14991e+00 1.77e-03
1.15026e+00 1.77e-03
1.15064e+00 1.76e-03
1.15098e+00 1.76e-03
1.15133e+00 1.76e-03
1.15171e+00 1.76e-03
1.15206e+00 1.76e-03
1.15244e+00 1.75e-03
1.15278e+00 1.75e-03
1.15313e+00 1.75e-03
1.15351e+00 1.75e-03
1.15386e+00 1.75e-03
1.15420e+00 1.74e-03
1.15458e+00 1.74e-03
1.15493e+00 1.74e-03
1.15528e+00 1.74e-03
1.15565e+00 1.74e-03
1.15600e+00 1.73e-03
1.15638e+00 1.73e-03
1.15672e+00 1.73e-03
1.15707e+00 1.73e-03
1.15745e+00 1.73e-03
1.15779e+00 1.72e-03
1.15814e+00 1.72e-03
1.15852e+00 1.72e-03
1.15886e+00 1.72e-03
1.15921e+00 1.72e-03
1.15958e+00 1.71e-03
1.15993e+00 1.71e-03
1.16027e+00 1.71e-03
1.16065e+00 1.71e-03
1.16099e+00 1.71e-03
1.16134e+00 1.70e-03
1.16171e+00 1.70e-03
1.16206e+00 1.70e-03
1.16240e+00 1.70e-03
1.16278e+00 1.70e-03
1.16312e+00 1.70e-03
1.16346e+00 1.69e-03
1.16384e+00 1.69e-03
1.16418e+00 1.69e-03
1.16452e+00 1.69e-03
1.16487e+00 1.69e-03
1.16524e+00 1.68e-03
1.16559e+00 1.68e-03
1.16593e+00 1.68e-03
1.16630e+00 1.68e-03
1.16664e+00 1.68e-03
1.16699e+00 1.67e-03
1.16736e+00 1.67e-03
1.16770e+00 1.67e-03
1.16805e+00 1.67e-03
1.16842e+00 1.67e-03
1.16876e+00 1.66e-03
1.16910e+00 1.66e-03
1.16944e+00 1.66e-03
1.16982e+00 1.66e-03
1.17016e+00 1.66e-03
1.17050e+00 1.66e-03
1.17087e+00 1.65e-03
1.17121e+00 1.65e-03
1.17155e+00 1.65e-03
1.17189e+00 1.65e-03
1.17227e+00 1.65e-03
1.17261e+00 1.64e-03
1.17295e+00 1.64e-03
1.17332e+00 1.64e-03
1.17366e+00 1.64e-03
1.17400e+00 1.64e-03
1.17434e+00 1.64e-03
1.17471e+00 1.63e-03
1.17505e+00 1.63e-03
1.17539e+00 1.63e-03
1.17573e+00 1.63e-03
1.17610e+00 1.63e-03
1.17644e+00 1.63e-03
1.17678e+00 1.62e-03
1.17715e+00 1.62e-03
1.17749e+00 1.62e-03
1.17782e+00 1.62e-03
1.17816e+00 1.62e-03
1.17853e+00 1.61e-03
1.17887e+00 1.61e-03
1.17921e+00 1.61e-03
1.17955e+00 1.61e-03
1.17992e+00 1.61e-03
1.18025e+00 1.61e-03
1.18059e+00 1.60e-03
1.18093e+00 1.60e-03
1.18130e+00 1.60e-03
1.18164e+00 1.60e-03
1.18197e+00 1.60e-03
1.18231e+00 1.60e-03
1.18268e+00 1.59e-03
1.18301e+00 1.59e-03
1.18335e+00 1.59e-03
1.18369e+00 1.59e-03
1.18406e+00 1.59e-03
1.18439e+00 1.58e-03
1.18473e+00 1.58e-03
1.18507e+00 1.58e-03
1.18540e+00 1.58e-03
1.18577e+00 1.58e-03
1.18610e+00 1.58e-03
1.18644e+00 1.57e-03
1.18678e+00 1.57e-03
1.18714e+00 1.57e-03
1.18748e+00 1.57e-03
1.18781e+00 1.57e-03
1.18815e+00 1.57e-03
1.18848e+00 1.56e-03
1.18885e+00 1.56e-03
1.18918e+00 1.56e-03
1.18952e+00 1.56e-03
1.18985e+00 1.56e-03
1.19022e+00 1.56e-03
1.19055e+00 1.55e-03
1.19089e+00 1.55e-03
1.19122e+00 1.55e-03
1.19156e+00 1.55e-03
1.19192e+00 1.55e-03
1.19225e+00 1.55e-03
1.19259e+00 1.54e-03
1.19292e+00 1.54e-03
1.19326e+00 1.54e-03
1.19362e+00 1.54e-03
1.19377e+00 1.54e-03
1.19395e+00 1.54e-03
1.19429e+00 1.53e-03
1.19462e+00 1.53e-03
1.19495e+00 1.53e-03
1.19532e+00 1.53e-03
1.19565e+00 1.53e-03
1.19598e+00 1.53e-03
1.19631e+00 1.52e-03
1.19665e+00 1.52e-03
1.19698e+00 1.52e-03
1.19734e+00 1.52e-03
1.19767e+00 1.52e-03
1.19801e+00 1.52e-03
1.19834e+00 1.52e-03
1.19867e+00 1.51e-03
1.19903e+00 1.51e-03
1.19936e+00 1.51e-03
1.19969e+00 1.51e-03
1.20003e+00 1.51e-03
1.20036e+00 1.51e-03
1.20054e+00 1.51e-03
1.20069e+00 1.50e-03
1.20105e+00 1.50e-03
1.20138e+00 1.50e-03
1.20171e+00 1.50e-03
1.20204e+00 1.50e-03
1.20237e+00 1.50e-03
1.20270e+00 1.49e-03
1.20306e+00 1.49e-03
1.20339e+00 1.49e-03
1.20372e+00 1.49e-03
1.20405e+00 1.49e-03
1.20438e+00 1.49e-03
1.20471e+00 1.49e-03
1.20507e+00 1.48e-03
1.20540e+00 1.48e-03
1.20573e+00 1.48e-03
1.20606e+00 1.48e-03
1.20639e+00 1.48e-03
1.20657e+00 1.48e-03
1.20672e+00 1.47e-03
1.20708e+00 1.47e-03
1.20741e+00 1.47e-03
1.20774e+00 1.47e-03
1.20806e+00 1.47e-03
1.20839e+00 1.47e-03
1.20872e+00 1.47e-03
1.20905e+00 1.46e-03
1.20941e+00 1.46e-03
1.20974e+00 1.46e-03
1.21006e+00 1.46e-03
1.21039e+00 1.46e-03
1.21072e+00 1.46e-03
1.21105e+00 1.46e-03
1.21138e+00 1.45e-03
1.21173e+00 1.45e-03
1.21206e+00 1.45e-03
1.23090e+00 1.37e-03
1.24453e+00 1.32e-03
1.25450e+00 1.28e-03
1.27055e+00 1.22e-03
1.28299e+00 1.17e-03
1.29464e+00 1.13e-03
1.30614e+00 1.10e-03
1.31959e+00 1.06e-03
1.33545e+00 1.01e-03
1.34480e+00 9.81e-04
1.36028e+00 9.39e-04
1.37336e+00 9.04e-04
1.38657e+00 8.70e-04
1.39825e+00 8.42e-04
1.41420e+00 8.05e-04
1.43050e+00 7.68e-04
1.43974e+00 7.48e-04
1.46316e+00 7.00e-04
1.48190e+00 6.64e-04
1.48607e+00 6.56e-04
1.48621e+00 6.55e-04
1.49023e+00 6.48e-04
1.49036e+00 6.47e-04
1.51174e+00 6.09e-04
1.52525e+00 5.86e-04
1.54486e+00 5.54e-04
1.56645e+00 5.22e-04
1.58594e+00 4.94e-04
1.60290e+00 4.71e-04
1.61578e+00 4.54e-04
1.63228e+00 4.34e-04
1.63239e+00 4.33e-04
1.63931e+00 4.24e-04
1.63944e+00 4.24e-04
1.66222e+00 3.98e-04
1.68282e+00 3.75e-04
1.69418e+00 3.64e-04
1.72414e+00 3.34e-04
1.74360e+00 3.16e-04
1.76719e+00 2.96e-04
1.79301e+00 2.76e-04
1.80970e+00 2.63e-04
1.84185e+00 2.40e-04
1.85867e+00 2.29e-04
1.88384e+00 2.14e-04
1.92288e+00 1.92e-04
1.96985e+00 1.68e-04
1.97023e+00 1.68e-04
1.97060e+00 1.68e-04
1.97098e+00 1.67e-04
1.97136e+00 1.67e-04
1.97173e+00 1.67e-04
1.97211e+00 1.67e-04
1.97248e+00 1.67e-04
1.97286e+00 1.67e-04
1.97323e+00 1.66e-04
1.97361e+00 1.66e-04
1.97400e+00 1.66e-04
1.97437e+00 1.66e-04
1.97475e+00 1.66e-04
1.97514e+00 1.66e-04
1.97551e+00 1.65e-04
1.97588e+00 1.65e-04
1.97627e+00 1.65e-04
1.97665e+00 1.65e-04
1.97703e+00 1.65e-04
1.97741e+00 1.64e-04
1.97780e+00 1.64e-04
1.97817e+00 1.64e-04
1.97856e+00 1.64e-04
1.97894e+00 1.64e-04
1.97932e+00 1.64e-04
1.97970e+00 1.63e-04
1.98009e+00 1.63e-04
1.98048e+00 1.63e-04
1.98086e+00 1.63e-04
1.98125e+00 1.63e-04
1.98162e+00 1.63e-04
1.98201e+00 1.62e-04
1.98239e+00 1.62e-04
1.98278e+00 1.62e-04
1.98318e+00 1.62e-04
1.98356e+00 1.62e-04
1.98395e+00 1.61e-04
1.98433e+00 1.61e-04
1.98472e+00 1.61e-04
1.98510e+00 1.61e-04
1.98550e+00 1.61e-04
1.98589e+00 1.61e-04
1.98627e+00 1.60e-04
1.98667e+00 1.60e-04
1.98705e+00 1.60e-04
1.98745e+00 1.60e-04
1.98783e+00 1.60e-04
1.98823e+00 1.60e-04
1.98861e+00 1.59e-04
1.98901e+00 1.59e-04
1.98939e+00 1.59e-04
1.98979e+00 1.59e-04
1.99019e+00 1.59e-04
1.99058e+00 1.59e-04
1.99097e+00 1.58e-04
1.99136e+00 1.58e-04
1.99176e+00 1.58e-04
1.99215e+00 1.58e-04
1.99255e+00 1.58e-04
1.99294e+00 1.58e-04
1.99334e+00 1.57e-04
1.99373e+00 1.57e-04
1.99413e+00 1.57e-04
1.99452e+00 1.57e-04
1.99492e+00 1.57e-04
1.99533e+00 1.56e-04
1.99572e+00 1.56e-04
1.99611e+00 1.56e-04
1.99652e+00 1.56e-04
1.99692e+00 1.56e-04
1.99731e+00 1.56e-04
1.99772e+00 1.55e-04
1.99811e+00 1.55e-04
1.99852e+00 1.55e-04
1.99891e+00 1.55e-04
1.99932e+00 1.55e-04
1.99972e+00 1.55e-04
2.00011e+00 1.54e-04
2.00052e+00 1.54e-04
2.00093e+00 1.54e-04
2.00133e+00 1.54e-04
2.00174e+00 1.54e-04
2.00214e+00 1.54e-04
2.00253e+00 1.53e-04
2.00294e+00 1.53e-04
2.00334e+00 1.53e-04
2.00376e+00 1.53e-04
2.00417e+00 1.53e-04
2.00457e+00 1.52e-04
2.00497e+00 1.52e-04
2.00538e+00 1.52e-04
2.00580e+00 1.52e-04
2.00620e+00 1.52e-04
2.00660e+00 1.52e-04
2.00702e+00 1.51e-04
2.00742e+00 1.51e-04
2.00784e+00 1.51e-04
2.00824e+00 1.51e-04
2.00866e+00 1.51e-04
2.00906e+00 1.51e-04
2.00947e+00 1.50e-04
2.00989e+00 1.50e-04
2.01029e+00 1.50e-04
2.01071e+00 1.50e-04
2.01112e+00 1.50e-04
2.01154e+00 1.50e-04
2.01195e+00 1.49e-04
2.01237e+00 1.49e-04
2.01278e+00 1.49e-04
2.01319e+00 1.49e-04
2.01361e+00 1.49e-04
2.01402e+00 1.48e-04
2.01444e+00 1.48e-04
2.01486e+00 1.48e-04
2.01528e+00 1.48e-04
2.01569e+00 1.48e-04
2.01612e+00 1.48e-04
2.01653e+00 1.47e-04
2.01695e+00 1.47e-04
2.01737e+00 1.47e-04
2.01779e+00 1.47e-04
2.01820e+00 1.47e-04
2.01863e+00 1.47e-04
2.01905e+00 1.46e-04
2.01947e+00 1.46e-04
2.01989e+00 1.46e-04
2.02032e+00 1.46e-04
2.02074e+00 1.46e-04
2.02116e+00 1.46e-04
2.02159e+00 1.45e-04
2.02201e+00 1.45e-04
2.02243e+00 1.45e-04
2.02286e+00 1.45e-04
2.02328e+00 1.45e-04
2.02372e+00 1.45e-04
2.02414e+00 1.44e-04
2.02456e+00 1.44e-04
2.02500e+00 1.44e-04
2.02542e+00 1.44e-04
2.02586e+00 1.44e-04
2.02628e+00 1.44e-04
2.02671e+00 1.43e-04
2.02713e+00 1.43e-04
2.02757e+00 1.43e-04
2.02800e+00 1.43e-04
2.02844e+00 1.43e-04
2.02887e+00 1.42e-04
2.02929e+00 1.42e-04
2.02973e+00 1.42e-04
2.03016e+00 1.42e-04
2.03059e+00 1.42e-04
2.03104e+00 1.42e-04
2.03147e+00 1.41e-04
2.03190e+00 1.41e-04
2.03234e+00 1.41e-04
2.03278e+00 1.41e-04
2.03321e+00 1.41e-04
2.03365e+00 1.41e-04
2.03409e+00 1.40e-04
2.03452e+00 1.40e-04
2.03497e+00 1.40e-04
2.03541e+00 1.40e-04
2.03584e+00 1.40e-04
2.03629e+00 1.40e-04
2.03673e+00 1.39e-04
2.03717e+00 1.39e-04
2.03762e+00 1.39e-04
2.03806e+00 1.39e-04
2.03850e+00 1.39e-04
2.03895e+00 1.39e-04
2.03939e+00 1.38e-04
2.03983e+00 1.38e-04
2.04027e+00 1.38e-04
2.04071e+00 1.38e-04
2.04117e+00 1.38e-04
2.04161e+00 1.38e-04
2.04206e+00 1.37e-04
2.04251e+00 1.37e-04
2.04296e+00 1.37e-04
2.04340e+00 1.37e-04
2.04385e+00 1.37e-04
2.04431e+00 1.36e-04
2.04476e+00 1.36e-04
2.04521e+00 1.36e-04
2.04566e+00 1.36e-04
2.04612e+00 1.36e-04
2.04657e+00 1.36e-04
2.04702e+00 1.35e-04
2.04747e+00 1.35e-04
2.04793e+00 1.35e-04
2.04838e+00 1.35e-04
2.04884e+00 1.35e-04
2.04929e+00 1.35e-04
2.04976e+00 1.34e-04
2.05021e+00 1.34e-04
2.05067e+00 1.34e-04
2.05113e+00 1.34e-04
2.05158e+00 1.34e-04
2.05204e+00 1.34e-04
2.05251e+00 1.33e-04
2.05297e+00 1.33e-04
2.05343e+00 1.33e-04
2.05389e+00 1.33e-04
2.05435e+00 1.33e-04
2.05482e+00 1.33e-04
2.05528e+00 1.32e-04
2.05575e+00 1.32e-04
2.05621e+00 1.32e-04
2.05667e+00 1.32e-04
2.05714e+00 1.32e-04
2.05760e+00 1.31e-04
2.05808e+00 1.31e-04
2.05855e+00 1.31e-04
2.05902e+00 1.31e-04
2.05948e+00 1.31e-04
2.05995e+00 1.31e-04
2.06042e+00 1.30e-04
2.06090e+00 1.30e-04
2.06137e+00 1.30e-04
2.06184e+00 1.30e-04
2.06232e+00 1.30e-04
2.06279e+00 1.30e-04
2.06326e+00 1.29e-04
2.06374e+00 1.29e-04
2.06421e+00 1.29e-04
2.06470e+00 1.29e-04
2.06517e+00 1.29e-04
2.06565e+00 1.29e-04
2.06613e+00 1.28e-04
2.06661e+00 1.28e-04
2.06709e+00 1.28e-04
2.06757e+00 1.28e-04
2.06805e+00 1.28e-04
2.06853e+00 1.28e-04
2.06901e+00 1.27e-04
2.06949e+00 1.27e-04
2.06998e+00 1.27e-04
2.07046e+00 1.27e-04
2.07096e+00 1.27e-04
2.07143e+00 1.27e-04
2.07193e+00 1.26e-04
2.07242e+00 1.26e-04
2.07290e+00 1.26e-04
2.07339e+00 1.26e-04
2.07388e+00 1.26e-04
2.07437e+00 1.25e-04
2.07486e+00 1.25e-04
2.07536e+00 1.25e-04
2.07585e+00 1.25e-04
2.07634e+00 1.25e-04
2.07684e+00 1.25e-04
2.07733e+00 1.24e-04
2.07783e+00 1.24e-04
2.07832e+00 1.24e-04
2.07882e+00 1.24e-04
2.07932e+00 1.24e-04
2.07982e+00 1.24e-04
2.08032e+00 1.23e-04
2.08082e+00 1.23e-04
2.08131e+00 1.23e-04
2.08181e+00 1.23e-04
2.08231e+00 1.23e-04
2.08282e+00 1.23e-04
2.08332e+00 1.22e-04
2.08383e+00 1.22e-04
2.08433e+00 1.22e-04
2.08484e+00 1.22e-04
2.08535e+00 1.22e-04
2.08586e+00 1.21e-04
2.08636e+00 1.21e-04
2.08686e+00 1.21e-04
2.08738e+00 1.21e-04
2.08789e+00 1.21e-04
2.08840e+00 1.21e-04
2.08891e+00 1.20e-04
2.08943e+00 1.20e-04
2.08994e+00 1.20e-04
2.09046e+00 1.20e-04
2.09097e+00 1.20e-04
2.09149e+00 1.20e-04
2.09201e+00 1.19e-04
2.09253e+00 1.19e-04
2.09305e+00 1.19e-04
2.09357e+00 1.19e-04
2.09408e+00 1.19e-04
2.09460e+00 1.19e-04
2.09513e+00 1.18e-04
2.09565e+00 1.18e-04
2.09618e+00 1.18e-04
2.09670e+00 1.18e-04
2.09723e+00 1.18e-04
2.09775e+00 1.18e-04
2.09828e+00 1.17e-04
2.09882e+00 1.17e-04
2.09934e+00 1.17e-04
2.09987e+00 1.17e-04
2.10040e+00 1.17e-04
2.10093e+00 1.17e-04
2.10146e+00 1.16e-04
2.10200e+00 1.16e-04
2.10254e+00 1.16e-04
2.10307e+00 1.16e-04
2.10361e+00 1.16e-04
2.10415e+00 1.15e-04
2.10468e+00 1.15e-04
2.10522e+00 1.15e-04
2.10577e+00 1.15e-04
2.10630e+00 1.15e-04
2.10685e+00 1.15e-04
2.10738e+00 1.14e-04
2.10793e+00 1.14e-04
2.10848e+00 1.14e-04
2.10902e+00 1.14e-04
2.10957e+00 1.14e-04
2.11012e+00 1.14e-04
2.11066e+00 1.13e-04
2.11122e+00 1.13e-04
2.11176e+00 1.13e-04
2.11232e+00 1.13e-04
2.11288e+00 1.13e-04
2.11343e+00 1.13e-04
2.11399e+00 1.12e-04
2.11454e+00 1.12e-04
2.11510e+00 1.12e-04
2.11565e+00 1.12e-04
2.11621e+00 1.12e-04
2.11677e+00 1.11e-04
2.11734e+00 1.11e-04
2.11789e+00 1.11e-04
2.11846e+00 1.11e-04
2.11902e+00 1.11e-04
2.11959e+00 1.11e-04
2.12015e+00 1.10e-04
2.12073e+00 1.10e-04
2.12129e+00 1.10e-04
2.12187e+00 1.10e-04
2.12243e+00 1.10e-04
2.12300e+00 1.10e-04
2.12358e+00 1.09e-04
2.12415e+00 1.09e-04
2.12473e+00 1.09e-04
2.12530e+00 1.09e-04
2.12588e+00 1.09e-04
2.12646e+00 1.08e-04
2.12704e+00 1.08e-04
2.12761e+00 1.08e-04
2.12820e+00 1.08e-04
2.12878e+00 1.08e-04
2.12936e+00 1.08e-04
2.12996e+00 1.07e-04
2.13054e+00 1.07e-04
2.13113e+00 1.07e-04
2.13171e+00 1.07e-04
2.13231e+00 1.07e-04
2.13290e+00 1.07e-04
2.13349e+00 1.06e-04
2.13408e+00 1.06e-04
2.13468e+00 1.06e-04
2.13528e+00 1.06e-04
2.13587e+00 1.06e-04
2.13647e+00 1.06e-04
2.13707e+00 1.05e-04
2.13768e+00 1.05e-04
2.13828e+00 1.05e-04
2.13888e+00 1.05e-04
2.13948e+00 1.05e-04
2.14009e+00 1.04e-04
2.14070e+00 1.04e-04
2.14130e+00 1.04e-04
2.14191e+00 1.04e-04
2.14253e+00 1.04e-04
2.14314e+00 1.04e-04
2.14375e+00 1.03e-04
2.14437e+00 1.03e-04
2.14498e+00 1.03e-04
2.14560e+00 1.03e-04
2.14622e+00 1.03e-04
2.14684e+00 1.03e-04
2.14747e+00 1.02e-04
2.14809e+00 1.02e-04
2.14872e+00 1.02e-04
2.14934e+00 1.02e-04
2.14997e+00 1.02e-04
2.15060e+00 1.01e-04
2.15123e+00 1.01e-04
2.15187e+00 1.01e-04
2.15249e+00 1.01e-04
2.15313e+00 1.01e-04
2.15377e+00 1.01e-04
2.15441e+00 1.00e-04
2.15505e+00 1.00e-04
2.15568e+00 1.00e-04
2.15633e+00 9.98e-05
2.15697e+00 9.97e-05
2.15762e+00 9.95e-05
2.15826e+00 9.93e-05
2.15891e+00 9.91e-05
2.15957e+00 9.90e-05
2.16021e+00 9.88e-05
2.16087e+00 9.86e-05
2.16153e+00 9.84e-05
2.16218e+00 9.82e-05
2.16284e+00 9.81e-05
2.16350e+00 9.79e-05
2.16416e+00 9.77e-05
2.16483e+00 9.75e-05
2.16548e+00 9.73e-05
2.16616e+00 9.72e-05
2.16682e+00 9.70e-05
2.16749e+00 9.68e-05
2.16816e+00 9.66e-05
2.16884e+00 9.65e-05
2.16951e+00 9.63e-05
2.17018e+00 9.61e-05
2.17086e+00 9.59e-05
2.17154e+00 9.57e-05
2.17223e+00 9.55e-05
2.17291e+00 9.54e-05
2.17359e+00 9.52e-05
2.17427e+00 9.50e-05
2.17497e+00 9.48e-05
2.17566e+00 9.46e-05
2.17635e+00 9.45e-05
2.17704e+00 9.43e-05
2.17774e+00 9.41e-05
2.17844e+00 9.39e-05
2.17914e+00 9.37e-05
2.17984e+00 9.35e-05
2.18054e+00 9.34e-05
2.18125e+00 9.32e-05
2.18195e+00 9.30e-05
2.18266e+00 9.28e-05
2.18337e+00 9.26e-05
2.18408e+00 9.24e-05
2.18480e+00 9.23e-05
2.18552e+00 9.21e-05
2.18624e+00 9.19e-05
2.18696e+00 9.17e-05
2.18768e+00 9.15e-05
2.18841e+00 9.13e-05
2.18914e+00 9.11e-05
2.18986e+00 9.10e-05
2.19060e+00 9.08e-05
2.19133e+00 9.06e-05
2.19207e+00 9.04e-05
2.19280e+00 9.02e-05
2.19354e+00 9.00e-05
2.19429e+00 8.99e-05
2.19503e+00 8.97e-05
2.19578e+00 8.95e-05
2.19652e+00 8.93e-05
2.19728e+00 8.91e-05
2.19804e+00 8.89e-05
2.19879e+00 8.87e-05
2.19954e+00 8.86e-05
2.20031e+00 8.84e-05
2.20107e+00 8.82e-05
2.20184e+00 8.80e-05
2.20260e+00 8.78e-05
2.20337e+00 8.76e-05
2.20415e+00 8.74e-05
2.20492e+00 8.73e-05
2.20569e+00 8.71e-05
2.20647e+00 8.69e-05
2.20725e+00 8.67e-05
2.20804e+00 8.65e-05
2.20882e+00 8.63e-05
2.20961e+00 8.61e-05
2.21040e+00 8.59e-05
2.21120e+00 8.57e-05
2.21200e+00 8.56e-05
2.21280e+00 8.54e-05
2.21360e+00 8.52e-05
2.21441e+00 8.50e-05
2.21522e+00 8.48e-05
2.21602e+00 8.46e-05
2.21684e+00 8.44e-05
2.21766e+00 8.42e-05
2.21847e+00 8.40e-05
2.21930e+00 8.38e-05
2.22013e+00 8.36e-05
2.22095e+00 8.34e-05
2.22178e+00 8.32e-05
2.22261e+00 8.31e-05
2.22346e+00 8.29e-05
2.22429e+00 8.27e-05
2.22513e+00 8.25e-05
2.22597e+00 8.23e-05
2.22683e+00 8.21e-05
2.22768e+00 8.19e-05
2.22853e+00 8.17e-05
2.22939e+00 8.15e-05
2.23025e+00 8.13e-05
2.23111e+00 8.11e-05
2.23198e+00 8.09e-05
2.23285e+00 8.07e-05
2.23373e+00 8.06e-05
2.23461e+00 8.04e-05
2.23548e+00 8.02e-05
2.23637e+00 8.00e-05
2.23726e+00 7.98e-05
2.23815e+00 7.96e-05
2.23904e+00 7.94e-05
2.23994e+00 7.92e-05
2.24084e+00 7.90e-05
2.24175e+00 7.88e-05
2.24265e+00 7.86e-05
2.24357e+00 7.84e-05
2.24449e+00 7.82e-05
2.24540e+00 7.80e-05
2.24633e+00 7.78e-05
2.24725e+00 7.76e-05
2.24818e+00 7.74e-05
2.24912e+00 7.72e-05
2.25006e+00 7.70e-05
2.25101e+00 7.68e-05
2.25195e+00 7.66e-05
2.25290e+00 7.64e-05
2.25386e+00 7.62e-05
2.25482e+00 7.60e-05
2.25578e+00 7.58e-05
2.25675e+00 7.56e-05
2.25772e+00 7.54e-05
2.25870e+00 7.52e-05
2.25968e+00 7.50e-05
2.26067e+00 7.48e-05
2.26166e+00 7.46e-05
2.26265e+00 7.44e-05
2.26365e+00 7.41e-05
2.26465e+00 7.39e-05
2.26566e+00 7.37e-05
2.26667e+00 7.35e-05
2.26769e+00 7.33e-05
2.26871e+00 7.31e-05
2.26974e+00 7.29e-05
2.27077e+00 7.27e-05
2.27181e+00 7.25e-05
2.27285e+00 7.23e-05
2.27390e+00 7.21e-05
2.27496e+00 7.19e-05
2.27602e+00 7.17e-05
2.27707e+00 7.14e-05
2.27814e+00 7.12e-05
2.27921e+00 7.10e-05
2.28030e+00 7.08e-05
2.28138e+00 7.06e-05
2.28247e+00 7.04e-05
2.28358e+00 7.02e-05
2.28468e+00 7.00e-05
2.28578e+00 6.97e-05
2.28690e+00 6.95e-05
2.28802e+00 6.93e-05
2.28915e+00 6.91e-05
2.29028e+00 6.89e-05
2.29141e+00 6.87e-05
2.29257e+00 6.84e-05
2.29372e+00 6.82e-05
2.29488e+00 6.80e-05
2.29604e+00 6.78e-05
2.29721e+00 6.76e-05
2.29839e+00 6.73e-05
2.29958e+00 6.71e-05
2.30077e+00 6.69e-05
2.30197e+00 6.67e-05
2.30318e+00 6.65e-05
2.30438e+00 6.62e-05
2.30558e+00 6.60e-05
2.30688e+00 6.58e-05
2.30807e+00 6.56e-05
2.30936e+00 6.53e-05
2.31055e+00 6.51e-05
2.31184e+00 6.49e-05
2.31313e+00 6.47e-05
2.31441e+00 6.44e-05
2.31570e+00 6.42e-05
2.31698e+00 6.40e-05
2.31826e+00 6.37e-05
2.31954e+00 6.35e-05
2.32092e+00 6.33e-05
2.32219e+00 6.30e-05
2.32356e+00 6.28e-05
2.32493e+00 6.26e-05
2.32630e+00 6.24e-05
2.32767e+00 6.21e-05
2.32903e+00 6.19e-05
2.33039e+00 6.16e-05
2.33185e+00 6.14e-05
2.33321e+00 6.12e-05
2.33466e+00 6.09e-05
2.33612e+00 6.07e-05
2.33747e+00 6.05e-05
2.33901e+00 6.02e-05
2.34046e+00 6.00e-05
2.34190e+00 5.97e-05
2.34344e+00 5.95e-05
2.34488e+00 5.92e-05
2.34564e+00 5.90e-05
2.34718e+00 5.87e-05
2.34871e+00 5.85e-05
2.35023e+00 5.82e-05
2.35176e+00 5.80e-05
2.35337e+00 5.77e-05
2.35499e+00 5.75e-05
2.35650e+00 5.72e-05
2.35811e+00 5.70e-05
2.35982e+00 5.67e-05
2.36142e+00 5.65e-05
2.36312e+00 5.62e-05
2.36471e+00 5.60e-05
2.36640e+00 5.57e-05
2.36819e+00 5.54e-05
2.36987e+00 5.52e-05
2.37164e+00 5.49e-05
2.37332e+00 5.47e-05
2.37518e+00 5.44e-05
2.37695e+00 5.41e-05
2.37871e+00 5.38e-05
2.38056e+00 5.36e-05
2.38241e+00 5.33e-05
2.38426e+00 5.30e-05
2.38619e+00 5.28e-05
2.38812e+00 5.25e-05
2.39005e+00 5.22e-05
2.39197e+00 5.19e-05
2.39398e+00 5.17e-05
2.39598e+00 5.14e-05
2.39799e+00 5.11e-05
2.40007e+00 5.08e-05
2.40216e+00 5.05e-05
2.40424e+00 5.02e-05
2.40640e+00 4.99e-05
2.40848e+00 4.96e-05
2.41072e+00 4.93e-05
2.41296e+00 4.90e-05
2.41520e+00 4.87e-05
2.41743e+00 4.84e-05
2.41859e+00 4.82e-05
2.42090e+00 4.79e-05
2.42330e+00 4.76e-05
2.42569e+00 4.73e-05
2.42816e+00 4.70e-05
2.43063e+00 4.67e-05
2.43317e+00 4.63e-05
2.43572e+00 4.60e-05
2.43825e+00 4.57e-05
2.44095e+00 4.53e-05
2.44365e+00 4.50e-05
2.44634e+00 4.47e-05
2.44911e+00 4.43e-05
2.45195e+00 4.40e-05
2.45488e+00 4.37e-05
2.45779e+00 4.33e-05
2.46087e+00 4.30e-05
2.46394e+00 4.26e-05
2.46708e+00 4.22e-05
2.47022e+00 4.19e-05
2.47351e+00 4.15e-05
2.47687e+00 4.11e-05
2.48031e+00 4.07e-05
2.48382e+00 4.03e-05
2.48740e+00 3.99e-05
2.49114e+00 3.95e-05
2.49494e+00 3.91e-05
2.49881e+00 3.87e-05
2.50283e+00 3.83e-05
2.50699e+00 3.79e-05
2.51122e+00 3.74e-05
2.51568e+00 3.70e-05
2.52019e+00 3.65e-05
2.52493e+00 3.61e-05
2.52980e+00 3.56e-05
2.53481e+00 3.51e-05
2.54010e+00 3.46e-05
2.54561e+00 3.41e-05
2.55132e+00 3.36e-05
2.55730e+00 3.30e-05
2.56364e+00 3.25e-05
2.57024e+00 3.19e-05
2.57726e+00 3.13e-05
2.58475e+00 3.07e-05
2.59264e+00 3.00e-05
2.60113e+00 2.93e-05
2.61029e+00 2.86e-05
2.62024e+00 2.79e-05
2.63110e+00 2.71e-05
2.63698e+00 2.66e-05
2.64319e+00 2.62e-05
2.64971e+00 2.57e-05
2.65669e+00 2.53e-05
2.66410e+00 2.48e-05
2.67215e+00 2.42e-05
2.68082e+00 2.37e-05
2.69029e+00 2.31e-05
2.70069e+00 2.25e-05
2.71231e+00 2.18e-05
2.72543e+00 2.10e-05
2.74065e+00 2.02e-05
2.75874e+00 1.92e-05
2.78130e+00 1.81e-05
2.81151e+00 1.67e-05
2.85859e+00 1.48e-05
2.99573e+00 1.01e-05
