# OPACITY Project tables
-2.61515e+00 3.74e+00
-2.27341e+00 1.36e+00
-2.07433e+00 7.55e-01
-1.93351e+00 4.99e-01
-1.82455e+00 3.63e-01
-1.73574e+00 2.80e-01
-1.66078e+00 2.25e-01
-1.59603e+00 1.86e-01
-1.53898e+00 1.58e-01
-1.48802e+00 1.36e-01
-1.44198e+00 1.19e-01
-1.40003e+00 1.05e-01
-1.36148e+00 9.43e-02
-1.32584e+00 8.50e-02
-1.29269e+00 7.73e-02
-1.26174e+00 7.06e-02
-1.23268e+00 6.50e-02
-1.20531e+00 6.01e-02
-1.17944e+00 5.58e-02
-1.15493e+00 5.20e-02
-1.13165e+00 4.87e-02
-1.10945e+00 4.57e-02
-1.08827e+00 4.30e-02
-1.06799e+00 4.06e-02
-1.04857e+00 3.84e-02
-1.02994e+00 3.64e-02
-1.01200e+00 3.46e-02
-9.94739e-01 3.30e-02
-9.78086e-01 3.15e-02
-9.62021e-01 3.01e-02
-9.46492e-01 2.88e-02
-9.31455e-01 2.76e-02
-9.16916e-01 2.65e-02
-9.02807e-01 2.54e-02
-8.89113e-01 2.44e-02
-8.75797e-01 2.35e-02
-8.62868e-01 2.27e-02
-8.50292e-01 2.19e-02
-8.38057e-01 2.12e-02
-8.26130e-01 2.05e-02
-8.14502e-01 1.98e-02
-8.03185e-01 1.92e-02
-7.92106e-01 1.86e-02
-7.81301e-01 1.81e-02
-7.70741e-01 1.75e-02
-7.60420e-01 1.70e-02
-7.50331e-01 1.66e-02
-7.40469e-01 1.61e-02
-7.30787e-01 1.57e-02
-7.21320e-01 1.53e-02
-7.12045e-01 1.49e-02
-7.02955e-01 1.45e-02
-6.94048e-01 1.42e-02
-6.85298e-01 1.38e-02
-6.76723e-01 1.35e-02
-6.68298e-01 1.32e-02
-6.60041e-01 1.29e-02
-6.51909e-01 1.26e-02
-6.43938e-01 1.23e-02
-6.36087e-01 1.21e-02
-6.28390e-01 1.18e-02
-6.20808e-01 1.16e-02
-6.13357e-01 1.13e-02
-6.06016e-01 1.11e-02
-5.91692e-01 1.07e-02
-5.84687e-01 1.05e-02
-5.77803e-01 1.03e-02
-5.71018e-01 1.01e-02
-5.64314e-01 9.92e-03
-5.57725e-01 9.75e-03
-5.51231e-01 9.58e-03
-5.44831e-01 9.42e-03
-5.38505e-01 9.26e-03
-5.32288e-01 9.11e-03
-5.26142e-01 8.96e-03
-5.20085e-01 8.82e-03
-5.14098e-01 8.68e-03
-5.08196e-01 8.55e-03
-5.02362e-01 8.42e-03
-4.96610e-01 8.30e-03
-4.90925e-01 8.18e-03
-4.85320e-01 8.06e-03
-4.79779e-01 7.95e-03
-4.74301e-01 7.85e-03
-4.68884e-01 7.75e-03
-4.63545e-01 7.65e-03
-4.58265e-01 7.57e-03
-4.53044e-01 7.48e-03
-4.47882e-01 7.40e-03
-4.42778e-01 7.33e-03
-4.37730e-01 7.27e-03
-4.32739e-01 7.21e-03
-4.22922e-01 7.10e-03
-4.18095e-01 7.05e-03
-4.13321e-01 7.00e-03
-4.08585e-01 6.93e-03
-4.03901e-01 6.86e-03
-3.99284e-01 6.77e-03
-3.94688e-01 6.67e-03
-3.90158e-01 6.57e-03
-3.85662e-01 6.46e-03
-3.81216e-01 6.35e-03
-3.76819e-01 6.25e-03
-3.72456e-01 6.15e-03
-3.68126e-01 6.06e-03
-3.63858e-01 5.97e-03
-3.59622e-01 5.89e-03
-3.55419e-01 5.81e-03
-3.51261e-01 5.73e-03
-3.47135e-01 5.65e-03
-3.39003e-01 5.51e-03
-3.31021e-01 5.38e-03
-3.23185e-01 5.26e-03
-3.15464e-01 5.15e-03
-3.07885e-01 5.03e-03
-3.04150e-01 4.98e-03
-2.96750e-01 4.89e-03
-2.89484e-01 4.79e-03
-2.82323e-01 4.70e-03
-2.75279e-01 4.61e-03
-2.68350e-01 4.53e-03
-2.61521e-01 4.44e-03
-2.58149e-01 4.40e-03
-2.54802e-01 4.36e-03
-2.48167e-01 4.29e-03
-2.44891e-01 4.25e-03
-2.41639e-01 4.22e-03
-2.38409e-01 4.18e-03
-2.35203e-01 4.18e-03
-2.32020e-01 4.11e-03
-2.25722e-01 4.05e-03
-2.19513e-01 3.98e-03
-2.13391e-01 3.92e-03
-2.07344e-01 3.86e-03
-2.04359e-01 3.83e-03
-2.01382e-01 3.81e-03
-1.95504e-01 3.75e-03
-1.89697e-01 3.70e-03
-1.83971e-01 3.64e-03
-1.78314e-01 3.59e-03
-1.72724e-01 3.54e-03
-1.67200e-01 3.49e-03
-1.61755e-01 3.44e-03
-1.59054e-01 3.42e-03
-1.56373e-01 3.40e-03
-1.51044e-01 3.36e-03
-1.45789e-01 3.31e-03
-1.40596e-01 3.27e-03
-1.35453e-01 3.23e-03
-1.30382e-01 3.19e-03
-1.25359e-01 3.15e-03
-1.20395e-01 3.11e-03
-1.15489e-01 3.07e-03
-1.10630e-01 3.03e-03
-1.05827e-01 3.00e-03
-1.01070e-01 2.96e-03
-9.63788e-02 2.93e-03
-9.17206e-02 2.90e-03
-8.71168e-02 2.87e-03
-8.25559e-02 2.83e-03
-7.80480e-02 2.80e-03
-7.35820e-02 2.77e-03
-6.91679e-02 2.74e-03
-6.47839e-02 2.71e-03
-6.26097e-02 2.70e-03
-5.82967e-02 2.67e-03
-5.40233e-02 2.64e-03
-4.97997e-02 2.62e-03
-4.56042e-02 2.59e-03
-4.14576e-02 2.57e-03
-3.73385e-02 2.54e-03
-3.32673e-02 2.52e-03
-2.92229e-02 2.49e-03
-2.52255e-02 2.47e-03
-2.12543e-02 2.45e-03
-1.73293e-02 2.43e-03
-1.34298e-02 2.41e-03
-9.56560e-03 2.38e-03
-5.73642e-03 2.36e-03
-1.94188e-03 2.34e-03
1.79838e-03 2.32e-03
5.58438e-03 2.31e-03
9.25702e-03 2.29e-03
1.29162e-02 2.27e-03
1.65621e-02 2.25e-03
2.01947e-02 2.23e-03
2.38142e-02 2.22e-03
2.73233e-02 2.20e-03
3.08201e-02 2.18e-03
3.43048e-02 2.16e-03
3.77774e-02 2.15e-03
4.12379e-02 2.13e-03
4.46865e-02 2.12e-03
4.80280e-02 2.10e-03
5.14533e-02 2.09e-03
5.47722e-02 2.07e-03
5.80802e-02 2.06e-03
6.13773e-02 2.04e-03
6.46635e-02 2.03e-03
6.78455e-02 2.01e-03
7.11106e-02 2.00e-03
7.42722e-02 1.99e-03
7.74239e-02 1.97e-03
8.06579e-02 1.96e-03
8.37895e-02 1.95e-03
8.68197e-02 1.93e-03
8.99321e-02 1.92e-03
9.30349e-02 1.91e-03
9.60372e-02 1.90e-03
9.90305e-02 1.88e-03
1.02015e-01 1.87e-03
1.05080e-01 1.86e-03
1.07957e-01 1.85e-03
1.10915e-01 1.84e-03
1.13864e-01 1.83e-03
1.16805e-01 1.82e-03
1.19648e-01 1.81e-03
1.22483e-01 1.80e-03
1.25398e-01 1.78e-03
1.28217e-01 1.77e-03
1.31028e-01 1.76e-03
1.33831e-01 1.75e-03
1.36539e-01 1.75e-03
1.39327e-01 1.74e-03
1.42107e-01 1.73e-03
1.44793e-01 1.72e-03
1.47471e-01 1.71e-03
1.50229e-01 1.70e-03
1.52893e-01 1.69e-03
1.55550e-01 1.68e-03
1.58200e-01 1.67e-03
1.60757e-01 1.67e-03
1.63394e-01 1.66e-03
1.66023e-01 1.65e-03
1.68561e-01 1.64e-03
1.71176e-01 1.63e-03
1.73701e-01 1.63e-03
1.76220e-01 1.62e-03
1.78732e-01 1.61e-03
1.81321e-01 1.60e-03
1.83737e-01 1.60e-03
1.86231e-01 1.59e-03
1.88718e-01 1.58e-03
1.91199e-01 1.57e-03
1.93591e-01 1.57e-03
1.96060e-01 1.56e-03
1.98441e-01 1.55e-03
2.00898e-01 1.54e-03
2.03267e-01 1.54e-03
2.05631e-01 1.53e-03
2.07989e-01 1.52e-03
2.10342e-01 1.51e-03
2.12689e-01 1.51e-03
2.15031e-01 1.50e-03
2.17286e-01 1.49e-03
2.19617e-01 1.48e-03
2.21943e-01 1.48e-03
2.24183e-01 1.47e-03
2.26418e-01 1.46e-03
2.28728e-01 1.45e-03
2.30953e-01 1.45e-03
2.32064e-01 1.44e-03
2.33173e-01 1.44e-03
2.35388e-01 1.43e-03
2.37599e-01 1.42e-03
2.39804e-01 1.41e-03
2.42005e-01 1.41e-03
2.44200e-01 1.40e-03
2.46313e-01 1.39e-03
2.48499e-01 1.38e-03
2.50681e-01 1.38e-03
2.52780e-01 1.37e-03
2.54875e-01 1.36e-03
2.57042e-01 1.36e-03
2.59128e-01 1.35e-03
2.61210e-01 1.34e-03
2.63287e-01 1.34e-03
2.65360e-01 1.33e-03
2.67428e-01 1.32e-03
2.69493e-01 1.32e-03
2.71553e-01 1.31e-03
2.73609e-01 1.30e-03
2.75660e-01 1.30e-03
2.77632e-01 1.29e-03
2.79675e-01 1.28e-03
2.81639e-01 1.28e-03
2.83674e-01 1.27e-03
2.85630e-01 1.27e-03
2.87582e-01 1.26e-03
2.89605e-01 1.25e-03
2.91550e-01 1.25e-03
2.93490e-01 1.24e-03
2.95427e-01 1.24e-03
2.97360e-01 1.23e-03
2.99289e-01 1.23e-03
3.01215e-01 1.22e-03
3.02177e-01 1.22e-03
3.04097e-01 1.21e-03
3.05939e-01 1.21e-03
3.07852e-01 1.20e-03
3.09762e-01 1.19e-03
3.11594e-01 1.19e-03
3.13496e-01 1.18e-03
3.15322e-01 1.18e-03
3.17144e-01 1.17e-03
3.19035e-01 1.17e-03
3.20851e-01 1.16e-03
3.22663e-01 1.16e-03
3.24472e-01 1.15e-03
3.26278e-01 1.15e-03
3.28080e-01 1.15e-03
3.29879e-01 1.14e-03
3.31675e-01 1.14e-03
3.33468e-01 1.13e-03
3.35257e-01 1.13e-03
3.37044e-01 1.12e-03
3.38827e-01 1.12e-03
3.40535e-01 1.11e-03
3.42312e-01 1.11e-03
3.44015e-01 1.11e-03
3.45786e-01 1.10e-03
3.47483e-01 1.10e-03
3.49247e-01 1.09e-03
3.50939e-01 1.09e-03
3.52627e-01 1.09e-03
3.54382e-01 1.08e-03
3.55224e-01 1.08e-03
3.56065e-01 1.20e-03
3.56905e-01 1.39e-03
3.57744e-01 1.21e-03
3.58583e-01 1.07e-03
3.60259e-01 1.07e-03
3.61931e-01 1.06e-03
3.63601e-01 1.06e-03
3.65268e-01 1.06e-03
3.66932e-01 1.05e-03
3.68594e-01 1.05e-03
3.70183e-01 1.05e-03
3.71839e-01 1.04e-03
3.73493e-01 1.04e-03
3.75075e-01 1.04e-03
3.76723e-01 1.03e-03
3.78299e-01 1.03e-03
3.79942e-01 1.03e-03
3.81514e-01 1.02e-03
3.83151e-01 1.02e-03
3.84718e-01 1.02e-03
3.86282e-01 1.01e-03
3.87912e-01 1.01e-03
3.89471e-01 1.01e-03
3.91028e-01 1.00e-03
3.92582e-01 9.99e-04
3.94134e-01 9.96e-04
3.95684e-01 9.93e-04
3.97231e-01 9.90e-04
3.98776e-01 9.87e-04
4.00319e-01 9.84e-04
4.01859e-01 9.81e-04
4.03396e-01 9.78e-04
4.04932e-01 9.75e-04
4.06465e-01 9.72e-04
4.07929e-01 9.69e-04
4.09457e-01 9.66e-04
4.10983e-01 9.63e-04
4.12441e-01 9.60e-04
4.13962e-01 9.58e-04
4.15415e-01 9.55e-04
4.16932e-01 9.52e-04
4.18381e-01 9.50e-04
4.19828e-01 9.47e-04
4.21338e-01 9.44e-04
4.22781e-01 9.42e-04
4.24221e-01 9.39e-04
4.25725e-01 9.36e-04
4.27161e-01 9.34e-04
4.28596e-01 9.31e-04
4.30028e-01 9.29e-04
4.31458e-01 9.27e-04
4.32886e-01 9.24e-04
4.34312e-01 9.22e-04
4.35736e-01 9.19e-04
4.37158e-01 9.17e-04
4.38577e-01 9.15e-04
4.39995e-01 9.12e-04
4.41411e-01 9.10e-04
4.42761e-01 9.06e-04
4.44173e-01 9.04e-04
4.45583e-01 9.02e-04
4.46927e-01 9.00e-04
4.48333e-01 8.98e-04
4.49737e-01 8.96e-04
4.51076e-01 8.93e-04
4.52476e-01 8.91e-04
4.53811e-01 8.89e-04
4.55207e-01 8.87e-04
4.56538e-01 8.85e-04
4.57931e-01 8.83e-04
4.59259e-01 8.81e-04
4.60584e-01 8.79e-04
4.61971e-01 8.77e-04
4.63294e-01 8.75e-04
4.64614e-01 8.73e-04
4.65933e-01 8.70e-04
4.67250e-01 8.68e-04
4.68565e-01 8.66e-04
4.69941e-01 8.64e-04
4.71253e-01 8.62e-04
4.72563e-01 8.61e-04
4.73871e-01 8.59e-04
4.75178e-01 8.57e-04
4.75799e-01 8.58e-04
4.76420e-01 8.64e-04
4.77103e-01 8.64e-04
4.77724e-01 8.56e-04
4.78406e-01 8.52e-04
4.79706e-01 8.50e-04
4.80944e-01 8.47e-04
4.82241e-01 8.45e-04
4.83537e-01 8.43e-04
4.84831e-01 8.41e-04
4.86062e-01 8.39e-04
4.87352e-01 8.37e-04
4.88641e-01 8.35e-04
4.89868e-01 8.32e-04
4.91153e-01 8.30e-04
4.92376e-01 8.28e-04
4.93659e-01 8.26e-04
4.94879e-01 8.24e-04
4.96159e-01 8.22e-04
4.97376e-01 8.19e-04
4.98591e-01 8.17e-04
4.99866e-01 8.15e-04
5.01078e-01 8.13e-04
5.02289e-01 8.10e-04
5.03559e-01 8.09e-04
5.04767e-01 8.06e-04
5.05974e-01 8.04e-04
5.07179e-01 8.02e-04
5.08383e-01 8.00e-04
5.09645e-01 7.97e-04
5.10846e-01 7.95e-04
5.12045e-01 7.93e-04
5.13243e-01 7.90e-04
5.14439e-01 7.88e-04
5.15634e-01 7.86e-04
5.16828e-01 7.83e-04
5.18020e-01 7.81e-04
5.19210e-01 7.79e-04
5.20340e-01 7.77e-04
5.21528e-01 7.75e-04
5.22715e-01 7.73e-04
5.23900e-01 7.71e-04
5.25083e-01 7.69e-04
5.26207e-01 7.67e-04
5.27388e-01 7.65e-04
5.28567e-01 7.63e-04
5.29687e-01 7.61e-04
5.30864e-01 7.59e-04
5.32039e-01 7.57e-04
5.33154e-01 7.56e-04
5.34327e-01 7.54e-04
5.35440e-01 7.52e-04
5.36610e-01 7.50e-04
5.37721e-01 7.49e-04
5.38888e-01 7.47e-04
5.39996e-01 7.46e-04
5.41103e-01 7.44e-04
5.42266e-01 7.42e-04
5.43370e-01 7.40e-04
5.44473e-01 7.39e-04
5.45633e-01 7.37e-04
5.46733e-01 7.36e-04
5.47832e-01 7.34e-04
5.48930e-01 7.33e-04
5.50085e-01 7.31e-04
5.51180e-01 7.30e-04
5.52275e-01 7.28e-04
5.53368e-01 7.27e-04
5.54460e-01 7.26e-04
5.55550e-01 7.25e-04
5.56640e-01 7.23e-04
5.57728e-01 7.22e-04
5.58815e-01 7.20e-04
5.59901e-01 7.19e-04
5.60986e-01 7.17e-04
5.62070e-01 7.16e-04
5.63152e-01 7.15e-04
5.64234e-01 7.13e-04
5.65314e-01 7.12e-04
5.66393e-01 7.10e-04
5.67471e-01 7.09e-04
5.68491e-01 7.08e-04
5.69566e-01 7.06e-04
5.70641e-01 7.05e-04
5.71714e-01 7.04e-04
5.72729e-01 7.03e-04
5.73800e-01 7.01e-04
5.74870e-01 7.00e-04
5.75883e-01 6.99e-04
5.76950e-01 6.98e-04
5.77961e-01 6.96e-04
5.79026e-01 6.95e-04
5.80090e-01 6.94e-04
5.81098e-01 6.92e-04
5.82160e-01 6.91e-04
5.83165e-01 6.90e-04
5.84225e-01 6.88e-04
5.85228e-01 6.87e-04
5.86230e-01 6.85e-04
5.86786e-01 6.84e-04
5.87287e-01 6.85e-04
5.88287e-01 7.04e-04
5.89286e-01 6.81e-04
5.89840e-01 6.79e-04
5.90838e-01 6.77e-04
5.91834e-01 6.75e-04
5.92885e-01 6.74e-04
5.93879e-01 6.72e-04
5.94873e-01 6.70e-04
5.95865e-01 6.68e-04
5.96857e-01 6.66e-04
5.97902e-01 6.64e-04
5.98891e-01 6.63e-04
5.99880e-01 6.61e-04
6.00867e-01 6.59e-04
6.01854e-01 6.58e-04
6.02839e-01 6.56e-04
6.03824e-01 6.55e-04
6.04808e-01 6.53e-04
6.05790e-01 6.52e-04
6.06772e-01 6.50e-04
6.07753e-01 6.49e-04
6.08732e-01 6.47e-04
6.09711e-01 6.45e-04
6.10689e-01 6.43e-04
6.11178e-01 6.42e-04
6.12154e-01 6.40e-04
6.12642e-01 6.39e-04
6.13617e-01 6.37e-04
6.14591e-01 6.36e-04
6.15510e-01 6.35e-04
6.16482e-01 6.34e-04
6.17453e-01 6.33e-04
6.18424e-01 6.32e-04
6.19339e-01 6.31e-04
6.20308e-01 6.30e-04
6.21275e-01 6.29e-04
6.22242e-01 6.28e-04
6.23154e-01 6.26e-04
6.24119e-01 6.25e-04
6.25082e-01 6.24e-04
6.25992e-01 6.23e-04
6.26954e-01 6.22e-04
6.27862e-01 6.21e-04
6.28342e-01 6.21e-04
6.29302e-01 6.19e-04
6.29728e-01 6.18e-04
6.30686e-01 6.17e-04
6.31591e-01 6.15e-04
6.32548e-01 6.14e-04
6.33450e-01 6.12e-04
6.34405e-01 6.10e-04
6.35306e-01 6.08e-04
6.36259e-01 6.07e-04
6.36683e-01 6.06e-04
6.37159e-01 6.06e-04
6.38110e-01 6.09e-04
6.39008e-01 6.07e-04
6.39905e-01 6.06e-04
6.40853e-01 6.04e-04
6.41749e-01 6.02e-04
6.42643e-01 6.00e-04
6.43537e-01 5.98e-04
6.44482e-01 5.97e-04
6.45374e-01 5.95e-04
6.46265e-01 5.93e-04
6.47156e-01 5.92e-04
6.48098e-01 5.90e-04
6.48986e-01 5.89e-04
6.49874e-01 5.87e-04
6.50761e-01 5.86e-04
6.51648e-01 5.85e-04
6.52533e-01 5.84e-04
6.53418e-01 5.82e-04
6.54302e-01 5.81e-04
6.55186e-01 5.80e-04
6.56120e-01 5.79e-04
6.57002e-01 5.79e-04
6.57883e-01 5.78e-04
6.58763e-01 5.77e-04
6.59642e-01 5.77e-04
6.60469e-01 5.76e-04
6.61347e-01 5.75e-04
6.62224e-01 5.75e-04
6.63100e-01 5.74e-04
6.63976e-01 5.73e-04
6.64851e-01 5.72e-04
6.65725e-01 5.70e-04
6.66598e-01 5.69e-04
6.67470e-01 5.67e-04
6.68291e-01 5.66e-04
6.69162e-01 5.64e-04
6.70032e-01 5.62e-04
6.70902e-01 5.61e-04
6.71719e-01 5.59e-04
6.72587e-01 5.57e-04
6.73455e-01 5.56e-04
6.74321e-01 5.54e-04
6.75136e-01 5.53e-04
6.76001e-01 5.52e-04
6.77272e-01 5.50e-04
6.78135e-01 5.50e-04
6.78947e-01 5.49e-04
6.83147e-01 5.47e-04
6.84006e-01 5.46e-04
6.84813e-01 5.45e-04
6.85669e-01 5.43e-04
6.86475e-01 5.41e-04
6.87330e-01 5.39e-04
6.88135e-01 5.37e-04
6.88989e-01 5.35e-04
6.89792e-01 5.34e-04
6.90594e-01 5.32e-04
6.91446e-01 5.31e-04
6.93497e-01 5.29e-04
6.96342e-01 5.28e-04
6.97139e-01 5.27e-04
6.97985e-01 5.25e-04
6.98781e-01 5.24e-04
6.99576e-01 5.22e-04
7.00371e-01 5.19e-04
7.01215e-01 5.18e-04
7.01611e-01 5.17e-04
7.02404e-01 5.15e-04
7.03197e-01 5.14e-04
7.03592e-01 5.14e-04
7.05619e-01 5.13e-04
7.06409e-01 5.12e-04
7.07198e-01 5.10e-04
7.07592e-01 5.09e-04
7.08381e-01 5.05e-04
7.09168e-01 5.01e-04
7.09955e-01 4.98e-04
7.10741e-01 4.95e-04
7.11527e-01 4.92e-04
7.12361e-01 4.89e-04
7.12754e-01 4.97e-04
7.13146e-01 5.07e-04
7.13538e-01 5.13e-04
7.14321e-01 5.11e-04
7.15104e-01 5.09e-04
7.15887e-01 5.08e-04
7.16668e-01 5.06e-04
7.17401e-01 5.05e-04
7.18181e-01 5.03e-04
7.18961e-01 5.02e-04
7.19740e-01 5.01e-04
7.20519e-01 4.99e-04
7.21297e-01 4.98e-04
7.22075e-01 4.97e-04
7.22852e-01 4.96e-04
7.23628e-01 4.95e-04
7.24404e-01 4.93e-04
7.25130e-01 4.92e-04
7.25905e-01 4.91e-04
7.26679e-01 4.90e-04
7.27452e-01 4.89e-04
7.28225e-01 4.88e-04
7.28949e-01 4.86e-04
7.29720e-01 4.85e-04
7.30491e-01 4.84e-04
7.31262e-01 4.83e-04
7.31983e-01 4.81e-04
7.32752e-01 4.80e-04
7.33521e-01 4.79e-04
7.34241e-01 4.78e-04
7.35009e-01 4.77e-04
7.35776e-01 4.75e-04
7.36494e-01 4.74e-04
7.37260e-01 4.73e-04
7.38025e-01 4.72e-04
7.38742e-01 4.72e-04
7.39506e-01 4.71e-04
7.40222e-01 4.70e-04
7.40985e-01 4.69e-04
7.41747e-01 4.68e-04
7.42461e-01 4.67e-04
7.43222e-01 4.66e-04
7.43935e-01 4.65e-04
7.44695e-01 4.64e-04
7.45408e-01 4.63e-04
7.46166e-01 4.62e-04
7.46878e-01 4.61e-04
7.47635e-01 4.60e-04
7.48345e-01 4.60e-04
7.49102e-01 4.59e-04
7.49811e-01 4.58e-04
7.50567e-01 4.57e-04
7.51275e-01 4.56e-04
7.51982e-01 4.55e-04
7.52736e-01 4.54e-04
7.53442e-01 4.53e-04
7.54148e-01 4.52e-04
7.54901e-01 4.51e-04
7.55605e-01 4.51e-04
7.56357e-01 4.50e-04
7.57061e-01 4.49e-04
7.57764e-01 4.48e-04
7.58467e-01 4.47e-04
7.59216e-01 4.46e-04
7.59918e-01 4.45e-04
7.60619e-01 4.44e-04
7.61366e-01 4.43e-04
7.62067e-01 4.42e-04
7.62767e-01 4.41e-04
7.63466e-01 4.41e-04
7.64211e-01 4.40e-04
7.64910e-01 4.39e-04
7.65607e-01 4.38e-04
7.66305e-01 4.37e-04
7.67002e-01 4.37e-04
7.67698e-01 4.36e-04
7.68440e-01 4.35e-04
7.69136e-01 4.34e-04
7.69830e-01 4.33e-04
7.70525e-01 4.33e-04
7.71219e-01 4.32e-04
7.71912e-01 4.31e-04
7.72605e-01 4.30e-04
7.73298e-01 4.30e-04
7.73990e-01 4.29e-04
7.74681e-01 4.28e-04
7.75418e-01 4.27e-04
7.76109e-01 4.25e-04
7.76799e-01 4.24e-04
7.77488e-01 4.24e-04
7.78177e-01 4.23e-04
7.78866e-01 4.22e-04
7.79554e-01 4.22e-04
7.80242e-01 4.21e-04
7.80929e-01 4.20e-04
7.81570e-01 4.19e-04
7.82256e-01 4.18e-04
7.82942e-01 4.18e-04
7.83628e-01 4.17e-04
7.84312e-01 4.17e-04
7.84997e-01 4.16e-04
7.85681e-01 4.15e-04
7.86364e-01 4.14e-04
7.87047e-01 4.13e-04
7.87730e-01 4.13e-04
7.88366e-01 4.12e-04
7.89048e-01 4.11e-04
7.89729e-01 4.10e-04
7.90410e-01 4.10e-04
7.91090e-01 4.09e-04
7.91770e-01 4.08e-04
7.92404e-01 4.07e-04
7.93083e-01 4.07e-04
7.93761e-01 4.06e-04
7.94439e-01 4.05e-04
7.95117e-01 4.04e-04
7.95749e-01 4.03e-04
7.96110e-01 4.02e-04
7.96741e-01 4.01e-04
7.97417e-01 4.00e-04
7.98093e-01 4.00e-04
7.98768e-01 3.99e-04
7.99397e-01 3.98e-04
7.99757e-01 3.98e-04
8.00386e-01 3.98e-04
8.00745e-01 3.98e-04
8.01374e-01 3.98e-04
8.02046e-01 3.97e-04
8.02719e-01 3.96e-04
8.03346e-01 3.95e-04
8.04017e-01 3.95e-04
8.04644e-01 3.94e-04
8.05314e-01 3.93e-04
8.05985e-01 3.92e-04
8.06610e-01 3.92e-04
8.07279e-01 3.91e-04
8.07903e-01 3.90e-04
8.08572e-01 3.90e-04
8.09240e-01 3.89e-04
8.09863e-01 3.88e-04
8.10530e-01 3.88e-04
8.11152e-01 3.87e-04
8.11819e-01 3.86e-04
8.12440e-01 3.86e-04
8.13106e-01 3.85e-04
8.13726e-01 3.84e-04
8.14391e-01 3.84e-04
8.14701e-01 3.83e-04
8.15011e-01 4.02e-04
8.15674e-01 4.87e-04
8.15984e-01 4.70e-04
8.16603e-01 3.84e-04
8.16956e-01 3.81e-04
8.17575e-01 3.80e-04
8.18193e-01 3.79e-04
8.18854e-01 3.79e-04
8.19471e-01 3.78e-04
8.20132e-01 3.77e-04
8.20749e-01 3.77e-04
8.21364e-01 3.76e-04
8.22024e-01 3.75e-04
8.22639e-01 3.75e-04
8.23298e-01 3.74e-04
8.23912e-01 3.73e-04
8.24526e-01 3.73e-04
8.25184e-01 3.72e-04
8.25797e-01 3.71e-04
8.26410e-01 3.70e-04
8.27066e-01 3.69e-04
8.27678e-01 3.69e-04
8.28290e-01 3.68e-04
8.28945e-01 3.67e-04
8.29556e-01 3.67e-04
8.30166e-01 3.66e-04
8.30776e-01 3.65e-04
8.31430e-01 3.65e-04
8.32039e-01 3.64e-04
8.32648e-01 3.63e-04
8.33257e-01 3.63e-04
8.33909e-01 3.62e-04
8.34517e-01 3.61e-04
8.35124e-01 3.61e-04
8.35731e-01 3.60e-04
8.36338e-01 3.59e-04
8.36988e-01 3.59e-04
8.37594e-01 3.58e-04
8.38199e-01 3.58e-04
8.38805e-01 3.57e-04
8.39410e-01 3.56e-04
8.40014e-01 3.56e-04
8.40618e-01 3.55e-04
8.41265e-01 3.54e-04
8.41869e-01 3.54e-04
8.42472e-01 3.53e-04
8.43075e-01 3.52e-04
8.43677e-01 3.52e-04
8.44279e-01 3.51e-04
8.44881e-01 3.50e-04
8.45482e-01 3.50e-04
8.46083e-01 3.49e-04
8.46683e-01 3.49e-04
8.47284e-01 3.48e-04
8.47883e-01 3.47e-04
8.48526e-01 3.47e-04
8.49125e-01 3.46e-04
8.49723e-01 3.46e-04
8.50322e-01 3.45e-04
8.50920e-01 3.44e-04
8.51518e-01 3.44e-04
8.52115e-01 3.43e-04
8.52712e-01 3.42e-04
8.53308e-01 3.42e-04
8.53862e-01 3.41e-04
8.54458e-01 3.41e-04
8.55053e-01 3.40e-04
8.55649e-01 3.39e-04
8.56243e-01 3.39e-04
8.56838e-01 3.38e-04
8.57432e-01 3.38e-04
8.58026e-01 3.37e-04
8.58619e-01 3.37e-04
8.59212e-01 3.36e-04
8.59805e-01 3.35e-04
8.60397e-01 3.35e-04
8.60947e-01 3.34e-04
8.61539e-01 3.34e-04
8.62130e-01 3.33e-04
8.62721e-01 3.33e-04
8.63312e-01 3.32e-04
8.63902e-01 3.31e-04
8.64492e-01 3.31e-04
8.65040e-01 3.30e-04
8.65629e-01 3.30e-04
8.66218e-01 3.29e-04
8.66806e-01 3.29e-04
8.67395e-01 3.28e-04
8.67940e-01 3.28e-04
8.68528e-01 3.27e-04
8.69115e-01 3.26e-04
8.69702e-01 3.26e-04
8.70289e-01 3.25e-04
8.70833e-01 3.25e-04
8.71419e-01 3.24e-04
8.72004e-01 3.24e-04
8.72548e-01 3.23e-04
8.73133e-01 3.23e-04
8.73717e-01 3.22e-04
8.74301e-01 3.22e-04
8.74844e-01 3.21e-04
8.75427e-01 3.21e-04
8.76010e-01 3.20e-04
8.76551e-01 3.20e-04
8.77134e-01 3.19e-04
8.77716e-01 3.19e-04
8.78257e-01 3.18e-04
8.78838e-01 3.18e-04
8.79419e-01 3.17e-04
8.79959e-01 3.17e-04
8.80539e-01 3.16e-04
8.81119e-01 3.16e-04
8.81658e-01 3.15e-04
8.82237e-01 3.15e-04
8.82775e-01 3.14e-04
8.83354e-01 3.14e-04
8.83933e-01 3.13e-04
8.84470e-01 3.13e-04
8.85048e-01 3.13e-04
8.85584e-01 3.12e-04
8.86161e-01 3.12e-04
8.86738e-01 3.11e-04
8.87274e-01 3.11e-04
8.87850e-01 3.10e-04
8.88385e-01 3.10e-04
8.88961e-01 3.09e-04
8.89495e-01 3.09e-04
8.90070e-01 3.08e-04
8.90604e-01 3.08e-04
8.91178e-01 3.07e-04
8.91711e-01 3.07e-04
8.92285e-01 3.06e-04
8.92817e-01 3.06e-04
8.93391e-01 3.05e-04
8.93922e-01 3.05e-04
8.94495e-01 3.04e-04
8.95026e-01 3.04e-04
8.95598e-01 3.03e-04
8.96129e-01 3.03e-04
8.96700e-01 3.02e-04
8.97230e-01 3.02e-04
8.97760e-01 3.01e-04
8.98330e-01 3.01e-04
8.98860e-01 3.00e-04
8.99429e-01 2.99e-04
8.99673e-01 2.99e-04
9.00243e-01 2.98e-04
9.00771e-01 2.98e-04
9.01340e-01 2.97e-04
9.01867e-01 2.97e-04
9.02151e-01 2.97e-04
9.02679e-01 2.96e-04
9.02962e-01 2.95e-04
9.03489e-01 2.95e-04
9.04056e-01 2.94e-04
9.04582e-01 2.94e-04
9.05108e-01 2.93e-04
9.05675e-01 2.93e-04
9.06200e-01 2.92e-04
9.06725e-01 2.92e-04
9.07290e-01 2.91e-04
9.07815e-01 2.91e-04
9.08339e-01 2.90e-04
9.08904e-01 2.89e-04
9.09427e-01 2.89e-04
9.09951e-01 2.88e-04
9.10474e-01 2.88e-04
9.11037e-01 2.87e-04
9.11560e-01 2.87e-04
9.12082e-01 2.86e-04
9.12644e-01 2.86e-04
9.13166e-01 2.86e-04
9.13687e-01 2.85e-04
9.14209e-01 2.85e-04
9.14770e-01 2.84e-04
9.15290e-01 2.84e-04
9.15811e-01 2.83e-04
9.16331e-01 2.83e-04
9.16851e-01 2.82e-04
9.17410e-01 2.82e-04
9.17929e-01 2.81e-04
9.18448e-01 2.81e-04
9.18967e-01 2.81e-04
9.19486e-01 2.80e-04
9.20044e-01 2.80e-04
9.20562e-01 2.79e-04
9.21079e-01 2.79e-04
9.21597e-01 2.78e-04
9.22114e-01 2.78e-04
9.22631e-01 2.78e-04
9.23187e-01 2.77e-04
9.23703e-01 2.77e-04
9.24219e-01 2.76e-04
9.24735e-01 2.76e-04
9.25250e-01 2.76e-04
9.25766e-01 2.75e-04
9.26281e-01 2.75e-04
9.26835e-01 2.74e-04
9.27349e-01 2.74e-04
9.27864e-01 2.74e-04
9.28377e-01 2.73e-04
9.28891e-01 2.73e-04
9.29404e-01 2.73e-04
9.29917e-01 2.72e-04
9.30430e-01 2.72e-04
9.30943e-01 2.71e-04
9.31455e-01 2.71e-04
9.31967e-01 2.71e-04
9.32479e-01 2.70e-04
9.32991e-01 2.70e-04
9.33541e-01 2.69e-04
9.34052e-01 2.69e-04
9.34563e-01 2.69e-04
9.35073e-01 2.68e-04
9.35583e-01 2.68e-04
9.36093e-01 2.67e-04
9.36603e-01 2.67e-04
9.37112e-01 2.66e-04
9.37622e-01 2.66e-04
9.38130e-01 2.66e-04
9.38639e-01 2.65e-04
9.39148e-01 2.65e-04
9.39656e-01 2.64e-04
9.40163e-01 2.64e-04
9.40671e-01 2.63e-04
9.41139e-01 2.63e-04
9.41647e-01 2.62e-04
9.42153e-01 2.62e-04
9.42660e-01 2.61e-04
9.43166e-01 2.61e-04
9.43672e-01 2.60e-04
9.44178e-01 2.60e-04
9.44684e-01 2.59e-04
9.45189e-01 2.59e-04
9.45694e-01 2.59e-04
9.46199e-01 2.58e-04
9.46704e-01 2.58e-04
9.47208e-01 2.57e-04
9.47712e-01 2.57e-04
9.48177e-01 2.57e-04
9.48680e-01 2.56e-04
9.49184e-01 2.56e-04
9.49687e-01 2.55e-04
9.50190e-01 2.55e-04
9.50692e-01 2.55e-04
9.51194e-01 2.54e-04
9.51696e-01 2.54e-04
9.52160e-01 2.54e-04
9.52661e-01 2.53e-04
9.53163e-01 2.53e-04
9.53664e-01 2.53e-04
9.54164e-01 2.52e-04
9.54665e-01 2.52e-04
9.55127e-01 2.52e-04
9.55627e-01 2.52e-04
9.56127e-01 2.51e-04
9.56626e-01 2.51e-04
9.57126e-01 2.51e-04
9.57586e-01 2.50e-04
9.58085e-01 2.50e-04
9.58584e-01 2.49e-04
9.59082e-01 2.49e-04
9.59580e-01 2.49e-04
9.60040e-01 2.48e-04
9.60537e-01 2.48e-04
9.61035e-01 2.47e-04
9.61532e-01 2.47e-04
9.61990e-01 2.46e-04
9.62487e-01 2.46e-04
9.62983e-01 2.45e-04
9.63480e-01 2.45e-04
9.63937e-01 2.44e-04
9.64433e-01 2.44e-04
9.64929e-01 2.44e-04
9.65386e-01 2.43e-04
9.65881e-01 2.43e-04
9.66375e-01 2.42e-04
9.66870e-01 2.42e-04
9.67326e-01 2.42e-04
9.67820e-01 2.41e-04
9.68314e-01 2.41e-04
9.68769e-01 2.41e-04
9.69263e-01 2.41e-04
9.69756e-01 2.40e-04
9.70211e-01 2.40e-04
9.70703e-01 2.40e-04
9.71195e-01 2.40e-04
9.71650e-01 2.39e-04
9.72142e-01 2.39e-04
9.72633e-01 2.39e-04
9.73087e-01 2.38e-04
9.73578e-01 2.38e-04
9.74069e-01 2.37e-04
9.74522e-01 2.37e-04
9.75012e-01 2.37e-04
9.75503e-01 2.36e-04
9.75955e-01 2.36e-04
9.76445e-01 2.35e-04
9.76897e-01 2.35e-04
9.77386e-01 2.34e-04
9.77875e-01 2.34e-04
9.78326e-01 2.33e-04
9.78815e-01 2.33e-04
9.79266e-01 2.33e-04
9.79754e-01 2.33e-04
9.80242e-01 2.32e-04
9.80692e-01 2.32e-04
9.82565e-01 2.31e-04
9.83052e-01 2.31e-04
9.83501e-01 2.30e-04
9.83987e-01 2.30e-04
9.84473e-01 2.30e-04
9.84921e-01 2.29e-04
9.85406e-01 2.28e-04
9.85854e-01 2.28e-04
9.86339e-01 2.27e-04
9.86786e-01 2.27e-04
9.87271e-01 2.27e-04
9.90062e-01 2.25e-04
9.90507e-01 2.25e-04
9.90990e-01 2.24e-04
9.91435e-01 2.23e-04
9.91918e-01 2.22e-04
9.92362e-01 2.22e-04
9.92844e-01 2.21e-04
9.93289e-01 2.20e-04
9.93733e-01 2.20e-04
9.94214e-01 2.19e-04
9.94658e-01 2.18e-04
9.95139e-01 2.18e-04
9.95582e-01 2.17e-04
9.95804e-01 2.17e-04
9.96284e-01 2.20e-04
9.96506e-01 2.21e-04
9.96727e-01 2.21e-04
9.97207e-01 2.21e-04
9.97649e-01 2.20e-04
9.98129e-01 2.20e-04
9.98571e-01 2.19e-04
9.99013e-01 2.19e-04
9.99492e-01 2.19e-04
9.99933e-01 2.18e-04
1.00041e+00 2.18e-04
1.00085e+00 2.17e-04
1.00129e+00 2.17e-04
1.00177e+00 2.17e-04
1.00221e+00 2.16e-04
1.00269e+00 2.16e-04
1.00313e+00 2.16e-04
1.00357e+00 2.15e-04
1.00405e+00 2.15e-04
1.00448e+00 2.14e-04
1.00492e+00 2.14e-04
1.00540e+00 2.14e-04
1.00584e+00 2.13e-04
1.00628e+00 2.13e-04
1.00675e+00 2.13e-04
1.00719e+00 2.12e-04
1.00763e+00 2.12e-04
1.00810e+00 2.12e-04
1.00854e+00 2.12e-04
1.00898e+00 2.11e-04
1.00945e+00 2.11e-04
1.00989e+00 2.11e-04
1.01033e+00 2.10e-04
1.01080e+00 2.10e-04
1.01124e+00 2.10e-04
1.01167e+00 2.09e-04
1.01215e+00 2.09e-04
1.01258e+00 2.09e-04
1.01302e+00 2.08e-04
1.01345e+00 2.08e-04
1.01393e+00 2.08e-04
1.01436e+00 2.07e-04
1.01480e+00 2.07e-04
1.01527e+00 2.07e-04
1.01570e+00 2.07e-04
1.01614e+00 2.06e-04
1.01657e+00 2.06e-04
1.01704e+00 2.06e-04
1.01747e+00 2.05e-04
1.01791e+00 2.05e-04
1.01834e+00 2.05e-04
1.01881e+00 2.04e-04
1.01924e+00 2.04e-04
1.01968e+00 2.04e-04
1.02011e+00 2.04e-04
1.02054e+00 2.03e-04
1.02101e+00 2.03e-04
1.02144e+00 2.03e-04
1.02188e+00 2.02e-04
1.02231e+00 2.02e-04
1.02277e+00 2.02e-04
1.02321e+00 2.01e-04
1.02364e+00 2.01e-04
1.02407e+00 2.01e-04
1.02450e+00 2.01e-04
1.02497e+00 2.00e-04
1.02540e+00 2.00e-04
1.02583e+00 2.00e-04
1.02626e+00 1.99e-04
1.02669e+00 1.99e-04
1.02712e+00 1.99e-04
1.02758e+00 1.98e-04
1.02801e+00 1.98e-04
1.02844e+00 1.98e-04
1.02887e+00 1.98e-04
1.02930e+00 1.97e-04
1.02973e+00 1.97e-04
1.03019e+00 1.97e-04
1.03062e+00 1.96e-04
1.03105e+00 1.96e-04
1.03147e+00 1.96e-04
1.03190e+00 1.96e-04
1.03233e+00 1.95e-04
1.03276e+00 1.95e-04
1.03322e+00 1.95e-04
1.03365e+00 1.94e-04
1.03407e+00 1.94e-04
1.03450e+00 1.94e-04
1.03493e+00 1.94e-04
1.03535e+00 1.93e-04
1.03578e+00 1.93e-04
1.03620e+00 1.93e-04
1.03663e+00 1.92e-04
1.03706e+00 1.92e-04
1.03752e+00 1.92e-04
1.03794e+00 1.92e-04
1.03837e+00 1.91e-04
1.03879e+00 1.91e-04
1.03922e+00 1.91e-04
1.03964e+00 1.90e-04
1.04006e+00 1.90e-04
1.04049e+00 1.90e-04
1.04091e+00 1.90e-04
1.04134e+00 1.89e-04
1.04176e+00 1.89e-04
1.04218e+00 1.89e-04
1.04261e+00 1.89e-04
1.04303e+00 1.88e-04
1.04349e+00 1.88e-04
1.04391e+00 1.88e-04
1.04433e+00 1.87e-04
1.04475e+00 1.87e-04
1.04518e+00 1.87e-04
1.04560e+00 1.87e-04
1.04602e+00 1.86e-04
1.04644e+00 1.86e-04
1.04686e+00 1.86e-04
1.04728e+00 1.86e-04
1.04770e+00 1.85e-04
1.04813e+00 1.85e-04
1.04855e+00 1.85e-04
1.04897e+00 1.84e-04
1.04939e+00 1.84e-04
1.04981e+00 1.84e-04
1.05023e+00 1.84e-04
1.05065e+00 1.83e-04
1.05107e+00 1.83e-04
1.05149e+00 1.83e-04
1.05190e+00 1.83e-04
1.05232e+00 1.82e-04
1.05274e+00 1.82e-04
1.05316e+00 1.82e-04
1.05358e+00 1.82e-04
1.05400e+00 1.81e-04
1.05442e+00 1.81e-04
1.05483e+00 1.81e-04
1.05522e+00 1.81e-04
1.05564e+00 1.80e-04
1.05605e+00 1.80e-04
1.05647e+00 1.80e-04
1.05689e+00 1.79e-04
1.05730e+00 1.79e-04
1.05772e+00 1.79e-04
1.05814e+00 1.79e-04
1.05855e+00 1.78e-04
1.05897e+00 1.78e-04
1.05939e+00 1.78e-04
1.05980e+00 1.78e-04
1.06022e+00 1.77e-04
1.06063e+00 1.77e-04
1.06105e+00 1.77e-04
1.06143e+00 1.77e-04
1.06184e+00 1.76e-04
1.06226e+00 1.76e-04
1.06267e+00 1.76e-04
1.06309e+00 1.76e-04
1.06350e+00 1.75e-04
1.06392e+00 1.75e-04
1.06433e+00 1.75e-04
1.06475e+00 1.75e-04
1.06516e+00 1.74e-04
1.06554e+00 1.74e-04
1.06595e+00 1.74e-04
1.06636e+00 1.74e-04
1.06678e+00 1.73e-04
1.06719e+00 1.73e-04
1.06760e+00 1.73e-04
1.06802e+00 1.73e-04
1.06843e+00 1.72e-04
1.06881e+00 1.72e-04
1.06922e+00 1.72e-04
1.06963e+00 1.72e-04
1.07004e+00 1.71e-04
1.07045e+00 1.71e-04
1.07086e+00 1.71e-04
1.07128e+00 1.71e-04
1.07165e+00 1.70e-04
1.07206e+00 1.70e-04
1.07247e+00 1.70e-04
1.07288e+00 1.70e-04
1.07329e+00 1.69e-04
1.07370e+00 1.69e-04
1.07408e+00 1.69e-04
1.07449e+00 1.69e-04
1.07490e+00 1.69e-04
1.07531e+00 1.68e-04
1.07572e+00 1.68e-04
1.07609e+00 1.68e-04
1.07650e+00 1.68e-04
1.07691e+00 1.67e-04
1.07732e+00 1.67e-04
1.07773e+00 1.67e-04
1.07810e+00 1.67e-04
1.07851e+00 1.66e-04
1.07892e+00 1.66e-04
1.07933e+00 1.66e-04
1.07974e+00 1.66e-04
1.08011e+00 1.65e-04
1.08052e+00 1.65e-04
1.08092e+00 1.65e-04
1.08133e+00 1.65e-04
1.08170e+00 1.64e-04
1.08211e+00 1.64e-04
1.08252e+00 1.64e-04
1.08292e+00 1.64e-04
1.08333e+00 1.64e-04
1.08350e+00 1.63e-04
1.08390e+00 1.63e-04
1.08411e+00 1.62e-04
1.08451e+00 1.62e-04
1.08492e+00 1.62e-04
1.08529e+00 1.61e-04
1.08570e+00 1.61e-04
1.08610e+00 1.61e-04
1.08651e+00 1.61e-04
1.08688e+00 1.60e-04
1.08728e+00 1.60e-04
1.08769e+00 1.60e-04
1.08806e+00 1.60e-04
1.08846e+00 1.60e-04
1.08886e+00 1.59e-04
1.08927e+00 1.59e-04
1.08964e+00 1.59e-04
1.09004e+00 1.59e-04
1.09045e+00 1.58e-04
1.09085e+00 1.58e-04
1.09122e+00 1.58e-04
1.09162e+00 1.58e-04
1.09202e+00 1.58e-04
1.09239e+00 1.57e-04
1.09280e+00 1.57e-04
1.09320e+00 1.57e-04
1.09357e+00 1.57e-04
1.09397e+00 1.56e-04
1.09437e+00 1.56e-04
1.09477e+00 1.56e-04
1.09514e+00 1.56e-04
1.09554e+00 1.56e-04
1.09594e+00 1.55e-04
1.09631e+00 1.55e-04
1.09671e+00 1.55e-04
1.09711e+00 1.55e-04
1.09748e+00 1.54e-04
1.09788e+00 1.54e-04
1.09828e+00 1.54e-04
1.09865e+00 1.54e-04
1.09905e+00 1.54e-04
1.09945e+00 1.53e-04
1.09981e+00 1.53e-04
1.10021e+00 1.53e-04
1.10061e+00 1.53e-04
1.10098e+00 1.53e-04
1.10138e+00 1.52e-04
1.10177e+00 1.52e-04
1.10214e+00 1.52e-04
1.10254e+00 1.52e-04
1.10290e+00 1.52e-04
1.10330e+00 1.51e-04
1.10370e+00 1.51e-04
1.10406e+00 1.51e-04
1.10446e+00 1.51e-04
1.10486e+00 1.50e-04
1.10522e+00 1.50e-04
1.10562e+00 1.50e-04
1.10599e+00 1.50e-04
1.10638e+00 1.50e-04
1.10678e+00 1.49e-04
1.10714e+00 1.49e-04
1.10754e+00 1.49e-04
1.10794e+00 1.49e-04
1.10830e+00 1.49e-04
1.10869e+00 1.48e-04
1.10906e+00 1.48e-04
1.10945e+00 1.48e-04
1.10985e+00 1.48e-04
1.11021e+00 1.48e-04
1.11061e+00 1.47e-04
1.11097e+00 1.47e-04
1.11136e+00 1.47e-04
1.11176e+00 1.47e-04
1.11212e+00 1.47e-04
1.11252e+00 1.46e-04
1.11288e+00 1.46e-04
1.11327e+00 1.46e-04
1.11363e+00 1.46e-04
1.11403e+00 1.46e-04
1.11442e+00 1.45e-04
1.11478e+00 1.45e-04
1.11517e+00 1.45e-04
1.11553e+00 1.45e-04
1.11593e+00 1.45e-04
1.11629e+00 1.44e-04
1.11668e+00 1.44e-04
1.11704e+00 1.44e-04
1.11743e+00 1.44e-04
1.11783e+00 1.44e-04
1.11819e+00 1.43e-04
1.11858e+00 1.43e-04
1.11894e+00 1.43e-04
1.11933e+00 1.43e-04
1.11969e+00 1.43e-04
1.12008e+00 1.42e-04
1.12044e+00 1.42e-04
1.12083e+00 1.42e-04
1.12119e+00 1.42e-04
1.12158e+00 1.42e-04
1.12197e+00 1.41e-04
1.12233e+00 1.41e-04
1.12272e+00 1.41e-04
1.12308e+00 1.41e-04
1.12347e+00 1.41e-04
1.12383e+00 1.40e-04
1.12422e+00 1.40e-04
1.12457e+00 1.40e-04
1.12496e+00 1.40e-04
1.12532e+00 1.40e-04
1.12571e+00 1.39e-04
1.12607e+00 1.39e-04
1.12645e+00 1.39e-04
1.12681e+00 1.39e-04
1.12720e+00 1.39e-04
1.12756e+00 1.38e-04
1.12794e+00 1.38e-04
1.12830e+00 1.38e-04
1.12869e+00 1.38e-04
1.12904e+00 1.38e-04
1.12943e+00 1.38e-04
1.12979e+00 1.37e-04
1.13018e+00 1.37e-04
1.13053e+00 1.37e-04
1.13092e+00 1.37e-04
1.13127e+00 1.37e-04
1.13166e+00 1.36e-04
1.13201e+00 1.36e-04
1.13237e+00 1.36e-04
1.13276e+00 1.36e-04
1.13311e+00 1.36e-04
1.13350e+00 1.35e-04
1.13385e+00 1.35e-04
1.13424e+00 1.35e-04
1.13459e+00 1.35e-04
1.13498e+00 1.35e-04
1.13533e+00 1.35e-04
1.13572e+00 1.34e-04
1.13607e+00 1.34e-04
1.13645e+00 1.34e-04
1.13681e+00 1.34e-04
1.13716e+00 1.34e-04
1.13754e+00 1.33e-04
1.13790e+00 1.33e-04
1.13828e+00 1.33e-04
1.13863e+00 1.33e-04
1.13902e+00 1.33e-04
1.13937e+00 1.33e-04
1.13972e+00 1.32e-04
1.14011e+00 1.32e-04
1.14046e+00 1.32e-04
1.14084e+00 1.32e-04
1.14119e+00 1.32e-04
1.14158e+00 1.31e-04
1.14193e+00 1.31e-04
1.14228e+00 1.31e-04
1.14266e+00 1.31e-04
1.14301e+00 1.31e-04
1.14339e+00 1.31e-04
1.14374e+00 1.30e-04
1.14413e+00 1.30e-04
1.14448e+00 1.30e-04
1.14483e+00 1.30e-04
1.14521e+00 1.30e-04
1.14556e+00 1.30e-04
1.14594e+00 1.29e-04
1.14629e+00 1.29e-04
1.14664e+00 1.29e-04
1.14702e+00 1.29e-04
1.14737e+00 1.29e-04
1.14775e+00 1.28e-04
1.14810e+00 1.28e-04
1.14845e+00 1.28e-04
1.14883e+00 1.28e-04
1.14918e+00 1.28e-04
1.14956e+00 1.28e-04
1.14991e+00 1.27e-04
1.15026e+00 1.27e-04
1.15064e+00 1.27e-04
1.15098e+00 1.27e-04
1.15133e+00 1.27e-04
1.15171e+00 1.27e-04
1.15206e+00 1.26e-04
1.15244e+00 1.26e-04
1.15278e+00 1.26e-04
1.15313e+00 1.26e-04
1.15351e+00 1.26e-04
1.15386e+00 1.26e-04
1.15420e+00 1.25e-04
1.15458e+00 1.25e-04
1.15493e+00 1.25e-04
1.15528e+00 1.25e-04
1.15565e+00 1.25e-04
1.15600e+00 1.25e-04
1.15638e+00 1.24e-04
1.15672e+00 1.24e-04
1.15707e+00 1.24e-04
1.15745e+00 1.24e-04
1.15779e+00 1.24e-04
1.15814e+00 1.24e-04
1.15852e+00 1.23e-04
1.15886e+00 1.23e-04
1.15921e+00 1.23e-04
1.15958e+00 1.23e-04
1.15993e+00 1.23e-04
1.16027e+00 1.23e-04
1.16065e+00 1.22e-04
1.16099e+00 1.22e-04
1.16134e+00 1.22e-04
1.16171e+00 1.22e-04
1.16206e+00 1.22e-04
1.16240e+00 1.22e-04
1.16278e+00 1.21e-04
1.16312e+00 1.21e-04
1.16346e+00 1.21e-04
1.16384e+00 1.21e-04
1.16418e+00 1.21e-04
1.16452e+00 1.21e-04
1.16487e+00 1.20e-04
1.16524e+00 1.20e-04
1.16559e+00 1.20e-04
1.16593e+00 1.20e-04
1.16630e+00 1.20e-04
1.16664e+00 1.20e-04
1.16699e+00 1.19e-04
1.16736e+00 1.19e-04
1.16770e+00 1.19e-04
1.16805e+00 1.19e-04
1.16842e+00 1.19e-04
1.16876e+00 1.19e-04
1.16910e+00 1.18e-04
1.16944e+00 1.18e-04
1.16982e+00 1.18e-04
1.17016e+00 1.18e-04
1.17050e+00 1.18e-04
1.17087e+00 1.18e-04
1.17121e+00 1.18e-04
1.17155e+00 1.17e-04
1.17189e+00 1.17e-04
1.17227e+00 1.17e-04
1.17261e+00 1.17e-04
1.17295e+00 1.17e-04
1.17332e+00 1.17e-04
1.17366e+00 1.16e-04
1.17400e+00 1.16e-04
1.17434e+00 1.16e-04
1.17471e+00 1.16e-04
1.17505e+00 1.16e-04
1.17539e+00 1.16e-04
1.17573e+00 1.16e-04
1.17610e+00 1.15e-04
1.17644e+00 1.15e-04
1.17678e+00 1.15e-04
1.17715e+00 1.15e-04
1.17749e+00 1.15e-04
1.17782e+00 1.15e-04
1.17816e+00 1.14e-04
1.17853e+00 1.14e-04
1.17887e+00 1.14e-04
1.17921e+00 1.14e-04
1.17955e+00 1.14e-04
1.17992e+00 1.14e-04
1.18025e+00 1.14e-04
1.18059e+00 1.13e-04
1.18093e+00 1.13e-04
1.18130e+00 1.13e-04
1.18164e+00 1.13e-04
1.18197e+00 1.13e-04
1.18231e+00 1.13e-04
1.18268e+00 1.12e-04
1.18301e+00 1.12e-04
1.18335e+00 1.12e-04
1.18369e+00 1.12e-04
1.18406e+00 1.12e-04
1.18439e+00 1.12e-04
1.18473e+00 1.12e-04
1.18507e+00 1.11e-04
1.18540e+00 1.11e-04
1.18577e+00 1.11e-04
1.18610e+00 1.11e-04
1.18644e+00 1.11e-04
1.18678e+00 1.11e-04
1.18714e+00 1.11e-04
1.18748e+00 1.10e-04
1.18781e+00 1.10e-04
1.18815e+00 1.10e-04
1.18848e+00 1.10e-04
1.18885e+00 1.10e-04
1.18918e+00 1.10e-04
1.18952e+00 1.10e-04
1.18985e+00 1.09e-04
1.19022e+00 1.09e-04
1.19055e+00 1.09e-04
1.19089e+00 1.09e-04
1.19122e+00 1.09e-04
1.19156e+00 1.09e-04
1.19192e+00 1.09e-04
1.19225e+00 1.08e-04
1.19259e+00 1.08e-04
1.19292e+00 1.08e-04
1.19326e+00 1.08e-04
1.19362e+00 1.08e-04
1.19395e+00 1.08e-04
1.19429e+00 1.08e-04
1.19462e+00 1.07e-04
1.19495e+00 1.07e-04
1.19532e+00 1.07e-04
1.19565e+00 1.07e-04
1.19598e+00 1.07e-04
1.19631e+00 1.07e-04
1.19665e+00 1.07e-04
1.19698e+00 1.06e-04
1.19734e+00 1.06e-04
1.19767e+00 1.06e-04
1.19801e+00 1.06e-04
1.19834e+00 1.06e-04
1.19867e+00 1.06e-04
1.19903e+00 1.06e-04
1.19936e+00 1.05e-04
1.19969e+00 1.05e-04
1.20003e+00 1.05e-04
1.20036e+00 1.05e-04
1.20069e+00 1.05e-04
1.20105e+00 1.05e-04
1.20138e+00 1.05e-04
1.20171e+00 1.04e-04
1.20204e+00 1.04e-04
1.20237e+00 1.04e-04
1.20270e+00 1.04e-04
1.20306e+00 1.04e-04
1.20339e+00 1.04e-04
1.20372e+00 1.04e-04
1.20405e+00 1.03e-04
1.20438e+00 1.03e-04
1.20471e+00 1.03e-04
1.20507e+00 1.03e-04
1.20540e+00 1.03e-04
1.20573e+00 1.03e-04
1.20606e+00 1.03e-04
1.20639e+00 1.03e-04
1.20672e+00 1.02e-04
1.20708e+00 1.02e-04
1.20741e+00 1.02e-04
1.20774e+00 1.02e-04
1.20806e+00 1.02e-04
1.20839e+00 1.02e-04
1.20872e+00 1.02e-04
1.20905e+00 1.01e-04
1.20941e+00 1.01e-04
1.20974e+00 1.01e-04
1.21006e+00 1.01e-04
1.21039e+00 1.01e-04
1.21072e+00 1.01e-04
1.21105e+00 1.01e-04
1.21138e+00 1.01e-04
1.21173e+00 1.00e-04
1.21206e+00 1.00e-04
1.21239e+00 1.00e-04
1.21271e+00 1.00e-04
1.21304e+00 9.99e-05
1.21337e+00 9.98e-05
1.21370e+00 9.96e-05
1.21405e+00 9.95e-05
1.21438e+00 9.94e-05
1.21471e+00 9.92e-05
1.21503e+00 9.91e-05
1.21536e+00 9.90e-05
1.21568e+00 9.88e-05
1.21601e+00 9.87e-05
1.21634e+00 9.86e-05
1.21669e+00 9.85e-05
1.21702e+00 9.83e-05
1.21734e+00 9.82e-05
1.21767e+00 9.81e-05
1.21799e+00 9.80e-05
1.21832e+00 9.78e-05
1.21864e+00 9.77e-05
1.21897e+00 9.76e-05
1.21932e+00 9.74e-05
1.21965e+00 9.73e-05
1.21997e+00 9.72e-05
1.22030e+00 9.71e-05
1.22062e+00 9.69e-05
1.22095e+00 9.68e-05
1.22127e+00 9.67e-05
1.22160e+00 9.66e-05
1.22192e+00 9.64e-05
1.22227e+00 9.63e-05
1.22260e+00 9.62e-05
1.22292e+00 9.61e-05
1.22325e+00 9.59e-05
1.22357e+00 9.58e-05
1.22389e+00 9.57e-05
1.22422e+00 9.56e-05
1.22454e+00 9.54e-05
1.22486e+00 9.53e-05
1.22519e+00 9.52e-05
1.22554e+00 9.51e-05
1.22586e+00 9.49e-05
1.22618e+00 9.48e-05
1.22651e+00 9.47e-05
1.22683e+00 9.46e-05
1.22715e+00 9.44e-05
1.22747e+00 9.43e-05
1.22780e+00 9.42e-05
1.22812e+00 9.41e-05
1.22844e+00 9.40e-05
1.22876e+00 9.38e-05
1.22911e+00 9.37e-05
1.22944e+00 9.36e-05
1.22976e+00 9.35e-05
1.23008e+00 9.34e-05
1.23040e+00 9.32e-05
1.23072e+00 9.31e-05
1.23104e+00 9.30e-05
1.23136e+00 9.29e-05
1.23169e+00 9.28e-05
1.23201e+00 9.26e-05
1.23233e+00 9.25e-05
1.23265e+00 9.24e-05
1.23300e+00 9.23e-05
1.23332e+00 9.22e-05
1.23364e+00 9.20e-05
1.23396e+00 9.19e-05
1.23428e+00 9.18e-05
1.23460e+00 9.17e-05
1.23492e+00 9.16e-05
1.23524e+00 9.14e-05
1.23556e+00 9.13e-05
1.23588e+00 9.12e-05
1.23620e+00 9.11e-05
1.23652e+00 9.10e-05
1.23684e+00 9.08e-05
1.23719e+00 9.07e-05
1.23750e+00 9.06e-05
1.23782e+00 9.05e-05
1.23814e+00 9.04e-05
1.23846e+00 9.03e-05
1.23878e+00 9.01e-05
1.23910e+00 9.00e-05
1.23942e+00 8.99e-05
1.23974e+00 8.98e-05
1.24005e+00 8.97e-05
1.24037e+00 8.96e-05
1.24069e+00 8.94e-05
1.24101e+00 8.93e-05
1.24133e+00 8.92e-05
1.24164e+00 8.91e-05
1.24196e+00 8.90e-05
1.24231e+00 8.89e-05
1.24263e+00 8.88e-05
1.24294e+00 8.86e-05
1.24326e+00 8.85e-05
1.24358e+00 8.84e-05
1.24390e+00 8.83e-05
1.24421e+00 8.82e-05
1.24453e+00 8.81e-05
1.24485e+00 8.80e-05
1.24516e+00 8.78e-05
1.24548e+00 8.77e-05
1.24580e+00 8.76e-05
1.24611e+00 8.75e-05
1.24643e+00 8.74e-05
1.24674e+00 8.73e-05
1.24706e+00 8.72e-05
1.24738e+00 8.70e-05
1.24769e+00 8.69e-05
1.24801e+00 8.68e-05
1.24832e+00 8.67e-05
1.24867e+00 8.66e-05
1.24898e+00 8.65e-05
1.24930e+00 8.64e-05
1.24962e+00 8.63e-05
1.24993e+00 8.62e-05
1.25025e+00 8.60e-05
1.25056e+00 8.59e-05
1.25088e+00 8.58e-05
1.25119e+00 8.57e-05
1.25151e+00 8.56e-05
1.25182e+00 8.55e-05
1.25213e+00 8.54e-05
1.25245e+00 8.53e-05
1.25276e+00 8.52e-05
1.25308e+00 8.51e-05
1.25339e+00 8.49e-05
1.25371e+00 8.48e-05
1.25402e+00 8.47e-05
1.25433e+00 8.46e-05
1.25465e+00 8.45e-05
1.25496e+00 8.44e-05
1.25527e+00 8.43e-05
1.25559e+00 8.42e-05
1.25590e+00 8.41e-05
1.25621e+00 8.40e-05
1.25653e+00 8.39e-05
1.25684e+00 8.38e-05
1.25715e+00 8.37e-05
1.25749e+00 8.35e-05
1.25781e+00 8.34e-05
1.25812e+00 8.33e-05
1.25843e+00 8.32e-05
1.25875e+00 8.31e-05
1.25906e+00 8.30e-05
1.25937e+00 8.29e-05
1.25968e+00 8.28e-05
1.25999e+00 8.27e-05
1.26031e+00 8.26e-05
1.26062e+00 8.25e-05
1.26093e+00 8.24e-05
1.26124e+00 8.23e-05
1.26155e+00 8.22e-05
1.26186e+00 8.21e-05
1.26218e+00 8.20e-05
1.26249e+00 8.19e-05
1.26280e+00 8.18e-05
1.26311e+00 8.16e-05
1.26342e+00 8.15e-05
1.26373e+00 8.14e-05
1.26404e+00 8.13e-05
1.26435e+00 8.12e-05
1.26466e+00 8.11e-05
1.26497e+00 8.10e-05
1.26528e+00 8.09e-05
1.26559e+00 8.08e-05
1.26590e+00 8.07e-05
1.26621e+00 8.06e-05
1.26652e+00 8.05e-05
1.26683e+00 8.04e-05
1.26714e+00 8.03e-05
1.26745e+00 8.02e-05
1.26776e+00 8.01e-05
1.26807e+00 8.00e-05
1.26838e+00 7.99e-05
1.26869e+00 7.98e-05
1.26900e+00 7.97e-05
1.26931e+00 7.96e-05
1.26962e+00 7.95e-05
1.26993e+00 7.94e-05
1.27024e+00 7.93e-05
1.27055e+00 7.92e-05
1.27086e+00 7.91e-05
1.27116e+00 7.90e-05
1.27147e+00 7.89e-05
1.27178e+00 7.88e-05
1.27209e+00 7.87e-05
1.27240e+00 7.86e-05
1.27271e+00 7.85e-05
1.27301e+00 7.84e-05
1.27332e+00 7.83e-05
1.27363e+00 7.82e-05
1.27394e+00 7.81e-05
1.27424e+00 7.80e-05
1.27455e+00 7.79e-05
1.27486e+00 7.78e-05
1.27517e+00 7.77e-05
1.27547e+00 7.76e-05
1.27578e+00 7.75e-05
1.27609e+00 7.74e-05
1.27640e+00 7.73e-05
1.27670e+00 7.72e-05
1.27701e+00 7.71e-05
1.27732e+00 7.70e-05
1.27762e+00 7.69e-05
1.27793e+00 7.68e-05
1.27824e+00 7.67e-05
1.27854e+00 7.66e-05
1.27885e+00 7.65e-05
1.27915e+00 7.64e-05
1.27946e+00 7.63e-05
1.27977e+00 7.62e-05
1.28007e+00 7.61e-05
1.28038e+00 7.60e-05
1.28068e+00 7.59e-05
1.28099e+00 7.58e-05
1.28129e+00 7.57e-05
1.28160e+00 7.56e-05
1.28191e+00 7.55e-05
1.28221e+00 7.54e-05
1.28252e+00 7.53e-05
1.28282e+00 7.52e-05
1.28313e+00 7.51e-05
1.28343e+00 7.51e-05
1.28374e+00 7.50e-05
1.28404e+00 7.49e-05
1.28434e+00 7.48e-05
1.28465e+00 7.47e-05
1.28495e+00 7.46e-05
1.28526e+00 7.45e-05
1.28556e+00 7.44e-05
1.28587e+00 7.43e-05
1.28617e+00 7.42e-05
1.28647e+00 7.41e-05
1.28678e+00 7.40e-05
1.28708e+00 7.39e-05
1.28739e+00 7.38e-05
1.28769e+00 7.37e-05
1.28799e+00 7.36e-05
1.28830e+00 7.35e-05
1.28860e+00 7.34e-05
1.28890e+00 7.33e-05
1.28921e+00 7.33e-05
1.28951e+00 7.32e-05
1.28981e+00 7.31e-05
1.29011e+00 7.30e-05
1.29042e+00 7.29e-05
1.29072e+00 7.28e-05
1.29102e+00 7.27e-05
1.29132e+00 7.26e-05
1.29163e+00 7.25e-05
1.29193e+00 7.24e-05
1.29223e+00 7.23e-05
1.29253e+00 7.22e-05
1.29283e+00 7.22e-05
1.29314e+00 7.21e-05
1.29344e+00 7.20e-05
1.29374e+00 7.19e-05
1.29404e+00 7.18e-05
1.29434e+00 7.17e-05
1.29464e+00 7.16e-05
1.29495e+00 7.15e-05
1.29525e+00 7.14e-05
1.29555e+00 7.13e-05
1.29582e+00 7.12e-05
1.29612e+00 7.12e-05
1.29642e+00 7.11e-05
1.29673e+00 7.10e-05
1.29703e+00 7.09e-05
1.29733e+00 7.08e-05
1.29763e+00 7.07e-05
1.29793e+00 7.06e-05
1.29823e+00 7.05e-05
1.29853e+00 7.04e-05
1.29883e+00 7.04e-05
1.29913e+00 7.03e-05
1.29943e+00 7.02e-05
1.29973e+00 7.01e-05
1.30003e+00 7.00e-05
1.30033e+00 6.99e-05
1.30063e+00 6.98e-05
1.30093e+00 6.97e-05
1.30123e+00 6.96e-05
1.30153e+00 6.96e-05
1.30183e+00 6.95e-05
1.30212e+00 6.94e-05
1.30242e+00 6.93e-05
1.30272e+00 6.92e-05
1.30302e+00 6.91e-05
1.30332e+00 6.90e-05
1.30362e+00 6.89e-05
1.30392e+00 6.89e-05
1.30422e+00 6.88e-05
1.30451e+00 6.87e-05
1.30481e+00 6.86e-05
1.30511e+00 6.85e-05
1.30541e+00 6.84e-05
1.30571e+00 6.83e-05
1.30601e+00 6.83e-05
1.30630e+00 6.82e-05
1.30660e+00 6.81e-05
1.30690e+00 6.80e-05
1.30720e+00 6.79e-05
1.30749e+00 6.78e-05
1.30779e+00 6.77e-05
1.30809e+00 6.77e-05
1.30839e+00 6.76e-05
1.30868e+00 6.75e-05
1.30898e+00 6.74e-05
1.30925e+00 6.73e-05
1.30955e+00 6.72e-05
1.30985e+00 6.71e-05
1.31014e+00 6.71e-05
1.31044e+00 6.70e-05
1.31074e+00 6.69e-05
1.31103e+00 6.68e-05
1.31133e+00 6.67e-05
1.31162e+00 6.66e-05
1.31192e+00 6.66e-05
1.31222e+00 6.65e-05
1.31251e+00 6.64e-05
1.31281e+00 6.63e-05
1.31311e+00 6.62e-05
1.31340e+00 6.61e-05
1.31370e+00 6.61e-05
1.31399e+00 6.60e-05
1.31429e+00 6.59e-05
1.31458e+00 6.58e-05
1.31488e+00 6.57e-05
1.31517e+00 6.56e-05
1.31547e+00 6.56e-05
1.31576e+00 6.55e-05
1.31606e+00 6.54e-05
1.31635e+00 6.53e-05
1.31665e+00 6.52e-05
1.31694e+00 6.52e-05
1.31724e+00 6.51e-05
1.31753e+00 6.50e-05
1.31783e+00 6.49e-05
1.31812e+00 6.48e-05
1.31842e+00 6.47e-05
1.31871e+00 6.47e-05
1.31901e+00 6.46e-05
1.31930e+00 6.45e-05
1.31959e+00 6.44e-05
1.31989e+00 6.43e-05
1.32018e+00 6.43e-05
1.32048e+00 6.42e-05
1.32077e+00 6.41e-05
1.32106e+00 6.40e-05
1.32133e+00 6.39e-05
1.32162e+00 6.39e-05
1.32192e+00 6.38e-05
1.32221e+00 6.37e-05
1.32250e+00 6.36e-05
1.32280e+00 6.35e-05
1.32309e+00 6.35e-05
1.32338e+00 6.34e-05
1.32367e+00 6.33e-05
1.32397e+00 6.32e-05
1.32426e+00 6.31e-05
1.32455e+00 6.31e-05
1.32484e+00 6.30e-05
1.32514e+00 6.29e-05
1.32543e+00 6.28e-05
1.32572e+00 6.27e-05
1.32601e+00 6.27e-05
1.32631e+00 6.26e-05
1.32660e+00 6.25e-05
1.32689e+00 6.24e-05
1.32718e+00 6.24e-05
1.32747e+00 6.23e-05
1.32776e+00 6.22e-05
1.32806e+00 6.21e-05
1.32835e+00 6.20e-05
1.32864e+00 6.20e-05
1.32893e+00 6.19e-05
1.32922e+00 6.18e-05
1.32951e+00 6.17e-05
1.32980e+00 6.17e-05
1.33009e+00 6.16e-05
1.33039e+00 6.15e-05
1.33068e+00 6.14e-05
1.33097e+00 6.13e-05
1.33126e+00 6.13e-05
1.33155e+00 6.12e-05
1.33184e+00 6.11e-05
1.33213e+00 6.10e-05
1.33242e+00 6.10e-05
1.33271e+00 6.09e-05
1.33300e+00 6.08e-05
1.33329e+00 6.07e-05
1.33358e+00 6.07e-05
1.33387e+00 6.06e-05
1.33416e+00 6.05e-05
1.33445e+00 6.04e-05
1.33471e+00 6.04e-05
1.33500e+00 6.03e-05
1.33529e+00 6.02e-05
1.33558e+00 6.01e-05
1.33587e+00 6.01e-05
1.33616e+00 6.00e-05
1.33645e+00 5.99e-05
1.33674e+00 5.98e-05
1.33703e+00 5.98e-05
1.33731e+00 5.97e-05
1.33760e+00 5.96e-05
1.33789e+00 5.95e-05
1.33818e+00 5.95e-05
1.33847e+00 5.94e-05
1.33876e+00 5.93e-05
1.33905e+00 5.92e-05
1.33933e+00 5.92e-05
1.33962e+00 5.91e-05
1.33991e+00 5.90e-05
1.34020e+00 5.89e-05
1.34049e+00 5.89e-05
1.34077e+00 5.88e-05
1.34106e+00 5.87e-05
1.34135e+00 5.87e-05
1.34164e+00 5.86e-05
1.34192e+00 5.85e-05
1.34221e+00 5.84e-05
1.34250e+00 5.84e-05
1.34279e+00 5.83e-05
1.34307e+00 5.82e-05
1.34336e+00 5.81e-05
1.34365e+00 5.81e-05
1.34393e+00 5.80e-05
1.34422e+00 5.79e-05
1.34451e+00 5.79e-05
1.34480e+00 5.78e-05
1.34508e+00 5.77e-05
1.34537e+00 5.76e-05
1.34565e+00 5.76e-05
1.34594e+00 5.75e-05
1.34623e+00 5.74e-05
1.34651e+00 5.74e-05
1.34680e+00 5.73e-05
1.34709e+00 5.72e-05
1.34737e+00 5.71e-05
1.34766e+00 5.71e-05
1.34794e+00 5.70e-05
1.34823e+00 5.69e-05
1.34851e+00 5.69e-05
1.34880e+00 5.68e-05
1.34909e+00 5.67e-05
1.34937e+00 5.66e-05
1.34966e+00 5.66e-05
1.34994e+00 5.65e-05
1.35023e+00 5.64e-05
1.35051e+00 5.64e-05
1.35080e+00 5.63e-05
1.35108e+00 5.62e-05
1.35137e+00 5.62e-05
1.35165e+00 5.61e-05
1.35194e+00 5.60e-05
1.35222e+00 5.59e-05
1.35250e+00 5.59e-05
1.35279e+00 5.58e-05
1.35307e+00 5.57e-05
1.35336e+00 5.57e-05
1.35364e+00 5.56e-05
1.35393e+00 5.55e-05
1.35421e+00 5.55e-05
1.35449e+00 5.54e-05
1.35478e+00 5.53e-05
1.35506e+00 5.53e-05
1.35535e+00 5.52e-05
1.35563e+00 5.51e-05
1.35591e+00 5.50e-05
1.35620e+00 5.50e-05
1.35648e+00 5.49e-05
1.35676e+00 5.48e-05
1.35705e+00 5.48e-05
1.35733e+00 5.47e-05
1.35761e+00 5.46e-05
1.35789e+00 5.46e-05
1.35818e+00 5.45e-05
1.35846e+00 5.44e-05
1.35874e+00 5.44e-05
1.35903e+00 5.43e-05
1.35931e+00 5.42e-05
1.35959e+00 5.42e-05
1.35987e+00 5.41e-05
1.36016e+00 5.40e-05
1.36044e+00 5.40e-05
1.36072e+00 5.39e-05
1.36100e+00 5.38e-05
1.36128e+00 5.38e-05
1.36157e+00 5.37e-05
1.36185e+00 5.36e-05
1.36213e+00 5.36e-05
1.36241e+00 5.35e-05
1.36269e+00 5.34e-05
1.36297e+00 5.34e-05
1.36326e+00 5.33e-05
1.36354e+00 5.32e-05
1.36382e+00 5.32e-05
1.36410e+00 5.31e-05
1.36438e+00 5.30e-05
1.36466e+00 5.30e-05
1.36494e+00 5.29e-05
1.36522e+00 5.28e-05
1.36550e+00 5.28e-05
1.36579e+00 5.27e-05
1.36607e+00 5.26e-05
1.36635e+00 5.26e-05
1.36663e+00 5.25e-05
1.36691e+00 5.24e-05
1.36719e+00 5.24e-05
1.36747e+00 5.23e-05
1.36775e+00 5.22e-05
1.36803e+00 5.22e-05
1.36831e+00 5.21e-05
1.36859e+00 5.21e-05
1.36887e+00 5.20e-05
1.36915e+00 5.19e-05
1.36945e+00 5.19e-05
1.36973e+00 5.18e-05
1.37001e+00 5.17e-05
1.37029e+00 5.17e-05
1.37057e+00 5.16e-05
1.37085e+00 5.15e-05
1.37113e+00 5.15e-05
1.37141e+00 5.14e-05
1.37169e+00 5.13e-05
1.37197e+00 5.13e-05
1.37225e+00 5.12e-05
1.37252e+00 5.12e-05
1.37280e+00 5.11e-05
1.37308e+00 5.10e-05
1.37336e+00 5.10e-05
1.37364e+00 5.09e-05
1.37392e+00 5.08e-05
1.37420e+00 5.08e-05
1.37447e+00 5.07e-05
1.37475e+00 5.07e-05
1.37503e+00 5.06e-05
1.37531e+00 5.05e-05
1.37559e+00 5.05e-05
1.37587e+00 5.04e-05
1.37614e+00 5.03e-05
1.37642e+00 5.03e-05
1.37670e+00 5.02e-05
1.37698e+00 5.02e-05
1.37725e+00 5.01e-05
1.37753e+00 5.00e-05
1.37783e+00 5.00e-05
1.37811e+00 4.99e-05
1.37839e+00 4.98e-05
1.37867e+00 4.98e-05
1.37894e+00 4.97e-05
1.37922e+00 4.97e-05
1.37950e+00 4.96e-05
1.37977e+00 4.95e-05
1.38005e+00 4.95e-05
1.38033e+00 4.94e-05
1.38060e+00 4.94e-05
1.38088e+00 4.93e-05
1.38116e+00 4.92e-05
1.38143e+00 4.92e-05
1.38171e+00 4.91e-05
1.38199e+00 4.91e-05
1.38226e+00 4.90e-05
1.38254e+00 4.89e-05
1.38281e+00 4.89e-05
1.38309e+00 4.88e-05
1.38337e+00 4.88e-05
1.38367e+00 4.87e-05
1.38394e+00 4.86e-05
1.38422e+00 4.86e-05
1.38449e+00 4.85e-05
1.38477e+00 4.85e-05
1.38504e+00 4.84e-05
1.38532e+00 4.83e-05
1.38559e+00 4.83e-05
1.38587e+00 4.82e-05
1.38614e+00 4.82e-05
1.38642e+00 4.81e-05
1.38669e+00 4.80e-05
1.38697e+00 4.80e-05
1.38724e+00 4.79e-05
1.38752e+00 4.79e-05
1.38779e+00 4.78e-05
1.38809e+00 4.77e-05
1.38837e+00 4.77e-05
1.38864e+00 4.76e-05
1.38892e+00 4.76e-05
1.38919e+00 4.75e-05
1.38946e+00 4.74e-05
1.38974e+00 4.74e-05
1.39001e+00 4.73e-05
1.39029e+00 4.73e-05
1.39056e+00 4.72e-05
1.39083e+00 4.72e-05
1.39111e+00 4.71e-05
1.39138e+00 4.70e-05
1.39165e+00 4.70e-05
1.39195e+00 4.69e-05
1.39223e+00 4.69e-05
1.39250e+00 4.68e-05
1.39277e+00 4.67e-05
1.39305e+00 4.67e-05
1.39332e+00 4.66e-05
1.39359e+00 4.66e-05
1.39387e+00 4.65e-05
1.39414e+00 4.65e-05
1.39441e+00 4.64e-05
1.39468e+00 4.63e-05
1.39496e+00 4.63e-05
1.39523e+00 4.62e-05
1.39553e+00 4.62e-05
1.39580e+00 4.61e-05
1.39607e+00 4.61e-05
1.39634e+00 4.60e-05
1.39662e+00 4.59e-05
1.39689e+00 4.59e-05
1.39716e+00 4.58e-05
1.39743e+00 4.58e-05
1.39770e+00 4.57e-05
1.39798e+00 4.57e-05
1.39825e+00 4.56e-05
1.39854e+00 4.56e-05
1.39882e+00 4.55e-05
1.39909e+00 4.54e-05
1.39936e+00 4.54e-05
1.39963e+00 4.53e-05
1.39990e+00 4.53e-05
1.40017e+00 4.52e-05
1.40044e+00 4.52e-05
1.40071e+00 4.51e-05
1.40099e+00 4.50e-05
1.40128e+00 4.50e-05
1.40155e+00 4.49e-05
1.40182e+00 4.49e-05
1.40209e+00 4.48e-05
1.40236e+00 4.48e-05
1.40264e+00 4.47e-05
1.40291e+00 4.47e-05
1.40318e+00 4.46e-05
1.40345e+00 4.46e-05
1.40374e+00 4.45e-05
1.40401e+00 4.44e-05
1.40428e+00 4.44e-05
1.40455e+00 4.43e-05
1.40482e+00 4.43e-05
1.40509e+00 4.42e-05
1.40536e+00 4.42e-05
1.40563e+00 4.41e-05
1.40590e+00 4.41e-05
1.40620e+00 4.40e-05
1.40646e+00 4.39e-05
1.40673e+00 4.39e-05
1.40700e+00 4.38e-05
1.40727e+00 4.38e-05
1.40754e+00 4.37e-05
1.40781e+00 4.37e-05
1.40808e+00 4.36e-05
1.40837e+00 4.36e-05
1.40864e+00 4.35e-05
1.40891e+00 4.35e-05
1.40918e+00 4.34e-05
1.40945e+00 4.34e-05
1.40972e+00 4.33e-05
1.40999e+00 4.32e-05
1.41025e+00 4.32e-05
1.41055e+00 4.31e-05
1.41082e+00 4.31e-05
1.41108e+00 4.30e-05
1.41135e+00 4.30e-05
1.41162e+00 4.29e-05
1.41189e+00 4.29e-05
1.41216e+00 4.28e-05
1.41245e+00 4.28e-05
1.41272e+00 4.27e-05
1.41298e+00 4.27e-05
1.41325e+00 4.26e-05
1.41352e+00 4.26e-05
1.41379e+00 4.25e-05
1.41406e+00 4.25e-05
1.41435e+00 4.24e-05
1.41461e+00 4.24e-05
1.41488e+00 4.23e-05
1.41515e+00 4.22e-05
1.41542e+00 4.22e-05
1.41568e+00 4.21e-05
1.41595e+00 4.21e-05
1.41624e+00 4.20e-05
1.41651e+00 4.20e-05
1.41678e+00 4.19e-05
1.41704e+00 4.19e-05
1.41731e+00 4.18e-05
1.41757e+00 4.18e-05
1.41784e+00 4.17e-05
1.41813e+00 4.17e-05
1.41840e+00 4.16e-05
1.41866e+00 4.16e-05
1.41893e+00 4.15e-05
1.41920e+00 4.15e-05
1.41946e+00 4.14e-05
1.41975e+00 4.14e-05
1.42002e+00 4.13e-05
1.42029e+00 4.13e-05
1.42055e+00 4.12e-05
1.42082e+00 4.12e-05
1.42108e+00 4.11e-05
1.42137e+00 4.11e-05
1.42164e+00 4.10e-05
1.42190e+00 4.10e-05
1.42217e+00 4.09e-05
1.42243e+00 4.09e-05
1.42272e+00 4.08e-05
1.42299e+00 4.08e-05
1.42325e+00 4.07e-05
1.42352e+00 4.07e-05
1.42378e+00 4.06e-05
1.42405e+00 4.06e-05
1.42434e+00 4.05e-05
1.42460e+00 4.05e-05
1.42487e+00 4.04e-05
1.42513e+00 4.04e-05
1.42539e+00 4.03e-05
1.42568e+00 4.03e-05
1.42595e+00 4.02e-05
1.42621e+00 4.02e-05
1.42648e+00 4.01e-05
1.42674e+00 4.01e-05
1.42700e+00 4.00e-05
1.42729e+00 4.00e-05
1.42756e+00 3.99e-05
1.42782e+00 3.99e-05
1.42808e+00 3.98e-05
1.42835e+00 3.98e-05
1.42864e+00 3.97e-05
1.42890e+00 3.97e-05
1.42916e+00 3.96e-05
1.42943e+00 3.96e-05
1.42969e+00 3.95e-05
1.42998e+00 3.95e-05
1.43024e+00 3.95e-05
1.43050e+00 3.94e-05
1.43077e+00 3.94e-05
1.43105e+00 3.93e-05
1.43132e+00 3.93e-05
1.43158e+00 3.92e-05
1.43184e+00 3.92e-05
1.43210e+00 3.91e-05
1.43239e+00 3.91e-05
1.43265e+00 3.90e-05
1.43292e+00 3.90e-05
1.43318e+00 3.89e-05
1.43344e+00 3.89e-05
1.43373e+00 3.88e-05
1.43399e+00 3.88e-05
1.43425e+00 3.87e-05
1.43451e+00 3.87e-05
1.43480e+00 3.86e-05
1.43506e+00 3.86e-05
1.43532e+00 3.85e-05
1.43558e+00 3.85e-05
1.43587e+00 3.85e-05
1.43613e+00 3.84e-05
1.43639e+00 3.84e-05
1.43665e+00 3.83e-05
1.43692e+00 3.83e-05
1.43720e+00 3.82e-05
1.43746e+00 3.82e-05
1.43772e+00 3.81e-05
1.43799e+00 3.81e-05
1.43827e+00 3.80e-05
1.43853e+00 3.80e-05
1.43879e+00 3.79e-05
1.43905e+00 3.79e-05
1.43934e+00 3.78e-05
1.43960e+00 3.78e-05
1.43986e+00 3.78e-05
1.44012e+00 3.77e-05
1.44040e+00 3.77e-05
1.44066e+00 3.76e-05
1.44092e+00 3.76e-05
1.44118e+00 3.75e-05
1.44147e+00 3.75e-05
1.44173e+00 3.74e-05
1.44199e+00 3.74e-05
1.44225e+00 3.73e-05
1.44253e+00 3.73e-05
1.44279e+00 3.72e-05
1.44305e+00 3.72e-05
1.44331e+00 3.72e-05
1.44360e+00 3.71e-05
1.44386e+00 3.71e-05
1.44412e+00 3.70e-05
1.44440e+00 3.70e-05
1.44466e+00 3.69e-05
1.44492e+00 3.69e-05
1.44518e+00 3.68e-05
1.44546e+00 3.68e-05
1.44572e+00 3.67e-05
1.44598e+00 3.67e-05
1.44626e+00 3.67e-05
1.44652e+00 3.66e-05
1.44678e+00 3.66e-05
1.44704e+00 3.65e-05
1.44732e+00 3.65e-05
1.44758e+00 3.64e-05
1.44784e+00 3.64e-05
1.44809e+00 3.63e-05
1.44838e+00 3.63e-05
1.44864e+00 3.63e-05
1.44889e+00 3.62e-05
1.44918e+00 3.62e-05
1.44943e+00 3.61e-05
1.44969e+00 3.61e-05
1.44997e+00 3.60e-05
1.45023e+00 3.60e-05
1.45049e+00 3.59e-05
1.45075e+00 3.59e-05
1.45103e+00 3.59e-05
1.45129e+00 3.58e-05
1.45154e+00 3.58e-05
1.45182e+00 3.57e-05
1.45208e+00 3.57e-05
1.45234e+00 3.56e-05
1.45262e+00 3.56e-05
1.45288e+00 3.55e-05
1.45313e+00 3.55e-05
1.45342e+00 3.55e-05
1.45367e+00 3.54e-05
1.45393e+00 3.54e-05
1.45421e+00 3.53e-05
1.45447e+00 3.53e-05
1.45472e+00 3.52e-05
1.45498e+00 3.52e-05
1.45526e+00 3.52e-05
1.45552e+00 3.51e-05
1.45577e+00 3.51e-05
1.45605e+00 3.50e-05
1.45631e+00 3.50e-05
1.45657e+00 3.49e-05
1.45685e+00 3.49e-05
1.45710e+00 3.49e-05
1.45736e+00 3.48e-05
1.45764e+00 3.48e-05
1.45789e+00 3.47e-05
1.45815e+00 3.47e-05
1.45843e+00 3.46e-05
1.45868e+00 3.46e-05
1.45896e+00 3.46e-05
1.45922e+00 3.45e-05
1.45948e+00 3.45e-05
1.45975e+00 3.44e-05
1.46001e+00 3.44e-05
1.46026e+00 3.44e-05
1.46054e+00 3.43e-05
1.46080e+00 3.43e-05
1.46105e+00 3.42e-05
1.46133e+00 3.42e-05
1.46159e+00 3.41e-05
1.46184e+00 3.41e-05
1.46212e+00 3.41e-05
1.46238e+00 3.40e-05
1.46263e+00 3.40e-05
1.46291e+00 3.39e-05
1.46316e+00 3.39e-05
1.46344e+00 3.39e-05
1.46370e+00 3.38e-05
1.46395e+00 3.38e-05
1.46423e+00 3.37e-05
1.46448e+00 3.37e-05
1.46474e+00 3.36e-05
1.46501e+00 3.36e-05
1.46527e+00 3.36e-05
1.46554e+00 3.35e-05
1.46580e+00 3.35e-05
1.46605e+00 3.34e-05
1.46633e+00 3.34e-05
1.46658e+00 3.34e-05
1.46686e+00 3.33e-05
1.46711e+00 3.33e-05
1.46737e+00 3.32e-05
1.46764e+00 3.32e-05
1.46790e+00 3.32e-05
1.46817e+00 3.31e-05
1.46843e+00 3.31e-05
1.46868e+00 3.30e-05
1.46896e+00 3.30e-05
1.46921e+00 3.30e-05
1.46949e+00 3.29e-05
1.46974e+00 3.29e-05
1.46999e+00 3.28e-05
1.47027e+00 3.28e-05
1.47052e+00 3.28e-05
1.47080e+00 3.27e-05
1.47105e+00 3.27e-05
1.47130e+00 3.26e-05
1.47158e+00 3.26e-05
1.47183e+00 3.26e-05
1.47211e+00 3.25e-05
1.47236e+00 3.25e-05
1.47261e+00 3.24e-05
1.47288e+00 3.24e-05
1.47314e+00 3.24e-05
1.47341e+00 3.23e-05
1.47366e+00 3.23e-05
1.47394e+00 3.22e-05
1.47419e+00 3.22e-05
1.47447e+00 3.22e-05
1.47472e+00 3.21e-05
1.47497e+00 3.21e-05
1.47524e+00 3.20e-05
1.47550e+00 3.20e-05
1.47577e+00 3.20e-05
1.47602e+00 3.19e-05
1.47630e+00 3.19e-05
1.47655e+00 3.18e-05
1.47680e+00 3.18e-05
1.47707e+00 3.18e-05
1.47732e+00 3.17e-05
1.47760e+00 3.17e-05
1.47785e+00 3.17e-05
1.47812e+00 3.16e-05
1.47837e+00 3.16e-05
1.47865e+00 3.15e-05
1.47890e+00 3.15e-05
1.47917e+00 3.15e-05
1.47942e+00 3.14e-05
1.47969e+00 3.14e-05
1.47994e+00 3.13e-05
1.48019e+00 3.13e-05
1.48047e+00 3.13e-05
1.48072e+00 3.12e-05
1.48099e+00 3.12e-05
1.48124e+00 3.12e-05
1.48151e+00 3.11e-05
1.48176e+00 3.11e-05
1.48204e+00 3.10e-05
1.48229e+00 3.10e-05
1.48256e+00 3.10e-05
1.48281e+00 3.09e-05
1.48308e+00 3.09e-05
1.48333e+00 3.09e-05
1.48360e+00 3.08e-05
1.48385e+00 3.08e-05
1.48412e+00 3.07e-05
1.48437e+00 3.07e-05
1.48465e+00 3.07e-05
1.48489e+00 3.06e-05
1.48517e+00 3.06e-05
1.48542e+00 3.06e-05
1.48569e+00 3.05e-05
1.48594e+00 3.05e-05
1.48621e+00 3.04e-05
1.48646e+00 3.04e-05
1.48673e+00 3.04e-05
1.48698e+00 3.03e-05
1.48725e+00 3.03e-05
1.48750e+00 3.03e-05
1.48777e+00 3.02e-05
1.48802e+00 3.02e-05
1.48829e+00 3.01e-05
1.48854e+00 3.01e-05
1.48881e+00 3.01e-05
1.48908e+00 3.00e-05
1.48932e+00 3.00e-05
1.48960e+00 3.00e-05
1.48984e+00 2.99e-05
1.49011e+00 2.99e-05
1.49036e+00 2.98e-05
1.49063e+00 2.98e-05
1.49088e+00 2.98e-05
1.49115e+00 2.97e-05
1.49140e+00 2.97e-05
1.49167e+00 2.97e-05
1.49191e+00 2.96e-05
1.49218e+00 2.96e-05
1.49245e+00 2.96e-05
1.49270e+00 2.95e-05
1.49297e+00 2.95e-05
1.49322e+00 2.94e-05
1.49349e+00 2.94e-05
1.49374e+00 2.94e-05
1.49400e+00 2.93e-05
1.49425e+00 2.93e-05
1.49452e+00 2.93e-05
1.49479e+00 2.92e-05
1.49504e+00 2.92e-05
1.49531e+00 2.92e-05
1.49555e+00 2.91e-05
1.49582e+00 2.91e-05
1.49607e+00 2.91e-05
1.49634e+00 2.90e-05
1.49661e+00 2.90e-05
1.49685e+00 2.89e-05
1.49712e+00 2.89e-05
1.49737e+00 2.89e-05
1.49763e+00 2.88e-05
1.49790e+00 2.88e-05
1.49815e+00 2.88e-05
1.49842e+00 2.87e-05
1.49866e+00 2.87e-05
1.49893e+00 2.87e-05
1.49920e+00 2.86e-05
1.49944e+00 2.86e-05
1.49971e+00 2.86e-05
1.49996e+00 2.85e-05
1.50023e+00 2.85e-05
1.50049e+00 2.85e-05
1.50074e+00 2.84e-05
1.50101e+00 2.84e-05
1.50125e+00 2.84e-05
1.50152e+00 2.83e-05
1.50179e+00 2.83e-05
1.50203e+00 2.82e-05
1.50230e+00 2.82e-05
1.50257e+00 2.82e-05
1.50281e+00 2.81e-05
1.50308e+00 2.81e-05
1.50332e+00 2.81e-05
1.50359e+00 2.80e-05
1.50386e+00 2.80e-05
1.50410e+00 2.80e-05
1.50437e+00 2.79e-05
1.50463e+00 2.79e-05
1.50488e+00 2.79e-05
1.50514e+00 2.78e-05
1.50541e+00 2.78e-05
1.50565e+00 2.78e-05
1.50592e+00 2.77e-05
1.50619e+00 2.77e-05
1.50643e+00 2.77e-05
1.50670e+00 2.76e-05
1.50694e+00 2.76e-05
1.50721e+00 2.76e-05
1.50747e+00 2.75e-05
1.50772e+00 2.75e-05
1.50798e+00 2.75e-05
1.50825e+00 2.74e-05
1.50849e+00 2.74e-05
1.50876e+00 2.74e-05
1.50902e+00 2.73e-05
1.50929e+00 2.73e-05
1.50953e+00 2.73e-05
1.50979e+00 2.72e-05
1.51006e+00 2.72e-05
1.51030e+00 2.72e-05
1.51057e+00 2.71e-05
1.51083e+00 2.71e-05
1.51108e+00 2.71e-05
1.51134e+00 2.70e-05
1.51160e+00 2.70e-05
1.51185e+00 2.70e-05
1.51211e+00 2.69e-05
1.51238e+00 2.69e-05
1.51264e+00 2.69e-05
1.51288e+00 2.68e-05
1.51315e+00 2.68e-05
1.51341e+00 2.68e-05
1.51365e+00 2.67e-05
1.51392e+00 2.67e-05
1.51418e+00 2.67e-05
1.51442e+00 2.67e-05
1.51469e+00 2.66e-05
1.51495e+00 2.66e-05
1.51522e+00 2.66e-05
1.51546e+00 2.65e-05
1.51572e+00 2.65e-05
1.51598e+00 2.65e-05
1.51625e+00 2.64e-05
1.51649e+00 2.64e-05
1.51675e+00 2.64e-05
1.51702e+00 2.63e-05
1.51728e+00 2.63e-05
1.51752e+00 2.63e-05
1.51778e+00 2.62e-05
1.51805e+00 2.62e-05
1.51831e+00 2.62e-05
1.51855e+00 2.61e-05
1.51881e+00 2.61e-05
1.51908e+00 2.61e-05
1.51934e+00 2.60e-05
1.51958e+00 2.60e-05
1.51984e+00 2.60e-05
1.52010e+00 2.59e-05
1.52037e+00 2.59e-05
1.52061e+00 2.59e-05
1.52087e+00 2.59e-05
1.52113e+00 2.58e-05
1.52139e+00 2.58e-05
1.52163e+00 2.58e-05
1.52190e+00 2.57e-05
1.52216e+00 2.57e-05
1.52242e+00 2.57e-05
1.52268e+00 2.56e-05
1.52292e+00 2.56e-05
1.52318e+00 2.56e-05
1.52344e+00 2.55e-05
1.52371e+00 2.55e-05
1.52397e+00 2.55e-05
1.52421e+00 2.54e-05
1.52447e+00 2.54e-05
1.52473e+00 2.54e-05
1.52499e+00 2.54e-05
1.52525e+00 2.53e-05
1.52549e+00 2.53e-05
1.52575e+00 2.53e-05
1.52601e+00 2.52e-05
1.52627e+00 2.52e-05
1.52653e+00 2.52e-05
1.52680e+00 2.51e-05
1.52703e+00 2.51e-05
1.52729e+00 2.51e-05
1.52756e+00 2.50e-05
1.52782e+00 2.50e-05
1.52808e+00 2.50e-05
1.52831e+00 2.50e-05
1.52857e+00 2.49e-05
1.52884e+00 2.49e-05
1.52910e+00 2.49e-05
1.52936e+00 2.48e-05
1.52962e+00 2.48e-05
1.52988e+00 2.48e-05
1.53011e+00 2.47e-05
1.53037e+00 2.47e-05
1.53063e+00 2.47e-05
1.53089e+00 2.47e-05
1.53115e+00 2.46e-05
1.53141e+00 2.46e-05
1.53167e+00 2.46e-05
1.53191e+00 2.45e-05
1.53217e+00 2.45e-05
1.53243e+00 2.45e-05
1.53269e+00 2.44e-05
1.53295e+00 2.44e-05
1.53320e+00 2.44e-05
1.53346e+00 2.44e-05
1.53372e+00 2.43e-05
1.53396e+00 2.43e-05
1.53422e+00 2.43e-05
1.53448e+00 2.42e-05
1.53474e+00 2.42e-05
1.53499e+00 2.42e-05
1.53525e+00 2.41e-05
1.53551e+00 2.41e-05
1.53577e+00 2.41e-05
1.53603e+00 2.41e-05
1.53629e+00 2.40e-05
1.53652e+00 2.40e-05
1.53678e+00 2.40e-05
1.53704e+00 2.39e-05
1.53730e+00 2.39e-05
1.53756e+00 2.39e-05
1.53781e+00 2.39e-05
1.53807e+00 2.38e-05
1.53833e+00 2.38e-05
1.53859e+00 2.38e-05
1.53884e+00 2.37e-05
1.53910e+00 2.37e-05
1.53936e+00 2.37e-05
1.53962e+00 2.37e-05
1.53987e+00 2.36e-05
1.54013e+00 2.36e-05
1.54037e+00 2.36e-05
1.54062e+00 2.35e-05
1.54088e+00 2.35e-05
1.54114e+00 2.35e-05
1.54139e+00 2.35e-05
1.54165e+00 2.34e-05
1.54191e+00 2.34e-05
1.54216e+00 2.34e-05
1.54242e+00 2.33e-05
1.54268e+00 2.33e-05
1.54293e+00 2.33e-05
1.54319e+00 2.33e-05
1.54345e+00 2.32e-05
1.54370e+00 2.32e-05
1.54396e+00 2.32e-05
1.54422e+00 2.31e-05
1.54447e+00 2.31e-05
1.54473e+00 2.31e-05
1.54498e+00 2.31e-05
1.54524e+00 2.30e-05
1.54550e+00 2.30e-05
1.54575e+00 2.30e-05
1.54601e+00 2.29e-05
1.54626e+00 2.29e-05
1.54652e+00 2.29e-05
1.54677e+00 2.29e-05
1.54703e+00 2.28e-05
1.54729e+00 2.28e-05
1.54754e+00 2.28e-05
1.54780e+00 2.28e-05
1.54805e+00 2.27e-05
1.54831e+00 2.27e-05
1.54856e+00 2.27e-05
1.54882e+00 2.26e-05
1.54907e+00 2.26e-05
1.54933e+00 2.26e-05
1.54958e+00 2.26e-05
1.54984e+00 2.25e-05
1.55009e+00 2.25e-05
1.55035e+00 2.25e-05
1.55060e+00 2.24e-05
1.55085e+00 2.24e-05
1.55111e+00 2.24e-05
1.55138e+00 2.24e-05
1.55164e+00 2.23e-05
1.55189e+00 2.23e-05
1.55215e+00 2.23e-05
1.55240e+00 2.23e-05
1.55266e+00 2.22e-05
1.55291e+00 2.22e-05
1.55316e+00 2.22e-05
1.55342e+00 2.22e-05
1.55367e+00 2.21e-05
1.55393e+00 2.21e-05
1.55418e+00 2.21e-05
1.55443e+00 2.20e-05
1.55471e+00 2.20e-05
1.55496e+00 2.20e-05
1.55521e+00 2.20e-05
1.55547e+00 2.19e-05
1.55572e+00 2.19e-05
1.55597e+00 2.19e-05
1.55623e+00 2.19e-05
1.55648e+00 2.18e-05
1.55673e+00 2.18e-05
1.55699e+00 2.18e-05
1.55726e+00 2.18e-05
1.55751e+00 2.17e-05
1.55777e+00 2.17e-05
1.55802e+00 2.17e-05
1.55827e+00 2.16e-05
1.55852e+00 2.16e-05
1.55878e+00 2.16e-05
1.55903e+00 2.16e-05
1.55930e+00 2.15e-05
1.55955e+00 2.15e-05
1.55981e+00 2.15e-05
1.56006e+00 2.15e-05
1.56031e+00 2.14e-05
1.56056e+00 2.14e-05
1.56081e+00 2.14e-05
1.56109e+00 2.14e-05
1.56134e+00 2.13e-05
1.56159e+00 2.13e-05
1.56184e+00 2.13e-05
1.56209e+00 2.13e-05
1.56235e+00 2.12e-05
1.56262e+00 2.12e-05
1.56287e+00 2.12e-05
1.56312e+00 2.11e-05
1.56337e+00 2.11e-05
1.56362e+00 2.11e-05
1.56390e+00 2.11e-05
1.56415e+00 2.10e-05
1.56440e+00 2.10e-05
1.56465e+00 2.10e-05
1.56490e+00 2.10e-05
1.56517e+00 2.09e-05
1.56542e+00 2.09e-05
1.56567e+00 2.09e-05
1.56592e+00 2.09e-05
1.56618e+00 2.08e-05
1.56645e+00 2.08e-05
1.56670e+00 2.08e-05
1.56695e+00 2.08e-05
1.56720e+00 2.07e-05
1.56745e+00 2.07e-05
1.56772e+00 2.07e-05
1.56797e+00 2.07e-05
1.56822e+00 2.06e-05
1.56847e+00 2.06e-05
1.56874e+00 2.06e-05
1.56899e+00 2.06e-05
1.56924e+00 2.05e-05
1.56949e+00 2.05e-05
1.56976e+00 2.05e-05
1.57001e+00 2.05e-05
1.57026e+00 2.04e-05
1.57051e+00 2.04e-05
1.57078e+00 2.04e-05
1.57103e+00 2.04e-05
1.57128e+00 2.03e-05
1.57155e+00 2.03e-05
1.57180e+00 2.03e-05
1.57205e+00 2.03e-05
1.57230e+00 2.02e-05
1.57257e+00 2.02e-05
1.57282e+00 2.02e-05
1.57306e+00 2.02e-05
1.57333e+00 2.01e-05
1.57358e+00 2.01e-05
1.57383e+00 2.01e-05
1.57408e+00 2.01e-05
1.57435e+00 2.00e-05
1.57460e+00 2.00e-05
1.57485e+00 2.00e-05
1.57512e+00 2.00e-05
1.57536e+00 1.99e-05
1.57561e+00 1.99e-05
1.57588e+00 1.99e-05
1.57613e+00 1.99e-05
1.57638e+00 1.98e-05
1.57665e+00 1.98e-05
1.57689e+00 1.98e-05
1.57714e+00 1.98e-05
1.57741e+00 1.97e-05
1.57766e+00 1.97e-05
1.57791e+00 1.97e-05
1.57817e+00 1.97e-05
1.57842e+00 1.97e-05
1.57867e+00 1.96e-05
1.57894e+00 1.96e-05
1.57918e+00 1.96e-05
1.57943e+00 1.96e-05
1.57970e+00 1.95e-05
1.57995e+00 1.95e-05
1.58022e+00 1.95e-05
1.58046e+00 1.95e-05
1.58071e+00 1.94e-05
1.58098e+00 1.94e-05
1.58122e+00 1.94e-05
1.58149e+00 1.94e-05
1.58174e+00 1.93e-05
1.58198e+00 1.93e-05
1.58225e+00 1.93e-05
1.58250e+00 1.93e-05
1.58277e+00 1.93e-05
1.58301e+00 1.92e-05
1.58326e+00 1.92e-05
1.58353e+00 1.92e-05
1.58377e+00 1.92e-05
1.58404e+00 1.91e-05
1.58428e+00 1.91e-05
1.58453e+00 1.91e-05
1.58480e+00 1.91e-05
1.58504e+00 1.90e-05
1.58531e+00 1.90e-05
1.58555e+00 1.90e-05
1.58582e+00 1.90e-05
1.58607e+00 1.90e-05
1.58633e+00 1.89e-05
1.58658e+00 1.89e-05
1.58682e+00 1.89e-05
1.58709e+00 1.89e-05
1.58734e+00 1.88e-05
1.58760e+00 1.88e-05
1.58785e+00 1.88e-05
1.58811e+00 1.88e-05
1.58836e+00 1.87e-05
1.58862e+00 1.87e-05
1.58887e+00 1.87e-05
1.58913e+00 1.87e-05
1.58938e+00 1.87e-05
1.58964e+00 1.86e-05
1.58989e+00 1.86e-05
1.59015e+00 1.86e-05
1.59040e+00 1.86e-05
1.59066e+00 1.85e-05
1.59091e+00 1.85e-05
1.59117e+00 1.85e-05
1.59142e+00 1.85e-05
1.59168e+00 1.85e-05
1.59193e+00 1.84e-05
1.59219e+00 1.84e-05
1.59243e+00 1.84e-05
1.59270e+00 1.84e-05
1.59294e+00 1.83e-05
1.59321e+00 1.83e-05
1.59345e+00 1.83e-05
1.59371e+00 1.83e-05
1.59398e+00 1.83e-05
1.59422e+00 1.82e-05
1.59449e+00 1.82e-05
1.59473e+00 1.82e-05
1.59499e+00 1.82e-05
1.59524e+00 1.81e-05
1.59550e+00 1.81e-05
1.59574e+00 1.81e-05
1.59601e+00 1.81e-05
1.59627e+00 1.81e-05
1.59651e+00 1.80e-05
1.59678e+00 1.80e-05
1.59702e+00 1.80e-05
1.59728e+00 1.80e-05
1.59755e+00 1.79e-05
1.59779e+00 1.79e-05
1.59805e+00 1.79e-05
1.59830e+00 1.79e-05
1.59856e+00 1.79e-05
1.59882e+00 1.78e-05
1.59906e+00 1.78e-05
1.59933e+00 1.78e-05
1.59957e+00 1.78e-05
1.59983e+00 1.78e-05
1.60009e+00 1.77e-05
1.60034e+00 1.77e-05
1.60060e+00 1.77e-05
1.60086e+00 1.77e-05
1.60110e+00 1.76e-05
1.60137e+00 1.76e-05
1.60161e+00 1.76e-05
1.60187e+00 1.76e-05
1.60213e+00 1.76e-05
1.60237e+00 1.75e-05
1.60263e+00 1.75e-05
1.60290e+00 1.75e-05
1.60314e+00 1.75e-05
1.60340e+00 1.75e-05
1.60366e+00 1.74e-05
1.60390e+00 1.74e-05
1.60416e+00 1.74e-05
1.60443e+00 1.74e-05
1.60469e+00 1.73e-05
1.60493e+00 1.73e-05
1.60519e+00 1.73e-05
1.60545e+00 1.73e-05
1.60569e+00 1.73e-05
1.60595e+00 1.72e-05
1.60621e+00 1.72e-05
1.60645e+00 1.72e-05
1.60671e+00 1.72e-05
1.60697e+00 1.72e-05
1.60724e+00 1.71e-05
1.60748e+00 1.71e-05
1.60774e+00 1.71e-05
1.60800e+00 1.71e-05
1.60826e+00 1.71e-05
1.60850e+00 1.70e-05
1.60876e+00 1.70e-05
1.60902e+00 1.70e-05
1.60928e+00 1.70e-05
1.60952e+00 1.70e-05
1.60978e+00 1.69e-05
1.61004e+00 1.69e-05
1.61030e+00 1.69e-05
1.61054e+00 1.69e-05
1.61080e+00 1.69e-05
1.61106e+00 1.68e-05
1.61132e+00 1.68e-05
1.61156e+00 1.68e-05
1.61182e+00 1.68e-05
1.61207e+00 1.67e-05
1.61233e+00 1.67e-05
1.61259e+00 1.67e-05
1.61283e+00 1.67e-05
1.61309e+00 1.67e-05
1.61335e+00 1.66e-05
1.61361e+00 1.66e-05
1.61387e+00 1.66e-05
1.61413e+00 1.66e-05
1.61437e+00 1.66e-05
1.61462e+00 1.65e-05
1.61488e+00 1.65e-05
1.61514e+00 1.65e-05
1.61540e+00 1.65e-05
1.61566e+00 1.65e-05
1.61590e+00 1.64e-05
1.61616e+00 1.64e-05
1.61641e+00 1.64e-05
1.61667e+00 1.64e-05
1.61693e+00 1.64e-05
1.61719e+00 1.63e-05
1.61745e+00 1.63e-05
1.61768e+00 1.63e-05
1.61794e+00 1.63e-05
1.61820e+00 1.63e-05
1.61846e+00 1.62e-05
1.61871e+00 1.62e-05
1.61897e+00 1.62e-05
1.61923e+00 1.62e-05
1.61949e+00 1.62e-05
1.61974e+00 1.62e-05
1.61998e+00 1.61e-05
1.62024e+00 1.61e-05
1.62050e+00 1.61e-05
1.62075e+00 1.61e-05
1.62101e+00 1.61e-05
1.62127e+00 1.60e-05
1.62152e+00 1.60e-05
1.62178e+00 1.60e-05
1.62204e+00 1.60e-05
1.62229e+00 1.60e-05
1.62255e+00 1.59e-05
1.62281e+00 1.59e-05
1.62306e+00 1.59e-05
1.62332e+00 1.59e-05
1.62358e+00 1.59e-05
1.62383e+00 1.58e-05
1.62409e+00 1.58e-05
1.62433e+00 1.58e-05
1.62458e+00 1.58e-05
1.62484e+00 1.58e-05
1.62509e+00 1.57e-05
1.62535e+00 1.57e-05
1.62561e+00 1.57e-05
1.62586e+00 1.57e-05
1.62612e+00 1.57e-05
1.62637e+00 1.57e-05
1.62663e+00 1.56e-05
1.62688e+00 1.56e-05
1.62714e+00 1.56e-05
1.62740e+00 1.56e-05
1.62765e+00 1.56e-05
1.62793e+00 1.55e-05
1.62818e+00 1.55e-05
1.62844e+00 1.55e-05
1.62869e+00 1.55e-05
1.62895e+00 1.55e-05
1.62920e+00 1.54e-05
1.62946e+00 1.54e-05
1.62971e+00 1.54e-05
1.62997e+00 1.54e-05
1.63022e+00 1.54e-05
1.63048e+00 1.54e-05
1.63073e+00 1.53e-05
1.63098e+00 1.53e-05
1.63124e+00 1.53e-05
1.63149e+00 1.53e-05
1.63175e+00 1.53e-05
1.63202e+00 1.52e-05
1.63228e+00 1.52e-05
1.63253e+00 1.52e-05
1.63278e+00 1.52e-05
1.63304e+00 1.52e-05
1.63329e+00 1.51e-05
1.63354e+00 1.51e-05
1.63380e+00 1.51e-05
1.63405e+00 1.51e-05
1.63433e+00 1.51e-05
1.63458e+00 1.51e-05
1.63483e+00 1.50e-05
1.63509e+00 1.50e-05
1.63534e+00 1.50e-05
1.63559e+00 1.50e-05
1.63585e+00 1.50e-05
1.63612e+00 1.49e-05
1.63637e+00 1.49e-05
1.63662e+00 1.49e-05
1.63688e+00 1.49e-05
1.63713e+00 1.49e-05
1.63738e+00 1.49e-05
1.63766e+00 1.48e-05
1.63791e+00 1.48e-05
1.63816e+00 1.48e-05
1.63841e+00 1.48e-05
1.63867e+00 1.48e-05
1.63894e+00 1.48e-05
1.63919e+00 1.47e-05
1.63944e+00 1.47e-05
1.63970e+00 1.47e-05
1.63995e+00 1.47e-05
1.64022e+00 1.47e-05
1.64047e+00 1.46e-05
1.64072e+00 1.46e-05
1.64098e+00 1.46e-05
1.64125e+00 1.46e-05
1.64150e+00 1.46e-05
1.64175e+00 1.46e-05
1.64200e+00 1.45e-05
1.64227e+00 1.45e-05
1.64252e+00 1.45e-05
1.64278e+00 1.45e-05
1.64303e+00 1.45e-05
1.64330e+00 1.44e-05
1.64355e+00 1.44e-05
1.64380e+00 1.44e-05
1.64405e+00 1.44e-05
1.64432e+00 1.44e-05
1.64457e+00 1.44e-05
1.64482e+00 1.43e-05
1.64509e+00 1.43e-05
1.64535e+00 1.43e-05
1.64560e+00 1.43e-05
1.64587e+00 1.43e-05
1.64612e+00 1.43e-05
1.64637e+00 1.42e-05
1.64664e+00 1.42e-05
1.64689e+00 1.42e-05
1.64714e+00 1.42e-05
1.64741e+00 1.42e-05
1.64766e+00 1.42e-05
1.64791e+00 1.41e-05
1.64818e+00 1.41e-05
1.64843e+00 1.41e-05
1.64868e+00 1.41e-05
1.64895e+00 1.41e-05
1.64920e+00 1.41e-05
1.64947e+00 1.40e-05
1.64972e+00 1.40e-05
1.64997e+00 1.40e-05
1.65023e+00 1.40e-05
1.65048e+00 1.40e-05
1.65075e+00 1.39e-05
1.65100e+00 1.39e-05
1.65125e+00 1.39e-05
1.65152e+00 1.39e-05
1.65177e+00 1.39e-05
1.65204e+00 1.39e-05
1.65229e+00 1.38e-05
1.65254e+00 1.38e-05
1.65280e+00 1.38e-05
1.65305e+00 1.38e-05
1.65332e+00 1.38e-05
1.65357e+00 1.38e-05
1.65384e+00 1.37e-05
1.65409e+00 1.37e-05
1.65435e+00 1.37e-05
1.65460e+00 1.37e-05
1.65487e+00 1.37e-05
1.65512e+00 1.37e-05
1.65539e+00 1.36e-05
1.65563e+00 1.36e-05
1.65590e+00 1.36e-05
1.65615e+00 1.36e-05
1.65642e+00 1.36e-05
1.65666e+00 1.36e-05
1.65693e+00 1.35e-05
1.65718e+00 1.35e-05
1.65745e+00 1.35e-05
1.65769e+00 1.35e-05
1.65796e+00 1.35e-05
1.65821e+00 1.35e-05
1.65848e+00 1.34e-05
1.65872e+00 1.34e-05
1.65899e+00 1.34e-05
1.65924e+00 1.34e-05
1.65950e+00 1.34e-05
1.65975e+00 1.34e-05
1.66002e+00 1.33e-05
1.66028e+00 1.33e-05
1.66053e+00 1.33e-05
1.66080e+00 1.33e-05
1.66104e+00 1.33e-05
1.66131e+00 1.33e-05
1.66157e+00 1.33e-05
1.66182e+00 1.32e-05
1.66209e+00 1.32e-05
1.66233e+00 1.32e-05
1.66260e+00 1.32e-05
1.66286e+00 1.32e-05
1.66311e+00 1.32e-05
1.66338e+00 1.31e-05
1.66362e+00 1.31e-05
1.66389e+00 1.31e-05
1.66415e+00 1.31e-05
1.66440e+00 1.31e-05
1.66466e+00 1.31e-05
1.66493e+00 1.31e-05
1.66518e+00 1.30e-05
1.66544e+00 1.30e-05
1.66570e+00 1.30e-05
1.66595e+00 1.30e-05
1.66622e+00 1.30e-05
1.66648e+00 1.30e-05
1.66673e+00 1.29e-05
1.66699e+00 1.29e-05
1.66725e+00 1.29e-05
1.66752e+00 1.29e-05
1.66776e+00 1.29e-05
1.66803e+00 1.29e-05
1.66829e+00 1.28e-05
1.66854e+00 1.28e-05
1.66880e+00 1.28e-05
1.66906e+00 1.28e-05
1.66933e+00 1.28e-05
1.66957e+00 1.28e-05
1.66984e+00 1.28e-05
1.67010e+00 1.27e-05
1.67036e+00 1.27e-05
1.67061e+00 1.27e-05
1.67087e+00 1.27e-05
1.67113e+00 1.27e-05
1.67140e+00 1.27e-05
1.67166e+00 1.27e-05
1.67191e+00 1.26e-05
1.67217e+00 1.26e-05
1.67243e+00 1.26e-05
1.67269e+00 1.26e-05
1.67296e+00 1.26e-05
1.67320e+00 1.26e-05
1.67346e+00 1.25e-05
1.67373e+00 1.25e-05
1.67399e+00 1.25e-05
1.67425e+00 1.25e-05
1.67450e+00 1.25e-05
1.67476e+00 1.25e-05
1.67502e+00 1.25e-05
1.67528e+00 1.24e-05
1.67554e+00 1.24e-05
1.67581e+00 1.24e-05
1.67607e+00 1.24e-05
1.67633e+00 1.24e-05
1.67657e+00 1.24e-05
1.67683e+00 1.24e-05
1.67710e+00 1.23e-05
1.67736e+00 1.23e-05
1.67762e+00 1.23e-05
1.67788e+00 1.23e-05
1.67814e+00 1.23e-05
1.67840e+00 1.23e-05
1.67867e+00 1.23e-05
1.67893e+00 1.22e-05
1.67917e+00 1.22e-05
1.67943e+00 1.22e-05
1.67969e+00 1.22e-05
1.67995e+00 1.22e-05
1.68021e+00 1.22e-05
1.68047e+00 1.21e-05
1.68073e+00 1.21e-05
1.68100e+00 1.21e-05
1.68126e+00 1.21e-05
1.68152e+00 1.21e-05
1.68178e+00 1.21e-05
1.68204e+00 1.21e-05
1.68230e+00 1.20e-05
1.68256e+00 1.20e-05
1.68282e+00 1.20e-05
1.68308e+00 1.20e-05
1.68334e+00 1.20e-05
1.68360e+00 1.20e-05
1.68386e+00 1.20e-05
1.68412e+00 1.19e-05
1.68438e+00 1.19e-05
1.68464e+00 1.19e-05
1.68490e+00 1.19e-05
1.68516e+00 1.19e-05
1.68542e+00 1.19e-05
1.68570e+00 1.19e-05
1.68595e+00 1.19e-05
1.68621e+00 1.18e-05
1.68647e+00 1.18e-05
1.68673e+00 1.18e-05
1.68699e+00 1.18e-05
1.68725e+00 1.18e-05
1.68751e+00 1.18e-05
1.68777e+00 1.18e-05
1.68803e+00 1.17e-05
1.68829e+00 1.17e-05
1.68856e+00 1.17e-05
1.68882e+00 1.17e-05
1.68908e+00 1.17e-05
1.68934e+00 1.17e-05
1.68960e+00 1.17e-05
1.68986e+00 1.16e-05
1.69011e+00 1.16e-05
1.69039e+00 1.16e-05
1.69065e+00 1.16e-05
1.69091e+00 1.16e-05
1.69117e+00 1.16e-05
1.69142e+00 1.16e-05
1.69170e+00 1.15e-05
1.69196e+00 1.15e-05
1.69222e+00 1.15e-05
1.69247e+00 1.15e-05
1.69273e+00 1.15e-05
1.69301e+00 1.15e-05
1.69326e+00 1.15e-05
1.69352e+00 1.14e-05
1.69378e+00 1.14e-05
1.69405e+00 1.14e-05
1.69431e+00 1.14e-05
1.69457e+00 1.14e-05
1.69483e+00 1.14e-05
1.69510e+00 1.14e-05
1.69536e+00 1.14e-05
1.69562e+00 1.13e-05
1.69587e+00 1.13e-05
1.69615e+00 1.13e-05
1.69640e+00 1.13e-05
1.69666e+00 1.13e-05
1.69694e+00 1.13e-05
1.69719e+00 1.13e-05
1.69745e+00 1.12e-05
1.69771e+00 1.12e-05
1.69798e+00 1.12e-05
1.69824e+00 1.12e-05
1.69849e+00 1.12e-05
1.69877e+00 1.12e-05
1.69902e+00 1.12e-05
1.69930e+00 1.12e-05
1.69955e+00 1.11e-05
1.69981e+00 1.11e-05
1.70008e+00 1.11e-05
1.70034e+00 1.11e-05
1.70059e+00 1.11e-05
1.70087e+00 1.11e-05
1.70112e+00 1.11e-05
1.70140e+00 1.10e-05
1.70165e+00 1.10e-05
1.70191e+00 1.10e-05
1.70218e+00 1.10e-05
1.70244e+00 1.10e-05
1.70271e+00 1.10e-05
1.70296e+00 1.10e-05
1.70324e+00 1.10e-05
1.70349e+00 1.09e-05
1.70375e+00 1.09e-05
1.70402e+00 1.09e-05
1.70428e+00 1.09e-05
1.70455e+00 1.09e-05
1.70480e+00 1.09e-05
1.70508e+00 1.09e-05
1.70533e+00 1.09e-05
1.70560e+00 1.08e-05
1.70586e+00 1.08e-05
1.70613e+00 1.08e-05
1.70638e+00 1.08e-05
1.70666e+00 1.08e-05
1.70691e+00 1.08e-05
1.70718e+00 1.08e-05
1.70744e+00 1.08e-05
1.70771e+00 1.07e-05
1.70798e+00 1.07e-05
1.70823e+00 1.07e-05
1.70850e+00 1.07e-05
1.70876e+00 1.07e-05
1.70903e+00 1.07e-05
1.70928e+00 1.07e-05
1.70955e+00 1.07e-05
1.70983e+00 1.06e-05
1.71008e+00 1.06e-05
1.71035e+00 1.06e-05
1.71060e+00 1.06e-05
1.71087e+00 1.06e-05
1.71115e+00 1.06e-05
1.71140e+00 1.06e-05
1.71167e+00 1.06e-05
1.71194e+00 1.05e-05
1.71219e+00 1.05e-05
1.71246e+00 1.05e-05
1.71273e+00 1.05e-05
1.71299e+00 1.05e-05
1.71326e+00 1.05e-05
1.71353e+00 1.05e-05
1.71378e+00 1.05e-05
1.71405e+00 1.04e-05
1.71432e+00 1.04e-05
1.71457e+00 1.04e-05
1.71484e+00 1.04e-05
1.71511e+00 1.04e-05
1.71538e+00 1.04e-05
1.71563e+00 1.04e-05
1.71590e+00 1.04e-05
1.71617e+00 1.03e-05
1.71644e+00 1.03e-05
1.71669e+00 1.03e-05
1.71696e+00 1.03e-05
1.71723e+00 1.03e-05
1.71750e+00 1.03e-05
1.71775e+00 1.03e-05
1.71802e+00 1.03e-05
1.71829e+00 1.02e-05
1.71856e+00 1.02e-05
1.71883e+00 1.02e-05
1.71908e+00 1.02e-05
1.71935e+00 1.02e-05
1.71962e+00 1.02e-05
1.71989e+00 1.02e-05
1.72016e+00 1.02e-05
1.72042e+00 1.02e-05
1.72068e+00 1.01e-05
1.72094e+00 1.01e-05
1.72121e+00 1.01e-05
1.72148e+00 1.01e-05
1.72175e+00 1.01e-05
1.72202e+00 1.01e-05
1.72228e+00 1.01e-05
1.72255e+00 1.01e-05
1.72280e+00 1.00e-05
1.72307e+00 1.00e-05
1.72334e+00 1.00e-05
1.72361e+00 1.00e-05
1.72387e+00 1.00e-05
1.72414e+00 9.99e-06
1.72441e+00 9.98e-06
1.72468e+00 9.97e-06
1.72494e+00 9.95e-06
1.72521e+00 9.94e-06
1.72548e+00 9.93e-06
1.72574e+00 9.92e-06
1.72601e+00 9.91e-06
1.72628e+00 9.90e-06
1.72655e+00 9.88e-06
1.72681e+00 9.87e-06
1.72708e+00 9.86e-06
1.72735e+00 9.85e-06
1.72761e+00 9.84e-06
1.72788e+00 9.83e-06
1.72814e+00 9.82e-06
1.72841e+00 9.80e-06
1.72868e+00 9.79e-06
1.72894e+00 9.78e-06
1.72921e+00 9.77e-06
1.72948e+00 9.76e-06
1.72974e+00 9.75e-06
1.73001e+00 9.74e-06
1.73029e+00 9.72e-06
1.73056e+00 9.71e-06
1.73082e+00 9.70e-06
1.73109e+00 9.69e-06
1.73135e+00 9.68e-06
1.73162e+00 9.67e-06
1.73189e+00 9.66e-06
1.73215e+00 9.64e-06
1.73243e+00 9.63e-06
1.73270e+00 9.62e-06
1.73296e+00 9.61e-06
1.73323e+00 9.60e-06
1.73349e+00 9.59e-06
1.73376e+00 9.58e-06
1.73404e+00 9.57e-06
1.73431e+00 9.55e-06
1.73457e+00 9.54e-06
1.73484e+00 9.53e-06
1.73510e+00 9.52e-06
1.73538e+00 9.51e-06
1.73565e+00 9.50e-06
1.73591e+00 9.49e-06
1.73618e+00 9.48e-06
1.73646e+00 9.47e-06
1.73672e+00 9.45e-06
1.73699e+00 9.44e-06
1.73725e+00 9.43e-06
1.73753e+00 9.42e-06
1.73780e+00 9.41e-06
1.73806e+00 9.40e-06
1.73834e+00 9.39e-06
1.73860e+00 9.38e-06
1.73887e+00 9.37e-06
1.73915e+00 9.36e-06
1.73941e+00 9.35e-06
1.73968e+00 9.34e-06
1.73996e+00 9.33e-06
1.74022e+00 9.32e-06
1.74048e+00 9.30e-06
1.74076e+00 9.29e-06
1.74103e+00 9.28e-06
1.74131e+00 9.27e-06
1.74157e+00 9.26e-06
1.74183e+00 9.25e-06
1.74211e+00 9.24e-06
1.74238e+00 9.23e-06
1.74266e+00 9.22e-06
1.74292e+00 9.21e-06
1.74318e+00 9.20e-06
1.74346e+00 9.19e-06
1.74372e+00 9.18e-06
1.74400e+00 9.17e-06
1.74427e+00 9.16e-06
1.74455e+00 9.15e-06
1.74481e+00 9.14e-06
1.74509e+00 9.13e-06
1.74535e+00 9.12e-06
1.74563e+00 9.11e-06
1.74589e+00 9.10e-06
1.74617e+00 9.09e-06
1.74643e+00 9.08e-06
1.74671e+00 9.07e-06
1.74697e+00 9.06e-06
1.74725e+00 9.05e-06
1.74751e+00 9.04e-06
1.74779e+00 9.03e-06
1.74807e+00 9.01e-06
1.74833e+00 9.00e-06
1.74861e+00 8.99e-06
1.74887e+00 8.98e-06
1.74915e+00 8.97e-06
1.74943e+00 8.96e-06
1.74969e+00 8.95e-06
1.74996e+00 8.94e-06
1.75023e+00 8.93e-06
1.75050e+00 8.92e-06
1.75078e+00 8.91e-06
1.75104e+00 8.90e-06
1.75132e+00 8.89e-06
1.75160e+00 8.88e-06
1.75186e+00 8.87e-06
1.75213e+00 8.86e-06
1.75241e+00 8.85e-06
1.75267e+00 8.84e-06
1.75295e+00 8.83e-06
1.75323e+00 8.82e-06
1.75350e+00 8.82e-06
1.75376e+00 8.81e-06
1.75404e+00 8.80e-06
1.75432e+00 8.79e-06
1.75459e+00 8.78e-06
1.75485e+00 8.77e-06
1.75513e+00 8.76e-06
1.75541e+00 8.75e-06
1.75568e+00 8.74e-06
1.75596e+00 8.73e-06
1.75622e+00 8.72e-06
1.75649e+00 8.71e-06
1.75677e+00 8.70e-06
1.75705e+00 8.69e-06
1.75732e+00 8.68e-06
1.75758e+00 8.67e-06
1.75786e+00 8.66e-06
1.75813e+00 8.65e-06
1.75841e+00 8.64e-06
1.75869e+00 8.63e-06
1.75896e+00 8.62e-06
1.75924e+00 8.61e-06
1.75951e+00 8.60e-06
1.75979e+00 8.59e-06
1.76005e+00 8.58e-06
1.76032e+00 8.57e-06
1.76060e+00 8.56e-06
1.76087e+00 8.55e-06
1.76115e+00 8.54e-06
1.76142e+00 8.53e-06
1.76170e+00 8.52e-06
1.76197e+00 8.52e-06
1.76224e+00 8.51e-06
1.76252e+00 8.50e-06
1.76279e+00 8.49e-06
1.76307e+00 8.48e-06
1.76334e+00 8.47e-06
1.76362e+00 8.46e-06
1.76389e+00 8.45e-06
1.76417e+00 8.44e-06
1.76444e+00 8.43e-06
1.76471e+00 8.42e-06
1.76499e+00 8.41e-06
1.76526e+00 8.40e-06
1.76555e+00 8.39e-06
1.76583e+00 8.38e-06
1.76610e+00 8.37e-06
1.76637e+00 8.36e-06
1.76665e+00 8.36e-06
1.76692e+00 8.35e-06
1.76719e+00 8.34e-06
1.76747e+00 8.33e-06
1.76774e+00 8.32e-06
1.76803e+00 8.31e-06
1.76830e+00 8.30e-06
1.76858e+00 8.29e-06
1.76885e+00 8.28e-06
1.76912e+00 8.27e-06
1.76941e+00 8.26e-06
1.76968e+00 8.25e-06
1.76996e+00 8.25e-06
1.77023e+00 8.24e-06
1.77050e+00 8.23e-06
1.77079e+00 8.22e-06
1.77106e+00 8.21e-06
1.77134e+00 8.20e-06
1.77161e+00 8.19e-06
1.77190e+00 8.18e-06
1.77217e+00 8.17e-06
1.77244e+00 8.16e-06
1.77273e+00 8.15e-06
1.77300e+00 8.15e-06
1.77327e+00 8.14e-06
1.77356e+00 8.13e-06
1.77383e+00 8.12e-06
1.77410e+00 8.11e-06
1.77439e+00 8.10e-06
1.77466e+00 8.09e-06
1.77494e+00 8.08e-06
1.77522e+00 8.07e-06
1.77549e+00 8.06e-06
1.77578e+00 8.06e-06
1.77605e+00 8.05e-06
1.77632e+00 8.04e-06
1.77661e+00 8.03e-06
1.77688e+00 8.02e-06
1.77717e+00 8.01e-06
1.77744e+00 8.00e-06
1.77773e+00 7.99e-06
1.77800e+00 7.99e-06
1.77829e+00 7.98e-06
1.77856e+00 7.97e-06
1.77884e+00 7.96e-06
1.77911e+00 7.95e-06
1.77940e+00 7.94e-06
1.77967e+00 7.93e-06
1.77996e+00 7.93e-06
1.78023e+00 7.92e-06
1.78051e+00 7.91e-06
1.78078e+00 7.90e-06
1.78107e+00 7.89e-06
1.78136e+00 7.88e-06
1.78162e+00 7.87e-06
1.78191e+00 7.87e-06
1.78218e+00 7.86e-06
1.78247e+00 7.85e-06
1.78275e+00 7.84e-06
1.78302e+00 7.83e-06
1.78331e+00 7.82e-06
1.78359e+00 7.82e-06
1.78386e+00 7.81e-06
1.78415e+00 7.80e-06
1.78443e+00 7.79e-06
1.78470e+00 7.78e-06
1.78499e+00 7.77e-06
1.78527e+00 7.77e-06
1.78554e+00 7.76e-06
1.78583e+00 7.75e-06
1.78611e+00 7.74e-06
1.78640e+00 7.73e-06
1.78666e+00 7.72e-06
1.78695e+00 7.72e-06
1.78723e+00 7.71e-06
1.78752e+00 7.70e-06
1.78780e+00 7.69e-06
1.78807e+00 7.68e-06
1.78835e+00 7.67e-06
1.78864e+00 7.67e-06
1.78892e+00 7.66e-06
1.78921e+00 7.65e-06
1.78949e+00 7.64e-06
1.78976e+00 7.63e-06
1.79004e+00 7.63e-06
1.79033e+00 7.62e-06
1.79061e+00 7.61e-06
1.79089e+00 7.60e-06
1.79118e+00 7.59e-06
1.79146e+00 7.58e-06
1.79174e+00 7.58e-06
1.79203e+00 7.57e-06
1.79231e+00 7.56e-06
1.79259e+00 7.55e-06
1.79288e+00 7.54e-06
1.79316e+00 7.54e-06
1.79344e+00 7.53e-06
1.79372e+00 7.52e-06
1.79401e+00 7.51e-06
1.79429e+00 7.50e-06
1.79457e+00 7.50e-06
1.79485e+00 7.49e-06
1.79514e+00 7.48e-06
1.79542e+00 7.47e-06
1.79570e+00 7.47e-06
1.79598e+00 7.46e-06
1.79627e+00 7.45e-06
1.79655e+00 7.44e-06
1.79683e+00 7.43e-06
1.79711e+00 7.43e-06
1.79739e+00 7.42e-06
1.79769e+00 7.41e-06
1.79797e+00 7.40e-06
1.79825e+00 7.39e-06
1.79854e+00 7.39e-06
1.79882e+00 7.38e-06
1.79910e+00 7.37e-06
1.79940e+00 7.36e-06
1.79968e+00 7.36e-06
1.79996e+00 7.35e-06
1.80024e+00 7.34e-06
1.80054e+00 7.33e-06
1.80082e+00 7.32e-06
1.80110e+00 7.32e-06
1.80138e+00 7.31e-06
1.80168e+00 7.30e-06
1.80196e+00 7.29e-06
1.80224e+00 7.29e-06
1.80253e+00 7.28e-06
1.80281e+00 7.27e-06
1.80309e+00 7.26e-06
1.80339e+00 7.26e-06
1.80367e+00 7.25e-06
1.80395e+00 7.24e-06
1.80425e+00 7.23e-06
1.80453e+00 7.23e-06
1.80482e+00 7.22e-06
1.80510e+00 7.21e-06
1.80538e+00 7.20e-06
1.80568e+00 7.20e-06
1.80596e+00 7.19e-06
1.80625e+00 7.18e-06
1.80653e+00 7.17e-06
1.80683e+00 7.17e-06
1.80711e+00 7.16e-06
1.80740e+00 7.15e-06
1.80768e+00 7.14e-06
1.80798e+00 7.14e-06
1.80826e+00 7.13e-06
1.80855e+00 7.12e-06
1.80883e+00 7.11e-06
1.80912e+00 7.11e-06
1.80940e+00 7.10e-06
1.80970e+00 7.09e-06
1.80999e+00 7.09e-06
1.81027e+00 7.08e-06
1.81056e+00 7.07e-06
1.81084e+00 7.06e-06
1.81114e+00 7.06e-06
1.81143e+00 7.05e-06
1.81171e+00 7.04e-06
1.81200e+00 7.04e-06
1.81230e+00 7.03e-06
1.81257e+00 7.02e-06
1.81287e+00 7.01e-06
1.81316e+00 7.01e-06
1.81346e+00 7.00e-06
1.81373e+00 6.99e-06
1.81403e+00 6.99e-06
1.82407e+00 6.76e-06
1.83453e+00 6.53e-06
1.84484e+00 6.33e-06
1.85469e+00 6.15e-06
1.86220e+00 6.03e-06
1.87294e+00 5.86e-06
1.88098e+00 5.75e-06
1.89106e+00 5.63e-06
1.89967e+00 5.54e-06
1.91006e+00 5.45e-06
1.91932e+00 5.37e-06
1.92837e+00 5.32e-06
1.93688e+00 5.27e-06
1.94447e+00 5.24e-06
1.95145e+00 5.23e-06
1.96001e+00 5.22e-06
1.96834e+00 5.22e-06
1.97588e+00 5.23e-06
1.98162e+00 5.25e-06
1.98823e+00 5.27e-06
1.99373e+00 5.30e-06
1.99932e+00 5.34e-06
2.00457e+00 5.37e-06
2.00866e+00 5.41e-06
2.01195e+00 5.43e-06
2.01612e+00 5.47e-06
2.01820e+00 5.50e-06
2.02074e+00 5.53e-06
2.02286e+00 5.55e-06
2.02456e+00 5.57e-06
2.02586e+00 5.59e-06
2.02671e+00 5.60e-06
2.02757e+00 5.61e-06
2.02800e+00 5.62e-06
2.02844e+00 5.62e-06
2.02887e+00 5.63e-06
2.02929e+00 5.63e-06
2.02973e+00 5.64e-06
2.03016e+00 5.64e-06
2.03059e+00 5.65e-06
2.03104e+00 5.66e-06
2.03147e+00 5.66e-06
2.03190e+00 5.67e-06
2.03234e+00 5.67e-06
2.03278e+00 5.68e-06
2.03321e+00 5.69e-06
2.03365e+00 5.69e-06
2.03409e+00 5.70e-06
2.03452e+00 5.71e-06
2.03497e+00 5.71e-06
2.03541e+00 5.72e-06
2.03584e+00 5.73e-06
2.03629e+00 5.73e-06
2.03673e+00 5.74e-06
2.03717e+00 5.75e-06
2.03762e+00 5.75e-06
2.03806e+00 5.76e-06
2.03850e+00 5.77e-06
2.03895e+00 5.77e-06
2.03939e+00 5.78e-06
2.03983e+00 5.79e-06
2.04027e+00 5.80e-06
2.04071e+00 5.80e-06
2.04117e+00 5.81e-06
2.04161e+00 5.82e-06
2.04206e+00 5.82e-06
2.04251e+00 5.83e-06
2.04296e+00 5.84e-06
2.04340e+00 5.85e-06
2.04385e+00 5.85e-06
2.04431e+00 5.86e-06
2.04476e+00 5.87e-06
2.04521e+00 5.88e-06
2.04566e+00 5.89e-06
2.04612e+00 5.89e-06
2.04657e+00 5.90e-06
2.04702e+00 5.91e-06
2.04747e+00 5.92e-06
2.04793e+00 5.93e-06
2.04838e+00 5.93e-06
2.04884e+00 5.94e-06
2.04929e+00 5.95e-06
2.04976e+00 5.96e-06
2.05021e+00 5.97e-06
2.05067e+00 5.98e-06
2.05113e+00 5.99e-06
2.05158e+00 5.99e-06
2.05204e+00 6.00e-06
2.05251e+00 6.01e-06
2.05297e+00 6.02e-06
2.05343e+00 6.03e-06
2.05389e+00 6.04e-06
2.05435e+00 6.05e-06
2.05482e+00 6.06e-06
2.05528e+00 6.07e-06
2.05575e+00 6.08e-06
2.05621e+00 6.09e-06
2.05667e+00 6.10e-06
2.05714e+00 6.11e-06
2.05760e+00 6.12e-06
2.05808e+00 6.13e-06
2.05855e+00 6.14e-06
2.05902e+00 6.15e-06
2.05948e+00 6.16e-06
2.05995e+00 6.17e-06
2.06042e+00 6.18e-06
2.06090e+00 6.19e-06
2.06137e+00 6.20e-06
2.06184e+00 6.21e-06
2.06232e+00 6.22e-06
2.06279e+00 6.23e-06
2.06326e+00 6.24e-06
2.06374e+00 6.25e-06
2.06421e+00 6.26e-06
2.06470e+00 6.27e-06
2.06517e+00 6.28e-06
2.06565e+00 6.30e-06
2.06613e+00 6.31e-06
2.06661e+00 6.32e-06
2.06709e+00 6.33e-06
2.06757e+00 6.34e-06
2.06805e+00 6.35e-06
2.06853e+00 6.36e-06
2.06901e+00 6.38e-06
2.06949e+00 6.39e-06
2.06998e+00 6.40e-06
2.07046e+00 6.41e-06
2.07096e+00 6.43e-06
2.07143e+00 6.44e-06
2.07193e+00 6.45e-06
2.07242e+00 6.46e-06
2.07290e+00 6.48e-06
2.07339e+00 6.49e-06
2.07388e+00 6.50e-06
2.07437e+00 6.51e-06
2.07486e+00 6.53e-06
2.07536e+00 6.54e-06
2.07585e+00 6.55e-06
2.07634e+00 6.57e-06
2.07684e+00 6.58e-06
2.07733e+00 6.60e-06
2.07783e+00 6.61e-06
2.07832e+00 6.62e-06
2.07882e+00 6.64e-06
2.07932e+00 6.65e-06
2.07982e+00 6.67e-06
2.08032e+00 6.68e-06
2.08082e+00 6.70e-06
2.08131e+00 6.71e-06
2.08181e+00 6.72e-06
2.08231e+00 6.74e-06
2.08282e+00 6.75e-06
2.08332e+00 6.77e-06
2.08383e+00 6.79e-06
2.08433e+00 6.80e-06
2.08484e+00 6.82e-06
2.08535e+00 6.83e-06
2.08586e+00 6.85e-06
2.08636e+00 6.86e-06
2.08686e+00 6.88e-06
2.08738e+00 6.90e-06
2.08789e+00 6.91e-06
2.08840e+00 6.93e-06
2.08891e+00 6.95e-06
2.08943e+00 6.96e-06
2.08994e+00 6.98e-06
2.09046e+00 6.99e-06
2.09097e+00 7.01e-06
2.09149e+00 7.03e-06
2.09201e+00 7.05e-06
2.09253e+00 7.06e-06
2.09305e+00 7.08e-06
2.09357e+00 7.10e-06
2.09408e+00 7.12e-06
2.09460e+00 7.13e-06
2.09513e+00 7.15e-06
2.09565e+00 7.17e-06
2.09618e+00 7.19e-06
2.09670e+00 7.21e-06
2.09723e+00 7.23e-06
2.09775e+00 7.25e-06
2.09828e+00 7.27e-06
2.09882e+00 7.28e-06
2.09934e+00 7.30e-06
2.09987e+00 7.32e-06
2.10040e+00 7.34e-06
2.10093e+00 7.36e-06
2.10146e+00 7.38e-06
2.10200e+00 7.40e-06
2.10254e+00 7.42e-06
2.10307e+00 7.45e-06
2.10361e+00 7.47e-06
2.10415e+00 7.49e-06
2.10468e+00 7.51e-06
2.10522e+00 7.53e-06
2.10577e+00 7.55e-06
2.10630e+00 7.57e-06
2.10685e+00 7.59e-06
2.10738e+00 7.62e-06
2.10793e+00 7.64e-06
2.10848e+00 7.66e-06
2.10902e+00 7.68e-06
2.10957e+00 7.71e-06
2.11012e+00 7.73e-06
2.11066e+00 7.75e-06
2.11122e+00 7.78e-06
2.11176e+00 7.80e-06
2.11232e+00 7.82e-06
2.11288e+00 7.85e-06
2.11343e+00 7.87e-06
2.11399e+00 7.90e-06
2.11454e+00 7.92e-06
2.11510e+00 7.95e-06
2.11565e+00 7.97e-06
2.11621e+00 8.00e-06
2.11677e+00 8.02e-06
2.11734e+00 8.05e-06
2.11789e+00 8.07e-06
2.11846e+00 8.10e-06
2.11902e+00 8.13e-06
2.11959e+00 8.15e-06
2.12015e+00 8.18e-06
2.12073e+00 8.21e-06
2.12129e+00 8.24e-06
2.12187e+00 8.26e-06
2.12243e+00 8.29e-06
2.12300e+00 8.32e-06
2.12358e+00 8.35e-06
2.12415e+00 8.38e-06
2.12473e+00 8.41e-06
2.12530e+00 8.43e-06
2.12588e+00 8.46e-06
2.12646e+00 8.49e-06
2.12704e+00 8.52e-06
2.12761e+00 8.55e-06
2.12820e+00 8.58e-06
2.12878e+00 8.62e-06
2.12936e+00 8.65e-06
2.12996e+00 8.68e-06
2.13054e+00 8.71e-06
2.13113e+00 8.74e-06
2.13171e+00 8.77e-06
2.13231e+00 8.81e-06
2.13290e+00 8.84e-06
2.13349e+00 8.87e-06
2.13408e+00 8.91e-06
2.13468e+00 8.94e-06
2.13528e+00 8.97e-06
2.13587e+00 9.01e-06
2.13647e+00 9.04e-06
2.13707e+00 9.08e-06
2.13768e+00 9.11e-06
2.13828e+00 9.15e-06
2.13888e+00 9.19e-06
2.13948e+00 9.22e-06
2.14009e+00 9.26e-06
2.14070e+00 9.30e-06
2.14130e+00 9.33e-06
2.14191e+00 9.37e-06
2.14253e+00 9.41e-06
2.14314e+00 9.45e-06
2.14375e+00 9.49e-06
2.14437e+00 9.53e-06
2.14498e+00 9.57e-06
2.14560e+00 9.61e-06
2.14622e+00 9.65e-06
2.14684e+00 9.69e-06
2.14747e+00 9.73e-06
2.14809e+00 9.78e-06
2.14872e+00 9.82e-06
2.14934e+00 9.86e-06
2.14997e+00 9.90e-06
2.15060e+00 9.95e-06
2.15123e+00 9.99e-06
2.15187e+00 1.00e-05
2.15249e+00 1.01e-05
2.15313e+00 1.01e-05
2.15377e+00 1.02e-05
2.15441e+00 1.02e-05
2.15505e+00 1.03e-05
2.15568e+00 1.03e-05
2.15633e+00 1.04e-05
2.15697e+00 1.04e-05
2.15762e+00 1.05e-05
2.15826e+00 1.05e-05
2.15891e+00 1.06e-05
2.15957e+00 1.06e-05
2.16021e+00 1.07e-05
2.16087e+00 1.07e-05
2.16153e+00 1.08e-05
2.16218e+00 1.08e-05
2.16284e+00 1.09e-05
2.16350e+00 1.09e-05
2.16416e+00 1.10e-05
2.16483e+00 1.10e-05
2.16548e+00 1.11e-05
2.16616e+00 1.11e-05
2.16682e+00 1.12e-05
2.16749e+00 1.13e-05
2.16816e+00 1.13e-05
2.16884e+00 1.14e-05
2.16951e+00 1.14e-05
2.17018e+00 1.15e-05
2.17086e+00 1.16e-05
2.17154e+00 1.16e-05
2.17223e+00 1.17e-05
2.17291e+00 1.17e-05
2.17359e+00 1.18e-05
2.17427e+00 1.19e-05
2.17497e+00 1.19e-05
2.17566e+00 1.20e-05
2.17635e+00 1.21e-05
2.17704e+00 1.21e-05
2.17774e+00 1.22e-05
2.17844e+00 1.23e-05
2.17914e+00 1.23e-05
2.17984e+00 1.24e-05
2.18054e+00 1.25e-05
2.18125e+00 1.25e-05
2.18195e+00 1.26e-05
2.18266e+00 1.27e-05
2.18337e+00 1.28e-05
2.18408e+00 1.28e-05
2.18480e+00 1.29e-05
2.18552e+00 1.30e-05
2.18624e+00 1.31e-05
2.18696e+00 1.32e-05
2.18768e+00 1.32e-05
2.18841e+00 1.33e-05
2.18914e+00 1.34e-05
2.18986e+00 1.35e-05
2.19060e+00 1.36e-05
2.19133e+00 1.36e-05
2.19207e+00 1.37e-05
2.19280e+00 1.38e-05
2.19354e+00 1.39e-05
2.19429e+00 1.40e-05
2.19503e+00 1.41e-05
2.19578e+00 1.42e-05
2.19652e+00 1.43e-05
2.19728e+00 1.44e-05
2.19804e+00 1.45e-05
2.19879e+00 1.46e-05
2.19954e+00 1.47e-05
2.20031e+00 1.48e-05
2.20107e+00 1.49e-05
2.20184e+00 1.50e-05
2.20260e+00 1.51e-05
2.20337e+00 1.52e-05
2.20415e+00 1.53e-05
2.20492e+00 1.54e-05
2.20569e+00 1.55e-05
2.20647e+00 1.56e-05
2.20725e+00 1.57e-05
2.20804e+00 1.58e-05
2.20882e+00 1.59e-05
2.20961e+00 1.61e-05
2.21040e+00 1.62e-05
2.21120e+00 1.63e-05
2.21200e+00 1.64e-05
2.21280e+00 1.65e-05
2.21360e+00 1.67e-05
2.21441e+00 1.68e-05
2.21522e+00 1.69e-05
2.21602e+00 1.70e-05
2.21684e+00 1.72e-05
2.21766e+00 1.73e-05
2.21847e+00 1.75e-05
2.21930e+00 1.76e-05
2.22013e+00 1.77e-05
2.22095e+00 1.79e-05
2.22178e+00 1.80e-05
2.22261e+00 1.82e-05
2.22346e+00 1.83e-05
2.22429e+00 1.85e-05
2.22513e+00 1.86e-05
2.22597e+00 1.88e-05
2.22683e+00 1.89e-05
2.22768e+00 1.91e-05
2.22853e+00 1.93e-05
2.22939e+00 1.94e-05
2.23025e+00 1.96e-05
2.23111e+00 1.98e-05
2.23198e+00 1.99e-05
2.23285e+00 2.01e-05
2.23373e+00 2.03e-05
2.23461e+00 2.05e-05
2.23548e+00 2.07e-05
2.23637e+00 2.09e-05
2.23726e+00 2.11e-05
2.23815e+00 2.12e-05
2.23904e+00 2.14e-05
2.23994e+00 2.16e-05
2.24084e+00 2.19e-05
2.24175e+00 2.21e-05
2.24265e+00 2.23e-05
2.24357e+00 2.25e-05
2.24449e+00 2.27e-05
2.24540e+00 2.29e-05
2.24633e+00 2.32e-05
2.24725e+00 2.34e-05
2.24818e+00 2.36e-05
2.24912e+00 2.39e-05
2.25006e+00 2.41e-05
2.25101e+00 2.44e-05
2.25195e+00 2.46e-05
2.25290e+00 2.49e-05
2.25386e+00 2.52e-05
2.25482e+00 2.54e-05
2.25578e+00 2.57e-05
2.25675e+00 2.60e-05
2.25772e+00 2.63e-05
2.25870e+00 2.66e-05
2.25968e+00 2.69e-05
2.26067e+00 2.72e-05
2.26166e+00 2.75e-05
2.26265e+00 2.78e-05
2.26365e+00 2.81e-05
2.26465e+00 2.84e-05
2.26566e+00 2.88e-05
2.26667e+00 2.91e-05
2.26769e+00 2.95e-05
2.26871e+00 2.98e-05
2.26974e+00 3.02e-05
2.27077e+00 3.06e-05
2.27181e+00 3.09e-05
2.27285e+00 3.13e-05
2.27390e+00 3.17e-05
2.27496e+00 3.21e-05
2.27602e+00 3.25e-05
2.27707e+00 3.30e-05
2.27814e+00 3.34e-05
2.27921e+00 3.38e-05
2.28030e+00 3.43e-05
2.28138e+00 3.48e-05
2.28247e+00 3.52e-05
2.28358e+00 3.57e-05
2.28468e+00 3.62e-05
2.28578e+00 3.67e-05
2.28690e+00 3.73e-05
2.28802e+00 3.78e-05
2.28915e+00 3.83e-05
2.29028e+00 3.89e-05
2.29141e+00 3.95e-05
2.29257e+00 4.01e-05
2.29372e+00 4.07e-05
2.29488e+00 4.13e-05
2.29604e+00 4.19e-05
2.29721e+00 4.26e-05
2.29839e+00 4.32e-05
2.29958e+00 4.39e-05
2.30077e+00 4.46e-05
2.30197e+00 4.54e-05
2.30318e+00 4.61e-05
2.30438e+00 4.69e-05
2.30558e+00 4.77e-05
2.30688e+00 4.85e-05
2.30807e+00 4.93e-05
2.30936e+00 5.02e-05
2.31055e+00 5.11e-05
2.31184e+00 5.20e-05
2.31313e+00 5.30e-05
2.31441e+00 5.39e-05
2.31570e+00 5.49e-05
2.31698e+00 5.60e-05
2.31826e+00 5.70e-05
2.31954e+00 5.81e-05
2.32092e+00 5.93e-05
2.32219e+00 6.05e-05
2.32356e+00 6.17e-05
2.32493e+00 6.29e-05
2.32630e+00 6.42e-05
2.32767e+00 6.56e-05
2.32903e+00 6.70e-05
2.33039e+00 6.84e-05
2.33185e+00 6.99e-05
2.33321e+00 7.15e-05
2.33466e+00 7.31e-05
2.33612e+00 7.48e-05
2.33747e+00 7.65e-05
2.33901e+00 7.83e-05
2.34046e+00 8.02e-05
2.34190e+00 8.22e-05
2.34344e+00 8.42e-05
2.34411e+00 8.53e-05
2.34564e+00 8.74e-05
2.34718e+00 8.97e-05
2.34871e+00 9.20e-05
2.35023e+00 9.45e-05
2.35176e+00 9.71e-05
2.35337e+00 9.98e-05
2.35499e+00 1.03e-04
2.35650e+00 1.06e-04
2.35811e+00 1.09e-04
2.35982e+00 1.12e-04
2.36142e+00 1.15e-04
2.36312e+00 1.19e-04
2.36471e+00 1.23e-04
2.36640e+00 1.27e-04
2.36819e+00 1.31e-04
2.36987e+00 1.35e-04
2.37164e+00 1.40e-04
2.37332e+00 1.45e-04
2.37425e+00 1.47e-04
2.37518e+00 1.50e-04
2.37602e+00 1.52e-04
2.37695e+00 1.55e-04
2.37788e+00 1.58e-04
2.37871e+00 1.61e-04
2.37964e+00 1.64e-04
2.38056e+00 1.67e-04
2.38241e+00 1.74e-04
2.38334e+00 1.77e-04
2.38426e+00 1.81e-04
2.38527e+00 1.84e-04
2.38619e+00 1.88e-04
2.38711e+00 1.92e-04
2.38812e+00 1.96e-04
2.38904e+00 2.00e-04
2.39005e+00 2.05e-04
2.39096e+00 2.09e-04
2.39197e+00 2.14e-04
2.39297e+00 2.18e-04
2.39398e+00 2.23e-04
2.39498e+00 2.28e-04
2.39598e+00 2.34e-04
2.39699e+00 2.39e-04
2.39799e+00 2.45e-04
2.39899e+00 2.51e-04
2.40007e+00 2.57e-04
2.40107e+00 2.64e-04
2.40216e+00 2.70e-04
2.40315e+00 2.77e-04
2.40424e+00 2.85e-04
2.40532e+00 2.92e-04
2.40640e+00 3.00e-04
2.40740e+00 3.08e-04
2.40848e+00 3.17e-04
2.40964e+00 3.26e-04
2.41072e+00 3.35e-04
2.41180e+00 3.45e-04
2.41296e+00 3.56e-04
2.41404e+00 3.66e-04
2.41520e+00 3.78e-04
2.41627e+00 3.90e-04
2.41743e+00 4.02e-04
2.41859e+00 4.15e-04
2.41975e+00 4.29e-04
2.42090e+00 4.44e-04
2.42214e+00 4.59e-04
2.42330e+00 4.76e-04
2.42454e+00 4.93e-04
2.42569e+00 5.11e-04
2.42692e+00 5.30e-04
2.42816e+00 5.51e-04
2.42939e+00 5.72e-04
2.43063e+00 5.95e-04
2.43186e+00 6.20e-04
2.43317e+00 6.46e-04
2.43440e+00 6.74e-04
2.43572e+00 7.04e-04
2.43694e+00 7.36e-04
2.43825e+00 7.70e-04
2.43956e+00 8.07e-04
2.44095e+00 8.46e-04
2.44226e+00 8.89e-04
2.44365e+00 9.34e-04
2.44495e+00 9.84e-04
2.44634e+00 1.04e-03
2.44772e+00 1.10e-03
2.44911e+00 1.16e-03
2.45057e+00 1.23e-03
2.45195e+00 1.31e-03
2.45342e+00 1.39e-03
2.45488e+00 1.48e-03
2.45634e+00 1.58e-03
2.45779e+00 1.70e-03
2.45933e+00 1.82e-03
2.46087e+00 1.96e-03
2.46241e+00 2.12e-03
2.46394e+00 2.30e-03
2.46547e+00 2.50e-03
2.46708e+00 2.73e-03
2.46861e+00 2.99e-03
2.47022e+00 3.29e-03
2.47191e+00 3.63e-03
2.47351e+00 4.03e-03
2.47519e+00 4.50e-03
2.47687e+00 5.05e-03
2.47855e+00 5.72e-03
2.48031e+00 6.52e-03
2.48207e+00 7.51e-03
2.48382e+00 8.74e-03
2.48566e+00 1.03e-02
2.48740e+00 1.21e-02
2.48923e+00 1.42e-02
2.49114e+00 1.70e-02
2.49304e+00 2.07e-02
2.49494e+00 2.58e-02
2.49684e+00 3.31e-02
2.49881e+00 5.33e-02
2.50078e+00 9.82e-02
2.50487e+00 3.04e-01
2.50699e+00 5.24e-01
2.50911e+00 1.15e+00
2.51122e+00 3.17e+00
2.51341e+00 1.26e+01
2.51568e+00 2.09e+00
2.51786e+00 7.40e-01
2.52019e+00 3.65e-01
2.52252e+00 2.22e-01
2.52493e+00 1.18e-01
2.52733e+00 7.15e-02
2.52980e+00 5.65e-02
2.53227e+00 5.16e-02
2.53481e+00 4.92e-02
2.53742e+00 4.83e-02
2.54010e+00 4.84e-02
2.54286e+00 4.93e-02
2.54561e+00 5.09e-02
2.54843e+00 5.33e-02
2.55132e+00 5.62e-02
2.55428e+00 5.98e-02
2.55730e+00 6.41e-02
2.56048e+00 6.92e-02
2.56364e+00 7.53e-02
2.56695e+00 8.26e-02
2.57024e+00 9.15e-02
2.57376e+00 1.02e-01
2.57726e+00 1.16e-01
2.58097e+00 1.36e-01
2.58475e+00 1.72e-01
2.58867e+00 2.65e-01
2.59264e+00 3.24e-01
2.59682e+00 3.48e-01
2.60113e+00 3.65e-01
2.60565e+00 3.54e-01
2.61029e+00 2.79e-01
2.61513e+00 2.73e-01
2.62024e+00 2.85e-01
2.62554e+00 2.94e-01
2.63110e+00 2.85e-01
2.63698e+00 2.77e-01
2.64319e+00 2.72e-01
2.64971e+00 2.68e-01
2.66410e+00 2.62e-01
2.67215e+00 2.58e-01
2.68082e+00 2.55e-01
2.69029e+00 2.51e-01
2.70069e+00 2.47e-01
2.71231e+00 2.42e-01
2.74065e+00 2.31e-01
2.75874e+00 2.24e-01
2.78130e+00 2.16e-01
2.81151e+00 2.05e-01
2.85859e+00 1.89e-01
2.99573e+00 1.48e-01
