# OPACITY Project tables
-2.61515e+00 2.26e-02
-2.27341e+00 7.48e-03
-2.07433e+00 3.92e-03
-1.93351e+00 2.48e-03
-1.82455e+00 1.74e-03
-1.73574e+00 1.30e-03
-1.66078e+00 1.02e-03
-1.59603e+00 8.26e-04
-1.53898e+00 6.85e-04
-1.48802e+00 5.80e-04
-1.44198e+00 4.99e-04
-1.40003e+00 4.35e-04
-1.36148e+00 3.84e-04
-1.32584e+00 3.41e-04
-1.29269e+00 3.06e-04
-1.26174e+00 2.77e-04
-1.23268e+00 2.51e-04
-1.20531e+00 2.30e-04
-1.17944e+00 2.11e-04
-1.15493e+00 1.95e-04
-1.13165e+00 1.80e-04
-1.10945e+00 1.68e-04
-1.08827e+00 1.56e-04
-1.06799e+00 1.46e-04
-1.04857e+00 1.37e-04
-1.02994e+00 1.29e-04
-1.01200e+00 1.22e-04
-9.94739e-01 1.15e-04
-9.78086e-01 1.09e-04
-9.62021e-01 1.03e-04
-9.46492e-01 9.81e-05
-9.31455e-01 9.34e-05
-9.16916e-01 8.90e-05
-9.02807e-01 8.50e-05
-8.89113e-01 8.12e-05
-8.75797e-01 7.77e-05
-8.62868e-01 7.45e-05
-8.50292e-01 7.15e-05
-8.38057e-01 6.87e-05
-8.26130e-01 6.60e-05
-8.14502e-01 6.35e-05
-8.03185e-01 6.12e-05
-7.92106e-01 5.90e-05
-7.81301e-01 5.69e-05
-7.70741e-01 5.50e-05
-7.60420e-01 5.31e-05
-7.50331e-01 5.14e-05
-7.40469e-01 4.98e-05
-7.30787e-01 4.82e-05
-7.21320e-01 4.67e-05
-7.12045e-01 4.53e-05
-7.02955e-01 4.40e-05
-6.94048e-01 4.27e-05
-6.85298e-01 4.15e-05
-6.76723e-01 4.03e-05
-6.68298e-01 3.92e-05
-6.60041e-01 3.81e-05
-6.51909e-01 3.71e-05
-6.43938e-01 3.62e-05
-6.36087e-01 3.52e-05
-6.28390e-01 3.44e-05
-6.20808e-01 3.35e-05
-6.06016e-01 3.19e-05
-5.91692e-01 3.04e-05
-5.77803e-01 2.91e-05
-5.64314e-01 2.78e-05
-5.51231e-01 2.66e-05
-5.38505e-01 2.55e-05
-5.26142e-01 2.45e-05
-5.14098e-01 2.35e-05
-5.02362e-01 2.26e-05
-4.90925e-01 2.18e-05
-4.79779e-01 2.10e-05
-4.68884e-01 2.03e-05
-4.58265e-01 1.96e-05
-4.47882e-01 1.89e-05
-4.37730e-01 1.83e-05
-4.27803e-01 1.77e-05
-4.18095e-01 1.71e-05
-4.08585e-01 1.66e-05
-3.99284e-01 1.61e-05
-3.90158e-01 1.56e-05
-3.81216e-01 1.52e-05
-3.72456e-01 1.47e-05
-3.63858e-01 1.43e-05
-3.55419e-01 1.39e-05
-3.47135e-01 1.35e-05
-3.39003e-01 1.32e-05
-3.31021e-01 1.28e-05
-3.23185e-01 1.25e-05
-3.15464e-01 1.22e-05
-3.07885e-01 1.19e-05
-3.00430e-01 1.16e-05
-2.93097e-01 1.13e-05
-2.85884e-01 1.11e-05
-2.78788e-01 1.08e-05
-2.71796e-01 1.06e-05
-2.64917e-01 1.03e-05
-2.58149e-01 1.01e-05
-2.51466e-01 9.86e-06
-2.44891e-01 9.65e-06
-2.38409e-01 9.45e-06
-2.32020e-01 9.25e-06
-2.25722e-01 9.06e-06
-2.19513e-01 8.87e-06
-2.13391e-01 8.69e-06
-2.07344e-01 8.52e-06
-2.01382e-01 8.35e-06
-1.95504e-01 8.19e-06
-1.89697e-01 8.04e-06
-1.83971e-01 7.88e-06
-1.78314e-01 7.74e-06
-1.72724e-01 7.60e-06
-1.67200e-01 7.46e-06
-1.61755e-01 7.32e-06
-1.56373e-01 7.20e-06
-1.51044e-01 7.07e-06
-1.45789e-01 6.95e-06
-1.40596e-01 6.83e-06
-1.35453e-01 6.71e-06
-1.30382e-01 6.60e-06
-1.25359e-01 6.49e-06
-1.20395e-01 6.39e-06
-1.15489e-01 6.28e-06
-1.10630e-01 6.18e-06
-1.05827e-01 6.08e-06
-1.01070e-01 5.99e-06
-9.63788e-02 5.90e-06
-9.17206e-02 5.81e-06
-8.71168e-02 5.72e-06
-8.25559e-02 5.63e-06
-7.80480e-02 5.55e-06
-7.35820e-02 5.47e-06
-6.91679e-02 5.39e-06
-6.47839e-02 5.31e-06
-6.04509e-02 5.23e-06
-5.61577e-02 5.16e-06
-5.19040e-02 5.09e-06
-4.76998e-02 5.02e-06
-4.35236e-02 4.95e-06
-3.93959e-02 4.88e-06
-3.52956e-02 4.82e-06
-3.12430e-02 4.75e-06
-2.72170e-02 4.69e-06
-2.32379e-02 4.63e-06
-1.92848e-02 4.57e-06
-1.53675e-02 4.51e-06
-1.14958e-02 4.45e-06
-7.64918e-03 4.39e-06
-3.83735e-03 4.34e-06
-5.00013e-05 4.28e-06
3.69317e-03 4.23e-06
7.37275e-03 4.18e-06
1.11377e-02 4.13e-06
1.47901e-02 4.08e-06
1.84291e-02 4.03e-06
2.19572e-02 3.98e-06
2.55703e-02 3.94e-06
2.90732e-02 3.89e-06
3.25640e-02 3.85e-06
3.60426e-02 3.80e-06
3.95091e-02 3.76e-06
4.29637e-02 3.72e-06
4.64064e-02 3.67e-06
4.97421e-02 3.63e-06
5.30667e-02 3.59e-06
5.64748e-02 3.55e-06
5.97772e-02 3.51e-06
6.29748e-02 3.48e-06
6.62558e-02 3.44e-06
6.95261e-02 3.40e-06
7.26927e-02 3.37e-06
7.58493e-02 3.33e-06
7.90884e-02 3.30e-06
8.22249e-02 3.26e-06
8.52598e-02 3.23e-06
8.83771e-02 3.20e-06
9.14847e-02 3.16e-06
9.44917e-02 3.13e-06
9.75803e-02 3.10e-06
1.00569e-01 3.07e-06
1.03549e-01 3.04e-06
1.06520e-01 3.01e-06
1.09482e-01 2.98e-06
1.12435e-01 2.95e-06
1.15291e-01 2.92e-06
1.18227e-01 2.90e-06
1.21067e-01 2.87e-06
1.23898e-01 2.84e-06
1.26809e-01 2.81e-06
1.29624e-01 2.79e-06
1.32431e-01 2.76e-06
1.35143e-01 2.74e-06
1.37934e-01 2.71e-06
1.40718e-01 2.69e-06
1.43407e-01 2.66e-06
1.46176e-01 2.64e-06
1.48851e-01 2.62e-06
1.51519e-01 2.59e-06
1.54179e-01 2.57e-06
1.56833e-01 2.55e-06
1.59479e-01 2.53e-06
1.62119e-01 2.50e-06
1.64751e-01 2.48e-06
1.67293e-01 2.46e-06
1.69912e-01 2.44e-06
1.72440e-01 2.42e-06
1.74961e-01 2.40e-06
1.77477e-01 2.38e-06
1.80069e-01 2.36e-06
1.82572e-01 2.34e-06
1.84985e-01 2.32e-06
1.87475e-01 2.30e-06
1.89959e-01 2.28e-06
1.92437e-01 2.27e-06
1.94826e-01 2.25e-06
1.97292e-01 2.23e-06
1.99670e-01 2.21e-06
2.02042e-01 2.19e-06
2.04409e-01 2.18e-06
2.06770e-01 2.16e-06
2.09126e-01 2.14e-06
2.11476e-01 2.13e-06
2.13820e-01 2.11e-06
2.16159e-01 2.09e-06
2.18493e-01 2.08e-06
2.20741e-01 2.06e-06
2.23064e-01 2.05e-06
2.25301e-01 2.03e-06
2.27614e-01 2.02e-06
2.29841e-01 2.00e-06
2.32064e-01 1.99e-06
2.34281e-01 1.97e-06
2.36494e-01 1.96e-06
2.38702e-01 1.94e-06
2.40905e-01 1.93e-06
2.43103e-01 1.92e-06
2.45296e-01 1.90e-06
2.47407e-01 1.89e-06
2.49591e-01 1.88e-06
2.51692e-01 1.86e-06
2.53867e-01 1.85e-06
2.55959e-01 1.84e-06
2.58047e-01 1.82e-06
2.60208e-01 1.81e-06
2.62287e-01 1.80e-06
2.64362e-01 1.79e-06
2.66433e-01 1.77e-06
2.68499e-01 1.76e-06
2.70561e-01 1.75e-06
2.72619e-01 1.74e-06
2.74597e-01 1.73e-06
2.76646e-01 1.71e-06
2.78692e-01 1.70e-06
2.80657e-01 1.69e-06
2.82695e-01 1.68e-06
2.84652e-01 1.67e-06
2.86606e-01 1.66e-06
2.88632e-01 1.65e-06
2.90578e-01 1.64e-06
2.92520e-01 1.63e-06
2.94459e-01 1.62e-06
2.96394e-01 1.61e-06
2.98325e-01 1.60e-06
3.00253e-01 1.59e-06
3.02177e-01 1.58e-06
3.04097e-01 1.57e-06
3.05939e-01 1.56e-06
3.07852e-01 1.55e-06
3.09762e-01 1.54e-06
3.11594e-01 1.53e-06
3.13496e-01 1.52e-06
3.15322e-01 1.51e-06
3.17144e-01 1.50e-06
3.19035e-01 1.49e-06
3.20851e-01 1.48e-06
3.22663e-01 1.47e-06
3.24472e-01 1.46e-06
3.26278e-01 1.46e-06
3.28080e-01 1.45e-06
3.29879e-01 1.44e-06
3.31675e-01 1.43e-06
3.33468e-01 1.42e-06
3.35257e-01 1.41e-06
3.37044e-01 1.41e-06
3.38827e-01 1.40e-06
3.40535e-01 1.39e-06
3.42312e-01 1.38e-06
3.44015e-01 1.37e-06
3.45786e-01 1.37e-06
3.47483e-01 1.36e-06
3.49247e-01 1.35e-06
3.50939e-01 1.34e-06
3.52627e-01 1.34e-06
3.54382e-01 1.33e-06
3.56065e-01 1.32e-06
3.57744e-01 1.31e-06
3.59421e-01 1.31e-06
3.61095e-01 1.30e-06
3.62766e-01 1.29e-06
3.64435e-01 1.28e-06
3.66100e-01 1.28e-06
3.67763e-01 1.27e-06
3.69354e-01 1.26e-06
3.71012e-01 1.26e-06
3.72666e-01 1.25e-06
3.74318e-01 1.24e-06
3.75899e-01 1.24e-06
3.77546e-01 1.23e-06
3.79121e-01 1.22e-06
3.80762e-01 1.22e-06
3.82333e-01 1.21e-06
3.83969e-01 1.20e-06
3.85534e-01 1.20e-06
3.87097e-01 1.19e-06
3.88658e-01 1.19e-06
3.90284e-01 1.18e-06
3.91839e-01 1.17e-06
3.93393e-01 1.17e-06
3.94943e-01 1.16e-06
3.96492e-01 1.16e-06
3.98038e-01 1.15e-06
3.99581e-01 1.14e-06
4.01122e-01 1.14e-06
4.02661e-01 1.13e-06
4.04131e-01 1.13e-06
4.05665e-01 1.12e-06
4.07197e-01 1.12e-06
4.08726e-01 1.11e-06
4.10187e-01 1.11e-06
4.11712e-01 1.10e-06
4.13169e-01 1.09e-06
4.14689e-01 1.09e-06
4.16141e-01 1.08e-06
4.17657e-01 1.08e-06
4.19105e-01 1.07e-06
4.20616e-01 1.07e-06
4.22060e-01 1.06e-06
4.23501e-01 1.06e-06
4.25006e-01 1.05e-06
4.26444e-01 1.05e-06
4.27879e-01 1.04e-06
4.29312e-01 1.04e-06
4.30743e-01 1.03e-06
4.32172e-01 1.03e-06
4.33599e-01 1.02e-06
4.35024e-01 1.02e-06
4.36447e-01 1.01e-06
4.37868e-01 1.01e-06
4.39287e-01 1.00e-06
4.40704e-01 1.00e-06
4.42118e-01 9.96e-07
4.43467e-01 9.91e-07
4.44878e-01 9.87e-07
4.46287e-01 9.82e-07
4.47630e-01 9.78e-07
4.49035e-01 9.73e-07
4.50438e-01 9.69e-07
4.51776e-01 9.65e-07
4.53175e-01 9.60e-07
4.54509e-01 9.56e-07
4.55841e-01 9.52e-07
4.57235e-01 9.48e-07
4.58563e-01 9.43e-07
4.59953e-01 9.39e-07
4.61278e-01 9.35e-07
4.62601e-01 9.31e-07
4.63923e-01 9.27e-07
4.65305e-01 9.23e-07
4.66623e-01 9.19e-07
4.67939e-01 9.15e-07
4.69253e-01 9.11e-07
4.70566e-01 9.07e-07
4.71877e-01 9.03e-07
4.73186e-01 8.99e-07
4.74494e-01 8.96e-07
4.75799e-01 8.92e-07
4.77103e-01 8.88e-07
4.78406e-01 8.84e-07
4.79706e-01 8.81e-07
4.80944e-01 8.77e-07
4.82241e-01 8.73e-07
4.83537e-01 8.70e-07
4.84831e-01 8.66e-07
4.86062e-01 8.62e-07
4.87352e-01 8.59e-07
4.88641e-01 8.55e-07
4.89868e-01 8.52e-07
4.91153e-01 8.48e-07
4.92376e-01 8.45e-07
4.93659e-01 8.41e-07
4.94879e-01 8.38e-07
4.96159e-01 8.34e-07
4.97376e-01 8.31e-07
4.98591e-01 8.28e-07
4.99866e-01 8.24e-07
5.01078e-01 8.21e-07
5.02289e-01 8.18e-07
5.03559e-01 8.15e-07
5.04767e-01 8.11e-07
5.05974e-01 8.08e-07
5.07179e-01 8.05e-07
5.08383e-01 8.02e-07
5.09645e-01 7.99e-07
5.10846e-01 7.96e-07
5.12045e-01 7.92e-07
5.13243e-01 7.89e-07
5.14439e-01 7.86e-07
5.15634e-01 7.83e-07
5.16828e-01 7.80e-07
5.18020e-01 7.77e-07
5.19210e-01 7.74e-07
5.20340e-01 7.71e-07
5.21528e-01 7.68e-07
5.22715e-01 7.65e-07
5.23900e-01 7.62e-07
5.25083e-01 7.60e-07
5.26207e-01 7.57e-07
5.27388e-01 7.54e-07
5.28567e-01 7.51e-07
5.29687e-01 7.48e-07
5.30864e-01 7.45e-07
5.32039e-01 7.43e-07
5.33154e-01 7.40e-07
5.34327e-01 7.37e-07
5.35440e-01 7.34e-07
5.36610e-01 7.32e-07
5.37721e-01 7.29e-07
5.38888e-01 7.26e-07
5.39996e-01 7.24e-07
5.41103e-01 7.21e-07
5.42266e-01 7.18e-07
5.43370e-01 7.16e-07
5.44473e-01 7.13e-07
5.45633e-01 7.10e-07
5.46733e-01 7.08e-07
5.47832e-01 7.05e-07
5.48930e-01 7.03e-07
5.50085e-01 7.00e-07
5.51180e-01 6.98e-07
5.52275e-01 6.95e-07
5.53368e-01 6.93e-07
5.54460e-01 6.90e-07
5.55550e-01 6.88e-07
5.56640e-01 6.86e-07
5.57728e-01 6.83e-07
5.58815e-01 6.81e-07
5.59901e-01 6.78e-07
5.60986e-01 6.76e-07
5.62070e-01 6.74e-07
5.63152e-01 6.71e-07
5.64234e-01 6.69e-07
5.65314e-01 6.67e-07
5.66393e-01 6.64e-07
5.67471e-01 6.62e-07
5.68491e-01 6.60e-07
5.69566e-01 6.57e-07
5.70641e-01 6.55e-07
5.71714e-01 6.53e-07
5.72729e-01 6.51e-07
5.73800e-01 6.49e-07
5.74870e-01 6.46e-07
5.75883e-01 6.44e-07
5.76950e-01 6.42e-07
5.77961e-01 6.40e-07
5.79026e-01 6.38e-07
5.80090e-01 6.35e-07
5.81098e-01 6.33e-07
5.82160e-01 6.31e-07
5.83165e-01 6.29e-07
5.84225e-01 6.27e-07
5.85228e-01 6.25e-07
5.86230e-01 6.23e-07
5.87287e-01 6.21e-07
5.88287e-01 6.19e-07
5.89286e-01 6.17e-07
5.90339e-01 6.15e-07
5.91336e-01 6.13e-07
5.92332e-01 6.11e-07
5.93382e-01 6.09e-07
5.94376e-01 6.07e-07
5.95369e-01 6.05e-07
5.96361e-01 6.03e-07
5.97407e-01 6.01e-07
5.98397e-01 5.99e-07
5.99386e-01 5.97e-07
6.00374e-01 5.95e-07
6.01361e-01 5.93e-07
6.02347e-01 5.91e-07
6.03332e-01 5.89e-07
6.04316e-01 5.88e-07
6.05299e-01 5.86e-07
6.06281e-01 5.84e-07
6.07262e-01 5.82e-07
6.08243e-01 5.80e-07
6.09222e-01 5.78e-07
6.10200e-01 5.77e-07
6.11178e-01 5.75e-07
6.12154e-01 5.73e-07
6.13129e-01 5.71e-07
6.14104e-01 5.69e-07
6.15023e-01 5.68e-07
6.15996e-01 5.66e-07
6.16968e-01 5.64e-07
6.17939e-01 5.62e-07
6.18908e-01 5.61e-07
6.19824e-01 5.59e-07
6.20792e-01 5.57e-07
6.21759e-01 5.56e-07
6.22671e-01 5.54e-07
6.23636e-01 5.52e-07
6.24601e-01 5.51e-07
6.25511e-01 5.49e-07
6.26473e-01 5.47e-07
6.27435e-01 5.46e-07
6.28342e-01 5.44e-07
6.29302e-01 5.42e-07
6.30207e-01 5.41e-07
6.31165e-01 5.39e-07
6.32069e-01 5.37e-07
6.33026e-01 5.36e-07
6.33928e-01 5.34e-07
6.34882e-01 5.33e-07
6.35783e-01 5.31e-07
6.36683e-01 5.29e-07
6.37634e-01 5.28e-07
6.38533e-01 5.26e-07
6.39483e-01 5.25e-07
6.40379e-01 5.23e-07
6.41275e-01 5.22e-07
6.42222e-01 5.20e-07
6.43116e-01 5.19e-07
6.44009e-01 5.17e-07
6.44902e-01 5.16e-07
6.45846e-01 5.14e-07
6.46737e-01 5.13e-07
6.47627e-01 5.11e-07
6.48516e-01 5.10e-07
6.49404e-01 5.08e-07
6.50292e-01 5.07e-07
6.51231e-01 5.05e-07
6.52117e-01 5.04e-07
6.53002e-01 5.03e-07
6.53886e-01 5.01e-07
6.54770e-01 5.00e-07
6.55653e-01 4.98e-07
6.56535e-01 4.97e-07
6.57416e-01 4.95e-07
6.58297e-01 4.94e-07
6.59177e-01 4.93e-07
6.60056e-01 4.91e-07
6.60934e-01 4.90e-07
6.61811e-01 4.89e-07
6.62688e-01 4.87e-07
6.63564e-01 4.86e-07
6.64439e-01 4.85e-07
6.65262e-01 4.83e-07
6.66136e-01 4.82e-07
6.67009e-01 4.80e-07
6.67881e-01 4.79e-07
6.68752e-01 4.78e-07
6.69623e-01 4.77e-07
6.70441e-01 4.75e-07
6.71310e-01 4.74e-07
6.72179e-01 4.73e-07
6.73047e-01 4.71e-07
6.73862e-01 4.70e-07
6.74729e-01 4.69e-07
6.75594e-01 4.68e-07
6.76408e-01 4.66e-07
6.77272e-01 4.65e-07
6.78135e-01 4.64e-07
6.78947e-01 4.63e-07
6.79809e-01 4.61e-07
6.80619e-01 4.60e-07
6.81479e-01 4.59e-07
6.82339e-01 4.58e-07
6.83147e-01 4.56e-07
6.84006e-01 4.55e-07
6.84813e-01 4.54e-07
6.85669e-01 4.53e-07
6.86475e-01 4.52e-07
6.87330e-01 4.50e-07
6.88135e-01 4.49e-07
6.88989e-01 4.48e-07
6.89792e-01 4.47e-07
6.90594e-01 4.46e-07
6.91446e-01 4.44e-07
6.92247e-01 4.43e-07
6.93097e-01 4.42e-07
6.93897e-01 4.41e-07
6.94696e-01 4.40e-07
6.95544e-01 4.39e-07
6.96342e-01 4.38e-07
6.97139e-01 4.36e-07
6.97985e-01 4.35e-07
6.98781e-01 4.34e-07
6.99576e-01 4.33e-07
7.00371e-01 4.32e-07
7.01215e-01 4.31e-07
7.02008e-01 4.30e-07
7.02800e-01 4.29e-07
7.03592e-01 4.28e-07
7.04384e-01 4.27e-07
7.05224e-01 4.25e-07
7.06014e-01 4.24e-07
7.06804e-01 4.23e-07
7.07592e-01 4.22e-07
7.08381e-01 4.21e-07
7.09168e-01 4.20e-07
7.09955e-01 4.19e-07
7.10741e-01 4.18e-07
7.11527e-01 4.17e-07
7.12361e-01 4.16e-07
7.13146e-01 4.15e-07
7.13930e-01 4.14e-07
7.14713e-01 4.13e-07
7.15496e-01 4.12e-07
7.16278e-01 4.11e-07
7.17059e-01 4.10e-07
7.17791e-01 4.09e-07
7.18571e-01 4.08e-07
7.19351e-01 4.07e-07
7.20130e-01 4.06e-07
7.20908e-01 4.05e-07
7.21686e-01 4.04e-07
7.22463e-01 4.03e-07
7.23240e-01 4.02e-07
7.24016e-01 4.01e-07
7.24743e-01 4.00e-07
7.25518e-01 3.99e-07
7.26292e-01 3.98e-07
7.27065e-01 3.97e-07
7.27838e-01 3.96e-07
7.28611e-01 3.95e-07
7.29334e-01 3.94e-07
7.30106e-01 3.93e-07
7.30876e-01 3.92e-07
7.31598e-01 3.91e-07
7.32368e-01 3.90e-07
7.33137e-01 3.89e-07
7.33905e-01 3.89e-07
7.34625e-01 3.88e-07
7.35392e-01 3.87e-07
7.36159e-01 3.86e-07
7.36877e-01 3.85e-07
7.37642e-01 3.84e-07
7.38360e-01 3.83e-07
7.39124e-01 3.82e-07
7.39888e-01 3.81e-07
7.40603e-01 3.80e-07
7.41366e-01 3.79e-07
7.42080e-01 3.79e-07
7.42842e-01 3.78e-07
7.43603e-01 3.77e-07
7.44315e-01 3.76e-07
7.45075e-01 3.75e-07
7.45787e-01 3.74e-07
7.46546e-01 3.73e-07
7.47257e-01 3.72e-07
7.47967e-01 3.72e-07
7.48724e-01 3.71e-07
7.49433e-01 3.70e-07
7.50189e-01 3.69e-07
7.50897e-01 3.68e-07
7.51652e-01 3.67e-07
7.52359e-01 3.67e-07
7.53066e-01 3.66e-07
7.53819e-01 3.65e-07
7.54524e-01 3.64e-07
7.55277e-01 3.63e-07
7.55981e-01 3.62e-07
7.56685e-01 3.62e-07
7.57436e-01 3.61e-07
7.58139e-01 3.60e-07
7.58841e-01 3.59e-07
7.59543e-01 3.58e-07
7.60292e-01 3.57e-07
7.60993e-01 3.57e-07
7.61693e-01 3.56e-07
7.62393e-01 3.55e-07
7.63140e-01 3.54e-07
7.63839e-01 3.54e-07
7.64537e-01 3.53e-07
7.65235e-01 3.52e-07
7.65979e-01 3.51e-07
7.66676e-01 3.50e-07
7.67373e-01 3.50e-07
7.68069e-01 3.49e-07
7.68765e-01 3.48e-07
7.69460e-01 3.47e-07
7.70155e-01 3.47e-07
7.70895e-01 3.46e-07
7.71589e-01 3.45e-07
7.72282e-01 3.44e-07
7.72974e-01 3.44e-07
7.73667e-01 3.43e-07
7.74358e-01 3.42e-07
7.75050e-01 3.41e-07
7.75740e-01 3.41e-07
7.76431e-01 3.40e-07
7.77121e-01 3.39e-07
7.77810e-01 3.38e-07
7.78499e-01 3.38e-07
7.79187e-01 3.37e-07
7.79875e-01 3.36e-07
7.80563e-01 3.35e-07
7.81250e-01 3.35e-07
7.81936e-01 3.34e-07
7.82622e-01 3.33e-07
7.83308e-01 3.33e-07
7.83993e-01 3.32e-07
7.84677e-01 3.31e-07
7.85362e-01 3.30e-07
7.86000e-01 3.30e-07
7.86683e-01 3.29e-07
7.87366e-01 3.28e-07
7.88048e-01 3.28e-07
7.88730e-01 3.27e-07
7.89411e-01 3.26e-07
7.90092e-01 3.26e-07
7.90728e-01 3.25e-07
7.91408e-01 3.24e-07
7.92087e-01 3.24e-07
7.92766e-01 3.23e-07
7.93445e-01 3.22e-07
7.94078e-01 3.22e-07
7.94756e-01 3.21e-07
7.95433e-01 3.20e-07
7.96110e-01 3.20e-07
7.96741e-01 3.19e-07
7.97417e-01 3.18e-07
7.98093e-01 3.18e-07
7.98768e-01 3.17e-07
7.99397e-01 3.16e-07
8.00071e-01 3.16e-07
8.00745e-01 3.15e-07
8.01374e-01 3.14e-07
8.02046e-01 3.14e-07
8.02719e-01 3.13e-07
8.03346e-01 3.12e-07
8.04017e-01 3.12e-07
8.04644e-01 3.11e-07
8.05314e-01 3.11e-07
8.05985e-01 3.10e-07
8.06610e-01 3.09e-07
8.07279e-01 3.09e-07
8.07903e-01 3.08e-07
8.08572e-01 3.07e-07
8.09240e-01 3.07e-07
8.09863e-01 3.06e-07
8.10530e-01 3.06e-07
8.26103e-01 2.91e-07
8.41869e-01 2.77e-07
8.57729e-01 2.64e-07
8.73717e-01 2.51e-07
8.89782e-01 2.39e-07
9.05917e-01 2.28e-07
9.22114e-01 2.17e-07
9.38365e-01 2.07e-07
9.54665e-01 1.97e-07
9.70930e-01 1.88e-07
9.87271e-01 1.79e-07
1.00357e+00 1.71e-07
1.01989e+00 1.63e-07
1.03663e+00 1.55e-07
1.05337e+00 1.48e-07
1.07004e+00 1.41e-07
1.08708e+00 1.34e-07
1.10406e+00 1.28e-07
1.12138e+00 1.22e-07
1.13902e+00 1.17e-07
1.15654e+00 1.11e-07
1.17434e+00 1.06e-07
1.19241e+00 1.01e-07
1.21072e+00 9.65e-08
1.22926e+00 9.21e-08
1.24801e+00 8.79e-08
1.26700e+00 8.39e-08
1.28617e+00 8.01e-08
1.30555e+00 7.65e-08
1.32543e+00 7.30e-08
1.34550e+00 6.98e-08
1.36607e+00 6.67e-08
1.38712e+00 6.37e-08
1.40864e+00 6.09e-08
1.43065e+00 5.82e-08
1.45313e+00 5.56e-08
1.47616e+00 5.32e-08
1.49996e+00 5.09e-08
1.52460e+00 4.87e-08
1.55009e+00 4.66e-08
1.57650e+00 4.47e-08
1.60390e+00 4.28e-08
1.63265e+00 4.10e-08
1.66286e+00 3.93e-08
1.69495e+00 3.77e-08
1.72921e+00 3.61e-08
1.76596e+00 3.47e-08
1.80596e+00 3.33e-08
1.85059e+00 3.19e-08
1.90147e+00 3.06e-08
1.96277e+00 2.93e-08
2.04543e+00 2.79e-08
2.28303e+00 2.56e-08
2.37695e+00 2.51e-08
2.46241e+00 2.48e-08
2.54286e+00 2.45e-08
2.62554e+00 2.43e-08
2.70069e+00 2.42e-08
2.75874e+00 2.41e-08
2.81151e+00 2.41e-08
2.85859e+00 2.40e-08
2.99573e+00 2.39e-08
