# OPACITY Project tables
-2.61515e+00 9.07e-03
-2.27341e+00 3.22e-03
-2.07433e+00 1.78e-03
-1.93351e+00 1.22e-03
-1.82455e+00 8.50e-04
-1.73574e+00 2.56e-02
-1.66078e+00 3.53e-02
-1.59603e+00 2.90e-03
-1.53898e+00 4.87e-04
-1.48802e+00 3.09e-04
-1.44198e+00 2.68e-04
-1.40003e+00 2.40e-04
-1.36148e+00 2.12e-04
-1.32584e+00 2.19e-04
-1.29269e+00 1.70e-04
-1.26174e+00 1.54e-04
-1.23268e+00 1.44e-04
-1.20531e+00 6.43e-04
-1.17944e+00 8.50e-04
-1.15493e+00 1.29e-04
-1.13165e+00 1.15e-04
-1.10945e+00 1.07e-04
-1.08827e+00 1.02e-04
-1.06799e+00 9.50e-05
-1.04857e+00 8.96e-05
-1.02994e+00 8.70e-05
-1.01200e+00 8.09e-05
-9.94739e-01 7.69e-05
-9.78086e-01 7.25e-05
-9.62021e-01 1.91e-04
-9.46492e-01 3.73e-04
-9.31455e-01 7.59e-05
-9.16916e-01 6.13e-05
-9.02807e-01 5.84e-05
-8.89113e-01 5.62e-05
-8.75797e-01 5.56e-05
-8.62868e-01 5.30e-05
-8.50292e-01 4.85e-04
-8.38057e-01 5.09e-05
-8.26130e-01 6.41e-05
-8.14502e-01 4.95e-05
-8.03185e-01 4.99e-05
-7.92106e-01 5.37e-05
-7.81301e-01 4.44e-05
-7.70741e-01 4.28e-05
-7.60420e-01 4.15e-05
-7.50331e-01 4.04e-05
-7.40469e-01 3.91e-05
-7.30787e-01 4.07e-05
-7.21320e-01 3.70e-05
-7.12045e-01 5.85e-05
-7.02955e-01 3.58e-05
-6.94048e-01 3.54e-05
-6.85298e-01 3.50e-05
-6.76723e-01 3.33e-05
-6.68298e-01 3.24e-05
-6.60041e-01 3.19e-05
-6.51909e-01 3.08e-05
-6.43938e-01 3.00e-05
-6.36087e-01 2.94e-05
-6.28390e-01 3.07e-05
-6.20808e-01 3.23e-05
-6.13357e-01 3.21e-05
-6.06016e-01 3.07e-05
-5.98801e-01 3.01e-05
-5.91692e-01 2.94e-05
-5.84687e-01 2.88e-05
-5.77803e-01 2.83e-05
-5.71018e-01 2.78e-05
-5.64314e-01 2.75e-05
-5.57725e-01 5.66e-05
-5.51231e-01 2.71e-05
-5.44831e-01 2.91e-05
-5.38505e-01 4.87e-05
-5.32288e-01 2.54e-05
-5.26142e-01 2.43e-05
-5.20085e-01 2.37e-05
-5.14098e-01 2.34e-05
-5.08196e-01 2.30e-05
-5.02362e-01 2.28e-05
-4.96610e-01 2.27e-05
-4.90925e-01 6.02e-05
-4.85320e-01 2.19e-05
-4.79779e-01 2.18e-05
-4.74301e-01 2.96e-05
-4.68884e-01 2.08e-05
-4.63545e-01 2.04e-05
-4.58265e-01 1.98e-05
-4.53044e-01 1.94e-05
-4.47882e-01 1.91e-05
-4.42778e-01 1.89e-05
-4.37730e-01 1.90e-05
-4.32739e-01 1.83e-05
-4.27803e-01 1.81e-05
-4.22922e-01 1.77e-05
-4.13321e-01 1.72e-05
-4.08585e-01 1.70e-05
-4.03901e-01 1.68e-05
-3.99284e-01 1.79e-05
-3.94688e-01 1.64e-05
-3.90158e-01 2.41e-05
-3.85662e-01 1.61e-05
-3.81216e-01 1.85e-05
-3.76819e-01 1.55e-05
-3.72456e-01 1.53e-05
-3.68126e-01 2.24e-05
-3.63858e-01 2.11e-05
-3.59622e-01 1.48e-05
-3.55419e-01 1.48e-05
-3.51261e-01 2.72e-04
-3.47135e-01 1.44e-05
-3.43054e-01 1.41e-05
-3.39003e-01 1.38e-05
-3.34997e-01 1.36e-05
-3.31021e-01 1.34e-05
-3.23185e-01 1.31e-05
-3.15464e-01 1.28e-05
-3.07885e-01 1.26e-05
-3.04150e-01 1.24e-05
-3.00430e-01 2.95e-05
-2.96750e-01 1.22e-05
-2.93097e-01 1.21e-05
-2.89484e-01 1.20e-05
-2.85884e-01 1.51e-05
-2.82323e-01 1.40e-05
-2.78788e-01 1.18e-05
-2.75279e-01 1.17e-05
-2.71796e-01 1.61e-05
-2.68350e-01 1.20e-05
-2.64917e-01 1.12e-05
-2.61521e-01 1.16e-05
-2.58149e-01 1.14e-05
-2.54802e-01 1.13e-05
-2.48167e-01 1.10e-05
-2.41639e-01 1.08e-05
-2.35203e-01 1.06e-05
-2.28860e-01 1.04e-05
-2.22606e-01 1.02e-05
-2.16441e-01 1.00e-05
-2.10363e-01 9.85e-06
-2.04359e-01 9.69e-06
-2.01382e-01 9.65e-06
-1.98439e-01 9.77e-06
-1.95504e-01 9.46e-06
-1.92590e-01 9.39e-06
-1.89697e-01 1.12e-05
-1.86824e-01 9.44e-06
-1.83971e-01 9.20e-06
-1.81126e-01 9.06e-06
-1.78314e-01 9.00e-06
-1.75509e-01 1.03e-05
-1.72724e-01 9.81e-06
-1.69958e-01 9.72e-06
-1.67200e-01 9.64e-06
-1.64474e-01 1.11e-05
-1.59054e-01 1.09e-05
-1.53699e-01 1.07e-05
-1.51044e-01 1.07e-05
-1.48407e-01 1.06e-05
-1.45789e-01 8.55e-05
-1.43189e-01 1.05e-05
-1.40596e-01 1.03e-05
-1.38021e-01 1.02e-05
-1.35453e-01 1.01e-05
-1.30382e-01 9.99e-06
-1.27867e-01 9.93e-06
-1.25359e-01 9.89e-06
-1.22868e-01 1.01e-05
-1.20395e-01 1.01e-05
-1.17928e-01 1.98e-05
-1.15489e-01 1.10e-05
-1.13057e-01 9.70e-06
-1.10630e-01 9.48e-06
-1.08220e-01 9.36e-06
-1.05827e-01 9.27e-06
-1.03440e-01 9.19e-06
-1.01070e-01 9.13e-06
-9.87160e-02 9.08e-06
-9.63788e-02 9.25e-06
-9.40360e-02 9.32e-06
-9.17206e-02 8.89e-06
-8.94106e-02 8.80e-06
-8.71168e-02 8.73e-06
-8.25559e-02 8.60e-06
-7.80480e-02 8.48e-06
-7.35820e-02 8.36e-06
-6.91679e-02 8.25e-06
-6.47839e-02 8.14e-06
-6.04509e-02 8.04e-06
-5.61577e-02 7.94e-06
-5.19040e-02 7.83e-06
-4.76998e-02 7.74e-06
-4.56042e-02 7.69e-06
-4.35236e-02 7.86e-06
-4.14576e-02 7.84e-06
-3.93959e-02 2.19e-05
-3.73385e-02 7.75e-06
-3.52956e-02 7.67e-06
-3.32673e-02 7.62e-06
-3.12430e-02 7.57e-06
-2.92229e-02 7.55e-06
-2.72170e-02 7.60e-06
-2.52255e-02 7.44e-06
-2.32379e-02 7.39e-06
-2.12543e-02 7.32e-06
-1.92848e-02 7.28e-06
-1.73293e-02 7.25e-06
-1.53675e-02 7.43e-06
-1.34298e-02 7.38e-06
-1.14958e-02 7.12e-06
-9.56560e-03 7.06e-06
-5.73642e-03 6.97e-06
-1.94188e-03 6.89e-06
1.79838e-03 6.81e-06
5.58438e-03 6.74e-06
9.25702e-03 6.66e-06
1.29162e-02 6.59e-06
1.65621e-02 6.52e-06
2.01947e-02 6.46e-06
2.38142e-02 6.39e-06
2.73233e-02 6.33e-06
3.08201e-02 6.26e-06
3.25640e-02 6.24e-06
3.43048e-02 6.25e-06
3.60426e-02 7.10e-06
3.77774e-02 6.16e-06
3.95091e-02 6.11e-06
4.29637e-02 6.05e-06
4.64064e-02 5.99e-06
4.80280e-02 5.98e-06
4.97421e-02 6.08e-06
5.14533e-02 6.13e-06
5.30667e-02 5.89e-06
5.47722e-02 5.85e-06
5.64748e-02 5.82e-06
5.80802e-02 5.80e-06
5.97772e-02 5.79e-06
6.13773e-02 6.24e-06
6.29748e-02 5.75e-06
6.46635e-02 5.76e-06
6.62558e-02 8.23e-06
6.78455e-02 5.86e-06
6.95261e-02 6.08e-06
7.11106e-02 1.17e-05
7.26927e-02 7.86e-06
7.42722e-02 5.95e-06
7.58493e-02 5.81e-06
7.74239e-02 6.06e-06
7.90884e-02 8.65e-06
8.06579e-02 2.39e-05
8.22249e-02 6.35e-06
8.37895e-02 5.66e-06
8.52598e-02 5.48e-06
8.68197e-02 5.40e-06
8.83771e-02 5.33e-06
8.99321e-02 5.29e-06
9.14847e-02 5.25e-06
9.44917e-02 5.19e-06
9.75803e-02 5.14e-06
1.00569e-01 5.09e-06
1.03549e-01 5.04e-06
1.05080e-01 5.02e-06
1.06520e-01 4.98e-06
1.07957e-01 4.98e-06
1.09482e-01 6.27e-06
1.10915e-01 4.98e-06
1.12435e-01 4.90e-06
1.13864e-01 4.87e-06
1.15291e-01 4.85e-06
1.16805e-01 4.83e-06
1.18227e-01 4.83e-06
1.19648e-01 8.09e-06
1.21067e-01 5.10e-06
1.22483e-01 4.77e-06
1.23898e-01 4.73e-06
1.25398e-01 4.70e-06
1.28217e-01 4.66e-06
1.31028e-01 4.62e-06
1.33831e-01 4.59e-06
1.35143e-01 4.59e-06
1.36539e-01 4.64e-06
1.37934e-01 4.54e-06
1.39327e-01 4.52e-06
1.40718e-01 4.51e-06
1.42107e-01 2.37e-05
1.43407e-01 4.48e-06
1.44793e-01 4.44e-06
1.46176e-01 4.42e-06
1.48851e-01 4.39e-06
1.51519e-01 4.35e-06
1.54179e-01 4.32e-06
1.56833e-01 4.28e-06
1.58200e-01 4.27e-06
1.59479e-01 4.26e-06
1.60757e-01 4.25e-06
1.62119e-01 4.29e-06
1.63394e-01 1.29e-05
1.64751e-01 4.29e-06
1.66023e-01 4.20e-06
1.67293e-01 4.17e-06
1.68561e-01 4.15e-06
1.69912e-01 4.14e-06
1.71176e-01 4.13e-06
1.72440e-01 4.14e-06
1.73701e-01 4.16e-06
1.74961e-01 4.25e-06
1.76220e-01 4.77e-06
1.77477e-01 8.97e-05
1.78732e-01 5.10e-06
1.80069e-01 4.24e-06
1.81321e-01 4.08e-06
1.82572e-01 4.02e-06
1.83737e-01 3.98e-06
1.86231e-01 3.94e-06
1.87475e-01 3.92e-06
1.89959e-01 3.88e-06
1.92437e-01 3.85e-06
1.93591e-01 3.84e-06
1.94826e-01 3.97e-06
1.97292e-01 3.94e-06
1.99670e-01 3.91e-06
2.02042e-01 3.88e-06
2.03267e-01 3.87e-06
2.04409e-01 3.87e-06
2.06770e-01 3.85e-06
2.09126e-01 3.82e-06
2.11476e-01 3.79e-06
2.13820e-01 3.77e-06
2.16159e-01 3.74e-06
2.18493e-01 3.72e-06
2.20741e-01 3.69e-06
2.23064e-01 3.67e-06
2.25301e-01 3.64e-06
2.27614e-01 3.62e-06
2.29841e-01 3.60e-06
2.32064e-01 3.58e-06
2.34281e-01 3.56e-06
2.36494e-01 3.54e-06
2.37599e-01 3.54e-06
2.38702e-01 3.54e-06
2.39804e-01 3.55e-06
2.40905e-01 3.58e-06
2.42005e-01 3.70e-06
2.43103e-01 4.31e-06
2.44200e-01 1.21e-04
2.45296e-01 5.11e-06
2.46313e-01 3.71e-06
2.47407e-01 3.52e-06
2.48499e-01 3.45e-06
2.49591e-01 3.41e-06
2.50681e-01 3.38e-06
2.51692e-01 3.37e-06
2.52780e-01 3.35e-06
2.54875e-01 3.32e-06
2.57042e-01 3.30e-06
2.59128e-01 3.28e-06
2.61210e-01 3.26e-06
2.63287e-01 3.24e-06
2.65360e-01 3.23e-06
2.67428e-01 3.22e-06
2.68499e-01 3.21e-06
2.69493e-01 3.21e-06
2.70561e-01 3.21e-06
2.71553e-01 3.22e-06
2.72619e-01 3.22e-06
2.73609e-01 3.24e-06
2.74597e-01 3.27e-06
2.75660e-01 3.33e-06
2.76646e-01 3.44e-06
2.77632e-01 3.67e-06
2.78692e-01 4.30e-06
2.79675e-01 1.03e-05
2.80657e-01 8.28e-05
2.81639e-01 1.46e-05
2.82695e-01 5.11e-06
2.83674e-01 3.89e-06
2.84652e-01 3.51e-06
2.85630e-01 3.37e-06
2.86606e-01 3.33e-06
2.87582e-01 3.48e-06
2.88632e-01 4.95e-06
2.89605e-01 1.83e-05
2.90578e-01 3.71e-06
2.91550e-01 3.24e-06
2.92520e-01 3.12e-06
2.93490e-01 3.13e-06
2.94459e-01 1.69e-05
2.95427e-01 3.10e-06
2.96394e-01 2.99e-06
2.97360e-01 2.96e-06
2.98325e-01 2.95e-06
2.99289e-01 2.93e-06
3.01215e-01 2.91e-06
3.03137e-01 2.89e-06
3.04982e-01 2.87e-06
3.06896e-01 2.85e-06
3.08807e-01 2.83e-06
3.10641e-01 2.81e-06
3.12545e-01 2.80e-06
3.14373e-01 2.78e-06
3.16270e-01 2.76e-06
3.18090e-01 2.75e-06
3.19907e-01 2.73e-06
3.21794e-01 2.72e-06
3.23604e-01 2.70e-06
3.25411e-01 2.69e-06
3.27215e-01 2.67e-06
3.29016e-01 2.66e-06
3.30813e-01 2.65e-06
3.31675e-01 2.64e-06
3.32608e-01 2.66e-06
3.33468e-01 3.98e-06
3.34399e-01 2.67e-06
3.35257e-01 2.62e-06
3.36115e-01 2.61e-06
3.37044e-01 2.60e-06
3.38827e-01 2.58e-06
3.40535e-01 2.57e-06
3.42312e-01 2.56e-06
3.44015e-01 2.54e-06
3.45786e-01 2.53e-06
3.47483e-01 2.52e-06
3.49247e-01 2.51e-06
3.50939e-01 2.49e-06
3.51783e-01 3.61e-06
3.53470e-01 3.59e-06
3.55224e-01 3.58e-06
3.56905e-01 3.56e-06
3.58583e-01 3.55e-06
3.59421e-01 3.55e-06
3.60259e-01 3.56e-06
3.61095e-01 3.65e-06
3.61931e-01 2.74e-05
3.62766e-01 3.68e-06
3.63601e-01 3.53e-06
3.64435e-01 3.50e-06
3.65268e-01 3.48e-06
3.66100e-01 3.47e-06
3.67763e-01 3.45e-06
3.68594e-01 3.44e-06
3.69354e-01 3.44e-06
3.70183e-01 3.44e-06
3.71012e-01 3.46e-06
3.71839e-01 3.79e-06
3.72666e-01 3.84e-06
3.73493e-01 3.44e-06
3.74318e-01 3.43e-06
3.75075e-01 3.52e-06
3.75899e-01 9.39e-05
3.76723e-01 3.52e-06
3.77546e-01 3.38e-06
3.78299e-01 3.35e-06
3.79121e-01 3.33e-06
3.79942e-01 3.32e-06
3.81514e-01 3.30e-06
3.83151e-01 3.28e-06
3.84718e-01 3.27e-06
3.86282e-01 3.25e-06
3.87912e-01 3.23e-06
3.89471e-01 3.21e-06
3.91028e-01 3.20e-06
3.91839e-01 3.19e-06
3.92582e-01 3.16e-06
3.94134e-01 3.14e-06
3.95684e-01 3.13e-06
3.97231e-01 3.11e-06
3.98776e-01 3.10e-06
4.00319e-01 3.08e-06
4.01859e-01 3.07e-06
4.03396e-01 3.05e-06
4.04932e-01 3.04e-06
4.06465e-01 3.02e-06
4.07929e-01 3.01e-06
4.09457e-01 3.00e-06
4.10983e-01 2.99e-06
4.11712e-01 2.98e-06
4.12441e-01 2.98e-06
4.13169e-01 2.99e-06
4.13962e-01 3.01e-06
4.14689e-01 3.18e-06
4.15415e-01 8.12e-05
4.16141e-01 3.16e-06
4.16932e-01 2.99e-06
4.17657e-01 2.95e-06
4.18381e-01 2.93e-06
4.19105e-01 2.92e-06
4.19828e-01 2.92e-06
4.20616e-01 2.91e-06
4.21338e-01 2.92e-06
4.22060e-01 3.00e-06
4.22781e-01 3.46e-05
4.23501e-01 2.99e-06
4.24221e-01 2.89e-06
4.25006e-01 2.87e-06
4.25725e-01 2.86e-06
4.27161e-01 2.84e-06
4.28596e-01 2.83e-06
4.30028e-01 2.81e-06
4.31458e-01 2.80e-06
4.32886e-01 2.79e-06
4.34312e-01 2.78e-06
4.35736e-01 2.76e-06
4.37158e-01 2.75e-06
4.38577e-01 2.74e-06
4.39995e-01 2.73e-06
4.41411e-01 2.71e-06
4.42761e-01 2.70e-06
4.44173e-01 2.69e-06
4.45583e-01 2.68e-06
4.46927e-01 2.67e-06
4.48333e-01 2.66e-06
4.49737e-01 2.64e-06
4.51076e-01 2.63e-06
4.52476e-01 2.62e-06
4.53811e-01 2.61e-06
4.55207e-01 2.60e-06
4.56538e-01 2.59e-06
4.57931e-01 2.58e-06
4.59259e-01 2.56e-06
4.60584e-01 2.55e-06
4.61971e-01 2.54e-06
4.63294e-01 2.53e-06
4.64614e-01 2.52e-06
4.65933e-01 2.51e-06
4.67250e-01 2.50e-06
4.68565e-01 2.50e-06
4.69941e-01 2.49e-06
4.71253e-01 2.48e-06
4.71877e-01 2.48e-06
4.72563e-01 2.47e-06
4.73186e-01 2.49e-06
4.73871e-01 2.77e-06
4.74494e-01 2.58e-06
4.75178e-01 2.47e-06
4.75799e-01 2.45e-06
4.76420e-01 2.44e-06
4.77724e-01 2.43e-06
4.79025e-01 2.42e-06
4.80325e-01 2.41e-06
4.81623e-01 2.40e-06
4.82920e-01 2.39e-06
4.84153e-01 2.38e-06
4.85446e-01 2.38e-06
4.86738e-01 2.37e-06
4.87966e-01 2.36e-06
4.89255e-01 2.35e-06
4.90480e-01 2.35e-06
4.91153e-01 2.35e-06
4.91765e-01 2.36e-06
4.92376e-01 2.49e-06
4.93049e-01 3.28e-06
4.93659e-01 2.38e-06
4.94269e-01 2.35e-06
4.94879e-01 2.35e-06
4.95489e-01 2.38e-06
4.96159e-01 2.58e-06
4.96767e-01 1.07e-04
4.97376e-01 2.63e-06
4.97984e-01 2.37e-06
4.98591e-01 2.32e-06
4.99259e-01 2.30e-06
4.99866e-01 2.29e-06
5.00472e-01 2.28e-06
5.01684e-01 2.27e-06
5.02289e-01 2.26e-06
5.02955e-01 2.62e-06
5.04163e-01 2.61e-06
5.05371e-01 2.60e-06
5.06577e-01 2.59e-06
5.07781e-01 2.58e-06
5.09044e-01 2.57e-06
5.10245e-01 2.56e-06
5.11445e-01 2.56e-06
5.12644e-01 2.55e-06
5.13841e-01 2.54e-06
5.15037e-01 2.54e-06
5.16231e-01 2.53e-06
5.17424e-01 2.52e-06
5.18615e-01 2.52e-06
5.19746e-01 2.51e-06
5.20934e-01 2.51e-06
5.22715e-01 2.50e-06
5.24492e-01 2.50e-06
5.25616e-01 2.50e-06
5.26797e-01 2.51e-06
5.27388e-01 2.51e-06
5.27978e-01 2.52e-06
5.28567e-01 2.53e-06
5.29157e-01 2.54e-06
5.29687e-01 2.55e-06
5.30275e-01 2.57e-06
5.30864e-01 2.59e-06
5.31451e-01 2.62e-06
5.32039e-01 2.65e-06
5.32568e-01 2.71e-06
5.33154e-01 2.78e-06
5.33741e-01 2.90e-06
5.34327e-01 3.07e-06
5.34855e-01 3.36e-06
5.35440e-01 3.89e-06
5.36025e-01 5.03e-06
5.36610e-01 8.17e-06
5.37136e-01 2.38e-05
5.37721e-01 3.38e-03
5.38305e-01 3.29e-05
5.38888e-01 9.32e-06
5.39413e-01 5.37e-06
5.39996e-01 4.03e-06
5.40579e-01 3.42e-06
5.41103e-01 3.09e-06
5.41685e-01 2.89e-06
5.42266e-01 2.76e-06
5.42789e-01 2.67e-06
5.43370e-01 2.60e-06
5.43951e-01 2.56e-06
5.44473e-01 2.52e-06
5.45053e-01 2.49e-06
5.45633e-01 2.46e-06
5.46154e-01 2.44e-06
5.46733e-01 2.43e-06
5.47312e-01 2.41e-06
5.47832e-01 2.40e-06
5.48410e-01 2.39e-06
5.49508e-01 2.37e-06
5.50604e-01 2.35e-06
5.51699e-01 2.34e-06
5.52275e-01 2.34e-06
5.52850e-01 2.32e-06
5.53368e-01 2.33e-06
5.53943e-01 2.56e-06
5.54460e-01 2.48e-06
5.55034e-01 2.31e-06
5.55550e-01 2.29e-06
5.56124e-01 2.28e-06
5.56640e-01 2.28e-06
5.57213e-01 2.27e-06
5.57728e-01 2.27e-06
5.58301e-01 2.27e-06
5.58815e-01 2.34e-06
5.59387e-01 2.86e-06
5.59901e-01 2.28e-06
5.60473e-01 2.25e-06
5.60986e-01 2.24e-06
5.62070e-01 2.23e-06
5.63152e-01 2.23e-06
5.64234e-01 2.23e-06
5.64745e-01 2.22e-06
5.65314e-01 2.23e-06
5.65825e-01 2.23e-06
5.66393e-01 2.25e-06
5.66903e-01 2.30e-06
5.67471e-01 2.61e-06
5.67981e-01 1.86e-04
5.68491e-01 2.67e-06
5.69057e-01 2.30e-06
5.69566e-01 2.23e-06
5.70075e-01 2.21e-06
5.70641e-01 2.19e-06
5.71149e-01 2.18e-06
5.71714e-01 2.18e-06
5.72729e-01 2.17e-06
5.73800e-01 2.16e-06
5.74870e-01 2.15e-06
5.75883e-01 2.15e-06
5.76950e-01 2.14e-06
5.77961e-01 2.13e-06
5.79026e-01 2.13e-06
5.80090e-01 2.12e-06
5.81098e-01 2.12e-06
5.82160e-01 2.11e-06
5.83165e-01 2.11e-06
5.84225e-01 2.10e-06
5.85228e-01 2.09e-06
5.86230e-01 2.09e-06
5.87287e-01 2.08e-06
5.88287e-01 2.08e-06
5.89286e-01 2.07e-06
5.90339e-01 2.07e-06
5.91336e-01 2.06e-06
5.92332e-01 2.06e-06
5.93382e-01 2.05e-06
5.94376e-01 2.05e-06
5.95369e-01 2.04e-06
5.96361e-01 2.04e-06
5.97407e-01 2.03e-06
5.98397e-01 2.03e-06
5.99386e-01 2.02e-06
6.00374e-01 2.02e-06
6.01361e-01 2.01e-06
6.02347e-01 2.01e-06
6.02839e-01 2.01e-06
6.03332e-01 2.01e-06
6.03824e-01 2.02e-06
6.04316e-01 2.06e-06
6.04808e-01 8.10e-06
6.05299e-01 2.07e-06
6.05790e-01 2.01e-06
6.06281e-01 2.00e-06
6.06772e-01 1.99e-06
6.07753e-01 1.99e-06
6.08732e-01 1.98e-06
6.09222e-01 1.98e-06
6.10689e-01 1.98e-06
6.11178e-01 1.98e-06
6.11666e-01 1.99e-06
6.12154e-01 2.01e-06
6.12642e-01 2.04e-06
6.13129e-01 2.17e-06
6.13617e-01 3.17e-06
6.14104e-01 1.53e-05
6.14591e-01 2.38e-06
6.15023e-01 2.08e-06
6.15510e-01 2.01e-06
6.15996e-01 1.98e-06
6.16482e-01 1.96e-06
6.16968e-01 1.95e-06
6.17453e-01 1.95e-06
6.18424e-01 1.94e-06
6.19339e-01 1.93e-06
6.20308e-01 1.92e-06
6.21275e-01 1.92e-06
6.22242e-01 1.91e-06
6.23154e-01 1.91e-06
6.24119e-01 1.90e-06
6.25082e-01 1.90e-06
6.25992e-01 1.89e-06
6.26954e-01 1.89e-06
6.27862e-01 1.89e-06
6.28822e-01 1.88e-06
6.29728e-01 1.88e-06
6.30686e-01 1.87e-06
6.31591e-01 1.87e-06
6.32548e-01 1.87e-06
6.33450e-01 1.86e-06
6.34405e-01 1.86e-06
6.35306e-01 1.86e-06
6.37159e-01 1.85e-06
6.37634e-01 1.85e-06
6.38110e-01 1.86e-06
6.38533e-01 1.88e-06
6.39008e-01 2.12e-06
6.39483e-01 2.16e-06
6.39905e-01 1.87e-06
6.40379e-01 1.85e-06
6.40853e-01 1.84e-06
6.41275e-01 1.84e-06
6.41749e-01 1.84e-06
6.42222e-01 1.84e-06
6.42643e-01 1.84e-06
6.43116e-01 1.85e-06
6.43537e-01 1.85e-06
6.44009e-01 1.88e-06
6.44482e-01 1.93e-06
6.44902e-01 2.13e-06
6.45374e-01 4.51e-06
6.45846e-01 4.82e-06
6.46265e-01 2.14e-06
6.46737e-01 1.92e-06
6.47156e-01 1.86e-06
6.47627e-01 1.84e-06
6.48098e-01 1.82e-06
6.48516e-01 1.82e-06
6.48986e-01 1.81e-06
6.49874e-01 1.80e-06
6.50761e-01 1.79e-06
6.51648e-01 1.79e-06
6.52533e-01 1.78e-06
6.53418e-01 1.78e-06
6.54302e-01 1.78e-06
6.55186e-01 1.77e-06
6.56120e-01 1.77e-06
6.57002e-01 1.77e-06
6.57883e-01 1.76e-06
6.58763e-01 1.76e-06
6.59642e-01 1.76e-06
6.60469e-01 1.75e-06
6.61347e-01 1.75e-06
6.62224e-01 1.75e-06
6.63100e-01 1.74e-06
6.63976e-01 1.74e-06
6.64851e-01 1.74e-06
6.65725e-01 1.74e-06
6.66598e-01 1.73e-06
6.67470e-01 1.73e-06
6.68291e-01 1.73e-06
6.69162e-01 1.73e-06
6.70032e-01 1.73e-06
6.72587e-01 1.72e-06
6.73455e-01 1.73e-06
6.74321e-01 1.73e-06
6.74729e-01 1.73e-06
6.75594e-01 1.74e-06
6.76001e-01 1.74e-06
6.76408e-01 1.74e-06
6.76865e-01 1.75e-06
6.77272e-01 1.76e-06
6.77678e-01 1.77e-06
6.78135e-01 1.78e-06
6.78541e-01 1.80e-06
6.78947e-01 1.82e-06
6.79403e-01 1.84e-06
6.79809e-01 1.88e-06
6.80214e-01 1.93e-06
6.80619e-01 2.00e-06
6.81075e-01 2.10e-06
6.81479e-01 2.26e-06
6.81884e-01 2.53e-06
6.82339e-01 3.04e-06
6.82743e-01 4.17e-06
6.83147e-01 7.58e-06
6.83551e-01 2.90e-05
6.84006e-01 1.35e-03
6.84409e-01 1.81e-05
6.84813e-01 6.27e-06
6.85266e-01 3.79e-06
6.85669e-01 2.88e-06
6.86072e-01 2.44e-06
6.86475e-01 2.20e-06
6.86878e-01 2.05e-06
6.87330e-01 1.96e-06
6.87733e-01 1.89e-06
6.88135e-01 1.84e-06
6.88537e-01 1.81e-06
6.88989e-01 1.78e-06
6.89390e-01 1.75e-06
6.89792e-01 1.74e-06
6.90193e-01 2.19e-06
6.90594e-01 2.17e-06
6.91045e-01 2.16e-06
6.91446e-01 2.15e-06
6.92247e-01 2.14e-06
6.93097e-01 2.13e-06
6.93897e-01 2.12e-06
6.94696e-01 2.11e-06
6.95544e-01 2.10e-06
6.96342e-01 2.09e-06
6.97139e-01 2.09e-06
6.97985e-01 2.08e-06
6.98781e-01 2.08e-06
6.99576e-01 2.07e-06
7.00371e-01 2.07e-06
7.01215e-01 2.07e-06
7.02008e-01 2.06e-06
7.02800e-01 2.06e-06
7.03592e-01 2.05e-06
7.04384e-01 2.05e-06
7.05224e-01 2.05e-06
7.06014e-01 2.04e-06
7.06804e-01 2.04e-06
7.07592e-01 2.04e-06
7.08381e-01 2.03e-06
7.09168e-01 2.03e-06
7.09955e-01 2.03e-06
7.10741e-01 2.02e-06
7.11527e-01 2.02e-06
7.12361e-01 2.02e-06
7.13146e-01 2.02e-06
7.13930e-01 2.01e-06
7.14713e-01 2.01e-06
7.15496e-01 2.01e-06
7.16278e-01 2.00e-06
7.17059e-01 2.00e-06
7.17791e-01 2.00e-06
7.18571e-01 1.99e-06
7.19351e-01 1.99e-06
7.20130e-01 1.99e-06
7.20908e-01 1.98e-06
7.21686e-01 1.98e-06
7.22463e-01 1.98e-06
7.23240e-01 1.98e-06
7.24016e-01 1.97e-06
7.24743e-01 1.97e-06
7.25518e-01 1.97e-06
7.26292e-01 1.97e-06
7.26679e-01 1.95e-06
7.27065e-01 1.95e-06
7.27452e-01 1.95e-06
7.27838e-01 1.96e-06
7.28225e-01 2.05e-06
7.28611e-01 2.65e-06
7.28949e-01 1.98e-06
7.29334e-01 1.95e-06
7.29720e-01 1.94e-06
7.30106e-01 1.94e-06
7.31262e-01 1.94e-06
7.33905e-01 1.93e-06
7.34241e-01 1.93e-06
7.35009e-01 1.93e-06
7.35392e-01 1.94e-06
7.35776e-01 1.94e-06
7.36159e-01 1.95e-06
7.36494e-01 1.97e-06
7.36877e-01 2.00e-06
7.37260e-01 2.08e-06
7.37642e-01 2.33e-06
7.38025e-01 4.11e-06
7.38360e-01 3.04e-05
7.38742e-01 2.82e-06
7.39124e-01 2.18e-06
7.39506e-01 2.03e-06
7.39888e-01 1.98e-06
7.40222e-01 1.95e-06
7.40603e-01 1.93e-06
7.40985e-01 1.93e-06
7.41366e-01 1.92e-06
7.41747e-01 1.92e-06
7.42080e-01 1.92e-06
7.42461e-01 1.93e-06
7.42842e-01 1.96e-06
7.43222e-01 2.15e-06
7.43603e-01 8.41e-05
7.43935e-01 2.09e-06
7.44315e-01 1.94e-06
7.44695e-01 1.91e-06
7.45075e-01 1.90e-06
7.45408e-01 1.89e-06
7.45787e-01 1.89e-06
7.46546e-01 1.88e-06
7.47257e-01 1.88e-06
7.47967e-01 1.87e-06
7.48724e-01 1.87e-06
7.49433e-01 1.87e-06
7.50189e-01 1.86e-06
7.50897e-01 1.86e-06
7.51652e-01 1.86e-06
7.52359e-01 1.86e-06
7.53066e-01 1.85e-06
7.53819e-01 1.85e-06
7.57061e-01 1.84e-06
7.57436e-01 1.84e-06
7.57764e-01 1.84e-06
7.58139e-01 1.85e-06
7.58467e-01 1.88e-06
7.58841e-01 3.10e-06
7.59216e-01 1.92e-06
7.59543e-01 1.85e-06
7.59918e-01 1.84e-06
7.60292e-01 1.83e-06
7.60993e-01 1.83e-06
7.61693e-01 1.83e-06
7.62393e-01 1.82e-06
7.63140e-01 1.82e-06
7.63839e-01 1.82e-06
7.64537e-01 1.82e-06
7.65235e-01 1.81e-06
7.65979e-01 1.81e-06
7.66676e-01 1.81e-06
7.67373e-01 1.81e-06
7.84997e-01 1.76e-06
7.85681e-01 1.76e-06
7.86364e-01 1.75e-06
7.87047e-01 1.75e-06
7.87730e-01 1.75e-06
7.88366e-01 1.75e-06
7.89048e-01 1.75e-06
7.89729e-01 1.75e-06
7.90410e-01 1.74e-06
7.91090e-01 1.74e-06
7.91770e-01 1.74e-06
7.92404e-01 1.74e-06
7.93083e-01 1.74e-06
7.93761e-01 1.74e-06
7.94439e-01 1.73e-06
7.96426e-01 1.73e-06
7.96741e-01 1.73e-06
7.97102e-01 1.74e-06
7.97417e-01 1.73e-06
7.98093e-01 1.72e-06
7.98768e-01 1.72e-06
7.99397e-01 1.72e-06
8.00071e-01 1.72e-06
8.00745e-01 1.72e-06
8.01374e-01 1.71e-06
8.02046e-01 1.71e-06
8.02719e-01 1.71e-06
8.03346e-01 1.71e-06
8.03704e-01 1.71e-06
8.04017e-01 1.73e-06
8.04644e-01 1.72e-06
8.05314e-01 1.72e-06
8.05985e-01 1.72e-06
8.06610e-01 1.72e-06
8.07279e-01 1.72e-06
8.07903e-01 1.72e-06
8.08572e-01 1.71e-06
8.09240e-01 1.71e-06
8.09863e-01 1.71e-06
8.10530e-01 1.71e-06
8.11152e-01 1.71e-06
8.11819e-01 1.70e-06
8.12440e-01 1.70e-06
8.13106e-01 1.70e-06
8.13726e-01 1.70e-06
8.14391e-01 1.70e-06
8.15011e-01 1.70e-06
8.15674e-01 1.69e-06
8.16294e-01 1.69e-06
8.16956e-01 1.69e-06
8.17575e-01 1.69e-06
8.18193e-01 1.69e-06
8.18854e-01 1.68e-06
8.19471e-01 1.68e-06
8.20132e-01 1.68e-06
8.20749e-01 1.68e-06
8.21364e-01 1.68e-06
8.22024e-01 1.68e-06
8.22639e-01 1.67e-06
8.24833e-01 1.67e-06
8.25184e-01 1.67e-06
8.25490e-01 1.70e-06
8.25797e-01 1.67e-06
8.26410e-01 1.66e-06
8.27066e-01 1.66e-06
8.27678e-01 1.66e-06
8.28290e-01 1.66e-06
8.28945e-01 1.66e-06
8.29556e-01 1.66e-06
8.48825e-01 1.60e-06
8.63902e-01 1.57e-06
8.64197e-01 1.57e-06
8.64492e-01 1.57e-06
8.64745e-01 1.57e-06
8.85048e-01 1.52e-06
8.93677e-01 1.50e-06
8.93922e-01 1.52e-06
8.94209e-01 1.52e-06
8.94495e-01 1.50e-06
8.94781e-01 1.50e-06
9.11841e-01 1.46e-06
9.18728e-01 1.44e-06
9.18967e-01 1.44e-06
9.19246e-01 1.57e-06
9.19486e-01 1.44e-06
9.20283e-01 1.44e-06
9.25766e-01 1.43e-06
9.28101e-01 1.43e-06
9.29128e-01 1.43e-06
9.30194e-01 1.44e-06
9.30706e-01 1.44e-06
9.31219e-01 1.44e-06
9.31731e-01 1.45e-06
9.32243e-01 1.45e-06
9.32479e-01 1.46e-06
9.32754e-01 1.46e-06
9.32991e-01 1.47e-06
9.33266e-01 1.47e-06
9.33541e-01 1.48e-06
9.33777e-01 1.49e-06
9.34052e-01 1.51e-06
9.34288e-01 1.53e-06
9.34563e-01 1.55e-06
9.34798e-01 1.59e-06
9.35073e-01 1.66e-06
9.35309e-01 1.86e-06
9.35583e-01 3.61e-06
9.35819e-01 5.35e-06
9.36093e-01 2.13e-06
9.36329e-01 2.07e-06
9.36603e-01 2.27e-06
9.36838e-01 2.71e-06
9.37112e-01 3.73e-06
9.37347e-01 6.78e-06
9.37622e-01 2.49e-05
9.37857e-01 3.17e-03
9.38130e-01 1.82e-05
9.38365e-01 5.95e-06
9.38639e-01 3.48e-06
9.38874e-01 2.58e-06
9.39148e-01 2.16e-06
9.39382e-01 1.93e-06
9.39656e-01 1.79e-06
9.39890e-01 1.70e-06
9.40163e-01 1.64e-06
9.40398e-01 1.59e-06
9.40671e-01 1.56e-06
9.40905e-01 1.53e-06
9.41139e-01 1.51e-06
9.41413e-01 1.49e-06
9.41647e-01 1.48e-06
9.41919e-01 1.47e-06
9.42153e-01 1.46e-06
9.42426e-01 1.45e-06
9.42660e-01 1.45e-06
9.42933e-01 1.45e-06
9.43166e-01 1.44e-06
9.43439e-01 1.44e-06
9.43672e-01 1.44e-06
9.43945e-01 1.44e-06
9.44178e-01 1.45e-06
9.44450e-01 1.47e-06
9.44684e-01 1.50e-06
9.44956e-01 1.58e-06
9.45189e-01 1.87e-06
9.45422e-01 4.96e-06
9.45694e-01 7.49e-06
9.45927e-01 1.96e-06
9.46199e-01 1.59e-06
9.46432e-01 1.49e-06
9.46704e-01 1.45e-06
9.46936e-01 1.43e-06
9.47208e-01 1.42e-06
9.47441e-01 1.41e-06
9.47712e-01 1.40e-06
9.47944e-01 1.40e-06
9.48448e-01 1.39e-06
9.48952e-01 1.39e-06
9.49455e-01 1.39e-06
9.49919e-01 1.38e-06
9.50422e-01 1.38e-06
9.50924e-01 1.38e-06
9.51426e-01 1.38e-06
9.51928e-01 1.37e-06
9.52430e-01 1.37e-06
9.52931e-01 1.37e-06
9.53394e-01 1.37e-06
9.62487e-01 1.35e-06
9.79979e-01 1.31e-06
9.99271e-01 1.27e-06
9.99492e-01 1.27e-06
9.99712e-01 1.27e-06
9.99933e-01 1.27e-06
1.00015e+00 1.27e-06
1.01146e+00 1.24e-06
1.01881e+00 1.22e-06
1.02780e+00 1.20e-06
1.03105e+00 1.20e-06
1.03126e+00 1.20e-06
1.03147e+00 1.20e-06
1.03233e+00 1.20e-06
1.03276e+00 1.20e-06
1.03322e+00 1.20e-06
1.03343e+00 1.20e-06
1.03365e+00 1.21e-06
1.03386e+00 1.21e-06
1.03407e+00 1.21e-06
1.03429e+00 1.22e-06
1.03450e+00 1.23e-06
1.03471e+00 1.25e-06
1.03493e+00 1.28e-06
1.03514e+00 1.34e-06
1.03535e+00 1.48e-06
1.03557e+00 1.93e-06
1.03578e+00 5.74e-06
1.03599e+00 2.17e-05
1.03620e+00 2.38e-06
1.03642e+00 1.57e-06
1.03663e+00 1.37e-06
1.03684e+00 1.29e-06
1.03706e+00 1.26e-06
1.03730e+00 1.23e-06
1.03752e+00 1.22e-06
1.03773e+00 1.21e-06
1.03794e+00 1.21e-06
1.03815e+00 1.20e-06
1.03837e+00 1.20e-06
1.03879e+00 1.19e-06
1.03922e+00 1.19e-06
1.03985e+00 1.19e-06
1.04091e+00 1.19e-06
1.04176e+00 1.19e-06
1.04218e+00 1.19e-06
1.04261e+00 1.19e-06
1.04282e+00 1.19e-06
1.04303e+00 1.20e-06
1.04324e+00 1.20e-06
1.04349e+00 1.21e-06
1.04370e+00 1.22e-06
1.04391e+00 1.25e-06
1.04412e+00 1.30e-06
1.04433e+00 1.43e-06
1.04454e+00 2.14e-06
1.04475e+00 4.60e-04
1.04497e+00 2.35e-06
1.04518e+00 1.46e-06
1.04539e+00 1.31e-06
1.04560e+00 1.25e-06
1.04581e+00 1.23e-06
1.04602e+00 1.22e-06
1.04623e+00 1.21e-06
1.04644e+00 1.21e-06
1.04665e+00 1.20e-06
1.04686e+00 1.20e-06
1.04707e+00 1.20e-06
1.04749e+00 1.21e-06
1.04792e+00 1.21e-06
1.04813e+00 1.21e-06
1.04834e+00 1.22e-06
1.04855e+00 1.22e-06
1.04876e+00 1.22e-06
1.04897e+00 1.23e-06
1.04918e+00 1.24e-06
1.04939e+00 1.25e-06
1.04960e+00 1.26e-06
1.04981e+00 1.27e-06
1.05002e+00 1.29e-06
1.05023e+00 1.31e-06
1.05044e+00 1.34e-06
1.05065e+00 1.38e-06
1.05086e+00 1.44e-06
1.05107e+00 1.52e-06
1.05128e+00 1.64e-06
1.05149e+00 1.83e-06
1.05170e+00 2.18e-06
1.05190e+00 2.89e-06
1.05211e+00 4.73e-06
1.05232e+00 1.24e-05
1.05253e+00 2.24e-04
1.05274e+00 3.87e-05
1.05295e+00 7.62e-06
1.05316e+00 3.73e-06
1.05337e+00 2.53e-06
1.05358e+00 2.01e-06
1.05379e+00 1.74e-06
1.05400e+00 1.58e-06
1.05421e+00 1.48e-06
1.05442e+00 1.41e-06
1.05463e+00 1.36e-06
1.05483e+00 1.33e-06
1.05504e+00 1.30e-06
1.05522e+00 1.28e-06
1.05543e+00 1.26e-06
1.05564e+00 1.25e-06
1.05584e+00 1.24e-06
1.05605e+00 1.23e-06
1.05626e+00 1.22e-06
1.05647e+00 1.21e-06
1.05668e+00 1.21e-06
1.05689e+00 1.20e-06
1.05730e+00 1.19e-06
1.05772e+00 1.19e-06
1.05814e+00 1.18e-06
1.05855e+00 1.18e-06
1.05897e+00 1.18e-06
1.05939e+00 1.17e-06
1.05980e+00 1.17e-06
1.06022e+00 1.17e-06
1.06063e+00 1.17e-06
1.06412e+00 1.16e-06
1.07609e+00 1.14e-06
1.08431e+00 1.12e-06
1.08769e+00 1.12e-06
1.08947e+00 1.12e-06
1.09045e+00 1.12e-06
1.09122e+00 1.12e-06
1.09162e+00 1.12e-06
1.09202e+00 1.13e-06
1.09223e+00 1.13e-06
1.09239e+00 1.13e-06
1.09259e+00 1.14e-06
1.09280e+00 1.15e-06
1.09300e+00 1.16e-06
1.09320e+00 1.17e-06
1.09340e+00 1.19e-06
1.09357e+00 1.23e-06
1.09377e+00 1.30e-06
1.09397e+00 1.45e-06
1.09417e+00 1.87e-06
1.09437e+00 3.96e-06
1.09457e+00 5.89e-04
1.09477e+00 4.86e-06
1.09494e+00 1.98e-06
1.09514e+00 1.48e-06
1.09534e+00 1.31e-06
1.09554e+00 1.24e-06
1.09574e+00 1.20e-06
1.09594e+00 1.17e-06
1.09611e+00 1.15e-06
1.09631e+00 1.14e-06
1.09651e+00 1.14e-06
1.09671e+00 1.13e-06
1.09691e+00 1.13e-06
1.09711e+00 1.12e-06
1.09728e+00 1.12e-06
1.09768e+00 1.12e-06
1.09808e+00 1.11e-06
1.09828e+00 1.11e-06
1.09885e+00 1.11e-06
1.09905e+00 1.11e-06
1.09925e+00 1.11e-06
1.09945e+00 1.12e-06
1.09961e+00 1.12e-06
1.09981e+00 1.12e-06
1.10001e+00 1.13e-06
1.10021e+00 1.15e-06
1.10041e+00 1.18e-06
1.10061e+00 1.24e-06
1.10078e+00 1.46e-06
1.10098e+00 3.24e-06
1.10118e+00 1.29e-05
1.10138e+00 1.72e-06
1.10157e+00 1.30e-06
1.10177e+00 1.19e-06
1.10194e+00 1.15e-06
1.10214e+00 1.13e-06
1.10234e+00 1.12e-06
1.10254e+00 1.11e-06
1.10274e+00 1.11e-06
1.10290e+00 1.11e-06
1.10310e+00 1.10e-06
1.10350e+00 1.10e-06
1.10370e+00 1.11e-06
1.10390e+00 1.10e-06
1.10426e+00 1.10e-06
1.10486e+00 1.10e-06
1.10658e+00 1.09e-06
1.10810e+00 1.09e-06
1.10926e+00 1.10e-06
1.10965e+00 1.10e-06
1.11001e+00 1.10e-06
1.11041e+00 1.10e-06
1.11080e+00 1.10e-06
1.11117e+00 1.11e-06
1.11156e+00 1.11e-06
1.11192e+00 1.12e-06
1.11212e+00 1.12e-06
1.11232e+00 1.13e-06
1.11252e+00 1.14e-06
1.11268e+00 1.14e-06
1.11288e+00 1.15e-06
1.11307e+00 1.16e-06
1.11327e+00 1.18e-06
1.11347e+00 1.19e-06
1.11363e+00 1.22e-06
1.11383e+00 1.24e-06
1.11403e+00 1.28e-06
1.11422e+00 1.33e-06
1.11442e+00 1.41e-06
1.11458e+00 1.52e-06
1.11478e+00 1.69e-06
1.11498e+00 2.00e-06
1.11517e+00 2.59e-06
1.11534e+00 4.01e-06
1.11553e+00 9.00e-06
1.11573e+00 6.28e-05
1.11593e+00 9.91e-05
1.11612e+00 1.03e-05
1.11629e+00 4.30e-06
1.11648e+00 2.70e-06
1.11668e+00 2.05e-06
1.11688e+00 1.72e-06
1.11704e+00 1.53e-06
1.11724e+00 1.42e-06
1.11743e+00 1.34e-06
1.11763e+00 1.28e-06
1.11783e+00 1.24e-06
1.11799e+00 1.21e-06
1.11819e+00 1.19e-06
1.11838e+00 1.17e-06
1.11858e+00 1.16e-06
1.11874e+00 1.15e-06
1.11894e+00 1.14e-06
1.11913e+00 1.13e-06
1.11933e+00 1.12e-06
1.11953e+00 1.12e-06
1.11969e+00 1.11e-06
1.11988e+00 1.11e-06
1.12028e+00 1.10e-06
1.12063e+00 1.09e-06
1.12103e+00 1.09e-06
1.12138e+00 1.08e-06
1.12178e+00 1.08e-06
1.12213e+00 1.08e-06
1.12252e+00 1.08e-06
1.12288e+00 1.07e-06
1.12327e+00 1.07e-06
1.12383e+00 1.07e-06
1.12402e+00 1.08e-06
1.12422e+00 1.08e-06
1.12438e+00 1.07e-06
1.12457e+00 1.07e-06
1.12626e+00 1.06e-06
1.12736e+00 1.06e-06
1.12775e+00 1.07e-06
1.12811e+00 1.07e-06
1.12849e+00 1.07e-06
1.12869e+00 1.07e-06
1.12904e+00 1.07e-06
1.12924e+00 1.08e-06
1.12943e+00 1.08e-06
1.12959e+00 1.08e-06
1.12979e+00 1.09e-06
1.12998e+00 1.10e-06
1.13018e+00 1.11e-06
1.13034e+00 1.12e-06
1.13053e+00 1.14e-06
1.13072e+00 1.18e-06
1.13092e+00 1.24e-06
1.13108e+00 1.35e-06
1.13127e+00 1.60e-06
1.13147e+00 2.39e-06
1.13166e+00 7.87e-06
1.13182e+00 9.48e-05
1.13201e+00 3.98e-06
1.13221e+00 1.93e-06
1.13237e+00 1.47e-06
1.13256e+00 1.29e-06
1.13276e+00 1.21e-06
1.13295e+00 1.16e-06
1.13311e+00 1.13e-06
1.13330e+00 1.11e-06
1.13350e+00 1.10e-06
1.13369e+00 1.09e-06
1.13385e+00 1.08e-06
1.13404e+00 1.08e-06
1.13424e+00 1.08e-06
1.13443e+00 1.07e-06
1.13459e+00 1.07e-06
1.13478e+00 1.07e-06
1.13498e+00 1.07e-06
1.13514e+00 1.07e-06
1.13533e+00 1.08e-06
1.13552e+00 1.09e-06
1.13572e+00 1.10e-06
1.13588e+00 1.13e-06
1.13607e+00 1.21e-06
1.13626e+00 1.45e-06
1.13645e+00 3.53e-06
1.13661e+00 1.06e-05
1.13681e+00 1.67e-06
1.13700e+00 1.25e-06
1.13716e+00 1.14e-06
1.13735e+00 1.10e-06
1.13754e+00 1.08e-06
1.13774e+00 1.07e-06
1.13790e+00 1.06e-06
1.13809e+00 1.06e-06
1.13828e+00 1.05e-06
1.13844e+00 1.05e-06
1.13883e+00 1.05e-06
1.13918e+00 1.04e-06
1.13956e+00 1.04e-06
1.13991e+00 1.04e-06
1.14030e+00 1.04e-06
1.14065e+00 1.04e-06
1.14100e+00 1.04e-06
1.14413e+00 1.03e-06
1.14610e+00 1.03e-06
1.14683e+00 1.03e-06
1.14702e+00 1.04e-06
1.14718e+00 1.04e-06
1.14737e+00 1.04e-06
1.14810e+00 1.04e-06
1.14845e+00 1.04e-06
1.14883e+00 1.04e-06
1.14918e+00 1.04e-06
1.14956e+00 1.05e-06
1.14991e+00 1.05e-06
1.15026e+00 1.05e-06
1.15064e+00 1.06e-06
1.15098e+00 1.07e-06
1.15117e+00 1.07e-06
1.15133e+00 1.08e-06
1.15152e+00 1.08e-06
1.15171e+00 1.09e-06
1.15187e+00 1.10e-06
1.15206e+00 1.11e-06
1.15225e+00 1.12e-06
1.15244e+00 1.14e-06
1.15260e+00 1.16e-06
1.15278e+00 1.18e-06
1.15297e+00 1.22e-06
1.15313e+00 1.26e-06
1.15332e+00 1.32e-06
1.15351e+00 1.41e-06
1.15367e+00 1.55e-06
1.15386e+00 1.76e-06
1.15405e+00 2.14e-06
1.15420e+00 2.92e-06
1.15439e+00 4.93e-06
1.15458e+00 1.32e-05
1.15474e+00 2.32e-04
1.15493e+00 4.24e-05
1.15512e+00 8.15e-06
1.15528e+00 3.89e-06
1.15547e+00 2.60e-06
1.15565e+00 2.05e-06
1.15581e+00 1.79e-06
1.15600e+00 1.69e-06
1.15619e+00 1.70e-06
1.15638e+00 1.89e-06
1.15654e+00 2.62e-06
1.15672e+00 7.01e-06
1.15691e+00 4.13e-04
1.15707e+00 5.95e-06
1.15726e+00 2.39e-06
1.15745e+00 1.68e-06
1.15760e+00 1.42e-06
1.15779e+00 1.29e-06
1.15798e+00 1.22e-06
1.15814e+00 1.18e-06
1.15833e+00 1.15e-06
1.15852e+00 1.13e-06
1.15867e+00 1.11e-06
1.15886e+00 1.10e-06
1.15905e+00 1.10e-06
1.15921e+00 1.10e-06
1.15939e+00 1.10e-06
1.15958e+00 1.11e-06
1.15974e+00 1.14e-06
1.15993e+00 1.21e-06
1.16011e+00 1.44e-06
1.16027e+00 3.25e-06
1.16046e+00 1.53e-05
1.16065e+00 1.78e-06
1.16080e+00 1.27e-06
1.16099e+00 1.14e-06
1.16118e+00 1.09e-06
1.16134e+00 1.07e-06
1.16152e+00 1.05e-06
1.16171e+00 1.04e-06
1.16187e+00 1.04e-06
1.16206e+00 1.03e-06
1.16224e+00 1.03e-06
1.16240e+00 1.03e-06
1.16278e+00 1.02e-06
1.16312e+00 1.02e-06
1.16346e+00 1.02e-06
1.16384e+00 1.01e-06
1.16418e+00 1.01e-06
1.16452e+00 1.01e-06
1.16487e+00 1.01e-06
1.16752e+00 1.00e-06
1.17087e+00 9.97e-07
1.17208e+00 9.97e-07
1.17347e+00 9.99e-07
1.17381e+00 9.99e-07
1.17418e+00 1.00e-06
1.17452e+00 1.00e-06
1.17486e+00 1.00e-06
1.17523e+00 1.01e-06
1.17539e+00 1.01e-06
1.17557e+00 1.01e-06
1.17573e+00 1.01e-06
1.17610e+00 1.01e-06
1.17644e+00 1.02e-06
1.17678e+00 1.03e-06
1.17696e+00 1.03e-06
1.17715e+00 1.03e-06
1.17730e+00 1.04e-06
1.17749e+00 1.05e-06
1.17764e+00 1.05e-06
1.17782e+00 1.06e-06
1.17801e+00 1.07e-06
1.17816e+00 1.09e-06
1.17835e+00 1.11e-06
1.17853e+00 1.13e-06
1.17869e+00 1.15e-06
1.17887e+00 1.19e-06
1.17902e+00 1.24e-06
1.17921e+00 1.31e-06
1.17939e+00 1.40e-06
1.17955e+00 1.55e-06
1.17973e+00 1.79e-06
1.17992e+00 2.21e-06
1.18007e+00 3.07e-06
1.18025e+00 5.31e-06
1.18041e+00 1.47e-05
1.18059e+00 2.64e-04
1.18078e+00 4.43e-05
1.18093e+00 8.63e-06
1.18111e+00 4.04e-06
1.18130e+00 2.61e-06
1.18145e+00 1.99e-06
1.18164e+00 1.67e-06
1.18179e+00 1.48e-06
1.18197e+00 1.35e-06
1.18216e+00 1.27e-06
1.18231e+00 1.21e-06
1.18249e+00 1.17e-06
1.18268e+00 1.14e-06
1.18283e+00 1.11e-06
1.18301e+00 1.09e-06
1.18317e+00 1.08e-06
1.18335e+00 1.06e-06
1.18354e+00 1.05e-06
1.18369e+00 1.04e-06
1.18387e+00 1.04e-06
1.18406e+00 1.03e-06
1.18421e+00 1.02e-06
1.18439e+00 1.02e-06
1.18455e+00 1.01e-06
1.18491e+00 1.01e-06
1.18525e+00 1.00e-06
1.18558e+00 9.97e-07
1.18592e+00 9.94e-07
1.18626e+00 9.90e-07
1.18662e+00 9.88e-07
1.18696e+00 9.86e-07
1.18729e+00 9.84e-07
1.18763e+00 9.82e-07
1.18800e+00 9.81e-07
1.18833e+00 9.80e-07
1.18867e+00 9.79e-07
1.18900e+00 9.78e-07
1.19089e+00 9.76e-07
1.19174e+00 9.77e-07
1.19241e+00 9.79e-07
1.19277e+00 9.80e-07
1.19310e+00 9.82e-07
1.19344e+00 9.84e-07
1.19377e+00 9.87e-07
1.19410e+00 9.91e-07
1.19447e+00 9.96e-07
1.19462e+00 9.99e-07
1.19480e+00 1.00e-06
1.19495e+00 1.01e-06
1.19513e+00 1.02e-06
1.19532e+00 1.02e-06
1.19547e+00 1.02e-06
1.19565e+00 1.03e-06
1.19580e+00 1.04e-06
1.19598e+00 1.05e-06
1.19616e+00 1.06e-06
1.19631e+00 1.08e-06
1.19649e+00 1.10e-06
1.19665e+00 1.12e-06
1.19683e+00 1.15e-06
1.19698e+00 1.20e-06
1.19716e+00 1.25e-06
1.19734e+00 1.33e-06
1.19749e+00 1.45e-06
1.19767e+00 1.62e-06
1.19782e+00 1.90e-06
1.19801e+00 2.42e-06
1.19819e+00 3.51e-06
1.19834e+00 6.45e-06
1.19852e+00 2.01e-05
1.19867e+00 6.32e-04
1.19885e+00 3.41e-05
1.19903e+00 8.21e-06
1.19918e+00 4.03e-06
1.19936e+00 2.64e-06
1.19951e+00 3.83e-06
1.19969e+00 3.50e-06
1.19987e+00 3.30e-06
1.20003e+00 3.17e-06
1.20021e+00 3.08e-06
1.20036e+00 3.02e-06
1.20054e+00 2.97e-06
1.20069e+00 2.94e-06
1.20087e+00 2.91e-06
1.20105e+00 2.89e-06
1.20120e+00 2.87e-06
1.20138e+00 2.86e-06
1.20153e+00 2.85e-06
1.20171e+00 2.84e-06
1.20204e+00 2.82e-06
1.20237e+00 2.81e-06
1.20270e+00 2.80e-06
1.20306e+00 2.80e-06
1.20339e+00 2.79e-06
1.20372e+00 2.79e-06
1.20405e+00 2.78e-06
1.20438e+00 2.78e-06
1.20690e+00 2.77e-06
1.21105e+00 2.76e-06
1.21337e+00 2.77e-06
1.21420e+00 2.77e-06
1.21485e+00 2.78e-06
1.21521e+00 2.78e-06
1.21536e+00 2.79e-06
1.21554e+00 2.79e-06
1.21568e+00 2.80e-06
1.21586e+00 2.81e-06
1.21601e+00 2.83e-06
1.21619e+00 2.87e-06
1.21634e+00 2.92e-06
1.21651e+00 3.04e-06
1.21669e+00 3.34e-06
1.21684e+00 4.60e-06
1.21702e+00 4.43e-05
1.21717e+00 8.43e-06
1.21734e+00 3.76e-06
1.21749e+00 3.16e-06
1.21767e+00 2.97e-06
1.21782e+00 2.89e-06
1.21799e+00 2.85e-06
1.21817e+00 2.82e-06
1.21832e+00 2.81e-06
1.21850e+00 2.80e-06
1.21864e+00 2.79e-06
1.21897e+00 2.78e-06
1.21932e+00 2.77e-06
1.21965e+00 2.77e-06
1.22012e+00 2.77e-06
1.22227e+00 2.76e-06
1.22472e+00 2.76e-06
1.22486e+00 8.43e-06
1.29267e+00 7.73e-06
1.30674e+00 7.58e-06
1.32776e+00 7.33e-06
1.32790e+00 7.74e-06
1.32806e+00 7.33e-06
1.32819e+00 7.32e-06
1.37725e+00 6.69e-06
1.40305e+00 6.45e-06
1.40345e+00 6.46e-06
1.40359e+00 6.46e-06
1.40374e+00 6.47e-06
1.40386e+00 6.50e-06
1.40401e+00 6.55e-06
1.40413e+00 6.72e-06
1.40428e+00 8.03e-06
1.40440e+00 1.82e-05
1.40455e+00 6.95e-06
1.40467e+00 6.59e-06
1.40482e+00 6.51e-06
1.40497e+00 6.47e-06
1.40509e+00 6.45e-06
1.40524e+00 6.44e-06
1.40563e+00 6.43e-06
1.40742e+00 6.40e-06
1.43172e+00 6.16e-06
1.44558e+00 6.01e-06
1.46291e+00 5.82e-06
1.48256e+00 5.62e-06
1.48815e+00 5.53e-06
1.48829e+00 5.53e-06
1.48842e+00 5.54e-06
1.48854e+00 5.55e-06
1.48867e+00 5.58e-06
1.48881e+00 5.70e-06
1.48894e+00 7.79e-06
1.48908e+00 6.68e-06
1.48919e+00 5.66e-06
1.48932e+00 5.56e-06
1.48946e+00 5.53e-06
1.48960e+00 5.51e-06
1.48984e+00 5.50e-06
1.49011e+00 5.49e-06
1.49958e+00 5.30e-06
1.50125e+00 5.27e-06
1.51559e+00 5.21e-06
1.51805e+00 5.21e-06
1.51818e+00 5.22e-06
1.51831e+00 5.40e-06
1.51842e+00 5.26e-06
1.51855e+00 5.21e-06
1.51868e+00 5.21e-06
1.52113e+00 5.18e-06
1.53333e+00 5.08e-06
1.53461e+00 5.07e-06
1.53487e+00 5.08e-06
1.53499e+00 5.09e-06
1.53512e+00 5.12e-06
1.53525e+00 5.28e-06
1.53538e+00 5.17e-05
1.53551e+00 5.56e-06
1.53564e+00 5.13e-06
1.53577e+00 5.09e-06
1.53590e+00 5.07e-06
1.53603e+00 5.06e-06
1.53642e+00 5.05e-06
1.53910e+00 5.03e-06
1.54767e+00 4.97e-06
1.55547e+00 4.92e-06
1.55930e+00 4.90e-06
1.55943e+00 4.91e-06
1.55955e+00 5.84e-06
1.55968e+00 4.93e-06
1.55981e+00 4.90e-06
1.55993e+00 4.90e-06
1.56209e+00 4.89e-06
1.56312e+00 4.89e-06
1.56325e+00 4.89e-06
1.56337e+00 4.89e-06
1.56350e+00 4.91e-06
1.56362e+00 4.96e-06
1.56375e+00 5.51e-06
1.56390e+00 5.82e-06
1.56402e+00 4.97e-06
1.56415e+00 4.91e-06
1.56427e+00 4.89e-06
1.56440e+00 4.88e-06
1.56478e+00 4.88e-06
1.57051e+00 4.85e-06
1.57561e+00 4.83e-06
1.58213e+00 4.80e-06
1.58225e+00 4.81e-06
1.58237e+00 4.83e-06
1.58250e+00 5.06e-06
1.58262e+00 7.69e-06
1.58277e+00 4.89e-06
1.58289e+00 4.81e-06
1.58301e+00 4.79e-06
1.58314e+00 4.78e-06
1.58353e+00 4.77e-06
1.58950e+00 4.69e-06
1.59001e+00 4.68e-06
1.59207e+00 4.65e-06
1.59231e+00 4.64e-06
1.59434e+00 4.61e-06
1.59449e+00 4.61e-06
1.59461e+00 4.63e-06
1.59473e+00 9.38e-06
1.59485e+00 4.62e-06
1.59499e+00 4.60e-06
1.59512e+00 4.60e-06
1.59524e+00 4.60e-06
1.59538e+00 4.61e-06
1.59550e+00 4.67e-06
1.59562e+00 5.96e-06
1.59574e+00 4.89e-06
1.59589e+00 4.63e-06
1.59601e+00 4.59e-06
1.59613e+00 4.58e-06
1.59639e+00 4.57e-06
1.59664e+00 4.56e-06
1.59830e+00 4.53e-06
1.60914e+00 4.35e-06
1.61540e+00 4.27e-06
1.61552e+00 4.30e-06
1.62498e+00 4.18e-06
1.62509e+00 4.19e-06
1.62523e+00 4.65e-06
1.62535e+00 4.18e-06
1.62574e+00 4.18e-06
1.64022e+00 4.02e-06
1.64741e+00 3.94e-06
1.64752e+00 3.95e-06
1.64766e+00 3.96e-06
1.64779e+00 4.40e-06
1.64791e+00 4.00e-06
1.64804e+00 3.95e-06
1.64818e+00 3.94e-06
1.64856e+00 3.93e-06
1.66493e+00 3.82e-06
1.67050e+00 3.79e-06
1.67269e+00 3.78e-06
1.67283e+00 3.82e-06
1.67296e+00 3.79e-06
1.67307e+00 3.78e-06
1.67969e+00 3.75e-06
1.68451e+00 3.73e-06
1.68464e+00 3.73e-06
1.68477e+00 3.78e-06
1.68490e+00 3.73e-06
1.68503e+00 3.72e-06
1.68751e+00 3.72e-06
1.69286e+00 3.72e-06
1.69301e+00 3.72e-06
1.69314e+00 3.72e-06
1.69326e+00 3.74e-06
1.69339e+00 3.97e-06
1.69352e+00 4.01e-06
1.69365e+00 3.74e-06
1.69378e+00 3.72e-06
1.69391e+00 3.72e-06
1.69483e+00 3.71e-06
1.69640e+00 3.71e-06
1.70125e+00 3.73e-06
1.70140e+00 3.75e-06
1.70152e+00 3.75e-06
1.70165e+00 3.73e-06
1.70309e+00 3.74e-06
1.70442e+00 3.75e-06
1.70783e+00 3.78e-06
1.70995e+00 3.81e-06
1.71154e+00 3.83e-06
1.71234e+00 3.84e-06
1.71259e+00 3.84e-06
1.71286e+00 3.85e-06
1.71313e+00 3.85e-06
1.71338e+00 3.86e-06
1.71365e+00 3.86e-06
1.71392e+00 3.87e-06
1.71418e+00 3.88e-06
1.71445e+00 3.88e-06
1.71472e+00 3.89e-06
1.71497e+00 3.89e-06
1.71524e+00 3.90e-06
1.71551e+00 3.90e-06
1.71578e+00 3.91e-06
1.71603e+00 3.92e-06
1.71630e+00 3.92e-06
1.71657e+00 3.93e-06
1.71684e+00 3.93e-06
1.71709e+00 3.94e-06
1.71736e+00 3.95e-06
1.71750e+00 3.95e-06
1.71763e+00 3.96e-06
1.71775e+00 4.05e-06
1.71790e+00 3.97e-06
1.71802e+00 3.96e-06
1.71829e+00 3.97e-06
1.71856e+00 3.98e-06
1.71883e+00 3.98e-06
1.71908e+00 3.99e-06
1.71935e+00 4.00e-06
1.71962e+00 4.00e-06
1.71989e+00 4.01e-06
1.72016e+00 4.02e-06
1.72042e+00 4.03e-06
1.72068e+00 4.03e-06
1.72094e+00 4.04e-06
1.72121e+00 4.05e-06
1.72148e+00 4.06e-06
1.72175e+00 4.07e-06
1.72202e+00 4.08e-06
1.72228e+00 4.09e-06
1.72255e+00 4.09e-06
1.72280e+00 4.10e-06
1.72307e+00 4.11e-06
1.72334e+00 4.12e-06
1.72361e+00 4.13e-06
1.72387e+00 4.15e-06
1.72414e+00 4.16e-06
1.72441e+00 4.17e-06
1.72468e+00 4.18e-06
1.72494e+00 4.19e-06
1.72521e+00 4.20e-06
1.72533e+00 4.21e-06
1.72548e+00 4.22e-06
1.72560e+00 5.37e-06
1.72574e+00 4.23e-06
1.72587e+00 4.24e-06
1.72614e+00 4.25e-06
1.72640e+00 4.27e-06
1.72667e+00 4.28e-06
1.72694e+00 4.30e-06
1.72720e+00 4.32e-06
1.72747e+00 4.34e-06
1.72774e+00 4.36e-06
1.72800e+00 4.38e-06
1.72829e+00 4.40e-06
1.72855e+00 4.42e-06
1.72882e+00 4.44e-06
1.72909e+00 4.47e-06
1.72935e+00 4.49e-06
1.72962e+00 4.51e-06
1.72974e+00 4.53e-06
1.72988e+00 4.55e-06
1.73001e+00 4.63e-06
1.73015e+00 5.11e-06
1.73029e+00 4.60e-06
1.73042e+00 4.59e-06
1.73056e+00 4.60e-06
1.73082e+00 4.63e-06
1.73109e+00 4.66e-06
1.73135e+00 4.70e-06
1.73162e+00 4.74e-06
1.73189e+00 4.79e-06
1.73215e+00 4.84e-06
1.73243e+00 4.90e-06
1.73270e+00 4.96e-06
1.73296e+00 5.03e-06
1.73323e+00 5.11e-06
1.73337e+00 5.16e-06
1.73349e+00 5.20e-06
1.73364e+00 5.25e-06
1.73376e+00 5.30e-06
1.73390e+00 5.36e-06
1.73404e+00 5.42e-06
1.73417e+00 5.49e-06
1.73431e+00 5.55e-06
1.73443e+00 5.63e-06
1.73457e+00 5.71e-06
1.73471e+00 5.79e-06
1.73484e+00 5.88e-06
1.73498e+00 5.98e-06
1.73510e+00 6.09e-06
1.73524e+00 6.21e-06
1.73538e+00 6.33e-06
1.73551e+00 6.47e-06
1.73565e+00 6.62e-06
1.73579e+00 6.78e-06
1.73591e+00 6.96e-06
1.73605e+00 7.15e-06
1.73618e+00 7.37e-06
1.73632e+00 7.60e-06
1.73646e+00 7.87e-06
1.73658e+00 8.16e-06
1.73672e+00 8.48e-06
1.73686e+00 8.85e-06
1.73699e+00 9.26e-06
1.73713e+00 9.72e-06
1.73725e+00 1.02e-05
1.73739e+00 1.08e-05
1.73753e+00 1.15e-05
1.73766e+00 1.23e-05
1.73780e+00 1.33e-05
1.73794e+00 1.43e-05
1.73806e+00 1.56e-05
1.73820e+00 1.72e-05
1.73834e+00 1.91e-05
1.73846e+00 2.14e-05
1.73860e+00 2.42e-05
1.73875e+00 2.79e-05
1.73887e+00 3.26e-05
1.73901e+00 3.89e-05
1.73915e+00 4.74e-05
1.73927e+00 5.95e-05
1.73941e+00 7.74e-05
1.73955e+00 1.06e-04
1.73968e+00 1.54e-04
1.73982e+00 2.46e-04
1.73996e+00 4.59e-04
1.74008e+00 1.16e-03
1.74022e+00 6.91e-03
1.74036e+00 3.62e-02
1.74048e+00 1.93e-03
1.74062e+00 6.24e-04
1.74076e+00 3.05e-04
1.74089e+00 1.82e-04
1.74103e+00 1.21e-04
1.74117e+00 8.66e-05
1.74131e+00 6.55e-05
1.74143e+00 5.15e-05
1.74157e+00 4.17e-05
1.74171e+00 3.47e-05
1.74183e+00 2.95e-05
1.74197e+00 2.54e-05
1.74211e+00 2.23e-05
1.74224e+00 1.98e-05
1.74238e+00 1.77e-05
1.74252e+00 1.60e-05
1.74266e+00 1.46e-05
1.74278e+00 1.35e-05
1.74292e+00 1.25e-05
1.74306e+00 1.16e-05
1.74318e+00 1.09e-05
1.74332e+00 1.02e-05
1.74346e+00 9.67e-06
1.74360e+00 9.17e-06
1.74372e+00 8.74e-06
1.74386e+00 8.35e-06
1.74400e+00 8.00e-06
1.74414e+00 7.69e-06
1.74427e+00 7.41e-06
1.74441e+00 7.15e-06
1.74455e+00 6.92e-06
1.74467e+00 6.71e-06
1.74481e+00 6.52e-06
1.74495e+00 6.34e-06
1.74509e+00 6.18e-06
1.74521e+00 6.04e-06
1.74535e+00 5.90e-06
1.74549e+00 5.77e-06
1.74563e+00 5.66e-06
1.74575e+00 5.55e-06
1.74589e+00 5.45e-06
1.74603e+00 5.35e-06
1.74617e+00 5.26e-06
1.74629e+00 5.18e-06
1.74643e+00 5.10e-06
1.74657e+00 5.03e-06
1.74671e+00 4.96e-06
1.74685e+00 4.89e-06
1.74697e+00 4.83e-06
1.74711e+00 4.78e-06
1.74725e+00 4.72e-06
1.74739e+00 4.67e-06
1.74751e+00 4.62e-06
1.74765e+00 4.57e-06
1.74793e+00 4.49e-06
1.74819e+00 4.41e-06
1.74847e+00 4.34e-06
1.74875e+00 4.27e-06
1.74901e+00 4.21e-06
1.74929e+00 4.15e-06
1.74955e+00 4.10e-06
1.74983e+00 4.05e-06
1.75010e+00 4.01e-06
1.75036e+00 3.96e-06
1.75064e+00 3.92e-06
1.75092e+00 3.89e-06
1.75118e+00 3.85e-06
1.75146e+00 3.82e-06
1.75174e+00 3.78e-06
1.75200e+00 3.75e-06
1.75227e+00 3.73e-06
1.75255e+00 3.70e-06
1.75281e+00 3.67e-06
1.75309e+00 3.65e-06
1.75337e+00 3.63e-06
1.75362e+00 3.61e-06
1.75390e+00 3.59e-06
1.75418e+00 3.57e-06
1.75446e+00 3.55e-06
1.75472e+00 3.53e-06
1.75499e+00 3.51e-06
1.75527e+00 3.50e-06
1.75554e+00 3.48e-06
1.75582e+00 3.47e-06
1.75608e+00 3.45e-06
1.75636e+00 3.44e-06
1.75663e+00 3.42e-06
1.75691e+00 3.41e-06
1.75719e+00 3.40e-06
1.75746e+00 3.38e-06
1.75772e+00 3.37e-06
1.75800e+00 3.36e-06
1.75827e+00 3.35e-06
1.75855e+00 3.33e-06
1.75882e+00 3.32e-06
1.75910e+00 3.31e-06
1.75937e+00 3.30e-06
1.75965e+00 3.29e-06
1.75991e+00 3.28e-06
1.76018e+00 3.27e-06
1.76046e+00 3.26e-06
1.76073e+00 3.25e-06
1.76101e+00 3.25e-06
1.76128e+00 3.24e-06
1.76156e+00 3.23e-06
1.76183e+00 3.22e-06
1.76211e+00 3.22e-06
1.76224e+00 3.22e-06
1.76238e+00 3.52e-06
1.76252e+00 3.21e-06
1.76266e+00 3.20e-06
1.76293e+00 3.20e-06
1.76321e+00 3.19e-06
1.76348e+00 3.18e-06
1.76375e+00 3.18e-06
1.76403e+00 3.17e-06
1.76430e+00 3.16e-06
1.76458e+00 3.16e-06
1.76485e+00 3.15e-06
1.76512e+00 3.15e-06
1.76540e+00 3.14e-06
1.76569e+00 3.13e-06
1.76596e+00 3.13e-06
1.76624e+00 3.12e-06
1.76651e+00 3.12e-06
1.76678e+00 3.11e-06
1.76706e+00 3.11e-06
1.76733e+00 3.10e-06
1.76760e+00 3.10e-06
1.76789e+00 3.09e-06
1.76817e+00 3.09e-06
1.76844e+00 3.08e-06
1.76871e+00 3.08e-06
1.76899e+00 3.07e-06
1.76926e+00 3.07e-06
1.76955e+00 3.07e-06
1.76982e+00 3.06e-06
1.77009e+00 3.06e-06
1.77037e+00 3.05e-06
1.77065e+00 3.05e-06
1.77093e+00 3.05e-06
1.77120e+00 3.04e-06
1.77147e+00 3.04e-06
1.77176e+00 3.03e-06
1.77203e+00 3.03e-06
1.77230e+00 3.02e-06
1.77258e+00 3.02e-06
1.77287e+00 3.02e-06
1.77314e+00 3.01e-06
1.77341e+00 3.01e-06
1.77370e+00 3.00e-06
1.77397e+00 3.00e-06
1.77424e+00 3.00e-06
1.77453e+00 2.99e-06
1.77480e+00 2.99e-06
1.77509e+00 2.99e-06
1.77536e+00 2.98e-06
1.77563e+00 2.98e-06
1.77592e+00 2.98e-06
1.77619e+00 2.97e-06
1.77648e+00 2.97e-06
1.77675e+00 2.97e-06
1.77703e+00 2.96e-06
1.77731e+00 2.96e-06
1.77758e+00 2.96e-06
1.77786e+00 2.95e-06
1.77813e+00 2.95e-06
1.77842e+00 2.95e-06
1.78191e+00 2.94e-06
1.78218e+00 2.93e-06
1.78247e+00 2.93e-06
1.78275e+00 2.92e-06
1.78302e+00 2.91e-06
1.78331e+00 2.91e-06
1.78359e+00 2.90e-06
1.78386e+00 2.89e-06
1.78415e+00 2.89e-06
1.78443e+00 2.88e-06
1.78470e+00 2.87e-06
1.78499e+00 2.87e-06
1.78527e+00 2.86e-06
1.78554e+00 2.86e-06
1.78583e+00 2.85e-06
1.78611e+00 2.85e-06
1.78640e+00 2.85e-06
1.78666e+00 2.84e-06
1.78695e+00 2.84e-06
1.78723e+00 2.84e-06
1.78752e+00 2.83e-06
1.78780e+00 2.83e-06
1.78807e+00 2.82e-06
1.78835e+00 2.82e-06
1.79103e+00 2.80e-06
1.79203e+00 2.79e-06
1.79231e+00 2.79e-06
1.79259e+00 2.79e-06
1.79288e+00 2.80e-06
1.79316e+00 2.80e-06
1.79344e+00 2.80e-06
1.79372e+00 2.81e-06
1.79401e+00 2.81e-06
1.79429e+00 2.81e-06
1.79457e+00 2.82e-06
1.79527e+00 2.82e-06
1.79555e+00 2.81e-06
1.79583e+00 2.81e-06
1.79612e+00 2.80e-06
1.79642e+00 2.79e-06
1.79670e+00 2.78e-06
1.79698e+00 2.77e-06
1.79726e+00 2.76e-06
1.79754e+00 2.76e-06
1.79782e+00 2.75e-06
1.79811e+00 2.74e-06
1.79839e+00 2.73e-06
1.79854e+00 2.73e-06
1.80138e+00 2.71e-06
1.80168e+00 2.70e-06
1.80196e+00 2.70e-06
1.80224e+00 2.70e-06
1.80253e+00 2.69e-06
1.80281e+00 2.69e-06
1.80309e+00 2.69e-06
1.80339e+00 2.68e-06
1.80611e+00 2.66e-06
1.80912e+00 2.65e-06
1.81042e+00 2.64e-06
1.81056e+00 2.64e-06
1.81084e+00 2.65e-06
1.81114e+00 2.66e-06
1.81143e+00 2.67e-06
1.81171e+00 2.67e-06
1.81200e+00 2.68e-06
1.81230e+00 2.69e-06
1.81257e+00 2.70e-06
1.81287e+00 2.71e-06
1.81316e+00 2.71e-06
1.81346e+00 2.72e-06
1.81373e+00 2.73e-06
1.81388e+00 2.73e-06
1.81417e+00 2.71e-06
1.81447e+00 2.70e-06
1.81474e+00 2.69e-06
1.81504e+00 2.67e-06
1.81533e+00 2.66e-06
1.81562e+00 2.65e-06
1.81592e+00 2.63e-06
1.81619e+00 2.62e-06
1.81648e+00 2.61e-06
1.81678e+00 2.59e-06
1.81692e+00 2.59e-06
1.81707e+00 2.58e-06
1.82070e+00 2.56e-06
1.82203e+00 2.56e-06
1.82218e+00 2.56e-06
1.82232e+00 2.92e-06
1.82247e+00 2.56e-06
1.82261e+00 2.56e-06
1.82319e+00 2.55e-06
1.82348e+00 2.55e-06
1.82377e+00 2.55e-06
1.82407e+00 2.55e-06
1.82436e+00 2.54e-06
1.82466e+00 2.54e-06
1.82495e+00 2.54e-06
1.82524e+00 2.53e-06
1.82553e+00 2.53e-06
1.83261e+00 2.48e-06
1.83394e+00 2.48e-06
1.83558e+00 2.47e-06
1.83796e+00 2.47e-06
1.83826e+00 2.49e-06
1.83855e+00 2.51e-06
1.83885e+00 2.53e-06
1.83915e+00 2.55e-06
1.83945e+00 2.57e-06
1.83976e+00 2.59e-06
1.84004e+00 2.61e-06
1.84034e+00 2.63e-06
1.84064e+00 2.65e-06
1.84095e+00 2.67e-06
1.84109e+00 2.68e-06
1.84125e+00 2.67e-06
1.84155e+00 2.64e-06
1.84185e+00 2.62e-06
1.84215e+00 2.59e-06
1.84244e+00 2.56e-06
1.84274e+00 2.54e-06
1.84304e+00 2.51e-06
1.84334e+00 2.49e-06
1.84364e+00 2.46e-06
1.84394e+00 2.43e-06
1.84424e+00 2.41e-06
1.84440e+00 2.40e-06
1.84756e+00 2.39e-06
1.85287e+00 2.38e-06
1.85348e+00 2.38e-06
1.85378e+00 2.38e-06
1.85408e+00 2.38e-06
1.85439e+00 2.39e-06
1.85469e+00 2.39e-06
1.85500e+00 2.39e-06
1.85530e+00 2.39e-06
1.85561e+00 2.40e-06
1.85653e+00 2.40e-06
1.85683e+00 2.40e-06
1.85714e+00 2.39e-06
1.85744e+00 2.39e-06
1.85775e+00 2.39e-06
1.85806e+00 2.38e-06
1.85836e+00 2.38e-06
1.85867e+00 2.37e-06
1.85883e+00 2.37e-06
1.85898e+00 2.37e-06
1.85914e+00 2.38e-06
1.85928e+00 2.40e-06
1.85943e+00 4.21e-06
1.85959e+00 2.44e-06
1.85975e+00 2.37e-06
1.85990e+00 2.36e-06
1.86006e+00 2.36e-06
1.86051e+00 2.36e-06
1.86437e+00 2.35e-06
1.87199e+00 2.33e-06
1.87498e+00 2.33e-06
1.87671e+00 2.33e-06
1.87702e+00 2.34e-06
1.87734e+00 2.34e-06
1.87765e+00 2.34e-06
1.87797e+00 2.35e-06
1.87829e+00 2.35e-06
1.87859e+00 2.35e-06
1.87892e+00 2.36e-06
1.87924e+00 2.36e-06
1.87956e+00 2.36e-06
1.87986e+00 2.37e-06
1.88003e+00 2.37e-06
1.88018e+00 2.39e-06
1.88050e+00 2.45e-06
1.88082e+00 2.51e-06
1.88113e+00 2.56e-06
1.88145e+00 2.62e-06
1.88177e+00 2.68e-06
1.88209e+00 2.74e-06
1.88241e+00 2.80e-06
1.88273e+00 2.86e-06
1.88305e+00 2.91e-06
1.88320e+00 2.91e-06
1.88352e+00 2.83e-06
1.88384e+00 2.76e-06
1.88416e+00 2.68e-06
1.88448e+00 2.60e-06
1.88479e+00 2.53e-06
1.88511e+00 2.45e-06
1.88543e+00 2.38e-06
1.88575e+00 2.30e-06
1.88592e+00 2.30e-06
1.88848e+00 2.30e-06
1.89170e+00 2.31e-06
1.89203e+00 2.32e-06
1.89234e+00 2.32e-06
1.89268e+00 2.32e-06
1.89299e+00 2.32e-06
1.89332e+00 2.33e-06
1.89364e+00 2.33e-06
1.89397e+00 2.33e-06
1.89429e+00 2.34e-06
1.89462e+00 2.34e-06
1.89493e+00 2.34e-06
1.89526e+00 2.35e-06
1.89559e+00 2.35e-06
1.89591e+00 2.35e-06
1.89624e+00 2.36e-06
1.89657e+00 2.36e-06
1.89688e+00 2.36e-06
1.89721e+00 2.37e-06
1.89754e+00 2.37e-06
1.89787e+00 2.37e-06
1.89819e+00 2.37e-06
1.90064e+00 2.35e-06
1.90344e+00 2.36e-06
1.90378e+00 2.36e-06
1.90411e+00 2.37e-06
1.90443e+00 2.37e-06
1.90476e+00 2.38e-06
1.90509e+00 2.38e-06
1.90542e+00 2.38e-06
1.90576e+00 2.39e-06
1.90608e+00 2.39e-06
1.90641e+00 2.40e-06
1.90674e+00 2.40e-06
1.90692e+00 2.41e-06
1.90708e+00 2.47e-06
1.90724e+00 2.41e-06
1.90741e+00 2.41e-06
1.90773e+00 2.42e-06
1.90807e+00 2.42e-06
1.90824e+00 2.42e-06
1.90856e+00 2.43e-06
1.90891e+00 2.44e-06
1.90923e+00 2.45e-06
1.90957e+00 2.46e-06
1.90990e+00 2.47e-06
1.91024e+00 2.48e-06
1.91056e+00 2.49e-06
1.91090e+00 2.50e-06
1.91123e+00 2.51e-06
1.91141e+00 2.51e-06
1.91424e+00 2.50e-06
1.91458e+00 2.50e-06
1.91492e+00 2.51e-06
1.91526e+00 2.51e-06
1.91560e+00 2.51e-06
1.91594e+00 2.52e-06
1.91628e+00 2.52e-06
1.91660e+00 2.53e-06
1.91694e+00 2.53e-06
1.91728e+00 2.54e-06
1.91761e+00 2.54e-06
1.91795e+00 2.55e-06
1.91829e+00 2.56e-06
1.91847e+00 2.56e-06
1.91863e+00 2.57e-06
1.91880e+00 2.59e-06
1.91896e+00 2.58e-06
1.91932e+00 2.58e-06
1.91965e+00 2.59e-06
1.91999e+00 2.60e-06
1.92033e+00 2.61e-06
1.92067e+00 2.62e-06
1.92100e+00 2.63e-06
1.92135e+00 2.64e-06
1.92169e+00 2.65e-06
1.92203e+00 2.66e-06
1.92236e+00 2.67e-06
1.92271e+00 2.68e-06
1.92305e+00 2.69e-06
1.92339e+00 2.70e-06
1.92374e+00 2.71e-06
1.92407e+00 2.72e-06
1.92442e+00 2.73e-06
1.92476e+00 2.74e-06
1.92510e+00 2.75e-06
1.92527e+00 2.75e-06
1.92562e+00 2.77e-06
1.92596e+00 2.79e-06
1.92630e+00 2.80e-06
1.92664e+00 2.82e-06
1.92699e+00 2.84e-06
1.92734e+00 2.86e-06
1.92767e+00 2.87e-06
1.92802e+00 2.89e-06
1.92837e+00 2.91e-06
1.92855e+00 2.92e-06
1.92871e+00 2.93e-06
1.92888e+00 6.49e-05
1.92905e+00 2.95e-06
1.92923e+00 2.96e-06
1.92958e+00 2.97e-06
1.92993e+00 2.99e-06
1.93026e+00 3.01e-06
1.93061e+00 3.03e-06
1.93096e+00 3.04e-06
1.93130e+00 3.06e-06
1.93165e+00 3.08e-06
1.93200e+00 3.10e-06
1.93217e+00 3.11e-06
1.93252e+00 3.14e-06
1.93287e+00 3.17e-06
1.93322e+00 3.20e-06
1.93356e+00 3.22e-06
1.93391e+00 3.25e-06
1.93426e+00 3.28e-06
1.93460e+00 3.31e-06
1.93495e+00 3.34e-06
1.93514e+00 3.36e-06
1.93531e+00 3.38e-06
1.93548e+00 3.38e-06
1.93583e+00 3.41e-06
1.93618e+00 3.44e-06
1.93652e+00 3.47e-06
1.93688e+00 3.50e-06
1.93723e+00 3.53e-06
1.93758e+00 3.56e-06
1.93794e+00 3.59e-06
1.93828e+00 3.62e-06
1.93864e+00 3.65e-06
1.93899e+00 3.68e-06
1.93935e+00 3.72e-06
1.93969e+00 3.77e-06
1.94005e+00 3.82e-06
1.94039e+00 3.86e-06
1.94075e+00 3.91e-06
1.94110e+00 3.96e-06
1.94146e+00 4.01e-06
1.94182e+00 4.06e-06
1.94216e+00 4.11e-06
1.94235e+00 4.13e-06
1.94269e+00 4.18e-06
1.94288e+00 4.20e-06
1.94305e+00 4.23e-06
1.94341e+00 4.29e-06
1.94376e+00 4.35e-06
1.94411e+00 4.41e-06
1.94447e+00 4.47e-06
1.94482e+00 4.54e-06
1.94518e+00 4.60e-06
1.94554e+00 4.66e-06
1.94571e+00 4.69e-06
1.94590e+00 4.76e-06
1.94625e+00 5.02e-06
1.94661e+00 5.28e-06
1.94697e+00 5.54e-06
1.94732e+00 5.81e-06
1.94768e+00 6.07e-06
1.94804e+00 6.33e-06
1.94839e+00 6.59e-06
1.94858e+00 6.72e-06
1.94876e+00 6.75e-06
1.94912e+00 6.55e-06
1.94948e+00 6.35e-06
1.94983e+00 6.16e-06
1.95020e+00 5.96e-06
1.95056e+00 5.77e-06
1.95091e+00 5.57e-06
1.95110e+00 5.47e-06
1.95128e+00 5.38e-06
1.95145e+00 5.27e-06
1.95164e+00 5.25e-06
1.95199e+00 5.30e-06
1.95218e+00 5.32e-06
1.95236e+00 5.33e-06
1.95272e+00 5.32e-06
1.95308e+00 5.31e-06
1.95344e+00 5.31e-06
1.95381e+00 5.30e-06
1.95418e+00 5.29e-06
1.95453e+00 5.29e-06
1.95490e+00 5.28e-06
1.95527e+00 5.28e-06
1.95562e+00 5.27e-06
1.95599e+00 5.27e-06
1.95636e+00 5.26e-06
1.95672e+00 5.26e-06
1.95689e+00 5.25e-06
1.95854e+00 5.27e-06
1.95873e+00 5.25e-06
1.95909e+00 5.21e-06
1.95928e+00 5.19e-06
1.95946e+00 5.19e-06
1.95964e+00 5.15e-06
1.95983e+00 5.13e-06
1.96019e+00 5.08e-06
1.96056e+00 5.04e-06
1.96093e+00 5.00e-06
1.96129e+00 4.96e-06
1.96167e+00 4.92e-06
1.96204e+00 4.87e-06
1.96222e+00 4.84e-06
1.96258e+00 4.77e-06
1.96296e+00 4.70e-06
1.96333e+00 4.63e-06
1.96369e+00 4.56e-06
1.96388e+00 4.53e-06
1.96407e+00 4.50e-06
1.96426e+00 4.46e-06
1.96462e+00 4.39e-06
1.96500e+00 4.32e-06
1.96536e+00 4.26e-06
1.96574e+00 4.20e-06
1.96610e+00 4.14e-06
1.96648e+00 4.08e-06
1.96686e+00 4.03e-06
1.96722e+00 3.97e-06
1.96760e+00 3.92e-06
1.96798e+00 3.86e-06
1.96834e+00 3.81e-06
1.96872e+00 3.75e-06
1.96910e+00 3.70e-06
1.96947e+00 3.65e-06
1.96985e+00 3.59e-06
1.97023e+00 3.54e-06
1.97060e+00 3.49e-06
1.97098e+00 3.43e-06
1.97116e+00 3.40e-06
1.97136e+00 3.38e-06
1.97173e+00 3.34e-06
1.97211e+00 3.31e-06
1.97248e+00 3.27e-06
1.97286e+00 3.24e-06
1.97323e+00 3.20e-06
1.97361e+00 3.16e-06
1.97400e+00 3.13e-06
1.97437e+00 3.09e-06
1.97475e+00 3.05e-06
1.97514e+00 3.02e-06
1.97551e+00 2.98e-06
1.97588e+00 2.95e-06
1.97627e+00 2.92e-06
1.97665e+00 2.89e-06
1.97703e+00 2.86e-06
1.97721e+00 2.84e-06
1.97760e+00 2.83e-06
1.97799e+00 2.82e-06
1.97836e+00 2.80e-06
1.97875e+00 2.79e-06
1.97914e+00 2.78e-06
1.97951e+00 2.77e-06
1.97990e+00 2.76e-06
1.98028e+00 2.76e-06
1.98067e+00 2.75e-06
1.98086e+00 2.75e-06
1.98144e+00 2.75e-06
1.98181e+00 2.75e-06
1.98220e+00 2.76e-06
1.98239e+00 2.76e-06
1.98259e+00 2.78e-06
1.98278e+00 2.78e-06
1.98299e+00 2.79e-06
1.98318e+00 2.80e-06
1.98337e+00 2.82e-06
1.98356e+00 2.83e-06
1.98376e+00 2.85e-06
1.98395e+00 2.87e-06
1.98414e+00 2.90e-06
1.98433e+00 2.93e-06
1.98453e+00 2.95e-06
1.98472e+00 2.99e-06
1.98491e+00 3.02e-06
1.98510e+00 3.06e-06
1.98531e+00 3.11e-06
1.98550e+00 3.16e-06
1.98569e+00 3.22e-06
1.98589e+00 3.28e-06
1.98608e+00 3.35e-06
1.98627e+00 3.43e-06
1.98648e+00 3.52e-06
1.98667e+00 3.62e-06
1.98686e+00 3.73e-06
1.98705e+00 3.86e-06
1.98724e+00 4.01e-06
1.98745e+00 4.19e-06
1.98764e+00 4.39e-06
1.98783e+00 4.62e-06
1.98803e+00 4.90e-06
1.98823e+00 5.23e-06
1.98842e+00 5.62e-06
1.98861e+00 6.10e-06
1.98882e+00 6.68e-06
1.98901e+00 7.40e-06
1.98920e+00 8.32e-06
1.98939e+00 9.49e-06
1.98960e+00 1.10e-05
1.98979e+00 1.31e-05
1.99000e+00 1.60e-05
1.99019e+00 2.03e-05
1.99038e+00 2.68e-05
1.99058e+00 3.76e-05
1.99077e+00 5.74e-05
1.99097e+00 9.98e-05
1.99117e+00 2.19e-04
1.99136e+00 8.37e-04
1.99157e+00 1.59e+01
1.99176e+00 9.82e-04
1.99196e+00 2.37e-04
1.99215e+00 1.05e-04
1.99236e+00 5.95e-05
1.99255e+00 3.86e-05
1.99274e+00 2.74e-05
1.99294e+00 2.06e-05
1.99313e+00 1.62e-05
1.99334e+00 1.32e-05
1.99354e+00 1.10e-05
1.99373e+00 9.46e-06
1.99394e+00 8.26e-06
1.99413e+00 7.32e-06
1.99433e+00 6.57e-06
1.99452e+00 5.97e-06
1.99473e+00 5.48e-06
1.99492e+00 5.07e-06
1.99512e+00 4.73e-06
1.99533e+00 4.44e-06
1.99552e+00 4.19e-06
1.99572e+00 3.98e-06
1.99592e+00 3.79e-06
1.99611e+00 3.63e-06
1.99632e+00 3.49e-06
1.99652e+00 3.37e-06
1.99671e+00 3.33e-06
1.99692e+00 3.15e-06
1.99712e+00 3.06e-06
1.99731e+00 2.98e-06
1.99751e+00 2.90e-06
1.99772e+00 2.84e-06
1.99792e+00 2.78e-06
1.99811e+00 2.72e-06
1.99831e+00 2.67e-06
1.99852e+00 2.62e-06
1.99872e+00 2.58e-06
1.99891e+00 2.54e-06
1.99911e+00 2.51e-06
1.99932e+00 2.47e-06
1.99952e+00 2.45e-06
1.99972e+00 2.42e-06
1.99992e+00 2.40e-06
2.00011e+00 2.38e-06
2.00032e+00 2.37e-06
2.00052e+00 2.37e-06
2.00072e+00 2.38e-06
2.00093e+00 2.41e-06
2.00113e+00 2.48e-06
2.00133e+00 2.67e-06
2.00153e+00 3.25e-06
2.00174e+00 6.44e-06
2.00194e+00 3.78e-01
2.00214e+00 6.35e-06
2.00234e+00 3.18e-06
2.00253e+00 2.58e-06
2.00274e+00 2.36e-06
2.00294e+00 2.26e-06
2.00314e+00 2.19e-06
2.00334e+00 2.15e-06
2.00356e+00 2.12e-06
2.00376e+00 2.10e-06
2.00396e+00 2.08e-06
2.00417e+00 2.06e-06
2.00437e+00 2.05e-06
2.00457e+00 2.04e-06
2.00477e+00 2.02e-06
2.00518e+00 2.00e-06
2.00558e+00 1.98e-06
2.00600e+00 1.97e-06
2.00640e+00 1.96e-06
2.00660e+00 1.95e-06
2.00702e+00 1.96e-06
2.00742e+00 1.97e-06
2.00784e+00 1.99e-06
2.00824e+00 2.00e-06
2.00866e+00 2.02e-06
2.00906e+00 2.03e-06
2.00927e+00 2.03e-06
2.00968e+00 2.00e-06
2.01009e+00 1.96e-06
2.01051e+00 1.92e-06
2.01092e+00 1.89e-06
2.01112e+00 1.87e-06
2.01154e+00 1.84e-06
2.01174e+00 1.82e-06
2.01195e+00 1.81e-06
2.01237e+00 1.80e-06
2.01278e+00 1.79e-06
2.01319e+00 1.79e-06
2.01361e+00 1.78e-06
2.01402e+00 1.77e-06
2.01444e+00 1.77e-06
2.01486e+00 1.76e-06
2.01528e+00 1.75e-06
2.01569e+00 1.75e-06
2.01612e+00 1.74e-06
2.01653e+00 1.74e-06
2.01695e+00 1.73e-06
2.01737e+00 1.73e-06
2.01779e+00 1.73e-06
2.01820e+00 1.72e-06
2.01863e+00 1.72e-06
2.01905e+00 1.72e-06
2.01947e+00 1.72e-06
2.01989e+00 1.71e-06
2.02032e+00 1.71e-06
2.02265e+00 1.70e-06
2.02456e+00 1.70e-06
2.02479e+00 1.70e-06
2.02500e+00 1.70e-06
2.02521e+00 1.72e-06
2.02542e+00 1.70e-06
2.02563e+00 1.70e-06
2.02607e+00 1.71e-06
2.02650e+00 1.71e-06
2.02671e+00 1.72e-06
2.02692e+00 1.72e-06
2.02713e+00 1.72e-06
2.02757e+00 1.72e-06
2.02800e+00 1.72e-06
2.02821e+00 1.73e-06
2.02865e+00 1.73e-06
2.02908e+00 1.74e-06
2.02952e+00 1.74e-06
2.02995e+00 1.75e-06
2.03038e+00 1.75e-06
2.03082e+00 1.76e-06
2.03104e+00 1.76e-06
2.03125e+00 1.76e-06
2.03168e+00 1.76e-06
2.03213e+00 1.75e-06
2.03256e+00 1.74e-06
2.03278e+00 1.74e-06
2.03321e+00 1.73e-06
2.03365e+00 1.71e-06
2.03409e+00 1.70e-06
2.03452e+00 1.68e-06
2.03474e+00 1.68e-06
2.03519e+00 1.67e-06
2.03541e+00 1.67e-06
2.03584e+00 1.65e-06
2.03629e+00 1.64e-06
2.03673e+00 1.64e-06
2.03717e+00 1.63e-06
2.03762e+00 1.63e-06
2.03806e+00 1.62e-06
2.03850e+00 1.62e-06
2.03872e+00 1.62e-06
2.03895e+00 1.62e-06
2.04005e+00 1.62e-06
2.04251e+00 1.62e-06
2.04318e+00 1.62e-06
2.04363e+00 1.63e-06
2.04409e+00 1.63e-06
2.04453e+00 1.63e-06
2.04498e+00 1.64e-06
2.04543e+00 1.64e-06
2.04588e+00 1.65e-06
2.04612e+00 1.65e-06
2.04657e+00 1.67e-06
2.04679e+00 1.68e-06
2.04702e+00 1.69e-06
2.04724e+00 1.70e-06
2.04771e+00 1.72e-06
2.04816e+00 1.74e-06
2.04861e+00 1.76e-06
2.04884e+00 1.79e-06
2.04929e+00 1.88e-06
2.04976e+00 1.98e-06
2.04997e+00 2.02e-06
2.05021e+00 2.19e-06
2.05044e+00 2.11e-06
2.05090e+00 2.21e-06
2.05113e+00 2.25e-06
2.05135e+00 2.55e-06
2.05181e+00 3.76e-06
2.05228e+00 4.97e-06
2.05274e+00 6.18e-06
2.05320e+00 7.39e-06
2.05366e+00 8.61e-06
2.05389e+00 8.82e-06
2.05435e+00 7.44e-06
2.05482e+00 6.05e-06
2.05505e+00 5.35e-06
2.05528e+00 4.66e-06
2.05551e+00 3.98e-06
2.05575e+00 3.26e-06
2.05621e+00 1.87e-06
2.05644e+00 1.35e-06
2.05667e+00 1.35e-06
2.05691e+00 1.36e-06
2.05714e+00 1.36e-06
2.05737e+00 1.36e-06
2.05760e+00 1.39e-06
2.05785e+00 2.64e-04
2.05808e+00 1.39e-06
2.05831e+00 1.36e-06
2.05855e+00 1.36e-06
2.05878e+00 1.36e-06
2.05902e+00 1.36e-06
2.05948e+00 1.38e-06
2.05995e+00 1.39e-06
2.06042e+00 1.41e-06
2.06090e+00 1.43e-06
2.06114e+00 1.44e-06
2.06137e+00 1.47e-06
2.06184e+00 1.55e-06
2.06232e+00 1.62e-06
2.06279e+00 1.69e-06
2.06326e+00 1.77e-06
2.06350e+00 1.81e-06
2.06374e+00 1.85e-06
2.06421e+00 1.90e-06
2.06470e+00 1.95e-06
2.06494e+00 1.97e-06
2.06541e+00 2.03e-06
2.06589e+00 2.08e-06
2.06613e+00 2.11e-06
2.06637e+00 2.10e-06
2.06661e+00 2.04e-06
2.06709e+00 1.92e-06
2.06733e+00 1.86e-06
2.06781e+00 1.72e-06
2.06805e+00 1.66e-06
2.06829e+00 1.59e-06
2.06853e+00 1.54e-06
2.06901e+00 1.53e-06
2.06949e+00 1.51e-06
2.06998e+00 1.49e-06
2.07046e+00 1.48e-06
2.07096e+00 1.46e-06
2.07120e+00 1.46e-06
2.07143e+00 1.46e-06
2.07169e+00 1.46e-06
2.07193e+00 1.47e-06
2.07217e+00 1.47e-06
2.07242e+00 1.49e-06
2.07266e+00 1.56e-06
2.07290e+00 2.27e-06
2.07315e+00 3.78e-06
2.07339e+00 1.60e-06
2.07364e+00 1.49e-06
2.07388e+00 1.46e-06
2.07413e+00 1.45e-06
2.07437e+00 1.44e-06
2.07462e+00 1.44e-06
2.07511e+00 1.43e-06
2.07536e+00 1.43e-06
2.07560e+00 1.44e-06
2.07585e+00 1.43e-06
2.07634e+00 1.42e-06
2.07684e+00 1.42e-06
2.07733e+00 1.42e-06
2.07783e+00 1.42e-06
2.07807e+00 1.42e-06
2.07932e+00 1.42e-06
2.07957e+00 1.44e-06
2.07982e+00 1.41e-06
2.08032e+00 1.41e-06
2.08057e+00 1.41e-06
2.08082e+00 1.42e-06
2.08131e+00 1.44e-06
2.08156e+00 1.43e-06
2.08181e+00 1.42e-06
2.08206e+00 1.41e-06
2.08636e+00 1.41e-06
2.08763e+00 1.41e-06
2.08866e+00 1.41e-06
2.08891e+00 1.41e-06
2.08917e+00 1.41e-06
2.08943e+00 1.42e-06
2.08969e+00 1.42e-06
2.09020e+00 1.42e-06
2.09072e+00 1.42e-06
2.09123e+00 1.42e-06
2.09149e+00 1.42e-06
2.09175e+00 1.43e-06
2.09227e+00 1.44e-06
2.09279e+00 1.46e-06
2.09331e+00 1.47e-06
2.09357e+00 1.48e-06
2.09383e+00 1.49e-06
2.09434e+00 1.49e-06
2.09460e+00 1.48e-06
2.09513e+00 1.48e-06
2.09565e+00 1.49e-06
2.09618e+00 1.49e-06
2.09643e+00 1.49e-06
2.09670e+00 1.49e-06
2.09696e+00 1.48e-06
2.09723e+00 1.48e-06
2.09749e+00 1.46e-06
2.09775e+00 1.45e-06
2.09828e+00 1.43e-06
2.09855e+00 1.42e-06
2.09882e+00 1.42e-06
2.09907e+00 1.42e-06
2.09934e+00 1.42e-06
2.09960e+00 1.42e-06
2.09987e+00 1.41e-06
2.10014e+00 1.41e-06
2.10066e+00 1.41e-06
2.10093e+00 1.41e-06
2.10146e+00 1.41e-06
2.10173e+00 1.42e-06
2.10200e+00 1.44e-06
2.10227e+00 1.47e-06
2.10254e+00 1.46e-06
2.10280e+00 1.43e-06
2.10307e+00 1.41e-06
2.10334e+00 1.42e-06
2.10361e+00 1.41e-06
2.10415e+00 1.41e-06
2.10468e+00 1.42e-06
2.10495e+00 1.42e-06
2.10522e+00 1.43e-06
2.10549e+00 1.42e-06
2.10603e+00 1.42e-06
2.10657e+00 1.42e-06
2.10685e+00 1.43e-06
2.10712e+00 1.43e-06
2.10738e+00 1.43e-06
2.10793e+00 1.43e-06
2.10848e+00 1.43e-06
2.10902e+00 1.43e-06
2.10929e+00 1.43e-06
2.10957e+00 1.44e-06
2.10985e+00 1.44e-06
2.11040e+00 1.44e-06
2.11094e+00 1.44e-06
2.11122e+00 1.45e-06
2.11150e+00 1.45e-06
2.11176e+00 1.45e-06
2.11232e+00 1.45e-06
2.11288e+00 1.46e-06
2.11343e+00 1.46e-06
2.11399e+00 1.47e-06
2.11427e+00 1.47e-06
2.11482e+00 1.48e-06
2.11538e+00 1.50e-06
2.11565e+00 1.50e-06
2.11593e+00 1.52e-06
2.11650e+00 1.56e-06
2.11677e+00 1.58e-06
2.11705e+00 1.59e-06
2.11734e+00 1.58e-06
2.11762e+00 1.57e-06
2.11789e+00 1.56e-06
2.11818e+00 1.59e-06
2.11875e+00 1.66e-06
2.11902e+00 1.65e-06
2.11931e+00 1.63e-06
2.11959e+00 1.62e-06
2.11988e+00 1.61e-06
2.12015e+00 1.61e-06
2.12044e+00 1.67e-06
2.12073e+00 1.59e-06
2.12100e+00 1.58e-06
2.12129e+00 1.58e-06
2.12158e+00 1.58e-06
2.12187e+00 1.59e-06
2.12243e+00 1.61e-06
2.12300e+00 1.63e-06
2.12329e+00 1.64e-06
2.12358e+00 1.65e-06
2.12387e+00 1.68e-06
2.12415e+00 1.68e-06
2.12473e+00 1.72e-06
2.12501e+00 1.73e-06
2.12530e+00 1.76e-06
2.12588e+00 1.83e-06
2.12646e+00 1.89e-06
2.12674e+00 1.93e-06
2.12733e+00 2.00e-06
2.12761e+00 2.04e-06
2.12791e+00 2.08e-06
2.12820e+00 2.11e-06
2.12849e+00 2.13e-06
2.12908e+00 2.12e-06
2.12966e+00 2.11e-06
2.12996e+00 2.13e-06
2.13024e+00 2.10e-06
2.13084e+00 2.03e-06
2.13113e+00 1.99e-06
2.13142e+00 1.95e-06
2.13171e+00 1.92e-06
2.13201e+00 1.91e-06
2.13231e+00 1.90e-06
2.13260e+00 1.90e-06
2.13290e+00 1.89e-06
2.13320e+00 1.89e-06
2.13349e+00 1.89e-06
2.13379e+00 1.91e-06
2.13408e+00 1.94e-06
2.13438e+00 2.00e-06
2.13468e+00 2.11e-06
2.13497e+00 2.11e-06
2.13528e+00 2.08e-06
2.13557e+00 2.11e-06
2.13587e+00 2.19e-06
2.13618e+00 2.29e-06
2.13647e+00 2.42e-06
2.13677e+00 2.59e-06
2.13707e+00 2.84e-06
2.13737e+00 3.21e-06
2.13768e+00 3.76e-06
2.13797e+00 4.69e-06
2.13828e+00 6.43e-06
2.13857e+00 1.03e-05
2.13888e+00 2.16e-05
2.13918e+00 9.06e-05
2.13948e+00 7.67e-03
2.13978e+00 6.10e-05
2.14009e+00 1.80e-05
2.14040e+00 9.20e-06
2.14070e+00 6.04e-06
2.14101e+00 4.52e-06
2.14130e+00 3.69e-06
2.14161e+00 3.20e-06
2.14191e+00 2.88e-06
2.14222e+00 2.66e-06
2.14253e+00 2.51e-06
2.14284e+00 2.40e-06
2.14314e+00 2.32e-06
2.14345e+00 2.26e-06
2.14375e+00 2.21e-06
2.14406e+00 2.17e-06
2.14437e+00 2.17e-06
2.14468e+00 2.14e-06
2.14498e+00 2.13e-06
2.14530e+00 2.13e-06
2.14560e+00 2.54e-06
2.14592e+00 2.12e-06
2.14622e+00 2.12e-06
2.14654e+00 2.13e-06
2.14684e+00 2.13e-06
2.14716e+00 2.14e-06
2.14747e+00 2.15e-06
2.14778e+00 2.17e-06
2.14809e+00 2.18e-06
2.14841e+00 2.20e-06
2.14872e+00 2.23e-06
2.14903e+00 2.25e-06
2.14966e+00 2.32e-06
2.14997e+00 2.35e-06
2.15028e+00 2.37e-06
2.15060e+00 2.41e-06
2.15091e+00 2.39e-06
2.15123e+00 2.39e-06
2.15155e+00 2.38e-06
2.15187e+00 2.40e-06
2.15218e+00 2.41e-06
2.15282e+00 2.43e-06
2.15313e+00 2.44e-06
2.15345e+00 2.46e-06
2.15409e+00 2.50e-06
2.15441e+00 2.60e-06
2.15472e+00 2.55e-06
2.15505e+00 2.58e-06
2.15537e+00 2.61e-06
2.15568e+00 2.62e-06
2.15601e+00 2.65e-06
2.15666e+00 2.70e-06
2.15697e+00 2.72e-06
2.15762e+00 2.78e-06
2.15794e+00 2.85e-06
2.15826e+00 2.84e-06
2.15891e+00 2.90e-06
2.15923e+00 2.94e-06
2.15957e+00 2.98e-06
2.15989e+00 3.02e-06
2.16021e+00 3.05e-06
2.16054e+00 3.07e-06
2.16087e+00 3.10e-06
2.16119e+00 3.13e-06
2.16153e+00 3.18e-06
2.16185e+00 3.24e-06
2.16218e+00 3.31e-06
2.16251e+00 3.41e-06
2.16284e+00 3.51e-06
2.16317e+00 3.66e-06
2.16350e+00 3.85e-06
2.16383e+00 4.09e-06
2.16416e+00 4.42e-06
2.16449e+00 4.87e-06
2.16483e+00 5.52e-06
2.16516e+00 6.46e-06
2.16548e+00 7.95e-06
2.16583e+00 1.05e-05
2.16616e+00 1.52e-05
2.16649e+00 2.61e-05
2.16682e+00 6.01e-05
2.16715e+00 3.00e-04
2.16749e+00 4.14e-03
2.16783e+00 1.27e-04
2.16816e+00 3.98e-05
2.16849e+00 1.99e-05
2.16884e+00 1.25e-05
2.16917e+00 8.81e-06
2.16951e+00 6.78e-06
2.16984e+00 5.51e-06
2.17018e+00 4.67e-06
2.17053e+00 4.08e-06
2.17086e+00 3.65e-06
2.17120e+00 3.32e-06
2.17154e+00 3.09e-06
2.17188e+00 2.91e-06
2.17223e+00 2.69e-06
2.17257e+00 2.55e-06
2.17291e+00 2.43e-06
2.17325e+00 2.32e-06
2.17359e+00 2.23e-06
2.17393e+00 2.15e-06
2.17427e+00 2.07e-06
2.17463e+00 2.00e-06
2.17497e+00 1.94e-06
2.17531e+00 1.88e-06
2.17566e+00 1.83e-06
2.17600e+00 1.79e-06
2.17635e+00 1.76e-06
2.17669e+00 1.73e-06
2.17704e+00 1.70e-06
2.17740e+00 1.71e-06
2.17774e+00 1.64e-06
2.17809e+00 1.62e-06
2.17879e+00 1.57e-06
2.17914e+00 1.55e-06
2.17984e+00 1.50e-06
2.18019e+00 1.48e-06
2.18054e+00 1.46e-06
2.18089e+00 1.45e-06
2.18125e+00 1.46e-06
2.18160e+00 1.45e-06
2.18195e+00 2.17e-06
2.18231e+00 1.41e-06
2.18266e+00 1.39e-06
2.18302e+00 1.38e-06
2.18337e+00 8.38e-06
2.18373e+00 1.35e-06
2.18408e+00 1.34e-06
2.18444e+00 1.33e-06
2.18480e+00 1.33e-06
2.18516e+00 1.34e-06
2.18552e+00 1.43e-06
2.18588e+00 1.65e-06
2.18624e+00 1.85e-06
2.18660e+00 1.33e-06
2.18696e+00 1.30e-06
2.18732e+00 1.28e-06
2.18768e+00 1.27e-06
2.18805e+00 1.26e-06
2.18841e+00 1.26e-06
2.18914e+00 1.25e-06
2.18951e+00 1.25e-06
2.18986e+00 1.25e-06
2.19023e+00 1.24e-06
2.19060e+00 1.23e-06
2.19133e+00 1.23e-06
2.19207e+00 1.23e-06
2.19244e+00 1.22e-06
2.19280e+00 1.22e-06
2.19317e+00 1.23e-06
2.19354e+00 1.41e-06
2.19392e+00 1.22e-06
2.19429e+00 1.21e-06
2.19465e+00 1.21e-06
2.19503e+00 1.21e-06
2.19540e+00 1.22e-06
2.19578e+00 1.29e-06
2.19615e+00 1.22e-06
2.19690e+00 1.23e-06
2.19728e+00 1.23e-06
2.19766e+00 1.23e-06
2.19841e+00 1.24e-06
2.19879e+00 1.24e-06
2.19917e+00 1.25e-06
2.19954e+00 1.27e-06
2.19992e+00 1.26e-06
2.20031e+00 1.26e-06
2.20069e+00 1.27e-06
2.20107e+00 1.27e-06
2.20145e+00 1.29e-06
2.20184e+00 1.31e-06
2.20221e+00 1.34e-06
2.20260e+00 1.38e-06
2.20299e+00 1.37e-06
2.20337e+00 1.32e-06
2.20376e+00 1.31e-06
2.20415e+00 1.32e-06
2.20453e+00 1.33e-06
2.20492e+00 1.36e-06
2.20530e+00 1.39e-06
2.20569e+00 1.44e-06
2.20609e+00 1.59e-06
2.20647e+00 1.75e-06
2.20687e+00 1.73e-06
2.20725e+00 1.87e-06
2.20765e+00 1.84e-06
2.20804e+00 2.06e-06
2.20843e+00 2.29e-06
2.20882e+00 2.29e-06
2.20922e+00 2.29e-06
2.20961e+00 2.50e-06
2.21001e+00 2.73e-06
2.21040e+00 3.02e-06
2.21081e+00 3.05e-06
2.21120e+00 2.80e-06
2.21160e+00 2.50e-06
2.21200e+00 2.23e-06
2.21240e+00 1.95e-06
2.21280e+00 1.69e-06
2.21320e+00 1.71e-06
2.21360e+00 1.77e-06
2.21441e+00 1.97e-06
2.21481e+00 2.06e-06
2.21522e+00 2.16e-06
2.21562e+00 2.32e-06
2.21602e+00 2.77e-06
2.21643e+00 4.03e-06
2.21684e+00 3.68e-06
2.21725e+00 4.13e-06
2.21766e+00 4.59e-06
2.21806e+00 9.72e-06
2.21847e+00 1.60e-05
2.21889e+00 2.23e-05
2.21930e+00 2.86e-05
2.21971e+00 3.49e-05
2.22013e+00 3.44e-05
2.22054e+00 2.73e-05
2.22095e+00 2.03e-05
2.22136e+00 1.33e-05
2.22178e+00 6.01e-06
2.22220e+00 8.02e-07
2.22261e+00 7.92e-07
2.22303e+00 9.15e-07
2.22346e+00 7.82e-07
2.22387e+00 7.83e-07
2.22429e+00 7.94e-07
2.22471e+00 8.95e-07
2.22513e+00 1.06e-06
2.22555e+00 1.10e-06
2.22597e+00 1.20e-06
2.22641e+00 1.60e-06
2.22683e+00 2.19e-06
2.22725e+00 2.79e-06
2.22768e+00 3.38e-06
2.22811e+00 4.02e-06
2.22853e+00 4.47e-06
2.22896e+00 4.82e-06
2.22939e+00 5.17e-06
2.22982e+00 5.52e-06
2.23025e+00 5.88e-06
2.23068e+00 5.60e-06
2.23111e+00 4.65e-06
2.23155e+00 3.68e-06
2.23198e+00 2.75e-06
2.23242e+00 2.04e-06
2.23285e+00 1.87e-06
2.23329e+00 1.79e-06
2.23373e+00 1.71e-06
2.23417e+00 1.66e-06
2.23461e+00 1.62e-06
2.23504e+00 1.57e-06
2.23548e+00 1.55e-06
2.23593e+00 1.59e-06
2.23637e+00 1.66e-06
2.23681e+00 1.77e-06
2.23726e+00 1.83e-06
2.23771e+00 1.70e-06
2.23815e+00 1.59e-06
2.23859e+00 1.49e-06
2.23904e+00 1.42e-06
2.23950e+00 1.40e-06
2.23994e+00 1.41e-06
2.24039e+00 1.43e-06
2.24084e+00 1.45e-06
2.24129e+00 1.49e-06
2.24175e+00 1.56e-06
2.24220e+00 1.66e-06
2.24265e+00 1.65e-06
2.24311e+00 1.70e-06
2.24357e+00 1.77e-06
2.24402e+00 1.87e-06
2.24449e+00 1.97e-06
2.24495e+00 2.09e-06
2.24540e+00 2.24e-06
2.24587e+00 2.43e-06
2.24633e+00 2.65e-06
2.24679e+00 2.93e-06
2.24725e+00 3.30e-06
2.24772e+00 3.82e-06
2.24818e+00 4.35e-06
2.24866e+00 5.29e-06
2.24912e+00 6.32e-06
2.24960e+00 8.07e-06
2.25006e+00 1.09e-05
2.25053e+00 1.60e-05
2.25101e+00 2.78e-05
2.25148e+00 1.11e-04
2.25195e+00 1.30e-04
2.25243e+00 4.01e-04
2.25290e+00 1.90e-02
2.25338e+00 2.38e-04
2.25386e+00 6.78e-05
2.25434e+00 3.19e-05
2.25482e+00 1.88e-05
2.25529e+00 1.25e-05
2.25578e+00 9.08e-06
2.25627e+00 6.96e-06
2.25675e+00 5.58e-06
2.25723e+00 4.63e-06
2.25772e+00 3.95e-06
2.25820e+00 3.45e-06
2.25870e+00 3.09e-06
2.25919e+00 2.79e-06
2.25968e+00 2.52e-06
2.26017e+00 2.33e-06
2.26067e+00 2.17e-06
2.26116e+00 2.05e-06
2.26166e+00 1.95e-06
2.26215e+00 1.86e-06
2.26315e+00 1.70e-06
2.26365e+00 1.68e-06
2.26415e+00 1.61e-06
2.26465e+00 1.58e-06
2.26515e+00 1.53e-06
2.26566e+00 1.51e-06
2.26616e+00 1.50e-06
2.26667e+00 1.51e-06
2.26718e+00 1.45e-06
2.26769e+00 1.44e-06
2.26820e+00 1.43e-06
2.26871e+00 1.45e-06
2.26922e+00 1.55e-06
2.26974e+00 3.37e-06
2.27026e+00 3.30e-06
2.27077e+00 1.48e-06
2.27129e+00 1.47e-06
2.27181e+00 1.47e-06
2.27233e+00 1.48e-06
2.27285e+00 1.49e-06
2.27337e+00 1.52e-06
2.27390e+00 1.55e-06
2.27442e+00 1.57e-06
2.27496e+00 1.61e-06
2.27548e+00 1.65e-06
2.27602e+00 1.69e-06
2.27654e+00 1.75e-06
2.27707e+00 1.81e-06
2.27761e+00 1.89e-06
2.27814e+00 2.01e-06
2.27868e+00 2.14e-06
2.27921e+00 2.37e-06
2.27976e+00 2.95e-06
2.28030e+00 1.13e-05
2.28084e+00 5.43e-06
2.28138e+00 3.65e-06
2.28193e+00 3.84e-06
2.28247e+00 4.26e-06
2.28303e+00 4.72e-06
2.28358e+00 5.01e-06
2.28413e+00 5.02e-06
2.28468e+00 5.10e-06
2.28523e+00 4.82e-06
2.28578e+00 4.05e-06
2.28634e+00 3.48e-06
2.28690e+00 3.09e-06
2.28746e+00 2.76e-06
2.28802e+00 2.70e-06
2.28858e+00 2.60e-06
2.28915e+00 2.57e-06
2.28971e+00 2.59e-06
2.29028e+00 2.65e-06
2.29085e+00 2.79e-06
2.29141e+00 2.98e-06
2.29199e+00 3.23e-06
2.29257e+00 3.58e-06
2.29314e+00 4.06e-06
2.29372e+00 4.75e-06
2.29429e+00 5.76e-06
2.29488e+00 7.13e-06
2.29546e+00 9.46e-06
2.29604e+00 1.36e-05
2.29663e+00 2.19e-05
2.29721e+00 4.27e-05
2.29780e+00 1.24e-04
2.29839e+00 1.63e-03
2.29898e+00 6.01e-04
2.29958e+00 9.01e-05
2.30017e+00 3.72e-05
2.30077e+00 3.48e-05
2.30136e+00 5.94e-05
2.30197e+00 1.24e-05
2.30258e+00 9.24e-06
2.30318e+00 5.90e-06
2.30378e+00 5.28e-06
2.30438e+00 5.48e-06
2.30498e+00 3.60e-06
2.30558e+00 3.17e-06
2.30618e+00 2.88e-06
2.30688e+00 2.72e-06
2.30747e+00 2.51e-06
2.30807e+00 2.40e-06
2.30867e+00 2.32e-06
2.30936e+00 2.28e-06
2.30996e+00 2.23e-06
2.31055e+00 2.31e-06
2.31125e+00 2.62e-06
2.31184e+00 2.18e-06
2.31244e+00 2.17e-06
2.31313e+00 2.15e-06
2.31372e+00 2.19e-06
2.31441e+00 2.25e-06
2.31501e+00 2.33e-06
2.31570e+00 2.43e-06
2.31629e+00 2.57e-06
2.31698e+00 2.74e-06
2.31757e+00 2.97e-06
2.31826e+00 3.26e-06
2.31895e+00 3.66e-06
2.31954e+00 4.20e-06
2.32023e+00 4.99e-06
2.32092e+00 6.32e-06
2.32160e+00 9.66e-06
2.32219e+00 1.13e-05
2.32288e+00 1.78e-05
2.32356e+00 3.35e-05
2.32425e+00 9.20e-05
2.32493e+00 9.13e-04
2.32562e+00 6.55e-04
2.32630e+00 8.29e-05
2.32698e+00 3.56e-05
2.32767e+00 5.14e-03
2.32835e+00 1.55e-05
2.32903e+00 9.06e-06
2.32971e+00 6.77e-06
2.33039e+00 5.56e-06
2.33108e+00 4.85e-06
2.33185e+00 4.42e-06
2.33253e+00 4.20e-06
2.33321e+00 4.49e-06
2.33389e+00 4.28e-06
2.33466e+00 4.45e-06
2.33534e+00 4.75e-06
2.33612e+00 5.31e-06
2.33679e+00 6.28e-06
2.33747e+00 7.62e-06
2.33824e+00 9.90e-06
2.33901e+00 1.44e-05
2.33969e+00 2.47e-05
2.34046e+00 5.70e-05
2.34113e+00 2.90e-04
2.34190e+00 3.16e-03
2.34267e+00 1.16e-04
2.34344e+00 7.64e-05
2.34411e+00 2.69e-05
2.34488e+00 1.41e-05
2.34564e+00 1.06e-05
2.34641e+00 9.14e-06
2.34718e+00 8.83e-06
2.34794e+00 9.51e-06
2.34871e+00 1.13e-05
2.34947e+00 1.51e-05
2.35023e+00 2.41e-05
2.35099e+00 4.96e-05
2.35176e+00 1.80e-04
2.35261e+00 1.83e+00
2.35337e+00 1.72e-04
2.35413e+00 1.14e-04
2.35499e+00 2.68e-05
2.35575e+00 1.90e-05
2.35650e+00 1.80e-05
2.35736e+00 2.22e-05
2.35811e+00 3.71e-05
2.35897e+00 1.03e-04
2.35982e+00 1.76e-03
2.36057e+00 3.62e-04
2.36142e+00 8.24e-05
2.36227e+00 2.75e-05
2.36312e+00 1.55e-05
2.36396e+00 1.04e-05
2.36471e+00 7.78e-06
2.36556e+00 6.25e-06
2.36640e+00 5.32e-06
2.36734e+00 4.67e-06
2.36819e+00 4.17e-06
2.36903e+00 3.85e-06
2.36987e+00 3.66e-06
2.37071e+00 3.47e-06
2.37164e+00 3.38e-06
2.37248e+00 3.28e-06
2.37332e+00 1.04e-02
2.37518e+00 1.04e-02
2.37695e+00 1.03e-02
2.37871e+00 1.03e-02
2.38056e+00 1.02e-02
2.38241e+00 1.02e-02
2.38426e+00 1.01e-02
2.38619e+00 1.01e-02
2.38812e+00 1.00e-02
2.39005e+00 1.00e-02
2.39197e+00 9.95e-03
2.39398e+00 9.90e-03
2.39598e+00 9.85e-03
2.39799e+00 9.80e-03
2.40007e+00 9.75e-03
2.40216e+00 9.70e-03
2.40424e+00 9.65e-03
2.40532e+00 9.63e-03
2.40740e+00 9.57e-03
2.40964e+00 9.51e-03
2.41180e+00 9.46e-03
2.41404e+00 9.40e-03
2.41627e+00 9.35e-03
2.41859e+00 9.29e-03
2.42090e+00 9.23e-03
2.42330e+00 9.17e-03
2.42569e+00 9.11e-03
2.42816e+00 9.05e-03
2.43063e+00 8.99e-03
2.43186e+00 8.95e-03
2.43440e+00 8.90e-03
2.43572e+00 8.86e-03
2.43825e+00 8.79e-03
2.44095e+00 8.72e-03
2.44365e+00 8.65e-03
2.44634e+00 8.58e-03
2.44911e+00 8.51e-03
2.45057e+00 8.48e-03
2.45195e+00 8.44e-03
2.45488e+00 8.36e-03
2.45779e+00 8.28e-03
2.46087e+00 8.20e-03
2.46241e+00 8.16e-03
2.46547e+00 8.05e-03
2.46708e+00 7.99e-03
2.46861e+00 7.93e-03
2.47022e+00 9.79e-03
2.47191e+00 1.30e-02
2.47351e+00 1.63e-02
2.47519e+00 1.95e-02
2.47687e+00 2.05e-02
2.47855e+00 1.72e-02
2.48031e+00 1.38e-02
2.48207e+00 1.05e-02
2.48382e+00 8.25e-03
2.48740e+00 8.01e-03
2.49114e+00 7.75e-03
2.49494e+00 7.49e-03
2.49684e+00 7.37e-03
2.50078e+00 7.25e-03
2.50487e+00 7.12e-03
2.50911e+00 6.99e-03
2.51341e+00 6.85e-03
2.51568e+00 6.79e-03
2.52019e+00 6.64e-03
2.52252e+00 6.56e-03
2.52493e+00 6.50e-03
2.52733e+00 6.41e-03
2.53227e+00 6.26e-03
2.53742e+00 6.09e-03
2.54286e+00 5.93e-03
2.54561e+00 5.83e-03
2.54843e+00 5.74e-03
2.55132e+00 5.67e-03
2.55428e+00 5.65e-03
2.55730e+00 5.46e-03
2.56048e+00 5.38e-03
2.56364e+00 5.27e-03
2.56695e+00 5.18e-03
2.57024e+00 5.06e-03
2.57376e+00 4.95e-03
2.57726e+00 4.83e-03
2.58097e+00 4.73e-03
2.58475e+00 4.64e-03
2.58867e+00 4.56e-03
2.59264e+00 4.47e-03
2.60113e+00 4.29e-03
2.60565e+00 4.23e-03
2.61029e+00 4.34e-03
2.61513e+00 4.28e-03
2.62024e+00 4.44e-03
2.62554e+00 4.41e-03
2.63110e+00 1.46e-02
2.63698e+00 4.43e-03
2.64319e+00 3.38e-03
2.64971e+00 3.12e-03
2.65669e+00 2.95e-03
2.67215e+00 2.61e-03
2.68082e+00 2.43e-03
2.69029e+00 2.23e-03
2.70069e+00 2.02e-03
2.71231e+00 1.78e-03
2.72543e+00 1.51e-03
2.74065e+00 1.15e-03
2.75874e+00 4.84e-04
2.78130e+00 4.42e-03
2.81151e+00 2.35e-03
2.85859e+00 1.08e-03
2.99573e+00 1.10e-03
