# OPACITY Project tables
-2.61515e+00 2.05e+00
-2.27341e+00 7.09e-01
-2.07433e+00 3.81e-01
-1.93351e+00 2.46e-01
-1.82455e+00 1.76e-01
-1.73574e+00 1.34e-01
-1.66078e+00 1.06e-01
-1.59603e+00 8.74e-02
-1.53898e+00 7.34e-02
-1.48802e+00 6.31e-02
-1.44198e+00 5.47e-02
-1.40003e+00 4.78e-02
-1.36148e+00 4.23e-02
-1.32584e+00 3.79e-02
-1.29269e+00 3.43e-02
-1.26174e+00 3.13e-02
-1.23268e+00 2.86e-02
-1.20531e+00 2.63e-02
-1.17944e+00 2.43e-02
-1.15493e+00 2.25e-02
-1.13165e+00 2.09e-02
-1.10945e+00 1.96e-02
-1.08827e+00 1.84e-02
-1.06799e+00 1.74e-02
-1.04857e+00 1.65e-02
-1.02994e+00 1.55e-02
-1.01200e+00 1.47e-02
-9.94739e-01 1.40e-02
-9.78086e-01 1.33e-02
-9.62021e-01 1.27e-02
-9.46492e-01 1.21e-02
-9.31455e-01 1.20e-02
-9.16916e-01 1.15e-02
-9.02807e-01 1.10e-02
-8.89113e-01 1.05e-02
-8.75797e-01 1.04e-02
-8.62868e-01 1.01e-02
-8.50292e-01 9.77e-03
-8.38057e-01 9.49e-03
-8.26130e-01 9.21e-03
-8.14502e-01 8.96e-03
-8.03185e-01 8.75e-03
-7.92106e-01 8.55e-03
-7.81301e-01 8.34e-03
-7.70741e-01 8.22e-03
-7.60420e-01 8.22e-03
-7.50331e-01 8.44e-03
-7.40469e-01 8.44e-03
-7.30787e-01 8.38e-03
-7.21320e-01 8.38e-03
-7.12045e-01 8.14e-03
-7.02955e-01 7.78e-03
-6.94048e-01 7.43e-03
-6.85298e-01 7.12e-03
-6.76723e-01 6.87e-03
-6.68298e-01 6.72e-03
-6.60041e-01 6.58e-03
-6.51909e-01 6.41e-03
-6.43938e-01 6.37e-03
-6.36087e-01 6.33e-03
-6.28390e-01 6.34e-03
-6.20808e-01 6.41e-03
-6.13357e-01 6.57e-03
-6.06016e-01 6.82e-03
-5.98801e-01 7.16e-03
-5.91692e-01 7.55e-03
-5.84687e-01 7.88e-03
-5.77803e-01 8.16e-03
-5.71018e-01 8.50e-03
-5.57725e-01 9.45e-03
-5.51231e-01 9.63e-03
-5.44831e-01 9.24e-03
-5.38505e-01 8.52e-03
-5.32288e-01 7.77e-03
-5.26142e-01 7.13e-03
-5.20085e-01 6.62e-03
-5.14098e-01 6.22e-03
-5.08196e-01 5.86e-03
-5.02362e-01 5.57e-03
-4.96610e-01 5.33e-03
-4.90925e-01 5.10e-03
-4.85320e-01 4.91e-03
-4.79779e-01 4.77e-03
-4.74301e-01 4.78e-03
-4.68884e-01 4.62e-03
-4.63545e-01 4.65e-03
-4.53044e-01 4.58e-03
-4.47882e-01 4.54e-03
-4.42778e-01 4.69e-03
-4.37730e-01 5.40e-03
-4.32739e-01 5.83e-03
-4.27803e-01 5.81e-03
-4.22922e-01 6.26e-03
-4.18095e-01 1.25e-02
-4.13321e-01 8.28e-03
-4.08585e-01 5.74e-03
-4.03901e-01 5.56e-03
-3.99284e-01 5.29e-03
-3.94688e-01 4.51e-03
-3.90158e-01 3.96e-03
-3.85662e-01 3.78e-03
-3.81216e-01 3.70e-03
-3.76819e-01 3.59e-03
-3.72456e-01 3.44e-03
-3.68126e-01 3.30e-03
-3.63858e-01 3.21e-03
-3.59622e-01 3.12e-03
-3.55419e-01 3.03e-03
-3.51261e-01 2.97e-03
-3.47135e-01 2.91e-03
-3.43054e-01 2.88e-03
-3.39003e-01 2.81e-03
-3.34997e-01 2.76e-03
-3.31021e-01 2.74e-03
-3.27088e-01 2.69e-03
-3.23185e-01 2.72e-03
-3.19310e-01 2.64e-03
-3.15464e-01 2.62e-03
-3.11661e-01 2.61e-03
-3.07885e-01 2.59e-03
-3.04150e-01 2.58e-03
-3.00430e-01 2.54e-03
-2.96750e-01 2.55e-03
-2.93097e-01 2.51e-03
-2.89484e-01 2.51e-03
-2.85884e-01 2.48e-03
-2.82323e-01 2.47e-03
-2.75279e-01 2.46e-03
-2.71796e-01 2.46e-03
-2.68350e-01 2.45e-03
-2.64917e-01 2.45e-03
-2.61521e-01 2.45e-03
-2.58149e-01 2.43e-03
-2.54802e-01 2.41e-03
-2.48167e-01 2.35e-03
-2.44891e-01 2.33e-03
-2.41639e-01 2.31e-03
-2.38409e-01 2.29e-03
-2.32020e-01 2.27e-03
-2.28860e-01 2.26e-03
-2.22606e-01 2.19e-03
-2.19513e-01 2.16e-03
-2.16441e-01 2.14e-03
-2.13391e-01 2.13e-03
-2.10363e-01 2.13e-03
-2.07344e-01 2.11e-03
-2.04359e-01 2.08e-03
-2.01382e-01 2.06e-03
-1.98439e-01 2.04e-03
-1.95504e-01 2.04e-03
-1.92590e-01 2.14e-03
-1.89697e-01 2.11e-03
-1.86824e-01 2.11e-03
-1.83971e-01 2.09e-03
-1.81126e-01 2.05e-03
-1.78314e-01 2.01e-03
-1.75509e-01 1.99e-03
-1.72724e-01 1.98e-03
-1.69958e-01 1.97e-03
-1.67200e-01 1.95e-03
-1.64474e-01 1.94e-03
-1.61755e-01 1.94e-03
-1.56373e-01 1.93e-03
-1.53699e-01 1.92e-03
-1.48407e-01 1.89e-03
-1.45789e-01 1.89e-03
-1.43189e-01 1.91e-03
-1.40596e-01 1.90e-03
-1.38021e-01 1.88e-03
-1.35453e-01 1.87e-03
-1.32914e-01 1.86e-03
-1.30382e-01 1.83e-03
-1.27867e-01 1.81e-03
-1.25359e-01 1.79e-03
-1.22868e-01 1.77e-03
-1.20395e-01 1.76e-03
-1.17928e-01 1.97e-03
-1.13057e-01 1.95e-03
-1.10630e-01 1.94e-03
-1.08220e-01 1.93e-03
-1.03440e-01 1.92e-03
-9.87160e-02 1.90e-03
-9.40360e-02 1.89e-03
-9.17206e-02 1.89e-03
-8.94106e-02 1.87e-03
-8.48283e-02 1.84e-03
-8.25559e-02 1.82e-03
-7.80480e-02 1.78e-03
-7.58125e-02 1.77e-03
-7.35820e-02 1.75e-03
-7.13671e-02 1.74e-03
-6.91679e-02 1.74e-03
-6.69735e-02 1.74e-03
-6.26097e-02 1.75e-03
-6.04509e-02 1.76e-03
-5.82967e-02 1.74e-03
-5.61577e-02 1.72e-03
-5.40233e-02 1.69e-03
-5.19040e-02 1.67e-03
-4.97997e-02 1.65e-03
-4.76998e-02 1.64e-03
-4.35236e-02 1.64e-03
-4.14576e-02 1.64e-03
-3.93959e-02 1.65e-03
-3.73385e-02 1.64e-03
-3.52956e-02 1.62e-03
-3.32673e-02 1.59e-03
-3.12430e-02 1.56e-03
-2.92229e-02 1.55e-03
-2.72170e-02 1.61e-03
-2.52255e-02 1.60e-03
-2.32379e-02 1.58e-03
-2.12543e-02 1.55e-03
-1.92848e-02 1.53e-03
-1.73293e-02 1.53e-03
-1.53675e-02 1.54e-03
-1.34298e-02 1.50e-03
-1.14958e-02 1.44e-03
-9.56560e-03 1.42e-03
-7.64918e-03 1.58e-03
-5.73642e-03 1.55e-03
-3.83735e-03 1.53e-03
-1.94188e-03 1.52e-03
-5.00013e-05 1.51e-03
1.79838e-03 1.50e-03
3.69317e-03 1.48e-03
5.58438e-03 1.46e-03
7.37275e-03 1.45e-03
9.25702e-03 1.45e-03
1.11377e-02 1.44e-03
1.29162e-02 1.42e-03
1.47901e-02 1.40e-03
1.65621e-02 1.38e-03
1.84291e-02 1.43e-03
2.01947e-02 1.41e-03
2.19572e-02 1.40e-03
2.55703e-02 1.38e-03
2.90732e-02 1.36e-03
3.25640e-02 1.35e-03
3.60426e-02 1.33e-03
3.95091e-02 1.31e-03
4.29637e-02 1.30e-03
4.64064e-02 1.28e-03
4.97421e-02 1.27e-03
5.30667e-02 1.26e-03
5.64748e-02 1.24e-03
5.97772e-02 1.23e-03
6.29748e-02 1.22e-03
6.62558e-02 1.20e-03
6.95261e-02 1.19e-03
7.26927e-02 1.18e-03
7.58493e-02 1.17e-03
7.90884e-02 1.16e-03
8.22249e-02 1.14e-03
8.52598e-02 1.13e-03
8.83771e-02 1.12e-03
9.14847e-02 1.11e-03
9.44917e-02 1.10e-03
9.75803e-02 1.09e-03
1.00569e-01 1.08e-03
1.03549e-01 1.07e-03
1.06520e-01 1.06e-03
1.09482e-01 1.05e-03
1.12435e-01 1.04e-03
1.15291e-01 1.03e-03
1.18227e-01 1.02e-03
1.21067e-01 1.02e-03
1.23898e-01 1.01e-03
1.26809e-01 9.98e-04
1.29624e-01 9.90e-04
1.32431e-01 9.82e-04
1.35143e-01 9.73e-04
1.37934e-01 9.65e-04
1.40718e-01 9.57e-04
1.43407e-01 9.49e-04
1.44793e-01 9.45e-04
1.47471e-01 9.38e-04
1.50229e-01 9.30e-04
1.52893e-01 9.23e-04
1.55550e-01 9.15e-04
1.58200e-01 9.08e-04
1.60757e-01 9.01e-04
1.63394e-01 8.94e-04
1.66023e-01 8.87e-04
1.68561e-01 8.80e-04
1.71176e-01 8.74e-04
1.73701e-01 8.67e-04
1.76220e-01 8.60e-04
1.78732e-01 8.54e-04
1.81321e-01 8.47e-04
1.83737e-01 8.41e-04
1.86231e-01 8.35e-04
1.88718e-01 8.29e-04
1.91199e-01 8.23e-04
1.93591e-01 8.17e-04
1.96060e-01 8.11e-04
1.98441e-01 8.05e-04
2.00898e-01 8.00e-04
2.03267e-01 7.94e-04
2.05631e-01 7.88e-04
2.07989e-01 7.83e-04
2.10342e-01 7.78e-04
2.12689e-01 7.72e-04
2.15031e-01 7.67e-04
2.17286e-01 7.62e-04
2.19617e-01 7.56e-04
2.21943e-01 7.51e-04
2.24183e-01 7.46e-04
2.26418e-01 7.41e-04
2.28728e-01 7.36e-04
2.30953e-01 7.32e-04
2.33173e-01 7.27e-04
2.35388e-01 7.22e-04
2.37599e-01 7.17e-04
2.39804e-01 7.13e-04
2.42005e-01 7.08e-04
2.44200e-01 7.04e-04
2.46313e-01 6.99e-04
2.48499e-01 6.95e-04
2.50681e-01 6.90e-04
2.52780e-01 6.86e-04
2.54875e-01 6.82e-04
2.57042e-01 6.77e-04
2.59128e-01 6.73e-04
2.61210e-01 6.69e-04
2.63287e-01 6.65e-04
2.65360e-01 6.61e-04
2.67428e-01 6.57e-04
2.69493e-01 6.53e-04
2.71553e-01 6.49e-04
2.73609e-01 6.45e-04
2.75660e-01 6.41e-04
2.77632e-01 6.37e-04
2.79675e-01 6.34e-04
2.81639e-01 6.30e-04
2.83674e-01 6.26e-04
2.85630e-01 6.23e-04
2.87582e-01 6.19e-04
2.89605e-01 6.16e-04
2.91550e-01 6.12e-04
2.93490e-01 6.09e-04
2.95427e-01 6.05e-04
2.97360e-01 6.02e-04
2.99289e-01 5.98e-04
3.01215e-01 5.95e-04
3.03137e-01 5.92e-04
3.04982e-01 5.88e-04
3.06896e-01 5.85e-04
3.08807e-01 5.82e-04
3.10641e-01 5.79e-04
3.12545e-01 5.76e-04
3.14373e-01 5.72e-04
3.16270e-01 5.69e-04
3.18090e-01 5.66e-04
3.19907e-01 5.63e-04
3.21794e-01 5.60e-04
3.23604e-01 5.57e-04
3.25411e-01 5.54e-04
3.27215e-01 5.51e-04
3.29016e-01 5.48e-04
3.30813e-01 5.46e-04
3.32608e-01 5.43e-04
3.34399e-01 5.40e-04
3.36115e-01 5.37e-04
3.37900e-01 5.34e-04
3.39681e-01 5.32e-04
3.41389e-01 5.29e-04
3.43164e-01 5.26e-04
3.44936e-01 5.23e-04
3.46635e-01 5.21e-04
3.48330e-01 5.18e-04
3.50093e-01 5.16e-04
3.51783e-01 5.13e-04
3.53470e-01 5.11e-04
3.55224e-01 5.08e-04
3.56905e-01 5.06e-04
3.58583e-01 5.03e-04
3.60259e-01 5.01e-04
3.61931e-01 4.98e-04
3.63601e-01 4.96e-04
3.65268e-01 4.93e-04
3.66932e-01 4.91e-04
3.68594e-01 4.89e-04
3.70183e-01 4.86e-04
3.71839e-01 4.84e-04
3.73493e-01 4.82e-04
3.75075e-01 4.79e-04
3.76723e-01 4.77e-04
3.78299e-01 4.75e-04
3.79942e-01 4.73e-04
3.81514e-01 4.70e-04
3.83151e-01 4.68e-04
3.84718e-01 4.66e-04
3.86282e-01 4.64e-04
3.87912e-01 4.62e-04
3.89471e-01 4.60e-04
3.91028e-01 4.58e-04
3.92582e-01 4.56e-04
3.94134e-01 4.53e-04
3.95684e-01 4.51e-04
3.97231e-01 4.49e-04
3.98776e-01 4.47e-04
4.00319e-01 4.45e-04
4.01859e-01 4.44e-04
4.03396e-01 4.42e-04
4.04932e-01 4.40e-04
4.06465e-01 4.38e-04
4.07929e-01 4.36e-04
4.09457e-01 4.34e-04
4.10983e-01 4.32e-04
4.12441e-01 4.30e-04
4.13962e-01 4.28e-04
4.15415e-01 4.26e-04
4.16932e-01 4.25e-04
4.18381e-01 4.23e-04
4.19828e-01 4.21e-04
4.21338e-01 4.19e-04
4.22781e-01 4.17e-04
4.24221e-01 4.16e-04
4.25725e-01 4.14e-04
4.27161e-01 4.12e-04
4.28596e-01 4.10e-04
4.30028e-01 4.09e-04
4.31458e-01 4.07e-04
4.32886e-01 4.05e-04
4.34312e-01 4.04e-04
4.35736e-01 4.02e-04
4.37158e-01 4.00e-04
4.38577e-01 3.99e-04
4.39995e-01 3.97e-04
4.41411e-01 3.95e-04
4.42761e-01 3.94e-04
4.44173e-01 3.92e-04
4.45583e-01 3.91e-04
4.46927e-01 3.89e-04
4.48333e-01 3.88e-04
4.49737e-01 3.86e-04
4.51076e-01 3.84e-04
4.52476e-01 3.83e-04
4.53811e-01 3.81e-04
4.55207e-01 3.80e-04
4.56538e-01 3.78e-04
4.57931e-01 3.77e-04
4.59259e-01 3.75e-04
4.60584e-01 3.74e-04
4.61971e-01 3.72e-04
4.63294e-01 3.71e-04
4.64614e-01 3.70e-04
4.65933e-01 3.68e-04
4.67250e-01 3.67e-04
4.68565e-01 3.65e-04
4.69941e-01 3.64e-04
4.71253e-01 3.63e-04
4.72563e-01 3.61e-04
4.73871e-01 3.60e-04
4.75178e-01 3.59e-04
4.76420e-01 3.57e-04
4.77724e-01 3.56e-04
4.79025e-01 3.55e-04
4.80325e-01 3.53e-04
4.81623e-01 3.52e-04
4.82920e-01 3.51e-04
4.84153e-01 3.49e-04
4.85446e-01 3.48e-04
4.86738e-01 3.47e-04
4.87966e-01 3.46e-04
4.89255e-01 3.44e-04
4.90480e-01 3.43e-04
4.91765e-01 3.42e-04
4.93049e-01 3.41e-04
4.94269e-01 3.39e-04
4.95489e-01 3.38e-04
4.96767e-01 3.37e-04
4.97984e-01 3.36e-04
4.99259e-01 3.34e-04
5.00472e-01 3.33e-04
5.01684e-01 3.32e-04
5.02955e-01 3.31e-04
5.04163e-01 3.30e-04
5.05371e-01 3.29e-04
5.06577e-01 3.28e-04
5.07781e-01 3.26e-04
5.09044e-01 3.25e-04
5.10245e-01 3.24e-04
5.11445e-01 3.23e-04
5.12644e-01 3.22e-04
5.13841e-01 3.21e-04
5.15037e-01 3.20e-04
5.16231e-01 3.19e-04
5.17424e-01 3.18e-04
5.18615e-01 3.16e-04
5.19746e-01 3.15e-04
5.20934e-01 3.14e-04
5.22122e-01 3.13e-04
5.23307e-01 3.12e-04
5.24492e-01 3.11e-04
5.25616e-01 3.10e-04
5.26797e-01 3.09e-04
5.27978e-01 3.08e-04
5.29157e-01 3.07e-04
5.30275e-01 3.06e-04
5.31451e-01 3.05e-04
5.32568e-01 3.04e-04
5.33741e-01 3.03e-04
5.34855e-01 3.02e-04
5.36025e-01 3.01e-04
5.37136e-01 3.00e-04
5.38305e-01 2.99e-04
5.39413e-01 2.98e-04
5.40579e-01 2.97e-04
5.41685e-01 2.96e-04
5.42789e-01 2.95e-04
5.43951e-01 2.94e-04
5.45053e-01 2.93e-04
5.46154e-01 2.92e-04
5.47312e-01 2.91e-04
5.48410e-01 2.91e-04
5.49508e-01 2.90e-04
5.50604e-01 2.89e-04
5.51699e-01 2.88e-04
5.52850e-01 2.87e-04
5.53943e-01 2.86e-04
5.55034e-01 2.85e-04
5.56124e-01 2.84e-04
5.57213e-01 2.83e-04
5.58301e-01 2.82e-04
5.59387e-01 2.82e-04
5.60473e-01 2.81e-04
5.61557e-01 2.80e-04
5.62640e-01 2.79e-04
5.63722e-01 2.78e-04
5.64745e-01 2.77e-04
5.65825e-01 2.76e-04
5.66903e-01 2.76e-04
5.67981e-01 2.75e-04
5.69057e-01 2.74e-04
5.70075e-01 2.73e-04
5.71149e-01 2.72e-04
5.72222e-01 2.71e-04
5.73293e-01 2.71e-04
5.74307e-01 2.70e-04
5.75377e-01 2.69e-04
5.76445e-01 2.68e-04
5.77456e-01 2.67e-04
5.78522e-01 2.67e-04
5.79530e-01 2.66e-04
5.80594e-01 2.65e-04
5.81601e-01 2.64e-04
5.82662e-01 2.63e-04
5.83667e-01 2.63e-04
5.84726e-01 2.62e-04
5.85729e-01 2.61e-04
5.86786e-01 2.60e-04
5.87787e-01 2.60e-04
5.88786e-01 2.59e-04
5.89840e-01 2.58e-04
5.90838e-01 2.57e-04
5.91834e-01 2.57e-04
5.92885e-01 2.56e-04
5.93879e-01 2.55e-04
5.94873e-01 2.54e-04
5.95865e-01 2.54e-04
5.96857e-01 2.53e-04
5.97902e-01 2.52e-04
5.98891e-01 2.52e-04
5.99880e-01 2.51e-04
6.00867e-01 2.50e-04
6.01854e-01 2.49e-04
6.02839e-01 2.49e-04
6.03824e-01 2.48e-04
6.04808e-01 2.47e-04
6.05790e-01 2.47e-04
6.06772e-01 2.46e-04
6.07753e-01 2.45e-04
6.08732e-01 2.45e-04
6.09711e-01 2.44e-04
6.10689e-01 2.43e-04
6.11666e-01 2.43e-04
6.12642e-01 2.42e-04
6.13617e-01 2.41e-04
6.14104e-01 2.45e-04
6.15023e-01 2.44e-04
6.15996e-01 2.43e-04
6.16968e-01 2.43e-04
6.17939e-01 2.42e-04
6.18908e-01 2.41e-04
6.19824e-01 2.41e-04
6.20792e-01 2.40e-04
6.21759e-01 2.39e-04
6.22671e-01 2.39e-04
6.23636e-01 2.38e-04
6.24601e-01 2.38e-04
6.25511e-01 2.37e-04
6.26473e-01 2.36e-04
6.27435e-01 2.36e-04
6.28342e-01 2.35e-04
6.29302e-01 2.35e-04
6.30207e-01 2.34e-04
6.31165e-01 2.33e-04
6.32069e-01 2.33e-04
6.33026e-01 2.32e-04
6.33928e-01 2.32e-04
6.34882e-01 2.31e-04
6.35783e-01 2.30e-04
6.36683e-01 2.30e-04
6.37634e-01 2.29e-04
6.38533e-01 2.29e-04
6.39483e-01 2.28e-04
6.40379e-01 2.27e-04
6.41275e-01 2.27e-04
6.42222e-01 2.26e-04
6.43116e-01 2.26e-04
6.44009e-01 2.25e-04
6.44902e-01 2.25e-04
6.45846e-01 2.24e-04
6.46737e-01 2.23e-04
6.47627e-01 2.23e-04
6.48516e-01 2.22e-04
6.49404e-01 2.22e-04
6.50292e-01 2.21e-04
6.51231e-01 2.21e-04
6.52117e-01 2.20e-04
6.53002e-01 2.20e-04
6.53886e-01 2.19e-04
6.54770e-01 2.18e-04
6.55653e-01 2.18e-04
6.56535e-01 2.17e-04
6.57416e-01 2.17e-04
6.58297e-01 2.16e-04
6.59177e-01 2.16e-04
6.60056e-01 2.15e-04
6.60934e-01 2.15e-04
6.61811e-01 2.14e-04
6.62688e-01 2.14e-04
6.63564e-01 2.13e-04
6.64439e-01 2.13e-04
6.65262e-01 2.12e-04
6.66136e-01 2.12e-04
6.67009e-01 2.11e-04
6.67881e-01 2.11e-04
6.68752e-01 2.10e-04
6.69623e-01 2.10e-04
6.70441e-01 2.09e-04
6.71310e-01 2.09e-04
6.72179e-01 2.08e-04
6.73047e-01 2.08e-04
6.73862e-01 2.07e-04
6.74729e-01 2.07e-04
6.75594e-01 2.06e-04
6.76408e-01 2.06e-04
6.77272e-01 2.05e-04
6.78135e-01 2.05e-04
6.78947e-01 2.05e-04
6.79809e-01 2.04e-04
6.80619e-01 2.04e-04
6.81479e-01 2.03e-04
6.82339e-01 2.03e-04
6.83147e-01 2.02e-04
6.84006e-01 2.02e-04
6.84813e-01 2.01e-04
6.85669e-01 2.01e-04
6.86475e-01 2.00e-04
6.87330e-01 2.00e-04
6.88135e-01 1.99e-04
6.88989e-01 1.99e-04
6.89792e-01 1.99e-04
6.90594e-01 1.98e-04
6.91446e-01 1.98e-04
6.92247e-01 1.97e-04
6.93097e-01 1.97e-04
6.93897e-01 1.96e-04
6.94696e-01 1.96e-04
6.95544e-01 1.95e-04
6.96342e-01 1.95e-04
6.97139e-01 1.95e-04
6.97985e-01 1.94e-04
6.98781e-01 1.94e-04
6.99576e-01 1.93e-04
7.00371e-01 1.93e-04
7.01215e-01 1.93e-04
7.02008e-01 1.92e-04
7.02800e-01 1.92e-04
7.03592e-01 1.91e-04
7.04384e-01 1.91e-04
7.05224e-01 1.90e-04
7.06014e-01 1.90e-04
7.06804e-01 1.90e-04
7.07592e-01 1.89e-04
7.08381e-01 1.89e-04
7.09168e-01 1.88e-04
7.09955e-01 1.88e-04
7.10741e-01 1.88e-04
7.11527e-01 1.87e-04
7.12361e-01 1.87e-04
7.13146e-01 1.86e-04
7.13930e-01 1.86e-04
7.14713e-01 1.86e-04
7.15496e-01 1.85e-04
7.16278e-01 1.85e-04
7.17059e-01 1.84e-04
7.17791e-01 1.84e-04
7.18571e-01 1.84e-04
7.19351e-01 1.83e-04
7.20130e-01 1.83e-04
7.20908e-01 1.83e-04
7.21686e-01 1.82e-04
7.22463e-01 1.82e-04
7.23240e-01 1.81e-04
7.24016e-01 1.81e-04
7.24743e-01 1.81e-04
7.25518e-01 1.80e-04
7.26292e-01 1.80e-04
7.27065e-01 1.80e-04
7.27838e-01 1.79e-04
7.28611e-01 1.79e-04
7.29334e-01 1.78e-04
7.30106e-01 1.78e-04
7.30876e-01 1.78e-04
7.31598e-01 1.77e-04
7.32368e-01 1.77e-04
7.33137e-01 1.77e-04
7.33905e-01 1.76e-04
7.34625e-01 1.76e-04
7.35392e-01 1.76e-04
7.36159e-01 1.75e-04
7.36877e-01 1.75e-04
7.37642e-01 1.75e-04
7.38360e-01 1.74e-04
7.39124e-01 1.74e-04
7.39888e-01 1.74e-04
7.40603e-01 1.73e-04
7.41366e-01 1.73e-04
7.42080e-01 1.73e-04
7.42842e-01 1.72e-04
7.43603e-01 1.72e-04
7.44315e-01 1.72e-04
7.45075e-01 1.71e-04
7.45787e-01 1.71e-04
7.46546e-01 1.71e-04
7.47257e-01 1.70e-04
7.47967e-01 1.70e-04
7.48724e-01 1.70e-04
7.49433e-01 1.69e-04
7.50189e-01 1.69e-04
7.50897e-01 1.69e-04
7.51652e-01 1.68e-04
7.52359e-01 1.68e-04
7.53066e-01 1.68e-04
7.53819e-01 1.67e-04
7.54524e-01 1.67e-04
7.55277e-01 1.67e-04
7.55981e-01 1.66e-04
7.56685e-01 1.66e-04
7.57436e-01 1.66e-04
7.58139e-01 1.65e-04
7.58841e-01 1.65e-04
7.59543e-01 1.65e-04
7.60292e-01 1.64e-04
7.60993e-01 1.64e-04
7.61693e-01 1.64e-04
7.62393e-01 1.64e-04
7.63140e-01 1.63e-04
7.63839e-01 1.63e-04
7.64537e-01 1.63e-04
7.65235e-01 1.62e-04
7.65979e-01 1.62e-04
7.66676e-01 1.62e-04
7.67373e-01 1.61e-04
7.68069e-01 1.61e-04
7.68765e-01 1.61e-04
7.69460e-01 1.61e-04
7.70155e-01 1.60e-04
7.70895e-01 1.60e-04
7.71589e-01 1.60e-04
7.72282e-01 1.59e-04
7.72974e-01 1.59e-04
7.73667e-01 1.59e-04
7.74358e-01 1.59e-04
7.75050e-01 1.58e-04
7.75740e-01 1.58e-04
7.76431e-01 1.58e-04
7.77121e-01 1.57e-04
7.77810e-01 1.57e-04
7.78499e-01 1.57e-04
7.79187e-01 1.57e-04
7.79875e-01 1.56e-04
7.80563e-01 1.56e-04
7.81250e-01 1.56e-04
7.81936e-01 1.56e-04
7.82622e-01 1.55e-04
7.83308e-01 1.55e-04
7.83993e-01 1.55e-04
7.84677e-01 1.55e-04
7.85362e-01 1.54e-04
7.86000e-01 1.54e-04
7.86683e-01 1.54e-04
7.87366e-01 1.53e-04
7.88048e-01 1.53e-04
7.88730e-01 1.53e-04
7.89411e-01 1.53e-04
7.89729e-01 1.52e-04
7.90410e-01 1.52e-04
7.91090e-01 1.52e-04
7.91770e-01 1.52e-04
7.92404e-01 1.51e-04
7.93083e-01 1.51e-04
7.93761e-01 1.51e-04
7.94439e-01 1.51e-04
7.95117e-01 1.50e-04
7.95749e-01 1.50e-04
7.96426e-01 1.50e-04
7.97102e-01 1.50e-04
7.97732e-01 1.49e-04
7.98408e-01 1.49e-04
7.99083e-01 1.49e-04
7.99757e-01 1.49e-04
8.00386e-01 1.48e-04
8.01059e-01 1.48e-04
8.01732e-01 1.48e-04
8.02360e-01 1.48e-04
8.03032e-01 1.47e-04
8.03704e-01 1.47e-04
8.04331e-01 1.47e-04
8.05002e-01 1.47e-04
8.05627e-01 1.46e-04
8.06297e-01 1.46e-04
8.06967e-01 1.46e-04
8.07591e-01 1.46e-04
8.08260e-01 1.46e-04
8.08884e-01 1.45e-04
8.09551e-01 1.45e-04
8.10174e-01 1.45e-04
8.10841e-01 1.45e-04
8.11463e-01 1.44e-04
8.12129e-01 1.44e-04
8.12751e-01 1.44e-04
8.13416e-01 1.44e-04
8.14036e-01 1.43e-04
8.14701e-01 1.43e-04
8.15321e-01 1.43e-04
8.15984e-01 1.43e-04
8.16603e-01 1.43e-04
8.17266e-01 1.42e-04
8.17884e-01 1.42e-04
8.18546e-01 1.42e-04
8.19163e-01 1.42e-04
8.19824e-01 1.41e-04
8.20440e-01 1.41e-04
8.21057e-01 1.41e-04
8.21716e-01 1.41e-04
8.22332e-01 1.41e-04
8.22947e-01 1.40e-04
8.23605e-01 1.40e-04
8.24219e-01 1.40e-04
8.24833e-01 1.40e-04
8.25490e-01 1.40e-04
8.26103e-01 1.39e-04
8.26716e-01 1.39e-04
8.27372e-01 1.39e-04
8.27984e-01 1.39e-04
8.28595e-01 1.38e-04
8.29250e-01 1.38e-04
8.29861e-01 1.38e-04
8.30471e-01 1.38e-04
8.31081e-01 1.38e-04
8.31735e-01 1.37e-04
8.32344e-01 1.37e-04
8.32953e-01 1.37e-04
8.33561e-01 1.37e-04
8.34213e-01 1.37e-04
8.34820e-01 1.36e-04
8.35428e-01 1.36e-04
8.36035e-01 1.36e-04
8.36641e-01 1.36e-04
8.37291e-01 1.36e-04
8.37897e-01 1.35e-04
8.38502e-01 1.35e-04
8.39107e-01 1.35e-04
8.39712e-01 1.35e-04
8.40316e-01 1.35e-04
8.40964e-01 1.34e-04
8.41567e-01 1.34e-04
8.42170e-01 1.34e-04
8.42773e-01 1.34e-04
8.43376e-01 1.34e-04
8.43978e-01 1.34e-04
8.44580e-01 1.33e-04
8.45181e-01 1.33e-04
8.45782e-01 1.33e-04
8.46383e-01 1.33e-04
8.46984e-01 1.33e-04
8.47584e-01 1.32e-04
8.48226e-01 1.32e-04
8.48825e-01 1.32e-04
8.49424e-01 1.32e-04
8.50023e-01 1.32e-04
8.50621e-01 1.31e-04
8.51219e-01 1.31e-04
8.51816e-01 1.31e-04
8.52413e-01 1.31e-04
8.53010e-01 1.31e-04
8.53606e-01 1.31e-04
8.54160e-01 1.30e-04
8.54756e-01 1.30e-04
8.55351e-01 1.30e-04
8.55946e-01 1.30e-04
8.56541e-01 1.30e-04
8.57135e-01 1.30e-04
8.57729e-01 1.29e-04
8.58323e-01 1.29e-04
8.58916e-01 1.29e-04
8.59509e-01 1.29e-04
8.60101e-01 1.29e-04
8.60693e-01 1.29e-04
8.61243e-01 1.28e-04
8.61835e-01 1.28e-04
8.62426e-01 1.28e-04
8.63017e-01 1.28e-04
8.63607e-01 1.28e-04
8.64197e-01 1.27e-04
8.64745e-01 1.27e-04
8.65334e-01 1.27e-04
8.65923e-01 1.27e-04
8.66512e-01 1.27e-04
8.67100e-01 1.27e-04
8.67689e-01 1.27e-04
8.68234e-01 1.26e-04
8.68822e-01 1.26e-04
8.69409e-01 1.26e-04
8.69995e-01 1.26e-04
8.70540e-01 1.26e-04
8.71126e-01 1.26e-04
8.71712e-01 1.25e-04
8.72297e-01 1.25e-04
8.72840e-01 1.25e-04
8.73425e-01 1.25e-04
8.74009e-01 1.25e-04
8.74552e-01 1.25e-04
8.75135e-01 1.24e-04
8.75719e-01 1.24e-04
8.76302e-01 1.24e-04
8.76843e-01 1.24e-04
8.77425e-01 1.24e-04
8.78007e-01 1.24e-04
8.78547e-01 1.24e-04
8.79129e-01 1.23e-04
8.79710e-01 1.23e-04
8.80249e-01 1.23e-04
8.80829e-01 1.23e-04
8.81368e-01 1.23e-04
8.81948e-01 1.23e-04
8.82527e-01 1.22e-04
8.83065e-01 1.22e-04
8.83644e-01 1.22e-04
8.84181e-01 1.22e-04
8.84759e-01 1.22e-04
8.85337e-01 1.22e-04
8.85873e-01 1.22e-04
8.86450e-01 1.21e-04
8.86985e-01 1.21e-04
8.87562e-01 1.21e-04
8.88097e-01 1.21e-04
8.88673e-01 1.21e-04
8.89248e-01 1.21e-04
8.89782e-01 1.21e-04
8.90357e-01 1.20e-04
8.90891e-01 1.20e-04
8.91465e-01 1.20e-04
8.91998e-01 1.20e-04
8.92572e-01 1.20e-04
8.93104e-01 1.20e-04
8.93677e-01 1.20e-04
8.94209e-01 1.20e-04
8.94781e-01 1.19e-04
8.95312e-01 1.19e-04
8.95843e-01 1.19e-04
8.96415e-01 1.19e-04
8.96945e-01 1.19e-04
8.97516e-01 1.19e-04
8.98045e-01 1.19e-04
8.98615e-01 1.18e-04
8.99145e-01 1.18e-04
8.99673e-01 1.18e-04
9.00243e-01 1.18e-04
9.00771e-01 1.18e-04
9.01340e-01 1.18e-04
9.01867e-01 1.18e-04
9.02395e-01 1.18e-04
9.02962e-01 1.17e-04
9.03489e-01 1.17e-04
9.04056e-01 1.17e-04
9.04582e-01 1.17e-04
9.05108e-01 1.17e-04
9.05675e-01 1.17e-04
9.06200e-01 1.17e-04
9.06725e-01 1.17e-04
9.07290e-01 1.16e-04
9.07815e-01 1.16e-04
9.08339e-01 1.16e-04
9.08904e-01 1.16e-04
9.09427e-01 1.16e-04
9.09951e-01 1.16e-04
9.10474e-01 1.16e-04
9.11037e-01 1.16e-04
9.11560e-01 1.16e-04
9.12082e-01 1.15e-04
9.12644e-01 1.15e-04
9.28101e-01 1.12e-04
9.41139e-01 1.10e-04
9.50924e-01 1.08e-04
9.61990e-01 1.06e-04
9.65386e-01 1.06e-04
9.65652e-01 1.06e-04
9.74295e-01 1.05e-04
9.74522e-01 1.05e-04
9.87494e-01 1.04e-04
9.96063e-01 1.03e-04
1.00313e+00 1.03e-04
1.01236e+00 1.03e-04
1.02252e+00 1.03e-04
1.02690e+00 1.03e-04
1.03297e+00 1.04e-04
1.03773e+00 1.04e-04
1.04155e+00 1.05e-04
1.04665e+00 1.05e-04
1.04918e+00 1.06e-04
1.05044e+00 1.06e-04
1.05337e+00 1.07e-04
1.05421e+00 1.07e-04
1.05584e+00 1.07e-04
1.05668e+00 1.08e-04
1.05751e+00 1.08e-04
1.05793e+00 1.08e-04
1.05835e+00 1.08e-04
1.05876e+00 1.08e-04
1.05918e+00 1.08e-04
1.05959e+00 1.08e-04
1.06001e+00 1.08e-04
1.06043e+00 1.09e-04
1.06084e+00 1.09e-04
1.06126e+00 1.09e-04
1.06164e+00 1.09e-04
1.06205e+00 1.09e-04
1.06247e+00 1.09e-04
1.06288e+00 1.09e-04
1.06330e+00 1.10e-04
1.06371e+00 1.10e-04
1.06412e+00 1.10e-04
1.06454e+00 1.10e-04
1.06495e+00 1.10e-04
1.06537e+00 1.10e-04
1.06574e+00 1.10e-04
1.06616e+00 1.10e-04
1.06657e+00 1.11e-04
1.06698e+00 1.11e-04
1.06740e+00 1.11e-04
1.06781e+00 1.11e-04
1.06822e+00 1.11e-04
1.06860e+00 1.11e-04
1.06901e+00 1.12e-04
1.06942e+00 1.12e-04
1.06984e+00 1.12e-04
1.07025e+00 1.12e-04
1.07066e+00 1.12e-04
1.07107e+00 1.12e-04
1.07145e+00 1.13e-04
1.07186e+00 1.13e-04
1.07227e+00 1.13e-04
1.07268e+00 1.13e-04
1.07309e+00 1.13e-04
1.07350e+00 1.13e-04
1.07388e+00 1.14e-04
1.07429e+00 1.14e-04
1.07470e+00 1.14e-04
1.07510e+00 1.14e-04
1.07551e+00 1.14e-04
1.07592e+00 1.15e-04
1.07630e+00 1.15e-04
1.07671e+00 1.15e-04
1.07712e+00 1.15e-04
1.07752e+00 1.15e-04
1.07793e+00 1.16e-04
1.07831e+00 1.16e-04
1.07872e+00 1.16e-04
1.07912e+00 1.16e-04
1.07953e+00 1.16e-04
1.07991e+00 1.17e-04
1.08031e+00 1.17e-04
1.08072e+00 1.17e-04
1.08113e+00 1.17e-04
1.08153e+00 1.18e-04
1.08191e+00 1.18e-04
1.08231e+00 1.18e-04
1.08272e+00 1.18e-04
1.08313e+00 1.19e-04
1.08350e+00 1.19e-04
1.08390e+00 1.19e-04
1.08431e+00 1.19e-04
1.08472e+00 1.20e-04
1.08509e+00 1.20e-04
1.08549e+00 1.20e-04
1.08590e+00 1.20e-04
1.08610e+00 1.20e-04
1.08651e+00 1.21e-04
1.08688e+00 1.21e-04
1.08728e+00 1.21e-04
1.08769e+00 1.21e-04
1.08806e+00 1.22e-04
1.08846e+00 1.22e-04
1.08886e+00 1.22e-04
1.08927e+00 1.23e-04
1.08964e+00 1.23e-04
1.09004e+00 1.23e-04
1.09045e+00 1.24e-04
1.09085e+00 1.24e-04
1.09122e+00 1.24e-04
1.09162e+00 1.24e-04
1.09202e+00 1.25e-04
1.09239e+00 1.25e-04
1.09280e+00 1.25e-04
1.09320e+00 1.26e-04
1.09357e+00 1.26e-04
1.09397e+00 1.26e-04
1.09437e+00 1.27e-04
1.09477e+00 1.27e-04
1.09514e+00 1.27e-04
1.09554e+00 1.28e-04
1.09594e+00 1.28e-04
1.09631e+00 1.29e-04
1.09671e+00 1.29e-04
1.09711e+00 1.29e-04
1.09748e+00 1.30e-04
1.09788e+00 1.30e-04
1.09828e+00 1.30e-04
1.09865e+00 1.31e-04
1.09905e+00 1.31e-04
1.09945e+00 1.32e-04
1.09981e+00 1.32e-04
1.10021e+00 1.32e-04
1.10061e+00 1.33e-04
1.10098e+00 1.33e-04
1.10138e+00 1.34e-04
1.10177e+00 1.34e-04
1.10214e+00 1.35e-04
1.10254e+00 1.35e-04
1.10290e+00 1.36e-04
1.10330e+00 1.36e-04
1.10370e+00 1.36e-04
1.10406e+00 1.37e-04
1.10446e+00 1.37e-04
1.10486e+00 1.38e-04
1.10522e+00 1.38e-04
1.10562e+00 1.39e-04
1.10599e+00 1.39e-04
1.10638e+00 1.40e-04
1.10678e+00 1.40e-04
1.10714e+00 1.41e-04
1.10754e+00 1.41e-04
1.10794e+00 1.42e-04
1.10830e+00 1.43e-04
1.10869e+00 1.43e-04
1.10906e+00 1.44e-04
1.10945e+00 1.44e-04
1.10985e+00 1.45e-04
1.11021e+00 1.45e-04
1.11061e+00 1.46e-04
1.11097e+00 1.47e-04
1.11136e+00 1.47e-04
1.11176e+00 1.48e-04
1.11212e+00 1.48e-04
1.11252e+00 1.49e-04
1.11288e+00 1.50e-04
1.11327e+00 1.50e-04
1.11363e+00 1.51e-04
1.11403e+00 1.52e-04
1.11442e+00 1.52e-04
1.11478e+00 1.53e-04
1.11517e+00 1.54e-04
1.11553e+00 1.54e-04
1.11593e+00 1.55e-04
1.11629e+00 1.56e-04
1.11668e+00 1.57e-04
1.11704e+00 1.57e-04
1.11743e+00 1.58e-04
1.11783e+00 1.59e-04
1.11819e+00 1.60e-04
1.11858e+00 1.60e-04
1.11894e+00 1.61e-04
1.11933e+00 1.62e-04
1.11969e+00 1.63e-04
1.12008e+00 1.64e-04
1.12044e+00 1.65e-04
1.12083e+00 1.65e-04
1.12119e+00 1.66e-04
1.12158e+00 1.67e-04
1.12197e+00 1.68e-04
1.12233e+00 1.69e-04
1.12272e+00 1.70e-04
1.12308e+00 1.71e-04
1.12347e+00 1.72e-04
1.12383e+00 1.73e-04
1.12422e+00 1.74e-04
1.12457e+00 1.75e-04
1.12496e+00 1.76e-04
1.12532e+00 1.77e-04
1.12571e+00 1.78e-04
1.12607e+00 1.79e-04
1.12645e+00 1.80e-04
1.12681e+00 1.81e-04
1.12720e+00 1.82e-04
1.12756e+00 1.83e-04
1.12794e+00 1.85e-04
1.12830e+00 1.86e-04
1.12869e+00 1.87e-04
1.12904e+00 1.88e-04
1.12943e+00 1.89e-04
1.12979e+00 1.91e-04
1.13018e+00 1.92e-04
1.13053e+00 1.93e-04
1.13092e+00 1.95e-04
1.13127e+00 1.96e-04
1.13166e+00 1.97e-04
1.13201e+00 1.99e-04
1.13237e+00 2.00e-04
1.13276e+00 2.02e-04
1.13311e+00 2.03e-04
1.13350e+00 2.05e-04
1.13385e+00 2.06e-04
1.13424e+00 2.08e-04
1.13459e+00 2.09e-04
1.13498e+00 2.11e-04
1.13533e+00 2.13e-04
1.13572e+00 2.14e-04
1.13607e+00 2.16e-04
1.13645e+00 2.18e-04
1.13681e+00 2.20e-04
1.13716e+00 2.22e-04
1.13754e+00 2.23e-04
1.13790e+00 2.25e-04
1.13828e+00 2.27e-04
1.13863e+00 2.29e-04
1.13902e+00 2.31e-04
1.13937e+00 2.33e-04
1.13972e+00 2.36e-04
1.14011e+00 2.38e-04
1.14046e+00 2.40e-04
1.14084e+00 2.42e-04
1.14119e+00 2.45e-04
1.14158e+00 2.47e-04
1.14193e+00 2.49e-04
1.14228e+00 2.52e-04
1.14266e+00 2.54e-04
1.14301e+00 2.57e-04
1.14339e+00 2.60e-04
1.14374e+00 2.63e-04
1.14413e+00 2.66e-04
1.14448e+00 2.69e-04
1.14483e+00 2.72e-04
1.14521e+00 2.75e-04
1.14556e+00 2.78e-04
1.14594e+00 2.81e-04
1.14629e+00 2.85e-04
1.14664e+00 2.89e-04
1.14702e+00 2.92e-04
1.14737e+00 2.96e-04
1.14775e+00 3.01e-04
1.14810e+00 3.05e-04
1.14845e+00 3.10e-04
1.14883e+00 3.15e-04
1.14918e+00 3.20e-04
1.14956e+00 3.26e-04
1.14991e+00 3.33e-04
1.15010e+00 3.36e-04
1.15026e+00 3.40e-04
1.15045e+00 3.44e-04
1.15064e+00 3.48e-04
1.15079e+00 3.53e-04
1.15098e+00 3.57e-04
1.15117e+00 3.62e-04
1.15152e+00 3.72e-04
1.15187e+00 3.83e-04
1.15206e+00 3.88e-04
1.15225e+00 3.92e-04
1.15244e+00 3.96e-04
1.15260e+00 3.99e-04
1.15278e+00 4.02e-04
1.15297e+00 4.04e-04
1.15313e+00 4.05e-04
1.15332e+00 4.05e-04
1.15420e+00 4.05e-04
1.15458e+00 4.06e-04
1.15493e+00 4.07e-04
1.15528e+00 4.10e-04
1.15565e+00 4.12e-04
1.15600e+00 4.16e-04
1.15638e+00 4.20e-04
1.15672e+00 4.25e-04
1.15707e+00 4.30e-04
1.15745e+00 4.36e-04
1.15779e+00 4.41e-04
1.15814e+00 4.48e-04
1.15852e+00 4.54e-04
1.15886e+00 4.61e-04
1.15921e+00 4.67e-04
1.15958e+00 4.75e-04
1.15993e+00 4.82e-04
1.16027e+00 4.90e-04
1.16065e+00 4.98e-04
1.16099e+00 5.07e-04
1.16134e+00 5.16e-04
1.16171e+00 5.25e-04
1.16206e+00 5.35e-04
1.16240e+00 5.45e-04
1.16278e+00 5.56e-04
1.16312e+00 5.67e-04
1.16346e+00 5.79e-04
1.16384e+00 5.91e-04
1.16418e+00 6.04e-04
1.16452e+00 6.17e-04
1.16487e+00 6.31e-04
1.16524e+00 6.46e-04
1.16559e+00 6.61e-04
1.16593e+00 6.77e-04
1.16630e+00 6.94e-04
1.16664e+00 7.12e-04
1.16699e+00 7.31e-04
1.16736e+00 7.50e-04
1.16770e+00 7.71e-04
1.16805e+00 7.93e-04
1.16842e+00 8.16e-04
1.16876e+00 8.40e-04
1.16910e+00 8.66e-04
1.16944e+00 8.94e-04
1.16982e+00 9.24e-04
1.16997e+00 9.39e-04
1.17016e+00 9.55e-04
1.17034e+00 9.72e-04
1.17050e+00 9.89e-04
1.17068e+00 1.01e-03
1.17087e+00 1.03e-03
1.17103e+00 1.04e-03
1.17121e+00 1.06e-03
1.17140e+00 1.09e-03
1.17155e+00 1.11e-03
1.17174e+00 1.13e-03
1.17189e+00 1.15e-03
1.17208e+00 1.18e-03
1.17227e+00 1.20e-03
1.17242e+00 1.23e-03
1.17261e+00 1.26e-03
1.17279e+00 1.29e-03
1.17295e+00 1.32e-03
1.17313e+00 1.35e-03
1.17332e+00 1.39e-03
1.17347e+00 1.42e-03
1.17366e+00 1.46e-03
1.17381e+00 1.50e-03
1.17400e+00 1.54e-03
1.17418e+00 1.59e-03
1.17434e+00 1.64e-03
1.17452e+00 1.69e-03
1.17471e+00 1.74e-03
1.17486e+00 1.80e-03
1.17505e+00 1.86e-03
1.17523e+00 1.93e-03
1.17539e+00 2.00e-03
1.17557e+00 2.08e-03
1.17573e+00 2.17e-03
1.17591e+00 2.26e-03
1.17610e+00 2.36e-03
1.17625e+00 2.47e-03
1.17644e+00 2.59e-03
1.17662e+00 2.72e-03
1.17678e+00 2.86e-03
1.17696e+00 3.02e-03
1.17715e+00 3.19e-03
1.17730e+00 3.37e-03
1.17749e+00 3.58e-03
1.17764e+00 3.80e-03
1.17782e+00 4.03e-03
1.17801e+00 4.29e-03
1.17816e+00 4.55e-03
1.17835e+00 4.82e-03
1.17853e+00 5.10e-03
1.17869e+00 5.37e-03
1.17887e+00 5.64e-03
1.17902e+00 5.88e-03
1.17921e+00 6.11e-03
1.17939e+00 6.32e-03
1.17955e+00 6.52e-03
1.17992e+00 6.91e-03
1.18007e+00 7.12e-03
1.18025e+00 7.34e-03
1.18041e+00 7.57e-03
1.18078e+00 8.07e-03
1.18093e+00 8.31e-03
1.18111e+00 8.53e-03
1.18130e+00 8.70e-03
1.18145e+00 8.82e-03
1.18164e+00 8.89e-03
1.18179e+00 8.91e-03
1.18197e+00 8.87e-03
1.18216e+00 8.80e-03
1.18231e+00 8.70e-03
1.18249e+00 8.57e-03
1.18268e+00 8.41e-03
1.18283e+00 8.22e-03
1.18301e+00 8.01e-03
1.18317e+00 7.77e-03
1.18335e+00 7.52e-03
1.18369e+00 6.99e-03
1.18387e+00 6.74e-03
1.18406e+00 6.50e-03
1.18421e+00 6.29e-03
1.18439e+00 6.11e-03
1.18455e+00 5.95e-03
1.18473e+00 5.82e-03
1.18491e+00 5.72e-03
1.18507e+00 5.64e-03
1.18525e+00 5.60e-03
1.18540e+00 5.58e-03
1.18558e+00 5.59e-03
1.18577e+00 5.62e-03
1.18592e+00 5.68e-03
1.18610e+00 5.76e-03
1.18626e+00 5.87e-03
1.18644e+00 6.01e-03
1.18662e+00 6.18e-03
1.18678e+00 6.37e-03
1.18696e+00 6.60e-03
1.18714e+00 6.87e-03
1.18729e+00 7.18e-03
1.18748e+00 7.53e-03
1.18763e+00 7.93e-03
1.18781e+00 8.38e-03
1.18800e+00 8.91e-03
1.18815e+00 9.51e-03
1.18833e+00 1.02e-02
1.18848e+00 1.10e-02
1.18867e+00 1.20e-02
1.18885e+00 1.31e-02
1.18900e+00 1.45e-02
1.18918e+00 1.63e-02
1.18934e+00 1.84e-02
1.18952e+00 2.10e-02
1.18970e+00 2.42e-02
1.18985e+00 2.83e-02
1.19004e+00 3.37e-02
1.19022e+00 4.07e-02
1.19037e+00 4.99e-02
1.19055e+00 6.17e-02
1.19071e+00 7.63e-02
1.19089e+00 9.26e-02
1.19107e+00 1.08e-01
1.19122e+00 1.17e-01
1.19140e+00 1.16e-01
1.19156e+00 1.06e-01
1.19174e+00 9.11e-02
1.19192e+00 7.49e-02
1.19207e+00 6.05e-02
1.19225e+00 4.88e-02
1.19241e+00 3.98e-02
1.19259e+00 3.29e-02
1.19277e+00 2.76e-02
1.19292e+00 2.35e-02
1.19310e+00 2.02e-02
1.19326e+00 1.77e-02
1.19344e+00 1.56e-02
1.19362e+00 1.39e-02
1.19377e+00 1.25e-02
1.19395e+00 1.14e-02
1.19410e+00 1.04e-02
1.19429e+00 9.59e-03
1.19447e+00 8.89e-03
1.19462e+00 8.29e-03
1.19480e+00 7.76e-03
1.19495e+00 7.29e-03
1.19513e+00 6.88e-03
1.19532e+00 6.52e-03
1.19547e+00 6.19e-03
1.19565e+00 5.90e-03
1.19580e+00 5.63e-03
1.19598e+00 5.39e-03
1.19616e+00 5.17e-03
1.19631e+00 4.96e-03
1.19649e+00 4.78e-03
1.19665e+00 4.60e-03
1.19683e+00 4.44e-03
1.19698e+00 4.29e-03
1.19716e+00 4.15e-03
1.19734e+00 4.02e-03
1.19749e+00 3.90e-03
1.19767e+00 3.78e-03
1.19782e+00 3.67e-03
1.19801e+00 3.57e-03
1.19819e+00 3.47e-03
1.19834e+00 3.38e-03
1.19852e+00 3.29e-03
1.19867e+00 3.20e-03
1.19885e+00 3.12e-03
1.19903e+00 3.04e-03
1.19918e+00 2.97e-03
1.19936e+00 2.90e-03
1.19951e+00 2.83e-03
1.19969e+00 2.76e-03
1.19987e+00 2.70e-03
1.20003e+00 2.64e-03
1.20021e+00 2.58e-03
1.20036e+00 2.52e-03
1.20054e+00 2.47e-03
1.20069e+00 2.41e-03
1.20087e+00 2.36e-03
1.20105e+00 2.31e-03
1.20120e+00 2.27e-03
1.20138e+00 2.22e-03
1.20153e+00 2.17e-03
1.20171e+00 2.13e-03
1.20189e+00 2.09e-03
1.20204e+00 2.05e-03
1.20222e+00 2.01e-03
1.20237e+00 1.97e-03
1.20255e+00 1.93e-03
1.20270e+00 1.90e-03
1.20288e+00 1.86e-03
1.20306e+00 1.83e-03
1.20321e+00 1.79e-03
1.20339e+00 1.76e-03
1.20354e+00 1.73e-03
1.20390e+00 1.67e-03
1.20423e+00 1.61e-03
1.20456e+00 1.56e-03
1.20489e+00 1.51e-03
1.20522e+00 1.46e-03
1.20555e+00 1.42e-03
1.20591e+00 1.37e-03
1.20624e+00 1.33e-03
1.20657e+00 1.30e-03
1.20690e+00 1.26e-03
1.20723e+00 1.22e-03
1.20756e+00 1.19e-03
1.20789e+00 1.16e-03
1.20824e+00 1.13e-03
1.20857e+00 1.10e-03
1.20890e+00 1.07e-03
1.20923e+00 1.05e-03
1.20956e+00 1.02e-03
1.20989e+00 9.98e-04
1.21021e+00 9.75e-04
1.21057e+00 9.54e-04
1.21090e+00 9.33e-04
1.21123e+00 9.13e-04
1.21155e+00 8.95e-04
1.21188e+00 8.77e-04
1.21221e+00 8.59e-04
1.21254e+00 8.43e-04
1.21289e+00 8.27e-04
1.21322e+00 8.12e-04
1.21355e+00 7.97e-04
1.21387e+00 7.84e-04
1.21420e+00 7.70e-04
1.21453e+00 7.58e-04
1.21485e+00 7.46e-04
1.21521e+00 7.34e-04
1.21554e+00 7.23e-04
1.21586e+00 7.12e-04
1.21619e+00 7.02e-04
1.21651e+00 6.92e-04
1.21684e+00 6.83e-04
1.21717e+00 6.74e-04
1.21749e+00 6.65e-04
1.21782e+00 6.57e-04
1.21817e+00 6.49e-04
1.21850e+00 6.42e-04
1.21882e+00 6.35e-04
1.21915e+00 6.28e-04
1.21947e+00 6.21e-04
1.21980e+00 6.15e-04
1.22012e+00 6.09e-04
1.22045e+00 6.03e-04
1.22080e+00 5.98e-04
1.22112e+00 5.93e-04
1.22145e+00 5.88e-04
1.22177e+00 5.83e-04
1.22210e+00 5.79e-04
1.22242e+00 5.75e-04
1.22275e+00 5.71e-04
1.22307e+00 5.67e-04
1.22339e+00 5.63e-04
1.22372e+00 5.60e-04
1.22407e+00 5.57e-04
1.22439e+00 5.54e-04
1.22472e+00 5.51e-04
1.22504e+00 5.49e-04
1.22536e+00 5.47e-04
1.22569e+00 5.45e-04
1.22601e+00 5.43e-04
1.22633e+00 5.41e-04
1.22665e+00 5.40e-04
1.22698e+00 5.38e-04
1.22733e+00 5.37e-04
1.22765e+00 5.36e-04
1.22797e+00 5.36e-04
1.22911e+00 5.35e-04
1.22976e+00 5.35e-04
1.23040e+00 5.36e-04
1.23072e+00 5.37e-04
1.23104e+00 5.38e-04
1.23136e+00 5.39e-04
1.23169e+00 5.41e-04
1.23201e+00 5.42e-04
1.23233e+00 5.44e-04
1.23265e+00 5.46e-04
1.23300e+00 5.48e-04
1.23332e+00 5.51e-04
1.23364e+00 5.54e-04
1.23396e+00 5.57e-04
1.23428e+00 5.60e-04
1.23460e+00 5.63e-04
1.23492e+00 5.67e-04
1.23524e+00 5.71e-04
1.23556e+00 5.75e-04
1.23588e+00 5.80e-04
1.23620e+00 5.84e-04
1.23652e+00 5.89e-04
1.23684e+00 5.95e-04
1.23719e+00 6.00e-04
1.23750e+00 6.06e-04
1.23782e+00 6.13e-04
1.23814e+00 6.19e-04
1.23846e+00 6.26e-04
1.23878e+00 6.34e-04
1.23910e+00 6.42e-04
1.23942e+00 6.50e-04
1.23974e+00 6.59e-04
1.24005e+00 6.68e-04
1.24037e+00 6.78e-04
1.24069e+00 6.88e-04
1.24101e+00 6.99e-04
1.24133e+00 7.10e-04
1.24164e+00 7.22e-04
1.24196e+00 7.35e-04
1.24231e+00 7.48e-04
1.24245e+00 7.55e-04
1.24277e+00 7.67e-04
1.24309e+00 7.78e-04
1.24341e+00 7.90e-04
1.24372e+00 8.03e-04
1.24404e+00 8.16e-04
1.24436e+00 8.30e-04
1.24467e+00 8.44e-04
1.24499e+00 8.59e-04
1.24534e+00 8.74e-04
1.24565e+00 8.91e-04
1.24597e+00 9.08e-04
1.24628e+00 9.25e-04
1.24660e+00 9.44e-04
1.24692e+00 9.63e-04
1.24723e+00 9.83e-04
1.24755e+00 1.00e-03
1.24787e+00 1.03e-03
1.24818e+00 1.05e-03
1.24850e+00 1.07e-03
1.24881e+00 1.10e-03
1.24913e+00 1.13e-03
1.24944e+00 1.15e-03
1.24976e+00 1.18e-03
1.25007e+00 1.21e-03
1.25039e+00 1.25e-03
1.25070e+00 1.28e-03
1.25102e+00 1.32e-03
1.25133e+00 1.36e-03
1.25165e+00 1.40e-03
1.25196e+00 1.44e-03
1.25228e+00 1.48e-03
1.25262e+00 1.53e-03
1.25293e+00 1.58e-03
1.25325e+00 1.63e-03
1.25339e+00 1.66e-03
1.25356e+00 1.69e-03
1.25371e+00 1.72e-03
1.25388e+00 1.75e-03
1.25402e+00 1.78e-03
1.25419e+00 1.81e-03
1.25433e+00 1.85e-03
1.25450e+00 1.88e-03
1.25465e+00 1.92e-03
1.25482e+00 1.96e-03
1.25496e+00 1.99e-03
1.25513e+00 2.03e-03
1.25527e+00 2.07e-03
1.25545e+00 2.12e-03
1.25559e+00 2.16e-03
1.25576e+00 2.21e-03
1.25590e+00 2.25e-03
1.25607e+00 2.30e-03
1.25638e+00 2.40e-03
1.25653e+00 2.45e-03
1.25670e+00 2.51e-03
1.25684e+00 2.56e-03
1.25701e+00 2.62e-03
1.25715e+00 2.68e-03
1.25732e+00 2.74e-03
1.25749e+00 2.80e-03
1.25764e+00 2.87e-03
1.25781e+00 2.93e-03
1.25795e+00 3.01e-03
1.25812e+00 3.08e-03
1.25826e+00 3.16e-03
1.25843e+00 3.24e-03
1.25857e+00 3.32e-03
1.25875e+00 3.41e-03
1.25889e+00 3.50e-03
1.25906e+00 3.59e-03
1.25920e+00 3.69e-03
1.25937e+00 3.80e-03
1.25951e+00 3.91e-03
1.25968e+00 4.02e-03
1.25982e+00 4.14e-03
1.25999e+00 4.26e-03
1.26014e+00 4.40e-03
1.26031e+00 4.53e-03
1.26045e+00 4.68e-03
1.26062e+00 4.83e-03
1.26076e+00 4.99e-03
1.26093e+00 5.16e-03
1.26107e+00 5.34e-03
1.26124e+00 5.54e-03
1.26138e+00 5.74e-03
1.26155e+00 5.95e-03
1.26169e+00 6.18e-03
1.26186e+00 6.42e-03
1.26201e+00 6.68e-03
1.26218e+00 6.95e-03
1.26232e+00 7.25e-03
1.26249e+00 7.56e-03
1.26263e+00 7.90e-03
1.26280e+00 8.26e-03
1.26294e+00 8.63e-03
1.26311e+00 8.90e-03
1.26342e+00 9.09e-03
1.26373e+00 9.30e-03
1.26404e+00 9.52e-03
1.26435e+00 9.76e-03
1.26466e+00 1.00e-02
1.26497e+00 1.03e-02
1.26528e+00 1.05e-02
1.26559e+00 1.08e-02
1.26590e+00 1.11e-02
1.26621e+00 1.15e-02
1.26638e+00 1.15e-02
1.26669e+00 1.14e-02
1.26683e+00 1.13e-02
1.26700e+00 1.12e-02
1.26714e+00 1.12e-02
1.26731e+00 1.12e-02
1.26745e+00 1.13e-02
1.26762e+00 1.15e-02
1.26776e+00 1.18e-02
1.26793e+00 1.24e-02
1.26807e+00 1.34e-02
1.26824e+00 1.49e-02
1.26838e+00 1.73e-02
1.26855e+00 2.12e-02
1.26869e+00 2.78e-02
1.26886e+00 3.99e-02
1.26900e+00 6.50e-02
1.26917e+00 1.24e-01
1.26931e+00 2.51e-01
1.26948e+00 3.56e-01
1.26962e+00 2.09e-01
1.26979e+00 9.86e-02
1.26993e+00 5.46e-02
1.27010e+00 3.52e-02
1.27024e+00 2.54e-02
1.27041e+00 1.99e-02
1.27055e+00 1.66e-02
1.27072e+00 1.46e-02
1.27086e+00 1.33e-02
1.27102e+00 1.24e-02
1.27116e+00 1.19e-02
1.27133e+00 1.17e-02
1.27147e+00 1.15e-02
1.27164e+00 1.15e-02
1.27178e+00 1.15e-02
1.27195e+00 1.16e-02
1.27226e+00 1.17e-02
1.27240e+00 1.18e-02
1.27257e+00 1.19e-02
1.27271e+00 1.18e-02
1.27301e+00 1.15e-02
1.27332e+00 1.12e-02
1.27363e+00 1.09e-02
1.27394e+00 1.07e-02
1.27411e+00 1.05e-02
1.27441e+00 1.03e-02
1.27472e+00 1.00e-02
1.27503e+00 9.82e-03
1.27533e+00 9.61e-03
1.27564e+00 9.40e-03
1.27578e+00 9.27e-03
1.27595e+00 8.96e-03
1.27609e+00 8.58e-03
1.27626e+00 8.22e-03
1.27640e+00 7.89e-03
1.27656e+00 7.58e-03
1.27670e+00 7.28e-03
1.27687e+00 7.01e-03
1.27701e+00 6.75e-03
1.27718e+00 6.51e-03
1.27732e+00 6.28e-03
1.27748e+00 6.06e-03
1.27762e+00 5.86e-03
1.27779e+00 5.66e-03
1.27793e+00 5.48e-03
1.27810e+00 5.31e-03
1.27824e+00 5.14e-03
1.27840e+00 4.99e-03
1.27854e+00 4.84e-03
1.27871e+00 4.69e-03
1.27885e+00 4.56e-03
1.27902e+00 4.43e-03
1.27915e+00 4.31e-03
1.27932e+00 4.19e-03
1.27946e+00 4.07e-03
1.27963e+00 3.97e-03
1.27977e+00 3.86e-03
1.27993e+00 3.76e-03
1.28007e+00 3.67e-03
1.28024e+00 3.58e-03
1.28038e+00 3.49e-03
1.28054e+00 3.40e-03
1.28068e+00 3.32e-03
1.28085e+00 3.25e-03
1.28099e+00 3.17e-03
1.28116e+00 3.10e-03
1.28129e+00 3.03e-03
1.28146e+00 2.96e-03
1.28160e+00 2.90e-03
1.28177e+00 2.83e-03
1.28191e+00 2.77e-03
1.28207e+00 2.72e-03
1.28221e+00 2.66e-03
1.28252e+00 2.55e-03
1.28268e+00 2.50e-03
1.28282e+00 2.44e-03
1.28299e+00 2.39e-03
1.28313e+00 2.35e-03
1.28329e+00 2.30e-03
1.28343e+00 2.25e-03
1.28360e+00 2.21e-03
1.28374e+00 2.17e-03
1.28390e+00 2.13e-03
1.28404e+00 2.09e-03
1.28421e+00 2.05e-03
1.28434e+00 2.01e-03
1.28451e+00 1.98e-03
1.28465e+00 1.94e-03
1.28482e+00 1.91e-03
1.28495e+00 1.87e-03
1.28512e+00 1.84e-03
1.28542e+00 1.78e-03
1.28573e+00 1.72e-03
1.28600e+00 1.67e-03
1.28631e+00 1.62e-03
1.28661e+00 1.57e-03
1.28692e+00 1.52e-03
1.28722e+00 1.48e-03
1.28752e+00 1.44e-03
1.28783e+00 1.40e-03
1.28813e+00 1.36e-03
1.28843e+00 1.33e-03
1.28874e+00 1.29e-03
1.28904e+00 1.26e-03
1.28934e+00 1.23e-03
1.28965e+00 1.20e-03
1.28995e+00 1.17e-03
1.29025e+00 1.15e-03
1.29055e+00 1.12e-03
1.29086e+00 1.10e-03
1.29116e+00 1.07e-03
1.29146e+00 1.05e-03
1.29176e+00 1.03e-03
1.29207e+00 1.01e-03
1.29237e+00 9.88e-04
1.29267e+00 9.70e-04
1.29297e+00 9.52e-04
1.29327e+00 9.34e-04
1.29358e+00 9.18e-04
1.29388e+00 9.02e-04
1.29418e+00 8.87e-04
1.29448e+00 8.72e-04
1.29478e+00 8.58e-04
1.29508e+00 8.44e-04
1.29538e+00 8.31e-04
1.29569e+00 8.19e-04
1.29599e+00 8.04e-04
1.29629e+00 7.89e-04
1.29659e+00 7.75e-04
1.29689e+00 7.62e-04
1.29719e+00 7.50e-04
1.29749e+00 7.38e-04
1.29779e+00 7.27e-04
1.29809e+00 7.16e-04
1.29839e+00 7.06e-04
1.29869e+00 6.96e-04
1.29899e+00 6.87e-04
1.29929e+00 6.78e-04
1.29959e+00 6.69e-04
1.29989e+00 6.61e-04
1.30019e+00 6.54e-04
1.30049e+00 6.46e-04
1.30079e+00 6.39e-04
1.30109e+00 6.33e-04
1.30139e+00 6.27e-04
1.30169e+00 6.21e-04
1.30199e+00 6.15e-04
1.30229e+00 6.09e-04
1.30242e+00 6.07e-04
1.30259e+00 6.05e-04
1.30286e+00 6.00e-04
1.30316e+00 5.95e-04
1.30346e+00 5.91e-04
1.30375e+00 5.86e-04
1.30405e+00 5.83e-04
1.30435e+00 5.79e-04
1.30465e+00 5.75e-04
1.30495e+00 5.72e-04
1.30525e+00 5.69e-04
1.30555e+00 5.66e-04
1.30584e+00 5.63e-04
1.30614e+00 5.61e-04
1.30644e+00 5.59e-04
1.30674e+00 5.56e-04
1.30703e+00 5.54e-04
1.30733e+00 5.53e-04
1.30763e+00 5.51e-04
1.30793e+00 5.50e-04
1.30822e+00 5.48e-04
1.30852e+00 5.47e-04
1.30882e+00 5.47e-04
1.30912e+00 5.46e-04
1.30925e+00 5.47e-04
1.31030e+00 5.47e-04
1.31090e+00 5.47e-04
1.31119e+00 5.48e-04
1.31149e+00 5.49e-04
1.31179e+00 5.50e-04
1.31208e+00 5.51e-04
1.31238e+00 5.52e-04
1.31267e+00 5.54e-04
1.31297e+00 5.56e-04
1.31327e+00 5.58e-04
1.31356e+00 5.60e-04
1.31386e+00 5.62e-04
1.31415e+00 5.65e-04
1.31445e+00 5.68e-04
1.31474e+00 5.71e-04
1.31504e+00 5.75e-04
1.31531e+00 5.78e-04
1.31560e+00 5.82e-04
1.31590e+00 5.86e-04
1.31619e+00 5.91e-04
1.31649e+00 5.95e-04
1.31678e+00 6.00e-04
1.31708e+00 6.05e-04
1.31737e+00 6.10e-04
1.31767e+00 6.16e-04
1.31796e+00 6.22e-04
1.31826e+00 6.28e-04
1.31855e+00 6.34e-04
1.31884e+00 6.40e-04
1.31914e+00 6.47e-04
1.31943e+00 6.53e-04
1.31973e+00 6.60e-04
1.32002e+00 6.67e-04
1.32031e+00 6.74e-04
1.32061e+00 6.81e-04
1.32090e+00 6.88e-04
1.32120e+00 6.95e-04
1.32149e+00 7.02e-04
1.32178e+00 7.09e-04
1.32208e+00 7.16e-04
1.32237e+00 7.23e-04
1.32266e+00 7.29e-04
1.32296e+00 7.36e-04
1.32325e+00 7.42e-04
1.32354e+00 7.48e-04
1.32383e+00 7.53e-04
1.32413e+00 7.59e-04
1.32442e+00 7.64e-04
1.32471e+00 7.69e-04
1.32500e+00 7.74e-04
1.32530e+00 7.78e-04
1.32559e+00 7.82e-04
1.32588e+00 7.86e-04
1.32617e+00 7.90e-04
1.32646e+00 7.93e-04
1.32676e+00 7.97e-04
1.32705e+00 8.00e-04
1.32734e+00 8.03e-04
1.32761e+00 8.05e-04
1.32790e+00 8.08e-04
1.32819e+00 8.11e-04
1.32848e+00 8.14e-04
1.32877e+00 8.16e-04
1.32906e+00 8.19e-04
1.32935e+00 8.22e-04
1.32964e+00 8.25e-04
1.32994e+00 8.29e-04
1.33023e+00 8.32e-04
1.33052e+00 8.36e-04
1.33081e+00 8.40e-04
1.33110e+00 8.45e-04
1.33139e+00 8.50e-04
1.33168e+00 8.55e-04
1.33197e+00 8.62e-04
1.33226e+00 8.68e-04
1.33255e+00 8.76e-04
1.33284e+00 8.83e-04
1.33313e+00 8.92e-04
1.33342e+00 9.01e-04
1.33371e+00 9.11e-04
1.33400e+00 9.22e-04
1.33429e+00 9.34e-04
1.33458e+00 9.47e-04
1.33487e+00 9.60e-04
1.33516e+00 9.74e-04
1.33545e+00 9.89e-04
1.33574e+00 1.01e-03
1.33603e+00 1.02e-03
1.33632e+00 1.04e-03
1.33661e+00 1.06e-03
1.33689e+00 1.08e-03
1.33718e+00 1.11e-03
1.33747e+00 1.13e-03
1.33776e+00 1.15e-03
1.33805e+00 1.18e-03
1.33834e+00 1.21e-03
1.33863e+00 1.24e-03
1.33891e+00 1.27e-03
1.33920e+00 1.31e-03
1.33949e+00 1.34e-03
1.33978e+00 1.38e-03
1.34007e+00 1.42e-03
1.34036e+00 1.46e-03
1.34064e+00 1.51e-03
1.34093e+00 1.55e-03
1.34122e+00 1.60e-03
1.34151e+00 1.65e-03
1.34179e+00 1.71e-03
1.34208e+00 1.77e-03
1.34237e+00 1.83e-03
1.34266e+00 1.90e-03
1.34294e+00 1.97e-03
1.34323e+00 2.04e-03
1.34352e+00 2.12e-03
1.34380e+00 2.20e-03
1.34409e+00 2.28e-03
1.34438e+00 2.36e-03
1.34464e+00 2.45e-03
1.34493e+00 2.54e-03
1.34521e+00 2.63e-03
1.34550e+00 2.72e-03
1.34578e+00 2.80e-03
1.34594e+00 2.84e-03
1.34607e+00 2.88e-03
1.34623e+00 2.92e-03
1.34636e+00 2.95e-03
1.34651e+00 2.98e-03
1.34664e+00 3.01e-03
1.34680e+00 3.04e-03
1.34693e+00 3.06e-03
1.34709e+00 3.08e-03
1.34722e+00 3.09e-03
1.34737e+00 3.10e-03
1.34750e+00 3.11e-03
1.34766e+00 3.11e-03
1.34779e+00 3.11e-03
1.34794e+00 3.11e-03
1.34807e+00 3.09e-03
1.34823e+00 3.08e-03
1.34836e+00 3.06e-03
1.34851e+00 3.04e-03
1.34864e+00 3.01e-03
1.34880e+00 2.98e-03
1.34893e+00 2.95e-03
1.34909e+00 2.91e-03
1.34922e+00 2.87e-03
1.34937e+00 2.83e-03
1.34950e+00 2.79e-03
1.34966e+00 2.75e-03
1.34994e+00 2.66e-03
1.35023e+00 2.56e-03
1.35051e+00 2.47e-03
1.35080e+00 2.37e-03
1.35108e+00 2.28e-03
1.35137e+00 2.19e-03
1.35165e+00 2.10e-03
1.35194e+00 2.02e-03
1.35207e+00 1.97e-03
1.35222e+00 1.94e-03
1.35235e+00 1.90e-03
1.35250e+00 1.86e-03
1.35263e+00 1.83e-03
1.35279e+00 1.79e-03
1.35292e+00 1.76e-03
1.35307e+00 1.72e-03
1.35320e+00 1.69e-03
1.35336e+00 1.66e-03
1.35349e+00 1.63e-03
1.35364e+00 1.60e-03
1.35377e+00 1.58e-03
1.35393e+00 1.55e-03
1.35406e+00 1.53e-03
1.35421e+00 1.50e-03
1.35434e+00 1.48e-03
1.35449e+00 1.45e-03
1.35462e+00 1.43e-03
1.35478e+00 1.41e-03
1.35491e+00 1.39e-03
1.35506e+00 1.37e-03
1.35519e+00 1.35e-03
1.35547e+00 1.31e-03
1.35576e+00 1.28e-03
1.35604e+00 1.25e-03
1.35632e+00 1.22e-03
1.35661e+00 1.19e-03
1.35689e+00 1.17e-03
1.35717e+00 1.14e-03
1.35746e+00 1.12e-03
1.35774e+00 1.10e-03
1.35802e+00 1.08e-03
1.35831e+00 1.06e-03
1.35859e+00 1.05e-03
1.35887e+00 1.03e-03
1.35915e+00 1.02e-03
1.35944e+00 1.00e-03
1.35972e+00 9.92e-04
1.36000e+00 9.81e-04
1.36028e+00 9.70e-04
1.36057e+00 9.59e-04
1.36085e+00 9.50e-04
1.36113e+00 9.41e-04
1.36141e+00 9.33e-04
1.36172e+00 9.25e-04
1.36200e+00 9.18e-04
1.36228e+00 9.11e-04
1.36257e+00 9.05e-04
1.36285e+00 9.00e-04
1.36313e+00 8.94e-04
1.36341e+00 8.89e-04
1.36369e+00 8.85e-04
1.36397e+00 8.81e-04
1.36425e+00 8.77e-04
1.36453e+00 8.73e-04
1.36482e+00 8.70e-04
1.36510e+00 8.67e-04
1.36538e+00 8.64e-04
1.36566e+00 8.61e-04
1.36594e+00 8.59e-04
1.36622e+00 8.57e-04
1.36650e+00 8.55e-04
1.36678e+00 8.54e-04
1.36706e+00 8.52e-04
1.36747e+00 8.51e-04
1.36874e+00 8.47e-04
1.37042e+00 8.47e-04
1.37126e+00 8.48e-04
1.37209e+00 8.50e-04
1.37265e+00 8.51e-04
1.37293e+00 8.52e-04
1.37321e+00 8.53e-04
1.37349e+00 8.54e-04
1.37377e+00 8.56e-04
1.37404e+00 8.57e-04
1.37435e+00 8.58e-04
1.37463e+00 8.59e-04
1.37490e+00 8.60e-04
1.37518e+00 8.62e-04
1.37546e+00 8.63e-04
1.37574e+00 8.65e-04
1.37602e+00 8.66e-04
1.37629e+00 8.68e-04
1.37657e+00 8.69e-04
1.37685e+00 8.71e-04
1.37713e+00 8.73e-04
1.37740e+00 8.74e-04
1.37768e+00 8.76e-04
1.37783e+00 8.77e-04
1.37796e+00 8.78e-04
1.37824e+00 8.80e-04
1.37851e+00 8.82e-04
1.37879e+00 8.84e-04
1.37907e+00 8.85e-04
1.37935e+00 8.87e-04
1.37962e+00 8.89e-04
1.37990e+00 8.91e-04
1.38018e+00 8.92e-04
1.38045e+00 8.94e-04
1.38073e+00 8.96e-04
1.38103e+00 8.98e-04
1.38131e+00 9.00e-04
1.38158e+00 9.02e-04
1.38186e+00 9.04e-04
1.38214e+00 9.06e-04
1.38241e+00 9.08e-04
1.38269e+00 9.09e-04
1.38296e+00 9.12e-04
1.38324e+00 9.14e-04
1.38352e+00 9.16e-04
1.38379e+00 9.18e-04
1.38407e+00 9.20e-04
1.38434e+00 9.21e-04
1.38462e+00 9.23e-04
1.38489e+00 9.25e-04
1.38517e+00 9.27e-04
1.38544e+00 9.29e-04
1.38572e+00 9.31e-04
1.38602e+00 9.33e-04
1.38629e+00 9.35e-04
1.38657e+00 9.37e-04
1.38684e+00 9.39e-04
1.38712e+00 9.41e-04
1.38739e+00 9.43e-04
1.38767e+00 9.45e-04
1.38794e+00 9.46e-04
1.38822e+00 9.48e-04
1.38849e+00 9.50e-04
1.38877e+00 9.52e-04
1.38904e+00 9.54e-04
1.38931e+00 9.56e-04
1.38959e+00 9.58e-04
1.38986e+00 9.60e-04
1.39016e+00 9.62e-04
1.39044e+00 9.64e-04
1.39071e+00 9.65e-04
1.39098e+00 9.67e-04
1.39126e+00 9.69e-04
1.39153e+00 9.71e-04
1.39180e+00 9.73e-04
1.39208e+00 9.75e-04
1.39235e+00 9.76e-04
1.39262e+00 9.78e-04
1.39290e+00 9.80e-04
1.39317e+00 9.82e-04
1.39344e+00 9.84e-04
1.39374e+00 9.86e-04
1.39401e+00 9.87e-04
1.39429e+00 9.89e-04
1.39456e+00 9.91e-04
1.39483e+00 9.93e-04
1.39511e+00 9.94e-04
1.39538e+00 9.96e-04
1.39565e+00 9.98e-04
1.39592e+00 1.00e-03
1.39620e+00 1.00e-03
1.39647e+00 1.00e-03
1.39674e+00 1.01e-03
1.39704e+00 1.01e-03
1.39731e+00 1.01e-03
1.39758e+00 1.01e-03
1.39785e+00 1.01e-03
1.39812e+00 1.01e-03
1.39840e+00 1.02e-03
1.39867e+00 1.02e-03
1.39894e+00 1.02e-03
1.39921e+00 1.02e-03
1.39948e+00 1.02e-03
1.39975e+00 1.03e-03
1.40005e+00 1.03e-03
1.40032e+00 1.03e-03
1.40044e+00 1.03e-03
1.40071e+00 1.03e-03
1.40099e+00 1.04e-03
1.40128e+00 1.04e-03
1.40155e+00 1.04e-03
1.40182e+00 1.04e-03
1.40209e+00 1.05e-03
1.40236e+00 1.05e-03
1.40264e+00 1.05e-03
1.40291e+00 1.06e-03
1.40318e+00 1.06e-03
1.40345e+00 1.06e-03
1.40374e+00 1.07e-03
1.40401e+00 1.07e-03
1.40428e+00 1.07e-03
1.40455e+00 1.08e-03
1.40482e+00 1.08e-03
1.40509e+00 1.08e-03
1.40536e+00 1.09e-03
1.40563e+00 1.09e-03
1.40590e+00 1.10e-03
1.40620e+00 1.10e-03
1.40646e+00 1.11e-03
1.40673e+00 1.11e-03
1.40700e+00 1.12e-03
1.40727e+00 1.12e-03
1.40754e+00 1.13e-03
1.40781e+00 1.13e-03
1.40808e+00 1.14e-03
1.40837e+00 1.15e-03
1.40850e+00 1.15e-03
1.40876e+00 1.16e-03
1.40903e+00 1.16e-03
1.40930e+00 1.17e-03
1.40960e+00 1.18e-03
1.40986e+00 1.19e-03
1.41013e+00 1.19e-03
1.41040e+00 1.20e-03
1.41067e+00 1.21e-03
1.41094e+00 1.22e-03
1.41121e+00 1.22e-03
1.41150e+00 1.23e-03
1.41177e+00 1.24e-03
1.41204e+00 1.25e-03
1.41230e+00 1.26e-03
1.41257e+00 1.27e-03
1.41284e+00 1.28e-03
1.41311e+00 1.29e-03
1.41340e+00 1.30e-03
1.41367e+00 1.31e-03
1.41393e+00 1.31e-03
1.41420e+00 1.32e-03
1.41447e+00 1.33e-03
1.41474e+00 1.34e-03
1.41500e+00 1.35e-03
1.41529e+00 1.36e-03
1.41556e+00 1.37e-03
1.41583e+00 1.38e-03
1.41610e+00 1.38e-03
1.41636e+00 1.39e-03
1.41663e+00 1.40e-03
1.41690e+00 1.40e-03
1.41719e+00 1.41e-03
1.41745e+00 1.41e-03
1.41772e+00 1.41e-03
1.41799e+00 1.42e-03
1.41825e+00 1.42e-03
1.41852e+00 1.42e-03
1.41881e+00 1.42e-03
1.41908e+00 1.42e-03
1.41934e+00 1.42e-03
1.41961e+00 1.43e-03
1.41975e+00 1.43e-03
1.42002e+00 1.43e-03
1.42029e+00 1.44e-03
1.42055e+00 1.45e-03
1.42082e+00 1.46e-03
1.42108e+00 1.47e-03
1.42137e+00 1.49e-03
1.42164e+00 1.50e-03
1.42190e+00 1.51e-03
1.42217e+00 1.52e-03
1.42243e+00 1.53e-03
1.42272e+00 1.54e-03
1.42299e+00 1.55e-03
1.42325e+00 1.56e-03
1.42352e+00 1.56e-03
1.42378e+00 1.57e-03
1.42405e+00 1.58e-03
1.42434e+00 1.58e-03
1.42460e+00 1.59e-03
1.42487e+00 1.59e-03
1.42513e+00 1.60e-03
1.42539e+00 1.61e-03
1.42568e+00 1.62e-03
1.42595e+00 1.63e-03
1.42621e+00 1.63e-03
1.42648e+00 1.65e-03
1.42674e+00 1.66e-03
1.42700e+00 1.67e-03
1.42729e+00 1.68e-03
1.42756e+00 1.70e-03
1.42782e+00 1.72e-03
1.42796e+00 1.73e-03
1.42823e+00 1.75e-03
1.42835e+00 1.77e-03
1.42849e+00 1.78e-03
1.42864e+00 1.80e-03
1.42876e+00 1.82e-03
1.42890e+00 1.84e-03
1.42902e+00 1.86e-03
1.42916e+00 1.88e-03
1.42931e+00 1.91e-03
1.42943e+00 1.94e-03
1.42957e+00 1.97e-03
1.42969e+00 2.00e-03
1.42983e+00 2.04e-03
1.42998e+00 2.08e-03
1.43010e+00 2.12e-03
1.43038e+00 2.21e-03
1.43050e+00 2.25e-03
1.43077e+00 2.33e-03
1.43091e+00 2.37e-03
1.43105e+00 2.41e-03
1.43117e+00 2.45e-03
1.43132e+00 2.48e-03
1.43144e+00 2.51e-03
1.43158e+00 2.54e-03
1.43172e+00 2.57e-03
1.43184e+00 2.60e-03
1.43198e+00 2.62e-03
1.43210e+00 2.64e-03
1.43225e+00 2.66e-03
1.43239e+00 2.68e-03
1.43251e+00 2.69e-03
1.43265e+00 2.70e-03
1.43277e+00 2.71e-03
1.43292e+00 2.72e-03
1.43306e+00 2.73e-03
1.43318e+00 2.73e-03
1.43332e+00 2.74e-03
1.43344e+00 2.74e-03
1.43358e+00 2.73e-03
1.43373e+00 2.73e-03
1.43385e+00 2.72e-03
1.43399e+00 2.72e-03
1.43413e+00 2.71e-03
1.43425e+00 2.69e-03
1.43439e+00 2.68e-03
1.43451e+00 2.66e-03
1.43466e+00 2.64e-03
1.43480e+00 2.62e-03
1.43492e+00 2.60e-03
1.43506e+00 2.57e-03
1.43518e+00 2.55e-03
1.43532e+00 2.52e-03
1.43547e+00 2.49e-03
1.43558e+00 2.46e-03
1.43573e+00 2.43e-03
1.43599e+00 2.36e-03
1.43625e+00 2.28e-03
1.43654e+00 2.21e-03
1.43680e+00 2.13e-03
1.43706e+00 2.06e-03
1.43732e+00 1.98e-03
1.43746e+00 1.95e-03
1.43761e+00 1.91e-03
1.43772e+00 1.88e-03
1.43787e+00 1.85e-03
1.43799e+00 1.82e-03
1.43813e+00 1.79e-03
1.43827e+00 1.77e-03
1.43839e+00 1.75e-03
1.43853e+00 1.73e-03
1.43867e+00 1.71e-03
1.43879e+00 1.70e-03
1.43893e+00 1.69e-03
1.43905e+00 1.68e-03
1.43920e+00 1.67e-03
1.43934e+00 1.67e-03
1.43946e+00 1.67e-03
1.43960e+00 1.68e-03
1.43974e+00 1.68e-03
1.43986e+00 1.69e-03
1.44000e+00 1.71e-03
1.44012e+00 1.72e-03
1.44026e+00 1.74e-03
1.44040e+00 1.77e-03
1.44052e+00 1.79e-03
1.44066e+00 1.82e-03
1.44081e+00 1.84e-03
1.44092e+00 1.88e-03
1.44107e+00 1.91e-03
1.44118e+00 1.94e-03
1.44133e+00 1.98e-03
1.44159e+00 2.05e-03
1.44187e+00 2.13e-03
1.44213e+00 2.21e-03
1.44239e+00 2.28e-03
1.44265e+00 2.36e-03
1.44293e+00 2.43e-03
1.44305e+00 2.46e-03
1.44319e+00 2.49e-03
1.44331e+00 2.52e-03
1.44345e+00 2.55e-03
1.44360e+00 2.58e-03
1.44371e+00 2.61e-03
1.44386e+00 2.63e-03
1.44400e+00 2.65e-03
1.44412e+00 2.67e-03
1.44426e+00 2.69e-03
1.44440e+00 2.70e-03
1.44452e+00 2.72e-03
1.44466e+00 2.73e-03
1.44478e+00 2.74e-03
1.44492e+00 2.74e-03
1.44506e+00 2.75e-03
1.44518e+00 2.75e-03
1.44532e+00 2.75e-03
1.44546e+00 2.75e-03
1.44558e+00 2.75e-03
1.44572e+00 2.74e-03
1.44586e+00 2.73e-03
1.44598e+00 2.72e-03
1.44612e+00 2.71e-03
1.44626e+00 2.70e-03
1.44638e+00 2.68e-03
1.44652e+00 2.66e-03
1.44664e+00 2.64e-03
1.44678e+00 2.62e-03
1.44692e+00 2.59e-03
1.44704e+00 2.56e-03
1.44718e+00 2.54e-03
1.44732e+00 2.50e-03
1.44744e+00 2.47e-03
1.44758e+00 2.43e-03
1.44772e+00 2.39e-03
1.44784e+00 2.35e-03
1.44809e+00 2.27e-03
1.44838e+00 2.18e-03
1.44849e+00 2.14e-03
1.44864e+00 2.10e-03
1.44878e+00 2.06e-03
1.44889e+00 2.02e-03
1.44903e+00 1.99e-03
1.44918e+00 1.95e-03
1.44929e+00 1.92e-03
1.44943e+00 1.90e-03
1.44957e+00 1.87e-03
1.44969e+00 1.85e-03
1.44983e+00 1.83e-03
1.44997e+00 1.81e-03
1.45009e+00 1.79e-03
1.45023e+00 1.78e-03
1.45037e+00 1.76e-03
1.45063e+00 1.74e-03
1.45089e+00 1.72e-03
1.45115e+00 1.70e-03
1.45143e+00 1.68e-03
1.45168e+00 1.66e-03
1.45194e+00 1.65e-03
1.45222e+00 1.64e-03
1.45248e+00 1.62e-03
1.45274e+00 1.61e-03
1.45302e+00 1.60e-03
1.45328e+00 1.59e-03
1.45353e+00 1.58e-03
1.45381e+00 1.57e-03
1.45407e+00 1.56e-03
1.45433e+00 1.54e-03
1.45458e+00 1.53e-03
1.45486e+00 1.52e-03
1.45512e+00 1.51e-03
1.45538e+00 1.49e-03
1.45566e+00 1.48e-03
1.45591e+00 1.46e-03
1.45617e+00 1.45e-03
1.45645e+00 1.43e-03
1.45671e+00 1.41e-03
1.45696e+00 1.39e-03
1.45724e+00 1.37e-03
1.45750e+00 1.35e-03
1.45775e+00 1.33e-03
1.45803e+00 1.31e-03
1.45815e+00 1.30e-03
1.45843e+00 1.29e-03
1.45868e+00 1.28e-03
1.45896e+00 1.27e-03
1.45922e+00 1.26e-03
1.45948e+00 1.26e-03
1.45975e+00 1.25e-03
1.46001e+00 1.25e-03
1.46026e+00 1.24e-03
1.46054e+00 1.24e-03
1.46080e+00 1.24e-03
1.46173e+00 1.24e-03
1.46263e+00 1.24e-03
1.46370e+00 1.24e-03
1.46448e+00 1.24e-03
1.46527e+00 1.24e-03
1.46554e+00 1.25e-03
1.46580e+00 1.25e-03
1.46605e+00 1.25e-03
1.46633e+00 1.25e-03
1.46658e+00 1.25e-03
1.46686e+00 1.25e-03
1.46711e+00 1.25e-03
1.46737e+00 1.26e-03
1.46764e+00 1.26e-03
1.46790e+00 1.26e-03
1.46817e+00 1.26e-03
1.46843e+00 1.26e-03
1.46868e+00 1.26e-03
1.46896e+00 1.27e-03
1.46921e+00 1.27e-03
1.46949e+00 1.27e-03
1.46974e+00 1.27e-03
1.46999e+00 1.27e-03
1.47027e+00 1.28e-03
1.47052e+00 1.28e-03
1.47080e+00 1.28e-03
1.47105e+00 1.28e-03
1.47130e+00 1.28e-03
1.47158e+00 1.29e-03
1.47183e+00 1.29e-03
1.47211e+00 1.29e-03
1.47236e+00 1.29e-03
1.47261e+00 1.29e-03
1.47288e+00 1.30e-03
1.47314e+00 1.30e-03
1.47341e+00 1.30e-03
1.47366e+00 1.30e-03
1.47394e+00 1.31e-03
1.47419e+00 1.31e-03
1.47447e+00 1.31e-03
1.47472e+00 1.31e-03
1.47497e+00 1.31e-03
1.47524e+00 1.32e-03
1.47550e+00 1.32e-03
1.47577e+00 1.32e-03
1.47602e+00 1.32e-03
1.47630e+00 1.32e-03
1.47655e+00 1.33e-03
1.47680e+00 1.33e-03
1.47707e+00 1.33e-03
1.47732e+00 1.33e-03
1.47760e+00 1.34e-03
1.47785e+00 1.34e-03
1.47812e+00 1.34e-03
1.47837e+00 1.34e-03
1.47865e+00 1.34e-03
1.47890e+00 1.35e-03
1.47917e+00 1.35e-03
1.47942e+00 1.35e-03
1.47969e+00 1.35e-03
1.47994e+00 1.36e-03
1.48019e+00 1.36e-03
1.48047e+00 1.36e-03
1.48072e+00 1.36e-03
1.48099e+00 1.36e-03
1.48124e+00 1.37e-03
1.48151e+00 1.37e-03
1.48176e+00 1.37e-03
1.48204e+00 1.37e-03
1.48229e+00 1.38e-03
1.48256e+00 1.38e-03
1.48269e+00 1.38e-03
1.48281e+00 1.38e-03
1.48308e+00 1.38e-03
1.48333e+00 1.39e-03
1.48360e+00 1.39e-03
1.48385e+00 1.39e-03
1.48412e+00 1.39e-03
1.48437e+00 1.39e-03
1.48465e+00 1.40e-03
1.48489e+00 1.40e-03
1.48517e+00 1.40e-03
1.48542e+00 1.40e-03
1.48569e+00 1.41e-03
1.48594e+00 1.41e-03
1.48621e+00 1.41e-03
1.48646e+00 1.41e-03
1.48673e+00 1.42e-03
1.48698e+00 1.42e-03
1.48725e+00 1.42e-03
1.48750e+00 1.42e-03
1.48777e+00 1.42e-03
1.48802e+00 1.43e-03
1.48829e+00 1.43e-03
1.48854e+00 1.43e-03
1.48881e+00 1.43e-03
1.48908e+00 1.43e-03
1.48932e+00 1.43e-03
1.48960e+00 1.44e-03
1.48984e+00 1.44e-03
1.49023e+00 1.44e-03
1.49191e+00 1.45e-03
1.49439e+00 1.45e-03
1.49815e+00 1.46e-03
1.50359e+00 1.45e-03
1.50876e+00 1.44e-03
1.50929e+00 1.43e-03
1.50940e+00 1.43e-03
1.51043e+00 1.43e-03
1.51482e+00 1.42e-03
1.51868e+00 1.41e-03
1.52562e+00 1.38e-03
1.54498e+00 1.31e-03
1.56069e+00 1.25e-03
1.57180e+00 1.21e-03
1.59613e+00 1.14e-03
1.61462e+00 1.08e-03
1.64521e+00 9.95e-04
1.66233e+00 9.50e-04
1.69209e+00 8.77e-04
1.71035e+00 8.35e-04
1.74575e+00 7.58e-04
1.75649e+00 7.36e-04
1.79555e+00 6.61e-04
1.83840e+00 5.88e-04
1.88607e+00 5.16e-04
1.90741e+00 4.86e-04
1.93794e+00 4.47e-04
1.94501e+00 4.38e-04
1.95110e+00 4.31e-04
1.95145e+00 4.30e-04
1.95182e+00 4.30e-04
1.95218e+00 4.30e-04
1.95255e+00 4.29e-04
1.95290e+00 4.29e-04
1.95327e+00 4.28e-04
1.95362e+00 4.28e-04
1.95399e+00 4.27e-04
1.95435e+00 4.27e-04
1.95471e+00 4.27e-04
1.95508e+00 4.26e-04
1.95544e+00 4.26e-04
1.95580e+00 4.25e-04
1.95617e+00 4.25e-04
1.95654e+00 4.24e-04
1.95689e+00 4.24e-04
1.95726e+00 4.23e-04
1.95763e+00 4.23e-04
1.95799e+00 4.23e-04
1.95836e+00 4.22e-04
1.95873e+00 4.22e-04
1.95909e+00 4.21e-04
1.95946e+00 4.21e-04
1.95983e+00 4.20e-04
1.96019e+00 4.20e-04
1.96056e+00 4.20e-04
1.96093e+00 4.19e-04
1.96129e+00 4.19e-04
1.96167e+00 4.18e-04
1.96204e+00 4.18e-04
1.96240e+00 4.17e-04
1.96277e+00 4.17e-04
1.96315e+00 4.17e-04
1.96351e+00 4.16e-04
1.96388e+00 4.16e-04
1.96426e+00 4.15e-04
1.96462e+00 4.15e-04
1.96500e+00 4.14e-04
1.96536e+00 4.14e-04
1.96574e+00 4.14e-04
1.96610e+00 4.13e-04
1.96648e+00 4.13e-04
1.96686e+00 4.12e-04
1.96722e+00 4.12e-04
1.96760e+00 4.11e-04
1.96798e+00 4.11e-04
1.96834e+00 4.10e-04
1.96872e+00 4.10e-04
1.96910e+00 4.10e-04
1.96947e+00 4.09e-04
1.96985e+00 4.09e-04
1.97023e+00 4.08e-04
1.98086e+00 3.97e-04
1.98125e+00 3.96e-04
1.98162e+00 3.96e-04
1.98201e+00 3.95e-04
1.98239e+00 3.95e-04
1.98278e+00 3.94e-04
1.98318e+00 3.94e-04
1.98356e+00 3.94e-04
1.98395e+00 3.93e-04
1.98433e+00 3.93e-04
1.98472e+00 3.92e-04
1.98510e+00 3.92e-04
1.98550e+00 3.92e-04
1.98589e+00 3.91e-04
1.98627e+00 3.91e-04
1.98667e+00 3.90e-04
1.98705e+00 3.90e-04
1.98745e+00 3.89e-04
1.98783e+00 3.89e-04
1.98823e+00 3.89e-04
1.98861e+00 3.88e-04
1.98901e+00 3.88e-04
1.98939e+00 3.87e-04
1.98979e+00 3.87e-04
1.99019e+00 3.86e-04
1.99058e+00 3.86e-04
1.99097e+00 3.86e-04
1.99136e+00 3.85e-04
1.99176e+00 3.85e-04
1.99215e+00 3.84e-04
1.99255e+00 3.84e-04
1.99294e+00 3.84e-04
1.99334e+00 3.83e-04
1.99373e+00 3.83e-04
1.99413e+00 3.82e-04
1.99452e+00 3.82e-04
1.99492e+00 3.81e-04
1.99533e+00 3.81e-04
1.99572e+00 3.81e-04
1.99611e+00 3.80e-04
1.99652e+00 3.80e-04
1.99692e+00 3.79e-04
1.99731e+00 3.79e-04
1.99772e+00 3.78e-04
1.99811e+00 3.78e-04
1.99852e+00 3.78e-04
1.99891e+00 3.77e-04
1.99932e+00 3.77e-04
1.99972e+00 3.76e-04
2.00011e+00 3.76e-04
2.00052e+00 3.75e-04
2.00093e+00 3.75e-04
2.00133e+00 3.75e-04
2.00174e+00 3.74e-04
2.00214e+00 3.74e-04
2.00253e+00 3.73e-04
2.00294e+00 3.73e-04
2.00334e+00 3.73e-04
2.00376e+00 3.72e-04
2.00417e+00 3.72e-04
2.00457e+00 3.71e-04
2.00497e+00 3.71e-04
2.00538e+00 3.70e-04
2.00580e+00 3.70e-04
2.00620e+00 3.70e-04
2.00660e+00 3.69e-04
2.00702e+00 3.69e-04
2.00742e+00 3.68e-04
2.00784e+00 3.68e-04
2.00824e+00 3.67e-04
2.00866e+00 3.67e-04
2.00906e+00 3.67e-04
2.00947e+00 3.66e-04
2.00989e+00 3.66e-04
2.01029e+00 3.65e-04
2.01071e+00 3.65e-04
2.01112e+00 3.64e-04
2.01154e+00 3.64e-04
2.01195e+00 3.64e-04
2.01237e+00 3.63e-04
2.01278e+00 3.63e-04
2.01319e+00 3.62e-04
2.01361e+00 3.62e-04
2.01402e+00 3.61e-04
2.01444e+00 3.61e-04
2.01486e+00 3.61e-04
2.01528e+00 3.60e-04
2.01569e+00 3.60e-04
2.01612e+00 3.59e-04
2.01653e+00 3.59e-04
2.01695e+00 3.58e-04
2.01737e+00 3.58e-04
2.01779e+00 3.58e-04
2.01820e+00 3.57e-04
2.01863e+00 3.57e-04
2.01905e+00 3.56e-04
2.01947e+00 3.56e-04
2.01989e+00 3.56e-04
2.02032e+00 3.55e-04
2.02074e+00 3.55e-04
2.02116e+00 3.54e-04
2.02159e+00 3.54e-04
2.02201e+00 3.54e-04
2.02243e+00 3.53e-04
2.02286e+00 3.53e-04
2.02328e+00 3.52e-04
2.02372e+00 3.52e-04
2.02414e+00 3.51e-04
2.02456e+00 3.51e-04
2.02500e+00 3.51e-04
2.02542e+00 3.50e-04
2.02586e+00 3.50e-04
2.02628e+00 3.49e-04
2.02671e+00 3.49e-04
2.02713e+00 3.49e-04
2.02757e+00 3.48e-04
2.02800e+00 3.48e-04
2.02844e+00 3.47e-04
2.02887e+00 3.47e-04
2.02929e+00 3.47e-04
2.02973e+00 3.46e-04
2.03016e+00 3.46e-04
2.03059e+00 3.45e-04
2.03104e+00 3.45e-04
2.03147e+00 3.44e-04
2.03190e+00 3.44e-04
2.03234e+00 3.44e-04
2.03278e+00 3.43e-04
2.03321e+00 3.43e-04
2.03365e+00 3.42e-04
2.03409e+00 3.42e-04
2.03452e+00 3.42e-04
2.03497e+00 3.41e-04
2.03541e+00 3.41e-04
2.03584e+00 3.40e-04
2.03629e+00 3.40e-04
2.03673e+00 3.39e-04
2.03717e+00 3.39e-04
2.03762e+00 3.39e-04
2.03806e+00 3.38e-04
2.03850e+00 3.38e-04
2.03895e+00 3.37e-04
2.03939e+00 3.37e-04
2.03983e+00 3.36e-04
2.04027e+00 3.36e-04
2.04071e+00 3.36e-04
2.04117e+00 3.35e-04
2.04161e+00 3.35e-04
2.04206e+00 3.34e-04
2.04251e+00 3.34e-04
2.04296e+00 3.34e-04
2.04340e+00 3.33e-04
2.04385e+00 3.33e-04
2.04431e+00 3.32e-04
2.04476e+00 3.32e-04
2.04521e+00 3.31e-04
2.04566e+00 3.31e-04
2.04612e+00 3.31e-04
2.04657e+00 3.30e-04
2.04702e+00 3.30e-04
2.04747e+00 3.29e-04
2.04793e+00 3.29e-04
2.04838e+00 3.28e-04
2.04884e+00 3.28e-04
2.04929e+00 3.28e-04
2.04976e+00 3.27e-04
2.05021e+00 3.27e-04
2.05067e+00 3.26e-04
2.05113e+00 3.26e-04
2.05158e+00 3.25e-04
2.05204e+00 3.25e-04
2.05251e+00 3.25e-04
2.05297e+00 3.24e-04
2.05343e+00 3.24e-04
2.05389e+00 3.23e-04
2.05435e+00 3.23e-04
2.05482e+00 3.23e-04
2.05528e+00 3.22e-04
2.05575e+00 3.22e-04
2.05621e+00 3.21e-04
2.05667e+00 3.21e-04
2.05714e+00 3.20e-04
2.05760e+00 3.20e-04
2.05808e+00 3.20e-04
2.05855e+00 3.19e-04
2.05902e+00 3.19e-04
2.05948e+00 3.18e-04
2.05995e+00 3.18e-04
2.06042e+00 3.17e-04
2.06090e+00 3.17e-04
2.06137e+00 3.17e-04
2.06184e+00 3.16e-04
2.06232e+00 3.16e-04
2.06279e+00 3.15e-04
2.06326e+00 3.15e-04
2.06374e+00 3.15e-04
2.06421e+00 3.14e-04
2.06470e+00 3.14e-04
2.06517e+00 3.13e-04
2.06565e+00 3.13e-04
2.06613e+00 3.12e-04
2.06661e+00 3.12e-04
2.06709e+00 3.12e-04
2.06757e+00 3.11e-04
2.06805e+00 3.11e-04
2.06853e+00 3.10e-04
2.06901e+00 3.10e-04
2.06949e+00 3.10e-04
2.06998e+00 3.09e-04
2.07046e+00 3.09e-04
2.07096e+00 3.08e-04
2.07143e+00 3.08e-04
2.07193e+00 3.07e-04
2.07242e+00 3.07e-04
2.07290e+00 3.07e-04
2.07339e+00 3.06e-04
2.07388e+00 3.06e-04
2.07437e+00 3.05e-04
2.07486e+00 3.05e-04
2.07536e+00 3.05e-04
2.07585e+00 3.04e-04
2.07634e+00 3.04e-04
2.07684e+00 3.03e-04
2.07733e+00 3.03e-04
2.07783e+00 3.02e-04
2.07832e+00 3.02e-04
2.07882e+00 3.02e-04
2.07932e+00 3.01e-04
2.07982e+00 3.01e-04
2.08032e+00 3.00e-04
2.08082e+00 3.00e-04
2.08131e+00 2.99e-04
2.08181e+00 2.99e-04
2.08231e+00 2.99e-04
2.08282e+00 2.98e-04
2.08332e+00 2.98e-04
2.08383e+00 2.97e-04
2.08433e+00 2.97e-04
2.08484e+00 2.97e-04
2.08509e+00 2.96e-04
2.08535e+00 2.96e-04
2.08586e+00 2.95e-04
2.08636e+00 2.95e-04
2.08686e+00 2.95e-04
2.08738e+00 2.94e-04
2.08789e+00 2.94e-04
2.08840e+00 2.93e-04
2.08891e+00 2.93e-04
2.08943e+00 2.92e-04
2.08994e+00 2.92e-04
2.09046e+00 2.92e-04
2.09097e+00 2.91e-04
2.09149e+00 2.91e-04
2.09201e+00 2.90e-04
2.09253e+00 2.90e-04
2.09305e+00 2.89e-04
2.09357e+00 2.89e-04
2.09408e+00 2.89e-04
2.09460e+00 2.88e-04
2.09513e+00 2.88e-04
2.09565e+00 2.87e-04
2.09618e+00 2.87e-04
2.09670e+00 2.86e-04
2.09723e+00 2.86e-04
2.09775e+00 2.86e-04
2.09828e+00 2.85e-04
2.09882e+00 2.85e-04
2.09934e+00 2.84e-04
2.09987e+00 2.84e-04
2.10040e+00 2.83e-04
2.10093e+00 2.83e-04
2.10146e+00 2.83e-04
2.10200e+00 2.82e-04
2.10254e+00 2.82e-04
2.10307e+00 2.81e-04
2.10361e+00 2.81e-04
2.10415e+00 2.80e-04
2.10468e+00 2.80e-04
2.10522e+00 2.80e-04
2.10577e+00 2.79e-04
2.10630e+00 2.79e-04
2.10685e+00 2.78e-04
2.10738e+00 2.78e-04
2.10793e+00 2.78e-04
2.10848e+00 2.77e-04
2.10902e+00 2.77e-04
2.10957e+00 2.76e-04
2.11012e+00 2.76e-04
2.11066e+00 2.75e-04
2.11122e+00 2.75e-04
2.11176e+00 2.75e-04
2.11232e+00 2.74e-04
2.11288e+00 2.74e-04
2.11343e+00 2.73e-04
2.11399e+00 2.73e-04
2.11454e+00 2.73e-04
2.11510e+00 2.72e-04
2.11565e+00 2.72e-04
2.11621e+00 2.71e-04
2.11677e+00 2.71e-04
2.11734e+00 2.70e-04
2.11789e+00 2.70e-04
2.11846e+00 2.70e-04
2.11902e+00 2.69e-04
2.11959e+00 2.69e-04
2.12015e+00 2.68e-04
2.12073e+00 2.68e-04
2.12129e+00 2.67e-04
2.12187e+00 2.67e-04
2.12243e+00 2.67e-04
2.12300e+00 2.66e-04
2.12358e+00 2.66e-04
2.12415e+00 2.65e-04
2.12473e+00 2.65e-04
2.12530e+00 2.64e-04
2.12588e+00 2.64e-04
2.12646e+00 2.64e-04
2.12704e+00 2.63e-04
2.12761e+00 2.63e-04
2.12820e+00 2.62e-04
2.12878e+00 2.62e-04
2.12936e+00 2.61e-04
2.12996e+00 2.61e-04
2.13054e+00 2.61e-04
2.13113e+00 2.60e-04
2.13171e+00 2.60e-04
2.13231e+00 2.59e-04
2.13290e+00 2.59e-04
2.13349e+00 2.58e-04
2.13408e+00 2.58e-04
2.13468e+00 2.57e-04
2.13528e+00 2.57e-04
2.13587e+00 2.57e-04
2.13647e+00 2.56e-04
2.13707e+00 2.56e-04
2.13768e+00 2.55e-04
2.13828e+00 2.55e-04
2.13888e+00 2.54e-04
2.13948e+00 2.54e-04
2.14009e+00 2.53e-04
2.14070e+00 2.53e-04
2.14130e+00 2.53e-04
2.14191e+00 2.52e-04
2.14253e+00 2.52e-04
2.14314e+00 2.51e-04
2.14375e+00 2.51e-04
2.14437e+00 2.50e-04
2.14498e+00 2.50e-04
2.14560e+00 2.50e-04
2.14622e+00 2.49e-04
2.14684e+00 2.49e-04
2.14747e+00 2.48e-04
2.14809e+00 2.48e-04
2.14872e+00 2.47e-04
2.14934e+00 2.47e-04
2.14997e+00 2.47e-04
2.15060e+00 2.46e-04
2.15123e+00 2.46e-04
2.15187e+00 2.45e-04
2.15249e+00 2.45e-04
2.15313e+00 2.44e-04
2.15377e+00 2.44e-04
2.15441e+00 2.44e-04
2.15505e+00 2.43e-04
2.15568e+00 2.43e-04
2.15633e+00 2.42e-04
2.15697e+00 2.42e-04
2.15762e+00 2.41e-04
2.15826e+00 2.41e-04
2.15891e+00 2.40e-04
2.15957e+00 2.40e-04
2.16021e+00 2.40e-04
2.16087e+00 2.39e-04
2.16153e+00 2.39e-04
2.16218e+00 2.38e-04
2.16284e+00 2.38e-04
2.16350e+00 2.37e-04
2.16416e+00 2.37e-04
2.16483e+00 2.36e-04
2.16548e+00 2.36e-04
2.16616e+00 2.36e-04
2.16682e+00 2.35e-04
2.16749e+00 2.35e-04
2.16816e+00 2.34e-04
2.16884e+00 2.34e-04
2.16951e+00 2.33e-04
2.17018e+00 2.33e-04
2.17086e+00 2.32e-04
2.17154e+00 2.32e-04
2.17223e+00 2.32e-04
2.17291e+00 2.31e-04
2.17359e+00 2.31e-04
2.17427e+00 2.30e-04
2.17497e+00 2.30e-04
2.17566e+00 2.29e-04
2.17635e+00 2.29e-04
2.17704e+00 2.28e-04
2.17774e+00 2.28e-04
2.17844e+00 2.27e-04
2.17914e+00 2.27e-04
2.17984e+00 2.27e-04
2.18054e+00 2.26e-04
2.18125e+00 2.26e-04
2.18195e+00 2.25e-04
2.18266e+00 2.25e-04
2.18337e+00 2.24e-04
2.18408e+00 2.24e-04
2.18480e+00 2.23e-04
2.18552e+00 2.23e-04
2.18624e+00 2.22e-04
2.18696e+00 2.22e-04
2.18768e+00 2.21e-04
2.18841e+00 2.21e-04
2.18914e+00 2.21e-04
2.18986e+00 2.20e-04
2.19060e+00 2.20e-04
2.19133e+00 2.19e-04
2.19207e+00 2.19e-04
2.19280e+00 2.18e-04
2.19354e+00 2.18e-04
2.19429e+00 2.17e-04
2.19503e+00 2.17e-04
2.19578e+00 2.17e-04
2.19652e+00 2.16e-04
2.19728e+00 2.16e-04
2.19804e+00 2.15e-04
2.19879e+00 2.15e-04
2.19954e+00 2.14e-04
2.20031e+00 2.14e-04
2.20107e+00 2.13e-04
2.20184e+00 2.13e-04
2.20260e+00 2.12e-04
2.20337e+00 2.12e-04
2.20415e+00 2.11e-04
2.20492e+00 2.11e-04
2.20569e+00 2.11e-04
2.20647e+00 2.10e-04
2.20725e+00 2.10e-04
2.20804e+00 2.09e-04
2.20882e+00 2.09e-04
2.20961e+00 2.08e-04
2.21040e+00 2.08e-04
2.21120e+00 2.07e-04
2.21200e+00 2.07e-04
2.21280e+00 2.06e-04
2.21360e+00 2.06e-04
2.21441e+00 2.05e-04
2.21522e+00 2.05e-04
2.21602e+00 2.04e-04
2.21684e+00 2.04e-04
2.21766e+00 2.04e-04
2.21847e+00 2.03e-04
2.21930e+00 2.03e-04
2.22013e+00 2.02e-04
2.22095e+00 2.02e-04
2.22178e+00 2.01e-04
2.22261e+00 2.01e-04
2.22346e+00 2.00e-04
2.22429e+00 2.00e-04
2.22513e+00 1.99e-04
2.22597e+00 1.99e-04
2.22683e+00 1.98e-04
2.22768e+00 1.98e-04
2.22853e+00 1.97e-04
2.22939e+00 1.97e-04
2.23025e+00 1.96e-04
2.23111e+00 1.96e-04
2.23198e+00 1.95e-04
2.23285e+00 1.95e-04
2.23373e+00 1.94e-04
2.23461e+00 1.94e-04
2.23548e+00 1.93e-04
2.23637e+00 1.93e-04
2.23726e+00 1.92e-04
2.23815e+00 1.92e-04
2.23904e+00 1.91e-04
2.23994e+00 1.91e-04
2.24084e+00 1.90e-04
2.24175e+00 1.90e-04
2.24265e+00 1.90e-04
2.24357e+00 1.89e-04
2.24449e+00 1.89e-04
2.24540e+00 1.88e-04
2.24633e+00 1.88e-04
2.24725e+00 1.87e-04
2.24818e+00 1.87e-04
2.24912e+00 1.86e-04
2.25006e+00 1.86e-04
2.25101e+00 1.85e-04
2.25195e+00 1.85e-04
2.25290e+00 1.84e-04
2.25386e+00 1.84e-04
2.25482e+00 1.83e-04
2.25578e+00 1.83e-04
2.25675e+00 1.82e-04
2.25772e+00 1.82e-04
2.25870e+00 1.81e-04
2.25968e+00 1.81e-04
2.26067e+00 1.80e-04
2.26166e+00 1.79e-04
2.26265e+00 1.79e-04
2.26365e+00 1.78e-04
2.26465e+00 1.78e-04
2.26566e+00 1.77e-04
2.26667e+00 1.77e-04
2.26769e+00 1.76e-04
2.26871e+00 1.76e-04
2.26974e+00 1.75e-04
2.27077e+00 1.75e-04
2.27181e+00 1.74e-04
2.27285e+00 1.74e-04
2.27390e+00 1.73e-04
2.27496e+00 1.73e-04
2.27602e+00 1.72e-04
2.27707e+00 1.72e-04
2.27814e+00 1.71e-04
2.27921e+00 1.71e-04
2.28030e+00 1.70e-04
2.28138e+00 1.70e-04
2.28247e+00 1.69e-04
2.28358e+00 1.69e-04
2.28468e+00 1.68e-04
2.28578e+00 1.68e-04
2.28690e+00 1.67e-04
2.28802e+00 1.66e-04
2.28915e+00 1.66e-04
2.29028e+00 1.65e-04
2.29141e+00 1.65e-04
2.29257e+00 1.64e-04
2.29372e+00 1.64e-04
2.29488e+00 1.63e-04
2.29604e+00 1.63e-04
2.29721e+00 1.62e-04
2.29839e+00 1.62e-04
2.29958e+00 1.61e-04
2.30077e+00 1.60e-04
2.30197e+00 1.60e-04
2.30318e+00 1.59e-04
2.30438e+00 1.59e-04
2.30558e+00 1.58e-04
2.30688e+00 1.58e-04
2.30807e+00 1.57e-04
2.30936e+00 1.57e-04
2.31055e+00 1.56e-04
2.31184e+00 1.55e-04
2.31313e+00 1.55e-04
2.31441e+00 1.54e-04
2.31570e+00 1.54e-04
2.31698e+00 1.53e-04
2.31826e+00 1.53e-04
2.31954e+00 1.52e-04
2.32092e+00 1.51e-04
2.32219e+00 1.51e-04
2.32356e+00 1.50e-04
2.32493e+00 1.50e-04
2.32630e+00 1.49e-04
2.32767e+00 1.49e-04
2.32903e+00 1.48e-04
2.33039e+00 1.47e-04
2.33185e+00 1.47e-04
2.33321e+00 1.46e-04
2.33466e+00 1.46e-04
2.33612e+00 1.45e-04
2.33747e+00 1.44e-04
2.33901e+00 1.44e-04
2.34046e+00 1.43e-04
2.34190e+00 1.43e-04
2.34344e+00 1.42e-04
2.34488e+00 1.41e-04
2.34641e+00 1.41e-04
2.34794e+00 1.40e-04
2.34947e+00 1.39e-04
2.35099e+00 1.39e-04
2.35261e+00 1.38e-04
2.35413e+00 1.38e-04
2.35575e+00 1.37e-04
2.35736e+00 1.36e-04
2.35897e+00 1.36e-04
2.36057e+00 1.35e-04
2.36227e+00 1.34e-04
2.36396e+00 1.34e-04
2.36556e+00 1.33e-04
2.36734e+00 1.33e-04
2.36903e+00 1.32e-04
2.37071e+00 1.31e-04
2.37248e+00 1.31e-04
2.37425e+00 1.30e-04
2.37602e+00 1.29e-04
2.37788e+00 1.29e-04
2.37964e+00 1.28e-04
2.38149e+00 1.27e-04
2.38334e+00 1.27e-04
2.38527e+00 1.26e-04
2.38711e+00 1.25e-04
2.38904e+00 1.24e-04
2.39096e+00 1.24e-04
2.39297e+00 1.23e-04
2.39498e+00 1.22e-04
2.39699e+00 1.22e-04
2.39899e+00 1.21e-04
2.40107e+00 1.20e-04
2.40315e+00 1.20e-04
2.40532e+00 1.19e-04
2.40740e+00 1.18e-04
2.40964e+00 1.17e-04
2.41180e+00 1.17e-04
2.41404e+00 1.16e-04
2.41627e+00 1.15e-04
2.41859e+00 1.14e-04
2.42090e+00 1.14e-04
2.42330e+00 1.13e-04
2.42569e+00 1.12e-04
2.42816e+00 1.11e-04
2.42939e+00 1.11e-04
2.43186e+00 1.10e-04
2.43440e+00 1.09e-04
2.43694e+00 1.08e-04
2.43956e+00 1.07e-04
2.44226e+00 1.07e-04
2.44495e+00 1.06e-04
2.44772e+00 1.05e-04
2.45057e+00 1.04e-04
2.45342e+00 1.03e-04
2.45634e+00 1.02e-04
2.45933e+00 1.01e-04
2.46241e+00 1.01e-04
2.46547e+00 9.96e-05
2.46861e+00 9.87e-05
2.47191e+00 9.77e-05
2.47519e+00 9.68e-05
2.47855e+00 9.59e-05
2.48207e+00 9.49e-05
2.48566e+00 9.39e-05
2.48923e+00 9.29e-05
2.49304e+00 9.19e-05
2.49684e+00 9.09e-05
2.50078e+00 8.98e-05
2.50487e+00 8.88e-05
2.50911e+00 8.77e-05
2.51341e+00 8.66e-05
2.51786e+00 8.55e-05
2.52252e+00 8.43e-05
2.52733e+00 8.32e-05
2.53227e+00 8.20e-05
2.53742e+00 8.07e-05
2.54286e+00 7.95e-05
2.54843e+00 7.82e-05
2.55428e+00 7.68e-05
2.56048e+00 7.55e-05
2.56695e+00 7.41e-05
2.57376e+00 7.26e-05
2.58097e+00 7.11e-05
2.58867e+00 6.95e-05
2.59682e+00 6.79e-05
2.60565e+00 6.62e-05
2.61513e+00 6.43e-05
2.62024e+00 6.34e-05
2.63110e+00 6.14e-05
2.63698e+00 6.03e-05
2.64319e+00 5.93e-05
2.64971e+00 5.81e-05
2.65669e+00 5.69e-05
2.67215e+00 5.44e-05
2.68082e+00 5.31e-05
2.69029e+00 5.16e-05
2.70069e+00 5.00e-05
2.71231e+00 4.83e-05
2.72543e+00 4.65e-05
2.74065e+00 4.45e-05
2.75874e+00 4.22e-05
2.78130e+00 3.95e-05
2.81151e+00 3.61e-05
2.85859e+00 3.14e-05
2.99573e+00 2.09e-05
