# OPACITY Project tables
-2.61515e+00 1.07e-01
-2.27341e+00 3.71e-02
-2.07433e+00 2.11e-02
-1.93351e+00 1.51e-02
-1.82455e+00 1.60e-02
-1.73574e+00 1.91e-02
-1.66078e+00 8.27e-03
-1.59603e+00 5.81e-03
-1.53898e+00 5.95e-03
-1.48802e+00 4.41e-03
-1.44198e+00 3.60e-03
-1.40003e+00 3.25e-03
-1.36148e+00 2.87e-03
-1.32584e+00 2.99e-03
-1.29269e+00 2.80e-03
-1.26174e+00 2.70e-03
-1.23268e+00 2.80e-03
-1.20531e+00 8.51e-03
-1.17944e+00 4.57e-03
-1.15493e+00 1.46e-02
-1.13165e+00 1.14e-02
-1.10945e+00 3.91e-03
-1.08827e+00 3.65e-03
-1.06799e+00 4.18e-03
-1.04857e+00 3.16e-03
-1.02994e+00 2.90e-03
-1.01200e+00 2.27e-03
-9.94739e-01 3.20e-03
-9.78086e-01 1.38e-03
-9.62021e-01 1.32e-03
-9.46492e-01 3.33e-03
-9.31455e-01 8.30e-03
-9.16916e-01 2.57e-03
-9.02807e-01 3.05e-03
-8.89113e-01 1.33e-03
-8.75797e-01 1.09e-03
-8.62868e-01 1.35e-03
-8.50292e-01 3.27e-03
-8.38057e-01 1.12e-03
-8.26130e-01 3.29e-03
-8.14502e-01 9.98e-04
-8.03185e-01 8.89e-04
-7.92106e-01 1.05e-03
-7.81301e-01 8.59e-04
-7.70741e-01 7.64e-04
-7.60420e-01 7.54e-04
-7.50331e-01 7.84e-04
-7.40469e-01 8.57e-04
-7.30787e-01 1.17e-03
-7.21320e-01 1.12e-03
-7.12045e-01 1.12e-03
-7.02955e-01 9.60e-04
-6.94048e-01 8.18e-04
-6.85298e-01 7.31e-04
-6.76723e-01 6.86e-04
-6.68298e-01 6.69e-04
-6.60041e-01 6.59e-04
-6.51909e-01 6.38e-04
-6.43938e-01 6.09e-04
-6.36087e-01 5.87e-04
-6.28390e-01 5.75e-04
-6.20808e-01 5.89e-04
-6.13357e-01 1.25e-03
-6.06016e-01 6.17e-04
-5.98801e-01 5.02e-04
-5.91692e-01 4.78e-04
-5.84687e-01 4.71e-04
-5.77803e-01 4.74e-04
-5.71018e-01 5.35e-04
-5.64314e-01 5.76e-04
-5.57725e-01 7.32e-04
-5.51231e-01 2.82e-03
-5.44831e-01 7.21e-04
-5.38505e-01 5.79e-04
-5.32288e-01 5.36e-04
-5.26142e-01 5.21e-04
-5.20085e-01 5.03e-04
-5.14098e-01 4.83e-04
-5.08196e-01 4.69e-04
-5.02362e-01 4.59e-04
-4.96610e-01 4.51e-04
-4.90925e-01 4.46e-04
-4.85320e-01 4.56e-04
-4.79779e-01 4.55e-04
-4.74301e-01 4.55e-04
-4.68884e-01 4.53e-04
-4.63545e-01 4.45e-04
-4.58265e-01 4.36e-04
-4.53044e-01 4.28e-04
-4.47882e-01 4.24e-04
-4.42778e-01 4.30e-04
-4.37730e-01 4.38e-04
-4.32739e-01 4.53e-04
-4.27803e-01 4.60e-04
-4.22922e-01 4.49e-04
-4.18095e-01 4.38e-04
-4.13321e-01 4.27e-04
-4.08585e-01 4.20e-04
-4.03901e-01 4.20e-04
-3.99284e-01 4.23e-04
-3.94688e-01 4.27e-04
-3.90158e-01 4.34e-04
-3.85662e-01 4.52e-04
-3.81216e-01 4.73e-04
-3.76819e-01 4.81e-04
-3.72456e-01 5.03e-04
-3.68126e-01 6.53e-04
-3.63858e-01 1.89e-03
-3.59622e-01 1.16e-03
-3.55419e-01 6.32e-04
-3.51261e-01 4.87e-04
-3.47135e-01 4.71e-04
-3.43054e-01 4.92e-04
-3.39003e-01 5.55e-04
-3.34997e-01 7.04e-04
-3.31021e-01 1.12e-03
-3.27088e-01 3.03e-03
-3.23185e-01 2.42e-02
-3.19310e-01 5.14e-03
-3.15464e-01 1.51e-03
-3.11661e-01 8.35e-04
-3.07885e-01 6.13e-04
-3.04150e-01 5.12e-04
-3.00430e-01 4.55e-04
-2.96750e-01 4.20e-04
-2.93097e-01 4.04e-04
-2.89484e-01 4.01e-04
-2.85884e-01 4.20e-04
-2.82323e-01 4.91e-04
-2.78788e-01 7.39e-04
-2.75279e-01 1.90e-03
-2.71796e-01 5.16e-03
-2.68350e-01 2.09e-03
-2.64917e-01 7.38e-04
-2.61521e-01 4.82e-04
-2.58149e-01 4.07e-04
-2.54802e-01 4.13e-04
-2.51466e-01 6.09e-04
-2.48167e-01 1.11e-03
-2.44891e-01 4.73e-04
-2.41639e-01 3.41e-04
-2.38409e-01 3.04e-04
-2.35203e-01 2.88e-04
-2.32020e-01 2.80e-04
-2.28860e-01 2.76e-04
-2.25722e-01 2.74e-04
-2.22606e-01 2.74e-04
-2.19513e-01 2.78e-04
-2.16441e-01 2.86e-04
-2.13391e-01 3.01e-04
-2.10363e-01 3.28e-04
-2.07344e-01 3.75e-04
-2.04359e-01 4.64e-04
-2.01382e-01 6.56e-04
-1.98439e-01 1.18e-03
-1.95504e-01 3.37e-03
-1.92590e-01 1.46e-02
-1.89697e-01 4.36e-03
-1.86824e-01 1.37e-03
-1.83971e-01 7.26e-04
-1.81126e-01 5.00e-04
-1.78314e-01 4.30e-04
-1.75509e-01 6.81e-04
-1.72724e-01 3.05e-04
-1.69958e-01 2.69e-04
-1.67200e-01 2.49e-04
-1.64474e-01 2.34e-04
-1.61755e-01 2.24e-04
-1.59054e-01 2.17e-04
-1.56373e-01 2.14e-04
-1.53699e-01 2.12e-04
-1.51044e-01 2.08e-04
-1.48407e-01 2.07e-04
-1.45789e-01 2.12e-04
-1.43189e-01 2.28e-04
-1.40596e-01 2.84e-04
-1.38021e-01 7.92e-04
-1.35453e-01 6.95e-04
-1.32914e-01 2.72e-04
-1.30382e-01 2.18e-04
-1.27867e-01 2.22e-04
-1.25359e-01 2.23e-04
-1.22868e-01 2.20e-04
-1.20395e-01 2.24e-04
-1.17928e-01 2.37e-04
-1.15489e-01 2.81e-04
-1.13057e-01 4.96e-04
-1.10630e-01 3.51e-03
-1.08220e-01 5.68e-04
-1.05827e-01 3.05e-04
-1.03440e-01 2.61e-04
-1.01070e-01 2.57e-04
-9.87160e-02 2.54e-04
-9.63788e-02 2.47e-04
-9.40360e-02 2.65e-04
-9.17206e-02 2.84e-04
-8.94106e-02 3.11e-04
-8.71168e-02 3.36e-04
-8.48283e-02 3.85e-04
-8.25559e-02 4.89e-04
-8.02994e-02 7.23e-04
-7.80480e-02 1.40e-03
-7.58125e-02 4.63e-03
-7.35820e-02 5.03e-02
-7.13671e-02 3.99e-03
-6.91679e-02 1.34e-03
-6.69735e-02 8.82e-04
-6.47839e-02 8.97e-04
-6.26097e-02 1.55e-03
-6.04509e-02 8.76e-03
-5.82967e-02 1.34e-02
-5.61577e-02 1.74e-03
-5.40233e-02 8.94e-04
-5.19040e-02 8.76e-04
-4.97997e-02 2.35e-03
-4.76998e-02 1.24e-02
-4.56042e-02 2.00e-03
-4.35236e-02 2.01e-03
-4.14576e-02 1.48e-03
-3.93959e-02 5.11e-04
-3.73385e-02 3.46e-04
-3.52956e-02 2.83e-04
-3.32673e-02 2.68e-04
-3.12430e-02 2.51e-04
-2.92229e-02 2.41e-04
-2.72170e-02 2.38e-04
-2.52255e-02 2.41e-04
-2.32379e-02 2.52e-04
-2.12543e-02 2.77e-04
-1.92848e-02 3.34e-04
-1.73293e-02 4.89e-04
-1.53675e-02 1.15e-03
-1.34298e-02 9.93e-03
-1.14958e-02 2.24e-03
-9.56560e-03 9.21e-04
-7.64918e-03 4.25e-03
-5.73642e-03 4.85e-04
-3.83735e-03 2.99e-04
-1.94188e-03 2.48e-04
-5.00013e-05 2.26e-04
1.79838e-03 2.15e-04
3.69317e-03 2.12e-04
5.58438e-03 2.15e-04
7.37275e-03 2.27e-04
9.25702e-03 2.56e-04
1.11377e-02 3.09e-04
1.29162e-02 3.43e-04
1.47901e-02 3.05e-04
1.65621e-02 2.90e-04
1.84291e-02 6.75e-04
2.01947e-02 3.85e-04
2.19572e-02 2.50e-04
2.38142e-02 2.37e-04
2.55703e-02 2.42e-04
2.73233e-02 2.56e-04
2.90732e-02 2.81e-04
3.08201e-02 3.21e-04
3.25640e-02 3.85e-04
3.43048e-02 4.95e-04
3.60426e-02 6.86e-04
3.77774e-02 1.01e-03
3.95091e-02 1.56e-03
4.12379e-02 1.16e-02
4.29637e-02 1.31e-02
4.46865e-02 1.76e-03
4.64064e-02 7.14e-04
4.80280e-02 4.66e-04
4.97421e-02 3.57e-04
5.14533e-02 2.98e-04
5.30667e-02 2.61e-04
5.47722e-02 2.38e-04
5.64748e-02 2.23e-04
5.80802e-02 2.15e-04
5.97772e-02 2.12e-04
6.13773e-02 2.09e-04
6.29748e-02 2.03e-04
6.46635e-02 2.01e-04
6.62558e-02 2.05e-04
6.78455e-02 2.17e-04
6.95261e-02 2.40e-04
7.11106e-02 2.83e-04
7.26927e-02 3.62e-04
7.42722e-02 5.03e-04
7.58493e-02 6.44e-04
7.74239e-02 5.65e-04
7.90884e-02 3.97e-04
8.06579e-02 2.94e-04
8.22249e-02 2.40e-04
8.37895e-02 2.12e-04
8.52598e-02 1.97e-04
8.68197e-02 1.92e-04
8.83771e-02 1.95e-04
8.99321e-02 2.10e-04
9.14847e-02 2.32e-04
9.30349e-02 2.30e-04
9.44917e-02 2.02e-04
9.60372e-02 1.79e-04
9.75803e-02 1.65e-04
9.90305e-02 1.58e-04
1.00569e-01 1.53e-04
1.02015e-01 1.51e-04
1.03549e-01 1.49e-04
1.05080e-01 1.49e-04
1.06520e-01 1.49e-04
1.07957e-01 1.50e-04
1.09482e-01 1.51e-04
1.10915e-01 1.53e-04
1.12435e-01 1.55e-04
1.13864e-01 1.57e-04
1.15291e-01 1.61e-04
1.16805e-01 1.65e-04
1.18227e-01 1.72e-04
1.19648e-01 1.81e-04
1.21067e-01 1.94e-04
1.22483e-01 2.14e-04
1.23898e-01 2.43e-04
1.25398e-01 2.89e-04
1.26809e-01 3.66e-04
1.28217e-01 5.04e-04
1.29624e-01 7.65e-04
1.31028e-01 1.22e-03
1.32431e-01 1.60e-03
1.33831e-01 1.29e-03
1.35143e-01 8.25e-04
1.36539e-01 5.47e-04
1.37934e-01 3.96e-04
1.39327e-01 3.12e-04
1.40718e-01 2.62e-04
1.42107e-01 2.31e-04
1.43407e-01 2.12e-04
1.44793e-01 2.00e-04
1.46176e-01 1.93e-04
1.47471e-01 1.92e-04
1.48851e-01 1.97e-04
1.50229e-01 2.13e-04
1.51519e-01 2.51e-04
1.52893e-01 3.54e-04
1.54179e-01 7.80e-04
1.55550e-01 9.06e-03
1.56833e-01 2.62e-03
1.58200e-01 5.56e-04
1.59479e-01 3.08e-04
1.60757e-01 2.34e-04
1.62119e-01 2.04e-04
1.63394e-01 1.91e-04
1.64751e-01 1.87e-04
1.66023e-01 1.89e-04
1.67293e-01 1.98e-04
1.68561e-01 2.17e-04
1.69912e-01 2.55e-04
1.71176e-01 3.42e-04
1.72440e-01 6.10e-04
1.73701e-01 2.14e-03
1.74961e-01 7.40e-03
1.76220e-01 1.10e-03
1.77477e-01 4.57e-04
1.78732e-01 2.98e-04
1.80069e-01 2.38e-04
1.81321e-01 2.11e-04
1.82572e-01 1.98e-04
1.83737e-01 1.92e-04
1.84985e-01 1.91e-04
1.86231e-01 1.93e-04
1.87475e-01 1.97e-04
1.88718e-01 2.02e-04
1.89959e-01 2.08e-04
1.91199e-01 2.13e-04
1.92437e-01 2.15e-04
1.93591e-01 2.15e-04
1.94826e-01 2.12e-04
1.96060e-01 2.07e-04
1.97292e-01 2.01e-04
1.98441e-01 1.95e-04
1.99670e-01 1.90e-04
2.00898e-01 1.86e-04
2.02042e-01 1.84e-04
2.03267e-01 1.84e-04
2.04409e-01 1.87e-04
2.05631e-01 1.93e-04
2.06770e-01 2.03e-04
2.07989e-01 2.21e-04
2.09126e-01 2.53e-04
2.10342e-01 3.08e-04
2.11476e-01 4.21e-04
2.12689e-01 7.26e-04
2.13820e-01 2.20e-03
2.15031e-01 6.73e-02
2.16159e-01 2.79e-03
2.17286e-01 1.06e-03
2.18493e-01 8.92e-04
2.19617e-01 8.35e-04
2.20741e-01 6.48e-04
2.21943e-01 4.71e-04
2.23064e-01 3.61e-04
2.24183e-01 2.96e-04
2.25301e-01 2.55e-04
2.26418e-01 2.28e-04
2.27614e-01 2.09e-04
2.28728e-01 1.94e-04
2.29841e-01 1.83e-04
2.30953e-01 1.74e-04
2.32064e-01 1.67e-04
2.33173e-01 1.61e-04
2.34281e-01 1.57e-04
2.35388e-01 1.54e-04
2.36494e-01 1.53e-04
2.37599e-01 1.51e-04
2.38702e-01 1.49e-04
2.39804e-01 1.47e-04
2.40905e-01 1.46e-04
2.42005e-01 1.44e-04
2.43103e-01 1.43e-04
2.44200e-01 1.43e-04
2.45296e-01 1.42e-04
2.46313e-01 1.42e-04
2.47407e-01 1.42e-04
2.48499e-01 1.43e-04
2.49591e-01 1.44e-04
2.50681e-01 1.46e-04
2.51692e-01 1.48e-04
2.52780e-01 1.51e-04
2.53867e-01 1.54e-04
2.54875e-01 1.59e-04
2.55959e-01 1.66e-04
2.57042e-01 1.74e-04
2.58047e-01 1.87e-04
2.59128e-01 2.07e-04
2.60208e-01 2.40e-04
2.61210e-01 3.05e-04
2.62287e-01 4.70e-04
2.63287e-01 1.15e-03
2.64362e-01 1.60e-02
2.65360e-01 2.82e-03
2.66433e-01 7.02e-04
2.67428e-01 4.08e-04
2.68499e-01 3.20e-04
2.69493e-01 2.87e-04
2.70561e-01 2.72e-04
2.71553e-01 2.65e-04
2.72619e-01 2.60e-04
2.73609e-01 2.55e-04
2.74597e-01 2.48e-04
2.75660e-01 2.39e-04
2.76646e-01 2.30e-04
2.77632e-01 2.21e-04
2.78692e-01 2.12e-04
2.79675e-01 2.04e-04
2.80657e-01 1.96e-04
2.81639e-01 1.88e-04
2.82695e-01 1.82e-04
2.83674e-01 1.76e-04
2.84652e-01 1.71e-04
2.85630e-01 1.66e-04
2.86606e-01 1.62e-04
2.87582e-01 1.59e-04
2.88632e-01 1.56e-04
2.89605e-01 1.54e-04
2.90578e-01 1.52e-04
2.91550e-01 1.51e-04
2.92520e-01 1.50e-04
2.93490e-01 1.50e-04
2.94459e-01 1.49e-04
2.95427e-01 1.50e-04
2.96394e-01 1.50e-04
2.97360e-01 1.51e-04
2.98325e-01 1.53e-04
2.99289e-01 1.55e-04
3.00253e-01 1.57e-04
3.01215e-01 1.60e-04
3.02177e-01 1.64e-04
3.03137e-01 1.70e-04
3.04097e-01 1.76e-04
3.04982e-01 1.84e-04
3.05939e-01 1.95e-04
3.06896e-01 2.09e-04
3.07852e-01 2.28e-04
3.08807e-01 2.55e-04
3.09762e-01 2.92e-04
3.10641e-01 3.49e-04
3.11594e-01 4.40e-04
3.12545e-01 5.97e-04
3.13496e-01 9.07e-04
3.14373e-01 1.66e-03
3.15322e-01 4.31e-03
3.16270e-01 3.22e-02
3.17144e-01 3.83e-02
3.18090e-01 4.63e-03
3.19035e-01 1.74e-03
3.19907e-01 9.47e-04
3.20851e-01 6.21e-04
3.21794e-01 4.57e-04
3.22663e-01 3.62e-04
3.23604e-01 3.03e-04
3.24472e-01 2.64e-04
3.25411e-01 2.36e-04
3.26278e-01 2.16e-04
3.27215e-01 2.02e-04
3.28080e-01 1.90e-04
3.29016e-01 1.81e-04
3.29879e-01 1.75e-04
3.30813e-01 1.69e-04
3.31675e-01 1.65e-04
3.32608e-01 1.61e-04
3.33468e-01 1.59e-04
3.34399e-01 1.57e-04
3.35257e-01 1.56e-04
3.36115e-01 1.55e-04
3.37044e-01 1.54e-04
3.37900e-01 1.54e-04
3.38827e-01 1.55e-04
3.39681e-01 1.56e-04
3.40535e-01 1.57e-04
3.41389e-01 1.59e-04
3.42312e-01 1.61e-04
3.43164e-01 1.64e-04
3.44015e-01 1.66e-04
3.45786e-01 1.72e-04
3.46635e-01 1.75e-04
3.47483e-01 1.77e-04
3.48330e-01 1.79e-04
3.49247e-01 1.79e-04
3.50093e-01 1.78e-04
3.50939e-01 1.76e-04
3.51783e-01 1.73e-04
3.53470e-01 1.68e-04
3.54382e-01 1.65e-04
3.55224e-01 1.64e-04
3.56065e-01 1.66e-04
3.56905e-01 1.69e-04
3.57744e-01 1.68e-04
3.58583e-01 1.59e-04
3.59421e-01 1.51e-04
3.60259e-01 1.45e-04
3.61095e-01 1.41e-04
3.61931e-01 1.38e-04
3.62766e-01 1.35e-04
3.63601e-01 1.33e-04
3.64435e-01 1.31e-04
3.65268e-01 1.29e-04
3.66100e-01 1.27e-04
3.66932e-01 1.26e-04
3.67763e-01 1.24e-04
3.68594e-01 1.23e-04
3.69354e-01 1.22e-04
3.70183e-01 1.21e-04
3.71012e-01 1.21e-04
3.71839e-01 1.21e-04
3.72666e-01 1.22e-04
3.74318e-01 1.19e-04
3.75075e-01 1.19e-04
3.75899e-01 1.19e-04
3.76723e-01 1.19e-04
3.77546e-01 1.19e-04
3.78299e-01 1.20e-04
3.79121e-01 1.21e-04
3.79942e-01 1.22e-04
3.80762e-01 1.23e-04
3.81514e-01 1.25e-04
3.82333e-01 1.27e-04
3.83151e-01 1.29e-04
3.83969e-01 1.32e-04
3.84718e-01 1.35e-04
3.85534e-01 1.39e-04
3.86282e-01 1.44e-04
3.87097e-01 1.51e-04
3.87912e-01 1.59e-04
3.88658e-01 1.69e-04
3.89471e-01 1.82e-04
3.90284e-01 2.01e-04
3.91028e-01 2.27e-04
3.91839e-01 2.66e-04
3.92582e-01 3.26e-04
3.93393e-01 4.26e-04
3.94134e-01 6.15e-04
3.94943e-01 1.04e-03
3.95684e-01 2.31e-03
3.96492e-01 1.02e-02
3.97231e-01 9.96e-02
3.98038e-01 5.54e-03
3.98776e-01 1.73e-03
3.99581e-01 8.84e-04
4.00319e-01 5.74e-04
4.01122e-01 4.38e-04
4.01859e-01 3.87e-04
4.02661e-01 4.16e-04
4.03396e-01 6.76e-04
4.04131e-01 3.65e-03
4.04932e-01 3.21e-03
4.05665e-01 6.01e-04
4.06465e-01 3.15e-04
4.07197e-01 2.28e-04
4.07929e-01 1.89e-04
4.08726e-01 1.68e-04
4.09457e-01 1.54e-04
4.10187e-01 1.46e-04
4.10983e-01 1.40e-04
4.11712e-01 1.37e-04
4.12441e-01 1.36e-04
4.13169e-01 1.40e-04
4.13962e-01 1.52e-04
4.14689e-01 1.92e-04
4.15415e-01 2.92e-04
4.16141e-01 2.60e-04
4.16932e-01 1.72e-04
4.17657e-01 1.39e-04
4.18381e-01 1.25e-04
4.19105e-01 1.19e-04
4.19828e-01 1.15e-04
4.20616e-01 1.12e-04
4.21338e-01 1.10e-04
4.22060e-01 1.09e-04
4.22781e-01 1.08e-04
4.23501e-01 1.07e-04
4.25006e-01 1.05e-04
4.26444e-01 1.03e-04
4.27879e-01 1.00e-04
4.29312e-01 9.82e-05
4.30743e-01 9.59e-05
4.32172e-01 9.37e-05
4.32886e-01 9.26e-05
4.33599e-01 9.16e-05
4.34312e-01 9.07e-05
4.35024e-01 8.98e-05
4.35736e-01 8.90e-05
4.36447e-01 8.83e-05
4.37158e-01 8.77e-05
4.37868e-01 8.72e-05
4.38577e-01 8.68e-05
4.39287e-01 8.65e-05
4.39995e-01 8.62e-05
4.40704e-01 8.61e-05
4.41411e-01 8.61e-05
4.42118e-01 8.61e-05
4.43467e-01 8.63e-05
4.45583e-01 8.64e-05
4.46287e-01 8.63e-05
4.46927e-01 8.61e-05
4.47630e-01 8.57e-05
4.48333e-01 8.51e-05
4.49035e-01 8.45e-05
4.49737e-01 8.37e-05
4.50438e-01 8.28e-05
4.51776e-01 8.09e-05
4.53175e-01 7.90e-05
4.53811e-01 7.81e-05
4.54509e-01 7.73e-05
4.55207e-01 7.82e-05
4.55841e-01 7.74e-05
4.56538e-01 7.67e-05
4.57235e-01 7.61e-05
4.57931e-01 7.55e-05
4.58563e-01 7.50e-05
4.59259e-01 7.45e-05
4.60584e-01 7.36e-05
4.61971e-01 7.29e-05
4.63294e-01 7.22e-05
4.64614e-01 7.16e-05
4.65305e-01 7.14e-05
4.65933e-01 7.12e-05
4.66623e-01 7.11e-05
4.67250e-01 7.10e-05
4.67939e-01 7.10e-05
4.68565e-01 7.10e-05
4.69253e-01 7.12e-05
4.69941e-01 7.16e-05
4.70566e-01 7.21e-05
4.71253e-01 7.30e-05
4.71877e-01 8.78e-05
4.72563e-01 8.97e-05
4.73186e-01 9.24e-05
4.73871e-01 9.66e-05
4.74494e-01 1.03e-04
4.75178e-01 1.14e-04
4.75799e-01 1.33e-04
4.76420e-01 1.68e-04
4.77103e-01 2.23e-04
4.77724e-01 2.64e-04
4.78406e-01 2.31e-04
4.79025e-01 1.75e-04
4.79706e-01 1.40e-04
4.80325e-01 1.21e-04
4.80944e-01 1.12e-04
4.81623e-01 1.09e-04
4.82241e-01 1.11e-04
4.82920e-01 1.20e-04
4.83537e-01 1.41e-04
4.84153e-01 1.83e-04
4.84831e-01 2.27e-04
4.85446e-01 2.18e-04
4.86062e-01 1.87e-04
4.86738e-01 1.53e-04
4.87352e-01 1.33e-04
4.87966e-01 1.33e-04
4.88641e-01 1.56e-04
4.89255e-01 1.36e-04
4.89868e-01 1.07e-04
4.90480e-01 9.41e-05
4.91153e-01 8.80e-05
4.91765e-01 8.46e-05
4.92376e-01 8.23e-05
4.93049e-01 8.09e-05
4.93659e-01 7.96e-05
4.94269e-01 7.86e-05
4.94879e-01 7.78e-05
4.95489e-01 7.71e-05
4.96159e-01 8.23e-05
4.96767e-01 8.20e-05
4.97376e-01 8.21e-05
4.97984e-01 8.30e-05
4.98591e-01 8.49e-05
4.99259e-01 8.58e-05
4.99866e-01 8.32e-05
5.00472e-01 8.08e-05
5.01078e-01 7.93e-05
5.01684e-01 7.85e-05
5.02289e-01 7.79e-05
5.02955e-01 7.76e-05
5.03559e-01 7.73e-05
5.04163e-01 7.72e-05
5.04767e-01 7.71e-05
5.05371e-01 7.71e-05
5.05974e-01 7.71e-05
5.06577e-01 7.72e-05
5.07179e-01 7.87e-05
5.07781e-01 7.90e-05
5.08383e-01 7.94e-05
5.09044e-01 8.00e-05
5.09645e-01 8.09e-05
5.10245e-01 8.24e-05
5.10846e-01 8.54e-05
5.11445e-01 9.18e-05
5.12045e-01 1.02e-04
5.12644e-01 1.00e-04
5.13243e-01 9.00e-05
5.13841e-01 8.44e-05
5.14439e-01 8.17e-05
5.15037e-01 8.04e-05
5.15634e-01 7.99e-05
5.16231e-01 8.00e-05
5.16828e-01 8.09e-05
5.17424e-01 8.29e-05
5.18020e-01 8.77e-05
5.18615e-01 9.86e-05
5.19210e-01 1.11e-04
5.19746e-01 1.02e-04
5.20340e-01 9.60e-05
5.20934e-01 9.81e-05
5.21528e-01 1.07e-04
5.22122e-01 1.26e-04
5.22715e-01 1.57e-04
5.23307e-01 1.88e-04
5.23900e-01 1.94e-04
5.24492e-01 1.63e-04
5.25083e-01 1.29e-04
5.25616e-01 1.07e-04
5.26207e-01 9.37e-05
5.26797e-01 8.60e-05
5.27388e-01 8.10e-05
5.27978e-01 7.77e-05
5.28567e-01 7.54e-05
5.29157e-01 7.38e-05
5.29687e-01 7.26e-05
5.30275e-01 7.17e-05
5.30864e-01 7.11e-05
5.31451e-01 7.07e-05
5.32039e-01 7.05e-05
5.32568e-01 7.04e-05
5.33154e-01 9.16e-05
5.33741e-01 9.21e-05
5.34327e-01 9.30e-05
5.34855e-01 9.49e-05
5.35440e-01 9.85e-05
5.36025e-01 1.05e-04
5.36610e-01 1.11e-04
5.37136e-01 1.08e-04
5.37721e-01 1.01e-04
5.38305e-01 9.81e-05
5.38888e-01 9.70e-05
5.39413e-01 9.71e-05
5.39996e-01 9.82e-05
5.40579e-01 1.00e-04
5.41103e-01 1.03e-04
5.41685e-01 1.07e-04
5.42266e-01 1.12e-04
5.42789e-01 1.20e-04
5.43370e-01 1.33e-04
5.43951e-01 1.52e-04
5.44473e-01 1.83e-04
5.45053e-01 2.37e-04
5.45633e-01 3.29e-04
5.46154e-01 4.53e-04
5.46733e-01 5.02e-04
5.47312e-01 4.04e-04
5.47832e-01 2.88e-04
5.48410e-01 2.13e-04
5.48930e-01 1.71e-04
5.49508e-01 1.46e-04
5.50085e-01 1.31e-04
5.50604e-01 1.22e-04
5.51180e-01 1.19e-04
5.51699e-01 1.22e-04
5.52275e-01 1.34e-04
5.52850e-01 1.57e-04
5.53368e-01 1.57e-04
5.53943e-01 1.30e-04
5.54460e-01 1.10e-04
5.55034e-01 1.00e-04
5.55550e-01 9.48e-05
5.56124e-01 9.13e-05
5.56640e-01 8.90e-05
5.57213e-01 8.73e-05
5.57728e-01 8.60e-05
5.58301e-01 8.51e-05
5.58815e-01 8.43e-05
5.59387e-01 8.36e-05
5.59901e-01 8.31e-05
5.60473e-01 8.27e-05
5.60986e-01 8.23e-05
5.61557e-01 8.21e-05
5.62070e-01 8.19e-05
5.62640e-01 8.18e-05
5.63152e-01 8.17e-05
5.64745e-01 8.18e-05
5.65314e-01 8.17e-05
5.65825e-01 8.15e-05
5.66393e-01 8.12e-05
5.66903e-01 8.07e-05
5.67981e-01 7.97e-05
5.68491e-01 7.92e-05
5.69057e-01 7.88e-05
5.69566e-01 7.84e-05
5.70641e-01 7.78e-05
5.71714e-01 7.73e-05
5.72729e-01 7.68e-05
5.73800e-01 7.64e-05
5.74870e-01 7.60e-05
5.75883e-01 7.57e-05
5.76950e-01 7.54e-05
5.77961e-01 7.51e-05
5.79026e-01 7.48e-05
5.80090e-01 7.45e-05
5.81098e-01 7.43e-05
5.82160e-01 7.41e-05
5.83165e-01 7.38e-05
5.84225e-01 7.36e-05
5.85228e-01 7.34e-05
5.86230e-01 7.32e-05
5.87287e-01 7.30e-05
5.88287e-01 7.28e-05
5.89286e-01 7.26e-05
5.90339e-01 7.24e-05
5.91336e-01 7.22e-05
5.92332e-01 7.21e-05
5.92885e-01 8.19e-05
5.93879e-01 8.17e-05
5.94873e-01 8.15e-05
5.95865e-01 8.14e-05
5.98397e-01 8.12e-05
5.99386e-01 8.12e-05
6.00374e-01 8.13e-05
6.00867e-01 8.14e-05
6.01361e-01 8.16e-05
6.01854e-01 8.19e-05
6.02347e-01 8.23e-05
6.02839e-01 8.29e-05
6.03332e-01 8.38e-05
6.03824e-01 8.53e-05
6.04316e-01 8.79e-05
6.04808e-01 9.25e-05
6.05299e-01 1.02e-04
6.05790e-01 1.25e-04
6.06281e-01 1.74e-04
6.06772e-01 1.87e-04
6.07262e-01 1.34e-04
6.07753e-01 1.06e-04
6.08243e-01 9.38e-05
6.08732e-01 8.81e-05
6.09222e-01 8.50e-05
6.09711e-01 8.31e-05
6.10200e-01 8.18e-05
6.10689e-01 8.10e-05
6.11178e-01 8.03e-05
6.11666e-01 7.98e-05
6.12154e-01 7.95e-05
6.12642e-01 7.91e-05
6.13617e-01 7.87e-05
6.14591e-01 7.83e-05
6.15510e-01 7.80e-05
6.16482e-01 7.77e-05
6.17453e-01 7.75e-05
6.18424e-01 7.73e-05
6.19339e-01 7.71e-05
6.20308e-01 7.70e-05
6.21275e-01 7.69e-05
6.22242e-01 7.68e-05
6.24601e-01 7.66e-05
6.25992e-01 7.66e-05
6.26954e-01 7.67e-05
6.27862e-01 7.68e-05
6.28822e-01 7.71e-05
6.29302e-01 7.72e-05
6.29728e-01 7.75e-05
6.30207e-01 7.77e-05
6.30686e-01 7.81e-05
6.31165e-01 7.85e-05
6.31591e-01 7.90e-05
6.32069e-01 7.97e-05
6.32548e-01 8.05e-05
6.33026e-01 8.15e-05
6.33450e-01 8.29e-05
6.33928e-01 8.47e-05
6.34405e-01 8.70e-05
6.34882e-01 9.01e-05
6.35306e-01 9.42e-05
6.35783e-01 9.96e-05
6.36259e-01 1.07e-04
6.36683e-01 1.15e-04
6.37159e-01 1.23e-04
6.37634e-01 1.28e-04
6.38110e-01 1.28e-04
6.38533e-01 1.22e-04
6.39008e-01 1.13e-04
6.39483e-01 1.05e-04
6.39905e-01 9.81e-05
6.40379e-01 9.29e-05
6.40853e-01 8.89e-05
6.41275e-01 8.58e-05
6.41749e-01 8.35e-05
6.42222e-01 8.17e-05
6.42643e-01 8.03e-05
6.43116e-01 7.92e-05
6.43537e-01 7.84e-05
6.44009e-01 7.76e-05
6.44482e-01 7.70e-05
6.44902e-01 7.66e-05
6.45374e-01 7.62e-05
6.45846e-01 7.58e-05
6.46265e-01 7.56e-05
6.46737e-01 7.54e-05
6.47156e-01 7.52e-05
6.47627e-01 7.51e-05
6.48098e-01 7.50e-05
6.48516e-01 7.50e-05
6.48986e-01 7.50e-05
6.49404e-01 7.51e-05
6.49874e-01 7.52e-05
6.50292e-01 7.54e-05
6.50761e-01 7.57e-05
6.51231e-01 7.60e-05
6.51648e-01 7.64e-05
6.52117e-01 7.70e-05
6.52533e-01 7.77e-05
6.53002e-01 7.86e-05
6.53418e-01 7.98e-05
6.53886e-01 8.14e-05
6.54302e-01 8.36e-05
6.54770e-01 8.66e-05
6.55186e-01 9.08e-05
6.55653e-01 9.71e-05
6.56120e-01 1.07e-04
6.56535e-01 1.22e-04
6.57002e-01 1.47e-04
6.57416e-01 1.85e-04
6.57883e-01 2.30e-04
6.58297e-01 2.42e-04
6.58763e-01 2.05e-04
6.59177e-01 1.62e-04
6.59642e-01 1.32e-04
6.60056e-01 1.14e-04
6.60469e-01 1.03e-04
6.60934e-01 9.56e-05
6.61347e-01 9.10e-05
6.61811e-01 8.81e-05
6.62224e-01 8.63e-05
6.62688e-01 8.52e-05
6.63100e-01 8.47e-05
6.63564e-01 8.48e-05
6.63976e-01 8.53e-05
6.64439e-01 8.63e-05
6.64851e-01 8.78e-05
6.65262e-01 8.96e-05
6.65725e-01 9.18e-05
6.66136e-01 9.41e-05
6.66598e-01 9.63e-05
6.67009e-01 9.81e-05
6.67470e-01 9.89e-05
6.67881e-01 9.87e-05
6.68291e-01 9.76e-05
6.68752e-01 9.59e-05
6.69162e-01 9.41e-05
6.69623e-01 9.23e-05
6.70032e-01 9.06e-05
6.70902e-01 8.75e-05
6.71310e-01 8.59e-05
6.71719e-01 8.41e-05
6.72179e-01 8.23e-05
6.72587e-01 8.05e-05
6.73047e-01 7.89e-05
6.73455e-01 7.74e-05
6.73862e-01 7.61e-05
6.74321e-01 7.50e-05
6.74729e-01 7.40e-05
6.75136e-01 7.32e-05
6.75594e-01 7.24e-05
6.76001e-01 7.18e-05
6.76408e-01 7.13e-05
6.76865e-01 7.08e-05
6.77272e-01 7.03e-05
6.77678e-01 6.99e-05
6.78135e-01 6.96e-05
6.78947e-01 6.90e-05
6.79809e-01 6.85e-05
6.80619e-01 6.81e-05
6.81479e-01 6.77e-05
6.82339e-01 6.74e-05
6.83147e-01 6.72e-05
6.84006e-01 6.70e-05
6.84813e-01 6.68e-05
6.85669e-01 6.67e-05
6.86475e-01 6.65e-05
6.87733e-01 6.64e-05
6.88989e-01 6.64e-05
6.89792e-01 6.65e-05
6.90594e-01 6.67e-05
6.91446e-01 6.69e-05
6.91846e-01 6.71e-05
6.92247e-01 6.74e-05
6.92647e-01 6.77e-05
6.93097e-01 6.80e-05
6.93497e-01 6.85e-05
6.93897e-01 6.92e-05
6.94297e-01 6.99e-05
6.94696e-01 7.09e-05
6.95145e-01 7.22e-05
6.95544e-01 7.36e-05
6.95943e-01 7.51e-05
6.96342e-01 7.64e-05
6.96741e-01 7.71e-05
6.97139e-01 7.70e-05
6.97538e-01 7.63e-05
6.97985e-01 7.54e-05
6.98383e-01 7.48e-05
6.98781e-01 7.45e-05
6.99179e-01 7.46e-05
6.99576e-01 7.50e-05
6.99974e-01 7.58e-05
7.00371e-01 7.68e-05
7.00818e-01 7.81e-05
7.01215e-01 7.96e-05
7.01611e-01 8.11e-05
7.02008e-01 8.24e-05
7.02404e-01 8.35e-05
7.02800e-01 8.40e-05
7.03197e-01 8.40e-05
7.03592e-01 8.37e-05
7.03988e-01 8.31e-05
7.04384e-01 8.26e-05
7.04829e-01 8.24e-05
7.05224e-01 8.25e-05
7.05619e-01 8.31e-05
7.06014e-01 8.44e-05
7.06409e-01 8.63e-05
7.06804e-01 8.91e-05
7.07198e-01 9.28e-05
7.07592e-01 9.78e-05
7.07987e-01 1.04e-04
7.08381e-01 1.12e-04
7.08774e-01 1.20e-04
7.09168e-01 1.28e-04
7.09562e-01 1.33e-04
7.09955e-01 1.33e-04
7.10348e-01 1.28e-04
7.10741e-01 1.19e-04
7.11134e-01 1.10e-04
7.11527e-01 1.02e-04
7.11920e-01 9.50e-05
7.12361e-01 8.94e-05
7.12754e-01 8.50e-05
7.13146e-01 8.16e-05
7.13538e-01 7.89e-05
7.13930e-01 7.68e-05
7.14321e-01 7.52e-05
7.14713e-01 7.39e-05
7.15104e-01 7.29e-05
7.15496e-01 7.21e-05
7.15887e-01 7.15e-05
7.16278e-01 7.11e-05
7.16668e-01 7.09e-05
7.17059e-01 7.08e-05
7.17401e-01 7.08e-05
7.17791e-01 7.09e-05
7.18181e-01 7.13e-05
7.18571e-01 7.17e-05
7.18961e-01 7.23e-05
7.19351e-01 7.32e-05
7.19740e-01 7.42e-05
7.20130e-01 7.55e-05
7.20519e-01 7.71e-05
7.20908e-01 7.90e-05
7.21297e-01 8.14e-05
7.21686e-01 8.42e-05
7.22075e-01 8.76e-05
7.22463e-01 9.15e-05
7.22852e-01 9.60e-05
7.23628e-01 1.06e-04
7.24016e-01 1.10e-04
7.24404e-01 1.13e-04
7.24743e-01 1.14e-04
7.25130e-01 1.13e-04
7.25518e-01 1.10e-04
7.25905e-01 1.06e-04
7.26292e-01 1.01e-04
7.26679e-01 9.58e-05
7.27065e-01 9.11e-05
7.27452e-01 8.70e-05
7.27838e-01 8.34e-05
7.28225e-01 8.04e-05
7.28611e-01 7.78e-05
7.28949e-01 7.56e-05
7.29334e-01 7.38e-05
7.29720e-01 7.23e-05
7.30106e-01 7.10e-05
7.30491e-01 6.99e-05
7.30876e-01 6.90e-05
7.31262e-01 6.83e-05
7.31598e-01 6.76e-05
7.31983e-01 6.71e-05
7.32368e-01 6.67e-05
7.32752e-01 6.64e-05
7.33137e-01 6.61e-05
7.33521e-01 6.60e-05
7.33905e-01 6.59e-05
7.34241e-01 6.58e-05
7.34625e-01 6.59e-05
7.35009e-01 6.59e-05
7.35392e-01 6.61e-05
7.35776e-01 6.63e-05
7.36159e-01 6.65e-05
7.36494e-01 6.68e-05
7.37260e-01 6.75e-05
7.38025e-01 6.82e-05
7.38360e-01 6.85e-05
7.38742e-01 6.87e-05
7.39124e-01 6.88e-05
7.39506e-01 6.89e-05
7.39888e-01 6.87e-05
7.40222e-01 6.85e-05
7.40603e-01 6.81e-05
7.40985e-01 6.76e-05
7.41366e-01 6.71e-05
7.42080e-01 6.59e-05
7.42842e-01 6.47e-05
7.43222e-01 6.42e-05
7.43603e-01 6.37e-05
7.43935e-01 6.32e-05
7.44315e-01 6.27e-05
7.44695e-01 6.23e-05
7.45075e-01 6.20e-05
7.45408e-01 6.16e-05
7.45787e-01 6.13e-05
7.46546e-01 6.09e-05
7.47257e-01 6.05e-05
7.47967e-01 6.02e-05
7.48724e-01 6.00e-05
7.49811e-01 5.99e-05
7.50567e-01 5.99e-05
7.51275e-01 6.00e-05
7.51982e-01 6.01e-05
7.52736e-01 6.03e-05
7.53442e-01 6.05e-05
7.54148e-01 6.07e-05
7.54901e-01 6.08e-05
7.55605e-01 6.09e-05
7.55981e-01 6.09e-05
7.56357e-01 6.08e-05
7.56685e-01 6.08e-05
7.57061e-01 6.07e-05
7.57764e-01 6.04e-05
7.58467e-01 5.99e-05
7.59216e-01 5.95e-05
7.59918e-01 5.90e-05
7.60619e-01 5.85e-05
7.61366e-01 5.81e-05
7.62067e-01 5.76e-05
7.62767e-01 5.72e-05
7.63466e-01 5.69e-05
7.64211e-01 5.66e-05
7.64910e-01 5.63e-05
7.65607e-01 5.61e-05
7.66305e-01 5.59e-05
7.67002e-01 5.57e-05
7.67698e-01 5.55e-05
7.68440e-01 5.54e-05
7.69136e-01 5.53e-05
7.69830e-01 5.52e-05
7.71589e-01 5.51e-05
7.73298e-01 5.50e-05
7.74681e-01 5.50e-05
7.75418e-01 5.51e-05
7.76109e-01 5.52e-05
7.76799e-01 5.53e-05
7.77488e-01 5.54e-05
7.78177e-01 5.56e-05
7.78866e-01 5.58e-05
7.79554e-01 5.60e-05
7.80242e-01 5.63e-05
7.80929e-01 5.66e-05
7.81570e-01 5.70e-05
7.82256e-01 5.74e-05
7.82942e-01 5.78e-05
7.83628e-01 5.83e-05
7.84312e-01 5.88e-05
7.84997e-01 5.93e-05
7.85681e-01 5.99e-05
7.86364e-01 6.06e-05
7.86683e-01 6.10e-05
7.87047e-01 6.14e-05
7.87366e-01 6.19e-05
7.87730e-01 6.24e-05
7.88048e-01 6.30e-05
7.88366e-01 6.36e-05
7.88730e-01 6.44e-05
7.89048e-01 6.53e-05
7.89411e-01 6.63e-05
7.89729e-01 6.76e-05
7.90092e-01 6.92e-05
7.90410e-01 7.11e-05
7.90728e-01 7.35e-05
7.91090e-01 7.65e-05
7.91408e-01 8.02e-05
7.91770e-01 8.50e-05
7.92087e-01 9.09e-05
7.92404e-01 9.78e-05
7.92766e-01 1.05e-04
7.93083e-01 1.11e-04
7.93445e-01 1.15e-04
7.93761e-01 1.14e-04
7.94078e-01 1.09e-04
7.94756e-01 9.62e-05
7.95117e-01 9.07e-05
7.95433e-01 8.63e-05
7.95749e-01 8.30e-05
7.96110e-01 8.06e-05
7.96426e-01 7.88e-05
7.96741e-01 7.76e-05
7.97102e-01 7.69e-05
7.97417e-01 7.64e-05
7.97732e-01 7.62e-05
7.98093e-01 7.61e-05
7.99083e-01 7.61e-05
7.99397e-01 7.60e-05
7.99757e-01 7.59e-05
8.00071e-01 7.56e-05
8.00386e-01 7.52e-05
8.00745e-01 7.47e-05
8.01059e-01 7.41e-05
8.01374e-01 7.34e-05
8.02046e-01 7.18e-05
8.02719e-01 7.03e-05
8.03032e-01 6.96e-05
8.03346e-01 6.89e-05
8.03704e-01 6.83e-05
8.04017e-01 6.77e-05
8.04331e-01 6.73e-05
8.04644e-01 6.68e-05
8.05002e-01 6.64e-05
8.05314e-01 6.61e-05
8.05627e-01 6.58e-05
8.05985e-01 6.56e-05
8.06610e-01 6.52e-05
8.07279e-01 6.49e-05
8.07903e-01 6.46e-05
8.08572e-01 6.42e-05
8.09240e-01 6.37e-05
8.09863e-01 6.32e-05
8.10530e-01 6.25e-05
8.11152e-01 6.19e-05
8.11819e-01 6.13e-05
8.12440e-01 6.08e-05
8.12751e-01 6.06e-05
8.13106e-01 6.05e-05
8.13416e-01 6.04e-05
8.13726e-01 6.03e-05
8.14036e-01 6.04e-05
8.14391e-01 6.04e-05
8.14701e-01 6.06e-05
8.15011e-01 6.09e-05
8.15321e-01 6.13e-05
8.15674e-01 6.18e-05
8.15984e-01 6.24e-05
8.16294e-01 6.32e-05
8.16603e-01 6.42e-05
8.16956e-01 6.54e-05
8.17266e-01 6.67e-05
8.17884e-01 6.95e-05
8.18193e-01 7.07e-05
8.18546e-01 7.16e-05
8.18854e-01 7.20e-05
8.19163e-01 7.17e-05
8.19471e-01 7.08e-05
8.19824e-01 6.95e-05
8.20132e-01 6.80e-05
8.20440e-01 6.63e-05
8.20749e-01 6.47e-05
8.21057e-01 6.32e-05
8.21364e-01 6.19e-05
8.21716e-01 6.07e-05
8.22024e-01 5.97e-05
8.22332e-01 5.88e-05
8.22639e-01 5.80e-05
8.22947e-01 5.74e-05
8.23298e-01 5.68e-05
8.23605e-01 5.63e-05
8.23912e-01 5.59e-05
8.24219e-01 5.55e-05
8.24526e-01 5.52e-05
8.24833e-01 5.50e-05
8.25184e-01 5.47e-05
8.25797e-01 5.43e-05
8.26410e-01 5.40e-05
8.27066e-01 5.38e-05
8.27678e-01 5.36e-05
8.28290e-01 5.34e-05
8.28945e-01 5.33e-05
8.29556e-01 5.32e-05
8.30166e-01 5.32e-05
8.32344e-01 5.30e-05
8.35731e-01 5.29e-05
8.38502e-01 5.29e-05
8.39712e-01 5.29e-05
8.40964e-01 5.30e-05
8.41567e-01 5.31e-05
8.42170e-01 5.32e-05
8.42773e-01 5.32e-05
8.43376e-01 5.34e-05
8.43978e-01 5.35e-05
8.44580e-01 5.36e-05
8.45181e-01 5.38e-05
8.45782e-01 5.39e-05
8.46383e-01 5.41e-05
8.46984e-01 5.42e-05
8.47584e-01 5.44e-05
8.48226e-01 5.45e-05
8.48526e-01 5.48e-05
8.49125e-01 5.50e-05
8.49723e-01 5.51e-05
8.50621e-01 5.52e-05
8.51816e-01 5.52e-05
8.52413e-01 5.52e-05
8.53010e-01 5.51e-05
8.53606e-01 5.50e-05
8.54160e-01 5.49e-05
8.54756e-01 5.48e-05
8.55351e-01 5.47e-05
8.55946e-01 5.45e-05
8.56541e-01 5.43e-05
8.57135e-01 5.41e-05
8.57729e-01 5.39e-05
8.58323e-01 5.37e-05
8.58916e-01 5.35e-05
8.59509e-01 5.33e-05
8.60101e-01 5.31e-05
8.60693e-01 5.29e-05
8.61243e-01 5.28e-05
8.61835e-01 5.26e-05
8.62426e-01 5.25e-05
8.63017e-01 5.24e-05
8.64492e-01 5.22e-05
8.65923e-01 5.22e-05
8.69702e-01 5.23e-05
8.72297e-01 5.24e-05
8.72840e-01 5.24e-05
8.73425e-01 5.25e-05
8.74009e-01 5.26e-05
8.74552e-01 5.28e-05
8.75135e-01 5.31e-05
8.75719e-01 5.34e-05
8.76010e-01 5.36e-05
8.76302e-01 5.39e-05
8.76551e-01 5.42e-05
8.76843e-01 5.45e-05
8.77134e-01 5.48e-05
8.77425e-01 5.52e-05
8.77716e-01 5.56e-05
8.78007e-01 5.60e-05
8.78547e-01 5.69e-05
8.79129e-01 5.80e-05
8.79710e-01 5.90e-05
8.79959e-01 5.94e-05
8.80249e-01 5.98e-05
8.80539e-01 6.02e-05
8.80829e-01 6.04e-05
8.81119e-01 6.05e-05
8.81368e-01 6.05e-05
8.81658e-01 6.04e-05
8.81948e-01 6.01e-05
8.82237e-01 5.98e-05
8.82527e-01 5.94e-05
8.82775e-01 5.89e-05
8.83354e-01 5.78e-05
8.83933e-01 5.66e-05
8.84470e-01 5.56e-05
8.85048e-01 5.46e-05
8.85337e-01 5.41e-05
8.85584e-01 5.37e-05
8.86161e-01 5.29e-05
8.86738e-01 5.23e-05
8.87274e-01 5.17e-05
8.87850e-01 5.12e-05
8.88385e-01 5.08e-05
8.88961e-01 5.04e-05
8.89495e-01 5.01e-05
8.90070e-01 4.99e-05
8.90604e-01 4.97e-05
8.91465e-01 4.96e-05
8.92285e-01 4.96e-05
8.92817e-01 4.96e-05
8.93391e-01 4.97e-05
8.93922e-01 4.97e-05
8.94495e-01 4.98e-05
8.95312e-01 4.99e-05
8.96129e-01 4.99e-05
8.96700e-01 4.99e-05
8.97230e-01 4.98e-05
8.97760e-01 4.97e-05
8.98330e-01 4.96e-05
8.98860e-01 4.94e-05
8.99429e-01 4.93e-05
8.99958e-01 4.91e-05
9.00527e-01 4.90e-05
9.01055e-01 4.88e-05
9.01583e-01 4.86e-05
9.02151e-01 4.84e-05
9.02679e-01 4.82e-05
9.03205e-01 4.79e-05
9.03773e-01 4.77e-05
9.04299e-01 4.74e-05
9.04866e-01 4.72e-05
9.05392e-01 4.69e-05
9.05917e-01 4.66e-05
9.06483e-01 4.63e-05
9.07008e-01 4.61e-05
9.07532e-01 4.58e-05
9.08097e-01 4.56e-05
9.08621e-01 4.54e-05
9.09145e-01 4.53e-05
9.09669e-01 4.52e-05
9.10474e-01 4.51e-05
9.11278e-01 4.51e-05
9.11841e-01 4.51e-05
9.12363e-01 4.52e-05
9.12885e-01 4.53e-05
9.13407e-01 4.54e-05
9.13968e-01 4.55e-05
9.14489e-01 4.57e-05
9.15290e-01 4.58e-05
9.15811e-01 4.58e-05
9.16331e-01 4.57e-05
9.16851e-01 4.56e-05
9.17410e-01 4.54e-05
9.17929e-01 4.51e-05
9.18448e-01 4.48e-05
9.18967e-01 4.45e-05
9.19486e-01 4.41e-05
9.20044e-01 4.37e-05
9.20562e-01 4.33e-05
9.21079e-01 4.29e-05
9.21597e-01 4.26e-05
9.22114e-01 4.23e-05
9.22631e-01 4.20e-05
9.23187e-01 4.17e-05
9.23703e-01 4.15e-05
9.24219e-01 4.13e-05
9.24735e-01 4.11e-05
9.25250e-01 4.09e-05
9.25766e-01 4.08e-05
9.26281e-01 4.06e-05
9.26835e-01 4.05e-05
9.27349e-01 4.04e-05
9.27864e-01 4.03e-05
9.28377e-01 4.02e-05
9.28891e-01 4.01e-05
9.29404e-01 4.00e-05
9.29681e-01 4.48e-05
9.30194e-01 4.47e-05
9.30706e-01 4.45e-05
9.31219e-01 4.44e-05
9.31731e-01 4.43e-05
9.32243e-01 4.41e-05
9.32754e-01 4.40e-05
9.33266e-01 4.38e-05
9.33777e-01 4.37e-05
9.34288e-01 4.35e-05
9.34798e-01 4.34e-05
9.35309e-01 4.32e-05
9.35819e-01 4.31e-05
9.36329e-01 4.29e-05
9.36838e-01 4.28e-05
9.37347e-01 4.27e-05
9.37857e-01 4.25e-05
9.38365e-01 4.24e-05
9.38874e-01 4.23e-05
9.39382e-01 4.22e-05
9.39890e-01 4.21e-05
9.40398e-01 4.20e-05
9.40905e-01 4.19e-05
9.41413e-01 4.18e-05
9.41919e-01 4.17e-05
9.42426e-01 4.16e-05
9.42933e-01 4.15e-05
9.43439e-01 4.15e-05
9.44684e-01 4.14e-05
9.45422e-01 4.14e-05
9.45927e-01 4.15e-05
9.46432e-01 4.16e-05
9.46704e-01 4.17e-05
9.46936e-01 4.18e-05
9.47208e-01 4.19e-05
9.47441e-01 4.21e-05
9.47712e-01 4.24e-05
9.47944e-01 4.27e-05
9.48177e-01 4.32e-05
9.48448e-01 4.39e-05
9.48680e-01 4.48e-05
9.48952e-01 4.64e-05
9.49184e-01 4.89e-05
9.49455e-01 5.34e-05
9.49687e-01 6.22e-05
9.49919e-01 8.10e-05
9.50190e-01 1.14e-04
9.50422e-01 1.19e-04
9.50692e-01 8.58e-05
9.50924e-01 6.46e-05
9.51194e-01 5.46e-05
9.51426e-01 4.96e-05
9.51696e-01 4.69e-05
9.51928e-01 4.53e-05
9.52160e-01 4.43e-05
9.52430e-01 4.36e-05
9.52661e-01 4.32e-05
9.52931e-01 4.30e-05
9.53163e-01 4.28e-05
9.53394e-01 4.28e-05
9.53664e-01 4.44e-05
9.53895e-01 4.46e-05
9.54164e-01 4.49e-05
9.54395e-01 4.54e-05
9.54665e-01 4.61e-05
9.54896e-01 4.72e-05
9.55127e-01 4.90e-05
9.55396e-01 5.19e-05
9.55627e-01 5.71e-05
9.55896e-01 6.72e-05
9.56127e-01 8.81e-05
9.56357e-01 1.25e-04
9.56626e-01 1.36e-04
9.56857e-01 9.88e-05
9.57126e-01 7.23e-05
9.57356e-01 5.95e-05
9.57586e-01 5.31e-05
9.57855e-01 4.95e-05
9.58085e-01 4.73e-05
9.58354e-01 4.59e-05
9.58584e-01 4.50e-05
9.58814e-01 4.43e-05
9.59082e-01 4.38e-05
9.59312e-01 4.34e-05
9.59580e-01 4.31e-05
9.59810e-01 4.28e-05
9.60040e-01 4.26e-05
9.60308e-01 4.25e-05
9.60767e-01 4.22e-05
9.61264e-01 4.20e-05
9.61761e-01 4.18e-05
9.62258e-01 4.17e-05
9.62716e-01 4.15e-05
9.63212e-01 4.14e-05
9.63709e-01 4.13e-05
9.64204e-01 4.12e-05
9.64662e-01 4.11e-05
9.65157e-01 4.10e-05
9.65652e-01 4.09e-05
9.66147e-01 4.08e-05
9.66604e-01 4.07e-05
9.67098e-01 4.06e-05
9.67592e-01 4.06e-05
9.68048e-01 4.05e-05
9.68542e-01 4.04e-05
9.69035e-01 4.03e-05
9.69490e-01 4.03e-05
9.69983e-01 4.02e-05
9.70476e-01 4.02e-05
9.71650e-01 4.01e-05
9.73351e-01 4.00e-05
9.73578e-01 4.98e-05
9.75012e-01 4.99e-05
9.75955e-01 4.99e-05
9.76897e-01 5.00e-05
9.77386e-01 5.01e-05
9.77875e-01 5.01e-05
9.78326e-01 5.02e-05
9.78815e-01 5.02e-05
9.79266e-01 5.03e-05
9.79754e-01 5.04e-05
9.80242e-01 5.05e-05
9.80692e-01 5.06e-05
9.81179e-01 5.07e-05
9.81629e-01 5.10e-05
9.81891e-01 5.11e-05
9.82116e-01 5.13e-05
9.82341e-01 5.15e-05
9.82565e-01 5.18e-05
9.82827e-01 5.21e-05
9.83052e-01 5.26e-05
9.83276e-01 5.31e-05
9.83501e-01 5.39e-05
9.83762e-01 5.49e-05
9.83987e-01 5.63e-05
9.84211e-01 5.82e-05
9.84473e-01 6.11e-05
9.84697e-01 6.55e-05
9.84921e-01 7.27e-05
9.85145e-01 8.52e-05
9.85406e-01 1.08e-04
9.85630e-01 1.51e-04
9.85854e-01 2.02e-04
9.86078e-01 1.91e-04
9.86339e-01 1.38e-04
9.86563e-01 1.01e-04
9.86786e-01 8.10e-05
9.87010e-01 7.02e-05
9.87271e-01 6.38e-05
9.87494e-01 5.98e-05
9.87718e-01 5.72e-05
9.87941e-01 5.54e-05
9.88202e-01 5.40e-05
9.88425e-01 5.31e-05
9.88649e-01 5.23e-05
9.88872e-01 5.17e-05
9.89132e-01 5.13e-05
9.89355e-01 5.09e-05
9.89578e-01 5.06e-05
9.89801e-01 5.04e-05
9.90062e-01 5.02e-05
9.90284e-01 5.00e-05
9.90730e-01 4.97e-05
9.91213e-01 4.96e-05
9.91658e-01 4.94e-05
9.92140e-01 4.93e-05
9.92844e-01 4.92e-05
9.93067e-01 4.92e-05
9.93289e-01 4.92e-05
9.93733e-01 4.90e-05
9.94214e-01 4.88e-05
9.94658e-01 4.87e-05
9.95139e-01 4.85e-05
9.95582e-01 4.83e-05
9.96063e-01 4.82e-05
9.96506e-01 4.80e-05
9.96986e-01 4.78e-05
9.97428e-01 4.76e-05
9.97871e-01 4.75e-05
9.98350e-01 4.73e-05
9.98792e-01 4.71e-05
9.99271e-01 4.70e-05
9.99712e-01 4.69e-05
1.00015e+00 4.67e-05
1.00063e+00 4.66e-05
1.00107e+00 4.65e-05
1.00155e+00 4.64e-05
1.00199e+00 4.63e-05
1.00313e+00 4.62e-05
1.00426e+00 4.62e-05
1.00470e+00 4.62e-05
1.00518e+00 4.63e-05
1.00562e+00 4.63e-05
1.00606e+00 4.64e-05
1.00653e+00 4.66e-05
1.00697e+00 4.68e-05
1.00741e+00 4.70e-05
1.00763e+00 4.72e-05
1.00788e+00 4.74e-05
1.00810e+00 4.76e-05
1.00832e+00 4.79e-05
1.00854e+00 4.82e-05
1.00876e+00 4.86e-05
1.00898e+00 4.91e-05
1.00923e+00 4.96e-05
1.00945e+00 5.02e-05
1.00967e+00 5.10e-05
1.00989e+00 5.20e-05
1.01011e+00 5.32e-05
1.01033e+00 5.48e-05
1.01058e+00 5.68e-05
1.01080e+00 5.95e-05
1.01102e+00 6.32e-05
1.01124e+00 6.85e-05
1.01146e+00 7.62e-05
1.01167e+00 8.83e-05
1.01189e+00 1.08e-04
1.01215e+00 1.45e-04
1.01236e+00 2.19e-04
1.01258e+00 3.75e-04
1.01280e+00 6.01e-04
1.01302e+00 5.34e-04
1.01324e+00 3.10e-04
1.01345e+00 1.88e-04
1.01371e+00 1.30e-04
1.01393e+00 1.01e-04
1.01414e+00 8.38e-05
1.01436e+00 7.35e-05
1.01458e+00 6.67e-05
1.01480e+00 6.20e-05
1.01501e+00 5.87e-05
1.01527e+00 5.63e-05
1.01548e+00 5.44e-05
1.01570e+00 5.30e-05
1.01592e+00 5.18e-05
1.01614e+00 5.09e-05
1.01635e+00 5.02e-05
1.01657e+00 4.96e-05
1.01679e+00 4.91e-05
1.01704e+00 4.88e-05
1.01726e+00 4.84e-05
1.01747e+00 4.82e-05
1.01769e+00 4.80e-05
1.01791e+00 4.78e-05
1.01813e+00 4.77e-05
1.01834e+00 4.76e-05
1.01856e+00 4.76e-05
1.01881e+00 4.76e-05
1.01903e+00 4.76e-05
1.01924e+00 4.76e-05
1.01946e+00 4.77e-05
1.01968e+00 4.79e-05
1.01989e+00 4.80e-05
1.02011e+00 4.82e-05
1.02033e+00 4.85e-05
1.02054e+00 4.88e-05
1.02079e+00 4.92e-05
1.02101e+00 4.97e-05
1.02123e+00 5.03e-05
1.02144e+00 5.10e-05
1.02166e+00 5.19e-05
1.02188e+00 5.30e-05
1.02209e+00 5.43e-05
1.02231e+00 5.60e-05
1.02252e+00 5.81e-05
1.02277e+00 6.08e-05
1.02299e+00 6.45e-05
1.02321e+00 6.94e-05
1.02342e+00 7.64e-05
1.02364e+00 8.66e-05
1.02385e+00 1.02e-04
1.02407e+00 1.28e-04
1.02428e+00 1.73e-04
1.02450e+00 2.59e-04
1.02471e+00 4.36e-04
1.02497e+00 7.17e-04
1.02518e+00 7.41e-04
1.02540e+00 4.61e-04
1.02561e+00 2.72e-04
1.02583e+00 1.79e-04
1.02604e+00 1.31e-04
1.02626e+00 1.04e-04
1.02647e+00 8.78e-05
1.02669e+00 7.71e-05
1.02690e+00 6.97e-05
1.02712e+00 6.45e-05
1.02737e+00 6.06e-05
1.02758e+00 5.77e-05
1.02780e+00 5.55e-05
1.02801e+00 5.37e-05
1.02823e+00 5.22e-05
1.02844e+00 5.10e-05
1.02865e+00 5.00e-05
1.02887e+00 4.92e-05
1.02908e+00 4.85e-05
1.02930e+00 4.79e-05
1.02951e+00 4.74e-05
1.02973e+00 4.70e-05
1.02998e+00 4.66e-05
1.03019e+00 4.62e-05
1.03040e+00 4.59e-05
1.03062e+00 4.56e-05
1.03083e+00 4.54e-05
1.03126e+00 4.50e-05
1.03169e+00 4.46e-05
1.03212e+00 4.43e-05
1.03254e+00 4.41e-05
1.03297e+00 4.39e-05
1.03343e+00 4.37e-05
1.03386e+00 4.35e-05
1.03429e+00 4.34e-05
1.03471e+00 4.32e-05
1.03514e+00 4.31e-05
1.03557e+00 4.30e-05
1.03599e+00 4.29e-05
1.03642e+00 4.28e-05
1.03684e+00 4.27e-05
1.03730e+00 4.26e-05
1.03773e+00 4.26e-05
1.03815e+00 4.25e-05
1.03858e+00 4.24e-05
1.03900e+00 4.24e-05
1.03943e+00 4.23e-05
1.03985e+00 4.23e-05
1.04028e+00 4.22e-05
1.04070e+00 4.21e-05
1.04112e+00 4.21e-05
1.04155e+00 4.20e-05
1.04197e+00 4.20e-05
1.04239e+00 4.19e-05
1.04282e+00 4.19e-05
1.04324e+00 4.19e-05
1.04370e+00 4.18e-05
1.04749e+00 4.15e-05
1.04770e+00 4.53e-05
1.05504e+00 4.48e-05
1.06595e+00 4.41e-05
1.07872e+00 4.33e-05
1.08170e+00 4.32e-05
1.08231e+00 4.32e-05
1.08272e+00 4.32e-05
1.08292e+00 4.33e-05
1.08313e+00 4.35e-05
1.08333e+00 4.37e-05
1.08350e+00 4.39e-05
1.08370e+00 4.37e-05
1.08390e+00 4.34e-05
1.08411e+00 4.33e-05
1.08431e+00 4.31e-05
1.08492e+00 4.30e-05
1.08630e+00 4.29e-05
1.09594e+00 4.23e-05
1.11347e+00 4.14e-05
1.12197e+00 4.10e-05
1.12512e+00 4.09e-05
1.12662e+00 4.09e-05
1.12736e+00 4.09e-05
1.12775e+00 4.10e-05
1.12811e+00 4.10e-05
1.12849e+00 4.11e-05
1.12885e+00 4.13e-05
1.12904e+00 4.14e-05
1.12924e+00 4.15e-05
1.12943e+00 4.17e-05
1.12959e+00 4.19e-05
1.12979e+00 4.21e-05
1.13018e+00 4.27e-05
1.13034e+00 4.29e-05
1.13053e+00 4.31e-05
1.13072e+00 4.32e-05
1.13092e+00 4.32e-05
1.13108e+00 4.31e-05
1.13127e+00 4.31e-05
1.13147e+00 4.31e-05
1.13166e+00 4.32e-05
1.13182e+00 4.34e-05
1.13201e+00 4.37e-05
1.13237e+00 4.45e-05
1.13256e+00 4.47e-05
1.13276e+00 4.48e-05
1.13295e+00 4.46e-05
1.13311e+00 4.41e-05
1.13350e+00 4.31e-05
1.13369e+00 4.27e-05
1.13385e+00 4.23e-05
1.13404e+00 4.20e-05
1.13424e+00 4.17e-05
1.13443e+00 4.15e-05
1.13459e+00 4.14e-05
1.13478e+00 4.12e-05
1.13514e+00 4.10e-05
1.13552e+00 4.09e-05
1.13588e+00 4.08e-05
1.13626e+00 4.07e-05
1.13716e+00 4.06e-05
1.13809e+00 4.06e-05
1.13883e+00 4.07e-05
1.13918e+00 4.07e-05
1.13956e+00 4.08e-05
1.13991e+00 4.09e-05
1.14030e+00 4.10e-05
1.14065e+00 4.12e-05
1.14100e+00 4.14e-05
1.14119e+00 4.15e-05
1.14138e+00 4.17e-05
1.14158e+00 4.19e-05
1.14174e+00 4.22e-05
1.14193e+00 4.24e-05
1.14212e+00 4.28e-05
1.14228e+00 4.32e-05
1.14247e+00 4.38e-05
1.14266e+00 4.45e-05
1.14285e+00 4.54e-05
1.14301e+00 4.66e-05
1.14320e+00 4.84e-05
1.14339e+00 5.10e-05
1.14355e+00 5.51e-05
1.14374e+00 6.15e-05
1.14394e+00 7.00e-05
1.14413e+00 7.35e-05
1.14429e+00 6.87e-05
1.14448e+00 6.35e-05
1.14467e+00 6.02e-05
1.14483e+00 5.78e-05
1.14502e+00 5.56e-05
1.14521e+00 5.35e-05
1.14537e+00 5.15e-05
1.14556e+00 4.97e-05
1.14575e+00 4.81e-05
1.14594e+00 4.68e-05
1.14610e+00 4.57e-05
1.14629e+00 4.48e-05
1.14648e+00 4.41e-05
1.14664e+00 4.35e-05
1.14683e+00 4.30e-05
1.14702e+00 4.25e-05
1.14718e+00 4.22e-05
1.14737e+00 4.19e-05
1.14756e+00 4.16e-05
1.14775e+00 4.14e-05
1.14791e+00 4.12e-05
1.14829e+00 4.09e-05
1.14864e+00 4.06e-05
1.14899e+00 4.05e-05
1.14937e+00 4.03e-05
1.14972e+00 4.02e-05
1.15010e+00 4.00e-05
1.15045e+00 4.00e-05
1.15079e+00 3.99e-05
1.15117e+00 3.98e-05
1.15152e+00 3.97e-05
1.15187e+00 3.97e-05
1.15225e+00 3.96e-05
1.15260e+00 3.96e-05
1.15297e+00 3.95e-05
1.15528e+00 3.93e-05
1.16080e+00 3.89e-05
1.16664e+00 3.86e-05
1.17034e+00 3.85e-05
1.17332e+00 3.84e-05
1.17505e+00 3.84e-05
1.17573e+00 3.85e-05
1.17610e+00 3.85e-05
1.17644e+00 3.85e-05
1.17678e+00 3.86e-05
1.17715e+00 3.87e-05
1.17749e+00 3.89e-05
1.17764e+00 3.90e-05
1.17782e+00 3.91e-05
1.17801e+00 3.93e-05
1.17816e+00 3.95e-05
1.17835e+00 3.98e-05
1.17869e+00 4.04e-05
1.17887e+00 4.06e-05
1.17902e+00 4.06e-05
1.17921e+00 4.05e-05
1.17939e+00 4.03e-05
1.17955e+00 4.00e-05
1.17973e+00 3.98e-05
1.17992e+00 3.96e-05
1.18007e+00 3.94e-05
1.18025e+00 3.93e-05
1.18041e+00 3.92e-05
1.18059e+00 3.92e-05
1.18093e+00 3.92e-05
1.18130e+00 3.92e-05
1.18164e+00 3.93e-05
1.18197e+00 3.94e-05
1.18231e+00 3.96e-05
1.18249e+00 3.97e-05
1.18268e+00 3.99e-05
1.18283e+00 4.00e-05
1.18301e+00 4.02e-05
1.18317e+00 4.05e-05
1.18335e+00 4.07e-05
1.18354e+00 4.10e-05
1.18369e+00 4.14e-05
1.18387e+00 4.19e-05
1.18406e+00 4.24e-05
1.18421e+00 4.31e-05
1.18439e+00 4.39e-05
1.18455e+00 4.49e-05
1.18473e+00 4.62e-05
1.18491e+00 4.77e-05
1.18507e+00 4.97e-05
1.18525e+00 5.20e-05
1.18540e+00 5.47e-05
1.18558e+00 5.76e-05
1.18577e+00 6.02e-05
1.18592e+00 6.18e-05
1.18610e+00 6.19e-05
1.18626e+00 6.05e-05
1.18644e+00 5.82e-05
1.18662e+00 5.56e-05
1.18678e+00 5.31e-05
1.18696e+00 5.11e-05
1.18714e+00 4.95e-05
1.18729e+00 4.84e-05
1.18748e+00 4.75e-05
1.18763e+00 4.70e-05
1.18781e+00 4.67e-05
1.18800e+00 4.67e-05
1.18815e+00 4.69e-05
1.18833e+00 4.73e-05
1.18848e+00 4.80e-05
1.18867e+00 4.90e-05
1.18885e+00 5.02e-05
1.18900e+00 5.19e-05
1.18918e+00 5.41e-05
1.18934e+00 5.68e-05
1.18952e+00 6.03e-05
1.18970e+00 6.45e-05
1.18985e+00 6.94e-05
1.19004e+00 7.47e-05
1.19022e+00 7.96e-05
1.19037e+00 8.29e-05
1.19055e+00 8.36e-05
1.19071e+00 8.14e-05
1.19089e+00 7.70e-05
1.19107e+00 7.17e-05
1.19122e+00 6.63e-05
1.19140e+00 6.16e-05
1.19156e+00 5.76e-05
1.19174e+00 5.43e-05
1.19192e+00 5.16e-05
1.19207e+00 4.95e-05
1.19225e+00 4.77e-05
1.19241e+00 4.63e-05
1.19259e+00 4.52e-05
1.19277e+00 4.42e-05
1.19292e+00 4.34e-05
1.19310e+00 4.27e-05
1.19326e+00 4.21e-05
1.19344e+00 4.16e-05
1.19362e+00 4.12e-05
1.19377e+00 4.08e-05
1.19395e+00 4.05e-05
1.19410e+00 4.02e-05
1.19429e+00 3.99e-05
1.19447e+00 3.97e-05
1.19462e+00 3.95e-05
1.19495e+00 3.92e-05
1.19532e+00 3.89e-05
1.19565e+00 3.86e-05
1.19598e+00 3.85e-05
1.19631e+00 3.83e-05
1.19665e+00 3.81e-05
1.19698e+00 3.80e-05
1.19734e+00 3.79e-05
1.19767e+00 3.78e-05
1.19801e+00 3.77e-05
1.19834e+00 3.76e-05
1.19867e+00 3.76e-05
1.19903e+00 3.75e-05
1.19936e+00 3.74e-05
1.19969e+00 3.74e-05
1.20003e+00 3.73e-05
1.20036e+00 3.73e-05
1.20069e+00 3.73e-05
1.20255e+00 3.71e-05
1.20438e+00 3.70e-05
1.20591e+00 3.70e-05
1.20690e+00 3.70e-05
1.20756e+00 3.71e-05
1.20872e+00 3.72e-05
1.20956e+00 3.72e-05
1.21105e+00 3.71e-05
1.21173e+00 3.71e-05
1.21206e+00 3.72e-05
1.21239e+00 3.72e-05
1.21271e+00 3.73e-05
1.21304e+00 3.74e-05
1.21337e+00 3.75e-05
1.21370e+00 3.76e-05
1.21405e+00 3.77e-05
1.21438e+00 3.79e-05
1.21471e+00 3.80e-05
1.21521e+00 3.81e-05
1.21554e+00 3.81e-05
1.21586e+00 3.80e-05
1.21619e+00 3.79e-05
1.21651e+00 3.77e-05
1.21684e+00 3.76e-05
1.21717e+00 3.74e-05
1.21749e+00 3.72e-05
1.21782e+00 3.71e-05
1.21817e+00 3.69e-05
1.21850e+00 3.68e-05
1.21882e+00 3.67e-05
1.21915e+00 3.66e-05
1.21947e+00 3.65e-05
1.21980e+00 3.64e-05
1.22012e+00 3.64e-05
1.22045e+00 3.63e-05
1.22080e+00 3.63e-05
1.22112e+00 3.62e-05
1.22145e+00 3.62e-05
1.22177e+00 3.61e-05
1.22357e+00 3.59e-05
1.22633e+00 3.57e-05
1.23008e+00 3.55e-05
1.23314e+00 3.54e-05
1.23492e+00 3.54e-05
1.23588e+00 3.54e-05
1.23652e+00 3.55e-05
1.23684e+00 3.55e-05
1.23719e+00 3.56e-05
1.23750e+00 3.57e-05
1.23782e+00 3.58e-05
1.23814e+00 3.59e-05
1.23829e+00 3.60e-05
1.23846e+00 3.62e-05
1.23861e+00 3.63e-05
1.23878e+00 3.65e-05
1.23892e+00 3.68e-05
1.23910e+00 3.71e-05
1.23924e+00 3.75e-05
1.23942e+00 3.81e-05
1.23959e+00 3.87e-05
1.23991e+00 4.01e-05
1.24005e+00 4.06e-05
1.24023e+00 4.08e-05
1.24037e+00 4.06e-05
1.24055e+00 4.00e-05
1.24086e+00 3.86e-05
1.24101e+00 3.80e-05
1.24118e+00 3.75e-05
1.24133e+00 3.70e-05
1.24150e+00 3.67e-05
1.24164e+00 3.64e-05
1.24182e+00 3.62e-05
1.24196e+00 3.61e-05
1.24214e+00 3.59e-05
1.24231e+00 3.58e-05
1.24263e+00 3.56e-05
1.24294e+00 3.55e-05
1.24326e+00 3.54e-05
1.24358e+00 3.53e-05
1.24390e+00 3.53e-05
1.24499e+00 3.51e-05
1.24643e+00 3.51e-05
1.24850e+00 3.51e-05
1.25039e+00 3.51e-05
1.25196e+00 3.52e-05
1.25293e+00 3.52e-05
1.25356e+00 3.53e-05
1.25388e+00 3.53e-05
1.25419e+00 3.54e-05
1.25450e+00 3.54e-05
1.25482e+00 3.55e-05
1.25513e+00 3.55e-05
1.25545e+00 3.56e-05
1.25576e+00 3.57e-05
1.25607e+00 3.58e-05
1.25638e+00 3.59e-05
1.25670e+00 3.61e-05
1.25701e+00 3.62e-05
1.25732e+00 3.63e-05
1.25764e+00 3.64e-05
1.25795e+00 3.65e-05
1.25826e+00 3.67e-05
1.25857e+00 3.68e-05
1.25889e+00 3.70e-05
1.25920e+00 3.73e-05
1.25951e+00 3.76e-05
1.25982e+00 3.79e-05
1.26014e+00 3.83e-05
1.26045e+00 3.86e-05
1.26076e+00 3.90e-05
1.26107e+00 3.93e-05
1.26138e+00 3.96e-05
1.26169e+00 3.99e-05
1.26201e+00 4.01e-05
1.26218e+00 4.02e-05
1.26232e+00 4.03e-05
1.26249e+00 4.04e-05
1.26263e+00 4.04e-05
1.26280e+00 4.04e-05
1.26294e+00 4.03e-05
1.26311e+00 4.02e-05
1.26325e+00 4.00e-05
1.26342e+00 3.98e-05
1.26356e+00 3.96e-05
1.26387e+00 3.91e-05
1.26418e+00 3.85e-05
1.26449e+00 3.80e-05
1.26480e+00 3.75e-05
1.26514e+00 3.70e-05
1.26545e+00 3.66e-05
1.26576e+00 3.63e-05
1.26607e+00 3.60e-05
1.26638e+00 3.57e-05
1.26669e+00 3.55e-05
1.26700e+00 3.53e-05
1.26731e+00 3.52e-05
1.26762e+00 3.50e-05
1.26793e+00 3.49e-05
1.26824e+00 3.48e-05
1.26855e+00 3.47e-05
1.26886e+00 3.46e-05
1.26917e+00 3.45e-05
1.26948e+00 3.45e-05
1.26979e+00 3.44e-05
1.27010e+00 3.43e-05
1.27041e+00 3.43e-05
1.27072e+00 3.42e-05
1.27102e+00 3.42e-05
1.27133e+00 3.41e-05
1.27301e+00 3.40e-05
1.27564e+00 3.38e-05
1.28038e+00 3.35e-05
1.28299e+00 3.34e-05
1.28451e+00 3.34e-05
1.28573e+00 3.35e-05
1.28631e+00 3.35e-05
1.28661e+00 3.36e-05
1.28692e+00 3.36e-05
1.28722e+00 3.36e-05
1.28830e+00 3.37e-05
1.28904e+00 3.38e-05
1.28965e+00 3.37e-05
1.28995e+00 3.37e-05
1.29025e+00 3.36e-05
1.29055e+00 3.36e-05
1.29086e+00 3.36e-05
1.29116e+00 3.35e-05
1.29253e+00 3.34e-05
1.29388e+00 3.33e-05
1.29538e+00 3.33e-05
1.29689e+00 3.33e-05
1.29839e+00 3.34e-05
1.30033e+00 3.35e-05
1.30123e+00 3.35e-05
1.30183e+00 3.35e-05
1.30212e+00 3.35e-05
1.30242e+00 3.35e-05
1.30272e+00 3.34e-05
1.30302e+00 3.34e-05
1.30332e+00 3.33e-05
1.30362e+00 3.33e-05
1.30392e+00 3.32e-05
1.30422e+00 3.31e-05
1.30451e+00 3.31e-05
1.30481e+00 3.30e-05
1.30511e+00 3.30e-05
1.30541e+00 3.29e-05
1.30571e+00 3.29e-05
1.30601e+00 3.28e-05
1.30630e+00 3.28e-05
1.30660e+00 3.27e-05
1.30690e+00 3.27e-05
1.30720e+00 3.26e-05
1.30749e+00 3.26e-05
1.30779e+00 3.25e-05
1.30809e+00 3.25e-05
1.30839e+00 3.25e-05
1.31030e+00 3.23e-05
1.31251e+00 3.21e-05
1.31560e+00 3.20e-05
1.32383e+00 3.17e-05
1.32588e+00 3.16e-05
1.33126e+00 3.13e-05
1.33429e+00 3.12e-05
1.33949e+00 3.11e-05
1.34093e+00 3.10e-05
1.34409e+00 3.08e-05
1.34422e+00 3.10e-05
1.34636e+00 3.09e-05
1.34994e+00 3.08e-05
1.35080e+00 3.08e-05
1.35137e+00 3.07e-05
1.35165e+00 3.07e-05
1.35194e+00 3.07e-05
1.35222e+00 3.06e-05
1.35250e+00 3.06e-05
1.35279e+00 3.06e-05
1.35307e+00 3.05e-05
1.35336e+00 3.05e-05
1.35620e+00 3.02e-05
1.35648e+00 3.02e-05
1.35676e+00 3.01e-05
1.35705e+00 3.01e-05
1.35733e+00 3.01e-05
1.35761e+00 3.00e-05
1.35789e+00 3.00e-05
1.36000e+00 2.98e-05
1.36297e+00 2.96e-05
1.36790e+00 2.93e-05
1.37753e+00 2.88e-05
1.39126e+00 2.82e-05
1.39138e+00 2.82e-05
1.39153e+00 2.90e-05
1.41162e+00 2.81e-05
1.45037e+00 2.65e-05
1.48881e+00 2.49e-05
1.50993e+00 2.40e-05
1.53629e+00 2.30e-05
1.57524e+00 2.16e-05
1.61156e+00 2.03e-05
1.65474e+00 1.89e-05
1.68256e+00 1.80e-05
1.69653e+00 1.76e-05
1.73404e+00 1.66e-05
1.77869e+00 1.55e-05
1.82188e+00 1.46e-05
1.85606e+00 1.40e-05
1.87734e+00 1.36e-05
1.89543e+00 1.34e-05
1.91644e+00 1.32e-05
1.93269e+00 1.31e-05
1.94768e+00 1.30e-05
1.96129e+00 1.30e-05
1.97229e+00 1.30e-05
1.98608e+00 1.30e-05
1.99712e+00 1.30e-05
2.00680e+00 1.31e-05
2.01257e+00 1.31e-05
2.02095e+00 1.32e-05
2.02908e+00 1.33e-05
2.03651e+00 1.34e-05
2.04228e+00 1.35e-05
2.04816e+00 1.36e-05
2.05366e+00 1.37e-05
2.05785e+00 1.38e-05
2.06208e+00 1.39e-05
2.06589e+00 1.40e-05
2.06925e+00 1.41e-05
2.07217e+00 1.42e-05
2.07462e+00 1.42e-05
2.07659e+00 1.43e-05
2.07857e+00 1.43e-05
2.07957e+00 1.44e-05
2.08007e+00 1.44e-05
2.08057e+00 1.44e-05
2.08107e+00 1.44e-05
2.08156e+00 1.44e-05
2.08206e+00 1.44e-05
2.08256e+00 1.44e-05
2.08307e+00 1.45e-05
2.08357e+00 1.45e-05
2.08408e+00 1.45e-05
2.08459e+00 1.45e-05
2.08509e+00 1.45e-05
2.08560e+00 1.45e-05
2.08611e+00 1.45e-05
2.08662e+00 1.46e-05
2.08712e+00 1.46e-05
2.08763e+00 1.46e-05
2.08814e+00 1.46e-05
2.08866e+00 1.46e-05
2.08917e+00 1.46e-05
2.08969e+00 1.47e-05
2.09020e+00 1.47e-05
2.09072e+00 1.47e-05
2.09123e+00 1.47e-05
2.09175e+00 1.47e-05
2.09227e+00 1.47e-05
2.09279e+00 1.48e-05
2.09331e+00 1.48e-05
2.09383e+00 1.48e-05
2.09434e+00 1.48e-05
2.09487e+00 1.48e-05
2.09539e+00 1.48e-05
2.09592e+00 1.49e-05
2.09643e+00 1.49e-05
2.09696e+00 1.49e-05
2.09749e+00 1.49e-05
2.09802e+00 1.49e-05
2.09855e+00 1.50e-05
2.09907e+00 1.50e-05
2.09960e+00 1.50e-05
2.10014e+00 1.50e-05
2.10066e+00 1.50e-05
2.10120e+00 1.51e-05
2.10173e+00 1.51e-05
2.10227e+00 1.51e-05
2.10280e+00 1.51e-05
2.10334e+00 1.51e-05
2.10388e+00 1.52e-05
2.10441e+00 1.52e-05
2.10495e+00 1.52e-05
2.10549e+00 1.52e-05
2.10603e+00 1.52e-05
2.10657e+00 1.53e-05
2.10712e+00 1.53e-05
2.10766e+00 1.53e-05
2.10820e+00 1.53e-05
2.10875e+00 1.53e-05
2.10929e+00 1.54e-05
2.10985e+00 1.54e-05
2.11040e+00 1.54e-05
2.11094e+00 1.54e-05
2.11150e+00 1.55e-05
2.11204e+00 1.55e-05
2.11260e+00 1.55e-05
2.11315e+00 1.55e-05
2.11371e+00 1.56e-05
2.11427e+00 1.56e-05
2.11482e+00 1.56e-05
2.11538e+00 1.56e-05
2.11593e+00 1.56e-05
2.11650e+00 1.57e-05
2.11705e+00 1.57e-05
2.11762e+00 1.57e-05
2.11818e+00 1.57e-05
2.11875e+00 1.58e-05
2.11931e+00 1.58e-05
2.11988e+00 1.58e-05
2.12044e+00 1.58e-05
2.12100e+00 1.59e-05
2.12158e+00 1.59e-05
2.12214e+00 1.59e-05
2.12272e+00 1.60e-05
2.12329e+00 1.60e-05
2.12387e+00 1.60e-05
2.12444e+00 1.60e-05
2.12501e+00 1.61e-05
2.12559e+00 1.61e-05
2.12617e+00 1.61e-05
2.12674e+00 1.61e-05
2.12733e+00 1.62e-05
2.12791e+00 1.62e-05
2.12849e+00 1.62e-05
2.12908e+00 1.63e-05
2.12966e+00 1.63e-05
2.13024e+00 1.63e-05
2.13084e+00 1.64e-05
2.13142e+00 1.64e-05
2.13201e+00 1.64e-05
2.13260e+00 1.64e-05
2.13320e+00 1.65e-05
2.13379e+00 1.65e-05
2.13438e+00 1.65e-05
2.13497e+00 1.66e-05
2.13557e+00 1.66e-05
2.13618e+00 1.66e-05
2.13677e+00 1.67e-05
2.13737e+00 1.67e-05
2.13797e+00 1.67e-05
2.13857e+00 1.68e-05
2.13918e+00 1.68e-05
2.13978e+00 1.69e-05
2.14040e+00 1.69e-05
2.14101e+00 1.69e-05
2.14161e+00 1.70e-05
2.14222e+00 1.70e-05
2.14284e+00 1.70e-05
2.14345e+00 1.71e-05
2.14406e+00 1.71e-05
2.14468e+00 1.71e-05
2.14530e+00 1.72e-05
2.14592e+00 1.72e-05
2.14654e+00 1.73e-05
2.14716e+00 1.73e-05
2.14778e+00 1.73e-05
2.14841e+00 1.74e-05
2.14903e+00 1.74e-05
2.14966e+00 1.75e-05
2.15028e+00 1.75e-05
2.15091e+00 1.76e-05
2.15155e+00 1.76e-05
2.15218e+00 1.76e-05
2.15282e+00 1.77e-05
2.15345e+00 1.77e-05
2.15409e+00 1.78e-05
2.15472e+00 1.78e-05
2.15537e+00 1.79e-05
2.15601e+00 1.79e-05
2.15666e+00 1.80e-05
2.15729e+00 1.80e-05
2.15794e+00 1.80e-05
2.15859e+00 1.81e-05
2.15923e+00 1.81e-05
2.15989e+00 1.82e-05
2.16054e+00 1.82e-05
2.16119e+00 1.83e-05
2.16185e+00 1.83e-05
2.16251e+00 1.84e-05
2.16317e+00 1.84e-05
2.16383e+00 1.85e-05
2.16449e+00 1.85e-05
2.16516e+00 1.86e-05
2.16583e+00 1.86e-05
2.16649e+00 1.87e-05
2.16715e+00 1.87e-05
2.16783e+00 1.88e-05
2.16849e+00 1.88e-05
2.16917e+00 1.89e-05
2.16984e+00 1.90e-05
2.17053e+00 1.90e-05
2.17120e+00 1.91e-05
2.17188e+00 1.91e-05
2.17257e+00 1.92e-05
2.17325e+00 1.92e-05
2.17393e+00 1.93e-05
2.17463e+00 1.94e-05
2.17531e+00 1.94e-05
2.17600e+00 1.95e-05
2.17669e+00 1.95e-05
2.17740e+00 1.96e-05
2.17809e+00 1.97e-05
2.17879e+00 1.97e-05
2.17949e+00 1.98e-05
2.18019e+00 1.98e-05
2.18089e+00 1.99e-05
2.18160e+00 2.00e-05
2.18231e+00 2.00e-05
2.18302e+00 2.01e-05
2.18373e+00 2.02e-05
2.18444e+00 2.02e-05
2.18516e+00 2.03e-05
2.18588e+00 2.04e-05
2.18660e+00 2.05e-05
2.18732e+00 2.05e-05
2.18805e+00 2.06e-05
2.18878e+00 2.07e-05
2.18951e+00 2.07e-05
2.19023e+00 2.08e-05
2.19096e+00 2.09e-05
2.19170e+00 2.10e-05
2.19244e+00 2.10e-05
2.19317e+00 2.11e-05
2.19392e+00 2.12e-05
2.19465e+00 2.13e-05
2.19540e+00 2.13e-05
2.19615e+00 2.14e-05
2.19690e+00 2.15e-05
2.19766e+00 2.16e-05
2.19841e+00 2.17e-05
2.19917e+00 2.18e-05
2.19992e+00 2.18e-05
2.20069e+00 2.19e-05
2.20145e+00 2.20e-05
2.20221e+00 2.21e-05
2.20299e+00 2.22e-05
2.20376e+00 2.23e-05
2.20453e+00 2.24e-05
2.20530e+00 2.25e-05
2.20609e+00 2.26e-05
2.20687e+00 2.26e-05
2.20765e+00 2.27e-05
2.20843e+00 2.28e-05
2.20922e+00 2.29e-05
2.21001e+00 2.30e-05
2.21081e+00 2.31e-05
2.21160e+00 2.32e-05
2.21240e+00 2.33e-05
2.21320e+00 2.34e-05
2.21401e+00 2.35e-05
2.21481e+00 2.36e-05
2.21562e+00 2.38e-05
2.21643e+00 2.39e-05
2.21725e+00 2.40e-05
2.21806e+00 2.41e-05
2.21889e+00 2.42e-05
2.21971e+00 2.43e-05
2.22054e+00 2.44e-05
2.22136e+00 2.45e-05
2.22220e+00 2.47e-05
2.22303e+00 2.48e-05
2.22387e+00 2.49e-05
2.22471e+00 2.50e-05
2.22555e+00 2.51e-05
2.22641e+00 2.53e-05
2.22725e+00 2.54e-05
2.22811e+00 2.55e-05
2.22896e+00 2.57e-05
2.22982e+00 2.58e-05
2.23068e+00 2.59e-05
2.23155e+00 2.61e-05
2.23242e+00 2.62e-05
2.23329e+00 2.63e-05
2.23417e+00 2.65e-05
2.23504e+00 2.66e-05
2.23593e+00 2.68e-05
2.23681e+00 2.69e-05
2.23771e+00 2.71e-05
2.23859e+00 2.72e-05
2.23950e+00 2.74e-05
2.24039e+00 2.75e-05
2.24129e+00 2.77e-05
2.24220e+00 2.78e-05
2.24311e+00 2.80e-05
2.24402e+00 2.82e-05
2.24495e+00 2.83e-05
2.24587e+00 2.85e-05
2.24679e+00 2.87e-05
2.24772e+00 2.89e-05
2.24866e+00 2.90e-05
2.24960e+00 2.92e-05
2.25053e+00 2.94e-05
2.25148e+00 2.96e-05
2.25243e+00 2.98e-05
2.25338e+00 3.00e-05
2.25434e+00 3.02e-05
2.25529e+00 3.04e-05
2.25627e+00 3.06e-05
2.25723e+00 3.08e-05
2.25820e+00 3.10e-05
2.25919e+00 3.12e-05
2.26017e+00 3.14e-05
2.26116e+00 3.16e-05
2.26215e+00 3.18e-05
2.26315e+00 3.21e-05
2.26415e+00 3.23e-05
2.26515e+00 3.25e-05
2.26616e+00 3.28e-05
2.26718e+00 3.30e-05
2.26820e+00 3.33e-05
2.26922e+00 3.35e-05
2.27026e+00 3.38e-05
2.27129e+00 3.40e-05
2.27233e+00 3.43e-05
2.27337e+00 3.46e-05
2.27442e+00 3.48e-05
2.27548e+00 3.51e-05
2.27654e+00 3.54e-05
2.27761e+00 3.57e-05
2.27868e+00 3.60e-05
2.27976e+00 3.63e-05
2.28084e+00 3.66e-05
2.28193e+00 3.69e-05
2.28303e+00 3.72e-05
2.28413e+00 3.76e-05
2.28523e+00 3.79e-05
2.28634e+00 3.82e-05
2.28746e+00 3.86e-05
2.28858e+00 3.89e-05
2.28971e+00 3.93e-05
2.29085e+00 3.97e-05
2.29199e+00 4.01e-05
2.29314e+00 4.04e-05
2.29429e+00 4.08e-05
2.29546e+00 4.12e-05
2.29663e+00 4.16e-05
2.29780e+00 4.21e-05
2.29898e+00 4.25e-05
2.30017e+00 4.29e-05
2.30136e+00 4.34e-05
2.30258e+00 4.38e-05
2.30378e+00 4.43e-05
2.30498e+00 4.48e-05
2.30618e+00 4.53e-05
2.30747e+00 4.58e-05
2.30867e+00 4.63e-05
2.30996e+00 4.69e-05
2.31125e+00 4.74e-05
2.31244e+00 4.80e-05
2.31372e+00 4.86e-05
2.31501e+00 4.91e-05
2.31629e+00 4.98e-05
2.31757e+00 5.04e-05
2.31895e+00 5.10e-05
2.32023e+00 5.17e-05
2.32160e+00 5.24e-05
2.32288e+00 5.31e-05
2.32425e+00 5.38e-05
2.32562e+00 5.45e-05
2.32698e+00 5.53e-05
2.32835e+00 5.61e-05
2.32971e+00 5.69e-05
2.33108e+00 5.78e-05
2.33253e+00 5.86e-05
2.33389e+00 5.95e-05
2.33534e+00 6.04e-05
2.33679e+00 6.14e-05
2.33824e+00 6.24e-05
2.33969e+00 6.34e-05
2.34113e+00 6.45e-05
2.34267e+00 6.56e-05
2.34411e+00 6.68e-05
2.34564e+00 6.80e-05
2.34718e+00 6.92e-05
2.34871e+00 7.05e-05
2.35023e+00 7.19e-05
2.35176e+00 7.33e-05
2.35337e+00 7.47e-05
2.35499e+00 7.63e-05
2.35650e+00 7.79e-05
2.35811e+00 7.95e-05
2.35982e+00 8.13e-05
2.36142e+00 8.32e-05
2.36312e+00 8.51e-05
2.36471e+00 8.71e-05
2.36640e+00 8.93e-05
2.36819e+00 9.16e-05
2.36987e+00 9.40e-05
2.37164e+00 9.65e-05
2.37332e+00 9.92e-05
2.37518e+00 1.02e-04
2.37602e+00 1.04e-04
2.37695e+00 1.05e-04
2.37788e+00 1.07e-04
2.37871e+00 1.08e-04
2.37964e+00 1.10e-04
2.38056e+00 1.12e-04
2.38149e+00 1.14e-04
2.38241e+00 1.16e-04
2.38334e+00 1.18e-04
2.38426e+00 1.20e-04
2.38527e+00 1.22e-04
2.38619e+00 1.24e-04
2.38711e+00 1.26e-04
2.38812e+00 1.29e-04
2.38904e+00 1.31e-04
2.39005e+00 1.34e-04
2.39096e+00 1.36e-04
2.39197e+00 1.39e-04
2.39297e+00 1.42e-04
2.39398e+00 1.45e-04
2.39498e+00 1.49e-04
2.39598e+00 1.52e-04
2.39699e+00 1.55e-04
2.39799e+00 1.59e-04
2.39899e+00 1.63e-04
2.40007e+00 1.67e-04
2.40107e+00 1.72e-04
2.40216e+00 1.76e-04
2.40315e+00 1.81e-04
2.40424e+00 1.86e-04
2.40532e+00 1.92e-04
2.40640e+00 1.97e-04
2.40740e+00 2.04e-04
2.40848e+00 2.10e-04
2.40964e+00 2.17e-04
2.41072e+00 2.25e-04
2.41180e+00 2.33e-04
2.41296e+00 2.41e-04
2.41404e+00 2.51e-04
2.41520e+00 2.61e-04
2.41627e+00 2.72e-04
2.41743e+00 2.83e-04
2.41859e+00 2.96e-04
2.41975e+00 3.10e-04
2.42090e+00 3.25e-04
2.42214e+00 3.42e-04
2.42330e+00 3.61e-04
2.42454e+00 3.81e-04
2.42569e+00 4.04e-04
2.42692e+00 4.29e-04
2.42816e+00 4.58e-04
2.42939e+00 4.90e-04
2.43063e+00 5.26e-04
2.43186e+00 5.68e-04
2.43317e+00 6.15e-04
2.43440e+00 6.71e-04
2.43572e+00 7.35e-04
2.43694e+00 8.11e-04
2.43825e+00 9.02e-04
2.43956e+00 1.01e-03
2.44095e+00 1.14e-03
2.44226e+00 1.31e-03
2.44365e+00 1.52e-03
2.44495e+00 1.78e-03
2.44634e+00 2.14e-03
2.44772e+00 2.61e-03
2.44911e+00 3.29e-03
2.45057e+00 4.28e-03
2.45195e+00 5.82e-03
2.45342e+00 8.43e-03
2.45488e+00 1.34e-02
2.45634e+00 2.47e-02
2.45779e+00 6.04e-02
2.45933e+00 3.28e-01
2.46087e+00 2.87e+00
2.46241e+00 1.15e-01
2.46394e+00 3.52e-02
2.46547e+00 1.67e-02
2.46708e+00 9.74e-03
2.46861e+00 6.36e-03
2.47022e+00 4.48e-03
2.47191e+00 3.33e-03
2.47351e+00 2.57e-03
2.47519e+00 2.06e-03
2.47687e+00 1.69e-03
2.47855e+00 1.41e-03
2.48031e+00 1.21e-03
2.48207e+00 1.05e-03
2.48382e+00 9.20e-04
2.48566e+00 8.20e-04
2.48740e+00 7.38e-04
2.48923e+00 6.72e-04
2.49114e+00 6.18e-04
2.49304e+00 5.73e-04
2.49494e+00 5.35e-04
2.49684e+00 5.04e-04
2.49881e+00 4.78e-04
2.50078e+00 4.57e-04
2.50283e+00 4.39e-04
2.50487e+00 4.24e-04
2.50699e+00 4.12e-04
2.50911e+00 4.02e-04
2.51122e+00 3.95e-04
2.51341e+00 3.89e-04
2.51568e+00 3.85e-04
2.51786e+00 3.83e-04
2.52019e+00 3.83e-04
2.52252e+00 3.83e-04
2.52493e+00 3.86e-04
2.52733e+00 3.89e-04
2.52980e+00 3.94e-04
2.53227e+00 4.00e-04
2.53481e+00 4.08e-04
2.53742e+00 4.17e-04
2.54010e+00 4.27e-04
2.54286e+00 4.40e-04
2.54561e+00 4.54e-04
2.54843e+00 4.70e-04
2.55132e+00 4.88e-04
2.55428e+00 5.08e-04
2.55730e+00 5.32e-04
2.56048e+00 5.58e-04
2.56364e+00 5.89e-04
2.56695e+00 6.23e-04
2.57024e+00 6.63e-04
2.57376e+00 7.09e-04
2.57726e+00 7.63e-04
2.58097e+00 8.28e-04
2.58475e+00 9.05e-04
2.58867e+00 1.00e-03
2.59264e+00 1.12e-03
2.59682e+00 1.27e-03
2.60113e+00 1.49e-03
2.60565e+00 1.79e-03
2.61029e+00 2.27e-03
2.61513e+00 3.14e-03
2.62024e+00 5.15e-03
2.62554e+00 1.27e-02
2.63110e+00 2.43e-01
2.63698e+00 1.87e+01
2.64319e+00 1.32e-02
2.64971e+00 6.36e-03
2.65669e+00 5.82e-03
2.66410e+00 7.37e-03
2.67215e+00 1.33e-02
2.68082e+00 1.05e-01
2.69029e+00 5.07e-02
2.70069e+00 8.02e-02
2.71231e+00 2.03e-01
2.72543e+00 9.32e-01
2.74065e+00 7.59e-02
2.75874e+00 1.06e+00
2.78130e+00 1.08e+00
2.81151e+00 1.11e+00
2.85859e+00 1.16e+00
2.99573e+00 1.29e+00
