# OPACITY Project tables
-2.61515e+00 3.51e-01
-2.27341e+00 1.22e-01
-2.07433e+00 6.61e-02
-1.93351e+00 4.63e-02
-1.82455e+00 3.68e-02
-1.73574e+00 2.34e-02
-1.66078e+00 1.85e-02
-1.53898e+00 1.34e-02
-1.48802e+00 1.15e-02
-1.44198e+00 1.03e-02
-1.40003e+00 9.54e-03
-1.36148e+00 8.19e-03
-1.32584e+00 7.65e-03
-1.29269e+00 1.14e-02
-1.26174e+00 4.79e-02
-1.23268e+00 9.04e-03
-1.20531e+00 5.50e-03
-1.17944e+00 4.62e-03
-1.15493e+00 4.23e-03
-1.13165e+00 3.91e-03
-1.10945e+00 3.63e-03
-1.08827e+00 3.40e-03
-1.06799e+00 3.20e-03
-1.04857e+00 3.01e-03
-1.02994e+00 3.26e-03
-1.01200e+00 3.09e-03
-9.94739e-01 2.93e-03
-9.78086e-01 2.79e-03
-9.62021e-01 2.66e-03
-9.46492e-01 2.54e-03
-9.31455e-01 2.44e-03
-9.16916e-01 2.35e-03
-9.02807e-01 2.28e-03
-8.89113e-01 2.25e-03
-8.75797e-01 2.32e-03
-8.62868e-01 2.62e-03
-8.50292e-01 3.10e-03
-8.38057e-01 3.25e-03
-8.26130e-01 3.21e-03
-8.14502e-01 3.07e-03
-8.03185e-01 2.50e-03
-7.92106e-01 2.00e-03
-7.81301e-01 1.75e-03
-7.70741e-01 1.61e-03
-7.60420e-01 1.51e-03
-7.50331e-01 1.45e-03
-7.40469e-01 1.39e-03
-7.30787e-01 1.35e-03
-7.21320e-01 1.31e-03
-7.12045e-01 1.27e-03
-7.02955e-01 1.24e-03
-6.94048e-01 1.21e-03
-6.85298e-01 1.19e-03
-6.76723e-01 1.18e-03
-6.68298e-01 1.17e-03
-6.60041e-01 1.18e-03
-6.51909e-01 1.18e-03
-6.43938e-01 1.18e-03
-6.36087e-01 1.16e-03
-6.28390e-01 1.12e-03
-6.20808e-01 1.08e-03
-6.13357e-01 1.03e-03
-6.06016e-01 9.81e-04
-5.98801e-01 9.43e-04
-5.91692e-01 9.12e-04
-5.84687e-01 8.87e-04
-5.77803e-01 8.68e-04
-5.71018e-01 8.53e-04
-5.64314e-01 8.44e-04
-5.57725e-01 8.41e-04
-5.51231e-01 8.50e-04
-5.44831e-01 8.76e-04
-5.38505e-01 9.06e-04
-5.32288e-01 9.67e-04
-5.26142e-01 1.33e-03
-5.20085e-01 1.60e-03
-5.14098e-01 2.39e-03
-5.08196e-01 4.62e-03
-5.02362e-01 1.22e-02
-4.96610e-01 4.43e-02
-4.90925e-01 2.76e-02
-4.85320e-01 8.79e-03
-4.79779e-01 3.67e-03
-4.74301e-01 2.06e-03
-4.68884e-01 1.43e-03
-4.63545e-01 1.18e-03
-4.58265e-01 1.05e-03
-4.53044e-01 9.61e-04
-4.47882e-01 9.03e-04
-4.42778e-01 8.51e-04
-4.37730e-01 8.10e-04
-4.32739e-01 7.81e-04
-4.27803e-01 7.59e-04
-4.22922e-01 7.41e-04
-4.18095e-01 7.26e-04
-4.13321e-01 7.12e-04
-4.08585e-01 7.00e-04
-3.99284e-01 6.79e-04
-3.90158e-01 6.59e-04
-3.81216e-01 6.41e-04
-3.72456e-01 6.24e-04
-3.63858e-01 6.08e-04
-3.55419e-01 5.93e-04
-3.47135e-01 5.78e-04
-3.39003e-01 5.65e-04
-3.31021e-01 5.52e-04
-3.23185e-01 5.39e-04
-3.15464e-01 5.27e-04
-3.07885e-01 5.16e-04
-3.00430e-01 5.05e-04
-2.93097e-01 4.95e-04
-2.85884e-01 4.85e-04
-2.78788e-01 4.75e-04
-2.71796e-01 4.66e-04
-2.64917e-01 4.57e-04
-2.58149e-01 4.49e-04
-2.51466e-01 4.41e-04
-2.44891e-01 4.33e-04
-2.38409e-01 4.25e-04
-2.32020e-01 4.18e-04
-2.25722e-01 4.11e-04
-2.19513e-01 4.04e-04
-2.13391e-01 3.98e-04
-2.07344e-01 3.92e-04
-2.01382e-01 3.87e-04
-1.95504e-01 3.82e-04
-1.89697e-01 3.77e-04
-1.83971e-01 3.73e-04
-1.78314e-01 3.70e-04
-1.75509e-01 3.70e-04
-1.72724e-01 3.69e-04
-1.69958e-01 3.70e-04
-1.67200e-01 3.71e-04
-1.64474e-01 3.74e-04
-1.61755e-01 3.78e-04
-1.59054e-01 3.84e-04
-1.56373e-01 3.93e-04
-1.53699e-01 4.07e-04
-1.51044e-01 4.26e-04
-1.48407e-01 4.52e-04
-1.45789e-01 4.87e-04
-1.43189e-01 5.38e-04
-1.40596e-01 6.05e-04
-1.38021e-01 6.93e-04
-1.35453e-01 8.13e-04
-1.32914e-01 9.79e-04
-1.30382e-01 1.20e-03
-1.27867e-01 1.48e-03
-1.25359e-01 1.79e-03
-1.22868e-01 2.08e-03
-1.20395e-01 2.24e-03
-1.17928e-01 2.22e-03
-1.15489e-01 2.12e-03
-1.13057e-01 2.13e-03
-1.10630e-01 2.25e-03
-1.08220e-01 2.27e-03
-1.05827e-01 2.10e-03
-1.03440e-01 1.82e-03
-1.01070e-01 1.51e-03
-9.87160e-02 1.24e-03
-9.63788e-02 1.01e-03
-9.40360e-02 8.35e-04
-9.17206e-02 7.08e-04
-8.94106e-02 6.12e-04
-8.71168e-02 5.36e-04
-8.48283e-02 4.76e-04
-8.25559e-02 4.31e-04
-8.02994e-02 3.97e-04
-7.80480e-02 3.70e-04
-7.58125e-02 3.49e-04
-7.35820e-02 3.33e-04
-7.13671e-02 3.20e-04
-6.91679e-02 3.10e-04
-6.69735e-02 3.01e-04
-6.47839e-02 2.94e-04
-6.26097e-02 2.88e-04
-6.04509e-02 2.84e-04
-5.82967e-02 2.79e-04
-5.61577e-02 2.76e-04
-5.40233e-02 2.72e-04
-5.19040e-02 2.69e-04
-4.76998e-02 2.64e-04
-4.35236e-02 2.60e-04
-3.93959e-02 2.56e-04
-3.52956e-02 2.53e-04
-3.12430e-02 2.49e-04
-2.72170e-02 2.47e-04
-2.32379e-02 2.44e-04
-1.92848e-02 2.42e-04
-1.53675e-02 2.40e-04
-1.14958e-02 2.38e-04
-5.73642e-03 2.37e-04
-3.83735e-03 2.37e-04
-1.94188e-03 2.37e-04
-5.00013e-05 2.38e-04
1.79838e-03 2.39e-04
3.69317e-03 2.41e-04
5.58438e-03 2.43e-04
7.37275e-03 2.46e-04
9.25702e-03 2.50e-04
1.11377e-02 2.54e-04
1.29162e-02 2.60e-04
1.47901e-02 2.68e-04
1.65621e-02 2.78e-04
1.84291e-02 2.90e-04
2.01947e-02 3.05e-04
2.19572e-02 3.22e-04
2.38142e-02 3.41e-04
2.55703e-02 3.64e-04
2.73233e-02 3.90e-04
3.08201e-02 4.45e-04
3.25640e-02 4.71e-04
3.43048e-02 4.94e-04
3.60426e-02 5.13e-04
3.77774e-02 5.26e-04
3.95091e-02 5.32e-04
4.12379e-02 5.35e-04
4.29637e-02 5.34e-04
4.46865e-02 6.03e-04
4.64064e-02 6.07e-04
4.80280e-02 6.07e-04
4.97421e-02 6.04e-04
5.14533e-02 5.95e-04
5.30667e-02 5.79e-04
5.47722e-02 5.59e-04
5.64748e-02 5.35e-04
5.80802e-02 5.09e-04
5.97772e-02 4.81e-04
6.13773e-02 4.53e-04
6.29748e-02 4.28e-04
6.46635e-02 4.06e-04
6.62558e-02 3.87e-04
6.78455e-02 3.69e-04
6.95261e-02 3.54e-04
7.11106e-02 3.41e-04
7.26927e-02 3.30e-04
7.42722e-02 3.22e-04
7.58493e-02 3.15e-04
7.74239e-02 3.09e-04
7.90884e-02 3.04e-04
8.06579e-02 3.00e-04
8.22249e-02 2.97e-04
8.37895e-02 2.94e-04
8.52598e-02 2.92e-04
8.68197e-02 2.90e-04
8.83771e-02 2.89e-04
8.99321e-02 2.88e-04
9.44917e-02 2.87e-04
9.75803e-02 2.88e-04
1.00569e-01 2.89e-04
1.02015e-01 2.91e-04
1.05080e-01 2.94e-04
1.06520e-01 2.96e-04
1.09482e-01 3.00e-04
1.12435e-01 3.06e-04
1.15291e-01 3.12e-04
1.18227e-01 3.19e-04
1.19648e-01 3.22e-04
1.21067e-01 3.24e-04
1.23898e-01 3.28e-04
1.26809e-01 3.31e-04
1.28217e-01 3.32e-04
1.29624e-01 3.32e-04
1.31028e-01 3.31e-04
1.33831e-01 3.29e-04
1.36539e-01 3.26e-04
1.37934e-01 3.23e-04
1.40718e-01 3.18e-04
1.43407e-01 3.12e-04
1.46176e-01 3.05e-04
1.48851e-01 3.00e-04
1.51519e-01 2.95e-04
1.54179e-01 2.91e-04
1.56833e-01 2.88e-04
1.59479e-01 2.86e-04
1.62119e-01 2.84e-04
1.64751e-01 2.83e-04
1.67293e-01 2.81e-04
1.69912e-01 2.80e-04
1.72440e-01 2.79e-04
1.74961e-01 2.78e-04
1.77477e-01 2.77e-04
1.80069e-01 2.75e-04
1.82572e-01 2.74e-04
1.84985e-01 2.73e-04
1.87475e-01 2.72e-04
1.89959e-01 2.70e-04
1.92437e-01 2.68e-04
1.94826e-01 2.67e-04
1.97292e-01 2.65e-04
1.99670e-01 2.63e-04
2.02042e-01 2.61e-04
2.04409e-01 2.60e-04
2.06770e-01 2.58e-04
2.09126e-01 2.56e-04
2.11476e-01 2.55e-04
2.13820e-01 2.53e-04
2.16159e-01 2.52e-04
2.18493e-01 2.50e-04
2.20741e-01 2.49e-04
2.23064e-01 2.47e-04
2.26418e-01 2.46e-04
2.28728e-01 2.44e-04
2.30953e-01 2.43e-04
2.33173e-01 2.41e-04
2.35388e-01 2.40e-04
2.37599e-01 2.39e-04
2.39804e-01 2.37e-04
2.42005e-01 2.36e-04
2.44200e-01 2.34e-04
2.46313e-01 2.33e-04
2.48499e-01 2.32e-04
2.50681e-01 2.30e-04
2.52780e-01 2.29e-04
2.54875e-01 2.28e-04
2.57042e-01 2.27e-04
2.59128e-01 2.25e-04
2.61210e-01 2.24e-04
2.63287e-01 2.23e-04
2.65360e-01 2.22e-04
2.67428e-01 2.20e-04
2.69493e-01 2.19e-04
2.71553e-01 2.18e-04
2.73609e-01 2.17e-04
2.75660e-01 2.16e-04
2.77632e-01 2.15e-04
2.79675e-01 2.13e-04
2.81639e-01 2.12e-04
2.83674e-01 2.11e-04
2.85630e-01 2.10e-04
2.87582e-01 2.09e-04
2.89605e-01 2.08e-04
2.91550e-01 2.07e-04
2.93490e-01 2.06e-04
2.95427e-01 2.05e-04
2.97360e-01 2.04e-04
2.99289e-01 2.03e-04
3.01215e-01 2.02e-04
3.03137e-01 2.01e-04
3.04982e-01 2.00e-04
3.06896e-01 1.99e-04
3.08807e-01 1.98e-04
3.10641e-01 1.97e-04
3.12545e-01 1.96e-04
3.14373e-01 1.95e-04
3.16270e-01 1.94e-04
3.18090e-01 1.93e-04
3.19907e-01 1.92e-04
3.21794e-01 1.91e-04
3.23604e-01 1.90e-04
3.25411e-01 1.89e-04
3.27215e-01 1.89e-04
3.29016e-01 1.88e-04
3.30813e-01 1.87e-04
3.32608e-01 1.86e-04
3.34399e-01 1.85e-04
3.36115e-01 1.84e-04
3.37900e-01 1.83e-04
3.39681e-01 1.83e-04
3.41389e-01 1.82e-04
3.43164e-01 1.81e-04
3.44936e-01 1.80e-04
3.46635e-01 1.79e-04
3.48330e-01 1.78e-04
3.50093e-01 1.78e-04
3.51783e-01 1.77e-04
3.53470e-01 1.76e-04
3.55224e-01 1.75e-04
3.56905e-01 1.75e-04
3.58583e-01 1.74e-04
3.60259e-01 1.73e-04
3.61931e-01 1.72e-04
3.63601e-01 1.72e-04
3.65268e-01 1.71e-04
3.66932e-01 1.70e-04
3.68594e-01 1.69e-04
3.70183e-01 1.69e-04
3.71839e-01 1.68e-04
3.73493e-01 1.67e-04
3.75075e-01 1.67e-04
3.76723e-01 1.66e-04
3.78299e-01 1.65e-04
3.79942e-01 1.65e-04
3.81514e-01 1.64e-04
3.83151e-01 1.63e-04
3.84718e-01 1.63e-04
3.86282e-01 1.62e-04
3.87912e-01 1.61e-04
3.89471e-01 1.61e-04
3.91028e-01 1.60e-04
3.92582e-01 1.59e-04
3.94134e-01 1.59e-04
3.95684e-01 1.58e-04
3.97231e-01 1.57e-04
3.98776e-01 1.57e-04
4.00319e-01 1.56e-04
4.01859e-01 1.56e-04
4.03396e-01 1.55e-04
4.04932e-01 1.54e-04
4.06465e-01 1.54e-04
4.07929e-01 1.53e-04
4.09457e-01 1.53e-04
4.10983e-01 1.52e-04
4.12441e-01 1.51e-04
4.13962e-01 1.51e-04
4.15415e-01 1.50e-04
4.16932e-01 1.50e-04
4.18381e-01 1.49e-04
4.19828e-01 1.49e-04
4.21338e-01 1.48e-04
4.22781e-01 1.48e-04
4.24221e-01 1.47e-04
4.25725e-01 1.46e-04
4.27161e-01 1.46e-04
4.28596e-01 1.45e-04
4.30028e-01 1.45e-04
4.31458e-01 1.44e-04
4.32886e-01 1.44e-04
4.34312e-01 1.43e-04
4.35736e-01 1.43e-04
4.37158e-01 1.42e-04
4.38577e-01 1.42e-04
4.39995e-01 1.41e-04
4.41411e-01 1.41e-04
4.42761e-01 1.40e-04
4.44173e-01 1.40e-04
4.45583e-01 1.39e-04
4.46927e-01 1.39e-04
4.48333e-01 1.38e-04
4.49737e-01 1.38e-04
4.51076e-01 1.37e-04
4.52476e-01 1.37e-04
4.53811e-01 1.37e-04
4.55207e-01 1.36e-04
4.56538e-01 1.36e-04
4.57931e-01 1.35e-04
4.59259e-01 1.35e-04
4.60584e-01 1.34e-04
4.61971e-01 1.34e-04
4.63294e-01 1.34e-04
4.64614e-01 1.33e-04
4.65933e-01 1.33e-04
4.67250e-01 1.32e-04
4.68565e-01 1.32e-04
4.69941e-01 1.32e-04
4.71253e-01 1.31e-04
4.72563e-01 1.31e-04
4.73871e-01 1.31e-04
4.75178e-01 1.30e-04
4.76420e-01 1.30e-04
4.77724e-01 1.30e-04
4.79025e-01 1.29e-04
4.80325e-01 1.29e-04
4.87352e-01 1.28e-04
4.95489e-01 1.27e-04
4.99866e-01 1.27e-04
5.02289e-01 1.27e-04
5.03559e-01 1.27e-04
5.04767e-01 1.27e-04
5.05974e-01 1.28e-04
5.07179e-01 1.28e-04
5.08383e-01 1.29e-04
5.09645e-01 1.29e-04
5.10846e-01 1.30e-04
5.12045e-01 1.31e-04
5.13243e-01 1.32e-04
5.14439e-01 1.33e-04
5.15634e-01 1.33e-04
5.16828e-01 1.35e-04
5.18020e-01 1.36e-04
5.19210e-01 1.37e-04
5.20340e-01 1.39e-04
5.21528e-01 1.41e-04
5.22715e-01 1.43e-04
5.23900e-01 1.46e-04
5.25083e-01 1.49e-04
5.26207e-01 1.53e-04
5.26797e-01 1.54e-04
5.27388e-01 1.57e-04
5.27978e-01 1.59e-04
5.28567e-01 1.62e-04
5.29157e-01 1.65e-04
5.29687e-01 1.68e-04
5.30275e-01 1.72e-04
5.30864e-01 1.76e-04
5.31451e-01 1.80e-04
5.32039e-01 1.85e-04
5.32568e-01 1.90e-04
5.33154e-01 1.96e-04
5.33741e-01 2.03e-04
5.34327e-01 2.10e-04
5.34855e-01 2.18e-04
5.35440e-01 2.27e-04
5.36025e-01 2.37e-04
5.36610e-01 2.48e-04
5.37136e-01 2.61e-04
5.37721e-01 2.75e-04
5.38305e-01 2.90e-04
5.38888e-01 3.06e-04
5.39413e-01 3.24e-04
5.39996e-01 3.45e-04
5.40579e-01 3.69e-04
5.41103e-01 3.97e-04
5.41685e-01 4.29e-04
5.42266e-01 4.65e-04
5.42789e-01 5.08e-04
5.43370e-01 5.59e-04
5.43951e-01 6.18e-04
5.44473e-01 6.89e-04
5.45053e-01 7.73e-04
5.45633e-01 8.75e-04
5.46154e-01 1.00e-03
5.46733e-01 1.16e-03
5.47312e-01 1.36e-03
5.47832e-01 1.61e-03
5.48410e-01 1.94e-03
5.48930e-01 2.39e-03
5.49508e-01 3.01e-03
5.50085e-01 3.89e-03
5.50604e-01 5.17e-03
5.51180e-01 7.16e-03
5.51699e-01 1.04e-02
5.52275e-01 1.59e-02
5.52850e-01 2.47e-02
5.53368e-01 3.39e-02
5.53943e-01 5.85e-02
5.54460e-01 1.00e-01
5.55034e-01 2.04e-01
5.55550e-01 9.70e-02
5.56124e-01 5.61e-02
5.56640e-01 3.37e-02
5.57213e-01 2.41e-02
5.57728e-01 1.56e-02
5.58301e-01 1.03e-02
5.58815e-01 7.16e-03
5.59387e-01 5.21e-03
5.59901e-01 3.94e-03
5.60473e-01 3.06e-03
5.60986e-01 2.45e-03
5.61557e-01 2.00e-03
5.62070e-01 1.66e-03
5.62640e-01 1.40e-03
5.63152e-01 1.20e-03
5.63722e-01 1.04e-03
5.64234e-01 9.13e-04
5.64745e-01 8.07e-04
5.65314e-01 7.20e-04
5.65825e-01 6.48e-04
5.66393e-01 5.86e-04
5.66903e-01 5.33e-04
5.67471e-01 4.88e-04
5.67981e-01 4.49e-04
5.68491e-01 4.16e-04
5.69057e-01 3.87e-04
5.69566e-01 3.61e-04
5.70075e-01 3.39e-04
5.70641e-01 3.19e-04
5.71149e-01 3.01e-04
5.71714e-01 2.86e-04
5.72222e-01 2.71e-04
5.72729e-01 2.57e-04
5.73293e-01 2.44e-04
5.73800e-01 2.33e-04
5.74307e-01 2.23e-04
5.74870e-01 2.14e-04
5.75377e-01 2.06e-04
5.75883e-01 1.99e-04
5.76445e-01 1.92e-04
5.76950e-01 1.86e-04
5.77456e-01 1.80e-04
5.77961e-01 1.75e-04
5.78522e-01 1.70e-04
5.79026e-01 1.66e-04
5.79530e-01 1.62e-04
5.80090e-01 1.58e-04
5.80594e-01 1.55e-04
5.81098e-01 1.51e-04
5.81601e-01 1.49e-04
5.82160e-01 1.46e-04
5.82662e-01 1.44e-04
5.83667e-01 1.39e-04
5.84726e-01 1.35e-04
5.85729e-01 1.32e-04
5.86786e-01 1.29e-04
5.87787e-01 1.26e-04
5.88786e-01 1.24e-04
5.89840e-01 1.22e-04
5.90838e-01 1.20e-04
5.91834e-01 1.18e-04
5.92885e-01 1.16e-04
5.93879e-01 1.14e-04
5.94873e-01 1.13e-04
5.95865e-01 1.11e-04
5.96857e-01 1.10e-04
5.97902e-01 1.09e-04
5.98891e-01 1.07e-04
5.99880e-01 1.06e-04
6.00867e-01 1.05e-04
6.01854e-01 1.04e-04
6.02839e-01 1.03e-04
6.03824e-01 1.02e-04
6.04808e-01 1.01e-04
6.05790e-01 1.01e-04
6.06772e-01 1.00e-04
6.07753e-01 9.93e-05
6.08732e-01 9.87e-05
6.09711e-01 9.80e-05
6.10689e-01 9.75e-05
6.11666e-01 9.69e-05
6.12642e-01 9.64e-05
6.13617e-01 9.59e-05
6.14591e-01 9.54e-05
6.15510e-01 9.50e-05
6.16482e-01 9.45e-05
6.17453e-01 9.41e-05
6.18424e-01 9.36e-05
6.19339e-01 9.32e-05
6.20308e-01 9.28e-05
6.21275e-01 9.24e-05
6.22242e-01 9.20e-05
6.23154e-01 9.16e-05
6.24119e-01 9.13e-05
6.25082e-01 9.09e-05
6.25992e-01 9.06e-05
6.26954e-01 9.03e-05
6.27862e-01 8.99e-05
6.28822e-01 8.96e-05
6.29728e-01 8.93e-05
6.30686e-01 8.90e-05
6.31591e-01 8.88e-05
6.32548e-01 8.85e-05
6.33450e-01 8.82e-05
6.34405e-01 8.79e-05
6.35306e-01 8.77e-05
6.36259e-01 8.74e-05
6.37159e-01 8.72e-05
6.38110e-01 8.69e-05
6.39008e-01 8.67e-05
6.39905e-01 8.64e-05
6.40853e-01 8.62e-05
6.41749e-01 8.60e-05
6.42643e-01 8.57e-05
6.43537e-01 8.55e-05
6.44482e-01 8.53e-05
6.45374e-01 8.51e-05
6.46265e-01 8.48e-05
6.47156e-01 8.46e-05
6.48098e-01 8.44e-05
6.48986e-01 8.42e-05
6.49874e-01 8.40e-05
6.50761e-01 8.38e-05
6.51648e-01 8.36e-05
6.52533e-01 8.34e-05
6.53418e-01 8.32e-05
6.54302e-01 8.30e-05
6.55186e-01 8.28e-05
6.56120e-01 8.26e-05
6.57002e-01 8.24e-05
6.57883e-01 8.22e-05
6.58763e-01 8.21e-05
6.59642e-01 8.19e-05
6.60469e-01 8.17e-05
6.61347e-01 8.15e-05
6.62224e-01 8.13e-05
6.63100e-01 8.11e-05
6.63976e-01 8.09e-05
6.64851e-01 8.08e-05
6.65725e-01 8.06e-05
6.66598e-01 8.04e-05
6.67470e-01 8.02e-05
6.68291e-01 8.01e-05
6.69162e-01 7.99e-05
6.70032e-01 7.97e-05
6.70902e-01 7.95e-05
6.71719e-01 7.94e-05
6.72587e-01 7.92e-05
6.73455e-01 7.90e-05
6.74321e-01 7.88e-05
6.75136e-01 7.87e-05
6.76001e-01 7.85e-05
6.76865e-01 7.83e-05
6.77678e-01 7.82e-05
6.78541e-01 7.80e-05
6.79403e-01 7.78e-05
6.80214e-01 7.77e-05
6.81075e-01 7.75e-05
6.81884e-01 7.73e-05
6.82743e-01 7.72e-05
6.83551e-01 7.70e-05
6.84409e-01 7.69e-05
6.85266e-01 7.67e-05
6.86072e-01 7.65e-05
6.86878e-01 7.64e-05
6.87733e-01 7.62e-05
6.88537e-01 7.61e-05
6.89390e-01 7.59e-05
6.90193e-01 7.58e-05
6.91045e-01 7.56e-05
6.91846e-01 7.55e-05
6.92647e-01 7.53e-05
6.93497e-01 7.51e-05
6.94297e-01 7.50e-05
6.95145e-01 7.48e-05
6.95943e-01 7.47e-05
6.96741e-01 7.45e-05
7.13930e-01 7.15e-05
7.31262e-01 6.85e-05
7.47967e-01 6.59e-05
7.63466e-01 6.36e-05
7.77121e-01 6.17e-05
7.87730e-01 6.04e-05
7.96110e-01 5.96e-05
8.02360e-01 5.92e-05
8.07279e-01 5.91e-05
8.11152e-01 5.92e-05
8.13726e-01 5.93e-05
8.15674e-01 5.96e-05
8.16956e-01 5.98e-05
8.17575e-01 5.99e-05
8.18193e-01 6.01e-05
8.18854e-01 6.02e-05
8.19471e-01 6.04e-05
8.20132e-01 6.08e-05
8.20749e-01 6.13e-05
8.21364e-01 6.18e-05
8.22024e-01 6.25e-05
8.22639e-01 6.32e-05
8.23298e-01 6.41e-05
8.23912e-01 6.51e-05
8.24526e-01 6.62e-05
8.25184e-01 6.75e-05
8.25797e-01 6.90e-05
8.26410e-01 7.07e-05
8.26716e-01 7.17e-05
8.27066e-01 7.27e-05
8.27372e-01 7.38e-05
8.27678e-01 7.50e-05
8.28290e-01 7.76e-05
8.28595e-01 7.89e-05
8.29250e-01 8.12e-05
8.29861e-01 8.34e-05
8.30471e-01 8.57e-05
8.31081e-01 8.82e-05
8.31735e-01 9.10e-05
8.32039e-01 9.26e-05
8.32344e-01 9.42e-05
8.32648e-01 9.59e-05
8.32953e-01 9.78e-05
8.33257e-01 9.98e-05
8.33561e-01 1.02e-04
8.33909e-01 1.04e-04
8.34213e-01 1.07e-04
8.34517e-01 1.10e-04
8.34820e-01 1.13e-04
8.35124e-01 1.17e-04
8.35731e-01 1.24e-04
8.36338e-01 1.32e-04
8.36641e-01 1.36e-04
8.36988e-01 1.40e-04
8.37291e-01 1.45e-04
8.37594e-01 1.49e-04
8.37897e-01 1.54e-04
8.38199e-01 1.60e-04
8.38502e-01 1.65e-04
8.38805e-01 1.71e-04
8.39107e-01 1.78e-04
8.39410e-01 1.85e-04
8.39712e-01 1.92e-04
8.40014e-01 2.00e-04
8.40316e-01 2.09e-04
8.40618e-01 2.19e-04
8.40964e-01 2.29e-04
8.41265e-01 2.41e-04
8.41567e-01 2.53e-04
8.41869e-01 2.67e-04
8.42170e-01 2.82e-04
8.42472e-01 2.99e-04
8.42773e-01 3.17e-04
8.43075e-01 3.37e-04
8.43376e-01 3.58e-04
8.43677e-01 3.81e-04
8.43978e-01 4.06e-04
8.44279e-01 4.33e-04
8.44580e-01 4.62e-04
8.44881e-01 4.94e-04
8.45181e-01 5.29e-04
8.45482e-01 5.68e-04
8.45782e-01 6.10e-04
8.46083e-01 6.57e-04
8.46383e-01 7.09e-04
8.46683e-01 7.67e-04
8.46984e-01 8.31e-04
8.47284e-01 9.01e-04
8.47584e-01 9.80e-04
8.47883e-01 1.07e-03
8.48226e-01 1.17e-03
8.48526e-01 1.28e-03
8.48825e-01 1.40e-03
8.49125e-01 1.54e-03
8.49424e-01 1.70e-03
8.49723e-01 1.88e-03
8.50023e-01 2.08e-03
8.50322e-01 2.31e-03
8.50621e-01 2.57e-03
8.50920e-01 2.85e-03
8.51518e-01 3.43e-03
8.51816e-01 3.73e-03
8.52413e-01 4.33e-03
8.52712e-01 4.60e-03
8.53010e-01 4.83e-03
8.53308e-01 4.99e-03
8.53606e-01 5.06e-03
8.53862e-01 5.03e-03
8.54160e-01 4.93e-03
8.54458e-01 4.80e-03
8.54756e-01 4.68e-03
8.55053e-01 4.63e-03
8.55351e-01 4.67e-03
8.55649e-01 4.78e-03
8.55946e-01 4.92e-03
8.56243e-01 5.04e-03
8.56541e-01 5.10e-03
8.56838e-01 5.05e-03
8.57135e-01 4.92e-03
8.57432e-01 4.71e-03
8.57729e-01 4.45e-03
8.58026e-01 4.16e-03
8.58323e-01 3.86e-03
8.58916e-01 3.28e-03
8.59212e-01 2.98e-03
8.59509e-01 2.70e-03
8.59805e-01 2.44e-03
8.60101e-01 2.20e-03
8.60397e-01 1.98e-03
8.60693e-01 1.80e-03
8.60947e-01 1.63e-03
8.61243e-01 1.49e-03
8.61539e-01 1.36e-03
8.61835e-01 1.24e-03
8.62130e-01 1.14e-03
8.62426e-01 1.05e-03
8.62721e-01 9.65e-04
8.63017e-01 8.90e-04
8.63312e-01 8.23e-04
8.63607e-01 7.63e-04
8.63902e-01 7.08e-04
8.64197e-01 6.59e-04
8.64492e-01 6.14e-04
8.64745e-01 5.73e-04
8.65040e-01 5.36e-04
8.65334e-01 5.02e-04
8.65629e-01 4.71e-04
8.65923e-01 4.42e-04
8.66218e-01 4.16e-04
8.66512e-01 3.91e-04
8.66806e-01 3.69e-04
8.67100e-01 3.48e-04
8.67395e-01 3.28e-04
8.67689e-01 3.10e-04
8.67940e-01 2.94e-04
8.68234e-01 2.79e-04
8.68528e-01 2.65e-04
8.68822e-01 2.53e-04
8.69115e-01 2.41e-04
8.69409e-01 2.31e-04
8.69702e-01 2.21e-04
8.69995e-01 2.12e-04
8.70289e-01 2.04e-04
8.70540e-01 1.96e-04
8.70833e-01 1.89e-04
8.71126e-01 1.83e-04
8.71419e-01 1.76e-04
8.71712e-01 1.71e-04
8.72004e-01 1.65e-04
8.72297e-01 1.60e-04
8.72548e-01 1.55e-04
8.72840e-01 1.51e-04
8.73133e-01 1.46e-04
8.73717e-01 1.38e-04
8.74301e-01 1.30e-04
8.74844e-01 1.23e-04
8.75135e-01 1.19e-04
8.75427e-01 1.16e-04
8.75719e-01 1.13e-04
8.76010e-01 1.10e-04
8.76302e-01 1.08e-04
8.76551e-01 1.05e-04
8.76843e-01 1.03e-04
8.77134e-01 1.02e-04
8.77425e-01 9.97e-05
8.78007e-01 9.64e-05
8.78547e-01 9.35e-05
8.79129e-01 9.08e-05
8.79710e-01 8.84e-05
8.80249e-01 8.60e-05
8.80829e-01 8.36e-05
8.81119e-01 8.22e-05
8.81658e-01 7.93e-05
8.81948e-01 7.80e-05
8.82237e-01 7.67e-05
8.82775e-01 7.45e-05
8.83354e-01 7.25e-05
8.83933e-01 7.07e-05
8.84470e-01 6.92e-05
8.85048e-01 6.78e-05
8.85584e-01 6.66e-05
8.86161e-01 6.55e-05
8.86738e-01 6.46e-05
8.87274e-01 6.37e-05
8.87850e-01 6.30e-05
8.88385e-01 6.23e-05
8.88961e-01 6.17e-05
8.89248e-01 6.14e-05
8.89495e-01 6.12e-05
8.90070e-01 6.09e-05
8.90604e-01 6.06e-05
8.91178e-01 6.04e-05
8.91711e-01 6.02e-05
8.92285e-01 6.00e-05
8.92817e-01 5.98e-05
8.93391e-01 5.96e-05
8.93922e-01 5.94e-05
8.94495e-01 5.92e-05
8.95026e-01 5.91e-05
8.95598e-01 5.89e-05
8.96129e-01 5.88e-05
8.96700e-01 5.86e-05
9.00243e-01 5.79e-05
9.03773e-01 5.75e-05
9.08339e-01 5.71e-05
9.12885e-01 5.70e-05
9.17130e-01 5.71e-05
9.20801e-01 5.73e-05
9.23941e-01 5.76e-05
9.26043e-01 5.79e-05
9.27587e-01 5.82e-05
9.28101e-01 5.83e-05
9.28614e-01 5.85e-05
9.29128e-01 5.86e-05
9.29681e-01 5.87e-05
9.30194e-01 5.88e-05
9.30706e-01 5.90e-05
9.31219e-01 5.91e-05
9.31731e-01 5.93e-05
9.32243e-01 5.95e-05
9.32754e-01 5.97e-05
9.33266e-01 5.99e-05
9.33777e-01 6.01e-05
9.34288e-01 6.03e-05
9.34798e-01 6.06e-05
9.35309e-01 6.08e-05
9.35819e-01 6.11e-05
9.36329e-01 6.14e-05
9.36838e-01 6.17e-05
9.37347e-01 6.21e-05
9.37857e-01 6.24e-05
9.38365e-01 6.28e-05
9.38874e-01 6.33e-05
9.39382e-01 6.37e-05
9.39890e-01 6.42e-05
9.40398e-01 6.48e-05
9.40905e-01 6.54e-05
9.41413e-01 6.61e-05
9.41919e-01 6.68e-05
9.42426e-01 6.76e-05
9.42933e-01 6.85e-05
9.43439e-01 6.95e-05
9.43945e-01 7.06e-05
9.44450e-01 7.18e-05
9.44956e-01 7.31e-05
9.45422e-01 7.46e-05
9.45927e-01 7.63e-05
9.46432e-01 7.81e-05
9.46936e-01 8.02e-05
9.47441e-01 8.24e-05
9.47944e-01 8.49e-05
9.48448e-01 8.76e-05
9.48952e-01 9.07e-05
9.49455e-01 9.41e-05
9.49687e-01 9.60e-05
9.49919e-01 9.79e-05
9.50190e-01 1.00e-04
9.50422e-01 1.02e-04
9.50692e-01 1.05e-04
9.50924e-01 1.07e-04
9.51194e-01 1.10e-04
9.51426e-01 1.13e-04
9.51696e-01 1.16e-04
9.51928e-01 1.20e-04
9.52160e-01 1.23e-04
9.52430e-01 1.27e-04
9.52661e-01 1.31e-04
9.52931e-01 1.36e-04
9.53163e-01 1.40e-04
9.53394e-01 1.45e-04
9.53664e-01 1.50e-04
9.53895e-01 1.56e-04
9.54164e-01 1.62e-04
9.54395e-01 1.68e-04
9.54665e-01 1.74e-04
9.54896e-01 1.80e-04
9.55127e-01 1.87e-04
9.55396e-01 1.95e-04
9.55627e-01 2.02e-04
9.55896e-01 2.10e-04
9.56127e-01 2.18e-04
9.56357e-01 2.27e-04
9.56626e-01 2.36e-04
9.56857e-01 2.46e-04
9.57126e-01 2.57e-04
9.57356e-01 2.67e-04
9.57586e-01 2.79e-04
9.57855e-01 2.91e-04
9.58085e-01 3.04e-04
9.58354e-01 3.18e-04
9.58584e-01 3.33e-04
9.58814e-01 3.48e-04
9.59082e-01 3.65e-04
9.59312e-01 3.83e-04
9.59580e-01 4.01e-04
9.59810e-01 4.21e-04
9.60040e-01 4.42e-04
9.60308e-01 4.64e-04
9.60537e-01 4.87e-04
9.60767e-01 5.11e-04
9.61035e-01 5.36e-04
9.61264e-01 5.61e-04
9.61532e-01 5.88e-04
9.61761e-01 6.15e-04
9.61990e-01 6.43e-04
9.62487e-01 7.01e-04
9.62983e-01 7.58e-04
9.63480e-01 8.15e-04
9.63937e-01 8.71e-04
9.64204e-01 8.98e-04
9.64662e-01 9.48e-04
9.64929e-01 9.71e-04
9.65157e-01 9.92e-04
9.65386e-01 1.01e-03
9.65652e-01 1.03e-03
9.65881e-01 1.04e-03
9.66147e-01 1.05e-03
9.66375e-01 1.06e-03
9.66604e-01 1.07e-03
9.66870e-01 1.07e-03
9.67098e-01 1.07e-03
9.67592e-01 1.07e-03
9.67820e-01 1.07e-03
9.68048e-01 1.06e-03
9.68314e-01 1.05e-03
9.68542e-01 1.05e-03
9.68769e-01 1.06e-03
9.69035e-01 1.07e-03
9.69263e-01 1.07e-03
9.69983e-01 1.08e-03
9.70211e-01 1.08e-03
9.70476e-01 1.07e-03
9.70703e-01 1.07e-03
9.70930e-01 1.06e-03
9.71195e-01 1.04e-03
9.71423e-01 1.03e-03
9.71650e-01 1.01e-03
9.71915e-01 9.89e-04
9.72142e-01 9.67e-04
9.72633e-01 9.18e-04
9.72860e-01 8.92e-04
9.73351e-01 8.38e-04
9.73805e-01 7.81e-04
9.74295e-01 7.25e-04
9.74786e-01 6.68e-04
9.75012e-01 6.40e-04
9.75239e-01 6.13e-04
9.75503e-01 5.87e-04
9.75729e-01 5.61e-04
9.75955e-01 5.36e-04
9.76181e-01 5.12e-04
9.76445e-01 4.89e-04
9.76671e-01 4.67e-04
9.76897e-01 4.45e-04
9.77160e-01 4.25e-04
9.77386e-01 4.06e-04
9.77612e-01 3.88e-04
9.77875e-01 3.72e-04
9.78101e-01 3.55e-04
9.78326e-01 3.41e-04
9.78552e-01 3.26e-04
9.78815e-01 3.13e-04
9.79040e-01 3.01e-04
9.79266e-01 2.89e-04
9.79528e-01 2.78e-04
9.79754e-01 2.67e-04
9.79979e-01 2.57e-04
9.80242e-01 2.48e-04
9.80467e-01 2.39e-04
9.80692e-01 2.30e-04
9.80917e-01 2.22e-04
9.81179e-01 2.14e-04
9.81404e-01 2.07e-04
9.81629e-01 2.00e-04
9.81891e-01 1.93e-04
9.82116e-01 1.87e-04
9.82341e-01 1.81e-04
9.82565e-01 1.75e-04
9.82827e-01 1.69e-04
9.83052e-01 1.64e-04
9.83276e-01 1.59e-04
9.83501e-01 1.54e-04
9.83762e-01 1.49e-04
9.83987e-01 1.45e-04
9.84211e-01 1.41e-04
9.84473e-01 1.37e-04
9.84697e-01 1.34e-04
9.84921e-01 1.31e-04
9.85145e-01 1.27e-04
9.85406e-01 1.25e-04
9.85630e-01 1.22e-04
9.85854e-01 1.20e-04
9.86078e-01 1.17e-04
9.86339e-01 1.15e-04
9.86786e-01 1.11e-04
9.87271e-01 1.08e-04
9.87494e-01 1.06e-04
9.87941e-01 1.03e-04
9.88425e-01 1.01e-04
9.88872e-01 9.87e-05
9.89355e-01 9.67e-05
9.89801e-01 9.49e-05
9.90284e-01 9.34e-05
9.90730e-01 9.20e-05
9.91213e-01 9.08e-05
9.91658e-01 8.98e-05
9.92140e-01 8.89e-05
9.92585e-01 8.81e-05
9.93067e-01 8.75e-05
9.93511e-01 8.69e-05
9.93992e-01 8.65e-05
9.94436e-01 8.62e-05
9.95582e-01 8.57e-05
9.96727e-01 8.56e-05
9.97649e-01 8.58e-05
9.98129e-01 8.60e-05
9.98571e-01 8.62e-05
9.99013e-01 8.65e-05
9.99492e-01 8.68e-05
9.99933e-01 8.72e-05
1.00041e+00 8.76e-05
1.00085e+00 8.81e-05
1.00129e+00 8.87e-05
1.00177e+00 8.93e-05
1.00221e+00 8.99e-05
1.00269e+00 9.06e-05
1.00313e+00 9.14e-05
1.00357e+00 9.23e-05
1.00405e+00 9.32e-05
1.00448e+00 9.43e-05
1.00492e+00 9.54e-05
1.00540e+00 9.67e-05
1.00584e+00 9.81e-05
1.00628e+00 9.96e-05
1.00675e+00 1.01e-04
1.00719e+00 1.03e-04
1.00763e+00 1.05e-04
1.00810e+00 1.07e-04
1.00854e+00 1.10e-04
1.00898e+00 1.13e-04
1.00945e+00 1.15e-04
1.00989e+00 1.19e-04
1.01033e+00 1.22e-04
1.01080e+00 1.26e-04
1.01124e+00 1.30e-04
1.01146e+00 1.32e-04
1.01189e+00 1.37e-04
1.01236e+00 1.42e-04
1.01258e+00 1.45e-04
1.01302e+00 1.51e-04
1.01345e+00 1.58e-04
1.01371e+00 1.61e-04
1.01393e+00 1.65e-04
1.01414e+00 1.69e-04
1.01436e+00 1.73e-04
1.01480e+00 1.82e-04
1.01527e+00 1.92e-04
1.01570e+00 2.02e-04
1.01614e+00 2.13e-04
1.01657e+00 2.25e-04
1.01704e+00 2.37e-04
1.01726e+00 2.43e-04
1.01769e+00 2.56e-04
1.01813e+00 2.69e-04
1.01834e+00 2.75e-04
1.01856e+00 2.82e-04
1.01903e+00 2.95e-04
1.01946e+00 3.08e-04
1.01968e+00 3.14e-04
1.02011e+00 3.25e-04
1.02033e+00 3.30e-04
1.02079e+00 3.39e-04
1.02123e+00 3.48e-04
1.02166e+00 3.56e-04
1.02209e+00 3.64e-04
1.02252e+00 3.73e-04
1.02299e+00 3.81e-04
1.02342e+00 3.88e-04
1.02385e+00 3.95e-04
1.02428e+00 4.00e-04
1.02450e+00 4.02e-04
1.02471e+00 4.04e-04
1.02497e+00 4.05e-04
1.02518e+00 4.05e-04
1.02540e+00 4.05e-04
1.02561e+00 4.04e-04
1.02583e+00 4.03e-04
1.02626e+00 3.99e-04
1.02669e+00 3.93e-04
1.02712e+00 3.88e-04
1.02737e+00 3.85e-04
1.02780e+00 3.78e-04
1.02823e+00 3.72e-04
1.02844e+00 3.68e-04
1.02865e+00 3.66e-04
1.02908e+00 3.59e-04
1.02951e+00 3.51e-04
1.02973e+00 3.47e-04
1.03019e+00 3.38e-04
1.03040e+00 3.33e-04
1.03062e+00 3.27e-04
1.03105e+00 3.16e-04
1.03147e+00 3.05e-04
1.03169e+00 2.99e-04
1.03212e+00 2.87e-04
1.03254e+00 2.75e-04
1.03297e+00 2.64e-04
1.03343e+00 2.54e-04
1.03386e+00 2.44e-04
1.03429e+00 2.34e-04
1.03471e+00 2.25e-04
1.03514e+00 2.17e-04
1.03557e+00 2.09e-04
1.03599e+00 2.02e-04
1.03642e+00 1.96e-04
1.03684e+00 1.91e-04
1.03730e+00 1.86e-04
1.03773e+00 1.82e-04
1.03815e+00 1.78e-04
1.03837e+00 1.77e-04
1.03879e+00 1.74e-04
1.03922e+00 1.71e-04
1.03964e+00 1.69e-04
1.04006e+00 1.67e-04
1.04049e+00 1.66e-04
1.04091e+00 1.64e-04
1.04134e+00 1.63e-04
1.04176e+00 1.62e-04
1.04218e+00 1.62e-04
1.04282e+00 1.61e-04
1.04349e+00 1.61e-04
1.04391e+00 1.62e-04
1.04433e+00 1.62e-04
1.04475e+00 1.63e-04
1.04518e+00 1.63e-04
1.04560e+00 1.64e-04
1.04602e+00 1.65e-04
1.04644e+00 1.66e-04
1.04686e+00 1.68e-04
1.04728e+00 1.69e-04
1.04770e+00 1.71e-04
1.04813e+00 1.73e-04
1.04855e+00 1.75e-04
1.04897e+00 1.77e-04
1.04939e+00 1.79e-04
1.04981e+00 1.82e-04
1.05023e+00 1.84e-04
1.05065e+00 1.87e-04
1.05107e+00 1.89e-04
1.05149e+00 1.92e-04
1.05190e+00 1.94e-04
1.05232e+00 1.97e-04
1.05274e+00 1.99e-04
1.05316e+00 2.02e-04
1.05358e+00 2.04e-04
1.05400e+00 2.05e-04
1.05442e+00 2.07e-04
1.05483e+00 2.09e-04
1.05522e+00 2.10e-04
1.05564e+00 2.12e-04
1.05605e+00 2.13e-04
1.05647e+00 2.14e-04
1.05689e+00 2.16e-04
1.05730e+00 2.17e-04
1.05772e+00 2.17e-04
1.05876e+00 2.19e-04
1.05980e+00 2.19e-04
1.06105e+00 2.18e-04
1.06143e+00 2.18e-04
1.06184e+00 2.18e-04
1.06226e+00 2.17e-04
1.06267e+00 2.16e-04
1.06309e+00 2.15e-04
1.06350e+00 2.14e-04
1.06392e+00 2.13e-04
1.06433e+00 2.11e-04
1.06475e+00 2.10e-04
1.06516e+00 2.09e-04
1.06554e+00 2.07e-04
1.06595e+00 2.06e-04
1.06636e+00 2.05e-04
1.06678e+00 2.04e-04
1.06719e+00 2.03e-04
1.06760e+00 2.02e-04
1.06802e+00 2.02e-04
1.06942e+00 2.01e-04
1.07128e+00 2.00e-04
1.07592e+00 2.01e-04
1.07892e+00 2.01e-04
1.08170e+00 2.01e-04
1.08333e+00 2.01e-04
1.08451e+00 2.00e-04
1.08651e+00 1.99e-04
1.08984e+00 1.96e-04
1.09631e+00 1.93e-04
1.09711e+00 1.92e-04
1.09728e+00 1.93e-04
1.10562e+00 1.88e-04
1.11953e+00 1.81e-04
1.13681e+00 1.73e-04
1.15512e+00 1.64e-04
1.17366e+00 1.56e-04
1.19277e+00 1.48e-04
1.21173e+00 1.41e-04
1.23122e+00 1.34e-04
1.24962e+00 1.27e-04
1.26917e+00 1.20e-04
1.28890e+00 1.14e-04
1.30852e+00 1.08e-04
1.32835e+00 1.03e-04
1.34836e+00 9.71e-05
1.36859e+00 9.19e-05
1.38904e+00 8.70e-05
1.40972e+00 8.22e-05
1.43065e+00 7.77e-05
1.45182e+00 7.34e-05
1.47327e+00 6.92e-05
1.49504e+00 6.53e-05
1.51688e+00 6.15e-05
1.53910e+00 5.79e-05
1.56172e+00 5.45e-05
1.58480e+00 5.12e-05
1.60838e+00 4.81e-05
1.63202e+00 4.51e-05
1.65653e+00 4.22e-05
1.68152e+00 3.95e-05
1.70731e+00 3.69e-05
1.73376e+00 3.44e-05
1.75937e+00 3.21e-05
1.78695e+00 2.99e-05
1.81504e+00 2.78e-05
1.84350e+00 2.58e-05
1.87122e+00 2.41e-05
1.89591e+00 2.27e-05
1.91999e+00 2.15e-05
1.94093e+00 2.06e-05
1.95909e+00 1.99e-05
1.97494e+00 1.94e-05
1.98861e+00 1.90e-05
2.00072e+00 1.87e-05
2.01154e+00 1.86e-05
2.02095e+00 1.86e-05
2.02952e+00 1.86e-05
2.03651e+00 1.87e-05
2.04274e+00 1.88e-05
2.04816e+00 1.90e-05
2.05274e+00 1.91e-05
2.05691e+00 1.93e-05
2.06020e+00 1.95e-05
2.06303e+00 1.97e-05
2.06541e+00 1.98e-05
2.06733e+00 2.00e-05
2.06877e+00 2.01e-05
2.06974e+00 2.02e-05
2.07022e+00 2.02e-05
2.07070e+00 2.02e-05
2.07120e+00 2.03e-05
2.07169e+00 2.03e-05
2.07217e+00 2.04e-05
2.07266e+00 2.04e-05
2.07315e+00 2.05e-05
2.07364e+00 2.05e-05
2.07413e+00 2.06e-05
2.07462e+00 2.06e-05
2.07511e+00 2.06e-05
2.07560e+00 2.07e-05
2.07609e+00 2.07e-05
2.07659e+00 2.08e-05
2.07708e+00 2.09e-05
2.07758e+00 2.09e-05
2.07807e+00 2.10e-05
2.07857e+00 2.10e-05
2.07907e+00 2.11e-05
2.07957e+00 2.11e-05
2.08007e+00 2.12e-05
2.08057e+00 2.13e-05
2.08107e+00 2.13e-05
2.08156e+00 2.14e-05
2.08206e+00 2.14e-05
2.08256e+00 2.15e-05
2.08307e+00 2.16e-05
2.08357e+00 2.16e-05
2.08408e+00 2.17e-05
2.08459e+00 2.18e-05
2.08509e+00 2.19e-05
2.08560e+00 2.19e-05
2.08611e+00 2.20e-05
2.08662e+00 2.21e-05
2.08712e+00 2.22e-05
2.08763e+00 2.22e-05
2.08814e+00 2.23e-05
2.08866e+00 2.24e-05
2.08917e+00 2.25e-05
2.08969e+00 2.26e-05
2.09020e+00 2.26e-05
2.09072e+00 2.27e-05
2.09123e+00 2.28e-05
2.09175e+00 2.29e-05
2.09227e+00 2.30e-05
2.09279e+00 2.31e-05
2.09331e+00 2.32e-05
2.09383e+00 2.33e-05
2.09434e+00 2.34e-05
2.09487e+00 2.35e-05
2.09539e+00 2.36e-05
2.09592e+00 2.37e-05
2.09643e+00 2.38e-05
2.09696e+00 2.39e-05
2.09749e+00 2.40e-05
2.09802e+00 2.42e-05
2.09855e+00 2.43e-05
2.09907e+00 2.44e-05
2.09960e+00 2.45e-05
2.10014e+00 2.47e-05
2.10066e+00 2.48e-05
2.10120e+00 2.49e-05
2.10173e+00 2.50e-05
2.10227e+00 2.52e-05
2.10280e+00 2.53e-05
2.10334e+00 2.55e-05
2.10388e+00 2.56e-05
2.10441e+00 2.57e-05
2.10495e+00 2.59e-05
2.10549e+00 2.60e-05
2.10603e+00 2.62e-05
2.10657e+00 2.64e-05
2.10712e+00 2.65e-05
2.10766e+00 2.67e-05
2.10820e+00 2.69e-05
2.10875e+00 2.70e-05
2.10929e+00 2.72e-05
2.10985e+00 2.74e-05
2.11040e+00 2.76e-05
2.11094e+00 2.78e-05
2.11150e+00 2.80e-05
2.11204e+00 2.82e-05
2.11260e+00 2.84e-05
2.11315e+00 2.86e-05
2.11371e+00 2.88e-05
2.11427e+00 2.90e-05
2.11482e+00 2.92e-05
2.11538e+00 2.94e-05
2.11593e+00 2.97e-05
2.11650e+00 2.99e-05
2.11705e+00 3.01e-05
2.11762e+00 3.04e-05
2.11818e+00 3.06e-05
2.11875e+00 3.09e-05
2.11931e+00 3.11e-05
2.11988e+00 3.14e-05
2.12044e+00 3.17e-05
2.12100e+00 3.20e-05
2.12158e+00 3.22e-05
2.12214e+00 3.25e-05
2.12272e+00 3.28e-05
2.12329e+00 3.31e-05
2.12387e+00 3.35e-05
2.12444e+00 3.38e-05
2.12501e+00 3.41e-05
2.12559e+00 3.44e-05
2.12617e+00 3.48e-05
2.12674e+00 3.51e-05
2.12733e+00 3.55e-05
2.12791e+00 3.59e-05
2.12849e+00 3.62e-05
2.12908e+00 3.66e-05
2.12966e+00 3.70e-05
2.13024e+00 3.74e-05
2.13084e+00 3.79e-05
2.13142e+00 3.83e-05
2.13201e+00 3.87e-05
2.13260e+00 3.92e-05
2.13320e+00 3.96e-05
2.13379e+00 4.01e-05
2.13438e+00 4.06e-05
2.13497e+00 4.11e-05
2.13557e+00 4.16e-05
2.13618e+00 4.22e-05
2.13677e+00 4.27e-05
2.13737e+00 4.32e-05
2.13797e+00 4.38e-05
2.13857e+00 4.44e-05
2.13918e+00 4.50e-05
2.13978e+00 4.56e-05
2.14040e+00 4.62e-05
2.14101e+00 4.68e-05
2.14161e+00 4.75e-05
2.14222e+00 4.82e-05
2.14284e+00 4.89e-05
2.14345e+00 4.96e-05
2.14406e+00 5.03e-05
2.14468e+00 5.11e-05
2.14530e+00 5.19e-05
2.14592e+00 5.27e-05
2.14654e+00 5.35e-05
2.14716e+00 5.44e-05
2.14778e+00 5.52e-05
2.14841e+00 5.61e-05
2.14903e+00 5.71e-05
2.14966e+00 5.80e-05
2.15028e+00 5.90e-05
2.15091e+00 6.01e-05
2.15155e+00 6.11e-05
2.15218e+00 6.22e-05
2.15282e+00 6.33e-05
2.15345e+00 6.45e-05
2.15409e+00 6.57e-05
2.15472e+00 6.69e-05
2.15537e+00 6.82e-05
2.15601e+00 6.95e-05
2.15666e+00 7.09e-05
2.15729e+00 7.23e-05
2.15794e+00 7.38e-05
2.15859e+00 7.53e-05
2.15923e+00 7.69e-05
2.15989e+00 7.85e-05
2.16054e+00 8.01e-05
2.16119e+00 8.19e-05
2.16185e+00 8.37e-05
2.16251e+00 8.56e-05
2.16317e+00 8.75e-05
2.16383e+00 8.95e-05
2.16449e+00 9.16e-05
2.16516e+00 9.38e-05
2.16583e+00 9.60e-05
2.16649e+00 9.83e-05
2.16715e+00 1.01e-04
2.16783e+00 1.03e-04
2.16849e+00 1.06e-04
2.16917e+00 1.09e-04
2.16984e+00 1.12e-04
2.17053e+00 1.14e-04
2.17120e+00 1.18e-04
2.17188e+00 1.21e-04
2.17257e+00 1.24e-04
2.17325e+00 1.28e-04
2.17393e+00 1.31e-04
2.17463e+00 1.35e-04
2.17531e+00 1.39e-04
2.17600e+00 1.43e-04
2.17669e+00 1.48e-04
2.17740e+00 1.52e-04
2.17809e+00 1.57e-04
2.17879e+00 1.62e-04
2.17949e+00 1.67e-04
2.18019e+00 1.73e-04
2.18089e+00 1.79e-04
2.18160e+00 1.85e-04
2.18231e+00 1.91e-04
2.18302e+00 1.98e-04
2.18373e+00 2.05e-04
2.18444e+00 2.13e-04
2.18516e+00 2.21e-04
2.18588e+00 2.29e-04
2.18660e+00 2.38e-04
2.18732e+00 2.47e-04
2.18805e+00 2.57e-04
2.18878e+00 2.67e-04
2.18951e+00 2.78e-04
2.19023e+00 2.90e-04
2.19096e+00 3.02e-04
2.19170e+00 3.16e-04
2.19244e+00 3.30e-04
2.19317e+00 3.45e-04
2.19392e+00 3.61e-04
2.19465e+00 3.78e-04
2.19540e+00 3.96e-04
2.19578e+00 4.06e-04
2.19615e+00 4.19e-04
2.19652e+00 4.33e-04
2.19690e+00 4.48e-04
2.19728e+00 4.63e-04
2.19766e+00 4.79e-04
2.19804e+00 4.96e-04
2.19841e+00 5.13e-04
2.19879e+00 5.32e-04
2.19917e+00 5.51e-04
2.19954e+00 5.71e-04
2.19992e+00 5.93e-04
2.20031e+00 6.15e-04
2.20069e+00 6.38e-04
2.20107e+00 6.63e-04
2.20145e+00 6.89e-04
2.20184e+00 7.16e-04
2.20221e+00 7.44e-04
2.20260e+00 7.74e-04
2.20299e+00 8.06e-04
2.20337e+00 8.39e-04
2.20376e+00 8.74e-04
2.20415e+00 9.11e-04
2.20453e+00 9.50e-04
2.20492e+00 9.92e-04
2.20530e+00 1.04e-03
2.20569e+00 1.08e-03
2.20609e+00 1.13e-03
2.20647e+00 1.18e-03
2.20687e+00 1.24e-03
2.20725e+00 1.29e-03
2.20765e+00 1.36e-03
2.20804e+00 1.42e-03
2.20843e+00 1.49e-03
2.20882e+00 1.57e-03
2.20922e+00 1.64e-03
2.20961e+00 1.73e-03
2.21001e+00 1.82e-03
2.21040e+00 1.91e-03
2.21081e+00 2.01e-03
2.21120e+00 2.12e-03
2.21160e+00 2.24e-03
2.21200e+00 2.37e-03
2.21240e+00 2.50e-03
2.21280e+00 2.64e-03
2.21320e+00 2.80e-03
2.21360e+00 2.97e-03
2.21401e+00 3.15e-03
2.21441e+00 3.34e-03
2.21481e+00 3.55e-03
2.21522e+00 3.78e-03
2.21562e+00 4.02e-03
2.21602e+00 4.29e-03
2.21643e+00 4.57e-03
2.21684e+00 4.89e-03
2.21725e+00 5.23e-03
2.21766e+00 5.60e-03
2.21806e+00 6.01e-03
2.21847e+00 6.45e-03
2.21889e+00 6.94e-03
2.21930e+00 7.48e-03
2.21971e+00 8.07e-03
2.22013e+00 8.71e-03
2.22054e+00 9.43e-03
2.22095e+00 1.02e-02
2.22136e+00 1.11e-02
2.22178e+00 1.17e-02
2.22220e+00 1.24e-02
2.22261e+00 1.31e-02
2.22303e+00 1.39e-02
2.22346e+00 1.47e-02
2.22387e+00 1.57e-02
2.22429e+00 1.67e-02
2.22471e+00 1.78e-02
2.22513e+00 1.90e-02
2.22555e+00 2.04e-02
2.22597e+00 2.19e-02
2.22641e+00 2.35e-02
2.22683e+00 2.53e-02
2.22725e+00 2.73e-02
2.22768e+00 2.96e-02
2.22811e+00 3.21e-02
2.22853e+00 3.49e-02
2.22896e+00 3.81e-02
2.22939e+00 4.18e-02
2.22982e+00 4.59e-02
2.23025e+00 5.06e-02
2.23068e+00 5.61e-02
2.23111e+00 6.24e-02
2.23155e+00 6.97e-02
2.23198e+00 7.83e-02
2.23242e+00 8.84e-02
2.23285e+00 1.00e-01
2.23329e+00 1.15e-01
2.23373e+00 1.32e-01
2.23417e+00 1.53e-01
2.23461e+00 1.79e-01
2.23504e+00 2.12e-01
2.23548e+00 2.54e-01
2.23593e+00 3.08e-01
2.23637e+00 3.81e-01
2.23681e+00 4.81e-01
2.23726e+00 6.21e-01
2.23771e+00 8.24e-01
2.23815e+00 1.13e+00
2.23859e+00 1.63e+00
2.23904e+00 2.51e+00
2.23950e+00 4.22e+00
2.23994e+00 8.06e+00
2.24039e+00 1.95e+01
2.24084e+00 8.37e+01
2.24129e+00 1.13e+03
2.24175e+00 3.29e+01
2.24220e+00 4.02e+00
2.24265e+00 1.38e+00
2.24311e+00 6.60e-01
2.24357e+00 3.69e-01
2.24402e+00 2.31e-01
2.24449e+00 1.55e-01
2.24495e+00 1.10e-01
2.24540e+00 8.15e-02
2.24587e+00 6.21e-02
2.24633e+00 4.85e-02
2.24679e+00 3.88e-02
2.24725e+00 3.15e-02
2.24772e+00 2.61e-02
2.24818e+00 2.18e-02
2.24866e+00 1.85e-02
2.24912e+00 1.58e-02
2.24960e+00 1.37e-02
2.25006e+00 1.19e-02
2.25053e+00 1.04e-02
2.25101e+00 9.15e-03
2.25148e+00 8.10e-03
2.25195e+00 7.21e-03
2.25243e+00 6.45e-03
2.25290e+00 5.80e-03
2.25338e+00 5.24e-03
2.25386e+00 4.75e-03
2.25434e+00 4.32e-03
2.25482e+00 3.95e-03
2.25529e+00 3.61e-03
2.25578e+00 3.32e-03
2.25627e+00 3.06e-03
2.25675e+00 2.83e-03
2.25723e+00 2.62e-03
2.25772e+00 2.43e-03
2.25820e+00 2.26e-03
2.25870e+00 2.11e-03
2.25919e+00 1.97e-03
2.25968e+00 1.85e-03
2.26017e+00 1.73e-03
2.26116e+00 1.53e-03
2.26166e+00 1.39e-03
2.26215e+00 1.28e-03
2.26265e+00 1.17e-03
2.26315e+00 1.08e-03
2.26365e+00 9.94e-04
2.26415e+00 9.19e-04
2.26465e+00 8.52e-04
2.26515e+00 7.92e-04
2.26566e+00 7.38e-04
2.26616e+00 6.89e-04
2.26667e+00 6.45e-04
2.26718e+00 6.06e-04
2.26769e+00 5.69e-04
2.26820e+00 5.37e-04
2.26871e+00 5.07e-04
2.26922e+00 4.80e-04
2.26974e+00 4.55e-04
2.27026e+00 4.32e-04
2.27077e+00 4.12e-04
2.27129e+00 3.93e-04
2.27181e+00 3.75e-04
2.27233e+00 3.60e-04
2.27285e+00 3.45e-04
2.27337e+00 3.31e-04
2.27390e+00 3.19e-04
2.27442e+00 3.08e-04
2.27496e+00 2.97e-04
2.27548e+00 2.88e-04
2.27602e+00 2.79e-04
2.27654e+00 2.71e-04
2.27707e+00 2.63e-04
2.27761e+00 2.56e-04
2.27814e+00 2.49e-04
2.27868e+00 2.43e-04
2.27921e+00 2.38e-04
2.27976e+00 2.33e-04
2.28030e+00 2.28e-04
2.28084e+00 2.24e-04
2.28138e+00 2.20e-04
2.28193e+00 2.16e-04
2.28247e+00 2.12e-04
2.28303e+00 2.09e-04
2.28358e+00 2.06e-04
2.28413e+00 2.03e-04
2.28468e+00 2.01e-04
2.28523e+00 1.99e-04
2.28634e+00 1.96e-04
2.28746e+00 1.94e-04
2.28858e+00 1.92e-04
2.28971e+00 1.90e-04
2.29085e+00 1.88e-04
2.29199e+00 1.87e-04
2.29314e+00 1.86e-04
2.29429e+00 1.85e-04
2.29721e+00 1.85e-04
2.29958e+00 1.85e-04
2.30077e+00 1.85e-04
2.30197e+00 1.85e-04
2.30318e+00 1.86e-04
2.30438e+00 1.86e-04
2.30558e+00 1.87e-04
2.30688e+00 1.88e-04
2.30807e+00 1.89e-04
2.30936e+00 1.90e-04
2.31055e+00 1.91e-04
2.31184e+00 1.93e-04
2.31313e+00 1.94e-04
2.31441e+00 1.96e-04
2.31570e+00 1.97e-04
2.31698e+00 1.99e-04
2.31826e+00 2.01e-04
2.31954e+00 2.03e-04
2.32092e+00 2.05e-04
2.32219e+00 2.07e-04
2.32356e+00 2.09e-04
2.32493e+00 2.12e-04
2.32630e+00 2.14e-04
2.32767e+00 2.17e-04
2.32903e+00 2.19e-04
2.33039e+00 2.22e-04
2.33185e+00 2.25e-04
2.33321e+00 2.28e-04
2.33466e+00 2.31e-04
2.33612e+00 2.35e-04
2.33747e+00 2.38e-04
2.33901e+00 2.42e-04
2.34046e+00 2.46e-04
2.34190e+00 2.49e-04
2.34344e+00 2.54e-04
2.34488e+00 2.58e-04
2.34641e+00 2.62e-04
2.34794e+00 2.67e-04
2.34947e+00 2.72e-04
2.35099e+00 2.77e-04
2.35261e+00 2.82e-04
2.35413e+00 2.87e-04
2.35575e+00 2.93e-04
2.35736e+00 2.99e-04
2.35897e+00 3.05e-04
2.36057e+00 3.12e-04
2.36227e+00 3.19e-04
2.36396e+00 3.26e-04
2.36556e+00 3.34e-04
2.36734e+00 3.42e-04
2.36903e+00 3.50e-04
2.37071e+00 3.59e-04
2.37248e+00 3.68e-04
2.37425e+00 3.77e-04
2.37602e+00 3.88e-04
2.37788e+00 3.98e-04
2.37964e+00 4.10e-04
2.38149e+00 4.22e-04
2.38334e+00 4.35e-04
2.38527e+00 4.48e-04
2.38711e+00 4.63e-04
2.38904e+00 4.78e-04
2.39096e+00 4.94e-04
2.39297e+00 5.11e-04
2.39498e+00 5.30e-04
2.39699e+00 5.50e-04
2.39899e+00 5.71e-04
2.40107e+00 5.94e-04
2.40216e+00 9.49e-03
2.40315e+00 1.36e-02
2.40424e+00 2.06e-02
2.40532e+00 3.36e-02
2.40640e+00 5.78e-02
2.40740e+00 1.12e-01
2.40848e+00 2.68e-01
2.40964e+00 9.40e-01
2.41072e+00 8.54e+00
2.41180e+00 1.01e+01
2.41296e+00 1.03e+00
2.41404e+00 2.76e-01
2.41520e+00 1.12e-01
2.41627e+00 5.59e-02
2.41743e+00 3.16e-02
2.41859e+00 1.89e-02
2.41975e+00 1.24e-02
2.42090e+00 8.61e-03
2.42214e+00 6.07e-03
2.42330e+00 4.39e-03
2.42454e+00 3.36e-03
2.42569e+00 2.72e-03
2.42692e+00 2.31e-03
2.42816e+00 2.04e-03
2.42939e+00 1.87e-03
2.43063e+00 1.79e-03
2.43186e+00 1.74e-03
2.43317e+00 1.72e-03
2.43440e+00 1.71e-03
2.43572e+00 1.72e-03
2.43694e+00 1.75e-03
2.43825e+00 1.78e-03
2.43956e+00 1.82e-03
2.44095e+00 1.88e-03
2.44226e+00 1.94e-03
2.44365e+00 2.01e-03
2.44495e+00 2.09e-03
2.44634e+00 2.18e-03
2.44772e+00 2.28e-03
2.44911e+00 2.39e-03
2.45057e+00 2.52e-03
2.45195e+00 2.66e-03
2.45342e+00 2.81e-03
2.45488e+00 2.97e-03
2.45634e+00 3.16e-03
2.45779e+00 3.37e-03
2.45933e+00 3.59e-03
2.46087e+00 3.85e-03
2.46241e+00 4.13e-03
2.46394e+00 2.24e+00
2.46547e+00 1.74e+00
2.46708e+00 3.12e-01
2.46861e+00 8.96e-02
2.47022e+00 3.49e-02
2.47191e+00 1.94e-02
2.47351e+00 1.21e-02
2.47519e+00 1.08e-02
2.47687e+00 1.07e-02
2.47855e+00 1.12e-02
2.48031e+00 1.22e-02
2.48207e+00 1.36e-02
2.48382e+00 1.53e-02
2.48566e+00 1.74e-02
2.48740e+00 2.01e-02
2.48923e+00 7.74e-01
2.49114e+00 2.06e-01
2.49304e+00 6.86e-02
2.49494e+00 4.90e-02
2.49684e+00 5.25e-02
2.49881e+00 6.21e-02
2.50078e+00 3.32e-01
2.50283e+00 2.33e-01
2.50487e+00 1.43e-01
2.50699e+00 1.46e-01
2.50911e+00 2.24e-01
2.51122e+00 2.02e-01
2.51341e+00 2.06e-01
2.51568e+00 2.07e-01
2.51786e+00 2.06e-01
2.52019e+00 2.04e-01
2.52493e+00 2.01e-01
2.52980e+00 1.99e-01
2.53481e+00 1.96e-01
2.54010e+00 1.93e-01
2.54561e+00 1.90e-01
2.55132e+00 1.87e-01
2.55730e+00 1.84e-01
2.56364e+00 1.81e-01
2.57024e+00 1.78e-01
2.57726e+00 1.75e-01
2.58475e+00 1.71e-01
2.59264e+00 1.68e-01
2.60113e+00 1.64e-01
2.61029e+00 1.60e-01
2.62024e+00 1.56e-01
2.63110e+00 1.51e-01
2.64319e+00 1.46e-01
2.65669e+00 1.41e-01
2.66410e+00 1.38e-01
2.67215e+00 1.35e-01
2.68082e+00 1.32e-01
2.69029e+00 1.29e-01
2.70069e+00 1.25e-01
2.71231e+00 1.21e-01
2.72543e+00 1.17e-01
2.74065e+00 1.12e-01
2.75874e+00 1.07e-01
2.78130e+00 1.01e-01
2.81151e+00 9.26e-02
2.85859e+00 8.13e-02
2.99573e+00 5.56e-02
