# OPACITY Project tables
-2.61515e+00 7.48e+01
-2.27341e+00 2.59e+01
-2.07433e+00 1.40e+01
-1.93351e+00 9.03e+00
-1.82455e+00 6.44e+00
-1.73574e+00 4.89e+00
-1.66078e+00 3.87e+00
-1.59603e+00 3.17e+00
-1.53898e+00 2.65e+00
-1.48802e+00 2.26e+00
-1.44198e+00 1.96e+00
-1.40003e+00 1.72e+00
-1.36148e+00 1.53e+00
-1.32584e+00 1.37e+00
-1.29269e+00 1.23e+00
-1.26174e+00 1.12e+00
-1.23268e+00 1.02e+00
-1.20531e+00 9.41e-01
-1.17944e+00 8.69e-01
-1.15493e+00 8.05e-01
-1.13165e+00 7.49e-01
-1.10945e+00 6.99e-01
-1.08827e+00 6.55e-01
-1.06799e+00 6.15e-01
-1.04857e+00 5.79e-01
-1.02994e+00 5.46e-01
-1.01200e+00 5.17e-01
-9.94739e-01 4.90e-01
-9.62021e-01 4.43e-01
-9.46492e-01 4.22e-01
-9.31455e-01 4.03e-01
-9.16916e-01 3.85e-01
-9.02807e-01 3.68e-01
-8.89113e-01 3.53e-01
-8.75797e-01 3.40e-01
-8.62868e-01 3.26e-01
-8.50292e-01 3.13e-01
-8.26130e-01 2.91e-01
-8.14502e-01 2.80e-01
-8.03185e-01 2.71e-01
-7.92106e-01 2.62e-01
-7.81301e-01 2.53e-01
-7.70741e-01 2.45e-01
-7.60420e-01 2.38e-01
-7.50331e-01 2.30e-01
-7.40469e-01 2.24e-01
-7.21320e-01 2.11e-01
-7.12045e-01 2.05e-01
-7.02955e-01 2.00e-01
-6.94048e-01 1.95e-01
-6.85298e-01 1.89e-01
-6.76723e-01 1.84e-01
-6.60041e-01 1.75e-01
-6.43938e-01 1.67e-01
-6.36087e-01 1.63e-01
-6.28390e-01 1.59e-01
-6.20808e-01 1.56e-01
-6.13357e-01 1.53e-01
-5.98801e-01 1.46e-01
-5.84687e-01 1.40e-01
-5.77803e-01 1.37e-01
-5.64314e-01 1.33e-01
-5.57725e-01 1.30e-01
-5.51231e-01 1.27e-01
-5.38505e-01 1.23e-01
-5.26142e-01 1.18e-01
-5.20085e-01 1.16e-01
-5.14098e-01 1.14e-01
-5.08196e-01 1.12e-01
-4.96610e-01 1.09e-01
-4.90925e-01 1.07e-01
-4.85320e-01 1.05e-01
-4.79779e-01 1.04e-01
-4.74301e-01 1.02e-01
-4.63545e-01 9.88e-02
-4.58265e-01 9.73e-02
-4.53044e-01 9.59e-02
-4.47882e-01 9.45e-02
-4.42778e-01 9.32e-02
-4.37730e-01 9.17e-02
-4.32739e-01 9.04e-02
-4.27803e-01 8.93e-02
-4.22922e-01 8.80e-02
-4.18095e-01 8.70e-02
-4.13321e-01 8.55e-02
-4.03901e-01 8.33e-02
-3.99284e-01 8.22e-02
-3.94688e-01 8.11e-02
-3.85662e-01 7.91e-02
-3.81216e-01 7.80e-02
-3.76819e-01 7.72e-02
-3.68126e-01 7.53e-02
-3.63858e-01 7.44e-02
-3.55419e-01 7.26e-02
-3.47135e-01 7.10e-02
-3.43054e-01 7.03e-02
-3.34997e-01 6.86e-02
-3.27088e-01 6.71e-02
-3.23185e-01 6.64e-02
-3.19310e-01 6.56e-02
-3.15464e-01 6.49e-02
-3.11661e-01 6.43e-02
-3.04150e-01 6.29e-02
-3.00430e-01 6.22e-02
-2.96750e-01 6.16e-02
-2.89484e-01 6.03e-02
-2.85884e-01 5.98e-02
-2.78788e-01 5.85e-02
-2.71796e-01 5.74e-02
-2.68350e-01 5.68e-02
-2.61521e-01 5.57e-02
-2.58149e-01 5.52e-02
-2.51466e-01 5.41e-02
-2.48167e-01 5.37e-02
-2.44891e-01 5.32e-02
-2.41639e-01 5.27e-02
-2.35203e-01 5.17e-02
-2.32020e-01 5.12e-02
-2.25722e-01 5.03e-02
-2.22606e-01 4.99e-02
-2.19513e-01 4.95e-02
-2.16441e-01 4.90e-02
-2.13391e-01 4.86e-02
-2.07344e-01 4.78e-02
-2.04359e-01 4.74e-02
-1.98439e-01 4.66e-02
-1.95504e-01 4.62e-02
-1.89697e-01 4.54e-02
-1.83971e-01 4.47e-02
-1.78314e-01 4.40e-02
-1.75509e-01 4.37e-02
-1.72724e-01 4.33e-02
-1.69958e-01 4.30e-02
-1.67200e-01 4.26e-02
-1.64474e-01 4.24e-02
-1.61755e-01 4.20e-02
-1.56373e-01 4.14e-02
-1.53699e-01 4.11e-02
-1.51044e-01 4.07e-02
-1.45789e-01 4.02e-02
-1.43189e-01 3.99e-02
-1.40596e-01 3.96e-02
-1.38021e-01 3.93e-02
-1.35453e-01 3.91e-02
-1.32914e-01 3.88e-02
-1.30382e-01 3.84e-02
-1.25359e-01 3.79e-02
-1.20395e-01 3.74e-02
-1.17928e-01 3.71e-02
-1.15489e-01 3.69e-02
-1.13057e-01 3.66e-02
-1.10630e-01 3.70e-02
-1.08220e-01 3.61e-02
-1.05827e-01 3.66e-02
-1.03440e-01 3.56e-02
-9.87160e-02 3.53e-02
-9.63788e-02 3.51e-02
-9.40360e-02 3.47e-02
-9.17206e-02 3.45e-02
-8.94106e-02 3.43e-02
-8.71168e-02 3.40e-02
-8.48283e-02 3.38e-02
-8.02994e-02 3.33e-02
-7.58125e-02 3.29e-02
-7.13671e-02 3.25e-02
-6.69735e-02 3.21e-02
-6.26097e-02 3.17e-02
-5.82967e-02 3.13e-02
-5.61577e-02 3.12e-02
-5.40233e-02 3.10e-02
-4.97997e-02 3.06e-02
-4.76998e-02 3.08e-02
-4.56042e-02 3.03e-02
-4.35236e-02 3.01e-02
-3.93959e-02 2.98e-02
-3.73385e-02 2.96e-02
-3.52956e-02 2.94e-02
-3.12430e-02 2.91e-02
-2.92229e-02 2.91e-02
-2.72170e-02 2.89e-02
-2.52255e-02 2.87e-02
-2.32379e-02 2.86e-02
-2.12543e-02 2.84e-02
-1.92848e-02 2.81e-02
-1.73293e-02 2.85e-02
-1.53675e-02 2.83e-02
-1.34298e-02 2.78e-02
-1.14958e-02 2.75e-02
-9.56560e-03 2.74e-02
-7.64918e-03 2.72e-02
-5.73642e-03 2.89e-02
-3.83735e-03 2.70e-02
-1.94188e-03 2.68e-02
-5.00013e-05 2.67e-02
1.79838e-03 2.65e-02
3.69317e-03 2.68e-02
5.58438e-03 2.63e-02
7.37275e-03 2.61e-02
9.25702e-03 2.59e-02
1.11377e-02 2.68e-02
1.29162e-02 2.57e-02
1.47901e-02 2.55e-02
1.65621e-02 2.54e-02
1.84291e-02 2.54e-02
2.01947e-02 2.52e-02
2.19572e-02 2.50e-02
2.38142e-02 2.49e-02
2.55703e-02 2.48e-02
2.73233e-02 2.48e-02
2.90732e-02 2.45e-02
3.08201e-02 2.44e-02
3.43048e-02 2.42e-02
3.77774e-02 2.40e-02
3.95091e-02 2.40e-02
4.12379e-02 2.38e-02
4.29637e-02 2.39e-02
4.46865e-02 2.35e-02
4.64064e-02 2.35e-02
4.80280e-02 2.38e-02
4.97421e-02 2.33e-02
5.14533e-02 2.35e-02
5.30667e-02 2.31e-02
5.47722e-02 2.29e-02
5.64748e-02 2.56e-02
5.80802e-02 2.27e-02
5.97772e-02 2.27e-02
6.13773e-02 2.32e-02
6.29748e-02 2.33e-02
6.46635e-02 2.23e-02
6.62558e-02 2.22e-02
6.78455e-02 2.22e-02
6.95261e-02 2.20e-02
7.11106e-02 2.25e-02
7.26927e-02 2.19e-02
7.42722e-02 2.17e-02
7.58493e-02 2.16e-02
7.74239e-02 2.21e-02
7.90884e-02 2.14e-02
8.06579e-02 2.13e-02
8.22249e-02 2.13e-02
8.37895e-02 2.13e-02
8.52598e-02 2.10e-02
8.83771e-02 2.09e-02
8.99321e-02 2.08e-02
9.14847e-02 2.08e-02
9.30349e-02 2.07e-02
9.60372e-02 2.04e-02
9.75803e-02 2.03e-02
9.90305e-02 2.04e-02
1.00569e-01 2.02e-02
1.02015e-01 2.01e-02
1.03549e-01 2.02e-02
1.05080e-01 1.99e-02
1.06520e-01 1.98e-02
1.07957e-01 1.99e-02
1.09482e-01 2.02e-02
1.10915e-01 1.95e-02
1.12435e-01 1.96e-02
1.13864e-01 1.94e-02
1.15291e-01 1.96e-02
1.16805e-01 1.94e-02
1.18227e-01 1.94e-02
1.19648e-01 1.91e-02
1.21067e-01 1.90e-02
1.22483e-01 1.91e-02
1.23898e-01 1.89e-02
1.25398e-01 1.95e-02
1.26809e-01 1.88e-02
1.28217e-01 1.88e-02
1.29624e-01 1.88e-02
1.31028e-01 1.86e-02
1.32431e-01 1.86e-02
1.33831e-01 1.84e-02
1.35143e-01 1.84e-02
1.37934e-01 1.81e-02
1.39327e-01 1.85e-02
1.40718e-01 1.81e-02
1.42107e-01 1.81e-02
1.43407e-01 1.79e-02
1.44793e-01 1.78e-02
1.46176e-01 1.78e-02
1.47471e-01 1.80e-02
1.48851e-01 1.76e-02
1.50229e-01 1.76e-02
1.51519e-01 1.77e-02
1.52893e-01 1.75e-02
1.54179e-01 1.76e-02
1.55550e-01 1.73e-02
1.56833e-01 1.73e-02
1.58200e-01 1.72e-02
1.59479e-01 1.71e-02
1.60757e-01 1.71e-02
1.62119e-01 1.70e-02
1.63394e-01 1.77e-02
1.64751e-01 1.71e-02
1.66023e-01 1.68e-02
1.67293e-01 1.69e-02
1.68561e-01 1.67e-02
1.71176e-01 1.66e-02
1.72440e-01 1.68e-02
1.73701e-01 1.67e-02
1.74961e-01 1.64e-02
1.76220e-01 1.66e-02
1.77477e-01 1.66e-02
1.78732e-01 1.63e-02
1.80069e-01 1.63e-02
1.81321e-01 1.63e-02
1.82572e-01 1.70e-02
1.83737e-01 1.61e-02
1.84985e-01 1.62e-02
1.86231e-01 1.61e-02
1.87475e-01 1.62e-02
1.88718e-01 1.59e-02
1.89959e-01 1.62e-02
1.91199e-01 1.58e-02
1.92437e-01 1.58e-02
1.93591e-01 1.60e-02
1.94826e-01 1.56e-02
1.96060e-01 1.57e-02
1.97292e-01 1.56e-02
1.98441e-01 1.55e-02
1.99670e-01 1.54e-02
2.00898e-01 1.53e-02
2.02042e-01 1.53e-02
2.03267e-01 1.53e-02
2.04409e-01 1.52e-02
2.05631e-01 1.55e-02
2.06770e-01 1.53e-02
2.09126e-01 1.50e-02
2.10342e-01 1.52e-02
2.11476e-01 1.53e-02
2.12689e-01 1.49e-02
2.13820e-01 1.48e-02
2.15031e-01 1.50e-02
2.16159e-01 1.48e-02
2.17286e-01 1.47e-02
2.18493e-01 1.48e-02
2.19617e-01 1.48e-02
2.20741e-01 1.46e-02
2.21943e-01 1.46e-02
2.23064e-01 1.45e-02
2.24183e-01 1.45e-02
2.25301e-01 1.46e-02
2.26418e-01 1.43e-02
2.28728e-01 1.42e-02
2.29841e-01 1.42e-02
2.30953e-01 1.44e-02
2.32064e-01 1.45e-02
2.33173e-01 1.44e-02
2.34281e-01 1.41e-02
2.35388e-01 1.41e-02
2.36494e-01 1.41e-02
2.37599e-01 1.43e-02
2.38702e-01 1.39e-02
2.39804e-01 1.39e-02
2.40905e-01 1.65e-02
2.42005e-01 1.39e-02
2.43103e-01 1.38e-02
2.44200e-01 1.37e-02
2.45296e-01 1.37e-02
2.46313e-01 1.37e-02
2.48499e-01 1.37e-02
2.49591e-01 1.36e-02
2.50681e-01 1.35e-02
2.51692e-01 1.36e-02
2.52780e-01 1.35e-02
2.53867e-01 1.34e-02
2.54875e-01 1.35e-02
2.55959e-01 1.34e-02
2.57042e-01 1.36e-02
2.58047e-01 1.33e-02
2.59128e-01 1.33e-02
2.60208e-01 1.32e-02
2.61210e-01 1.32e-02
2.62287e-01 1.34e-02
2.63287e-01 1.31e-02
2.64362e-01 1.31e-02
2.65360e-01 1.36e-02
2.66433e-01 1.30e-02
2.67428e-01 1.34e-02
2.68499e-01 1.31e-02
2.69493e-01 1.31e-02
2.70561e-01 1.29e-02
2.71553e-01 1.32e-02
2.72619e-01 1.29e-02
2.73609e-01 1.28e-02
2.74597e-01 1.28e-02
2.75660e-01 1.28e-02
2.76646e-01 1.27e-02
2.77632e-01 1.29e-02
2.78692e-01 1.28e-02
2.79675e-01 1.26e-02
2.80657e-01 1.26e-02
2.81639e-01 1.26e-02
2.82695e-01 1.26e-02
2.84652e-01 1.25e-02
2.85630e-01 1.25e-02
2.86606e-01 1.25e-02
2.87582e-01 1.27e-02
2.88632e-01 1.25e-02
2.89605e-01 1.25e-02
2.90578e-01 1.23e-02
2.91550e-01 1.23e-02
2.92520e-01 1.23e-02
2.93490e-01 1.22e-02
2.94459e-01 1.23e-02
2.95427e-01 1.23e-02
2.96394e-01 1.24e-02
2.97360e-01 1.23e-02
2.98325e-01 1.22e-02
2.99289e-01 1.25e-02
3.00253e-01 1.21e-02
3.01215e-01 1.22e-02
3.02177e-01 1.21e-02
3.03137e-01 1.20e-02
3.04097e-01 1.21e-02
3.04982e-01 1.20e-02
3.05939e-01 1.24e-02
3.06896e-01 1.20e-02
3.07852e-01 1.20e-02
3.08807e-01 1.19e-02
3.09762e-01 1.20e-02
3.10641e-01 1.19e-02
3.11594e-01 1.18e-02
3.12545e-01 1.18e-02
3.13496e-01 1.17e-02
3.14373e-01 1.19e-02
3.15322e-01 1.18e-02
3.16270e-01 1.17e-02
3.17144e-01 1.16e-02
3.18090e-01 1.17e-02
3.19035e-01 1.17e-02
3.19907e-01 1.16e-02
3.20851e-01 1.17e-02
3.21794e-01 1.16e-02
3.22663e-01 1.15e-02
3.23604e-01 1.15e-02
3.24472e-01 1.14e-02
3.25411e-01 1.14e-02
3.26278e-01 1.15e-02
3.27215e-01 1.15e-02
3.28080e-01 1.14e-02
3.29016e-01 1.14e-02
3.29879e-01 1.13e-02
3.30813e-01 1.14e-02
3.31675e-01 1.13e-02
3.32608e-01 1.14e-02
3.33468e-01 1.13e-02
3.34399e-01 1.13e-02
3.35257e-01 1.13e-02
3.36115e-01 1.12e-02
3.37044e-01 1.12e-02
3.37900e-01 1.19e-02
3.38827e-01 1.13e-02
3.39681e-01 1.11e-02
3.40535e-01 1.14e-02
3.41389e-01 1.12e-02
3.42312e-01 1.13e-02
3.43164e-01 1.10e-02
3.44015e-01 1.11e-02
3.44936e-01 1.11e-02
3.45786e-01 1.10e-02
3.46635e-01 1.10e-02
3.47483e-01 1.09e-02
3.48330e-01 1.09e-02
3.49247e-01 1.10e-02
3.50093e-01 1.09e-02
3.50939e-01 1.09e-02
3.51783e-01 1.09e-02
3.52627e-01 1.09e-02
3.53470e-01 1.08e-02
3.54382e-01 1.08e-02
3.55224e-01 1.08e-02
3.56065e-01 1.09e-02
3.56905e-01 1.07e-02
3.57744e-01 1.08e-02
3.58583e-01 1.07e-02
3.59421e-01 1.07e-02
3.60259e-01 1.06e-02
3.61095e-01 1.06e-02
3.61931e-01 1.07e-02
3.62766e-01 1.06e-02
3.63601e-01 1.06e-02
3.64435e-01 1.06e-02
3.65268e-01 1.07e-02
3.66100e-01 1.06e-02
3.66932e-01 1.06e-02
3.67763e-01 1.06e-02
3.68594e-01 1.06e-02
3.69354e-01 1.06e-02
3.70183e-01 1.06e-02
3.71839e-01 1.05e-02
3.72666e-01 1.04e-02
3.73493e-01 1.04e-02
3.74318e-01 1.04e-02
3.75075e-01 1.04e-02
3.75899e-01 1.04e-02
3.76723e-01 1.04e-02
3.77546e-01 1.03e-02
3.78299e-01 1.05e-02
3.79121e-01 1.04e-02
3.79942e-01 1.04e-02
3.80762e-01 1.04e-02
3.81514e-01 1.07e-02
3.82333e-01 1.03e-02
3.83969e-01 1.02e-02
3.84718e-01 1.02e-02
3.85534e-01 1.02e-02
3.86282e-01 1.02e-02
3.87097e-01 1.02e-02
3.87912e-01 1.01e-02
3.88658e-01 1.01e-02
3.89471e-01 1.01e-02
3.90284e-01 1.01e-02
3.91028e-01 1.01e-02
3.91839e-01 1.02e-02
3.92582e-01 1.01e-02
3.93393e-01 1.00e-02
3.94134e-01 1.00e-02
3.94943e-01 1.00e-02
3.95684e-01 1.00e-02
3.96492e-01 9.98e-03
3.98038e-01 9.96e-03
3.98776e-01 9.95e-03
3.99581e-01 1.00e-02
4.00319e-01 9.94e-03
4.01122e-01 9.95e-03
4.01859e-01 9.91e-03
4.02661e-01 9.89e-03
4.03396e-01 9.91e-03
4.04131e-01 9.97e-03
4.04932e-01 9.86e-03
4.05665e-01 9.86e-03
4.06465e-01 9.86e-03
4.07929e-01 9.83e-03
4.08726e-01 9.94e-03
4.09457e-01 9.86e-03
4.10187e-01 9.86e-03
4.10983e-01 9.84e-03
4.11712e-01 9.81e-03
4.12441e-01 9.77e-03
4.13169e-01 9.78e-03
4.14689e-01 9.76e-03
4.15415e-01 9.74e-03
4.16141e-01 9.75e-03
4.16932e-01 1.02e-02
4.17657e-01 9.73e-03
4.18381e-01 9.67e-03
4.19105e-01 9.92e-03
4.19828e-01 9.70e-03
4.20616e-01 9.66e-03
4.21338e-01 9.73e-03
4.22060e-01 9.65e-03
4.23501e-01 9.62e-03
4.24221e-01 9.63e-03
4.25006e-01 9.59e-03
4.26444e-01 9.58e-03
4.27879e-01 9.57e-03
4.28596e-01 9.54e-03
4.29312e-01 9.53e-03
4.30028e-01 9.61e-03
4.30743e-01 9.53e-03
4.31458e-01 9.51e-03
4.32172e-01 9.51e-03
4.32886e-01 9.49e-03
4.33599e-01 9.50e-03
4.34312e-01 9.47e-03
4.35024e-01 9.49e-03
4.36447e-01 9.46e-03
4.37158e-01 9.45e-03
4.37868e-01 9.52e-03
4.38577e-01 9.50e-03
4.39287e-01 9.42e-03
4.39995e-01 9.44e-03
4.40704e-01 9.39e-03
4.41411e-01 9.40e-03
4.42118e-01 9.42e-03
4.42761e-01 9.37e-03
4.43467e-01 9.37e-03
4.44173e-01 9.45e-03
4.44878e-01 9.36e-03
4.46287e-01 9.36e-03
4.46927e-01 9.35e-03
4.47630e-01 9.38e-03
4.48333e-01 9.34e-03
4.49737e-01 9.35e-03
4.50438e-01 9.32e-03
4.51076e-01 9.31e-03
4.51776e-01 9.35e-03
4.53175e-01 9.30e-03
4.53811e-01 9.28e-03
4.54509e-01 9.39e-03
4.55207e-01 9.27e-03
4.55841e-01 9.28e-03
4.56538e-01 9.28e-03
4.57235e-01 9.29e-03
4.57931e-01 9.26e-03
4.59259e-01 9.24e-03
4.59953e-01 9.24e-03
4.60584e-01 9.22e-03
4.61278e-01 9.25e-03
4.61971e-01 9.24e-03
4.62601e-01 9.22e-03
4.63294e-01 9.21e-03
4.63923e-01 9.20e-03
4.64614e-01 9.26e-03
4.65305e-01 9.20e-03
4.65933e-01 9.21e-03
4.66623e-01 9.18e-03
4.69253e-01 9.18e-03
4.69941e-01 9.15e-03
4.70566e-01 9.15e-03
4.71877e-01 9.14e-03
4.73871e-01 9.13e-03
4.74494e-01 9.12e-03
4.75799e-01 9.11e-03
4.76420e-01 9.10e-03
4.77103e-01 9.10e-03
4.77724e-01 9.11e-03
4.78406e-01 9.09e-03
4.79025e-01 9.09e-03
4.79706e-01 9.09e-03
4.80325e-01 9.11e-03
4.80944e-01 9.09e-03
4.81623e-01 9.11e-03
4.82241e-01 9.08e-03
4.82920e-01 9.07e-03
4.83537e-01 9.09e-03
4.84153e-01 9.07e-03
4.84831e-01 9.07e-03
4.85446e-01 9.07e-03
4.86738e-01 9.07e-03
4.87352e-01 9.06e-03
4.87966e-01 9.07e-03
4.88641e-01 9.05e-03
4.93049e-01 9.04e-03
4.93659e-01 9.05e-03
4.94269e-01 9.03e-03
4.96159e-01 9.03e-03
4.96767e-01 9.03e-03
4.98591e-01 9.03e-03
4.99866e-01 9.04e-03
5.00472e-01 9.02e-03
5.01078e-01 9.01e-03
5.02955e-01 9.02e-03
5.03559e-01 9.03e-03
5.04163e-01 9.01e-03
5.04767e-01 9.03e-03
5.05371e-01 9.01e-03
5.05974e-01 9.01e-03
5.07179e-01 9.01e-03
5.08383e-01 9.02e-03
5.09044e-01 9.02e-03
5.09645e-01 9.01e-03
5.12045e-01 9.01e-03
5.12644e-01 9.05e-03
5.13243e-01 9.01e-03
5.13841e-01 9.01e-03
5.14439e-01 9.01e-03
5.15037e-01 9.06e-03
5.15634e-01 9.02e-03
5.16231e-01 9.01e-03
5.18020e-01 9.02e-03
5.18615e-01 9.02e-03
5.24492e-01 9.04e-03
5.27978e-01 9.05e-03
5.30275e-01 9.06e-03
5.30864e-01 9.08e-03
5.31451e-01 9.07e-03
5.32039e-01 9.07e-03
5.32568e-01 9.08e-03
5.33154e-01 9.08e-03
5.36025e-01 9.09e-03
5.36610e-01 9.10e-03
5.39996e-01 9.12e-03
5.40579e-01 9.14e-03
5.41685e-01 9.14e-03
5.42789e-01 9.15e-03
5.43370e-01 9.17e-03
5.45633e-01 9.17e-03
5.46154e-01 9.21e-03
5.46733e-01 9.19e-03
5.47312e-01 9.20e-03
5.47832e-01 9.20e-03
5.48930e-01 9.21e-03
5.50085e-01 9.22e-03
5.51180e-01 9.23e-03
5.52275e-01 9.25e-03
5.52850e-01 9.25e-03
5.53368e-01 9.27e-03
5.53943e-01 9.27e-03
5.54460e-01 9.28e-03
5.55034e-01 9.28e-03
5.56124e-01 9.30e-03
5.57213e-01 9.31e-03
5.58301e-01 9.33e-03
5.59387e-01 9.34e-03
5.60473e-01 9.36e-03
5.61557e-01 9.37e-03
5.62640e-01 9.39e-03
5.63722e-01 9.41e-03
5.64745e-01 9.43e-03
5.65825e-01 9.44e-03
5.66393e-01 9.46e-03
5.66903e-01 9.46e-03
5.67981e-01 9.48e-03
5.69057e-01 9.50e-03
5.69566e-01 9.51e-03
5.70075e-01 9.54e-03
5.70641e-01 9.53e-03
5.71714e-01 9.55e-03
5.72729e-01 9.57e-03
5.73800e-01 9.60e-03
5.74870e-01 9.62e-03
5.75377e-01 9.63e-03
5.75883e-01 9.65e-03
5.76445e-01 9.65e-03
5.77456e-01 9.67e-03
5.77961e-01 9.69e-03
5.78522e-01 9.70e-03
5.79530e-01 9.72e-03
5.80594e-01 9.75e-03
5.81601e-01 9.77e-03
5.82662e-01 9.80e-03
5.83667e-01 9.82e-03
5.84726e-01 9.85e-03
5.85729e-01 9.88e-03
5.86786e-01 9.90e-03
5.87787e-01 9.93e-03
5.88786e-01 9.96e-03
5.89840e-01 9.99e-03
5.90838e-01 1.00e-02
5.91834e-01 1.00e-02
5.92885e-01 1.01e-02
5.93879e-01 1.01e-02
5.94873e-01 1.01e-02
5.95865e-01 1.02e-02
5.96857e-01 1.02e-02
5.97902e-01 1.02e-02
5.98891e-01 1.03e-02
5.99880e-01 1.03e-02
6.00867e-01 1.03e-02
6.01854e-01 1.04e-02
6.02839e-01 1.04e-02
6.03824e-01 1.04e-02
6.04808e-01 1.05e-02
6.05790e-01 1.05e-02
6.06772e-01 1.06e-02
6.07753e-01 1.06e-02
6.08732e-01 1.06e-02
6.09711e-01 1.07e-02
6.10689e-01 1.07e-02
6.11666e-01 1.08e-02
6.12642e-01 1.08e-02
6.13617e-01 1.08e-02
6.14591e-01 1.09e-02
6.15510e-01 1.09e-02
6.16482e-01 1.10e-02
6.17453e-01 1.10e-02
6.18424e-01 1.11e-02
6.19339e-01 1.11e-02
6.20308e-01 1.12e-02
6.21275e-01 1.12e-02
6.22242e-01 1.12e-02
6.23154e-01 1.13e-02
6.24119e-01 1.13e-02
6.25082e-01 1.14e-02
6.25992e-01 1.15e-02
6.26954e-01 1.15e-02
6.27862e-01 1.16e-02
6.28822e-01 1.16e-02
6.29728e-01 1.17e-02
6.30686e-01 1.17e-02
6.31591e-01 1.18e-02
6.32548e-01 1.18e-02
6.33450e-01 1.19e-02
6.34405e-01 1.19e-02
6.35306e-01 1.20e-02
6.36259e-01 1.21e-02
6.37159e-01 1.21e-02
6.38110e-01 1.22e-02
6.39008e-01 1.22e-02
6.39905e-01 1.23e-02
6.40853e-01 1.24e-02
6.41749e-01 1.24e-02
6.42643e-01 1.25e-02
6.43537e-01 1.26e-02
6.44482e-01 1.26e-02
6.45374e-01 1.27e-02
6.46265e-01 1.28e-02
6.47156e-01 1.28e-02
6.48098e-01 1.29e-02
6.48986e-01 1.30e-02
6.49874e-01 1.31e-02
6.50761e-01 1.31e-02
6.51648e-01 1.32e-02
6.52533e-01 1.33e-02
6.53418e-01 1.34e-02
6.54302e-01 1.34e-02
6.55186e-01 1.35e-02
6.56120e-01 1.36e-02
6.57002e-01 1.37e-02
6.57883e-01 1.38e-02
6.58763e-01 1.38e-02
6.59642e-01 1.39e-02
6.60469e-01 1.40e-02
6.61347e-01 1.41e-02
6.62224e-01 1.42e-02
6.63100e-01 1.43e-02
6.63976e-01 1.44e-02
6.64851e-01 1.44e-02
6.65725e-01 1.45e-02
6.66598e-01 1.46e-02
6.67470e-01 1.47e-02
6.68291e-01 1.48e-02
6.69162e-01 1.49e-02
6.70032e-01 1.50e-02
6.70902e-01 1.51e-02
6.71719e-01 1.52e-02
6.72587e-01 1.53e-02
6.73455e-01 1.54e-02
6.74321e-01 1.55e-02
6.75136e-01 1.56e-02
6.76001e-01 1.57e-02
6.76865e-01 1.58e-02
6.77678e-01 1.59e-02
6.78541e-01 1.60e-02
6.79403e-01 1.61e-02
6.80214e-01 1.62e-02
6.81075e-01 1.63e-02
6.81884e-01 1.64e-02
6.82743e-01 1.65e-02
6.83551e-01 1.66e-02
6.84409e-01 1.68e-02
6.85266e-01 1.69e-02
6.86072e-01 1.70e-02
6.86878e-01 1.71e-02
6.87733e-01 1.72e-02
6.88537e-01 1.73e-02
6.89390e-01 1.74e-02
6.90193e-01 1.76e-02
6.91045e-01 1.77e-02
6.91846e-01 1.78e-02
6.92647e-01 1.79e-02
6.93497e-01 1.80e-02
6.94297e-01 1.82e-02
6.95145e-01 1.83e-02
6.95943e-01 1.84e-02
6.96741e-01 1.85e-02
6.97538e-01 1.86e-02
6.98383e-01 1.88e-02
6.99179e-01 1.89e-02
6.99974e-01 1.90e-02
7.00818e-01 1.91e-02
7.01611e-01 1.93e-02
7.02404e-01 1.94e-02
7.03197e-01 1.95e-02
7.03988e-01 1.97e-02
7.04829e-01 1.98e-02
7.05619e-01 1.99e-02
7.06409e-01 2.01e-02
7.07198e-01 2.02e-02
7.07987e-01 2.03e-02
7.08774e-01 2.05e-02
7.09562e-01 2.06e-02
7.10348e-01 2.07e-02
7.11134e-01 2.09e-02
7.11920e-01 2.10e-02
7.12754e-01 2.12e-02
7.13538e-01 2.13e-02
7.14321e-01 2.14e-02
7.15104e-01 2.16e-02
7.15887e-01 2.17e-02
7.16668e-01 2.19e-02
7.17401e-01 2.20e-02
7.18181e-01 2.22e-02
7.18961e-01 2.23e-02
7.19740e-01 2.25e-02
7.20519e-01 2.26e-02
7.21297e-01 2.28e-02
7.22075e-01 2.29e-02
7.22852e-01 2.31e-02
7.23628e-01 2.32e-02
7.24404e-01 2.34e-02
7.25130e-01 2.35e-02
7.25905e-01 2.37e-02
7.26679e-01 2.38e-02
7.27452e-01 2.40e-02
7.28225e-01 2.42e-02
7.28949e-01 2.43e-02
7.29720e-01 2.45e-02
7.30491e-01 2.46e-02
7.31262e-01 2.48e-02
7.31983e-01 2.49e-02
7.32752e-01 2.51e-02
7.33521e-01 2.53e-02
7.34241e-01 2.54e-02
7.35009e-01 2.56e-02
7.35776e-01 2.58e-02
7.36494e-01 2.59e-02
7.37260e-01 2.61e-02
7.38025e-01 2.62e-02
7.38742e-01 2.64e-02
7.39506e-01 2.65e-02
7.40222e-01 2.67e-02
7.40985e-01 2.69e-02
7.41747e-01 2.70e-02
7.42461e-01 2.72e-02
7.43222e-01 2.73e-02
7.43935e-01 2.75e-02
7.44695e-01 2.76e-02
7.45408e-01 2.78e-02
7.46166e-01 2.79e-02
7.46878e-01 2.81e-02
7.47635e-01 2.82e-02
7.48345e-01 2.84e-02
7.49102e-01 2.85e-02
7.49811e-01 2.86e-02
7.50567e-01 2.88e-02
7.51275e-01 2.89e-02
7.51982e-01 2.90e-02
7.52736e-01 2.92e-02
7.53442e-01 2.93e-02
7.54148e-01 2.94e-02
7.54901e-01 2.96e-02
7.55605e-01 2.97e-02
7.56357e-01 2.98e-02
7.57061e-01 3.00e-02
7.57764e-01 3.01e-02
7.58467e-01 3.02e-02
7.59216e-01 3.03e-02
7.59918e-01 3.05e-02
7.60619e-01 3.06e-02
7.61366e-01 3.07e-02
7.62067e-01 3.08e-02
7.62767e-01 3.09e-02
7.63466e-01 3.11e-02
7.64211e-01 3.12e-02
7.64910e-01 3.13e-02
7.65607e-01 3.14e-02
7.66305e-01 3.15e-02
7.67002e-01 3.16e-02
7.67698e-01 3.18e-02
7.68440e-01 3.19e-02
7.69136e-01 3.20e-02
7.69830e-01 3.21e-02
7.70525e-01 3.22e-02
7.71219e-01 3.23e-02
7.71912e-01 3.25e-02
7.72605e-01 3.26e-02
7.73298e-01 3.27e-02
7.73990e-01 3.28e-02
7.74681e-01 3.29e-02
7.75418e-01 3.30e-02
7.76109e-01 3.31e-02
7.76799e-01 3.32e-02
7.77488e-01 3.33e-02
7.78177e-01 3.35e-02
7.78866e-01 3.36e-02
7.79554e-01 3.37e-02
7.80242e-01 3.38e-02
7.80929e-01 3.39e-02
7.81570e-01 3.40e-02
7.82256e-01 3.41e-02
7.82942e-01 3.42e-02
7.83628e-01 3.43e-02
7.84312e-01 3.44e-02
7.84997e-01 3.45e-02
7.85681e-01 3.46e-02
7.86364e-01 3.46e-02
7.87047e-01 3.47e-02
7.87730e-01 3.48e-02
7.88366e-01 3.49e-02
7.89048e-01 3.50e-02
7.89729e-01 3.50e-02
7.90410e-01 3.51e-02
7.91090e-01 3.52e-02
7.91770e-01 3.52e-02
7.92404e-01 3.53e-02
7.93083e-01 3.54e-02
7.93761e-01 3.54e-02
7.94439e-01 3.55e-02
7.95117e-01 3.55e-02
7.95749e-01 3.56e-02
8.00071e-01 3.58e-02
8.04331e-01 3.59e-02
8.08260e-01 3.59e-02
8.12129e-01 3.58e-02
8.15984e-01 3.57e-02
8.18546e-01 3.56e-02
8.20440e-01 3.55e-02
8.21057e-01 3.55e-02
8.21716e-01 3.54e-02
8.22332e-01 3.54e-02
8.22947e-01 3.54e-02
8.23605e-01 3.53e-02
8.24219e-01 3.53e-02
8.24833e-01 3.52e-02
8.25490e-01 3.52e-02
8.26103e-01 3.51e-02
8.26716e-01 3.51e-02
8.27372e-01 3.50e-02
8.27984e-01 3.50e-02
8.28595e-01 3.49e-02
8.29250e-01 3.49e-02
8.29861e-01 3.48e-02
8.30471e-01 3.48e-02
8.31081e-01 3.47e-02
8.31735e-01 3.46e-02
8.32344e-01 3.46e-02
8.32953e-01 3.45e-02
8.33561e-01 3.44e-02
8.34213e-01 3.44e-02
8.34820e-01 3.43e-02
8.35428e-01 3.42e-02
8.36035e-01 3.42e-02
8.36641e-01 3.41e-02
8.37291e-01 3.40e-02
8.37897e-01 3.39e-02
8.38502e-01 3.38e-02
8.39107e-01 3.37e-02
8.39712e-01 3.37e-02
8.40316e-01 3.36e-02
8.40964e-01 3.35e-02
8.41567e-01 3.34e-02
8.42170e-01 3.33e-02
8.42773e-01 3.32e-02
8.43376e-01 3.31e-02
8.43978e-01 3.30e-02
8.44580e-01 3.29e-02
8.45181e-01 3.28e-02
8.45782e-01 3.27e-02
8.46383e-01 3.26e-02
8.46984e-01 3.25e-02
8.47584e-01 3.24e-02
8.48226e-01 3.23e-02
8.48825e-01 3.22e-02
8.49424e-01 3.21e-02
8.50023e-01 3.20e-02
8.50621e-01 3.18e-02
8.51219e-01 3.17e-02
8.51816e-01 3.16e-02
8.52413e-01 3.15e-02
8.53010e-01 3.14e-02
8.53606e-01 3.13e-02
8.54160e-01 3.12e-02
8.54756e-01 3.11e-02
8.55351e-01 3.09e-02
8.55946e-01 3.08e-02
8.56541e-01 3.07e-02
8.57135e-01 3.06e-02
8.57729e-01 3.05e-02
8.58323e-01 3.03e-02
8.58916e-01 3.02e-02
8.59509e-01 3.01e-02
8.60101e-01 3.00e-02
8.60693e-01 2.99e-02
8.61243e-01 2.98e-02
8.61835e-01 2.97e-02
8.62426e-01 2.96e-02
8.63017e-01 2.95e-02
8.63607e-01 2.94e-02
8.64197e-01 2.93e-02
8.64745e-01 2.92e-02
8.65334e-01 2.91e-02
8.65923e-01 2.90e-02
8.66512e-01 2.88e-02
8.67100e-01 2.87e-02
8.67689e-01 2.86e-02
8.68234e-01 2.85e-02
8.68822e-01 2.84e-02
8.69409e-01 2.83e-02
8.69995e-01 2.82e-02
8.70540e-01 2.81e-02
8.71126e-01 2.80e-02
8.71712e-01 2.78e-02
8.72297e-01 2.77e-02
8.72840e-01 2.75e-02
8.73425e-01 2.74e-02
8.74009e-01 2.73e-02
8.74552e-01 2.72e-02
8.75135e-01 2.71e-02
8.75427e-01 2.71e-02
8.76010e-01 2.69e-02
8.76551e-01 2.68e-02
8.77134e-01 2.66e-02
8.77716e-01 2.65e-02
8.78257e-01 2.63e-02
8.78838e-01 2.62e-02
8.79419e-01 2.61e-02
8.79959e-01 2.60e-02
8.80539e-01 2.58e-02
8.81119e-01 2.57e-02
8.81658e-01 2.57e-02
8.82237e-01 2.56e-02
8.82527e-01 2.55e-02
8.83065e-01 2.56e-02
8.83644e-01 2.57e-02
8.84181e-01 2.57e-02
8.84759e-01 2.58e-02
8.85337e-01 2.59e-02
8.85873e-01 2.59e-02
8.86450e-01 2.60e-02
8.86985e-01 2.60e-02
8.87562e-01 2.61e-02
8.88097e-01 2.62e-02
8.88673e-01 2.62e-02
8.89248e-01 2.63e-02
8.89782e-01 2.63e-02
8.90357e-01 2.64e-02
8.90891e-01 2.64e-02
8.91465e-01 2.65e-02
8.91711e-01 2.65e-02
8.91998e-01 2.64e-02
8.92572e-01 2.61e-02
8.93104e-01 2.58e-02
8.93677e-01 2.55e-02
8.94209e-01 2.52e-02
8.94781e-01 2.49e-02
8.95312e-01 2.47e-02
8.95843e-01 2.44e-02
8.96415e-01 2.42e-02
8.96945e-01 2.39e-02
8.97516e-01 2.37e-02
8.98045e-01 2.35e-02
8.98330e-01 2.33e-02
8.98860e-01 2.30e-02
8.99429e-01 2.27e-02
8.99958e-01 2.23e-02
9.00527e-01 2.20e-02
9.00771e-01 2.18e-02
9.01055e-01 2.16e-02
9.01583e-01 2.15e-02
9.02151e-01 2.13e-02
9.02679e-01 2.12e-02
9.03205e-01 2.10e-02
9.03773e-01 2.09e-02
9.04299e-01 2.07e-02
9.04866e-01 2.06e-02
9.05392e-01 2.04e-02
9.05917e-01 2.03e-02
9.06483e-01 2.01e-02
9.07008e-01 2.00e-02
9.07532e-01 1.99e-02
9.08097e-01 1.98e-02
9.08621e-01 1.97e-02
9.09145e-01 1.96e-02
9.09669e-01 1.95e-02
9.09951e-01 1.95e-02
9.10474e-01 1.94e-02
9.11037e-01 1.94e-02
9.11560e-01 1.94e-02
9.12082e-01 1.94e-02
9.12644e-01 1.93e-02
9.13166e-01 1.93e-02
9.13687e-01 1.93e-02
9.13968e-01 1.92e-02
9.14209e-01 1.92e-02
9.14770e-01 1.90e-02
9.15290e-01 1.88e-02
9.15811e-01 1.86e-02
9.16331e-01 1.85e-02
9.16851e-01 1.83e-02
9.17410e-01 1.81e-02
9.17650e-01 1.80e-02
9.18169e-01 1.79e-02
9.18448e-01 1.78e-02
9.18967e-01 1.77e-02
9.19486e-01 1.77e-02
9.20044e-01 1.76e-02
9.20562e-01 1.75e-02
9.21079e-01 1.74e-02
9.21597e-01 1.74e-02
9.22114e-01 1.73e-02
9.22392e-01 1.72e-02
9.22631e-01 1.72e-02
9.23187e-01 1.71e-02
9.23703e-01 1.69e-02
9.24219e-01 1.68e-02
9.24735e-01 1.67e-02
9.25250e-01 1.66e-02
9.25766e-01 1.64e-02
9.26281e-01 1.63e-02
9.26835e-01 1.62e-02
9.27349e-01 1.61e-02
9.27864e-01 1.60e-02
9.28377e-01 1.59e-02
9.28891e-01 1.58e-02
9.29404e-01 1.58e-02
9.29917e-01 1.57e-02
9.30430e-01 1.56e-02
9.30943e-01 1.56e-02
9.31455e-01 1.55e-02
9.31967e-01 1.54e-02
9.32479e-01 1.54e-02
9.32991e-01 1.53e-02
9.33541e-01 1.53e-02
9.34052e-01 1.52e-02
9.34563e-01 1.52e-02
9.35073e-01 1.51e-02
9.35583e-01 1.51e-02
9.36093e-01 1.50e-02
9.36603e-01 1.50e-02
9.37112e-01 1.49e-02
9.37622e-01 1.49e-02
9.38130e-01 1.48e-02
9.38639e-01 1.48e-02
9.39148e-01 1.48e-02
9.39656e-01 1.47e-02
9.40163e-01 1.47e-02
9.40671e-01 1.46e-02
9.41139e-01 1.46e-02
9.41647e-01 1.46e-02
9.42153e-01 1.45e-02
9.42660e-01 1.45e-02
9.43166e-01 1.44e-02
9.43672e-01 1.43e-02
9.44178e-01 1.43e-02
9.44684e-01 1.42e-02
9.45189e-01 1.42e-02
9.45694e-01 1.42e-02
9.46199e-01 1.41e-02
9.46704e-01 1.40e-02
9.47208e-01 1.40e-02
9.47712e-01 1.39e-02
9.48177e-01 1.39e-02
9.48680e-01 1.38e-02
9.49184e-01 1.38e-02
9.49687e-01 1.38e-02
9.50692e-01 1.38e-02
9.51194e-01 1.37e-02
9.51426e-01 1.37e-02
9.51928e-01 1.36e-02
9.52430e-01 1.35e-02
9.52931e-01 1.35e-02
9.53163e-01 1.34e-02
9.53664e-01 1.34e-02
9.54164e-01 1.33e-02
9.54665e-01 1.33e-02
9.55127e-01 1.32e-02
9.55627e-01 1.32e-02
9.56127e-01 1.31e-02
9.56626e-01 1.31e-02
9.57126e-01 1.31e-02
9.57586e-01 1.30e-02
9.58085e-01 1.30e-02
9.58584e-01 1.29e-02
9.59082e-01 1.29e-02
9.59580e-01 1.29e-02
9.60040e-01 1.28e-02
9.60537e-01 1.28e-02
9.61035e-01 1.28e-02
9.61532e-01 1.28e-02
9.61990e-01 1.27e-02
9.62487e-01 1.27e-02
9.62983e-01 1.27e-02
9.63480e-01 1.27e-02
9.63937e-01 1.26e-02
9.64433e-01 1.26e-02
9.64929e-01 1.26e-02
9.65386e-01 1.26e-02
9.65881e-01 1.25e-02
9.66375e-01 1.25e-02
9.66870e-01 1.25e-02
9.67326e-01 1.24e-02
9.67820e-01 1.24e-02
9.68314e-01 1.24e-02
9.68769e-01 1.23e-02
9.69263e-01 1.23e-02
9.69756e-01 1.23e-02
9.70211e-01 1.23e-02
9.70703e-01 1.23e-02
9.71195e-01 1.22e-02
9.71650e-01 1.22e-02
9.72142e-01 1.22e-02
9.72633e-01 1.22e-02
9.73087e-01 1.21e-02
9.73578e-01 1.21e-02
9.74069e-01 1.21e-02
9.74522e-01 1.21e-02
9.75012e-01 1.21e-02
9.75503e-01 1.21e-02
9.75955e-01 1.20e-02
9.76445e-01 1.20e-02
9.76897e-01 1.20e-02
9.77386e-01 1.20e-02
9.77875e-01 1.20e-02
9.78326e-01 1.19e-02
9.78815e-01 1.19e-02
9.79266e-01 1.19e-02
9.79754e-01 1.19e-02
9.80242e-01 1.19e-02
9.80692e-01 1.19e-02
9.81179e-01 1.18e-02
9.81629e-01 1.18e-02
9.82116e-01 1.18e-02
9.82565e-01 1.18e-02
9.83052e-01 1.18e-02
9.83501e-01 1.18e-02
9.83987e-01 1.17e-02
9.84473e-01 1.17e-02
9.84921e-01 1.17e-02
9.85406e-01 1.17e-02
9.85854e-01 1.17e-02
9.86339e-01 1.17e-02
9.86786e-01 1.17e-02
9.87271e-01 1.16e-02
9.87718e-01 1.16e-02
9.88202e-01 1.16e-02
9.88649e-01 1.16e-02
9.89132e-01 1.16e-02
9.89578e-01 1.16e-02
9.90062e-01 1.16e-02
9.90507e-01 1.16e-02
9.90990e-01 1.15e-02
9.91435e-01 1.15e-02
9.99492e-01 1.14e-02
1.00876e+00 1.12e-02
1.01614e+00 1.11e-02
1.01856e+00 1.10e-02
1.01881e+00 1.11e-02
1.01903e+00 1.13e-02
1.01924e+00 1.11e-02
1.01946e+00 1.10e-02
1.02033e+00 1.10e-02
1.02054e+00 1.10e-02
1.02079e+00 1.10e-02
1.02321e+00 1.10e-02
1.02342e+00 1.10e-02
1.02364e+00 1.10e-02
1.02930e+00 1.09e-02
1.02951e+00 1.10e-02
1.02973e+00 1.09e-02
1.02998e+00 1.09e-02
1.03019e+00 1.09e-02
1.03858e+00 1.09e-02
1.03879e+00 1.09e-02
1.03900e+00 1.09e-02
1.04261e+00 1.08e-02
1.04282e+00 1.08e-02
1.04454e+00 1.08e-02
1.04475e+00 1.09e-02
1.04497e+00 1.36e-02
1.04518e+00 1.08e-02
1.04539e+00 1.08e-02
1.05170e+00 1.08e-02
1.05190e+00 1.08e-02
1.05211e+00 1.08e-02
1.06740e+00 1.07e-02
1.06760e+00 1.07e-02
1.06781e+00 1.07e-02
1.06802e+00 1.07e-02
1.06860e+00 1.07e-02
1.06881e+00 1.07e-02
1.06901e+00 1.07e-02
1.06942e+00 1.07e-02
1.06963e+00 1.07e-02
1.07004e+00 1.07e-02
1.07025e+00 1.08e-02
1.07045e+00 1.14e-02
1.07066e+00 1.07e-02
1.07107e+00 1.07e-02
1.07128e+00 1.07e-02
1.07145e+00 1.08e-02
1.07165e+00 1.07e-02
1.07186e+00 1.07e-02
1.07470e+00 1.07e-02
1.07490e+00 1.07e-02
1.07510e+00 1.15e-02
1.07531e+00 1.10e-02
1.07551e+00 1.08e-02
1.07572e+00 1.07e-02
1.07630e+00 1.07e-02
1.07650e+00 1.07e-02
1.07671e+00 1.07e-02
1.08806e+00 1.06e-02
1.08826e+00 1.19e-02
1.08846e+00 1.06e-02
1.08866e+00 1.06e-02
1.09768e+00 1.05e-02
1.09788e+00 1.05e-02
1.09808e+00 1.05e-02
1.09828e+00 1.05e-02
1.09945e+00 1.05e-02
1.09961e+00 1.08e-02
1.09981e+00 1.05e-02
1.10001e+00 1.05e-02
1.10041e+00 1.05e-02
1.10061e+00 1.05e-02
1.10078e+00 1.05e-02
1.10098e+00 1.05e-02
1.10118e+00 1.06e-02
1.10157e+00 1.05e-02
1.10177e+00 1.05e-02
1.10350e+00 1.04e-02
1.10370e+00 1.06e-02
1.10390e+00 1.05e-02
1.10406e+00 1.04e-02
1.10426e+00 1.04e-02
1.10754e+00 1.04e-02
1.10774e+00 1.06e-02
1.10794e+00 1.04e-02
1.10810e+00 1.04e-02
1.10830e+00 1.04e-02
1.10850e+00 1.06e-02
1.10869e+00 1.05e-02
1.10889e+00 1.04e-02
1.10906e+00 1.04e-02
1.11041e+00 1.04e-02
1.11061e+00 1.04e-02
1.11080e+00 1.04e-02
1.11097e+00 1.04e-02
1.11252e+00 1.04e-02
1.11268e+00 1.04e-02
1.11288e+00 1.04e-02
1.11307e+00 1.04e-02
1.11347e+00 1.04e-02
1.11383e+00 1.04e-02
1.11422e+00 1.03e-02
1.11442e+00 1.08e-02
1.11458e+00 1.06e-02
1.11478e+00 1.04e-02
1.11498e+00 1.04e-02
1.11517e+00 1.04e-02
1.11534e+00 1.04e-02
1.11612e+00 1.03e-02
1.11629e+00 1.03e-02
1.11668e+00 1.04e-02
1.11688e+00 1.03e-02
1.11704e+00 1.03e-02
1.11724e+00 1.04e-02
1.11743e+00 1.07e-02
1.11763e+00 1.06e-02
1.11783e+00 1.11e-02
1.11799e+00 1.10e-02
1.11819e+00 1.04e-02
1.11838e+00 1.03e-02
1.11874e+00 1.03e-02
1.11913e+00 1.03e-02
1.11933e+00 1.03e-02
1.11953e+00 1.03e-02
1.11969e+00 1.03e-02
1.11988e+00 1.03e-02
1.12008e+00 1.03e-02
1.12158e+00 1.03e-02
1.12213e+00 1.02e-02
1.12233e+00 1.02e-02
1.12252e+00 1.05e-02
1.12272e+00 1.03e-02
1.12288e+00 1.03e-02
1.12347e+00 1.03e-02
1.12363e+00 1.03e-02
1.12383e+00 1.03e-02
1.12402e+00 1.07e-02
1.12422e+00 1.10e-02
1.12438e+00 1.03e-02
1.12457e+00 1.03e-02
1.12496e+00 1.02e-02
1.12532e+00 1.02e-02
1.12571e+00 1.02e-02
1.12720e+00 1.02e-02
1.12736e+00 1.07e-02
1.12756e+00 1.02e-02
1.12775e+00 1.02e-02
1.12811e+00 1.02e-02
1.12830e+00 1.03e-02
1.12849e+00 1.02e-02
1.12869e+00 1.02e-02
1.12885e+00 1.03e-02
1.12904e+00 1.02e-02
1.12924e+00 1.02e-02
1.12943e+00 1.02e-02
1.13072e+00 1.02e-02
1.13108e+00 1.02e-02
1.13127e+00 1.02e-02
1.13147e+00 1.07e-02
1.13166e+00 1.05e-02
1.13182e+00 1.02e-02
1.13201e+00 1.02e-02
1.13221e+00 1.01e-02
1.13237e+00 1.02e-02
1.13256e+00 1.02e-02
1.13276e+00 1.21e-02
1.13295e+00 1.01e-02
1.13311e+00 1.01e-02
1.13350e+00 1.01e-02
1.13369e+00 1.01e-02
1.13385e+00 1.01e-02
1.13514e+00 1.01e-02
1.13533e+00 1.01e-02
1.13552e+00 1.01e-02
1.13572e+00 1.01e-02
1.13588e+00 1.01e-02
1.13607e+00 1.01e-02
1.13626e+00 1.18e-02
1.13645e+00 1.01e-02
1.13661e+00 1.01e-02
1.13681e+00 1.01e-02
1.13700e+00 1.01e-02
1.13716e+00 1.01e-02
1.13754e+00 1.00e-02
1.13828e+00 1.00e-02
1.13844e+00 1.00e-02
1.13863e+00 1.00e-02
1.13883e+00 1.02e-02
1.13902e+00 1.00e-02
1.13918e+00 1.00e-02
1.14030e+00 1.00e-02
1.14046e+00 1.00e-02
1.14065e+00 1.00e-02
1.14084e+00 9.98e-03
1.14100e+00 1.01e-02
1.14119e+00 1.01e-02
1.14138e+00 1.00e-02
1.14158e+00 9.99e-03
1.14174e+00 9.99e-03
1.14193e+00 1.01e-02
1.14212e+00 9.99e-03
1.14228e+00 9.98e-03
1.14247e+00 9.97e-03
1.14266e+00 9.94e-03
1.14285e+00 1.00e-02
1.14301e+00 9.98e-03
1.14339e+00 9.97e-03
1.14355e+00 9.99e-03
1.14374e+00 9.99e-03
1.14394e+00 1.00e-02
1.14413e+00 9.99e-03
1.14448e+00 1.00e-02
1.14467e+00 1.02e-02
1.14483e+00 1.01e-02
1.14502e+00 1.00e-02
1.14521e+00 9.98e-03
1.14556e+00 9.96e-03
1.14575e+00 9.96e-03
1.14594e+00 9.96e-03
1.14648e+00 9.94e-03
1.14683e+00 9.93e-03
1.14702e+00 9.92e-03
1.14718e+00 1.02e-02
1.14737e+00 9.93e-03
1.14810e+00 9.91e-03
1.14845e+00 9.90e-03
1.14864e+00 9.91e-03
1.14937e+00 9.90e-03
1.14956e+00 9.88e-03
1.15045e+00 9.87e-03
1.15064e+00 9.89e-03
1.15133e+00 9.89e-03
1.15152e+00 1.00e-02
1.15187e+00 1.03e-02
1.15225e+00 1.06e-02
1.15244e+00 1.07e-02
1.15260e+00 9.85e-03
1.15351e+00 9.83e-03
1.15367e+00 9.87e-03
1.15405e+00 9.89e-03
1.15439e+00 9.91e-03
1.15458e+00 9.81e-03
1.15547e+00 9.80e-03
1.15565e+00 9.80e-03
1.15814e+00 9.78e-03
1.15833e+00 9.78e-03
1.15852e+00 9.89e-03
1.15886e+00 9.84e-03
1.15921e+00 9.80e-03
1.15939e+00 9.78e-03
1.15958e+00 9.74e-03
1.16027e+00 9.74e-03
1.16046e+00 9.75e-03
1.16080e+00 9.81e-03
1.16118e+00 9.87e-03
1.16134e+00 9.90e-03
1.16152e+00 9.84e-03
1.16187e+00 1.01e-02
1.16224e+00 1.04e-02
1.16240e+00 1.05e-02
1.16259e+00 9.74e-03
1.16346e+00 9.75e-03
1.16384e+00 9.74e-03
1.16418e+00 9.73e-03
1.16452e+00 9.72e-03
1.16630e+00 9.67e-03
1.16664e+00 9.69e-03
1.16699e+00 9.70e-03
1.16717e+00 9.70e-03
1.16736e+00 9.64e-03
1.16770e+00 9.62e-03
1.16805e+00 9.61e-03
1.16823e+00 9.61e-03
1.16857e+00 9.68e-03
1.16892e+00 9.75e-03
1.16929e+00 9.82e-03
1.16944e+00 9.56e-03
1.17103e+00 9.54e-03
1.17121e+00 9.54e-03
1.17140e+00 9.51e-03
1.17174e+00 9.50e-03
1.17208e+00 9.48e-03
1.17227e+00 9.50e-03
1.17261e+00 9.55e-03
1.17295e+00 9.60e-03
1.17313e+00 9.63e-03
1.17332e+00 1.02e-02
1.17366e+00 1.18e-02
1.17400e+00 1.34e-02
1.17418e+00 9.49e-03
1.17452e+00 9.48e-03
1.17486e+00 9.47e-03
1.17505e+00 9.47e-03
1.17523e+00 9.47e-03
1.17557e+00 9.49e-03
1.17591e+00 9.51e-03
1.17610e+00 9.52e-03
1.17625e+00 9.52e-03
1.17662e+00 9.50e-03
1.17696e+00 9.48e-03
1.17715e+00 9.54e-03
1.17749e+00 9.90e-03
1.17782e+00 1.02e-02
1.17801e+00 1.04e-02
1.17816e+00 9.49e-03
1.17853e+00 9.47e-03
1.17887e+00 9.45e-03
1.17902e+00 9.44e-03
1.17939e+00 9.49e-03
1.17973e+00 9.53e-03
1.17992e+00 9.56e-03
1.18007e+00 9.62e-03
1.18041e+00 9.68e-03
1.18078e+00 9.74e-03
1.18093e+00 9.77e-03
1.18111e+00 1.16e-02
1.18145e+00 1.10e-02
1.18179e+00 1.03e-02
1.18197e+00 9.87e-03
1.18231e+00 9.80e-03
1.18268e+00 9.74e-03
1.18283e+00 9.71e-03
1.18301e+00 9.75e-03
1.18335e+00 9.69e-03
1.18369e+00 9.62e-03
1.18387e+00 9.57e-03
1.18421e+00 9.51e-03
1.18455e+00 9.45e-03
1.18473e+00 9.42e-03
1.18507e+00 9.45e-03
1.18540e+00 9.46e-03
1.18577e+00 9.48e-03
1.18592e+00 9.24e-03
1.18626e+00 9.22e-03
1.18662e+00 9.21e-03
1.18678e+00 1.08e-02
1.18714e+00 1.03e-02
1.18748e+00 9.74e-03
1.18781e+00 9.20e-03
1.18815e+00 9.19e-03
1.18848e+00 9.17e-03
1.18867e+00 9.17e-03
1.18934e+00 9.16e-03
1.18952e+00 9.15e-03
1.18970e+00 9.18e-03
1.19004e+00 9.16e-03
1.19037e+00 9.15e-03
1.19089e+00 9.14e-03
1.19140e+00 9.14e-03
1.19156e+00 9.10e-03
1.19241e+00 9.09e-03
1.19259e+00 9.10e-03
1.19292e+00 9.31e-03
1.19326e+00 9.51e-03
1.19344e+00 9.61e-03
1.19362e+00 9.20e-03
1.19395e+00 9.12e-03
1.19429e+00 9.05e-03
1.19447e+00 9.59e-03
1.19480e+00 9.54e-03
1.19513e+00 9.48e-03
1.19532e+00 9.45e-03
1.19547e+00 9.53e-03
1.19580e+00 1.09e-02
1.19616e+00 1.23e-02
1.19631e+00 1.29e-02
1.19649e+00 9.04e-03
1.19683e+00 9.00e-03
1.19716e+00 8.96e-03
1.19749e+00 8.94e-03
1.19782e+00 8.92e-03
1.19819e+00 8.90e-03
1.19834e+00 9.04e-03
1.19867e+00 8.98e-03
1.19903e+00 8.91e-03
1.19918e+00 9.03e-03
1.19951e+00 8.99e-03
1.19987e+00 8.94e-03
1.20003e+00 8.92e-03
1.20021e+00 8.88e-03
1.20054e+00 8.86e-03
1.20087e+00 8.85e-03
1.20105e+00 8.84e-03
1.20120e+00 8.81e-03
1.20189e+00 8.80e-03
1.20204e+00 8.88e-03
1.20237e+00 8.95e-03
1.20270e+00 9.03e-03
1.20288e+00 9.06e-03
1.20306e+00 8.82e-03
1.20339e+00 8.79e-03
1.20372e+00 8.76e-03
1.20390e+00 8.75e-03
1.20405e+00 8.78e-03
1.20438e+00 8.79e-03
1.20471e+00 8.80e-03
1.20489e+00 8.74e-03
1.20522e+00 8.72e-03
1.20555e+00 8.70e-03
1.20591e+00 8.69e-03
1.20624e+00 8.68e-03
1.20657e+00 8.66e-03
1.20672e+00 8.66e-03
1.20690e+00 8.86e-03
1.20723e+00 8.79e-03
1.20756e+00 8.73e-03
1.20774e+00 1.27e-02
1.20806e+00 1.14e-02
1.20839e+00 9.98e-03
1.20857e+00 9.29e-03
1.20872e+00 8.68e-03
1.21039e+00 8.64e-03
1.21057e+00 8.65e-03
1.21138e+00 8.66e-03
1.21155e+00 8.68e-03
1.21221e+00 8.67e-03
1.21239e+00 8.85e-03
1.21271e+00 8.83e-03
1.21304e+00 8.82e-03
1.21322e+00 8.81e-03
1.21337e+00 8.65e-03
1.21370e+00 8.62e-03
1.21405e+00 8.59e-03
1.21420e+00 8.58e-03
1.21438e+00 8.59e-03
1.21503e+00 8.57e-03
1.21521e+00 8.62e-03
1.21554e+00 8.65e-03
1.21586e+00 8.69e-03
1.21601e+00 8.70e-03
1.21619e+00 8.60e-03
1.21702e+00 8.59e-03
1.21717e+00 8.60e-03
1.21749e+00 8.58e-03
1.21782e+00 8.56e-03
1.21817e+00 8.54e-03
1.21850e+00 8.53e-03
1.21882e+00 8.52e-03
1.21897e+00 8.51e-03
1.21932e+00 8.49e-03
1.21965e+00 8.47e-03
1.21980e+00 8.46e-03
1.21997e+00 8.84e-03
1.22030e+00 8.99e-03
1.22062e+00 9.14e-03
1.22080e+00 8.48e-03
1.22112e+00 8.46e-03
1.22145e+00 8.45e-03
1.22160e+00 8.44e-03
1.22177e+00 8.40e-03
1.22210e+00 8.39e-03
1.22242e+00 8.38e-03
1.22260e+00 8.37e-03
1.22275e+00 8.64e-03
1.22307e+00 8.54e-03
1.22339e+00 8.44e-03
1.22357e+00 8.59e-03
1.22389e+00 8.54e-03
1.22422e+00 8.49e-03
1.22439e+00 8.47e-03
1.22454e+00 8.42e-03
1.22486e+00 8.49e-03
1.22519e+00 8.56e-03
1.22536e+00 8.60e-03
1.22554e+00 8.36e-03
1.22586e+00 8.35e-03
1.22618e+00 8.33e-03
1.22633e+00 8.33e-03
1.22651e+00 8.41e-03
1.22683e+00 8.46e-03
1.22715e+00 8.51e-03
1.22733e+00 8.31e-03
1.22765e+00 8.30e-03
1.22797e+00 8.29e-03
1.22812e+00 8.28e-03
1.22829e+00 8.30e-03
1.22862e+00 8.29e-03
1.22894e+00 8.27e-03
1.22911e+00 8.26e-03
1.22926e+00 8.27e-03
1.22958e+00 8.25e-03
1.22990e+00 8.24e-03
1.23008e+00 8.24e-03
1.23040e+00 8.29e-03
1.23072e+00 8.34e-03
1.23090e+00 8.36e-03
1.23104e+00 8.23e-03
1.23186e+00 8.22e-03
1.23201e+00 8.20e-03
1.23233e+00 8.19e-03
1.23265e+00 8.18e-03
1.23282e+00 8.21e-03
1.23314e+00 8.20e-03
1.23346e+00 8.18e-03
1.23364e+00 8.17e-03
1.23378e+00 8.15e-03
1.23410e+00 8.14e-03
1.23442e+00 8.13e-03
1.23460e+00 8.13e-03
1.23474e+00 8.13e-03
1.23509e+00 8.12e-03
1.23541e+00 8.11e-03
1.23556e+00 8.13e-03
1.23588e+00 8.11e-03
1.23620e+00 8.10e-03
1.23637e+00 8.09e-03
1.23652e+00 8.12e-03
1.23684e+00 8.22e-03
1.23719e+00 8.33e-03
1.23733e+00 8.38e-03
1.23750e+00 8.09e-03
1.23782e+00 8.11e-03
1.23814e+00 8.12e-03
1.23829e+00 8.45e-03
1.23861e+00 8.48e-03
1.23892e+00 8.51e-03
1.23910e+00 8.52e-03
1.23924e+00 8.09e-03
1.23959e+00 8.08e-03
1.23991e+00 8.07e-03
1.24005e+00 8.06e-03
1.24037e+00 8.07e-03
1.24069e+00 8.08e-03
1.24101e+00 8.09e-03
1.24118e+00 8.21e-03
1.24182e+00 8.20e-03
1.24196e+00 8.16e-03
1.24231e+00 8.15e-03
1.24263e+00 8.13e-03
1.24277e+00 8.12e-03
1.24294e+00 8.11e-03
1.24326e+00 8.10e-03
1.24358e+00 8.08e-03
1.24372e+00 8.08e-03
1.24390e+00 8.11e-03
1.24421e+00 8.09e-03
1.24453e+00 8.08e-03
1.24467e+00 8.41e-03
1.24499e+00 8.28e-03
1.24534e+00 8.15e-03
1.24548e+00 8.09e-03
1.24565e+00 8.76e-03
1.24597e+00 8.49e-03
1.24628e+00 8.22e-03
1.24643e+00 8.08e-03
1.24723e+00 8.09e-03
1.24738e+00 8.00e-03
1.24769e+00 7.99e-03
1.24801e+00 7.98e-03
1.24818e+00 7.97e-03
1.24832e+00 8.00e-03
1.24913e+00 7.99e-03
1.24944e+00 8.05e-03
1.24976e+00 8.11e-03
1.25007e+00 8.16e-03
1.25025e+00 8.25e-03
1.25056e+00 8.14e-03
1.25088e+00 8.02e-03
1.25119e+00 7.99e-03
1.25151e+00 7.95e-03
1.25182e+00 7.92e-03
1.25196e+00 7.92e-03
1.25228e+00 7.90e-03
1.25262e+00 7.88e-03
1.25276e+00 7.86e-03
1.25293e+00 7.88e-03
1.25325e+00 7.86e-03
1.25356e+00 7.85e-03
1.25371e+00 8.02e-03
1.25402e+00 8.25e-03
1.25433e+00 8.49e-03
1.25450e+00 8.61e-03
1.25465e+00 7.84e-03
1.25496e+00 7.83e-03
1.25527e+00 7.82e-03
1.25545e+00 7.81e-03
1.25559e+00 7.80e-03
1.25590e+00 7.78e-03
1.25621e+00 7.77e-03
1.25638e+00 7.76e-03
1.25653e+00 7.87e-03
1.25684e+00 7.98e-03
1.25715e+00 8.08e-03
1.25732e+00 7.92e-03
1.25764e+00 7.86e-03
1.25795e+00 7.81e-03
1.25812e+00 7.78e-03
1.25826e+00 7.81e-03
1.25857e+00 8.05e-03
1.25889e+00 8.29e-03
1.25906e+00 8.42e-03
1.25920e+00 7.80e-03
1.25951e+00 7.83e-03
1.25982e+00 7.87e-03
1.25999e+00 7.75e-03
1.26076e+00 7.76e-03
1.26093e+00 7.71e-03
1.26169e+00 7.71e-03
1.26186e+00 7.80e-03
1.26218e+00 7.83e-03
1.26249e+00 7.87e-03
1.26263e+00 7.89e-03
1.26280e+00 7.79e-03
1.26311e+00 7.78e-03
1.26342e+00 7.77e-03
1.26356e+00 7.68e-03
1.26435e+00 7.68e-03
1.26449e+00 7.78e-03
1.26480e+00 7.72e-03
1.26514e+00 7.67e-03
1.26528e+00 7.64e-03
1.26545e+00 7.84e-03
1.26576e+00 7.76e-03
1.26607e+00 7.68e-03
1.26621e+00 7.69e-03
1.26652e+00 7.66e-03
1.26683e+00 7.63e-03
1.26700e+00 7.61e-03
1.26714e+00 7.59e-03
1.26745e+00 7.57e-03
1.26776e+00 7.56e-03
1.26793e+00 7.55e-03
1.26807e+00 7.56e-03
1.26838e+00 7.55e-03
1.26869e+00 7.53e-03
1.26886e+00 7.52e-03
1.26900e+00 7.53e-03
1.26931e+00 7.51e-03
1.26962e+00 7.50e-03
1.26979e+00 7.51e-03
1.27055e+00 7.50e-03
1.27072e+00 7.60e-03
1.27102e+00 7.68e-03
1.27133e+00 7.76e-03
1.27147e+00 7.80e-03
1.27164e+00 7.74e-03
1.27195e+00 7.93e-03
1.27226e+00 8.12e-03
1.27240e+00 7.53e-03
1.27271e+00 7.51e-03
1.27301e+00 7.49e-03
1.27318e+00 7.48e-03
1.27332e+00 7.61e-03
1.27363e+00 7.67e-03
1.27394e+00 7.73e-03
1.27411e+00 7.76e-03
1.27424e+00 7.45e-03
1.27517e+00 7.44e-03
1.27578e+00 7.45e-03
1.27595e+00 7.45e-03
1.27626e+00 7.42e-03
1.27656e+00 7.39e-03
1.27670e+00 7.37e-03
1.27687e+00 7.42e-03
1.27718e+00 7.40e-03
1.27748e+00 7.38e-03
1.27762e+00 7.38e-03
1.27779e+00 7.39e-03
1.27810e+00 7.40e-03
1.27840e+00 7.42e-03
1.27854e+00 7.42e-03
1.27871e+00 7.36e-03
1.27902e+00 7.43e-03
1.27932e+00 7.49e-03
1.27946e+00 7.34e-03
1.27977e+00 7.32e-03
1.28007e+00 7.31e-03
1.28024e+00 7.30e-03
1.28038e+00 8.77e-03
1.28068e+00 8.30e-03
1.28099e+00 7.82e-03
1.28116e+00 7.59e-03
1.28129e+00 7.59e-03
1.28160e+00 7.78e-03
1.28191e+00 7.98e-03
1.28207e+00 7.25e-03
1.28282e+00 7.23e-03
1.28299e+00 7.31e-03
1.28329e+00 7.27e-03
1.28360e+00 7.24e-03
1.28374e+00 7.22e-03
1.28390e+00 7.25e-03
1.28465e+00 7.24e-03
1.28495e+00 7.39e-03
1.28526e+00 7.54e-03
1.28542e+00 7.61e-03
1.28556e+00 7.34e-03
1.28587e+00 7.40e-03
1.28617e+00 7.45e-03
1.28631e+00 7.48e-03
1.28647e+00 7.94e-03
1.28678e+00 7.67e-03
1.28708e+00 7.39e-03
1.28722e+00 7.26e-03
1.28739e+00 7.18e-03
1.28769e+00 7.17e-03
1.28799e+00 7.15e-03
1.28813e+00 7.14e-03
1.28843e+00 7.16e-03
1.28874e+00 7.18e-03
1.28890e+00 7.19e-03
1.28904e+00 7.30e-03
1.28934e+00 7.27e-03
1.28965e+00 7.23e-03
1.28981e+00 7.22e-03
1.28995e+00 7.18e-03
1.29025e+00 7.19e-03
1.29055e+00 7.20e-03
1.29072e+00 7.20e-03
1.29086e+00 7.10e-03
1.29163e+00 7.09e-03
1.29176e+00 7.12e-03
1.29207e+00 7.13e-03
1.29237e+00 7.15e-03
1.29253e+00 7.19e-03
1.29283e+00 7.13e-03
1.29314e+00 7.08e-03
1.29327e+00 7.05e-03
1.29344e+00 7.58e-03
1.29374e+00 7.42e-03
1.29404e+00 7.25e-03
1.29418e+00 7.17e-03
1.29434e+00 1.01e-02
1.29464e+00 8.83e-03
1.29495e+00 7.60e-03
1.29508e+00 6.99e-03
1.29525e+00 7.06e-03
1.29555e+00 7.04e-03
1.29582e+00 7.01e-03
1.29599e+00 7.03e-03
1.29629e+00 7.01e-03
1.29659e+00 6.99e-03
1.29673e+00 6.99e-03
1.29689e+00 7.05e-03
1.29719e+00 7.02e-03
1.29749e+00 7.00e-03
1.29763e+00 6.98e-03
1.29779e+00 7.24e-03
1.29809e+00 7.13e-03
1.29839e+00 7.02e-03
1.29853e+00 7.08e-03
1.29883e+00 7.07e-03
1.29913e+00 7.05e-03
1.29929e+00 7.04e-03
1.29943e+00 6.97e-03
1.29973e+00 6.95e-03
1.30003e+00 6.94e-03
1.30019e+00 6.93e-03
1.30033e+00 7.14e-03
1.30063e+00 7.06e-03
1.30093e+00 6.99e-03
1.30109e+00 6.95e-03
1.30123e+00 7.15e-03
1.30153e+00 7.26e-03
1.30183e+00 7.36e-03
1.30199e+00 7.26e-03
1.30229e+00 7.16e-03
1.30259e+00 7.06e-03
1.30272e+00 7.01e-03
1.30286e+00 6.94e-03
1.30362e+00 6.96e-03
1.30375e+00 8.27e-03
1.30405e+00 7.91e-03
1.30435e+00 7.56e-03
1.30451e+00 7.38e-03
1.30465e+00 6.91e-03
1.30614e+00 6.90e-03
1.30630e+00 6.88e-03
1.30660e+00 6.89e-03
1.30690e+00 6.90e-03
1.30703e+00 6.90e-03
1.30720e+00 6.88e-03
1.30749e+00 6.86e-03
1.30779e+00 6.84e-03
1.30793e+00 6.84e-03
1.30868e+00 6.83e-03
1.30898e+00 8.19e-03
1.30925e+00 9.54e-03
1.30955e+00 1.09e-02
1.30971e+00 6.81e-03
1.31001e+00 6.80e-03
1.31030e+00 6.78e-03
1.31044e+00 6.78e-03
1.31060e+00 6.90e-03
1.31090e+00 6.86e-03
1.31119e+00 6.82e-03
1.31133e+00 6.80e-03
1.31149e+00 6.80e-03
1.31208e+00 6.79e-03
1.31222e+00 6.81e-03
1.31297e+00 6.80e-03
1.31311e+00 6.83e-03
1.31340e+00 6.85e-03
1.31370e+00 6.88e-03
1.31386e+00 6.89e-03
1.31399e+00 8.49e-03
1.31429e+00 8.40e-03
1.31458e+00 8.30e-03
1.31474e+00 8.26e-03
1.31488e+00 6.85e-03
1.31517e+00 6.82e-03
1.31547e+00 6.79e-03
1.31560e+00 6.85e-03
1.31590e+00 6.81e-03
1.31619e+00 6.78e-03
1.31635e+00 6.76e-03
1.31649e+00 6.73e-03
1.31724e+00 6.73e-03
1.31737e+00 6.72e-03
1.31767e+00 6.78e-03
1.31796e+00 6.85e-03
1.31812e+00 6.69e-03
1.31884e+00 6.68e-03
1.31901e+00 6.73e-03
1.31930e+00 6.82e-03
1.31959e+00 6.91e-03
1.31973e+00 6.95e-03
1.31989e+00 6.64e-03
1.32018e+00 6.63e-03
1.32048e+00 6.62e-03
1.32061e+00 6.62e-03
1.32077e+00 6.66e-03
1.32106e+00 6.77e-03
1.32133e+00 6.89e-03
1.32149e+00 6.65e-03
1.32178e+00 6.70e-03
1.32208e+00 6.74e-03
1.32221e+00 6.76e-03
1.32237e+00 6.82e-03
1.32266e+00 6.74e-03
1.32296e+00 6.65e-03
1.32309e+00 6.61e-03
1.32325e+00 6.86e-03
1.32354e+00 7.15e-03
1.32383e+00 7.43e-03
1.32397e+00 7.57e-03
1.32413e+00 7.09e-03
1.32442e+00 6.89e-03
1.32471e+00 6.69e-03
1.32484e+00 6.60e-03
1.32514e+00 6.76e-03
1.32543e+00 6.92e-03
1.32559e+00 7.00e-03
1.32572e+00 6.55e-03
1.32601e+00 6.56e-03
1.32631e+00 6.57e-03
1.32646e+00 6.58e-03
1.32660e+00 6.51e-03
1.32689e+00 6.50e-03
1.32718e+00 6.49e-03
1.32734e+00 6.49e-03
1.32747e+00 6.48e-03
1.32806e+00 6.47e-03
1.32819e+00 6.48e-03
1.32893e+00 6.50e-03
1.32906e+00 6.46e-03
1.32935e+00 6.50e-03
1.32964e+00 6.53e-03
1.32980e+00 6.55e-03
1.32994e+00 6.44e-03
1.33023e+00 6.43e-03
1.33052e+00 6.43e-03
1.33068e+00 6.42e-03
1.33081e+00 6.54e-03
1.33110e+00 6.50e-03
1.33139e+00 6.45e-03
1.33155e+00 6.46e-03
1.33184e+00 6.44e-03
1.33213e+00 6.42e-03
1.33226e+00 6.41e-03
1.33242e+00 6.42e-03
1.33271e+00 6.41e-03
1.33300e+00 6.40e-03
1.33313e+00 6.39e-03
1.33329e+00 6.41e-03
1.33400e+00 6.40e-03
1.33416e+00 6.43e-03
1.33445e+00 6.41e-03
1.33471e+00 6.40e-03
1.33500e+00 6.41e-03
1.33529e+00 6.42e-03
1.33558e+00 6.42e-03
1.33574e+00 6.36e-03
1.33603e+00 6.34e-03
1.33632e+00 6.33e-03
1.33645e+00 6.32e-03
1.33661e+00 6.40e-03
1.33689e+00 6.48e-03
1.33718e+00 6.56e-03
1.33731e+00 6.41e-03
1.33760e+00 6.40e-03
1.33789e+00 6.39e-03
1.33805e+00 6.39e-03
1.33818e+00 6.42e-03
1.33847e+00 6.68e-03
1.33876e+00 6.95e-03
1.33891e+00 7.08e-03
1.33905e+00 6.34e-03
1.33933e+00 6.37e-03
1.33962e+00 6.40e-03
1.33978e+00 6.41e-03
1.34007e+00 6.40e-03
1.34036e+00 6.38e-03
1.34049e+00 6.38e-03
1.34064e+00 1.13e-02
1.34093e+00 9.50e-03
1.34122e+00 7.74e-03
1.34135e+00 6.86e-03
1.34151e+00 6.28e-03
1.34221e+00 6.27e-03
1.34237e+00 6.26e-03
1.34307e+00 6.24e-03
1.34323e+00 6.26e-03
1.34352e+00 6.25e-03
1.34380e+00 6.24e-03
1.34393e+00 6.23e-03
1.34422e+00 6.26e-03
1.34451e+00 6.28e-03
1.34464e+00 6.29e-03
1.34480e+00 6.21e-03
1.34550e+00 6.23e-03
1.34565e+00 6.62e-03
1.34594e+00 7.05e-03
1.34623e+00 7.47e-03
1.34636e+00 7.69e-03
1.34651e+00 6.33e-03
1.34680e+00 6.30e-03
1.34709e+00 6.28e-03
1.34722e+00 6.19e-03
1.34750e+00 6.47e-03
1.34779e+00 6.75e-03
1.34794e+00 6.90e-03
1.34807e+00 6.67e-03
1.34836e+00 6.48e-03
1.34864e+00 6.28e-03
1.34880e+00 6.18e-03
1.34893e+00 6.16e-03
1.34966e+00 6.17e-03
1.34979e+00 6.16e-03
1.35007e+00 6.18e-03
1.35036e+00 6.20e-03
1.35051e+00 6.23e-03
1.35080e+00 6.18e-03
1.35108e+00 6.13e-03
1.35121e+00 6.11e-03
1.35137e+00 6.10e-03
1.35165e+00 6.09e-03
1.35194e+00 6.09e-03
1.35207e+00 6.08e-03
1.35279e+00 6.09e-03
1.35292e+00 6.10e-03
1.35320e+00 6.09e-03
1.35349e+00 6.09e-03
1.35364e+00 6.08e-03
1.35377e+00 6.05e-03
1.35406e+00 6.06e-03
1.35434e+00 6.07e-03
1.35449e+00 6.08e-03
1.35462e+00 6.69e-03
1.35491e+00 6.43e-03
1.35519e+00 6.17e-03
1.35535e+00 6.04e-03
1.35547e+00 6.04e-03
1.35576e+00 6.07e-03
1.35604e+00 6.09e-03
1.35620e+00 6.03e-03
1.35648e+00 6.02e-03
1.35676e+00 6.01e-03
1.35689e+00 6.01e-03
1.35705e+00 6.03e-03
1.35733e+00 6.02e-03
1.35761e+00 6.01e-03
1.35774e+00 6.01e-03
1.35789e+00 6.01e-03
1.35859e+00 6.01e-03
1.35874e+00 6.05e-03
1.35903e+00 6.03e-03
1.35931e+00 6.00e-03
1.35944e+00 5.98e-03
1.36016e+00 5.98e-03
1.36028e+00 6.00e-03
1.36057e+00 5.99e-03
1.36085e+00 5.98e-03
1.36100e+00 5.98e-03
1.36113e+00 6.01e-03
1.36141e+00 6.03e-03
1.36172e+00 6.04e-03
1.36185e+00 5.93e-03
1.36213e+00 5.96e-03
1.36241e+00 5.99e-03
1.36257e+00 6.01e-03
1.36269e+00 6.04e-03
1.36297e+00 6.04e-03
1.36326e+00 6.05e-03
1.36341e+00 6.05e-03
1.36354e+00 5.90e-03
1.36425e+00 5.90e-03
1.36453e+00 5.89e-03
1.36482e+00 5.88e-03
1.36494e+00 5.88e-03
1.36550e+00 5.87e-03
1.36579e+00 5.87e-03
1.36594e+00 5.86e-03
1.36622e+00 5.85e-03
1.36650e+00 5.84e-03
1.36663e+00 5.84e-03
1.36678e+00 5.86e-03
1.36734e+00 5.87e-03
1.36747e+00 5.84e-03
1.36775e+00 5.83e-03
1.36803e+00 5.82e-03
1.36818e+00 5.82e-03
1.36902e+00 5.81e-03
1.36915e+00 5.83e-03
1.36986e+00 5.85e-03
1.37001e+00 5.81e-03
1.37057e+00 5.81e-03
1.37070e+00 5.81e-03
1.37098e+00 5.83e-03
1.37126e+00 5.85e-03
1.37141e+00 5.86e-03
1.37154e+00 5.82e-03
1.37182e+00 5.84e-03
1.37209e+00 5.86e-03
1.37225e+00 5.87e-03
1.37237e+00 5.85e-03
1.37265e+00 5.81e-03
1.37293e+00 5.77e-03
1.37308e+00 5.78e-03
1.37336e+00 5.79e-03
1.37364e+00 5.81e-03
1.37377e+00 5.81e-03
1.37392e+00 5.89e-03
1.37420e+00 6.36e-03
1.37447e+00 6.83e-03
1.37463e+00 7.07e-03
1.37475e+00 5.74e-03
1.37503e+00 5.74e-03
1.37531e+00 5.75e-03
1.37546e+00 5.75e-03
1.37559e+00 5.72e-03
1.37698e+00 5.70e-03
1.37713e+00 5.76e-03
1.37740e+00 5.74e-03
1.37768e+00 5.72e-03
1.37783e+00 5.71e-03
1.37796e+00 5.69e-03
1.37851e+00 5.69e-03
1.37867e+00 6.01e-03
1.37894e+00 5.88e-03
1.37922e+00 5.74e-03
1.37935e+00 5.67e-03
1.37950e+00 5.74e-03
1.38018e+00 5.75e-03
1.38033e+00 5.67e-03
1.38060e+00 5.68e-03
1.38088e+00 5.69e-03
1.38103e+00 5.67e-03
1.38171e+00 5.66e-03
1.38186e+00 5.82e-03
1.38214e+00 5.76e-03
1.38241e+00 5.70e-03
1.38254e+00 5.67e-03
1.38269e+00 5.70e-03
1.38337e+00 5.70e-03
1.38352e+00 5.64e-03
1.38407e+00 5.64e-03
1.38422e+00 5.68e-03
1.38449e+00 6.00e-03
1.38477e+00 6.32e-03
1.38489e+00 6.48e-03
1.38504e+00 5.62e-03
1.38572e+00 5.61e-03
1.38587e+00 5.64e-03
1.38614e+00 5.62e-03
1.38642e+00 5.60e-03
1.38657e+00 5.59e-03
1.38724e+00 5.58e-03
1.38739e+00 5.62e-03
1.38767e+00 5.61e-03
1.38794e+00 5.60e-03
1.38809e+00 5.59e-03
1.38822e+00 5.63e-03
1.38849e+00 5.72e-03
1.38877e+00 5.81e-03
1.38892e+00 5.62e-03
1.38919e+00 5.60e-03
1.38946e+00 5.58e-03
1.38959e+00 5.58e-03
1.38974e+00 5.54e-03
1.39044e+00 5.54e-03
1.39056e+00 5.56e-03
1.39083e+00 5.55e-03
1.39111e+00 5.54e-03
1.39126e+00 5.54e-03
1.39138e+00 5.74e-03
1.39165e+00 5.65e-03
1.39195e+00 5.56e-03
1.39208e+00 5.52e-03
1.39235e+00 5.52e-03
1.39262e+00 5.51e-03
1.39277e+00 5.50e-03
1.39290e+00 5.51e-03
1.39317e+00 5.54e-03
1.39344e+00 5.57e-03
1.39359e+00 5.59e-03
1.39374e+00 5.49e-03
1.39429e+00 5.48e-03
1.39441e+00 5.58e-03
1.39468e+00 5.54e-03
1.39496e+00 5.50e-03
1.39511e+00 5.48e-03
1.39523e+00 5.71e-03
1.39553e+00 5.62e-03
1.39580e+00 5.53e-03
1.39592e+00 5.48e-03
1.39662e+00 5.48e-03
1.39674e+00 5.45e-03
1.39743e+00 5.45e-03
1.39758e+00 5.44e-03
1.39825e+00 5.43e-03
1.39840e+00 5.44e-03
1.39894e+00 5.43e-03
1.39909e+00 5.42e-03
1.39975e+00 5.42e-03
1.39990e+00 5.41e-03
1.40059e+00 5.40e-03
1.40071e+00 5.41e-03
1.40099e+00 5.40e-03
1.40128e+00 5.39e-03
1.40140e+00 5.39e-03
1.40209e+00 5.39e-03
1.40222e+00 5.52e-03
1.40251e+00 5.47e-03
1.40278e+00 5.41e-03
1.40291e+00 5.38e-03
1.40305e+00 5.37e-03
1.40359e+00 5.36e-03
1.40374e+00 5.49e-03
1.40401e+00 5.45e-03
1.40428e+00 5.40e-03
1.40440e+00 5.37e-03
1.40455e+00 5.35e-03
1.40482e+00 5.34e-03
1.40509e+00 5.33e-03
1.40590e+00 5.32e-03
1.40605e+00 5.32e-03
1.40632e+00 5.36e-03
1.40659e+00 5.40e-03
1.40673e+00 5.42e-03
1.40686e+00 5.30e-03
1.40864e+00 5.28e-03
1.40945e+00 5.27e-03
1.40986e+00 5.27e-03
1.40999e+00 5.26e-03
1.41055e+00 5.26e-03
1.41067e+00 5.24e-03
1.41135e+00 5.24e-03
1.41150e+00 5.24e-03
1.41177e+00 5.24e-03
1.41204e+00 5.23e-03
1.41245e+00 5.22e-03
1.41284e+00 5.22e-03
1.41298e+00 5.25e-03
1.41325e+00 5.23e-03
1.41352e+00 5.21e-03
1.41367e+00 5.20e-03
1.41447e+00 5.19e-03
1.41461e+00 5.19e-03
1.41515e+00 5.19e-03
1.41529e+00 5.18e-03
1.41678e+00 5.16e-03
1.41704e+00 5.17e-03
1.41731e+00 5.17e-03
1.41745e+00 5.18e-03
1.41757e+00 5.15e-03
1.41908e+00 5.14e-03
1.41920e+00 5.19e-03
1.41946e+00 5.23e-03
1.41975e+00 5.27e-03
1.41987e+00 5.13e-03
1.42055e+00 5.12e-03
1.42082e+00 5.13e-03
1.42108e+00 5.14e-03
1.42137e+00 5.15e-03
1.42149e+00 5.11e-03
1.42284e+00 5.09e-03
1.42325e+00 5.09e-03
1.42352e+00 5.09e-03
1.42366e+00 5.08e-03
1.42434e+00 5.08e-03
1.42446e+00 5.06e-03
1.42513e+00 5.06e-03
1.42527e+00 5.07e-03
1.42568e+00 5.07e-03
1.42595e+00 5.06e-03
1.42621e+00 5.11e-03
1.42648e+00 5.15e-03
1.42662e+00 5.17e-03
1.42674e+00 5.03e-03
1.42741e+00 5.02e-03
1.42756e+00 5.02e-03
1.42808e+00 5.02e-03
1.42823e+00 5.01e-03
1.42890e+00 5.01e-03
1.42902e+00 5.00e-03
1.43117e+00 4.97e-03
1.43132e+00 4.98e-03
1.43158e+00 4.97e-03
1.43184e+00 4.96e-03
1.43198e+00 4.96e-03
1.43265e+00 4.95e-03
1.43277e+00 4.95e-03
1.43344e+00 4.94e-03
1.43358e+00 5.00e-03
1.43385e+00 4.97e-03
1.43413e+00 4.94e-03
1.43425e+00 4.93e-03
1.43558e+00 4.92e-03
1.43573e+00 4.91e-03
1.43720e+00 4.89e-03
1.43732e+00 4.89e-03
1.43787e+00 4.89e-03
1.43799e+00 4.90e-03
1.43827e+00 4.89e-03
1.43853e+00 4.88e-03
1.43867e+00 4.88e-03
1.43879e+00 4.88e-03
1.44012e+00 4.86e-03
1.44026e+00 5.01e-03
1.44052e+00 4.95e-03
1.44081e+00 4.89e-03
1.44092e+00 4.86e-03
1.44107e+00 4.85e-03
1.44293e+00 4.83e-03
1.44386e+00 4.81e-03
1.44400e+00 4.81e-03
1.44612e+00 4.78e-03
1.44626e+00 4.79e-03
1.44652e+00 4.78e-03
1.44758e+00 4.76e-03
1.44772e+00 4.78e-03
1.44798e+00 4.77e-03
1.44824e+00 4.76e-03
1.44838e+00 4.75e-03
1.44849e+00 4.77e-03
1.44878e+00 4.76e-03
1.44903e+00 4.74e-03
1.44918e+00 4.74e-03
1.45302e+00 4.69e-03
1.45353e+00 4.68e-03
1.45367e+00 4.69e-03
1.45393e+00 4.68e-03
1.45421e+00 4.68e-03
1.45447e+00 4.67e-03
1.45472e+00 4.66e-03
1.45512e+00 4.66e-03
1.45922e+00 4.61e-03
1.45936e+00 4.61e-03
1.45948e+00 4.60e-03
1.46224e+00 4.56e-03
1.46238e+00 4.58e-03
1.46305e+00 4.59e-03
1.46316e+00 4.55e-03
1.46633e+00 4.51e-03
1.46907e+00 4.47e-03
1.46960e+00 4.47e-03
1.46974e+00 4.46e-03
1.47080e+00 4.45e-03
1.47538e+00 4.39e-03
1.47655e+00 4.38e-03
1.47680e+00 4.38e-03
1.47693e+00 4.37e-03
1.49944e+00 4.09e-03
1.51508e+00 3.91e-03
1.52729e+00 3.77e-03
1.54229e+00 3.61e-03
1.55777e+00 3.45e-03
1.55878e+00 3.44e-03
1.56350e+00 3.39e-03
1.56912e+00 3.34e-03
1.57714e+00 3.27e-03
1.57894e+00 3.25e-03
1.58875e+00 3.16e-03
1.60724e+00 3.00e-03
1.62267e+00 2.87e-03
1.64482e+00 2.69e-03
1.65988e+00 2.58e-03
1.67476e+00 2.47e-03
1.68921e+00 2.37e-03
1.70876e+00 2.24e-03
1.72428e+00 2.15e-03
1.74022e+00 2.05e-03
1.76596e+00 1.91e-03
1.79739e+00 1.75e-03
1.80711e+00 1.70e-03
1.82012e+00 1.64e-03
1.82158e+00 1.63e-03
1.82188e+00 1.63e-03
1.82203e+00 1.63e-03
1.82276e+00 1.63e-03
1.82392e+00 1.62e-03
1.83707e+00 1.57e-03
1.85301e+00 1.50e-03
1.85317e+00 1.50e-03
1.85408e+00 1.49e-03
1.86144e+00 1.46e-03
1.86160e+00 1.46e-03
1.86468e+00 1.45e-03
1.89429e+00 1.34e-03
1.92923e+00 1.22e-03
1.96222e+00 1.11e-03
1.96258e+00 1.11e-03
1.96296e+00 1.11e-03
1.96333e+00 1.11e-03
1.96369e+00 1.11e-03
1.96407e+00 1.10e-03
1.96444e+00 1.10e-03
1.96482e+00 1.10e-03
1.96518e+00 1.10e-03
1.96556e+00 1.10e-03
1.96592e+00 1.10e-03
1.96630e+00 1.10e-03
1.96666e+00 1.10e-03
1.96704e+00 1.10e-03
1.96742e+00 1.09e-03
1.96778e+00 1.09e-03
1.96816e+00 1.09e-03
1.96854e+00 1.09e-03
1.96891e+00 1.09e-03
1.96928e+00 1.09e-03
1.96965e+00 1.09e-03
1.97003e+00 1.09e-03
1.97041e+00 1.08e-03
1.97078e+00 1.08e-03
1.97116e+00 1.08e-03
1.97154e+00 1.08e-03
1.97191e+00 1.08e-03
1.97229e+00 1.08e-03
1.97266e+00 1.08e-03
1.97305e+00 1.08e-03
1.97343e+00 1.08e-03
1.97380e+00 1.08e-03
1.97418e+00 1.07e-03
1.97457e+00 1.07e-03
1.97494e+00 1.07e-03
1.97532e+00 1.07e-03
1.97570e+00 1.07e-03
1.97608e+00 1.07e-03
1.97645e+00 1.07e-03
1.97684e+00 1.07e-03
1.97721e+00 1.06e-03
1.97760e+00 1.06e-03
1.97799e+00 1.06e-03
1.97836e+00 1.06e-03
1.97875e+00 1.06e-03
1.97914e+00 1.06e-03
1.97951e+00 1.06e-03
1.97990e+00 1.06e-03
1.98028e+00 1.06e-03
1.98067e+00 1.06e-03
1.98106e+00 1.05e-03
1.98144e+00 1.05e-03
1.98181e+00 1.05e-03
1.98220e+00 1.05e-03
1.98259e+00 1.05e-03
1.98299e+00 1.05e-03
1.98337e+00 1.05e-03
1.98376e+00 1.05e-03
1.98414e+00 1.05e-03
1.98453e+00 1.04e-03
1.98491e+00 1.04e-03
1.98531e+00 1.04e-03
1.98569e+00 1.04e-03
1.98608e+00 1.04e-03
1.98648e+00 1.04e-03
1.98686e+00 1.04e-03
1.98724e+00 1.04e-03
1.98764e+00 1.03e-03
1.98803e+00 1.03e-03
1.98842e+00 1.03e-03
1.98882e+00 1.03e-03
1.98920e+00 1.03e-03
1.98960e+00 1.03e-03
1.99000e+00 1.03e-03
1.99038e+00 1.03e-03
1.99077e+00 1.03e-03
1.99117e+00 1.03e-03
1.99157e+00 1.02e-03
1.99196e+00 1.02e-03
1.99236e+00 1.02e-03
1.99274e+00 1.02e-03
1.99313e+00 1.02e-03
1.99354e+00 1.02e-03
1.99394e+00 1.02e-03
1.99433e+00 1.02e-03
1.99473e+00 1.02e-03
1.99512e+00 1.01e-03
1.99552e+00 1.01e-03
1.99592e+00 1.01e-03
1.99632e+00 1.01e-03
1.99671e+00 1.01e-03
1.99712e+00 1.01e-03
1.99751e+00 1.01e-03
1.99792e+00 1.01e-03
1.99831e+00 1.00e-03
1.99872e+00 1.00e-03
1.99911e+00 1.00e-03
1.99952e+00 1.00e-03
1.99992e+00 1.00e-03
2.00032e+00 9.99e-04
2.00072e+00 9.98e-04
2.00113e+00 9.97e-04
2.00153e+00 9.96e-04
2.00194e+00 9.95e-04
2.00234e+00 9.94e-04
2.00274e+00 9.93e-04
2.00314e+00 9.92e-04
2.00356e+00 9.91e-04
2.00396e+00 9.89e-04
2.00437e+00 9.88e-04
2.00477e+00 9.87e-04
2.00518e+00 9.86e-04
2.00558e+00 9.85e-04
2.00600e+00 9.84e-04
2.00640e+00 9.83e-04
2.00680e+00 9.82e-04
2.00722e+00 9.81e-04
2.00762e+00 9.80e-04
2.00804e+00 9.78e-04
2.00844e+00 9.77e-04
2.00886e+00 9.76e-04
2.00927e+00 9.75e-04
2.00968e+00 9.74e-04
2.01009e+00 9.73e-04
2.01051e+00 9.72e-04
2.01092e+00 9.71e-04
2.01134e+00 9.70e-04
2.01174e+00 9.69e-04
2.01215e+00 9.67e-04
2.01257e+00 9.66e-04
2.01298e+00 9.65e-04
2.01341e+00 9.64e-04
2.01382e+00 9.63e-04
2.01424e+00 9.62e-04
2.01465e+00 9.61e-04
2.01506e+00 9.60e-04
2.01549e+00 9.59e-04
2.01590e+00 9.58e-04
2.01632e+00 9.56e-04
2.01674e+00 9.55e-04
2.01715e+00 9.54e-04
2.01758e+00 9.53e-04
2.01800e+00 9.52e-04
2.01842e+00 9.51e-04
2.01884e+00 9.50e-04
2.01927e+00 9.49e-04
2.01968e+00 9.48e-04
2.02010e+00 9.47e-04
2.02053e+00 9.46e-04
2.02095e+00 9.44e-04
2.02138e+00 9.43e-04
2.02180e+00 9.42e-04
2.02222e+00 9.41e-04
2.02265e+00 9.40e-04
2.02307e+00 9.39e-04
2.02351e+00 9.38e-04
2.02393e+00 9.37e-04
2.02435e+00 9.36e-04
2.02479e+00 9.35e-04
2.02521e+00 9.33e-04
2.02563e+00 9.32e-04
2.02607e+00 9.31e-04
2.02650e+00 9.30e-04
2.02692e+00 9.29e-04
2.02736e+00 9.28e-04
2.02779e+00 9.27e-04
2.02821e+00 9.26e-04
2.02865e+00 9.25e-04
2.02908e+00 9.24e-04
2.02952e+00 9.23e-04
2.02995e+00 9.21e-04
2.03038e+00 9.20e-04
2.03082e+00 9.19e-04
2.03125e+00 9.18e-04
2.03168e+00 9.17e-04
2.03213e+00 9.16e-04
2.03256e+00 9.15e-04
2.03299e+00 9.14e-04
2.03344e+00 9.13e-04
2.03387e+00 9.12e-04
2.03431e+00 9.11e-04
2.03474e+00 9.09e-04
2.03519e+00 9.08e-04
2.03562e+00 9.07e-04
2.03606e+00 9.06e-04
2.03651e+00 9.05e-04
2.03695e+00 9.04e-04
2.03739e+00 9.03e-04
2.03784e+00 9.02e-04
2.03828e+00 9.01e-04
2.03872e+00 9.00e-04
2.03917e+00 8.98e-04
2.03961e+00 8.97e-04
2.04005e+00 8.96e-04
2.04049e+00 8.95e-04
2.04095e+00 8.94e-04
2.04139e+00 8.93e-04
2.04183e+00 8.92e-04
2.04228e+00 8.91e-04
2.04274e+00 8.90e-04
2.04318e+00 8.89e-04
2.04363e+00 8.87e-04
2.04409e+00 8.86e-04
2.04453e+00 8.85e-04
2.04498e+00 8.84e-04
2.04543e+00 8.83e-04
2.04588e+00 8.82e-04
2.04634e+00 8.81e-04
2.04679e+00 8.80e-04
2.04724e+00 8.79e-04
2.04771e+00 8.78e-04
2.04816e+00 8.76e-04
2.04861e+00 8.75e-04
2.04907e+00 8.74e-04
2.04952e+00 8.73e-04
2.04997e+00 8.72e-04
2.05044e+00 8.71e-04
2.05090e+00 8.70e-04
2.05135e+00 8.69e-04
2.05181e+00 8.68e-04
2.05228e+00 8.67e-04
2.05274e+00 8.66e-04
2.05320e+00 8.64e-04
2.05366e+00 8.63e-04
2.05412e+00 8.62e-04
2.05459e+00 8.61e-04
2.05505e+00 8.60e-04
2.05551e+00 8.59e-04
2.05598e+00 8.58e-04
2.05644e+00 8.57e-04
2.05691e+00 8.56e-04
2.05737e+00 8.54e-04
2.05785e+00 8.53e-04
2.05831e+00 8.52e-04
2.05878e+00 8.51e-04
2.05925e+00 8.50e-04
2.05972e+00 8.49e-04
2.06020e+00 8.48e-04
2.06067e+00 8.47e-04
2.06114e+00 8.46e-04
2.06161e+00 8.45e-04
2.06208e+00 8.44e-04
2.06255e+00 8.42e-04
2.06303e+00 8.41e-04
2.06350e+00 8.40e-04
2.06399e+00 8.39e-04
2.06445e+00 8.38e-04
2.06494e+00 8.37e-04
2.06541e+00 8.36e-04
2.06589e+00 8.35e-04
2.06637e+00 8.34e-04
2.06685e+00 8.33e-04
2.06733e+00 8.32e-04
2.06781e+00 8.30e-04
2.06829e+00 8.29e-04
2.06877e+00 8.28e-04
2.06925e+00 8.27e-04
2.06974e+00 8.26e-04
2.07022e+00 8.25e-04
2.07070e+00 8.24e-04
2.07120e+00 8.23e-04
2.07169e+00 8.22e-04
2.07217e+00 8.21e-04
2.07266e+00 8.20e-04
2.07315e+00 8.18e-04
2.07364e+00 8.17e-04
2.07413e+00 8.16e-04
2.07462e+00 8.15e-04
2.07511e+00 8.14e-04
2.07560e+00 8.13e-04
2.07609e+00 8.12e-04
2.07659e+00 8.11e-04
2.07708e+00 8.10e-04
2.07758e+00 8.09e-04
2.07807e+00 8.07e-04
2.07857e+00 8.06e-04
2.07907e+00 8.05e-04
2.07957e+00 8.04e-04
2.08007e+00 8.03e-04
2.08057e+00 8.02e-04
2.08107e+00 8.01e-04
2.08156e+00 8.00e-04
2.08206e+00 7.99e-04
2.08256e+00 7.98e-04
2.08307e+00 7.96e-04
2.08357e+00 7.95e-04
2.08408e+00 7.94e-04
2.08459e+00 7.93e-04
2.08509e+00 7.92e-04
2.08560e+00 7.91e-04
2.08611e+00 7.90e-04
2.08662e+00 7.89e-04
2.08712e+00 7.88e-04
2.08763e+00 7.86e-04
2.08814e+00 7.85e-04
2.08866e+00 7.84e-04
2.08917e+00 7.83e-04
2.08969e+00 7.82e-04
2.09020e+00 7.81e-04
2.09072e+00 7.80e-04
2.09123e+00 7.79e-04
2.09175e+00 7.78e-04
2.09227e+00 7.76e-04
2.09279e+00 7.75e-04
2.09331e+00 7.74e-04
2.09383e+00 7.73e-04
2.09434e+00 7.72e-04
2.09487e+00 7.71e-04
2.09539e+00 7.70e-04
2.09592e+00 7.69e-04
2.09643e+00 7.68e-04
2.09696e+00 7.67e-04
2.09749e+00 7.66e-04
2.09802e+00 7.64e-04
2.09855e+00 7.63e-04
2.09907e+00 7.62e-04
2.09960e+00 7.61e-04
2.10014e+00 7.60e-04
2.10066e+00 7.59e-04
2.10120e+00 7.58e-04
2.10173e+00 7.57e-04
2.10227e+00 7.56e-04
2.10280e+00 7.55e-04
2.10334e+00 7.53e-04
2.10388e+00 7.52e-04
2.10441e+00 7.51e-04
2.10495e+00 7.50e-04
2.10549e+00 7.49e-04
2.10603e+00 7.48e-04
2.10657e+00 7.47e-04
2.10712e+00 7.46e-04
2.10766e+00 7.45e-04
2.10820e+00 7.43e-04
2.10875e+00 7.42e-04
2.10929e+00 7.41e-04
2.10985e+00 7.40e-04
2.11040e+00 7.39e-04
2.11094e+00 7.38e-04
2.11150e+00 7.37e-04
2.11204e+00 7.36e-04
2.11260e+00 7.35e-04
2.11315e+00 7.33e-04
2.11371e+00 7.32e-04
2.11427e+00 7.31e-04
2.11482e+00 7.30e-04
2.11538e+00 7.29e-04
2.11593e+00 7.28e-04
2.11650e+00 7.27e-04
2.11705e+00 7.26e-04
2.11762e+00 7.25e-04
2.11818e+00 7.23e-04
2.11875e+00 7.22e-04
2.11931e+00 7.21e-04
2.11988e+00 7.20e-04
2.12044e+00 7.19e-04
2.12100e+00 7.18e-04
2.12158e+00 7.17e-04
2.12214e+00 7.16e-04
2.12272e+00 7.15e-04
2.12329e+00 7.14e-04
2.12387e+00 7.12e-04
2.12444e+00 7.11e-04
2.12501e+00 7.10e-04
2.12559e+00 7.09e-04
2.12617e+00 7.08e-04
2.12674e+00 7.07e-04
2.12733e+00 7.06e-04
2.12791e+00 7.04e-04
2.12849e+00 7.03e-04
2.12908e+00 7.02e-04
2.12966e+00 7.01e-04
2.13024e+00 7.00e-04
2.13084e+00 6.99e-04
2.13142e+00 6.98e-04
2.13201e+00 6.97e-04
2.13260e+00 6.95e-04
2.13320e+00 6.94e-04
2.13379e+00 6.93e-04
2.13438e+00 6.92e-04
2.13497e+00 6.91e-04
2.13557e+00 6.90e-04
2.13618e+00 6.89e-04
2.13677e+00 6.88e-04
2.13737e+00 6.86e-04
2.13797e+00 6.85e-04
2.13857e+00 6.84e-04
2.13918e+00 6.83e-04
2.13978e+00 6.82e-04
2.14040e+00 6.81e-04
2.14101e+00 6.80e-04
2.14161e+00 6.79e-04
2.14222e+00 6.77e-04
2.14284e+00 6.76e-04
2.14345e+00 6.75e-04
2.14406e+00 6.74e-04
2.14468e+00 6.73e-04
2.14530e+00 6.72e-04
2.14592e+00 6.71e-04
2.14654e+00 6.69e-04
2.14716e+00 6.68e-04
2.14778e+00 6.67e-04
2.14841e+00 6.66e-04
2.14903e+00 6.65e-04
2.14966e+00 6.64e-04
2.15028e+00 6.63e-04
2.15091e+00 6.62e-04
2.15155e+00 6.60e-04
2.15218e+00 6.59e-04
2.15282e+00 6.58e-04
2.15345e+00 6.57e-04
2.15409e+00 6.56e-04
2.15472e+00 6.55e-04
2.15537e+00 6.54e-04
2.15601e+00 6.52e-04
2.15666e+00 6.51e-04
2.15729e+00 6.50e-04
2.15794e+00 6.49e-04
2.15859e+00 6.48e-04
2.15923e+00 6.47e-04
2.15989e+00 6.46e-04
2.16054e+00 6.45e-04
2.16119e+00 6.43e-04
2.16185e+00 6.42e-04
2.16251e+00 6.41e-04
2.16317e+00 6.40e-04
2.16383e+00 6.39e-04
2.16449e+00 6.38e-04
2.16516e+00 6.36e-04
2.16583e+00 6.35e-04
2.16649e+00 6.34e-04
2.16715e+00 6.33e-04
2.16783e+00 6.32e-04
2.16849e+00 6.31e-04
2.16917e+00 6.30e-04
2.16984e+00 6.28e-04
2.17053e+00 6.27e-04
2.17120e+00 6.26e-04
2.17188e+00 6.25e-04
2.17257e+00 6.24e-04
2.17325e+00 6.23e-04
2.17393e+00 6.21e-04
2.17463e+00 6.20e-04
2.17531e+00 6.19e-04
2.17600e+00 6.18e-04
2.17669e+00 6.17e-04
2.17740e+00 6.16e-04
2.17809e+00 6.14e-04
2.17879e+00 6.13e-04
2.17949e+00 6.12e-04
2.18019e+00 6.11e-04
2.18089e+00 6.10e-04
2.18160e+00 6.09e-04
2.18231e+00 6.08e-04
2.18302e+00 6.06e-04
2.18373e+00 6.05e-04
2.18444e+00 6.04e-04
2.18516e+00 6.03e-04
2.18588e+00 6.02e-04
2.18660e+00 6.01e-04
2.18732e+00 5.99e-04
2.18805e+00 5.98e-04
2.18878e+00 5.97e-04
2.18951e+00 5.96e-04
2.19023e+00 5.95e-04
2.19096e+00 5.94e-04
2.19170e+00 5.92e-04
2.19244e+00 5.91e-04
2.19317e+00 5.90e-04
2.19392e+00 5.89e-04
2.19465e+00 5.88e-04
2.19540e+00 5.87e-04
2.19615e+00 5.85e-04
2.19690e+00 5.84e-04
2.19766e+00 5.83e-04
2.19841e+00 5.82e-04
2.19917e+00 5.81e-04
2.19992e+00 5.80e-04
2.20069e+00 5.78e-04
2.20145e+00 5.77e-04
2.20221e+00 5.76e-04
2.20299e+00 5.75e-04
2.20376e+00 5.74e-04
2.20453e+00 5.73e-04
2.20530e+00 5.71e-04
2.20609e+00 5.70e-04
2.20687e+00 5.69e-04
2.20765e+00 5.68e-04
2.20843e+00 5.67e-04
2.20922e+00 5.65e-04
2.21001e+00 5.64e-04
2.21081e+00 5.63e-04
2.21160e+00 5.62e-04
2.21240e+00 5.61e-04
2.21320e+00 5.60e-04
2.21401e+00 5.58e-04
2.21481e+00 5.57e-04
2.21562e+00 5.56e-04
2.21643e+00 5.55e-04
2.21725e+00 5.54e-04
2.21806e+00 5.52e-04
2.21889e+00 5.51e-04
2.21971e+00 5.50e-04
2.22054e+00 5.49e-04
2.22136e+00 5.48e-04
2.22220e+00 5.46e-04
2.22303e+00 5.45e-04
2.22387e+00 5.44e-04
2.22471e+00 5.43e-04
2.22555e+00 5.41e-04
2.22641e+00 5.40e-04
2.22725e+00 5.39e-04
2.22811e+00 5.38e-04
2.22896e+00 5.36e-04
2.22982e+00 5.35e-04
2.23068e+00 5.34e-04
2.23155e+00 5.33e-04
2.23242e+00 5.32e-04
2.23329e+00 5.30e-04
2.23417e+00 5.29e-04
2.23504e+00 5.28e-04
2.23593e+00 5.27e-04
2.23681e+00 5.25e-04
2.23771e+00 5.24e-04
2.23859e+00 5.23e-04
2.23950e+00 5.22e-04
2.24039e+00 5.20e-04
2.24129e+00 5.19e-04
2.24220e+00 5.18e-04
2.24311e+00 5.17e-04
2.24402e+00 5.15e-04
2.24495e+00 5.14e-04
2.24587e+00 5.13e-04
2.24679e+00 5.12e-04
2.24772e+00 5.10e-04
2.24866e+00 5.09e-04
2.24960e+00 5.08e-04
2.25053e+00 5.06e-04
2.25148e+00 5.05e-04
2.25243e+00 5.04e-04
2.25338e+00 5.03e-04
2.25434e+00 5.01e-04
2.25529e+00 5.00e-04
2.25627e+00 4.99e-04
2.25723e+00 4.98e-04
2.25820e+00 4.96e-04
2.25919e+00 4.95e-04
2.26017e+00 4.94e-04
2.26116e+00 4.92e-04
2.26215e+00 4.91e-04
2.26315e+00 4.90e-04
2.26415e+00 4.89e-04
2.26515e+00 4.87e-04
2.26616e+00 4.86e-04
2.26718e+00 4.85e-04
2.26820e+00 4.83e-04
2.26922e+00 4.82e-04
2.27026e+00 4.81e-04
2.27129e+00 4.79e-04
2.27233e+00 4.78e-04
2.27337e+00 4.77e-04
2.27442e+00 4.76e-04
2.27548e+00 4.74e-04
2.27654e+00 4.73e-04
2.27761e+00 4.72e-04
2.27868e+00 4.70e-04
2.27976e+00 4.69e-04
2.28084e+00 4.68e-04
2.28193e+00 4.66e-04
2.28303e+00 4.65e-04
2.28413e+00 4.64e-04
2.28523e+00 4.62e-04
2.28634e+00 4.61e-04
2.28746e+00 4.60e-04
2.28858e+00 4.58e-04
2.28971e+00 4.57e-04
2.29085e+00 4.56e-04
2.29199e+00 4.54e-04
2.29314e+00 4.53e-04
2.29429e+00 4.52e-04
2.29546e+00 4.50e-04
2.29663e+00 4.49e-04
2.29780e+00 4.48e-04
2.29898e+00 4.46e-04
2.30017e+00 4.45e-04
2.30136e+00 4.43e-04
2.30258e+00 4.42e-04
2.30378e+00 4.41e-04
2.30498e+00 4.39e-04
2.30618e+00 4.38e-04
2.30747e+00 4.36e-04
2.30867e+00 4.35e-04
2.30996e+00 4.34e-04
2.31125e+00 4.32e-04
2.31244e+00 4.31e-04
2.31372e+00 4.29e-04
2.31501e+00 4.28e-04
2.31629e+00 4.27e-04
2.31757e+00 4.25e-04
2.31895e+00 4.24e-04
2.32023e+00 4.22e-04
2.32160e+00 4.21e-04
2.32288e+00 4.19e-04
2.32425e+00 4.18e-04
2.32562e+00 4.17e-04
2.32698e+00 4.15e-04
2.32835e+00 4.14e-04
2.32971e+00 4.12e-04
2.33108e+00 4.11e-04
2.33253e+00 4.09e-04
2.33389e+00 4.08e-04
2.33534e+00 4.06e-04
2.33679e+00 4.05e-04
2.33824e+00 4.03e-04
2.33969e+00 4.02e-04
2.34113e+00 4.00e-04
2.34267e+00 3.99e-04
2.34411e+00 3.97e-04
2.34564e+00 3.96e-04
2.34718e+00 3.94e-04
2.34871e+00 3.93e-04
2.35023e+00 3.91e-04
2.35176e+00 3.90e-04
2.35337e+00 3.88e-04
2.35499e+00 3.86e-04
2.35650e+00 3.85e-04
2.35811e+00 3.83e-04
2.35982e+00 3.82e-04
2.36142e+00 3.80e-04
2.36312e+00 3.79e-04
2.36471e+00 3.77e-04
2.36640e+00 3.75e-04
2.36819e+00 3.74e-04
2.36987e+00 3.72e-04
2.37164e+00 3.70e-04
2.37332e+00 3.69e-04
2.37518e+00 3.67e-04
2.37695e+00 3.66e-04
2.37871e+00 3.64e-04
2.38056e+00 3.62e-04
2.38241e+00 3.61e-04
2.38426e+00 3.59e-04
2.38619e+00 3.57e-04
2.38812e+00 3.56e-04
2.39005e+00 3.54e-04
2.39197e+00 3.52e-04
2.39398e+00 3.50e-04
2.39598e+00 3.49e-04
2.39799e+00 3.47e-04
2.40007e+00 3.45e-04
2.40216e+00 3.43e-04
2.40424e+00 3.42e-04
2.40640e+00 3.40e-04
2.40848e+00 3.38e-04
2.41072e+00 3.36e-04
2.41296e+00 3.35e-04
2.41520e+00 3.33e-04
2.41743e+00 3.31e-04
2.41975e+00 3.29e-04
2.42214e+00 3.27e-04
2.42454e+00 3.25e-04
2.42692e+00 3.23e-04
2.42939e+00 3.22e-04
2.43186e+00 3.20e-04
2.43440e+00 3.18e-04
2.43694e+00 3.16e-04
2.43956e+00 3.14e-04
2.44226e+00 3.12e-04
2.44495e+00 3.10e-04
2.44772e+00 3.08e-04
2.45057e+00 3.06e-04
2.45342e+00 3.04e-04
2.45634e+00 3.02e-04
2.45933e+00 3.00e-04
2.46241e+00 2.98e-04
2.46547e+00 2.96e-04
2.46861e+00 2.93e-04
2.47191e+00 2.91e-04
2.47519e+00 2.89e-04
2.47855e+00 2.87e-04
2.48207e+00 2.85e-04
2.48566e+00 2.83e-04
2.48923e+00 2.80e-04
2.49304e+00 2.78e-04
2.49684e+00 2.76e-04
2.50078e+00 2.74e-04
2.50487e+00 2.72e-04
2.50911e+00 2.69e-04
2.51341e+00 2.67e-04
2.51786e+00 2.65e-04
2.52252e+00 2.63e-04
2.52733e+00 2.61e-04
2.53227e+00 2.59e-04
2.53742e+00 2.57e-04
2.54286e+00 2.55e-04
2.54843e+00 2.53e-04
2.55428e+00 2.51e-04
2.56048e+00 2.49e-04
2.56364e+00 2.49e-04
2.57024e+00 2.47e-04
2.57726e+00 2.46e-04
2.58097e+00 2.46e-04
2.58475e+00 2.46e-04
2.58867e+00 2.46e-04
2.59264e+00 2.46e-04
2.59682e+00 2.47e-04
2.60113e+00 2.48e-04
2.60565e+00 2.49e-04
2.61029e+00 2.51e-04
2.61513e+00 2.54e-04
2.62024e+00 2.57e-04
2.62554e+00 2.62e-04
2.63110e+00 2.68e-04
2.63698e+00 2.76e-04
2.64319e+00 2.88e-04
2.64971e+00 3.04e-04
2.65669e+00 3.28e-04
2.66410e+00 3.64e-04
2.67215e+00 4.24e-04
2.68082e+00 5.34e-04
2.69029e+00 7.69e-04
2.70069e+00 1.50e-03
2.71231e+00 4.89e-03
2.72543e+00 5.36e-03
2.74065e+00 1.20e-03
2.75874e+00 4.86e-04
2.78130e+00 3.06e-04
2.81151e+00 3.20e-04
2.85859e+00 2.21e-03
2.99573e+00 7.48e-04
