# OPACITY Project tables
-2.61515e+00 9.68e-01
-2.27341e+00 3.34e-01
-2.07433e+00 1.80e-01
-1.93351e+00 1.16e-01
-1.82455e+00 8.31e-02
-1.73574e+00 6.34e-02
-1.66078e+00 5.14e-02
-1.59603e+00 4.27e-02
-1.53898e+00 3.52e-02
-1.48802e+00 3.14e-02
-1.44198e+00 3.09e-02
-1.40003e+00 2.92e-02
-1.36148e+00 2.19e-02
-1.32584e+00 1.87e-02
-1.29269e+00 1.67e-02
-1.26174e+00 1.52e-02
-1.23268e+00 1.39e-02
-1.20531e+00 1.28e-02
-1.17944e+00 1.18e-02
-1.15493e+00 1.09e-02
-1.13165e+00 1.02e-02
-1.10945e+00 9.56e-03
-1.08827e+00 8.98e-03
-1.06799e+00 8.46e-03
-1.04857e+00 7.96e-03
-1.02994e+00 7.51e-03
-1.01200e+00 7.12e-03
-9.94739e-01 6.76e-03
-9.78086e-01 6.42e-03
-9.62021e-01 6.10e-03
-9.46492e-01 5.83e-03
-9.31455e-01 5.57e-03
-9.16916e-01 5.33e-03
-9.02807e-01 5.12e-03
-8.89113e-01 5.54e-03
-8.75797e-01 5.50e-03
-8.62868e-01 5.35e-03
-8.50292e-01 5.13e-03
-8.38057e-01 4.91e-03
-8.26130e-01 4.75e-03
-8.14502e-01 4.66e-03
-8.03185e-01 4.53e-03
-7.92106e-01 4.46e-03
-7.81301e-01 4.53e-03
-7.70741e-01 4.63e-03
-7.50331e-01 3.98e-03
-7.40469e-01 3.77e-03
-7.30787e-01 3.62e-03
-7.21320e-01 3.50e-03
-7.12045e-01 3.40e-03
-7.02955e-01 3.31e-03
-6.94048e-01 3.23e-03
-6.85298e-01 3.17e-03
-6.76723e-01 3.11e-03
-6.68298e-01 3.07e-03
-6.60041e-01 3.02e-03
-6.51909e-01 2.96e-03
-6.43938e-01 2.90e-03
-6.36087e-01 2.87e-03
-6.28390e-01 2.86e-03
-6.20808e-01 2.90e-03
-6.13357e-01 3.01e-03
-6.06016e-01 3.27e-03
-5.98801e-01 3.86e-03
-5.91692e-01 4.72e-03
-5.84687e-01 4.59e-03
-5.77803e-01 3.94e-03
-5.71018e-01 3.74e-03
-5.64314e-01 3.96e-03
-5.57725e-01 4.77e-03
-5.51231e-01 6.62e-03
-5.44831e-01 8.86e-03
-5.38505e-01 7.68e-03
-5.32288e-01 5.29e-03
-5.26142e-01 3.93e-03
-5.20085e-01 3.26e-03
-5.14098e-01 2.94e-03
-5.08196e-01 2.83e-03
-5.02362e-01 2.87e-03
-4.96610e-01 2.98e-03
-4.90925e-01 2.91e-03
-4.85320e-01 2.63e-03
-4.79779e-01 2.36e-03
-4.74301e-01 2.16e-03
-4.68884e-01 2.02e-03
-4.63545e-01 1.93e-03
-4.58265e-01 1.85e-03
-4.53044e-01 1.80e-03
-4.47882e-01 1.76e-03
-4.42778e-01 1.72e-03
-4.37730e-01 1.70e-03
-4.32739e-01 1.69e-03
-4.27803e-01 1.70e-03
-4.22922e-01 1.74e-03
-4.18095e-01 1.81e-03
-4.13321e-01 1.96e-03
-4.08585e-01 2.16e-03
-4.03901e-01 2.33e-03
-3.99284e-01 2.58e-03
-3.94688e-01 2.97e-03
-3.90158e-01 3.62e-03
-3.85662e-01 4.46e-03
-3.81216e-01 5.54e-03
-3.76819e-01 7.31e-03
-3.72456e-01 8.97e-03
-3.68126e-01 2.70e-02
-3.63858e-01 2.63e-02
-3.59622e-01 8.92e-03
-3.55419e-01 7.26e-03
-3.51261e-01 5.49e-03
-3.47135e-01 4.41e-03
-3.43054e-01 3.57e-03
-3.39003e-01 2.88e-03
-3.34997e-01 2.46e-03
-3.31021e-01 2.17e-03
-3.27088e-01 1.97e-03
-3.23185e-01 1.79e-03
-3.19310e-01 1.58e-03
-3.15464e-01 1.44e-03
-3.11661e-01 1.36e-03
-3.07885e-01 1.30e-03
-3.04150e-01 1.27e-03
-3.00430e-01 1.24e-03
-2.96750e-01 1.22e-03
-2.93097e-01 1.21e-03
-2.89484e-01 1.20e-03
-2.82323e-01 1.19e-03
-2.78788e-01 1.19e-03
-2.75279e-01 1.18e-03
-2.71796e-01 1.18e-03
-2.68350e-01 1.18e-03
-2.64917e-01 1.18e-03
-2.61521e-01 1.18e-03
-2.58149e-01 1.18e-03
-2.51466e-01 1.17e-03
-2.48167e-01 1.16e-03
-2.44891e-01 1.15e-03
-2.41639e-01 1.13e-03
-2.38409e-01 1.13e-03
-2.35203e-01 1.11e-03
-2.32020e-01 1.09e-03
-2.28860e-01 1.07e-03
-2.25722e-01 1.05e-03
-2.22606e-01 1.04e-03
-2.19513e-01 1.03e-03
-2.16441e-01 1.02e-03
-2.10363e-01 9.93e-04
-2.04359e-01 9.70e-04
-2.01382e-01 9.59e-04
-1.98439e-01 9.49e-04
-1.95504e-01 9.40e-04
-1.89697e-01 9.23e-04
-1.86824e-01 9.15e-04
-1.83971e-01 9.08e-04
-1.81126e-01 9.02e-04
-1.78314e-01 8.97e-04
-1.75509e-01 8.91e-04
-1.72724e-01 8.86e-04
-1.69958e-01 8.82e-04
-1.67200e-01 8.82e-04
-1.64474e-01 8.76e-04
-1.61755e-01 8.72e-04
-1.56373e-01 8.65e-04
-1.51044e-01 8.59e-04
-1.45789e-01 8.52e-04
-1.43189e-01 8.49e-04
-1.40596e-01 8.45e-04
-1.35453e-01 8.34e-04
-1.30382e-01 8.23e-04
-1.25359e-01 8.14e-04
-1.22868e-01 8.10e-04
-1.20395e-01 8.06e-04
-1.17928e-01 8.03e-04
-1.15489e-01 8.01e-04
-1.13057e-01 8.00e-04
-1.10630e-01 8.00e-04
-1.08220e-01 8.01e-04
-1.05827e-01 8.05e-04
-1.03440e-01 8.10e-04
-1.01070e-01 8.19e-04
-9.87160e-02 8.33e-04
-9.63788e-02 8.55e-04
-9.17206e-02 9.11e-04
-8.94106e-02 9.37e-04
-8.71168e-02 9.62e-04
-8.48283e-02 9.79e-04
-8.25559e-02 9.89e-04
-8.02994e-02 9.92e-04
-7.80480e-02 9.85e-04
-7.58125e-02 9.68e-04
-7.35820e-02 9.40e-04
-7.13671e-02 9.08e-04
-6.91679e-02 8.82e-04
-6.69735e-02 1.07e-03
-6.47839e-02 1.07e-03
-6.26097e-02 1.09e-03
-5.82967e-02 1.15e-03
-5.61577e-02 1.17e-03
-5.40233e-02 1.17e-03
-5.19040e-02 1.17e-03
-4.97997e-02 1.15e-03
-4.76998e-02 1.13e-03
-4.56042e-02 1.11e-03
-4.35236e-02 1.07e-03
-4.14576e-02 1.05e-03
-3.93959e-02 1.02e-03
-3.73385e-02 1.00e-03
-3.52956e-02 9.80e-04
-3.32673e-02 9.55e-04
-3.12430e-02 9.30e-04
-2.92229e-02 9.38e-04
-2.72170e-02 9.21e-04
-2.52255e-02 9.14e-04
-2.32379e-02 9.14e-04
-2.12543e-02 9.17e-04
-1.92848e-02 9.13e-04
-1.73293e-02 8.97e-04
-1.53675e-02 8.83e-04
-1.34298e-02 8.79e-04
-1.14958e-02 8.81e-04
-9.56560e-03 8.71e-04
-7.64918e-03 8.43e-04
-5.73642e-03 8.29e-04
-3.83735e-03 8.13e-04
-1.94188e-03 9.02e-04
-5.00013e-05 8.94e-04
1.79838e-03 8.88e-04
5.58438e-03 8.73e-04
7.37275e-03 8.66e-04
9.25702e-03 8.61e-04
1.11377e-02 8.57e-04
1.29162e-02 8.56e-04
1.47901e-02 8.54e-04
1.65621e-02 8.49e-04
1.84291e-02 8.42e-04
2.01947e-02 8.36e-04
2.19572e-02 8.34e-04
2.38142e-02 8.33e-04
2.55703e-02 8.27e-04
2.73233e-02 8.17e-04
2.90732e-02 8.07e-04
3.08201e-02 8.00e-04
3.25640e-02 8.27e-04
3.43048e-02 8.22e-04
3.77774e-02 8.13e-04
4.12379e-02 8.05e-04
4.46865e-02 7.98e-04
4.80280e-02 7.90e-04
5.14533e-02 7.83e-04
5.47722e-02 7.76e-04
5.80802e-02 7.68e-04
6.13773e-02 7.61e-04
6.46635e-02 7.54e-04
6.78455e-02 7.47e-04
7.11106e-02 7.40e-04
7.42722e-02 7.33e-04
7.74239e-02 7.26e-04
8.06579e-02 7.19e-04
8.37895e-02 7.13e-04
8.68197e-02 7.06e-04
8.99321e-02 7.00e-04
9.30349e-02 6.94e-04
9.60372e-02 6.88e-04
9.90305e-02 6.82e-04
1.02015e-01 6.76e-04
1.05080e-01 6.70e-04
1.07957e-01 6.64e-04
1.10915e-01 6.58e-04
1.13864e-01 6.52e-04
1.16805e-01 6.47e-04
1.19648e-01 6.41e-04
1.22483e-01 6.36e-04
1.25398e-01 6.31e-04
1.28217e-01 6.26e-04
1.31028e-01 6.20e-04
1.33831e-01 6.15e-04
1.36539e-01 6.10e-04
1.39327e-01 6.05e-04
1.42107e-01 6.00e-04
1.44793e-01 5.95e-04
1.47471e-01 5.91e-04
1.50229e-01 5.86e-04
1.52893e-01 5.81e-04
1.55550e-01 5.77e-04
1.58200e-01 5.72e-04
1.60757e-01 5.68e-04
1.63394e-01 5.64e-04
1.66023e-01 5.59e-04
1.68561e-01 5.55e-04
1.71176e-01 5.51e-04
1.73701e-01 5.47e-04
1.76220e-01 5.43e-04
1.78732e-01 5.39e-04
1.81321e-01 5.35e-04
1.83737e-01 5.31e-04
1.86231e-01 5.27e-04
1.88718e-01 5.23e-04
1.91199e-01 5.19e-04
1.93591e-01 5.16e-04
1.96060e-01 5.12e-04
1.98441e-01 5.08e-04
2.00898e-01 5.05e-04
2.03267e-01 5.01e-04
2.05631e-01 4.98e-04
2.07989e-01 4.94e-04
2.10342e-01 4.91e-04
2.12689e-01 4.88e-04
2.15031e-01 4.84e-04
2.17286e-01 4.81e-04
2.19617e-01 4.78e-04
2.21943e-01 4.75e-04
2.24183e-01 4.71e-04
2.26418e-01 4.68e-04
2.28728e-01 4.65e-04
2.30953e-01 4.62e-04
2.33173e-01 4.59e-04
2.35388e-01 4.56e-04
2.37599e-01 4.53e-04
2.39804e-01 4.50e-04
2.42005e-01 4.48e-04
2.44200e-01 4.45e-04
2.46313e-01 4.42e-04
2.48499e-01 4.39e-04
2.50681e-01 4.37e-04
2.52780e-01 4.34e-04
2.54875e-01 4.31e-04
2.57042e-01 4.28e-04
2.59128e-01 4.26e-04
2.61210e-01 4.23e-04
2.63287e-01 4.21e-04
2.65360e-01 4.18e-04
2.67428e-01 4.16e-04
2.69493e-01 4.13e-04
2.71553e-01 4.11e-04
2.73609e-01 4.08e-04
2.75660e-01 4.06e-04
2.77632e-01 4.03e-04
2.79675e-01 4.01e-04
2.81639e-01 3.99e-04
2.83674e-01 3.97e-04
2.85630e-01 3.94e-04
2.87582e-01 3.92e-04
2.89605e-01 3.90e-04
2.91550e-01 3.88e-04
2.93490e-01 3.85e-04
2.95427e-01 3.83e-04
2.97360e-01 3.81e-04
2.99289e-01 3.79e-04
3.01215e-01 3.77e-04
3.03137e-01 3.75e-04
3.04982e-01 3.73e-04
3.06896e-01 3.71e-04
3.08807e-01 3.69e-04
3.10641e-01 3.66e-04
3.12545e-01 3.65e-04
3.14373e-01 3.63e-04
3.16270e-01 3.61e-04
3.18090e-01 3.59e-04
3.19907e-01 3.57e-04
3.21794e-01 3.55e-04
3.23604e-01 3.53e-04
3.25411e-01 3.51e-04
3.27215e-01 3.49e-04
3.29016e-01 3.48e-04
3.30813e-01 3.46e-04
3.32608e-01 3.44e-04
3.34399e-01 3.42e-04
3.36115e-01 3.41e-04
3.37900e-01 3.39e-04
3.39681e-01 3.37e-04
3.41389e-01 3.35e-04
3.43164e-01 3.34e-04
3.44936e-01 3.32e-04
3.46635e-01 3.30e-04
3.48330e-01 3.29e-04
3.50093e-01 3.27e-04
3.51783e-01 3.25e-04
3.53470e-01 3.24e-04
3.55224e-01 3.22e-04
3.56905e-01 3.21e-04
3.58583e-01 3.19e-04
3.60259e-01 3.17e-04
3.61931e-01 3.16e-04
3.63601e-01 3.14e-04
3.65268e-01 3.13e-04
3.66932e-01 3.11e-04
3.68594e-01 3.10e-04
3.70183e-01 3.09e-04
3.71839e-01 3.07e-04
3.73493e-01 3.06e-04
3.75075e-01 3.04e-04
3.76723e-01 3.03e-04
3.78299e-01 3.01e-04
3.79942e-01 3.00e-04
3.81514e-01 2.99e-04
3.83151e-01 2.97e-04
3.84718e-01 2.96e-04
3.86282e-01 2.94e-04
3.87912e-01 2.93e-04
3.89471e-01 2.92e-04
3.91028e-01 2.90e-04
3.92582e-01 2.89e-04
3.94134e-01 2.88e-04
3.95684e-01 2.87e-04
3.97231e-01 2.85e-04
3.98776e-01 2.84e-04
4.00319e-01 2.83e-04
4.01859e-01 2.81e-04
4.03396e-01 2.80e-04
4.04932e-01 2.79e-04
4.06465e-01 2.78e-04
4.07929e-01 2.77e-04
4.09457e-01 2.75e-04
4.10983e-01 2.74e-04
4.12441e-01 2.73e-04
4.13962e-01 2.72e-04
4.15415e-01 2.71e-04
4.16932e-01 2.69e-04
4.18381e-01 2.68e-04
4.19828e-01 2.67e-04
4.21338e-01 2.66e-04
4.22781e-01 2.65e-04
4.24221e-01 2.64e-04
4.25725e-01 2.63e-04
4.27161e-01 2.62e-04
4.28596e-01 2.61e-04
4.30028e-01 2.59e-04
4.31458e-01 2.58e-04
4.32886e-01 2.57e-04
4.34312e-01 2.56e-04
4.35736e-01 2.55e-04
4.37158e-01 2.54e-04
4.38577e-01 2.53e-04
4.39995e-01 2.52e-04
4.41411e-01 2.51e-04
4.42761e-01 2.50e-04
4.44173e-01 2.49e-04
4.45583e-01 2.48e-04
4.46927e-01 2.47e-04
4.48333e-01 2.46e-04
4.49737e-01 2.45e-04
4.51076e-01 2.44e-04
4.52476e-01 2.43e-04
4.53811e-01 2.42e-04
4.55207e-01 2.41e-04
4.56538e-01 2.40e-04
4.57931e-01 2.39e-04
4.59259e-01 2.38e-04
4.60584e-01 2.37e-04
4.61971e-01 2.37e-04
4.63294e-01 2.36e-04
4.64614e-01 2.35e-04
4.65933e-01 2.34e-04
4.67250e-01 2.33e-04
4.68565e-01 2.32e-04
4.69941e-01 2.31e-04
4.71253e-01 2.30e-04
4.72563e-01 2.29e-04
4.73871e-01 2.29e-04
4.75178e-01 2.28e-04
4.76420e-01 2.27e-04
4.77724e-01 2.26e-04
4.79025e-01 2.25e-04
4.80325e-01 2.24e-04
4.81623e-01 2.24e-04
4.82920e-01 2.23e-04
4.84153e-01 2.22e-04
4.85446e-01 2.21e-04
4.86738e-01 2.20e-04
4.87966e-01 2.20e-04
4.89255e-01 2.19e-04
4.90480e-01 2.18e-04
4.91765e-01 2.17e-04
4.93049e-01 2.16e-04
4.94269e-01 2.16e-04
4.95489e-01 2.15e-04
4.96767e-01 2.14e-04
4.97984e-01 2.13e-04
4.99259e-01 2.12e-04
5.00472e-01 2.12e-04
5.01684e-01 2.11e-04
5.02955e-01 2.10e-04
5.04163e-01 2.09e-04
5.05371e-01 2.09e-04
5.06577e-01 2.08e-04
5.07781e-01 2.07e-04
5.09044e-01 2.07e-04
5.10245e-01 2.06e-04
5.11445e-01 2.05e-04
5.12644e-01 2.04e-04
5.13841e-01 2.04e-04
5.15037e-01 2.03e-04
5.16231e-01 2.02e-04
5.17424e-01 2.02e-04
5.18615e-01 2.01e-04
5.19746e-01 2.00e-04
5.20934e-01 2.00e-04
5.22122e-01 1.99e-04
5.23307e-01 1.98e-04
5.24492e-01 1.98e-04
5.25616e-01 1.97e-04
5.26797e-01 1.96e-04
5.27978e-01 1.96e-04
5.29157e-01 1.95e-04
5.30275e-01 1.94e-04
5.31451e-01 1.94e-04
5.32568e-01 1.93e-04
5.33741e-01 1.92e-04
5.34855e-01 1.92e-04
5.36025e-01 1.91e-04
5.37136e-01 1.90e-04
5.38305e-01 1.90e-04
5.39413e-01 1.89e-04
5.40579e-01 1.89e-04
5.41685e-01 1.88e-04
5.42789e-01 1.87e-04
5.43951e-01 1.87e-04
5.45053e-01 1.86e-04
5.46154e-01 1.86e-04
5.47312e-01 1.85e-04
5.48410e-01 1.84e-04
5.49508e-01 1.84e-04
5.50604e-01 1.83e-04
5.51699e-01 1.83e-04
5.52850e-01 1.82e-04
5.53943e-01 1.81e-04
5.55034e-01 1.81e-04
5.56124e-01 1.80e-04
5.57213e-01 1.80e-04
5.58301e-01 1.79e-04
5.59387e-01 1.79e-04
5.60473e-01 1.78e-04
5.61557e-01 1.78e-04
5.62640e-01 1.77e-04
5.63722e-01 1.76e-04
5.64745e-01 1.76e-04
5.65825e-01 1.75e-04
5.66903e-01 1.75e-04
5.67981e-01 1.74e-04
5.69057e-01 1.74e-04
5.70075e-01 1.73e-04
5.71149e-01 1.73e-04
5.72222e-01 1.72e-04
5.73293e-01 1.72e-04
5.74307e-01 1.71e-04
5.75377e-01 1.71e-04
5.76445e-01 1.70e-04
5.77456e-01 1.70e-04
5.78522e-01 1.69e-04
5.79530e-01 1.69e-04
5.80594e-01 1.68e-04
5.81601e-01 1.68e-04
5.82662e-01 1.67e-04
5.83667e-01 1.67e-04
5.84726e-01 1.66e-04
5.85729e-01 1.66e-04
5.86786e-01 1.65e-04
5.87787e-01 1.65e-04
5.88786e-01 1.64e-04
5.89840e-01 1.64e-04
5.90838e-01 1.63e-04
5.91834e-01 1.63e-04
5.92885e-01 1.62e-04
5.93879e-01 1.62e-04
5.94873e-01 1.61e-04
5.95865e-01 1.61e-04
5.96857e-01 1.60e-04
5.97902e-01 1.60e-04
5.98891e-01 1.60e-04
5.99880e-01 1.59e-04
6.00867e-01 1.59e-04
6.01854e-01 1.58e-04
6.02839e-01 1.58e-04
6.03824e-01 1.57e-04
6.04808e-01 1.57e-04
6.05790e-01 1.56e-04
6.06772e-01 1.56e-04
6.07753e-01 1.55e-04
6.08732e-01 1.55e-04
6.09711e-01 1.55e-04
6.10689e-01 1.54e-04
6.11666e-01 1.54e-04
6.12642e-01 1.53e-04
6.13617e-01 1.53e-04
6.14591e-01 1.52e-04
6.15510e-01 1.52e-04
6.16482e-01 1.52e-04
6.17453e-01 1.51e-04
6.18424e-01 1.51e-04
6.19339e-01 1.50e-04
6.20308e-01 1.50e-04
6.21275e-01 1.50e-04
6.22242e-01 1.49e-04
6.23154e-01 1.49e-04
6.24119e-01 1.48e-04
6.25082e-01 1.48e-04
6.25992e-01 1.48e-04
6.26954e-01 1.47e-04
6.27862e-01 1.47e-04
6.28822e-01 1.46e-04
6.29728e-01 1.46e-04
6.30686e-01 1.46e-04
6.31591e-01 1.45e-04
6.32548e-01 1.45e-04
6.33450e-01 1.44e-04
6.34405e-01 1.44e-04
6.35306e-01 1.44e-04
6.36259e-01 1.43e-04
6.37159e-01 1.43e-04
6.38110e-01 1.43e-04
6.39008e-01 1.42e-04
6.39905e-01 1.42e-04
6.40853e-01 1.41e-04
6.41749e-01 1.41e-04
6.42643e-01 1.41e-04
6.43537e-01 1.40e-04
6.44482e-01 1.40e-04
6.45374e-01 1.40e-04
6.46265e-01 1.39e-04
6.47156e-01 1.39e-04
6.48098e-01 1.39e-04
6.48986e-01 1.38e-04
6.49874e-01 1.38e-04
6.50761e-01 1.37e-04
6.51648e-01 1.37e-04
6.52117e-01 1.37e-04
6.53002e-01 1.36e-04
6.53886e-01 1.36e-04
6.54770e-01 1.36e-04
6.55653e-01 1.35e-04
6.56535e-01 1.35e-04
6.57416e-01 1.35e-04
6.58297e-01 1.34e-04
6.59177e-01 1.34e-04
6.60056e-01 1.34e-04
6.60934e-01 1.33e-04
6.61811e-01 1.33e-04
6.62688e-01 1.33e-04
6.63564e-01 1.32e-04
6.64439e-01 1.32e-04
6.65262e-01 1.32e-04
6.66136e-01 1.31e-04
6.67009e-01 1.31e-04
6.67881e-01 1.31e-04
6.68752e-01 1.30e-04
6.69623e-01 1.30e-04
6.70441e-01 1.30e-04
6.71310e-01 1.29e-04
6.72179e-01 1.29e-04
6.73047e-01 1.29e-04
6.73862e-01 1.29e-04
6.74729e-01 1.28e-04
6.75594e-01 1.28e-04
6.76408e-01 1.28e-04
6.77272e-01 1.27e-04
6.78135e-01 1.27e-04
6.78947e-01 1.27e-04
6.79809e-01 1.26e-04
6.80619e-01 1.26e-04
6.81479e-01 1.26e-04
6.82339e-01 1.25e-04
6.83147e-01 1.25e-04
6.84006e-01 1.25e-04
6.84813e-01 1.25e-04
6.85669e-01 1.24e-04
6.86475e-01 1.24e-04
6.87330e-01 1.24e-04
6.88135e-01 1.23e-04
6.88989e-01 1.23e-04
6.89792e-01 1.23e-04
6.90594e-01 1.23e-04
6.91446e-01 1.22e-04
6.92247e-01 1.22e-04
6.93097e-01 1.22e-04
6.93897e-01 1.21e-04
6.94696e-01 1.21e-04
6.95544e-01 1.21e-04
6.96342e-01 1.21e-04
6.97139e-01 1.20e-04
6.97985e-01 1.20e-04
6.98781e-01 1.20e-04
6.99576e-01 1.19e-04
7.00371e-01 1.19e-04
7.01215e-01 1.19e-04
7.02008e-01 1.19e-04
7.02800e-01 1.18e-04
7.03592e-01 1.18e-04
7.04384e-01 1.18e-04
7.05224e-01 1.18e-04
7.06014e-01 1.17e-04
7.06804e-01 1.17e-04
7.07592e-01 1.17e-04
7.08381e-01 1.16e-04
7.09168e-01 1.16e-04
7.09955e-01 1.16e-04
7.10741e-01 1.16e-04
7.11527e-01 1.15e-04
7.12361e-01 1.15e-04
7.13146e-01 1.15e-04
7.13930e-01 1.15e-04
7.14713e-01 1.14e-04
7.15496e-01 1.14e-04
7.16278e-01 1.14e-04
7.17059e-01 1.14e-04
7.17791e-01 1.13e-04
7.18571e-01 1.13e-04
7.19351e-01 1.13e-04
7.20130e-01 1.13e-04
7.20908e-01 1.12e-04
7.21686e-01 1.12e-04
7.22463e-01 1.12e-04
7.23240e-01 1.12e-04
7.24016e-01 1.11e-04
7.24743e-01 1.11e-04
7.25518e-01 1.11e-04
7.26292e-01 1.11e-04
7.27065e-01 1.10e-04
7.27838e-01 1.10e-04
7.28611e-01 1.10e-04
7.29334e-01 1.10e-04
7.30106e-01 1.09e-04
7.30876e-01 1.09e-04
7.31598e-01 1.09e-04
7.32368e-01 1.09e-04
7.33137e-01 1.09e-04
7.33905e-01 1.08e-04
7.34625e-01 1.08e-04
7.35392e-01 1.08e-04
7.36159e-01 1.08e-04
7.36877e-01 1.07e-04
7.37642e-01 1.07e-04
7.38360e-01 1.07e-04
7.39124e-01 1.07e-04
7.39888e-01 1.06e-04
7.40603e-01 1.06e-04
7.41366e-01 1.06e-04
7.42080e-01 1.06e-04
7.42842e-01 1.06e-04
7.43603e-01 1.05e-04
7.44315e-01 1.05e-04
7.45075e-01 1.05e-04
7.45787e-01 1.05e-04
7.46546e-01 1.05e-04
7.47257e-01 1.04e-04
7.47967e-01 1.04e-04
7.48724e-01 1.04e-04
7.49433e-01 1.04e-04
7.50189e-01 1.03e-04
7.50897e-01 1.03e-04
7.51652e-01 1.03e-04
7.52359e-01 1.03e-04
7.53066e-01 1.03e-04
7.53819e-01 1.02e-04
7.54524e-01 1.02e-04
7.55277e-01 1.02e-04
7.55981e-01 1.02e-04
7.56685e-01 1.02e-04
7.57436e-01 1.01e-04
7.58139e-01 1.01e-04
7.58841e-01 1.01e-04
7.59543e-01 1.01e-04
7.60292e-01 1.01e-04
7.60993e-01 1.00e-04
7.61693e-01 1.00e-04
7.62393e-01 9.99e-05
7.63140e-01 9.97e-05
7.63839e-01 9.95e-05
7.64537e-01 9.93e-05
7.65235e-01 9.91e-05
7.65979e-01 9.89e-05
7.66676e-01 9.87e-05
7.67373e-01 9.85e-05
7.68069e-01 9.83e-05
7.68765e-01 9.81e-05
7.69460e-01 9.79e-05
7.70155e-01 9.78e-05
7.70895e-01 9.76e-05
7.71589e-01 9.74e-05
7.72282e-01 9.72e-05
7.72974e-01 9.70e-05
7.73667e-01 9.68e-05
7.74358e-01 9.66e-05
7.75050e-01 9.64e-05
7.75740e-01 9.62e-05
7.76431e-01 9.60e-05
7.77121e-01 9.58e-05
7.77810e-01 9.57e-05
7.78499e-01 9.55e-05
7.79187e-01 9.53e-05
7.79875e-01 9.51e-05
7.80563e-01 9.49e-05
7.81250e-01 9.47e-05
7.81936e-01 9.46e-05
7.82622e-01 9.44e-05
7.83308e-01 9.42e-05
7.83993e-01 9.40e-05
7.84677e-01 9.38e-05
7.85362e-01 9.37e-05
7.86000e-01 9.35e-05
7.86683e-01 9.33e-05
7.87366e-01 9.31e-05
7.88048e-01 9.30e-05
7.88730e-01 9.28e-05
7.89411e-01 9.26e-05
7.90092e-01 9.24e-05
7.90728e-01 9.23e-05
7.91408e-01 9.21e-05
7.92087e-01 9.19e-05
7.92766e-01 9.18e-05
7.93445e-01 9.16e-05
7.94078e-01 9.14e-05
7.94756e-01 9.12e-05
7.95433e-01 9.11e-05
7.96110e-01 9.09e-05
7.96741e-01 9.07e-05
7.97417e-01 9.06e-05
7.98093e-01 9.04e-05
7.98768e-01 9.02e-05
7.99397e-01 9.01e-05
8.00071e-01 8.99e-05
8.00745e-01 8.97e-05
8.01374e-01 8.96e-05
8.02046e-01 8.94e-05
8.02719e-01 8.92e-05
8.03346e-01 8.91e-05
8.04017e-01 8.89e-05
8.04644e-01 8.88e-05
8.05314e-01 8.86e-05
8.05985e-01 8.84e-05
8.06610e-01 8.83e-05
8.07279e-01 8.81e-05
8.07903e-01 8.80e-05
8.08572e-01 8.78e-05
8.09240e-01 8.76e-05
8.09863e-01 8.75e-05
8.10530e-01 8.73e-05
8.11152e-01 8.72e-05
8.11819e-01 8.70e-05
8.12440e-01 8.68e-05
8.13106e-01 8.67e-05
8.13726e-01 8.65e-05
8.14391e-01 8.64e-05
8.15011e-01 8.62e-05
8.15674e-01 8.61e-05
8.16294e-01 8.59e-05
8.16956e-01 8.58e-05
8.17575e-01 8.56e-05
8.18193e-01 8.55e-05
8.18854e-01 8.53e-05
8.19471e-01 8.52e-05
8.20132e-01 8.50e-05
8.20749e-01 8.49e-05
8.21364e-01 8.47e-05
8.22024e-01 8.46e-05
8.22639e-01 8.44e-05
8.23298e-01 8.43e-05
8.23912e-01 8.41e-05
8.24526e-01 8.40e-05
8.25184e-01 8.38e-05
8.25797e-01 8.37e-05
8.26410e-01 8.35e-05
8.27066e-01 8.34e-05
8.27678e-01 8.33e-05
8.28290e-01 8.31e-05
8.28945e-01 8.30e-05
8.29556e-01 8.28e-05
8.30166e-01 8.27e-05
8.30776e-01 8.25e-05
8.31430e-01 8.24e-05
8.32039e-01 8.23e-05
8.32648e-01 8.21e-05
8.33257e-01 8.20e-05
8.33909e-01 8.18e-05
8.34517e-01 8.17e-05
8.35124e-01 8.16e-05
8.35731e-01 8.14e-05
8.36338e-01 8.13e-05
8.36988e-01 8.11e-05
8.37594e-01 8.10e-05
8.38199e-01 8.09e-05
8.38805e-01 8.07e-05
8.39410e-01 8.06e-05
8.40014e-01 8.05e-05
8.40618e-01 8.03e-05
8.41265e-01 8.02e-05
8.41869e-01 8.01e-05
8.42472e-01 7.99e-05
8.43075e-01 7.98e-05
8.43677e-01 7.97e-05
8.44279e-01 7.95e-05
8.44881e-01 7.94e-05
8.45482e-01 7.93e-05
8.46083e-01 7.91e-05
8.46683e-01 7.90e-05
8.47284e-01 7.89e-05
8.47883e-01 7.87e-05
8.48526e-01 7.86e-05
8.49125e-01 7.85e-05
8.49723e-01 7.83e-05
8.50322e-01 7.82e-05
8.50920e-01 7.81e-05
8.51518e-01 7.80e-05
8.52115e-01 7.78e-05
8.52712e-01 7.77e-05
8.53308e-01 7.76e-05
8.53862e-01 7.75e-05
8.54458e-01 7.73e-05
8.55053e-01 7.72e-05
8.55649e-01 7.71e-05
8.56243e-01 7.70e-05
8.56838e-01 7.68e-05
8.57432e-01 7.67e-05
8.58026e-01 7.66e-05
8.58619e-01 7.65e-05
8.59212e-01 7.63e-05
8.59805e-01 7.62e-05
8.60397e-01 7.61e-05
8.60947e-01 7.60e-05
8.61539e-01 7.59e-05
8.62130e-01 7.57e-05
8.62721e-01 7.56e-05
8.63312e-01 7.55e-05
8.63902e-01 7.54e-05
8.64492e-01 7.53e-05
8.65040e-01 7.51e-05
8.65629e-01 7.50e-05
8.66218e-01 7.49e-05
8.66806e-01 7.48e-05
8.67395e-01 7.47e-05
8.67940e-01 7.45e-05
8.68528e-01 7.44e-05
8.69115e-01 7.43e-05
8.69702e-01 7.42e-05
8.70289e-01 7.41e-05
8.70833e-01 7.40e-05
8.71419e-01 7.38e-05
8.72004e-01 7.37e-05
8.72548e-01 7.36e-05
8.73133e-01 7.35e-05
8.73717e-01 7.34e-05
8.74301e-01 7.33e-05
8.74844e-01 7.32e-05
8.75427e-01 7.30e-05
8.76010e-01 7.29e-05
8.76551e-01 7.28e-05
8.77134e-01 7.27e-05
8.77716e-01 7.26e-05
8.78257e-01 7.25e-05
8.78838e-01 7.24e-05
8.79419e-01 7.23e-05
8.79959e-01 7.21e-05
8.80539e-01 7.20e-05
8.81119e-01 7.19e-05
8.81658e-01 7.18e-05
8.82237e-01 7.17e-05
8.82775e-01 7.16e-05
8.83354e-01 7.15e-05
8.83933e-01 7.14e-05
8.84470e-01 7.13e-05
8.85048e-01 7.12e-05
8.85584e-01 7.10e-05
8.86161e-01 7.09e-05
8.86738e-01 7.08e-05
8.87274e-01 7.07e-05
8.87850e-01 7.06e-05
8.88385e-01 7.05e-05
8.88961e-01 7.04e-05
8.89248e-01 7.03e-05
8.89495e-01 7.13e-05
8.90070e-01 7.12e-05
8.90604e-01 7.11e-05
8.91178e-01 7.10e-05
8.91711e-01 7.09e-05
8.92285e-01 7.08e-05
8.92817e-01 7.07e-05
8.93391e-01 7.06e-05
8.93922e-01 7.05e-05
8.94495e-01 7.04e-05
8.95026e-01 7.03e-05
8.95598e-01 7.02e-05
8.96129e-01 7.01e-05
8.96700e-01 7.00e-05
8.97230e-01 6.99e-05
8.97760e-01 6.98e-05
8.98330e-01 6.97e-05
8.98860e-01 6.96e-05
8.99429e-01 6.95e-05
8.99958e-01 6.94e-05
9.00527e-01 6.93e-05
9.01055e-01 6.92e-05
9.01583e-01 6.91e-05
9.02151e-01 6.90e-05
9.02679e-01 6.89e-05
9.03205e-01 6.88e-05
9.03773e-01 6.87e-05
9.04299e-01 6.86e-05
9.04866e-01 6.85e-05
9.05392e-01 6.84e-05
9.05917e-01 6.83e-05
9.06483e-01 6.82e-05
9.07008e-01 6.81e-05
9.07532e-01 6.81e-05
9.08097e-01 6.80e-05
9.08621e-01 6.79e-05
9.09145e-01 6.78e-05
9.09669e-01 6.77e-05
9.10232e-01 6.76e-05
9.10755e-01 6.75e-05
9.11278e-01 6.74e-05
9.11841e-01 6.73e-05
9.12363e-01 6.72e-05
9.12885e-01 6.71e-05
9.13407e-01 6.70e-05
9.13968e-01 6.69e-05
9.14489e-01 6.69e-05
9.15010e-01 6.68e-05
9.15530e-01 6.67e-05
9.16091e-01 6.66e-05
9.16611e-01 6.65e-05
9.17130e-01 6.64e-05
9.17650e-01 6.63e-05
9.18169e-01 6.62e-05
9.18728e-01 6.61e-05
9.19246e-01 6.60e-05
9.19765e-01 6.60e-05
9.20283e-01 6.59e-05
9.20801e-01 6.58e-05
9.21358e-01 6.57e-05
9.21875e-01 6.56e-05
9.22392e-01 6.55e-05
9.22909e-01 6.54e-05
9.23425e-01 6.53e-05
9.23941e-01 6.53e-05
9.24457e-01 6.52e-05
9.25013e-01 6.51e-05
9.25528e-01 6.50e-05
9.26043e-01 6.49e-05
9.26558e-01 6.48e-05
9.27072e-01 6.47e-05
9.27587e-01 6.46e-05
9.28101e-01 6.46e-05
9.28614e-01 6.45e-05
9.29128e-01 6.44e-05
9.29681e-01 6.43e-05
9.30194e-01 6.42e-05
9.30706e-01 6.41e-05
9.31219e-01 6.41e-05
9.31731e-01 6.40e-05
9.32243e-01 6.39e-05
9.32754e-01 6.38e-05
9.33266e-01 6.37e-05
9.33777e-01 6.37e-05
9.34288e-01 6.36e-05
9.34798e-01 6.35e-05
9.35309e-01 6.34e-05
9.35819e-01 6.33e-05
9.36329e-01 6.32e-05
9.36838e-01 6.32e-05
9.37347e-01 6.31e-05
9.37857e-01 6.30e-05
9.38365e-01 6.29e-05
9.38874e-01 6.29e-05
9.39382e-01 6.28e-05
9.39890e-01 6.27e-05
9.40398e-01 6.26e-05
9.40905e-01 6.25e-05
9.41413e-01 6.25e-05
9.41919e-01 6.24e-05
9.42426e-01 6.23e-05
9.42933e-01 6.22e-05
9.43439e-01 6.22e-05
9.43945e-01 6.21e-05
9.44450e-01 6.20e-05
9.44956e-01 6.19e-05
9.45422e-01 6.18e-05
9.45927e-01 6.18e-05
9.46432e-01 6.17e-05
9.46936e-01 6.16e-05
9.47441e-01 6.16e-05
9.47944e-01 6.15e-05
9.48448e-01 6.14e-05
9.48952e-01 6.13e-05
9.49455e-01 6.13e-05
9.49919e-01 6.12e-05
9.50422e-01 6.11e-05
9.50924e-01 6.10e-05
9.51426e-01 6.10e-05
9.51928e-01 6.09e-05
9.52430e-01 6.08e-05
9.52931e-01 6.07e-05
9.53394e-01 6.07e-05
9.53895e-01 6.06e-05
9.54395e-01 6.05e-05
9.54896e-01 6.05e-05
9.55396e-01 6.04e-05
9.55896e-01 6.03e-05
9.56357e-01 6.02e-05
9.56857e-01 6.02e-05
9.57356e-01 6.01e-05
9.57855e-01 6.00e-05
9.58354e-01 6.00e-05
9.58814e-01 5.99e-05
9.59312e-01 5.98e-05
9.59810e-01 5.97e-05
9.60308e-01 5.97e-05
9.60767e-01 5.96e-05
9.61264e-01 5.95e-05
9.61761e-01 5.95e-05
9.62258e-01 5.94e-05
9.62716e-01 5.93e-05
9.62983e-01 5.93e-05
9.63212e-01 5.92e-05
9.63709e-01 5.92e-05
9.64204e-01 5.91e-05
9.64662e-01 5.90e-05
9.65157e-01 5.90e-05
9.65652e-01 5.89e-05
9.66147e-01 5.88e-05
9.66604e-01 5.87e-05
9.67098e-01 5.87e-05
9.67592e-01 5.86e-05
9.68048e-01 5.85e-05
9.68542e-01 5.85e-05
9.69035e-01 5.84e-05
9.69490e-01 5.84e-05
9.69983e-01 5.83e-05
9.70476e-01 5.82e-05
9.70930e-01 5.82e-05
9.71423e-01 5.81e-05
9.71915e-01 5.80e-05
9.72369e-01 5.80e-05
9.72860e-01 5.79e-05
9.73351e-01 5.78e-05
9.73805e-01 5.78e-05
9.74069e-01 5.77e-05
9.74295e-01 5.76e-05
9.74786e-01 5.75e-05
9.75239e-01 5.75e-05
9.75729e-01 5.74e-05
9.76181e-01 5.74e-05
9.76671e-01 5.73e-05
9.77160e-01 5.72e-05
9.77612e-01 5.72e-05
9.78101e-01 5.71e-05
9.78552e-01 5.71e-05
9.79040e-01 5.70e-05
9.79528e-01 5.69e-05
9.79979e-01 5.69e-05
9.80467e-01 5.68e-05
9.80917e-01 5.67e-05
9.81404e-01 5.67e-05
9.81891e-01 5.66e-05
9.82341e-01 5.66e-05
9.82827e-01 5.65e-05
9.83276e-01 5.64e-05
9.83762e-01 5.64e-05
9.84211e-01 5.63e-05
9.84697e-01 5.63e-05
9.85145e-01 5.62e-05
9.85630e-01 5.62e-05
9.86078e-01 5.61e-05
9.86563e-01 5.60e-05
9.87010e-01 5.60e-05
9.87494e-01 5.59e-05
9.87941e-01 5.59e-05
9.88425e-01 5.58e-05
9.88872e-01 5.57e-05
9.89355e-01 5.57e-05
9.89801e-01 5.56e-05
9.90284e-01 5.56e-05
9.90730e-01 5.55e-05
9.91213e-01 5.55e-05
9.91658e-01 5.54e-05
9.92140e-01 5.53e-05
9.92585e-01 5.53e-05
9.93067e-01 5.52e-05
9.93511e-01 5.52e-05
9.93992e-01 5.51e-05
1.00788e+00 5.35e-05
1.01968e+00 5.23e-05
1.03040e+00 5.13e-05
1.04091e+00 5.04e-05
1.04876e+00 4.97e-05
1.05814e+00 4.91e-05
1.06574e+00 4.86e-05
1.07531e+00 4.82e-05
1.08472e+00 4.78e-05
1.09397e+00 4.77e-05
1.10177e+00 4.77e-05
1.10562e+00 4.77e-05
1.11176e+00 4.79e-05
1.11553e+00 4.81e-05
1.11858e+00 4.82e-05
1.12272e+00 4.85e-05
1.12512e+00 4.87e-05
1.12532e+00 4.84e-05
1.12794e+00 4.87e-05
1.12979e+00 4.90e-05
1.13166e+00 4.92e-05
1.13201e+00 4.92e-05
1.13237e+00 4.93e-05
1.13276e+00 4.93e-05
1.13311e+00 4.94e-05
1.13350e+00 4.95e-05
1.13385e+00 4.95e-05
1.13424e+00 4.96e-05
1.13459e+00 4.96e-05
1.13498e+00 4.97e-05
1.13533e+00 4.97e-05
1.13572e+00 4.98e-05
1.13607e+00 4.99e-05
1.13645e+00 4.99e-05
1.13681e+00 5.00e-05
1.13716e+00 5.01e-05
1.13754e+00 5.01e-05
1.13790e+00 5.02e-05
1.13828e+00 5.03e-05
1.13863e+00 5.03e-05
1.13902e+00 5.04e-05
1.13937e+00 5.05e-05
1.13972e+00 5.06e-05
1.14011e+00 5.06e-05
1.14046e+00 5.07e-05
1.14084e+00 5.08e-05
1.14119e+00 5.09e-05
1.14158e+00 5.09e-05
1.14193e+00 5.10e-05
1.14228e+00 5.11e-05
1.14266e+00 5.12e-05
1.14301e+00 5.13e-05
1.14339e+00 5.14e-05
1.14374e+00 5.14e-05
1.14413e+00 5.15e-05
1.14448e+00 5.16e-05
1.14483e+00 5.17e-05
1.14521e+00 5.18e-05
1.14556e+00 5.19e-05
1.14594e+00 5.20e-05
1.14629e+00 5.21e-05
1.14664e+00 5.22e-05
1.14702e+00 5.23e-05
1.14737e+00 5.24e-05
1.14775e+00 5.25e-05
1.14810e+00 5.26e-05
1.14845e+00 5.27e-05
1.14883e+00 5.29e-05
1.14918e+00 5.30e-05
1.14956e+00 5.31e-05
1.14991e+00 5.32e-05
1.15026e+00 5.33e-05
1.15064e+00 5.34e-05
1.15098e+00 5.36e-05
1.15133e+00 5.37e-05
1.15171e+00 5.38e-05
1.15206e+00 5.40e-05
1.15244e+00 5.41e-05
1.15278e+00 5.42e-05
1.15313e+00 5.44e-05
1.15351e+00 5.45e-05
1.15386e+00 5.47e-05
1.15420e+00 5.48e-05
1.15458e+00 5.50e-05
1.15493e+00 5.51e-05
1.15528e+00 5.53e-05
1.15565e+00 5.54e-05
1.15600e+00 5.56e-05
1.15638e+00 5.58e-05
1.15672e+00 5.59e-05
1.15707e+00 5.61e-05
1.15745e+00 5.63e-05
1.15779e+00 5.65e-05
1.15814e+00 5.67e-05
1.15852e+00 5.69e-05
1.15886e+00 5.71e-05
1.15921e+00 5.73e-05
1.15958e+00 5.75e-05
1.15993e+00 5.77e-05
1.16027e+00 5.79e-05
1.16065e+00 5.82e-05
1.16099e+00 5.84e-05
1.16134e+00 5.87e-05
1.16171e+00 5.90e-05
1.16206e+00 5.93e-05
1.16240e+00 5.96e-05
1.16278e+00 6.00e-05
1.16312e+00 6.04e-05
1.16346e+00 6.10e-05
1.16365e+00 6.13e-05
1.16384e+00 6.17e-05
1.16399e+00 6.21e-05
1.16418e+00 6.26e-05
1.16437e+00 6.31e-05
1.16452e+00 6.39e-05
1.16471e+00 6.47e-05
1.16487e+00 6.58e-05
1.16506e+00 6.72e-05
1.16524e+00 6.89e-05
1.16540e+00 7.09e-05
1.16559e+00 7.31e-05
1.16577e+00 7.51e-05
1.16593e+00 7.62e-05
1.16612e+00 7.60e-05
1.16630e+00 7.47e-05
1.16664e+00 7.09e-05
1.16683e+00 6.93e-05
1.16699e+00 6.81e-05
1.16717e+00 6.71e-05
1.16736e+00 6.64e-05
1.16752e+00 6.59e-05
1.16770e+00 6.55e-05
1.16789e+00 6.52e-05
1.16805e+00 6.50e-05
1.16823e+00 6.49e-05
1.16842e+00 6.49e-05
1.16876e+00 6.48e-05
1.16910e+00 6.49e-05
1.16944e+00 6.51e-05
1.16982e+00 6.53e-05
1.17016e+00 6.55e-05
1.17050e+00 6.58e-05
1.17087e+00 6.61e-05
1.17121e+00 6.64e-05
1.17155e+00 6.67e-05
1.17189e+00 6.70e-05
1.17227e+00 6.74e-05
1.17261e+00 6.78e-05
1.17295e+00 6.81e-05
1.17332e+00 6.85e-05
1.17366e+00 6.89e-05
1.17400e+00 6.93e-05
1.17434e+00 6.98e-05
1.17471e+00 7.02e-05
1.17505e+00 7.07e-05
1.17539e+00 7.11e-05
1.17573e+00 7.16e-05
1.17610e+00 7.21e-05
1.17644e+00 7.26e-05
1.17678e+00 7.31e-05
1.17715e+00 7.37e-05
1.17749e+00 7.42e-05
1.17782e+00 7.48e-05
1.17816e+00 7.54e-05
1.17853e+00 7.60e-05
1.17887e+00 7.66e-05
1.17921e+00 7.72e-05
1.17955e+00 7.79e-05
1.17992e+00 7.85e-05
1.18025e+00 7.92e-05
1.18059e+00 7.99e-05
1.18093e+00 8.06e-05
1.18130e+00 8.14e-05
1.18164e+00 8.22e-05
1.18197e+00 8.29e-05
1.18231e+00 8.38e-05
1.18268e+00 8.46e-05
1.18283e+00 8.50e-05
1.18317e+00 8.59e-05
1.18354e+00 8.68e-05
1.18387e+00 8.77e-05
1.18421e+00 8.87e-05
1.18439e+00 8.94e-05
1.18473e+00 9.04e-05
1.18507e+00 9.14e-05
1.18540e+00 9.25e-05
1.18577e+00 9.37e-05
1.18610e+00 9.48e-05
1.18644e+00 9.60e-05
1.18678e+00 9.73e-05
1.18714e+00 9.86e-05
1.18748e+00 1.00e-04
1.18781e+00 1.01e-04
1.18815e+00 1.03e-04
1.18848e+00 1.04e-04
1.18885e+00 1.06e-04
1.18918e+00 1.08e-04
1.18952e+00 1.10e-04
1.18985e+00 1.11e-04
1.19022e+00 1.13e-04
1.19055e+00 1.16e-04
1.19089e+00 1.18e-04
1.19122e+00 1.20e-04
1.19156e+00 1.23e-04
1.19192e+00 1.25e-04
1.19225e+00 1.28e-04
1.19259e+00 1.31e-04
1.19292e+00 1.34e-04
1.19326e+00 1.38e-04
1.19344e+00 1.40e-04
1.19362e+00 1.42e-04
1.19377e+00 1.44e-04
1.19395e+00 1.46e-04
1.19410e+00 1.48e-04
1.19429e+00 1.50e-04
1.19447e+00 1.53e-04
1.19462e+00 1.55e-04
1.19480e+00 1.58e-04
1.19495e+00 1.61e-04
1.19513e+00 1.64e-04
1.19532e+00 1.67e-04
1.19547e+00 1.70e-04
1.19565e+00 1.74e-04
1.19580e+00 1.78e-04
1.19598e+00 1.82e-04
1.19616e+00 1.87e-04
1.19631e+00 1.92e-04
1.19649e+00 1.97e-04
1.19665e+00 2.03e-04
1.19683e+00 2.10e-04
1.19698e+00 2.17e-04
1.19716e+00 2.25e-04
1.19734e+00 2.35e-04
1.19749e+00 2.45e-04
1.19767e+00 2.57e-04
1.19782e+00 2.71e-04
1.19801e+00 2.87e-04
1.19819e+00 3.07e-04
1.19834e+00 3.30e-04
1.19852e+00 3.58e-04
1.19867e+00 3.92e-04
1.19885e+00 4.35e-04
1.19903e+00 4.89e-04
1.19918e+00 5.57e-04
1.19936e+00 6.41e-04
1.19951e+00 7.41e-04
1.19969e+00 8.49e-04
1.19987e+00 9.46e-04
1.20003e+00 1.00e-03
1.20021e+00 1.00e-03
1.20036e+00 9.54e-04
1.20054e+00 8.79e-04
1.20069e+00 8.07e-04
1.20087e+00 7.52e-04
1.20105e+00 7.19e-04
1.20120e+00 7.08e-04
1.20138e+00 7.20e-04
1.20153e+00 7.54e-04
1.20171e+00 8.14e-04
1.20189e+00 9.03e-04
1.20204e+00 1.03e-03
1.20222e+00 1.19e-03
1.20237e+00 1.39e-03
1.20255e+00 1.59e-03
1.20270e+00 1.75e-03
1.20288e+00 1.79e-03
1.20306e+00 1.70e-03
1.20321e+00 1.55e-03
1.20339e+00 1.38e-03
1.20354e+00 1.26e-03
1.20372e+00 1.18e-03
1.20390e+00 1.15e-03
1.20405e+00 1.17e-03
1.20423e+00 1.24e-03
1.20438e+00 1.32e-03
1.20456e+00 1.37e-03
1.20471e+00 1.37e-03
1.20489e+00 1.28e-03
1.20507e+00 1.15e-03
1.20522e+00 1.01e-03
1.20540e+00 8.81e-04
1.20555e+00 7.81e-04
1.20573e+00 7.03e-04
1.20591e+00 6.44e-04
1.20606e+00 6.00e-04
1.20624e+00 5.67e-04
1.20639e+00 5.41e-04
1.20657e+00 5.23e-04
1.20672e+00 5.09e-04
1.20690e+00 4.99e-04
1.20708e+00 4.92e-04
1.20723e+00 4.88e-04
1.20741e+00 4.86e-04
1.20756e+00 4.86e-04
1.20774e+00 4.88e-04
1.20789e+00 4.91e-04
1.20806e+00 4.96e-04
1.20824e+00 5.01e-04
1.20839e+00 5.08e-04
1.20857e+00 5.16e-04
1.20872e+00 5.25e-04
1.20890e+00 5.35e-04
1.20905e+00 5.47e-04
1.20923e+00 5.59e-04
1.20941e+00 5.72e-04
1.20956e+00 5.87e-04
1.20974e+00 6.03e-04
1.20989e+00 6.20e-04
1.21006e+00 6.39e-04
1.21021e+00 6.60e-04
1.21039e+00 6.83e-04
1.21057e+00 7.08e-04
1.21072e+00 7.35e-04
1.21090e+00 7.66e-04
1.21105e+00 8.00e-04
1.21123e+00 8.38e-04
1.21138e+00 8.80e-04
1.21155e+00 9.24e-04
1.21173e+00 9.66e-04
1.21188e+00 1.00e-03
1.21221e+00 1.07e-03
1.21239e+00 1.11e-03
1.21254e+00 1.15e-03
1.21271e+00 1.21e-03
1.21289e+00 1.27e-03
1.21304e+00 1.35e-03
1.21322e+00 1.43e-03
1.21337e+00 1.52e-03
1.21355e+00 1.61e-03
1.21387e+00 1.79e-03
1.21405e+00 1.89e-03
1.21420e+00 2.00e-03
1.21438e+00 2.14e-03
1.21453e+00 2.31e-03
1.21471e+00 2.51e-03
1.21485e+00 2.75e-03
1.21503e+00 3.04e-03
1.21521e+00 3.40e-03
1.21536e+00 3.89e-03
1.21554e+00 4.46e-03
1.21568e+00 5.18e-03
1.21586e+00 6.14e-03
1.21601e+00 7.44e-03
1.21619e+00 9.25e-03
1.21634e+00 1.19e-02
1.21651e+00 1.60e-02
1.21669e+00 2.28e-02
1.21684e+00 3.47e-02
1.21702e+00 5.67e-02
1.21717e+00 9.18e-02
1.21734e+00 1.27e-01
1.21749e+00 1.27e-01
1.21767e+00 9.20e-02
1.21782e+00 5.69e-02
1.21799e+00 3.48e-02
1.21817e+00 2.29e-02
1.21832e+00 1.61e-02
1.21850e+00 1.20e-02
1.21864e+00 9.38e-03
1.21882e+00 7.57e-03
1.21897e+00 6.28e-03
1.21915e+00 5.33e-03
1.21932e+00 4.61e-03
1.21947e+00 4.05e-03
1.21965e+00 3.58e-03
1.21980e+00 3.22e-03
1.21997e+00 2.92e-03
1.22012e+00 2.67e-03
1.22030e+00 2.46e-03
1.22045e+00 2.28e-03
1.22062e+00 2.12e-03
1.22080e+00 1.98e-03
1.22095e+00 1.85e-03
1.22112e+00 1.74e-03
1.22127e+00 1.64e-03
1.22145e+00 1.55e-03
1.22160e+00 1.47e-03
1.22177e+00 1.39e-03
1.22192e+00 1.32e-03
1.22210e+00 1.26e-03
1.22227e+00 1.20e-03
1.22242e+00 1.14e-03
1.22260e+00 1.09e-03
1.22275e+00 1.04e-03
1.22292e+00 1.00e-03
1.22307e+00 9.58e-04
1.22325e+00 9.20e-04
1.22339e+00 8.84e-04
1.22357e+00 8.50e-04
1.22372e+00 8.18e-04
1.22389e+00 7.89e-04
1.22407e+00 7.61e-04
1.22422e+00 7.34e-04
1.22439e+00 7.09e-04
1.22454e+00 6.86e-04
1.22472e+00 6.64e-04
1.22486e+00 6.43e-04
1.22504e+00 6.23e-04
1.22519e+00 6.04e-04
1.22536e+00 5.86e-04
1.22554e+00 5.69e-04
1.22569e+00 5.53e-04
1.22586e+00 5.38e-04
1.22601e+00 5.23e-04
1.22618e+00 5.09e-04
1.22633e+00 4.96e-04
1.22651e+00 4.84e-04
1.22665e+00 4.72e-04
1.22683e+00 4.60e-04
1.22698e+00 4.49e-04
1.22715e+00 4.38e-04
1.22733e+00 4.28e-04
1.22747e+00 4.19e-04
1.22765e+00 4.09e-04
1.22780e+00 4.00e-04
1.22797e+00 3.92e-04
1.22812e+00 3.83e-04
1.22829e+00 3.75e-04
1.22844e+00 3.68e-04
1.22862e+00 3.60e-04
1.22876e+00 3.53e-04
1.22894e+00 3.46e-04
1.22911e+00 3.40e-04
1.22926e+00 3.34e-04
1.22944e+00 3.27e-04
1.22958e+00 3.21e-04
1.22976e+00 3.16e-04
1.22990e+00 3.10e-04
1.23008e+00 3.05e-04
1.23023e+00 3.00e-04
1.23040e+00 2.95e-04
1.23055e+00 2.90e-04
1.23072e+00 2.85e-04
1.23090e+00 2.81e-04
1.23122e+00 2.72e-04
1.23154e+00 2.64e-04
1.23169e+00 2.60e-04
1.23201e+00 2.52e-04
1.23233e+00 2.45e-04
1.23265e+00 2.39e-04
1.23300e+00 2.32e-04
1.23332e+00 2.26e-04
1.23364e+00 2.21e-04
1.23396e+00 2.16e-04
1.23428e+00 2.10e-04
1.23460e+00 2.06e-04
1.23492e+00 2.01e-04
1.23524e+00 1.97e-04
1.23556e+00 1.93e-04
1.23588e+00 1.89e-04
1.23620e+00 1.85e-04
1.23652e+00 1.82e-04
1.23684e+00 1.78e-04
1.23719e+00 1.75e-04
1.23750e+00 1.72e-04
1.23782e+00 1.69e-04
1.23814e+00 1.66e-04
1.23846e+00 1.63e-04
1.23878e+00 1.61e-04
1.23910e+00 1.59e-04
1.23942e+00 1.56e-04
1.23974e+00 1.54e-04
1.24005e+00 1.52e-04
1.24037e+00 1.50e-04
1.24069e+00 1.48e-04
1.24101e+00 1.46e-04
1.24133e+00 1.44e-04
1.24164e+00 1.43e-04
1.24196e+00 1.41e-04
1.24231e+00 1.39e-04
1.24263e+00 1.38e-04
1.24294e+00 1.36e-04
1.24326e+00 1.35e-04
1.24358e+00 1.34e-04
1.24390e+00 1.32e-04
1.24421e+00 1.31e-04
1.24453e+00 1.30e-04
1.24485e+00 1.29e-04
1.24516e+00 1.28e-04
1.24548e+00 1.27e-04
1.24580e+00 1.26e-04
1.24611e+00 1.25e-04
1.24643e+00 1.24e-04
1.24674e+00 1.23e-04
1.24706e+00 1.23e-04
1.24738e+00 1.22e-04
1.24769e+00 1.21e-04
1.24801e+00 1.20e-04
1.24832e+00 1.20e-04
1.24867e+00 1.19e-04
1.24898e+00 1.19e-04
1.24930e+00 1.18e-04
1.24962e+00 1.17e-04
1.24993e+00 1.17e-04
1.25025e+00 1.17e-04
1.25056e+00 1.16e-04
1.25088e+00 1.16e-04
1.25119e+00 1.15e-04
1.25151e+00 1.15e-04
1.25182e+00 1.15e-04
1.25213e+00 1.14e-04
1.25245e+00 1.14e-04
1.25276e+00 1.14e-04
1.25308e+00 1.13e-04
1.25339e+00 1.13e-04
1.25371e+00 1.13e-04
1.25402e+00 1.13e-04
1.25433e+00 1.13e-04
1.25576e+00 1.12e-04
1.25715e+00 1.12e-04
1.25812e+00 1.12e-04
1.25875e+00 1.12e-04
1.25906e+00 1.12e-04
1.25937e+00 1.13e-04
1.25968e+00 1.13e-04
1.25999e+00 1.13e-04
1.26031e+00 1.13e-04
1.26062e+00 1.13e-04
1.26093e+00 1.13e-04
1.26124e+00 1.14e-04
1.26155e+00 1.14e-04
1.26186e+00 1.14e-04
1.26218e+00 1.14e-04
1.26249e+00 1.15e-04
1.26280e+00 1.15e-04
1.26311e+00 1.15e-04
1.26342e+00 1.16e-04
1.26373e+00 1.16e-04
1.26404e+00 1.16e-04
1.26435e+00 1.17e-04
1.26466e+00 1.17e-04
1.26497e+00 1.18e-04
1.26528e+00 1.18e-04
1.26559e+00 1.18e-04
1.26590e+00 1.19e-04
1.26621e+00 1.19e-04
1.26652e+00 1.20e-04
1.26683e+00 1.20e-04
1.26714e+00 1.21e-04
1.26745e+00 1.22e-04
1.26776e+00 1.22e-04
1.26807e+00 1.23e-04
1.26838e+00 1.23e-04
1.26869e+00 1.24e-04
1.26900e+00 1.25e-04
1.26931e+00 1.25e-04
1.26962e+00 1.26e-04
1.26993e+00 1.27e-04
1.27024e+00 1.27e-04
1.27055e+00 1.28e-04
1.27086e+00 1.29e-04
1.27116e+00 1.30e-04
1.27147e+00 1.30e-04
1.27178e+00 1.31e-04
1.27209e+00 1.32e-04
1.27240e+00 1.33e-04
1.27271e+00 1.34e-04
1.27301e+00 1.35e-04
1.27332e+00 1.36e-04
1.27363e+00 1.37e-04
1.27394e+00 1.37e-04
1.27424e+00 1.38e-04
1.27455e+00 1.39e-04
1.27486e+00 1.41e-04
1.27517e+00 1.42e-04
1.27547e+00 1.43e-04
1.27578e+00 1.44e-04
1.27609e+00 1.45e-04
1.27640e+00 1.46e-04
1.27670e+00 1.47e-04
1.27701e+00 1.49e-04
1.27732e+00 1.50e-04
1.27762e+00 1.51e-04
1.27793e+00 1.52e-04
1.27824e+00 1.54e-04
1.27854e+00 1.55e-04
1.27885e+00 1.57e-04
1.27915e+00 1.58e-04
1.27946e+00 1.59e-04
1.27977e+00 1.61e-04
1.28007e+00 1.63e-04
1.28038e+00 1.64e-04
1.28068e+00 1.66e-04
1.28099e+00 1.67e-04
1.28129e+00 1.69e-04
1.28160e+00 1.71e-04
1.28191e+00 1.73e-04
1.28221e+00 1.74e-04
1.28252e+00 1.76e-04
1.28282e+00 1.78e-04
1.28313e+00 1.80e-04
1.28343e+00 1.82e-04
1.28374e+00 1.84e-04
1.28404e+00 1.86e-04
1.28434e+00 1.89e-04
1.28465e+00 1.91e-04
1.28495e+00 1.93e-04
1.28526e+00 1.96e-04
1.28556e+00 1.98e-04
1.28587e+00 2.01e-04
1.28617e+00 2.04e-04
1.28647e+00 2.07e-04
1.28678e+00 2.09e-04
1.28708e+00 2.12e-04
1.28739e+00 2.16e-04
1.28769e+00 2.19e-04
1.28799e+00 2.22e-04
1.28830e+00 2.25e-04
1.28860e+00 2.29e-04
1.28890e+00 2.33e-04
1.28921e+00 2.36e-04
1.28951e+00 2.40e-04
1.28981e+00 2.44e-04
1.29011e+00 2.48e-04
1.29042e+00 2.53e-04
1.29072e+00 2.57e-04
1.29102e+00 2.61e-04
1.29132e+00 2.66e-04
1.29163e+00 2.71e-04
1.29193e+00 2.76e-04
1.29223e+00 2.81e-04
1.29253e+00 2.87e-04
1.29283e+00 2.92e-04
1.29314e+00 2.98e-04
1.29344e+00 3.04e-04
1.29374e+00 3.10e-04
1.29404e+00 3.17e-04
1.29434e+00 3.23e-04
1.29464e+00 3.30e-04
1.29495e+00 3.38e-04
1.29525e+00 3.45e-04
1.29555e+00 3.53e-04
1.29582e+00 3.61e-04
1.29612e+00 3.70e-04
1.29642e+00 3.79e-04
1.29673e+00 3.88e-04
1.29703e+00 3.98e-04
1.29733e+00 4.08e-04
1.29763e+00 4.19e-04
1.29793e+00 4.30e-04
1.29823e+00 4.42e-04
1.29853e+00 4.54e-04
1.29883e+00 4.67e-04
1.29913e+00 4.80e-04
1.29943e+00 4.95e-04
1.29973e+00 5.10e-04
1.30003e+00 5.25e-04
1.30033e+00 5.42e-04
1.30063e+00 5.60e-04
1.30093e+00 5.78e-04
1.30123e+00 5.98e-04
1.30139e+00 6.09e-04
1.30153e+00 6.19e-04
1.30169e+00 6.30e-04
1.30183e+00 6.41e-04
1.30199e+00 6.53e-04
1.30212e+00 6.65e-04
1.30229e+00 6.77e-04
1.30242e+00 6.90e-04
1.30259e+00 7.03e-04
1.30272e+00 7.17e-04
1.30286e+00 7.31e-04
1.30302e+00 7.46e-04
1.30316e+00 7.61e-04
1.30332e+00 7.76e-04
1.30346e+00 7.92e-04
1.30362e+00 8.09e-04
1.30375e+00 8.26e-04
1.30392e+00 8.44e-04
1.30405e+00 8.63e-04
1.30422e+00 8.82e-04
1.30435e+00 8.99e-04
1.30451e+00 9.16e-04
1.30465e+00 9.33e-04
1.30481e+00 9.50e-04
1.30495e+00 9.68e-04
1.30511e+00 9.87e-04
1.30525e+00 1.01e-03
1.30541e+00 1.03e-03
1.30555e+00 1.05e-03
1.30571e+00 1.07e-03
1.30584e+00 1.09e-03
1.30601e+00 1.11e-03
1.30614e+00 1.13e-03
1.30630e+00 1.16e-03
1.30644e+00 1.18e-03
1.30660e+00 1.21e-03
1.30674e+00 1.23e-03
1.30690e+00 1.26e-03
1.30703e+00 1.29e-03
1.30720e+00 1.32e-03
1.30733e+00 1.35e-03
1.30749e+00 1.38e-03
1.30763e+00 1.41e-03
1.30779e+00 1.45e-03
1.30793e+00 1.48e-03
1.30809e+00 1.52e-03
1.30822e+00 1.56e-03
1.30839e+00 1.60e-03
1.30852e+00 1.64e-03
1.30868e+00 1.68e-03
1.30882e+00 1.72e-03
1.30898e+00 1.77e-03
1.30912e+00 1.82e-03
1.30925e+00 1.87e-03
1.30941e+00 1.92e-03
1.30955e+00 1.98e-03
1.30971e+00 2.04e-03
1.30985e+00 2.10e-03
1.31001e+00 2.16e-03
1.31014e+00 2.23e-03
1.31030e+00 2.29e-03
1.31044e+00 2.37e-03
1.31060e+00 2.44e-03
1.31074e+00 2.52e-03
1.31090e+00 2.61e-03
1.31103e+00 2.70e-03
1.31119e+00 2.79e-03
1.31133e+00 2.89e-03
1.31149e+00 2.99e-03
1.31162e+00 3.10e-03
1.31179e+00 3.22e-03
1.31192e+00 3.34e-03
1.31208e+00 3.47e-03
1.31222e+00 3.61e-03
1.31238e+00 3.75e-03
1.31251e+00 3.91e-03
1.31267e+00 4.07e-03
1.31281e+00 4.24e-03
1.31297e+00 4.43e-03
1.31311e+00 4.62e-03
1.31327e+00 4.82e-03
1.31340e+00 5.04e-03
1.31356e+00 5.27e-03
1.31370e+00 5.51e-03
1.31386e+00 5.78e-03
1.31399e+00 6.06e-03
1.31415e+00 6.36e-03
1.31429e+00 6.69e-03
1.31445e+00 7.04e-03
1.31458e+00 7.43e-03
1.31474e+00 7.84e-03
1.31488e+00 8.29e-03
1.31504e+00 8.79e-03
1.31517e+00 9.32e-03
1.31531e+00 9.91e-03
1.31547e+00 1.06e-02
1.31560e+00 1.13e-02
1.31576e+00 1.21e-02
1.31590e+00 1.29e-02
1.31606e+00 1.39e-02
1.31619e+00 1.50e-02
1.31635e+00 1.62e-02
1.31649e+00 1.76e-02
1.31665e+00 1.91e-02
1.31678e+00 2.09e-02
1.31694e+00 2.28e-02
1.31708e+00 2.39e-02
1.31724e+00 2.45e-02
1.31737e+00 2.52e-02
1.31753e+00 2.60e-02
1.31767e+00 2.68e-02
1.31783e+00 2.76e-02
1.31796e+00 2.85e-02
1.31812e+00 2.95e-02
1.31826e+00 3.05e-02
1.31842e+00 3.17e-02
1.31855e+00 3.30e-02
1.31871e+00 3.44e-02
1.31884e+00 3.50e-02
1.31901e+00 3.44e-02
1.31914e+00 3.36e-02
1.31930e+00 3.31e-02
1.31943e+00 3.35e-02
1.31959e+00 3.60e-02
1.31973e+00 4.29e-02
1.31989e+00 6.05e-02
1.32002e+00 1.10e-01
1.32018e+00 3.05e-01
1.32031e+00 1.02e+00
1.32048e+00 6.94e-01
1.32061e+00 2.14e-01
1.32077e+00 8.76e-02
1.32090e+00 5.22e-02
1.32106e+00 3.91e-02
1.32120e+00 3.39e-02
1.32133e+00 3.22e-02
1.32149e+00 3.20e-02
1.32162e+00 3.26e-02
1.32178e+00 3.33e-02
1.32192e+00 3.34e-02
1.32208e+00 3.23e-02
1.32221e+00 3.08e-02
1.32237e+00 2.96e-02
1.32250e+00 2.84e-02
1.32266e+00 2.74e-02
1.32280e+00 2.64e-02
1.32296e+00 2.56e-02
1.32309e+00 2.48e-02
1.32325e+00 2.41e-02
1.32338e+00 2.34e-02
1.32354e+00 2.28e-02
1.32367e+00 2.22e-02
1.32383e+00 2.07e-02
1.32397e+00 1.90e-02
1.32413e+00 1.74e-02
1.32426e+00 1.60e-02
1.32442e+00 1.47e-02
1.32455e+00 1.37e-02
1.32471e+00 1.27e-02
1.32484e+00 1.18e-02
1.32500e+00 1.10e-02
1.32514e+00 1.04e-02
1.32530e+00 9.72e-03
1.32543e+00 9.14e-03
1.32559e+00 8.61e-03
1.32572e+00 8.13e-03
1.32588e+00 7.69e-03
1.32601e+00 7.28e-03
1.32617e+00 6.90e-03
1.32631e+00 6.56e-03
1.32646e+00 6.24e-03
1.32660e+00 5.94e-03
1.32676e+00 5.66e-03
1.32689e+00 5.41e-03
1.32705e+00 5.17e-03
1.32718e+00 4.94e-03
1.32734e+00 4.73e-03
1.32747e+00 4.54e-03
1.32761e+00 4.36e-03
1.32776e+00 4.18e-03
1.32790e+00 4.02e-03
1.32806e+00 3.86e-03
1.32819e+00 3.72e-03
1.32835e+00 3.58e-03
1.32848e+00 3.45e-03
1.32864e+00 3.33e-03
1.32877e+00 3.21e-03
1.32893e+00 3.11e-03
1.32906e+00 3.00e-03
1.32922e+00 2.90e-03
1.32935e+00 2.81e-03
1.32951e+00 2.72e-03
1.32964e+00 2.64e-03
1.32980e+00 2.56e-03
1.32994e+00 2.49e-03
1.33009e+00 2.41e-03
1.33023e+00 2.34e-03
1.33039e+00 2.28e-03
1.33052e+00 2.22e-03
1.33068e+00 2.16e-03
1.33081e+00 2.10e-03
1.33097e+00 2.04e-03
1.33110e+00 1.99e-03
1.33126e+00 1.94e-03
1.33139e+00 1.89e-03
1.33155e+00 1.85e-03
1.33168e+00 1.80e-03
1.33184e+00 1.76e-03
1.33197e+00 1.72e-03
1.33213e+00 1.68e-03
1.33226e+00 1.64e-03
1.33242e+00 1.61e-03
1.33255e+00 1.57e-03
1.33271e+00 1.54e-03
1.33284e+00 1.51e-03
1.33300e+00 1.48e-03
1.33313e+00 1.45e-03
1.33329e+00 1.42e-03
1.33342e+00 1.39e-03
1.33358e+00 1.36e-03
1.33371e+00 1.34e-03
1.33387e+00 1.31e-03
1.33400e+00 1.29e-03
1.33416e+00 1.27e-03
1.33429e+00 1.24e-03
1.33445e+00 1.22e-03
1.33458e+00 1.20e-03
1.33471e+00 1.18e-03
1.33487e+00 1.16e-03
1.33500e+00 1.14e-03
1.33516e+00 1.12e-03
1.33529e+00 1.10e-03
1.33558e+00 1.07e-03
1.33587e+00 1.04e-03
1.33616e+00 1.01e-03
1.33632e+00 9.90e-04
1.33645e+00 9.72e-04
1.33661e+00 9.55e-04
1.33674e+00 9.38e-04
1.33703e+00 9.05e-04
1.33731e+00 8.75e-04
1.33760e+00 8.46e-04
1.33789e+00 8.18e-04
1.33818e+00 7.92e-04
1.33847e+00 7.67e-04
1.33876e+00 7.44e-04
1.33905e+00 7.21e-04
1.33933e+00 7.00e-04
1.33962e+00 6.81e-04
1.33991e+00 6.62e-04
1.34020e+00 6.45e-04
1.34049e+00 6.28e-04
1.34077e+00 6.13e-04
1.34106e+00 5.98e-04
1.34135e+00 5.84e-04
1.34164e+00 5.71e-04
1.34192e+00 5.58e-04
1.34221e+00 5.45e-04
1.34250e+00 5.32e-04
1.34279e+00 5.20e-04
1.34307e+00 5.07e-04
1.34336e+00 4.95e-04
1.34365e+00 4.84e-04
1.34393e+00 4.72e-04
1.34422e+00 4.61e-04
1.34451e+00 4.51e-04
1.34480e+00 4.41e-04
1.34508e+00 4.32e-04
1.34537e+00 4.23e-04
1.34565e+00 4.14e-04
1.34594e+00 4.06e-04
1.34623e+00 3.99e-04
1.34651e+00 3.92e-04
1.34680e+00 3.86e-04
1.34709e+00 3.80e-04
1.34737e+00 3.74e-04
1.34766e+00 3.69e-04
1.34794e+00 3.64e-04
1.34823e+00 3.59e-04
1.34851e+00 3.55e-04
1.34880e+00 3.51e-04
1.34909e+00 3.47e-04
1.34937e+00 3.44e-04
1.34966e+00 3.41e-04
1.34994e+00 3.38e-04
1.35023e+00 3.35e-04
1.35051e+00 3.32e-04
1.35080e+00 3.30e-04
1.35108e+00 3.28e-04
1.35137e+00 3.25e-04
1.35165e+00 3.23e-04
1.35194e+00 3.21e-04
1.35222e+00 3.20e-04
1.35250e+00 3.18e-04
1.35279e+00 3.17e-04
1.35307e+00 3.16e-04
1.35336e+00 3.15e-04
1.35364e+00 3.15e-04
1.35377e+00 3.14e-04
1.35421e+00 3.15e-04
1.35449e+00 3.15e-04
1.35478e+00 3.16e-04
1.35506e+00 3.17e-04
1.35535e+00 3.19e-04
1.35563e+00 3.21e-04
1.35591e+00 3.23e-04
1.35620e+00 3.26e-04
1.35648e+00 3.29e-04
1.35676e+00 3.33e-04
1.35705e+00 3.37e-04
1.35733e+00 3.42e-04
1.35761e+00 3.47e-04
1.35789e+00 3.53e-04
1.35818e+00 3.59e-04
1.35846e+00 3.66e-04
1.35874e+00 3.74e-04
1.35903e+00 3.82e-04
1.35931e+00 3.91e-04
1.35959e+00 4.01e-04
1.35987e+00 4.11e-04
1.36016e+00 4.22e-04
1.36044e+00 4.34e-04
1.36072e+00 4.47e-04
1.36100e+00 4.60e-04
1.36128e+00 4.74e-04
1.36157e+00 4.88e-04
1.36185e+00 5.03e-04
1.36213e+00 5.18e-04
1.36241e+00 5.34e-04
1.36269e+00 5.51e-04
1.36285e+00 5.60e-04
1.36297e+00 5.69e-04
1.36313e+00 5.79e-04
1.36326e+00 5.88e-04
1.36341e+00 5.99e-04
1.36354e+00 6.10e-04
1.36369e+00 6.21e-04
1.36382e+00 6.33e-04
1.36397e+00 6.46e-04
1.36410e+00 6.59e-04
1.36425e+00 6.73e-04
1.36438e+00 6.89e-04
1.36453e+00 7.05e-04
1.36466e+00 7.22e-04
1.36482e+00 7.41e-04
1.36494e+00 7.61e-04
1.36510e+00 7.83e-04
1.36522e+00 8.07e-04
1.36538e+00 8.32e-04
1.36550e+00 8.60e-04
1.36566e+00 8.90e-04
1.36579e+00 9.23e-04
1.36594e+00 9.58e-04
1.36607e+00 9.97e-04
1.36622e+00 1.04e-03
1.36635e+00 1.09e-03
1.36650e+00 1.14e-03
1.36663e+00 1.19e-03
1.36678e+00 1.25e-03
1.36691e+00 1.32e-03
1.36706e+00 1.39e-03
1.36719e+00 1.47e-03
1.36734e+00 1.55e-03
1.36747e+00 1.65e-03
1.36762e+00 1.75e-03
1.36775e+00 1.87e-03
1.36790e+00 1.99e-03
1.36803e+00 2.12e-03
1.36818e+00 2.26e-03
1.36831e+00 2.41e-03
1.36846e+00 2.58e-03
1.36859e+00 2.75e-03
1.36874e+00 2.92e-03
1.36887e+00 3.10e-03
1.36902e+00 3.27e-03
1.36915e+00 3.44e-03
1.36930e+00 3.59e-03
1.36945e+00 3.72e-03
1.36958e+00 3.82e-03
1.36973e+00 3.89e-03
1.36986e+00 3.92e-03
1.37001e+00 3.91e-03
1.37014e+00 3.86e-03
1.37029e+00 3.78e-03
1.37042e+00 3.67e-03
1.37057e+00 3.53e-03
1.37070e+00 3.37e-03
1.37085e+00 3.20e-03
1.37113e+00 2.84e-03
1.37126e+00 2.67e-03
1.37141e+00 2.50e-03
1.37154e+00 2.34e-03
1.37169e+00 2.19e-03
1.37182e+00 2.05e-03
1.37197e+00 1.92e-03
1.37209e+00 1.80e-03
1.37225e+00 1.68e-03
1.37237e+00 1.58e-03
1.37252e+00 1.49e-03
1.37265e+00 1.40e-03
1.37280e+00 1.32e-03
1.37293e+00 1.25e-03
1.37308e+00 1.18e-03
1.37321e+00 1.12e-03
1.37336e+00 1.06e-03
1.37349e+00 1.01e-03
1.37364e+00 9.65e-04
1.37377e+00 9.21e-04
1.37392e+00 8.81e-04
1.37404e+00 8.43e-04
1.37420e+00 8.08e-04
1.37435e+00 7.76e-04
1.37447e+00 7.46e-04
1.37463e+00 7.18e-04
1.37475e+00 6.93e-04
1.37490e+00 6.68e-04
1.37503e+00 6.46e-04
1.37518e+00 6.25e-04
1.37531e+00 6.05e-04
1.37546e+00 5.87e-04
1.37559e+00 5.69e-04
1.37574e+00 5.53e-04
1.37587e+00 5.38e-04
1.37602e+00 5.24e-04
1.37614e+00 5.10e-04
1.37629e+00 4.97e-04
1.37642e+00 4.85e-04
1.37657e+00 4.74e-04
1.37670e+00 4.63e-04
1.37685e+00 4.53e-04
1.37698e+00 4.43e-04
1.37713e+00 4.34e-04
1.37725e+00 4.25e-04
1.37740e+00 4.17e-04
1.37753e+00 4.09e-04
1.37768e+00 4.02e-04
1.37783e+00 3.94e-04
1.37796e+00 3.88e-04
1.37811e+00 3.81e-04
1.37824e+00 3.75e-04
1.37839e+00 3.69e-04
1.37851e+00 3.63e-04
1.37867e+00 3.58e-04
1.37879e+00 3.53e-04
1.37894e+00 3.48e-04
1.37907e+00 3.43e-04
1.37922e+00 3.38e-04
1.37935e+00 3.34e-04
1.37950e+00 3.30e-04
1.37962e+00 3.26e-04
1.37990e+00 3.18e-04
1.38018e+00 3.11e-04
1.38045e+00 3.04e-04
1.38073e+00 2.98e-04
1.38103e+00 2.93e-04
1.38131e+00 2.88e-04
1.38158e+00 2.83e-04
1.38186e+00 2.79e-04
1.38214e+00 2.75e-04
1.38241e+00 2.71e-04
1.38269e+00 2.67e-04
1.38296e+00 2.64e-04
1.38324e+00 2.61e-04
1.38352e+00 2.58e-04
1.38379e+00 2.55e-04
1.38407e+00 2.53e-04
1.38422e+00 2.52e-04
1.38434e+00 2.51e-04
1.38462e+00 2.49e-04
1.38489e+00 2.47e-04
1.38517e+00 2.45e-04
1.38544e+00 2.43e-04
1.38572e+00 2.42e-04
1.38602e+00 2.40e-04
1.38629e+00 2.39e-04
1.38657e+00 2.38e-04
1.38684e+00 2.37e-04
1.38712e+00 2.36e-04
1.38739e+00 2.35e-04
1.38767e+00 2.34e-04
1.38794e+00 2.33e-04
1.38822e+00 2.32e-04
1.38849e+00 2.32e-04
1.38877e+00 2.31e-04
1.38904e+00 2.31e-04
1.38931e+00 2.30e-04
1.38959e+00 2.30e-04
1.38986e+00 2.30e-04
1.39083e+00 2.29e-04
1.39165e+00 2.29e-04
1.39223e+00 2.29e-04
1.39250e+00 2.30e-04
1.39277e+00 2.30e-04
1.39305e+00 2.30e-04
1.39332e+00 2.31e-04
1.39359e+00 2.31e-04
1.39387e+00 2.32e-04
1.39414e+00 2.32e-04
1.39441e+00 2.33e-04
1.39468e+00 2.33e-04
1.39496e+00 2.34e-04
1.39523e+00 2.35e-04
1.39553e+00 2.35e-04
1.39580e+00 2.36e-04
1.39607e+00 2.37e-04
1.39634e+00 2.38e-04
1.39662e+00 2.39e-04
1.39689e+00 2.39e-04
1.39716e+00 2.40e-04
1.39743e+00 2.41e-04
1.39770e+00 2.42e-04
1.39798e+00 2.43e-04
1.39825e+00 2.45e-04
1.39854e+00 2.46e-04
1.39882e+00 2.47e-04
1.39909e+00 2.48e-04
1.39936e+00 2.49e-04
1.39963e+00 2.51e-04
1.39990e+00 2.52e-04
1.40017e+00 2.53e-04
1.40044e+00 2.55e-04
1.40071e+00 2.56e-04
1.40099e+00 2.58e-04
1.40128e+00 2.59e-04
1.40155e+00 2.61e-04
1.40182e+00 2.62e-04
1.40209e+00 2.64e-04
1.40236e+00 2.66e-04
1.40264e+00 2.67e-04
1.40291e+00 2.69e-04
1.40318e+00 2.71e-04
1.40345e+00 2.73e-04
1.40374e+00 2.75e-04
1.40401e+00 2.77e-04
1.40428e+00 2.79e-04
1.40455e+00 2.81e-04
1.40482e+00 2.83e-04
1.40509e+00 2.85e-04
1.40536e+00 2.87e-04
1.40563e+00 2.89e-04
1.40590e+00 2.91e-04
1.40620e+00 2.94e-04
1.40646e+00 2.96e-04
1.40673e+00 2.98e-04
1.40700e+00 3.01e-04
1.40727e+00 3.03e-04
1.40754e+00 3.06e-04
1.40781e+00 3.08e-04
1.40808e+00 3.11e-04
1.40837e+00 3.14e-04
1.40864e+00 3.17e-04
1.40891e+00 3.20e-04
1.40918e+00 3.23e-04
1.40945e+00 3.26e-04
1.40972e+00 3.29e-04
1.40999e+00 3.32e-04
1.41025e+00 3.35e-04
1.41055e+00 3.39e-04
1.41082e+00 3.42e-04
1.41108e+00 3.46e-04
1.41135e+00 3.50e-04
1.41162e+00 3.54e-04
1.41189e+00 3.58e-04
1.41216e+00 3.62e-04
1.41245e+00 3.66e-04
1.41272e+00 3.71e-04
1.41298e+00 3.75e-04
1.41325e+00 3.80e-04
1.41352e+00 3.85e-04
1.41379e+00 3.90e-04
1.41406e+00 3.95e-04
1.41435e+00 4.00e-04
1.41461e+00 4.05e-04
1.41488e+00 4.10e-04
1.41515e+00 4.15e-04
1.41542e+00 4.20e-04
1.41568e+00 4.25e-04
1.41595e+00 4.30e-04
1.41624e+00 4.35e-04
1.41651e+00 4.40e-04
1.41678e+00 4.44e-04
1.41704e+00 4.48e-04
1.41731e+00 4.51e-04
1.41745e+00 4.53e-04
1.41772e+00 4.56e-04
1.41799e+00 4.58e-04
1.41825e+00 4.60e-04
1.41840e+00 4.61e-04
1.41866e+00 4.62e-04
1.41881e+00 4.62e-04
1.41920e+00 4.62e-04
1.41946e+00 4.61e-04
1.41975e+00 4.61e-04
1.42002e+00 4.59e-04
1.42029e+00 4.58e-04
1.42055e+00 4.56e-04
1.42082e+00 4.54e-04
1.42108e+00 4.51e-04
1.42137e+00 4.49e-04
1.42164e+00 4.46e-04
1.42190e+00 4.44e-04
1.42217e+00 4.41e-04
1.42243e+00 4.39e-04
1.42272e+00 4.36e-04
1.42299e+00 4.34e-04
1.42325e+00 4.32e-04
1.42352e+00 4.29e-04
1.42378e+00 4.27e-04
1.42405e+00 4.25e-04
1.42434e+00 4.23e-04
1.42460e+00 4.21e-04
1.42487e+00 4.20e-04
1.42513e+00 4.18e-04
1.42539e+00 4.17e-04
1.42568e+00 4.16e-04
1.42595e+00 4.14e-04
1.42621e+00 4.13e-04
1.42648e+00 4.12e-04
1.42674e+00 4.11e-04
1.42700e+00 4.10e-04
1.42729e+00 4.09e-04
1.42756e+00 4.09e-04
1.42782e+00 4.08e-04
1.42808e+00 4.07e-04
1.42835e+00 4.07e-04
1.43010e+00 4.05e-04
1.43210e+00 4.04e-04
1.43413e+00 4.04e-04
1.43506e+00 4.05e-04
1.43518e+00 4.05e-04
1.43787e+00 4.07e-04
1.43920e+00 4.08e-04
1.44000e+00 4.09e-04
1.44081e+00 4.10e-04
1.44107e+00 4.10e-04
1.44133e+00 4.11e-04
1.44159e+00 4.11e-04
1.44187e+00 4.12e-04
1.44213e+00 4.12e-04
1.44239e+00 4.13e-04
1.44265e+00 4.13e-04
1.44293e+00 4.14e-04
1.44319e+00 4.14e-04
1.44345e+00 4.15e-04
1.44371e+00 4.16e-04
1.44400e+00 4.17e-04
1.44426e+00 4.17e-04
1.44452e+00 4.18e-04
1.44478e+00 4.19e-04
1.44506e+00 4.20e-04
1.44532e+00 4.21e-04
1.44558e+00 4.22e-04
1.44586e+00 4.24e-04
1.44612e+00 4.25e-04
1.44638e+00 4.27e-04
1.44664e+00 4.28e-04
1.44692e+00 4.30e-04
1.44718e+00 4.32e-04
1.44744e+00 4.34e-04
1.44772e+00 4.37e-04
1.44798e+00 4.39e-04
1.44824e+00 4.42e-04
1.44849e+00 4.46e-04
1.44878e+00 4.50e-04
1.44903e+00 4.54e-04
1.44929e+00 4.59e-04
1.44957e+00 4.64e-04
1.44983e+00 4.70e-04
1.45009e+00 4.76e-04
1.45037e+00 4.83e-04
1.45063e+00 4.90e-04
1.45089e+00 4.97e-04
1.45115e+00 5.04e-04
1.45129e+00 5.07e-04
1.45143e+00 5.10e-04
1.45154e+00 5.12e-04
1.45168e+00 5.14e-04
1.45182e+00 5.16e-04
1.45194e+00 5.17e-04
1.45208e+00 5.18e-04
1.45222e+00 5.18e-04
1.45248e+00 5.18e-04
1.45274e+00 5.18e-04
1.45313e+00 5.17e-04
1.45342e+00 5.16e-04
1.45367e+00 5.17e-04
1.45381e+00 5.18e-04
1.45393e+00 5.19e-04
1.45407e+00 5.20e-04
1.45421e+00 5.21e-04
1.45433e+00 5.23e-04
1.45447e+00 5.25e-04
1.45458e+00 5.28e-04
1.45472e+00 5.30e-04
1.45486e+00 5.33e-04
1.45498e+00 5.37e-04
1.45512e+00 5.40e-04
1.45538e+00 5.48e-04
1.45566e+00 5.57e-04
1.45591e+00 5.67e-04
1.45617e+00 5.78e-04
1.45645e+00 5.90e-04
1.45657e+00 5.97e-04
1.45671e+00 6.03e-04
1.45685e+00 6.10e-04
1.45696e+00 6.18e-04
1.45710e+00 6.26e-04
1.45724e+00 6.34e-04
1.45736e+00 6.44e-04
1.45750e+00 6.53e-04
1.45764e+00 6.64e-04
1.45775e+00 6.75e-04
1.45789e+00 6.87e-04
1.45803e+00 6.99e-04
1.45815e+00 7.12e-04
1.45829e+00 7.26e-04
1.45855e+00 7.54e-04
1.45882e+00 7.83e-04
1.45896e+00 7.97e-04
1.45908e+00 8.10e-04
1.45922e+00 8.23e-04
1.45936e+00 8.34e-04
1.45948e+00 8.44e-04
1.45961e+00 8.52e-04
1.45975e+00 8.58e-04
1.45987e+00 8.63e-04
1.46001e+00 8.65e-04
1.46015e+00 8.65e-04
1.46026e+00 8.63e-04
1.46040e+00 8.60e-04
1.46054e+00 8.54e-04
1.46066e+00 8.48e-04
1.46080e+00 8.40e-04
1.46094e+00 8.31e-04
1.46105e+00 8.21e-04
1.46119e+00 8.10e-04
1.46133e+00 7.99e-04
1.46159e+00 7.76e-04
1.46184e+00 7.51e-04
1.46212e+00 7.26e-04
1.46238e+00 7.01e-04
1.46263e+00 6.77e-04
1.46277e+00 6.65e-04
1.46291e+00 6.54e-04
1.46305e+00 6.43e-04
1.46316e+00 6.32e-04
1.46330e+00 6.22e-04
1.46344e+00 6.13e-04
1.46356e+00 6.04e-04
1.46370e+00 5.96e-04
1.46383e+00 5.88e-04
1.46395e+00 5.80e-04
1.46409e+00 5.73e-04
1.46423e+00 5.67e-04
1.46434e+00 5.61e-04
1.46448e+00 5.55e-04
1.46462e+00 5.50e-04
1.46474e+00 5.46e-04
1.46487e+00 5.41e-04
1.46501e+00 5.38e-04
1.46515e+00 5.34e-04
1.46541e+00 5.28e-04
1.46566e+00 5.23e-04
1.46594e+00 5.19e-04
1.46619e+00 5.16e-04
1.46644e+00 5.14e-04
1.46672e+00 5.12e-04
1.46698e+00 5.11e-04
1.46711e+00 5.11e-04
1.46751e+00 5.11e-04
1.46764e+00 5.11e-04
1.46790e+00 5.12e-04
1.46817e+00 5.13e-04
1.46843e+00 5.15e-04
1.46868e+00 5.17e-04
1.46896e+00 5.20e-04
1.46921e+00 5.24e-04
1.46949e+00 5.27e-04
1.46974e+00 5.32e-04
1.46999e+00 5.36e-04
1.47027e+00 5.42e-04
1.47052e+00 5.48e-04
1.47066e+00 5.51e-04
1.47091e+00 5.58e-04
1.47119e+00 5.65e-04
1.47144e+00 5.73e-04
1.47171e+00 5.82e-04
1.47197e+00 5.92e-04
1.47222e+00 6.02e-04
1.47249e+00 6.14e-04
1.47275e+00 6.27e-04
1.47302e+00 6.40e-04
1.47327e+00 6.55e-04
1.47341e+00 6.63e-04
1.47353e+00 6.72e-04
1.47366e+00 6.80e-04
1.47380e+00 6.89e-04
1.47394e+00 6.99e-04
1.47405e+00 7.09e-04
1.47419e+00 7.19e-04
1.47433e+00 7.30e-04
1.47447e+00 7.42e-04
1.47458e+00 7.53e-04
1.47472e+00 7.66e-04
1.47485e+00 7.79e-04
1.47497e+00 7.93e-04
1.47511e+00 8.07e-04
1.47524e+00 8.21e-04
1.47538e+00 8.31e-04
1.47563e+00 8.51e-04
1.47588e+00 8.73e-04
1.47616e+00 8.95e-04
1.47641e+00 9.19e-04
1.47655e+00 9.32e-04
1.47680e+00 9.58e-04
1.47707e+00 9.87e-04
1.47721e+00 1.00e-03
1.47732e+00 1.02e-03
1.47746e+00 1.03e-03
1.47760e+00 1.05e-03
1.47773e+00 1.07e-03
1.47785e+00 1.08e-03
1.47798e+00 1.10e-03
1.47812e+00 1.12e-03
1.47824e+00 1.14e-03
1.47837e+00 1.16e-03
1.47851e+00 1.18e-03
1.47865e+00 1.21e-03
1.47876e+00 1.23e-03
1.47890e+00 1.25e-03
1.47903e+00 1.28e-03
1.47917e+00 1.31e-03
1.47928e+00 1.34e-03
1.47942e+00 1.37e-03
1.47956e+00 1.40e-03
1.47969e+00 1.43e-03
1.47981e+00 1.47e-03
1.47994e+00 1.50e-03
1.48008e+00 1.54e-03
1.48019e+00 1.59e-03
1.48033e+00 1.64e-03
1.48047e+00 1.69e-03
1.48060e+00 1.74e-03
1.48072e+00 1.81e-03
1.48085e+00 1.87e-03
1.48099e+00 1.95e-03
1.48113e+00 2.03e-03
1.48138e+00 2.19e-03
1.48165e+00 2.35e-03
1.48190e+00 2.51e-03
1.48217e+00 2.67e-03
1.48229e+00 2.75e-03
1.48256e+00 2.92e-03
1.48269e+00 3.00e-03
1.48281e+00 3.09e-03
1.48294e+00 3.17e-03
1.48308e+00 3.26e-03
1.48322e+00 3.36e-03
1.48333e+00 3.45e-03
1.48347e+00 3.55e-03
1.48360e+00 3.64e-03
1.48372e+00 3.75e-03
1.48385e+00 3.85e-03
1.48399e+00 3.96e-03
1.48412e+00 4.07e-03
1.48424e+00 4.18e-03
1.48437e+00 4.30e-03
1.48451e+00 4.42e-03
1.48465e+00 4.54e-03
1.48476e+00 4.67e-03
1.48489e+00 4.80e-03
1.48503e+00 4.93e-03
1.48517e+00 5.07e-03
1.48542e+00 5.35e-03
1.48569e+00 5.64e-03
1.48594e+00 5.93e-03
1.48607e+00 6.07e-03
1.48621e+00 6.21e-03
1.48634e+00 6.34e-03
1.48646e+00 6.46e-03
1.48659e+00 6.58e-03
1.48673e+00 6.68e-03
1.48686e+00 6.76e-03
1.48698e+00 6.83e-03
1.48711e+00 6.87e-03
1.48725e+00 6.90e-03
1.48738e+00 6.90e-03
1.48750e+00 6.88e-03
1.48763e+00 6.83e-03
1.48777e+00 6.75e-03
1.48790e+00 6.65e-03
1.48802e+00 6.52e-03
1.48815e+00 6.36e-03
1.48829e+00 6.18e-03
1.48842e+00 5.97e-03
1.48854e+00 5.75e-03
1.48867e+00 5.50e-03
1.48881e+00 5.25e-03
1.48908e+00 4.72e-03
1.48919e+00 4.45e-03
1.48932e+00 4.20e-03
1.48946e+00 3.96e-03
1.48960e+00 3.75e-03
1.48971e+00 3.57e-03
1.48984e+00 3.41e-03
1.48998e+00 3.30e-03
1.49011e+00 3.22e-03
1.49023e+00 3.19e-03
1.49036e+00 3.20e-03
1.49050e+00 3.26e-03
1.49063e+00 3.36e-03
1.49074e+00 3.49e-03
1.49088e+00 3.66e-03
1.49101e+00 3.87e-03
1.49115e+00 4.09e-03
1.49128e+00 4.34e-03
1.49140e+00 4.60e-03
1.49167e+00 5.13e-03
1.49180e+00 5.39e-03
1.49191e+00 5.64e-03
1.49205e+00 5.87e-03
1.49218e+00 6.09e-03
1.49232e+00 6.28e-03
1.49245e+00 6.45e-03
1.49257e+00 6.59e-03
1.49270e+00 6.71e-03
1.49284e+00 6.79e-03
1.49297e+00 6.85e-03
1.49308e+00 6.89e-03
1.49322e+00 6.90e-03
1.49335e+00 6.88e-03
1.49349e+00 6.84e-03
1.49362e+00 6.78e-03
1.49374e+00 6.70e-03
1.49387e+00 6.61e-03
1.49400e+00 6.50e-03
1.49414e+00 6.38e-03
1.49425e+00 6.25e-03
1.49439e+00 6.11e-03
1.49452e+00 5.97e-03
1.49479e+00 5.69e-03
1.49504e+00 5.40e-03
1.49531e+00 5.11e-03
1.49544e+00 4.98e-03
1.49555e+00 4.84e-03
1.49569e+00 4.71e-03
1.49582e+00 4.58e-03
1.49596e+00 4.46e-03
1.49607e+00 4.34e-03
1.49620e+00 4.22e-03
1.49634e+00 4.11e-03
1.49647e+00 4.00e-03
1.49661e+00 3.89e-03
1.49672e+00 3.79e-03
1.49685e+00 3.68e-03
1.49699e+00 3.59e-03
1.49712e+00 3.49e-03
1.49725e+00 3.40e-03
1.49737e+00 3.30e-03
1.49750e+00 3.21e-03
1.49763e+00 3.13e-03
1.49777e+00 3.04e-03
1.49790e+00 2.96e-03
1.49815e+00 2.79e-03
1.49842e+00 2.63e-03
1.49866e+00 2.47e-03
1.49893e+00 2.31e-03
1.49920e+00 2.15e-03
1.49931e+00 2.07e-03
1.49944e+00 1.99e-03
1.49958e+00 1.92e-03
1.49971e+00 1.85e-03
1.49985e+00 1.79e-03
1.49996e+00 1.73e-03
1.50009e+00 1.68e-03
1.50023e+00 1.64e-03
1.50036e+00 1.59e-03
1.50049e+00 1.55e-03
1.50060e+00 1.52e-03
1.50074e+00 1.48e-03
1.50087e+00 1.45e-03
1.50101e+00 1.42e-03
1.50114e+00 1.39e-03
1.50125e+00 1.36e-03
1.50138e+00 1.34e-03
1.50152e+00 1.31e-03
1.50165e+00 1.29e-03
1.50179e+00 1.27e-03
1.50190e+00 1.25e-03
1.50203e+00 1.22e-03
1.50216e+00 1.20e-03
1.50230e+00 1.19e-03
1.50243e+00 1.17e-03
1.50257e+00 1.15e-03
1.50268e+00 1.13e-03
1.50281e+00 1.12e-03
1.50294e+00 1.10e-03
1.50308e+00 1.09e-03
1.50332e+00 1.06e-03
1.50359e+00 1.03e-03
1.50386e+00 1.01e-03
1.50410e+00 9.85e-04
1.50437e+00 9.64e-04
1.50463e+00 9.44e-04
1.50488e+00 9.25e-04
1.50501e+00 9.16e-04
1.50514e+00 9.04e-04
1.50528e+00 8.90e-04
1.50541e+00 8.77e-04
1.50552e+00 8.64e-04
1.50565e+00 8.52e-04
1.50579e+00 8.41e-04
1.50592e+00 8.30e-04
1.50605e+00 8.19e-04
1.50619e+00 8.09e-04
1.50630e+00 8.00e-04
1.50643e+00 7.91e-04
1.50670e+00 7.74e-04
1.50694e+00 7.58e-04
1.50721e+00 7.44e-04
1.50734e+00 7.37e-04
1.50760e+00 7.25e-04
1.50785e+00 7.13e-04
1.50811e+00 7.03e-04
1.50838e+00 6.93e-04
1.50862e+00 6.84e-04
1.50889e+00 6.76e-04
1.50915e+00 6.68e-04
1.50940e+00 6.61e-04
1.50966e+00 6.55e-04
1.50993e+00 6.49e-04
1.51017e+00 6.43e-04
1.51043e+00 6.38e-04
1.51070e+00 6.34e-04
1.51094e+00 6.29e-04
1.51121e+00 6.25e-04
1.51147e+00 6.22e-04
1.51174e+00 6.19e-04
1.51198e+00 6.16e-04
1.51224e+00 6.13e-04
1.51251e+00 6.10e-04
1.51275e+00 6.08e-04
1.51302e+00 6.06e-04
1.51328e+00 6.05e-04
1.51352e+00 6.03e-04
1.51379e+00 6.02e-04
1.51405e+00 6.01e-04
1.51442e+00 6.00e-04
1.51535e+00 5.98e-04
1.51559e+00 5.99e-04
1.51585e+00 5.99e-04
1.51612e+00 6.00e-04
1.51636e+00 6.01e-04
1.51662e+00 6.02e-04
1.51688e+00 6.03e-04
1.51715e+00 6.04e-04
1.51739e+00 6.05e-04
1.51765e+00 6.07e-04
1.51791e+00 6.08e-04
1.51818e+00 6.09e-04
1.51842e+00 6.11e-04
1.51868e+00 6.12e-04
1.51894e+00 6.14e-04
1.51921e+00 6.16e-04
1.51945e+00 6.18e-04
1.51971e+00 6.19e-04
1.51997e+00 6.21e-04
1.52024e+00 6.23e-04
1.52048e+00 6.25e-04
1.52074e+00 6.28e-04
1.52100e+00 6.30e-04
1.52126e+00 6.32e-04
1.52152e+00 6.34e-04
1.52176e+00 6.37e-04
1.52203e+00 6.39e-04
1.52229e+00 6.42e-04
1.52255e+00 6.45e-04
1.52281e+00 6.47e-04
1.52305e+00 6.50e-04
1.52331e+00 6.53e-04
1.52357e+00 6.56e-04
1.52384e+00 6.59e-04
1.52408e+00 6.62e-04
1.52434e+00 6.66e-04
1.52460e+00 6.69e-04
1.52486e+00 6.72e-04
1.52512e+00 6.76e-04
1.52538e+00 6.80e-04
1.52562e+00 6.83e-04
1.52588e+00 6.87e-04
1.52614e+00 6.91e-04
1.52640e+00 6.95e-04
1.52666e+00 6.99e-04
1.52690e+00 7.04e-04
1.52716e+00 7.08e-04
1.52742e+00 7.13e-04
1.52769e+00 7.17e-04
1.52795e+00 7.22e-04
1.52821e+00 7.27e-04
1.52844e+00 7.32e-04
1.52870e+00 7.37e-04
1.52897e+00 7.43e-04
1.52923e+00 7.48e-04
1.52949e+00 7.54e-04
1.52975e+00 7.60e-04
1.52998e+00 7.67e-04
1.53024e+00 7.73e-04
1.53050e+00 7.80e-04
1.53076e+00 7.87e-04
1.53102e+00 7.94e-04
1.53128e+00 8.02e-04
1.53154e+00 8.10e-04
1.53180e+00 8.18e-04
1.53204e+00 8.27e-04
1.53217e+00 8.32e-04
1.53243e+00 8.42e-04
1.53269e+00 8.52e-04
1.53295e+00 8.63e-04
1.53320e+00 8.75e-04
1.53346e+00 8.87e-04
1.53372e+00 8.99e-04
1.53396e+00 9.13e-04
1.53422e+00 9.26e-04
1.53448e+00 9.41e-04
1.53474e+00 9.55e-04
1.53499e+00 9.71e-04
1.53525e+00 9.87e-04
1.53551e+00 1.00e-03
1.53577e+00 1.02e-03
1.53603e+00 1.04e-03
1.53629e+00 1.06e-03
1.53642e+00 1.07e-03
1.53665e+00 1.09e-03
1.53691e+00 1.11e-03
1.53717e+00 1.13e-03
1.53743e+00 1.15e-03
1.53768e+00 1.18e-03
1.53794e+00 1.20e-03
1.53807e+00 1.21e-03
1.53820e+00 1.22e-03
1.53846e+00 1.24e-03
1.53859e+00 1.24e-03
1.53871e+00 1.25e-03
1.53884e+00 1.26e-03
1.53910e+00 1.27e-03
1.53936e+00 1.28e-03
1.53962e+00 1.28e-03
1.53987e+00 1.29e-03
1.54000e+00 1.29e-03
1.54013e+00 1.30e-03
1.54024e+00 1.30e-03
1.54037e+00 1.30e-03
1.54050e+00 1.31e-03
1.54075e+00 1.33e-03
1.54088e+00 1.34e-03
1.54101e+00 1.35e-03
1.54114e+00 1.36e-03
1.54127e+00 1.37e-03
1.54139e+00 1.37e-03
1.54165e+00 1.38e-03
1.54191e+00 1.39e-03
1.54216e+00 1.39e-03
1.54242e+00 1.40e-03
1.54268e+00 1.41e-03
1.54293e+00 1.42e-03
1.54319e+00 1.42e-03
1.54345e+00 1.43e-03
1.54370e+00 1.43e-03
1.54396e+00 1.44e-03
1.54409e+00 1.44e-03
1.54434e+00 1.44e-03
1.54460e+00 1.44e-03
1.54486e+00 1.45e-03
1.54511e+00 1.45e-03
1.54537e+00 1.45e-03
1.54550e+00 1.46e-03
1.54562e+00 1.46e-03
1.54575e+00 1.46e-03
1.54588e+00 1.45e-03
1.54614e+00 1.44e-03
1.54626e+00 1.44e-03
1.54639e+00 1.43e-03
1.54652e+00 1.43e-03
1.54665e+00 1.43e-03
1.54677e+00 1.43e-03
1.54703e+00 1.43e-03
1.54729e+00 1.43e-03
1.54754e+00 1.44e-03
1.54780e+00 1.44e-03
1.54792e+00 1.44e-03
1.54818e+00 1.44e-03
1.54831e+00 1.44e-03
1.54843e+00 1.43e-03
1.54869e+00 1.43e-03
1.54894e+00 1.42e-03
1.54920e+00 1.41e-03
1.54945e+00 1.39e-03
1.54971e+00 1.38e-03
1.54996e+00 1.37e-03
1.55022e+00 1.35e-03
1.55047e+00 1.34e-03
1.55073e+00 1.33e-03
1.55098e+00 1.32e-03
1.55126e+00 1.31e-03
1.55151e+00 1.30e-03
1.55177e+00 1.30e-03
1.55202e+00 1.29e-03
1.55227e+00 1.28e-03
1.55253e+00 1.28e-03
1.55278e+00 1.27e-03
1.55304e+00 1.27e-03
1.55329e+00 1.26e-03
1.55354e+00 1.26e-03
1.55380e+00 1.25e-03
1.55405e+00 1.25e-03
1.55431e+00 1.25e-03
1.55456e+00 1.25e-03
1.55471e+00 1.24e-03
1.55585e+00 1.24e-03
1.55635e+00 1.24e-03
1.55661e+00 1.24e-03
1.55686e+00 1.25e-03
1.55713e+00 1.25e-03
1.55739e+00 1.25e-03
1.55764e+00 1.25e-03
1.55789e+00 1.25e-03
1.55814e+00 1.25e-03
1.55840e+00 1.26e-03
1.55865e+00 1.26e-03
1.55890e+00 1.26e-03
1.55918e+00 1.26e-03
1.55943e+00 1.26e-03
1.55968e+00 1.27e-03
1.55993e+00 1.27e-03
1.56018e+00 1.27e-03
1.56044e+00 1.27e-03
1.56069e+00 1.27e-03
1.56096e+00 1.28e-03
1.56121e+00 1.28e-03
1.56147e+00 1.28e-03
1.56172e+00 1.28e-03
1.56197e+00 1.28e-03
1.56222e+00 1.28e-03
1.56249e+00 1.29e-03
1.56274e+00 1.29e-03
1.56300e+00 1.29e-03
1.56325e+00 1.29e-03
1.56350e+00 1.29e-03
1.56375e+00 1.29e-03
1.56402e+00 1.30e-03
1.56592e+00 1.31e-03
1.56682e+00 1.31e-03
1.56695e+00 1.31e-03
1.56937e+00 1.31e-03
1.57066e+00 1.31e-03
1.57269e+00 1.31e-03
1.57549e+00 1.30e-03
1.57830e+00 1.30e-03
1.58110e+00 1.29e-03
1.58389e+00 1.28e-03
1.58404e+00 1.28e-03
1.59716e+00 1.23e-03
1.61156e+00 1.18e-03
1.62421e+00 1.14e-03
1.64432e+00 1.08e-03
1.66376e+00 1.03e-03
1.67867e+00 9.87e-04
1.70205e+00 9.27e-04
1.71538e+00 8.94e-04
1.74278e+00 8.31e-04
1.76279e+00 7.87e-04
1.79386e+00 7.24e-04
1.81373e+00 6.86e-04
1.84847e+00 6.24e-04
1.86546e+00 5.96e-04
1.90294e+00 5.38e-04
1.95418e+00 4.68e-04
1.96556e+00 4.54e-04
1.96592e+00 4.53e-04
1.96630e+00 4.53e-04
1.96666e+00 4.52e-04
1.96704e+00 4.52e-04
1.96742e+00 4.52e-04
1.96778e+00 4.51e-04
1.96816e+00 4.51e-04
1.96854e+00 4.50e-04
1.96891e+00 4.50e-04
1.96928e+00 4.49e-04
1.96965e+00 4.49e-04
1.97003e+00 4.48e-04
1.97041e+00 4.48e-04
1.97078e+00 4.47e-04
1.97116e+00 4.47e-04
1.97154e+00 4.46e-04
1.97191e+00 4.46e-04
1.97229e+00 4.46e-04
1.97266e+00 4.45e-04
1.97305e+00 4.45e-04
1.97343e+00 4.44e-04
1.97380e+00 4.44e-04
1.97418e+00 4.43e-04
1.97457e+00 4.43e-04
1.97494e+00 4.42e-04
1.97532e+00 4.42e-04
1.97570e+00 4.41e-04
1.97608e+00 4.41e-04
1.97645e+00 4.40e-04
1.97684e+00 4.40e-04
1.97721e+00 4.40e-04
1.97760e+00 4.39e-04
1.97799e+00 4.39e-04
1.97836e+00 4.38e-04
1.97875e+00 4.38e-04
1.97914e+00 4.37e-04
1.97951e+00 4.37e-04
1.97990e+00 4.36e-04
1.98028e+00 4.36e-04
1.98067e+00 4.35e-04
1.98106e+00 4.35e-04
1.98144e+00 4.34e-04
1.98181e+00 4.34e-04
1.98220e+00 4.34e-04
1.98259e+00 4.33e-04
1.98299e+00 4.33e-04
1.98337e+00 4.32e-04
1.98376e+00 4.32e-04
1.98414e+00 4.31e-04
1.98453e+00 4.31e-04
1.98491e+00 4.30e-04
1.98531e+00 4.30e-04
1.98569e+00 4.29e-04
1.98608e+00 4.29e-04
1.98648e+00 4.28e-04
1.98686e+00 4.28e-04
1.98724e+00 4.28e-04
1.98764e+00 4.27e-04
1.98803e+00 4.27e-04
1.98842e+00 4.26e-04
1.98882e+00 4.26e-04
1.98920e+00 4.25e-04
1.98960e+00 4.25e-04
1.99000e+00 4.24e-04
1.99038e+00 4.24e-04
1.99077e+00 4.23e-04
1.99117e+00 4.23e-04
1.99157e+00 4.23e-04
1.99196e+00 4.22e-04
1.99236e+00 4.22e-04
1.99274e+00 4.21e-04
1.99313e+00 4.21e-04
1.99354e+00 4.20e-04
1.99394e+00 4.20e-04
1.99433e+00 4.19e-04
1.99473e+00 4.19e-04
1.99512e+00 4.19e-04
1.99552e+00 4.18e-04
1.99592e+00 4.18e-04
1.99632e+00 4.17e-04
1.99671e+00 4.17e-04
1.99712e+00 4.16e-04
1.99751e+00 4.16e-04
1.99792e+00 4.15e-04
1.99831e+00 4.15e-04
1.99872e+00 4.14e-04
1.99911e+00 4.14e-04
1.99952e+00 4.14e-04
1.99992e+00 4.13e-04
2.00032e+00 4.13e-04
2.00072e+00 4.12e-04
2.00113e+00 4.12e-04
2.00153e+00 4.11e-04
2.00194e+00 4.11e-04
2.00234e+00 4.10e-04
2.00274e+00 4.10e-04
2.00314e+00 4.09e-04
2.00356e+00 4.09e-04
2.00396e+00 4.09e-04
2.00437e+00 4.08e-04
2.00477e+00 4.08e-04
2.00518e+00 4.07e-04
2.00558e+00 4.07e-04
2.00600e+00 4.06e-04
2.00640e+00 4.06e-04
2.00680e+00 4.05e-04
2.00722e+00 4.05e-04
2.00762e+00 4.05e-04
2.00804e+00 4.04e-04
2.00844e+00 4.04e-04
2.00886e+00 4.03e-04
2.00927e+00 4.03e-04
2.00968e+00 4.02e-04
2.01009e+00 4.02e-04
2.01051e+00 4.01e-04
2.01092e+00 4.01e-04
2.01134e+00 4.00e-04
2.01174e+00 4.00e-04
2.01215e+00 4.00e-04
2.01257e+00 3.99e-04
2.01298e+00 3.99e-04
2.01341e+00 3.98e-04
2.01382e+00 3.98e-04
2.01424e+00 3.97e-04
2.01465e+00 3.97e-04
2.01506e+00 3.96e-04
2.01549e+00 3.96e-04
2.01590e+00 3.95e-04
2.01632e+00 3.95e-04
2.01674e+00 3.95e-04
2.01715e+00 3.94e-04
2.01758e+00 3.94e-04
2.01800e+00 3.93e-04
2.01842e+00 3.93e-04
2.01884e+00 3.92e-04
2.01927e+00 3.92e-04
2.01968e+00 3.91e-04
2.02010e+00 3.91e-04
2.02053e+00 3.90e-04
2.02095e+00 3.90e-04
2.02138e+00 3.90e-04
2.02180e+00 3.89e-04
2.02222e+00 3.89e-04
2.02265e+00 3.88e-04
2.02307e+00 3.88e-04
2.02351e+00 3.87e-04
2.02393e+00 3.87e-04
2.02435e+00 3.86e-04
2.02479e+00 3.86e-04
2.02521e+00 3.85e-04
2.02563e+00 3.85e-04
2.02607e+00 3.85e-04
2.02650e+00 3.84e-04
2.02692e+00 3.84e-04
2.02736e+00 3.83e-04
2.02779e+00 3.83e-04
2.02821e+00 3.82e-04
2.02865e+00 3.82e-04
2.02908e+00 3.81e-04
2.02952e+00 3.81e-04
2.02995e+00 3.80e-04
2.03038e+00 3.80e-04
2.03082e+00 3.80e-04
2.03125e+00 3.79e-04
2.03168e+00 3.79e-04
2.03213e+00 3.78e-04
2.03256e+00 3.78e-04
2.03299e+00 3.77e-04
2.03344e+00 3.77e-04
2.03387e+00 3.76e-04
2.03431e+00 3.76e-04
2.03474e+00 3.75e-04
2.03519e+00 3.75e-04
2.03562e+00 3.74e-04
2.03606e+00 3.74e-04
2.03651e+00 3.74e-04
2.03695e+00 3.73e-04
2.03739e+00 3.73e-04
2.03784e+00 3.72e-04
2.03828e+00 3.72e-04
2.03872e+00 3.71e-04
2.03917e+00 3.71e-04
2.03961e+00 3.70e-04
2.04005e+00 3.70e-04
2.04049e+00 3.70e-04
2.04095e+00 3.69e-04
2.04139e+00 3.69e-04
2.04183e+00 3.68e-04
2.04228e+00 3.68e-04
2.04274e+00 3.67e-04
2.04318e+00 3.67e-04
2.04363e+00 3.66e-04
2.04409e+00 3.66e-04
2.04453e+00 3.66e-04
2.04498e+00 3.65e-04
2.04543e+00 3.65e-04
2.04588e+00 3.64e-04
2.04634e+00 3.64e-04
2.04679e+00 3.63e-04
2.04724e+00 3.63e-04
2.04771e+00 3.62e-04
2.04816e+00 3.62e-04
2.04861e+00 3.61e-04
2.04907e+00 3.61e-04
2.04952e+00 3.61e-04
2.04997e+00 3.60e-04
2.05044e+00 3.60e-04
2.05090e+00 3.59e-04
2.05135e+00 3.59e-04
2.05181e+00 3.58e-04
2.05228e+00 3.58e-04
2.05274e+00 3.57e-04
2.05320e+00 3.57e-04
2.05366e+00 3.57e-04
2.05412e+00 3.56e-04
2.05459e+00 3.56e-04
2.05505e+00 3.55e-04
2.05551e+00 3.55e-04
2.05598e+00 3.54e-04
2.05644e+00 3.54e-04
2.05691e+00 3.53e-04
2.05737e+00 3.53e-04
2.05785e+00 3.52e-04
2.05831e+00 3.52e-04
2.05878e+00 3.52e-04
2.05925e+00 3.51e-04
2.05972e+00 3.51e-04
2.06020e+00 3.50e-04
2.06067e+00 3.50e-04
2.06114e+00 3.49e-04
2.06161e+00 3.49e-04
2.06208e+00 3.48e-04
2.06255e+00 3.48e-04
2.06303e+00 3.47e-04
2.06350e+00 3.47e-04
2.06399e+00 3.47e-04
2.06445e+00 3.46e-04
2.06494e+00 3.46e-04
2.06541e+00 3.45e-04
2.06589e+00 3.45e-04
2.06637e+00 3.44e-04
2.06685e+00 3.44e-04
2.06733e+00 3.43e-04
2.06781e+00 3.43e-04
2.06829e+00 3.42e-04
2.06877e+00 3.42e-04
2.06925e+00 3.42e-04
2.06974e+00 3.41e-04
2.07022e+00 3.41e-04
2.07070e+00 3.40e-04
2.07120e+00 3.40e-04
2.07169e+00 3.39e-04
2.07217e+00 3.39e-04
2.07266e+00 3.38e-04
2.07315e+00 3.38e-04
2.07364e+00 3.37e-04
2.07413e+00 3.37e-04
2.07462e+00 3.36e-04
2.07511e+00 3.36e-04
2.07560e+00 3.36e-04
2.07609e+00 3.35e-04
2.07659e+00 3.35e-04
2.07708e+00 3.34e-04
2.07758e+00 3.34e-04
2.07807e+00 3.33e-04
2.07857e+00 3.33e-04
2.07907e+00 3.32e-04
2.07957e+00 3.32e-04
2.08007e+00 3.31e-04
2.08057e+00 3.31e-04
2.08107e+00 3.30e-04
2.08156e+00 3.30e-04
2.08206e+00 3.30e-04
2.08256e+00 3.29e-04
2.08307e+00 3.29e-04
2.08357e+00 3.28e-04
2.08408e+00 3.28e-04
2.08459e+00 3.27e-04
2.08509e+00 3.27e-04
2.08560e+00 3.26e-04
2.08611e+00 3.26e-04
2.08662e+00 3.26e-04
2.08712e+00 3.25e-04
2.08763e+00 3.25e-04
2.08814e+00 3.24e-04
2.08866e+00 3.24e-04
2.08917e+00 3.23e-04
2.08969e+00 3.23e-04
2.09020e+00 3.22e-04
2.09072e+00 3.22e-04
2.09123e+00 3.21e-04
2.09175e+00 3.21e-04
2.09227e+00 3.21e-04
2.09279e+00 3.20e-04
2.09331e+00 3.20e-04
2.09383e+00 3.19e-04
2.09434e+00 3.19e-04
2.09487e+00 3.18e-04
2.09539e+00 3.18e-04
2.09592e+00 3.17e-04
2.09643e+00 3.17e-04
2.09696e+00 3.16e-04
2.09749e+00 3.16e-04
2.09802e+00 3.16e-04
2.09855e+00 3.15e-04
2.09907e+00 3.15e-04
2.09960e+00 3.14e-04
2.10014e+00 3.14e-04
2.10066e+00 3.13e-04
2.10120e+00 3.13e-04
2.10173e+00 3.12e-04
2.10227e+00 3.12e-04
2.10280e+00 3.11e-04
2.10334e+00 3.11e-04
2.10388e+00 3.10e-04
2.10441e+00 3.10e-04
2.10495e+00 3.09e-04
2.10549e+00 3.09e-04
2.10603e+00 3.09e-04
2.10657e+00 3.08e-04
2.10712e+00 3.08e-04
2.10766e+00 3.07e-04
2.10820e+00 3.07e-04
2.10875e+00 3.06e-04
2.10929e+00 3.06e-04
2.10985e+00 3.05e-04
2.11040e+00 3.05e-04
2.11094e+00 3.04e-04
2.11150e+00 3.04e-04
2.11204e+00 3.03e-04
2.11260e+00 3.03e-04
2.11315e+00 3.03e-04
2.11371e+00 3.02e-04
2.11427e+00 3.02e-04
2.11482e+00 3.01e-04
2.11538e+00 3.01e-04
2.11593e+00 3.00e-04
2.11650e+00 3.00e-04
2.11705e+00 2.99e-04
2.11762e+00 2.99e-04
2.11818e+00 2.98e-04
2.11875e+00 2.98e-04
2.11931e+00 2.97e-04
2.11988e+00 2.97e-04
2.12044e+00 2.96e-04
2.12100e+00 2.96e-04
2.12158e+00 2.96e-04
2.12214e+00 2.95e-04
2.12272e+00 2.95e-04
2.12329e+00 2.94e-04
2.12387e+00 2.94e-04
2.12444e+00 2.93e-04
2.12501e+00 2.93e-04
2.12559e+00 2.92e-04
2.12617e+00 2.92e-04
2.12674e+00 2.91e-04
2.12733e+00 2.91e-04
2.12791e+00 2.90e-04
2.12849e+00 2.90e-04
2.12908e+00 2.89e-04
2.12966e+00 2.89e-04
2.13024e+00 2.89e-04
2.13084e+00 2.88e-04
2.13142e+00 2.88e-04
2.13201e+00 2.87e-04
2.13260e+00 2.87e-04
2.13320e+00 2.86e-04
2.13379e+00 2.86e-04
2.13438e+00 2.85e-04
2.13497e+00 2.85e-04
2.13557e+00 2.84e-04
2.13618e+00 2.84e-04
2.13677e+00 2.83e-04
2.13737e+00 2.83e-04
2.13797e+00 2.82e-04
2.13857e+00 2.82e-04
2.13918e+00 2.82e-04
2.13978e+00 2.81e-04
2.14040e+00 2.81e-04
2.14101e+00 2.80e-04
2.14161e+00 2.80e-04
2.14222e+00 2.79e-04
2.14284e+00 2.79e-04
2.14345e+00 2.78e-04
2.14406e+00 2.78e-04
2.14468e+00 2.77e-04
2.14530e+00 2.77e-04
2.14592e+00 2.76e-04
2.14654e+00 2.76e-04
2.14716e+00 2.75e-04
2.14778e+00 2.75e-04
2.14841e+00 2.74e-04
2.14903e+00 2.74e-04
2.14966e+00 2.74e-04
2.15028e+00 2.73e-04
2.15091e+00 2.73e-04
2.15155e+00 2.72e-04
2.15218e+00 2.72e-04
2.15282e+00 2.71e-04
2.15345e+00 2.71e-04
2.15409e+00 2.70e-04
2.15472e+00 2.70e-04
2.15537e+00 2.69e-04
2.15601e+00 2.69e-04
2.15666e+00 2.68e-04
2.15729e+00 2.68e-04
2.15794e+00 2.67e-04
2.15859e+00 2.67e-04
2.15923e+00 2.66e-04
2.15989e+00 2.66e-04
2.16054e+00 2.65e-04
2.16119e+00 2.65e-04
2.16185e+00 2.64e-04
2.16251e+00 2.64e-04
2.16317e+00 2.63e-04
2.16383e+00 2.63e-04
2.16449e+00 2.62e-04
2.16516e+00 2.62e-04
2.16583e+00 2.62e-04
2.16649e+00 2.61e-04
2.16715e+00 2.61e-04
2.16783e+00 2.60e-04
2.16849e+00 2.60e-04
2.16917e+00 2.59e-04
2.16984e+00 2.59e-04
2.17053e+00 2.58e-04
2.17120e+00 2.58e-04
2.17188e+00 2.57e-04
2.17257e+00 2.57e-04
2.17325e+00 2.56e-04
2.17393e+00 2.56e-04
2.17463e+00 2.55e-04
2.17531e+00 2.55e-04
2.17600e+00 2.54e-04
2.17669e+00 2.54e-04
2.17740e+00 2.53e-04
2.17809e+00 2.53e-04
2.17879e+00 2.52e-04
2.17949e+00 2.52e-04
2.18019e+00 2.51e-04
2.18089e+00 2.51e-04
2.18160e+00 2.50e-04
2.18231e+00 2.50e-04
2.18302e+00 2.49e-04
2.18373e+00 2.49e-04
2.18444e+00 2.48e-04
2.18516e+00 2.48e-04
2.18588e+00 2.47e-04
2.18660e+00 2.47e-04
2.18732e+00 2.46e-04
2.18805e+00 2.46e-04
2.18878e+00 2.45e-04
2.18951e+00 2.45e-04
2.19023e+00 2.44e-04
2.19096e+00 2.44e-04
2.19170e+00 2.43e-04
2.19244e+00 2.43e-04
2.19317e+00 2.42e-04
2.19392e+00 2.42e-04
2.19465e+00 2.41e-04
2.19540e+00 2.41e-04
2.19615e+00 2.40e-04
2.19690e+00 2.40e-04
2.19766e+00 2.39e-04
2.19841e+00 2.39e-04
2.19917e+00 2.38e-04
2.19992e+00 2.38e-04
2.20069e+00 2.37e-04
2.20145e+00 2.37e-04
2.20221e+00 2.36e-04
2.20299e+00 2.36e-04
2.20376e+00 2.35e-04
2.20453e+00 2.35e-04
2.20530e+00 2.34e-04
2.20609e+00 2.34e-04
2.20687e+00 2.33e-04
2.20765e+00 2.33e-04
2.20843e+00 2.32e-04
2.20922e+00 2.32e-04
2.21001e+00 2.31e-04
2.21081e+00 2.31e-04
2.21160e+00 2.30e-04
2.21240e+00 2.30e-04
2.21320e+00 2.29e-04
2.21401e+00 2.29e-04
2.21481e+00 2.28e-04
2.21562e+00 2.28e-04
2.21643e+00 2.27e-04
2.21725e+00 2.27e-04
2.21806e+00 2.26e-04
2.21889e+00 2.26e-04
2.21971e+00 2.25e-04
2.22054e+00 2.25e-04
2.22136e+00 2.24e-04
2.22220e+00 2.24e-04
2.22303e+00 2.23e-04
2.22387e+00 2.23e-04
2.22471e+00 2.22e-04
2.22555e+00 2.22e-04
2.22641e+00 2.21e-04
2.22725e+00 2.20e-04
2.22811e+00 2.20e-04
2.22896e+00 2.19e-04
2.22982e+00 2.19e-04
2.23068e+00 2.18e-04
2.23155e+00 2.18e-04
2.23242e+00 2.17e-04
2.23329e+00 2.17e-04
2.23417e+00 2.16e-04
2.23504e+00 2.16e-04
2.23593e+00 2.15e-04
2.23681e+00 2.15e-04
2.23771e+00 2.14e-04
2.23859e+00 2.14e-04
2.23950e+00 2.13e-04
2.24039e+00 2.13e-04
2.24129e+00 2.12e-04
2.24220e+00 2.12e-04
2.24311e+00 2.11e-04
2.24402e+00 2.10e-04
2.24495e+00 2.10e-04
2.24587e+00 2.09e-04
2.24679e+00 2.09e-04
2.24772e+00 2.08e-04
2.24866e+00 2.08e-04
2.24960e+00 2.07e-04
2.25053e+00 2.07e-04
2.25148e+00 2.06e-04
2.25243e+00 2.06e-04
2.25338e+00 2.05e-04
2.25434e+00 2.04e-04
2.25529e+00 2.04e-04
2.25627e+00 2.03e-04
2.25723e+00 2.03e-04
2.25820e+00 2.02e-04
2.25919e+00 2.02e-04
2.26017e+00 2.01e-04
2.26116e+00 2.01e-04
2.26215e+00 2.00e-04
2.26315e+00 1.99e-04
2.26415e+00 1.99e-04
2.26515e+00 1.98e-04
2.26616e+00 1.98e-04
2.26718e+00 1.97e-04
2.26820e+00 1.97e-04
2.26922e+00 1.96e-04
2.27026e+00 1.96e-04
2.27129e+00 1.95e-04
2.27233e+00 1.94e-04
2.27337e+00 1.94e-04
2.27442e+00 1.93e-04
2.27548e+00 1.93e-04
2.27654e+00 1.92e-04
2.27761e+00 1.92e-04
2.27868e+00 1.91e-04
2.27976e+00 1.90e-04
2.28084e+00 1.90e-04
2.28193e+00 1.89e-04
2.28303e+00 1.89e-04
2.28413e+00 1.88e-04
2.28523e+00 1.88e-04
2.28634e+00 1.87e-04
2.28746e+00 1.86e-04
2.28858e+00 1.86e-04
2.28971e+00 1.85e-04
2.29085e+00 1.85e-04
2.29199e+00 1.84e-04
2.29314e+00 1.84e-04
2.29429e+00 1.83e-04
2.29546e+00 1.82e-04
2.29663e+00 1.82e-04
2.29780e+00 1.81e-04
2.29898e+00 1.81e-04
2.30017e+00 1.80e-04
2.30136e+00 1.79e-04
2.30258e+00 1.79e-04
2.30378e+00 1.78e-04
2.30498e+00 1.77e-04
2.30618e+00 1.77e-04
2.30747e+00 1.76e-04
2.30867e+00 1.76e-04
2.30996e+00 1.75e-04
2.31125e+00 1.74e-04
2.31244e+00 1.74e-04
2.31372e+00 1.73e-04
2.31501e+00 1.73e-04
2.31629e+00 1.72e-04
2.31757e+00 1.71e-04
2.31895e+00 1.71e-04
2.32023e+00 1.70e-04
2.32160e+00 1.69e-04
2.32288e+00 1.69e-04
2.32425e+00 1.68e-04
2.32562e+00 1.68e-04
2.32698e+00 1.67e-04
2.32835e+00 1.66e-04
2.32971e+00 1.66e-04
2.33108e+00 1.65e-04
2.33253e+00 1.64e-04
2.33389e+00 1.64e-04
2.33534e+00 1.63e-04
2.33679e+00 1.62e-04
2.33824e+00 1.62e-04
2.33969e+00 1.61e-04
2.34113e+00 1.60e-04
2.34267e+00 1.60e-04
2.34411e+00 1.59e-04
2.34564e+00 1.58e-04
2.34718e+00 1.58e-04
2.34871e+00 1.57e-04
2.35023e+00 1.56e-04
2.35176e+00 1.56e-04
2.35337e+00 1.55e-04
2.35499e+00 1.54e-04
2.35650e+00 1.54e-04
2.35811e+00 1.53e-04
2.35982e+00 1.52e-04
2.36142e+00 1.52e-04
2.36312e+00 1.51e-04
2.36471e+00 1.50e-04
2.36640e+00 1.49e-04
2.36819e+00 1.49e-04
2.36987e+00 1.48e-04
2.37164e+00 1.47e-04
2.37332e+00 1.47e-04
2.37518e+00 1.46e-04
2.37695e+00 1.45e-04
2.37871e+00 1.44e-04
2.38056e+00 1.44e-04
2.38241e+00 1.43e-04
2.38426e+00 1.42e-04
2.38619e+00 1.41e-04
2.38812e+00 1.41e-04
2.39005e+00 1.40e-04
2.39197e+00 1.39e-04
2.39398e+00 1.38e-04
2.39598e+00 1.38e-04
2.39799e+00 1.37e-04
2.40007e+00 1.36e-04
2.40216e+00 1.35e-04
2.40424e+00 1.34e-04
2.40640e+00 1.34e-04
2.40848e+00 1.33e-04
2.41072e+00 1.32e-04
2.41296e+00 1.31e-04
2.41520e+00 1.30e-04
2.41743e+00 1.30e-04
2.41975e+00 1.29e-04
2.42214e+00 1.28e-04
2.42454e+00 1.27e-04
2.42692e+00 1.26e-04
2.42816e+00 1.26e-04
2.42939e+00 1.25e-04
2.43186e+00 1.24e-04
2.43440e+00 1.23e-04
2.43694e+00 1.22e-04
2.43956e+00 1.21e-04
2.44226e+00 1.20e-04
2.44495e+00 1.20e-04
2.44772e+00 1.19e-04
2.45057e+00 1.18e-04
2.45342e+00 1.17e-04
2.45634e+00 1.16e-04
2.45933e+00 1.15e-04
2.46241e+00 1.14e-04
2.46547e+00 1.13e-04
2.46861e+00 1.12e-04
2.47191e+00 1.11e-04
2.47519e+00 1.10e-04
2.47855e+00 1.09e-04
2.48207e+00 1.08e-04
2.48566e+00 1.06e-04
2.48923e+00 1.05e-04
2.49304e+00 1.04e-04
2.49684e+00 1.03e-04
2.50078e+00 1.02e-04
2.50487e+00 1.01e-04
2.50911e+00 9.96e-05
2.51341e+00 9.84e-05
2.51786e+00 9.71e-05
2.52252e+00 9.59e-05
2.52733e+00 9.46e-05
2.53227e+00 9.32e-05
2.53742e+00 9.18e-05
2.54286e+00 9.05e-05
2.54843e+00 8.90e-05
2.55428e+00 8.76e-05
2.56048e+00 8.61e-05
2.56695e+00 8.45e-05
2.57376e+00 8.28e-05
2.58097e+00 8.11e-05
2.58867e+00 7.94e-05
2.59682e+00 7.76e-05
2.60565e+00 7.57e-05
2.61513e+00 7.37e-05
2.62024e+00 7.26e-05
2.63110e+00 7.04e-05
2.63698e+00 6.92e-05
2.64319e+00 6.80e-05
2.64971e+00 6.68e-05
2.65669e+00 6.55e-05
2.66410e+00 6.41e-05
2.67215e+00 6.26e-05
2.68082e+00 6.11e-05
2.69029e+00 5.95e-05
2.70069e+00 5.78e-05
2.71231e+00 5.59e-05
2.72543e+00 5.39e-05
2.74065e+00 5.16e-05
2.75874e+00 4.90e-05
2.78130e+00 4.60e-05
2.81151e+00 4.21e-05
2.85859e+00 3.68e-05
2.99573e+00 2.48e-05
