# OPACITY Project tables
-2.61515e+00 1.15e+02
-2.27341e+00 4.00e+01
-2.07433e+00 2.16e+01
-1.93351e+00 1.40e+01
-1.82455e+00 9.96e+00
-1.73574e+00 7.57e+00
-1.66078e+00 6.00e+00
-1.59603e+00 4.91e+00
-1.53898e+00 4.12e+00
-1.48802e+00 3.52e+00
-1.44198e+00 3.05e+00
-1.40003e+00 2.68e+00
-1.36148e+00 2.38e+00
-1.32584e+00 2.14e+00
-1.29269e+00 1.93e+00
-1.26174e+00 1.76e+00
-1.23268e+00 1.61e+00
-1.20531e+00 1.48e+00
-1.17944e+00 1.37e+00
-1.15493e+00 1.27e+00
-1.13165e+00 1.19e+00
-1.10945e+00 1.11e+00
-1.08827e+00 1.04e+00
-1.06799e+00 9.85e-01
-1.04857e+00 9.30e-01
-1.02994e+00 8.81e-01
-1.01200e+00 8.36e-01
-9.94739e-01 7.94e-01
-9.78086e-01 7.57e-01
-9.62021e-01 7.22e-01
-9.46492e-01 6.90e-01
-9.31455e-01 6.60e-01
-9.16916e-01 6.32e-01
-9.02807e-01 6.07e-01
-8.89113e-01 5.83e-01
-8.75797e-01 5.61e-01
-8.62868e-01 5.41e-01
-8.50292e-01 5.22e-01
-8.38057e-01 5.04e-01
-8.26130e-01 4.87e-01
-8.14502e-01 4.71e-01
-8.03185e-01 4.56e-01
-7.92106e-01 4.42e-01
-7.81301e-01 4.29e-01
-7.70741e-01 4.16e-01
-7.60420e-01 4.04e-01
-7.50331e-01 3.93e-01
-7.40469e-01 3.82e-01
-7.30787e-01 3.71e-01
-7.21320e-01 3.61e-01
-7.12045e-01 3.52e-01
-7.02955e-01 3.43e-01
-6.94048e-01 3.34e-01
-6.85298e-01 3.26e-01
-6.76723e-01 3.18e-01
-6.68298e-01 3.10e-01
-6.60041e-01 3.02e-01
-6.51909e-01 2.95e-01
-6.43938e-01 2.88e-01
-6.36087e-01 2.82e-01
-6.28390e-01 2.75e-01
-6.13357e-01 2.63e-01
-6.06016e-01 2.58e-01
-5.98801e-01 2.52e-01
-5.91692e-01 2.47e-01
-5.84687e-01 2.42e-01
-5.77803e-01 2.37e-01
-5.71018e-01 2.32e-01
-5.64314e-01 2.27e-01
-5.57725e-01 2.23e-01
-5.51231e-01 2.18e-01
-5.44831e-01 2.14e-01
-5.38505e-01 2.10e-01
-5.32288e-01 2.06e-01
-5.20085e-01 1.99e-01
-5.14098e-01 1.95e-01
-5.08196e-01 1.92e-01
-5.02362e-01 1.88e-01
-4.96610e-01 1.85e-01
-4.90925e-01 1.82e-01
-4.85320e-01 1.79e-01
-4.79779e-01 1.76e-01
-4.68884e-01 1.70e-01
-4.63545e-01 1.68e-01
-4.53044e-01 1.63e-01
-4.42778e-01 1.58e-01
-4.32739e-01 1.54e-01
-4.22922e-01 1.49e-01
-4.18095e-01 1.47e-01
-4.13321e-01 1.45e-01
-4.03901e-01 1.42e-01
-3.94688e-01 1.39e-01
-3.85662e-01 1.35e-01
-3.76819e-01 1.32e-01
-3.68126e-01 1.30e-01
-3.59622e-01 1.27e-01
-3.51261e-01 1.25e-01
-3.43054e-01 1.22e-01
-3.34997e-01 1.20e-01
-3.27088e-01 1.18e-01
-3.19310e-01 1.16e-01
-3.11661e-01 1.15e-01
-3.04150e-01 1.13e-01
-2.96750e-01 1.11e-01
-2.89484e-01 1.10e-01
-2.82323e-01 1.08e-01
-2.75279e-01 1.07e-01
-2.68350e-01 1.05e-01
-2.61521e-01 1.04e-01
-2.54802e-01 1.02e-01
-2.48167e-01 1.01e-01
-2.41639e-01 9.95e-02
-2.35203e-01 9.81e-02
-2.28860e-01 9.67e-02
-2.22606e-01 9.54e-02
-2.16441e-01 9.41e-02
-2.10363e-01 9.28e-02
-2.04359e-01 9.15e-02
-1.98439e-01 9.03e-02
-1.92590e-01 8.92e-02
-1.86824e-01 8.81e-02
-1.81126e-01 8.71e-02
-1.75509e-01 8.62e-02
-1.72724e-01 8.57e-02
-1.69958e-01 8.54e-02
-1.67200e-01 8.49e-02
-1.61755e-01 8.40e-02
-1.59054e-01 8.37e-02
-1.53699e-01 8.29e-02
-1.48407e-01 8.22e-02
-1.43189e-01 8.15e-02
-1.38021e-01 8.09e-02
-1.32914e-01 8.03e-02
-1.27867e-01 7.99e-02
-1.25359e-01 7.96e-02
-1.22868e-01 7.95e-02
-1.17928e-01 7.91e-02
-1.13057e-01 7.87e-02
-1.08220e-01 7.84e-02
-1.05827e-01 7.83e-02
-1.03440e-01 7.81e-02
-9.87160e-02 7.79e-02
-9.40360e-02 7.77e-02
-7.35820e-02 7.73e-02
-6.04509e-02 7.73e-02
-5.82967e-02 7.74e-02
-5.61577e-02 7.77e-02
-5.40233e-02 7.76e-02
-4.97997e-02 7.77e-02
-4.76998e-02 7.78e-02
-4.35236e-02 7.79e-02
-3.93959e-02 7.81e-02
-3.73385e-02 7.83e-02
-3.52956e-02 7.83e-02
-3.32673e-02 7.85e-02
-2.92229e-02 7.86e-02
-2.52255e-02 7.88e-02
-2.12543e-02 7.90e-02
-1.92848e-02 7.91e-02
-1.73293e-02 7.93e-02
-1.34298e-02 7.94e-02
-9.56560e-03 7.94e-02
9.25702e-03 7.97e-02
1.11377e-02 7.98e-02
1.29162e-02 7.98e-02
2.01947e-02 7.99e-02
2.38142e-02 8.00e-02
2.90732e-02 8.02e-02
3.77774e-02 8.03e-02
5.64748e-02 8.03e-02
6.29748e-02 8.03e-02
6.62558e-02 8.02e-02
6.95261e-02 8.01e-02
7.26927e-02 7.99e-02
7.58493e-02 7.97e-02
7.90884e-02 7.95e-02
8.22249e-02 7.92e-02
8.52598e-02 7.89e-02
8.83771e-02 7.85e-02
9.14847e-02 7.82e-02
9.44917e-02 7.78e-02
9.75803e-02 7.75e-02
1.00569e-01 7.72e-02
1.03549e-01 7.70e-02
1.06520e-01 7.67e-02
1.09482e-01 7.65e-02
1.12435e-01 7.63e-02
1.15291e-01 7.60e-02
1.18227e-01 7.58e-02
1.21067e-01 7.56e-02
1.23898e-01 7.53e-02
1.26809e-01 7.50e-02
1.29624e-01 7.46e-02
1.32431e-01 7.43e-02
1.35143e-01 7.40e-02
1.37934e-01 7.38e-02
1.40718e-01 7.35e-02
1.43407e-01 7.32e-02
1.46176e-01 7.29e-02
1.48851e-01 7.26e-02
1.51519e-01 7.23e-02
1.54179e-01 7.20e-02
1.56833e-01 7.17e-02
1.59479e-01 7.14e-02
1.62119e-01 7.12e-02
1.64751e-01 7.10e-02
1.67293e-01 7.08e-02
1.69912e-01 7.06e-02
1.83737e-01 7.00e-02
1.86231e-01 7.00e-02
1.88718e-01 6.99e-02
1.91199e-01 6.98e-02
1.93591e-01 6.97e-02
1.96060e-01 6.95e-02
1.98441e-01 6.93e-02
2.00898e-01 6.91e-02
2.03267e-01 6.90e-02
2.05631e-01 6.89e-02
2.13820e-01 6.87e-02
2.18493e-01 6.87e-02
2.24183e-01 6.86e-02
2.28728e-01 6.85e-02
2.29841e-01 6.87e-02
2.30953e-01 6.85e-02
2.35388e-01 6.86e-02
2.37599e-01 6.88e-02
2.38702e-01 6.89e-02
2.40905e-01 6.89e-02
2.43103e-01 6.90e-02
2.45296e-01 6.89e-02
2.47407e-01 6.88e-02
2.49591e-01 6.87e-02
2.50681e-01 6.87e-02
2.53867e-01 6.87e-02
2.55959e-01 6.89e-02
2.57042e-01 6.88e-02
2.58047e-01 6.90e-02
2.60208e-01 7.00e-02
2.62287e-01 7.09e-02
2.64362e-01 7.17e-02
2.66433e-01 7.26e-02
2.68499e-01 7.35e-02
2.69493e-01 7.39e-02
2.70561e-01 7.44e-02
2.71553e-01 7.49e-02
2.72619e-01 7.00e-02
2.76646e-01 7.00e-02
2.77632e-01 7.00e-02
2.78692e-01 7.00e-02
2.79675e-01 7.00e-02
2.87582e-01 6.97e-02
2.89605e-01 6.99e-02
2.91550e-01 7.00e-02
2.92520e-01 7.00e-02
2.93490e-01 7.02e-02
2.98325e-01 7.02e-02
3.00253e-01 7.03e-02
3.01215e-01 7.04e-02
3.02177e-01 7.04e-02
3.03137e-01 7.04e-02
3.04982e-01 7.05e-02
3.06896e-01 7.06e-02
3.08807e-01 7.06e-02
3.09762e-01 7.07e-02
3.11594e-01 7.09e-02
3.13496e-01 7.10e-02
3.15322e-01 7.13e-02
3.16270e-01 7.13e-02
3.17144e-01 7.13e-02
3.18090e-01 7.14e-02
3.19907e-01 7.17e-02
3.20851e-01 7.20e-02
3.22663e-01 7.22e-02
3.24472e-01 7.24e-02
3.26278e-01 7.25e-02
3.27215e-01 7.26e-02
3.29016e-01 7.29e-02
3.30813e-01 7.32e-02
3.31675e-01 7.34e-02
3.32608e-01 7.36e-02
3.33468e-01 7.39e-02
3.34399e-01 7.39e-02
3.35257e-01 7.39e-02
3.36115e-01 7.41e-02
3.37044e-01 7.42e-02
3.37900e-01 7.44e-02
3.38827e-01 7.46e-02
3.39681e-01 7.46e-02
3.41389e-01 7.49e-02
3.43164e-01 7.52e-02
3.44936e-01 7.56e-02
3.46635e-01 7.59e-02
3.48330e-01 7.63e-02
3.49247e-01 7.67e-02
3.50093e-01 7.67e-02
3.51783e-01 7.70e-02
3.52627e-01 7.72e-02
3.54382e-01 7.76e-02
3.55224e-01 7.78e-02
3.56905e-01 7.81e-02
3.58583e-01 7.85e-02
3.59421e-01 7.86e-02
3.60259e-01 7.91e-02
3.61095e-01 7.91e-02
3.61931e-01 7.93e-02
3.62766e-01 7.96e-02
3.63601e-01 7.96e-02
3.65268e-01 8.01e-02
3.66100e-01 8.03e-02
3.66932e-01 8.06e-02
3.68594e-01 8.10e-02
3.70183e-01 8.14e-02
3.71839e-01 8.19e-02
3.73493e-01 8.24e-02
3.74318e-01 8.26e-02
3.75075e-01 8.30e-02
3.75899e-01 8.40e-02
3.76723e-01 8.36e-02
3.77546e-01 8.35e-02
3.78299e-01 8.38e-02
3.79121e-01 8.39e-02
3.79942e-01 8.42e-02
3.80762e-01 8.50e-02
3.81514e-01 8.47e-02
3.83151e-01 8.53e-02
3.83969e-01 8.56e-02
3.84718e-01 8.60e-02
3.85534e-01 8.63e-02
3.86282e-01 8.64e-02
3.87097e-01 8.69e-02
3.87912e-01 8.70e-02
3.88658e-01 8.72e-02
3.90284e-01 8.78e-02
3.91839e-01 8.84e-02
3.93393e-01 8.90e-02
3.94943e-01 8.96e-02
3.96492e-01 9.01e-02
3.97231e-01 9.04e-02
3.98038e-01 9.07e-02
3.99581e-01 9.13e-02
4.01122e-01 9.18e-02
4.01859e-01 9.22e-02
4.03396e-01 9.27e-02
4.04131e-01 9.29e-02
4.05665e-01 9.34e-02
4.07197e-01 9.40e-02
4.07929e-01 9.43e-02
4.08726e-01 9.47e-02
4.09457e-01 9.49e-02
4.10983e-01 9.55e-02
4.11712e-01 9.58e-02
4.12441e-01 9.64e-02
4.13169e-01 9.65e-02
4.13962e-01 9.68e-02
4.14689e-01 9.72e-02
4.15415e-01 9.74e-02
4.16141e-01 9.78e-02
4.16932e-01 9.82e-02
4.18381e-01 9.92e-02
4.19105e-01 9.99e-02
4.20616e-01 1.01e-01
4.21338e-01 1.01e-01
4.22060e-01 1.02e-01
4.22781e-01 1.02e-01
4.24221e-01 1.03e-01
4.25006e-01 1.03e-01
4.25725e-01 1.04e-01
4.26444e-01 1.04e-01
4.27879e-01 1.05e-01
4.28596e-01 1.06e-01
4.29312e-01 1.07e-01
4.30028e-01 1.06e-01
4.30743e-01 1.07e-01
4.31458e-01 1.09e-01
4.32172e-01 1.09e-01
4.33599e-01 1.11e-01
4.35024e-01 1.13e-01
4.36447e-01 1.15e-01
4.37158e-01 1.16e-01
4.37868e-01 1.17e-01
4.38577e-01 1.18e-01
4.39287e-01 1.19e-01
4.39995e-01 1.20e-01
4.40704e-01 1.21e-01
4.41411e-01 1.13e-01
4.42118e-01 1.14e-01
4.42761e-01 1.14e-01
4.43467e-01 1.15e-01
4.44173e-01 1.15e-01
4.44878e-01 1.15e-01
4.45583e-01 1.16e-01
4.46287e-01 1.16e-01
4.46927e-01 1.17e-01
4.47630e-01 1.18e-01
4.48333e-01 1.18e-01
4.49737e-01 1.19e-01
4.51076e-01 1.20e-01
4.52476e-01 1.21e-01
4.53175e-01 1.22e-01
4.53811e-01 1.22e-01
4.54509e-01 1.23e-01
4.55207e-01 1.24e-01
4.56538e-01 1.25e-01
4.57931e-01 1.26e-01
4.58563e-01 1.27e-01
4.59259e-01 1.27e-01
4.59953e-01 1.28e-01
4.60584e-01 1.29e-01
4.61278e-01 1.29e-01
4.62601e-01 1.31e-01
4.63294e-01 1.31e-01
4.63923e-01 1.32e-01
4.64614e-01 1.33e-01
4.65305e-01 1.33e-01
4.65933e-01 1.34e-01
4.66623e-01 1.35e-01
4.67250e-01 1.36e-01
4.67939e-01 1.37e-01
4.68565e-01 1.37e-01
4.69941e-01 1.38e-01
4.70566e-01 1.40e-01
4.71253e-01 1.39e-01
4.71877e-01 1.40e-01
4.72563e-01 1.40e-01
4.73871e-01 1.41e-01
4.74494e-01 1.42e-01
4.75178e-01 1.43e-01
4.75799e-01 1.43e-01
4.76420e-01 1.44e-01
4.77103e-01 1.44e-01
4.77724e-01 1.45e-01
4.78406e-01 1.47e-01
4.79025e-01 1.46e-01
4.79706e-01 1.48e-01
4.80325e-01 1.47e-01
4.80944e-01 1.48e-01
4.81623e-01 1.48e-01
4.82241e-01 1.49e-01
4.82920e-01 1.50e-01
4.84153e-01 1.51e-01
4.84831e-01 1.51e-01
4.85446e-01 1.53e-01
4.86062e-01 1.52e-01
4.86738e-01 1.53e-01
4.87966e-01 1.55e-01
4.89255e-01 1.56e-01
4.89868e-01 1.56e-01
4.91153e-01 1.58e-01
4.92376e-01 1.59e-01
4.93049e-01 1.60e-01
4.93659e-01 1.60e-01
4.94269e-01 1.61e-01
4.94879e-01 1.61e-01
4.95489e-01 1.62e-01
4.96159e-01 1.62e-01
4.96767e-01 1.63e-01
4.97984e-01 1.64e-01
4.98591e-01 1.65e-01
4.99259e-01 1.66e-01
4.99866e-01 1.67e-01
5.01078e-01 1.68e-01
5.02289e-01 1.70e-01
5.02955e-01 1.72e-01
5.04163e-01 1.72e-01
5.04767e-01 1.73e-01
5.05371e-01 1.74e-01
5.06577e-01 1.76e-01
5.07179e-01 1.76e-01
5.07781e-01 1.77e-01
5.08383e-01 1.78e-01
5.09044e-01 1.79e-01
5.10245e-01 1.81e-01
5.10846e-01 1.82e-01
5.11445e-01 1.84e-01
5.12045e-01 1.84e-01
5.13243e-01 1.86e-01
5.13841e-01 1.87e-01
5.14439e-01 1.89e-01
5.15037e-01 1.90e-01
5.15634e-01 1.91e-01
5.16231e-01 1.92e-01
5.17424e-01 1.95e-01
5.18020e-01 1.96e-01
5.18615e-01 1.97e-01
5.19210e-01 1.98e-01
5.19746e-01 1.99e-01
5.20934e-01 2.01e-01
5.22122e-01 2.03e-01
5.23307e-01 2.05e-01
5.23900e-01 2.05e-01
5.24492e-01 2.07e-01
5.25083e-01 2.08e-01
5.25616e-01 2.09e-01
5.26207e-01 2.10e-01
5.27388e-01 2.13e-01
5.27978e-01 2.14e-01
5.28567e-01 2.15e-01
5.29157e-01 2.16e-01
5.29687e-01 2.18e-01
5.30275e-01 2.19e-01
5.31451e-01 2.21e-01
5.32039e-01 2.24e-01
5.32568e-01 2.24e-01
5.33741e-01 2.26e-01
5.34327e-01 2.28e-01
5.34855e-01 2.29e-01
5.36025e-01 2.33e-01
5.36610e-01 2.34e-01
5.37721e-01 2.36e-01
5.38305e-01 2.37e-01
5.39413e-01 2.39e-01
5.40579e-01 2.42e-01
5.41685e-01 2.45e-01
5.42266e-01 2.47e-01
5.42789e-01 2.48e-01
5.43370e-01 2.51e-01
5.44473e-01 2.53e-01
5.45053e-01 2.55e-01
5.45633e-01 2.55e-01
5.46154e-01 2.57e-01
5.46733e-01 2.57e-01
5.47832e-01 2.60e-01
5.48410e-01 2.62e-01
5.48930e-01 2.63e-01
5.50085e-01 2.66e-01
5.50604e-01 2.67e-01
5.51699e-01 2.68e-01
5.52275e-01 2.68e-01
5.52850e-01 2.68e-01
5.53943e-01 2.70e-01
5.54460e-01 2.71e-01
5.55034e-01 2.73e-01
5.55550e-01 2.74e-01
5.56124e-01 2.76e-01
5.57213e-01 2.77e-01
5.57728e-01 2.77e-01
5.58301e-01 2.78e-01
5.58815e-01 2.79e-01
5.59387e-01 2.80e-01
5.60473e-01 2.83e-01
5.60986e-01 2.84e-01
5.62070e-01 2.88e-01
5.62640e-01 2.89e-01
5.63722e-01 2.93e-01
5.64234e-01 2.95e-01
5.64745e-01 2.95e-01
5.65314e-01 2.97e-01
5.65825e-01 2.99e-01
5.66393e-01 3.00e-01
5.66903e-01 3.01e-01
5.67471e-01 3.02e-01
5.67981e-01 3.03e-01
5.68491e-01 3.05e-01
5.69057e-01 3.07e-01
5.69566e-01 3.08e-01
5.70075e-01 3.08e-01
5.70641e-01 3.09e-01
5.71149e-01 3.09e-01
5.71714e-01 3.10e-01
5.72222e-01 3.11e-01
5.72729e-01 3.13e-01
5.73800e-01 3.15e-01
5.74307e-01 3.17e-01
5.74870e-01 3.17e-01
5.75883e-01 3.19e-01
5.76445e-01 3.20e-01
5.76950e-01 3.21e-01
5.77456e-01 3.22e-01
5.77961e-01 3.23e-01
5.79026e-01 3.25e-01
5.79530e-01 3.26e-01
5.80594e-01 3.27e-01
5.81098e-01 3.28e-01
5.81601e-01 3.29e-01
5.82662e-01 3.32e-01
5.83165e-01 3.33e-01
5.83667e-01 3.33e-01
5.84225e-01 3.33e-01
5.84726e-01 3.35e-01
5.85228e-01 3.37e-01
5.85729e-01 3.38e-01
5.86230e-01 3.39e-01
5.86786e-01 3.40e-01
5.87287e-01 3.39e-01
5.87787e-01 3.40e-01
5.88786e-01 3.42e-01
5.89286e-01 3.43e-01
5.89840e-01 3.44e-01
5.90838e-01 3.47e-01
5.91834e-01 3.48e-01
5.92332e-01 3.49e-01
5.92885e-01 3.50e-01
5.93382e-01 3.50e-01
5.93879e-01 3.51e-01
5.94376e-01 3.52e-01
5.94873e-01 3.53e-01
5.95369e-01 3.54e-01
5.95865e-01 3.55e-01
5.96361e-01 3.56e-01
5.96857e-01 3.57e-01
5.97407e-01 3.58e-01
5.98397e-01 3.59e-01
5.98891e-01 3.60e-01
5.99386e-01 3.60e-01
6.00374e-01 3.62e-01
6.00867e-01 3.63e-01
6.01361e-01 3.63e-01
6.01854e-01 3.64e-01
6.02839e-01 3.66e-01
6.03332e-01 3.66e-01
6.04316e-01 3.67e-01
6.05299e-01 3.69e-01
6.05790e-01 3.71e-01
6.06281e-01 3.72e-01
6.06772e-01 3.73e-01
6.07262e-01 3.74e-01
6.07753e-01 3.73e-01
6.08243e-01 3.74e-01
6.08732e-01 3.75e-01
6.09711e-01 3.77e-01
6.10200e-01 3.77e-01
6.10689e-01 3.78e-01
6.11178e-01 3.79e-01
6.11666e-01 3.79e-01
6.12154e-01 3.81e-01
6.12642e-01 3.81e-01
6.13617e-01 3.83e-01
6.14104e-01 3.85e-01
6.14591e-01 3.85e-01
6.15510e-01 3.86e-01
6.15996e-01 3.87e-01
6.16482e-01 3.88e-01
6.17453e-01 3.90e-01
6.17939e-01 3.91e-01
6.18424e-01 3.92e-01
6.18908e-01 3.94e-01
6.19339e-01 3.95e-01
6.20308e-01 3.95e-01
6.20792e-01 3.96e-01
6.21275e-01 3.97e-01
6.21759e-01 3.97e-01
6.22242e-01 3.98e-01
6.22671e-01 3.99e-01
6.23154e-01 4.01e-01
6.23636e-01 4.00e-01
6.24119e-01 4.01e-01
6.24601e-01 4.02e-01
6.25082e-01 4.05e-01
6.25992e-01 4.05e-01
6.26473e-01 4.06e-01
6.27435e-01 4.08e-01
6.28342e-01 4.10e-01
6.29302e-01 4.13e-01
6.30207e-01 4.16e-01
6.30686e-01 4.16e-01
6.31165e-01 4.16e-01
6.31591e-01 4.17e-01
6.32069e-01 4.17e-01
6.32548e-01 4.18e-01
6.33450e-01 4.20e-01
6.33928e-01 4.21e-01
6.34405e-01 4.23e-01
6.34882e-01 4.24e-01
6.35306e-01 4.23e-01
6.35783e-01 4.25e-01
6.36259e-01 4.25e-01
6.36683e-01 4.27e-01
6.37159e-01 4.28e-01
6.38110e-01 4.31e-01
6.39008e-01 4.32e-01
6.39905e-01 4.33e-01
6.40853e-01 4.35e-01
6.41275e-01 4.36e-01
6.41749e-01 4.35e-01
6.42643e-01 4.36e-01
6.43116e-01 4.36e-01
6.43537e-01 4.37e-01
6.44009e-01 4.38e-01
6.44902e-01 4.37e-01
6.45374e-01 4.38e-01
6.45846e-01 4.38e-01
6.46265e-01 4.37e-01
6.46737e-01 4.36e-01
6.47627e-01 4.37e-01
6.48516e-01 4.38e-01
6.48986e-01 4.39e-01
6.49404e-01 4.40e-01
6.49874e-01 4.41e-01
6.50292e-01 4.42e-01
6.50761e-01 4.44e-01
6.51231e-01 4.45e-01
6.51648e-01 4.45e-01
6.52117e-01 4.44e-01
6.53418e-01 4.44e-01
6.53886e-01 4.45e-01
6.54302e-01 4.45e-01
6.54770e-01 4.46e-01
6.55186e-01 4.49e-01
6.56120e-01 4.51e-01
6.56535e-01 4.52e-01
6.57002e-01 4.50e-01
6.57416e-01 4.47e-01
6.58297e-01 4.41e-01
6.58763e-01 4.39e-01
6.59177e-01 4.37e-01
6.60056e-01 4.34e-01
6.60469e-01 4.33e-01
6.60934e-01 4.32e-01
6.61811e-01 4.29e-01
6.62688e-01 4.28e-01
6.63564e-01 4.27e-01
6.63976e-01 4.25e-01
6.64439e-01 4.24e-01
6.65262e-01 4.22e-01
6.65725e-01 4.20e-01
6.66136e-01 4.19e-01
6.66598e-01 4.17e-01
6.67009e-01 4.17e-01
6.67470e-01 4.15e-01
6.67881e-01 4.14e-01
6.68291e-01 4.12e-01
6.69162e-01 4.11e-01
6.70032e-01 4.09e-01
6.70441e-01 4.08e-01
6.70902e-01 4.08e-01
6.71310e-01 4.06e-01
6.71719e-01 4.06e-01
6.72179e-01 4.05e-01
6.72587e-01 4.05e-01
6.73047e-01 4.05e-01
6.73455e-01 4.03e-01
6.73862e-01 4.02e-01
6.74321e-01 4.01e-01
6.75136e-01 4.00e-01
6.75594e-01 4.00e-01
6.76001e-01 3.99e-01
6.76408e-01 3.98e-01
6.77272e-01 3.96e-01
6.77678e-01 3.95e-01
6.78135e-01 3.94e-01
6.78947e-01 3.94e-01
6.79809e-01 3.93e-01
6.80619e-01 3.93e-01
6.81075e-01 3.93e-01
6.81479e-01 3.92e-01
6.82339e-01 3.91e-01
6.82743e-01 3.90e-01
6.84006e-01 3.89e-01
6.84813e-01 3.87e-01
6.85669e-01 3.87e-01
6.86072e-01 3.86e-01
6.86878e-01 3.87e-01
6.87733e-01 3.85e-01
6.88135e-01 3.84e-01
6.88537e-01 3.84e-01
6.88989e-01 3.84e-01
6.89792e-01 3.84e-01
6.90594e-01 3.84e-01
6.91045e-01 3.83e-01
6.91446e-01 3.81e-01
6.91846e-01 3.79e-01
6.92247e-01 3.78e-01
6.92647e-01 3.76e-01
6.93097e-01 3.74e-01
6.93497e-01 3.74e-01
6.93897e-01 3.73e-01
6.94696e-01 3.73e-01
6.95145e-01 3.73e-01
6.95943e-01 3.71e-01
6.96342e-01 3.71e-01
6.96741e-01 3.70e-01
6.97139e-01 3.69e-01
6.97538e-01 3.67e-01
6.97985e-01 3.66e-01
6.98383e-01 3.65e-01
6.98781e-01 3.64e-01
6.99179e-01 3.64e-01
6.99576e-01 3.68e-01
6.99974e-01 3.66e-01
7.00371e-01 3.63e-01
7.00818e-01 3.61e-01
7.01215e-01 3.60e-01
7.01611e-01 3.59e-01
7.02008e-01 3.58e-01
7.02404e-01 3.57e-01
7.03592e-01 3.56e-01
7.04384e-01 3.56e-01
7.04829e-01 3.56e-01
7.05224e-01 3.56e-01
7.05619e-01 3.54e-01
7.06014e-01 3.52e-01
7.06409e-01 3.50e-01
7.06804e-01 3.49e-01
7.07198e-01 3.47e-01
7.07592e-01 3.47e-01
7.08381e-01 3.48e-01
7.08774e-01 3.48e-01
7.09168e-01 3.48e-01
7.09562e-01 3.47e-01
7.10348e-01 3.43e-01
7.10741e-01 3.41e-01
7.11134e-01 3.39e-01
7.11920e-01 3.37e-01
7.12361e-01 3.36e-01
7.13146e-01 3.35e-01
7.13930e-01 3.33e-01
7.14713e-01 3.31e-01
7.15104e-01 3.31e-01
7.15496e-01 3.30e-01
7.15887e-01 3.29e-01
7.16668e-01 3.27e-01
7.17401e-01 3.26e-01
7.18181e-01 3.24e-01
7.18961e-01 3.23e-01
7.19740e-01 3.21e-01
7.20519e-01 3.19e-01
7.21297e-01 3.17e-01
7.22075e-01 3.17e-01
7.22463e-01 3.16e-01
7.23240e-01 3.15e-01
7.24016e-01 3.13e-01
7.24743e-01 3.11e-01
7.25130e-01 3.11e-01
7.25905e-01 3.08e-01
7.26292e-01 3.08e-01
7.26679e-01 3.06e-01
7.27452e-01 3.04e-01
7.28225e-01 3.02e-01
7.28949e-01 3.01e-01
7.29334e-01 2.99e-01
7.30106e-01 2.97e-01
7.30876e-01 2.95e-01
7.31262e-01 2.94e-01
7.31598e-01 2.93e-01
7.32368e-01 2.91e-01
7.32752e-01 2.89e-01
7.33521e-01 2.86e-01
7.33905e-01 2.85e-01
7.34241e-01 2.84e-01
7.35009e-01 2.81e-01
7.35776e-01 2.78e-01
7.36494e-01 2.75e-01
7.37260e-01 2.72e-01
7.38025e-01 2.70e-01
7.38360e-01 2.69e-01
7.38742e-01 2.67e-01
7.39124e-01 2.66e-01
7.39506e-01 2.64e-01
7.40222e-01 2.62e-01
7.40603e-01 2.60e-01
7.40985e-01 2.59e-01
7.41747e-01 2.57e-01
7.42461e-01 2.54e-01
7.42842e-01 2.52e-01
7.43222e-01 2.51e-01
7.43603e-01 2.50e-01
7.43935e-01 2.48e-01
7.44315e-01 2.47e-01
7.45075e-01 2.45e-01
7.45408e-01 2.44e-01
7.45787e-01 2.43e-01
7.46166e-01 2.42e-01
7.46546e-01 2.41e-01
7.46878e-01 2.39e-01
7.47635e-01 2.36e-01
7.47967e-01 2.34e-01
7.48724e-01 2.31e-01
7.49433e-01 2.29e-01
7.50189e-01 2.26e-01
7.50897e-01 2.23e-01
7.51275e-01 2.22e-01
7.51652e-01 2.21e-01
7.51982e-01 2.20e-01
7.52736e-01 2.17e-01
7.53066e-01 2.16e-01
7.53442e-01 2.15e-01
7.53819e-01 2.13e-01
7.54524e-01 2.11e-01
7.54901e-01 2.10e-01
7.55277e-01 2.09e-01
7.55605e-01 2.08e-01
7.56357e-01 2.06e-01
7.57061e-01 2.03e-01
7.57764e-01 2.01e-01
7.58467e-01 1.98e-01
7.59216e-01 1.96e-01
7.59918e-01 1.94e-01
7.60619e-01 1.92e-01
7.61366e-01 1.91e-01
7.62067e-01 1.89e-01
7.62767e-01 1.87e-01
7.63466e-01 1.85e-01
7.64211e-01 1.83e-01
7.64910e-01 1.82e-01
7.65235e-01 1.81e-01
7.65607e-01 1.80e-01
7.65979e-01 1.79e-01
7.66305e-01 1.78e-01
7.66676e-01 1.77e-01
7.67373e-01 1.75e-01
7.68069e-01 1.73e-01
7.68440e-01 1.72e-01
7.69136e-01 1.70e-01
7.69830e-01 1.69e-01
7.70155e-01 1.68e-01
7.70525e-01 1.67e-01
7.71219e-01 1.65e-01
7.71589e-01 1.64e-01
7.71912e-01 1.63e-01
7.72605e-01 1.62e-01
7.73298e-01 1.61e-01
7.73990e-01 1.59e-01
7.74681e-01 1.57e-01
7.75050e-01 1.56e-01
7.75740e-01 1.55e-01
7.76431e-01 1.53e-01
7.77121e-01 1.51e-01
7.77488e-01 1.51e-01
7.77810e-01 1.50e-01
7.78177e-01 1.49e-01
7.78866e-01 1.47e-01
7.79554e-01 1.45e-01
7.80242e-01 1.44e-01
7.80929e-01 1.43e-01
7.81570e-01 1.41e-01
7.81936e-01 1.40e-01
7.82622e-01 1.39e-01
7.83308e-01 1.38e-01
7.83993e-01 1.36e-01
7.84312e-01 1.35e-01
7.84677e-01 1.35e-01
7.84997e-01 1.34e-01
7.85362e-01 1.33e-01
7.86000e-01 1.32e-01
7.86364e-01 1.32e-01
7.86683e-01 1.31e-01
7.87366e-01 1.29e-01
7.88048e-01 1.28e-01
7.88730e-01 1.27e-01
7.89411e-01 1.26e-01
7.90092e-01 1.25e-01
7.90728e-01 1.24e-01
7.91408e-01 1.22e-01
7.91770e-01 1.22e-01
7.92404e-01 1.21e-01
7.93083e-01 1.20e-01
7.93761e-01 1.19e-01
7.94439e-01 1.18e-01
7.95117e-01 1.17e-01
7.95749e-01 1.16e-01
7.96110e-01 1.16e-01
7.96426e-01 1.15e-01
7.97102e-01 1.14e-01
7.97732e-01 1.13e-01
7.98408e-01 1.12e-01
7.99083e-01 1.12e-01
7.99757e-01 1.11e-01
8.00386e-01 1.10e-01
8.00745e-01 1.09e-01
8.01374e-01 1.09e-01
8.02046e-01 1.08e-01
8.02719e-01 1.07e-01
8.03346e-01 1.06e-01
8.04017e-01 1.05e-01
8.04644e-01 1.05e-01
8.05002e-01 1.04e-01
8.05314e-01 1.04e-01
8.05627e-01 1.04e-01
8.06297e-01 1.03e-01
8.06610e-01 1.03e-01
8.06967e-01 1.03e-01
8.07279e-01 1.02e-01
8.07591e-01 1.02e-01
8.07903e-01 1.02e-01
8.08260e-01 1.01e-01
8.08884e-01 1.01e-01
8.09240e-01 1.00e-01
8.09863e-01 9.94e-02
8.10530e-01 9.88e-02
8.10841e-01 9.84e-02
8.11152e-01 9.82e-02
8.11463e-01 9.80e-02
8.11819e-01 9.75e-02
8.12440e-01 9.71e-02
8.12751e-01 9.69e-02
8.13416e-01 9.66e-02
8.14036e-01 9.61e-02
8.14701e-01 9.56e-02
8.15321e-01 9.53e-02
8.15984e-01 9.47e-02
8.16603e-01 9.41e-02
8.17266e-01 9.36e-02
8.17575e-01 9.33e-02
8.17884e-01 9.31e-02
8.18546e-01 9.24e-02
8.18854e-01 9.22e-02
8.19163e-01 9.20e-02
8.19471e-01 9.17e-02
8.20132e-01 9.14e-02
8.20440e-01 9.12e-02
8.20749e-01 9.10e-02
8.21057e-01 9.10e-02
8.21716e-01 9.07e-02
8.22024e-01 9.05e-02
8.22639e-01 8.99e-02
8.23298e-01 8.96e-02
8.23912e-01 8.98e-02
8.24219e-01 8.99e-02
8.24833e-01 8.91e-02
8.25184e-01 8.87e-02
8.25490e-01 8.84e-02
8.26103e-01 8.80e-02
8.26410e-01 8.78e-02
8.27066e-01 8.73e-02
8.27678e-01 8.69e-02
8.27984e-01 8.67e-02
8.28595e-01 8.65e-02
8.28945e-01 8.65e-02
8.29556e-01 8.62e-02
8.29861e-01 8.60e-02
8.30166e-01 8.59e-02
8.30776e-01 8.59e-02
8.31430e-01 8.58e-02
8.31735e-01 8.57e-02
8.32344e-01 8.54e-02
8.32953e-01 8.52e-02
8.33257e-01 8.51e-02
8.33909e-01 8.51e-02
8.34213e-01 8.48e-02
8.34517e-01 8.43e-02
8.34820e-01 8.41e-02
8.35124e-01 8.39e-02
8.35428e-01 8.36e-02
8.35731e-01 8.36e-02
8.36035e-01 8.34e-02
8.36338e-01 8.30e-02
8.36641e-01 8.28e-02
8.36988e-01 8.29e-02
8.37291e-01 8.26e-02
8.37594e-01 8.22e-02
8.37897e-01 8.21e-02
8.38199e-01 8.27e-02
8.38502e-01 8.29e-02
8.38805e-01 8.29e-02
8.39107e-01 8.26e-02
8.39410e-01 8.23e-02
8.39712e-01 8.21e-02
8.40014e-01 8.25e-02
8.40618e-01 8.26e-02
8.41567e-01 8.27e-02
8.42170e-01 8.32e-02
8.42472e-01 8.36e-02
8.42773e-01 8.36e-02
8.43075e-01 8.32e-02
8.43376e-01 8.31e-02
8.43677e-01 8.32e-02
8.43978e-01 8.30e-02
8.44279e-01 8.29e-02
8.44580e-01 8.28e-02
8.44881e-01 8.26e-02
8.45181e-01 8.17e-02
8.45482e-01 8.10e-02
8.45782e-01 8.03e-02
8.46083e-01 7.98e-02
8.46383e-01 7.93e-02
8.46683e-01 7.93e-02
8.47284e-01 7.96e-02
8.47584e-01 7.97e-02
8.47883e-01 7.96e-02
8.48226e-01 7.93e-02
8.48825e-01 7.88e-02
8.49125e-01 7.85e-02
8.49424e-01 7.82e-02
8.50920e-01 7.81e-02
8.51219e-01 7.81e-02
8.51518e-01 7.81e-02
8.51816e-01 7.83e-02
8.52413e-01 7.84e-02
8.52712e-01 7.84e-02
8.53010e-01 7.83e-02
8.53606e-01 7.83e-02
8.53862e-01 7.83e-02
8.54160e-01 7.86e-02
8.54458e-01 7.89e-02
8.54756e-01 7.92e-02
8.55053e-01 7.93e-02
8.55351e-01 7.93e-02
8.55649e-01 7.88e-02
8.55946e-01 7.85e-02
8.56243e-01 7.79e-02
8.56838e-01 7.75e-02
8.57432e-01 7.71e-02
8.58026e-01 7.69e-02
8.58323e-01 7.68e-02
8.58619e-01 7.68e-02
8.58916e-01 7.69e-02
8.59509e-01 7.68e-02
8.59805e-01 7.68e-02
8.60397e-01 7.68e-02
8.60947e-01 7.71e-02
8.61243e-01 7.72e-02
8.61539e-01 7.72e-02
8.61835e-01 7.71e-02
8.62130e-01 7.71e-02
8.62426e-01 7.71e-02
8.62721e-01 7.73e-02
8.63017e-01 7.76e-02
8.63312e-01 7.78e-02
8.63607e-01 7.77e-02
8.63902e-01 7.77e-02
8.64197e-01 7.78e-02
8.64492e-01 7.79e-02
8.65040e-01 7.88e-02
8.65334e-01 7.96e-02
8.65629e-01 7.93e-02
8.65923e-01 7.92e-02
8.66218e-01 7.93e-02
8.66512e-01 7.88e-02
8.66806e-01 7.88e-02
8.67100e-01 7.89e-02
8.67395e-01 7.89e-02
8.67940e-01 7.87e-02
8.68234e-01 7.84e-02
8.68822e-01 7.83e-02
8.69115e-01 7.82e-02
8.69702e-01 7.82e-02
8.69995e-01 7.81e-02
8.70289e-01 7.81e-02
8.70540e-01 7.84e-02
8.70833e-01 7.90e-02
8.71126e-01 7.89e-02
8.71712e-01 7.83e-02
8.72297e-01 7.77e-02
8.72548e-01 7.76e-02
8.72840e-01 7.69e-02
8.73133e-01 7.70e-02
8.73425e-01 7.68e-02
8.74009e-01 7.70e-02
8.74301e-01 7.72e-02
8.74552e-01 7.72e-02
8.74844e-01 7.70e-02
8.75427e-01 7.66e-02
8.75719e-01 7.64e-02
8.76010e-01 7.63e-02
8.76302e-01 7.63e-02
8.76843e-01 7.61e-02
8.77134e-01 7.60e-02
8.78007e-01 7.60e-02
8.78547e-01 7.63e-02
8.78838e-01 7.64e-02
8.79129e-01 7.62e-02
8.79419e-01 7.61e-02
8.80249e-01 7.61e-02
8.80539e-01 7.59e-02
8.81119e-01 7.57e-02
8.81368e-01 7.56e-02
8.81948e-01 7.55e-02
8.82527e-01 7.55e-02
8.82775e-01 7.56e-02
8.83065e-01 7.55e-02
8.83354e-01 7.53e-02
8.83644e-01 7.51e-02
8.83933e-01 7.50e-02
8.84181e-01 7.50e-02
8.84470e-01 7.46e-02
8.84759e-01 7.44e-02
8.85337e-01 7.42e-02
8.85584e-01 7.42e-02
8.86161e-01 7.38e-02
8.86450e-01 7.36e-02
8.86738e-01 7.34e-02
8.87274e-01 7.33e-02
8.87562e-01 7.32e-02
8.87850e-01 7.31e-02
8.88097e-01 7.30e-02
8.88385e-01 7.31e-02
8.88673e-01 7.32e-02
8.88961e-01 7.32e-02
8.89248e-01 7.31e-02
8.89495e-01 7.27e-02
8.89782e-01 7.25e-02
8.90070e-01 7.23e-02
8.90357e-01 7.21e-02
8.90604e-01 7.19e-02
8.90891e-01 7.17e-02
8.91178e-01 7.16e-02
8.91465e-01 7.14e-02
8.91711e-01 7.14e-02
8.91998e-01 7.14e-02
8.92285e-01 7.16e-02
8.92572e-01 7.14e-02
8.92817e-01 7.12e-02
8.93104e-01 7.10e-02
8.93391e-01 7.06e-02
8.93677e-01 7.07e-02
8.93922e-01 7.03e-02
8.94209e-01 7.02e-02
8.94495e-01 6.99e-02
8.94781e-01 6.99e-02
8.95026e-01 6.99e-02
8.95598e-01 6.96e-02
8.95843e-01 6.95e-02
8.96129e-01 6.94e-02
8.96415e-01 6.94e-02
8.96700e-01 6.94e-02
8.96945e-01 6.95e-02
8.97516e-01 6.91e-02
8.98045e-01 6.90e-02
8.98330e-01 6.89e-02
8.98860e-01 6.88e-02
8.99429e-01 6.84e-02
8.99673e-01 6.82e-02
8.99958e-01 6.80e-02
9.00243e-01 6.81e-02
9.00771e-01 6.86e-02
9.01055e-01 6.89e-02
9.01583e-01 6.82e-02
9.01867e-01 6.78e-02
9.02151e-01 6.77e-02
9.02679e-01 6.78e-02
9.03205e-01 6.80e-02
9.03773e-01 6.78e-02
9.04056e-01 6.78e-02
9.04582e-01 6.81e-02
9.04866e-01 6.82e-02
9.05108e-01 6.84e-02
9.05392e-01 6.86e-02
9.05675e-01 6.87e-02
9.05917e-01 6.87e-02
9.06200e-01 6.87e-02
9.06483e-01 6.87e-02
9.07008e-01 6.87e-02
9.07532e-01 6.85e-02
9.07815e-01 6.84e-02
9.08097e-01 6.84e-02
9.08339e-01 6.82e-02
9.08904e-01 6.77e-02
9.09145e-01 6.77e-02
9.10232e-01 6.76e-02
9.10755e-01 6.75e-02
9.11278e-01 6.74e-02
9.11560e-01 6.73e-02
9.11841e-01 6.73e-02
9.12082e-01 6.73e-02
9.12363e-01 6.72e-02
9.12885e-01 6.68e-02
9.13407e-01 6.65e-02
9.13968e-01 6.61e-02
9.14489e-01 6.57e-02
9.15010e-01 6.53e-02
9.15530e-01 6.49e-02
9.15811e-01 6.48e-02
9.16331e-01 6.44e-02
9.16611e-01 6.42e-02
9.16851e-01 6.41e-02
9.17410e-01 6.39e-02
9.17929e-01 6.35e-02
9.18169e-01 6.35e-02
9.18448e-01 6.34e-02
9.18728e-01 6.31e-02
9.18967e-01 6.32e-02
9.19246e-01 6.30e-02
9.19486e-01 6.29e-02
9.19765e-01 6.28e-02
9.20044e-01 6.28e-02
9.20283e-01 6.28e-02
9.20562e-01 6.27e-02
9.20801e-01 6.25e-02
9.21079e-01 6.24e-02
9.21597e-01 6.23e-02
9.22114e-01 6.21e-02
9.22392e-01 6.19e-02
9.22631e-01 6.19e-02
9.22909e-01 6.18e-02
9.23187e-01 6.15e-02
9.23425e-01 6.14e-02
9.23703e-01 6.13e-02
9.23941e-01 6.13e-02
9.24219e-01 6.12e-02
9.24457e-01 6.10e-02
9.24735e-01 6.08e-02
9.25250e-01 6.07e-02
9.25766e-01 6.09e-02
9.26281e-01 6.12e-02
9.26558e-01 6.09e-02
9.26835e-01 6.07e-02
9.27072e-01 6.06e-02
9.27587e-01 6.04e-02
9.27864e-01 6.03e-02
9.28101e-01 6.02e-02
9.28377e-01 6.01e-02
9.29681e-01 6.01e-02
9.29917e-01 6.00e-02
9.30430e-01 6.01e-02
9.30943e-01 6.00e-02
9.31219e-01 6.00e-02
9.31731e-01 6.00e-02
9.31967e-01 6.00e-02
9.32243e-01 6.00e-02
9.32479e-01 6.02e-02
9.32754e-01 6.04e-02
9.32991e-01 6.05e-02
9.33266e-01 6.05e-02
9.33541e-01 6.05e-02
9.33777e-01 6.05e-02
9.34288e-01 6.04e-02
9.34563e-01 6.04e-02
9.34798e-01 6.03e-02
9.35309e-01 6.04e-02
9.35583e-01 6.03e-02
9.35819e-01 6.03e-02
9.36093e-01 6.02e-02
9.36329e-01 6.00e-02
9.36603e-01 5.99e-02
9.36838e-01 5.98e-02
9.37622e-01 5.98e-02
9.38130e-01 5.99e-02
9.38639e-01 6.00e-02
9.39148e-01 6.01e-02
9.39382e-01 6.00e-02
9.39656e-01 5.99e-02
9.40163e-01 5.96e-02
9.40398e-01 5.96e-02
9.40671e-01 5.97e-02
9.40905e-01 5.94e-02
9.41139e-01 5.95e-02
9.41413e-01 5.95e-02
9.41647e-01 5.96e-02
9.41919e-01 5.95e-02
9.42153e-01 5.95e-02
9.42660e-01 5.97e-02
9.43166e-01 5.96e-02
9.43439e-01 5.96e-02
9.43672e-01 5.95e-02
9.43945e-01 5.95e-02
9.44178e-01 5.96e-02
9.44450e-01 5.96e-02
9.44684e-01 5.97e-02
9.45189e-01 5.98e-02
9.45694e-01 6.01e-02
9.45927e-01 6.02e-02
9.46199e-01 6.04e-02
9.46432e-01 6.04e-02
9.46936e-01 6.03e-02
9.47208e-01 6.03e-02
9.48177e-01 6.03e-02
9.48680e-01 6.02e-02
9.48952e-01 6.03e-02
9.49184e-01 6.06e-02
9.49687e-01 6.10e-02
9.49919e-01 6.12e-02
9.50422e-01 6.09e-02
9.50692e-01 6.07e-02
9.50924e-01 6.08e-02
9.51426e-01 6.12e-02
9.51928e-01 6.15e-02
9.52160e-01 6.16e-02
9.52661e-01 6.18e-02
9.52931e-01 6.19e-02
9.53394e-01 6.18e-02
9.53664e-01 6.17e-02
9.54164e-01 6.18e-02
9.54395e-01 6.19e-02
9.54896e-01 6.22e-02
9.55396e-01 6.25e-02
9.55627e-01 6.27e-02
9.55896e-01 6.28e-02
9.56127e-01 6.29e-02
9.56626e-01 6.33e-02
9.56857e-01 6.34e-02
9.57126e-01 6.34e-02
9.57356e-01 6.35e-02
9.57586e-01 6.37e-02
9.57855e-01 6.38e-02
9.58354e-01 6.41e-02
9.58584e-01 6.42e-02
9.59082e-01 6.42e-02
9.59312e-01 6.44e-02
9.59580e-01 6.45e-02
9.59810e-01 6.47e-02
9.60040e-01 6.52e-02
9.60537e-01 6.51e-02
9.60767e-01 6.53e-02
9.61035e-01 6.55e-02
9.61264e-01 6.58e-02
9.61532e-01 6.62e-02
9.61990e-01 6.70e-02
9.62487e-01 6.68e-02
9.62716e-01 6.67e-02
9.62983e-01 6.69e-02
9.63212e-01 6.70e-02
9.63937e-01 6.71e-02
9.64433e-01 6.72e-02
9.64929e-01 6.74e-02
9.65386e-01 6.77e-02
9.65881e-01 6.79e-02
9.66147e-01 6.80e-02
9.66604e-01 6.85e-02
9.67098e-01 6.89e-02
9.67326e-01 6.91e-02
9.67592e-01 6.91e-02
9.67820e-01 6.91e-02
9.68048e-01 6.92e-02
9.68542e-01 6.94e-02
9.68769e-01 7.02e-02
9.69035e-01 7.11e-02
9.69263e-01 7.21e-02
9.69490e-01 7.29e-02
9.69756e-01 7.26e-02
9.70211e-01 7.10e-02
9.70476e-01 7.04e-02
9.70930e-01 7.05e-02
9.71423e-01 7.10e-02
9.71650e-01 7.13e-02
9.71915e-01 7.15e-02
9.72369e-01 7.16e-02
9.72633e-01 7.17e-02
9.73087e-01 7.17e-02
9.73351e-01 7.16e-02
9.74069e-01 7.17e-02
9.74295e-01 7.17e-02
9.74522e-01 7.19e-02
9.74786e-01 7.21e-02
9.75012e-01 7.22e-02
9.75503e-01 7.23e-02
9.75729e-01 7.24e-02
9.76181e-01 7.28e-02
9.76445e-01 7.30e-02
9.76671e-01 7.31e-02
9.76897e-01 7.32e-02
9.77875e-01 7.31e-02
9.78326e-01 7.33e-02
9.78815e-01 7.35e-02
9.79040e-01 7.36e-02
9.79266e-01 7.34e-02
9.79528e-01 7.33e-02
9.79754e-01 7.33e-02
9.81179e-01 7.35e-02
9.81404e-01 7.36e-02
9.81891e-01 7.40e-02
9.82341e-01 7.42e-02
9.82827e-01 7.44e-02
9.83276e-01 7.45e-02
9.83762e-01 7.47e-02
9.83987e-01 7.48e-02
9.84211e-01 7.50e-02
9.84473e-01 7.52e-02
9.84697e-01 7.55e-02
9.84921e-01 7.58e-02
9.85145e-01 7.61e-02
9.85630e-01 7.63e-02
9.85854e-01 7.64e-02
9.86339e-01 7.68e-02
9.86786e-01 7.74e-02
9.87271e-01 7.78e-02
9.87494e-01 7.80e-02
9.87941e-01 7.84e-02
9.88202e-01 7.87e-02
9.88649e-01 7.94e-02
9.89132e-01 8.01e-02
9.89355e-01 8.04e-02
9.89578e-01 8.07e-02
9.90062e-01 8.16e-02
9.90284e-01 8.20e-02
9.90507e-01 8.23e-02
9.90730e-01 8.25e-02
9.90990e-01 8.26e-02
9.91213e-01 8.27e-02
9.91658e-01 8.32e-02
9.91918e-01 8.35e-02
9.92362e-01 8.56e-02
9.92585e-01 8.67e-02
9.92844e-01 8.74e-02
9.93067e-01 8.76e-02
9.93289e-01 8.77e-02
9.93511e-01 8.77e-02
9.93733e-01 8.79e-02
9.93992e-01 8.83e-02
9.94436e-01 8.73e-02
9.94917e-01 8.65e-02
9.95139e-01 8.61e-02
9.95582e-01 8.65e-02
9.96063e-01 8.68e-02
9.96506e-01 8.69e-02
9.96727e-01 8.71e-02
9.96986e-01 8.73e-02
9.97207e-01 8.77e-02
9.97428e-01 8.82e-02
9.97649e-01 8.82e-02
9.97871e-01 8.83e-02
9.98129e-01 8.85e-02
9.98571e-01 8.92e-02
9.99013e-01 8.96e-02
9.99492e-01 9.00e-02
9.99712e-01 9.03e-02
1.00015e+00 9.10e-02
1.00041e+00 9.14e-02
1.00085e+00 9.24e-02
1.00107e+00 9.30e-02
1.00129e+00 9.37e-02
1.00155e+00 9.44e-02
1.00177e+00 9.47e-02
1.00199e+00 9.45e-02
1.00243e+00 9.46e-02
1.00269e+00 9.49e-02
1.00291e+00 9.53e-02
1.00335e+00 9.57e-02
1.00357e+00 9.60e-02
1.00405e+00 9.64e-02
1.00448e+00 9.71e-02
1.00470e+00 9.75e-02
1.00518e+00 9.82e-02
1.00562e+00 9.87e-02
1.00584e+00 9.89e-02
1.00606e+00 9.94e-02
1.00628e+00 1.00e-01
1.00675e+00 1.01e-01
1.00697e+00 1.02e-01
1.00719e+00 1.02e-01
1.00741e+00 1.01e-01
1.00763e+00 1.01e-01
1.00788e+00 1.01e-01
1.00832e+00 1.02e-01
1.00854e+00 1.02e-01
1.00876e+00 1.02e-01
1.00898e+00 1.02e-01
1.00923e+00 1.03e-01
1.00945e+00 1.03e-01
1.00967e+00 1.04e-01
1.01011e+00 1.05e-01
1.01058e+00 1.05e-01
1.01102e+00 1.05e-01
1.01124e+00 1.06e-01
1.01146e+00 1.06e-01
1.01189e+00 1.07e-01
1.01215e+00 1.07e-01
1.01236e+00 1.07e-01
1.01280e+00 1.08e-01
1.01302e+00 1.08e-01
1.01345e+00 1.09e-01
1.01371e+00 1.09e-01
1.01414e+00 1.09e-01
1.01458e+00 1.10e-01
1.01501e+00 1.10e-01
1.01548e+00 1.11e-01
1.01592e+00 1.12e-01
1.01635e+00 1.12e-01
1.01657e+00 1.13e-01
1.01704e+00 1.13e-01
1.01747e+00 1.14e-01
1.01769e+00 1.14e-01
1.01813e+00 1.14e-01
1.01856e+00 1.15e-01
1.01903e+00 1.16e-01
1.01946e+00 1.16e-01
1.01968e+00 1.16e-01
1.01989e+00 1.16e-01
1.02033e+00 1.16e-01
1.02054e+00 1.17e-01
1.02079e+00 1.17e-01
1.02101e+00 1.17e-01
1.02123e+00 1.17e-01
1.02144e+00 1.17e-01
1.02166e+00 1.17e-01
1.02209e+00 1.18e-01
1.02252e+00 1.18e-01
1.02299e+00 1.18e-01
1.02342e+00 1.18e-01
1.02385e+00 1.19e-01
1.02428e+00 1.19e-01
1.02471e+00 1.20e-01
1.02497e+00 1.20e-01
1.02540e+00 1.20e-01
1.02583e+00 1.20e-01
1.02604e+00 1.20e-01
1.02626e+00 1.20e-01
1.02669e+00 1.21e-01
1.02712e+00 1.21e-01
1.02758e+00 1.21e-01
1.02780e+00 1.21e-01
1.02801e+00 1.22e-01
1.02823e+00 1.22e-01
1.02844e+00 1.22e-01
1.02865e+00 1.22e-01
1.02908e+00 1.23e-01
1.02930e+00 1.23e-01
1.02973e+00 1.23e-01
1.02998e+00 1.23e-01
1.03019e+00 1.23e-01
1.03062e+00 1.24e-01
1.03083e+00 1.24e-01
1.03126e+00 1.25e-01
1.03147e+00 1.26e-01
1.03190e+00 1.25e-01
1.03212e+00 1.25e-01
1.03233e+00 1.25e-01
1.03254e+00 1.25e-01
1.03276e+00 1.26e-01
1.03297e+00 1.26e-01
1.03343e+00 1.26e-01
1.03386e+00 1.27e-01
1.03407e+00 1.27e-01
1.03450e+00 1.27e-01
1.03493e+00 1.27e-01
1.03535e+00 1.28e-01
1.03557e+00 1.28e-01
1.03578e+00 1.28e-01
1.03620e+00 1.28e-01
1.03663e+00 1.28e-01
1.03706e+00 1.28e-01
1.03752e+00 1.29e-01
1.03794e+00 1.29e-01
1.03837e+00 1.29e-01
1.03879e+00 1.29e-01
1.03922e+00 1.29e-01
1.03964e+00 1.30e-01
1.04006e+00 1.30e-01
1.04028e+00 1.30e-01
1.04049e+00 1.31e-01
1.04070e+00 1.31e-01
1.04112e+00 1.31e-01
1.04134e+00 1.31e-01
1.04155e+00 1.31e-01
1.04176e+00 1.31e-01
1.04197e+00 1.31e-01
1.04218e+00 1.31e-01
1.04261e+00 1.31e-01
1.04303e+00 1.32e-01
1.04349e+00 1.32e-01
1.04391e+00 1.32e-01
1.04412e+00 1.33e-01
1.04433e+00 1.32e-01
1.04475e+00 1.33e-01
1.04518e+00 1.33e-01
1.04560e+00 1.33e-01
1.04602e+00 1.34e-01
1.04644e+00 1.34e-01
1.04686e+00 1.34e-01
1.04728e+00 1.34e-01
1.04749e+00 1.35e-01
1.04770e+00 1.35e-01
1.04792e+00 1.35e-01
1.04834e+00 1.35e-01
1.04855e+00 1.36e-01
1.04876e+00 1.36e-01
1.04897e+00 1.37e-01
1.04939e+00 1.36e-01
1.04960e+00 1.36e-01
1.04981e+00 1.37e-01
1.05002e+00 1.38e-01
1.05023e+00 1.39e-01
1.05044e+00 1.38e-01
1.05065e+00 1.37e-01
1.05086e+00 1.37e-01
1.05107e+00 1.37e-01
1.05170e+00 1.38e-01
1.05253e+00 1.37e-01
1.05295e+00 1.37e-01
1.05337e+00 1.37e-01
1.05379e+00 1.37e-01
1.05421e+00 1.36e-01
1.05442e+00 1.36e-01
1.05463e+00 1.36e-01
1.05483e+00 1.36e-01
1.05584e+00 1.36e-01
1.05730e+00 1.36e-01
1.05772e+00 1.35e-01
1.05793e+00 1.35e-01
1.05835e+00 1.35e-01
1.05876e+00 1.35e-01
1.05918e+00 1.35e-01
1.05939e+00 1.35e-01
1.05980e+00 1.35e-01
1.06022e+00 1.35e-01
1.06063e+00 1.35e-01
1.06105e+00 1.34e-01
1.06143e+00 1.34e-01
1.06184e+00 1.33e-01
1.06226e+00 1.32e-01
1.06267e+00 1.32e-01
1.06309e+00 1.32e-01
1.06330e+00 1.31e-01
1.06350e+00 1.31e-01
1.06371e+00 1.31e-01
1.06412e+00 1.30e-01
1.06433e+00 1.30e-01
1.06475e+00 1.30e-01
1.06516e+00 1.29e-01
1.06554e+00 1.29e-01
1.06574e+00 1.29e-01
1.06616e+00 1.29e-01
1.06657e+00 1.29e-01
1.06678e+00 1.30e-01
1.06698e+00 1.30e-01
1.06719e+00 1.29e-01
1.06740e+00 1.28e-01
1.06843e+00 1.28e-01
1.06860e+00 1.28e-01
1.06901e+00 1.28e-01
1.06922e+00 1.28e-01
1.06942e+00 1.28e-01
1.06963e+00 1.28e-01
1.06984e+00 1.28e-01
1.07004e+00 1.27e-01
1.07025e+00 1.27e-01
1.07086e+00 1.27e-01
1.07128e+00 1.27e-01
1.07145e+00 1.27e-01
1.07186e+00 1.27e-01
1.07206e+00 1.27e-01
1.07227e+00 1.27e-01
1.07247e+00 1.27e-01
1.07288e+00 1.27e-01
1.07329e+00 1.28e-01
1.07370e+00 1.28e-01
1.07388e+00 1.28e-01
1.07408e+00 1.29e-01
1.07429e+00 1.29e-01
1.07449e+00 1.29e-01
1.07470e+00 1.29e-01
1.07490e+00 1.29e-01
1.07510e+00 1.30e-01
1.07531e+00 1.30e-01
1.07551e+00 1.32e-01
1.07572e+00 1.33e-01
1.07592e+00 1.31e-01
1.07609e+00 1.30e-01
1.07630e+00 1.30e-01
1.07671e+00 1.28e-01
1.07712e+00 1.28e-01
1.07752e+00 1.27e-01
1.07773e+00 1.26e-01
1.07793e+00 1.26e-01
1.07831e+00 1.25e-01
1.07851e+00 1.25e-01
1.07892e+00 1.24e-01
1.07912e+00 1.24e-01
1.07933e+00 1.24e-01
1.07953e+00 1.23e-01
1.07974e+00 1.23e-01
1.08011e+00 1.23e-01
1.08052e+00 1.23e-01
1.08072e+00 1.22e-01
1.08113e+00 1.22e-01
1.08133e+00 1.22e-01
1.08170e+00 1.22e-01
1.08211e+00 1.21e-01
1.08231e+00 1.21e-01
1.08272e+00 1.21e-01
1.08313e+00 1.20e-01
1.08350e+00 1.19e-01
1.08390e+00 1.19e-01
1.08431e+00 1.19e-01
1.08472e+00 1.18e-01
1.08509e+00 1.17e-01
1.08549e+00 1.17e-01
1.08570e+00 1.16e-01
1.08590e+00 1.16e-01
1.08630e+00 1.15e-01
1.08651e+00 1.15e-01
1.08667e+00 1.14e-01
1.08688e+00 1.14e-01
1.08708e+00 1.14e-01
1.08728e+00 1.14e-01
1.08769e+00 1.13e-01
1.08806e+00 1.13e-01
1.08866e+00 1.13e-01
1.08907e+00 1.13e-01
1.08947e+00 1.13e-01
1.08964e+00 1.13e-01
1.09004e+00 1.12e-01
1.09045e+00 1.11e-01
1.09085e+00 1.11e-01
1.09102e+00 1.11e-01
1.09122e+00 1.11e-01
1.09162e+00 1.10e-01
1.09202e+00 1.10e-01
1.09223e+00 1.10e-01
1.09239e+00 1.10e-01
1.09259e+00 1.10e-01
1.09280e+00 1.10e-01
1.09320e+00 1.10e-01
1.09340e+00 1.10e-01
1.09397e+00 1.10e-01
1.09417e+00 1.10e-01
1.09437e+00 1.10e-01
1.09457e+00 1.10e-01
1.09477e+00 1.10e-01
1.09594e+00 1.10e-01
1.09611e+00 1.10e-01
1.09651e+00 1.09e-01
1.09671e+00 1.09e-01
1.09691e+00 1.09e-01
1.09748e+00 1.09e-01
1.09768e+00 1.09e-01
1.09788e+00 1.09e-01
1.09808e+00 1.09e-01
1.09845e+00 1.08e-01
1.09885e+00 1.08e-01
1.09905e+00 1.08e-01
1.09925e+00 1.09e-01
1.09945e+00 1.09e-01
1.10001e+00 1.09e-01
1.10021e+00 1.09e-01
1.10041e+00 1.09e-01
1.10061e+00 1.08e-01
1.10078e+00 1.08e-01
1.10098e+00 1.08e-01
1.10118e+00 1.08e-01
1.10138e+00 1.08e-01
1.10157e+00 1.08e-01
1.10177e+00 1.09e-01
1.10234e+00 1.09e-01
1.10290e+00 1.09e-01
1.10330e+00 1.09e-01
1.10390e+00 1.09e-01
1.10426e+00 1.09e-01
1.10466e+00 1.08e-01
1.10503e+00 1.08e-01
1.10542e+00 1.07e-01
1.10582e+00 1.07e-01
1.10599e+00 1.06e-01
1.10698e+00 1.06e-01
1.10714e+00 1.06e-01
1.10734e+00 1.07e-01
1.10774e+00 1.07e-01
1.10794e+00 1.07e-01
1.10830e+00 1.08e-01
1.10850e+00 1.09e-01
1.10889e+00 1.09e-01
1.10906e+00 1.09e-01
1.10926e+00 1.09e-01
1.10945e+00 1.09e-01
1.10965e+00 1.09e-01
1.10985e+00 1.09e-01
1.11001e+00 1.09e-01
1.11041e+00 1.10e-01
1.11061e+00 1.10e-01
1.11080e+00 1.10e-01
1.11097e+00 1.10e-01
1.11136e+00 1.10e-01
1.11176e+00 1.09e-01
1.11192e+00 1.09e-01
1.11232e+00 1.09e-01
1.11252e+00 1.09e-01
1.11288e+00 1.09e-01
1.11327e+00 1.09e-01
1.11347e+00 1.09e-01
1.11383e+00 1.09e-01
1.11422e+00 1.09e-01
1.11442e+00 1.09e-01
1.11458e+00 1.09e-01
1.11498e+00 1.09e-01
1.11534e+00 1.10e-01
1.11553e+00 1.10e-01
1.11593e+00 1.10e-01
1.11629e+00 1.11e-01
1.11668e+00 1.11e-01
1.11688e+00 1.11e-01
1.11704e+00 1.11e-01
1.11724e+00 1.12e-01
1.11743e+00 1.12e-01
1.11783e+00 1.11e-01
1.11799e+00 1.11e-01
1.11819e+00 1.11e-01
1.11838e+00 1.11e-01
1.11894e+00 1.11e-01
1.11933e+00 1.11e-01
1.11953e+00 1.11e-01
1.11969e+00 1.12e-01
1.11988e+00 1.12e-01
1.12008e+00 1.12e-01
1.12028e+00 1.12e-01
1.12044e+00 1.11e-01
1.12063e+00 1.11e-01
1.12083e+00 1.11e-01
1.12103e+00 1.10e-01
1.12119e+00 1.10e-01
1.12158e+00 1.10e-01
1.12197e+00 1.11e-01
1.12233e+00 1.11e-01
1.12252e+00 1.11e-01
1.12288e+00 1.12e-01
1.12327e+00 1.12e-01
1.12347e+00 1.12e-01
1.12383e+00 1.12e-01
1.12422e+00 1.12e-01
1.12438e+00 1.12e-01
1.12512e+00 1.12e-01
1.12532e+00 1.12e-01
1.12551e+00 1.13e-01
1.12587e+00 1.13e-01
1.12607e+00 1.13e-01
1.12626e+00 1.13e-01
1.12645e+00 1.13e-01
1.12681e+00 1.13e-01
1.12720e+00 1.13e-01
1.12756e+00 1.13e-01
1.12794e+00 1.14e-01
1.12830e+00 1.14e-01
1.12869e+00 1.14e-01
1.12885e+00 1.14e-01
1.12924e+00 1.15e-01
1.12943e+00 1.15e-01
1.12979e+00 1.15e-01
1.13018e+00 1.15e-01
1.13053e+00 1.16e-01
1.13092e+00 1.16e-01
1.13108e+00 1.16e-01
1.13147e+00 1.16e-01
1.13182e+00 1.17e-01
1.13201e+00 1.17e-01
1.13237e+00 1.17e-01
1.13256e+00 1.17e-01
1.13295e+00 1.18e-01
1.13311e+00 1.18e-01
1.13350e+00 1.18e-01
1.13385e+00 1.19e-01
1.13404e+00 1.19e-01
1.13424e+00 1.19e-01
1.13459e+00 1.19e-01
1.13498e+00 1.19e-01
1.13514e+00 1.20e-01
1.13533e+00 1.20e-01
1.13552e+00 1.20e-01
1.13588e+00 1.21e-01
1.13626e+00 1.21e-01
1.13645e+00 1.21e-01
1.13661e+00 1.21e-01
1.13700e+00 1.21e-01
1.13716e+00 1.22e-01
1.13735e+00 1.22e-01
1.13754e+00 1.22e-01
1.13790e+00 1.22e-01
1.13828e+00 1.23e-01
1.13863e+00 1.23e-01
1.13902e+00 1.23e-01
1.13937e+00 1.23e-01
1.13972e+00 1.24e-01
1.14011e+00 1.24e-01
1.14046e+00 1.24e-01
1.14084e+00 1.25e-01
1.14119e+00 1.25e-01
1.14158e+00 1.26e-01
1.14193e+00 1.26e-01
1.14228e+00 1.26e-01
1.14266e+00 1.27e-01
1.14285e+00 1.27e-01
1.14320e+00 1.28e-01
1.14355e+00 1.28e-01
1.14394e+00 1.28e-01
1.14429e+00 1.29e-01
1.14467e+00 1.29e-01
1.14502e+00 1.29e-01
1.14537e+00 1.30e-01
1.14575e+00 1.30e-01
1.14610e+00 1.31e-01
1.14648e+00 1.31e-01
1.14683e+00 1.32e-01
1.14718e+00 1.32e-01
1.14756e+00 1.33e-01
1.14791e+00 1.33e-01
1.14829e+00 1.33e-01
1.14845e+00 1.34e-01
1.14883e+00 1.34e-01
1.14918e+00 1.34e-01
1.14956e+00 1.35e-01
1.14991e+00 1.35e-01
1.15026e+00 1.35e-01
1.15064e+00 1.36e-01
1.15098e+00 1.36e-01
1.15133e+00 1.37e-01
1.15171e+00 1.37e-01
1.15187e+00 1.37e-01
1.15225e+00 1.38e-01
1.15244e+00 1.39e-01
1.15278e+00 1.38e-01
1.15297e+00 1.38e-01
1.15332e+00 1.39e-01
1.15367e+00 1.39e-01
1.15405e+00 1.39e-01
1.15420e+00 1.40e-01
1.15458e+00 1.40e-01
1.15493e+00 1.40e-01
1.15528e+00 1.40e-01
1.15547e+00 1.41e-01
1.15581e+00 1.41e-01
1.15619e+00 1.41e-01
1.15654e+00 1.41e-01
1.15691e+00 1.41e-01
1.15726e+00 1.42e-01
1.15745e+00 1.42e-01
1.15760e+00 1.42e-01
1.15798e+00 1.42e-01
1.15833e+00 1.42e-01
1.15867e+00 1.42e-01
1.15905e+00 1.43e-01
1.15939e+00 1.43e-01
1.15958e+00 1.43e-01
1.15974e+00 1.43e-01
1.15993e+00 1.43e-01
1.16187e+00 1.43e-01
1.16293e+00 1.43e-01
1.16346e+00 1.43e-01
1.16384e+00 1.43e-01
1.16418e+00 1.43e-01
1.16437e+00 1.43e-01
1.16540e+00 1.43e-01
1.16577e+00 1.43e-01
1.16593e+00 1.43e-01
1.16630e+00 1.43e-01
1.16683e+00 1.43e-01
1.16717e+00 1.43e-01
1.16770e+00 1.42e-01
1.16823e+00 1.42e-01
1.16842e+00 1.42e-01
1.16876e+00 1.42e-01
1.17034e+00 1.42e-01
1.17068e+00 1.42e-01
1.17087e+00 1.42e-01
1.17121e+00 1.42e-01
1.17140e+00 1.41e-01
1.17174e+00 1.42e-01
1.17208e+00 1.41e-01
1.17227e+00 1.41e-01
1.17261e+00 1.41e-01
1.17295e+00 1.41e-01
1.17332e+00 1.41e-01
1.17366e+00 1.40e-01
1.17400e+00 1.40e-01
1.17418e+00 1.40e-01
1.17434e+00 1.40e-01
1.17471e+00 1.40e-01
1.17486e+00 1.40e-01
1.17523e+00 1.39e-01
1.17557e+00 1.39e-01
1.17591e+00 1.39e-01
1.17625e+00 1.39e-01
1.17662e+00 1.38e-01
1.17696e+00 1.38e-01
1.17730e+00 1.38e-01
1.17764e+00 1.38e-01
1.17801e+00 1.38e-01
1.17835e+00 1.37e-01
1.17902e+00 1.37e-01
1.17939e+00 1.37e-01
1.17973e+00 1.36e-01
1.18007e+00 1.36e-01
1.18041e+00 1.36e-01
1.18078e+00 1.36e-01
1.18111e+00 1.36e-01
1.18164e+00 1.35e-01
1.18216e+00 1.35e-01
1.18231e+00 1.35e-01
1.18268e+00 1.35e-01
1.18301e+00 1.35e-01
1.18335e+00 1.34e-01
1.18354e+00 1.34e-01
1.18369e+00 1.34e-01
1.18387e+00 1.35e-01
1.18406e+00 1.35e-01
1.18421e+00 1.34e-01
1.18439e+00 1.34e-01
1.18491e+00 1.34e-01
1.18558e+00 1.34e-01
1.18577e+00 1.34e-01
1.18610e+00 1.34e-01
1.18644e+00 1.34e-01
1.18662e+00 1.33e-01
1.18763e+00 1.33e-01
1.18800e+00 1.33e-01
1.18833e+00 1.33e-01
1.18848e+00 1.33e-01
1.18867e+00 1.32e-01
1.18900e+00 1.32e-01
1.18934e+00 1.32e-01
1.18952e+00 1.32e-01
1.18970e+00 1.32e-01
1.19004e+00 1.31e-01
1.19037e+00 1.31e-01
1.19071e+00 1.31e-01
1.19107e+00 1.31e-01
1.19140e+00 1.31e-01
1.19156e+00 1.30e-01
1.19174e+00 1.30e-01
1.19207e+00 1.30e-01
1.19241e+00 1.30e-01
1.19277e+00 1.29e-01
1.19310e+00 1.29e-01
1.19344e+00 1.29e-01
1.19377e+00 1.29e-01
1.19410e+00 1.28e-01
1.19447e+00 1.28e-01
1.19480e+00 1.28e-01
1.19513e+00 1.28e-01
1.19547e+00 1.28e-01
1.19580e+00 1.28e-01
1.19616e+00 1.27e-01
1.19649e+00 1.27e-01
1.19683e+00 1.27e-01
1.19716e+00 1.26e-01
1.19749e+00 1.26e-01
1.19782e+00 1.26e-01
1.19819e+00 1.25e-01
1.19852e+00 1.25e-01
1.19867e+00 1.24e-01
1.19903e+00 1.23e-01
1.19936e+00 1.23e-01
1.19951e+00 1.22e-01
1.19987e+00 1.22e-01
1.20021e+00 1.21e-01
1.20054e+00 1.20e-01
1.20087e+00 1.20e-01
1.20120e+00 1.19e-01
1.20153e+00 1.19e-01
1.20189e+00 1.18e-01
1.20222e+00 1.18e-01
1.20237e+00 1.17e-01
1.20255e+00 1.17e-01
1.20288e+00 1.17e-01
1.20321e+00 1.16e-01
1.20354e+00 1.16e-01
1.20390e+00 1.15e-01
1.20423e+00 1.15e-01
1.20456e+00 1.14e-01
1.20489e+00 1.14e-01
1.20522e+00 1.14e-01
1.20555e+00 1.13e-01
1.20591e+00 1.13e-01
1.20624e+00 1.12e-01
1.20657e+00 1.12e-01
1.20690e+00 1.12e-01
1.20723e+00 1.11e-01
1.20756e+00 1.11e-01
1.20789e+00 1.11e-01
1.20824e+00 1.10e-01
1.20857e+00 1.10e-01
1.20890e+00 1.10e-01
1.20923e+00 1.10e-01
1.20956e+00 1.09e-01
1.20989e+00 1.09e-01
1.21021e+00 1.09e-01
1.21057e+00 1.09e-01
1.21090e+00 1.08e-01
1.21123e+00 1.08e-01
1.21155e+00 1.08e-01
1.21188e+00 1.08e-01
1.21221e+00 1.08e-01
1.21254e+00 1.08e-01
1.21289e+00 1.07e-01
1.21322e+00 1.07e-01
1.21355e+00 1.07e-01
1.21387e+00 1.07e-01
1.21420e+00 1.06e-01
1.21453e+00 1.06e-01
1.21485e+00 1.05e-01
1.21521e+00 1.05e-01
1.21554e+00 1.05e-01
1.21586e+00 1.04e-01
1.21619e+00 1.04e-01
1.21651e+00 1.04e-01
1.21684e+00 1.03e-01
1.21717e+00 1.03e-01
1.21749e+00 1.03e-01
1.21782e+00 1.03e-01
1.21817e+00 1.03e-01
1.21850e+00 1.02e-01
1.21882e+00 1.02e-01
1.21915e+00 1.02e-01
1.21947e+00 1.02e-01
1.21980e+00 1.02e-01
1.22012e+00 1.02e-01
1.22045e+00 1.02e-01
1.22080e+00 1.02e-01
1.22112e+00 1.01e-01
1.22160e+00 1.01e-01
1.22307e+00 1.01e-01
1.22472e+00 1.01e-01
1.22601e+00 1.01e-01
1.22733e+00 1.01e-01
1.22926e+00 1.02e-01
1.22990e+00 1.02e-01
1.23040e+00 1.02e-01
1.23090e+00 1.02e-01
1.23201e+00 1.02e-01
1.23364e+00 1.02e-01
1.23460e+00 1.02e-01
1.23733e+00 1.03e-01
1.24133e+00 1.03e-01
1.24263e+00 1.03e-01
1.24628e+00 1.04e-01
1.24850e+00 1.04e-01
1.24881e+00 1.04e-01
1.24913e+00 1.05e-01
1.24944e+00 1.05e-01
1.24962e+00 1.05e-01
1.25056e+00 1.05e-01
1.25133e+00 1.05e-01
1.25308e+00 1.06e-01
1.25325e+00 1.06e-01
1.25576e+00 1.06e-01
1.25638e+00 1.07e-01
1.25857e+00 1.07e-01
1.25889e+00 1.07e-01
1.25920e+00 1.08e-01
1.25951e+00 1.08e-01
1.25982e+00 1.08e-01
1.26014e+00 1.08e-01
1.26045e+00 1.09e-01
1.26076e+00 1.09e-01
1.26093e+00 1.09e-01
1.26124e+00 1.09e-01
1.26155e+00 1.10e-01
1.26169e+00 1.10e-01
1.26218e+00 1.10e-01
1.26232e+00 1.10e-01
1.26263e+00 1.10e-01
1.26294e+00 1.10e-01
1.26373e+00 1.09e-01
1.26497e+00 1.09e-01
1.26590e+00 1.10e-01
1.26745e+00 1.09e-01
1.26776e+00 1.09e-01
1.26807e+00 1.09e-01
1.26838e+00 1.09e-01
1.26869e+00 1.09e-01
1.26900e+00 1.09e-01
1.26931e+00 1.08e-01
1.26962e+00 1.08e-01
1.26993e+00 1.08e-01
1.27024e+00 1.08e-01
1.27055e+00 1.08e-01
1.27209e+00 1.07e-01
1.27240e+00 1.07e-01
1.27318e+00 1.07e-01
1.27380e+00 1.07e-01
1.27441e+00 1.07e-01
1.27472e+00 1.07e-01
1.27503e+00 1.07e-01
1.27533e+00 1.07e-01
1.27564e+00 1.08e-01
1.27595e+00 1.08e-01
1.27626e+00 1.08e-01
1.27656e+00 1.08e-01
1.27687e+00 1.08e-01
1.27718e+00 1.08e-01
1.27748e+00 1.08e-01
1.27824e+00 1.09e-01
1.27977e+00 1.08e-01
1.28221e+00 1.07e-01
1.28252e+00 1.07e-01
1.28282e+00 1.07e-01
1.28313e+00 1.07e-01
1.28343e+00 1.06e-01
1.28374e+00 1.06e-01
1.28404e+00 1.06e-01
1.28434e+00 1.05e-01
1.28465e+00 1.05e-01
1.28495e+00 1.05e-01
1.28526e+00 1.04e-01
1.28542e+00 1.04e-01
1.28573e+00 1.04e-01
1.28600e+00 1.04e-01
1.28631e+00 1.03e-01
1.28661e+00 1.03e-01
1.28692e+00 1.03e-01
1.28722e+00 1.02e-01
1.28752e+00 1.02e-01
1.28783e+00 1.02e-01
1.28813e+00 1.02e-01
1.28843e+00 1.01e-01
1.28874e+00 1.01e-01
1.28904e+00 1.01e-01
1.28934e+00 1.01e-01
1.28965e+00 1.01e-01
1.28995e+00 1.01e-01
1.29025e+00 1.01e-01
1.29055e+00 1.00e-01
1.29163e+00 1.00e-01
1.29193e+00 9.98e-02
1.29223e+00 9.94e-02
1.29253e+00 9.91e-02
1.29283e+00 9.88e-02
1.29314e+00 9.86e-02
1.29344e+00 9.84e-02
1.29374e+00 9.82e-02
1.29404e+00 9.81e-02
1.29434e+00 9.79e-02
1.29464e+00 9.78e-02
1.29495e+00 9.77e-02
1.29525e+00 9.76e-02
1.29555e+00 9.75e-02
1.29582e+00 9.74e-02
1.29612e+00 9.72e-02
1.29642e+00 9.71e-02
1.29673e+00 9.70e-02
1.29703e+00 9.69e-02
1.29733e+00 9.67e-02
1.29763e+00 9.66e-02
1.29793e+00 9.64e-02
1.29823e+00 9.63e-02
1.29853e+00 9.62e-02
1.29883e+00 9.61e-02
1.29913e+00 9.60e-02
1.29943e+00 9.58e-02
1.29973e+00 9.57e-02
1.30003e+00 9.54e-02
1.30033e+00 9.52e-02
1.30063e+00 9.49e-02
1.30093e+00 9.46e-02
1.30123e+00 9.44e-02
1.30153e+00 9.42e-02
1.30183e+00 9.40e-02
1.30212e+00 9.38e-02
1.30242e+00 9.36e-02
1.30272e+00 9.34e-02
1.30302e+00 9.32e-02
1.30332e+00 9.30e-02
1.30362e+00 9.28e-02
1.30392e+00 9.26e-02
1.30422e+00 9.24e-02
1.30451e+00 9.22e-02
1.30481e+00 9.20e-02
1.30511e+00 9.19e-02
1.30541e+00 9.17e-02
1.30571e+00 9.16e-02
1.30584e+00 9.15e-02
1.30601e+00 9.14e-02
1.30630e+00 9.09e-02
1.30660e+00 9.04e-02
1.30690e+00 9.00e-02
1.30720e+00 8.97e-02
1.30749e+00 8.94e-02
1.30779e+00 8.92e-02
1.30809e+00 8.90e-02
1.30839e+00 8.87e-02
1.30868e+00 8.86e-02
1.30898e+00 8.84e-02
1.30925e+00 8.82e-02
1.30955e+00 8.80e-02
1.30985e+00 8.78e-02
1.31014e+00 8.77e-02
1.31044e+00 8.75e-02
1.31074e+00 8.74e-02
1.31119e+00 8.72e-02
1.31251e+00 8.69e-02
1.31399e+00 8.67e-02
1.31796e+00 8.60e-02
1.32120e+00 8.57e-02
1.32325e+00 8.53e-02
1.32383e+00 8.53e-02
1.32530e+00 8.55e-02
1.32559e+00 8.54e-02
1.32588e+00 8.53e-02
1.32617e+00 8.52e-02
1.32646e+00 8.50e-02
1.32676e+00 8.49e-02
1.32747e+00 8.48e-02
1.32776e+00 8.47e-02
1.32790e+00 8.48e-02
1.33242e+00 8.46e-02
1.33416e+00 8.46e-02
1.33574e+00 8.47e-02
1.33776e+00 8.47e-02
1.34352e+00 8.51e-02
1.34438e+00 8.53e-02
1.34521e+00 8.55e-02
1.34550e+00 8.56e-02
1.34578e+00 8.57e-02
1.34607e+00 8.58e-02
1.34636e+00 8.60e-02
1.34807e+00 8.66e-02
1.34836e+00 8.67e-02
1.34864e+00 8.68e-02
1.34893e+00 8.69e-02
1.34922e+00 8.71e-02
1.34950e+00 8.72e-02
1.34979e+00 8.74e-02
1.35007e+00 8.75e-02
1.35036e+00 8.77e-02
1.35064e+00 8.78e-02
1.35093e+00 8.80e-02
1.35121e+00 8.81e-02
1.35150e+00 8.82e-02
1.35178e+00 8.84e-02
1.35207e+00 8.86e-02
1.35235e+00 8.87e-02
1.35263e+00 8.89e-02
1.35292e+00 8.92e-02
1.35320e+00 8.95e-02
1.35349e+00 8.97e-02
1.35377e+00 8.99e-02
1.35406e+00 9.01e-02
1.35434e+00 9.02e-02
1.35462e+00 9.05e-02
1.35491e+00 9.08e-02
1.35519e+00 9.10e-02
1.35547e+00 9.13e-02
1.35576e+00 9.16e-02
1.35604e+00 9.19e-02
1.35632e+00 9.21e-02
1.35661e+00 9.23e-02
1.35689e+00 9.25e-02
1.35717e+00 9.27e-02
1.35746e+00 9.29e-02
1.35774e+00 9.31e-02
1.35802e+00 9.33e-02
1.35831e+00 9.35e-02
1.35859e+00 9.36e-02
1.35887e+00 9.38e-02
1.35915e+00 9.39e-02
1.35944e+00 9.40e-02
1.35972e+00 9.41e-02
1.36000e+00 9.42e-02
1.36028e+00 9.43e-02
1.36297e+00 9.49e-02
1.36438e+00 9.51e-02
1.37057e+00 9.63e-02
1.37085e+00 9.64e-02
1.37098e+00 9.65e-02
1.37113e+00 9.64e-02
1.37197e+00 9.66e-02
1.37225e+00 9.67e-02
1.37252e+00 9.69e-02
1.37280e+00 9.70e-02
1.37308e+00 9.71e-02
1.37336e+00 9.72e-02
1.37364e+00 9.73e-02
1.37392e+00 9.74e-02
1.37420e+00 9.75e-02
1.37447e+00 9.76e-02
1.37475e+00 9.77e-02
1.37867e+00 9.91e-02
1.37894e+00 9.92e-02
1.37922e+00 9.93e-02
1.37950e+00 9.95e-02
1.37977e+00 9.97e-02
1.38005e+00 9.98e-02
1.38033e+00 1.00e-01
1.38060e+00 1.00e-01
1.38088e+00 1.00e-01
1.38116e+00 1.00e-01
1.38143e+00 1.01e-01
1.38171e+00 1.01e-01
1.38199e+00 1.01e-01
1.38226e+00 1.01e-01
1.38254e+00 1.01e-01
1.38281e+00 1.01e-01
1.38309e+00 1.01e-01
1.38337e+00 1.02e-01
1.38367e+00 1.02e-01
1.38602e+00 1.02e-01
1.38837e+00 1.03e-01
1.39098e+00 1.03e-01
1.39277e+00 1.04e-01
1.39344e+00 1.04e-01
1.39496e+00 1.04e-01
1.39936e+00 1.04e-01
1.40128e+00 1.04e-01
1.40140e+00 1.04e-01
1.40482e+00 1.03e-01
1.40551e+00 1.03e-01
1.40578e+00 1.03e-01
1.40605e+00 1.03e-01
1.40930e+00 1.02e-01
1.40960e+00 1.02e-01
1.40986e+00 1.01e-01
1.41013e+00 1.01e-01
1.41040e+00 1.01e-01
1.41067e+00 1.01e-01
1.41094e+00 1.01e-01
1.41121e+00 1.01e-01
1.41150e+00 1.00e-01
1.41162e+00 1.00e-01
1.41177e+00 1.00e-01
1.41216e+00 1.00e-01
1.41447e+00 9.93e-02
1.41704e+00 9.91e-02
1.41731e+00 9.91e-02
1.41745e+00 9.91e-02
1.41825e+00 9.90e-02
1.41881e+00 9.88e-02
1.41908e+00 9.87e-02
1.41934e+00 9.86e-02
1.41961e+00 9.85e-02
1.42043e+00 9.82e-02
1.42055e+00 9.80e-02
1.42082e+00 9.78e-02
1.42108e+00 9.77e-02
1.42137e+00 9.76e-02
1.42272e+00 9.71e-02
1.42284e+00 9.72e-02
1.42393e+00 9.71e-02
1.42434e+00 9.72e-02
1.42446e+00 9.73e-02
1.42595e+00 9.75e-02
1.42621e+00 9.77e-02
1.42648e+00 9.78e-02
1.42674e+00 9.80e-02
1.42688e+00 9.74e-02
1.42741e+00 9.72e-02
1.42756e+00 9.72e-02
1.42768e+00 9.70e-02
1.42796e+00 9.69e-02
1.42876e+00 9.66e-02
1.42902e+00 9.65e-02
1.42943e+00 9.64e-02
1.43184e+00 9.64e-02
1.43306e+00 9.67e-02
1.43332e+00 9.70e-02
1.43358e+00 9.73e-02
1.43373e+00 9.74e-02
1.43385e+00 9.69e-02
1.43506e+00 9.71e-02
1.43532e+00 9.71e-02
1.43547e+00 9.76e-02
1.43573e+00 9.75e-02
1.43599e+00 9.73e-02
1.43613e+00 9.72e-02
1.43787e+00 9.72e-02
1.43867e+00 9.72e-02
1.43974e+00 9.69e-02
1.44026e+00 9.67e-02
1.44052e+00 9.66e-02
1.44081e+00 9.65e-02
1.44107e+00 9.64e-02
1.44133e+00 9.63e-02
1.44159e+00 9.62e-02
1.44187e+00 9.61e-02
1.44213e+00 9.60e-02
1.44239e+00 9.59e-02
1.44265e+00 9.58e-02
1.44293e+00 9.57e-02
1.44305e+00 9.56e-02
1.44319e+00 9.65e-02
1.44345e+00 9.60e-02
1.44371e+00 9.55e-02
1.44386e+00 9.53e-02
1.44466e+00 9.50e-02
1.44478e+00 9.48e-02
1.44506e+00 9.47e-02
1.44652e+00 9.43e-02
1.44692e+00 9.43e-02
1.44704e+00 9.41e-02
1.44784e+00 9.41e-02
1.44849e+00 9.42e-02
1.44864e+00 9.43e-02
1.44969e+00 9.45e-02
1.44997e+00 9.46e-02
1.45023e+00 9.47e-02
1.45049e+00 9.48e-02
1.45075e+00 9.49e-02
1.45089e+00 9.50e-02
1.45143e+00 9.52e-02
1.45168e+00 9.53e-02
1.45194e+00 9.55e-02
1.45222e+00 9.57e-02
1.45248e+00 9.58e-02
1.45274e+00 9.60e-02
1.45302e+00 9.62e-02
1.45328e+00 9.63e-02
1.45353e+00 9.65e-02
1.45381e+00 9.66e-02
1.45407e+00 9.67e-02
1.45433e+00 9.68e-02
1.45458e+00 9.69e-02
1.45486e+00 9.70e-02
1.45512e+00 9.71e-02
1.45538e+00 9.72e-02
1.45631e+00 9.74e-02
1.45657e+00 9.74e-02
1.45671e+00 9.76e-02
1.45948e+00 9.81e-02
1.46212e+00 9.84e-02
1.46344e+00 9.88e-02
1.46725e+00 9.99e-02
1.46974e+00 1.00e-01
1.47288e+00 1.01e-01
1.47472e+00 1.01e-01
1.47497e+00 1.01e-01
1.47524e+00 1.01e-01
1.47550e+00 1.01e-01
1.47577e+00 1.01e-01
1.47732e+00 1.02e-01
1.47760e+00 1.02e-01
1.47785e+00 1.02e-01
1.47798e+00 1.02e-01
1.47812e+00 1.02e-01
1.47837e+00 1.02e-01
1.47865e+00 1.03e-01
1.47890e+00 1.03e-01
1.47917e+00 1.03e-01
1.47942e+00 1.03e-01
1.47969e+00 1.03e-01
1.47994e+00 1.03e-01
1.48019e+00 1.03e-01
1.48033e+00 1.04e-01
1.48047e+00 1.04e-01
1.48072e+00 1.04e-01
1.48099e+00 1.04e-01
1.48124e+00 1.04e-01
1.48151e+00 1.05e-01
1.48176e+00 1.05e-01
1.48204e+00 1.05e-01
1.48399e+00 1.06e-01
1.48451e+00 1.06e-01
1.48542e+00 1.06e-01
1.48555e+00 1.06e-01
1.48738e+00 1.05e-01
1.48790e+00 1.05e-01
1.48842e+00 1.05e-01
1.48867e+00 1.05e-01
1.48894e+00 1.04e-01
1.48919e+00 1.04e-01
1.48946e+00 1.04e-01
1.48971e+00 1.04e-01
1.48998e+00 1.04e-01
1.49023e+00 1.04e-01
1.49050e+00 1.04e-01
1.49074e+00 1.04e-01
1.49101e+00 1.04e-01
1.49128e+00 1.03e-01
1.49180e+00 1.03e-01
1.49205e+00 1.03e-01
1.49232e+00 1.03e-01
1.49257e+00 1.03e-01
1.49284e+00 1.03e-01
1.49308e+00 1.02e-01
1.49335e+00 1.02e-01
1.49362e+00 1.02e-01
1.49387e+00 1.02e-01
1.49414e+00 1.02e-01
1.49439e+00 1.01e-01
1.49466e+00 1.01e-01
1.49490e+00 1.01e-01
1.49517e+00 1.01e-01
1.49544e+00 1.01e-01
1.49569e+00 1.00e-01
1.49596e+00 1.00e-01
1.49620e+00 1.00e-01
1.49712e+00 9.96e-02
1.49725e+00 9.96e-02
1.49750e+00 9.95e-02
1.49777e+00 9.93e-02
1.49790e+00 9.92e-02
1.49801e+00 9.91e-02
1.49828e+00 9.90e-02
1.49855e+00 9.89e-02
1.49880e+00 9.88e-02
1.49906e+00 9.87e-02
1.49931e+00 9.85e-02
1.49958e+00 9.84e-02
1.49985e+00 9.83e-02
1.50009e+00 9.81e-02
1.50036e+00 9.80e-02
1.50060e+00 9.79e-02
1.50087e+00 9.78e-02
1.50125e+00 9.76e-02
1.50216e+00 9.75e-02
1.50528e+00 9.75e-02
1.50694e+00 9.75e-02
1.50953e+00 9.73e-02
1.51365e+00 9.64e-02
1.51688e+00 9.55e-02
1.52190e+00 9.49e-02
1.52371e+00 9.50e-02
1.52962e+00 9.62e-02
1.53141e+00 9.67e-02
1.53333e+00 9.71e-02
1.53974e+00 9.63e-02
1.54152e+00 9.58e-02
1.54345e+00 9.52e-02
1.54588e+00 9.48e-02
1.54843e+00 9.45e-02
1.54920e+00 9.43e-02
1.54945e+00 9.42e-02
1.54971e+00 9.41e-02
1.54996e+00 9.40e-02
1.55022e+00 9.39e-02
1.55047e+00 9.37e-02
1.55073e+00 9.36e-02
1.55098e+00 9.35e-02
1.55126e+00 9.33e-02
1.55151e+00 9.32e-02
1.55177e+00 9.31e-02
1.55202e+00 9.29e-02
1.55227e+00 9.28e-02
1.55253e+00 9.27e-02
1.55278e+00 9.25e-02
1.55304e+00 9.24e-02
1.55329e+00 9.23e-02
1.55354e+00 9.22e-02
1.55380e+00 9.21e-02
1.55405e+00 9.20e-02
1.55431e+00 9.18e-02
1.55572e+00 9.14e-02
1.55673e+00 9.13e-02
1.55686e+00 9.12e-02
1.55699e+00 9.10e-02
1.55878e+00 9.05e-02
1.55930e+00 9.03e-02
1.55955e+00 9.02e-02
1.55981e+00 9.01e-02
1.56006e+00 9.00e-02
1.56031e+00 8.98e-02
1.56056e+00 8.97e-02
1.56081e+00 8.96e-02
1.56109e+00 8.94e-02
1.56134e+00 8.93e-02
1.56159e+00 8.92e-02
1.56184e+00 8.90e-02
1.56209e+00 8.89e-02
1.56235e+00 8.88e-02
1.56262e+00 8.87e-02
1.56287e+00 8.86e-02
1.56312e+00 8.85e-02
1.56337e+00 8.84e-02
1.56362e+00 8.83e-02
1.56390e+00 8.82e-02
1.56415e+00 8.81e-02
1.56440e+00 8.79e-02
1.56465e+00 8.78e-02
1.56490e+00 8.77e-02
1.56517e+00 8.76e-02
1.56542e+00 8.75e-02
1.56567e+00 8.73e-02
1.56592e+00 8.72e-02
1.56618e+00 8.70e-02
1.56645e+00 8.69e-02
1.56670e+00 8.67e-02
1.56695e+00 8.66e-02
1.56720e+00 8.64e-02
1.56745e+00 8.63e-02
1.56772e+00 8.62e-02
1.56797e+00 8.61e-02
1.56822e+00 8.59e-02
1.56912e+00 8.56e-02
1.56924e+00 8.55e-02
1.56976e+00 8.54e-02
1.56989e+00 8.54e-02
1.57014e+00 8.53e-02
1.57039e+00 8.52e-02
1.57066e+00 8.51e-02
1.57408e+00 8.43e-02
1.57536e+00 8.41e-02
1.57588e+00 8.39e-02
1.57613e+00 8.38e-02
1.57638e+00 8.37e-02
1.57665e+00 8.36e-02
1.57689e+00 8.35e-02
1.57714e+00 8.34e-02
1.57741e+00 8.33e-02
1.57766e+00 8.32e-02
1.57791e+00 8.31e-02
1.58007e+00 8.24e-02
1.58301e+00 8.22e-02
1.58950e+00 8.18e-02
1.59001e+00 8.19e-02
1.59015e+00 8.18e-02
1.59129e+00 8.17e-02
1.59359e+00 8.16e-02
1.59371e+00 8.16e-02
1.59398e+00 8.15e-02
1.59410e+00 8.13e-02
1.59434e+00 8.12e-02
1.59461e+00 8.11e-02
1.59485e+00 8.10e-02
1.59512e+00 8.09e-02
1.59538e+00 8.08e-02
1.59562e+00 8.07e-02
1.59589e+00 8.06e-02
1.59613e+00 8.05e-02
1.59639e+00 8.04e-02
1.59664e+00 8.03e-02
1.59690e+00 8.02e-02
1.59716e+00 8.01e-02
1.59741e+00 8.00e-02
1.59894e+00 7.96e-02
1.59919e+00 7.96e-02
1.59945e+00 7.95e-02
1.59971e+00 7.94e-02
1.59995e+00 7.93e-02
1.60137e+00 7.88e-02
1.60225e+00 7.87e-02
1.60263e+00 7.87e-02
1.60276e+00 7.86e-02
1.60328e+00 7.85e-02
1.60340e+00 7.84e-02
1.60428e+00 7.82e-02
1.60557e+00 7.80e-02
1.60607e+00 7.81e-02
1.60633e+00 7.82e-02
1.60659e+00 7.83e-02
1.60724e+00 7.85e-02
1.60786e+00 7.86e-02
1.60800e+00 7.85e-02
1.60826e+00 7.82e-02
1.60850e+00 7.79e-02
1.60864e+00 7.77e-02
1.60888e+00 7.76e-02
1.60914e+00 7.74e-02
1.60940e+00 7.73e-02
1.60966e+00 7.71e-02
1.60990e+00 7.70e-02
1.61016e+00 7.69e-02
1.61042e+00 7.68e-02
1.61068e+00 7.67e-02
1.61094e+00 7.67e-02
1.61118e+00 7.65e-02
1.61144e+00 7.64e-02
1.61170e+00 7.63e-02
1.61195e+00 7.62e-02
1.61219e+00 7.61e-02
1.61245e+00 7.59e-02
1.61271e+00 7.58e-02
1.61297e+00 7.57e-02
1.61323e+00 7.55e-02
1.61347e+00 7.54e-02
1.61373e+00 7.53e-02
1.61399e+00 7.52e-02
1.61425e+00 7.51e-02
1.61451e+00 7.50e-02
1.61616e+00 7.46e-02
1.61782e+00 7.44e-02
1.61935e+00 7.45e-02
1.62063e+00 7.46e-02
1.62229e+00 7.49e-02
1.62535e+00 7.41e-02
1.62549e+00 7.40e-02
1.62765e+00 7.37e-02
1.62906e+00 7.35e-02
1.63022e+00 7.36e-02
1.63214e+00 7.38e-02
1.63343e+00 7.38e-02
1.63394e+00 7.37e-02
1.63433e+00 7.36e-02
1.63444e+00 7.39e-02
1.63470e+00 7.36e-02
1.63495e+00 7.34e-02
1.63509e+00 7.33e-02
1.63674e+00 7.29e-02
1.63766e+00 7.27e-02
1.63816e+00 7.27e-02
1.63830e+00 7.27e-02
1.63880e+00 7.27e-02
1.63894e+00 7.26e-02
1.64136e+00 7.23e-02
1.64150e+00 7.22e-02
1.64573e+00 7.19e-02
1.64829e+00 7.17e-02
1.64843e+00 7.16e-02
1.65075e+00 7.12e-02
1.65087e+00 7.14e-02
1.65114e+00 7.12e-02
1.65139e+00 7.10e-02
1.65152e+00 7.09e-02
1.65305e+00 7.06e-02
1.65319e+00 7.07e-02
1.65577e+00 7.04e-02
1.65602e+00 7.04e-02
1.65628e+00 7.03e-02
1.65653e+00 7.02e-02
1.65680e+00 7.01e-02
1.65705e+00 7.01e-02
1.65731e+00 7.00e-02
1.65756e+00 6.99e-02
1.65783e+00 6.98e-02
1.65808e+00 6.97e-02
1.65834e+00 6.96e-02
1.65859e+00 6.95e-02
1.65886e+00 6.94e-02
1.65912e+00 6.93e-02
1.65937e+00 6.92e-02
1.65964e+00 6.90e-02
1.65988e+00 6.89e-02
1.66015e+00 6.88e-02
1.66040e+00 6.87e-02
1.66066e+00 6.86e-02
1.66093e+00 6.85e-02
1.66118e+00 6.85e-02
1.66144e+00 6.84e-02
1.66157e+00 6.85e-02
1.66182e+00 6.83e-02
1.66209e+00 6.82e-02
1.66233e+00 6.81e-02
1.66260e+00 6.80e-02
1.66286e+00 6.79e-02
1.66311e+00 6.78e-02
1.66338e+00 6.78e-02
1.66362e+00 6.77e-02
1.66389e+00 6.76e-02
1.66415e+00 6.75e-02
1.66440e+00 6.74e-02
1.66518e+00 6.72e-02
1.66531e+00 6.71e-02
1.66854e+00 6.65e-02
1.66880e+00 6.65e-02
1.66893e+00 6.67e-02
1.66920e+00 6.66e-02
1.66944e+00 6.65e-02
1.66957e+00 6.64e-02
1.67153e+00 6.62e-02
1.67360e+00 6.63e-02
1.67373e+00 6.64e-02
1.67502e+00 6.66e-02
1.67581e+00 6.67e-02
1.67827e+00 6.72e-02
1.68047e+00 6.73e-02
1.68451e+00 6.73e-02
1.68608e+00 6.72e-02
1.69183e+00 6.64e-02
1.69326e+00 6.62e-02
1.69418e+00 6.62e-02
1.69864e+00 6.65e-02
1.69994e+00 6.66e-02
1.70074e+00 6.67e-02
1.70100e+00 6.68e-02
1.70125e+00 6.69e-02
1.70152e+00 6.70e-02
1.70178e+00 6.71e-02
1.70205e+00 6.72e-02
1.70231e+00 6.73e-02
1.70256e+00 6.75e-02
1.70284e+00 6.76e-02
1.70309e+00 6.77e-02
1.70337e+00 6.79e-02
1.70362e+00 6.80e-02
1.70389e+00 6.82e-02
1.70415e+00 6.83e-02
1.70480e+00 6.85e-02
1.70548e+00 6.86e-02
1.70600e+00 6.86e-02
1.70653e+00 6.84e-02
1.70678e+00 6.83e-02
1.70705e+00 6.82e-02
1.70731e+00 6.81e-02
1.70758e+00 6.79e-02
1.70783e+00 6.78e-02
1.70811e+00 6.77e-02
1.70836e+00 6.75e-02
1.70863e+00 6.74e-02
1.70890e+00 6.73e-02
1.70916e+00 6.72e-02
1.70943e+00 6.70e-02
1.70968e+00 6.69e-02
1.70995e+00 6.69e-02
1.71194e+00 6.64e-02
1.71326e+00 6.62e-02
1.71353e+00 6.61e-02
1.71378e+00 6.60e-02
1.71405e+00 6.60e-02
1.71432e+00 6.59e-02
1.71457e+00 6.58e-02
1.71484e+00 6.57e-02
1.71511e+00 6.56e-02
1.71538e+00 6.55e-02
1.71563e+00 6.54e-02
1.71590e+00 6.52e-02
1.71617e+00 6.51e-02
1.71644e+00 6.50e-02
1.71669e+00 6.49e-02
1.71696e+00 6.48e-02
1.71723e+00 6.47e-02
1.71750e+00 6.46e-02
1.71775e+00 6.46e-02
1.71802e+00 6.45e-02
1.71829e+00 6.44e-02
1.71856e+00 6.43e-02
1.72001e+00 6.40e-02
1.72121e+00 6.39e-02
1.72202e+00 6.40e-02
1.72587e+00 6.45e-02
1.72655e+00 6.45e-02
1.72788e+00 6.45e-02
1.72894e+00 6.43e-02
1.72974e+00 6.41e-02
1.73029e+00 6.40e-02
1.73056e+00 6.40e-02
1.73082e+00 6.39e-02
1.73109e+00 6.38e-02
1.73135e+00 6.37e-02
1.73162e+00 6.37e-02
1.73189e+00 6.36e-02
1.73215e+00 6.35e-02
1.73243e+00 6.35e-02
1.73270e+00 6.34e-02
1.73296e+00 6.33e-02
1.73323e+00 6.33e-02
1.73349e+00 6.32e-02
1.73376e+00 6.31e-02
1.73404e+00 6.30e-02
1.73431e+00 6.30e-02
1.73457e+00 6.29e-02
1.73484e+00 6.28e-02
1.73510e+00 6.27e-02
1.73538e+00 6.26e-02
1.73565e+00 6.25e-02
1.73591e+00 6.24e-02
1.73846e+00 6.19e-02
1.74022e+00 6.17e-02
1.74306e+00 6.18e-02
1.74372e+00 6.18e-02
1.74481e+00 6.20e-02
1.74765e+00 6.25e-02
1.75104e+00 6.28e-02
1.75554e+00 6.28e-02
1.75568e+00 6.29e-02
1.76101e+00 6.30e-02
1.76252e+00 6.30e-02
1.76334e+00 6.29e-02
1.76362e+00 6.28e-02
1.76389e+00 6.27e-02
1.76417e+00 6.26e-02
1.76444e+00 6.25e-02
1.76471e+00 6.24e-02
1.76499e+00 6.23e-02
1.76526e+00 6.22e-02
1.76555e+00 6.20e-02
1.76583e+00 6.19e-02
1.76610e+00 6.18e-02
1.76637e+00 6.17e-02
1.76665e+00 6.16e-02
1.76692e+00 6.15e-02
1.76719e+00 6.14e-02
1.76747e+00 6.13e-02
1.76774e+00 6.12e-02
1.76803e+00 6.11e-02
1.76830e+00 6.11e-02
1.77065e+00 6.06e-02
1.77217e+00 6.05e-02
1.77356e+00 6.06e-02
1.77466e+00 6.07e-02
1.77632e+00 6.09e-02
1.77800e+00 6.12e-02
1.77829e+00 6.13e-02
1.77856e+00 6.13e-02
1.77884e+00 6.14e-02
1.77911e+00 6.15e-02
1.77940e+00 6.16e-02
1.77967e+00 6.16e-02
1.77996e+00 6.17e-02
1.78023e+00 6.18e-02
1.78051e+00 6.19e-02
1.78078e+00 6.21e-02
1.78107e+00 6.22e-02
1.78136e+00 6.23e-02
1.78162e+00 6.25e-02
1.78191e+00 6.26e-02
1.78218e+00 6.27e-02
1.78247e+00 6.28e-02
1.78275e+00 6.29e-02
1.78302e+00 6.30e-02
1.78344e+00 6.31e-02
1.78443e+00 6.32e-02
1.78765e+00 6.30e-02
1.78822e+00 6.30e-02
1.78934e+00 6.32e-02
1.79203e+00 6.36e-02
1.79273e+00 6.36e-02
1.79357e+00 6.36e-02
1.79442e+00 6.35e-02
1.79471e+00 6.34e-02
1.79499e+00 6.34e-02
1.79527e+00 6.33e-02
1.79555e+00 6.32e-02
1.79854e+00 6.26e-02
1.79940e+00 6.25e-02
1.79968e+00 6.25e-02
1.79996e+00 6.24e-02
1.80024e+00 6.22e-02
1.80054e+00 6.21e-02
1.80082e+00 6.20e-02
1.80110e+00 6.19e-02
1.80138e+00 6.18e-02
1.80168e+00 6.17e-02
1.80196e+00 6.16e-02
1.80224e+00 6.15e-02
1.80538e+00 6.08e-02
1.80568e+00 6.07e-02
1.80596e+00 6.05e-02
1.80625e+00 6.04e-02
1.80653e+00 6.03e-02
1.80683e+00 6.02e-02
1.80826e+00 5.99e-02
1.80855e+00 5.98e-02
1.80883e+00 5.97e-02
1.80912e+00 5.96e-02
1.80940e+00 5.95e-02
1.80970e+00 5.94e-02
1.80999e+00 5.93e-02
1.81027e+00 5.92e-02
1.81056e+00 5.91e-02
1.81158e+00 5.89e-02
1.81257e+00 5.88e-02
1.81272e+00 5.88e-02
1.81302e+00 5.87e-02
1.81331e+00 5.86e-02
1.81359e+00 5.84e-02
1.81388e+00 5.82e-02
1.81417e+00 5.81e-02
1.81447e+00 5.80e-02
1.81474e+00 5.79e-02
1.81504e+00 5.78e-02
1.81533e+00 5.77e-02
1.81562e+00 5.76e-02
1.81592e+00 5.75e-02
1.82085e+00 5.67e-02
1.82642e+00 5.57e-02
1.82671e+00 5.56e-02
1.82700e+00 5.55e-02
1.82922e+00 5.52e-02
1.83143e+00 5.51e-02
1.83380e+00 5.51e-02
1.83782e+00 5.53e-02
1.83929e+00 5.52e-02
1.84199e+00 5.50e-02
1.84817e+00 5.45e-02
1.85151e+00 5.43e-02
1.85408e+00 5.40e-02
1.85883e+00 5.38e-02
1.86561e+00 5.36e-02
1.86685e+00 5.35e-02
1.87262e+00 5.28e-02
1.87544e+00 5.27e-02
1.88098e+00 5.28e-02
1.88162e+00 5.29e-02
1.88194e+00 5.29e-02
1.88224e+00 5.30e-02
1.88256e+00 5.31e-02
1.88288e+00 5.32e-02
1.88337e+00 5.33e-02
1.88416e+00 5.34e-02
1.88448e+00 5.33e-02
1.88479e+00 5.32e-02
1.88511e+00 5.31e-02
1.88543e+00 5.30e-02
1.88719e+00 5.27e-02
1.88896e+00 5.26e-02
1.88913e+00 5.27e-02
1.88928e+00 5.28e-02
1.89073e+00 5.29e-02
1.89234e+00 5.28e-02
1.89364e+00 5.27e-02
1.89574e+00 5.25e-02
1.89738e+00 5.25e-02
1.89999e+00 5.22e-02
1.90031e+00 5.21e-02
1.90064e+00 5.21e-02
1.90097e+00 5.20e-02
1.90130e+00 5.19e-02
1.90163e+00 5.19e-02
1.90196e+00 5.18e-02
1.90229e+00 5.18e-02
1.90411e+00 5.15e-02
1.90509e+00 5.15e-02
1.90724e+00 5.17e-02
1.90791e+00 5.17e-02
1.90824e+00 5.16e-02
1.90856e+00 5.16e-02
1.90891e+00 5.15e-02
1.90923e+00 5.14e-02
1.90957e+00 5.13e-02
1.90990e+00 5.12e-02
1.91024e+00 5.11e-02
1.91056e+00 5.10e-02
1.91090e+00 5.09e-02
1.91123e+00 5.08e-02
1.91157e+00 5.07e-02
1.91191e+00 5.07e-02
1.91224e+00 5.06e-02
1.91257e+00 5.05e-02
1.91291e+00 5.04e-02
1.91324e+00 5.03e-02
1.91358e+00 5.03e-02
1.91392e+00 5.02e-02
1.91424e+00 5.01e-02
1.91779e+00 4.97e-02
1.92033e+00 4.95e-02
1.92458e+00 4.92e-02
1.93130e+00 4.90e-02
1.93356e+00 4.90e-02
1.93495e+00 4.89e-02
1.93671e+00 4.87e-02
1.94146e+00 4.82e-02
1.94642e+00 4.77e-02
1.94912e+00 4.75e-02
1.95272e+00 4.73e-02
1.95308e+00 4.72e-02
1.95344e+00 4.72e-02
1.95381e+00 4.71e-02
1.95418e+00 4.70e-02
1.95453e+00 4.70e-02
1.95490e+00 4.69e-02
1.95527e+00 4.68e-02
1.95562e+00 4.68e-02
1.95599e+00 4.67e-02
1.95636e+00 4.67e-02
1.95672e+00 4.66e-02
1.95708e+00 4.66e-02
1.95744e+00 4.65e-02
1.95781e+00 4.65e-02
1.95818e+00 4.64e-02
1.95854e+00 4.64e-02
1.95891e+00 4.63e-02
1.95928e+00 4.62e-02
1.95964e+00 4.62e-02
1.96001e+00 4.61e-02
1.96038e+00 4.60e-02
1.96074e+00 4.59e-02
1.96111e+00 4.59e-02
1.96149e+00 4.58e-02
1.96185e+00 4.57e-02
1.96222e+00 4.57e-02
1.96258e+00 4.56e-02
1.96296e+00 4.55e-02
1.96333e+00 4.55e-02
1.96369e+00 4.54e-02
1.96407e+00 4.53e-02
1.96444e+00 4.53e-02
1.96482e+00 4.52e-02
1.96760e+00 4.49e-02
1.97266e+00 4.45e-02
1.97514e+00 4.44e-02
1.97551e+00 4.44e-02
1.97703e+00 4.43e-02
1.97741e+00 4.43e-02
1.97780e+00 4.42e-02
1.98028e+00 4.40e-02
1.98356e+00 4.38e-02
1.98510e+00 4.38e-02
1.98589e+00 4.37e-02
1.99000e+00 4.34e-02
1.99413e+00 4.32e-02
1.99852e+00 4.32e-02
1.99932e+00 4.31e-02
1.99972e+00 4.30e-02
2.00234e+00 4.28e-02
2.00437e+00 4.27e-02
2.00477e+00 4.26e-02
2.00518e+00 4.26e-02
2.00558e+00 4.25e-02
2.00784e+00 4.23e-02
2.00927e+00 4.22e-02
2.00947e+00 4.22e-02
2.01319e+00 4.20e-02
2.01569e+00 4.19e-02
2.01820e+00 4.17e-02
2.01905e+00 4.16e-02
2.02563e+00 4.11e-02
2.03519e+00 4.04e-02
2.04027e+00 4.01e-02
2.05067e+00 3.96e-02
2.05482e+00 3.93e-02
2.05831e+00 3.90e-02
2.05972e+00 3.89e-02
2.06020e+00 3.89e-02
2.06067e+00 3.88e-02
2.06114e+00 3.88e-02
2.06161e+00 3.87e-02
2.06901e+00 3.82e-02
2.07536e+00 3.78e-02
2.07585e+00 3.77e-02
2.07634e+00 3.77e-02
2.07684e+00 3.76e-02
2.07733e+00 3.76e-02
2.08611e+00 3.70e-02
2.08943e+00 3.68e-02
2.09357e+00 3.66e-02
2.09408e+00 3.65e-02
2.09460e+00 3.65e-02
2.10848e+00 3.56e-02
2.10902e+00 3.56e-02
2.10957e+00 3.55e-02
2.11012e+00 3.55e-02
2.11066e+00 3.54e-02
2.12015e+00 3.49e-02
2.12073e+00 3.48e-02
2.12129e+00 3.48e-02
2.12187e+00 3.48e-02
2.12243e+00 3.47e-02
2.12300e+00 3.47e-02
2.12358e+00 3.47e-02
2.12415e+00 3.46e-02
2.12878e+00 3.43e-02
2.12936e+00 3.43e-02
2.12996e+00 3.43e-02
2.13054e+00 3.42e-02
2.13113e+00 3.42e-02
2.13171e+00 3.41e-02
2.13231e+00 3.41e-02
2.13290e+00 3.41e-02
2.13349e+00 3.40e-02
2.13408e+00 3.40e-02
2.13468e+00 3.40e-02
2.13528e+00 3.39e-02
2.13587e+00 3.39e-02
2.14314e+00 3.35e-02
2.14375e+00 3.34e-02
2.14437e+00 3.34e-02
2.14498e+00 3.34e-02
2.14560e+00 3.33e-02
2.14622e+00 3.33e-02
2.14684e+00 3.32e-02
2.14747e+00 3.32e-02
2.14809e+00 3.32e-02
2.14872e+00 3.31e-02
2.14934e+00 3.31e-02
2.14997e+00 3.31e-02
2.15060e+00 3.30e-02
2.15123e+00 3.30e-02
2.15187e+00 3.29e-02
2.15249e+00 3.29e-02
2.15313e+00 3.29e-02
2.15377e+00 3.28e-02
2.15441e+00 3.28e-02
2.15505e+00 3.28e-02
2.15568e+00 3.27e-02
2.15633e+00 3.27e-02
2.15697e+00 3.26e-02
2.15762e+00 3.26e-02
2.15826e+00 3.26e-02
2.15891e+00 3.25e-02
2.15957e+00 3.25e-02
2.16021e+00 3.24e-02
2.16087e+00 3.24e-02
2.16153e+00 3.23e-02
2.16218e+00 3.23e-02
2.16284e+00 3.23e-02
2.16350e+00 3.22e-02
2.16416e+00 3.22e-02
2.16483e+00 3.21e-02
2.16548e+00 3.21e-02
2.16616e+00 3.21e-02
2.16682e+00 3.20e-02
2.16749e+00 3.20e-02
2.16816e+00 3.19e-02
2.16884e+00 3.19e-02
2.16951e+00 3.19e-02
2.17018e+00 3.18e-02
2.17086e+00 3.18e-02
2.17154e+00 3.17e-02
2.17223e+00 3.17e-02
2.17291e+00 3.16e-02
2.17359e+00 3.16e-02
2.17427e+00 3.16e-02
2.17497e+00 3.15e-02
2.17566e+00 3.15e-02
2.17635e+00 3.15e-02
2.17704e+00 3.14e-02
2.17774e+00 3.14e-02
2.17844e+00 3.13e-02
2.17914e+00 3.13e-02
2.17984e+00 3.13e-02
2.18054e+00 3.12e-02
2.18125e+00 3.12e-02
2.18195e+00 3.11e-02
2.18266e+00 3.11e-02
2.18337e+00 3.11e-02
2.18408e+00 3.10e-02
2.18480e+00 3.10e-02
2.18552e+00 3.09e-02
2.18624e+00 3.09e-02
2.18696e+00 3.08e-02
2.18768e+00 3.08e-02
2.18841e+00 3.07e-02
2.18914e+00 3.07e-02
2.18986e+00 3.07e-02
2.19060e+00 3.06e-02
2.19133e+00 3.06e-02
2.19207e+00 3.05e-02
2.19280e+00 3.05e-02
2.19354e+00 3.04e-02
2.19429e+00 3.04e-02
2.19503e+00 3.03e-02
2.19578e+00 3.03e-02
2.19652e+00 3.02e-02
2.19728e+00 3.02e-02
2.19804e+00 3.02e-02
2.19879e+00 3.01e-02
2.19954e+00 3.01e-02
2.20031e+00 3.00e-02
2.20107e+00 3.00e-02
2.20184e+00 2.99e-02
2.20260e+00 2.99e-02
2.20337e+00 2.98e-02
2.20415e+00 2.98e-02
2.20492e+00 2.97e-02
2.20569e+00 2.97e-02
2.20647e+00 2.96e-02
2.20725e+00 2.96e-02
2.20804e+00 2.96e-02
2.20882e+00 2.95e-02
2.20961e+00 2.95e-02
2.21040e+00 2.94e-02
2.21120e+00 2.94e-02
2.21200e+00 2.93e-02
2.21280e+00 2.93e-02
2.21360e+00 2.92e-02
2.21441e+00 2.92e-02
2.21522e+00 2.91e-02
2.21602e+00 2.91e-02
2.21684e+00 2.91e-02
2.21766e+00 2.90e-02
2.21847e+00 2.90e-02
2.21930e+00 2.89e-02
2.22013e+00 2.89e-02
2.22095e+00 2.88e-02
2.22178e+00 2.88e-02
2.22261e+00 2.87e-02
2.22346e+00 2.87e-02
2.22429e+00 2.86e-02
2.22513e+00 2.86e-02
2.22597e+00 2.85e-02
2.22683e+00 2.85e-02
2.22768e+00 2.84e-02
2.22853e+00 2.84e-02
2.22939e+00 2.83e-02
2.23025e+00 2.83e-02
2.23111e+00 2.82e-02
2.23198e+00 2.82e-02
2.23285e+00 2.81e-02
2.23373e+00 2.81e-02
2.23461e+00 2.80e-02
2.23548e+00 2.80e-02
2.23637e+00 2.79e-02
2.23726e+00 2.79e-02
2.23815e+00 2.78e-02
2.23904e+00 2.78e-02
2.23994e+00 2.77e-02
2.24084e+00 2.77e-02
2.24175e+00 2.76e-02
2.24265e+00 2.76e-02
2.24357e+00 2.75e-02
2.24449e+00 2.75e-02
2.24540e+00 2.74e-02
2.24633e+00 2.74e-02
2.24725e+00 2.73e-02
2.24818e+00 2.73e-02
2.24912e+00 2.72e-02
2.25006e+00 2.72e-02
2.25101e+00 2.71e-02
2.25195e+00 2.71e-02
2.25290e+00 2.70e-02
2.25386e+00 2.70e-02
2.25482e+00 2.69e-02
2.25578e+00 2.69e-02
2.25675e+00 2.68e-02
2.25772e+00 2.68e-02
2.25870e+00 2.67e-02
2.25968e+00 2.66e-02
2.26067e+00 2.66e-02
2.26166e+00 2.65e-02
2.26265e+00 2.65e-02
2.26365e+00 2.64e-02
2.26465e+00 2.64e-02
2.26566e+00 2.63e-02
2.26667e+00 2.63e-02
2.26769e+00 2.62e-02
2.26871e+00 2.62e-02
2.26974e+00 2.61e-02
2.27077e+00 2.60e-02
2.27181e+00 2.60e-02
2.27285e+00 2.59e-02
2.27390e+00 2.59e-02
2.27496e+00 2.58e-02
2.27602e+00 2.58e-02
2.27707e+00 2.57e-02
2.27814e+00 2.56e-02
2.27921e+00 2.56e-02
2.28030e+00 2.55e-02
2.28138e+00 2.55e-02
2.28247e+00 2.54e-02
2.28358e+00 2.54e-02
2.28468e+00 2.53e-02
2.28578e+00 2.52e-02
2.28690e+00 2.52e-02
2.28802e+00 2.51e-02
2.28915e+00 2.51e-02
2.29028e+00 2.50e-02
2.29141e+00 2.50e-02
2.29257e+00 2.49e-02
2.29372e+00 2.48e-02
2.29488e+00 2.48e-02
2.29604e+00 2.47e-02
2.29721e+00 2.47e-02
2.29839e+00 2.46e-02
2.29958e+00 2.45e-02
2.30077e+00 2.45e-02
2.30197e+00 2.44e-02
2.30318e+00 2.43e-02
2.30438e+00 2.43e-02
2.30558e+00 2.42e-02
2.30688e+00 2.42e-02
2.30807e+00 2.41e-02
2.30936e+00 2.40e-02
2.31055e+00 2.40e-02
2.31184e+00 2.39e-02
2.31313e+00 2.39e-02
2.31441e+00 2.38e-02
2.31570e+00 2.37e-02
2.31698e+00 2.37e-02
2.31826e+00 2.36e-02
2.31954e+00 2.35e-02
2.32092e+00 2.35e-02
2.32219e+00 2.34e-02
2.32356e+00 2.33e-02
2.32493e+00 2.33e-02
2.32630e+00 2.32e-02
2.32767e+00 2.31e-02
2.32903e+00 2.31e-02
2.33039e+00 2.30e-02
2.33185e+00 2.29e-02
2.33321e+00 2.29e-02
2.33466e+00 2.28e-02
2.33612e+00 2.27e-02
2.33747e+00 2.27e-02
2.33901e+00 2.26e-02
2.34046e+00 2.25e-02
2.34190e+00 2.25e-02
2.34344e+00 2.24e-02
2.34488e+00 2.23e-02
2.34641e+00 2.22e-02
2.34794e+00 2.22e-02
2.34947e+00 2.21e-02
2.35099e+00 2.20e-02
2.35261e+00 2.20e-02
2.35413e+00 2.19e-02
2.35575e+00 2.18e-02
2.35736e+00 2.17e-02
2.35897e+00 2.17e-02
2.36057e+00 2.16e-02
2.36227e+00 2.15e-02
2.36396e+00 2.14e-02
2.36556e+00 2.14e-02
2.36734e+00 2.13e-02
2.36903e+00 2.12e-02
2.37071e+00 2.11e-02
2.37248e+00 2.11e-02
2.37425e+00 2.10e-02
2.37602e+00 2.09e-02
2.37788e+00 2.08e-02
2.37964e+00 2.07e-02
2.38149e+00 2.07e-02
2.38334e+00 2.06e-02
2.38527e+00 2.05e-02
2.38711e+00 2.04e-02
2.38904e+00 2.03e-02
2.39096e+00 2.02e-02
2.39297e+00 2.02e-02
2.39498e+00 2.01e-02
2.39699e+00 2.00e-02
2.39899e+00 1.99e-02
2.40107e+00 1.98e-02
2.40315e+00 1.97e-02
2.40532e+00 1.96e-02
2.40740e+00 1.95e-02
2.40964e+00 1.94e-02
2.41180e+00 1.94e-02
2.41404e+00 1.93e-02
2.41627e+00 1.92e-02
2.41859e+00 1.91e-02
2.42090e+00 1.90e-02
2.42330e+00 1.89e-02
2.42569e+00 1.88e-02
2.42816e+00 1.87e-02
2.43063e+00 1.86e-02
2.43317e+00 1.85e-02
2.43572e+00 1.84e-02
2.43825e+00 1.83e-02
2.44095e+00 1.82e-02
2.44365e+00 1.81e-02
2.44634e+00 1.80e-02
2.44911e+00 1.79e-02
2.45195e+00 1.78e-02
2.45488e+00 1.76e-02
2.45779e+00 1.75e-02
2.46087e+00 1.74e-02
2.46394e+00 1.73e-02
2.46708e+00 1.72e-02
2.47022e+00 1.71e-02
2.47351e+00 1.69e-02
2.47687e+00 1.68e-02
2.48031e+00 1.67e-02
2.48382e+00 1.66e-02
2.48740e+00 1.64e-02
2.49114e+00 1.63e-02
2.49494e+00 1.62e-02
2.49881e+00 1.60e-02
2.50283e+00 1.59e-02
2.50699e+00 1.58e-02
2.50911e+00 1.57e-02
2.51122e+00 1.56e-02
2.51568e+00 1.55e-02
2.52019e+00 1.53e-02
2.52493e+00 1.52e-02
2.52980e+00 1.50e-02
2.53481e+00 1.48e-02
2.54010e+00 1.47e-02
2.54561e+00 1.45e-02
2.55132e+00 1.43e-02
2.55730e+00 1.41e-02
2.56364e+00 1.39e-02
2.57024e+00 1.37e-02
2.57726e+00 1.35e-02
2.58475e+00 1.33e-02
2.59264e+00 1.31e-02
2.60113e+00 1.28e-02
2.61029e+00 1.26e-02
2.62024e+00 1.23e-02
2.63110e+00 1.20e-02
2.63698e+00 1.18e-02
2.64319e+00 1.17e-02
2.64971e+00 1.15e-02
2.65669e+00 1.13e-02
2.66410e+00 1.11e-02
2.67215e+00 1.09e-02
2.68082e+00 1.07e-02
2.69029e+00 1.05e-02
2.70069e+00 1.03e-02
2.71231e+00 1.00e-02
2.72543e+00 9.73e-03
2.74065e+00 9.41e-03
2.75874e+00 9.04e-03
2.78130e+00 8.61e-03
2.81151e+00 8.06e-03
2.85859e+00 7.28e-03
2.99573e+00 5.33e-03
