# OPACITY Project tables
-2.61515e+00 2.08e+01
-2.27341e+00 7.08e+00
-2.07433e+00 3.78e+00
-1.93351e+00 2.43e+00
-1.82455e+00 1.72e+00
-1.73574e+00 1.30e+00
-1.66078e+00 1.03e+00
-1.59603e+00 8.41e-01
-1.53898e+00 7.04e-01
-1.48802e+00 6.00e-01
-1.44198e+00 5.19e-01
-1.40003e+00 4.56e-01
-1.36148e+00 4.04e-01
-1.32584e+00 3.61e-01
-1.29269e+00 3.26e-01
-1.26174e+00 2.96e-01
-1.23268e+00 2.70e-01
-1.20531e+00 2.48e-01
-1.17944e+00 2.29e-01
-1.15493e+00 2.12e-01
-1.13165e+00 1.97e-01
-1.10945e+00 1.84e-01
-1.08827e+00 1.72e-01
-1.06799e+00 1.62e-01
-1.04857e+00 1.52e-01
-1.02994e+00 1.43e-01
-1.01200e+00 1.36e-01
-9.94739e-01 1.29e-01
-9.78086e-01 1.22e-01
-9.62021e-01 1.16e-01
-9.46492e-01 1.11e-01
-9.31455e-01 1.09e-01
-9.16916e-01 1.04e-01
-9.02807e-01 9.93e-02
-8.89113e-01 9.52e-02
-8.75797e-01 9.14e-02
-8.62868e-01 8.78e-02
-8.50292e-01 8.44e-02
-8.38057e-01 8.13e-02
-8.26130e-01 7.83e-02
-8.14502e-01 7.55e-02
-8.03185e-01 7.29e-02
-7.92106e-01 7.05e-02
-7.81301e-01 6.81e-02
-7.70741e-01 6.59e-02
-7.60420e-01 6.39e-02
-7.50331e-01 6.19e-02
-7.40469e-01 6.00e-02
-7.30787e-01 5.82e-02
-7.21320e-01 5.66e-02
-7.12045e-01 5.50e-02
-7.02955e-01 5.34e-02
-6.94048e-01 5.20e-02
-6.85298e-01 5.06e-02
-6.76723e-01 4.92e-02
-6.68298e-01 4.80e-02
-6.60041e-01 4.68e-02
-6.51909e-01 4.56e-02
-6.43938e-01 4.45e-02
-6.28390e-01 4.24e-02
-6.13357e-01 4.04e-02
-5.98801e-01 3.86e-02
-5.84687e-01 3.70e-02
-5.71018e-01 3.54e-02
-5.57725e-01 3.40e-02
-5.44831e-01 3.27e-02
-5.32288e-01 3.14e-02
-5.20085e-01 3.02e-02
-5.08196e-01 2.91e-02
-4.96610e-01 2.81e-02
-4.85320e-01 2.71e-02
-4.74301e-01 2.62e-02
-4.63545e-01 2.53e-02
-4.53044e-01 2.45e-02
-4.42778e-01 2.37e-02
-4.32739e-01 2.30e-02
-4.22922e-01 2.23e-02
-4.13321e-01 2.17e-02
-4.03901e-01 2.10e-02
-3.94688e-01 2.04e-02
-3.85662e-01 1.99e-02
-3.76819e-01 1.93e-02
-3.68126e-01 1.88e-02
-3.59622e-01 1.83e-02
-3.51261e-01 1.78e-02
-3.43054e-01 1.74e-02
-3.34997e-01 1.70e-02
-3.27088e-01 1.65e-02
-3.19310e-01 1.62e-02
-3.11661e-01 1.58e-02
-3.04150e-01 1.54e-02
-2.96750e-01 1.51e-02
-2.89484e-01 1.47e-02
-2.82323e-01 1.44e-02
-2.75279e-01 1.41e-02
-2.68350e-01 1.38e-02
-2.61521e-01 1.35e-02
-2.54802e-01 1.32e-02
-2.48167e-01 1.29e-02
-2.41639e-01 1.27e-02
-2.35203e-01 1.24e-02
-2.28860e-01 1.22e-02
-2.22606e-01 1.20e-02
-2.16441e-01 1.17e-02
-2.10363e-01 1.15e-02
-2.04359e-01 1.13e-02
-1.98439e-01 1.11e-02
-1.92590e-01 1.09e-02
-1.86824e-01 1.07e-02
-1.81126e-01 1.05e-02
-1.75509e-01 1.03e-02
-1.69958e-01 1.02e-02
-1.64474e-01 1.00e-02
-1.59054e-01 9.85e-03
-1.53699e-01 9.69e-03
-1.48407e-01 9.53e-03
-1.43189e-01 9.39e-03
-1.38021e-01 9.24e-03
-1.32914e-01 9.11e-03
-1.27867e-01 8.97e-03
-1.22868e-01 8.84e-03
-1.17928e-01 8.71e-03
-1.13057e-01 8.59e-03
-1.08220e-01 8.47e-03
-1.03440e-01 8.36e-03
-9.87160e-02 8.25e-03
-9.40360e-02 8.14e-03
-8.94106e-02 8.03e-03
-8.48283e-02 7.93e-03
-8.02994e-02 7.83e-03
-7.58125e-02 7.73e-03
-7.13671e-02 7.64e-03
-6.69735e-02 7.55e-03
-6.26097e-02 7.46e-03
-5.82967e-02 7.38e-03
-5.40233e-02 7.30e-03
-4.97997e-02 7.22e-03
-4.56042e-02 7.14e-03
-4.14576e-02 7.07e-03
-3.73385e-02 7.00e-03
-3.32673e-02 6.93e-03
-2.92229e-02 6.87e-03
-2.52255e-02 6.81e-03
-2.12543e-02 6.75e-03
-1.73293e-02 6.69e-03
-1.34298e-02 6.64e-03
-9.56560e-03 6.59e-03
-5.73642e-03 6.54e-03
-1.94188e-03 6.50e-03
1.79838e-03 6.46e-03
5.58438e-03 6.43e-03
9.25702e-03 6.39e-03
1.29162e-02 6.37e-03
1.65621e-02 6.34e-03
2.01947e-02 6.32e-03
2.90732e-02 6.29e-03
3.60426e-02 6.29e-03
3.95091e-02 6.29e-03
4.29637e-02 6.31e-03
4.64064e-02 6.33e-03
4.97421e-02 6.36e-03
5.30667e-02 6.40e-03
5.64748e-02 6.44e-03
5.97772e-02 6.50e-03
6.29748e-02 6.56e-03
6.62558e-02 6.64e-03
6.95261e-02 6.74e-03
7.26927e-02 6.85e-03
7.58493e-02 6.97e-03
7.90884e-02 7.12e-03
8.22249e-02 7.29e-03
8.37895e-02 7.39e-03
8.68197e-02 7.60e-03
8.83771e-02 7.72e-03
8.99321e-02 7.84e-03
9.14847e-02 7.98e-03
9.30349e-02 8.13e-03
9.44917e-02 8.29e-03
9.60372e-02 8.46e-03
9.75803e-02 8.64e-03
9.90305e-02 8.84e-03
1.00569e-01 9.06e-03
1.02015e-01 9.29e-03
1.03549e-01 9.55e-03
1.05080e-01 9.83e-03
1.06520e-01 1.01e-02
1.07957e-01 1.05e-02
1.09482e-01 1.08e-02
1.10915e-01 1.12e-02
1.12435e-01 1.17e-02
1.13864e-01 1.21e-02
1.15291e-01 1.27e-02
1.16805e-01 1.33e-02
1.18227e-01 1.40e-02
1.19648e-01 1.47e-02
1.21067e-01 1.56e-02
1.22483e-01 1.65e-02
1.23898e-01 1.77e-02
1.25398e-01 1.89e-02
1.26809e-01 2.04e-02
1.28217e-01 2.22e-02
1.29624e-01 2.43e-02
1.31028e-01 2.68e-02
1.32431e-01 2.98e-02
1.33831e-01 3.33e-02
1.35143e-01 3.73e-02
1.37934e-01 4.64e-02
1.39327e-01 5.10e-02
1.40718e-01 5.51e-02
1.42107e-01 5.88e-02
1.43407e-01 6.19e-02
1.44793e-01 6.45e-02
1.46176e-01 6.68e-02
1.47471e-01 6.87e-02
1.50229e-01 7.23e-02
1.51519e-01 7.41e-02
1.52893e-01 7.61e-02
1.54179e-01 7.83e-02
1.55550e-01 8.09e-02
1.56833e-01 8.39e-02
1.58200e-01 8.72e-02
1.59479e-01 9.10e-02
1.62119e-01 9.91e-02
1.63394e-01 1.03e-01
1.64751e-01 1.07e-01
1.66023e-01 1.10e-01
1.67293e-01 1.12e-01
1.68561e-01 1.14e-01
1.69912e-01 3.59e-02
1.71176e-01 3.58e-02
1.72440e-01 3.56e-02
1.73701e-01 3.52e-02
1.74961e-01 3.47e-02
1.77477e-01 3.37e-02
1.80069e-01 3.29e-02
1.81321e-01 3.25e-02
1.82572e-01 3.21e-02
1.83737e-01 3.18e-02
1.86231e-01 3.13e-02
1.88718e-01 3.09e-02
1.91199e-01 3.04e-02
1.92437e-01 3.01e-02
1.93591e-01 2.98e-02
1.94826e-01 2.95e-02
1.96060e-01 2.90e-02
1.97292e-01 2.85e-02
1.98441e-01 2.80e-02
2.00898e-01 2.68e-02
2.02042e-01 2.62e-02
2.03267e-01 2.57e-02
2.04409e-01 2.52e-02
2.05631e-01 2.48e-02
2.06770e-01 2.45e-02
2.07989e-01 2.41e-02
2.09126e-01 2.39e-02
2.11476e-01 2.34e-02
2.13820e-01 2.30e-02
2.16159e-01 2.27e-02
2.18493e-01 2.25e-02
2.20741e-01 2.22e-02
2.23064e-01 2.20e-02
2.25301e-01 2.18e-02
2.27614e-01 2.17e-02
2.29841e-01 2.15e-02
2.32064e-01 2.13e-02
2.34281e-01 2.12e-02
2.36494e-01 2.10e-02
2.38702e-01 2.09e-02
2.40905e-01 2.08e-02
2.43103e-01 2.06e-02
2.45296e-01 2.05e-02
2.47407e-01 2.04e-02
2.49591e-01 2.03e-02
2.51692e-01 2.02e-02
2.53867e-01 2.01e-02
2.55959e-01 1.99e-02
2.58047e-01 1.98e-02
2.60208e-01 1.97e-02
2.62287e-01 1.96e-02
2.64362e-01 1.95e-02
2.66433e-01 1.94e-02
2.68499e-01 1.93e-02
2.70561e-01 1.92e-02
2.72619e-01 1.91e-02
2.74597e-01 1.90e-02
2.76646e-01 1.89e-02
2.78692e-01 1.88e-02
2.80657e-01 1.87e-02
2.81639e-01 1.88e-02
2.83674e-01 1.87e-02
2.85630e-01 1.86e-02
2.87582e-01 1.85e-02
2.89605e-01 1.84e-02
2.91550e-01 1.83e-02
2.93490e-01 1.82e-02
2.95427e-01 1.81e-02
2.97360e-01 1.80e-02
2.99289e-01 1.79e-02
3.01215e-01 1.78e-02
3.03137e-01 1.77e-02
3.04982e-01 1.76e-02
3.06896e-01 1.75e-02
3.08807e-01 1.74e-02
3.10641e-01 1.73e-02
3.12545e-01 1.73e-02
3.14373e-01 1.72e-02
3.16270e-01 1.71e-02
3.18090e-01 1.70e-02
3.19907e-01 1.69e-02
3.21794e-01 1.68e-02
3.23604e-01 1.67e-02
3.25411e-01 1.67e-02
3.27215e-01 1.66e-02
3.29016e-01 1.65e-02
3.30813e-01 1.64e-02
3.32608e-01 1.63e-02
3.34399e-01 1.62e-02
3.36115e-01 1.62e-02
3.37900e-01 1.61e-02
3.39681e-01 1.60e-02
3.41389e-01 1.59e-02
3.43164e-01 1.59e-02
3.44936e-01 1.58e-02
3.46635e-01 1.57e-02
3.48330e-01 1.56e-02
3.50093e-01 1.56e-02
3.51783e-01 1.55e-02
3.53470e-01 1.54e-02
3.55224e-01 1.53e-02
3.56905e-01 1.53e-02
3.58583e-01 1.52e-02
3.60259e-01 1.51e-02
3.61931e-01 1.51e-02
3.63601e-01 1.50e-02
3.65268e-01 1.49e-02
3.66932e-01 1.49e-02
3.68594e-01 1.48e-02
3.70183e-01 1.47e-02
3.71839e-01 1.47e-02
3.73493e-01 1.46e-02
3.75075e-01 1.45e-02
3.76723e-01 1.45e-02
3.78299e-01 1.44e-02
3.79942e-01 1.43e-02
3.81514e-01 1.43e-02
3.83151e-01 1.42e-02
3.84718e-01 1.42e-02
3.86282e-01 1.41e-02
3.87912e-01 1.40e-02
3.89471e-01 1.40e-02
3.91028e-01 1.39e-02
3.92582e-01 1.39e-02
3.94134e-01 1.38e-02
3.95684e-01 1.37e-02
3.97231e-01 1.37e-02
3.98776e-01 1.36e-02
4.00319e-01 1.36e-02
4.01859e-01 1.35e-02
4.03396e-01 1.35e-02
4.04932e-01 1.34e-02
4.06465e-01 1.33e-02
4.07929e-01 1.33e-02
4.09457e-01 1.32e-02
4.10983e-01 1.32e-02
4.12441e-01 1.31e-02
4.13962e-01 1.31e-02
4.15415e-01 1.30e-02
4.16932e-01 1.30e-02
4.18381e-01 1.29e-02
4.19828e-01 1.29e-02
4.21338e-01 1.28e-02
4.22781e-01 1.28e-02
4.24221e-01 1.27e-02
4.25725e-01 1.27e-02
4.27161e-01 1.26e-02
4.28596e-01 1.26e-02
4.30028e-01 1.25e-02
4.31458e-01 1.25e-02
4.32886e-01 1.24e-02
4.34312e-01 1.24e-02
4.35736e-01 1.23e-02
4.37158e-01 1.23e-02
4.38577e-01 1.22e-02
4.39995e-01 1.22e-02
4.41411e-01 1.21e-02
4.42761e-01 1.21e-02
4.44173e-01 1.20e-02
4.45583e-01 1.20e-02
4.46927e-01 1.19e-02
4.48333e-01 1.19e-02
4.49737e-01 1.19e-02
4.51076e-01 1.18e-02
4.52476e-01 1.18e-02
4.53811e-01 1.17e-02
4.55207e-01 1.17e-02
4.56538e-01 1.16e-02
4.57931e-01 1.16e-02
4.59259e-01 1.15e-02
4.60584e-01 1.15e-02
4.61971e-01 1.15e-02
4.63294e-01 1.14e-02
4.64614e-01 1.14e-02
4.65933e-01 1.13e-02
4.67250e-01 1.13e-02
4.68565e-01 1.13e-02
4.69941e-01 1.12e-02
4.71253e-01 1.12e-02
4.72563e-01 1.11e-02
4.73871e-01 1.11e-02
4.75178e-01 1.11e-02
4.76420e-01 1.10e-02
4.77724e-01 1.10e-02
4.79025e-01 1.09e-02
4.80325e-01 1.09e-02
4.81623e-01 1.09e-02
4.82920e-01 1.08e-02
4.84153e-01 1.08e-02
4.85446e-01 1.07e-02
4.86738e-01 1.07e-02
4.87966e-01 1.07e-02
4.89255e-01 1.06e-02
4.90480e-01 1.06e-02
4.91765e-01 1.06e-02
4.93049e-01 1.05e-02
4.94269e-01 1.05e-02
4.95489e-01 1.05e-02
4.96767e-01 1.04e-02
4.97984e-01 1.04e-02
4.99259e-01 1.04e-02
5.00472e-01 1.03e-02
5.01684e-01 1.03e-02
5.02955e-01 1.02e-02
5.04163e-01 1.02e-02
5.05371e-01 1.02e-02
5.06577e-01 1.01e-02
5.07781e-01 1.01e-02
5.09044e-01 1.01e-02
5.10245e-01 1.00e-02
5.11445e-01 1.00e-02
5.12644e-01 9.98e-03
5.13841e-01 9.95e-03
5.15037e-01 9.91e-03
5.16231e-01 9.88e-03
5.17424e-01 9.85e-03
5.18615e-01 9.82e-03
5.19746e-01 9.79e-03
5.20934e-01 9.75e-03
5.22122e-01 9.72e-03
5.23307e-01 9.69e-03
5.24492e-01 9.66e-03
5.25616e-01 9.63e-03
5.26797e-01 9.60e-03
5.27978e-01 9.57e-03
5.29157e-01 9.54e-03
5.30275e-01 9.51e-03
5.31451e-01 9.48e-03
5.32568e-01 9.45e-03
5.33741e-01 9.42e-03
5.34855e-01 9.39e-03
5.36025e-01 9.36e-03
5.37136e-01 9.33e-03
5.38305e-01 9.30e-03
5.39413e-01 9.27e-03
5.40579e-01 9.24e-03
5.41685e-01 9.22e-03
5.42789e-01 9.19e-03
5.43951e-01 9.16e-03
5.45053e-01 9.13e-03
5.46154e-01 9.10e-03
5.47312e-01 9.08e-03
5.48410e-01 9.05e-03
5.49508e-01 9.02e-03
5.50604e-01 8.99e-03
5.51699e-01 8.97e-03
5.52850e-01 8.94e-03
5.53943e-01 8.91e-03
5.55034e-01 8.89e-03
5.56124e-01 8.86e-03
5.57213e-01 8.83e-03
5.58301e-01 8.81e-03
5.59387e-01 8.78e-03
5.60473e-01 8.75e-03
5.61557e-01 8.73e-03
5.62640e-01 8.70e-03
5.63722e-01 8.68e-03
5.64745e-01 8.65e-03
5.65825e-01 8.63e-03
5.66903e-01 8.60e-03
5.67981e-01 8.57e-03
5.69057e-01 8.55e-03
5.70075e-01 8.52e-03
5.71149e-01 8.50e-03
5.72222e-01 8.48e-03
5.73293e-01 8.45e-03
5.74307e-01 8.43e-03
5.75377e-01 8.40e-03
5.76445e-01 8.38e-03
5.77456e-01 8.35e-03
5.78522e-01 8.33e-03
5.79530e-01 8.31e-03
5.80594e-01 8.28e-03
5.81601e-01 8.26e-03
5.82662e-01 8.24e-03
5.83667e-01 8.21e-03
5.84726e-01 8.19e-03
5.85729e-01 8.17e-03
5.86786e-01 8.14e-03
5.87787e-01 8.12e-03
5.88786e-01 8.10e-03
5.89840e-01 8.08e-03
5.90838e-01 8.05e-03
5.91834e-01 8.03e-03
5.92885e-01 8.01e-03
5.93879e-01 7.99e-03
5.94873e-01 7.96e-03
5.95865e-01 7.94e-03
5.96857e-01 7.92e-03
5.97902e-01 7.90e-03
5.98891e-01 7.88e-03
5.99880e-01 7.86e-03
6.00867e-01 7.83e-03
6.01854e-01 7.81e-03
6.02839e-01 7.79e-03
6.03824e-01 7.77e-03
6.04808e-01 7.75e-03
6.05790e-01 7.73e-03
6.06772e-01 7.71e-03
6.07753e-01 7.69e-03
6.08732e-01 7.67e-03
6.09711e-01 7.65e-03
6.10689e-01 7.63e-03
6.11666e-01 7.60e-03
6.12642e-01 7.58e-03
6.13617e-01 7.56e-03
6.14591e-01 7.54e-03
6.15510e-01 7.52e-03
6.16482e-01 7.50e-03
6.17453e-01 7.48e-03
6.18424e-01 7.46e-03
6.19339e-01 7.45e-03
6.20308e-01 7.43e-03
6.21275e-01 7.41e-03
6.22242e-01 7.39e-03
6.23154e-01 7.37e-03
6.24119e-01 7.35e-03
6.25082e-01 7.33e-03
6.25992e-01 7.31e-03
6.26954e-01 7.29e-03
6.27862e-01 7.27e-03
6.28822e-01 7.25e-03
6.29728e-01 7.24e-03
6.30686e-01 7.22e-03
6.31591e-01 7.20e-03
6.32548e-01 7.18e-03
6.33450e-01 7.16e-03
6.34405e-01 7.14e-03
6.35306e-01 7.13e-03
6.36259e-01 7.11e-03
6.37159e-01 7.09e-03
6.38110e-01 7.07e-03
6.39008e-01 7.05e-03
6.39905e-01 7.04e-03
6.40853e-01 7.02e-03
6.41749e-01 7.00e-03
6.42643e-01 6.98e-03
6.43537e-01 6.97e-03
6.44482e-01 6.95e-03
6.45374e-01 6.93e-03
6.46265e-01 6.91e-03
6.47156e-01 6.90e-03
6.48098e-01 6.88e-03
6.48986e-01 6.86e-03
6.49874e-01 6.84e-03
6.50761e-01 6.83e-03
6.51648e-01 6.81e-03
6.52533e-01 6.79e-03
6.53418e-01 6.78e-03
6.54302e-01 6.76e-03
6.55186e-01 6.74e-03
6.56120e-01 6.73e-03
6.57002e-01 6.71e-03
6.57883e-01 6.70e-03
6.58763e-01 6.68e-03
6.59642e-01 6.66e-03
6.60469e-01 6.65e-03
6.61347e-01 6.63e-03
6.62224e-01 6.61e-03
6.63100e-01 6.60e-03
6.63976e-01 6.58e-03
6.64851e-01 6.57e-03
6.65725e-01 6.55e-03
6.66598e-01 6.54e-03
6.67470e-01 6.52e-03
6.68291e-01 6.51e-03
6.69162e-01 6.49e-03
6.70032e-01 6.47e-03
6.70902e-01 6.46e-03
6.71719e-01 6.44e-03
6.72587e-01 6.43e-03
6.73455e-01 6.41e-03
6.74321e-01 6.40e-03
6.75136e-01 6.38e-03
6.76001e-01 6.37e-03
6.76865e-01 6.35e-03
6.77678e-01 6.34e-03
6.78541e-01 6.32e-03
6.79403e-01 6.31e-03
6.80214e-01 6.29e-03
6.81075e-01 6.28e-03
6.81884e-01 6.27e-03
6.82743e-01 6.25e-03
6.83551e-01 6.24e-03
6.84409e-01 6.22e-03
6.85266e-01 6.21e-03
6.86072e-01 6.19e-03
6.86878e-01 6.18e-03
6.87733e-01 6.17e-03
6.88537e-01 6.15e-03
6.89390e-01 6.14e-03
6.90193e-01 6.12e-03
6.91045e-01 6.11e-03
6.91846e-01 6.10e-03
6.92647e-01 6.08e-03
6.93497e-01 6.07e-03
6.94297e-01 6.05e-03
6.95145e-01 6.04e-03
6.95943e-01 6.03e-03
6.96741e-01 6.01e-03
6.97538e-01 6.00e-03
6.98383e-01 5.99e-03
6.99179e-01 5.97e-03
6.99974e-01 5.96e-03
7.00818e-01 5.95e-03
7.01611e-01 5.93e-03
7.02404e-01 5.92e-03
7.03197e-01 5.91e-03
7.03988e-01 5.89e-03
7.04829e-01 5.88e-03
7.05619e-01 5.87e-03
7.06409e-01 5.85e-03
7.07198e-01 5.84e-03
7.07987e-01 5.83e-03
7.08774e-01 5.82e-03
7.09562e-01 5.80e-03
7.10348e-01 5.79e-03
7.11134e-01 5.78e-03
7.11920e-01 5.77e-03
7.12754e-01 5.75e-03
7.13538e-01 5.74e-03
7.14321e-01 5.73e-03
7.15104e-01 5.72e-03
7.15887e-01 5.70e-03
7.16668e-01 5.69e-03
7.17401e-01 5.68e-03
7.18181e-01 5.67e-03
7.18961e-01 5.65e-03
7.19740e-01 5.64e-03
7.20519e-01 5.63e-03
7.21297e-01 5.62e-03
7.22075e-01 5.61e-03
7.22852e-01 5.59e-03
7.23628e-01 5.58e-03
7.24404e-01 5.57e-03
7.25130e-01 5.56e-03
7.25905e-01 5.55e-03
7.26679e-01 5.53e-03
7.27452e-01 5.52e-03
7.28225e-01 5.51e-03
7.28949e-01 5.50e-03
7.29720e-01 5.49e-03
7.30491e-01 5.48e-03
7.31262e-01 5.46e-03
7.31983e-01 5.45e-03
7.32752e-01 5.44e-03
7.33521e-01 5.43e-03
7.34241e-01 5.42e-03
7.35009e-01 5.41e-03
7.35776e-01 5.40e-03
7.36494e-01 5.39e-03
7.37260e-01 5.37e-03
7.38025e-01 5.36e-03
7.38742e-01 5.35e-03
7.39506e-01 5.34e-03
7.40222e-01 5.33e-03
7.40985e-01 5.32e-03
7.41747e-01 5.31e-03
7.42461e-01 5.30e-03
7.43222e-01 5.29e-03
7.43935e-01 5.28e-03
7.44695e-01 5.26e-03
7.45408e-01 5.25e-03
7.46166e-01 5.24e-03
7.46878e-01 5.23e-03
7.47635e-01 5.22e-03
7.48345e-01 5.21e-03
7.49102e-01 5.20e-03
7.49811e-01 5.19e-03
7.50567e-01 5.18e-03
7.51275e-01 5.17e-03
7.51982e-01 5.16e-03
7.52736e-01 5.15e-03
7.53442e-01 5.14e-03
7.54148e-01 5.13e-03
7.71589e-01 4.89e-03
7.89048e-01 4.65e-03
8.06610e-01 4.43e-03
8.24219e-01 4.22e-03
8.41869e-01 4.02e-03
8.59509e-01 3.82e-03
8.77134e-01 3.64e-03
8.94781e-01 3.46e-03
9.12363e-01 3.29e-03
9.29917e-01 3.14e-03
9.47441e-01 2.98e-03
9.64929e-01 2.84e-03
9.82827e-01 2.70e-03
1.00063e+00 2.57e-03
1.01834e+00 2.44e-03
1.03599e+00 2.32e-03
1.05400e+00 2.21e-03
1.07186e+00 2.10e-03
1.09004e+00 1.99e-03
1.10810e+00 1.89e-03
1.12607e+00 1.80e-03
1.14429e+00 1.71e-03
1.16240e+00 1.62e-03
1.18078e+00 1.54e-03
1.19903e+00 1.46e-03
1.21749e+00 1.38e-03
1.23620e+00 1.31e-03
1.25482e+00 1.24e-03
1.27363e+00 1.18e-03
1.29237e+00 1.12e-03
1.31133e+00 1.06e-03
1.33052e+00 1.00e-03
1.34966e+00 9.46e-04
1.36902e+00 8.95e-04
1.38864e+00 8.46e-04
1.40823e+00 7.99e-04
1.42808e+00 7.54e-04
1.44798e+00 7.12e-04
1.46817e+00 6.71e-04
1.48842e+00 6.33e-04
1.50902e+00 5.96e-04
1.52975e+00 5.61e-04
1.55085e+00 5.27e-04
1.57217e+00 4.96e-04
1.59398e+00 4.65e-04
1.61604e+00 4.36e-04
1.63841e+00 4.08e-04
1.66144e+00 3.82e-04
1.68490e+00 3.56e-04
1.70890e+00 3.32e-04
1.73349e+00 3.09e-04
1.75882e+00 2.87e-04
1.78499e+00 2.65e-04
1.81215e+00 2.45e-04
1.84050e+00 2.25e-04
1.87059e+00 2.06e-04
1.90278e+00 1.88e-04
1.93794e+00 1.69e-04
1.97799e+00 1.50e-04
2.02887e+00 1.29e-04
2.13054e+00 9.56e-05
2.14747e+00 9.10e-05
2.15891e+00 8.80e-05
2.16616e+00 8.61e-05
2.17018e+00 8.51e-05
2.17086e+00 8.49e-05
2.17154e+00 8.47e-05
2.17223e+00 8.46e-05
2.17291e+00 8.44e-05
2.17359e+00 8.42e-05
2.17427e+00 8.40e-05
2.17497e+00 8.39e-05
2.17566e+00 8.37e-05
2.17635e+00 8.35e-05
2.17704e+00 8.34e-05
2.17774e+00 8.32e-05
2.17844e+00 8.30e-05
2.17914e+00 8.29e-05
2.17984e+00 8.27e-05
2.18054e+00 8.25e-05
2.18125e+00 8.23e-05
2.18195e+00 8.22e-05
2.18266e+00 8.20e-05
2.18337e+00 8.18e-05
2.18408e+00 8.16e-05
2.18480e+00 8.15e-05
2.18552e+00 8.13e-05
2.18624e+00 8.11e-05
2.18696e+00 8.10e-05
2.18768e+00 8.08e-05
2.18841e+00 8.06e-05
2.18914e+00 8.04e-05
2.18986e+00 8.03e-05
2.19060e+00 8.01e-05
2.19133e+00 7.99e-05
2.19207e+00 7.97e-05
2.19280e+00 7.96e-05
2.19354e+00 7.94e-05
2.19429e+00 7.92e-05
2.19503e+00 7.91e-05
2.19578e+00 7.89e-05
2.19652e+00 7.87e-05
2.19728e+00 7.85e-05
2.19804e+00 7.84e-05
2.19879e+00 7.82e-05
2.19954e+00 7.80e-05
2.20031e+00 7.78e-05
2.20107e+00 7.77e-05
2.20184e+00 7.75e-05
2.20260e+00 7.73e-05
2.20337e+00 7.71e-05
2.20415e+00 7.70e-05
2.20492e+00 7.68e-05
2.20569e+00 7.66e-05
2.20647e+00 7.64e-05
2.20725e+00 7.62e-05
2.20804e+00 7.61e-05
2.20882e+00 7.59e-05
2.20961e+00 7.57e-05
2.21040e+00 7.55e-05
2.21120e+00 7.54e-05
2.21200e+00 7.52e-05
2.21280e+00 7.50e-05
2.21360e+00 7.48e-05
2.21441e+00 7.47e-05
2.21522e+00 7.45e-05
2.21602e+00 7.43e-05
2.21684e+00 7.41e-05
2.21766e+00 7.39e-05
2.21847e+00 7.38e-05
2.21930e+00 7.36e-05
2.22013e+00 7.34e-05
2.22095e+00 7.32e-05
2.22178e+00 7.30e-05
2.22261e+00 7.29e-05
2.22346e+00 7.27e-05
2.22429e+00 7.25e-05
2.22513e+00 7.23e-05
2.22597e+00 7.21e-05
2.22683e+00 7.20e-05
2.22768e+00 7.18e-05
2.22853e+00 7.16e-05
2.22939e+00 7.14e-05
2.23025e+00 7.12e-05
2.23111e+00 7.11e-05
2.23198e+00 7.09e-05
2.23285e+00 7.07e-05
2.23373e+00 7.05e-05
2.23461e+00 7.03e-05
2.23548e+00 7.02e-05
2.23637e+00 7.00e-05
2.23726e+00 6.98e-05
2.23815e+00 6.96e-05
2.23904e+00 6.94e-05
2.23994e+00 6.92e-05
2.24084e+00 6.91e-05
2.24175e+00 6.89e-05
2.24265e+00 6.87e-05
2.24357e+00 6.85e-05
2.24449e+00 6.83e-05
2.24540e+00 6.81e-05
2.24633e+00 6.79e-05
2.24725e+00 6.78e-05
2.24818e+00 6.76e-05
2.24912e+00 6.74e-05
2.25006e+00 6.72e-05
2.25101e+00 6.70e-05
2.25195e+00 6.68e-05
2.25290e+00 6.66e-05
2.25386e+00 6.65e-05
2.25482e+00 6.63e-05
2.25578e+00 6.61e-05
2.25675e+00 6.59e-05
2.25772e+00 6.57e-05
2.25870e+00 6.55e-05
2.25968e+00 6.53e-05
2.26067e+00 6.51e-05
2.26166e+00 6.49e-05
2.26265e+00 6.48e-05
2.26365e+00 6.46e-05
2.26465e+00 6.44e-05
2.26566e+00 6.42e-05
2.26667e+00 6.40e-05
2.26769e+00 6.38e-05
2.26871e+00 6.36e-05
2.26974e+00 6.34e-05
2.27077e+00 6.32e-05
2.27181e+00 6.30e-05
2.27285e+00 6.28e-05
2.27390e+00 6.26e-05
2.27496e+00 6.24e-05
2.27602e+00 6.23e-05
2.27707e+00 6.21e-05
2.27814e+00 6.19e-05
2.27921e+00 6.17e-05
2.28030e+00 6.15e-05
2.28138e+00 6.13e-05
2.28247e+00 6.11e-05
2.28358e+00 6.09e-05
2.28468e+00 6.07e-05
2.28578e+00 6.05e-05
2.28690e+00 6.03e-05
2.28802e+00 6.01e-05
2.28915e+00 5.99e-05
2.29028e+00 5.97e-05
2.29141e+00 5.95e-05
2.29257e+00 5.93e-05
2.29372e+00 5.91e-05
2.29488e+00 5.89e-05
2.29604e+00 5.87e-05
2.29721e+00 5.85e-05
2.29839e+00 5.83e-05
2.29958e+00 5.81e-05
2.30077e+00 5.79e-05
2.30197e+00 5.77e-05
2.30318e+00 5.75e-05
2.30438e+00 5.73e-05
2.30558e+00 5.71e-05
2.30688e+00 5.68e-05
2.30807e+00 5.66e-05
2.30936e+00 5.64e-05
2.31055e+00 5.62e-05
2.31184e+00 5.60e-05
2.31313e+00 5.58e-05
2.31441e+00 5.56e-05
2.31570e+00 5.54e-05
2.31698e+00 5.52e-05
2.31826e+00 5.50e-05
2.31954e+00 5.48e-05
2.32092e+00 5.45e-05
2.32219e+00 5.43e-05
2.32356e+00 5.41e-05
2.32493e+00 5.39e-05
2.32630e+00 5.37e-05
2.32767e+00 5.35e-05
2.32903e+00 5.33e-05
2.33039e+00 5.30e-05
2.33185e+00 5.28e-05
2.33321e+00 5.26e-05
2.33466e+00 5.24e-05
2.33612e+00 5.22e-05
2.33747e+00 5.19e-05
2.33901e+00 5.17e-05
2.34046e+00 5.15e-05
2.34190e+00 5.13e-05
2.34344e+00 5.11e-05
2.34488e+00 5.08e-05
2.34641e+00 5.06e-05
2.34794e+00 5.04e-05
2.34947e+00 5.02e-05
2.35099e+00 4.99e-05
2.35261e+00 4.97e-05
2.35413e+00 4.95e-05
2.35575e+00 4.92e-05
2.35736e+00 4.90e-05
2.35897e+00 4.88e-05
2.36057e+00 4.85e-05
2.36227e+00 4.83e-05
2.36396e+00 4.81e-05
2.36556e+00 4.78e-05
2.36734e+00 4.76e-05
2.36903e+00 4.74e-05
2.37071e+00 4.71e-05
2.37248e+00 4.69e-05
2.37425e+00 4.66e-05
2.37602e+00 4.64e-05
2.37788e+00 4.61e-05
2.37964e+00 4.59e-05
2.38149e+00 4.57e-05
2.38334e+00 4.54e-05
2.38527e+00 4.52e-05
2.38711e+00 4.49e-05
2.38904e+00 4.47e-05
2.39096e+00 4.44e-05
2.39297e+00 4.41e-05
2.39498e+00 4.39e-05
2.39699e+00 4.36e-05
2.39899e+00 4.34e-05
2.40107e+00 4.31e-05
2.40315e+00 4.28e-05
2.40532e+00 4.26e-05
2.40740e+00 4.23e-05
2.40964e+00 4.20e-05
2.41180e+00 4.18e-05
2.41404e+00 4.15e-05
2.41627e+00 4.12e-05
2.41859e+00 4.09e-05
2.42090e+00 4.07e-05
2.42330e+00 4.04e-05
2.42569e+00 4.01e-05
2.42816e+00 3.98e-05
2.43063e+00 3.95e-05
2.43317e+00 3.92e-05
2.43572e+00 3.90e-05
2.43825e+00 3.87e-05
2.44095e+00 3.84e-05
2.44365e+00 3.81e-05
2.44634e+00 3.78e-05
2.44911e+00 3.75e-05
2.45195e+00 3.71e-05
2.45488e+00 3.68e-05
2.45779e+00 3.65e-05
2.46087e+00 3.62e-05
2.46394e+00 3.59e-05
2.46708e+00 3.55e-05
2.47022e+00 3.52e-05
2.47351e+00 3.49e-05
2.47687e+00 3.45e-05
2.48031e+00 3.42e-05
2.48382e+00 3.38e-05
2.48740e+00 3.35e-05
2.49114e+00 3.31e-05
2.49494e+00 3.28e-05
2.49881e+00 3.24e-05
2.50283e+00 3.20e-05
2.50699e+00 3.16e-05
2.51122e+00 3.13e-05
2.51568e+00 3.09e-05
2.52019e+00 3.05e-05
2.52493e+00 3.00e-05
2.52980e+00 2.96e-05
2.53481e+00 2.92e-05
2.54010e+00 2.87e-05
2.54561e+00 2.83e-05
2.55132e+00 2.78e-05
2.55730e+00 2.73e-05
2.56364e+00 2.69e-05
2.57024e+00 2.63e-05
2.57726e+00 2.58e-05
2.58475e+00 2.53e-05
2.59264e+00 2.47e-05
2.60113e+00 2.41e-05
2.61029e+00 2.35e-05
2.62024e+00 2.28e-05
2.63110e+00 2.21e-05
2.64319e+00 2.14e-05
2.65669e+00 2.05e-05
2.66410e+00 2.01e-05
2.67215e+00 1.97e-05
2.68082e+00 1.92e-05
2.69029e+00 1.87e-05
2.70069e+00 1.81e-05
2.71231e+00 1.75e-05
2.72543e+00 1.69e-05
2.74065e+00 1.62e-05
2.75874e+00 1.54e-05
2.78130e+00 1.44e-05
2.81151e+00 1.33e-05
2.85859e+00 1.16e-05
2.99573e+00 8.03e-06
