# OPACITY Project tables
-2.61515e+00 1.39e+02
-2.27341e+00 4.82e+01
-2.07433e+00 2.59e+01
-1.93351e+00 1.67e+01
-1.82455e+00 1.19e+01
-1.73574e+00 9.07e+00
-1.66078e+00 7.19e+00
-1.59603e+00 5.89e+00
-1.53898e+00 4.94e+00
-1.48802e+00 4.23e+00
-1.44198e+00 3.68e+00
-1.40003e+00 3.24e+00
-1.36148e+00 2.89e+00
-1.32584e+00 2.60e+00
-1.29269e+00 2.37e+00
-1.26174e+00 2.17e+00
-1.23268e+00 2.01e+00
-1.20531e+00 1.87e+00
-1.17944e+00 1.75e+00
-1.15493e+00 1.65e+00
-1.13165e+00 1.56e+00
-1.10945e+00 1.48e+00
-1.08827e+00 1.41e+00
-1.06799e+00 1.34e+00
-1.04857e+00 1.28e+00
-1.02994e+00 1.23e+00
-1.01200e+00 1.18e+00
-9.78086e-01 1.08e+00
-9.62021e-01 1.04e+00
-9.46492e-01 1.00e+00
-9.31455e-01 9.67e-01
-9.16916e-01 9.34e-01
-9.02807e-01 9.04e-01
-8.89113e-01 8.76e-01
-8.75797e-01 8.49e-01
-8.62868e-01 8.24e-01
-8.50292e-01 8.00e-01
-8.38057e-01 7.77e-01
-8.26130e-01 7.56e-01
-8.14502e-01 7.37e-01
-8.03185e-01 7.19e-01
-7.92106e-01 7.02e-01
-7.81301e-01 6.86e-01
-7.60420e-01 6.57e-01
-7.50331e-01 6.43e-01
-7.40469e-01 6.29e-01
-7.30787e-01 6.16e-01
-7.21320e-01 6.03e-01
-7.12045e-01 5.91e-01
-7.02955e-01 5.79e-01
-6.94048e-01 5.69e-01
-6.85298e-01 5.58e-01
-6.68298e-01 5.40e-01
-6.60041e-01 5.30e-01
-6.51909e-01 5.22e-01
-6.43938e-01 5.14e-01
-6.36087e-01 5.06e-01
-6.28390e-01 4.99e-01
-6.13357e-01 4.85e-01
-5.98801e-01 4.70e-01
-5.84687e-01 4.56e-01
-5.77803e-01 4.50e-01
-5.71018e-01 4.43e-01
-5.64314e-01 4.38e-01
-5.57725e-01 4.34e-01
-5.51231e-01 4.30e-01
-5.38505e-01 4.23e-01
-5.32288e-01 4.19e-01
-5.26142e-01 4.13e-01
-5.14098e-01 4.00e-01
-5.08196e-01 3.95e-01
-5.02362e-01 3.90e-01
-4.96610e-01 3.85e-01
-4.85320e-01 3.78e-01
-4.79779e-01 3.74e-01
-4.74301e-01 3.70e-01
-4.68884e-01 3.66e-01
-4.63545e-01 3.63e-01
-4.58265e-01 3.60e-01
-4.53044e-01 3.56e-01
-4.47882e-01 3.51e-01
-4.42778e-01 3.42e-01
-4.37730e-01 3.33e-01
-4.32739e-01 3.26e-01
-4.27803e-01 3.20e-01
-4.22922e-01 3.16e-01
-4.13321e-01 3.08e-01
-4.08585e-01 3.04e-01
-3.99284e-01 2.93e-01
-3.94688e-01 2.87e-01
-3.90158e-01 2.83e-01
-3.81216e-01 2.76e-01
-3.76819e-01 2.71e-01
-3.72456e-01 2.64e-01
-3.68126e-01 2.59e-01
-3.63858e-01 2.55e-01
-3.59622e-01 2.53e-01
-3.55419e-01 2.48e-01
-3.51261e-01 2.40e-01
-3.47135e-01 2.36e-01
-3.43054e-01 2.31e-01
-3.39003e-01 2.26e-01
-3.34997e-01 2.22e-01
-3.31021e-01 2.28e-01
-3.27088e-01 2.25e-01
-3.23185e-01 2.22e-01
-3.15464e-01 2.17e-01
-3.11661e-01 2.14e-01
-3.07885e-01 2.14e-01
-3.04150e-01 2.11e-01
-3.00430e-01 2.08e-01
-2.96750e-01 2.07e-01
-2.93097e-01 2.04e-01
-2.85884e-01 1.96e-01
-2.82323e-01 1.92e-01
-2.78788e-01 1.89e-01
-2.75279e-01 1.86e-01
-2.71796e-01 2.00e-01
-2.68350e-01 1.97e-01
-2.61521e-01 1.93e-01
-2.54802e-01 1.88e-01
-2.48167e-01 1.84e-01
-2.41639e-01 1.80e-01
-2.35203e-01 1.76e-01
-2.28860e-01 1.73e-01
-2.22606e-01 1.69e-01
-2.16441e-01 1.66e-01
-2.13391e-01 1.71e-01
-2.07344e-01 1.68e-01
-2.01382e-01 1.65e-01
-1.95504e-01 1.62e-01
-1.89697e-01 1.59e-01
-1.83971e-01 1.56e-01
-1.78314e-01 1.54e-01
-1.72724e-01 1.51e-01
-1.67200e-01 1.49e-01
-1.61755e-01 1.46e-01
-1.56373e-01 1.44e-01
-1.51044e-01 1.42e-01
-1.45789e-01 1.40e-01
-1.40596e-01 1.37e-01
-1.35453e-01 1.35e-01
-1.30382e-01 1.33e-01
-1.25359e-01 1.31e-01
-1.20395e-01 1.29e-01
-1.15489e-01 1.27e-01
-1.10630e-01 1.26e-01
-1.05827e-01 1.24e-01
-1.01070e-01 1.22e-01
-9.63788e-02 1.20e-01
-9.17206e-02 1.19e-01
-8.71168e-02 1.17e-01
-8.25559e-02 1.16e-01
-7.80480e-02 1.14e-01
-7.35820e-02 1.12e-01
-6.91679e-02 1.11e-01
-6.47839e-02 1.09e-01
-6.04509e-02 1.08e-01
-5.61577e-02 1.07e-01
-5.19040e-02 1.05e-01
-4.76998e-02 1.04e-01
-4.35236e-02 1.03e-01
-3.93959e-02 1.01e-01
-3.52956e-02 1.00e-01
-3.12430e-02 9.90e-02
-2.72170e-02 9.80e-02
-2.32379e-02 9.70e-02
-1.92848e-02 9.60e-02
-1.53675e-02 9.51e-02
-1.14958e-02 9.42e-02
-7.64918e-03 9.32e-02
-3.83735e-03 9.23e-02
-5.00013e-05 9.13e-02
3.69317e-03 9.03e-02
7.37275e-03 8.94e-02
1.11377e-02 8.84e-02
1.47901e-02 8.76e-02
1.84291e-02 8.69e-02
2.19572e-02 8.61e-02
2.55703e-02 8.53e-02
2.90732e-02 8.46e-02
3.25640e-02 8.39e-02
3.60426e-02 8.32e-02
3.95091e-02 8.25e-02
4.12379e-02 8.22e-02
4.29637e-02 8.20e-02
4.64064e-02 8.14e-02
4.97421e-02 8.08e-02
5.30667e-02 8.00e-02
5.64748e-02 7.92e-02
5.80802e-02 7.89e-02
6.13773e-02 7.83e-02
6.46635e-02 7.76e-02
6.78455e-02 7.69e-02
7.11106e-02 7.62e-02
7.42722e-02 7.56e-02
7.74239e-02 7.50e-02
8.06579e-02 7.42e-02
8.37895e-02 7.34e-02
8.52598e-02 7.30e-02
8.68197e-02 7.27e-02
8.83771e-02 7.24e-02
9.14847e-02 7.20e-02
9.44917e-02 7.15e-02
9.60372e-02 7.12e-02
9.75803e-02 7.09e-02
1.00569e-01 7.01e-02
1.02015e-01 6.97e-02
1.03549e-01 6.93e-02
1.05080e-01 6.90e-02
1.06520e-01 6.88e-02
1.09482e-01 6.85e-02
1.10915e-01 6.82e-02
1.12435e-01 6.78e-02
1.15291e-01 6.67e-02
1.16805e-01 6.62e-02
1.18227e-01 6.58e-02
1.19648e-01 6.54e-02
1.22483e-01 6.47e-02
1.23898e-01 6.56e-02
1.26809e-01 6.50e-02
1.29624e-01 6.44e-02
1.32431e-01 6.39e-02
1.35143e-01 6.33e-02
1.37934e-01 6.28e-02
1.40718e-01 6.23e-02
1.43407e-01 6.18e-02
1.46176e-01 6.13e-02
1.47471e-01 6.11e-02
1.48851e-01 6.13e-02
1.51519e-01 6.09e-02
1.54179e-01 6.04e-02
1.56833e-01 6.00e-02
1.59479e-01 5.95e-02
1.62119e-01 5.90e-02
1.64751e-01 5.86e-02
1.67293e-01 5.82e-02
1.68561e-01 6.05e-02
1.71176e-01 6.02e-02
1.73701e-01 5.98e-02
1.76220e-01 5.94e-02
1.78732e-01 5.89e-02
1.81321e-01 5.85e-02
1.83737e-01 5.82e-02
1.86231e-01 5.79e-02
1.87475e-01 5.77e-02
1.88718e-01 5.75e-02
1.91199e-01 5.70e-02
1.93591e-01 5.64e-02
1.96060e-01 5.59e-02
1.98441e-01 5.55e-02
2.00898e-01 5.51e-02
2.03267e-01 5.47e-02
2.05631e-01 5.44e-02
2.07989e-01 5.40e-02
2.10342e-01 5.37e-02
2.12689e-01 5.34e-02
2.15031e-01 5.30e-02
2.17286e-01 5.27e-02
2.19617e-01 5.24e-02
2.21943e-01 5.21e-02
2.24183e-01 5.18e-02
2.25301e-01 5.17e-02
2.27614e-01 5.13e-02
2.29841e-01 5.10e-02
2.30953e-01 5.09e-02
2.33173e-01 5.05e-02
2.35388e-01 5.02e-02
2.37599e-01 4.99e-02
2.39804e-01 4.96e-02
2.40905e-01 4.95e-02
2.42005e-01 5.03e-02
2.44200e-01 5.01e-02
2.46313e-01 4.98e-02
2.48499e-01 4.95e-02
2.50681e-01 4.92e-02
2.52780e-01 4.89e-02
2.54875e-01 4.87e-02
2.57042e-01 4.84e-02
2.59128e-01 4.81e-02
2.61210e-01 4.79e-02
2.63287e-01 4.76e-02
2.65360e-01 4.73e-02
2.67428e-01 4.71e-02
2.69493e-01 4.68e-02
2.71553e-01 4.66e-02
2.73609e-01 4.63e-02
2.75660e-01 4.61e-02
2.77632e-01 4.58e-02
2.79675e-01 4.56e-02
2.81639e-01 4.53e-02
2.83674e-01 4.51e-02
2.85630e-01 4.49e-02
2.87582e-01 4.46e-02
2.89605e-01 4.44e-02
2.91550e-01 4.42e-02
2.93490e-01 4.40e-02
2.95427e-01 4.37e-02
2.97360e-01 4.35e-02
2.99289e-01 4.33e-02
3.01215e-01 4.31e-02
3.03137e-01 4.29e-02
3.04982e-01 4.26e-02
3.06896e-01 4.24e-02
3.08807e-01 4.22e-02
3.10641e-01 4.20e-02
3.12545e-01 4.18e-02
3.14373e-01 4.16e-02
3.16270e-01 4.14e-02
3.18090e-01 4.12e-02
3.19907e-01 4.10e-02
3.21794e-01 4.08e-02
3.23604e-01 4.06e-02
3.25411e-01 4.04e-02
3.27215e-01 4.03e-02
3.29016e-01 4.01e-02
3.30813e-01 3.99e-02
3.32608e-01 3.97e-02
3.34399e-01 3.95e-02
3.36115e-01 3.94e-02
3.37044e-01 3.93e-02
3.38827e-01 3.91e-02
3.40535e-01 3.89e-02
3.42312e-01 3.88e-02
3.44015e-01 3.86e-02
3.45786e-01 3.84e-02
3.47483e-01 3.83e-02
3.49247e-01 3.81e-02
3.50939e-01 3.79e-02
3.52627e-01 3.78e-02
3.54382e-01 3.76e-02
3.56065e-01 3.75e-02
3.57744e-01 3.73e-02
3.59421e-01 3.71e-02
3.61095e-01 3.70e-02
3.62766e-01 3.68e-02
3.64435e-01 3.67e-02
3.66100e-01 3.65e-02
3.67763e-01 3.64e-02
3.69354e-01 3.62e-02
3.71012e-01 3.61e-02
3.72666e-01 3.60e-02
3.74318e-01 3.58e-02
3.75899e-01 3.57e-02
3.77546e-01 3.55e-02
3.79121e-01 3.54e-02
3.80762e-01 3.53e-02
3.82333e-01 3.51e-02
3.83969e-01 3.50e-02
3.85534e-01 3.49e-02
3.87097e-01 3.47e-02
3.88658e-01 3.46e-02
3.90284e-01 3.45e-02
3.91839e-01 3.43e-02
3.93393e-01 3.42e-02
3.94943e-01 3.41e-02
3.96492e-01 3.39e-02
3.98038e-01 3.38e-02
3.99581e-01 3.37e-02
4.01122e-01 3.36e-02
4.02661e-01 3.34e-02
4.03396e-01 3.34e-02
4.04131e-01 3.33e-02
4.05665e-01 3.32e-02
4.07197e-01 3.31e-02
4.08726e-01 3.29e-02
4.10187e-01 3.28e-02
4.11712e-01 3.27e-02
4.13169e-01 3.26e-02
4.14689e-01 3.25e-02
4.16141e-01 3.23e-02
4.17657e-01 3.22e-02
4.19105e-01 3.21e-02
4.20616e-01 3.20e-02
4.22060e-01 3.19e-02
4.22781e-01 3.18e-02
4.24221e-01 3.17e-02
4.25725e-01 3.16e-02
4.27161e-01 3.15e-02
4.28596e-01 3.14e-02
4.30028e-01 3.13e-02
4.31458e-01 3.12e-02
4.32886e-01 3.11e-02
4.33599e-01 3.10e-02
4.35024e-01 3.09e-02
4.36447e-01 3.08e-02
4.37868e-01 3.07e-02
4.39287e-01 3.06e-02
4.40704e-01 3.05e-02
4.42118e-01 3.04e-02
4.43467e-01 3.03e-02
4.44878e-01 3.02e-02
4.46287e-01 3.01e-02
4.49035e-01 2.99e-02
4.50438e-01 2.98e-02
4.51776e-01 2.97e-02
4.53175e-01 2.96e-02
4.54509e-01 2.95e-02
4.55841e-01 2.94e-02
4.57235e-01 2.93e-02
4.58563e-01 2.92e-02
4.59953e-01 2.91e-02
4.61278e-01 2.90e-02
4.61971e-01 2.90e-02
4.62601e-01 2.89e-02
4.63923e-01 2.88e-02
4.65305e-01 2.87e-02
4.66623e-01 2.86e-02
4.67939e-01 2.85e-02
4.68565e-01 2.85e-02
4.69253e-01 2.84e-02
4.69941e-01 2.84e-02
4.71253e-01 2.83e-02
4.72563e-01 2.82e-02
4.73871e-01 2.81e-02
4.75178e-01 2.80e-02
4.75799e-01 2.80e-02
4.76420e-01 2.79e-02
4.77103e-01 2.79e-02
4.78406e-01 2.78e-02
4.79706e-01 2.77e-02
4.80944e-01 2.76e-02
4.82241e-01 2.75e-02
4.83537e-01 2.74e-02
4.84831e-01 2.73e-02
4.86062e-01 2.73e-02
4.87352e-01 2.72e-02
4.88641e-01 2.71e-02
4.89868e-01 2.70e-02
4.91153e-01 2.69e-02
4.92376e-01 2.68e-02
4.93659e-01 2.68e-02
4.94879e-01 2.67e-02
4.96159e-01 2.66e-02
4.97376e-01 2.65e-02
4.98591e-01 2.64e-02
4.99259e-01 2.64e-02
4.99866e-01 2.64e-02
5.00472e-01 2.63e-02
5.01078e-01 2.63e-02
5.02289e-01 2.62e-02
5.03559e-01 2.61e-02
5.04767e-01 2.60e-02
5.05974e-01 2.59e-02
5.07179e-01 2.58e-02
5.08383e-01 2.58e-02
5.09645e-01 2.57e-02
5.10846e-01 2.56e-02
5.12045e-01 2.55e-02
5.13243e-01 2.54e-02
5.14439e-01 2.53e-02
5.15634e-01 2.53e-02
5.16828e-01 2.52e-02
5.18020e-01 2.51e-02
5.19210e-01 2.50e-02
5.20340e-01 2.50e-02
5.21528e-01 2.49e-02
5.22715e-01 2.48e-02
5.23900e-01 2.47e-02
5.25083e-01 2.47e-02
5.26207e-01 2.46e-02
5.27388e-01 2.45e-02
5.28567e-01 2.45e-02
5.29687e-01 2.44e-02
5.30864e-01 2.43e-02
5.32039e-01 2.43e-02
5.33154e-01 2.42e-02
5.34327e-01 2.41e-02
5.35440e-01 2.40e-02
5.36610e-01 2.40e-02
5.37721e-01 2.39e-02
5.38305e-01 2.39e-02
5.39413e-01 2.38e-02
5.40579e-01 2.38e-02
5.41685e-01 2.37e-02
5.42789e-01 2.37e-02
5.43951e-01 2.36e-02
5.45053e-01 2.35e-02
5.46154e-01 2.34e-02
5.47312e-01 2.34e-02
5.48410e-01 2.33e-02
5.49508e-01 2.32e-02
5.50604e-01 2.31e-02
5.51699e-01 2.31e-02
5.52850e-01 2.30e-02
5.53943e-01 2.29e-02
5.55034e-01 2.28e-02
5.56124e-01 2.28e-02
5.57213e-01 2.27e-02
5.58301e-01 2.26e-02
5.59387e-01 2.26e-02
5.60473e-01 2.25e-02
5.61557e-01 2.25e-02
5.62640e-01 2.24e-02
5.63722e-01 2.23e-02
5.64745e-01 2.23e-02
5.65825e-01 2.22e-02
5.66903e-01 2.21e-02
5.67981e-01 2.21e-02
5.69057e-01 2.20e-02
5.70075e-01 2.20e-02
5.71149e-01 2.19e-02
5.72222e-01 2.18e-02
5.73293e-01 2.18e-02
5.74307e-01 2.17e-02
5.75377e-01 2.17e-02
5.76445e-01 2.16e-02
5.77456e-01 2.16e-02
5.78522e-01 2.15e-02
5.79530e-01 2.14e-02
5.80594e-01 2.14e-02
5.81601e-01 2.13e-02
5.82662e-01 2.13e-02
5.83667e-01 2.12e-02
5.84726e-01 2.12e-02
5.85228e-01 2.11e-02
5.85729e-01 2.13e-02
5.86786e-01 2.12e-02
5.87787e-01 2.12e-02
5.88786e-01 2.11e-02
5.89840e-01 2.10e-02
5.90838e-01 2.10e-02
5.91834e-01 2.09e-02
5.92885e-01 2.09e-02
5.93879e-01 2.08e-02
5.94873e-01 2.08e-02
5.95865e-01 2.07e-02
5.96857e-01 2.07e-02
5.97902e-01 2.06e-02
5.98891e-01 2.06e-02
5.99880e-01 2.05e-02
6.00867e-01 2.05e-02
6.01854e-01 2.04e-02
6.02839e-01 2.04e-02
6.03824e-01 2.03e-02
6.04808e-01 2.03e-02
6.05790e-01 2.02e-02
6.07262e-01 2.02e-02
6.07753e-01 2.02e-02
6.08243e-01 2.01e-02
6.09222e-01 2.01e-02
6.10200e-01 2.00e-02
6.11178e-01 2.00e-02
6.12154e-01 1.99e-02
6.13129e-01 1.99e-02
6.14104e-01 1.98e-02
6.15023e-01 1.98e-02
6.15996e-01 1.97e-02
6.16968e-01 1.97e-02
6.17939e-01 1.96e-02
6.18908e-01 1.96e-02
6.19824e-01 1.96e-02
6.20792e-01 1.95e-02
6.21759e-01 1.95e-02
6.22671e-01 1.94e-02
6.23636e-01 1.94e-02
6.24601e-01 1.93e-02
6.25511e-01 1.93e-02
6.26473e-01 1.92e-02
6.27435e-01 1.92e-02
6.28342e-01 1.92e-02
6.29302e-01 1.91e-02
6.30207e-01 1.91e-02
6.31165e-01 1.90e-02
6.32069e-01 1.90e-02
6.33026e-01 1.89e-02
6.33928e-01 1.89e-02
6.34882e-01 1.89e-02
6.35783e-01 1.88e-02
6.36683e-01 1.88e-02
6.37634e-01 1.87e-02
6.38533e-01 1.87e-02
6.39483e-01 1.86e-02
6.40379e-01 1.86e-02
6.41275e-01 1.86e-02
6.42222e-01 1.85e-02
6.43116e-01 1.85e-02
6.44009e-01 1.84e-02
6.44902e-01 1.84e-02
6.45846e-01 1.83e-02
6.46737e-01 1.83e-02
6.47627e-01 1.83e-02
6.48516e-01 1.82e-02
6.49404e-01 1.82e-02
6.50292e-01 1.81e-02
6.51231e-01 1.81e-02
6.52117e-01 1.81e-02
6.53002e-01 1.80e-02
6.53886e-01 1.80e-02
6.54770e-01 1.80e-02
6.55653e-01 1.79e-02
6.56535e-01 1.79e-02
6.57416e-01 1.78e-02
6.58297e-01 1.78e-02
6.59177e-01 1.78e-02
6.60056e-01 1.77e-02
6.60934e-01 1.77e-02
6.61811e-01 1.76e-02
6.62688e-01 1.76e-02
6.63564e-01 1.76e-02
6.64439e-01 1.75e-02
6.65262e-01 1.75e-02
6.66136e-01 1.75e-02
6.67009e-01 1.74e-02
6.67881e-01 1.74e-02
6.68752e-01 1.73e-02
6.69623e-01 1.73e-02
6.70441e-01 1.73e-02
6.71310e-01 1.72e-02
6.72179e-01 1.72e-02
6.73047e-01 1.72e-02
6.73862e-01 1.71e-02
6.74729e-01 1.71e-02
6.75594e-01 1.71e-02
6.76408e-01 1.70e-02
6.77272e-01 1.70e-02
6.78135e-01 1.70e-02
6.78947e-01 1.69e-02
6.79809e-01 1.69e-02
6.80619e-01 1.68e-02
6.81479e-01 1.68e-02
6.82339e-01 1.68e-02
6.83147e-01 1.67e-02
6.84006e-01 1.67e-02
6.84813e-01 1.67e-02
6.85669e-01 1.66e-02
6.86475e-01 1.66e-02
6.87330e-01 1.66e-02
6.88135e-01 1.65e-02
6.88989e-01 1.65e-02
6.89792e-01 1.65e-02
6.90594e-01 1.64e-02
6.91446e-01 1.64e-02
6.92247e-01 1.64e-02
6.93097e-01 1.63e-02
6.93897e-01 1.63e-02
6.94696e-01 1.63e-02
6.95544e-01 1.62e-02
6.96342e-01 1.62e-02
6.97139e-01 1.62e-02
6.97985e-01 1.62e-02
6.98781e-01 1.61e-02
6.99576e-01 1.61e-02
7.00371e-01 1.61e-02
7.01215e-01 1.60e-02
7.02008e-01 1.60e-02
7.02800e-01 1.60e-02
7.03592e-01 1.59e-02
7.04384e-01 1.59e-02
7.05224e-01 1.59e-02
7.06014e-01 1.59e-02
7.06804e-01 1.58e-02
7.07592e-01 1.58e-02
7.08381e-01 1.58e-02
7.09168e-01 1.57e-02
7.09955e-01 1.57e-02
7.10741e-01 1.57e-02
7.11527e-01 1.56e-02
7.12361e-01 1.56e-02
7.13146e-01 1.56e-02
7.13930e-01 1.56e-02
7.14713e-01 1.55e-02
7.15496e-01 1.55e-02
7.16278e-01 1.55e-02
7.17059e-01 1.54e-02
7.17791e-01 1.54e-02
7.18571e-01 1.54e-02
7.19351e-01 1.54e-02
7.20130e-01 1.53e-02
7.20908e-01 1.53e-02
7.21686e-01 1.53e-02
7.22463e-01 1.52e-02
7.23240e-01 1.52e-02
7.24016e-01 1.52e-02
7.24743e-01 1.52e-02
7.25518e-01 1.51e-02
7.26292e-01 1.51e-02
7.27065e-01 1.51e-02
7.27838e-01 1.51e-02
7.28611e-01 1.50e-02
7.29334e-01 1.50e-02
7.30106e-01 1.50e-02
7.30876e-01 1.50e-02
7.31598e-01 1.49e-02
7.32368e-01 1.49e-02
7.33137e-01 1.49e-02
7.33905e-01 1.49e-02
7.34625e-01 1.48e-02
7.35392e-01 1.48e-02
7.36159e-01 1.48e-02
7.36877e-01 1.48e-02
7.37642e-01 1.47e-02
7.38360e-01 1.47e-02
7.39124e-01 1.47e-02
7.39888e-01 1.46e-02
7.40603e-01 1.46e-02
7.41366e-01 1.46e-02
7.42080e-01 1.46e-02
7.42842e-01 1.45e-02
7.43603e-01 1.45e-02
7.44315e-01 1.45e-02
7.45075e-01 1.45e-02
7.45787e-01 1.44e-02
7.46546e-01 1.44e-02
7.47257e-01 1.44e-02
7.47967e-01 1.44e-02
7.48724e-01 1.44e-02
7.49433e-01 1.43e-02
7.50189e-01 1.43e-02
7.50897e-01 1.43e-02
7.51652e-01 1.43e-02
7.52359e-01 1.42e-02
7.53066e-01 1.42e-02
7.53819e-01 1.42e-02
7.54524e-01 1.42e-02
7.55277e-01 1.41e-02
7.55981e-01 1.41e-02
7.56685e-01 1.41e-02
7.57436e-01 1.41e-02
7.58139e-01 1.40e-02
7.58841e-01 1.40e-02
7.59543e-01 1.40e-02
7.60292e-01 1.40e-02
7.60993e-01 1.40e-02
7.61693e-01 1.39e-02
7.62393e-01 1.39e-02
7.63140e-01 1.39e-02
7.63839e-01 1.39e-02
7.64537e-01 1.38e-02
7.65235e-01 1.38e-02
7.65979e-01 1.38e-02
7.66676e-01 1.38e-02
7.67373e-01 1.38e-02
7.68069e-01 1.37e-02
7.68765e-01 1.37e-02
7.69460e-01 1.37e-02
7.70155e-01 1.37e-02
7.70895e-01 1.37e-02
7.71589e-01 1.36e-02
7.72282e-01 1.36e-02
7.72974e-01 1.36e-02
7.73667e-01 1.36e-02
7.74358e-01 1.36e-02
7.75050e-01 1.35e-02
7.75740e-01 1.35e-02
7.76431e-01 1.35e-02
7.77121e-01 1.35e-02
7.77810e-01 1.35e-02
7.78499e-01 1.34e-02
7.79187e-01 1.34e-02
7.79875e-01 1.34e-02
7.80563e-01 1.34e-02
7.81250e-01 1.34e-02
7.81936e-01 1.33e-02
7.82622e-01 1.33e-02
7.83308e-01 1.33e-02
7.83993e-01 1.33e-02
7.84677e-01 1.33e-02
7.85362e-01 1.32e-02
7.86000e-01 1.32e-02
7.86683e-01 1.32e-02
7.87366e-01 1.32e-02
7.88048e-01 1.32e-02
7.88730e-01 1.31e-02
7.89411e-01 1.31e-02
7.90092e-01 1.31e-02
7.90728e-01 1.31e-02
7.91408e-01 1.31e-02
7.92087e-01 1.31e-02
7.92766e-01 1.30e-02
7.93445e-01 1.30e-02
7.94078e-01 1.30e-02
7.94756e-01 1.30e-02
7.95433e-01 1.30e-02
7.96426e-01 1.29e-02
7.96741e-01 1.29e-02
7.97102e-01 1.29e-02
7.97417e-01 1.29e-02
7.97732e-01 1.29e-02
7.98408e-01 1.29e-02
7.99083e-01 1.29e-02
7.99757e-01 1.28e-02
8.00386e-01 1.28e-02
8.01059e-01 1.28e-02
8.01732e-01 1.28e-02
8.02360e-01 1.28e-02
8.03032e-01 1.28e-02
8.03704e-01 1.27e-02
8.04331e-01 1.27e-02
8.05002e-01 1.27e-02
8.05627e-01 1.27e-02
8.06297e-01 1.27e-02
8.06967e-01 1.27e-02
8.07591e-01 1.26e-02
8.10841e-01 1.26e-02
8.11463e-01 1.25e-02
8.12129e-01 1.25e-02
8.12751e-01 1.25e-02
8.13416e-01 1.25e-02
8.14036e-01 1.25e-02
8.14701e-01 1.25e-02
8.15321e-01 1.24e-02
8.15984e-01 1.24e-02
8.16603e-01 1.24e-02
8.17575e-01 1.24e-02
8.17884e-01 1.24e-02
8.18193e-01 1.24e-02
8.18546e-01 1.24e-02
8.18854e-01 1.24e-02
8.19824e-01 1.23e-02
8.21057e-01 1.23e-02
8.21716e-01 1.23e-02
8.22332e-01 1.22e-02
8.22947e-01 1.22e-02
8.23605e-01 1.22e-02
8.25490e-01 1.22e-02
8.26103e-01 1.22e-02
8.26716e-01 1.21e-02
8.27372e-01 1.21e-02
8.27984e-01 1.21e-02
8.28595e-01 1.21e-02
8.29250e-01 1.21e-02
8.29861e-01 1.20e-02
8.30471e-01 1.20e-02
8.31081e-01 1.20e-02
8.31735e-01 1.20e-02
8.32344e-01 1.20e-02
8.32953e-01 1.20e-02
8.33561e-01 1.20e-02
8.34213e-01 1.19e-02
8.35428e-01 1.19e-02
8.36035e-01 1.19e-02
8.36641e-01 1.19e-02
8.37291e-01 1.19e-02
8.37897e-01 1.18e-02
8.38502e-01 1.18e-02
8.39107e-01 1.18e-02
8.39712e-01 1.18e-02
8.40316e-01 1.18e-02
8.40964e-01 1.18e-02
8.41567e-01 1.17e-02
8.42170e-01 1.17e-02
8.42773e-01 1.17e-02
8.43376e-01 1.17e-02
8.43978e-01 1.17e-02
8.44580e-01 1.17e-02
8.45181e-01 1.16e-02
8.45782e-01 1.16e-02
8.46383e-01 1.16e-02
8.46984e-01 1.16e-02
8.47584e-01 1.16e-02
8.48226e-01 1.16e-02
8.48825e-01 1.16e-02
8.49424e-01 1.15e-02
8.50322e-01 1.15e-02
8.50621e-01 1.15e-02
8.50920e-01 1.15e-02
8.51219e-01 1.15e-02
8.51816e-01 1.15e-02
8.52413e-01 1.15e-02
8.53010e-01 1.14e-02
8.53606e-01 1.14e-02
8.54160e-01 1.14e-02
8.54756e-01 1.14e-02
8.55351e-01 1.14e-02
8.55946e-01 1.14e-02
8.56541e-01 1.14e-02
8.57135e-01 1.13e-02
8.57729e-01 1.13e-02
8.58323e-01 1.13e-02
8.58916e-01 1.13e-02
8.59509e-01 1.13e-02
8.60101e-01 1.13e-02
8.60693e-01 1.13e-02
8.61243e-01 1.12e-02
8.61835e-01 1.12e-02
8.62426e-01 1.12e-02
8.63017e-01 1.12e-02
8.63607e-01 1.12e-02
8.64197e-01 1.12e-02
8.64745e-01 1.11e-02
8.65334e-01 1.11e-02
8.65923e-01 1.11e-02
8.66512e-01 1.11e-02
8.67100e-01 1.11e-02
8.67689e-01 1.11e-02
8.68234e-01 1.11e-02
8.68822e-01 1.10e-02
8.69409e-01 1.10e-02
8.69995e-01 1.10e-02
8.70540e-01 1.10e-02
8.71126e-01 1.10e-02
8.71419e-01 1.10e-02
8.71712e-01 1.10e-02
8.72004e-01 1.10e-02
8.72297e-01 1.10e-02
8.72548e-01 1.09e-02
8.73133e-01 1.09e-02
8.73717e-01 1.09e-02
8.74301e-01 1.09e-02
8.74844e-01 1.09e-02
8.75427e-01 1.09e-02
8.76010e-01 1.08e-02
8.76551e-01 1.08e-02
8.77134e-01 1.08e-02
8.77716e-01 1.08e-02
8.78257e-01 1.08e-02
8.78838e-01 1.08e-02
8.79419e-01 1.08e-02
8.81119e-01 1.07e-02
8.81658e-01 1.07e-02
8.82237e-01 1.07e-02
8.82775e-01 1.07e-02
8.83354e-01 1.07e-02
8.83933e-01 1.06e-02
8.85048e-01 1.06e-02
8.85584e-01 1.06e-02
8.86161e-01 1.06e-02
8.86738e-01 1.06e-02
8.87274e-01 1.06e-02
8.87850e-01 1.05e-02
8.88385e-01 1.05e-02
8.88961e-01 1.05e-02
8.89495e-01 1.05e-02
8.90070e-01 1.05e-02
8.90604e-01 1.05e-02
8.91178e-01 1.05e-02
8.91711e-01 1.05e-02
8.92285e-01 1.04e-02
8.92817e-01 1.04e-02
8.93677e-01 1.04e-02
8.95312e-01 1.04e-02
8.95598e-01 1.04e-02
8.96129e-01 1.04e-02
8.96700e-01 1.04e-02
8.96945e-01 1.03e-02
8.97516e-01 1.03e-02
8.98045e-01 1.03e-02
8.98615e-01 1.03e-02
8.99145e-01 1.03e-02
8.99673e-01 1.03e-02
9.00243e-01 1.03e-02
9.00771e-01 1.02e-02
9.01340e-01 1.02e-02
9.01867e-01 1.02e-02
9.02395e-01 1.02e-02
9.02962e-01 1.02e-02
9.03489e-01 1.02e-02
9.04056e-01 1.02e-02
9.04582e-01 1.02e-02
9.05108e-01 1.01e-02
9.05675e-01 1.01e-02
9.06200e-01 1.01e-02
9.06725e-01 1.01e-02
9.07290e-01 1.01e-02
9.07815e-01 1.01e-02
9.08339e-01 1.01e-02
9.08904e-01 1.01e-02
9.09427e-01 1.00e-02
9.09951e-01 1.00e-02
9.10474e-01 1.00e-02
9.11037e-01 1.00e-02
9.11560e-01 1.00e-02
9.12082e-01 9.99e-03
9.12644e-01 9.98e-03
9.13166e-01 9.97e-03
9.13687e-01 9.95e-03
9.14209e-01 9.94e-03
9.14770e-01 9.93e-03
9.15290e-01 9.92e-03
9.15811e-01 9.91e-03
9.17410e-01 9.87e-03
9.17929e-01 9.86e-03
9.18448e-01 9.85e-03
9.18967e-01 9.84e-03
9.19486e-01 9.83e-03
9.20044e-01 9.81e-03
9.20562e-01 9.80e-03
9.21079e-01 9.79e-03
9.21597e-01 9.78e-03
9.22114e-01 9.77e-03
9.22631e-01 9.76e-03
9.23187e-01 9.75e-03
9.23703e-01 9.73e-03
9.24219e-01 9.72e-03
9.24735e-01 9.71e-03
9.25250e-01 9.70e-03
9.25766e-01 9.69e-03
9.26281e-01 9.68e-03
9.26835e-01 9.67e-03
9.27349e-01 9.66e-03
9.27864e-01 9.64e-03
9.28377e-01 9.63e-03
9.28891e-01 9.62e-03
9.29404e-01 9.61e-03
9.29917e-01 9.60e-03
9.30430e-01 9.59e-03
9.30943e-01 9.58e-03
9.31455e-01 9.57e-03
9.31967e-01 9.56e-03
9.32479e-01 9.55e-03
9.32991e-01 9.54e-03
9.33541e-01 9.53e-03
9.34052e-01 9.52e-03
9.34563e-01 9.50e-03
9.35073e-01 9.49e-03
9.35583e-01 9.48e-03
9.36093e-01 9.47e-03
9.36603e-01 9.46e-03
9.37112e-01 9.45e-03
9.37622e-01 9.44e-03
9.38639e-01 9.42e-03
9.39148e-01 9.41e-03
9.39656e-01 9.40e-03
9.40163e-01 9.39e-03
9.40671e-01 9.38e-03
9.41139e-01 9.37e-03
9.41647e-01 9.36e-03
9.42153e-01 9.35e-03
9.42660e-01 9.34e-03
9.43166e-01 9.33e-03
9.43672e-01 9.32e-03
9.44178e-01 9.31e-03
9.44684e-01 9.30e-03
9.45189e-01 9.29e-03
9.45694e-01 9.28e-03
9.46199e-01 9.27e-03
9.46704e-01 9.26e-03
9.47712e-01 9.24e-03
9.48177e-01 9.23e-03
9.51696e-01 9.17e-03
9.52160e-01 9.16e-03
9.52661e-01 9.15e-03
9.63212e-01 8.94e-03
9.63709e-01 8.93e-03
9.64204e-01 8.92e-03
9.64662e-01 8.92e-03
9.65157e-01 8.91e-03
9.65652e-01 8.90e-03
9.67098e-01 8.87e-03
9.67592e-01 8.86e-03
9.69490e-01 8.83e-03
9.69983e-01 8.82e-03
9.71423e-01 8.79e-03
9.71915e-01 8.78e-03
9.75239e-01 8.72e-03
9.77160e-01 8.69e-03
9.87271e-01 8.52e-03
9.89355e-01 8.49e-03
9.90990e-01 8.48e-03
9.91435e-01 8.48e-03
9.91658e-01 8.49e-03
9.92140e-01 8.55e-03
9.92844e-01 8.59e-03
9.93289e-01 8.54e-03
9.93511e-01 8.51e-03
9.93733e-01 8.48e-03
9.94214e-01 8.45e-03
9.94658e-01 8.42e-03
9.94917e-01 8.40e-03
9.96063e-01 8.38e-03
9.96506e-01 8.37e-03
9.96986e-01 8.36e-03
9.97428e-01 8.34e-03
9.97871e-01 8.33e-03
9.98350e-01 8.32e-03
9.98792e-01 8.31e-03
1.00291e+00 8.24e-03
1.00335e+00 8.23e-03
1.00379e+00 8.22e-03
1.00426e+00 8.22e-03
1.00470e+00 8.21e-03
1.00945e+00 8.13e-03
1.01236e+00 8.10e-03
1.01280e+00 8.11e-03
1.01324e+00 8.12e-03
1.01371e+00 8.09e-03
1.01414e+00 8.07e-03
1.01458e+00 8.06e-03
1.01657e+00 8.02e-03
1.01924e+00 7.98e-03
1.02054e+00 7.96e-03
1.02144e+00 7.94e-03
1.02428e+00 7.88e-03
1.02471e+00 7.87e-03
1.02518e+00 7.87e-03
1.02887e+00 7.80e-03
1.02973e+00 7.79e-03
1.03019e+00 7.78e-03
1.03062e+00 7.77e-03
1.03730e+00 7.66e-03
1.03794e+00 7.66e-03
1.03900e+00 7.65e-03
1.03922e+00 7.67e-03
1.03964e+00 7.76e-03
1.04006e+00 7.86e-03
1.04049e+00 7.97e-03
1.04070e+00 8.02e-03
1.04112e+00 7.94e-03
1.04134e+00 7.89e-03
1.04176e+00 7.75e-03
1.04197e+00 7.67e-03
1.04218e+00 7.64e-03
1.04261e+00 7.60e-03
1.04282e+00 7.59e-03
1.04324e+00 7.58e-03
1.04412e+00 7.56e-03
1.04454e+00 7.55e-03
1.04644e+00 7.51e-03
1.04834e+00 7.49e-03
1.04897e+00 7.48e-03
1.04918e+00 7.49e-03
1.04960e+00 7.52e-03
1.04981e+00 7.54e-03
1.05023e+00 7.56e-03
1.05065e+00 7.53e-03
1.05107e+00 7.49e-03
1.05149e+00 7.47e-03
1.05190e+00 7.44e-03
1.05211e+00 7.43e-03
1.05400e+00 7.39e-03
1.06043e+00 7.29e-03
1.06226e+00 7.26e-03
1.06247e+00 7.26e-03
1.06288e+00 7.29e-03
1.06309e+00 7.31e-03
1.06330e+00 7.28e-03
1.06350e+00 7.27e-03
1.06371e+00 7.25e-03
1.06433e+00 7.23e-03
1.06636e+00 7.20e-03
1.06657e+00 7.21e-03
1.06698e+00 7.35e-03
1.06719e+00 7.43e-03
1.06740e+00 7.32e-03
1.06760e+00 7.21e-03
1.06781e+00 7.18e-03
1.06843e+00 7.17e-03
1.07268e+00 7.11e-03
1.07449e+00 7.09e-03
1.07490e+00 7.09e-03
1.07510e+00 7.11e-03
1.07531e+00 7.13e-03
1.07551e+00 7.14e-03
1.07592e+00 7.16e-03
1.07609e+00 7.15e-03
1.07650e+00 7.09e-03
1.07671e+00 7.07e-03
1.07712e+00 7.06e-03
1.07773e+00 7.05e-03
1.07831e+00 7.05e-03
1.07872e+00 7.04e-03
1.07912e+00 7.03e-03
1.08052e+00 7.01e-03
1.08092e+00 7.00e-03
1.08133e+00 7.01e-03
1.08153e+00 7.02e-03
1.08170e+00 7.01e-03
1.08211e+00 6.99e-03
1.08231e+00 6.98e-03
1.08610e+00 6.93e-03
1.08769e+00 6.91e-03
1.09102e+00 6.87e-03
1.09162e+00 6.87e-03
1.09182e+00 6.86e-03
1.09574e+00 6.82e-03
1.09828e+00 6.79e-03
1.09945e+00 6.78e-03
1.10061e+00 6.76e-03
1.10098e+00 6.76e-03
1.10390e+00 6.71e-03
1.10754e+00 6.67e-03
1.10794e+00 6.66e-03
1.10810e+00 6.67e-03
1.10830e+00 6.73e-03
1.10869e+00 6.66e-03
1.10926e+00 6.65e-03
1.11097e+00 6.63e-03
1.11117e+00 6.63e-03
1.11136e+00 6.62e-03
1.11458e+00 6.58e-03
1.11593e+00 6.57e-03
1.11612e+00 6.57e-03
1.11629e+00 6.60e-03
1.11688e+00 6.68e-03
1.11724e+00 6.60e-03
1.11743e+00 6.57e-03
1.11763e+00 6.56e-03
1.11799e+00 6.55e-03
1.11858e+00 6.56e-03
1.11874e+00 6.55e-03
1.11894e+00 6.54e-03
1.12103e+00 6.51e-03
1.12363e+00 6.49e-03
1.12383e+00 6.49e-03
1.12402e+00 6.50e-03
1.12422e+00 6.51e-03
1.12438e+00 6.53e-03
1.12457e+00 6.56e-03
1.12477e+00 6.58e-03
1.12512e+00 6.49e-03
1.12532e+00 6.48e-03
1.12587e+00 6.47e-03
1.12756e+00 6.45e-03
1.12794e+00 6.45e-03
1.12811e+00 6.46e-03
1.12849e+00 6.47e-03
1.12885e+00 6.49e-03
1.12904e+00 6.50e-03
1.12943e+00 6.46e-03
1.12959e+00 6.44e-03
1.13018e+00 6.42e-03
1.13256e+00 6.39e-03
1.13385e+00 6.38e-03
1.13443e+00 6.39e-03
1.13459e+00 6.38e-03
1.13478e+00 6.38e-03
1.13498e+00 6.38e-03
1.13552e+00 6.36e-03
1.13902e+00 6.33e-03
1.13937e+00 6.34e-03
1.13956e+00 6.34e-03
1.14011e+00 6.33e-03
1.14174e+00 6.32e-03
1.14212e+00 6.32e-03
1.14247e+00 6.34e-03
1.14266e+00 6.38e-03
1.14285e+00 6.43e-03
1.14320e+00 6.53e-03
1.14339e+00 6.56e-03
1.14355e+00 6.50e-03
1.14394e+00 6.37e-03
1.14413e+00 6.35e-03
1.14429e+00 6.33e-03
1.14448e+00 6.32e-03
1.14467e+00 6.31e-03
1.14483e+00 6.32e-03
1.14502e+00 6.32e-03
1.14521e+00 6.29e-03
1.14575e+00 6.29e-03
1.14718e+00 6.28e-03
1.14883e+00 6.26e-03
1.15026e+00 6.24e-03
1.15064e+00 6.25e-03
1.15098e+00 6.26e-03
1.15152e+00 6.23e-03
1.15313e+00 6.22e-03
1.15332e+00 6.22e-03
1.15351e+00 6.22e-03
1.15528e+00 6.21e-03
1.15547e+00 6.21e-03
1.15565e+00 6.23e-03
1.15581e+00 6.27e-03
1.15600e+00 6.31e-03
1.15619e+00 6.28e-03
1.15638e+00 6.21e-03
1.15654e+00 6.20e-03
1.16240e+00 6.15e-03
1.16399e+00 6.14e-03
1.16717e+00 6.11e-03
1.16736e+00 6.12e-03
1.16752e+00 6.13e-03
1.16770e+00 6.15e-03
1.16789e+00 6.15e-03
1.16805e+00 6.14e-03
1.16842e+00 6.11e-03
1.16857e+00 6.10e-03
1.16876e+00 6.10e-03
1.16910e+00 6.10e-03
1.17208e+00 6.08e-03
1.17261e+00 6.08e-03
1.17279e+00 6.07e-03
1.17332e+00 6.07e-03
1.17366e+00 6.07e-03
1.17381e+00 6.10e-03
1.17400e+00 6.11e-03
1.17418e+00 6.07e-03
1.17452e+00 6.06e-03
1.17486e+00 6.08e-03
1.17523e+00 6.12e-03
1.17539e+00 6.11e-03
1.17557e+00 6.08e-03
1.17573e+00 6.06e-03
1.17625e+00 6.05e-03
1.17678e+00 6.05e-03
1.17696e+00 6.05e-03
1.17715e+00 6.06e-03
1.17730e+00 6.12e-03
1.17749e+00 6.19e-03
1.17764e+00 6.05e-03
1.17782e+00 6.04e-03
1.17816e+00 6.03e-03
1.17973e+00 6.01e-03
1.18216e+00 5.98e-03
1.18231e+00 5.99e-03
1.18729e+00 5.95e-03
1.18815e+00 5.94e-03
1.18918e+00 5.94e-03
1.18952e+00 5.94e-03
1.18985e+00 5.93e-03
1.19022e+00 5.92e-03
1.19037e+00 5.93e-03
1.19055e+00 5.94e-03
1.19071e+00 5.92e-03
1.19259e+00 5.90e-03
1.19429e+00 5.89e-03
1.19532e+00 5.88e-03
1.19782e+00 5.86e-03
1.19834e+00 5.86e-03
1.19867e+00 5.85e-03
1.19903e+00 5.85e-03
1.19918e+00 5.93e-03
1.19936e+00 6.06e-03
1.19951e+00 6.10e-03
1.19969e+00 6.03e-03
1.19987e+00 5.95e-03
1.20003e+00 5.88e-03
1.20021e+00 5.98e-03
1.20036e+00 6.03e-03
1.20054e+00 6.01e-03
1.20069e+00 5.96e-03
1.20087e+00 5.92e-03
1.20105e+00 5.90e-03
1.20120e+00 5.87e-03
1.20138e+00 5.84e-03
1.20171e+00 5.83e-03
1.20255e+00 5.82e-03
1.20456e+00 5.81e-03
1.20471e+00 5.82e-03
1.20507e+00 5.88e-03
1.20522e+00 5.84e-03
1.20540e+00 5.80e-03
1.20591e+00 5.79e-03
1.21239e+00 5.73e-03
1.21767e+00 5.68e-03
1.22177e+00 5.64e-03
1.22192e+00 5.65e-03
1.22210e+00 5.74e-03
1.22227e+00 5.67e-03
1.22242e+00 5.64e-03
1.22292e+00 5.63e-03
1.22504e+00 5.61e-03
1.22519e+00 5.62e-03
1.22536e+00 5.68e-03
1.22554e+00 5.70e-03
1.22569e+00 5.63e-03
1.22586e+00 5.62e-03
1.22633e+00 5.61e-03
1.22665e+00 5.61e-03
1.23008e+00 5.58e-03
1.23314e+00 5.55e-03
1.23524e+00 5.55e-03
1.23541e+00 5.72e-03
1.23556e+00 6.44e-03
1.23573e+00 7.17e-03
1.23588e+00 5.80e-03
1.23605e+00 5.59e-03
1.23620e+00 5.64e-03
1.23637e+00 5.63e-03
1.23652e+00 5.58e-03
1.23669e+00 5.55e-03
1.23684e+00 5.54e-03
1.23797e+00 5.53e-03
1.24055e+00 5.52e-03
1.24294e+00 5.49e-03
1.24565e+00 5.48e-03
1.25245e+00 5.45e-03
1.25276e+00 5.46e-03
1.25293e+00 5.46e-03
1.25325e+00 5.45e-03
1.25433e+00 5.45e-03
1.25684e+00 5.43e-03
1.25795e+00 5.43e-03
1.25889e+00 5.43e-03
1.25906e+00 5.44e-03
1.25920e+00 5.49e-03
1.25937e+00 5.44e-03
1.25951e+00 5.43e-03
1.25968e+00 5.45e-03
1.25982e+00 5.56e-03
1.25999e+00 5.57e-03
1.26014e+00 5.43e-03
1.26031e+00 5.42e-03
1.26107e+00 5.42e-03
1.26607e+00 5.39e-03
1.26621e+00 5.40e-03
1.26807e+00 5.40e-03
1.26824e+00 5.41e-03
1.27086e+00 5.40e-03
1.27349e+00 5.40e-03
1.27380e+00 5.40e-03
1.27411e+00 5.39e-03
1.27441e+00 5.38e-03
1.27486e+00 5.37e-03
1.27564e+00 5.37e-03
1.27595e+00 5.37e-03
1.27609e+00 5.38e-03
1.27626e+00 5.39e-03
1.27640e+00 5.38e-03
1.27779e+00 5.39e-03
1.27793e+00 5.39e-03
1.27902e+00 5.37e-03
1.28526e+00 5.34e-03
1.29146e+00 5.33e-03
1.29283e+00 5.32e-03
1.29297e+00 5.37e-03
1.29599e+00 5.36e-03
1.29673e+00 5.36e-03
1.29703e+00 5.36e-03
1.29719e+00 5.37e-03
1.29839e+00 5.36e-03
1.29869e+00 5.35e-03
1.29899e+00 5.34e-03
1.29929e+00 5.33e-03
1.29943e+00 5.32e-03
1.29973e+00 5.33e-03
1.30003e+00 5.34e-03
1.30033e+00 5.34e-03
1.30079e+00 5.35e-03
1.30584e+00 5.34e-03
1.30839e+00 5.34e-03
1.31222e+00 5.35e-03
1.31590e+00 5.37e-03
1.31989e+00 5.37e-03
1.32354e+00 5.37e-03
1.32660e+00 5.37e-03
1.32689e+00 5.39e-03
1.32705e+00 5.39e-03
1.32734e+00 5.38e-03
1.32747e+00 5.38e-03
1.32790e+00 5.39e-03
1.32835e+00 5.38e-03
1.33213e+00 5.38e-03
1.33226e+00 5.43e-03
1.33284e+00 5.43e-03
1.33313e+00 5.44e-03
1.33342e+00 5.46e-03
1.33358e+00 5.46e-03
1.33371e+00 5.46e-03
1.33400e+00 5.44e-03
1.33445e+00 5.43e-03
1.33587e+00 5.44e-03
1.33632e+00 5.44e-03
1.33645e+00 5.45e-03
1.33747e+00 5.44e-03
1.33863e+00 5.45e-03
1.33891e+00 5.46e-03
1.33920e+00 5.47e-03
1.33949e+00 5.47e-03
1.33978e+00 5.47e-03
1.33991e+00 5.47e-03
1.34049e+00 5.47e-03
1.34221e+00 5.48e-03
1.34766e+00 5.52e-03
1.34966e+00 5.53e-03
1.35406e+00 5.57e-03
1.35434e+00 5.58e-03
1.35478e+00 5.59e-03
1.35535e+00 5.58e-03
1.35547e+00 5.59e-03
1.35576e+00 5.63e-03
1.35604e+00 5.67e-03
1.35620e+00 5.65e-03
1.35648e+00 5.59e-03
1.35661e+00 5.57e-03
1.35733e+00 5.58e-03
1.35859e+00 5.58e-03
1.35874e+00 5.66e-03
1.35887e+00 5.78e-03
1.35903e+00 5.78e-03
1.35915e+00 5.59e-03
1.36016e+00 5.59e-03
1.36369e+00 5.62e-03
1.36382e+00 5.64e-03
1.36579e+00 5.66e-03
1.36607e+00 5.66e-03
1.36663e+00 5.67e-03
1.36678e+00 5.68e-03
1.36691e+00 5.69e-03
1.36706e+00 5.68e-03
1.36803e+00 5.67e-03
1.36915e+00 5.68e-03
1.37042e+00 5.69e-03
1.37265e+00 5.70e-03
1.37420e+00 5.71e-03
1.37867e+00 5.74e-03
1.37894e+00 5.73e-03
1.37935e+00 5.73e-03
1.37962e+00 5.74e-03
1.37977e+00 5.75e-03
1.37990e+00 5.74e-03
1.38103e+00 5.75e-03
1.38517e+00 5.79e-03
1.38532e+00 5.80e-03
1.38544e+00 5.82e-03
1.38559e+00 5.81e-03
1.38614e+00 5.81e-03
1.38794e+00 5.83e-03
1.38809e+00 5.83e-03
1.38822e+00 5.95e-03
1.38892e+00 5.96e-03
1.38931e+00 5.96e-03
1.38959e+00 5.96e-03
1.39429e+00 6.01e-03
1.39456e+00 6.02e-03
1.39483e+00 6.03e-03
1.39511e+00 6.04e-03
1.39538e+00 6.05e-03
1.39565e+00 6.05e-03
1.39770e+00 6.08e-03
1.39936e+00 6.10e-03
1.39948e+00 6.11e-03
1.39975e+00 6.11e-03
1.40059e+00 6.12e-03
1.40086e+00 6.13e-03
1.40113e+00 6.13e-03
1.40140e+00 6.14e-03
1.40155e+00 6.15e-03
1.40168e+00 6.19e-03
1.40195e+00 6.68e-03
1.40209e+00 6.92e-03
1.40222e+00 6.69e-03
1.40236e+00 6.32e-03
1.40251e+00 6.14e-03
1.40278e+00 6.15e-03
1.40536e+00 6.20e-03
1.40808e+00 6.25e-03
1.41135e+00 6.31e-03
1.41216e+00 6.33e-03
1.41298e+00 6.34e-03
1.41325e+00 6.35e-03
1.41340e+00 6.36e-03
1.41367e+00 6.38e-03
1.41406e+00 6.36e-03
1.41757e+00 6.44e-03
1.41784e+00 6.45e-03
1.41825e+00 6.46e-03
1.41852e+00 6.46e-03
1.41908e+00 6.47e-03
1.42205e+00 6.54e-03
1.42258e+00 6.55e-03
1.42299e+00 6.56e-03
1.42325e+00 6.56e-03
1.42337e+00 6.57e-03
1.42352e+00 6.65e-03
1.42366e+00 6.74e-03
1.42378e+00 6.73e-03
1.42405e+00 6.63e-03
1.42419e+00 6.59e-03
1.42434e+00 6.58e-03
1.42446e+00 6.56e-03
1.42472e+00 6.59e-03
1.42580e+00 6.62e-03
1.42607e+00 6.63e-03
1.42621e+00 6.65e-03
1.42674e+00 6.64e-03
1.42756e+00 6.66e-03
1.42808e+00 6.67e-03
1.42835e+00 6.72e-03
1.42876e+00 6.76e-03
1.42902e+00 6.73e-03
1.42931e+00 6.70e-03
1.42983e+00 6.71e-03
1.43010e+00 6.72e-03
1.43038e+00 6.73e-03
1.43065e+00 6.74e-03
1.43077e+00 6.74e-03
1.43091e+00 6.75e-03
1.43132e+00 6.76e-03
1.43144e+00 6.81e-03
1.43158e+00 6.93e-03
1.43172e+00 7.01e-03
1.43198e+00 6.77e-03
1.43210e+00 6.76e-03
1.43239e+00 6.77e-03
1.43265e+00 6.78e-03
1.43613e+00 6.87e-03
1.43639e+00 6.88e-03
1.43665e+00 6.88e-03
1.43692e+00 6.89e-03
1.43720e+00 6.90e-03
1.43746e+00 6.90e-03
1.43772e+00 6.91e-03
1.43827e+00 6.93e-03
1.43853e+00 6.93e-03
1.43879e+00 6.94e-03
1.43905e+00 6.95e-03
1.43934e+00 6.96e-03
1.43960e+00 6.96e-03
1.43986e+00 6.97e-03
1.44012e+00 6.98e-03
1.44040e+00 6.99e-03
1.44066e+00 6.99e-03
1.44092e+00 7.00e-03
1.44118e+00 7.01e-03
1.44147e+00 7.02e-03
1.44173e+00 7.03e-03
1.44199e+00 7.04e-03
1.44225e+00 7.06e-03
1.44253e+00 7.08e-03
1.44279e+00 7.10e-03
1.44293e+00 7.10e-03
1.44319e+00 7.08e-03
1.44360e+00 7.07e-03
1.44386e+00 7.08e-03
1.44412e+00 7.09e-03
1.44466e+00 7.11e-03
1.44492e+00 7.11e-03
1.44506e+00 7.12e-03
1.44518e+00 7.13e-03
1.44532e+00 7.14e-03
1.44546e+00 7.13e-03
1.44586e+00 7.14e-03
1.44598e+00 7.15e-03
1.44626e+00 7.16e-03
1.44652e+00 7.16e-03
1.44678e+00 7.17e-03
1.44704e+00 7.18e-03
1.44732e+00 7.19e-03
1.44758e+00 7.20e-03
1.44784e+00 7.21e-03
1.44809e+00 7.22e-03
1.44838e+00 7.23e-03
1.44864e+00 7.24e-03
1.44889e+00 7.24e-03
1.44918e+00 7.25e-03
1.44943e+00 7.26e-03
1.44969e+00 7.27e-03
1.44997e+00 7.28e-03
1.45023e+00 7.29e-03
1.45049e+00 7.31e-03
1.45063e+00 7.32e-03
1.45075e+00 7.32e-03
1.45089e+00 7.32e-03
1.45103e+00 7.32e-03
1.45115e+00 7.32e-03
1.45143e+00 7.33e-03
1.45168e+00 7.34e-03
1.45194e+00 7.35e-03
1.45222e+00 7.36e-03
1.45248e+00 7.37e-03
1.45262e+00 8.04e-03
1.45274e+00 8.80e-03
1.45288e+00 8.07e-03
1.45302e+00 7.38e-03
1.45328e+00 7.39e-03
1.45353e+00 7.40e-03
1.45381e+00 7.41e-03
1.45407e+00 7.42e-03
1.45433e+00 7.43e-03
1.45458e+00 7.44e-03
1.45486e+00 7.45e-03
1.45512e+00 7.46e-03
1.45538e+00 7.47e-03
1.45566e+00 7.48e-03
1.45591e+00 7.49e-03
1.45617e+00 7.50e-03
1.45645e+00 7.51e-03
1.45671e+00 7.53e-03
1.45696e+00 7.54e-03
1.45724e+00 7.55e-03
1.45750e+00 7.56e-03
1.45775e+00 7.57e-03
1.45803e+00 7.58e-03
1.45829e+00 7.59e-03
1.45855e+00 7.60e-03
1.45882e+00 7.61e-03
1.45908e+00 7.62e-03
1.45936e+00 7.63e-03
1.45961e+00 7.64e-03
1.45987e+00 7.66e-03
1.46015e+00 7.67e-03
1.46040e+00 7.68e-03
1.46054e+00 7.69e-03
1.46066e+00 7.69e-03
1.46094e+00 7.70e-03
1.46105e+00 7.71e-03
1.46119e+00 7.73e-03
1.46133e+00 7.78e-03
1.46145e+00 7.81e-03
1.46173e+00 7.73e-03
1.46198e+00 7.74e-03
1.46224e+00 7.76e-03
1.46251e+00 7.77e-03
1.46277e+00 7.78e-03
1.46305e+00 7.79e-03
1.46330e+00 7.80e-03
1.46356e+00 7.81e-03
1.46383e+00 7.82e-03
1.46409e+00 7.84e-03
1.46448e+00 7.86e-03
1.46474e+00 7.87e-03
1.46501e+00 7.88e-03
1.46527e+00 7.90e-03
1.46554e+00 7.91e-03
1.46580e+00 7.92e-03
1.46605e+00 7.94e-03
1.46633e+00 7.95e-03
1.46658e+00 7.96e-03
1.46698e+00 7.97e-03
1.46725e+00 7.99e-03
1.46751e+00 8.00e-03
1.46776e+00 8.01e-03
1.46804e+00 8.02e-03
1.46829e+00 8.03e-03
1.46857e+00 8.04e-03
1.46882e+00 8.06e-03
1.46907e+00 8.07e-03
1.46935e+00 8.08e-03
1.46960e+00 8.09e-03
1.46988e+00 8.10e-03
1.47013e+00 8.11e-03
1.47038e+00 8.13e-03
1.47066e+00 8.14e-03
1.47091e+00 8.15e-03
1.47119e+00 8.16e-03
1.47144e+00 8.17e-03
1.47158e+00 8.18e-03
1.47171e+00 8.24e-03
1.47183e+00 8.20e-03
1.47197e+00 8.19e-03
1.47222e+00 8.21e-03
1.47261e+00 8.23e-03
1.47288e+00 8.24e-03
1.47314e+00 8.25e-03
1.47341e+00 8.26e-03
1.47366e+00 8.27e-03
1.47394e+00 8.28e-03
1.47419e+00 8.30e-03
1.47447e+00 8.31e-03
1.47472e+00 8.32e-03
1.47497e+00 8.33e-03
1.47524e+00 8.35e-03
1.47550e+00 8.36e-03
1.47577e+00 8.37e-03
1.47602e+00 8.38e-03
1.47630e+00 8.39e-03
1.47655e+00 8.41e-03
1.47680e+00 8.42e-03
1.47707e+00 8.43e-03
1.47732e+00 8.44e-03
1.47760e+00 8.46e-03
1.47785e+00 8.47e-03
1.47812e+00 8.48e-03
1.47837e+00 8.50e-03
1.47865e+00 8.51e-03
1.47890e+00 8.52e-03
1.47917e+00 8.54e-03
1.47942e+00 8.55e-03
1.47969e+00 8.56e-03
1.47994e+00 8.58e-03
1.48019e+00 8.59e-03
1.48047e+00 8.60e-03
1.48072e+00 8.62e-03
1.48099e+00 8.63e-03
1.48113e+00 8.64e-03
1.48124e+00 8.66e-03
1.48138e+00 8.67e-03
1.48165e+00 8.67e-03
1.48190e+00 8.68e-03
1.48217e+00 8.69e-03
1.48256e+00 8.71e-03
1.48281e+00 8.73e-03
1.48308e+00 8.74e-03
1.48333e+00 8.76e-03
1.48360e+00 8.77e-03
1.48385e+00 8.79e-03
1.48412e+00 8.80e-03
1.48437e+00 8.82e-03
1.48465e+00 8.83e-03
1.48489e+00 8.85e-03
1.48517e+00 8.86e-03
1.48542e+00 8.89e-03
1.48569e+00 8.92e-03
1.48582e+00 8.93e-03
1.48594e+00 8.93e-03
1.48621e+00 8.91e-03
1.48646e+00 8.93e-03
1.48673e+00 8.95e-03
1.48698e+00 8.97e-03
1.48725e+00 8.98e-03
1.48750e+00 9.00e-03
1.48777e+00 9.02e-03
1.48802e+00 9.03e-03
1.48829e+00 9.05e-03
1.48854e+00 9.06e-03
1.48881e+00 9.08e-03
1.48908e+00 9.10e-03
1.48919e+00 9.11e-03
1.48932e+00 9.14e-03
1.48960e+00 9.13e-03
1.48984e+00 9.15e-03
1.49011e+00 9.16e-03
1.49036e+00 9.18e-03
1.49063e+00 9.20e-03
1.49088e+00 9.22e-03
1.49115e+00 9.23e-03
1.49140e+00 9.25e-03
1.49167e+00 9.27e-03
1.49191e+00 9.28e-03
1.49218e+00 9.30e-03
1.49245e+00 9.32e-03
1.49270e+00 9.34e-03
1.49297e+00 9.35e-03
1.49322e+00 9.37e-03
1.49349e+00 9.39e-03
1.49374e+00 9.40e-03
1.49400e+00 9.42e-03
1.49425e+00 9.44e-03
1.49452e+00 9.46e-03
1.49479e+00 9.47e-03
1.49504e+00 9.49e-03
1.49531e+00 9.51e-03
1.49555e+00 9.53e-03
1.49582e+00 9.54e-03
1.49607e+00 9.56e-03
1.49634e+00 9.58e-03
1.49661e+00 9.60e-03
1.49685e+00 9.61e-03
1.49712e+00 9.63e-03
1.49737e+00 9.65e-03
1.49763e+00 9.66e-03
1.49790e+00 9.68e-03
1.49815e+00 9.70e-03
1.49842e+00 9.72e-03
1.49866e+00 9.73e-03
1.49893e+00 9.75e-03
1.49920e+00 9.77e-03
1.49944e+00 9.79e-03
1.49971e+00 9.80e-03
1.49996e+00 9.82e-03
1.50023e+00 9.84e-03
1.50049e+00 9.86e-03
1.50074e+00 9.87e-03
1.50101e+00 9.89e-03
1.50125e+00 9.91e-03
1.50152e+00 9.93e-03
1.50179e+00 9.94e-03
1.50203e+00 9.96e-03
1.50230e+00 9.98e-03
1.50257e+00 1.00e-02
1.50268e+00 1.00e-02
1.50281e+00 1.00e-02
1.50308e+00 1.00e-02
1.50332e+00 1.01e-02
1.50359e+00 1.01e-02
1.50386e+00 1.01e-02
1.50410e+00 1.01e-02
1.50437e+00 1.01e-02
1.50463e+00 1.01e-02
1.50488e+00 1.02e-02
1.50514e+00 1.02e-02
1.50541e+00 1.02e-02
1.50565e+00 1.02e-02
1.50592e+00 1.03e-02
1.50619e+00 1.03e-02
1.50643e+00 1.03e-02
1.50670e+00 1.03e-02
1.50694e+00 1.03e-02
1.50721e+00 1.04e-02
1.50747e+00 1.04e-02
1.50772e+00 1.04e-02
1.50798e+00 1.04e-02
1.50825e+00 1.04e-02
1.50849e+00 1.05e-02
1.50876e+00 1.05e-02
1.50902e+00 1.05e-02
1.50929e+00 1.05e-02
1.50953e+00 1.05e-02
1.50979e+00 1.06e-02
1.51006e+00 1.06e-02
1.51030e+00 1.06e-02
1.51057e+00 1.06e-02
1.51083e+00 1.07e-02
1.51108e+00 1.07e-02
1.51134e+00 1.07e-02
1.51160e+00 1.07e-02
1.51185e+00 1.08e-02
1.51211e+00 1.08e-02
1.51238e+00 1.08e-02
1.51264e+00 1.08e-02
1.51288e+00 1.09e-02
1.51315e+00 1.09e-02
1.51341e+00 1.09e-02
1.51365e+00 1.09e-02
1.51392e+00 1.09e-02
1.51418e+00 1.10e-02
1.51442e+00 1.10e-02
1.51469e+00 1.10e-02
1.51495e+00 1.10e-02
1.51522e+00 1.11e-02
1.51546e+00 1.11e-02
1.51572e+00 1.11e-02
1.51598e+00 1.11e-02
1.51625e+00 1.11e-02
1.51649e+00 1.12e-02
1.51675e+00 1.12e-02
1.51702e+00 1.12e-02
1.51728e+00 1.12e-02
1.51752e+00 1.13e-02
1.51778e+00 1.13e-02
1.51805e+00 1.13e-02
1.51831e+00 1.13e-02
1.51855e+00 1.13e-02
1.51881e+00 1.14e-02
1.51908e+00 1.14e-02
1.51934e+00 1.14e-02
1.51958e+00 1.14e-02
1.51984e+00 1.15e-02
1.52010e+00 1.15e-02
1.52037e+00 1.15e-02
1.52061e+00 1.15e-02
1.52087e+00 1.16e-02
1.52113e+00 1.16e-02
1.52139e+00 1.16e-02
1.52163e+00 1.16e-02
1.52190e+00 1.17e-02
1.52216e+00 1.17e-02
1.52242e+00 1.17e-02
1.52268e+00 1.18e-02
1.52292e+00 1.18e-02
1.52318e+00 1.18e-02
1.52344e+00 1.18e-02
1.52371e+00 1.19e-02
1.52397e+00 1.19e-02
1.52421e+00 1.19e-02
1.52447e+00 1.19e-02
1.52473e+00 1.20e-02
1.52499e+00 1.20e-02
1.52525e+00 1.20e-02
1.52549e+00 1.21e-02
1.52575e+00 1.21e-02
1.52601e+00 1.21e-02
1.52627e+00 1.21e-02
1.52653e+00 1.22e-02
1.52666e+00 1.22e-02
1.52680e+00 1.22e-02
1.52690e+00 1.22e-02
1.52716e+00 1.22e-02
1.52742e+00 1.23e-02
1.52769e+00 1.23e-02
1.52782e+00 1.25e-02
1.52808e+00 1.25e-02
1.52831e+00 1.25e-02
1.52857e+00 1.25e-02
1.52884e+00 1.26e-02
1.52910e+00 1.26e-02
1.52936e+00 1.26e-02
1.52962e+00 1.27e-02
1.52988e+00 1.27e-02
1.53011e+00 1.27e-02
1.53037e+00 1.27e-02
1.53063e+00 1.28e-02
1.53089e+00 1.28e-02
1.53102e+00 1.28e-02
1.53115e+00 1.28e-02
1.53141e+00 1.28e-02
1.53167e+00 1.29e-02
1.53191e+00 1.29e-02
1.53217e+00 1.29e-02
1.53243e+00 1.30e-02
1.53269e+00 1.30e-02
1.53295e+00 1.30e-02
1.53320e+00 1.30e-02
1.53346e+00 1.31e-02
1.53372e+00 1.31e-02
1.53396e+00 1.31e-02
1.53422e+00 1.32e-02
1.53448e+00 1.32e-02
1.53474e+00 1.32e-02
1.53499e+00 1.33e-02
1.53525e+00 1.33e-02
1.53551e+00 1.33e-02
1.53577e+00 1.34e-02
1.53603e+00 1.34e-02
1.53629e+00 1.34e-02
1.53652e+00 1.35e-02
1.53678e+00 1.35e-02
1.53704e+00 1.35e-02
1.53730e+00 1.36e-02
1.53756e+00 1.36e-02
1.53781e+00 1.36e-02
1.53807e+00 1.37e-02
1.53833e+00 1.37e-02
1.53859e+00 1.37e-02
1.53884e+00 1.38e-02
1.53910e+00 1.38e-02
1.53936e+00 1.38e-02
1.53962e+00 1.39e-02
1.53987e+00 1.39e-02
1.54013e+00 1.39e-02
1.54037e+00 1.40e-02
1.54062e+00 1.40e-02
1.54088e+00 1.41e-02
1.54114e+00 1.41e-02
1.54139e+00 1.41e-02
1.54152e+00 1.42e-02
1.54178e+00 1.42e-02
1.54204e+00 1.43e-02
1.54229e+00 1.44e-02
1.54242e+00 1.44e-02
1.54255e+00 1.44e-02
1.54319e+00 1.44e-02
1.54332e+00 1.44e-02
1.54358e+00 1.44e-02
1.54370e+00 1.45e-02
1.54383e+00 1.45e-02
1.54409e+00 1.45e-02
1.54434e+00 1.46e-02
1.54460e+00 1.46e-02
1.54486e+00 1.46e-02
1.54511e+00 1.47e-02
1.54537e+00 1.47e-02
1.54562e+00 1.48e-02
1.54588e+00 1.48e-02
1.54614e+00 1.48e-02
1.54639e+00 1.49e-02
1.54665e+00 1.49e-02
1.54690e+00 1.50e-02
1.54716e+00 1.50e-02
1.54741e+00 1.51e-02
1.54767e+00 1.51e-02
1.54792e+00 1.51e-02
1.54818e+00 1.52e-02
1.54843e+00 1.52e-02
1.54869e+00 1.53e-02
1.54894e+00 1.53e-02
1.54920e+00 1.54e-02
1.54945e+00 1.54e-02
1.54971e+00 1.55e-02
1.54996e+00 1.55e-02
1.55022e+00 1.55e-02
1.55047e+00 1.56e-02
1.55073e+00 1.56e-02
1.55098e+00 1.57e-02
1.55126e+00 1.57e-02
1.55151e+00 1.58e-02
1.55177e+00 1.58e-02
1.55202e+00 1.59e-02
1.55227e+00 1.59e-02
1.55253e+00 1.60e-02
1.55278e+00 1.60e-02
1.55304e+00 1.61e-02
1.55329e+00 1.61e-02
1.55354e+00 1.62e-02
1.55380e+00 1.62e-02
1.55405e+00 1.63e-02
1.55431e+00 1.63e-02
1.55456e+00 1.64e-02
1.55483e+00 1.64e-02
1.55509e+00 1.65e-02
1.55534e+00 1.65e-02
1.55559e+00 1.66e-02
1.55585e+00 1.66e-02
1.55610e+00 1.67e-02
1.55635e+00 1.67e-02
1.55661e+00 1.68e-02
1.55686e+00 1.68e-02
1.55713e+00 1.69e-02
1.55739e+00 1.69e-02
1.55764e+00 1.70e-02
1.55789e+00 1.70e-02
1.55814e+00 1.71e-02
1.55840e+00 1.71e-02
1.55865e+00 1.72e-02
1.55890e+00 1.73e-02
1.55918e+00 1.73e-02
1.55943e+00 1.74e-02
1.55968e+00 1.74e-02
1.55993e+00 1.75e-02
1.56018e+00 1.75e-02
1.56044e+00 1.76e-02
1.56069e+00 1.77e-02
1.56096e+00 1.77e-02
1.56121e+00 1.78e-02
1.56147e+00 1.78e-02
1.56172e+00 1.79e-02
1.56197e+00 1.79e-02
1.56222e+00 1.80e-02
1.56249e+00 1.81e-02
1.56274e+00 1.81e-02
1.56300e+00 1.82e-02
1.56325e+00 1.83e-02
1.56350e+00 1.83e-02
1.56375e+00 1.84e-02
1.56402e+00 1.84e-02
1.56427e+00 1.85e-02
1.56452e+00 1.86e-02
1.56478e+00 1.86e-02
1.56503e+00 1.87e-02
1.56530e+00 1.88e-02
1.56555e+00 1.88e-02
1.56580e+00 1.89e-02
1.56605e+00 1.90e-02
1.56630e+00 1.90e-02
1.56657e+00 1.91e-02
1.56682e+00 1.92e-02
1.56707e+00 1.92e-02
1.56732e+00 1.93e-02
1.56759e+00 1.94e-02
1.56784e+00 1.95e-02
1.56809e+00 1.95e-02
1.56835e+00 1.96e-02
1.56862e+00 1.97e-02
1.56887e+00 1.97e-02
1.56912e+00 1.98e-02
1.56937e+00 1.99e-02
1.56964e+00 2.00e-02
1.56989e+00 2.00e-02
1.57014e+00 2.01e-02
1.57039e+00 2.02e-02
1.57066e+00 2.03e-02
1.57090e+00 2.03e-02
1.57115e+00 2.04e-02
1.57140e+00 2.05e-02
1.57167e+00 2.06e-02
1.57192e+00 2.07e-02
1.57217e+00 2.07e-02
1.57244e+00 2.08e-02
1.57269e+00 2.09e-02
1.57294e+00 2.10e-02
1.57319e+00 2.11e-02
1.57346e+00 2.11e-02
1.57371e+00 2.12e-02
1.57396e+00 2.13e-02
1.57423e+00 2.14e-02
1.57447e+00 2.15e-02
1.57472e+00 2.16e-02
1.57499e+00 2.17e-02
1.57524e+00 2.18e-02
1.57549e+00 2.18e-02
1.57574e+00 2.19e-02
1.57601e+00 2.20e-02
1.57625e+00 2.21e-02
1.57650e+00 2.22e-02
1.57677e+00 2.23e-02
1.57702e+00 2.24e-02
1.57727e+00 2.25e-02
1.57753e+00 2.26e-02
1.57778e+00 2.27e-02
1.57805e+00 2.28e-02
1.57830e+00 2.29e-02
1.57855e+00 2.30e-02
1.57881e+00 2.31e-02
1.57906e+00 2.32e-02
1.57931e+00 2.33e-02
1.57958e+00 2.34e-02
1.57982e+00 2.35e-02
1.58007e+00 2.36e-02
1.58034e+00 2.37e-02
1.58059e+00 2.38e-02
1.58085e+00 2.39e-02
1.58110e+00 2.40e-02
1.58135e+00 2.41e-02
1.58161e+00 2.42e-02
1.58186e+00 2.43e-02
1.58213e+00 2.44e-02
1.58237e+00 2.46e-02
1.58262e+00 2.47e-02
1.58289e+00 2.48e-02
1.58314e+00 2.49e-02
1.58340e+00 2.50e-02
1.58365e+00 2.51e-02
1.58389e+00 2.52e-02
1.58416e+00 2.54e-02
1.58441e+00 2.55e-02
1.58467e+00 2.56e-02
1.58492e+00 2.57e-02
1.58519e+00 2.59e-02
1.58543e+00 2.60e-02
1.58568e+00 2.61e-02
1.58594e+00 2.62e-02
1.58619e+00 2.64e-02
1.58646e+00 2.65e-02
1.58670e+00 2.66e-02
1.58697e+00 2.68e-02
1.58721e+00 2.69e-02
1.58748e+00 2.70e-02
1.58772e+00 2.72e-02
1.58799e+00 2.73e-02
1.58823e+00 2.74e-02
1.58848e+00 2.76e-02
1.58875e+00 2.77e-02
1.58899e+00 2.79e-02
1.58926e+00 2.80e-02
1.58950e+00 2.82e-02
1.58977e+00 2.83e-02
1.59001e+00 2.85e-02
1.59028e+00 2.86e-02
1.59052e+00 2.88e-02
1.59079e+00 2.89e-02
1.59103e+00 2.91e-02
1.59129e+00 2.92e-02
1.59154e+00 2.94e-02
1.59180e+00 2.96e-02
1.59207e+00 2.97e-02
1.59231e+00 2.99e-02
1.59258e+00 3.01e-02
1.59282e+00 3.02e-02
1.59308e+00 3.04e-02
1.59333e+00 3.06e-02
1.59359e+00 3.08e-02
1.59384e+00 3.09e-02
1.59410e+00 3.11e-02
1.59434e+00 3.13e-02
1.59461e+00 3.15e-02
1.59485e+00 3.17e-02
1.59512e+00 3.19e-02
1.59538e+00 3.20e-02
1.59562e+00 3.22e-02
1.59589e+00 3.24e-02
1.59613e+00 3.26e-02
1.59639e+00 3.28e-02
1.59664e+00 3.30e-02
1.59690e+00 3.32e-02
1.59716e+00 3.34e-02
1.59741e+00 3.36e-02
1.59767e+00 3.39e-02
1.59791e+00 3.41e-02
1.59817e+00 3.43e-02
1.59844e+00 3.45e-02
1.59868e+00 3.47e-02
1.59894e+00 3.50e-02
1.59919e+00 3.52e-02
1.59945e+00 3.54e-02
1.59971e+00 3.57e-02
1.59995e+00 3.59e-02
1.60022e+00 3.61e-02
1.60048e+00 3.64e-02
1.60072e+00 3.66e-02
1.60098e+00 3.69e-02
1.60124e+00 3.71e-02
1.60149e+00 3.74e-02
1.60175e+00 3.76e-02
1.60199e+00 3.79e-02
1.60225e+00 3.82e-02
1.60251e+00 3.84e-02
1.60276e+00 3.87e-02
1.60302e+00 3.90e-02
1.60328e+00 3.93e-02
1.60352e+00 3.96e-02
1.60378e+00 3.98e-02
1.60404e+00 4.01e-02
1.60428e+00 4.04e-02
1.60455e+00 4.07e-02
1.60481e+00 4.11e-02
1.60507e+00 4.14e-02
1.60531e+00 4.17e-02
1.60557e+00 4.20e-02
1.60583e+00 4.24e-02
1.60607e+00 4.27e-02
1.60621e+00 4.28e-02
1.60645e+00 4.31e-02
1.60671e+00 4.35e-02
1.60697e+00 4.38e-02
1.60724e+00 4.42e-02
1.60748e+00 4.45e-02
1.60774e+00 4.49e-02
1.60800e+00 4.53e-02
1.60826e+00 4.57e-02
1.60850e+00 4.60e-02
1.60876e+00 4.64e-02
1.60902e+00 4.68e-02
1.60928e+00 4.72e-02
1.60952e+00 4.76e-02
1.60978e+00 4.80e-02
1.61004e+00 4.84e-02
1.61030e+00 4.89e-02
1.61054e+00 4.93e-02
1.61080e+00 4.97e-02
1.61106e+00 5.02e-02
1.61132e+00 5.06e-02
1.61156e+00 5.11e-02
1.61182e+00 5.16e-02
1.61207e+00 5.20e-02
1.61233e+00 5.25e-02
1.61259e+00 5.30e-02
1.61283e+00 5.35e-02
1.61309e+00 5.40e-02
1.61335e+00 5.46e-02
1.61361e+00 5.51e-02
1.61387e+00 5.56e-02
1.61413e+00 5.62e-02
1.61437e+00 5.67e-02
1.61462e+00 5.73e-02
1.61488e+00 5.79e-02
1.61514e+00 5.85e-02
1.61540e+00 5.91e-02
1.61566e+00 5.97e-02
1.61590e+00 6.03e-02
1.61616e+00 6.09e-02
1.61641e+00 6.16e-02
1.61667e+00 6.22e-02
1.61693e+00 6.29e-02
1.61719e+00 6.36e-02
1.61745e+00 6.43e-02
1.61768e+00 6.50e-02
1.61794e+00 6.57e-02
1.61820e+00 6.65e-02
1.61846e+00 6.72e-02
1.61871e+00 6.80e-02
1.61897e+00 6.88e-02
1.61923e+00 6.96e-02
1.61949e+00 7.04e-02
1.61974e+00 7.12e-02
1.61998e+00 7.21e-02
1.62024e+00 7.29e-02
1.62050e+00 7.38e-02
1.62075e+00 7.47e-02
1.62101e+00 7.57e-02
1.62127e+00 7.66e-02
1.62152e+00 7.76e-02
1.62178e+00 7.86e-02
1.62204e+00 7.96e-02
1.62229e+00 8.06e-02
1.62255e+00 8.17e-02
1.62281e+00 8.27e-02
1.62306e+00 8.38e-02
1.62332e+00 8.50e-02
1.62358e+00 8.61e-02
1.62383e+00 8.73e-02
1.62409e+00 8.85e-02
1.62433e+00 8.98e-02
1.62458e+00 9.10e-02
1.62484e+00 9.23e-02
1.62509e+00 9.36e-02
1.62535e+00 9.50e-02
1.62561e+00 9.64e-02
1.62586e+00 9.78e-02
1.62612e+00 9.93e-02
1.62637e+00 1.01e-01
1.62663e+00 1.02e-01
1.62688e+00 1.04e-01
1.62714e+00 1.06e-01
1.62740e+00 1.07e-01
1.62765e+00 1.09e-01
1.62793e+00 1.11e-01
1.62818e+00 1.12e-01
1.62844e+00 1.14e-01
1.62869e+00 1.16e-01
1.62895e+00 1.18e-01
1.62920e+00 1.20e-01
1.62946e+00 1.22e-01
1.62971e+00 1.24e-01
1.62997e+00 1.26e-01
1.63022e+00 1.29e-01
1.63048e+00 1.31e-01
1.63073e+00 1.33e-01
1.63098e+00 1.36e-01
1.63124e+00 1.38e-01
1.63149e+00 1.41e-01
1.63175e+00 1.44e-01
1.63202e+00 1.46e-01
1.63228e+00 1.49e-01
1.63253e+00 1.52e-01
1.63278e+00 1.55e-01
1.63304e+00 1.58e-01
1.63329e+00 1.61e-01
1.63354e+00 1.65e-01
1.63380e+00 1.68e-01
1.63405e+00 1.72e-01
1.63433e+00 1.75e-01
1.63458e+00 1.79e-01
1.63483e+00 1.83e-01
1.63509e+00 1.87e-01
1.63534e+00 1.91e-01
1.63559e+00 1.95e-01
1.63585e+00 2.00e-01
1.63612e+00 2.04e-01
1.63637e+00 2.09e-01
1.63662e+00 2.14e-01
1.63688e+00 2.19e-01
1.63713e+00 2.24e-01
1.63738e+00 2.30e-01
1.63766e+00 2.35e-01
1.63791e+00 2.41e-01
1.63816e+00 2.47e-01
1.63841e+00 2.54e-01
1.63867e+00 2.60e-01
1.63894e+00 2.67e-01
1.63919e+00 2.74e-01
1.63944e+00 2.82e-01
1.63970e+00 2.89e-01
1.63995e+00 2.97e-01
1.64022e+00 3.06e-01
1.64047e+00 3.14e-01
1.64072e+00 3.23e-01
1.64098e+00 3.33e-01
1.64125e+00 3.42e-01
1.64150e+00 3.52e-01
1.64175e+00 3.63e-01
1.64200e+00 3.74e-01
1.64227e+00 3.86e-01
1.64252e+00 3.98e-01
1.64278e+00 4.10e-01
1.64303e+00 4.23e-01
1.64330e+00 4.37e-01
1.64355e+00 4.51e-01
1.64380e+00 4.66e-01
1.64405e+00 4.81e-01
1.64432e+00 4.97e-01
1.64457e+00 5.14e-01
1.64482e+00 5.32e-01
1.64509e+00 5.50e-01
1.64535e+00 5.69e-01
1.64560e+00 5.89e-01
1.64587e+00 6.10e-01
1.64612e+00 6.32e-01
1.64637e+00 6.55e-01
1.64664e+00 6.78e-01
1.64689e+00 7.03e-01
1.64714e+00 7.28e-01
1.64741e+00 7.55e-01
1.64766e+00 7.82e-01
1.64791e+00 8.10e-01
1.64818e+00 8.40e-01
1.64843e+00 8.70e-01
1.64868e+00 9.01e-01
1.64895e+00 9.34e-01
1.64920e+00 9.67e-01
1.64947e+00 1.00e+00
1.64972e+00 1.03e+00
1.64997e+00 1.07e+00
1.65023e+00 1.10e+00
1.65048e+00 1.14e+00
1.65075e+00 1.18e+00
1.65100e+00 1.21e+00
1.65125e+00 1.25e+00
1.65152e+00 1.28e+00
1.65177e+00 1.31e+00
1.65204e+00 1.34e+00
1.65229e+00 1.38e+00
1.65254e+00 1.40e+00
1.65280e+00 1.43e+00
1.65305e+00 1.45e+00
1.65319e+00 1.46e+00
1.65332e+00 1.47e+00
1.65345e+00 1.48e+00
1.65357e+00 1.49e+00
1.65370e+00 1.50e+00
1.65384e+00 1.50e+00
1.65395e+00 1.51e+00
1.65409e+00 1.51e+00
1.65422e+00 1.52e+00
1.65435e+00 1.52e+00
1.65447e+00 1.52e+00
1.65460e+00 1.52e+00
1.65474e+00 1.52e+00
1.65487e+00 1.52e+00
1.65498e+00 1.52e+00
1.65512e+00 1.51e+00
1.65525e+00 1.51e+00
1.65539e+00 1.50e+00
1.65550e+00 1.50e+00
1.65563e+00 1.49e+00
1.65577e+00 1.48e+00
1.65590e+00 1.47e+00
1.65602e+00 1.46e+00
1.65628e+00 1.44e+00
1.65653e+00 1.42e+00
1.65680e+00 1.39e+00
1.65705e+00 1.36e+00
1.65731e+00 1.33e+00
1.65756e+00 1.30e+00
1.65783e+00 1.26e+00
1.65808e+00 1.23e+00
1.65834e+00 1.19e+00
1.65859e+00 1.16e+00
1.65886e+00 1.12e+00
1.65912e+00 1.09e+00
1.65937e+00 1.05e+00
1.65964e+00 1.02e+00
1.65988e+00 9.86e-01
1.66015e+00 9.53e-01
1.66040e+00 9.20e-01
1.66066e+00 8.89e-01
1.66093e+00 8.58e-01
1.66118e+00 8.29e-01
1.66144e+00 8.00e-01
1.66169e+00 7.72e-01
1.66195e+00 7.45e-01
1.66222e+00 7.20e-01
1.66247e+00 6.95e-01
1.66273e+00 6.71e-01
1.66298e+00 6.48e-01
1.66324e+00 6.26e-01
1.66351e+00 6.05e-01
1.66376e+00 5.85e-01
1.66402e+00 5.65e-01
1.66429e+00 5.47e-01
1.66453e+00 5.29e-01
1.66480e+00 5.12e-01
1.66506e+00 4.95e-01
1.66531e+00 4.80e-01
1.66557e+00 4.64e-01
1.66584e+00 4.50e-01
1.66608e+00 4.36e-01
1.66635e+00 4.23e-01
1.66661e+00 4.10e-01
1.66686e+00 3.98e-01
1.66712e+00 3.86e-01
1.66739e+00 3.75e-01
1.66763e+00 3.64e-01
1.66790e+00 3.54e-01
1.66816e+00 3.44e-01
1.66842e+00 3.35e-01
1.66867e+00 3.26e-01
1.66893e+00 3.17e-01
1.66920e+00 3.08e-01
1.66944e+00 3.00e-01
1.66970e+00 2.93e-01
1.66997e+00 2.85e-01
1.67023e+00 2.78e-01
1.67050e+00 2.71e-01
1.67074e+00 2.64e-01
1.67100e+00 2.58e-01
1.67127e+00 2.52e-01
1.67153e+00 2.46e-01
1.67177e+00 2.40e-01
1.67204e+00 2.34e-01
1.67230e+00 2.29e-01
1.67256e+00 2.24e-01
1.67283e+00 2.19e-01
1.67307e+00 2.14e-01
1.67333e+00 2.09e-01
1.67360e+00 2.05e-01
1.67386e+00 2.01e-01
1.67412e+00 1.96e-01
1.67438e+00 1.92e-01
1.67463e+00 1.88e-01
1.67489e+00 1.85e-01
1.67515e+00 1.81e-01
1.67541e+00 1.77e-01
1.67567e+00 1.74e-01
1.67594e+00 1.71e-01
1.67620e+00 1.67e-01
1.67644e+00 1.64e-01
1.67670e+00 1.61e-01
1.67697e+00 1.58e-01
1.67723e+00 1.56e-01
1.67749e+00 1.53e-01
1.67775e+00 1.50e-01
1.67801e+00 1.48e-01
1.67827e+00 1.45e-01
1.67853e+00 1.43e-01
1.67880e+00 1.40e-01
1.67906e+00 1.38e-01
1.67930e+00 1.36e-01
1.67956e+00 1.33e-01
1.67982e+00 1.31e-01
1.68008e+00 1.29e-01
1.68034e+00 1.27e-01
1.68060e+00 1.25e-01
1.68087e+00 1.23e-01
1.68113e+00 1.22e-01
1.68139e+00 1.20e-01
1.68165e+00 1.18e-01
1.68191e+00 1.16e-01
1.68217e+00 1.15e-01
1.68243e+00 1.13e-01
1.68269e+00 1.12e-01
1.68295e+00 1.10e-01
1.68321e+00 1.08e-01
1.68347e+00 1.07e-01
1.68373e+00 1.06e-01
1.68399e+00 1.04e-01
1.68425e+00 1.03e-01
1.68451e+00 1.02e-01
1.68477e+00 1.00e-01
1.68503e+00 9.90e-02
1.68529e+00 9.78e-02
1.68555e+00 9.66e-02
1.68582e+00 9.55e-02
1.68608e+00 9.43e-02
1.68634e+00 9.32e-02
1.68660e+00 9.21e-02
1.68686e+00 9.11e-02
1.68712e+00 9.01e-02
1.68738e+00 8.91e-02
1.68764e+00 8.81e-02
1.68790e+00 8.71e-02
1.68816e+00 8.62e-02
1.68843e+00 8.52e-02
1.68869e+00 8.43e-02
1.68895e+00 8.35e-02
1.68921e+00 8.26e-02
1.68947e+00 8.18e-02
1.68973e+00 8.09e-02
1.68999e+00 8.01e-02
1.69026e+00 7.94e-02
1.69052e+00 7.86e-02
1.69078e+00 7.78e-02
1.69104e+00 7.71e-02
1.69129e+00 7.64e-02
1.69155e+00 7.57e-02
1.69183e+00 7.50e-02
1.69209e+00 7.43e-02
1.69234e+00 7.36e-02
1.69260e+00 7.30e-02
1.69286e+00 7.24e-02
1.69314e+00 7.17e-02
1.69339e+00 7.11e-02
1.69365e+00 7.05e-02
1.69391e+00 6.99e-02
1.69418e+00 6.94e-02
1.69444e+00 6.88e-02
1.69470e+00 6.83e-02
1.69495e+00 6.77e-02
1.69523e+00 6.72e-02
1.69549e+00 6.67e-02
1.69574e+00 6.62e-02
1.69600e+00 6.57e-02
1.69628e+00 6.52e-02
1.69653e+00 6.47e-02
1.69679e+00 6.42e-02
1.69706e+00 6.38e-02
1.69732e+00 6.33e-02
1.69758e+00 6.29e-02
1.69785e+00 6.24e-02
1.69811e+00 6.20e-02
1.69836e+00 6.16e-02
1.69864e+00 6.12e-02
1.69889e+00 6.08e-02
1.69915e+00 6.04e-02
1.69942e+00 6.00e-02
1.69968e+00 5.96e-02
1.69994e+00 5.93e-02
1.70021e+00 5.89e-02
1.70047e+00 5.85e-02
1.70074e+00 5.82e-02
1.70100e+00 5.78e-02
1.70125e+00 5.75e-02
1.70152e+00 5.72e-02
1.70178e+00 5.68e-02
1.70205e+00 5.65e-02
1.70231e+00 5.62e-02
1.70256e+00 5.59e-02
1.70284e+00 5.56e-02
1.70309e+00 5.53e-02
1.70337e+00 5.50e-02
1.70362e+00 5.47e-02
1.70389e+00 5.45e-02
1.70415e+00 5.42e-02
1.70442e+00 5.39e-02
1.70468e+00 5.37e-02
1.70495e+00 5.34e-02
1.70520e+00 5.31e-02
1.70548e+00 5.29e-02
1.70573e+00 5.26e-02
1.70600e+00 5.24e-02
1.70626e+00 5.22e-02
1.70653e+00 5.19e-02
1.70678e+00 5.17e-02
1.70705e+00 5.15e-02
1.70731e+00 5.13e-02
1.70758e+00 5.11e-02
1.70783e+00 5.08e-02
1.70811e+00 5.06e-02
1.70836e+00 5.04e-02
1.70863e+00 5.02e-02
1.70890e+00 5.00e-02
1.70916e+00 4.98e-02
1.70943e+00 4.97e-02
1.70968e+00 4.95e-02
1.70995e+00 4.93e-02
1.71022e+00 4.91e-02
1.71048e+00 4.89e-02
1.71075e+00 4.88e-02
1.71100e+00 4.86e-02
1.71127e+00 4.85e-02
1.71154e+00 4.83e-02
1.71180e+00 4.81e-02
1.71207e+00 4.80e-02
1.71234e+00 4.78e-02
1.71259e+00 4.77e-02
1.71286e+00 4.75e-02
1.71313e+00 4.74e-02
1.71338e+00 4.73e-02
1.71365e+00 4.71e-02
1.71392e+00 4.70e-02
1.71418e+00 4.69e-02
1.71445e+00 4.67e-02
1.71472e+00 4.66e-02
1.71497e+00 4.65e-02
1.71524e+00 4.64e-02
1.71551e+00 4.62e-02
1.71578e+00 4.61e-02
1.71603e+00 4.60e-02
1.71630e+00 4.59e-02
1.71657e+00 4.58e-02
1.71684e+00 4.57e-02
1.71709e+00 4.56e-02
1.71736e+00 4.55e-02
1.71763e+00 4.54e-02
1.71790e+00 4.53e-02
1.71817e+00 4.52e-02
1.71842e+00 4.51e-02
1.71869e+00 4.50e-02
1.71896e+00 4.50e-02
1.71922e+00 4.49e-02
1.71949e+00 4.48e-02
1.71974e+00 4.47e-02
1.72001e+00 4.46e-02
1.72028e+00 4.46e-02
1.72055e+00 4.45e-02
1.72082e+00 4.44e-02
1.72109e+00 4.44e-02
1.72135e+00 4.43e-02
1.72161e+00 4.42e-02
1.72187e+00 4.42e-02
1.72214e+00 4.41e-02
1.72241e+00 4.41e-02
1.72268e+00 4.40e-02
1.72295e+00 4.39e-02
1.72321e+00 4.39e-02
1.72348e+00 4.38e-02
1.72375e+00 4.38e-02
1.72574e+00 4.35e-02
1.72628e+00 4.34e-02
1.72829e+00 4.33e-02
1.73029e+00 4.32e-02
1.73215e+00 4.32e-02
1.73376e+00 4.33e-02
1.73510e+00 4.34e-02
1.73618e+00 4.35e-02
1.73699e+00 4.36e-02
1.73753e+00 4.37e-02
1.73780e+00 4.38e-02
1.73806e+00 4.38e-02
1.73834e+00 4.39e-02
1.73860e+00 4.39e-02
1.73887e+00 4.40e-02
1.73915e+00 4.40e-02
1.73941e+00 4.41e-02
1.73968e+00 4.41e-02
1.73996e+00 4.42e-02
1.74022e+00 4.42e-02
1.74048e+00 4.43e-02
1.74076e+00 4.43e-02
1.74103e+00 4.44e-02
1.74131e+00 4.45e-02
1.74157e+00 4.45e-02
1.74183e+00 4.46e-02
1.74211e+00 4.47e-02
1.74238e+00 4.47e-02
1.74266e+00 4.48e-02
1.74292e+00 4.49e-02
1.74318e+00 4.50e-02
1.74346e+00 4.50e-02
1.74372e+00 4.51e-02
1.74400e+00 4.52e-02
1.74427e+00 4.53e-02
1.74455e+00 4.54e-02
1.74481e+00 4.54e-02
1.74509e+00 4.55e-02
1.74535e+00 4.56e-02
1.74563e+00 4.57e-02
1.74589e+00 4.58e-02
1.74617e+00 4.59e-02
1.74643e+00 4.60e-02
1.74671e+00 4.61e-02
1.74697e+00 4.62e-02
1.74725e+00 4.63e-02
1.74751e+00 4.64e-02
1.74779e+00 4.65e-02
1.74807e+00 4.66e-02
1.74833e+00 4.67e-02
1.74861e+00 4.68e-02
1.74887e+00 4.69e-02
1.74915e+00 4.71e-02
1.74943e+00 4.72e-02
1.74969e+00 4.73e-02
1.74996e+00 4.74e-02
1.75023e+00 4.75e-02
1.75050e+00 4.77e-02
1.75078e+00 4.78e-02
1.75104e+00 4.79e-02
1.75132e+00 4.81e-02
1.75160e+00 4.82e-02
1.75186e+00 4.83e-02
1.75213e+00 4.85e-02
1.75241e+00 4.86e-02
1.75267e+00 4.87e-02
1.75295e+00 4.89e-02
1.75323e+00 4.90e-02
1.75350e+00 4.92e-02
1.75376e+00 4.93e-02
1.75404e+00 4.95e-02
1.75432e+00 4.96e-02
1.75459e+00 4.98e-02
1.75485e+00 4.99e-02
1.75513e+00 5.01e-02
1.75541e+00 5.03e-02
1.75568e+00 5.04e-02
1.75596e+00 5.06e-02
1.75622e+00 5.08e-02
1.75649e+00 5.09e-02
1.75677e+00 5.11e-02
1.75705e+00 5.13e-02
1.75732e+00 5.15e-02
1.75758e+00 5.17e-02
1.75786e+00 5.18e-02
1.75813e+00 5.20e-02
1.75841e+00 5.22e-02
1.75869e+00 5.24e-02
1.75896e+00 5.26e-02
1.75924e+00 5.28e-02
1.75951e+00 5.30e-02
1.75979e+00 5.32e-02
1.76005e+00 5.34e-02
1.76032e+00 5.36e-02
1.76060e+00 5.38e-02
1.76087e+00 5.40e-02
1.76115e+00 5.43e-02
1.76142e+00 5.45e-02
1.76170e+00 5.47e-02
1.76197e+00 5.49e-02
1.76224e+00 5.51e-02
1.76252e+00 5.54e-02
1.76279e+00 5.56e-02
1.76307e+00 5.58e-02
1.76334e+00 5.61e-02
1.76362e+00 5.63e-02
1.76389e+00 5.66e-02
1.76417e+00 5.68e-02
1.76444e+00 5.71e-02
1.76471e+00 5.73e-02
1.76499e+00 5.76e-02
1.76526e+00 5.78e-02
1.76555e+00 5.81e-02
1.76583e+00 5.84e-02
1.76610e+00 5.86e-02
1.76637e+00 5.89e-02
1.76665e+00 5.92e-02
1.76692e+00 5.95e-02
1.76719e+00 5.97e-02
1.76747e+00 6.00e-02
1.76774e+00 6.03e-02
1.76803e+00 6.06e-02
1.76830e+00 6.09e-02
1.76858e+00 6.12e-02
1.76885e+00 6.15e-02
1.76912e+00 6.18e-02
1.76941e+00 6.21e-02
1.76968e+00 6.25e-02
1.76996e+00 6.28e-02
1.77023e+00 6.31e-02
1.77050e+00 6.34e-02
1.77079e+00 6.38e-02
1.77106e+00 6.41e-02
1.77134e+00 6.44e-02
1.77161e+00 6.48e-02
1.77190e+00 6.51e-02
1.77217e+00 6.55e-02
1.77244e+00 6.58e-02
1.77273e+00 6.62e-02
1.77300e+00 6.66e-02
1.77327e+00 6.69e-02
1.77356e+00 6.73e-02
1.77383e+00 6.77e-02
1.77410e+00 6.81e-02
1.77439e+00 6.84e-02
1.77466e+00 6.88e-02
1.77494e+00 6.92e-02
1.77522e+00 6.96e-02
1.77549e+00 7.00e-02
1.77578e+00 7.04e-02
1.77605e+00 7.09e-02
1.77632e+00 7.13e-02
1.77661e+00 7.17e-02
1.77688e+00 7.21e-02
1.77717e+00 7.26e-02
1.77744e+00 7.30e-02
1.77773e+00 7.34e-02
1.77800e+00 7.39e-02
1.77829e+00 7.44e-02
1.77856e+00 7.48e-02
1.77884e+00 7.53e-02
1.77911e+00 7.58e-02
1.77940e+00 7.62e-02
1.77967e+00 7.67e-02
1.77996e+00 7.72e-02
1.78023e+00 7.77e-02
1.78051e+00 7.82e-02
1.78078e+00 7.87e-02
1.78107e+00 7.92e-02
1.78136e+00 7.97e-02
1.78162e+00 8.03e-02
1.78191e+00 8.08e-02
1.78218e+00 8.13e-02
1.78247e+00 8.19e-02
1.78275e+00 8.24e-02
1.78302e+00 8.30e-02
1.78331e+00 8.36e-02
1.78359e+00 8.41e-02
1.78386e+00 8.47e-02
1.78415e+00 8.53e-02
1.78443e+00 8.59e-02
1.78470e+00 8.65e-02
1.78499e+00 8.71e-02
1.78527e+00 8.77e-02
1.78554e+00 8.83e-02
1.78583e+00 8.89e-02
1.78611e+00 8.96e-02
1.78640e+00 9.02e-02
1.78666e+00 9.09e-02
1.78695e+00 9.15e-02
1.78723e+00 9.22e-02
1.78752e+00 9.29e-02
1.78780e+00 9.35e-02
1.78807e+00 9.42e-02
1.78835e+00 9.49e-02
1.78864e+00 9.56e-02
1.78892e+00 9.63e-02
1.78921e+00 9.71e-02
1.78949e+00 9.78e-02
1.78976e+00 9.85e-02
1.79004e+00 9.93e-02
1.79033e+00 1.00e-01
1.79061e+00 1.01e-01
1.79089e+00 1.02e-01
1.79118e+00 1.02e-01
1.79146e+00 1.03e-01
1.79174e+00 1.04e-01
1.79203e+00 1.05e-01
1.79231e+00 1.06e-01
1.79259e+00 1.06e-01
1.79288e+00 1.07e-01
1.79316e+00 1.08e-01
1.79344e+00 1.09e-01
1.79372e+00 1.10e-01
1.79401e+00 1.11e-01
1.79429e+00 1.12e-01
1.79457e+00 1.13e-01
1.79485e+00 1.13e-01
1.79514e+00 1.14e-01
1.79542e+00 1.15e-01
1.79570e+00 1.16e-01
1.79598e+00 1.17e-01
1.79627e+00 1.18e-01
1.79655e+00 1.19e-01
1.79683e+00 1.20e-01
1.79711e+00 1.21e-01
1.79739e+00 1.22e-01
1.79769e+00 1.23e-01
1.79797e+00 1.24e-01
1.79825e+00 1.25e-01
1.79854e+00 1.26e-01
1.79882e+00 1.27e-01
1.79910e+00 1.29e-01
1.79940e+00 1.30e-01
1.79953e+00 1.31e-01
1.79981e+00 1.33e-01
1.79996e+00 1.34e-01
1.80024e+00 1.35e-01
1.80039e+00 1.35e-01
1.80054e+00 1.35e-01
1.80067e+00 1.35e-01
1.80095e+00 1.36e-01
1.80125e+00 1.37e-01
1.80153e+00 1.38e-01
1.80181e+00 1.39e-01
1.80211e+00 1.41e-01
1.80239e+00 1.42e-01
1.80267e+00 1.43e-01
1.80296e+00 1.44e-01
1.80324e+00 1.46e-01
1.80352e+00 1.47e-01
1.80382e+00 1.48e-01
1.80410e+00 1.50e-01
1.80438e+00 1.51e-01
1.80468e+00 1.52e-01
1.80496e+00 1.54e-01
1.80525e+00 1.55e-01
1.80553e+00 1.56e-01
1.80581e+00 1.58e-01
1.80611e+00 1.59e-01
1.80639e+00 1.60e-01
1.80668e+00 1.62e-01
1.80696e+00 1.63e-01
1.80726e+00 1.65e-01
1.80753e+00 1.66e-01
1.80783e+00 1.67e-01
1.80811e+00 1.69e-01
1.80840e+00 1.70e-01
1.80868e+00 1.72e-01
1.80898e+00 1.73e-01
1.80927e+00 1.75e-01
1.80955e+00 1.77e-01
1.80984e+00 1.78e-01
1.81012e+00 1.80e-01
1.81042e+00 1.81e-01
1.81071e+00 1.83e-01
1.81099e+00 1.85e-01
1.81128e+00 1.86e-01
1.81158e+00 1.88e-01
1.81186e+00 1.90e-01
1.81215e+00 1.91e-01
1.81244e+00 1.93e-01
1.81272e+00 1.95e-01
1.81302e+00 1.97e-01
1.81331e+00 1.99e-01
1.81359e+00 2.00e-01
1.81388e+00 2.02e-01
1.81417e+00 2.04e-01
1.81447e+00 2.06e-01
1.81474e+00 2.08e-01
1.81504e+00 2.10e-01
1.81533e+00 2.12e-01
1.81562e+00 2.14e-01
1.81592e+00 2.16e-01
1.81619e+00 2.18e-01
1.81648e+00 2.20e-01
1.81678e+00 2.22e-01
1.81707e+00 2.24e-01
1.81736e+00 2.26e-01
1.81765e+00 2.28e-01
1.81795e+00 2.30e-01
1.81824e+00 2.32e-01
1.81853e+00 2.34e-01
1.81882e+00 2.36e-01
1.81910e+00 2.38e-01
1.81939e+00 2.40e-01
1.81968e+00 2.42e-01
1.81997e+00 2.44e-01
1.82027e+00 2.46e-01
1.82056e+00 2.48e-01
1.82085e+00 2.50e-01
1.82114e+00 2.52e-01
1.82143e+00 2.55e-01
1.82172e+00 2.57e-01
1.82203e+00 2.59e-01
1.82232e+00 2.61e-01
1.82261e+00 2.63e-01
1.82290e+00 2.65e-01
1.82319e+00 2.67e-01
1.82348e+00 2.68e-01
1.82377e+00 2.69e-01
1.82407e+00 2.71e-01
1.82436e+00 2.72e-01
1.82466e+00 2.72e-01
1.82495e+00 2.73e-01
1.82524e+00 2.74e-01
1.82553e+00 2.74e-01
1.82582e+00 2.74e-01
1.82613e+00 2.75e-01
1.82642e+00 2.75e-01
1.82803e+00 2.77e-01
1.82907e+00 2.77e-01
1.82936e+00 2.78e-01
1.82965e+00 2.78e-01
1.82995e+00 2.79e-01
1.83024e+00 2.79e-01
1.83055e+00 2.80e-01
1.83069e+00 2.80e-01
1.83098e+00 2.83e-01
1.83128e+00 2.87e-01
1.83143e+00 2.88e-01
1.83172e+00 2.91e-01
1.83202e+00 2.94e-01
1.83217e+00 2.94e-01
1.83247e+00 2.91e-01
1.83276e+00 2.88e-01
1.83306e+00 2.85e-01
1.83335e+00 2.81e-01
1.83349e+00 2.80e-01
1.83380e+00 2.79e-01
1.83410e+00 2.78e-01
1.83439e+00 2.76e-01
1.83469e+00 2.75e-01
1.83483e+00 2.75e-01
1.83617e+00 2.74e-01
1.83646e+00 2.73e-01
1.83676e+00 2.72e-01
1.83707e+00 2.71e-01
1.83737e+00 2.69e-01
1.83751e+00 2.68e-01
1.83766e+00 2.68e-01
1.83782e+00 2.68e-01
1.83796e+00 2.68e-01
1.83826e+00 2.71e-01
1.83855e+00 2.75e-01
1.83885e+00 2.78e-01
1.83915e+00 2.81e-01
1.83929e+00 2.83e-01
1.83960e+00 2.76e-01
1.83990e+00 2.68e-01
1.84020e+00 2.61e-01
1.84034e+00 2.58e-01
1.84064e+00 2.57e-01
1.84095e+00 2.56e-01
1.84125e+00 2.55e-01
1.84155e+00 2.53e-01
1.84185e+00 2.52e-01
1.84215e+00 2.51e-01
1.84244e+00 2.50e-01
1.84274e+00 2.48e-01
1.84304e+00 2.47e-01
1.84334e+00 2.46e-01
1.84364e+00 2.45e-01
1.84394e+00 2.44e-01
1.84424e+00 2.43e-01
1.84454e+00 2.41e-01
1.84484e+00 2.40e-01
1.84514e+00 2.39e-01
1.84530e+00 2.39e-01
1.84560e+00 2.41e-01
1.84590e+00 2.43e-01
1.84620e+00 2.45e-01
1.84636e+00 2.45e-01
1.84666e+00 2.43e-01
1.84696e+00 2.41e-01
1.84726e+00 2.38e-01
1.84756e+00 2.36e-01
1.84786e+00 2.34e-01
1.84817e+00 2.33e-01
1.84831e+00 2.32e-01
1.84877e+00 2.32e-01
1.84907e+00 2.32e-01
1.84923e+00 2.32e-01
1.84937e+00 2.33e-01
1.84953e+00 2.33e-01
1.84968e+00 2.34e-01
1.84982e+00 2.35e-01
1.84998e+00 2.37e-01
1.85014e+00 2.38e-01
1.85028e+00 2.41e-01
1.85044e+00 2.44e-01
1.85059e+00 2.48e-01
1.85074e+00 2.53e-01
1.85089e+00 2.60e-01
1.85105e+00 2.71e-01
1.85119e+00 2.86e-01
1.85135e+00 3.09e-01
1.85151e+00 3.47e-01
1.85165e+00 4.16e-01
1.85180e+00 5.59e-01
1.85196e+00 9.31e-01
1.85210e+00 2.40e+00
1.85226e+00 1.07e+01
1.85242e+00 3.41e+00
1.85256e+00 1.11e+00
1.85271e+00 6.16e-01
1.85287e+00 4.40e-01
1.85301e+00 3.58e-01
1.85317e+00 3.13e-01
1.85332e+00 2.87e-01
1.85348e+00 2.69e-01
1.85362e+00 2.57e-01
1.85378e+00 2.49e-01
1.85394e+00 2.43e-01
1.85408e+00 2.38e-01
1.85423e+00 2.34e-01
1.85439e+00 2.31e-01
1.85455e+00 2.28e-01
1.85469e+00 2.26e-01
1.85484e+00 2.25e-01
1.85500e+00 2.23e-01
1.85516e+00 2.22e-01
1.85530e+00 2.21e-01
1.85545e+00 2.20e-01
1.85561e+00 2.19e-01
1.85592e+00 2.18e-01
1.85606e+00 2.18e-01
1.85622e+00 2.17e-01
1.85638e+00 2.17e-01
1.85653e+00 2.17e-01
1.85667e+00 2.18e-01
1.85683e+00 2.24e-01
1.85699e+00 3.80e-01
1.85714e+00 2.27e-01
1.85730e+00 2.18e-01
1.85744e+00 2.16e-01
1.85759e+00 2.16e-01
1.85775e+00 2.15e-01
1.85822e+00 2.15e-01
1.85867e+00 2.15e-01
1.85898e+00 2.15e-01
1.85928e+00 2.15e-01
1.85959e+00 2.16e-01
1.85990e+00 2.16e-01
1.86021e+00 2.17e-01
1.86051e+00 2.17e-01
1.86082e+00 2.18e-01
1.86113e+00 2.18e-01
1.86144e+00 2.19e-01
1.86175e+00 2.20e-01
1.86205e+00 2.21e-01
1.86236e+00 2.22e-01
1.86267e+00 2.23e-01
1.86298e+00 2.24e-01
1.86329e+00 2.25e-01
1.86360e+00 2.26e-01
1.86391e+00 2.27e-01
1.86422e+00 2.29e-01
1.86453e+00 2.30e-01
1.86484e+00 2.32e-01
1.86515e+00 2.33e-01
1.86546e+00 2.35e-01
1.86577e+00 2.36e-01
1.86608e+00 2.38e-01
1.86639e+00 2.40e-01
1.86670e+00 2.42e-01
1.86701e+00 2.44e-01
1.86732e+00 2.46e-01
1.86762e+00 2.48e-01
1.86793e+00 2.50e-01
1.86824e+00 2.52e-01
1.86857e+00 2.54e-01
1.86887e+00 2.56e-01
1.86918e+00 2.58e-01
1.86949e+00 2.60e-01
1.86980e+00 2.63e-01
1.87012e+00 2.65e-01
1.87043e+00 2.67e-01
1.87074e+00 2.70e-01
1.87106e+00 2.72e-01
1.87137e+00 2.74e-01
1.87168e+00 2.77e-01
1.87199e+00 2.79e-01
1.87231e+00 2.81e-01
1.87262e+00 2.84e-01
1.87294e+00 2.86e-01
1.87325e+00 2.88e-01
1.87355e+00 2.90e-01
1.87388e+00 2.92e-01
1.87418e+00 2.94e-01
1.87451e+00 2.96e-01
1.87481e+00 2.98e-01
1.87514e+00 3.00e-01
1.87544e+00 3.02e-01
1.87576e+00 3.03e-01
1.87607e+00 3.05e-01
1.87639e+00 3.06e-01
1.87671e+00 3.07e-01
1.87702e+00 3.08e-01
1.87734e+00 3.09e-01
1.87749e+00 3.10e-01
1.87765e+00 3.11e-01
1.87812e+00 3.11e-01
1.87859e+00 3.12e-01
1.87924e+00 3.12e-01
1.87956e+00 3.11e-01
1.87986e+00 3.11e-01
1.88018e+00 3.10e-01
1.88050e+00 3.10e-01
1.88082e+00 3.09e-01
1.88113e+00 3.08e-01
1.88130e+00 3.08e-01
1.88145e+00 3.07e-01
1.88177e+00 3.06e-01
1.88209e+00 3.05e-01
1.88241e+00 3.03e-01
1.88273e+00 3.02e-01
1.88305e+00 3.01e-01
1.88337e+00 2.99e-01
1.88369e+00 2.98e-01
1.88400e+00 2.96e-01
1.88432e+00 2.95e-01
1.88464e+00 2.93e-01
1.88496e+00 2.92e-01
1.88511e+00 2.91e-01
1.88528e+00 2.90e-01
1.88560e+00 2.88e-01
1.88592e+00 2.87e-01
1.88624e+00 2.85e-01
1.88655e+00 2.84e-01
1.88687e+00 2.82e-01
1.88719e+00 2.81e-01
1.88751e+00 2.80e-01
1.88784e+00 2.79e-01
1.88816e+00 2.78e-01
1.88848e+00 2.77e-01
1.88880e+00 2.77e-01
1.88928e+00 2.76e-01
1.88976e+00 2.76e-01
1.89008e+00 2.76e-01
1.89041e+00 2.76e-01
1.89073e+00 2.77e-01
1.89090e+00 2.77e-01
1.89121e+00 2.79e-01
1.89154e+00 2.81e-01
1.89186e+00 2.82e-01
1.89218e+00 2.84e-01
1.89251e+00 2.85e-01
1.89283e+00 2.87e-01
1.89316e+00 2.89e-01
1.89347e+00 2.92e-01
1.89380e+00 2.95e-01
1.89412e+00 2.98e-01
1.89445e+00 3.01e-01
1.89478e+00 3.05e-01
1.89510e+00 3.09e-01
1.89543e+00 3.13e-01
1.89574e+00 3.18e-01
1.89607e+00 3.22e-01
1.89640e+00 3.27e-01
1.89672e+00 3.31e-01
1.89705e+00 3.36e-01
1.89738e+00 3.41e-01
1.89771e+00 3.45e-01
1.89802e+00 3.50e-01
1.89835e+00 3.54e-01
1.89852e+00 3.55e-01
1.89885e+00 3.59e-01
1.89918e+00 3.61e-01
1.89951e+00 3.64e-01
1.89982e+00 3.66e-01
1.90031e+00 3.67e-01
1.90064e+00 3.67e-01
1.90081e+00 3.67e-01
1.90114e+00 3.66e-01
1.90147e+00 3.65e-01
1.90179e+00 3.62e-01
1.90212e+00 3.60e-01
1.90245e+00 3.57e-01
1.90278e+00 3.53e-01
1.90311e+00 3.49e-01
1.90344e+00 3.46e-01
1.90378e+00 3.42e-01
1.90394e+00 3.40e-01
1.90411e+00 3.38e-01
1.90443e+00 3.36e-01
1.90476e+00 3.34e-01
1.90492e+00 3.33e-01
1.90509e+00 3.28e-01
1.90542e+00 3.25e-01
1.90576e+00 3.23e-01
1.90608e+00 3.22e-01
1.90625e+00 3.22e-01
1.90641e+00 3.21e-01
1.90658e+00 3.21e-01
1.90674e+00 3.21e-01
1.90692e+00 3.22e-01
1.90708e+00 3.22e-01
1.90724e+00 3.23e-01
1.90741e+00 3.24e-01
1.90757e+00 3.25e-01
1.90773e+00 3.27e-01
1.90791e+00 3.29e-01
1.90807e+00 3.30e-01
1.90824e+00 3.33e-01
1.90840e+00 3.35e-01
1.90856e+00 3.38e-01
1.90874e+00 3.41e-01
1.90891e+00 3.44e-01
1.90907e+00 3.47e-01
1.90939e+00 3.54e-01
1.90974e+00 3.62e-01
1.91006e+00 3.70e-01
1.91040e+00 3.77e-01
1.91074e+00 3.85e-01
1.91090e+00 3.88e-01
1.91107e+00 3.91e-01
1.91123e+00 3.94e-01
1.91157e+00 3.98e-01
1.91173e+00 4.00e-01
1.91191e+00 4.00e-01
1.91207e+00 4.01e-01
1.91224e+00 4.00e-01
1.91241e+00 4.00e-01
1.91257e+00 3.98e-01
1.91274e+00 3.96e-01
1.91291e+00 3.94e-01
1.91308e+00 3.91e-01
1.91324e+00 3.88e-01
1.91342e+00 3.85e-01
1.91374e+00 3.78e-01
1.91408e+00 3.70e-01
1.91442e+00 3.63e-01
1.91458e+00 3.60e-01
1.91476e+00 3.57e-01
1.91492e+00 3.54e-01
1.91508e+00 3.52e-01
1.91526e+00 3.50e-01
1.91542e+00 3.51e-01
1.91560e+00 3.50e-01
1.91576e+00 3.49e-01
1.91594e+00 3.49e-01
1.91610e+00 3.50e-01
1.91628e+00 3.51e-01
1.91644e+00 3.53e-01
1.91660e+00 3.56e-01
1.91678e+00 3.59e-01
1.91694e+00 3.64e-01
1.91711e+00 3.68e-01
1.91728e+00 3.74e-01
1.91745e+00 3.79e-01
1.91779e+00 3.92e-01
1.91795e+00 3.98e-01
1.91813e+00 4.04e-01
1.91829e+00 4.09e-01
1.91847e+00 4.14e-01
1.91863e+00 4.17e-01
1.91880e+00 4.20e-01
1.91896e+00 4.21e-01
1.91914e+00 4.20e-01
1.91932e+00 4.18e-01
1.91948e+00 4.15e-01
1.91965e+00 4.11e-01
1.91982e+00 4.06e-01
1.91999e+00 4.00e-01
1.92033e+00 3.87e-01
1.92050e+00 3.81e-01
1.92067e+00 3.76e-01
1.92084e+00 3.71e-01
1.92100e+00 3.68e-01
1.92118e+00 3.65e-01
1.92135e+00 3.64e-01
1.92151e+00 3.64e-01
1.92169e+00 3.66e-01
1.92185e+00 3.70e-01
1.92203e+00 3.75e-01
1.92220e+00 3.82e-01
1.92236e+00 3.90e-01
1.92254e+00 3.99e-01
1.92271e+00 4.07e-01
1.92288e+00 4.16e-01
1.92305e+00 4.24e-01
1.92323e+00 4.29e-01
1.92339e+00 4.32e-01
1.92356e+00 4.32e-01
1.92374e+00 4.29e-01
1.92390e+00 4.23e-01
1.92407e+00 4.14e-01
1.92442e+00 3.95e-01
1.92458e+00 3.86e-01
1.92476e+00 3.79e-01
1.92493e+00 3.74e-01
1.92510e+00 3.72e-01
1.92527e+00 3.73e-01
1.92545e+00 3.78e-01
1.92562e+00 3.86e-01
1.92578e+00 3.96e-01
1.92596e+00 4.09e-01
1.92613e+00 4.21e-01
1.92630e+00 4.30e-01
1.92648e+00 4.35e-01
1.92664e+00 4.33e-01
1.92681e+00 4.24e-01
1.92699e+00 4.11e-01
1.92716e+00 3.96e-01
1.92734e+00 3.82e-01
1.92750e+00 3.71e-01
1.92767e+00 3.65e-01
1.92785e+00 3.66e-01
1.92802e+00 3.72e-01
1.92820e+00 3.84e-01
1.92837e+00 3.98e-01
1.92855e+00 4.07e-01
1.92871e+00 4.06e-01
1.92888e+00 3.90e-01
1.92905e+00 3.62e-01
1.92923e+00 3.29e-01
1.92940e+00 2.95e-01
1.92958e+00 2.64e-01
1.92975e+00 2.37e-01
1.92993e+00 2.15e-01
1.93009e+00 1.96e-01
1.93026e+00 1.81e-01
1.93043e+00 1.68e-01
1.93061e+00 1.58e-01
1.93078e+00 1.49e-01
1.93096e+00 1.41e-01
1.93113e+00 1.34e-01
1.93130e+00 1.29e-01
1.93148e+00 1.24e-01
1.93165e+00 1.19e-01
1.93183e+00 1.15e-01
1.93200e+00 1.11e-01
1.93217e+00 1.08e-01
1.93235e+00 1.05e-01
1.93252e+00 1.02e-01
1.93269e+00 9.96e-02
1.93287e+00 9.72e-02
1.93304e+00 9.50e-02
1.93322e+00 9.30e-02
1.93339e+00 9.11e-02
1.93356e+00 8.93e-02
1.93391e+00 8.61e-02
1.93408e+00 8.46e-02
1.93426e+00 8.32e-02
1.93443e+00 8.18e-02
1.93460e+00 8.05e-02
1.93478e+00 7.93e-02
1.93495e+00 7.81e-02
1.93514e+00 7.70e-02
1.93531e+00 7.60e-02
1.93566e+00 7.40e-02
1.93600e+00 7.21e-02
1.93635e+00 7.04e-02
1.93671e+00 6.88e-02
1.93706e+00 6.73e-02
1.93740e+00 6.58e-02
1.93776e+00 6.45e-02
1.93811e+00 6.32e-02
1.93828e+00 4.32e-01
1.93864e+00 4.31e-01
1.93899e+00 4.30e-01
1.93935e+00 4.29e-01
1.93969e+00 4.28e-01
1.94005e+00 4.27e-01
1.94039e+00 4.26e-01
1.94075e+00 4.25e-01
1.94110e+00 4.25e-01
1.94146e+00 4.24e-01
1.94182e+00 4.23e-01
1.94216e+00 4.23e-01
1.94252e+00 4.22e-01
1.94288e+00 4.22e-01
1.94322e+00 4.21e-01
1.94358e+00 4.21e-01
1.94394e+00 4.20e-01
1.94429e+00 4.20e-01
1.94465e+00 4.19e-01
1.94501e+00 4.19e-01
1.94537e+00 4.18e-01
1.94804e+00 4.15e-01
1.95145e+00 4.13e-01
1.95527e+00 4.11e-01
1.95873e+00 4.09e-01
1.96407e+00 4.08e-01
1.97060e+00 4.08e-01
1.97703e+00 4.08e-01
1.97799e+00 4.08e-01
1.98376e+00 4.08e-01
1.99433e+00 4.10e-01
2.00274e+00 4.12e-01
2.00886e+00 4.14e-01
2.00927e+00 4.14e-01
2.00947e+00 4.15e-01
2.00968e+00 4.18e-01
2.00989e+00 4.24e-01
2.01009e+00 4.16e-01
2.01029e+00 4.15e-01
2.01051e+00 4.14e-01
2.01174e+00 4.14e-01
2.02607e+00 4.19e-01
2.03695e+00 4.23e-01
2.04453e+00 4.27e-01
2.05090e+00 4.30e-01
2.05691e+00 4.33e-01
2.06208e+00 4.36e-01
2.06589e+00 4.39e-01
2.07120e+00 4.43e-01
2.07315e+00 4.44e-01
2.07462e+00 4.45e-01
2.07560e+00 4.46e-01
2.07659e+00 4.47e-01
2.07708e+00 4.48e-01
2.07758e+00 4.48e-01
2.07807e+00 4.48e-01
2.07857e+00 4.49e-01
2.07907e+00 4.49e-01
2.07957e+00 4.50e-01
2.08007e+00 4.50e-01
2.08057e+00 4.51e-01
2.08107e+00 4.51e-01
2.08156e+00 4.52e-01
2.08206e+00 4.52e-01
2.08256e+00 4.53e-01
2.08307e+00 4.54e-01
2.08357e+00 4.54e-01
2.08408e+00 4.55e-01
2.08459e+00 4.55e-01
2.08509e+00 4.56e-01
2.08560e+00 4.57e-01
2.08611e+00 4.57e-01
2.08662e+00 4.58e-01
2.08712e+00 4.59e-01
2.08763e+00 4.59e-01
2.08814e+00 4.60e-01
2.08866e+00 4.61e-01
2.08917e+00 4.61e-01
2.08969e+00 4.62e-01
2.09020e+00 4.63e-01
2.09072e+00 4.64e-01
2.09123e+00 4.65e-01
2.09175e+00 4.65e-01
2.09227e+00 4.66e-01
2.09279e+00 4.67e-01
2.09331e+00 4.68e-01
2.09383e+00 4.69e-01
2.09434e+00 4.70e-01
2.09487e+00 4.71e-01
2.09539e+00 4.72e-01
2.09592e+00 4.73e-01
2.09643e+00 4.74e-01
2.09696e+00 4.75e-01
2.09749e+00 4.77e-01
2.09802e+00 4.78e-01
2.09855e+00 4.79e-01
2.09907e+00 4.81e-01
2.09960e+00 4.82e-01
2.10014e+00 4.83e-01
2.10066e+00 4.85e-01
2.10120e+00 4.86e-01
2.10173e+00 4.88e-01
2.10227e+00 4.90e-01
2.10280e+00 4.91e-01
2.10334e+00 4.93e-01
2.10388e+00 4.95e-01
2.10441e+00 4.97e-01
2.10495e+00 4.99e-01
2.10549e+00 5.02e-01
2.10603e+00 5.04e-01
2.10657e+00 5.06e-01
2.10712e+00 5.09e-01
2.10766e+00 5.12e-01
2.10820e+00 5.14e-01
2.10875e+00 5.17e-01
2.10929e+00 5.20e-01
2.10985e+00 5.24e-01
2.11040e+00 5.27e-01
2.11094e+00 5.31e-01
2.11150e+00 5.35e-01
2.11204e+00 5.39e-01
2.11260e+00 5.44e-01
2.11315e+00 5.49e-01
2.11371e+00 5.54e-01
2.11427e+00 5.59e-01
2.11482e+00 5.65e-01
2.11538e+00 5.72e-01
2.11593e+00 5.78e-01
2.11650e+00 5.86e-01
2.11705e+00 5.94e-01
2.11762e+00 6.02e-01
2.11818e+00 6.12e-01
2.11875e+00 6.22e-01
2.11931e+00 6.33e-01
2.11988e+00 6.45e-01
2.12044e+00 6.58e-01
2.12073e+00 6.65e-01
2.12100e+00 6.72e-01
2.12129e+00 6.80e-01
2.12158e+00 6.88e-01
2.12187e+00 6.96e-01
2.12214e+00 7.05e-01
2.12243e+00 7.14e-01
2.12272e+00 7.24e-01
2.12300e+00 7.34e-01
2.12329e+00 7.45e-01
2.12358e+00 7.57e-01
2.12387e+00 7.69e-01
2.12415e+00 7.81e-01
2.12444e+00 7.95e-01
2.12473e+00 8.09e-01
2.12501e+00 8.23e-01
2.12530e+00 8.39e-01
2.12559e+00 8.55e-01
2.12588e+00 8.73e-01
2.12617e+00 8.91e-01
2.12646e+00 9.10e-01
2.12674e+00 9.31e-01
2.12704e+00 9.52e-01
2.12733e+00 9.75e-01
2.12761e+00 9.99e-01
2.12791e+00 1.02e+00
2.12820e+00 1.05e+00
2.12849e+00 1.08e+00
2.12878e+00 1.11e+00
2.12908e+00 1.14e+00
2.12936e+00 1.17e+00
2.12966e+00 1.21e+00
2.12996e+00 1.24e+00
2.13024e+00 1.28e+00
2.13054e+00 1.32e+00
2.13084e+00 1.36e+00
2.13113e+00 1.40e+00
2.13171e+00 1.48e+00
2.13231e+00 1.56e+00
2.13260e+00 1.60e+00
2.13290e+00 1.64e+00
2.13320e+00 1.68e+00
2.13349e+00 1.71e+00
2.13379e+00 1.74e+00
2.13408e+00 1.77e+00
2.13438e+00 1.80e+00
2.13468e+00 1.81e+00
2.13497e+00 1.83e+00
2.13528e+00 1.83e+00
2.13557e+00 1.84e+00
2.13587e+00 1.83e+00
2.13618e+00 1.82e+00
2.13647e+00 1.80e+00
2.13677e+00 1.78e+00
2.13707e+00 1.75e+00
2.13737e+00 1.72e+00
2.13768e+00 1.69e+00
2.13797e+00 1.65e+00
2.13828e+00 1.61e+00
2.13857e+00 1.57e+00
2.13918e+00 1.49e+00
2.13978e+00 1.41e+00
2.14009e+00 1.37e+00
2.14040e+00 1.33e+00
2.14070e+00 1.29e+00
2.14101e+00 1.25e+00
2.14130e+00 1.21e+00
2.14161e+00 1.18e+00
2.14191e+00 1.15e+00
2.14222e+00 1.11e+00
2.14253e+00 1.08e+00
2.14284e+00 1.06e+00
2.14314e+00 1.03e+00
2.14345e+00 1.00e+00
2.14375e+00 9.79e-01
2.14406e+00 9.56e-01
2.14437e+00 9.34e-01
2.14468e+00 9.13e-01
2.14498e+00 8.94e-01
2.14530e+00 8.75e-01
2.14560e+00 8.58e-01
2.14592e+00 8.41e-01
2.14622e+00 8.26e-01
2.14654e+00 8.11e-01
2.14684e+00 7.97e-01
2.14716e+00 7.84e-01
2.14747e+00 7.71e-01
2.14778e+00 7.60e-01
2.14809e+00 7.48e-01
2.14841e+00 7.38e-01
2.14872e+00 7.28e-01
2.14903e+00 7.18e-01
2.14934e+00 7.09e-01
2.14966e+00 7.01e-01
2.14997e+00 6.92e-01
2.15028e+00 6.85e-01
2.15060e+00 6.77e-01
2.15091e+00 6.70e-01
2.15155e+00 6.57e-01
2.15218e+00 6.45e-01
2.15282e+00 6.35e-01
2.15345e+00 6.25e-01
2.15409e+00 6.16e-01
2.15472e+00 6.08e-01
2.15537e+00 6.00e-01
2.15601e+00 5.94e-01
2.15666e+00 5.87e-01
2.15729e+00 5.82e-01
2.15794e+00 5.76e-01
2.15859e+00 5.71e-01
2.15923e+00 5.67e-01
2.15989e+00 5.63e-01
2.16054e+00 5.59e-01
2.16119e+00 5.55e-01
2.16185e+00 5.52e-01
2.16251e+00 5.49e-01
2.16317e+00 5.46e-01
2.16383e+00 5.44e-01
2.16449e+00 5.41e-01
2.16516e+00 5.39e-01
2.16583e+00 5.37e-01
2.16649e+00 5.36e-01
2.16715e+00 5.34e-01
2.16783e+00 5.33e-01
2.16849e+00 5.31e-01
2.16917e+00 5.30e-01
2.16984e+00 5.29e-01
2.17053e+00 5.28e-01
2.17223e+00 5.27e-01
2.17393e+00 5.26e-01
2.17531e+00 5.27e-01
2.17669e+00 5.27e-01
2.17740e+00 5.28e-01
2.17809e+00 5.29e-01
2.17879e+00 5.30e-01
2.17949e+00 5.31e-01
2.18019e+00 5.32e-01
2.18089e+00 5.34e-01
2.18160e+00 5.36e-01
2.18231e+00 5.38e-01
2.18302e+00 5.41e-01
2.18373e+00 5.44e-01
2.18444e+00 5.47e-01
2.18516e+00 5.51e-01
2.18588e+00 5.56e-01
2.18660e+00 5.61e-01
2.18696e+00 5.65e-01
2.18732e+00 5.68e-01
2.18768e+00 5.72e-01
2.18805e+00 5.77e-01
2.18841e+00 5.82e-01
2.18878e+00 5.88e-01
2.18914e+00 5.97e-01
2.18951e+00 6.06e-01
2.18986e+00 6.12e-01
2.19023e+00 6.14e-01
2.19060e+00 6.16e-01
2.19096e+00 6.18e-01
2.19133e+00 6.23e-01
2.19170e+00 6.29e-01
2.19207e+00 6.36e-01
2.19244e+00 6.44e-01
2.19280e+00 6.53e-01
2.19317e+00 6.63e-01
2.19354e+00 6.73e-01
2.19392e+00 6.85e-01
2.19429e+00 6.98e-01
2.19465e+00 7.13e-01
2.19503e+00 7.28e-01
2.19540e+00 7.45e-01
2.19578e+00 7.64e-01
2.19615e+00 7.84e-01
2.19652e+00 8.06e-01
2.19690e+00 8.29e-01
2.19728e+00 8.54e-01
2.19766e+00 8.81e-01
2.19804e+00 9.10e-01
2.19841e+00 9.39e-01
2.19917e+00 1.00e+00
2.19954e+00 1.03e+00
2.19992e+00 1.06e+00
2.20031e+00 1.08e+00
2.20069e+00 1.11e+00
2.20107e+00 1.12e+00
2.20145e+00 1.14e+00
2.20184e+00 1.14e+00
2.20221e+00 1.14e+00
2.20260e+00 1.13e+00
2.20299e+00 1.11e+00
2.20337e+00 1.09e+00
2.20376e+00 1.07e+00
2.20415e+00 1.04e+00
2.20453e+00 1.01e+00
2.20530e+00 9.47e-01
2.20569e+00 9.17e-01
2.20609e+00 8.88e-01
2.20647e+00 8.61e-01
2.20687e+00 8.35e-01
2.20725e+00 8.11e-01
2.20765e+00 7.89e-01
2.20804e+00 7.69e-01
2.20843e+00 7.50e-01
2.20882e+00 7.33e-01
2.20922e+00 7.17e-01
2.20961e+00 7.03e-01
2.21001e+00 6.90e-01
2.21040e+00 6.78e-01
2.21081e+00 6.68e-01
2.21120e+00 6.58e-01
2.21160e+00 6.49e-01
2.21200e+00 6.41e-01
2.21240e+00 6.34e-01
2.21280e+00 6.28e-01
2.21320e+00 6.22e-01
2.21360e+00 6.17e-01
2.21401e+00 6.12e-01
2.21441e+00 6.08e-01
2.21481e+00 6.04e-01
2.21522e+00 6.02e-01
2.21562e+00 6.00e-01
2.21602e+00 5.97e-01
2.21643e+00 5.95e-01
2.21684e+00 5.93e-01
2.21725e+00 5.93e-01
2.21766e+00 5.92e-01
2.21806e+00 5.92e-01
2.21847e+00 5.93e-01
2.21889e+00 5.94e-01
2.21930e+00 5.96e-01
2.21971e+00 5.99e-01
2.22013e+00 6.02e-01
2.22054e+00 6.07e-01
2.22095e+00 6.12e-01
2.22136e+00 6.19e-01
2.22178e+00 6.27e-01
2.22220e+00 6.37e-01
2.22261e+00 6.49e-01
2.22303e+00 6.64e-01
2.22346e+00 6.83e-01
2.22387e+00 7.06e-01
2.22429e+00 7.35e-01
2.22471e+00 7.73e-01
2.22513e+00 8.21e-01
2.22555e+00 8.85e-01
2.22597e+00 9.71e-01
2.22641e+00 1.09e+00
2.22683e+00 1.25e+00
2.22725e+00 1.47e+00
2.22768e+00 1.76e+00
2.22811e+00 2.11e+00
2.22853e+00 2.44e+00
2.22896e+00 2.59e+00
2.22939e+00 2.46e+00
2.22982e+00 2.13e+00
2.23025e+00 1.77e+00
2.23068e+00 1.47e+00
2.23111e+00 1.25e+00
2.23155e+00 1.08e+00
2.23198e+00 9.63e-01
2.23242e+00 8.75e-01
2.23285e+00 8.09e-01
2.23329e+00 7.58e-01
2.23373e+00 7.19e-01
2.23417e+00 6.88e-01
2.23461e+00 6.63e-01
2.23504e+00 6.43e-01
2.23548e+00 6.27e-01
2.23593e+00 6.13e-01
2.23637e+00 6.02e-01
2.23681e+00 5.92e-01
2.23726e+00 5.84e-01
2.23771e+00 5.76e-01
2.23815e+00 5.70e-01
2.23859e+00 5.65e-01
2.23904e+00 5.60e-01
2.23950e+00 5.56e-01
2.23994e+00 5.52e-01
2.24039e+00 5.49e-01
2.24084e+00 5.46e-01
2.24175e+00 5.41e-01
2.24265e+00 5.38e-01
2.24357e+00 5.34e-01
2.24449e+00 5.32e-01
2.24540e+00 5.30e-01
2.24633e+00 5.28e-01
2.24725e+00 5.26e-01
2.24818e+00 5.25e-01
2.24912e+00 5.24e-01
2.25148e+00 5.23e-01
2.25386e+00 5.22e-01
2.25675e+00 5.22e-01
2.25968e+00 5.23e-01
2.26067e+00 5.24e-01
2.26166e+00 5.24e-01
2.26265e+00 5.25e-01
2.26365e+00 5.25e-01
2.26465e+00 5.26e-01
2.26566e+00 5.27e-01
2.26667e+00 5.28e-01
2.26769e+00 5.29e-01
2.26871e+00 5.30e-01
2.26974e+00 5.31e-01
2.27077e+00 5.32e-01
2.27181e+00 5.33e-01
2.27285e+00 5.35e-01
2.27337e+00 5.36e-01
2.27390e+00 5.36e-01
2.27496e+00 5.37e-01
2.27602e+00 5.39e-01
2.27707e+00 5.41e-01
2.27814e+00 5.42e-01
2.27921e+00 5.44e-01
2.28030e+00 5.47e-01
2.28138e+00 5.49e-01
2.28247e+00 5.51e-01
2.28358e+00 5.54e-01
2.28468e+00 5.57e-01
2.28578e+00 5.60e-01
2.28690e+00 5.63e-01
2.28802e+00 5.67e-01
2.28915e+00 5.71e-01
2.29028e+00 5.75e-01
2.29141e+00 5.80e-01
2.29257e+00 5.85e-01
2.29372e+00 5.91e-01
2.29488e+00 5.98e-01
2.29546e+00 6.02e-01
2.29604e+00 6.06e-01
2.29663e+00 6.10e-01
2.29721e+00 6.15e-01
2.29780e+00 6.21e-01
2.29839e+00 6.28e-01
2.29898e+00 6.35e-01
2.29958e+00 6.43e-01
2.30017e+00 6.52e-01
2.30077e+00 6.58e-01
2.30136e+00 6.66e-01
2.30197e+00 6.74e-01
2.30258e+00 6.83e-01
2.30318e+00 6.95e-01
2.30378e+00 7.08e-01
2.30438e+00 7.23e-01
2.30498e+00 7.40e-01
2.30558e+00 7.59e-01
2.30618e+00 7.82e-01
2.30688e+00 8.08e-01
2.30747e+00 8.37e-01
2.30807e+00 8.71e-01
2.30867e+00 9.08e-01
2.30936e+00 9.49e-01
2.31055e+00 1.03e+00
2.31125e+00 1.07e+00
2.31184e+00 1.10e+00
2.31244e+00 1.12e+00
2.31313e+00 1.12e+00
2.31372e+00 1.11e+00
2.31441e+00 1.09e+00
2.31501e+00 1.05e+00
2.31570e+00 1.02e+00
2.31629e+00 9.89e-01
2.31698e+00 9.60e-01
2.31757e+00 9.35e-01
2.31826e+00 9.15e-01
2.31895e+00 8.99e-01
2.31954e+00 8.88e-01
2.32023e+00 8.80e-01
2.32092e+00 8.75e-01
2.32160e+00 8.73e-01
2.32219e+00 8.73e-01
2.32288e+00 8.76e-01
2.32356e+00 8.82e-01
2.32425e+00 8.90e-01
2.32493e+00 9.00e-01
2.32562e+00 9.12e-01
2.32630e+00 9.27e-01
2.32698e+00 9.44e-01
2.32767e+00 9.63e-01
2.32835e+00 9.85e-01
2.32903e+00 1.01e+00
2.32971e+00 1.04e+00
2.33039e+00 1.07e+00
2.33108e+00 1.10e+00
2.33185e+00 1.14e+00
2.33253e+00 1.19e+00
2.33321e+00 1.24e+00
2.33389e+00 1.29e+00
2.33466e+00 1.35e+00
2.33534e+00 1.42e+00
2.33612e+00 1.50e+00
2.33679e+00 1.59e+00
2.33747e+00 1.69e+00
2.33824e+00 1.80e+00
2.33901e+00 1.93e+00
2.33969e+00 2.06e+00
2.34046e+00 2.21e+00
2.34113e+00 2.37e+00
2.34190e+00 2.54e+00
2.34267e+00 2.72e+00
2.34344e+00 2.89e+00
2.34411e+00 3.05e+00
2.34488e+00 3.18e+00
2.34564e+00 3.28e+00
2.34641e+00 3.33e+00
2.34718e+00 3.33e+00
2.34794e+00 3.29e+00
2.34871e+00 3.22e+00
2.34947e+00 3.12e+00
2.35099e+00 2.91e+00
2.35176e+00 2.81e+00
2.35261e+00 2.73e+00
2.35337e+00 2.66e+00
2.35413e+00 2.60e+00
2.35499e+00 2.56e+00
2.35575e+00 2.53e+00
2.35650e+00 2.49e+00
2.35736e+00 2.46e+00
2.35811e+00 2.42e+00
2.35897e+00 2.36e+00
2.35982e+00 2.30e+00
2.36057e+00 2.21e+00
2.36142e+00 2.12e+00
2.36227e+00 2.02e+00
2.36396e+00 1.82e+00
2.36471e+00 1.72e+00
2.36556e+00 1.63e+00
2.36640e+00 1.55e+00
2.36734e+00 1.47e+00
2.36819e+00 1.40e+00
2.36903e+00 1.34e+00
2.36987e+00 1.28e+00
2.37071e+00 1.23e+00
2.37164e+00 1.19e+00
2.37248e+00 1.15e+00
2.37332e+00 1.12e+00
2.37425e+00 1.09e+00
2.37518e+00 1.06e+00
2.37602e+00 1.04e+00
2.37695e+00 1.02e+00
2.37788e+00 1.00e+00
2.37871e+00 9.91e-01
2.37964e+00 9.79e-01
2.38056e+00 9.70e-01
2.38149e+00 9.63e-01
2.38241e+00 9.58e-01
2.38334e+00 9.54e-01
2.38426e+00 9.53e-01
2.38527e+00 9.53e-01
2.38619e+00 9.55e-01
2.38711e+00 9.59e-01
2.38812e+00 9.66e-01
2.38904e+00 9.75e-01
2.39005e+00 9.89e-01
2.39096e+00 1.01e+00
2.39197e+00 1.03e+00
2.39297e+00 1.06e+00
2.39398e+00 1.10e+00
2.39498e+00 1.14e+00
2.39598e+00 1.19e+00
2.39699e+00 1.26e+00
2.39799e+00 1.32e+00
2.39899e+00 1.39e+00
2.40007e+00 1.44e+00
2.40107e+00 1.46e+00
2.40216e+00 1.45e+00
2.40315e+00 1.41e+00
2.40424e+00 1.35e+00
2.40532e+00 1.28e+00
2.40640e+00 1.22e+00
2.40740e+00 1.17e+00
2.40848e+00 1.13e+00
2.40964e+00 1.10e+00
2.41072e+00 1.07e+00
2.41180e+00 1.06e+00
2.41296e+00 1.05e+00
2.41404e+00 1.04e+00
2.41520e+00 1.04e+00
2.41627e+00 1.04e+00
2.41743e+00 1.05e+00
2.41859e+00 1.06e+00
2.41975e+00 1.07e+00
2.42090e+00 1.08e+00
2.42214e+00 1.09e+00
2.42330e+00 1.11e+00
2.42569e+00 1.14e+00
2.42692e+00 1.16e+00
2.42939e+00 1.19e+00
2.43186e+00 1.22e+00
2.43440e+00 1.25e+00
2.43694e+00 1.29e+00
2.43825e+00 1.31e+00
2.43956e+00 1.32e+00
2.44095e+00 1.33e+00
2.44226e+00 1.34e+00
2.44365e+00 1.34e+00
2.44495e+00 1.34e+00
2.44634e+00 1.32e+00
2.44772e+00 1.31e+00
2.44911e+00 1.28e+00
2.45057e+00 1.26e+00
2.45342e+00 1.20e+00
2.45488e+00 1.17e+00
2.45634e+00 1.15e+00
2.45779e+00 1.13e+00
2.45933e+00 1.11e+00
2.46087e+00 1.09e+00
2.46241e+00 1.08e+00
2.46394e+00 1.06e+00
2.46547e+00 1.06e+00
2.46708e+00 1.05e+00
2.46861e+00 1.05e+00
2.47022e+00 1.06e+00
2.47191e+00 1.07e+00
2.47351e+00 1.08e+00
2.47519e+00 1.09e+00
2.47687e+00 1.12e+00
2.47855e+00 1.16e+00
2.48031e+00 1.21e+00
2.48207e+00 1.18e+00
2.48382e+00 9.05e-01
2.48566e+00 9.34e-01
2.48740e+00 1.09e+00
2.48923e+00 1.17e+00
2.49114e+00 1.24e+00
2.49304e+00 1.28e+00
2.49494e+00 1.31e+00
2.49881e+00 1.32e+00
2.50078e+00 1.32e+00
2.50283e+00 1.32e+00
2.50487e+00 1.32e+00
2.50699e+00 1.33e+00
2.50911e+00 1.36e+00
2.51122e+00 1.40e+00
2.51341e+00 1.42e+00
2.51568e+00 1.38e+00
2.51786e+00 1.33e+00
2.52019e+00 1.26e+00
2.52252e+00 1.20e+00
2.52493e+00 1.19e+00
2.52733e+00 1.19e+00
2.52980e+00 1.11e+00
2.53227e+00 1.01e+00
2.53481e+00 9.11e-01
2.53742e+00 1.03e+00
2.54010e+00 1.24e+00
2.54286e+00 1.43e+00
2.54561e+00 1.42e+00
2.54843e+00 1.55e+00
2.55132e+00 1.27e+00
2.55428e+00 1.85e+00
2.55730e+00 1.14e+00
2.56048e+00 9.79e-01
2.56364e+00 1.48e+00
2.56695e+00 1.62e+00
2.57024e+00 1.56e+00
2.57376e+00 1.74e+00
2.57726e+00 1.61e+00
2.58097e+00 1.39e+00
2.58475e+00 7.82e-01
2.58867e+00 1.65e+00
2.59264e+00 1.36e+00
2.59682e+00 8.53e-01
2.60113e+00 1.36e+00
2.60565e+00 1.53e+00
2.61029e+00 1.54e+00
2.61513e+00 1.10e+00
2.62024e+00 1.06e+00
2.62554e+00 1.31e+00
2.63110e+00 1.20e+00
2.63698e+00 1.13e+00
2.64319e+00 1.07e+00
2.64971e+00 1.42e+00
2.65669e+00 1.09e+00
2.66410e+00 9.24e-01
2.67215e+00 9.87e-01
2.68082e+00 9.40e-01
2.69029e+00 9.47e-01
2.70069e+00 9.06e-01
2.71231e+00 8.61e-01
2.72543e+00 8.10e-01
2.74065e+00 7.50e-01
2.75874e+00 6.71e-01
2.78130e+00 5.93e-01
2.81151e+00 2.77e-01
2.85859e+00 2.31e-01
2.99573e+00 1.15e-01
