# OPACITY Project tables
-2.61515e+00 7.20e+00
-2.27341e+00 2.40e+00
-2.07433e+00 1.26e+00
-1.93351e+00 8.03e-01
-1.82455e+00 5.65e-01
-1.73574e+00 4.23e-01
-1.66078e+00 3.31e-01
-1.59603e+00 2.69e-01
-1.53898e+00 2.25e-01
-1.48802e+00 1.92e-01
-1.44198e+00 1.66e-01
-1.40003e+00 1.46e-01
-1.36148e+00 1.29e-01
-1.32584e+00 1.20e-01
-1.29269e+00 1.08e-01
-1.26174e+00 9.85e-02
-1.23268e+00 9.00e-02
-1.20531e+00 8.27e-02
-1.17944e+00 7.63e-02
-1.15493e+00 7.08e-02
-1.13165e+00 6.59e-02
-1.10945e+00 6.15e-02
-1.08827e+00 5.76e-02
-1.06799e+00 5.42e-02
-1.04857e+00 5.11e-02
-1.02994e+00 4.83e-02
-1.01200e+00 4.58e-02
-9.94739e-01 4.36e-02
-9.78086e-01 4.16e-02
-9.62021e-01 3.98e-02
-9.46492e-01 3.84e-02
-9.31455e-01 3.72e-02
-9.16916e-01 3.64e-02
-9.02807e-01 3.61e-02
-8.89113e-01 3.68e-02
-8.75797e-01 4.07e-02
-8.62868e-01 4.28e-02
-8.50292e-01 4.52e-02
-8.38057e-01 4.92e-02
-8.26130e-01 5.23e-02
-8.14502e-01 5.08e-02
-8.03185e-01 4.53e-02
-7.92106e-01 3.99e-02
-7.81301e-01 3.62e-02
-7.70741e-01 3.26e-02
-7.60420e-01 2.73e-02
-7.50331e-01 2.44e-02
-7.40469e-01 2.27e-02
-7.30787e-01 2.14e-02
-7.21320e-01 2.03e-02
-7.12045e-01 1.94e-02
-7.02955e-01 1.86e-02
-6.94048e-01 1.79e-02
-6.85298e-01 1.73e-02
-6.76723e-01 1.68e-02
-6.68298e-01 1.63e-02
-6.60041e-01 1.58e-02
-6.51909e-01 1.54e-02
-6.43938e-01 1.50e-02
-6.36087e-01 1.46e-02
-6.28390e-01 1.42e-02
-6.20808e-01 1.38e-02
-6.13357e-01 1.35e-02
-6.06016e-01 1.32e-02
-5.98801e-01 1.29e-02
-5.91692e-01 1.26e-02
-5.84687e-01 1.23e-02
-5.77803e-01 1.20e-02
-5.71018e-01 1.18e-02
-5.64314e-01 1.15e-02
-5.57725e-01 1.13e-02
-5.51231e-01 1.11e-02
-5.44831e-01 1.08e-02
-5.38505e-01 1.06e-02
-5.32288e-01 1.04e-02
-5.26142e-01 1.02e-02
-5.20085e-01 1.54e-02
-5.14098e-01 1.69e-02
-5.08196e-01 1.66e-02
-4.96610e-01 1.60e-02
-4.85320e-01 1.55e-02
-4.74301e-01 1.50e-02
-4.63545e-01 1.45e-02
-4.53044e-01 1.41e-02
-4.42778e-01 1.37e-02
-4.32739e-01 1.33e-02
-4.22922e-01 1.29e-02
-4.13321e-01 1.25e-02
-4.03901e-01 1.22e-02
-3.94688e-01 1.18e-02
-3.85662e-01 1.15e-02
-3.76819e-01 1.12e-02
-3.68126e-01 1.09e-02
-3.59622e-01 1.07e-02
-3.51261e-01 1.04e-02
-3.43054e-01 1.02e-02
-3.34997e-01 9.92e-03
-3.27088e-01 9.69e-03
-3.19310e-01 9.47e-03
-3.11661e-01 9.26e-03
-3.04150e-01 9.06e-03
-2.96750e-01 8.86e-03
-2.89484e-01 8.67e-03
-2.82323e-01 8.49e-03
-2.75279e-01 8.32e-03
-2.68350e-01 8.15e-03
-2.61521e-01 7.98e-03
-2.54802e-01 7.83e-03
-2.48167e-01 7.68e-03
-2.41639e-01 7.53e-03
-2.35203e-01 7.39e-03
-2.28860e-01 7.25e-03
-2.22606e-01 7.12e-03
-2.16441e-01 6.99e-03
-2.10363e-01 6.86e-03
-2.04359e-01 6.74e-03
-1.98439e-01 6.63e-03
-1.92590e-01 6.51e-03
-1.86824e-01 6.40e-03
-1.81126e-01 6.29e-03
-1.75509e-01 6.19e-03
-1.69958e-01 6.09e-03
-1.64474e-01 5.99e-03
-1.59054e-01 5.89e-03
-1.53699e-01 5.80e-03
-1.48407e-01 5.71e-03
-1.43189e-01 5.62e-03
-1.38021e-01 5.54e-03
-1.32914e-01 5.45e-03
-1.27867e-01 5.37e-03
-1.22868e-01 5.30e-03
-1.17928e-01 5.22e-03
-1.13057e-01 5.14e-03
-1.08220e-01 5.07e-03
-1.03440e-01 5.00e-03
-9.87160e-02 4.93e-03
-9.40360e-02 4.86e-03
-8.94106e-02 4.80e-03
-8.48283e-02 4.73e-03
-8.02994e-02 4.67e-03
-7.58125e-02 4.61e-03
-7.13671e-02 4.55e-03
-6.69735e-02 4.49e-03
-6.26097e-02 4.43e-03
-5.82967e-02 4.37e-03
-5.40233e-02 4.32e-03
-4.97997e-02 4.27e-03
-4.56042e-02 4.21e-03
-4.14576e-02 4.16e-03
-3.73385e-02 4.11e-03
-3.32673e-02 4.06e-03
-2.92229e-02 4.01e-03
-2.52255e-02 3.97e-03
-2.12543e-02 3.92e-03
-1.73293e-02 3.88e-03
-1.34298e-02 3.83e-03
-9.56560e-03 3.79e-03
-5.73642e-03 3.75e-03
-1.94188e-03 3.70e-03
1.79838e-03 3.66e-03
5.58438e-03 3.62e-03
9.25702e-03 3.58e-03
1.29162e-02 3.54e-03
1.65621e-02 3.51e-03
2.01947e-02 3.47e-03
2.38142e-02 3.43e-03
2.73233e-02 3.40e-03
3.08201e-02 3.36e-03
3.43048e-02 3.33e-03
3.77774e-02 3.29e-03
4.12379e-02 3.26e-03
4.46865e-02 3.23e-03
4.80280e-02 3.19e-03
5.14533e-02 3.16e-03
5.47722e-02 3.13e-03
5.80802e-02 3.10e-03
6.13773e-02 3.07e-03
6.46635e-02 3.04e-03
6.78455e-02 3.01e-03
7.11106e-02 2.98e-03
7.42722e-02 2.96e-03
7.74239e-02 2.93e-03
8.06579e-02 2.90e-03
8.37895e-02 2.87e-03
8.68197e-02 2.85e-03
8.99321e-02 2.82e-03
9.30349e-02 2.80e-03
9.60372e-02 2.77e-03
9.90305e-02 2.75e-03
1.02015e-01 2.72e-03
1.05080e-01 2.70e-03
1.07957e-01 2.68e-03
1.10915e-01 2.65e-03
1.13864e-01 2.63e-03
1.16805e-01 2.61e-03
1.19648e-01 2.59e-03
1.22483e-01 2.56e-03
1.25398e-01 2.54e-03
1.28217e-01 2.52e-03
1.31028e-01 2.50e-03
1.33831e-01 2.48e-03
1.36539e-01 2.46e-03
1.39327e-01 2.44e-03
1.42107e-01 2.42e-03
1.44793e-01 2.40e-03
1.47471e-01 2.38e-03
1.50229e-01 2.36e-03
1.52893e-01 2.35e-03
1.55550e-01 2.33e-03
1.58200e-01 2.31e-03
1.60757e-01 2.29e-03
1.63394e-01 2.27e-03
1.66023e-01 2.26e-03
1.68561e-01 2.24e-03
1.71176e-01 2.22e-03
1.73701e-01 2.21e-03
1.76220e-01 2.19e-03
1.78732e-01 2.18e-03
1.81321e-01 2.16e-03
1.83737e-01 2.15e-03
1.86231e-01 2.14e-03
1.88718e-01 2.12e-03
1.91199e-01 2.11e-03
1.93591e-01 2.10e-03
1.96060e-01 2.10e-03
1.98441e-01 2.09e-03
2.00898e-01 2.08e-03
2.03267e-01 2.07e-03
2.05631e-01 2.05e-03
2.06770e-01 2.05e-03
2.07989e-01 2.05e-03
2.09126e-01 2.12e-03
2.10342e-01 2.12e-03
2.11476e-01 2.11e-03
2.13820e-01 2.09e-03
2.16159e-01 2.08e-03
2.18493e-01 2.06e-03
2.20741e-01 2.05e-03
2.23064e-01 2.03e-03
2.25301e-01 2.01e-03
2.27614e-01 2.00e-03
2.29841e-01 1.98e-03
2.32064e-01 1.96e-03
2.34281e-01 1.95e-03
2.36494e-01 1.94e-03
2.38702e-01 1.92e-03
2.40905e-01 1.91e-03
2.43103e-01 1.90e-03
2.45296e-01 1.89e-03
2.47407e-01 1.88e-03
2.49591e-01 1.86e-03
2.51692e-01 1.85e-03
2.53867e-01 1.84e-03
2.55959e-01 1.83e-03
2.58047e-01 1.82e-03
2.60208e-01 1.81e-03
2.62287e-01 1.80e-03
2.64362e-01 1.79e-03
2.66433e-01 1.78e-03
2.68499e-01 1.77e-03
2.70561e-01 1.76e-03
2.72619e-01 1.75e-03
2.74597e-01 1.74e-03
2.76646e-01 1.73e-03
2.78692e-01 1.72e-03
2.80657e-01 1.71e-03
2.82695e-01 1.70e-03
2.84652e-01 1.69e-03
2.86606e-01 1.68e-03
2.88632e-01 1.67e-03
2.90578e-01 1.66e-03
2.92520e-01 1.65e-03
2.93490e-01 1.64e-03
2.94459e-01 1.64e-03
2.95427e-01 1.64e-03
2.96394e-01 1.63e-03
2.98325e-01 1.62e-03
3.00253e-01 1.61e-03
3.02177e-01 1.60e-03
3.04097e-01 1.60e-03
3.05939e-01 1.59e-03
3.07852e-01 1.58e-03
3.09762e-01 1.57e-03
3.11594e-01 1.56e-03
3.13496e-01 1.55e-03
3.15322e-01 1.54e-03
3.17144e-01 1.54e-03
3.19035e-01 1.53e-03
3.19907e-01 1.53e-03
3.20851e-01 1.56e-03
3.21794e-01 4.65e-03
3.22663e-01 1.08e-02
3.23604e-01 5.69e-03
3.24472e-01 1.50e-03
3.26278e-01 1.50e-03
3.28080e-01 1.49e-03
3.29879e-01 1.48e-03
3.31675e-01 1.47e-03
3.32608e-01 1.47e-03
3.33468e-01 1.85e-03
3.34399e-01 2.54e-03
3.35257e-01 4.50e-03
3.36115e-01 4.25e-03
3.37044e-01 1.75e-03
3.37900e-01 1.45e-03
3.39681e-01 1.44e-03
3.40535e-01 1.85e-03
3.41389e-01 2.48e-03
3.42312e-01 2.91e-03
3.43164e-01 2.76e-03
3.44015e-01 1.68e-03
3.44936e-01 1.80e-03
3.45786e-01 2.25e-03
3.46635e-01 2.30e-03
3.47483e-01 2.26e-03
3.48330e-01 2.11e-03
3.49247e-01 2.10e-03
3.50093e-01 2.12e-03
3.50939e-01 2.16e-03
3.51783e-01 2.04e-03
3.52627e-01 1.78e-03
3.53470e-01 1.55e-03
3.54382e-01 1.38e-03
3.56065e-01 1.37e-03
3.57744e-01 1.37e-03
3.59421e-01 1.36e-03
3.61095e-01 1.35e-03
3.62766e-01 1.35e-03
3.64435e-01 1.34e-03
3.66100e-01 1.34e-03
3.67763e-01 1.33e-03
3.69354e-01 1.32e-03
3.71012e-01 1.32e-03
3.72666e-01 1.31e-03
3.74318e-01 1.30e-03
3.75899e-01 1.30e-03
3.77546e-01 1.29e-03
3.79121e-01 1.29e-03
3.80762e-01 1.28e-03
3.82333e-01 1.28e-03
3.83969e-01 1.27e-03
3.85534e-01 1.26e-03
3.87097e-01 1.26e-03
3.88658e-01 1.25e-03
3.90284e-01 1.25e-03
3.91839e-01 1.24e-03
3.93393e-01 1.24e-03
3.94943e-01 1.23e-03
3.96492e-01 1.22e-03
3.98038e-01 1.22e-03
3.99581e-01 1.21e-03
4.01122e-01 1.21e-03
4.02661e-01 1.20e-03
4.04131e-01 1.20e-03
4.05665e-01 1.19e-03
4.07197e-01 1.19e-03
4.08726e-01 1.18e-03
4.10187e-01 1.18e-03
4.11712e-01 1.17e-03
4.13169e-01 1.17e-03
4.14689e-01 1.16e-03
4.16141e-01 1.16e-03
4.17657e-01 1.15e-03
4.19105e-01 1.15e-03
4.20616e-01 1.14e-03
4.22060e-01 1.14e-03
4.23501e-01 1.13e-03
4.25006e-01 1.13e-03
4.26444e-01 1.12e-03
4.27879e-01 1.12e-03
4.29312e-01 1.12e-03
4.30743e-01 1.11e-03
4.32172e-01 1.11e-03
4.33599e-01 1.10e-03
4.35024e-01 1.10e-03
4.36447e-01 1.09e-03
4.37868e-01 1.09e-03
4.39287e-01 1.08e-03
4.40704e-01 1.08e-03
4.42118e-01 1.08e-03
4.43467e-01 1.07e-03
4.44878e-01 1.07e-03
4.46287e-01 1.06e-03
4.47630e-01 1.06e-03
4.49035e-01 1.05e-03
4.50438e-01 1.05e-03
4.51776e-01 1.05e-03
4.53175e-01 1.04e-03
4.54509e-01 1.04e-03
4.55841e-01 1.03e-03
4.57235e-01 1.03e-03
4.58563e-01 1.03e-03
4.59953e-01 1.02e-03
4.61278e-01 1.02e-03
4.62601e-01 1.02e-03
4.63923e-01 1.01e-03
4.65305e-01 1.01e-03
4.66623e-01 1.00e-03
4.67939e-01 1.00e-03
4.69253e-01 9.97e-04
4.70566e-01 9.93e-04
4.71877e-01 9.89e-04
4.73186e-01 9.86e-04
4.74494e-01 9.82e-04
4.75799e-01 9.78e-04
4.77103e-01 9.75e-04
4.78406e-01 9.71e-04
4.79706e-01 9.68e-04
4.80944e-01 9.64e-04
4.82241e-01 9.61e-04
4.83537e-01 9.57e-04
4.84831e-01 9.54e-04
4.86062e-01 9.51e-04
4.87352e-01 9.47e-04
4.88641e-01 9.44e-04
4.89868e-01 9.40e-04
4.91153e-01 9.37e-04
4.92376e-01 9.34e-04
4.93659e-01 9.31e-04
4.94879e-01 9.27e-04
4.96159e-01 9.24e-04
4.97376e-01 9.21e-04
4.98591e-01 9.18e-04
4.99866e-01 9.15e-04
5.01078e-01 9.11e-04
5.02289e-01 9.08e-04
5.03559e-01 9.05e-04
5.04767e-01 9.02e-04
5.05974e-01 8.99e-04
5.07179e-01 8.96e-04
5.08383e-01 8.93e-04
5.09645e-01 8.90e-04
5.10846e-01 8.87e-04
5.12045e-01 8.84e-04
5.13243e-01 8.81e-04
5.14439e-01 8.78e-04
5.15634e-01 8.75e-04
5.16828e-01 8.73e-04
5.18020e-01 8.70e-04
5.19210e-01 8.67e-04
5.20340e-01 8.64e-04
5.21528e-01 8.61e-04
5.22715e-01 8.58e-04
5.23900e-01 8.56e-04
5.25083e-01 8.53e-04
5.26207e-01 8.50e-04
5.27388e-01 8.47e-04
5.28567e-01 8.45e-04
5.29687e-01 8.42e-04
5.30864e-01 8.39e-04
5.32039e-01 8.37e-04
5.33154e-01 8.34e-04
5.34327e-01 8.31e-04
5.35440e-01 8.29e-04
5.36610e-01 8.26e-04
5.37721e-01 8.24e-04
5.38888e-01 8.21e-04
5.39996e-01 8.19e-04
5.41103e-01 8.16e-04
5.42266e-01 8.14e-04
5.43370e-01 8.11e-04
5.44473e-01 8.09e-04
5.45633e-01 8.06e-04
5.46733e-01 8.04e-04
5.47832e-01 8.01e-04
5.48930e-01 7.99e-04
5.50085e-01 7.96e-04
5.51180e-01 7.94e-04
5.52275e-01 7.92e-04
5.53368e-01 7.89e-04
5.54460e-01 7.87e-04
5.55550e-01 7.85e-04
5.56640e-01 7.82e-04
5.57728e-01 7.80e-04
5.58815e-01 7.78e-04
5.59901e-01 7.75e-04
5.60986e-01 7.73e-04
5.62070e-01 7.71e-04
5.63152e-01 7.69e-04
5.64234e-01 7.66e-04
5.65314e-01 7.64e-04
5.66393e-01 7.62e-04
5.67471e-01 7.60e-04
5.68491e-01 7.58e-04
5.69566e-01 7.55e-04
5.70641e-01 7.53e-04
5.71714e-01 7.51e-04
5.72729e-01 7.49e-04
5.73800e-01 7.47e-04
5.74870e-01 7.45e-04
5.75883e-01 7.43e-04
5.76950e-01 7.41e-04
5.77961e-01 7.39e-04
5.79026e-01 7.37e-04
5.80090e-01 7.35e-04
5.81098e-01 7.33e-04
5.82160e-01 7.31e-04
5.83165e-01 7.29e-04
5.84225e-01 7.27e-04
5.85228e-01 7.25e-04
5.86230e-01 7.23e-04
5.87287e-01 7.21e-04
5.88287e-01 7.19e-04
5.89286e-01 7.17e-04
5.90339e-01 7.15e-04
5.91336e-01 7.13e-04
5.92332e-01 7.11e-04
5.93382e-01 7.09e-04
5.94376e-01 7.08e-04
5.95369e-01 7.06e-04
5.96361e-01 7.04e-04
5.97407e-01 7.02e-04
5.98397e-01 7.00e-04
5.99386e-01 6.98e-04
6.00374e-01 6.97e-04
6.01361e-01 6.95e-04
6.02347e-01 6.93e-04
6.03332e-01 6.91e-04
6.04316e-01 6.90e-04
6.05299e-01 6.88e-04
6.06281e-01 6.86e-04
6.07262e-01 6.84e-04
6.08243e-01 6.83e-04
6.09222e-01 6.81e-04
6.10200e-01 6.79e-04
6.11178e-01 6.78e-04
6.12154e-01 6.76e-04
6.13129e-01 6.74e-04
6.14104e-01 6.73e-04
6.15023e-01 6.71e-04
6.15996e-01 6.69e-04
6.16968e-01 6.68e-04
6.17939e-01 6.66e-04
6.18908e-01 6.64e-04
6.19824e-01 6.63e-04
6.20792e-01 6.61e-04
6.21759e-01 6.60e-04
6.22671e-01 6.58e-04
6.23636e-01 6.57e-04
6.24601e-01 6.55e-04
6.25511e-01 6.54e-04
6.26473e-01 6.52e-04
6.27435e-01 6.51e-04
6.28342e-01 6.49e-04
6.29302e-01 6.48e-04
6.30207e-01 6.46e-04
6.31165e-01 6.45e-04
6.32069e-01 6.43e-04
6.33026e-01 6.42e-04
6.33928e-01 6.40e-04
6.34882e-01 6.39e-04
6.35783e-01 6.37e-04
6.36683e-01 6.36e-04
6.37634e-01 6.35e-04
6.38533e-01 6.33e-04
6.39483e-01 6.32e-04
6.40379e-01 6.30e-04
6.41275e-01 6.29e-04
6.42222e-01 6.28e-04
6.43116e-01 6.26e-04
6.44009e-01 6.25e-04
6.44902e-01 6.24e-04
6.45846e-01 6.23e-04
6.46737e-01 6.21e-04
6.47627e-01 6.20e-04
6.48516e-01 6.19e-04
6.49404e-01 6.17e-04
6.50292e-01 6.16e-04
6.51231e-01 6.15e-04
6.52117e-01 6.14e-04
6.53002e-01 6.13e-04
6.53886e-01 6.11e-04
6.54770e-01 6.10e-04
6.55653e-01 6.09e-04
6.56535e-01 6.08e-04
6.57416e-01 6.07e-04
6.58297e-01 6.05e-04
6.59177e-01 6.04e-04
6.60056e-01 6.03e-04
6.60934e-01 6.02e-04
6.61811e-01 6.01e-04
6.62688e-01 6.00e-04
6.63564e-01 5.99e-04
6.64439e-01 5.98e-04
6.65262e-01 5.96e-04
6.66136e-01 5.95e-04
6.67009e-01 5.94e-04
6.67881e-01 5.93e-04
6.68752e-01 5.92e-04
6.69623e-01 5.91e-04
6.70441e-01 5.90e-04
6.71310e-01 5.89e-04
6.72179e-01 5.88e-04
6.73047e-01 5.87e-04
6.73862e-01 5.86e-04
6.74729e-01 5.85e-04
6.75594e-01 5.84e-04
6.76408e-01 5.83e-04
6.77272e-01 5.82e-04
6.78135e-01 5.81e-04
6.78947e-01 5.80e-04
6.79809e-01 5.80e-04
6.80619e-01 5.79e-04
6.81479e-01 5.78e-04
6.82339e-01 5.77e-04
6.83147e-01 5.76e-04
6.84006e-01 5.75e-04
6.84813e-01 5.74e-04
6.85669e-01 5.74e-04
6.86475e-01 5.73e-04
6.87330e-01 5.72e-04
6.88135e-01 5.71e-04
6.88989e-01 5.70e-04
6.89792e-01 5.70e-04
6.90594e-01 5.69e-04
6.91446e-01 5.68e-04
6.92247e-01 5.67e-04
6.93097e-01 5.66e-04
6.93897e-01 5.66e-04
6.94696e-01 5.65e-04
6.95544e-01 5.64e-04
6.96342e-01 5.63e-04
6.97139e-01 5.63e-04
6.97985e-01 5.62e-04
6.98781e-01 5.61e-04
6.99576e-01 5.61e-04
7.00371e-01 5.60e-04
7.01215e-01 5.60e-04
7.02008e-01 5.59e-04
7.02800e-01 5.58e-04
7.03592e-01 5.58e-04
7.04384e-01 5.57e-04
7.05224e-01 5.57e-04
7.12754e-01 5.52e-04
7.20130e-01 5.49e-04
7.25905e-01 5.47e-04
7.31598e-01 5.47e-04
7.36159e-01 5.48e-04
7.40603e-01 5.50e-04
7.42842e-01 5.51e-04
7.45075e-01 5.52e-04
7.45787e-01 5.53e-04
7.46546e-01 5.53e-04
7.47257e-01 5.54e-04
7.47967e-01 5.55e-04
7.48724e-01 5.55e-04
7.49433e-01 5.56e-04
7.50189e-01 5.57e-04
7.50897e-01 5.58e-04
7.51652e-01 5.59e-04
7.52359e-01 5.59e-04
7.53066e-01 5.60e-04
7.53819e-01 5.61e-04
7.54524e-01 5.62e-04
7.55277e-01 5.63e-04
7.55981e-01 5.65e-04
7.56685e-01 5.66e-04
7.57436e-01 5.67e-04
7.58139e-01 5.68e-04
7.58841e-01 5.70e-04
7.59543e-01 5.71e-04
7.60292e-01 5.72e-04
7.60993e-01 5.74e-04
7.61693e-01 5.75e-04
7.62393e-01 5.77e-04
7.63140e-01 5.79e-04
7.63839e-01 5.80e-04
7.64537e-01 5.82e-04
7.65235e-01 5.84e-04
7.65979e-01 5.86e-04
7.66676e-01 5.88e-04
7.67373e-01 5.90e-04
7.68069e-01 5.92e-04
7.68765e-01 5.94e-04
7.69460e-01 5.97e-04
7.70155e-01 5.99e-04
7.70895e-01 6.01e-04
7.71589e-01 6.04e-04
7.72282e-01 6.07e-04
7.72974e-01 6.09e-04
7.73667e-01 6.12e-04
7.74358e-01 6.15e-04
7.75050e-01 6.18e-04
7.75740e-01 6.21e-04
7.76431e-01 6.24e-04
7.77121e-01 6.28e-04
7.77810e-01 6.31e-04
7.78499e-01 6.34e-04
7.79187e-01 6.38e-04
7.79875e-01 6.42e-04
7.80563e-01 6.46e-04
7.81250e-01 6.49e-04
7.81936e-01 6.54e-04
7.82622e-01 6.58e-04
7.83308e-01 6.62e-04
7.83993e-01 6.67e-04
7.84677e-01 6.71e-04
7.85362e-01 6.76e-04
7.86000e-01 6.80e-04
7.86683e-01 6.85e-04
7.87366e-01 6.89e-04
7.88048e-01 6.94e-04
7.88730e-01 6.99e-04
7.89411e-01 7.04e-04
7.90092e-01 7.09e-04
7.90728e-01 7.14e-04
7.91408e-01 7.20e-04
7.92087e-01 7.26e-04
7.92766e-01 7.31e-04
7.93445e-01 7.38e-04
7.94078e-01 7.44e-04
7.94756e-01 7.50e-04
7.95433e-01 7.57e-04
7.96110e-01 7.64e-04
7.96741e-01 7.71e-04
7.97417e-01 7.79e-04
7.98093e-01 7.87e-04
7.98768e-01 7.95e-04
7.99397e-01 8.03e-04
8.00071e-01 8.11e-04
8.00745e-01 8.20e-04
8.01374e-01 8.30e-04
8.02046e-01 8.39e-04
8.02719e-01 8.49e-04
8.03346e-01 8.59e-04
8.04017e-01 8.70e-04
8.04644e-01 8.81e-04
8.05314e-01 8.92e-04
8.05985e-01 9.04e-04
8.06610e-01 9.17e-04
8.07279e-01 9.29e-04
8.07903e-01 9.43e-04
8.08572e-01 9.57e-04
8.09240e-01 9.71e-04
8.09863e-01 9.86e-04
8.10530e-01 1.00e-03
8.11152e-01 1.02e-03
8.11819e-01 1.04e-03
8.12440e-01 1.06e-03
8.13106e-01 1.08e-03
8.13726e-01 1.10e-03
8.14391e-01 1.12e-03
8.15011e-01 1.14e-03
8.15674e-01 1.17e-03
8.16294e-01 1.19e-03
8.16603e-01 1.20e-03
8.17266e-01 1.23e-03
8.17575e-01 1.24e-03
8.18193e-01 1.27e-03
8.18854e-01 1.30e-03
8.19471e-01 1.34e-03
8.20132e-01 1.37e-03
8.20749e-01 1.40e-03
8.21057e-01 1.42e-03
8.21716e-01 1.46e-03
8.22024e-01 1.48e-03
8.22639e-01 1.52e-03
8.23298e-01 1.56e-03
8.23605e-01 1.59e-03
8.24219e-01 1.63e-03
8.24526e-01 1.66e-03
8.25184e-01 1.71e-03
8.25490e-01 1.74e-03
8.26103e-01 1.79e-03
8.26410e-01 1.82e-03
8.27066e-01 1.88e-03
8.27372e-01 1.91e-03
8.27984e-01 1.98e-03
8.28290e-01 2.02e-03
8.28945e-01 2.11e-03
8.29556e-01 2.22e-03
8.29861e-01 2.27e-03
8.30471e-01 2.42e-03
8.30776e-01 2.51e-03
8.31430e-01 2.73e-03
8.31735e-01 2.89e-03
8.32344e-01 3.27e-03
8.32648e-01 3.51e-03
8.33257e-01 4.05e-03
8.33909e-01 4.55e-03
8.34213e-01 4.80e-03
8.34820e-01 5.19e-03
8.35124e-01 5.37e-03
8.35731e-01 5.71e-03
8.36338e-01 6.04e-03
8.36641e-01 6.20e-03
8.37291e-01 6.54e-03
8.37594e-01 6.71e-03
8.38199e-01 7.07e-03
8.38502e-01 7.25e-03
8.39107e-01 7.64e-03
8.39410e-01 7.83e-03
8.40014e-01 8.26e-03
8.40316e-01 8.48e-03
8.40964e-01 8.95e-03
8.41265e-01 9.20e-03
8.41869e-01 9.72e-03
8.42170e-01 1.00e-02
8.42773e-01 1.06e-02
8.43376e-01 1.12e-02
8.43677e-01 1.15e-02
8.44279e-01 1.23e-02
8.44580e-01 1.26e-02
8.45181e-01 1.34e-02
8.45482e-01 1.39e-02
8.46083e-01 1.48e-02
8.46383e-01 1.52e-02
8.46984e-01 1.63e-02
8.47284e-01 1.68e-02
8.47883e-01 1.80e-02
8.48226e-01 1.86e-02
8.48825e-01 1.99e-02
8.49424e-01 2.13e-02
8.49723e-01 2.20e-02
8.50322e-01 2.36e-02
8.50621e-01 2.45e-02
8.51219e-01 2.63e-02
8.51518e-01 2.72e-02
8.52115e-01 2.93e-02
8.52413e-01 3.03e-02
8.53010e-01 3.27e-02
8.53308e-01 3.39e-02
8.53862e-01 3.64e-02
8.54160e-01 3.78e-02
8.54756e-01 4.06e-02
8.55351e-01 4.37e-02
8.55649e-01 4.52e-02
8.56243e-01 4.85e-02
8.56541e-01 5.02e-02
8.57135e-01 5.39e-02
8.57432e-01 5.58e-02
8.58026e-01 6.00e-02
8.58323e-01 6.23e-02
8.58916e-01 6.74e-02
8.59212e-01 7.05e-02
8.59805e-01 7.75e-02
8.60101e-01 8.22e-02
8.60693e-01 9.27e-02
8.60947e-01 1.01e-01
8.61539e-01 1.18e-01
8.61835e-01 1.32e-01
8.62130e-01 1.46e-01
8.62426e-01 1.60e-01
8.63017e-01 2.00e-01
8.63312e-01 2.20e-01
8.63902e-01 2.57e-01
8.64197e-01 2.71e-01
8.64745e-01 2.75e-01
8.65040e-01 2.70e-01
8.65629e-01 2.37e-01
8.65923e-01 2.18e-01
8.66512e-01 1.77e-01
8.66806e-01 1.59e-01
8.67395e-01 1.29e-01
8.67689e-01 1.18e-01
8.68234e-01 9.95e-02
8.68528e-01 9.31e-02
8.69115e-01 8.19e-02
8.69409e-01 7.80e-02
8.69995e-01 7.07e-02
8.70540e-01 6.54e-02
8.70833e-01 6.28e-02
8.71419e-01 5.86e-02
8.71712e-01 5.66e-02
8.72297e-01 5.29e-02
8.72548e-01 5.11e-02
8.73133e-01 4.78e-02
8.73425e-01 4.62e-02
8.74009e-01 4.32e-02
8.74301e-01 4.17e-02
8.74844e-01 3.89e-02
8.75135e-01 3.76e-02
8.75719e-01 3.50e-02
8.76010e-01 3.38e-02
8.76551e-01 3.16e-02
8.76843e-01 3.05e-02
8.77425e-01 2.85e-02
8.77716e-01 2.75e-02
8.78257e-01 2.57e-02
8.78547e-01 2.49e-02
8.79129e-01 2.33e-02
8.79710e-01 2.19e-02
8.79959e-01 2.12e-02
8.80539e-01 1.99e-02
8.80829e-01 1.93e-02
8.81368e-01 1.82e-02
8.81658e-01 1.76e-02
8.82237e-01 1.66e-02
8.82527e-01 1.61e-02
8.83065e-01 1.52e-02
8.83354e-01 1.47e-02
8.83933e-01 1.39e-02
8.84181e-01 1.36e-02
8.84759e-01 1.28e-02
8.85048e-01 1.25e-02
8.85584e-01 1.19e-02
8.85873e-01 1.16e-02
8.86450e-01 1.10e-02
8.86738e-01 1.07e-02
8.87274e-01 1.02e-02
8.87562e-01 9.99e-03
8.88097e-01 9.54e-03
8.88385e-01 9.32e-03
8.88961e-01 8.91e-03
8.89248e-01 8.72e-03
8.89782e-01 8.35e-03
8.90070e-01 8.17e-03
8.90604e-01 7.83e-03
8.90891e-01 7.67e-03
8.91465e-01 7.35e-03
8.91998e-01 7.05e-03
8.92572e-01 6.74e-03
8.93104e-01 6.44e-03
8.93391e-01 6.27e-03
8.93922e-01 5.93e-03
8.94209e-01 5.71e-03
8.94781e-01 5.27e-03
8.95026e-01 5.02e-03
8.95598e-01 4.52e-03
8.95843e-01 4.32e-03
8.96415e-01 3.93e-03
8.96700e-01 3.81e-03
8.97230e-01 3.60e-03
8.97516e-01 3.52e-03
8.98045e-01 3.38e-03
8.98615e-01 3.28e-03
8.98860e-01 3.23e-03
8.99429e-01 3.15e-03
8.99673e-01 3.12e-03
9.00243e-01 3.05e-03
9.00527e-01 3.02e-03
9.01055e-01 2.97e-03
9.01340e-01 2.94e-03
9.01867e-01 2.90e-03
9.02151e-01 2.87e-03
9.02679e-01 2.83e-03
9.02962e-01 2.80e-03
9.03489e-01 2.76e-03
9.03773e-01 2.74e-03
9.04299e-01 2.70e-03
9.04582e-01 2.68e-03
9.05108e-01 2.65e-03
9.05675e-01 2.61e-03
9.06200e-01 2.58e-03
9.06725e-01 2.55e-03
9.07290e-01 2.52e-03
9.07815e-01 2.50e-03
9.08339e-01 2.47e-03
9.08904e-01 2.45e-03
9.09427e-01 2.43e-03
9.09951e-01 2.40e-03
9.10474e-01 2.38e-03
9.11037e-01 2.37e-03
9.11560e-01 2.35e-03
9.12082e-01 2.33e-03
9.12644e-01 2.32e-03
9.13166e-01 2.30e-03
9.13687e-01 2.29e-03
9.14209e-01 2.27e-03
9.14770e-01 2.26e-03
9.15290e-01 2.25e-03
9.15811e-01 2.24e-03
9.16331e-01 2.23e-03
9.16851e-01 2.22e-03
9.17410e-01 2.22e-03
9.17929e-01 2.21e-03
9.18448e-01 2.20e-03
9.18967e-01 2.20e-03
9.19486e-01 2.19e-03
9.20044e-01 2.19e-03
9.20562e-01 2.18e-03
9.21079e-01 2.18e-03
9.21597e-01 2.18e-03
9.22114e-01 2.17e-03
9.24457e-01 2.16e-03
9.26835e-01 2.16e-03
9.28891e-01 2.16e-03
9.30430e-01 2.17e-03
9.31455e-01 2.17e-03
9.31967e-01 2.17e-03
9.32479e-01 2.18e-03
9.32991e-01 2.18e-03
9.33541e-01 2.18e-03
9.34052e-01 2.18e-03
9.34563e-01 2.19e-03
9.35073e-01 2.19e-03
9.35583e-01 2.19e-03
9.36093e-01 2.19e-03
9.36603e-01 2.20e-03
9.37112e-01 2.20e-03
9.37622e-01 2.20e-03
9.38130e-01 2.21e-03
9.38639e-01 2.21e-03
9.39148e-01 2.21e-03
9.39656e-01 2.22e-03
9.40163e-01 2.22e-03
9.40671e-01 2.23e-03
9.41139e-01 2.23e-03
9.41647e-01 2.23e-03
9.42153e-01 2.24e-03
9.42660e-01 2.24e-03
9.43166e-01 2.25e-03
9.43672e-01 2.25e-03
9.44178e-01 2.26e-03
9.44684e-01 2.26e-03
9.45189e-01 2.27e-03
9.45694e-01 2.28e-03
9.46199e-01 2.28e-03
9.46704e-01 2.29e-03
9.47208e-01 2.30e-03
9.47712e-01 2.30e-03
9.48177e-01 2.31e-03
9.48680e-01 2.32e-03
9.49184e-01 2.32e-03
9.49687e-01 2.33e-03
9.50190e-01 2.34e-03
9.50692e-01 2.35e-03
9.51194e-01 2.35e-03
9.51696e-01 2.36e-03
9.52160e-01 2.37e-03
9.52661e-01 2.38e-03
9.53163e-01 2.39e-03
9.53664e-01 2.40e-03
9.54164e-01 2.40e-03
9.54665e-01 2.41e-03
9.55127e-01 2.42e-03
9.55627e-01 2.43e-03
9.56127e-01 2.44e-03
9.56626e-01 2.45e-03
9.57126e-01 2.46e-03
9.57586e-01 2.47e-03
9.58085e-01 2.48e-03
9.58584e-01 2.49e-03
9.59082e-01 2.50e-03
9.59580e-01 2.51e-03
9.60040e-01 2.52e-03
9.60537e-01 2.53e-03
9.61035e-01 2.54e-03
9.61532e-01 2.55e-03
9.61990e-01 2.56e-03
9.62487e-01 2.57e-03
9.62983e-01 2.58e-03
9.63480e-01 2.60e-03
9.63937e-01 2.61e-03
9.64433e-01 2.62e-03
9.64929e-01 2.63e-03
9.65386e-01 2.64e-03
9.65881e-01 2.66e-03
9.66375e-01 2.67e-03
9.66870e-01 2.68e-03
9.67326e-01 2.69e-03
9.67820e-01 2.70e-03
9.68314e-01 2.72e-03
9.68769e-01 2.73e-03
9.69035e-01 2.74e-03
9.69490e-01 2.75e-03
9.69983e-01 2.76e-03
9.70476e-01 2.78e-03
9.70930e-01 2.79e-03
9.71423e-01 2.81e-03
9.71915e-01 2.82e-03
9.72369e-01 2.83e-03
9.72860e-01 2.85e-03
9.73351e-01 2.86e-03
9.73805e-01 2.88e-03
9.74295e-01 2.89e-03
9.74786e-01 2.91e-03
9.75239e-01 2.92e-03
9.75729e-01 2.94e-03
9.76181e-01 2.95e-03
9.76671e-01 2.97e-03
9.77160e-01 2.98e-03
9.77612e-01 3.00e-03
9.78101e-01 3.01e-03
9.78552e-01 3.03e-03
9.79040e-01 3.05e-03
9.79528e-01 3.06e-03
9.79979e-01 3.08e-03
9.80467e-01 3.10e-03
9.80917e-01 3.11e-03
9.81404e-01 3.13e-03
9.81891e-01 3.15e-03
9.82341e-01 3.17e-03
9.82827e-01 3.18e-03
9.83276e-01 3.20e-03
9.83762e-01 3.22e-03
9.84211e-01 3.24e-03
9.84697e-01 3.26e-03
9.85145e-01 3.28e-03
9.85630e-01 3.29e-03
9.86078e-01 3.31e-03
9.86563e-01 3.33e-03
9.87010e-01 3.35e-03
9.87494e-01 3.37e-03
9.87941e-01 3.39e-03
9.88425e-01 3.41e-03
9.88872e-01 3.43e-03
9.89355e-01 3.45e-03
9.89801e-01 3.48e-03
9.90284e-01 3.50e-03
9.90730e-01 3.52e-03
9.91213e-01 3.54e-03
9.91658e-01 3.56e-03
9.92140e-01 3.59e-03
9.92585e-01 3.61e-03
9.93067e-01 3.63e-03
9.93511e-01 3.65e-03
9.93992e-01 3.68e-03
9.94436e-01 3.70e-03
9.94917e-01 3.73e-03
9.95361e-01 3.75e-03
9.95804e-01 3.78e-03
9.96284e-01 3.80e-03
9.96727e-01 3.83e-03
9.97207e-01 3.85e-03
9.97649e-01 3.88e-03
9.98129e-01 3.91e-03
9.98571e-01 3.94e-03
9.99013e-01 3.96e-03
9.99492e-01 3.99e-03
9.99933e-01 4.02e-03
1.00041e+00 4.05e-03
1.00085e+00 4.08e-03
1.00129e+00 4.11e-03
1.00177e+00 4.14e-03
1.00221e+00 4.17e-03
1.00269e+00 4.21e-03
1.00313e+00 4.24e-03
1.00357e+00 4.27e-03
1.00405e+00 4.31e-03
1.00448e+00 4.34e-03
1.00492e+00 4.38e-03
1.00540e+00 4.41e-03
1.00584e+00 4.45e-03
1.00628e+00 4.49e-03
1.00675e+00 4.53e-03
1.00719e+00 4.57e-03
1.00763e+00 4.61e-03
1.00810e+00 4.65e-03
1.00854e+00 4.69e-03
1.00898e+00 4.73e-03
1.00945e+00 4.78e-03
1.00989e+00 4.82e-03
1.01033e+00 4.87e-03
1.01080e+00 4.91e-03
1.01124e+00 4.96e-03
1.01167e+00 5.01e-03
1.01215e+00 5.06e-03
1.01258e+00 5.11e-03
1.01302e+00 5.16e-03
1.01345e+00 5.21e-03
1.01393e+00 5.26e-03
1.01436e+00 5.31e-03
1.01480e+00 5.37e-03
1.01527e+00 5.42e-03
1.01570e+00 5.47e-03
1.01614e+00 5.53e-03
1.01657e+00 5.58e-03
1.01704e+00 5.64e-03
1.01747e+00 5.70e-03
1.01791e+00 5.75e-03
1.01834e+00 5.81e-03
1.01881e+00 5.87e-03
1.01924e+00 5.92e-03
1.01968e+00 5.98e-03
1.02011e+00 6.04e-03
1.02054e+00 6.09e-03
1.02101e+00 6.15e-03
1.02144e+00 6.21e-03
1.02188e+00 6.26e-03
1.02231e+00 6.32e-03
1.02277e+00 6.37e-03
1.02321e+00 6.43e-03
1.02364e+00 6.48e-03
1.02407e+00 6.53e-03
1.02450e+00 6.58e-03
1.02497e+00 6.63e-03
1.02540e+00 6.67e-03
1.02583e+00 6.72e-03
1.02626e+00 6.76e-03
1.02669e+00 6.81e-03
1.02712e+00 6.85e-03
1.02758e+00 6.89e-03
1.02801e+00 6.93e-03
1.02844e+00 6.97e-03
1.02887e+00 7.00e-03
1.02930e+00 7.04e-03
1.02973e+00 7.08e-03
1.03019e+00 7.11e-03
1.03062e+00 7.15e-03
1.03105e+00 7.18e-03
1.03147e+00 7.21e-03
1.03190e+00 7.24e-03
1.03233e+00 7.26e-03
1.03276e+00 7.29e-03
1.03322e+00 7.31e-03
1.03365e+00 7.33e-03
1.03407e+00 7.35e-03
1.03450e+00 7.36e-03
1.03493e+00 7.38e-03
1.03535e+00 7.39e-03
1.03684e+00 7.41e-03
1.03794e+00 7.42e-03
1.03922e+00 7.41e-03
1.04006e+00 7.39e-03
1.04049e+00 7.39e-03
1.04091e+00 7.38e-03
1.04134e+00 7.37e-03
1.04176e+00 7.35e-03
1.04218e+00 7.34e-03
1.04261e+00 7.33e-03
1.04303e+00 7.31e-03
1.04349e+00 7.29e-03
1.04391e+00 7.28e-03
1.04433e+00 7.26e-03
1.04475e+00 7.24e-03
1.04518e+00 7.22e-03
1.04560e+00 7.19e-03
1.04602e+00 7.17e-03
1.04644e+00 7.14e-03
1.04686e+00 7.11e-03
1.04728e+00 7.09e-03
1.04770e+00 7.06e-03
1.04813e+00 7.03e-03
1.04855e+00 7.00e-03
1.04897e+00 6.97e-03
1.04939e+00 6.94e-03
1.04981e+00 6.91e-03
1.05023e+00 6.88e-03
1.05065e+00 6.85e-03
1.05107e+00 6.82e-03
1.05149e+00 6.79e-03
1.05190e+00 6.76e-03
1.05232e+00 6.73e-03
1.05274e+00 6.70e-03
1.05316e+00 6.67e-03
1.05358e+00 6.64e-03
1.05400e+00 6.62e-03
1.05442e+00 6.59e-03
1.05483e+00 6.56e-03
1.05522e+00 6.53e-03
1.05564e+00 6.51e-03
1.05605e+00 6.48e-03
1.05647e+00 6.46e-03
1.05689e+00 6.43e-03
1.05730e+00 6.41e-03
1.05772e+00 6.38e-03
1.05814e+00 6.36e-03
1.05855e+00 6.34e-03
1.05897e+00 6.32e-03
1.05939e+00 6.30e-03
1.05980e+00 6.28e-03
1.06022e+00 6.26e-03
1.06063e+00 6.24e-03
1.06105e+00 6.22e-03
1.06143e+00 6.20e-03
1.06184e+00 6.18e-03
1.06226e+00 6.17e-03
1.06267e+00 6.15e-03
1.06309e+00 6.13e-03
1.06350e+00 6.12e-03
1.06392e+00 6.10e-03
1.06433e+00 6.09e-03
1.06475e+00 6.07e-03
1.06516e+00 6.06e-03
1.06554e+00 6.05e-03
1.06595e+00 6.03e-03
1.06636e+00 6.02e-03
1.06678e+00 6.01e-03
1.06698e+00 6.00e-03
1.06719e+00 6.04e-03
1.06760e+00 6.18e-03
1.06781e+00 6.24e-03
1.06822e+00 6.22e-03
1.06860e+00 6.20e-03
1.06901e+00 6.18e-03
1.06942e+00 6.16e-03
1.06984e+00 6.15e-03
1.07025e+00 6.13e-03
1.07066e+00 6.11e-03
1.07107e+00 6.10e-03
1.07145e+00 6.08e-03
1.07186e+00 6.06e-03
1.07227e+00 6.05e-03
1.07268e+00 6.03e-03
1.07309e+00 6.02e-03
1.07350e+00 6.00e-03
1.07388e+00 5.99e-03
1.07429e+00 5.98e-03
1.07470e+00 5.96e-03
1.07510e+00 5.95e-03
1.07551e+00 5.94e-03
1.07592e+00 5.92e-03
1.07630e+00 5.91e-03
1.07671e+00 5.90e-03
1.07712e+00 5.88e-03
1.07752e+00 5.87e-03
1.07793e+00 5.86e-03
1.07831e+00 5.85e-03
1.07872e+00 5.84e-03
1.07912e+00 5.82e-03
1.07953e+00 5.81e-03
1.07991e+00 5.80e-03
1.08031e+00 5.79e-03
1.08072e+00 5.78e-03
1.08113e+00 5.77e-03
1.08153e+00 5.76e-03
1.08191e+00 5.75e-03
1.08231e+00 5.74e-03
1.08272e+00 5.72e-03
1.08313e+00 5.71e-03
1.08350e+00 5.70e-03
1.08390e+00 5.69e-03
1.08431e+00 5.68e-03
1.08472e+00 5.67e-03
1.08509e+00 5.66e-03
1.08549e+00 5.65e-03
1.08590e+00 5.64e-03
1.08630e+00 5.63e-03
1.08667e+00 5.62e-03
1.08708e+00 5.61e-03
1.08748e+00 5.61e-03
1.08789e+00 5.60e-03
1.08826e+00 5.59e-03
1.08866e+00 5.58e-03
1.08907e+00 5.57e-03
1.08947e+00 5.56e-03
1.08984e+00 5.55e-03
1.09024e+00 5.54e-03
1.09065e+00 5.53e-03
1.09102e+00 5.52e-03
1.09142e+00 5.52e-03
1.09182e+00 5.51e-03
1.09223e+00 5.50e-03
1.09259e+00 5.49e-03
1.09300e+00 5.48e-03
1.09340e+00 5.47e-03
1.09377e+00 5.47e-03
1.09417e+00 5.46e-03
1.09457e+00 5.45e-03
1.09494e+00 5.44e-03
1.09534e+00 5.43e-03
1.09574e+00 5.43e-03
1.09611e+00 5.42e-03
1.09651e+00 5.41e-03
1.09691e+00 5.40e-03
1.09728e+00 5.40e-03
1.09768e+00 5.39e-03
1.09808e+00 5.38e-03
1.09845e+00 5.37e-03
1.09885e+00 5.37e-03
1.09925e+00 5.36e-03
1.09961e+00 5.35e-03
1.10001e+00 5.34e-03
1.10041e+00 5.34e-03
1.10078e+00 5.33e-03
1.10118e+00 5.32e-03
1.10157e+00 5.31e-03
1.10194e+00 5.31e-03
1.10234e+00 5.30e-03
1.10274e+00 5.29e-03
1.10310e+00 5.29e-03
1.10350e+00 5.28e-03
1.10390e+00 5.27e-03
1.10426e+00 5.26e-03
1.10466e+00 5.26e-03
1.10503e+00 5.25e-03
1.10542e+00 5.24e-03
1.10582e+00 5.24e-03
1.10618e+00 5.23e-03
1.10658e+00 5.22e-03
1.10698e+00 5.22e-03
1.10734e+00 5.21e-03
1.10774e+00 5.20e-03
1.10810e+00 5.20e-03
1.10850e+00 5.19e-03
1.10889e+00 5.18e-03
1.10926e+00 5.18e-03
1.10965e+00 5.17e-03
1.11001e+00 5.16e-03
1.11041e+00 5.16e-03
1.11080e+00 5.15e-03
1.11117e+00 5.14e-03
1.11156e+00 5.14e-03
1.11192e+00 5.13e-03
1.11232e+00 5.13e-03
1.11268e+00 5.12e-03
1.11307e+00 5.11e-03
1.11347e+00 5.11e-03
1.11383e+00 5.10e-03
1.11422e+00 5.09e-03
1.11458e+00 5.09e-03
1.11498e+00 5.08e-03
1.11534e+00 5.08e-03
1.11573e+00 5.07e-03
1.11612e+00 5.06e-03
1.11648e+00 5.06e-03
1.11688e+00 5.05e-03
1.11724e+00 5.05e-03
1.11763e+00 5.04e-03
1.11799e+00 5.03e-03
1.11838e+00 5.03e-03
1.11874e+00 5.02e-03
1.11913e+00 5.02e-03
1.11953e+00 5.01e-03
1.11988e+00 5.00e-03
1.12028e+00 5.00e-03
1.12063e+00 4.99e-03
1.12103e+00 4.99e-03
1.12138e+00 4.98e-03
1.12178e+00 4.98e-03
1.12213e+00 4.97e-03
1.12252e+00 4.96e-03
1.12288e+00 4.96e-03
1.12327e+00 4.95e-03
1.12363e+00 4.95e-03
1.12402e+00 4.94e-03
1.12438e+00 4.94e-03
1.12477e+00 4.93e-03
1.12512e+00 4.92e-03
1.12551e+00 4.92e-03
1.12587e+00 4.91e-03
1.12626e+00 4.91e-03
1.12662e+00 4.90e-03
1.12701e+00 4.90e-03
1.12736e+00 4.89e-03
1.12775e+00 4.89e-03
1.12811e+00 4.88e-03
1.12849e+00 4.88e-03
1.12885e+00 4.87e-03
1.12924e+00 4.86e-03
1.12959e+00 4.86e-03
1.12998e+00 4.85e-03
1.13034e+00 4.85e-03
1.13072e+00 4.84e-03
1.13108e+00 4.84e-03
1.13147e+00 4.83e-03
1.13182e+00 4.83e-03
1.13221e+00 4.82e-03
1.13256e+00 4.82e-03
1.13295e+00 4.81e-03
1.13330e+00 4.81e-03
1.13369e+00 4.80e-03
1.13404e+00 4.80e-03
1.13443e+00 4.79e-03
1.13478e+00 4.79e-03
1.13514e+00 4.78e-03
1.13552e+00 4.78e-03
1.13588e+00 4.77e-03
1.13626e+00 4.77e-03
1.13661e+00 4.76e-03
1.13700e+00 4.76e-03
1.13735e+00 4.75e-03
1.13774e+00 4.75e-03
1.13809e+00 4.74e-03
1.13844e+00 4.74e-03
1.13883e+00 4.73e-03
1.13918e+00 4.73e-03
1.13956e+00 4.72e-03
1.13991e+00 4.72e-03
1.14030e+00 4.71e-03
1.14065e+00 4.71e-03
1.14100e+00 4.70e-03
1.14138e+00 4.70e-03
1.14174e+00 4.69e-03
1.14212e+00 4.69e-03
1.14247e+00 4.68e-03
1.14285e+00 4.68e-03
1.14320e+00 4.67e-03
1.14355e+00 4.67e-03
1.14394e+00 4.66e-03
1.14429e+00 4.66e-03
1.14467e+00 4.65e-03
1.14502e+00 4.65e-03
1.14537e+00 4.64e-03
1.14575e+00 4.64e-03
1.14610e+00 4.63e-03
1.14648e+00 4.63e-03
1.14683e+00 4.62e-03
1.14718e+00 4.62e-03
1.14756e+00 4.61e-03
1.14791e+00 4.61e-03
1.14829e+00 4.60e-03
1.14864e+00 4.60e-03
1.14899e+00 4.59e-03
1.14937e+00 4.59e-03
1.14972e+00 4.59e-03
1.15010e+00 4.58e-03
1.15045e+00 4.58e-03
1.15079e+00 4.57e-03
1.15117e+00 4.57e-03
1.15152e+00 4.56e-03
1.16664e+00 4.38e-03
1.17869e+00 4.23e-03
1.19122e+00 4.09e-03
1.20423e+00 3.95e-03
1.21734e+00 3.81e-03
1.23250e+00 3.65e-03
1.24580e+00 3.52e-03
1.25920e+00 3.40e-03
1.27271e+00 3.28e-03
1.28722e+00 3.15e-03
1.30511e+00 3.00e-03
1.31590e+00 2.91e-03
1.33009e+00 2.80e-03
1.34636e+00 2.68e-03
1.36044e+00 2.58e-03
1.37490e+00 2.48e-03
1.38974e+00 2.38e-03
1.40359e+00 2.29e-03
1.41784e+00 2.20e-03
1.43251e+00 2.11e-03
1.44889e+00 2.02e-03
1.46356e+00 1.94e-03
1.47917e+00 1.86e-03
1.49284e+00 1.79e-03
1.50772e+00 1.72e-03
1.52281e+00 1.65e-03
1.54013e+00 1.57e-03
1.55559e+00 1.50e-03
1.57155e+00 1.44e-03
1.58748e+00 1.38e-03
1.60340e+00 1.32e-03
1.62141e+00 1.25e-03
1.63791e+00 1.20e-03
1.65577e+00 1.14e-03
1.67191e+00 1.09e-03
1.68999e+00 1.03e-03
1.70718e+00 9.84e-04
1.72533e+00 9.35e-04
1.74372e+00 8.88e-04
1.76321e+00 8.40e-04
1.78136e+00 7.98e-04
1.80296e+00 7.51e-04
1.81983e+00 7.15e-04
1.84304e+00 6.70e-04
1.86577e+00 6.28e-04
1.88864e+00 5.88e-04
1.91374e+00 5.47e-04
1.94537e+00 5.00e-04
1.94571e+00 4.99e-04
1.94607e+00 4.99e-04
1.94642e+00 4.98e-04
1.94678e+00 4.98e-04
1.94715e+00 4.97e-04
1.94751e+00 4.97e-04
1.94787e+00 4.96e-04
1.94822e+00 4.96e-04
1.94858e+00 4.95e-04
1.94893e+00 4.95e-04
1.94929e+00 4.94e-04
1.94966e+00 4.94e-04
1.95002e+00 4.93e-04
1.95037e+00 4.93e-04
1.95074e+00 4.92e-04
1.95110e+00 4.92e-04
1.95145e+00 4.91e-04
1.95182e+00 4.91e-04
1.95218e+00 4.90e-04
1.95255e+00 4.90e-04
1.95290e+00 4.89e-04
1.95327e+00 4.88e-04
1.95362e+00 4.88e-04
1.95399e+00 4.87e-04
1.95435e+00 4.87e-04
1.95471e+00 4.86e-04
1.95508e+00 4.86e-04
1.95544e+00 4.85e-04
1.95580e+00 4.85e-04
1.95617e+00 4.84e-04
1.95654e+00 4.84e-04
1.95689e+00 4.83e-04
1.95726e+00 4.83e-04
1.95763e+00 4.82e-04
1.95799e+00 4.82e-04
1.95836e+00 4.81e-04
1.95873e+00 4.81e-04
1.95909e+00 4.80e-04
1.95946e+00 4.80e-04
1.95983e+00 4.79e-04
1.96019e+00 4.79e-04
1.96056e+00 4.78e-04
1.96093e+00 4.78e-04
1.96129e+00 4.77e-04
1.96167e+00 4.77e-04
1.96204e+00 4.76e-04
1.96240e+00 4.76e-04
1.96277e+00 4.75e-04
1.96315e+00 4.75e-04
1.96351e+00 4.74e-04
1.96388e+00 4.74e-04
1.96426e+00 4.73e-04
1.96462e+00 4.73e-04
1.96500e+00 4.72e-04
1.96536e+00 4.72e-04
1.96574e+00 4.71e-04
1.96610e+00 4.71e-04
1.96648e+00 4.70e-04
1.96686e+00 4.70e-04
1.96722e+00 4.69e-04
1.96760e+00 4.69e-04
1.96798e+00 4.68e-04
1.96834e+00 4.68e-04
1.96872e+00 4.67e-04
1.96910e+00 4.67e-04
1.96947e+00 4.66e-04
1.96985e+00 4.66e-04
1.97023e+00 4.65e-04
1.97060e+00 4.65e-04
1.97098e+00 4.64e-04
1.97136e+00 4.64e-04
1.97173e+00 4.63e-04
1.97211e+00 4.63e-04
1.97248e+00 4.62e-04
1.97286e+00 4.62e-04
1.97323e+00 4.61e-04
1.97361e+00 4.61e-04
1.97400e+00 4.60e-04
1.97437e+00 4.60e-04
1.97475e+00 4.59e-04
1.97514e+00 4.59e-04
1.97551e+00 4.58e-04
1.97588e+00 4.58e-04
1.97627e+00 4.57e-04
1.97665e+00 4.57e-04
1.97703e+00 4.56e-04
1.97741e+00 4.56e-04
1.97780e+00 4.55e-04
1.97817e+00 4.55e-04
1.97856e+00 4.54e-04
1.97894e+00 4.54e-04
1.97932e+00 4.53e-04
1.97970e+00 4.53e-04
1.98009e+00 4.52e-04
1.98048e+00 4.52e-04
1.98086e+00 4.51e-04
1.98125e+00 4.51e-04
1.98162e+00 4.50e-04
1.98201e+00 4.50e-04
1.98239e+00 4.49e-04
1.98278e+00 4.49e-04
1.98318e+00 4.48e-04
1.98356e+00 4.48e-04
1.98395e+00 4.47e-04
1.98433e+00 4.47e-04
1.98472e+00 4.46e-04
1.98510e+00 4.46e-04
1.98550e+00 4.45e-04
1.98589e+00 4.45e-04
1.98627e+00 4.44e-04
1.98667e+00 4.44e-04
1.98705e+00 4.43e-04
1.98745e+00 4.43e-04
1.98783e+00 4.42e-04
1.98823e+00 4.42e-04
1.98861e+00 4.41e-04
1.98901e+00 4.41e-04
1.98939e+00 4.40e-04
1.98979e+00 4.40e-04
1.99019e+00 4.39e-04
1.99058e+00 4.39e-04
1.99097e+00 4.38e-04
1.99136e+00 4.38e-04
1.99176e+00 4.37e-04
1.99215e+00 4.37e-04
1.99255e+00 4.36e-04
1.99294e+00 4.36e-04
1.99334e+00 4.35e-04
1.99373e+00 4.35e-04
1.99413e+00 4.34e-04
1.99452e+00 4.34e-04
1.99492e+00 4.33e-04
1.99533e+00 4.33e-04
1.99572e+00 4.32e-04
1.99611e+00 4.32e-04
1.99652e+00 4.31e-04
1.99692e+00 4.31e-04
1.99731e+00 4.30e-04
1.99772e+00 4.30e-04
1.99811e+00 4.29e-04
1.99852e+00 4.29e-04
1.99891e+00 4.28e-04
1.99932e+00 4.28e-04
1.99972e+00 4.27e-04
2.00011e+00 4.27e-04
2.00052e+00 4.26e-04
2.00093e+00 4.26e-04
2.00133e+00 4.25e-04
2.00174e+00 4.25e-04
2.00214e+00 4.24e-04
2.00253e+00 4.24e-04
2.00294e+00 4.23e-04
2.00334e+00 4.23e-04
2.00376e+00 4.22e-04
2.00417e+00 4.22e-04
2.00457e+00 4.21e-04
2.00497e+00 4.21e-04
2.00538e+00 4.20e-04
2.00580e+00 4.20e-04
2.00620e+00 4.19e-04
2.00660e+00 4.19e-04
2.00702e+00 4.18e-04
2.00742e+00 4.18e-04
2.00784e+00 4.17e-04
2.00824e+00 4.17e-04
2.00866e+00 4.16e-04
2.00906e+00 4.16e-04
2.00947e+00 4.15e-04
2.00989e+00 4.15e-04
2.01029e+00 4.15e-04
2.01071e+00 4.14e-04
2.01112e+00 4.14e-04
2.01154e+00 4.13e-04
2.01195e+00 4.13e-04
2.01237e+00 4.12e-04
2.01278e+00 4.12e-04
2.01319e+00 4.11e-04
2.01361e+00 4.11e-04
2.01402e+00 4.10e-04
2.01444e+00 4.10e-04
2.01486e+00 4.09e-04
2.01528e+00 4.09e-04
2.01569e+00 4.08e-04
2.01612e+00 4.08e-04
2.01653e+00 4.07e-04
2.01695e+00 4.07e-04
2.01737e+00 4.06e-04
2.01779e+00 4.06e-04
2.01820e+00 4.05e-04
2.01863e+00 4.05e-04
2.01905e+00 4.04e-04
2.01947e+00 4.04e-04
2.01989e+00 4.03e-04
2.02032e+00 4.03e-04
2.02074e+00 4.02e-04
2.02116e+00 4.02e-04
2.02159e+00 4.01e-04
2.02201e+00 4.01e-04
2.02243e+00 4.00e-04
2.02286e+00 4.00e-04
2.02328e+00 3.99e-04
2.02372e+00 3.99e-04
2.02414e+00 3.98e-04
2.02456e+00 3.98e-04
2.02500e+00 3.97e-04
2.02542e+00 3.97e-04
2.02586e+00 3.96e-04
2.02628e+00 3.96e-04
2.02671e+00 3.95e-04
2.02713e+00 3.95e-04
2.02757e+00 3.94e-04
2.02800e+00 3.94e-04
2.02844e+00 3.93e-04
2.02887e+00 3.93e-04
2.02929e+00 3.92e-04
2.02973e+00 3.92e-04
2.03016e+00 3.91e-04
2.03059e+00 3.91e-04
2.03104e+00 3.90e-04
2.03147e+00 3.90e-04
2.03190e+00 3.89e-04
2.03234e+00 3.89e-04
2.03278e+00 3.88e-04
2.03321e+00 3.88e-04
2.03365e+00 3.87e-04
2.03409e+00 3.87e-04
2.03452e+00 3.86e-04
2.03497e+00 3.86e-04
2.03541e+00 3.85e-04
2.03584e+00 3.85e-04
2.03629e+00 3.85e-04
2.03673e+00 3.84e-04
2.03717e+00 3.84e-04
2.03762e+00 3.83e-04
2.03806e+00 3.83e-04
2.03850e+00 3.82e-04
2.03895e+00 3.82e-04
2.03939e+00 3.81e-04
2.03983e+00 3.81e-04
2.04027e+00 3.80e-04
2.04071e+00 3.80e-04
2.04117e+00 3.79e-04
2.04161e+00 3.79e-04
2.04206e+00 3.78e-04
2.04251e+00 3.78e-04
2.04296e+00 3.77e-04
2.04340e+00 3.77e-04
2.04385e+00 3.76e-04
2.04431e+00 3.76e-04
2.04476e+00 3.75e-04
2.04521e+00 3.75e-04
2.04566e+00 3.74e-04
2.04612e+00 3.74e-04
2.04657e+00 3.73e-04
2.04702e+00 3.73e-04
2.04747e+00 3.72e-04
2.04793e+00 3.72e-04
2.04838e+00 3.71e-04
2.04884e+00 3.71e-04
2.04929e+00 3.70e-04
2.04976e+00 3.70e-04
2.05021e+00 3.69e-04
2.05067e+00 3.69e-04
2.05113e+00 3.68e-04
2.05158e+00 3.68e-04
2.05204e+00 3.67e-04
2.05251e+00 3.67e-04
2.05297e+00 3.66e-04
2.05343e+00 3.66e-04
2.05389e+00 3.65e-04
2.05435e+00 3.65e-04
2.05482e+00 3.64e-04
2.05528e+00 3.64e-04
2.05575e+00 3.63e-04
2.05621e+00 3.63e-04
2.05667e+00 3.62e-04
2.05714e+00 3.62e-04
2.05760e+00 3.62e-04
2.05808e+00 3.61e-04
2.05855e+00 3.61e-04
2.05902e+00 3.60e-04
2.05948e+00 3.60e-04
2.05995e+00 3.59e-04
2.06042e+00 3.59e-04
2.06090e+00 3.58e-04
2.06137e+00 3.58e-04
2.06184e+00 3.57e-04
2.06232e+00 3.57e-04
2.06279e+00 3.56e-04
2.06326e+00 3.56e-04
2.06374e+00 3.55e-04
2.06421e+00 3.55e-04
2.06470e+00 3.54e-04
2.06517e+00 3.54e-04
2.06565e+00 3.53e-04
2.06613e+00 3.53e-04
2.06661e+00 3.52e-04
2.06709e+00 3.52e-04
2.06757e+00 3.51e-04
2.06805e+00 3.51e-04
2.06853e+00 3.50e-04
2.06901e+00 3.50e-04
2.06949e+00 3.49e-04
2.06998e+00 3.49e-04
2.07046e+00 3.48e-04
2.07096e+00 3.48e-04
2.07143e+00 3.47e-04
2.07193e+00 3.47e-04
2.07242e+00 3.46e-04
2.07290e+00 3.46e-04
2.07339e+00 3.45e-04
2.07388e+00 3.45e-04
2.07437e+00 3.44e-04
2.07486e+00 3.44e-04
2.07536e+00 3.43e-04
2.07585e+00 3.43e-04
2.07634e+00 3.42e-04
2.07684e+00 3.42e-04
2.07733e+00 3.41e-04
2.07783e+00 3.41e-04
2.07832e+00 3.40e-04
2.07882e+00 3.40e-04
2.07932e+00 3.39e-04
2.07982e+00 3.39e-04
2.08032e+00 3.38e-04
2.08082e+00 3.38e-04
2.08131e+00 3.38e-04
2.08181e+00 3.37e-04
2.08231e+00 3.37e-04
2.08282e+00 3.36e-04
2.08332e+00 3.36e-04
2.08383e+00 3.35e-04
2.08433e+00 3.35e-04
2.08484e+00 3.34e-04
2.08535e+00 3.34e-04
2.08586e+00 3.33e-04
2.08636e+00 3.33e-04
2.08686e+00 3.32e-04
2.08738e+00 3.32e-04
2.08789e+00 3.31e-04
2.08840e+00 3.31e-04
2.08891e+00 3.30e-04
2.08943e+00 3.30e-04
2.08994e+00 3.29e-04
2.09046e+00 3.29e-04
2.09072e+00 3.25e-04
2.09123e+00 3.24e-04
2.09175e+00 3.24e-04
2.09227e+00 3.23e-04
2.09279e+00 3.23e-04
2.09331e+00 3.22e-04
2.09383e+00 3.22e-04
2.09434e+00 3.21e-04
2.09487e+00 3.21e-04
2.09539e+00 3.20e-04
2.09592e+00 3.20e-04
2.09643e+00 3.19e-04
2.09696e+00 3.19e-04
2.09749e+00 3.18e-04
2.09802e+00 3.18e-04
2.09855e+00 3.17e-04
2.09907e+00 3.17e-04
2.09960e+00 3.16e-04
2.10014e+00 3.16e-04
2.10066e+00 3.15e-04
2.10120e+00 3.15e-04
2.10173e+00 3.15e-04
2.10227e+00 3.14e-04
2.10280e+00 3.14e-04
2.10334e+00 3.13e-04
2.10388e+00 3.13e-04
2.10441e+00 3.12e-04
2.10495e+00 3.12e-04
2.10549e+00 3.11e-04
2.10603e+00 3.11e-04
2.10657e+00 3.10e-04
2.10712e+00 3.10e-04
2.10766e+00 3.09e-04
2.10820e+00 3.09e-04
2.10875e+00 3.08e-04
2.10929e+00 3.08e-04
2.10985e+00 3.07e-04
2.11040e+00 3.07e-04
2.11094e+00 3.06e-04
2.11150e+00 3.06e-04
2.11204e+00 3.05e-04
2.11260e+00 3.05e-04
2.11315e+00 3.04e-04
2.11371e+00 3.04e-04
2.11427e+00 3.03e-04
2.11482e+00 3.03e-04
2.11538e+00 3.02e-04
2.11593e+00 3.02e-04
2.11650e+00 3.01e-04
2.11705e+00 3.01e-04
2.11762e+00 3.00e-04
2.11818e+00 3.00e-04
2.11875e+00 2.99e-04
2.11931e+00 2.99e-04
2.11988e+00 2.98e-04
2.12044e+00 2.98e-04
2.12100e+00 2.97e-04
2.12158e+00 2.97e-04
2.12214e+00 2.96e-04
2.12272e+00 2.96e-04
2.12329e+00 2.95e-04
2.12387e+00 2.95e-04
2.12444e+00 2.94e-04
2.12501e+00 2.94e-04
2.12559e+00 2.93e-04
2.12617e+00 2.93e-04
2.12674e+00 2.92e-04
2.12733e+00 2.92e-04
2.12791e+00 2.91e-04
2.12849e+00 2.91e-04
2.12908e+00 2.90e-04
2.12966e+00 2.90e-04
2.13024e+00 2.89e-04
2.13084e+00 2.89e-04
2.13142e+00 2.89e-04
2.13201e+00 2.88e-04
2.13260e+00 2.88e-04
2.13320e+00 2.87e-04
2.13379e+00 2.87e-04
2.13438e+00 2.86e-04
2.13497e+00 2.86e-04
2.13557e+00 2.85e-04
2.13618e+00 2.85e-04
2.13677e+00 2.84e-04
2.13737e+00 2.84e-04
2.13797e+00 2.83e-04
2.13857e+00 2.83e-04
2.13918e+00 2.82e-04
2.13978e+00 2.82e-04
2.14040e+00 2.81e-04
2.14101e+00 2.81e-04
2.14161e+00 2.80e-04
2.14222e+00 2.80e-04
2.14284e+00 2.79e-04
2.14345e+00 2.79e-04
2.14406e+00 2.78e-04
2.14468e+00 2.78e-04
2.14530e+00 2.77e-04
2.14592e+00 2.77e-04
2.14654e+00 2.76e-04
2.14716e+00 2.76e-04
2.14778e+00 2.75e-04
2.14841e+00 2.75e-04
2.14903e+00 2.74e-04
2.14966e+00 2.74e-04
2.15028e+00 2.73e-04
2.15091e+00 2.73e-04
2.15155e+00 2.72e-04
2.15218e+00 2.72e-04
2.15282e+00 2.71e-04
2.15345e+00 2.71e-04
2.15409e+00 2.70e-04
2.15472e+00 2.70e-04
2.15537e+00 2.69e-04
2.15601e+00 2.69e-04
2.15666e+00 2.68e-04
2.15729e+00 2.68e-04
2.15794e+00 2.67e-04
2.15859e+00 2.67e-04
2.15923e+00 2.66e-04
2.15989e+00 2.66e-04
2.16054e+00 2.65e-04
2.16119e+00 2.65e-04
2.16185e+00 2.64e-04
2.16251e+00 2.63e-04
2.16317e+00 2.63e-04
2.16383e+00 2.62e-04
2.16449e+00 2.62e-04
2.16516e+00 2.61e-04
2.16583e+00 2.61e-04
2.16649e+00 2.60e-04
2.16715e+00 2.60e-04
2.16783e+00 2.59e-04
2.16849e+00 2.59e-04
2.16917e+00 2.58e-04
2.16984e+00 2.58e-04
2.17053e+00 2.57e-04
2.17120e+00 2.57e-04
2.17188e+00 2.56e-04
2.17257e+00 2.56e-04
2.17325e+00 2.55e-04
2.17393e+00 2.55e-04
2.17463e+00 2.54e-04
2.17531e+00 2.54e-04
2.17600e+00 2.53e-04
2.17669e+00 2.53e-04
2.17740e+00 2.52e-04
2.17809e+00 2.52e-04
2.17879e+00 2.51e-04
2.17949e+00 2.51e-04
2.18019e+00 2.50e-04
2.18089e+00 2.50e-04
2.18160e+00 2.49e-04
2.18231e+00 2.49e-04
2.18302e+00 2.48e-04
2.18373e+00 2.48e-04
2.18444e+00 2.47e-04
2.18516e+00 2.47e-04
2.18588e+00 2.46e-04
2.18660e+00 2.46e-04
2.18732e+00 2.45e-04
2.18805e+00 2.45e-04
2.18878e+00 2.44e-04
2.18951e+00 2.44e-04
2.19023e+00 2.43e-04
2.19096e+00 2.42e-04
2.19170e+00 2.42e-04
2.19244e+00 2.41e-04
2.19317e+00 2.41e-04
2.19392e+00 2.40e-04
2.19465e+00 2.40e-04
2.19540e+00 2.39e-04
2.19615e+00 2.39e-04
2.19690e+00 2.38e-04
2.19766e+00 2.38e-04
2.19841e+00 2.37e-04
2.19917e+00 2.37e-04
2.19992e+00 2.36e-04
2.20069e+00 2.36e-04
2.20145e+00 2.35e-04
2.20221e+00 2.35e-04
2.20299e+00 2.34e-04
2.20376e+00 2.34e-04
2.20453e+00 2.33e-04
2.20530e+00 2.33e-04
2.20609e+00 2.32e-04
2.20687e+00 2.31e-04
2.20765e+00 2.31e-04
2.20843e+00 2.30e-04
2.20922e+00 2.30e-04
2.21001e+00 2.29e-04
2.21081e+00 2.29e-04
2.21160e+00 2.28e-04
2.21240e+00 2.28e-04
2.21320e+00 2.27e-04
2.21401e+00 2.27e-04
2.21481e+00 2.26e-04
2.21562e+00 2.26e-04
2.21643e+00 2.25e-04
2.21725e+00 2.25e-04
2.21806e+00 2.24e-04
2.21889e+00 2.23e-04
2.21971e+00 2.23e-04
2.22054e+00 2.22e-04
2.22136e+00 2.22e-04
2.22220e+00 2.21e-04
2.22303e+00 2.21e-04
2.22387e+00 2.20e-04
2.22471e+00 2.20e-04
2.22555e+00 2.19e-04
2.22641e+00 2.19e-04
2.22725e+00 2.18e-04
2.22811e+00 2.18e-04
2.22896e+00 2.17e-04
2.22982e+00 2.16e-04
2.23068e+00 2.16e-04
2.23155e+00 2.15e-04
2.23242e+00 2.15e-04
2.23329e+00 2.14e-04
2.23417e+00 2.14e-04
2.23504e+00 2.13e-04
2.23593e+00 2.13e-04
2.23681e+00 2.12e-04
2.23771e+00 2.11e-04
2.23859e+00 2.11e-04
2.23950e+00 2.10e-04
2.24039e+00 2.10e-04
2.24129e+00 2.09e-04
2.24220e+00 2.09e-04
2.24311e+00 2.08e-04
2.24402e+00 2.08e-04
2.24495e+00 2.07e-04
2.24587e+00 2.06e-04
2.24679e+00 2.06e-04
2.24772e+00 2.05e-04
2.24866e+00 2.05e-04
2.24960e+00 2.04e-04
2.25053e+00 2.04e-04
2.25148e+00 2.03e-04
2.25243e+00 2.03e-04
2.25338e+00 2.02e-04
2.25434e+00 2.01e-04
2.25529e+00 2.01e-04
2.25627e+00 2.00e-04
2.25723e+00 2.00e-04
2.25820e+00 1.99e-04
2.25919e+00 1.99e-04
2.26017e+00 1.98e-04
2.26116e+00 1.97e-04
2.26215e+00 1.97e-04
2.26315e+00 1.96e-04
2.26415e+00 1.96e-04
2.26515e+00 1.95e-04
2.26616e+00 1.95e-04
2.26718e+00 1.94e-04
2.26820e+00 1.93e-04
2.26922e+00 1.93e-04
2.27026e+00 1.92e-04
2.27129e+00 1.92e-04
2.27233e+00 1.91e-04
2.27337e+00 1.90e-04
2.27442e+00 1.90e-04
2.27548e+00 1.89e-04
2.27654e+00 1.89e-04
2.27761e+00 1.88e-04
2.27868e+00 1.88e-04
2.27976e+00 1.87e-04
2.28084e+00 1.86e-04
2.28193e+00 1.86e-04
2.28303e+00 1.85e-04
2.28413e+00 1.85e-04
2.28523e+00 1.84e-04
2.28634e+00 1.83e-04
2.28746e+00 1.83e-04
2.28858e+00 1.82e-04
2.28971e+00 1.82e-04
2.29085e+00 1.81e-04
2.29199e+00 1.80e-04
2.29314e+00 1.80e-04
2.29429e+00 1.79e-04
2.29546e+00 1.78e-04
2.29663e+00 1.78e-04
2.29780e+00 1.77e-04
2.29898e+00 1.77e-04
2.30017e+00 1.76e-04
2.30136e+00 1.75e-04
2.30258e+00 1.75e-04
2.30378e+00 1.74e-04
2.30498e+00 1.74e-04
2.30618e+00 1.73e-04
2.30747e+00 1.72e-04
2.30867e+00 1.72e-04
2.30996e+00 1.71e-04
2.31125e+00 1.70e-04
2.31244e+00 1.70e-04
2.31372e+00 1.69e-04
2.31501e+00 1.68e-04
2.31629e+00 1.68e-04
2.31757e+00 1.67e-04
2.31895e+00 1.67e-04
2.32023e+00 1.66e-04
2.32160e+00 1.65e-04
2.32288e+00 1.65e-04
2.32425e+00 1.64e-04
2.32562e+00 1.63e-04
2.32698e+00 1.63e-04
2.32835e+00 1.62e-04
2.32971e+00 1.61e-04
2.33108e+00 1.61e-04
2.33253e+00 1.60e-04
2.33389e+00 1.59e-04
2.33534e+00 1.59e-04
2.33679e+00 1.58e-04
2.33824e+00 1.57e-04
2.33969e+00 1.57e-04
2.34113e+00 1.56e-04
2.34267e+00 1.55e-04
2.34411e+00 1.55e-04
2.34564e+00 1.54e-04
2.34718e+00 1.53e-04
2.34871e+00 1.53e-04
2.35023e+00 1.52e-04
2.35176e+00 1.51e-04
2.35337e+00 1.50e-04
2.35499e+00 1.50e-04
2.35650e+00 1.49e-04
2.35811e+00 1.48e-04
2.35982e+00 1.48e-04
2.36142e+00 1.47e-04
2.36312e+00 1.46e-04
2.36471e+00 1.45e-04
2.36640e+00 1.45e-04
2.36819e+00 1.44e-04
2.36987e+00 1.43e-04
2.37164e+00 1.43e-04
2.37332e+00 1.42e-04
2.37518e+00 1.41e-04
2.37695e+00 1.40e-04
2.37871e+00 1.40e-04
2.38056e+00 1.39e-04
2.38241e+00 1.38e-04
2.38426e+00 1.37e-04
2.38619e+00 1.37e-04
2.38812e+00 1.36e-04
2.39005e+00 1.35e-04
2.39197e+00 1.34e-04
2.39398e+00 1.33e-04
2.39598e+00 1.33e-04
2.39799e+00 1.32e-04
2.40007e+00 1.31e-04
2.40216e+00 1.30e-04
2.40424e+00 1.29e-04
2.40640e+00 1.29e-04
2.40848e+00 1.28e-04
2.41072e+00 1.27e-04
2.41296e+00 1.26e-04
2.41520e+00 1.25e-04
2.41743e+00 1.24e-04
2.41975e+00 1.24e-04
2.42214e+00 1.23e-04
2.42454e+00 1.22e-04
2.42692e+00 1.21e-04
2.42939e+00 1.20e-04
2.43186e+00 1.19e-04
2.43440e+00 1.18e-04
2.43694e+00 1.17e-04
2.43956e+00 1.16e-04
2.44226e+00 1.16e-04
2.44495e+00 1.15e-04
2.44772e+00 1.14e-04
2.45057e+00 1.13e-04
2.45342e+00 1.12e-04
2.45634e+00 1.11e-04
2.45933e+00 1.10e-04
2.46241e+00 1.09e-04
2.46547e+00 1.08e-04
2.46861e+00 1.07e-04
2.47191e+00 1.06e-04
2.47519e+00 1.05e-04
2.47855e+00 1.04e-04
2.48207e+00 1.03e-04
2.48566e+00 1.02e-04
2.48923e+00 1.00e-04
2.49304e+00 9.94e-05
2.49684e+00 9.82e-05
2.50078e+00 9.71e-05
2.50487e+00 9.59e-05
2.50911e+00 9.47e-05
2.51341e+00 9.35e-05
2.51786e+00 9.23e-05
2.52252e+00 9.10e-05
2.52733e+00 8.97e-05
2.53227e+00 8.84e-05
2.53742e+00 8.70e-05
2.54286e+00 8.56e-05
2.54843e+00 8.42e-05
2.55428e+00 8.27e-05
2.56048e+00 8.12e-05
2.56695e+00 7.97e-05
2.57376e+00 7.81e-05
2.58097e+00 7.64e-05
2.58867e+00 7.47e-05
2.59682e+00 7.28e-05
2.60565e+00 7.09e-05
2.61513e+00 6.89e-05
2.62554e+00 6.68e-05
2.63110e+00 6.57e-05
2.63698e+00 6.46e-05
2.64319e+00 6.34e-05
2.64971e+00 6.21e-05
2.65669e+00 6.08e-05
2.66410e+00 5.95e-05
2.67215e+00 5.81e-05
2.68082e+00 5.66e-05
2.69029e+00 5.50e-05
2.70069e+00 5.33e-05
2.71231e+00 5.14e-05
2.72543e+00 4.94e-05
2.74065e+00 4.72e-05
2.75874e+00 4.47e-05
2.78130e+00 4.17e-05
2.81151e+00 3.81e-05
2.85859e+00 3.30e-05
2.99573e+00 2.16e-05
