0.1 8.33836e+18
0.10595 8.74046e+18
0.1119 8.95316e+18
0.11785 9.31032e+18
0.1238 9.48182e+18
0.12975 9.81857e+18
0.1357 1.00661e+19
0.14165 1.03576e+19
0.1476 1.06781e+19
0.15355 1.08923e+19
0.1595 1.12182e+19
0.16545 1.15485e+19
0.1714 1.17683e+19
0.17735 1.2019e+19
0.1833 1.23131e+19
0.18925 1.25899e+19
0.1952 1.27992e+19
0.20115 1.30704e+19
0.2071 1.33049e+19
0.21305 1.35455e+19
0.219 1.37677e+19
0.22495 1.40198e+19
0.2309 1.42358e+19
0.23685 1.44778e+19
0.2428 1.46956e+19
0.24875 1.49214e+19
0.2547 1.51843e+19
0.26065 1.53918e+19
0.2666 1.56095e+19
0.27255 1.58354e+19
0.2785 1.60468e+19
0.28445 1.62432e+19
0.2904 1.64174e+19
0.29635 1.66165e+19
0.3023 1.68222e+19
0.30825 1.70172e+19
0.3142 1.72121e+19
0.32015 1.74079e+19
0.3261 1.75961e+19
0.33205 1.77711e+19
0.338 1.79511e+19
0.34395 1.81214e+19
0.3499 1.83064e+19
0.35585 1.85026e+19
0.3618 1.87867e+19
0.36775 1.98293e+19
0.3737 1.97394e+19
0.37965 1.99201e+19
0.3856 1.99988e+19
0.39155 2.01997e+19
0.3975 2.03426e+19
0.40345 2.04811e+19
0.4094 2.0604e+19
0.41535 2.07402e+19
0.4213 2.09182e+19
0.42725 2.10683e+19
0.4332 2.1227e+19
0.43915 2.1373e+19
0.4451 2.15144e+19
0.45105 2.16472e+19
0.457 2.18042e+19
0.46295 2.19382e+19
0.4689 2.20941e+19
0.47485 2.22708e+19
0.4808 2.24354e+19
0.48675 2.26296e+19
0.4927 2.32419e+19
0.49865 2.46074e+19
0.5046 2.4859e+19
0.51055 2.50348e+19
0.5165 2.51867e+19
0.52245 2.53542e+19
0.5284 2.5531e+19
0.53435 2.57387e+19
0.5403 2.59554e+19
0.54625 2.6206e+19
0.5522 2.66568e+19
0.55815 2.67734e+19
0.5641 2.70893e+19
0.57005 2.74752e+19
0.576 2.76057e+19
0.58195 2.73888e+19
0.5879 2.73487e+19
0.59385 2.73861e+19
0.5998 2.74132e+19
0.60575 2.75153e+19
0.6117 2.75058e+19
0.61765 2.76006e+19
0.6236 2.7706e+19
0.62955 2.78963e+19
0.6355 2.90735e+19
0.64145 2.9674e+19
0.6474 3.12596e+19
0.65335 6.59656e+19
0.6593 4.0763e+19
0.66525 4.0554e+19
0.6712 4.01771e+19
0.67715 3.91702e+19
0.6831 3.92973e+19
0.68905 3.94621e+19
0.695 3.96633e+19
0.70095 3.98826e+19
0.7069 4.00949e+19
0.71285 4.03195e+19
0.7188 4.05425e+19
0.72475 4.07029e+19
0.7307 4.08319e+19
0.73665 4.33689e+19
0.7426 4.35971e+19
0.74855 4.38075e+19
0.7545 4.40318e+19
0.76045 4.42489e+19
0.7664 4.45035e+19
0.77235 4.47164e+19
0.7783 4.49416e+19
0.78425 4.51209e+19
0.7902 4.5301e+19
0.79615 4.55076e+19
0.8021 4.57081e+19
0.80805 4.59319e+19
0.814 4.61696e+19
0.81995 4.64009e+19
0.8259 4.66509e+19
0.83185 4.6907e+19
0.8378 4.71783e+19
0.84375 4.75119e+19
0.8497 4.78438e+19
0.85565 4.81826e+19
0.8616 4.85971e+19
0.86755 4.91575e+19
0.8735 4.95749e+19
0.87945 4.99744e+19
0.8854 5.05101e+19
0.89135 5.11166e+19
0.8973 5.18539e+19
0.90325 5.29565e+19
0.9092 5.41513e+19
0.91515 5.51759e+19
0.9211 5.96696e+19
0.92705 5.55454e+19
0.933 5.50057e+19
0.93895 5.50802e+19
0.9449 5.54553e+19
0.95085 5.60697e+19
0.9568 5.68308e+19
0.96275 5.69248e+19
0.9687 5.72098e+19
0.97465 5.77216e+19
0.9806 5.86874e+19
0.98655 5.95973e+19
0.9925 6.16058e+19
0.99845 6.26253e+19
1.0044 6.31348e+19
1.01035 6.38529e+19
1.0163 6.85088e+19
1.02225 8.23044e+19
1.0282 7.14975e+19
1.03415 7.10125e+19
1.0401 7.13181e+19
1.04605 7.46214e+19
1.052 8.23497e+19
1.05795 7.80322e+19
1.0639 7.08653e+19
1.06985 6.92538e+19
1.0758 6.90638e+19
1.08175 6.80612e+19
1.0877 6.99545e+19
1.09365 6.48005e+19
1.0996 6.5116e+19
1.10555 6.59052e+19
1.1115 6.48463e+19
1.11745 6.39646e+19
1.1234 6.26112e+19
1.12935 6.23654e+19
1.1353 6.20665e+19
1.14125 6.09822e+19
1.1472 6.09977e+19
1.15315 6.04859e+19
1.1591 6.01771e+19
1.16505 6.0044e+19
1.171 5.98819e+19
1.17695 5.98486e+19
1.1829 5.98174e+19
1.18885 6.12672e+19
1.1948 6.13412e+19
1.20075 6.15431e+19
1.2067 6.15523e+19
1.21265 6.15978e+19
1.2186 6.17586e+19
1.22455 6.18059e+19
1.2305 6.19898e+19
1.23645 6.2511e+19
1.2424 6.21338e+19
1.24835 6.2711e+19
1.2543 6.32994e+19
1.26025 6.31188e+19
1.2662 6.27815e+19
1.27215 6.28699e+19
1.2781 6.3167e+19
1.28405 6.37112e+19
1.29 6.36822e+19
1.29595 6.40159e+19
1.3019 6.44377e+19
1.30785 6.49706e+19
1.3138 6.56913e+19
1.31975 6.66579e+19
1.3257 6.7885e+19
1.33165 6.97367e+19
1.3376 7.12507e+19
1.34355 7.30405e+19
1.3495 8.57916e+19
1.35545 7.26172e+19
1.3614 6.89893e+19
1.36735 6.73195e+19
1.3733 6.62254e+19
1.37925 6.57115e+19
1.3852 6.54436e+19
1.39115 6.43e+19
1.3971 6.48877e+19
1.40305 6.38095e+19
1.409 6.71785e+19
1.41495 6.31127e+19
1.4209 6.29244e+19
1.42685 6.35274e+19
1.4328 6.36606e+19
1.43875 6.43416e+19
1.4447 6.44924e+19
1.45065 6.4783e+19
1.4566 6.53065e+19
1.46255 6.65956e+19
1.4685 9.29991e+19
1.47445 6.95984e+19
1.4804 6.59481e+19
1.48635 6.5421e+19
1.4923 6.53385e+19
1.49825 6.53018e+19
1.5042 6.52399e+19
1.51015 6.42028e+19
1.5161 6.3604e+19
1.52205 6.31751e+19
1.528 6.32332e+19
1.53395 6.3336e+19
1.5399 6.37046e+19
1.54585 6.36438e+19
1.5518 6.33072e+19
1.55775 6.34269e+19
1.5637 6.40843e+19
1.56965 6.39134e+19
1.5756 6.46936e+19
1.58155 6.42999e+19
1.5875 6.51315e+19
1.59345 6.5734e+19
1.5994 6.74097e+19
1.60535 6.42133e+19
1.6113 6.39429e+19
1.61725 6.30478e+19
1.6232 6.8731e+19
1.62915 6.25314e+19
1.6351 6.25711e+19
1.64105 6.25094e+19
1.647 6.40226e+19
1.65295 6.23562e+19
1.6589 6.34385e+19
1.66485 6.26121e+19
1.6708 6.25216e+19
1.67675 6.28856e+19
1.6827 6.24826e+19
1.68865 6.25107e+19
1.6946 6.27221e+19
1.70055 6.25538e+19
1.7065 6.35404e+19
1.71245 6.29885e+19
1.7184 6.34688e+19
1.72435 7.09154e+19
1.7303 6.44396e+19
1.73625 6.47175e+19
1.7422 6.43907e+19
1.74815 6.52661e+19
1.7541 6.56938e+19
1.76005 6.61089e+19
1.766 6.63137e+19
1.77195 6.68837e+19
1.7779 6.74192e+19
1.78385 6.81052e+19
1.7898 6.90658e+19
1.79575 7.02874e+19
1.8017 7.15772e+19
1.80765 7.31336e+19
1.8136 7.49769e+19
1.81955 7.76496e+19
1.8255 8.04899e+19
1.83145 8.45603e+19
1.8374 9.14121e+19
1.84335 9.69752e+19
1.8493 1.00863e+20
1.85525 1.09749e+20
1.8612 1.37137e+20
1.86715 1.01359e+20
1.8731 8.88451e+19
1.87905 8.19086e+19
1.885 7.73922e+19
1.89095 7.43539e+19
1.8969 7.18192e+19
1.90285 7.02029e+19
1.9088 6.85588e+19
1.91475 6.72736e+19
1.9207 6.62853e+19
1.92665 6.54615e+19
1.9326 6.51738e+19
1.93855 6.4812e+19
1.9445 6.52977e+19
1.95045 6.56795e+19
1.9564 6.57717e+19
1.96235 6.53345e+19
1.9683 6.49068e+19
1.97425 6.47299e+19
1.9802 6.48898e+19
1.98615 6.47402e+19
1.9921 6.76892e+19
1.99805 9.66006e+19
2.004 7.97556e+19
2.00995 6.64806e+19
2.0159 6.45286e+19
2.02185 6.41776e+19
2.0278 6.40079e+19
2.03375 6.3747e+19
2.0397 6.36113e+19
2.04565 6.34355e+19
2.0516 6.27051e+19
2.05755 6.15092e+19
2.0635 6.04935e+19
2.06945 6.00535e+19
2.0754 5.97292e+19
2.08135 5.94558e+19
2.0873 5.93059e+19
2.09325 5.91975e+19
2.0992 5.90538e+19
2.10515 5.89935e+19
2.1111 5.88519e+19
2.11705 5.88372e+19
2.123 5.88234e+19
2.12895 5.88025e+19
2.1349 5.87055e+19
2.14085 5.86515e+19
2.1468 5.86012e+19
2.15275 5.84887e+19
2.1587 5.84982e+19
2.16465 5.85143e+19
2.1706 5.86719e+19
2.17655 5.86505e+19
2.1825 5.84724e+19
2.18845 5.8203e+19
2.1944 5.80021e+19
2.20035 5.78456e+19
2.2063 5.77062e+19
2.21225 5.75782e+19
2.2182 5.74507e+19
2.22415 5.73205e+19
2.2301 5.7249e+19
2.23605 5.71993e+19
2.242 5.71012e+19
2.24795 5.703e+19
2.2539 5.69701e+19
2.25985 5.69148e+19
2.2658 5.68623e+19
2.27175 5.6796e+19
2.2777 5.67855e+19
2.28365 5.67369e+19
2.2896 5.67527e+19
2.29555 5.6739e+19
2.3015 5.6769e+19
2.30745 5.67957e+19
2.3134 5.68879e+19
2.31935 5.69717e+19
2.3253 5.71342e+19
2.33125 5.73059e+19
2.3372 5.75153e+19
2.34315 5.77739e+19
2.3491 5.81295e+19
2.35505 5.85323e+19
2.361 5.89532e+19
2.36695 5.94337e+19
2.3729 6.00995e+19
2.37885 6.09298e+19
2.3848 6.18587e+19
2.39075 6.28359e+19
2.3967 6.39615e+19
2.40265 6.54203e+19
2.4086 6.73251e+19
2.41455 7.16473e+19
2.4205 7.50476e+19
2.42645 7.96288e+19
2.4324 8.59711e+19
2.43835 9.18607e+19
2.4443 9.60994e+19
2.45025 1.10107e+20
2.4562 1.0505e+20
2.46215 8.67323e+19
2.4681 7.72753e+19
2.47405 7.14149e+19
2.48 6.73997e+19
2.48595 6.45222e+19
2.4919 6.23321e+19
2.49785 6.06168e+19
2.5038 5.92027e+19
2.50975 5.8088e+19
2.5157 5.71783e+19
2.52165 5.64265e+19
2.5276 5.58957e+19
2.53355 5.56181e+19
2.5395 5.52173e+19
2.54545 5.47885e+19
2.5514 5.4358e+19
2.55735 5.40225e+19
2.5633 5.37569e+19
2.56925 5.35529e+19
2.5752 5.33035e+19
2.58115 5.29613e+19
2.5871 5.26616e+19
2.59305 5.24691e+19
2.599 5.26092e+19
2.60495 5.45524e+19
2.6109 7.68338e+19
2.61685 5.88211e+19
2.6228 5.25363e+19
2.62875 5.14933e+19
2.6347 5.11067e+19
2.64065 5.09179e+19
2.6466 5.08166e+19
2.65255 5.06109e+19
2.6585 5.03098e+19
2.66445 5.00331e+19
2.6704 4.97746e+19
2.67635 4.95704e+19
2.6823 4.93692e+19
2.68825 4.91087e+19
2.6942 4.86506e+19
2.70015 4.82315e+19
2.7061 4.79232e+19
2.71205 4.76747e+19
2.718 4.74804e+19
2.72395 4.73243e+19
2.7299 4.71773e+19
2.73585 4.70239e+19
2.7418 4.69018e+19
2.74775 4.67871e+19
2.7537 4.66702e+19
2.75965 4.65492e+19
2.7656 4.64627e+19
2.77155 4.63624e+19
2.7775 4.62578e+19
2.78345 4.61708e+19
2.7894 4.60912e+19
2.79535 4.59827e+19
2.8013 4.59139e+19
2.80725 4.5826e+19
2.8132 4.57392e+19
2.81915 4.56668e+19
2.8251 4.55824e+19
2.83105 4.54911e+19
2.837 4.54197e+19
2.84295 4.53266e+19
2.8489 4.5258e+19
2.85485 4.52285e+19
2.8608 4.51859e+19
2.86675 4.51624e+19
2.8727 4.51558e+19
2.87865 4.50254e+19
2.8846 4.48005e+19
2.89055 4.45814e+19
2.8965 4.44065e+19
2.90245 4.4234e+19
2.9084 4.40559e+19
2.91435 4.39094e+19
2.9203 4.37698e+19
2.92625 4.36465e+19
2.9322 4.35165e+19
2.93815 4.33876e+19
2.9441 4.32603e+19
2.95005 4.31341e+19
2.956 4.30095e+19
2.96195 4.28912e+19
2.9679 4.278e+19
2.97385 4.26766e+19
2.9798 4.25791e+19
2.98575 4.24812e+19
2.9917 4.23927e+19
2.99765 4.23161e+19
3.0036 4.22549e+19
3.00955 4.21924e+19
3.0155 4.2145e+19
3.02145 4.21189e+19
3.0274 4.21123e+19
3.03335 4.21187e+19
3.0393 4.21477e+19
3.04525 4.22069e+19
3.0512 4.22611e+19
3.05715 4.23201e+19
3.0631 4.23939e+19
3.06905 4.24997e+19
3.075 4.2666e+19
3.08095 4.29216e+19
3.0869 4.32851e+19
3.09285 4.38365e+19
3.0988 4.46628e+19
3.10475 4.58523e+19
3.1107 4.73213e+19
3.11665 4.87618e+19
3.1226 5.07521e+19
3.12855 5.23127e+19
3.1345 4.72648e+19
3.14045 4.45029e+19
3.1464 4.2803e+19
3.15235 4.16331e+19
3.1583 4.0781e+19
3.16425 4.01135e+19
3.1702 3.95747e+19
3.17615 3.91177e+19
3.1821 3.87307e+19
3.18805 3.83834e+19
3.194 3.8657e+19
3.19995 3.83697e+19
3.2059 3.81068e+19
3.21185 3.78633e+19
3.2178 3.76359e+19
3.22375 3.74299e+19
3.2297 3.72367e+19
3.23565 3.7071e+19
3.2416 3.69382e+19
3.24755 3.67674e+19
3.2535 3.65933e+19
3.25945 3.64129e+19
3.2654 3.62449e+19
3.27135 3.60876e+19
3.2773 3.59166e+19
3.28325 3.57491e+19
3.2892 3.56006e+19
3.29515 3.55344e+19
3.3011 3.59475e+19
3.30705 3.98942e+19
3.313 3.53884e+19
3.31895 3.49097e+19
3.3249 3.47011e+19
3.33085 3.45491e+19
3.3368 3.44037e+19
3.34275 3.42564e+19
3.3487 3.41069e+19
3.35465 3.39578e+19
3.3606 3.38206e+19
3.36655 3.36642e+19
3.3725 3.35078e+19
3.37845 3.3314e+19
3.3844 3.31501e+19
3.39035 3.29959e+19
3.3963 3.28531e+19
3.40225 3.27257e+19
3.4082 3.25908e+19
3.41415 3.24649e+19
3.4201 3.23376e+19
3.42605 3.22155e+19
3.432 3.20955e+19
3.43795 3.19754e+19
3.4439 3.1855e+19
3.44985 3.17372e+19
3.4558 3.16195e+19
3.46175 3.15036e+19
3.4677 3.13905e+19
3.47365 3.12758e+19
3.4796 3.11631e+19
3.48555 3.10522e+19
3.4915 3.094e+19
3.49745 3.08314e+19
3.5034 3.07212e+19
3.50935 3.06092e+19
3.5153 3.05046e+19
3.52125 3.03996e+19
3.5272 3.02982e+19
3.53315 3.01902e+19
3.5391 3.00874e+19
3.54505 2.99894e+19
3.551 2.98874e+19
3.55695 2.97882e+19
3.5629 2.96868e+19
3.56885 2.95899e+19
3.5748 2.94918e+19
3.58075 2.93898e+19
3.5867 2.92972e+19
3.59265 2.92005e+19
3.5986 2.91107e+19
3.60455 2.90197e+19
3.6105 2.89331e+19
3.61645 2.88507e+19
3.6224 2.87614e+19
3.62835 2.86733e+19
3.6343 2.85896e+19
3.64025 2.85062e+19
3.6462 2.84316e+19
3.65215 2.83496e+19
3.6581 2.82773e+19
3.66405 2.82041e+19
3.67 2.81287e+19
3.67595 2.80332e+19
3.6819 2.7931e+19
3.68785 2.78364e+19
3.6938 2.77458e+19
3.69975 2.76599e+19
3.7057 2.75784e+19
3.71165 2.75058e+19
3.7176 2.74306e+19
3.72355 2.73637e+19
3.7295 2.73012e+19
3.73545 2.72476e+19
3.7414 2.71977e+19
3.74735 2.71581e+19
3.7533 2.71306e+19
3.75925 2.71113e+19
3.7652 2.7106e+19
3.77115 2.71098e+19
3.7771 2.71414e+19
3.78305 2.71813e+19
3.789 2.72398e+19
3.79495 2.73143e+19
3.8009 2.74008e+19
3.80685 2.74896e+19
3.8128 2.75643e+19
3.81875 2.76049e+19
3.8247 2.7653e+19
3.83065 2.7745e+19
3.8366 2.79221e+19
3.84255 2.8225e+19
3.8485 2.86957e+19
3.85445 2.93917e+19
3.8604 3.04049e+19
3.86635 3.18884e+19
3.8723 3.37727e+19
3.87825 3.6345e+19
3.8842 3.75675e+19
3.89015 3.29511e+19
3.8961 3.02951e+19
3.90205 2.86645e+19
3.908 2.75816e+19
3.91395 2.67936e+19
3.9199 2.61833e+19
3.92585 2.56992e+19
3.9318 2.53025e+19
3.93775 2.4961e+19
3.9437 2.46642e+19
3.94965 2.44042e+19
3.9556 2.41651e+19
3.96155 2.39503e+19
3.9675 2.37531e+19
3.97345 2.35723e+19
3.9794 2.3405e+19
3.98535 2.32434e+19
3.9913 2.30917e+19
3.99725 2.29449e+19
4.0032 2.28059e+19
4.00915 2.26749e+19
4.0151 2.25466e+19
4.02105 2.24271e+19
4.027 2.23132e+19
4.03295 2.21893e+19
4.0389 2.20696e+19
4.04485 2.19519e+19
4.0508 2.18398e+19
4.05675 2.17266e+19
4.0627 2.16212e+19
4.06865 2.15327e+19
4.0746 2.15453e+19
4.08055 2.30966e+19
4.0865 2.15677e+19
4.09245 2.11547e+19
4.0984 2.1016e+19
4.10435 2.09124e+19
4.1103 2.08163e+19
4.11625 2.07179e+19
4.1222 2.06194e+19
4.12815 2.05251e+19
4.1341 2.04279e+19
4.14005 2.03239e+19
4.146 2.02194e+19
4.15195 2.012e+19
4.1579 2.00221e+19
4.16385 1.99253e+19
4.1698 1.98314e+19
4.17575 1.97394e+19
4.1817 1.96485e+19
4.18765 1.95558e+19
4.1936 1.94646e+19
4.19955 1.93765e+19
4.2055 1.92907e+19
4.21145 1.92052e+19
4.2174 1.91217e+19
4.22335 1.90416e+19
4.2293 1.89609e+19
4.23525 1.88809e+19
4.2412 1.8806e+19
4.24715 1.87283e+19
4.2531 1.86493e+19
4.25905 1.85753e+19
4.265 1.85015e+19
4.27095 1.8427e+19
4.2769 1.83549e+19
4.28285 1.82832e+19
4.2888 1.82119e+19
4.29475 1.8143e+19
4.3007 1.80736e+19
4.30665 1.80049e+19
4.3126 1.79383e+19
4.31855 1.78701e+19
4.3245 1.78026e+19
4.33045 1.77368e+19
4.3364 1.76713e+19
4.34235 1.76058e+19
4.3483 1.75428e+19
4.35425 1.74783e+19
4.3602 1.74163e+19
4.36615 1.73543e+19
4.3721 1.72919e+19
4.37805 1.72317e+19
4.384 1.71705e+19
4.38995 1.71102e+19
4.3959 1.7051e+19
4.40185 1.69919e+19
4.4078 1.69337e+19
4.41375 1.68746e+19
4.4197 1.68168e+19
4.42565 1.67596e+19
4.4316 1.67016e+19
4.43755 1.66446e+19
4.4435 1.6587e+19
4.44945 1.65301e+19
4.4554 1.64745e+19
4.46135 1.64207e+19
4.4673 1.6368e+19
4.47325 1.63161e+19
4.4792 1.62675e+19
4.48515 1.62165e+19
4.4911 1.6168e+19
4.49705 1.61186e+19
4.503 1.60706e+19
4.50895 1.602e+19
4.5149 1.59685e+19
4.52085 1.59151e+19
4.5268 1.58608e+19
4.53275 1.5809e+19
4.5387 1.57593e+19
4.54465 1.57111e+19
4.5506 1.56646e+19
4.55655 1.56187e+19
4.5625 1.55605e+19
4.56845 1.54973e+19
4.5744 1.54269e+19
4.58035 1.53573e+19
4.5863 1.52847e+19
4.59225 1.52157e+19
4.5982 1.51484e+19
4.60415 1.50818e+19
4.6101 1.50146e+19
4.61605 1.49487e+19
4.622 1.48836e+19
4.62795 1.48202e+19
4.6339 1.47542e+19
4.63985 1.46904e+19
4.6458 1.4627e+19
4.65175 1.45643e+19
4.6577 1.45023e+19
4.66365 1.44409e+19
4.6696 1.43801e+19
4.67555 1.43211e+19
4.6815 1.42623e+19
4.68745 1.42033e+19
4.6934 1.41449e+19
4.69935 1.40875e+19
4.7053 1.40287e+19
4.71125 1.39711e+19
4.7172 1.39122e+19
4.72315 1.38545e+19
4.7291 1.37966e+19
4.73505 1.37391e+19
4.741 1.36813e+19
4.74695 1.36243e+19
4.7529 1.35667e+19
4.75885 1.35095e+19
4.7648 1.34519e+19
4.77075 1.33951e+19
4.7767 1.33384e+19
4.78265 1.32831e+19
4.7886 1.32277e+19
4.79455 1.31719e+19
4.8005 1.31161e+19
4.80645 1.30609e+19
4.8124 1.30032e+19
4.81835 1.29459e+19
4.8243 1.28884e+19
4.83025 1.2833e+19
4.8362 1.27749e+19
4.84215 1.2721e+19
4.8481 1.26676e+19
4.85405 1.26125e+19
4.86 1.25596e+19
4.86595 1.25066e+19
4.8719 1.24538e+19
4.87785 1.24007e+19
4.8838 1.23464e+19
4.88975 1.22916e+19
4.8957 1.2238e+19
4.90165 1.2185e+19
4.9076 1.21323e+19
4.91355 1.20798e+19
4.9195 1.20282e+19
4.92545 1.19762e+19
4.9314 1.19248e+19
4.93735 1.18734e+19
4.9433 1.18229e+19
4.94925 1.17729e+19
4.9552 1.17233e+19
4.96115 1.16738e+19
4.9671 1.16247e+19
4.97305 1.15757e+19
4.979 1.15266e+19
4.98495 1.14782e+19
4.9909 1.14296e+19
4.99685 1.13816e+19
5.0028 1.13336e+19
5.00875 1.12856e+19
5.0147 1.12379e+19
5.02065 1.11904e+19
5.0266 1.11429e+19
5.03255 1.1096e+19
5.0385 1.1049e+19
5.04445 1.10023e+19
5.0504 1.09557e+19
5.05635 1.09095e+19
5.0623 1.08634e+19
5.06825 1.08175e+19
5.0742 1.07716e+19
5.08015 1.07263e+19
5.0861 1.06813e+19
5.09205 1.06367e+19
5.098 1.05922e+19
5.10395 1.05479e+19
5.1099 1.05036e+19
5.11585 1.04596e+19
5.1218 1.04162e+19
5.12775 1.03728e+19
5.1337 1.03295e+19
5.13965 1.02863e+19
5.1456 1.02432e+19
5.15155 1.02005e+19
5.1575 1.01578e+19
5.16345 1.01154e+19
5.1694 1.00733e+19
5.17535 1.00313e+19
5.1813 9.98956e+18
5.18725 9.94804e+18
5.1932 9.90652e+18
5.19915 9.86547e+18
5.2051 9.82462e+18
5.21105 9.78389e+18
5.217 9.74361e+18
5.22295 9.70331e+18
5.2289 9.66354e+18
5.23485 9.62396e+18
5.2408 9.5843e+18
5.24675 9.54501e+18
5.2527 9.50588e+18
5.25865 9.46683e+18
5.2646 9.42806e+18
5.27055 9.38928e+18
5.2765 9.35078e+18
5.28245 9.31248e+18
5.2884 9.27478e+18
5.29435 9.23676e+18
5.3003 9.19939e+18
5.30625 9.16215e+18
5.3122 9.12524e+18
5.31815 9.08875e+18
5.3241 9.05231e+18
5.33005 9.01601e+18
5.336 8.98023e+18
5.34195 8.94454e+18
5.3479 8.90917e+18
5.35385 8.8739e+18
5.3598 8.83924e+18
5.36575 8.80445e+18
5.3717 8.77016e+18
5.37765 8.73606e+18
5.3836 8.70221e+18
5.38955 8.66891e+18
5.3955 8.63581e+18
5.40145 8.60288e+18
5.4074 8.57049e+18
5.41335 8.53864e+18
5.4193 8.50701e+18
5.42525 8.47656e+18
5.4312 8.44561e+18
5.43715 8.41527e+18
5.4431 8.38559e+18
5.44905 8.35625e+18
5.455 8.32786e+18
5.46095 8.3002e+18
5.4669 8.27296e+18
5.47285 8.24687e+18
5.4788 8.22187e+18
5.48475 8.19782e+18
5.4907 8.17503e+18
5.49665 8.15382e+18
5.5026 8.13391e+18
5.50855 8.11589e+18
5.5145 8.10016e+18
5.52045 8.08735e+18
5.5264 8.07857e+18
5.53235 8.07453e+18
5.5383 8.07301e+18
5.54425 8.07632e+18
5.5502 8.08285e+18
5.55615 8.09464e+18
5.5621 8.11131e+18
5.56805 8.1296e+18
5.574 8.13157e+18
5.57995 8.10539e+18
5.5859 8.05659e+18
5.59185 7.9906e+18
5.5978 7.92597e+18
5.60375 7.87743e+18
5.6097 7.84511e+18
5.61565 7.83037e+18
5.6216 7.83526e+18
5.62755 7.8646e+18
5.6335 7.92476e+18
5.63945 8.01421e+18
5.6454 8.08491e+18
5.65135 8.08837e+18
5.6573 7.98111e+18
5.66325 7.80947e+18
5.6692 7.69411e+18
5.67515 7.59161e+18
5.6811 7.50248e+18
5.68705 7.42859e+18
5.693 7.36583e+18
5.69895 7.31094e+18
5.7049 7.26191e+18
5.71085 7.21786e+18
5.7168 7.17796e+18
5.72275 7.1429e+18
5.7287 7.11414e+18
5.73465 7.09303e+18
5.7406 7.08737e+18
5.74655 7.11387e+18
5.7525 7.23353e+18
5.75845 7.57798e+18
5.7644 7.50123e+18
5.77035 7.11829e+18
5.7763 6.95011e+18
5.78225 6.8628e+18
5.7882 6.80647e+18
5.79415 6.76309e+18
5.8001 6.72628e+18
5.80605 6.69456e+18
5.812 6.66508e+18
5.81795 6.63763e+18
5.8239 6.6121e+18
5.82985 6.58683e+18
5.8358 6.56233e+18
5.84175 6.53933e+18
5.8477 6.51653e+18
5.85365 6.49434e+18
5.8596 6.47275e+18
5.86555 6.45266e+18
5.8715 6.43494e+18
5.87745 6.4722e+18
5.8834 6.39935e+18
5.88935 6.37774e+18
5.8953 6.3586e+18
5.90125 6.34235e+18
5.9072 6.32512e+18
5.91315 6.30814e+18
5.9191 6.29266e+18
5.92505 6.2764e+18
5.931 6.26181e+18
5.93695 6.24735e+18
5.9429 6.23448e+18
5.94885 6.21909e+18
5.9548 6.20614e+18
5.96075 6.19415e+18
5.9667 6.1828e+18
5.97265 6.17348e+18
5.9786 6.16482e+18
5.98455 6.15605e+18
5.9905 6.14826e+18
5.99645 6.14259e+18
6.0024 6.13781e+18
6.00835 6.13494e+18
6.0143 6.1327e+18
6.02025 6.1338e+18
6.0262 6.13607e+18
6.03215 6.13916e+18
6.0381 6.14495e+18
6.04405 6.14693e+18
6.05 6.15298e+18
6.05595 6.16314e+18
6.0619 6.17664e+18
6.06785 6.18322e+18
6.0738 6.18002e+18
6.07975 6.16973e+18
6.0857 6.15347e+18
6.09165 6.1375e+18
6.0976 6.12915e+18
6.10355 6.124e+18
6.1095 6.12669e+18
6.11545 6.13675e+18
6.1214 6.15952e+18
6.12735 6.19552e+18
6.1333 6.24968e+18
6.13925 6.31449e+18
6.1452 6.35727e+18
6.15115 6.34805e+18
6.1571 6.28705e+18
6.16305 6.23151e+18
6.169 6.19479e+18
6.17495 6.16746e+18
6.1809 6.15925e+18
6.18685 6.18128e+18
6.1928 6.28156e+18
6.19875 6.49327e+18
6.2047 6.29147e+18
6.21065 6.16099e+18
6.2166 6.1146e+18
6.22255 6.09747e+18
6.2285 6.09218e+18
6.23445 6.09419e+18
6.2404 6.10099e+18
6.24635 6.11126e+18
6.2523 6.12456e+18
6.25825 6.1416e+18
6.2642 6.16018e+18
6.27015 6.18057e+18
6.2761 6.2047e+18
6.28205 6.23297e+18
6.288 6.26319e+18
6.29395 6.29574e+18
6.2999 6.33189e+18
6.30585 6.37137e+18
6.3118 6.41368e+18
6.31775 6.46015e+18
6.3237 6.51105e+18
6.32965 6.56585e+18
6.3356 6.62351e+18
6.34155 6.68774e+18
6.3475 6.75513e+18
6.35345 6.82743e+18
6.3594 6.90503e+18
6.36535 6.98585e+18
6.3713 7.07285e+18
6.37725 7.18857e+18
6.3832 7.27594e+18
6.38915 7.38376e+18
6.3951 7.50667e+18
6.40105 7.63964e+18
6.407 7.78624e+18
6.41295 7.93951e+18
6.4189 8.10665e+18
6.42485 8.27724e+18
6.4308 8.45839e+18
6.43675 8.65097e+18
6.4427 8.87144e+18
6.44865 9.11187e+18
6.4546 9.37202e+18
6.46055 9.6734e+18
6.4665 9.99309e+18
6.47245 1.03524e+19
6.4784 1.07355e+19
6.48435 1.11713e+19
6.4903 1.16642e+19
6.49625 1.22058e+19
6.5022 1.28296e+19
6.50815 1.35106e+19
6.5141 1.42397e+19
6.52005 1.50232e+19
6.526 1.59261e+19
6.53195 1.70083e+19
6.5379 1.82337e+19
6.54385 1.94848e+19
6.5498 2.07557e+19
6.55575 2.18702e+19
6.5617 2.30579e+19
6.56765 2.44834e+19
6.5736 2.62709e+19
6.57955 2.81101e+19
6.5855 2.9278e+19
6.59145 2.9375e+19
6.5974 2.8901e+19
6.60335 2.80582e+19
6.6093 2.74507e+19
6.61525 2.75377e+19
6.6212 2.86139e+19
6.62715 3.16896e+19
6.6331 4.03019e+19
6.63905 5.88961e+19
6.645 4.63716e+19
6.65095 4.10489e+19
6.6569 4.30719e+19
6.66285 4.52349e+19
6.6688 4.45832e+19
6.67475 3.95368e+19
6.6807 3.39707e+19
6.68665 3.0002e+19
6.6926 2.66795e+19
6.69855 2.38696e+19
6.7045 2.17031e+19
6.71045 1.99621e+19
6.7164 1.84973e+19
6.72235 1.72112e+19
6.7283 1.61046e+19
6.73425 1.50969e+19
6.7402 1.4194e+19
6.74615 1.33769e+19
6.7521 1.26361e+19
6.75805 1.19734e+19
6.764 1.13562e+19
6.76995 1.07972e+19
6.7759 1.03113e+19
6.78185 9.84477e+18
6.7878 9.42679e+18
6.79375 9.03643e+18
6.7997 8.68003e+18
6.80565 8.35436e+18
6.8116 8.04846e+18
6.81755 7.76662e+18
6.8235 7.52538e+18
6.82945 7.28542e+18
6.8354 7.06359e+18
6.84135 6.85816e+18
6.8473 6.66834e+18
6.85325 6.49077e+18
6.8592 6.32285e+18
6.86515 6.17071e+18
6.8711 6.02487e+18
6.87705 5.8842e+18
6.883 5.75379e+18
6.88895 5.63975e+18
6.8949 5.6488e+18
6.90085 5.65693e+18
6.9068 5.32157e+18
6.91275 5.21426e+18
6.9187 5.12471e+18
6.92465 5.04038e+18
6.9306 4.96131e+18
6.93655 4.88168e+18
6.9425 4.80621e+18
6.94845 4.73278e+18
6.9544 4.66335e+18
6.96035 4.59429e+18
6.9663 4.52722e+18
6.97225 4.46128e+18
6.9782 4.39792e+18
6.98415 4.33474e+18
6.9901 4.27466e+18
6.99605 4.21645e+18
7.002 4.16014e+18
7.00795 4.10638e+18
7.0139 4.0542e+18
7.01985 4.00472e+18
7.0258 3.95629e+18
7.03175 3.91043e+18
7.0377 3.86542e+18
7.04365 3.82316e+18
7.0496 3.78167e+18
7.05555 3.74288e+18
7.0615 3.70493e+18
7.06745 3.66999e+18
7.0734 3.63452e+18
7.07935 3.59951e+18
7.0853 3.56712e+18
7.09125 3.53628e+18
7.0972 3.50552e+18
7.10315 3.47653e+18
7.1091 3.44884e+18
7.11505 3.42085e+18
7.121 3.3941e+18
7.12695 3.36869e+18
7.1329 3.3435e+18
7.13885 3.31998e+18
7.1448 3.29705e+18
7.15075 3.27476e+18
7.1567 3.25455e+18
7.16265 3.23324e+18
7.1686 3.21381e+18
7.17455 3.19511e+18
7.1805 3.17721e+18
7.18645 3.15872e+18
7.1924 3.14202e+18
7.19835 3.12542e+18
7.2043 3.10924e+18
7.21025 3.09415e+18
7.2162 3.07992e+18
7.22215 3.06632e+18
7.2281 3.05337e+18
7.23405 3.041e+18
7.24 3.0294e+18
7.24595 3.01817e+18
7.2519 3.00827e+18
7.25785 2.99869e+18
7.2638 2.98958e+18
7.26975 2.98078e+18
7.2757 2.97283e+18
7.28165 2.96571e+18
7.2876 2.96036e+18
7.29355 2.9555e+18
7.2995 2.95098e+18
7.30545 2.94764e+18
7.3114 2.94349e+18
7.31735 2.94092e+18
7.3233 2.93915e+18
7.32925 2.93763e+18
7.3352 2.93734e+18
7.34115 2.93837e+18
7.3471 2.94099e+18
7.35305 2.94363e+18
7.359 2.94755e+18
7.36495 2.95347e+18
7.3709 2.95927e+18
7.37685 2.96804e+18
7.3828 2.97639e+18
7.38875 2.98691e+18
7.3947 2.99889e+18
7.40065 3.0117e+18
7.4066 3.02683e+18
7.41255 3.04346e+18
7.4185 3.06015e+18
7.42445 3.07888e+18
7.4304 3.0992e+18
7.43635 3.12156e+18
7.4423 3.14485e+18
7.44825 3.17009e+18
7.4542 3.19779e+18
7.46015 3.22571e+18
7.4661 3.25818e+18
7.47205 3.29077e+18
7.478 3.32634e+18
7.48395 3.36402e+18
7.4899 3.40498e+18
7.49585 3.44688e+18
7.5018 3.49208e+18
7.50775 3.53744e+18
7.5137 3.5845e+18
7.51965 3.63384e+18
7.5256 3.68404e+18
7.53155 3.73688e+18
7.5375 3.79137e+18
7.54345 3.84874e+18
7.5494 3.90869e+18
7.55535 3.97274e+18
7.5613 4.03876e+18
7.56725 4.10839e+18
7.5732 4.18169e+18
7.57915 4.25691e+18
7.5851 4.30533e+18
7.59105 4.38527e+18
7.597 4.46691e+18
7.60295 4.5448e+18
7.6089 4.61992e+18
7.61485 4.69541e+18
7.6208 4.77502e+18
7.62675 4.85961e+18
7.6327 4.94891e+18
7.63865 5.03445e+18
7.6446 5.11596e+18
7.65055 5.18814e+18
7.6565 5.26211e+18
7.66245 5.34277e+18
7.6684 5.44095e+18
7.67435 5.54505e+18
7.6803 5.62458e+18
7.68625 5.65746e+18
7.6922 5.64743e+18
7.69815 5.61132e+18
7.7041 5.56334e+18
7.71005 5.52213e+18
7.716 5.49472e+18
7.72195 5.49263e+18
7.7279 5.52345e+18
7.73385 5.66181e+18
7.7398 6.10344e+18
7.74575 5.90204e+18
7.7517 5.72886e+18
7.75765 5.7885e+18
7.7636 5.88283e+18
7.76955 5.92664e+18
7.7755 5.8421e+18
7.78145 5.70333e+18
7.7874 5.6087e+18
7.79335 5.55196e+18
7.7993 5.49844e+18
7.80525 5.44889e+18
7.8112 5.40269e+18
7.81715 5.34255e+18
7.8231 5.25273e+18
7.82905 5.15301e+18
7.835 5.05365e+18
7.84095 4.95886e+18
7.8469 4.86986e+18
7.85285 4.78615e+18
7.8588 4.70686e+18
7.86475 4.62706e+18
7.8707 4.54155e+18
7.87665 4.45763e+18
7.8826 4.37334e+18
7.88855 4.29132e+18
7.8945 4.21147e+18
7.90045 4.13773e+18
7.9064 4.06777e+18
7.91235 4.00255e+18
7.9183 3.94183e+18
7.92425 3.88551e+18
7.9302 3.8353e+18
7.93615 3.78918e+18
7.9421 3.74595e+18
7.94805 3.70827e+18
7.954 3.67372e+18
7.95995 3.64244e+18
7.9659 3.61445e+18
7.97185 3.58964e+18
7.9778 3.56815e+18
7.98375 3.54862e+18
7.9897 3.53049e+18
7.99565 3.5147e+18
8.0016 3.50739e+18
8.00755 3.48641e+18
8.0135 3.47403e+18
8.01945 3.46304e+18
8.0254 3.45284e+18
8.03135 3.44356e+18
8.0373 3.43571e+18
8.04325 3.42677e+18
8.0492 3.4187e+18
8.05515 3.41133e+18
8.0611 3.40395e+18
8.06705 3.39678e+18
8.073 3.38922e+18
8.07895 3.38331e+18
8.0849 3.37712e+18
8.09085 3.37095e+18
8.0968 3.36556e+18
8.10275 3.35998e+18
8.1087 3.35445e+18
8.11465 3.34869e+18
8.1206 3.34245e+18
8.12655 3.33652e+18
8.1325 3.32969e+18
8.13845 3.32286e+18
8.1444 3.31629e+18
8.15035 3.30823e+18
8.1563 3.30065e+18
8.16225 3.29213e+18
8.1682 3.28324e+18
8.17415 3.27496e+18
8.1801 3.26553e+18
8.18605 3.25731e+18
8.192 3.2478e+18
8.19795 3.23906e+18
8.2039 3.23025e+18
8.20985 3.22085e+18
8.2158 3.21153e+18
8.22175 3.20172e+18
8.2277 3.19185e+18
8.23365 3.18042e+18
8.2396 3.16958e+18
8.24555 3.1578e+18
8.2515 3.14567e+18
8.25745 3.13382e+18
8.2634 3.1218e+18
8.26935 3.10967e+18
8.2753 3.09703e+18
8.28125 3.08485e+18
8.2872 3.0722e+18
8.29315 3.0605e+18
8.2991 3.0475e+18
8.30505 3.03472e+18
8.311 3.02228e+18
8.31695 3.01044e+18
8.3229 2.99774e+18
8.32885 2.98446e+18
8.3348 2.97198e+18
8.34075 2.95847e+18
8.3467 2.94427e+18
8.35265 2.93084e+18
8.3586 2.91667e+18
8.36455 2.90261e+18
8.3705 2.88905e+18
8.37645 2.87503e+18
8.3824 2.86154e+18
8.38835 2.84735e+18
8.3943 2.83374e+18
8.40025 2.82097e+18
8.4062 2.8074e+18
8.41215 2.79437e+18
8.4181 2.78073e+18
8.42405 2.76769e+18
8.43 2.75437e+18
8.43595 2.74087e+18
8.4419 2.72818e+18
8.44785 2.71523e+18
8.4538 2.70188e+18
8.45975 2.68895e+18
8.4657 2.67585e+18
8.47165 2.66295e+18
8.4776 2.64902e+18
8.48355 2.63634e+18
8.4895 2.62371e+18
8.49545 2.61105e+18
8.5014 2.59831e+18
8.50735 2.58586e+18
8.5133 2.57356e+18
8.51925 2.56129e+18
8.5252 2.54926e+18
8.53115 2.53767e+18
8.5371 2.52563e+18
8.54305 2.51376e+18
8.549 2.502e+18
8.55495 2.49069e+18
8.5609 2.47899e+18
8.56685 2.46669e+18
8.5728 2.45557e+18
8.57875 2.44512e+18
8.5847 2.43308e+18
8.59065 2.422e+18
8.5966 2.41106e+18
8.60255 2.4005e+18
8.6085 2.38943e+18
8.61445 2.37896e+18
8.6204 2.36855e+18
8.62635 2.35782e+18
8.6323 2.34675e+18
8.63825 2.337e+18
8.6442 2.3272e+18
8.65015 2.31675e+18
8.6561 2.30667e+18
8.66205 2.29686e+18
8.668 2.28723e+18
8.67395 2.27742e+18
8.6799 2.26766e+18
8.68585 2.25856e+18
8.6918 2.24893e+18
8.69775 2.2394e+18
8.7037 2.2306e+18
8.70965 2.22123e+18
8.7156 2.21227e+18
8.72155 2.20394e+18
8.7275 2.19494e+18
8.73345 2.18619e+18
8.7394 2.17756e+18
8.74535 2.16934e+18
8.7513 2.16074e+18
8.75725 2.15293e+18
8.7632 2.14494e+18
8.76915 2.13675e+18
8.7751 2.12897e+18
8.78105 2.12102e+18
8.787 2.11295e+18
8.79295 2.10581e+18
8.7989 2.0976e+18
8.80485 2.08932e+18
8.8108 2.08247e+18
8.81675 2.07453e+18
8.8227 2.06691e+18
8.82865 2.05986e+18
8.8346 2.05251e+18
8.84055 2.04563e+18
8.8465 2.03838e+18
8.85245 2.03123e+18
8.8584 2.02451e+18
8.86435 2.01756e+18
8.8703 2.0107e+18
8.87625 2.00324e+18
8.8822 1.99596e+18
8.88815 1.98895e+18
8.8941 1.98148e+18
8.90005 1.97405e+18
8.906 1.96627e+18
8.91195 1.95797e+18
8.9179 1.95075e+18
8.92385 1.94298e+18
8.9298 1.93594e+18
8.93575 1.92845e+18
8.9417 1.92099e+18
8.94765 1.91375e+18
8.9536 1.90635e+18
8.95955 1.89948e+18
8.9655 1.89133e+18
8.97145 1.88412e+18
8.9774 1.87605e+18
8.98335 1.86778e+18
8.9893 1.85962e+18
8.99525 1.85077e+18
9.0012 1.84246e+18
9.00715 1.83324e+18
9.0131 1.82448e+18
9.01905 1.81559e+18
9.025 1.80658e+18
9.03095 1.79829e+18
9.0369 1.78962e+18
9.04285 1.78122e+18
9.0488 1.77364e+18
9.05475 1.76554e+18
9.0607 1.75809e+18
9.06665 1.75129e+18
9.0726 1.74404e+18
9.07855 1.73758e+18
9.0845 1.73122e+18
9.09045 1.72452e+18
9.0964 1.7179e+18
9.10235 1.71102e+18
9.1083 1.70403e+18
9.11425 1.69584e+18
9.1202 1.68774e+18
9.12615 1.67878e+18
9.1321 1.6693e+18
9.13805 1.66062e+18
9.144 1.652e+18
9.14995 1.6438e+18
9.1559 1.63527e+18
9.16185 1.62747e+18
9.1678 1.6191e+18
9.17375 1.61061e+18
9.1797 1.6027e+18
9.18565 1.59409e+18
9.1916 1.58596e+18
9.19755 1.57768e+18
9.2035 1.56958e+18
9.20945 1.56164e+18
9.2154 1.55342e+18
9.22135 1.54604e+18
9.2273 1.53801e+18
9.23325 1.53044e+18
9.2392 1.52349e+18
9.24515 1.51615e+18
9.2511 1.50889e+18
9.25705 1.502e+18
9.263 1.49538e+18
9.26895 1.48822e+18
9.2749 1.4816e+18
9.28085 1.47482e+18
9.2868 1.46813e+18
9.29275 1.46202e+18
9.2987 1.45542e+18
9.30465 1.44916e+18
9.3106 1.44293e+18
9.31655 1.43645e+18
9.3225 1.43079e+18
9.32845 1.42451e+18
9.3344 1.41852e+18
9.34035 1.41241e+18
9.3463 1.40639e+18
9.35225 1.40081e+18
9.3582 1.39472e+18
9.36415 1.38879e+18
9.3701 1.38304e+18
9.37605 1.37711e+18
9.382 1.37151e+18
9.38795 1.36562e+18
9.3939 1.36005e+18
9.39985 1.35429e+18
9.4058 1.34853e+18
9.41175 1.34293e+18
9.4177 1.33698e+18
9.42365 1.33149e+18
9.4296 1.32604e+18
9.43555 1.32011e+18
9.4415 1.31464e+18
9.44745 1.30931e+18
9.4534 1.30383e+18
9.45935 1.29819e+18
9.4653 1.29245e+18
9.47125 1.28724e+18
9.4772 1.2819e+18
9.48315 1.2763e+18
9.4891 1.2711e+18
9.49505 1.26552e+18
9.501 1.26008e+18
9.50695 1.25484e+18
9.5129 1.24928e+18
9.51885 1.24398e+18
9.5248 1.2385e+18
9.53075 1.23349e+18
9.5367 1.22814e+18
9.54265 1.22256e+18
9.5486 1.21744e+18
9.55455 1.21215e+18
9.5605 1.2071e+18
9.56645 1.20178e+18
9.5724 1.19665e+18
9.57835 1.19151e+18
9.5843 1.18617e+18
9.59025 1.18132e+18
9.5962 1.17613e+18
9.60215 1.17087e+18
9.6081 1.16604e+18
9.61405 1.16069e+18
9.62 1.15554e+18
9.62595 1.1507e+18
9.6319 1.14551e+18
9.63785 1.14076e+18
9.6438 1.13555e+18
9.64975 1.13046e+18
9.6557 1.12561e+18
9.66165 1.12043e+18
9.6676 1.1155e+18
9.67355 1.1108e+18
9.6795 1.10584e+18
9.68545 1.10103e+18
9.6914 1.09594e+18
9.69735 1.09115e+18
9.7033 1.08652e+18
9.70925 1.08161e+18
9.7152 1.07707e+18
9.72115 1.0721e+18
9.7271 1.06743e+18
9.73305 1.06277e+18
9.739 1.0578e+18
9.74495 1.05317e+18
9.7509 1.04884e+18
9.75685 1.04387e+18
9.7628 1.03949e+18
9.76875 1.03473e+18
9.7747 1.03007e+18
9.78065 1.02569e+18
9.7866 1.02103e+18
9.79255 1.01647e+18
9.7985 1.012e+18
9.80445 1.00743e+18
9.8104 1.00306e+18
9.81635 9.98517e+17
9.8223 9.93767e+17
9.82825 9.89586e+17
9.8342 9.85219e+17
9.84015 9.80725e+17
9.8461 9.76446e+17
9.85205 9.72006e+17
9.858 9.67939e+17
9.86395 9.63488e+17
9.8699 9.59139e+17
9.87585 9.55e+17
9.8818 9.50741e+17
9.88775 9.46411e+17
9.8937 9.42146e+17
9.89965 9.38026e+17
9.9056 9.33813e+17
9.91155 9.29848e+17
9.9175 9.25566e+17
9.92345 9.21413e+17
9.9294 9.17327e+17
9.93535 9.13185e+17
9.9413 9.09321e+17
9.94725 9.05015e+17
9.9532 9.00917e+17
9.95915 8.97052e+17
9.9651 8.931e+17
9.97105 8.89038e+17
9.977 8.85309e+17
9.98295 8.81298e+17
9.9889 8.7737e+17
9.99485 8.73556e+17
10.0008 8.69336e+17
10.0068 8.65275e+17
10.0127 8.61427e+17
10.0187 8.57805e+17
10.0246 8.54009e+17
10.0305 8.50267e+17
10.0365 8.46402e+17
10.0425 8.42412e+17
10.0484 8.38782e+17
10.0544 8.35018e+17
10.0603 8.31302e+17
10.0663 8.27399e+17
10.0722 8.23919e+17
10.0782 8.20211e+17
10.0841 8.16383e+17
10.09 8.12939e+17
10.096 8.09226e+17
10.102 8.05495e+17
10.1079 8.02081e+17
10.1139 7.98628e+17
10.1198 7.94874e+17
10.1258 7.91218e+17
10.1317 7.87719e+17
10.1377 7.8408e+17
10.1436 7.80665e+17
10.1495 7.77291e+17
10.1555 7.73849e+17
10.1615 7.70238e+17
10.1674 7.66963e+17
10.1734 7.63362e+17
10.1793 7.59984e+17
10.1852 7.56871e+17
10.1912 7.53533e+17
10.1972 7.50109e+17
10.2031 7.46833e+17
10.209 7.43524e+17
10.215 7.40208e+17
10.221 7.36831e+17
10.2269 7.33808e+17
10.2329 7.30419e+17
10.2388 7.27148e+17
10.2447 7.24147e+17
10.2507 7.20883e+17
10.2567 7.17655e+17
10.2626 7.14651e+17
10.2686 7.11187e+17
10.2745 7.07805e+17
10.2805 7.04769e+17
10.2864 7.0175e+17
10.2924 6.98513e+17
10.2983 6.95473e+17
10.3042 6.92484e+17
10.3102 6.89373e+17
10.3162 6.86209e+17
10.3221 6.8312e+17
10.3281 6.80137e+17
10.334 6.77218e+17
10.3399 6.74199e+17
10.3459 6.71259e+17
10.3519 6.68304e+17
10.3578 6.65062e+17
10.3637 6.61888e+17
10.3697 6.58983e+17
10.3757 6.56302e+17
10.3816 6.5331e+17
10.3876 6.50202e+17
10.3935 6.47541e+17
10.3994 6.44764e+17
10.4054 6.41786e+17
10.4114 6.38832e+17
10.4173 6.36226e+17
10.4233 6.33368e+17
10.4292 6.30488e+17
10.4352 6.2771e+17
10.4411 6.25152e+17
10.4471 6.22306e+17
10.453 6.19438e+17
10.4589 6.16549e+17
10.4649 6.13968e+17
10.4709 6.11215e+17
10.4768 6.08393e+17
10.4828 6.05676e+17
10.4887 6.03095e+17
10.4947 6.0045e+17
10.5006 5.97704e+17
10.5066 5.95055e+17
10.5125 5.92722e+17
10.5184 5.89969e+17
10.5244 5.87182e+17
10.5304 5.84726e+17
10.5363 5.82293e+17
10.5423 5.79641e+17
10.5482 5.76884e+17
10.5541 5.7426e+17
10.5601 5.7191e+17
10.5661 5.69247e+17
10.572 5.66656e+17
10.5779 5.6414e+17
10.5839 5.61761e+17
10.5899 5.59418e+17
10.5958 5.5685e+17
10.6018 5.5434e+17
10.6077 5.52151e+17
10.6136 5.4962e+17
10.6196 5.47144e+17
10.6256 5.44576e+17
10.6315 5.42085e+17
10.6375 5.39913e+17
10.6434 5.37384e+17
10.6494 5.34995e+17
10.6553 5.32677e+17
10.6613 5.30301e+17
10.6672 5.28037e+17
10.6731 5.25627e+17
10.6791 5.23237e+17
10.6851 5.2117e+17
10.691 5.18867e+17
10.697 5.16472e+17
10.7029 5.14125e+17
10.7088 5.11732e+17
10.7148 5.09629e+17
10.7208 5.07342e+17
10.7267 5.05041e+17
10.7326 5.02868e+17
10.7386 5.00767e+17
10.7446 4.98557e+17
10.7505 4.9625e+17
10.7565 4.94043e+17
10.7624 4.91863e+17
10.7683 4.899e+17
10.7743 4.8769e+17
10.7803 4.85353e+17
10.7862 4.83226e+17
10.7922 4.81191e+17
10.7981 4.79057e+17
10.8041 4.76857e+17
10.81 4.74681e+17
10.816 4.72618e+17
10.8219 4.70718e+17
10.8278 4.68641e+17
10.8338 4.66462e+17
10.8398 4.6438e+17
10.8457 4.62304e+17
10.8517 4.60436e+17
10.8576 4.58462e+17
10.8636 4.5629e+17
10.8695 4.54265e+17
10.8755 4.52371e+17
10.8814 4.50405e+17
10.8873 4.48299e+17
10.8933 4.46311e+17
10.8993 4.44268e+17
10.9052 4.42372e+17
10.9112 4.40619e+17
10.9171 4.38622e+17
10.923 4.36645e+17
10.929 4.345e+17
10.935 4.32552e+17
10.9409 4.3079e+17
10.9469 4.28946e+17
10.9528 4.27024e+17
10.9588 4.25107e+17
10.9647 4.23168e+17
10.9707 4.21382e+17
10.9766 4.19691e+17
10.9825 4.17688e+17
10.9885 4.15768e+17
10.9945 4.13825e+17
11.0004 4.12033e+17
11.0064 4.10301e+17
11.0123 4.08562e+17
11.0183 4.06691e+17
11.0242 4.04878e+17
11.0302 4.03024e+17
11.0361 4.01338e+17
11.042 3.99747e+17
11.048 3.97962e+17
11.054 3.96052e+17
11.0599 3.94181e+17
11.0659 3.92334e+17
11.0718 3.90683e+17
11.0777 3.89141e+17
11.0837 3.87416e+17
11.0897 3.85675e+17
11.0956 3.83869e+17
11.1015 3.82192e+17
11.1075 3.80597e+17
11.1135 3.79092e+17
11.1194 3.7729e+17
11.1254 3.75562e+17
11.1313 3.73818e+17
11.1372 3.72186e+17
11.1432 3.70628e+17
11.1492 3.69101e+17
11.1551 3.67433e+17
11.1611 3.65687e+17
11.167 3.64021e+17
11.173 3.62329e+17
11.1789 3.6084e+17
11.1849 3.59371e+17
11.1908 3.57841e+17
11.1967 3.56216e+17
11.2027 3.54611e+17
11.2087 3.52969e+17
11.2146 3.51499e+17
11.2206 3.50023e+17
11.2265 3.48478e+17
11.2325 3.46806e+17
11.2384 3.45249e+17
11.2444 3.43681e+17
11.2503 3.42253e+17
11.2562 3.40754e+17
11.2622 3.39282e+17
11.2682 3.37846e+17
11.2741 3.3634e+17
11.2801 3.34763e+17
11.286 3.33236e+17
11.2919 3.31695e+17
11.2979 3.30291e+17
11.3039 3.28915e+17
11.3098 3.27557e+17
11.3158 3.26065e+17
11.3217 3.2455e+17
11.3277 3.23031e+17
11.3336 3.21514e+17
11.3396 3.20102e+17
11.3455 3.18767e+17
11.3514 3.17417e+17
11.3574 3.16138e+17
11.3634 3.14685e+17
11.3693 3.13268e+17
11.3753 3.11829e+17
11.3812 3.10448e+17
11.3872 3.09061e+17
11.3931 3.07649e+17
11.3991 3.06314e+17
11.405 3.05044e+17
11.4109 3.03715e+17
11.4169 3.02348e+17
11.4229 3.00871e+17
11.4288 2.99612e+17
11.4348 2.98265e+17
11.4407 2.96897e+17
11.4466 2.95504e+17
11.4526 2.94147e+17
11.4586 2.92866e+17
11.4645 2.91632e+17
11.4704 2.90446e+17
11.4764 2.89128e+17
11.4824 2.8794e+17
11.4883 2.86666e+17
11.4943 2.85366e+17
11.5002 2.84032e+17
11.5061 2.8269e+17
11.5121 2.81455e+17
11.5181 2.80286e+17
11.524 2.79143e+17
11.53 2.77852e+17
11.5359 2.76655e+17
11.5419 2.75352e+17
11.5478 2.74116e+17
11.5538 2.72891e+17
11.5597 2.71671e+17
11.5656 2.70466e+17
11.5716 2.69335e+17
11.5776 2.68278e+17
11.5835 2.6703e+17
11.5895 2.65836e+17
11.5954 2.64615e+17
11.6014 2.63441e+17
11.6073 2.62298e+17
11.6133 2.61091e+17
11.6192 2.59928e+17
11.6251 2.5881e+17
11.6311 2.57695e+17
11.6371 2.56538e+17
11.643 2.5537e+17
11.649 2.54231e+17
11.6549 2.5316e+17
11.6608 2.52084e+17
11.6668 2.50953e+17
11.6728 2.49837e+17
11.6787 2.48717e+17
11.6847 2.47687e+17
11.6906 2.4665e+17
11.6966 2.45544e+17
11.7025 2.44429e+17
11.7085 2.43332e+17
11.7144 2.42295e+17
11.7203 2.412e+17
11.7263 2.40148e+17
11.7323 2.39035e+17
11.7382 2.37922e+17
11.7442 2.36965e+17
11.7501 2.35919e+17
11.7561 2.34895e+17
11.762 2.33816e+17
11.768 2.3278e+17
11.7739 2.31776e+17
11.7798 2.30678e+17
11.7858 2.29703e+17
11.7918 2.28707e+17
11.7977 2.27651e+17
11.8037 2.26628e+17
11.8096 2.25571e+17
11.8155 2.24637e+17
11.8215 2.23685e+17
11.8275 2.22707e+17
11.8334 2.21661e+17
11.8394 2.207e+17
11.8453 2.19785e+17
11.8513 2.18795e+17
11.8572 2.1785e+17
11.8632 2.16869e+17
11.8691 2.15885e+17
11.875 2.14923e+17
11.881 2.13918e+17
11.887 2.12996e+17
11.8929 2.12129e+17
11.8989 2.11242e+17
11.9048 2.10332e+17
11.9108 2.09377e+17
11.9167 2.08469e+17
11.9227 2.07585e+17
11.9286 2.06631e+17
11.9345 2.05706e+17
11.9405 2.04775e+17
11.9465 2.03864e+17
11.9524 2.02932e+17
11.9584 2.02053e+17
11.9643 2.01162e+17
11.9703 2.00246e+17
11.9762 1.99362e+17
11.9822 1.98497e+17
11.9881 1.97659e+17
11.994 1.96853e+17
